156,385,541
271,249,520
320,244,564
324,241,565
185,191,376
297,123,420
298,124,422
250,144,394
189,157,346
218,124,342
221,162,383
222,161,383
193,154,347
168,140,308
138,129,267
187,107,294
195,142,337
207,131,338
186,115,301
176,177,353
215,128,343
226,176,402
255,162,417
208,171,379
225,158,383
195,174,369
230,146,376
211,125,336
210,106,316
171,97,268
139,90,229
137,106,243
130,101,231
145,88,233
141,127,268
146,133,279
145,136,281
153,134,287
143,137,280
142,124,266
162,121,283
186,95,281
170,134,304
168,143,311
138,143,281
144,168,312
141,167,308
168,156,324
163,166,329
162,168,330
143,177,320
159,171,330
176,149,325
187,126,313
197,107,304
181,126,307
173,118,291
165,114,279
142,115,257
142,113,255
143,107,250
153,111,264
154,97,251
158,115,273
153,103,256
149,101,250
152,101,253
148,95,243
142,125,267
183,144,327
209,121,330
214,111,325
189,105,294
153,94,247
154,90,244
140,132,272
156,116,272
177,132,309
197,109,306
181,96,277
153,90,243
145,109,254
123,131,254
134,127,261
131,119,250
135,121,256
137,126,263
139,140,279
146,141,287
137,147,284
182,150,332
204,117,321
217,145,362
210,133,343
193,166,359
228,124,352
205,104,309
199,135,334
166,124,290
168,105,273
155,108,263
169,149,318
191,126,317
187,130,317
196,144,340
192,163,355
221,223,444
220,240,460
199,217,416
238,154,392
234,156,390
176,184,360
151,161,312
169,213,382
183,205,388
266,219,485
270,236,506
419,138,557
331,257,588
307,206,513
257,124,381
236,148,384
241,130,371
205,123,328
210,108,318
194,110,304
169,95,264
162,170,332
178,170,348
206,140,346
253,218,471
247,200,447
302,160,462
297,163,460
202,195,397
166,182,348
228,164,392
244,146,390
274,102,376
201,193,394
161,207,368
275,201,476
321,203,524
390,163,553
349,103,452
298,150,448
251,105,356
190,171,361
223,193,416
250,159,409
270,122,392
238,101,339
199,113,312
130,136,266
138,139,277
159,108,267
171,151,322
135,197,332
184,158,342
205,113,318
217,106,323
170,103,273
111,102,213
131,115,246
126,130,256
128,150,278
164,103,267
180,131,311
130,129,259
167,83,250
153,184,337
127,193,320
175,142,317
212,115,327
209,99,308
159,160,319
166,169,335
188,156,344
187,139,326
217,94,311
192,155,347
219,128,347
183,131,314
170,129,299
133,116,249
159,106,265
138,119,257
154,126,280
146,117,263
139,114,253
138,128,266
163,130,293
180,99,279
186,128,314
145,167,312
204,147,351
222,141,363
216,147,363
153,142,295
147,129,276
155,115,270
151,121,272
142,128,270
130,125,255
156,98,254
163,119,282
162,140,302
155,153,308
142,163,305
170,155,325
172,155,327
183,142,325
166,129,295
171,120,291
159,108,267
159,135,294
170,123,293
161,155,316
164,163,327
148,153,301
147,153,300
140,144,284
134,142,276
138,137,275
136,130,266
126,121,247
141,116,257
132,108,240
123,120,243
140,127,267
132,137,269
157,134,291
152,119,271
153,114,267
140,96,236
146,97,243
144,95,239
130,89,219
137,125,262
139,123,262
137,126,263
165,99,264
166,96,262
159,131,290
170,131,301
186,116,302
192,102,294
154,101,255
165,126,291
159,132,291
163,122,285
144,130,274
156,115,271
158,117,275
147,123,270
131,143,274
132,158,290
130,165,295
126,165,291
125,155,280
163,117,280
154,104,258
164,107,271
122,104,226
143,143,286
162,142,304
162,143,305
151,153,304
134,158,292
130,155,285
150,150,300
142,160,302
140,165,305
140,172,312
132,181,313
156,164,320
137,160,297
145,154,299
112,153,265
127,152,279
140,150,290
159,139,298
140,136,276
152,136,288
131,144,275
134,137,271
148,139,287
149,147,296
140,148,288
135,152,287
142,141,283
184,138,322
216,114,330
220,131,351
221,145,366
199,134,333
190,124,314
159,120,279
142,129,271
168,146,314
192,115,307
210,128,338
181,128,309
160,119,279
175,133,308
178,115,293
182,97,279
176,246,422
169,335,504
173,355,528
179,368,547
205,280,485
285,206,491
308,165,473
205,142,347
197,125,322
157,121,278
153,115,268
157,105,262
164,132,296
202,139,341
220,133,353
231,110,341
204,170,374
192,155,347
193,123,316
194,113,307
175,141,316
194,144,338
172,146,318
155,137,292
136,138,274
145,138,283
157,139,296
147,172,319
152,193,345
145,186,331
151,181,332
145,175,320
148,151,299
164,138,302
155,136,291
136,128,264
136,123,259
140,123,263
140,120,260
141,108,249
149,91,240
157,127,284
146,159,305
139,172,311
162,159,321
176,177,353
189,174,363
177,183,360
167,170,337
171,143,314
206,138,344
213,135,348
204,143,347
189,123,312
166,144,310
161,177,338
226,141,367
231,128,359
221,165,386
204,140,344
229,105,334
237,143,380
190,164,354
168,160,328
144,180,324
153,172,325
156,157,313
166,155,321
154,145,299
141,143,284
161,123,284
180,133,313
206,114,320
194,104,298
182,122,304
173,122,295
168,139,307
186,148,334
216,140,356
221,144,365
171,168,339
148,178,326
134,172,306
163,161,324
186,134,320
182,129,311
172,119,291
181,168,349
204,135,339
220,101,321
199,102,301
153,109,262
150,107,257
161,138,299
168,127,295
168,113,281
173,419,592
523,140,663
538,112,650
542,140,682
172,148,320
197,133,330
219,110,329
200,119,319
189,106,295
181,110,291
171,112,283
164,170,334
188,139,327
231,100,331
203,106,309
154,114,268
169,134,303
135,140,275
135,143,278
131,142,273
172,129,301
199,133,332
220,130,350
190,129,319
173,120,293
140,116,256
164,110,274
157,124,281
169,134,303
171,122,293
153,118,271
145,98,243
155,100,255
155,97,252
143,131,274
149,117,266
153,100,253
148,90,238
137,128,265
140,127,267
151,104,255
151,93,244
132,102,234
125,93,218
136,110,246
143,103,246
134,90,224
150,119,269
143,120,263
151,116,267
154,113,267
137,144,281
150,149,299
155,145,300
151,148,299
143,155,298
135,148,283
149,141,290
146,133,279
161,116,277
163,101,264
167,151,318
211,131,342
193,130,323
191,125,316
155,114,269
162,150,312
180,145,325
221,110,331
225,137,362
205,138,343
166,132,298
151,125,276
155,148,303
166,155,321
161,149,310
155,158,313
150,144,294
147,130,277
145,112,257
137,103,240
139,95,234
130,87,217
140,143,283
148,138,286
152,136,288
155,137,292
119,142,261
150,126,276
146,129,275
136,131,267
133,135,268
138,135,273
136,139,275
137,140,277
138,131,269
137,127,264
145,143,288
140,145,285
131,141,272
134,141,275
144,142,286
143,136,279
145,121,266
155,99,254
149,96,245
142,87,229
135,120,255
133,129,262
138,131,269
135,132,267
136,155,291
127,181,308
142,190,332
148,185,333
156,178,334
160,162,322
153,150,303
148,143,291
135,147,282
138,136,274
153,109,262
164,96,260
163,87,250
136,101,237
129,116,245
135,116,251
142,138,280
170,124,294
178,111,289
178,102,280
153,123,276
160,122,282
162,204,366
182,174,356
199,168,367
193,186,379
94,186,280
131,178,309
137,179,316
181,178,359
182,169,351
187,160,347
164,153,317
155,161,316
151,157,308
184,144,328
215,121,336
217,132,349
182,138,320
147,138,285
134,150,284
141,149,290
138,160,298
147,166,313
139,177,316
136,179,315
131,183,314
132,192,324
139,188,327
134,183,317
153,166,319
159,147,306
176,127,303
174,105,279
172,119,291
168,106,274
168,123,291
170,107,277
164,131,295
172,113,285
169,119,288
193,110,303
182,145,327
199,138,337
197,126,323
175,121,296
152,111,263
155,94,249
159,160,319
163,151,314
165,131,296
166,116,282
152,101,253
167,142,309
168,132,300
175,105,280
174,112,286
161,97,258
166,135,301
165,128,293
168,110,278
177,124,301
162,105,267
173,165,338
177,153,330
167,137,304
171,119,290
144,105,249
168,149,317
173,136,309
172,124,296
180,93,273
166,169,335
178,177,355
167,165,332
196,129,325
197,106,303
209,128,337
173,139,312
130,153,283
116,161,277
126,164,290
127,167,294
135,160,295
140,152,292
123,153,276
132,159,291
124,158,282
126,207,333
116,224,340
120,244,364
125,267,392
191,190,381
239,150,389
251,125,376
205,149,354
178,134,312
194,145,339
180,132,312
148,137,285
165,142,307
160,127,287
170,106,276
172,86,258
168,129,297
156,132,288
152,131,283
142,127,269
124,137,261
130,158,288
132,169,301
150,150,300
166,127,293
176,115,291
180,132,312
174,123,297
172,113,285
172,144,316
163,136,299
179,122,301
160,128,288
126,132,258
119,144,263
131,162,293
137,177,314
136,219,355
131,212,343
143,198,341
165,168,333
188,148,336
219,107,326
189,107,296
167,108,275
130,105,235
128,104,232
116,101,217
129,97,226
131,101,232
133,126,259
150,180,330
186,176,362
194,163,357
190,140,330
149,124,273
171,175,346
189,149,338
198,133,331
208,131,339
185,128,313
195,122,317
168,111,279
159,110,269
155,110,265
148,98,246
159,138,297
175,139,314
207,121,328
208,127,335
180,138,318
153,141,294
169,111,280
195,137,332
201,132,333
177,141,318
190,129,319
188,174,362
215,154,369
220,116,336
209,94,303
183,134,317
165,134,299
159,131,290
191,87,278
176,87,263
177,87,264
129,138,267
140,149,289
136,158,294
134,178,312
120,190,310
133,210,343
116,205,321
132,215,347
169,213,382
194,193,387
218,183,401
201,166,367
178,163,341
176,156,332
180,144,324
176,131,307
196,157,353
204,135,339
196,133,329
215,120,335
186,134,320
186,123,309
152,119,271
125,118,243
133,115,248
130,105,235
126,104,230
130,102,232
121,110,231
124,113,237
132,115,247
136,105,241
130,100,230
135,96,231
127,98,225
123,107,230
130,95,225
144,92,236
147,107,254
140,93,233
138,87,225
138,136,274
125,162,287
133,162,295
135,161,296
103,164,267
127,163,290
115,250,365
133,337,470
137,338,475
139,352,491
210,263,473
289,175,464
308,159,467
159,144,303
171,121,292
173,104,277
173,123,296
166,136,302
181,131,312
171,147,318
164,154,318
138,154,292
135,158,293
133,153,286
132,151,283
132,155,287
136,143,279
139,144,283
153,128,281
160,130,290
146,133,279
127,155,282
120,162,282
128,170,298
141,178,319
130,180,310
142,181,323
151,171,322
141,163,304
140,169,309
126,171,297
125,174,299
121,171,292
131,165,296
138,156,294
141,151,292
120,150,270
118,151,269
125,164,289
128,170,298
131,176,307
130,173,303
145,152,297
138,140,278
165,133,298
152,115,267
164,100,264
161,93,254
157,114,271
163,114,277
179,129,308
198,106,304
178,131,309
175,148,323
139,135,274
160,119,279
147,114,261
121,107,228
158,140,298
181,135,316
189,153,342
176,154,330
152,139,291
161,120,281
173,95,268
161,163,324
176,157,333
171,163,334
170,175,345
133,180,313
133,177,310
134,201,335
142,225,367
145,220,365
164,198,362
161,182,343
166,149,315
187,123,310
176,104,280
167,101,268
153,151,304
170,143,313
177,132,309
187,114,301
171,133,304
161,149,310
165,133,298
153,137,290
167,109,276
178,111,289
177,113,290
145,105,250
171,128,299
167,116,283
174,101,275
177,111,288
167,116,283
182,156,338
198,124,322
205,141,346
205,127,332
151,123,274
183,120,303
157,109,266
178,106,284
151,92,243
143,259,402
310,142,452
344,153,497
387,135,522
253,137,390
214,121,335
179,112,291
163,137,300
156,144,300
154,137,291
166,130,296
184,124,308
199,118,317
176,108,284
163,98,261
153,123,276
153,131,284
148,116,264
164,119,283
173,110,283
172,101,273
158,134,292
140,148,288
164,137,301
158,137,295
160,119,279
175,129,304
193,134,327
181,139,320
155,131,286
135,124,259
129,113,242
130,109,239
142,99,241
129,90,219
147,78,225
127,121,248
141,121,262
139,128,267
168,134,302
183,117,300
185,107,292
154,160,314
162,166,328
164,168,332
171,159,330
155,157,312
139,164,303
141,162,303
136,160,296
137,167,304
153,163,316
161,159,320
151,163,314
140,176,316
158,187,345
198,170,368
194,182,376
209,156,365
237,158,395
235,128,363
229,105,334
203,147,350
165,132,297
169,126,295
169,171,340
175,160,335
217,129,346
211,150,361
180,155,335
165,160,325
157,159,316
160,150,310
169,132,301
166,124,290
157,123,280
138,109,247
145,105,250
145,141,286
151,127,278
165,107,272
185,127,312
164,116,280
163,104,267
157,110,267
156,131,287
168,124,292
158,121,279
153,114,267
150,108,258
156,102,258
151,114,265
135,114,249
144,157,301
179,142,321
170,126,296
181,129,310
145,127,272
153,124,277
181,98,279
182,124,306
179,127,306
153,122,275
152,133,285
156,119,275
149,113,262
154,114,268
143,117,260
139,117,256
143,108,251
121,132,253
143,137,280
145,128,273
180,118,298
186,113,299
213,119,332
193,129,322
201,103,304
184,93,277
153,120,273
133,110,243
141,124,265
143,143,286
156,142,298
191,133,324
206,122,328
162,136,298
150,147,297
134,146,280
134,155,289
134,169,303
135,166,301
148,162,310
154,146,300
154,169,323
149,170,319
133,166,299
144,158,302
154,175,329
154,173,327
142,163,305
137,152,289
126,142,268
142,129,271
146,130,276
135,128,263
134,115,249
136,105,241
135,95,230
134,90,224
130,129,259
139,132,271
148,134,282
148,132,280
145,118,263
146,109,255
136,105,241
137,97,234
138,89,227
133,127,260
140,124,264
142,118,260
152,107,259
135,108,243
141,113,254
131,112,243
129,116,245
133,118,251
133,110,243
142,107,249
139,100,239
137,106,243
130,105,235
126,101,227
140,97,237
138,92,230
147,107,254
145,110,255
145,110,255
142,107,249
137,136,273
161,120,281
185,121,306
179,110,289
167,104,271
157,86,243
152,115,267
157,119,276
151,127,278
160,106,266
161,109,270
156,98,254
140,97,237
159,104,263
152,96,248
157,136,293
143,131,274
159,115,274
164,147,311
176,114,290
188,98,286
175,102,277
148,112,260
159,105,264
150,98,248
155,117,272
156,114,270
158,101,259
154,105,259
157,101,258
164,120,284
151,129,280
184,101,285
185,99,284
172,93,265
131,103,234
125,107,232
120,109,229
122,115,237
117,113,230
122,122,244
120,118,238
120,121,241
123,116,239
136,103,239
143,100,243
154,93,247
152,91,243
133,98,231
132,115,247
123,123,246
133,103,236
139,100,239
132,97,229
129,92,221
129,96,225
130,153,283
146,130,276
169,112,281
181,106,287
166,95,261
173,110,283
165,123,288
185,132,317
193,126,319
178,112,290
152,103,255
137,124,261
161,132,293
183,127,310
174,143,317
156,141,297
147,142,289
129,160,289
146,164,310
138,166,304
135,168,303
131,167,298
122,165,287
141,160,301
143,148,291
144,139,283
162,111,273
184,123,307
180,118,298
177,108,285
156,130,286
159,132,291
162,126,288
154,115,269
155,102,257
160,113,273
159,127,286
160,151,311
162,160,322
170,156,326
172,150,322
144,156,300
137,151,288
136,147,283
153,135,288
165,126,291
167,151,318
153,160,313
145,159,304
153,136,289
167,112,279
168,115,283
172,98,270
174,95,269
163,97,260
142,99,241
126,121,247
147,102,249
151,127,278
191,130,321
203,108,311
217,116,333
193,134,327
167,121,288
169,124,293
205,170,375
201,143,344
199,135,334
170,124,294
127,135,262
128,138,266
132,129,261
126,129,255
122,138,260
122,138,260
112,138,250
128,141,269
127,144,271
129,144,273
124,147,271
140,155,295
137,166,303
137,169,306
137,164,301
136,172,308
139,170,309
140,163,303
148,161,309
137,172,309
130,181,311
119,181,300
121,175,296
145,156,301
156,136,292
172,128,300
169,133,302
158,461,619
157,467,624
159,452,611
411,193,604
425,173,598
346,183,529
149,186,335
132,179,311
135,183,318
148,175,323
168,154,322
169,147,316
164,141,305
146,139,285
153,132,285
149,155,304
182,129,311
176,143,319
184,152,336
157,165,322
160,170,330
156,176,332
153,167,320
154,158,312
154,137,291
169,126,295
170,117,287
156,111,267
141,116,257
133,119,252
137,121,258
135,137,272
134,145,279
145,146,291
179,124,303
190,124,314
212,170,382
224,133,357
253,127,380
233,112,345
198,138,336
169,124,293
166,108,274
173,114,287
160,101,261
167,122,289
163,104,267
163,109,272
167,91,258
156,109,265
160,101,261
147,130,277
169,107,276
172,98,270
173,108,281
154,97,251
157,131,288
153,139,292
190,141,331
214,106,320
214,114,328
193,105,298
151,133,284
163,123,286
173,106,279
172,103,275
174,132,306
172,115,287
175,108,283
162,102,264
137,96,233
140,103,243
147,106,253
145,116,261
149,144,293
123,172,295
123,172,295
131,164,295
154,152,306
145,150,295
136,149,285
122,150,272
121,161,282
121,160,281
123,158,281
125,156,281
132,149,281
128,167,295
126,202,328
126,211,337
129,221,350
168,192,360
175,176,351
193,190,383
159,202,361
139,193,332
131,185,316
157,155,312
175,130,305
160,115,275
174,132,306
181,113,294
179,103,282
170,101,271
145,100,245
150,106,256
149,132,281
153,141,294
161,145,306
164,150,314
165,153,318
169,153,322
172,156,328
178,149,327
177,155,332
182,153,335
176,157,333
174,177,351
146,168,314
164,187,351
156,186,342
157,181,338
174,155,329
180,143,323
182,131,313
188,106,294
194,117,311
185,145,330
163,153,316
170,125,295
194,192,386
274,214,488
336,145,481
354,139,493
290,108,398
223,142,365
188,143,331
173,131,304
166,123,289
156,114,270
167,173,340
189,156,345
240,121,361
251,150,401
230,139,369
194,122,316
172,110,282
169,100,269
169,109,278
165,107,272
164,134,298
168,126,294
164,118,282
166,109,275
152,108,260
157,105,262
154,100,254
152,100,252
149,100,249
149,101,250
148,101,249
146,99,245
147,100,247
147,101,248
144,106,250
144,109,253
148,104,252
154,98,252
152,99,251
145,99,244
147,114,261
146,122,268
149,127,276
140,133,273
134,143,277
143,134,277
158,115,273
168,102,270
173,150,323
195,127,322
225,127,352
236,111,347
199,125,324
186,114,300
159,98,257
164,123,287
163,115,278
159,126,285
159,154,313
147,171,318
189,142,331
203,123,326
200,131,331
167,129,296
139,128,267
163,128,291
161,123,284
157,121,278
134,108,242
138,96,234
141,91,232
139,173,312
139,225,364
149,219,368
206,146,352
211,116,327
219,106,325
141,140,281
131,143,274
123,143,266
164,109,273
171,108,279
155,110,265
137,107,244
135,143,278
127,181,308
124,190,314
192,132,324
207,114,321
173,154,327
136,152,288
183,112,295
186,143,329
188,137,325
176,94,270
182,88,270
180,156,336
134,174,308
170,167,337
167,169,336
156,161,317
130,154,284
140,147,287
141,162,303
153,155,308
166,135,301
176,100,276
178,96,274
145,97,242
130,137,267
145,294,439
272,156,428
310,106,416
305,95,400
131,157,288
198,153,351
199,146,345
241,241,482
225,201,426
325,120,445
295,101,396
247,225,472
171,213,384
254,162,416
259,149,408
220,107,327
194,178,372
210,158,368
200,119,319
199,130,329
155,133,288
120,168,288
121,173,294
116,184,300
152,158,310
168,160,328
170,167,337
130,199,329
115,198,313
119,192,311
188,121,309
205,93,298
224,197,421
239,125,364
238,126,364
260,109,369
193,135,328
203,106,309
160,98,258
169,156,325
148,184,332
225,112,337
216,143,359
154,141,295
123,167,290
191,160,351
218,169,387
202,191,393
160,185,345
177,184,361
161,184,345
166,215,381
159,229,388
142,226,368
151,257,408
175,233,408
179,231,410
212,228,440
184,255,439
185,239,424
134,286,420
233,204,437
271,148,419
292,140,432
216,169,385
141,180,321
208,230,438
264,162,426
308,115,423
261,178,439
170,177,347
207,142,349
192,186,378
158,186,344
139,179,318
177,135,312
183,131,314
137,119,256
140,137,277
138,128,266
184,153,337
172,162,334
221,133,354
179,130,309
163,138,301
135,199,334
129,195,324
138,203,341
176,168,344
181,161,342
186,137,323
165,113,278
166,102,268
167,185,352
195,167,362
218,190,408
193,190,383
132,222,354
169,169,338
178,156,334
161,108,269
159,104,263
132,100,232
132,95,227
135,132,267
140,172,312
176,166,342
211,163,374
278,220,498
345,128,473
312,120,432
249,142,391
143,212,355
123,211,334
133,222,355
181,183,364
219,181,400
223,176,399
173,196,369
178,158,336
170,161,331
136,164,300
162,141,303
168,145,313
171,140,311
140,156,296
137,180,317
163,146,309
216,122,338
219,143,362
202,142,344
155,128,283
154,121,275
179,106,285
178,159,337
181,163,344
201,151,352
190,159,349
191,145,336
165,124,289
173,110,283
175,176,351
175,184,359
199,215,414
191,236,427
170,253,423
152,261,413
181,282,463
192,306,498
222,271,493
248,213,461
274,210,484
246,241,487
186,248,434
173,252,425
202,203,405
214,177,391
235,142,377
210,141,351
215,112,327
199,118,317
193,122,315
135,131,266
133,118,251
142,127,269
139,139,278
139,180,319
152,160,312
159,172,331
178,173,351
193,147,340
208,85,293
208,113,321
165,118,283
133,154,287
134,154,288
158,199,357
191,180,371
192,172,364
197,138,335
179,167,346
133,176,309
120,171,291
132,175,307
142,218,360
132,220,352
130,228,358
160,188,348
184,193,377
187,230,417
136,230,366
129,230,359
201,164,365
223,168,391
242,155,397
168,191,359
154,187,341
123,190,313
136,170,306
161,143,304
164,150,314
128,147,275
122,139,261
127,171,298
119,172,291
120,166,286
184,100,284
208,288,496
225,396,621
208,414,622
229,393,622
293,267,560
308,246,554
290,220,510
227,181,408
183,193,376
214,190,404
281,99,380
269,144,413
259,127,386
191,94,285
167,129,296
131,160,291
165,147,312
212,113,325
213,114,327
125,110,235
125,108,233
128,113,241
134,108,242
134,122,256
138,113,251
148,136,284
141,128,269
169,193,362
177,187,364
235,129,364
208,102,310
184,102,286
127,137,264
135,139,274
165,106,271
161,113,274
175,127,302
145,174,319
173,151,324
187,142,329
172,111,283
181,92,273
181,200,381
158,208,366
181,190,371
233,227,460
215,235,450
178,245,423
188,198,386
204,209,413
204,214,418
112,257,369
190,203,393
220,172,392
250,147,397
194,152,346
170,154,324
153,145,298
152,143,295
148,166,314
136,168,304
130,166,296
126,170,296
126,166,292
116,165,281
120,171,291
132,152,284
139,153,292
138,149,287
134,143,277
121,143,264
127,144,271
126,140,266
127,148,275
122,142,264
127,143,270
124,140,264
123,142,265
104,154,258
116,160,276
124,159,283
140,147,287
150,135,285
138,131,269
115,129,244
126,130,256
126,131,257
120,131,251
130,132,262
146,118,264
146,110,256
143,104,247
125,102,227
123,103,226
122,100,222
130,93,223
124,87,211
132,84,216
122,86,208
123,84,207
116,109,225
129,130,259
133,148,281
139,158,297
134,171,305
129,180,309
123,193,316
133,180,313
136,176,312
146,145,291
196,143,339
225,133,358
234,137,371
211,139,350
183,143,326
166,146,312
147,139,286
194,151,345
207,146,353
216,124,340
167,104,271
143,95,238
145,120,265
148,116,264
150,118,268
152,142,294
185,126,311
184,124,308
176,132,308
140,145,285
175,108,283
173,94,267
177,133,310
141,157,298
151,160,311
154,138,292
161,124,285
166,99,265
161,118,279
160,112,272
153,108,261
157,96,253
151,128,279
143,131,274
137,245,382
333,141,474
323,146,469
343,134,477
149,131,280
133,157,290
135,165,300
128,167,295
150,151,301
171,135,306
176,114,290
164,118,282
140,120,260
130,147,277
131,183,314
125,192,317
129,201,330
144,216,360
140,216,356
145,192,337
184,189,373
206,171,377
195,155,350
184,141,325
178,121,299
198,143,341
202,119,321
204,109,313
183,128,311
165,122,287
172,107,279
164,133,297
165,133,298
169,154,323
178,148,326
192,121,313
207,109,316
188,114,302
162,124,286
136,129,265
132,133,265
135,135,270
139,135,274
135,137,272
140,137,277
140,185,325
138,201,339
141,193,334
145,181,326
152,165,317
170,134,304
177,113,290
174,103,277
165,87,252
153,118,271
151,111,262
145,106,251
149,94,243
139,115,254
150,100,250
144,94,238
146,106,252
141,97,238
145,96,241
145,80,225
142,132,274
147,131,278
147,115,262
156,98,254
145,92,237
154,110,264
147,107,254
144,104,248
146,91,237
140,115,255
148,107,255
141,102,243
145,91,236
135,90,225
144,115,259
144,109,253
144,96,240
141,122,263
140,111,251
149,93,242
148,118,266
137,116,253
148,106,254
153,101,254
158,140,298
145,141,286
159,161,320
150,174,324
154,169,323
155,173,328
153,161,314
147,159,306
149,148,297
146,132,278
129,123,252
143,114,257
131,104,235
139,92,231
133,82,215
134,133,267
129,159,288
146,168,314
145,167,312
134,176,310
158,198,356
155,201,356
140,206,346
128,204,332
171,168,339
215,136,351
213,137,350
165,141,306
146,135,281
138,141,279
132,153,285
124,158,282
131,164,295
127,165,292
123,169,292
124,171,295
148,157,305
137,166,303
139,174,313
123,198,321
123,202,325
138,182,320
142,176,318
204,101,305
204,100,304
192,99,291
138,84,222
139,78,217
117,107,224
122,132,254
109,148,257
120,178,298
144,178,322
149,211,360
147,217,364
115,213,328
146,183,329
182,136,318
193,189,382
218,165,383
190,157,347
180,183,363
143,167,310
207,145,352
195,146,341
162,143,305
136,138,274
127,143,270
125,166,291
95,176,271
114,196,310
116,192,308
137,171,308
135,163,298
154,151,305
132,153,285
127,157,284
123,155,278
117,161,278
118,157,275
118,157,275
120,152,272
120,154,274
116,158,274
117,169,286
98,177,275
115,181,296
123,187,310
138,166,304
104,234,338
127,236,363
186,168,354
202,145,347
208,134,342
138,102,240
177,116,293
166,135,301
144,155,299
133,151,284
123,167,290
114,166,280
145,182,327
151,174,325
151,177,328
147,164,311
162,178,340
170,159,329
178,163,341
166,157,323
143,143,286
127,125,252
160,104,264
136,102,238
133,92,225
135,115,250
143,104,247
142,101,243
137,118,255
126,123,249
125,131,256
158,140,298
181,122,303
182,165,347
212,123,335
191,113,304
168,175,343
160,165,325
215,132,347
217,127,344
177,121,298
194,98,292
163,102,265
150,107,257
132,169,301
168,157,325
165,163,328
146,172,318
103,174,277
125,176,301
107,190,297
121,179,300
148,168,316
143,190,333
179,149,328
176,149,325
169,170,339
141,168,309
160,143,303
154,136,290
157,146,303
136,154,290
121,148,269
123,142,265
156,97,253
173,116,289
158,134,292
131,136,267
124,139,263
116,146,262
94,137,231
125,133,258
122,138,260
115,132,247
103,126,229
119,130,249
110,126,236
117,126,243
109,130,239
122,130,252
110,126,236
112,132,244
103,132,235
132,129,261
123,141,264
117,147,264
121,157,278
119,165,284
137,165,302
150,181,331
177,167,344
170,158,328
208,149,357
224,132,356
228,142,370
193,135,328
161,128,289
169,114,283
191,182,373
177,178,355
177,167,344
148,167,315
131,164,295
77,164,241
120,150,270
133,160,293
139,161,300
125,158,283
172,104,276
179,102,281
166,118,284
163,118,281
164,161,325
189,140,329
175,142,317
159,133,292
103,124,227
168,90,258
158,145,303
182,128,310
179,109,288
182,94,276
168,177,345
159,163,322
150,181,331
127,197,324
75,201,276
124,176,300
157,160,317
126,149,275
153,123,276
164,100,264
178,147,325
171,283,454
159,286,445
121,293,414
179,261,440
271,164,435
268,131,399
268,157,425
213,136,349
194,121,315
178,100,278
134,110,244
146,123,269
116,133,249
99,140,239
119,168,287
126,178,304
115,230,345
122,233,355
132,233,365
128,226,354
225,140,365
264,123,387
230,146,376
147,162,309
114,187,301
127,220,347
124,245,369
143,231,374
159,221,380
179,176,355
202,142,344
211,117,328
188,104,292
176,115,291
163,104,267
138,87,225
152,112,264
150,140,290
146,125,271
142,122,264
149,165,314
191,104,295
150,97,247
180,97,277
118,96,214
95,96,191
126,89,215
106,91,197
126,89,215
109,94,203
122,102,224
121,117,238
127,111,238
122,116,238
143,104,247
135,101,236
142,102,244
120,97,217
129,106,235
137,108,245
133,112,245
135,110,245
112,101,213
130,98,228
102,91,193
129,100,229
114,104,218
121,99,220
133,97,230
114,99,213
121,101,222
114,94,208
133,92,225
123,86,209
124,100,224
121,105,226
106,101,207
132,95,227
121,94,215
119,84,203
132,86,218
99,82,181
125,122,247
117,128,245
136,116,252
129,121,250
129,119,248
128,111,239
141,98,239
140,93,233
133,93,226
93,94,187
124,90,214
112,89,201
131,96,227
118,94,212
133,97,230
126,97,223
120,104,224
120,104,224
115,101,216
122,105,227
112,101,213
124,98,222
114,99,213
107,88,195
129,87,216
129,118,247
132,120,252
131,144,275
127,166,293
119,178,297
130,178,308
130,173,303
139,157,296
127,154,281
135,153,288
124,147,271
122,143,265
123,138,261
117,131,248
123,126,249
122,120,242
120,121,241
121,114,235
121,112,233
118,108,226
120,102,222
118,95,213
123,96,219
116,97,213
121,93,214
119,91,210
119,86,205
122,103,225
134,99,233
132,99,231
135,88,223
125,87,212
129,97,226
122,98,220
121,98,219
122,94,216
126,90,216
125,89,214
124,83,207
125,115,240
128,124,252
123,142,265
123,168,291
114,189,303
106,195,301
140,246,386
277,136,413
292,125,417
285,107,392
178,138,316
203,116,319
211,101,312
196,96,292
154,95,249
145,101,246
139,104,243
139,106,245
143,102,245
137,102,239
148,97,245
138,120,258
145,115,260
146,116,262
146,113,259
139,112,251
131,121,252
125,135,260
122,139,261
128,136,264
134,151,285
133,152,285
134,152,286
135,143,278
134,128,262
130,118,248
138,112,250
132,100,232
127,94,221
129,88,217
123,94,217
124,85,209
136,93,229
136,118,254
154,102,256
154,93,247
157,86,243
147,123,270
156,113,269
169,99,268
173,105,278
157,104,261
149,106,255
153,123,276
154,120,274
156,108,264
151,102,253
141,91,232
145,112,257
147,102,249
157,80,237
136,125,261
148,127,275
144,116,260
151,103,254
142,94,236
138,84,222
139,115,254
135,123,258
143,132,275
155,118,273
158,105,263
153,97,250
142,90,232
141,104,245
138,119,257
136,112,248
137,110,247
137,108,245
117,104,221
121,113,234
133,105,238
131,111,242
162,115,277
158,126,284
167,117,284
146,119,265
134,132,266
118,140,258
116,135,251
139,112,251
146,108,254
132,104,236
129,99,228
120,96,216
119,91,210
122,85,207
121,85,206
109,84,193
120,81,201
117,95,212
124,102,226
118,114,232
125,114,239
123,109,232
121,104,225
123,109,232
120,106,226
124,99,223
120,93,213
118,93,211
115,88,203
125,87,212
124,85,209
128,111,239
132,112,244
128,108,236
117,103,220
123,100,223
127,105,232
131,98,229
126,113,239
126,117,243
115,120,235
125,114,239
123,111,234
127,104,231
121,99,220
118,90,208
125,88,213
118,85,203
123,81,204
122,90,212
116,91,207
120,92,212
121,94,215
117,88,205
122,88,210
120,90,210
122,85,207
127,90,217
130,102,232
135,153,288
157,153,310
178,167,345
183,194,377
178,210,388
161,202,363
169,210,379
143,203,346
188,198,386
204,197,401
207,184,391
167,199,366
147,201,348
151,180,331
192,152,344
186,130,316
175,127,302
181,130,311
194,139,333
217,128,345
199,114,313
178,102,280
151,86,237
153,96,249
147,85,232
132,123,255
138,133,271
130,133,263
131,130,261
112,116,228
141,108,249
147,122,269
150,119,269
144,125,269
137,127,264
134,124,258
131,120,251
126,106,232
130,98,228
139,88,227
138,80,218
139,94,233
129,102,231
142,121,263
161,105,266
185,102,287
165,121,286
145,126,271
127,129,256
119,125,244
124,121,245
127,113,240
129,107,236
123,102,225
120,102,222
122,98,220
118,91,209
120,86,206
119,85,204
120,82,202
121,115,236
115,129,244
119,134,253
127,157,284
121,163,284
130,157,287
161,114,275
187,96,283
191,114,305
169,109,278
148,103,251
145,97,242
135,104,239
161,103,264
162,95,257
162,103,265
131,145,276
185,92,277
188,94,282
195,88,283
130,100,230
132,90,222
139,93,232
141,98,239
141,94,235
132,90,222
135,105,240
140,104,244
139,108,247
143,106,249
140,98,238
142,88,230
148,105,253
141,97,238
140,86,226
142,91,233
135,91,226
129,80,209
128,95,223
132,88,220
133,104,237
141,95,236
143,85,228
142,91,233
134,86,220
138,92,230
129,86,215
129,105,234
129,96,225
134,85,219
137,106,243
154,102,256
159,95,254
158,92,250
132,130,262
155,113,268
170,90,260
172,103,275
152,106,258
132,110,242
136,119,255
136,106,242
135,100,235
123,95,218
129,91,220
142,81,223
143,108,251
130,106,236
129,118,247
125,121,246
124,113,237
133,102,235
130,98,228
133,92,225
131,92,223
120,92,212
117,92,209
126,104,230
133,96,229
138,97,235
141,114,255
149,118,267
170,101,271
170,98,268
153,101,254
136,98,234
135,99,234
138,100,238
138,100,238
137,100,237
140,100,240
138,99,237
137,101,238
138,98,236
138,113,251
138,116,254
138,119,257
136,123,259
135,127,262
132,132,264
133,128,261
133,219,352
135,312,447
142,314,456
143,314,457
269,228,497
293,211,504
303,187,490
212,158,370
196,147,343
171,147,318
148,149,297
136,145,281
137,145,282
138,145,283
137,146,283
137,144,281
136,144,280
136,145,281
135,146,281
136,144,280
136,144,280
136,149,285
135,150,285
135,150,285
135,147,282
136,151,287
133,150,283
136,148,284
137,146,283
137,148,285
135,147,282
134,149,283
133,151,284
135,151,286
136,149,285
137,150,287
138,147,285
138,147,285
136,147,283
136,144,280
134,148,282
134,152,286
133,156,289
136,181,317
138,175,313
187,118,305
206,88,294
208,117,325
158,104,262
138,91,229
143,164,307
143,174,317
135,185,320
143,170,313
91,153,244
142,117,259
185,82,267
182,137,319
155,142,297
113,135,248
127,135,262
114,144,258
130,140,270
112,127,239
151,110,261
177,164,341
197,145,342
194,159,353
186,141,327
150,121,271
184,100,284
188,158,346
160,158,318
132,153,285
132,140,272
85,137,222
123,157,280
143,177,320
165,180,345
160,180,340
156,209,365
144,196,340
135,197,332
133,188,321
166,166,332
148,164,312
201,154,355
168,161,329
164,166,330
152,154,306
159,137,296
156,121,277
164,92,256
164,132,296
160,119,279
160,115,275
171,102,273
157,94,251
145,113,258
148,116,264
149,105,254
151,100,251
156,125,281
163,116,279
147,101,248
161,96,257
153,134,287
134,124,258
148,107,255
164,89,253
158,118,276
148,109,257
148,107,255
151,127,278
156,112,268
173,100,273
166,95,261
145,100,245
151,128,279
170,120,290
177,105,282
178,99,277
161,116,277
159,103,262
153,106,259
151,100,251
133,128,261
154,125,279
138,126,264
136,137,273
122,139,261
116,136,252
129,130,259
132,118,250
134,115,249
134,117,251
125,113,238
129,117,246
124,147,271
138,139,277
150,143,293
152,172,324
153,166,319
151,182,333
146,187,333
153,175,328
190,147,337
204,142,346
203,138,341
179,123,302
174,115,289
166,152,318
162,151,313
155,140,295
145,129,274
131,119,250
137,115,252
131,108,239
121,109,230
117,113,230
126,121,247
126,128,254
126,122,248
129,113,242
131,105,236
118,111,229
130,109,239
124,106,230
118,109,227
122,108,230
109,110,219
121,182,303
246,126,372
275,133,408
305,149,454
252,110,362
234,123,357
227,134,361
188,111,299
176,101,277
161,122,283
178,142,320
177,148,325
196,148,344
173,147,320
156,145,301
147,150,297
129,144,273
133,144,277
137,145,282
139,160,299
164,126,290
182,109,291
177,111,288
136,106,242
160,86,246
151,85,236
112,85,197
117,85,202
122,100,222
120,95,215
124,93,217
124,99,223
114,120,234
126,136,262
131,154,285
132,154,286
128,149,277
131,138,269
127,126,253
133,128,261
133,121,254
131,110,241
162,109,271
172,98,270
171,89,260
146,102,248
139,95,234
129,135,264
168,104,272
178,100,278
178,94,272
148,116,264
154,103,257
155,93,248
149,111,260
148,103,251
148,95,243
148,111,259
150,122,272
166,91,257
168,85,253
153,84,237
109,98,207
125,129,254
152,127,279
155,135,290
137,143,280
118,153,271
126,160,286
129,169,298
131,177,308
126,187,313
127,189,316
147,175,322
147,183,330
146,185,331
135,184,319
137,189,326
147,181,328
147,179,326
145,186,331
142,177,319
134,171,305
149,155,304
152,135,287
160,120,280
166,99,265
168,172,340
185,146,331
176,134,310
166,124,290
125,93,218
171,107,278
179,156,335
184,157,341
170,182,352
165,190,355
145,189,334
214,123,337
214,117,331
208,117,325
145,136,281
125,142,267
119,141,260
124,134,258
132,133,265
119,129,248
115,128,243
120,121,241
128,125,253
131,123,254
126,137,263
116,150,266
126,161,287
131,161,292
152,152,304
149,156,305
140,172,312
130,176,306
117,185,302
123,185,308
152,160,312
162,145,307
196,110,306
147,105,252
163,99,262
116,98,214
117,93,210
123,89,212
116,94,210
126,101,227
106,117,223
139,111,250
145,105,250
142,96,238
150,103,253
132,111,243
124,114,238
123,108,231
125,104,229
122,109,231
127,109,236
128,114,242
124,115,239
120,122,242
120,121,241
116,125,241
126,125,251
119,123,242
117,133,250
127,142,269
112,165,277
124,162,286
136,162,298
133,180,313
144,188,332
141,199,340
142,194,336
143,177,320
146,169,315
146,155,301
151,143,294
141,147,288
133,161,294
111,172,283
121,166,287
118,163,281
106,167,273
121,145,266
177,105,282
184,101,285
175,114,289
171,135,306
176,129,305
173,122,295
165,133,298
185,119,304
178,134,312
153,135,288
144,117,261
158,104,262
149,128,277
179,106,285
173,94,267
166,126,292
143,143,286
135,138,273
137,128,265
128,120,248
130,104,234
133,100,233
121,102,223
127,102,229
142,114,256
149,121,270
150,126,276
136,119,255
123,115,238
125,117,242
125,122,247
120,124,244
121,129,250
122,156,278
128,170,298
129,179,308
140,184,324
142,193,335
127,199,326
127,195,322
150,161,311
161,158,319
167,158,325
135,155,290
133,142,275
173,109,282
184,99,283
196,117,313
172,117,289
151,111,262
131,103,234
145,108,253
133,109,242
135,105,240
128,94,222
132,92,224
150,88,238
144,95,239
132,88,220
137,107,244
138,103,241
153,128,281
156,125,281
161,124,285
131,132,263
126,135,261
123,131,254
132,136,268
137,147,284
132,162,294
126,164,290
128,164,292
136,194,330
135,216,351
134,219,353
135,206,341
177,164,341
176,190,366
173,202,375
134,198,332
117,194,311
167,151,318
170,145,315
170,165,335
133,174,307
118,180,298
123,181,304
133,161,294
155,145,300
136,133,269
161,120,281
155,108,263
146,94,240
153,94,247
154,96,250
128,87,215
126,143,269
134,139,273
138,140,278
124,144,268
106,150,256
129,140,269
150,137,287
162,133,295
147,212,359
120,295,415
91,312,403
119,324,443
206,229,435
261,186,447
277,178,455
157,174,331
137,169,306
139,162,301
135,162,297
132,161,293
124,165,289
122,164,286
120,175,295
119,182,301
115,191,306
126,196,322
130,187,317
140,178,318
195,113,308
218,142,360
233,149,382
174,136,310
184,131,315
187,145,332
195,128,323
205,123,328
199,201,400
214,170,384
185,184,369
177,176,353
99,173,272
195,137,332
202,131,333
239,112,351
199,119,318
185,106,291
159,95,254
142,89,231
127,135,262
114,134,248
147,140,287
138,143,281
115,146,261
141,136,277
138,128,266
132,119,251
134,109,243
138,108,246
103,124,227
126,134,260
126,136,262
121,146,267
128,154,282
127,152,279
127,147,274
126,148,274
121,132,253
138,129,267
152,132,284
164,110,274
188,150,338
200,112,312
178,97,275
173,90,263
131,79,210
108,166,274
169,108,277
213,162,375
229,149,378
167,139,306
150,127,277
106,111,217
168,128,296
188,119,307
190,130,320
158,129,287
134,123,257
113,108,221
151,110,261
157,111,268
140,119,259
121,118,239
109,116,225
127,109,236
114,111,225
127,110,237
102,116,218
126,121,247
132,138,270
134,132,266
125,129,254
134,110,244
149,95,244
133,90,223
132,115,247
136,138,274
124,158,282
136,166,302
128,179,307
130,166,296
127,153,280
178,111,289
178,102,280
189,123,312
169,117,286
159,111,270
138,123,261
139,129,268
134,132,266
137,129,266
136,117,253
136,130,266
177,155,332
205,122,327
201,146,347
205,147,352
176,142,318
192,132,324
160,127,287
145,142,287
101,143,244
129,154,283
107,170,277
113,172,285
121,183,304
120,183,303
137,174,311
153,156,309
152,133,285
162,112,274
178,132,310
176,104,280
166,108,274
168,90,258
147,145,292
170,108,278
197,108,305
191,106,297
160,106,266
144,105,249
137,117,254
147,111,258
162,119,281
146,134,280
127,139,266
133,168,301
115,204,319
120,193,313
129,188,317
128,190,318
201,105,306
237,110,347
242,97,339
161,87,248
145,109,254
135,100,235
126,87,213
139,133,272
145,115,260
137,120,257
137,125,262
141,104,245
150,98,248
125,94,219
122,90,212
122,91,213
119,87,206
119,92,211
108,87,195
121,87,208
119,81,200
110,76,186
124,112,236
120,117,237
133,126,259
144,143,287
160,262,422
286,137,423
273,121,394
295,97,392
162,104,266
168,90,258
148,133,281
156,108,264
144,104,248
142,101,243
113,98,211
94,96,190
129,95,224
123,102,225
126,100,226
125,101,226
121,103,224
102,101,203
123,98,221
103,91,194
123,90,213
122,94,216
113,90,203
102,90,192
122,86,208
110,89,199
121,86,207
119,89,208
119,94,213
108,87,195
129,83,212
131,101,232
122,107,229
115,104,219
125,98,223
118,90,208
122,87,209
121,100,221
124,90,214
131,89,220
120,91,211
121,88,209
128,81,209
135,94,229
128,93,221
126,86,212
121,81,202
119,77,196
125,89,214
121,85,206
121,78,199
128,90,218
123,86,209
112,84,196
125,82,207
122,84,206
117,101,218
133,107,240
136,122,258
133,123,256
130,108,238
138,102,240
128,99,227
133,90,223
135,88,223
139,83,222
131,82,213
132,105,237
124,110,234
128,104,232
129,106,235
122,103,225
127,100,227
127,95,222
130,89,219
130,86,216
134,81,215
132,98,230
131,97,228
129,92,221
128,88,216
125,91,216
124,92,216
130,85,215
133,82,215
135,103,238
130,101,231
143,102,245
148,96,244
133,89,222
129,88,217
125,88,213
127,101,228
132,94,226
136,88,224
129,87,216
125,86,211
127,81,208
131,96,227
130,95,225
128,92,220
125,91,216
128,85,213
131,82,213
131,102,233
130,96,226
132,90,222
133,88,221
130,102,232
131,96,227
134,92,226
127,92,219
126,89,215
127,85,212
132,81,213
132,100,232
126,98,224
127,92,219
126,89,215
124,88,212
123,85,208
126,82,208
127,104,231
125,103,228
127,97,224
131,91,222
124,91,215
126,89,215
127,105,232
132,123,255
153,102,255
155,120,275
166,116,282
167,123,290
175,117,292
175,109,284
164,118,282
160,118,278
141,120,261
144,121,265
154,101,255
164,119,283
163,120,283
141,114,255
150,98,248
149,84,233
144,154,298
139,139,278
147,131,278
143,142,285
96,145,241
147,131,278
147,135,282
142,132,274
118,142,260
130,148,278
108,160,268
120,182,302
125,186,311
120,200,320
124,217,341
115,234,349
164,228,392
173,209,382
177,184,361
183,148,331
162,141,303
153,143,296
142,129,271
143,124,267
136,116,252
163,103,266
156,109,265
173,117,290
149,121,270
140,124,264
141,133,274
157,157,314
163,173,336
164,171,335
161,178,339
191,166,357
193,148,341
204,119,323
178,113,291
174,137,311
179,116,295
169,153,322
131,163,294
118,175,293
100,178,278
130,189,319
111,203,314
140,185,325
160,180,340
151,202,353
126,187,313
103,182,285
149,165,314
151,141,292
155,134,289
141,134,275
120,131,251
121,132,253
122,134,256
120,133,253
128,127,255
127,123,250
129,133,262
122,162,284
123,178,301
116,185,301
150,170,320
168,150,318
148,165,313
154,183,337
128,202,330
121,224,345
117,227,344
126,230,356
173,198,371
175,199,374
149,193,342
137,196,333
181,160,341
199,131,330
226,93,319
203,96,299
170,96,266
137,93,230
134,101,235
130,85,215
141,155,296
140,145,285
139,132,271
137,120,257
121,108,229
155,84,239
141,91,232
142,82,224
127,101,228
123,98,221
122,110,232
126,120,246
124,122,246
129,133,262
112,140,252
127,142,269
131,140,271
131,135,266
137,132,269
132,131,263
131,134,265
116,131,247
119,175,294
127,156,283
194,134,328
220,107,327
204,97,301
165,81,246
143,143,286
109,162,271
118,167,285
129,157,286
88,147,235
126,131,257
126,196,322
111,318,429
124,317,441
128,317,445
222,218,440
329,117,446
343,93,436
239,110,349
161,122,283
165,115,280
165,159,324
193,138,331
205,128,333
199,161,360
213,141,354
192,145,337
161,160,321
116,163,279
136,166,302
131,157,288
141,145,286
139,134,273
143,120,263
134,109,243
146,114,260
156,95,251
155,133,288
166,112,278
179,99,278
172,115,287
160,125,285
160,130,290
150,152,302
133,164,297
105,164,269
131,167,298
137,154,291
140,146,286
123,152,275
130,146,276
120,155,275
120,164,284
106,174,280
115,195,310
119,215,334
101,222,323
158,189,347
160,178,338
175,147,322
150,142,292
153,141,294
124,168,292
123,187,310
121,196,317
134,190,324
134,201,335
157,188,345
149,188,337
136,183,319
152,160,312
167,139,306
169,124,293
165,101,266
164,84,248
154,93,247
145,141,286
145,127,272
139,117,256
135,110,245
93,109,202
122,148,270
126,169,295
139,179,318
144,188,332
159,189,348
147,211,358
145,207,352
140,194,334
156,163,319
227,84,311
227,122,349
202,127,329
138,121,259
121,116,237
108,113,221
128,113,241
127,109,236
130,113,243
140,105,245
138,95,233
138,103,241
131,103,234
123,103,226
118,102,220
121,90,211
134,80,214
99,88,187
129,93,222
112,103,215
131,86,217
141,83,224
137,93,230
128,107,235
131,117,248
143,110,253
128,100,228
136,93,229
134,83,217
126,85,211
125,110,235
125,104,229
112,102,214
132,101,233
116,108,224
97,107,204
129,103,232
135,107,242
123,101,224
141,95,236
129,81,210
138,107,245
118,96,214
137,85,222
136,99,235
136,112,248
121,111,232
123,107,230
127,101,228
123,103,226
114,107,221
123,104,227
126,106,232
129,99,228
130,105,235
131,101,232
138,104,242
140,110,250
156,114,270
157,104,261
162,102,264
149,96,245
142,129,271
152,121,273
174,128,302
200,106,306
179,89,268
170,119,289
143,127,270
130,130,260
142,116,258
141,109,250
137,129,266
178,103,281
175,104,279
170,130,300
137,145,282
133,172,305
137,172,309
109,169,278
119,179,298
127,165,292
155,140,295
168,131,299
157,118,275
135,106,241
146,94,240
133,90,223
119,82,201
128,89,217
130,85,215
131,88,219
130,112,242
132,115,247
132,109,241
134,101,235
128,99,227
135,85,220
135,87,222
137,82,219
130,96,226
123,99,222
125,104,229
124,104,228
132,112,244
160,114,274
163,93,256
170,83,253
148,94,242
123,96,219
120,96,216
123,212,335
248,90,338
253,92,345
262,116,378
127,122,249
127,123,250
126,128,254
123,128,251
127,125,252
135,113,248
126,108,234
129,103,232
123,96,219
121,90,211
123,90,213
121,90,211
119,94,213
122,92,214
128,86,214
131,89,220
128,89,217
126,77,203
127,98,225
123,104,227
129,120,249
136,122,258
139,126,265
133,127,260
147,138,285
157,147,304
166,154,320
164,156,320
156,188,344
146,199,345
135,190,325
131,195,326
165,177,342
196,161,357
206,170,376
194,186,380
202,140,342
212,110,322
210,124,334
165,132,297
144,136,280
133,156,289
133,168,301
122,172,294
119,204,323
117,224,341
135,222,357
141,206,347
169,181,350
183,164,347
181,168,349
148,188,336
136,196,332
140,192,332
159,180,339
138,181,319
141,182,323
147,178,325
138,193,331
143,197,340
121,193,314
149,176,325
147,170,317
148,177,325
132,170,302
139,151,290
147,133,280
145,124,269
138,124,262
128,126,254
121,124,245
129,116,245
130,111,241
122,110,232
128,105,233
119,106,225
123,105,228
124,102,226
124,102,226
124,100,224
135,101,236
127,96,223
133,93,226
123,118,241
117,122,239
127,120,247
131,121,252
130,126,256
129,125,254
117,130,247
124,133,257
125,145,270
125,141,266
139,119,258
155,127,282
186,118,304
187,119,306
175,122,297
144,130,274
124,142,266
122,153,275
115,158,273
128,152,280
105,147,252
125,143,268
119,142,261
117,141,258
118,137,255
122,132,254
122,129,251
120,127,247
122,123,245
121,126,247
121,126,247
118,126,244
124,124,248
125,118,243
127,128,255
125,141,266
126,148,274
132,150,282
125,155,280
135,158,293
136,156,292
134,155,289
129,151,280
131,161,292
127,158,285
134,154,288
134,142,276
150,141,291
151,142,293
144,148,292
150,143,293
154,126,280
127,118,245
148,103,251
142,89,231
146,105,251
165,97,262
155,102,257
150,112,262
118,114,232
129,121,250
131,118,249
129,117,246
130,105,235
134,99,233
128,92,220
130,80,210
132,102,234
125,102,227
129,105,234
126,117,243
121,124,245
125,126,251
130,123,253
130,119,249
137,111,248
113,105,218
131,104,235
126,122,248
121,120,241
129,111,240
127,111,238
128,103,231
124,99,223
118,98,216
115,94,209
127,85,212
123,90,213
134,82,216
135,89,224
128,116,244
131,116,247
125,118,243
137,127,264
132,131,263
132,126,258
129,118,247
137,108,245
137,121,258
128,120,248
121,107,228
133,98,231
132,93,225
120,88,208
130,98,228
131,92,223
136,96,232
139,105,244
134,98,232
135,94,229
128,95,223
117,98,215
131,91,222
127,90,217
127,91,218
126,89,215
127,105,232
139,98,237
135,107,242
151,115,266
168,98,266
176,81,257
152,92,244
134,164,298
141,154,295
141,144,285
148,122,270
124,112,236
174,91,265
154,82,236
163,100,263
136,111,247
127,126,253
127,121,248
124,115,239
133,104,237
133,95,228
139,88,227
131,112,243
132,110,242
137,103,240
140,112,252
131,105,236
130,93,223
125,90,215
124,109,233
144,126,270
164,121,285
164,130,294
146,143,289
127,138,265
130,141,271
134,137,271
127,132,259
134,123,257
133,117,250
134,107,241
126,110,236
125,111,236
125,125,250
127,124,251
122,119,241
123,111,234
126,101,227
130,99,229
123,95,218
126,85,211
131,115,246
140,107,247
141,101,242
131,96,227
125,90,215
131,81,212
132,186,318
137,237,374
136,240,376
150,230,380
194,221,415
195,222,417
217,207,424
190,203,393
191,213,404
164,205,369
151,210,361
149,199,348
164,178,342
164,182,346
158,174,332
134,178,312
134,184,318
136,174,310
137,180,317
138,184,322
136,175,311
137,180,317
139,186,325
137,177,314
139,181,320
143,178,321
138,185,323
136,185,321
141,184,325
132,187,319
149,183,332
141,183,324
153,178,331
136,183,319
146,174,320
135,197,332
134,205,339
135,191,326
136,197,333
173,155,328
203,110,313
215,100,315
187,111,298
168,96,264
160,106,266
156,96,252
149,109,258
153,95,248
150,104,254
150,93,243
149,106,255
153,93,246
151,108,259
151,95,246
151,107,258
152,94,246
151,108,259
150,97,247
152,107,259
151,95,246
150,107,257
151,152,303
178,139,317
197,125,322
204,140,344
165,152,317
138,158,296
131,157,288
136,162,298
135,171,306
126,194,320
125,220,345
125,238,363
133,231,364
164,199,363
197,170,367
198,152,350
168,145,313
136,153,289
117,153,270
79,161,240
99,172,271
122,174,296
100,170,270
121,160,281
129,156,285
122,147,269
127,161,288
108,209,317
120,228,348
122,241,363
140,238,378
179,203,382
183,201,384
195,186,381
210,138,348
217,129,346
220,158,378
213,136,349
202,125,327
192,116,308
168,118,286
175,125,300
170,134,304
172,126,298
187,131,318
183,142,325
169,129,298
181,112,293
193,103,296
163,107,270
162,107,269
161,99,260
157,102,259
140,99,239
133,94,227
135,97,232
125,96,221
133,97,230
134,96,230
142,97,239
145,87,232
144,122,266
150,141,291
141,142,283
148,133,281
148,113,261
158,100,258
146,106,252
155,114,269
179,135,314
170,132,302
214,95,309
178,180,358
180,211,391
179,178,357
226,151,377
197,159,356
174,140,314
183,118,301
175,113,288
150,96,246
154,85,239
131,191,322
164,148,312
185,128,313
220,184,404
174,194,368
149,152,301
203,136,339
201,130,331
128,169,297
134,164,298
167,126,293
172,116,288
176,100,276
144,84,228
150,96,246
146,170,316
136,206,342
198,136,334
241,106,347
231,113,344
181,108,289
142,122,264
158,96,254
176,163,339
208,165,373
171,162,333
180,147,327
178,191,369
226,180,406
239,191,430
278,206,484
251,198,449
165,210,375
199,189,388
200,167,367
195,171,366
176,144,320
171,143,314
163,153,316
152,150,302
95,153,248
181,107,288
184,159,343
138,236,374
142,230,372
168,235,403
244,178,422
209,173,382
202,174,376
158,224,382
160,251,411
162,212,374
199,172,371
218,132,350
160,131,291
119,133,252
131,161,292
133,154,287
132,150,282
157,146,303
158,144,302
183,111,294
154,110,264
157,182,339
204,224,428
327,126,453
356,108,464
264,117,381
157,146,303
149,133,282
156,150,306
196,129,325
210,177,387
195,152,347
198,134,332
178,114,292
161,113,274
115,110,225
129,111,240
126,113,239
125,106,231
130,116,246
129,116,245
116,113,229
127,127,254
123,139,262
124,144,268
129,143,272
140,176,316
141,196,337
133,236,369
163,226,389
159,215,374
155,205,360
190,145,335
214,145,359
211,138,349
157,99,256
168,164,332
166,189,355
195,118,313
205,113,318
197,119,316
133,150,283
127,161,288
143,160,303
165,126,291
197,85,282
148,199,347
173,196,369
188,148,336
206,129,335
152,123,275
124,126,250
113,137,250
122,155,277
119,178,297
130,191,321
144,229,373
167,206,373
166,209,375
132,198,330
159,149,308
174,140,314
141,126,267
137,115,252
146,98,244
156,115,271
153,108,261
157,93,250
138,88,226
131,110,241
141,98,239
148,84,232
143,112,255
139,116,255
144,117,261
136,141,277
124,149,273
132,154,286
137,154,291
135,148,283
142,143,285
136,137,273
131,140,271
128,139,267
130,139,269
131,148,279
140,176,316
148,188,336
147,208,355
143,219,362
147,212,359
137,209,346
157,169,326
197,129,326
199,112,311
162,97,259
145,85,230
143,91,234
127,85,212
138,112,250
132,129,261
137,128,265
120,131,251
124,132,256
132,130,262
134,126,260
136,112,248
135,117,252
131,112,243
117,114,231
132,105,237
134,109,243
144,103,247
131,108,239
137,115,252
124,147,271
126,162,288
125,185,310
136,188,324
147,194,341
133,198,331
129,201,330
151,196,347
163,184,347
175,184,359
143,189,332
138,191,329
141,183,324
129,186,315
149,175,324
168,143,311
184,138,322
176,152,328
143,158,301
115,157,272
125,172,297
112,193,305
127,206,333
116,212,328
142,189,331
158,172,330
159,162,321
155,157,312
142,170,312
136,179,315
121,188,309
131,175,306
134,171,305
134,161,295
130,159,289
127,159,286
123,194,317
127,218,345
135,223,358
145,210,355
151,196,347
188,171,359
185,151,336
181,163,344
156,151,307
137,139,276
139,134,273
177,98,275
199,156,355
202,166,368
170,171,341
145,167,312
93,158,251
128,148,276
146,139,285
150,132,282
154,118,272
148,108,256
144,133,277
163,112,275
169,103,272
173,95,268
129,136,265
136,117,253
145,108,253
142,111,253
128,117,245
118,119,237
120,120,240
121,118,239
119,112,231
123,103,226
124,102,226
126,112,238
124,140,264
142,142,284
146,152,298
164,166,330
154,167,321
161,163,324
149,160,309
153,152,305
142,152,294
163,128,291
179,138,317
176,172,348
151,214,365
151,227,378
162,216,378
163,234,397
194,196,390
197,188,385
197,195,392
178,189,367
168,186,354
200,148,348
182,124,306
195,108,303
183,124,307
167,141,308
206,123,329
211,117,328
210,106,316
185,153,338
184,135,319
186,121,307
180,132,312
147,145,292
125,171,296
125,180,305
122,190,312
138,190,328
147,192,339
151,185,336
136,269,405
148,326,474
145,335,480
147,337,484
300,170,470
322,163,485
331,157,488
177,133,310
176,112,288
170,101,271
156,119,275
167,113,280
171,99,270
173,93,266
150,121,271
149,113,262
147,105,252
157,98,255
146,117,263
147,112,259
158,99,257
152,122,274
160,122,282
137,127,264
150,124,274
137,129,266
144,138,282
136,133,269
144,120,264
137,113,250
146,105,251
139,98,237
145,115,260
149,100,249
153,112,265
161,92,253
150,117,267
151,128,279
147,112,259
157,136,293
181,114,295
186,112,298
202,127,329
183,131,314
169,130,299
151,118,269
144,158,302
189,129,318
213,127,340
221,96,317
189,87,276
170,109,279
141,122,263
140,124,264
154,120,274
148,111,259
154,134,288
172,121,293
169,119,288
152,119,271
125,123,248
130,129,259
131,135,266
130,139,269
116,145,261
132,143,275
122,161,283
127,180,307
122,191,313
116,190,306
129,187,316
141,174,315
162,161,323
158,162,320
146,168,314
129,171,300
131,177,308
137,171,308
136,159,295
141,159,300
131,159,290
131,158,289
132,157,289
136,151,287
131,154,285
143,132,275
153,117,270
157,99,256
141,98,239
145,84,229
126,128,254
139,134,273
139,139,278
131,146,277
128,151,279
137,145,282
166,132,298
167,145,312
153,159,312
134,151,285
145,149,294
154,146,300
153,203,356
124,205,329
138,193,331
154,178,332
166,163,329
154,158,312
133,158,291
132,156,288
126,162,288
127,165,292
124,166,290
130,170,300
136,184,320
122,207,329
123,218,341
142,204,346
150,197,347
184,155,339
191,137,328
166,132,298
140,130,270
127,145,272
126,166,292
150,133,283
165,109,274
179,88,267
148,130,278
165,107,272
158,99,257
155,114,269
137,121,258
144,129,273
156,119,275
154,105,259
164,91,255
157,105,262
146,100,246
118,103,221
131,97,228
124,97,221
133,95,228
133,90,223
135,109,244
140,120,260
137,126,263
138,134,272
129,132,261
130,138,268
133,141,274
124,143,267
122,139,261
126,140,266
127,144,271
104,148,252
124,151,275
131,148,279
130,145,275
139,141,280
139,133,272
124,118,242
125,118,243
127,117,244
124,115,239
119,119,238
118,118,236
118,124,242
129,127,256
124,133,257
143,130,273
134,151,285
140,154,294
123,148,271
148,127,275
144,119,263
136,110,246
142,105,247
148,89,237
158,122,280
149,127,276
136,136,272
136,145,281
131,154,285
133,151,284
132,149,281
137,134,271
146,121,267
146,100,246
147,108,255
141,136,277
134,141,275
142,132,274
137,123,260
127,109,236
134,107,241
143,91,234
115,124,239
140,121,261
130,119,249
145,102,247
142,87,229
133,76,209
133,110,243
131,127,258
126,119,245
130,118,248
134,112,246
135,103,238
156,146,302
175,126,301
168,110,278
173,101,274
156,102,258
153,88,241
161,121,282
160,130,290
156,127,283
156,116,272
156,112,268
161,90,251
167,124,291
153,117,270
152,100,252
165,122,287
154,133,287
134,132,266
150,130,280
153,120,273
156,112,268
167,97,264
163,90,253
134,101,235
134,207,341
221,161,382
299,179,478
329,157,486
233,155,388
186,174,360
134,177,311
147,170,317
139,165,304
125,164,289
117,166,283
130,152,282
144,143,287
144,144,288
135,139,274
134,142,276
136,138,274
134,134,268
128,132,260
139,121,260
145,113,258
148,114,262
142,106,248
131,105,236
130,107,237
126,103,229
130,101,231
136,95,231
135,95,230
131,95,226
124,96,220
125,90,215
126,93,219
130,86,216
131,113,244
135,109,244
131,109,240
131,113,244
125,116,241
125,112,237
124,113,237
123,109,232
130,98,228
136,94,230
137,97,234
131,96,227
130,96,226
170,121,291
169,129,298
175,116,291
175,110,285
130,115,245
131,110,241
135,102,237
145,97,242
142,96,238
140,92,232
136,87,223
135,104,239
136,94,230
146,116,262
148,110,258
137,109,246
129,107,236
125,106,231
130,101,231
133,113,246
133,109,242
132,106,238
127,110,237
124,112,236
129,110,239
132,110,242
137,113,250
134,123,257
138,136,274
138,160,298
151,149,300
189,118,307
202,139,341
188,154,342
168,128,296
178,139,317
185,120,305
193,109,302
196,138,334
191,118,309
184,146,330
170,149,319
140,142,282
151,147,298
145,149,294
147,133,280
159,119,278
151,116,267
136,116,252
124,110,234
121,107,228
124,122,246
121,133,254
120,140,260
124,149,273
125,160,285
129,152,281
168,103,271
178,85,263
174,116,290
155,107,262
152,130,282
160,115,275
158,157,315
155,150,305
141,153,294
141,154,295
124,146,270
131,153,284
142,154,296
139,153,292
159,139,298
146,143,289
143,138,281
137,118,255
156,154,310
189,130,319
199,108,307
196,107,303
163,97,260
164,126,290
167,114,281
161,188,349
179,177,356
194,160,354
196,127,323
174,125,299
205,113,318
193,95,288
158,154,312
148,145,293
168,131,299
197,98,295
177,133,310
180,165,345
162,162,324
161,167,328
171,167,338
172,165,337
173,176,349
179,193,372
196,175,371
189,168,357
185,161,346
160,174,334
165,187,352
154,199,353
171,205,376
184,187,371
194,167,361
219,159,378
231,142,373
202,160,362
155,159,314
122,157,279
117,151,268
124,154,278
97,152,249
120,152,272
121,157,278
136,139,275
136,140,276
132,143,275
128,141,269
126,139,265
145,121,266
144,119,263
132,115,247
128,121,249
132,137,269
170,115,285
174,105,279
165,129,294
155,126,281
154,135,289
162,142,304
170,118,288
190,162,352
181,142,323
241,166,407
226,161,387
178,163,341
192,156,348
146,162,308
140,153,293
137,134,271
153,114,267
148,116,264
142,114,256
156,174,330
177,166,343
177,175,352
156,175,331
110,172,282
127,181,308
128,183,311
132,192,324
122,197,319
143,183,326
170,164,334
180,158,338
175,156,331
160,323,483
160,347,507
154,370,524
194,353,547
294,256,550
318,225,543
301,180,481
215,150,365
199,144,343
185,146,331
175,133,308
180,109,289
164,109,273
167,121,288
166,141,307
160,135,295
119,133,252
132,123,255
143,111,254
149,103,252
148,107,255
136,120,256
140,115,255
143,112,255
141,118,259
126,117,243
132,109,241
136,102,238
130,101,231
136,91,227
128,121,249
151,112,263
169,118,287
171,125,296
138,131,269
140,121,261
160,104,264
164,100,264
168,107,275
139,119,258
131,116,247
151,84,235
151,96,247
125,101,226
122,107,229
117,111,228
126,126,252
133,134,267
118,145,263
123,154,277
86,148,234
125,140,265
127,130,257
125,145,270
122,153,275
99,179,278
105,182,287
133,172,305
133,167,300
188,95,283
171,154,325
220,145,365
165,147,312
149,141,290
120,119,239
162,134,296
183,109,292
172,131,303
182,149,331
142,143,285
148,139,287
150,119,269
139,112,251
152,102,254
145,79,224
152,123,275
123,132,255
161,99,260
169,103,272
179,93,272
146,84,230
141,102,243
141,94,235
148,95,243
123,100,223
145,104,249
138,131,269
156,135,291
147,148,295
156,180,336
117,213,330
134,233,367
135,249,384
141,253,394
172,212,384
213,188,401
258,162,420
227,160,387
193,167,360
177,155,332
223,116,339
221,165,386
257,157,414
242,146,388
257,106,363
212,91,303
163,100,263
139,93,232
118,87,205
126,106,232
128,108,236
141,96,237
148,141,289
166,133,299
168,133,301
156,134,290
123,125,248
135,112,247
145,90,235
146,83,229
133,113,246
136,111,247
140,115,255
158,114,272
177,132,309
184,127,311
169,127,296
138,129,267
112,128,240
117,125,242
130,116,246
126,135,261
136,141,277
124,141,265
126,143,269
130,151,281
117,141,258
116,141,257
126,131,257
138,126,264
128,114,242
118,96,214
149,84,233
136,77,213
123,127,250
124,152,276
121,154,275
126,155,281
107,161,268
123,162,285
119,171,290
129,164,293
131,155,286
135,156,291
116,150,266
135,146,281
135,128,263
146,114,260
166,136,302
194,134,328
192,133,325
167,127,294
138,126,264
126,142,268
131,154,285
129,166,295
146,150,296
146,137,283
145,127,272
132,118,250
142,108,250
163,108,271
160,88,248
171,78,249
149,153,302
113,160,273
124,166,290
117,172,289
82,173,255
110,174,284
132,157,289
109,151,260
138,145,283
123,149,272
123,165,288
112,182,294
120,193,313
121,191,312
110,180,290
153,156,309
161,148,309
156,152,308
127,149,276
119,147,266
115,145,260
97,140,237
125,138,263
115,136,251
117,131,248
90,136,226
120,145,265
120,143,263
113,147,260
127,148,275
127,165,292
117,166,283
134,175,309
131,164,295
129,162,291
123,164,287
93,165,258
125,187,312
106,205,311
139,198,337
139,195,334
153,178,331
164,162,326
173,170,343
155,174,329
133,174,307
112,177,289
137,168,305
123,164,287
139,159,298
104,159,263
138,158,296
144,146,290
147,139,286
133,133,266
101,121,222
127,112,239
124,126,250
162,117,279
181,116,297
190,98,288
178,101,279
148,98,246
132,92,224
130,92,222
136,94,230
123,127,250
148,117,265
146,125,271
140,127,267
121,125,246
128,121,249
129,118,247
127,114,241
128,124,252
115,132,247
122,135,257
124,157,281
137,213,350
267,126,393
304,104,408
308,157,465
218,118,336
220,121,341
217,133,350
192,159,351
187,153,340
217,125,342
208,111,319
213,120,333
168,140,308
189,123,312
197,99,296
192,159,351
164,190,354
142,211,353
168,206,374
170,218,388
194,198,392
199,187,386
219,194,413
226,167,393
212,151,363
231,142,373
212,129,341
200,136,336
166,137,303
127,131,258
130,121,251
124,111,235
134,102,236
126,95,221
128,86,214
140,106,246
137,111,248
125,121,246
132,124,256
133,121,254
136,115,251
119,112,231
129,106,235
132,97,229
118,95,213
115,88,203
124,91,215
121,99,220
126,96,222
128,99,227
132,93,225
135,123,258
141,133,274
136,143,279
136,140,276
117,141,258
111,134,245
130,117,247
173,100,273
166,119,285
184,112,296
157,107,264
167,94,261
159,87,246
155,137,292
138,135,273
133,135,268
123,130,253
111,123,234
138,130,268
132,125,257
141,109,250
137,104,241
139,102,241
129,100,229
123,94,217
128,85,213
133,105,238
125,99,224
132,95,227
143,93,236
141,83,224
144,124,268
140,122,262
130,129,259
130,123,253
114,111,225
137,99,236
139,89,228
128,93,221
124,92,216
118,92,210
129,88,217
129,88,217
131,83,214
123,109,232
132,120,252
137,116,253
140,114,254
140,108,248
136,98,234
131,100,231
100,152,252
142,131,273
168,107,275
174,97,271
169,87,256
167,109,276
137,106,243
139,97,236
133,92,225
136,96,232
143,83,226
131,131,262
175,96,271
173,99,272
177,105,282
129,108,237
122,140,262
117,147,264
103,144,247
119,141,260
115,141,256
116,140,256
125,138,263
121,138,259
127,128,255
126,127,253
128,129,257
121,130,251
129,116,245
133,112,245
131,109,240
115,103,218
119,98,217
122,96,218
124,94,218
119,92,211
116,87,203
121,87,208
122,84,206
127,103,230
127,112,239
130,106,236
144,154,298
156,142,298
140,150,290
138,148,286
77,153,230
123,134,257
133,117,250
158,116,274
138,109,247
129,99,228
125,97,222
127,92,219
125,85,210
127,88,215
127,131,258
131,124,255
131,119,250
132,112,244
118,101,219
127,95,222
128,86,214
126,111,237
132,118,250
132,128,260
139,123,262
131,116,247
121,108,229
136,98,234
137,92,229
137,98,235
137,88,225
130,78,208
136,91,227
121,88,209
125,99,224
130,99,229
135,167,302
173,307,480
182,324,506
177,353,530
200,319,519
272,248,520
229,204,433
213,167,380
213,142,355
182,131,313
159,125,284
136,120,256
158,82,240
167,126,293
166,136,302
160,128,288
145,120,265
147,100,247
143,140,283
145,139,284
147,142,289
131,163,294
125,152,277
150,139,289
153,142,295
136,143,279
100,145,245
119,145,264
110,150,260
123,151,274
116,148,264
113,144,257
121,147,268
122,144,266
109,157,266
121,154,275
124,166,290
108,160,268
125,166,291
114,163,277
125,170,295
106,184,290
123,181,304
125,174,299
143,173,316
151,160,311
157,145,302
150,130,280
144,117,261
148,102,250
167,94,261
158,86,244
157,115,272
129,109,238
129,101,230
127,94,221
128,87,215
126,82,208
129,106,235
130,105,235
132,122,254
133,122,255
122,116,238
131,108,239
138,104,242
143,131,274
158,113,271
157,103,260
156,92,248
121,83,204
137,100,237
136,93,229
137,107,244
143,94,237
142,88,230
145,100,245
134,92,226
137,101,238
136,96,232
138,86,224
142,103,245
141,91,232
142,82,224
140,99,239
138,93,231
139,87,226
137,101,238
134,92,226
137,82,219
135,101,236
135,92,227
138,82,220
137,99,236
134,91,225
136,81,217
136,99,235
134,96,230
136,91,227
137,81,218
138,100,238
140,90,230
139,81,220
139,100,239
136,95,231
137,91,228
139,102,241
136,91,227
136,82,218
133,101,234
134,94,228
134,88,222
136,104,240
135,109,244
144,125,269
165,98,263
168,90,258
158,82,240
137,100,237
137,94,231
134,85,219
138,103,241
137,93,230
137,83,220
136,100,236
136,95,231
136,131,267
137,121,258
179,118,297
192,100,292
175,111,286
163,109,272
155,152,307
174,135,309
187,117,304
203,98,301
169,106,275
137,120,257
131,123,254
124,140,264
115,153,268
110,154,264
120,156,276
107,159,266
119,163,282
110,165,275
129,187,316
110,200,310
123,213,336
121,218,339
154,178,332
172,157,329
164,137,301
148,127,275
136,120,256
108,113,221
120,127,247
132,128,260
149,154,303
189,157,346
159,164,323
189,150,339
144,150,294
154,144,298
185,113,298
191,152,343
217,129,346
179,141,320
172,137,309
127,143,270
125,137,262
138,114,252
149,102,251
132,98,230
137,89,226
122,149,271
161,118,279
163,111,274
179,92,271
154,84,238
153,100,253
129,113,242
120,147,267
119,137,256
129,150,279
141,164,305
130,180,310
122,196,318
93,211,304
124,196,320
133,184,317
167,173,340
167,146,313
157,136,293
146,144,290
111,153,264
119,164,283
116,188,304
122,204,326
111,208,319
136,199,335
144,183,327
163,171,334
158,175,333
152,188,340
135,219,354
126,217,343
144,197,341
156,185,341
182,146,328
190,124,314
199,104,303
164,87,251
157,145,302
152,137,289
144,125,269
136,119,255
113,105,218
145,109,254
163,139,302
185,108,293
186,93,279
160,126,286
145,115,260
134,101,235
147,84,231
137,93,230
115,135,250
143,122,265
137,110,247
137,135,272
135,126,261
166,114,280
166,120,286
136,126,262
119,123,242
110,118,228
136,111,247
128,115,243
122,116,238
122,132,254
136,138,274
148,117,265
155,116,271
120,107,227
150,98,248
134,91,225
127,115,242
121,125,246
130,130,260
147,126,273
141,126,267
136,141,277
111,162,273
120,186,306
122,197,319
158,158,316
155,150,305
157,130,287
129,130,259
128,125,253
88,118,206
122,112,234
127,106,233
161,110,271
163,104,267
168,112,280
160,132,292
188,109,297
178,98,276
165,140,305
160,113,273
152,98,250
165,203,368
265,110,375
269,146,415
351,129,480
214,126,340
180,135,315
153,141,294
124,141,265
98,141,239
122,174,296
115,182,297
113,188,301
122,190,312
145,154,299
181,119,300
192,113,305
172,101,273
158,103,261
151,108,259
124,123,247
114,147,261
122,165,287
108,189,297
97,202,299
126,203,329
122,185,307
155,158,313
148,156,304
149,155,304
120,161,281
130,162,292
124,162,286
106,171,277
131,156,287
132,156,288
137,149,286
145,130,275
182,137,319
192,140,332
187,142,329
189,112,301
183,100,283
185,87,272
154,120,274
148,112,260
142,100,242
153,115,268
151,108,259
151,102,253
143,91,234
143,135,278
146,107,253
151,96,247
164,93,257
142,91,233
124,133,257
132,119,251
140,102,242
146,91,237
155,118,273
152,112,264
151,123,274
152,112,264
156,120,276
167,115,282
156,111,267
163,107,270
149,121,270
147,120,267
144,132,276
152,132,284
164,148,312
202,141,343
234,155,389
227,160,387
231,113,344
208,99,307
170,93,263
153,96,249
141,122,263
126,137,263
116,138,254
118,138,256
90,162,252
121,179,300
109,205,314
128,205,333
137,206,343
129,209,338
155,165,320
180,149,329
190,129,319
149,115,264
136,101,237
162,128,290
165,109,274
155,98,253
139,95,234
100,91,191
138,115,253
130,95,225
158,104,262
162,102,264
138,110,248
137,102,239
138,98,236
143,96,239
142,137,279
163,112,275
158,104,262
142,105,247
120,119,239
122,129,251
124,135,259
101,153,254
121,161,282
123,159,282
121,156,277
145,123,268
159,106,265
141,104,245
137,150,287
165,137,302
174,126,300
156,121,277
123,111,234
145,101,246
147,89,236
154,102,256
150,106,256
156,99,255
154,106,260
156,91,247
148,88,236
147,98,245
132,94,226
125,98,223
113,98,211
116,99,215
121,98,219
110,100,210
127,97,224
124,102,226
124,101,225
126,107,233
125,118,243
106,115,221
124,113,237
124,113,237
95,103,198
115,102,217
132,94,226
130,113,243
129,112,241
118,141,259
121,139,260
128,132,260
147,124,271
109,137,246
145,125,270
134,126,260
137,133,270
125,134,259
94,131,225
121,127,248
129,135,264
125,155,280
127,175,302
127,167,294
142,213,355
154,275,429
128,277,405
134,280,414
190,216,406
271,149,420
293,138,431
189,135,324
140,139,279
117,140,257
117,146,263
117,144,261
121,145,266
126,195,321
131,230,361
143,230,373
159,232,391
188,213,401
186,215,401
194,201,395
174,196,370
173,167,340
191,179,370
195,165,360
180,145,325
193,140,333
202,182,384
201,189,390
222,142,364
236,137,373
246,137,383
216,132,348
217,151,368
217,139,356
198,127,325
186,106,292
152,96,248
141,89,230
120,95,215
123,92,215
126,109,235
146,104,250
148,100,248
145,108,253
126,100,226
127,89,216
137,89,226
119,124,243
142,115,257
144,112,256
126,107,233
132,116,248
131,113,244
132,101,233
112,97,209
102,91,193
137,114,251
145,111,256
142,104,246
128,110,238
131,124,255
142,123,265
147,117,264
150,118,268
136,120,256
128,124,252
123,125,248
113,127,240
119,129,248
126,131,257
129,126,255
137,135,272
128,142,270
133,156,289
121,160,281
147,138,285
151,131,282
158,116,274
145,106,251
146,127,273
141,123,264
147,131,278
134,131,265
134,125,259
129,118,247
134,108,242
136,101,237
146,125,271
152,105,257
171,144,315
184,130,314
159,121,280
139,113,252
126,99,225
149,124,273
159,117,276
148,108,256
138,105,243
142,117,259
166,118,284
171,120,291
178,112,290
145,101,246
138,107,245
164,106,270
181,106,287
170,107,277
141,105,246
123,98,221
137,83,220
133,112,245
136,114,250
132,130,262
128,130,258
124,134,258
137,124,261
135,121,256
136,115,251
126,110,236
123,103,226
127,106,233
120,116,236
122,123,245
123,122,245
128,120,248
123,120,243
128,115,243
133,117,250
121,118,239
120,119,239
115,117,232
123,110,233
127,102,229
127,98,225
129,87,216
130,79,209
126,109,235
120,109,229
133,116,249
134,126,260
133,138,271
132,158,290
126,157,283
125,152,277
128,155,283
117,161,278
127,153,280
128,174,302
135,171,306
141,162,303
140,168,308
133,176,309
121,172,293
124,168,292
140,149,289
143,137,280
137,139,276
135,134,269
120,133,253
122,138,260
119,136,255
115,138,253
123,141,264
128,134,262
132,134,266
131,144,275
132,160,292
130,154,284
136,150,286
134,136,270
132,130,262
137,130,267
132,120,252
135,111,246
172,127,299
174,138,312
179,150,329
165,160,325
166,151,317
167,156,323
193,152,345
189,146,335
201,125,326
195,179,374
212,150,362
250,113,363
236,112,348
194,146,340
179,135,314
195,155,350
221,149,370
234,161,395
243,136,379
208,121,329
194,107,301
157,106,263
158,118,276
174,98,272
177,113,290
171,112,283
144,104,248
146,102,248
137,93,230
139,80,219
143,108,251
142,123,265
144,118,262
143,112,255
137,108,245
140,101,241
144,98,242
149,88,237
142,143,285
159,132,291
162,127,289
157,123,280
156,97,253
168,106,274
160,106,266
139,100,239
129,98,227
127,101,228
124,103,227
124,97,221
126,93,219
134,83,217
140,96,236
139,92,231
138,84,222
134,101,235
133,88,221
134,79,213
133,120,253
126,122,248
134,130,264
139,139,278
130,144,274
134,143,277
134,142,276
138,140,278
135,145,280
134,137,271
122,135,257
129,128,257
127,126,253
133,116,249
136,104,240
139,95,234
127,88,215
134,110,244
140,109,249
143,110,253
137,118,255
131,127,258
128,114,242
147,103,250
153,85,238
150,96,246
148,89,237
139,81,220
137,88,225
128,85,213
130,97,227
129,113,242
129,120,249
146,108,254
144,114,258
154,103,257
135,98,233
124,101,225
126,89,215
138,104,242
141,97,238
136,95,231
134,84,218
129,98,227
139,99,238
140,117,257
160,95,255
160,105,265
162,110,272
166,106,272
165,103,268
159,130,289
167,203,370
268,102,370
270,104,374
231,110,341
143,91,234
155,108,263
148,107,255
125,100,225
130,101,231
121,101,222
135,95,230
138,87,225
142,110,252
142,128,270
131,122,253
135,107,242
140,95,235
145,83,228
138,97,235
134,104,238
138,99,237
137,96,233
147,90,237
137,94,231
133,91,224
130,95,225
132,93,225
127,92,219
119,94,213
122,96,218
124,94,218
131,93,224
131,92,223
131,89,220
124,85,209
139,110,249
127,125,252
129,129,258
160,143,303
186,117,303
191,122,313
190,126,316
151,136,287
169,124,293
162,147,309
198,132,330
201,129,330
218,134,352
190,172,362
209,164,373
224,143,367
226,124,350
219,104,323
195,134,329
176,135,311
162,138,300
172,144,316
159,152,311
174,155,329
165,144,309
197,135,332
207,119,326
217,96,313
183,90,273
151,82,233
141,133,274
142,130,272
155,105,260
159,92,251
152,98,250
144,94,238
144,116,260
147,102,249
145,94,239
156,115,271
140,108,248
144,100,244
137,95,232
129,85,214
145,152,297
145,182,327
153,164,317
156,152,308
150,131,281
150,118,268
135,107,242
147,92,239
145,114,259
147,107,254
151,94,245
152,124,276
143,113,256
145,106,251
142,100,242
124,88,212
146,108,254
148,97,245
144,92,236
147,110,257
140,102,242
146,97,243
142,85,227
135,131,266
144,134,278
160,111,271
163,100,263
161,126,287
152,115,267
149,109,258
141,121,262
130,185,315
203,123,326
213,112,325
221,96,317
157,143,300
162,150,312
167,145,312
154,139,293
142,124,266
150,124,274
183,141,324
175,144,319
185,130,315
170,113,283
153,117,270
151,142,293
132,140,272
144,130,274
158,197,355
205,153,358
206,127,333
173,123,296
91,122,213
128,107,235
141,95,236
144,89,233
136,79,215
124,113,237
127,115,242
131,106,237
143,154,297
162,153,315
177,137,314
184,125,309
173,140,313
187,143,330
189,142,331
152,127,279
147,143,290
183,115,298
181,120,301
180,119,299
137,123,260
126,130,256
124,141,265
116,151,267
129,148,277
127,151,278
138,133,271
136,138,274
116,135,251
124,143,267
130,149,279
134,151,285
125,145,270
116,276,392
123,298,421
115,309,424
125,315,440
272,173,445
288,156,444
301,132,433
188,138,326
200,114,314
195,106,301
187,88,275
160,189,349
208,145,353
194,155,349
208,151,359
151,150,301
174,160,334
159,188,347
162,208,370
158,230,388
169,240,409
171,243,414
178,259,437
174,298,472
196,270,466
199,264,463
229,238,467
234,248,482
232,241,473
196,232,428
206,208,414
228,176,404
211,164,375
213,139,352
190,130,320
173,142,315
144,147,291
131,134,265
151,118,269
155,105,260
147,106,253
130,110,240
119,114,233
122,113,235
127,112,239
114,112,226
119,109,228
112,109,221
126,97,223
138,92,230
142,108,250
139,95,234
150,88,238
133,87,220
134,96,230
125,94,219
121,84,205
132,83,215
124,77,201
124,152,276
118,176,294
146,165,311
168,157,325
137,148,285
175,149,324
166,139,305
159,131,290
148,129,277
147,127,274
144,149,293
147,144,291
156,147,303
166,148,314
163,148,311
160,160,320
153,168,321
169,157,326
179,146,325
195,127,322
203,129,332
224,135,359
207,123,330
202,142,344
197,107,304
195,204,399
210,190,400
172,190,362
167,174,341
103,170,273
135,167,302
141,162,303
124,159,283
129,154,283
132,148,280
126,146,272
115,148,263
119,167,286
122,172,294
120,183,303
125,192,317
128,192,320
138,176,314
148,166,314
172,144,316
170,169,339
145,187,332
138,210,348
116,218,334
136,231,367
160,212,372
186,203,389
184,207,391
155,225,380
162,221,383
153,234,387
165,222,387
175,208,383
194,191,385
186,187,373
159,178,337
151,153,304
164,141,305
167,126,293
147,119,266
147,112,259
152,103,255
157,152,309
168,146,314
154,152,306
155,149,304
127,146,273
136,138,274
131,131,262
115,128,243
125,131,256
135,115,250
124,114,238
135,114,249
109,112,221
123,108,231
122,105,227
115,111,226
121,127,248
124,130,254
128,139,267
128,148,276
116,150,266
130,151,281
125,163,288
123,165,288
132,163,295
131,173,304
120,188,308
113,224,337
116,251,367
130,237,367
154,225,379
205,212,417
212,228,440
232,204,436
229,159,388
253,127,380
248,147,395
251,144,395
221,171,392
232,163,395
206,180,386
247,133,380
258,114,372
228,111,339
167,155,322
182,149,331
217,142,359
209,129,338
204,114,318
172,104,276
167,128,295
160,129,289
168,116,284
135,122,257
131,145,276
122,155,277
145,139,284
153,126,279
153,128,281
135,135,270
122,140,262
114,140,254
157,112,269
171,104,275
175,104,279
142,102,244
145,96,241
144,110,254
132,117,249
135,120,255
143,148,291
189,118,307
190,120,310
181,118,299
166,88,254
170,100,270
162,93,255
142,164,306
152,164,316
145,165,310
144,169,313
111,150,261
178,107,285
169,87,256
176,149,325
159,166,325
154,169,323
150,164,314
132,146,278
152,132,284
166,116,282
168,101,269
169,120,289
158,124,282
157,108,265
158,95,253
161,141,302
148,125,273
161,122,283
158,111,269
154,114,268
169,107,276
168,154,322
163,151,314
152,150,302
162,129,291
156,118,274
150,113,263
134,109,243
119,117,236
123,124,247
128,119,247
132,119,251
125,126,251
119,154,273
151,143,294
156,159,315
157,164,321
142,152,294
142,165,307
143,167,310
126,173,299
115,176,291
122,183,305
110,210,320
128,224,352
144,205,349
134,206,340
183,162,345
173,155,328
189,143,332
158,138,296
155,128,283
172,98,270
176,114,290
167,120,287
154,109,263
145,91,236
150,139,289
138,150,288
160,151,311
176,131,307
169,119,288
187,122,309
164,132,296
142,130,272
144,129,273
152,121,273
147,127,274
133,128,261
128,135,263
123,143,266
119,149,268
135,149,284
135,153,288
134,154,288
136,151,287
135,142,277
149,120,269
154,102,256
169,94,263
167,128,295
157,129,286
148,124,272
148,114,262
164,206,370
244,133,377
321,131,452
323,127,450
243,125,368
184,134,318
192,129,321
188,138,326
175,157,332
191,130,321
207,148,355
232,159,391
214,128,342
240,131,371
219,154,373
184,149,333
185,168,353
208,133,341
224,139,363
223,119,342
177,113,290
183,127,310
169,127,296
153,140,293
132,149,281
140,141,281
134,119,253
179,140,319
184,128,312
189,111,300
166,132,298
179,138,317
181,128,309
176,123,299
159,164,323
184,138,322
217,106,323
206,102,308
188,110,298
156,138,294
148,138,286
153,120,273
158,96,254
162,128,290
170,117,287
155,122,277
151,140,291
180,107,287
185,139,324
190,125,315
167,119,286
169,141,310
176,109,285
195,109,304
188,139,327
149,157,306
156,150,306
149,157,306
108,161,269
124,175,299
118,193,311
133,185,318
137,170,307
144,159,303
144,153,297
141,145,286
142,142,284
142,129,271
129,118,247
157,107,264
143,113,256
144,106,250
147,98,245
138,143,281
157,128,285
173,115,288
172,113,285
167,146,313
171,138,309
173,118,291
151,128,279
128,142,270
108,156,264
125,183,308
122,190,312
114,202,316
112,209,321
144,183,327
154,183,337
171,180,351
154,189,343
153,203,356
146,204,350
136,199,335
166,176,342
183,165,348
172,150,322
154,152,306
148,137,285
163,118,281
174,101,275
183,152,335
168,150,318
158,146,304
138,160,298
119,168,287
134,177,311
134,186,320
131,190,321
135,196,331
148,189,337
129,188,317
163,189,352
154,194,348
162,200,362
149,192,341
135,197,332
150,180,330
179,157,336
173,160,333
136,163,299
111,169,280
117,166,283
121,161,282
121,159,280
125,178,303
131,183,314
129,186,315
119,181,300
151,144,295
181,111,292
199,116,315
163,98,261
144,122,266
146,116,262
151,117,268
168,103,271
162,94,256
162,152,314
165,147,312
165,160,325
162,166,328
139,222,361
162,229,391
155,248,403
163,246,409
179,244,423
182,242,424
207,208,415
202,212,414
226,202,428
203,210,413
216,392,608
210,393,603
215,398,613
201,379,580
334,238,572
346,229,575
344,190,534
238,148,386
255,166,421
250,128,378
211,130,341
171,134,305
127,130,257
124,128,252
100,126,226
116,129,245
121,130,251
129,126,255
129,134,263
115,143,258
132,133,265
143,137,280
139,145,284
121,153,274
124,170,294
150,154,304
164,146,310
157,142,299
166,133,299
189,105,294
193,142,335
180,126,306
171,120,291
158,131,289
159,108,267
170,92,262
161,129,290
159,130,289
158,120,278
156,113,269
157,119,276
167,118,285
165,132,297
164,152,316
145,170,315
128,187,315
139,192,331
139,203,342
139,206,345
136,196,332
152,158,310
190,127,317
197,111,308
169,105,274
136,112,248
119,119,238
120,122,242
126,118,244
130,112,242
124,107,231
135,95,230
148,91,239
150,82,232
138,124,262
129,142,271
131,142,273
129,146,275
136,148,284
140,144,284
147,142,289
135,147,282
147,169,316
136,171,307
142,173,315
132,164,296
149,169,318
121,187,308
134,196,330
155,184,339
171,189,360
148,185,333
144,175,319
145,155,300
140,135,275
155,123,278
133,114,247
128,115,243
133,140,273
153,115,268
160,101,261
163,112,275
152,112,264
154,104,258
158,160,318
177,153,330
181,140,321
166,169,335
129,193,322
131,191,322
147,184,331
136,181,317
169,144,313
204,110,314
214,100,314
178,91,269
146,91,237
139,85,224
133,116,249
130,112,242
132,113,245
135,108,243
127,109,236
132,105,237
129,108,237
128,102,230
130,99,229
138,91,229
141,89,230
140,85,225
132,87,219
130,82,212
126,114,240
132,109,241
132,109,241
134,112,246
126,116,242
127,114,241
124,136,260
125,171,296
121,198,319
142,201,343
175,194,369
204,183,387
210,165,375
216,136,352
221,120,341
220,159,379
226,159,385
214,174,388
185,201,386
178,208,386
187,202,389
217,203,420
205,199,404
192,200,392
168,203,371
160,207,367
160,205,365
157,194,351
162,186,348
164,191,355
163,200,363
163,205,368
161,199,360
150,210,360
158,195,353
169,180,349
174,181,355
155,186,341
134,193,327
144,197,341
142,201,343
142,206,348
153,194,347
192,170,362
201,169,370
172,176,348
135,184,319
117,186,303
136,179,315
157,194,351
157,192,349
148,186,334
134,188,322
161,159,320
182,132,314
194,117,311
178,101,279
163,118,281
148,109,257
143,104,247
159,126,285
160,114,274
167,96,263
155,116,271
162,128,290
168,137,305
169,149,318
141,160,301
144,183,327
146,192,338
144,206,350
134,216,350
147,215,362
125,224,349
169,196,365
176,210,386
183,202,385
160,184,344
150,176,326
200,113,313
199,120,319
213,112,325
163,108,271
158,105,263
149,128,277
147,148,295
154,161,315
159,165,324
157,160,317
163,184,347
175,170,345
192,165,357
199,170,369
198,159,357
180,181,361
198,159,357
193,139,332
193,114,307
174,98,272
160,85,245
152,152,304
134,153,287
125,151,276
115,155,270
68,160,228
103,160,263
152,142,294
153,134,287
156,124,280
153,121,274
175,127,302
172,146,318
178,154,332
165,145,310
161,129,290
146,119,265
157,104,261
161,105,266
151,106,257
165,135,300
171,148,319
162,163,325
149,171,320
161,129,290
180,117,297
185,113,298
149,150,299
176,128,304
190,107,297
194,141,335
185,121,306
180,108,288
176,110,286
137,144,281
160,128,288
160,128,288
162,134,296
130,126,256
119,128,247
149,107,256
146,100,246
135,95,230
116,99,215
122,120,242
121,125,246
135,112,247
140,110,250
157,118,275
129,127,256
128,133,261
111,137,248
147,131,278
115,133,248
155,176,331
232,208,440
246,191,437
289,159,448
214,183,397
138,197,335
154,201,355
177,187,364
203,142,345
230,147,377
239,160,399
232,213,445
269,165,434
263,136,399
257,182,439
230,158,388
209,129,338
204,106,310
152,93,245
152,132,284
164,111,275
156,117,273
172,125,297
171,101,272
178,169,347
199,159,358
159,153,312
163,178,341
118,186,304
150,185,335
146,195,341
160,191,351
153,247,400
277,150,427
275,140,415
272,134,406
166,122,288
173,122,295
167,120,287
147,118,265
152,104,256
154,109,263
158,104,262
150,105,255
150,92,242
157,122,279
144,127,271
147,116,263
137,116,253
149,144,293
171,154,325
190,138,328
185,118,303
163,107,270
160,120,280
162,111,273
178,151,329
191,136,327
185,124,309
181,110,291
153,99,252
164,126,290
158,112,270
161,102,263
160,98,258
150,120,270
129,114,243
156,122,278
175,164,339
202,127,329
217,116,333
196,136,332
138,150,288
142,140,282
148,138,286
151,164,315
141,176,317
144,179,323
142,175,317
158,171,329
152,171,323
147,152,299
134,151,285
142,148,290
134,145,279
159,117,276
184,148,332
210,131,341
204,117,321
182,118,300
132,138,270
97,142,239
108,159,267
136,163,299
137,167,304
135,166,301
138,169,307
134,175,309
121,171,292
131,185,316
115,197,312
137,192,329
134,206,340
159,194,353
157,183,340
147,199,346
156,188,344
147,188,335
143,191,334
154,169,323
180,138,318
187,118,305
189,98,287
175,92,267
180,109,289
164,115,279
172,102,274
157,112,269
151,117,268
123,114,237
136,116,252
127,123,250
120,153,273
122,160,282
137,157,294
139,170,309
147,179,326
123,190,313
124,189,313
134,192,326
148,187,335
163,173,336
181,158,339
191,154,345
183,152,335
172,133,305
186,117,303
185,144,329
205,158,363
225,113,338
220,123,343
203,113,316
164,108,272
152,111,263
151,127,278
149,126,275
156,118,274
171,115,286
184,143,327
182,204,386
235,148,383
263,148,411
279,152,431
203,151,354
225,137,362
226,124,350
202,166,368
221,134,355
215,151,366
257,123,380
221,134,355
202,152,354
170,147,317
152,137,289
151,128,279
174,111,285
166,112,278
146,106,252
134,111,245
138,93,231
152,107,259
150,102,252
140,97,237
119,122,241
110,271,381
130,283,413
125,298,423
190,226,416
247,170,417
211,139,350
177,125,302
174,110,284
153,108,261
144,100,244
136,87,223
145,137,282
133,145,278
156,138,294
142,142,284
147,126,273
135,119,254
154,107,261
150,88,238
142,112,254
141,106,247
148,102,250
140,93,233
145,137,282
175,107,282
175,105,280
164,127,291
151,115,266
157,115,272
160,136,296
180,123,303
184,117,301
158,102,260
136,91,227
142,82,224
139,107,246
133,119,252
137,111,248
133,107,240
138,109,247
116,98,214
141,96,237
124,101,225
131,106,237
136,103,239
139,103,242
161,117,278
151,115,266
162,108,270
125,102,227
122,98,220
114,92,206
124,88,212
123,81,204
128,97,225
126,92,218
127,82,209
128,106,234
130,105,235
128,109,237
129,135,264
156,132,288
165,127,292
169,124,293
141,138,279
141,123,264
163,95,258
156,110,266
132,127,259
122,125,247
134,112,246
126,108,234
144,102,246
134,102,236
145,99,244
132,103,235
138,134,272
127,158,285
124,168,292
140,163,303
143,170,313
138,182,320
129,183,312
116,193,309
127,191,318
130,174,304
151,175,326
156,181,337
145,193,338
133,203,336
133,201,334
140,196,336
162,170,332
156,157,313
154,153,307
148,157,305
167,130,297
179,114,293
176,117,293
179,95,274
167,97,264
159,101,260
130,118,248
147,103,250
145,103,248
147,115,262
149,125,274
148,123,271
158,111,269
170,107,277
180,147,327
194,174,368
212,163,375
236,149,385
236,131,367
211,127,338
199,127,326
166,116,282
162,156,318
190,139,329
182,145,327
175,150,325
113,162,275
139,161,300
166,146,312
163,151,314
157,147,304
155,121,276
168,100,268
161,88,249
152,81,233
138,108,246
126,117,243
135,121,256
129,114,243
128,148,276
120,164,284
126,163,289
131,151,282
146,150,296
144,162,306
143,171,314
146,163,309
157,146,303
164,127,291
157,112,269
154,101,255
138,97,235
123,150,273
140,150,290
141,141,282
148,158,306
121,147,268
145,124,269
149,118,267
150,108,258
140,94,234
139,108,247
138,127,265
167,115,282
160,110,270
171,139,310
140,138,278
159,147,306
132,138,270
138,141,279
129,147,276
129,151,280
128,165,293
125,164,289
117,162,279
114,160,274
122,155,277
138,155,293
136,159,295
128,145,273
151,129,280
129,120,249
144,119,263
131,113,244
123,111,234
126,113,239
123,112,235
121,108,229
129,117,246
126,119,245
138,103,241
151,89,240
132,87,219
132,81,213
121,81,202
117,81,198
92,113,205
126,124,250
159,117,276
175,106,281
171,106,277
150,114,264
126,115,241
120,107,227
124,116,240
131,126,257
108,133,241
131,128,259
129,135,264
106,129,235
110,126,236
134,111,245
131,112,243
120,104,224
121,111,232
127,102,229
136,97,233
139,88,227
115,94,209
121,101,222
126,96,222
128,98,226
127,103,230
126,101,227
149,123,272
159,144,303
141,151,292
134,154,288
118,159,277
124,157,281
126,158,284
125,156,281
120,145,265
131,162,293
124,173,297
119,177,296
129,173,302
137,169,306
133,170,303
136,163,299
126,165,291
131,157,288
131,155,286
129,148,277
121,156,277
122,159,281
113,174,287
122,182,304
124,189,313
131,183,314
139,186,325
143,164,307
157,177,334
153,208,361
133,208,341
131,223,354
160,195,355
174,170,344
182,175,357
188,183,371
155,187,342
184,172,356
188,183,371
169,203,372
166,195,361
196,167,363
215,185,400
223,162,385
223,189,412
239,173,412
218,165,383
203,172,375
164,194,358
149,197,346
154,194,348
157,179,336
202,137,339
231,102,333
225,92,317
177,103,280
129,99,228
146,125,271
179,133,312
188,120,308
185,116,301
164,115,279
136,122,258
126,140,266
109,149,258
131,148,279
136,144,280
153,129,282
162,116,278
143,116,259
137,130,267
112,131,243
113,126,239
119,131,250
125,127,252
128,129,257
121,132,253
120,136,256
125,134,259
135,131,266
134,128,262
121,126,247
123,132,255
114,130,244
126,119,245
136,114,250
136,108,244
148,98,246
136,108,244
134,119,253
122,135,257
133,130,263
134,161,295
138,178,316
131,181,312
128,184,312
128,192,320
125,206,331
145,212,357
140,219,359
137,227,364
181,184,365
241,121,362
247,119,366
177,133,310
168,264,432
305,130,435
319,124,443
269,131,400
195,102,297
192,90,282
169,154,323
141,153,294
158,138,296
158,121,279
128,117,245
152,107,259
144,101,245
148,91,239
146,95,241
148,90,238
143,103,246
147,91,238
146,148,294
156,145,301
162,125,287
159,112,271
138,103,241
150,98,248
149,121,270
153,107,260
160,97,257
158,145,303
150,156,306
149,169,318
155,169,324
147,179,326
153,189,342
155,193,348
151,203,354
160,205,365
163,210,373
162,215,377
163,229,392
158,231,389
165,227,392
181,211,392
193,196,389
247,152,399
272,137,409
287,111,398
210,162,372
192,130,322
184,113,297
185,101,286
142,94,236
152,129,281
152,140,292
178,111,289
196,117,313
210,154,364
205,154,359
198,138,336
177,153,330
133,198,331
150,203,353
174,182,356
223,136,359
213,124,337
236,113,349
195,127,322
174,137,311
198,163,361
203,190,393
217,184,401
219,144,363
201,145,346
233,173,406
217,186,403
241,177,418
227,172,399
233,124,357
235,126,361
245,161,406
213,136,349
211,144,355
165,147,312
134,146,280
163,156,319
165,161,326
153,167,320
134,174,308
122,181,303
120,185,305
145,158,303
169,141,310
177,123,300
168,100,268
173,128,301
167,127,294
170,149,319
176,120,296
185,147,332
189,158,347
157,141,298
178,111,289
187,90,277
176,124,300
163,122,285
165,124,289
193,126,319
200,105,305
197,119,316
177,119,296
162,105,267
162,119,281
150,117,267
150,113,263
148,138,286
187,157,344
221,129,350
239,168,407
199,280,479
169,303,472
170,313,483
181,339,520
246,332,578
138,316,454
203,280,483
278,207,485
276,174,450
261,146,407
208,127,335
206,124,330
189,118,307
198,113,311
156,111,267
154,131,285
157,120,277
168,115,283
160,101,261
162,127,289
176,117,293
165,133,298
177,116,293
166,125,291
168,125,293
137,113,250
139,146,285
158,119,277
172,107,279
181,122,303
162,114,276
164,104,268
156,109,265
157,91,248
170,108,278
165,150,315
192,111,303
213,135,348
211,137,348
192,141,333
178,141,319
157,136,293
145,121,266
159,112,271
152,121,273
147,105,252
167,100,267
152,118,270
145,112,257
140,109,249
142,146,288
163,126,289
192,138,330
214,128,342
198,124,322
183,130,313
176,118,294
181,107,288
182,188,370
174,191,365
192,165,357
190,158,348
132,155,287
151,139,290
138,122,260
150,111,261
132,94,226
149,87,236
152,171,323
146,192,338
186,180,366
200,210,410
167,221,388
185,212,397
206,176,382
229,137,366
240,147,387
247,114,361
214,124,338
215,210,425
224,174,398
242,152,394
234,154,388
184,145,329
206,127,333
196,188,384
191,190,381
217,149,366
224,148,372
225,152,377
213,183,396
229,164,393
237,144,381
230,131,361
219,134,353
215,122,337
195,132,327
173,140,313
177,141,318
187,126,313
187,110,297
190,160,350
200,130,330
216,143,359
234,152,386
201,180,381
183,177,360
149,183,332
164,186,350
173,167,340
188,167,355
186,157,343
164,165,329
163,160,323
156,162,318
178,156,334
184,138,322
193,152,345
169,153,322
155,141,296
144,139,283
157,157,314
139,162,301
140,174,314
144,168,312
153,161,314
156,155,311
158,140,298
178,103,281
169,103,272
169,97,266
139,103,242
130,115,245
124,135,259
130,157,287
149,174,323
156,166,322
171,152,323
158,150,308
152,148,300
154,139,293
146,160,306
138,166,304
126,167,293
127,156,283
130,152,282
132,152,284
126,150,276
119,154,273
126,156,282
126,167,293
127,198,325
129,202,331
134,202,336
148,186,334
148,189,337
182,137,319
183,112,295
198,135,333
179,115,294
166,103,269
177,132,309
168,137,305
168,139,307
166,133,299
159,129,288
160,117,277
165,94,259
172,119,291
166,122,288
160,123,283
155,110,265
158,101,259
157,117,274
147,129,276
157,122,279
171,110,281
164,146,310
200,141,341
215,100,315
210,95,305
169,122,291
136,145,281
148,155,303
151,138,289
161,142,303
165,168,333
147,204,351
136,213,349
140,227,367
150,213,363
180,176,356
185,157,342
148,151,299
124,151,275
134,142,276
120,163,283
139,154,293
132,170,302
121,165,286
140,165,305
134,167,301
151,135,286
167,123,290
189,155,344
199,130,329
215,159,374
225,146,371
211,116,327
193,137,330
161,161,322
181,158,339
194,164,358
217,151,368
209,172,381
207,169,376
206,166,372
213,161,374
229,134,363
224,141,365
227,121,348
193,117,310
190,137,327
184,154,338
175,219,394
179,213,392
158,219,377
150,258,408
179,231,410
186,212,398
192,194,386
190,162,352
192,155,347
181,142,323
168,124,292
163,107,270
159,94,253
159,132,291
148,148,296
167,139,306
164,136,300
156,139,295
144,136,280
161,124,285
193,98,291
193,87,280
158,104,262
130,115,245
138,119,257
137,141,278
133,143,276
141,144,285
151,121,272
144,112,256
139,107,246
135,165,300
153,147,300
173,129,302
176,112,288
152,104,256
155,126,281
161,128,289
169,129,298
171,113,284
160,113,273
117,117,234
121,130,251
129,132,261
137,116,253
151,110,261
133,119,252
125,117,242
127,112,239
137,105,242
136,106,242
136,104,240
124,122,246
123,143,266
130,150,280
133,151,284
135,160,295
136,185,321
122,202,324
120,214,334
124,208,332
154,179,333
175,171,346
168,180,348
140,196,336
137,213,350
125,212,337
140,217,357
171,183,354
205,144,349
240,109,349
216,122,338
181,149,330
199,142,341
201,138,339
207,121,328
163,107,270
154,116,270
153,108,261
157,107,264
152,94,246
153,124,277
160,111,271
170,95,265
165,125,290
156,124,280
165,105,270
157,94,251
142,126,268
156,156,312
150,153,303
153,155,308
144,139,283
151,122,273
168,108,276
164,96,260
154,141,295
155,141,296
162,122,284
167,120,287
172,95,267
182,113,295
181,100,281
149,95,244
154,124,278
145,110,255
149,141,290
175,118,293
182,144,326
196,196,392
173,196,369
159,187,346
135,189,324
162,216,378
147,211,358
151,213,364
164,191,355
173,173,346
186,191,377
176,207,383
204,177,381
231,173,404
235,193,428
205,189,394
223,149,372
234,172,406
243,179,422
248,275,523
375,134,509
343,139,482
350,151,501
207,145,352
207,139,346
189,123,312
171,121,292
170,104,274
164,101,265
165,96,261
152,130,282
140,133,273
149,131,280
144,117,261
148,107,255
155,87,242
152,97,249
142,98,240
133,89,222
132,85,217
126,129,255
134,154,288
124,161,285
138,168,306
142,162,304
139,154,293
144,151,295
140,153,293
139,159,298
139,158,297
135,161,296
149,152,301
142,147,289
133,145,278
140,135,275
132,144,276
133,155,288
125,173,298
138,159,297
128,154,282
136,146,282
135,149,284
145,140,285
142,128,270
154,107,261
153,96,249
143,87,230
136,108,244
140,122,262
137,122,259
130,114,244
144,104,248
145,105,250
142,103,245
124,113,237
134,124,258
134,117,251
138,120,258
130,125,255
132,119,251
146,121,267
148,114,262
150,107,257
149,96,245
151,114,265
152,109,261
140,109,249
135,99,234
133,93,226
141,96,237
137,128,265
157,138,295
156,137,293
152,146,298
141,171,312
140,185,325
150,180,330
147,180,327
147,180,327
172,143,315
176,139,315
183,132,315
151,156,307
144,282,426
145,291,436
129,291,420
196,218,414
254,168,422
246,143,389
186,118,304
205,126,331
195,116,311
185,96,281
162,142,304
155,199,354
206,162,368
221,165,386
209,179,388
168,157,325
199,129,328
219,97,316
229,86,315
175,104,279
120,117,237
131,124,255
137,116,253
144,102,246
150,86,236
147,133,280
142,157,299
146,177,323
155,183,338
166,171,337
174,175,349
165,183,348
181,170,351
175,166,341
183,162,345
143,163,306
166,178,344
161,197,358
158,204,362
161,191,352
214,182,396
233,166,399
250,168,418
217,160,377
211,161,372
198,170,368
201,149,350
199,178,377
238,151,389
250,153,403
246,185,431
224,164,388
249,180,429
281,156,437
241,155,396
219,151,370
193,143,336
184,152,336
191,133,324
183,173,356
209,147,356
233,150,383
231,152,383
187,169,356
166,166,332
178,152,330
184,131,315
176,119,295
180,100,280
173,138,311
176,145,321
170,152,322
164,155,319
155,157,312
172,162,334
172,160,332
165,148,313
163,134,297
155,115,270
160,106,266
159,135,294
166,119,285
181,130,311
187,150,337
205,113,318
213,116,329
183,109,292
151,116,267
149,113,262
148,114,262
148,120,268
141,126,267
139,129,268
132,143,275
129,153,282
129,159,288
131,171,302
141,172,313
138,190,328
146,195,341
135,205,340
134,209,343
150,197,347
184,168,352
196,168,364
182,172,354
148,175,323
137,184,321
133,191,324
127,194,321
139,204,343
161,200,361
166,203,369
161,206,367
163,178,341
197,146,343
198,148,346
181,151,332
150,158,308
140,161,301
141,161,302
146,171,317
156,172,328
152,168,320
151,160,311
153,150,303
143,148,291
136,142,278
132,140,272
131,133,264
131,136,267
129,135,264
135,136,271
138,137,275
136,140,276
156,109,265
158,91,249
176,113,289
155,114,269
153,94,247
163,135,298
162,136,298
148,126,274
158,112,270
164,120,284
173,107,280
168,93,261
148,113,261
142,117,259
150,109,259
142,107,249
146,110,256
157,107,264
158,104,262
156,117,273
150,116,266
145,108,253
143,103,246
139,90,229
146,117,263
143,139,282
138,134,272
145,119,264
147,109,256
155,92,247
141,81,222
142,90,232
137,115,252
142,115,257
146,103,249
137,96,233
146,125,271
164,106,270
176,121,297
176,109,285
158,114,272
164,151,315
184,117,301
196,137,333
197,169,366
206,175,381
263,174,437
305,151,456
279,157,436
271,148,419
213,155,368
185,162,347
157,174,331
197,160,357
188,178,366
201,192,393
202,183,385
182,196,378
166,197,363
147,216,363
143,228,371
149,209,358
148,209,357
202,162,364
203,145,348
204,141,345
158,125,283
150,115,265
165,104,269
156,99,255
150,99,249
134,100,234
138,99,237
133,99,232
123,105,228
135,122,257
140,118,258
140,107,247
164,138,302
166,119,285
181,99,280
174,110,284
173,138,311
195,107,302
194,89,283
175,129,304
135,140,275
136,151,287
140,157,297
135,163,298
138,158,296
142,151,293
148,144,292
116,137,253
123,134,257
128,132,260
122,134,256
116,138,254
130,143,273
132,149,281
129,145,274
128,142,270
134,134,268
139,120,259
145,113,258
144,112,256
122,114,236
127,114,241
118,109,227
117,107,224
121,109,230
128,104,232
131,104,235
128,102,230
124,105,229
119,104,223
126,99,225
126,98,224
130,103,233
129,103,232
126,103,229
124,103,227
126,111,237
128,121,249
141,108,249
139,101,240
127,97,224
128,94,222
126,94,220
130,113,243
137,123,260
125,123,248
133,130,263
123,124,247
129,134,263
123,143,266
128,147,275
130,154,284
145,144,289
135,140,275
134,128,262
114,127,241
128,144,272
115,153,268
122,156,278
118,154,272
142,154,296
146,167,313
128,171,299
133,172,305
161,138,299
152,151,303
110,161,271
124,180,304
114,195,309
119,206,325
129,206,335
152,190,342
153,203,356
159,183,342
151,177,328
147,185,332
177,163,340
197,155,352
198,154,352
182,144,326
168,140,308
175,155,330
169,140,309
155,124,279
157,142,299
148,156,304
183,144,327
181,140,321
156,135,291
151,136,287
140,143,283
117,151,268
122,175,297
155,157,312
159,155,314
152,156,308
116,151,267
133,134,267
112,142,254
127,138,265
106,138,244
158,107,265
146,126,272
180,150,330
166,161,327
150,178,328
172,185,357
211,168,379
235,158,393
212,162,374
200,149,349
212,164,376
229,151,380
215,149,364
163,189,352
154,191,345
155,222,377
170,195,365
227,131,358
253,112,365
235,161,396
201,177,378
209,151,360
228,146,374
236,165,401
253,191,444
278,175,453
250,175,425
212,169,381
185,150,335
203,117,320
203,181,384
214,155,369
203,141,344
179,150,329
108,153,261
136,149,285
133,148,281
130,154,284
113,164,277
109,169,278
101,179,280
116,178,294
127,202,329
126,204,330
126,213,339
158,200,358
183,187,370
168,192,360
158,189,347
144,188,332
198,126,324
200,121,321
194,106,300
145,109,254
142,110,252
127,107,234
134,103,237
131,109,240
112,127,239
114,142,256
119,182,301
123,416,539
416,127,543
428,125,553
424,124,548
129,111,240
164,96,260
149,101,250
152,128,280
158,124,282
157,123,280
172,157,329
197,132,329
194,146,340
186,146,332
152,137,289
203,118,321
199,106,305
199,135,334
156,126,282
141,128,269
152,132,284
137,122,259
145,109,254
157,113,270
159,107,266
168,87,255
160,150,310
154,130,284
171,122,293
175,132,307
166,106,272
180,107,287
174,185,359
187,139,326
203,118,321
201,144,345
192,109,301
193,143,336
200,141,341
153,135,288
169,148,317
185,154,339
196,157,353
191,156,347
159,149,308
161,146,307
154,197,351
148,230,378
147,238,385
154,252,406
166,245,411
187,230,417
210,355,565
198,374,572
159,390,549
235,334,569
335,236,571
357,213,570
275,187,462
113,180,293
157,172,329
184,138,322
196,114,310
211,201,412
273,130,403
270,134,404
279,195,474
230,176,406
232,179,411
245,166,411
189,175,364
240,179,419
272,156,428
288,187,475
274,174,448
213,168,381
218,164,382
214,136,350
209,166,375
215,161,376
215,144,359
232,140,372
233,179,412
259,142,401
268,155,423
254,130,384
204,112,316
190,123,313
178,136,314
167,147,314
167,135,302
165,116,281
172,124,296
178,108,286
166,98,264
172,136,308
150,135,285
167,138,305
199,174,373
214,155,369
222,145,367
179,147,326
148,159,307
145,151,296
142,160,302
153,172,325
143,182,325
140,190,330
141,207,348
138,237,375
131,256,387
153,258,411
167,254,421
208,218,426
213,211,424
214,207,421
169,222,391
162,212,374
168,222,390
178,220,398
170,206,376
167,189,356
188,159,347
199,151,350
213,122,335
196,141,337
204,131,335
191,119,310
174,121,295
144,116,260
143,168,311
182,134,316
225,125,350
230,119,349
184,153,337
173,148,321
170,156,326
142,173,315
129,174,303
141,172,313
146,175,321
162,160,322
160,157,317
161,170,331
139,178,317
127,188,315
128,204,332
126,215,341
144,200,344
154,191,345
162,180,342
164,154,318
199,119,318
216,122,338
215,112,327
187,89,276
174,124,298
160,106,266
160,102,262
155,129,284
153,116,269
183,142,325
202,128,330
197,110,307
173,112,285
125,116,241
128,118,246
134,114,248
137,107,244
132,106,238
128,96,224
127,95,222
126,101,227
123,103,226
131,96,227
139,103,242
139,137,276
150,153,303
159,160,319
149,175,324
129,205,334
128,222,350
128,245,373
132,249,381
179,209,388
211,212,423
235,199,434
196,221,417
192,236,428
190,232,422
212,234,446
241,208,449
266,176,442
260,140,400
223,158,381
198,157,355
164,163,327
166,149,315
175,130,305
169,151,320
164,158,322
160,168,328
158,162,320
164,153,317
172,155,327
185,168,353
213,136,349
231,141,372
258,166,424
248,170,418
238,144,382
214,146,360
205,106,311
194,135,329
206,173,379
206,160,366
219,159,378
228,134,362
212,118,330
200,183,383
188,165,353
202,140,342
169,136,305
148,136,284
138,139,277
126,137,263
118,149,267
132,153,285
129,146,275
131,144,275
137,155,292
131,170,301
124,182,306
127,209,336
127,216,343
132,209,341
141,209,350
185,160,345
192,151,343
203,153,356
159,140,299
175,131,306
158,136,294
144,143,287
126,142,268
128,136,264
144,118,262
142,121,263
146,124,270
128,147,275
134,177,311
124,195,319
136,183,319
141,188,329
129,201,330
135,198,333
139,204,343
148,197,345
160,180,340
166,187,353
153,199,352
136,197,333
144,203,347
144,235,379
149,237,386
149,253,402
170,232,402
183,212,395
205,184,389
201,174,375
180,194,374
158,183,341
155,170,325
167,158,325
169,148,317
163,141,304
174,119,293
171,106,277
166,109,275
150,102,252
130,143,273
156,126,282
155,112,267
147,117,264
136,135,271
123,134,257
121,137,258
120,135,255
130,145,275
127,149,276
124,149,273
157,144,301
172,164,336
175,165,340
169,144,313
178,120,298
196,132,328
200,128,328
187,118,305
163,121,284
182,137,319
196,130,326
198,145,343
209,108,317
190,154,344
201,151,352
166,132,298
192,96,288
184,89,273
179,85,264
142,125,267
137,131,268
138,134,272
137,136,273
125,143,268
134,140,274
131,141,272
140,138,278
139,146,285
140,152,292
132,160,292
137,155,292
160,132,292
171,121,292
177,112,289
170,95,265
172,142,314
180,123,303
187,152,339
204,142,346
173,126,299
216,117,333
183,161,344
188,155,343
214,134,348
235,122,357
208,150,358
195,150,345
186,153,339
206,165,371
200,175,375
199,168,367
192,160,352
186,135,321
204,155,359
214,129,343
195,114,309
169,106,275
140,96,236
151,125,276
151,110,261
153,103,256
149,94,243
140,124,264
154,110,264
153,103,256
146,92,238
136,117,253
150,106,256
152,95,247
152,104,256
145,97,242
152,120,272
149,110,259
144,104,248
154,92,246
148,122,270
150,129,279
176,153,329
205,123,328
214,113,327
180,119,299
148,122,270
155,140,295
162,134,296
156,134,290
152,132,284
149,136,285
147,132,279
160,119,279
169,141,310
191,108,299
185,93,278
163,119,282
143,124,267
152,111,263
153,100,253
155,117,272
158,118,276
150,139,289
139,133,272
158,117,275
169,101,270
161,106,267
140,105,245
119,101,220
127,99,226
127,94,221
118,93,211
114,115,229
124,137,261
128,142,270
149,159,308
159,169,328
158,178,336
130,187,317
123,199,322
172,187,359
191,174,365
196,170,366
150,162,312
139,164,303
145,157,302
144,148,292
168,102,270
177,88,265
167,157,324
153,154,307
153,145,298
191,146,337
185,125,310
238,99,337
178,126,304
161,148,309
126,141,267
137,126,263
152,108,260
157,96,253
147,106,253
154,103,257
150,158,308
167,133,300
167,128,295
160,127,287
128,135,263
118,136,254
136,157,293
121,168,289
125,168,293
140,171,311
140,182,322
138,189,327
127,198,325
110,208,318
144,193,337
154,184,338
152,189,341
166,164,330
163,171,334
169,169,338
142,161,303
145,153,298
161,136,297
162,121,283
155,112,267
155,155,310
178,141,319
181,168,349
225,139,364
200,136,336
200,141,341
161,120,281
168,160,328
207,337,544
377,177,554
384,197,581
304,182,486
189,154,343
239,134,373
228,125,353
190,123,313
153,125,278
148,124,272
149,121,270
155,119,274
153,122,275
155,122,277
152,125,277
151,130,281
147,151,298
153,152,305
146,203,349
149,243,392
180,209,389
188,244,432
198,232,430
151,232,383
161,218,379
205,169,374
241,140,381
269,131,400
230,142,372
205,160,365
180,156,336
167,135,302
169,151,320
193,305,498
191,320,511
206,326,532
206,332,538
261,278,539
155,251,406
209,237,446
228,215,443
218,192,410
207,203,410
171,202,373
187,183,370
186,212,398
172,215,387
170,192,362
169,212,381
176,211,387
155,212,367
152,211,363
197,156,353
212,138,350
216,138,354
192,119,311
178,179,357
197,155,352
193,166,359
207,173,380
178,166,344
176,189,365
163,188,351
161,187,348
162,183,345
177,170,347
163,174,337
170,179,349
147,175,322
162,176,338
160,179,339
166,191,357
168,216,384
165,233,398
155,237,392
155,262,417
190,234,424
210,222,432
235,195,430
209,192,401
172,185,357
166,173,339
146,157,303
172,132,304
186,111,297
194,130,324
173,110,283
174,153,327
189,124,313
180,116,296
189,134,323
163,136,299
183,141,324
180,175,355
160,200,360
148,243,391
137,241,378
136,251,387
195,198,393
212,188,400
219,175,394
159,159,318
150,158,308
145,158,303
143,160,303
186,118,304
191,103,294
180,97,277
142,127,269
150,123,273
155,129,284
153,136,289
135,133,268
139,129,268
176,200,376
192,193,385
214,184,398
182,196,378
135,197,332
170,215,385
176,222,398
157,246,403
180,257,437
184,275,459
180,303,483
183,310,493
220,296,516
248,302,550
260,279,539
244,267,511
216,262,478
222,256,478
245,251,496
249,265,514
217,275,492
197,273,470
195,275,470
224,241,465
213,217,430
226,184,410
194,165,359
223,123,346
201,106,307
198,125,323
172,115,287
183,152,335
194,141,335
183,149,332
160,173,333
123,181,304
125,185,310
130,178,308
142,165,307
139,159,298
138,159,297
127,158,285
130,167,297
128,170,298
135,175,310
140,164,304
147,168,315
133,164,297
150,178,328
139,240,379
149,257,406
145,240,385
209,197,406
211,215,426
194,227,421
153,219,372
151,218,369
186,195,381
181,230,411
177,245,422
136,257,393
187,208,395
201,209,410
209,220,429
183,215,398
173,208,381
174,197,371
155,191,346
178,167,345
183,152,335
177,136,313
165,111,276
165,95,260
162,194,356
182,184,366
240,130,370
245,136,381
214,158,372
145,175,320
128,184,312
131,195,326
141,241,382
137,239,376
144,245,389
196,184,380
202,170,372
242,123,365
211,134,345
222,112,334
198,134,332
186,130,316
168,131,299
175,121,296
174,134,308
194,114,308
202,123,325
198,112,310
177,142,319
170,139,309
176,140,316
187,139,326
186,148,334
188,156,344
167,150,317
157,141,298
163,140,303
153,150,303
161,164,325
151,170,321
152,216,368
147,223,370
146,227,373
155,222,377
182,194,376
189,190,379
148,189,337
153,178,331
145,197,342
166,198,364
166,211,377
174,216,390
169,278,447
164,282,446
184,257,441
221,202,423
234,166,400
230,165,395
213,223,436
251,171,422
295,113,408
264,103,367
156,156,312
219,142,361
210,151,361
221,165,386
197,197,394
203,177,380
221,163,384
218,175,393
164,185,349
198,202,400
251,155,406
292,168,460
310,128,438
259,149,408
222,152,374
175,153,328
171,167,338
192,169,361
192,162,354
205,146,351
185,143,328
165,151,316
151,172,323
155,173,328
182,159,341
189,154,343
202,137,339
176,142,318
171,151,322
145,159,304
157,149,306
140,146,286
141,140,281
144,138,282
138,144,282
150,155,305
164,141,305
176,147,323
164,165,329
165,163,328
166,166,332
181,159,340
169,167,336
168,174,342
165,172,337
180,161,341
219,139,358
234,156,390
249,193,442
274,171,445
305,142,447
260,142,402
173,137,310
161,129,290
168,152,320
202,116,318
193,133,326
221,137,358
215,137,352
244,139,383
213,141,354
177,139,316
143,162,305
167,160,327
223,108,331
224,191,415
233,192,425
237,174,411
281,122,403
208,102,310
194,178,372
168,169,337
204,126,330
213,148,361
183,130,313
202,119,321
200,91,291
173,162,335
177,151,328
218,130,348
216,123,339
178,125,303
173,118,291
156,199,355
174,178,352
213,141,354
202,145,347
135,152,287
145,140,285
162,119,281
169,100,269
164,92,256
150,120,270
138,122,260
151,107,258
157,124,281
151,142,293
193,146,339
204,153,357
210,168,378
176,150,326
184,114,298
200,98,298
181,98,279
158,127,285
151,151,302
155,161,316
207,140,347
224,108,332
246,129,375
182,144,326
185,190,375
217,151,368
226,153,379
235,163,398
189,172,361
201,164,365
195,141,336
193,133,326
207,193,400
225,199,424
261,149,410
243,146,389
202,152,354
137,153,290
133,163,296
124,185,309
138,196,334
139,208,347
140,217,357
150,238,388
156,224,380
184,191,375
256,102,358
256,135,391
232,134,366
151,136,287
140,158,298
177,141,318
172,174,346
170,182,352
131,220,351
146,242,388
168,227,395
224,196,420
222,204,426
204,206,410
142,201,343
162,163,325
183,126,309
198,111,309
168,97,265
167,186,353
188,247,435
206,285,491
184,294,478
168,273,441
241,306,547
215,377,592
219,367,586
213,329,542
320,253,573
359,197,556
290,190,480
314,116,430
241,115,356
206,110,316
127,111,238
132,116,248
125,147,272
128,142,270
163,101,264
145,99,244
159,97,256
123,90,213
130,91,221
125,91,216
122,124,246
119,236,355
158,221,379
220,223,443
193,304,497
201,326,527
140,311,451
261,212,473
272,156,428
305,150,455
157,143,300
157,149,306
146,153,299
129,163,292
133,165,298
131,169,300
132,172,304
126,180,306
124,194,318
139,188,327
147,183,330
157,180,337
147,185,332
138,186,324
128,191,319
155,166,321
173,150,323
178,164,342
152,176,328
131,172,303
128,181,309
127,190,317
138,180,318
141,185,326
142,196,338
150,180,330
151,189,340
152,197,349
131,204,335
151,180,331
155,185,340
154,187,341
141,185,326
143,200,343
149,200,349
158,244,402
278,145,423
281,153,434
268,158,426
152,171,323
159,295,454
155,316,471
139,343,482
265,219,484
326,150,476
357,120,477
243,130,373
199,114,313
190,94,284
173,165,338
153,224,377
252,142,394
252,142,394
213,149,362
161,149,310
158,172,330
179,149,328
222,153,375
255,136,391
262,98,360
205,126,331
124,226,350
185,175,360
268,159,427
239,185,424
223,130,353
215,150,365
217,155,372
216,147,363
177,136,313
176,108,284
184,164,348
185,176,361
214,137,351
212,138,350
161,131,292
138,135,273
142,125,267
153,102,255
150,117,267
152,123,275
152,128,280
175,141,316
202,179,381
184,154,338
224,116,340
187,118,305
161,132,293
151,196,347
244,129,373
267,115,382
224,119,343
173,150,323
178,125,303
185,119,304
195,117,312
168,137,305
169,198,367
140,215,355
142,222,364
206,171,377
259,222,481
295,218,513
272,174,446
238,204,442
176,266,442
217,244,461
185,242,427
193,200,393
190,154,344
165,158,323
136,210,346
145,200,345
154,175,329
201,143,344
195,133,328
172,139,311
172,89,261
179,79,258
122,122,244
123,137,260
129,126,255
173,85,258
167,200,367
116,200,316
185,126,311
218,164,382
166,174,340
217,158,375
232,188,420
270,119,389
229,152,381
179,151,330
131,134,265
156,108,264
162,180,342
110,180,290
134,164,298
186,139,325
186,139,325
167,122,289
157,94,251
162,95,257
107,88,195
123,88,211
119,123,242
141,202,343
188,213,401
207,240,447
169,241,410
100,282,382
159,251,410
236,259,495
303,321,624
479,144,623
455,184,639
472,148,620
255,195,450
245,247,492
285,197,482
348,131,479
325,205,530
261,185,446
261,231,492
230,209,439
270,203,473
276,166,442
289,105,394
192,96,288
162,147,309
184,117,301
199,106,305
187,124,311
139,167,306
175,196,371
191,219,410
220,162,382
249,123,372
215,128,343
169,130,299
113,125,238
132,180,312
139,211,350
170,178,348
215,144,359
208,143,351
160,176,336
132,173,305
155,185,340
189,151,340
232,120,352
208,112,320
201,131,332
159,130,289
170,144,314
171,142,313
177,162,339
196,174,370
220,198,418
218,234,452
243,248,491
206,266,472
229,214,443
193,242,435
211,306,517
141,395,536
151,441,592
215,414,629
346,303,649
403,214,617
363,189,552
274,147,421
195,142,337
182,152,334
174,150,324
158,160,318
175,182,357
222,142,364
203,140,343
167,226,393
186,170,356
259,114,373
205,238,443
247,196,443
231,165,396
247,174,421
148,212,360
142,283,425
127,267,394
159,240,399
239,191,430
242,194,436
273,185,458
203,217,420
207,221,428
163,219,382
151,175,326
169,207,376
128,185,313
156,187,343
97,184,281
160,148,308
157,144,301
108,147,255
117,144,261
122,157,279
116,177,293
126,174,300
146,168,314
166,170,336
166,164,330
134,143,277
173,144,317
161,174,335
117,172,289
151,140,291
190,113,303
149,130,279
103,119,222
131,134,265
169,138,307
198,109,307
207,101,308
165,92,257
150,129,279
156,128,284
164,149,313
170,164,334
167,157,324
149,150,299
168,131,299
180,180,360
223,139,362
227,120,347
220,106,326
176,144,320
180,126,306
165,122,287
150,119,269
113,137,250
116,153,269
121,160,281
134,158,292
147,171,318
137,183,320
124,204,328
117,219,336
156,208,364
162,205,367
163,209,372
154,171,325
201,137,338
214,134,348
176,135,311
158,114,272
154,113,267
178,130,308
187,103,290
171,161,332
192,133,325
178,109,287
176,103,279
127,101,228
142,120,262
166,125,291
169,116,285
194,137,331
184,129,313
202,110,312
195,158,353
214,110,324
208,87,295
174,130,304
159,132,291
144,117,261
148,102,250
158,126,284
183,100,283
179,87,266
165,125,290
138,128,266
141,118,259
146,128,274
145,120,265
146,112,258
135,111,246
114,122,236
128,119,247
117,109,226
135,106,241
132,117,249
132,112,244
134,105,239
135,98,233
121,94,215
129,95,224
122,99,221
127,109,236
129,111,240
146,126,272
174,122,296
188,139,327
195,140,335
168,153,321
151,162,313
162,156,318
151,164,315
154,162,316
138,165,303
144,150,294
165,120,285
179,125,304
186,175,361
216,135,351
242,116,358
218,112,330
176,99,275
162,149,311
173,122,295
166,105,271
163,98,261
115,123,238
128,159,287
138,154,292
142,145,287
169,106,275
144,113,257
158,124,282
116,132,248
119,139,258
118,135,253
127,130,257
146,152,298
182,123,305
195,105,300
189,143,332
167,139,306
176,128,304
141,125,266
134,126,260
129,123,252
131,130,261
129,137,266
116,139,255
120,144,264
128,153,281
124,165,289
108,168,276
121,174,295
114,179,293
126,196,322
124,213,337
121,212,333
150,209,359
156,214,370
170,201,371
160,200,360
158,186,344
159,162,321
169,141,310
172,125,297
168,107,275
163,90,253
152,106,258
129,112,241
128,102,230
140,83,223
138,123,261
144,159,303
145,162,307
157,152,309
163,147,310
176,133,309
169,139,308
176,135,311
185,112,297
216,135,351
212,125,337
186,119,305
155,118,273
124,108,232
136,106,242
140,93,233
137,88,225
131,83,214
132,108,240
132,100,232
135,88,223
126,117,243
147,110,257
152,116,268
152,106,258
147,128,275
156,130,286
147,126,273
158,114,272
149,110,259
149,114,263
133,113,246
120,110,230
129,115,244
128,118,246
149,161,310
189,123,312
203,156,359
220,139,359
170,132,302
162,126,288
134,119,253
156,100,256
175,138,313
172,139,311
157,134,291
143,144,287
121,149,270
143,133,276
145,122,267
145,115,260
128,118,246
120,122,242
124,129,253
124,138,262
123,140,263
129,137,266
124,153,277
131,180,311
124,182,306
140,189,329
156,161,317
154,160,314
165,144,309
123,146,269
114,126,240
139,127,266
127,128,255
123,121,244
144,104,248
151,94,245
142,106,248
119,113,232
119,109,228
120,102,222
110,117,227
138,149,287
141,146,287
134,141,275
142,141,283
130,152,282
128,149,277
119,180,299
104,346,450
122,363,485
103,381,484
266,255,521
327,217,544
357,199,556
276,195,471
191,186,377
152,192,344
167,168,335
162,168,330
165,187,352
136,188,324
117,197,314
121,187,308
146,157,303
152,151,303
144,135,279
134,138,272
130,156,286
119,156,275
122,156,278
125,156,281
141,143,284
142,124,266
185,102,287
180,127,307
196,105,301
183,139,322
189,128,317
165,133,298
160,138,298
154,114,268
165,98,263
161,96,257
137,104,241
137,96,233
142,159,301
147,153,300
140,165,305
139,152,291
90,147,237
132,128,260
113,147,260
179,133,312
184,134,318
183,120,303
140,116,256
136,126,262
88,134,222
111,165,276
126,171,297
124,169,293
117,195,312
110,227,337
156,201,357
160,203,363
189,189,378
152,197,349
154,192,346
154,171,325
179,189,368
165,199,364
160,206,366
141,205,346
147,190,337
167,179,346
169,176,345
180,167,347
188,160,348
158,152,310
153,154,307
132,146,278
141,148,289
158,149,307
155,149,304
161,139,300
180,114,294
168,103,271
167,106,273
128,108,236
118,132,250
123,153,276
135,141,276
134,137,271
138,131,269
129,124,253
122,161,283
114,167,281
150,148,298
157,141,298
149,130,279
142,108,250
139,101,240
137,94,231
118,86,204
130,123,253
96,117,213
133,114,247
130,109,239
119,102,221
117,99,216
115,93,208
123,97,220
121,98,219
122,126,248
145,125,270
142,119,261
170,100,270
154,100,254
150,93,243
132,100,232
119,105,224
120,100,220
127,103,230
125,101,226
116,111,227
113,118,231
106,123,229
127,124,251
110,129,239
124,129,253
122,139,261
90,135,225
117,135,252
128,131,259
125,140,265
124,134,258
125,135,260
130,132,262
134,128,262
128,127,255
127,129,256
124,128,252
124,129,253
124,127,251
123,134,257
127,131,258
127,130,257
130,132,262
131,131,262
129,129,258
128,126,254
127,125,252
124,133,257
124,143,267
125,158,283
129,160,289
134,153,287
143,141,284
146,135,281
142,133,275
132,136,268
133,128,261
133,135,268
127,134,261
130,134,264
127,133,260
133,126,259
128,126,254
129,131,260
125,129,254
127,134,261
126,132,258
131,127,258
127,126,253
126,126,252
122,124,246
123,122,245
129,113,242
129,112,241
131,110,241
122,108,230
123,106,229
123,104,227
122,102,224
123,101,224
123,101,224
128,96,224
129,93,222
130,92,222
125,91,216
123,92,215
123,92,215
126,87,213
130,84,214
130,83,213
123,83,206
122,82,204
121,83,204
123,81,204
125,116,241
126,115,241
128,110,238
127,108,235
113,105,218
123,103,226
123,105,228
123,121,244
126,166,292
129,186,315
143,172,315
151,170,321
151,170,321
139,165,304
128,159,287
115,175,290
142,151,293
155,134,289
172,118,290
175,164,339
188,146,334
169,156,325
157,141,298
111,126,237
155,114,269
147,113,260
149,118,267
143,126,269
139,215,354
185,178,363
187,159,346
163,152,315
119,139,258
154,102,256
174,153,327
187,137,324
167,119,286
193,117,310
165,106,271
171,179,350
158,163,321
148,157,305
134,148,282
83,143,226
112,139,251
77,130,207
117,114,231
142,118,260
128,102,230
148,98,246
135,96,231
143,143,286
158,139,297
157,124,281
161,104,265
145,104,249
137,93,230
142,152,294
139,157,296
142,161,303
132,151,283
105,139,244
139,125,264
134,145,279
183,118,301
181,95,276
192,104,296
161,91,252
148,98,246
146,140,286
151,138,289
165,121,286
163,143,306
134,150,284
131,155,286
134,140,274
144,133,277
130,131,261
166,123,289
180,120,300
171,127,298
128,123,251
116,133,249
123,125,248
132,151,283
112,148,260
145,133,278
172,100,272
170,168,338
205,140,345
184,140,324
153,145,298
137,161,298
148,152,300
163,146,309
157,162,319
145,180,325
125,189,314
115,200,315
121,205,326
180,145,325
202,131,333
197,126,323
141,121,262
129,114,243
165,131,296
182,129,311
198,111,309
173,138,311
163,147,310
146,160,306
151,179,330
155,173,328
159,172,331
165,179,344
178,186,364
174,222,396
196,195,391
219,157,376
220,145,365
175,131,306
148,121,269
166,94,260
161,133,294
170,122,292
146,106,252
142,92,234
120,84,204
124,151,275
130,148,278
141,157,298
133,154,287
115,141,256
120,129,249
136,114,250
157,107,264
181,98,279
174,112,286
161,116,277
152,110,262
150,96,246
145,90,235
142,95,237
146,138,284
155,118,273
160,111,271
142,99,241
151,137,288
153,143,296
130,144,274
135,144,279
112,147,259
138,158,296
129,184,313
117,197,314
114,212,326
119,237,356
164,209,373
191,203,394
181,186,367
153,184,337
158,152,310
168,146,314
190,147,337
161,142,303
149,152,301
126,130,256
144,110,254
160,91,251
147,107,254
162,112,274
140,98,238
144,130,274
173,102,275
174,100,274
151,111,262
136,102,238
136,91,227
165,96,261
165,107,272
181,91,272
166,129,295
154,124,278
140,119,259
148,122,270
139,146,285
165,142,307
195,103,298
185,97,282
167,93,260
128,89,217
116,89,205
120,87,207
128,105,233
134,101,235
142,88,230
140,90,230
126,110,236
120,129,249
147,138,285
143,133,276
150,110,260
146,132,278
165,109,274
158,105,263
149,97,246
111,96,207
86,98,184
117,99,216
121,102,223
118,102,220
128,100,228
110,97,207
130,113,243
119,133,252
133,141,274
138,147,285
130,156,286
133,153,286
124,146,270
123,142,265
120,137,257
91,133,224
126,127,253
122,121,243
124,115,239
121,121,242
114,123,237
120,121,241
138,101,239
139,99,238
114,97,211
112,107,219
122,121,243
102,129,231
124,145,269
124,154,278
127,155,282
129,163,292
123,161,284
113,168,281
126,165,291
130,169,299
123,186,309
123,180,303
131,177,308
139,169,308
143,153,296
144,147,291
130,148,278
123,149,272
118,150,268
124,149,273
130,135,265
130,139,269
128,135,263
127,133,260
134,124,258
129,125,254
103,130,233
124,141,265
126,156,282
133,290,423
142,298,440
147,297,444
206,241,447
252,183,435
253,170,423
171,141,312
172,128,300
156,130,286
136,138,274
123,151,274
124,155,279
125,153,278
133,174,307
140,182,322
127,197,324
151,215,366
292,120,412
317,90,407
290,130,420
172,116,288
160,94,254
179,122,301
162,124,286
152,112,264
138,104,242
128,93,221
106,81,187
137,139,276
136,136,272
137,142,279
140,152,292
120,183,303
146,182,328
150,176,326
152,155,307
182,116,298
196,92,288
189,86,275
157,102,259
137,104,241
134,106,240
138,113,251
137,107,244
140,116,256
135,134,269
127,141,268
150,132,282
152,111,263
153,96,249
154,103,257
139,104,243
133,104,237
129,94,223
136,109,245
149,101,250
149,92,241
136,93,229
138,94,232
135,81,216
127,106,233
137,106,243
136,101,237
143,88,231
142,95,237
129,86,215
143,93,236
135,88,223
131,87,218
130,114,244
151,120,271
184,110,294
202,91,293
175,81,256
138,92,230
132,105,237
133,126,259
172,82,254
173,105,278
169,101,270
133,92,225
139,105,244
140,101,241
140,92,232
143,95,238
137,88,225
141,88,229
135,103,238
152,99,251
154,127,281
153,126,279
128,113,241
153,118,271
164,96,260
176,115,291
176,101,277
153,92,245
157,98,255
137,100,237
149,92,241
127,114,241
133,133,266
128,138,266
136,142,278
122,144,266
132,139,271
134,141,275
133,139,272
123,136,259
134,136,270
130,133,263
136,125,261
139,124,263
134,128,262
127,122,249
118,125,243
124,120,244
132,111,243
120,112,232
126,114,240
128,118,246
124,118,242
125,113,238
131,119,250
121,113,234
125,109,234
124,104,228
123,102,225
127,103,230
122,114,236
122,114,236
136,103,239
135,95,230
151,85,236
145,89,234
133,87,220
142,108,250
140,128,268
158,120,278
167,104,271
164,94,258
135,86,221
137,135,272
135,134,269
162,104,266
166,106,272
159,98,257
148,89,237
145,112,257
142,108,250
150,95,245
150,113,263
151,107,258
148,106,254
141,110,251
159,124,283
168,131,299
180,129,309
180,110,290
174,113,287
157,111,268
143,113,256
154,125,279
148,130,278
153,151,304
135,172,307
147,167,314
164,170,334
166,211,377
174,192,366
201,162,363
198,145,343
193,159,352
231,128,359
241,120,361
213,112,325
154,99,253
125,91,216
101,105,206
124,112,236
132,116,248
149,93,242
164,90,254
154,109,263
150,117,267
159,120,279
160,114,274
144,99,243
139,96,235
145,91,236
142,84,226
133,101,234
140,94,234
145,84,229
132,96,228
136,82,218
134,95,229
135,95,230
130,85,215
137,106,243
140,112,252
141,104,245
141,94,235
138,94,232
141,109,250
144,106,250
133,103,236
139,117,256
135,114,249
147,115,262
134,117,251
136,110,246
134,110,244
128,105,233
138,90,228
143,110,253
144,103,247
135,92,227
140,83,223
137,102,239
136,98,234
139,90,229
138,97,235
143,84,227
144,89,233
129,90,219
137,92,229
131,107,238
147,120,267
157,97,254
167,85,252
150,116,266
136,136,272
137,136,273
132,142,274
115,151,266
111,145,256
112,137,249
125,121,246
140,111,251
132,93,225
142,83,225
143,114,257
159,100,259
170,127,297
175,127,302
151,121,272
155,111,266
141,108,249
144,104,248
130,108,238
119,103,222
112,103,215
123,101,224
118,101,219
122,105,227
126,99,225
129,93,222
132,94,226
119,92,211
125,85,210
131,99,230
124,103,227
127,92,219
143,115,258
154,109,263
156,115,271
150,103,253
145,88,233
140,81,221
127,76,203
103,92,195
112,88,200
119,116,235
132,116,248
133,110,243
139,111,250
128,113,241
126,118,244
118,117,235
109,110,219
126,114,240
112,107,219
121,102,223
129,89,218
136,140,276
147,147,294
151,155,306
136,153,289
119,150,269
128,139,267
130,147,277
119,158,277
121,169,290
103,182,285
123,183,306
110,188,298
139,170,309
146,171,317
143,168,311
134,163,297
118,155,273
139,138,277
136,125,261
142,119,261
139,107,246
126,84,210
146,76,222
140,89,229
126,93,219
121,107,228
153,131,284
177,100,277
190,118,308
163,137,300
131,139,270
146,119,265
151,102,253
147,96,243
120,95,215
128,95,223
131,120,251
140,124,264
175,100,275
172,98,270
142,101,243
132,105,237
136,113,249
127,139,266
119,142,261
104,155,259
128,179,307
140,194,334
134,231,365
141,230,371
136,215,351
162,174,336
192,139,331
209,121,330
171,112,283
153,102,255
146,105,251
163,99,262
162,83,245
166,92,258
138,96,234
117,93,210
125,109,234
123,114,237
126,120,246
127,123,250
126,118,244
125,113,238
123,110,233
122,108,230
117,105,222
119,100,219
122,102,224
122,93,215
129,89,218
128,89,217
124,119,243
123,120,243
124,115,239
122,118,240
116,119,235
127,109,236
120,104,224
130,99,229
126,96,222
128,93,221
123,90,213
122,90,212
124,94,218
124,92,216
123,92,215
127,89,216
112,83,195
129,96,225
129,93,222
122,89,211
125,117,242
135,107,242
136,106,242
136,103,239
118,101,219
124,105,229
122,102,224
125,110,235
127,117,244
124,119,243
125,117,242
128,118,246
126,121,247
129,123,252
123,133,256
133,151,284
135,180,315
126,183,309
150,154,304
156,149,305
155,145,300
133,143,276
130,140,270
135,134,269
139,135,274
142,130,272
137,130,267
128,137,265
128,132,260
130,126,256
131,134,265
131,130,261
128,134,262
130,133,263
131,136,267
132,132,264
133,129,262
130,129,259
132,129,261
129,127,256
127,133,260
125,132,257
130,126,256
130,128,258
130,128,258
128,130,258
127,127,254
131,125,256
127,131,258
127,125,252
126,124,250
125,129,254
127,127,254
126,126,252
129,129,258
129,128,257
127,125,252
129,119,248
133,114,247
132,111,243
127,119,246
122,277,399
121,304,425
125,325,450
154,314,468
254,239,493
275,209,484
212,157,369
222,134,356
192,121,313
151,109,260
141,101,242
138,92,230
137,80,217
136,161,297
137,161,298
132,155,287
136,149,285
85,144,229
118,134,252
141,118,259
143,106,249
147,99,246
137,127,264
155,105,260
156,94,250
160,98,258
139,134,273
153,126,279
154,111,265
140,134,274
139,202,341
225,190,415
274,165,439
244,160,404
190,149,339
166,124,290
172,156,328
158,159,317
122,161,283
114,159,273
136,171,307
120,171,291
121,165,286
133,160,293
136,141,277
160,107,267
180,179,359
197,175,372
174,173,347
161,167,328
110,167,277
140,157,297
147,165,312
124,164,288
140,162,302
123,159,282
146,154,300
140,156,296
130,153,283
143,137,280
144,132,276
172,139,311
195,120,315
187,111,298
154,105,259
121,99,220
97,94,191
114,92,206
119,88,207
132,114,246
130,136,266
119,136,255
122,160,282
117,189,306
120,189,309
105,193,298
135,192,327
188,120,308
210,144,354
193,179,372
153,149,302
159,138,297
119,130,249
149,124,273
117,119,236
106,122,228
103,141,244
126,165,291
112,167,279
128,155,283
129,156,285
124,150,274
109,147,256
115,140,255
120,134,254
112,130,242
115,131,246
115,147,262
122,156,278
115,161,276
120,164,284
155,123,278
164,119,283
164,117,281
161,112,273
164,125,289
159,133,292
141,145,286
140,162,302
157,152,309
183,109,292
219,95,314
185,108,293
130,132,262
119,146,265
120,153,273
79,150,229
113,148,261
121,138,259
126,134,260
109,139,248
125,135,260
108,171,279
117,199,316
113,216,329
110,219,329
138,198,336
175,161,336
205,141,346
186,142,328
160,149,309
136,151,287
136,143,279
122,140,262
131,145,276
124,144,268
116,148,264
119,157,276
121,168,289
125,169,294
120,178,298
110,183,293
128,193,321
137,189,326
135,199,334
145,215,360
143,205,348
144,214,358
148,202,350
198,151,349
201,150,351
165,145,310
140,140,280
129,179,308
129,199,328
122,207,329
132,195,327
137,194,331
133,171,304
186,111,297
216,143,359
214,148,362
162,148,310
130,144,274
102,131,233
136,111,247
148,157,305
184,121,305
176,131,307
140,139,279
110,141,251
118,137,255
135,115,250
155,145,300
167,113,280
183,92,275
175,116,291
149,105,254
139,100,239
151,160,311
152,171,323
134,175,309
151,159,310
104,157,261
151,143,294
173,135,308
194,117,311
172,117,289
162,131,293
125,131,256
111,124,235
136,106,242
138,100,238
138,94,232
121,109,230
150,126,276
162,105,267
171,95,266
163,87,250
147,123,270
147,121,268
154,121,275
163,130,293
152,129,281
165,110,275
159,151,310
182,134,316
174,138,312
149,128,277
120,119,239
119,138,257
186,105,291
178,101,279
155,98,253
123,93,216
119,89,208
104,89,193
119,86,205
120,88,208
110,84,194
97,90,187
118,100,218
117,113,230
114,109,223
126,96,222
111,97,208
127,94,221
93,100,193
126,96,222
103,105,208
122,104,226
97,99,196
117,90,207
102,97,199
122,93,215
102,99,201
125,100,225
104,95,199
118,97,215
119,101,220
100,106,206
130,100,230
123,94,217
120,85,205
107,101,208
124,109,233
117,108,225
143,122,265
151,149,300
158,164,322
165,157,322
154,171,325
159,179,338
144,194,338
141,206,347
136,225,361
143,243,386
159,237,396
178,231,409
177,240,417
210,203,413
212,181,393
233,158,391
212,145,357
183,139,322
165,130,295
149,140,289
141,147,288
154,137,291
161,145,306
150,150,300
139,160,299
124,167,291
123,175,298
123,180,303
101,184,285
135,179,314
127,187,314
135,188,323
137,186,323
144,187,331
140,207,347
134,234,368
134,230,364
143,241,384
177,206,383
174,189,363
185,168,353
164,139,303
178,113,291
168,149,317
185,118,303
168,111,279
169,104,273
168,149,317
161,130,291
187,116,303
158,113,271
135,125,260
140,111,251
179,119,298
155,112,267
151,102,253
152,104,256
161,118,279
181,107,288
173,112,285
167,106,273
137,110,247
121,107,228
118,113,231
110,92,202
143,94,237
123,91,214
111,98,209
120,95,215
111,90,201
122,89,211
120,90,210
106,95,201
122,90,212
128,83,211
129,78,207
111,84,195
125,80,205
121,95,216
119,103,222
124,108,232
116,104,220
134,96,230
122,110,232
124,127,251
97,131,228
111,132,243
121,136,257
127,135,262
125,134,259
123,155,278
120,165,285
119,178,297
130,177,307
124,167,291
133,161,294
128,148,276
134,145,279
130,143,273
122,145,267
128,162,290
119,180,299
121,175,296
121,171,292
121,173,294
132,145,277
153,158,311
161,142,303
148,134,282
162,97,259
182,100,282
185,91,276
149,105,254
164,85,249
152,107,259
157,110,267
133,110,243
139,110,249
129,103,232
127,96,223
104,97,201
124,100,224
117,89,206
136,84,220
111,80,191
118,91,209
94,95,189
128,91,219
130,84,214
130,77,207
126,88,214
115,85,200
120,82,202
122,77,199
119,90,209
122,85,207
126,77,203
127,90,217
122,86,208
119,89,208
123,106,229
118,109,227
120,111,231
120,111,231
128,107,235
129,117,246
128,120,248
127,113,240
135,103,238
125,104,229
128,101,229
127,103,230
129,108,237
126,125,251
123,122,245
112,116,228
124,111,235
125,105,230
127,104,231
117,101,218
120,95,215
123,91,214
114,86,200
122,84,206
122,95,217
125,90,215
127,89,216
128,114,242
129,110,239
138,103,241
136,111,247
126,117,243
127,121,248
123,121,244
121,120,241
122,129,251
125,132,257
111,154,265
116,161,277
129,160,289
123,170,293
125,182,307
124,185,309
130,185,315
146,162,308
158,140,298
155,152,307
138,158,296
119,155,274
121,149,270
126,143,269
130,136,266
133,130,263
133,118,251
132,112,244
139,135,274
137,275,412
164,263,427
215,217,432
216,220,436
206,187,393
136,173,309
160,160,320
162,169,331
156,174,330
131,183,314
122,174,296
142,169,311
156,156,312
146,151,297
140,156,296
139,150,289
140,146,286
132,132,264
157,116,273
154,107,261
143,113,256
138,108,246
141,93,234
143,126,269
138,117,255
152,106,258
137,101,238
120,96,216
138,113,251
146,129,275
158,119,277
146,119,265
145,114,259
140,108,248
134,110,244
117,111,228
120,114,234
127,189,316
245,115,360
255,127,382
265,130,395
139,131,270
132,142,274
138,140,278
133,141,274
127,140,267
127,136,263
119,130,249
129,128,257
122,127,249
119,124,243
121,122,243
118,114,232
128,110,238
126,104,230
114,98,212
122,92,214
123,86,209
122,84,206
121,82,203
119,81,200
119,91,210
122,104,226
124,112,236
124,113,237
119,113,232
115,123,238
124,128,252
122,128,250
124,131,255
123,133,256
122,135,257
121,140,261
124,146,270
129,140,269
137,140,277
134,136,270
131,152,283
108,153,261
121,156,277
121,159,280
122,169,291
121,178,299
122,181,303
122,175,297
140,153,293
158,132,290
164,119,283
143,108,251
135,102,237
123,96,219
120,94,214
131,85,216
132,110,242
133,112,245
132,109,241
127,112,239
122,111,233
106,111,217
141,108,249
137,94,231
144,87,231
135,92,227
137,101,238
134,93,227
138,86,224
132,90,222
133,141,274
142,140,282
145,141,286
143,140,283
137,146,283
143,139,282
143,134,277
129,130,259
125,120,245
122,113,235
131,105,236
123,100,223
128,90,218
126,109,235
137,119,256
132,134,266
129,137,266
121,133,254
136,116,252
142,103,245
145,89,234
136,86,222
124,84,208
124,100,224
133,91,224
134,83,217
132,106,238
130,102,232
143,101,244
133,99,232
131,93,224
136,102,238
139,100,239
135,90,225
132,82,214
128,99,227
130,100,230
128,114,242
126,142,268
123,152,275
133,142,275
135,139,274
138,127,265
126,116,242
139,101,240
136,98,234
134,88,222
135,92,227
132,105,237
142,89,231
140,112,252
144,109,253
128,102,230
129,91,220
135,82,217
128,97,225
135,89,224
131,117,248
131,111,242
131,104,235
138,93,231
131,84,215
128,83,211
131,91,222
127,89,216
129,102,231
135,108,243
131,119,250
135,124,259
131,125,256
129,131,260
120,137,257
135,129,264
139,125,264
143,126,269
133,127,260
132,124,256
139,123,262
139,120,259
128,122,250
134,121,255
132,132,264
139,134,273
126,146,272
149,120,269
144,117,261
147,118,265
126,117,243
126,112,238
122,110,232
124,111,235
122,108,230
123,107,230
120,107,227
126,107,233
122,110,232
122,109,231
123,107,230
117,103,220
123,117,240
123,132,255
124,141,265
125,147,272
128,146,274
133,147,280
137,153,290
138,148,286
133,138,271
127,128,255
129,119,248
141,104,245
136,114,250
160,112,272
166,91,257
170,109,279
141,111,252
140,113,253
136,106,242
135,104,239
140,95,235
131,96,227
140,88,228
124,96,220
126,114,240
125,113,238
129,110,239
126,102,228
137,88,225
140,111,251
125,114,239
139,106,245
136,95,231
133,87,220
128,81,209
131,92,223
125,86,211
129,100,229
137,85,222
136,105,241
139,101,240
139,89,228
140,99,239
139,107,246
144,113,257
136,118,254
138,111,249
127,105,232
136,113,249
145,121,266
151,124,275
136,138,274
121,136,257
136,123,259
146,113,259
142,104,246
151,85,236
148,109,257
155,105,260
144,95,239
147,113,260
140,105,245
144,95,239
146,104,250
143,96,239
146,87,233
148,105,253
143,92,235
146,86,232
144,108,252
144,95,239
148,89,237
146,103,249
142,95,237
146,94,240
145,85,230
140,109,249
144,96,240
135,111,246
148,116,264
148,110,258
165,96,261
156,98,254
154,82,236
145,104,249
149,92,241
137,106,243
148,94,242
141,93,234
144,107,251
142,91,233
143,84,227
140,103,243
136,96,232
140,87,227
148,102,250
142,113,255
141,135,276
171,96,267
169,108,277
177,100,277
156,176,332
203,137,340
200,142,342
182,134,316
130,135,265
144,140,284
149,138,287
150,138,288
145,144,289
137,146,283
135,147,282
136,153,289
142,150,292
149,154,303
146,151,297
146,157,303
141,186,327
143,205,348
139,209,348
149,201,350
156,182,338
166,172,338
162,173,335
143,221,364
131,225,356
130,233,363
149,222,371
190,171,361
197,190,387
165,183,348
138,183,321
173,180,353
168,168,336
171,156,327
182,121,303
206,104,310
165,90,255
148,111,259
147,128,275
142,198,340
194,151,345
232,145,377
225,147,372
174,151,325
155,131,286
163,151,314
144,148,292
134,134,268
134,122,256
141,111,252
123,105,228
130,96,226
129,98,227
130,110,240
134,117,251
148,123,271
174,111,285
164,104,268
138,96,234
141,106,247
136,186,322
173,175,348
167,168,335
260,154,414
213,155,368
203,173,376
185,139,324
195,110,305
182,119,301
195,118,313
144,130,274
147,189,336
183,146,329
201,120,321
184,125,309
183,159,342
151,146,297
159,129,288
182,92,274
187,147,334
151,143,294
160,119,279
188,199,387
193,201,394
200,216,416
175,218,393
85,214,299
155,178,333
193,189,382
194,211,405
111,250,361
127,257,384
162,252,414
168,290,458
199,251,450
168,255,423
229,197,426
203,194,397
213,191,404
170,167,337
186,141,327
199,171,370
211,181,392
206,142,348
211,116,327
216,124,340
180,160,340
181,195,376
225,139,364
187,121,308
223,176,399
176,205,381
189,162,351
182,199,381
205,185,390
248,216,464
216,193,409
198,186,384
196,148,344
161,140,301
144,149,293
155,150,305
134,188,322
153,183,336
166,185,351
148,162,310
168,195,363
134,208,342
124,240,364
127,285,412
160,263,423
182,243,425
201,224,425
229,213,442
199,250,449
170,366,536
170,389,559
175,407,582
306,267,573
327,289,616
348,270,618
209,260,469
261,187,448
249,141,390
243,125,368
199,110,309
169,121,290
167,111,278
177,100,277
174,110,284
159,108,267
161,90,251
163,135,298
186,105,291
184,150,334
209,153,362
188,148,336
187,211,398
158,206,364
150,208,358
136,205,341
158,228,386
154,250,404
168,255,423
120,259,379
226,168,394
252,166,418
253,200,453
157,181,338
187,135,322
231,191,422
227,241,468
213,253,466
186,246,432
137,208,345
233,113,346
239,151,390
228,121,349
209,127,336
210,123,333
152,128,280
157,145,302
198,251,449
265,284,549
427,137,564
400,120,520
276,121,397
132,156,288
149,151,300
162,140,302
178,119,297
157,126,283
128,135,263
127,155,282
129,162,291
136,173,309
140,161,301
137,148,285
136,137,273
140,127,267
139,126,265
133,118,251
125,108,233
124,98,222
126,89,215
139,197,336
137,204,341
168,172,340
191,161,352
173,195,368
117,214,331
126,217,343
161,189,350
165,199,364
166,187,353
156,184,340
154,179,333
151,194,345
156,194,350
194,149,343
227,98,325
223,293,516
281,202,483
294,172,466
328,144,472
228,143,371
184,126,310
200,129,329
150,124,274
129,115,244
140,104,244
151,102,253
147,102,249
152,133,285
170,106,276
174,117,291
184,132,316
180,140,320
201,110,311
198,101,299
191,113,304
158,107,265
157,105,262
138,104,242
136,89,225
147,128,275
160,118,278
161,110,271
171,102,273
147,96,243
143,184,327
156,179,335
141,186,327
142,188,330
104,168,272
169,157,326
190,172,362
158,165,323
135,169,304
120,165,285
120,198,318
149,191,340
147,216,363
140,229,369
149,214,363
153,200,353
189,151,340
207,116,323
207,101,308
166,92,258
141,110,251
136,112,248
148,103,251
144,106,250
151,116,267
143,107,250
145,113,258
158,115,273
153,127,280
153,117,270
143,104,247
143,105,248
154,158,312
176,129,305
176,124,300
156,138,294
111,149,260
118,155,273
126,151,277
140,135,275
170,100,270
157,98,255
163,109,272
123,135,258
124,150,274
126,179,305
142,175,317
123,170,293
129,163,292
133,167,300
136,178,314
125,185,310
121,185,306
127,182,309
153,154,307
158,155,313
150,162,312
120,159,279
120,148,268
131,144,275
102,147,249
112,150,262
116,150,266
130,144,274
152,117,269
150,114,264
148,110,258
128,104,232
123,104,227
124,104,228
114,103,217
120,108,228
119,102,221
134,93,227
134,91,225
112,90,202
126,88,214
122,100,222
128,108,236
116,124,240
137,148,285
142,150,292
130,163,293
117,158,275
127,155,282
130,154,284
120,169,289
125,187,312
121,191,312
124,206,330
148,177,325
177,144,321
176,123,299
163,112,275
129,102,231
143,97,240
139,162,301
176,130,306
181,114,295
180,105,285
153,122,275
162,116,278
168,102,270
162,120,282
153,109,262
159,119,278
139,107,246
151,122,273
165,111,276
161,120,281
181,111,292
161,115,276
173,106,279
150,102,252
143,92,235
135,129,264
160,108,268
176,107,283
165,186,351
166,166,332
171,165,336
158,161,319
83,162,245
109,158,267
130,152,282
130,149,279
129,156,285
119,157,276
117,153,270
122,153,275
143,139,282
140,138,278
116,164,280
121,191,312
121,207,328
115,203,318
126,194,320
169,155,324
170,151,321
175,151,326
156,141,297
153,125,278
179,107,286
177,96,273
161,99,260
149,100,249
137,102,239
144,119,263
150,115,265
151,112,263
129,111,240
138,105,243
139,103,242
137,105,242
143,101,244
143,116,259
144,113,257
135,107,242
135,97,232
144,85,229
149,123,272
152,127,279
154,116,270
153,120,273
144,154,298
154,161,315
163,155,318
157,159,316
159,154,313
149,150,299
136,155,291
129,154,283
128,153,281
134,154,288
137,159,296
138,153,291
134,165,299
134,171,305
118,177,295
134,164,298
132,154,286
120,148,268
140,141,281
127,136,263
136,121,257
137,105,242
144,95,239
143,92,235
146,131,277
162,121,283
186,102,288
184,93,277
158,110,268
125,112,237
125,127,252
138,116,254
130,118,248
143,129,272
128,138,266
145,145,290
115,164,279
136,162,298
131,159,290
138,158,296
136,156,292
127,155,282
123,158,281
121,161,282
122,172,294
123,172,295
140,163,303
138,173,311
138,191,329
128,187,315
132,178,310
142,183,325
145,194,339
140,192,332
123,200,323
147,181,328
173,155,328
185,141,326
187,110,297
169,94,263
165,118,283
152,112,264
157,99,256
154,80,234
146,119,265
131,148,279
151,138,289
180,132,312
192,121,313
194,112,306
171,113,284
160,102,262
162,121,283
163,110,273
158,119,277
174,127,301
167,115,282
171,119,290
173,116,289
166,111,277
163,92,255
157,122,279
156,112,268
157,99,256
150,84,234
147,133,280
158,132,290
164,125,289
157,116,273
148,90,238
145,88,233
137,91,228
126,93,219
119,119,238
122,123,245
119,129,248
131,127,258
126,133,259
127,138,265
123,149,272
117,195,312
121,197,318
126,189,315
123,186,309
157,157,314
183,142,325
208,129,337
191,102,293
185,117,302
174,114,288
151,104,255
147,91,238
149,119,268
155,112,267
153,99,252
163,119,282
169,101,270
157,96,253
147,118,265
139,127,266
157,126,283
151,126,277
137,131,268
117,144,261
121,153,274
129,157,286
157,148,305
177,136,313
175,153,328
185,125,310
177,109,286
171,102,273
154,113,267
151,102,253
151,94,245
144,103,247
137,97,234
148,107,255
146,99,245
150,93,243
148,111,259
149,98,247
148,89,237
147,103,250
144,96,240
143,97,240
145,89,234
144,106,250
145,97,242
147,125,272
152,123,275
160,112,272
158,154,312
155,308,463
148,314,462
158,300,458
194,255,449
277,179,456
227,151,378
246,137,383
212,112,324
188,111,299
167,109,276
145,106,251
148,105,253
145,104,249
144,101,245
142,128,270
159,111,270
157,114,271
158,110,268
138,106,244
147,106,253
145,106,251
142,109,251
139,106,245
140,105,245
141,108,249
144,109,253
144,111,255
142,113,255
140,114,254
139,121,260
143,119,262
147,121,268
146,128,274
142,131,273
144,133,277
139,139,278
142,139,281
142,137,279
145,140,285
146,141,287
150,162,312
164,142,306
194,104,298
199,126,325
188,138,326
184,112,296
178,99,277
175,111,286
165,128,293
178,112,290
180,122,302
177,120,297
147,109,256
150,95,245
141,122,263
140,112,252
152,104,256
145,92,237
151,135,286
143,129,272
135,122,257
144,108,252
148,104,252
139,101,240
153,123,276
155,109,264
153,95,248
136,88,224
139,108,247
138,89,227
147,79,226
139,101,240
121,114,235
124,128,252
132,123,255
126,114,240
135,102,237
134,93,227
131,86,217
124,79,203
126,94,220
126,90,216
115,196,311
203,214,417
280,150,430
292,171,463
209,173,382
120,181,301
145,170,315
153,169,322
156,169,325
155,160,315
153,151,304
154,138,292
160,131,291
144,138,282
140,179,319
121,200,321
130,207,337
130,190,320
139,190,329
169,148,317
188,129,317
178,127,305
145,127,272
122,123,245
118,129,247
121,126,247
124,128,252
124,122,246
128,119,247
131,121,252
123,120,243
126,131,257
138,121,259
134,125,259
151,139,290
153,131,284
156,125,281
147,122,269
132,139,271
117,156,273
122,167,289
135,159,294
139,164,303
132,162,294
129,182,311
122,190,312
138,194,332
131,202,333
138,194,332
160,184,344
166,175,341
150,174,324
149,158,307
152,154,306
176,130,306
167,122,289
158,117,275
128,118,246
127,125,252
125,127,252
120,131,251
116,140,256
122,143,265
137,133,270
138,135,273
135,130,265
123,134,257
122,140,262
121,145,266
123,147,270
118,149,267
126,159,285
123,182,305
119,194,313
130,199,329
140,207,347
150,201,351
178,166,344
211,121,332
216,128,344
187,130,317
165,115,280
162,95,257
166,142,308
166,138,304
182,134,316
178,138,316
168,138,306
137,141,278
123,143,266
131,145,276
147,129,276
172,124,296
172,159,331
146,183,329
120,190,310
131,187,318
156,203,359
156,200,356
164,210,374
165,199,364
165,178,343
170,175,345
182,160,342
186,158,344
190,151,341
190,129,319
206,169,375
210,185,395
244,135,379
235,101,336
221,138,359
202,115,317
185,101,286
186,136,322
160,146,306
162,149,311
145,147,292
128,132,260
156,107,263
162,87,249
152,130,282
147,122,269
148,107,255
129,101,230
136,89,225
135,125,260
140,133,273
163,136,299
184,117,301
186,104,290
173,116,289
160,99,259
151,99,250
144,98,242
150,182,332
170,171,341
173,175,348
165,181,346
96,179,275
140,157,297
150,146,296
146,145,291
131,147,278
134,140,274
149,134,283
175,125,300
199,114,313
197,106,303
184,113,297
156,118,274
138,115,253
139,112,251
138,110,248
142,106,248
140,129,269
139,132,271
144,125,269
146,116,262
126,120,246
132,119,251
118,124,242
133,110,243
135,108,243
144,95,239
131,96,227
128,90,218
120,111,231
123,128,251
125,120,245
144,122,266
156,128,284
142,137,279
149,125,274
149,112,261
151,109,260
141,92,233
143,91,234
136,89,225
119,91,210
124,91,215
119,114,233
133,139,272
133,167,300
198,157,355
219,137,356
226,126,352
158,128,286
131,140,271
94,157,251
115,170,285
117,201,318
114,223,337
115,221,336
141,179,320
167,166,333
195,153,348
168,149,317
177,121,298
172,111,283
167,104,271
144,107,251
133,108,241
129,108,237
122,105,227
128,105,233
143,110,253
134,106,240
142,101,243
133,95,228
117,98,215
125,98,223
125,97,222
136,88,224
142,90,232
143,106,249
123,111,234
116,120,236
125,120,245
141,105,246
144,98,242
116,136,252
136,129,265
151,144,295
153,164,317
152,160,312
147,163,310
158,153,311
130,158,288
134,159,293
138,157,295
147,159,306
150,154,304
145,160,305
143,138,281
176,112,288
174,110,284
162,114,276
123,123,246
113,145,258
112,160,272
118,172,290
100,166,266
127,168,295
128,172,300
104,180,284
108,194,302
125,199,324
143,179,322
168,190,358
172,193,365
148,192,340
123,197,320
144,181,325
124,191,315
156,179,335
158,160,318
174,157,331
172,142,314
167,110,277
165,115,280
131,153,284
116,174,290
119,185,304
139,168,307
133,163,296
136,164,300
119,148,267
102,146,248
116,142,258
121,142,263
95,143,238
124,150,274
102,146,248
130,153,283
127,150,277
123,148,271
107,148,255
127,143,270
99,139,238
132,132,264
119,135,254
113,133,246
117,136,253
105,131,236
123,124,247
113,116,229
92,107,199
114,103,217
120,108,228
115,105,220
122,117,239
120,119,239
116,124,240
118,128,246
126,122,248
128,118,246
128,122,250
143,96,239
148,92,240
153,117,270
124,132,256
147,144,291
150,163,313
139,181,320
118,184,302
128,189,317
129,202,331
132,187,319
146,175,321
138,169,307
159,132,291
152,129,281
143,130,273
120,131,251
121,128,249
122,133,255
120,147,267
121,162,283
132,167,299
127,162,289
136,157,293
142,158,300
130,169,299
129,167,296
122,171,293
123,173,296
133,160,293
131,152,283
146,156,302
131,151,282
117,152,269
112,155,267
130,151,281
128,153,281
130,151,281
141,122,263
164,108,272
172,104,276
166,128,294
162,128,290
148,129,277
146,130,276
129,143,272
127,151,278
129,148,277
134,150,284
144,143,287
149,135,284
149,134,283
133,138,271
138,143,281
137,146,283
139,153,292
136,154,290
139,153,292
128,159,287
122,156,278
120,155,275
161,130,291
186,100,286
191,116,307
168,128,296
163,120,283
172,114,286
167,228,395
151,302,453
131,312,443
118,322,440
229,239,468
272,194,466
307,170,477
211,140,351
215,119,334
189,115,304
171,100,271
151,89,240
139,86,225
134,108,242
138,114,252
142,105,247
150,93,243
153,126,279
149,133,282
151,142,293
148,142,290
150,145,295
143,143,286
143,132,275
135,123,258
141,111,252
135,99,234
135,96,231
128,121,249
146,119,265
146,116,262
131,116,247
121,123,244
122,133,255
127,150,277
132,160,292
145,149,294
150,152,302
155,153,308
145,167,312
160,191,351
156,186,342
158,198,356
144,215,359
160,191,351
158,189,347
158,177,335
166,148,314
170,142,312
158,142,300
135,141,276
146,133,279
146,131,277
160,110,270
154,100,254
150,123,273
143,122,265
138,126,264
149,122,271
156,131,287
150,138,288
123,132,255
135,120,255
145,105,250
147,102,249
154,120,274
143,111,254
148,108,256
143,115,258
152,107,259
170,103,273
157,126,283
160,119,279
150,109,259
149,98,247
133,95,228
129,89,218
142,117,259
136,120,256
144,106,250
159,93,252
155,110,265
156,125,281
150,112,262
165,101,266
166,131,297
167,127,294
168,121,289
167,114,281
164,145,309
198,127,325
191,129,320
169,120,289
167,123,290
182,123,305
187,133,320
175,124,299
177,228,405
303,107,410
271,112,383
222,108,330
123,110,233
132,97,229
153,115,268
168,103,271
169,133,302
175,129,304
170,115,285
161,125,286
137,139,276
127,168,295
129,179,308
151,168,319
155,164,319
184,133,317
173,126,299
176,128,304
137,138,275
123,142,265
128,174,302
131,188,319
132,198,330
140,184,324
144,178,322
134,157,291
161,131,292
167,115,282
155,98,253
136,85,221
142,110,252
139,106,245
136,94,230
136,98,234
145,113,258
150,124,274
153,107,260
179,151,330
195,122,317
187,117,304
151,115,266
98,130,228
126,170,296
126,171,297
126,180,306
134,193,327
143,184,327
144,187,331
138,186,324
150,171,321
155,170,325
146,183,329
131,192,323
124,187,311
141,162,303
147,138,285
168,139,307
144,145,289
125,149,274
126,145,271
130,153,283
130,152,282
118,148,266
122,155,277
125,160,285
126,154,280
132,156,288
128,162,290
118,170,288
115,189,304
132,191,323
139,179,318
140,184,324
149,162,311
178,140,318
186,158,344
168,174,342
151,165,316
150,161,311
144,161,305
141,164,305
141,171,312
140,176,316
139,164,303
153,171,324
157,168,325
151,157,308
149,145,294
140,127,267
166,102,268
168,92,260
158,110,268
155,100,255
145,115,260
154,133,287
151,130,281
147,121,268
151,124,275
158,116,274
158,100,258
150,90,240
128,117,245
141,122,263
142,113,255
154,97,251
149,89,238
154,112,266
153,110,263
152,120,272
165,96,261
164,94,258
157,112,269
154,109,263
154,106,260
140,119,259
166,109,275
168,110,278
165,100,265
144,90,234
143,91,234
117,128,245
156,127,283
148,129,277
156,129,285
122,135,257
119,140,259
127,144,271
124,145,269
123,152,275
125,153,278
129,150,279
132,145,277
133,144,277
124,141,265
132,139,271
134,136,270
130,142,272
126,143,269
128,141,269
133,145,278
136,141,277
136,145,281
137,140,277
138,135,273
134,130,264
148,120,268
142,117,259
137,112,249
125,116,241
129,109,238
128,112,240
129,110,239
123,111,234
124,110,234
126,107,233
127,105,232
127,103,230
125,106,231
127,117,244
129,112,241
133,107,240
131,109,240
133,109,242
129,113,242
127,110,237
128,110,238
133,107,240
132,103,235
132,107,239
127,109,236
129,112,241
132,115,247
136,117,253
134,116,250
133,112,245
128,114,242
124,114,238
126,113,239
126,111,237
126,109,235
122,110,232
126,105,231
126,102,228
126,106,232
124,106,230
125,102,227
130,96,226
129,95,224
129,90,219
131,94,225
133,92,225
129,91,220
129,86,215
129,99,228
132,96,228
131,94,225
128,94,222
128,88,216
130,106,236
140,99,239
138,111,249
134,138,272
124,133,257
135,121,256
173,171,344
186,161,347
173,158,331
139,146,285
75,144,219
107,136,243
150,108,258
120,87,207
162,182,344
186,168,354
181,164,345
177,161,338
108,148,256
145,131,276
151,105,256
148,98,246
133,88,221
132,162,294
140,145,285
179,103,282
183,171,354
134,184,318
151,196,347
137,203,340
114,183,297
156,169,325
166,161,327
156,163,319
159,172,331
136,173,309
156,182,338
148,178,326
166,158,324
159,154,313
162,127,289
145,127,272
134,124,258
113,124,237
123,125,248
127,127,254
122,157,279
124,184,308
132,185,317
111,189,300
124,192,316
178,126,304
243,125,368
254,113,367
183,97,280
156,155,311
150,143,293
143,129,272
149,113,262
131,105,236
143,82,225
141,111,252
152,104,256
154,121,275
163,112,275
156,104,260
156,146,302
156,128,284
168,133,301
206,135,341
187,123,310
195,139,334
190,144,334
184,136,320
228,125,353
198,108,306
190,92,282
151,174,325
146,183,329
142,188,330
123,188,311
92,170,262
139,149,288
154,139,293
146,133,279
137,123,260
147,166,313
198,140,338
196,126,322
172,116,288
111,124,235
122,125,247
117,141,258
118,159,277
126,171,297
85,181,266
124,166,290
125,162,287
129,152,281
124,156,280
100,156,256
112,153,265
134,140,274
127,133,260
106,138,244
120,136,256
118,154,272
100,173,273
122,178,300
111,189,300
120,215,335
136,202,338
124,202,326
156,176,332
191,125,316
199,110,309
173,169,342
171,168,339
164,183,347
163,185,348
130,172,302
165,144,309
188,110,298
206,149,355
186,149,335
168,140,308
163,109,272
147,107,254
167,155,322
171,135,306
162,140,302
129,148,277
118,157,275
117,163,280
131,182,313
122,199,321
125,191,316
148,177,325
143,171,314
155,166,321
132,188,320
125,182,307
125,327,452
133,343,476
150,337,487
169,333,502
287,223,510
297,200,497
278,197,475
173,165,338
178,148,326
174,164,338
142,190,332
105,196,301
152,164,316
153,149,302
165,133,298
151,117,268
177,80,257
168,126,294
134,125,259
129,112,241
145,99,244
136,89,225
106,97,203
123,163,286
148,133,281
175,129,304
174,130,304
122,131,253
135,136,271
133,135,268
133,131,264
124,130,254
116,120,236
151,98,249
148,101,249
138,135,273
115,151,266
123,160,283
98,172,270
127,172,299
132,180,312
120,195,315
119,197,316
132,186,318
131,179,310
186,124,310
186,104,290
195,91,286
161,104,265
159,114,273
156,102,258
159,117,276
158,118,276
160,108,268
140,100,240
135,93,228
135,92,227
136,126,262
134,123,257
147,121,268
141,128,269
140,110,250
147,96,243
152,81,233
138,147,285
113,153,266
140,164,304
128,170,298
108,172,280
108,174,282
129,183,312
144,166,310
140,162,302
149,145,294
142,139,281
153,127,280
178,87,265
162,125,287
191,123,314
180,107,287
178,93,271
151,78,229
130,142,272
122,132,254
148,110,258
159,105,264
132,126,258
131,120,251
133,108,241
123,94,217
120,84,204
136,77,213
114,113,227
118,116,234
136,107,243
125,102,227
134,93,227
125,94,219
105,86,191
136,108,244
112,118,230
127,117,244
128,111,239
127,100,227
139,91,230
115,99,214
144,92,236
140,81,221
137,117,254
128,120,248
131,111,242
138,101,239
135,99,234
137,100,237
132,95,227
131,95,226
130,88,218
132,95,227
137,112,249
155,140,295
178,132,310
180,141,321
148,138,286
124,140,264
122,170,292
107,197,304
139,240,379
277,143,420
312,118,430
299,104,403
179,83,262
153,106,259
151,103,254
136,106,242
133,103,236
139,106,245
134,106,240
151,109,260
153,107,260
146,94,240
153,113,266
154,102,256
143,105,248
155,100,255
145,93,238
146,92,238
139,110,249
145,106,251
143,110,253
136,107,243
138,98,236
139,133,272
149,124,273
152,119,271
130,122,252
131,118,249
131,119,250
132,125,257
122,123,245
129,113,242
132,104,236
158,120,278
160,132,292
168,127,295
144,126,270
133,128,261
110,138,248
145,133,278
140,141,281
145,148,293
125,148,273
119,138,257
129,136,265
119,135,254
102,154,256
116,164,280
109,166,275
124,168,292
120,164,284
120,162,282
143,139,282
155,129,284
153,133,286
135,132,267
119,160,279
120,170,290
109,166,275
124,162,286
122,160,282
100,149,249
135,148,283
123,140,263
136,129,265
131,124,255
126,126,252
109,121,230
125,115,240
123,109,232
119,116,235
106,114,220
126,119,245
125,129,254
123,132,255
125,129,254
129,114,243
122,113,235
125,112,237
124,106,230
118,100,218
123,96,219
124,94,218
121,91,212
124,95,219
121,93,214
126,89,215
126,89,215
117,91,208
116,91,207
127,83,210
129,89,218
132,93,225
121,116,237
126,115,241
123,119,242
126,122,248
121,121,242
123,122,245
123,120,243
122,121,243
125,123,248
116,118,234
118,119,237
120,125,245
124,135,259
121,143,264
120,149,269
128,157,285
122,157,279
134,152,286
121,149,270
108,146,254
123,140,263
124,137,261
123,135,258
121,133,254
124,130,254
121,132,253
115,135,250
122,139,261
124,133,257
121,133,254
121,132,253
124,137,261
121,137,258
121,136,257
126,126,252
128,120,248
142,106,248
129,104,233
127,97,224
125,94,219
121,88,209
120,85,205
120,78,198
114,91,205
120,107,227
121,102,223
125,101,226
124,96,220
120,92,212
123,98,221
119,99,218
122,115,237
121,117,238
125,111,236
128,106,234
116,100,216
114,97,211
124,95,219
121,91,212
123,90,213
124,89,213
128,91,219
125,91,216
135,82,217
129,95,224
130,111,241
126,120,246
118,118,236
124,115,239
126,111,237
122,106,228
124,114,238
114,114,228
117,126,243
121,126,247
123,124,247
118,122,240
124,340,464
120,382,502
122,407,529
391,162,553
429,138,567
455,125,580
158,122,280
212,124,336
197,104,301
183,103,286
154,105,259
136,100,236
130,108,238
139,115,254
147,114,261
145,112,257
143,102,245
134,100,234
107,103,210
119,105,224
133,100,233
139,96,235
129,100,229
141,124,265
144,127,271
149,121,270
146,126,272
136,129,265
132,142,274
132,147,279
113,145,258
131,151,282
125,165,290
132,164,296
131,173,304
128,172,300
131,163,294
128,157,285
141,140,281
138,135,273
142,132,274
132,125,257
127,118,245
139,99,238
140,92,232
144,81,225
135,101,236
132,114,246
130,111,241
128,106,234
120,100,220
129,94,223
128,88,216
131,96,227
132,93,225
125,84,209
132,91,223
128,85,213
140,104,244
136,108,244
135,108,243
133,116,249
127,114,241
128,112,240
124,108,232
130,96,226
129,90,219
132,93,225
115,99,214
119,95,214
131,94,225
135,96,231
137,90,227
136,85,221
130,84,214
130,106,236
137,107,244
137,108,245
136,100,236
135,88,223
138,84,222
129,81,210
122,87,209
129,83,212
131,91,222
122,106,228
154,117,271
155,118,273
163,107,270
141,106,247
145,96,241
146,90,236
145,121,266
147,123,270
144,131,275
138,144,282
142,158,300
178,133,311
189,108,297
205,109,314
184,95,279
160,136,296
125,125,250
140,116,256
143,112,255
116,101,217
142,89,231
140,116,256
136,118,254
137,116,253
137,123,260
139,130,269
127,143,270
131,129,260
147,108,255
149,91,240
151,83,234
137,96,233
132,83,215
139,115,254
142,120,262
142,114,256
137,117,254
143,120,263
137,122,259
152,102,254
149,108,257
136,102,238
116,95,211
141,101,242
141,111,252
141,106,247
139,99,238
137,106,243
130,106,236
140,125,265
170,123,293
180,122,302
175,122,297
132,121,253
120,122,242
122,118,240
132,116,248
129,114,243
129,302,431
123,325,448
122,334,456
144,306,450
290,156,446
295,144,439
275,134,409
142,129,271
137,121,258
128,96,224
140,90,230
127,100,227
117,142,259
146,126,272
158,119,277
168,119,287
142,108,250
143,116,259
136,121,257
114,121,235
127,119,246
120,120,240
125,121,246
125,118,243
123,121,244
121,126,247
125,136,261
122,140,262
123,146,269
124,177,301
125,188,313
133,192,325
136,188,324
134,170,304
150,141,291
165,126,291
154,113,267
154,108,262
168,107,275
172,105,277
165,110,275
140,110,250
128,113,241
122,115,237
118,115,233
124,118,242
112,115,227
123,116,239
123,111,234
119,108,227
116,103,219
121,97,218
121,100,221
122,110,232
122,142,264
122,147,269
121,142,263
121,138,259
126,135,261
130,149,279
125,156,281
119,157,276
128,165,293
127,163,290
119,163,282
124,166,290
118,167,285
125,165,290
120,162,282
121,161,282
143,143,286
147,127,274
154,124,278
163,102,265
151,106,257
149,106,255
126,103,229
131,102,233
123,98,221
133,90,223
142,107,249
139,102,241
139,95,234
138,81,219
131,93,224
139,91,230
131,82,213
130,106,236
127,100,227
126,90,216
122,85,207
132,94,226
132,91,223
137,84,221
133,104,237
137,108,245
138,106,244
123,95,218
134,90,224
138,82,220
136,112,248
146,95,241
147,90,237
145,81,226
137,100,237
136,92,228
136,81,217
138,102,240
136,92,228
137,83,220
137,101,238
135,91,226
137,82,219
137,101,238
137,93,230
142,82,224
143,101,244
139,91,230
139,82,221
140,100,240
137,93,230
140,84,224
140,99,239
135,91,226
136,83,219
139,98,237
137,103,240
139,95,234
134,107,241
141,90,231
143,82,225
145,99,244
136,94,230
139,82,221
138,99,237
134,96,230
135,89,224
136,81,217
135,103,238
137,92,229
135,82,217
140,100,240
137,94,231
139,84,223
138,102,240
135,130,265
159,254,413
279,154,433
282,168,450
211,178,389
140,178,318
144,184,328
143,179,322
133,178,311
147,170,317
163,142,305
191,121,312
205,144,349
203,143,346
202,139,341
202,145,347
204,135,339
214,154,368
212,136,348
221,120,341
213,179,392
209,156,365
184,146,330
195,172,367
175,145,320
189,166,355
172,182,354
122,196,318
134,195,329
123,189,312
142,164,306
199,111,310
214,93,307
174,117,291
141,115,256
145,111,256
151,98,249
136,93,229
132,109,241
134,123,257
164,147,311
194,120,314
199,105,304
166,157,323
174,131,305
195,115,310
175,110,285
150,97,247
150,113,263
141,122,263
118,133,251
123,160,283
132,177,309
141,187,328
147,183,330
142,173,315
160,169,329
167,188,355
181,174,355
208,136,344
205,125,330
174,130,304
139,156,295
128,162,290
116,165,281
143,158,301
137,173,310
118,178,296
112,184,296
120,188,308
143,162,305
153,149,302
154,137,291
146,122,268
110,118,228
131,119,250
141,124,265
158,116,274
169,98,267
155,108,263
149,108,257
153,114,267
146,119,265
157,97,254
154,140,294
151,139,290
141,144,285
128,145,273
109,126,235
153,143,296
187,101,288
175,88,263
176,147,323
165,129,294
167,113,280
173,104,277
145,115,260
139,98,237
133,89,222
130,139,269
141,128,269
131,143,274
157,154,311
162,143,305
165,126,291
162,134,296
167,156,323
167,156,323
162,140,302
169,110,279
172,136,308
185,117,302
188,190,378
227,146,373
235,103,338
234,115,349
191,111,302
178,117,295
183,103,286
168,96,264
141,94,235
132,98,230
128,110,238
125,106,231
129,88,217
139,165,304
150,158,308
162,174,336
129,176,305
92,181,273
124,185,309
154,151,305
133,151,284
157,163,320
120,165,285
129,153,282
117,146,263
132,146,278
138,138,276
136,129,265
144,119,263
116,104,220
142,116,258
142,133,275
145,131,276
144,133,277
119,153,272
130,151,281
121,145,266
121,140,261
118,137,255
125,128,253
130,119,249
130,98,228
141,94,235
125,91,216
124,90,214
131,115,246
146,116,262
154,112,266
138,121,259
142,113,255
142,105,247
140,93,233
133,78,211
141,109,250
124,134,258
121,141,262
129,143,272
128,138,266
134,136,270
138,139,277
136,135,271
133,133,266
134,139,273
129,141,270
120,134,254
129,136,265
150,122,272
152,119,271
161,128,289
145,150,295
129,147,276
127,140,267
134,128,262
133,156,289
126,148,274
150,118,268
167,105,272
164,113,277
145,122,267
126,121,247
149,134,283
170,116,286
181,116,297
189,123,312
173,127,300
179,114,293
153,97,250
165,143,308
174,133,307
183,120,303
178,105,283
167,112,279
160,154,314
201,102,303
203,122,325
203,119,322
158,132,290
180,136,316
192,165,357
206,184,390
184,167,351
193,122,315
206,115,321
207,105,312
167,94,261
150,122,272
151,117,268
148,111,259
150,89,239
146,97,243
141,95,236
141,112,253
149,102,251
141,111,252
163,122,285
148,123,271
148,110,258
149,89,238
146,152,298
164,134,298
170,132,302
165,132,297
133,139,272
135,152,287
136,154,290
154,135,289
141,127,268
143,133,276
125,131,256
115,136,251
126,137,263
129,172,301
124,182,306
128,181,309
136,163,299
142,159,301
118,162,280
130,164,294
121,166,287
132,165,297
129,161,290
135,149,284
146,141,287
139,136,275
134,128,262
138,121,259
136,120,256
128,118,246
126,110,236
130,111,241
128,105,233
130,100,230
130,115,245
121,124,245
128,117,245
134,108,242
140,106,246
130,115,245
125,130,255
131,134,265
140,129,269
155,124,279
141,135,276
136,144,280
134,142,276
143,143,286
133,127,260
147,122,269
154,101,255
152,113,265
163,120,283
163,111,274
147,101,248
141,104,245
130,107,237
133,101,234
134,99,233
145,96,241
143,93,236
136,93,229
131,97,228
129,101,230
132,98,230
132,104,236
130,282,412
133,305,438
145,313,458
173,308,481
237,224,461
208,192,400
196,160,356
208,140,348
177,136,313
153,132,285
131,128,259
142,117,259
137,117,254
134,116,250
126,114,240
127,112,239
126,114,240
122,120,242
126,115,241
126,115,241
126,119,245
123,119,242
122,118,240
123,117,240
128,114,242
126,117,243
133,118,251
128,118,246
129,117,246
120,120,240
123,116,239
123,118,241
125,115,240
128,112,240
127,111,238
129,106,235
126,107,233
131,109,240
130,105,235
148,128,276
158,114,272
158,114,272
152,114,266
119,116,235
125,113,238
124,116,240
123,115,238
126,115,241
126,114,240
126,117,243
122,115,237
126,114,240
127,112,239
130,111,241
126,118,244
125,120,245
123,126,249
123,130,253
123,129,252
124,132,256
125,133,258
128,129,257
128,128,256
134,121,255
134,119,253
132,118,250
125,143,268
124,165,289
126,181,307
141,186,327
149,182,331
153,176,329
155,163,318
163,190,353
159,204,363
161,206,367
156,217,373
148,230,378
167,200,367
213,157,370
225,153,378
178,155,333
145,158,303
142,162,304
157,153,310
169,139,308
166,139,305
163,142,305
141,142,283
148,133,281
153,135,288
148,141,289
147,142,289
152,139,291
156,146,302
148,160,308
145,169,314
160,146,306
176,139,315
180,137,317
159,145,304
161,146,307
155,149,304
165,159,324
164,162,326
168,152,320
169,149,318
171,137,308
168,134,302
189,133,322
216,117,333
231,138,369
212,131,343
187,157,344
203,129,332
227,171,398
264,121,385
216,114,330
183,116,299
161,146,307
168,172,340
229,141,370
254,145,399
260,116,376
211,107,318
159,93,252
147,116,263
166,158,324
172,138,310
196,121,317
177,106,283
157,100,257
162,110,272
153,107,260
168,122,290
164,121,285
155,122,277
151,114,265
175,96,271
170,96,266
159,98,257
142,144,286
170,122,292
203,96,299
197,142,339
167,144,311
150,157,307
148,163,311
119,162,281
118,158,276
124,155,279
124,159,283
110,165,275
117,161,278
118,166,284
122,173,295
146,140,286
165,124,289
180,120,300
161,143,304
173,142,315
167,177,344
142,183,325
108,187,295
125,206,331
152,287,439
326,111,437
335,135,470
334,117,451
168,94,262
161,125,286
155,124,279
153,121,274
150,167,317
181,135,316
175,133,308
147,134,281
130,110,240
140,134,274
142,146,288
126,163,289
135,153,288
153,162,315
152,177,329
152,173,325
148,188,336
189,145,334
201,133,334
204,117,321
178,112,290
155,136,291
157,145,302
170,144,314
199,122,321
198,128,326
196,114,310
167,117,284
171,105,276
159,103,262
149,151,300
150,139,289
173,119,292
190,112,302
197,131,328
203,111,314
204,129,333
194,121,315
172,123,295
176,100,276
168,159,327
174,150,324
160,154,314
151,155,306
110,158,268
128,174,302
183,137,320
179,141,320
183,142,325
135,131,266
145,144,289
170,136,306
167,145,312
165,139,304
148,141,289
147,145,292
130,149,279
133,143,276
135,147,282
131,148,279
122,148,270
170,169,339
197,136,333
205,137,342
171,135,306
120,132,252
151,125,276
145,125,270
147,128,275
135,137,272
125,142,267
138,154,292
134,173,307
142,198,340
136,188,324
139,177,316
150,159,309
155,149,304
132,155,287
140,142,282
139,128,267
167,87,254
175,147,322
174,138,312
169,110,279
157,102,259
146,110,256
149,118,267
153,109,262
177,142,319
184,144,328
179,141,320
157,148,305
132,167,299
139,155,294
117,138,255
147,132,279
144,119,263
128,108,236
140,97,237
143,82,225
142,154,296
137,156,293
137,157,294
144,144,288
104,143,247
136,138,274
125,143,268
128,146,274
126,143,269
140,139,279
143,142,285
144,138,282
130,139,269
146,141,287
134,133,267
136,152,288
129,146,275
142,134,276
150,118,268
160,106,266
150,135,285
165,106,271
175,109,284
183,116,299
152,118,270
161,97,258
167,121,288
155,118,273
150,107,257
160,94,254
151,119,270
151,137,288
159,144,303
180,122,302
194,110,304
206,138,344
196,137,333
173,137,310
175,131,306
173,149,322
195,137,332
198,133,331
183,131,314
150,150,300
178,145,323
173,159,332
189,181,370
176,184,360
184,217,401
187,191,378
196,184,380
217,157,374
247,130,377
245,144,389
245,123,368
193,155,348
200,130,330
203,133,336
182,155,337
143,160,303
162,152,314
173,134,307
172,206,378
167,211,378
218,161,379
224,132,356
236,107,343
196,145,341
190,153,343
229,134,363
230,147,377
229,128,357
196,144,340
197,118,315
194,97,291
185,144,329
164,138,302
164,127,291
160,114,274
147,101,248
161,132,293
165,123,288
165,128,293
157,134,291
150,156,306
202,110,312
210,106,316
205,101,306
147,105,252
149,100,249
143,96,239
167,151,318
186,134,320
203,127,330
196,125,321
162,128,290
168,128,296
165,135,300
158,147,305
161,158,319
188,183,371
242,151,393
241,163,404
207,194,401
146,211,357
156,216,372
162,217,379
167,237,404
161,249,410
171,244,415
190,215,405
221,164,385
227,153,380
217,203,420
166,254,420
194,217,411
208,210,418
220,211,431
73,198,271
135,172,307
203,139,342
205,131,336
173,132,305
142,139,281
146,133,279
148,131,279
142,134,276
132,145,277
137,148,285
138,163,301
152,199,351
149,219,368
161,237,398
186,197,383
254,138,392
306,155,461
228,146,374
226,122,348
203,115,318
172,109,281
152,124,276
146,153,299
171,124,295
176,169,345
214,122,336
180,116,296
191,114,305
168,154,322
186,137,323
192,161,353
213,127,340
199,118,317
192,112,304
153,104,257
162,125,287
170,151,321
165,231,396
228,164,392
250,134,384
255,142,397
175,142,317
145,171,316
143,183,326
143,212,355
159,212,371
156,251,407
190,248,438
204,262,466
221,265,486
213,288,501
200,283,483
161,256,417
239,224,463
244,199,443
220,201,421
201,202,403
214,331,545
213,344,557
182,354,536
255,277,532
296,255,551
321,234,555
247,210,457
256,190,446
260,179,439
262,198,460
238,205,443
214,228,442
226,287,513
246,291,537
356,196,552
341,430,771
396,453,849
563,159,722
558,155,713
309,179,488
228,166,394
231,179,410
240,178,418
210,182,392
201,179,380
214,191,405
218,184,402
201,166,367
213,145,358
185,159,344
169,175,344
152,179,331
151,179,330
164,183,347
161,175,336
150,218,368
141,221,362
138,222,360
185,178,363
182,179,361
176,182,358
158,185,343
160,185,345
162,209,371
171,204,375
182,211,393
199,206,405
190,170,360
179,178,357
153,181,334
156,160,316
148,162,310
152,159,311
131,193,324
147,170,317
175,136,311
203,102,305
181,157,338
166,191,357
204,198,402
231,166,397
200,154,354
201,110,311
176,108,284
133,112,245
130,151,281
141,148,289
175,125,300
175,110,285
162,111,273
147,105,252
126,162,288
128,183,311
124,185,309
171,137,308
159,146,305
128,139,267
123,133,256
125,134,259
121,137,258
122,140,262
127,135,262
126,186,312
137,196,333
126,191,317
233,188,421
301,150,451
335,118,453
250,129,379
146,131,277
124,128,252
124,162,286
127,220,347
139,245,384
171,221,392
237,150,387
244,107,351
228,133,361
161,134,295
169,144,313
178,138,316
197,203,400
204,166,370
244,126,370
222,120,342
180,193,373
209,175,384
224,193,417
210,226,436
161,225,386
183,229,412
188,262,450
185,296,481
248,238,486
284,215,499
318,202,520
264,182,446
305,115,420
269,260,529
276,260,536
311,165,476
295,160,455
191,192,383
188,191,379
176,195,371
244,255,499
263,230,493
356,210,566
341,186,527
332,158,490
277,165,442
213,163,376
231,134,365
209,139,348
217,147,364
178,153,331
174,154,328
175,147,322
204,124,328
213,129,342
211,138,349
177,137,314
195,129,324
196,132,328
203,162,365
177,170,347
174,186,360
195,192,387
189,174,363
254,97,351
232,114,346
237,164,401
223,124,347
221,143,364
196,134,330
184,130,314
202,113,315
164,220,384
190,217,407
189,185,374
256,207,463
279,185,464
228,185,413
299,137,436
233,149,382
234,130,364
170,149,319
118,201,319
158,208,366
194,179,373
258,266,524
291,213,504
287,183,470
298,179,477
211,190,401
163,179,342
150,175,325
167,161,328
176,152,328
143,128,271
169,95,264
169,90,259
132,121,253
133,314,447
229,216,445
310,139,449
322,133,455
187,152,339
157,214,371
216,169,385
275,372,647
429,173,602
388,167,555
399,181,580
180,201,381
149,225,374
171,199,370
182,198,380
190,185,375
169,208,377
166,214,380
172,190,362
217,142,359
192,169,361
185,245,430
223,153,376
287,198,485
313,189,502
230,133,363
237,111,348
189,118,307
133,129,262
127,163,290
131,189,320
141,186,327
159,162,321
153,157,310
116,152,268
99,150,249
120,152,272
125,194,319
123,417,540
121,425,546
121,451,572
198,389,587
398,227,625
434,213,647
277,253,530
180,250,430
161,269,430
209,214,423
217,212,429
237,216,453
236,168,404
254,180,434
241,187,428
257,157,414
236,162,398
209,157,366
180,134,314
204,128,332
216,115,331
220,144,364
192,184,376
188,177,365
159,170,329
164,148,312
166,163,329
103,169,272
146,156,302
155,128,283
158,130,288
124,136,260
112,136,248
133,138,271
129,149,278
131,166,297
120,161,281
146,148,294
161,144,305
173,179,352
135,199,334
139,217,356
155,203,358
159,198,357
180,178,358
196,163,359
198,243,441
190,227,417
182,204,386
208,214,422
228,218,446
182,230,412
195,174,369
198,195,393
190,200,390
119,204,323
114,207,321
155,170,325
164,210,374
127,216,343
122,234,356
171,210,381
194,206,400
201,235,436
185,276,461
238,252,490
181,252,433
242,211,453
182,256,438
151,219,370
174,225,399
164,256,420
188,229,417
191,240,431
198,194,392
171,184,355
214,145,359
174,188,362
179,175,354
167,127,294
206,86,292
196,80,276
158,97,255
126,93,219
134,182,316
173,197,370
189,169,358
248,183,431
273,207,480
312,165,477
235,174,409
189,184,373
95,186,281
134,193,327
131,210,341
144,192,336
143,189,332
157,178,335
176,185,361
197,174,371
191,166,357
164,159,323
166,146,312
176,126,302
165,110,275
161,110,271
142,123,265
130,133,263
127,146,273
127,156,283
119,153,272
121,169,290
133,180,313
127,196,323
128,195,323
130,200,330
147,188,335
160,171,331
146,167,313
148,163,311
135,152,287
128,159,287
134,153,287
143,154,297
143,158,301
148,153,301
160,155,315
167,164,331
179,154,333
161,151,312
162,155,317
159,187,346
170,207,377
191,258,449
194,271,465
221,296,517
251,247,498
285,210,495
301,183,484
256,175,431
199,184,383
178,188,366
167,218,385
192,188,380
221,165,386
276,170,446
265,164,429
270,205,475
252,183,435
256,161,417
232,154,386
181,128,309
205,143,348
214,122,336
195,113,308
183,96,279
148,131,279
164,125,289
153,120,273
157,107,264
150,95,245
146,88,234
117,97,214
127,88,215
133,124,257
138,134,272
145,124,269
149,122,271
151,139,290
141,164,305
135,188,323
160,183,343
173,161,334
176,150,326
163,161,324
132,165,297
158,153,311
155,153,308
152,151,303
141,160,301
130,166,296
127,184,311
155,180,335
143,193,336
145,234,379
133,263,396
146,262,408
165,270,435
233,213,446
220,211,431
222,179,401
170,178,348
163,180,343
133,175,308
125,166,291
140,157,297
140,164,304
138,182,320
129,186,315
183,127,310
200,112,312
201,104,305
157,133,290
172,145,317
172,123,295
187,125,312
146,139,285
124,157,281
82,174,256
121,194,315
130,190,320
176,157,333
185,142,327
188,154,342
144,152,296
132,164,296
127,170,297
129,180,309
135,193,328
135,199,334
126,210,336
148,188,336
159,249,408
163,309,472
121,319,440
132,308,440
228,212,440
281,170,451
281,167,448
172,154,326
169,133,302
182,105,287
178,96,274
167,130,297
160,106,266
161,103,264
166,110,276
145,98,243
154,88,242
145,107,252
139,98,237
142,94,236
140,107,247
137,92,229
144,107,251
145,93,238
139,87,226
146,105,251
140,95,235
141,92,233
144,107,251
147,91,238
148,108,256
147,99,246
145,90,235
148,88,236
143,112,255
142,104,246
138,95,233
134,86,220
142,112,254
148,114,262
146,121,267
141,124,265
129,157,286
126,172,298
127,176,303
136,178,314
149,178,327
153,177,330
155,191,346
154,196,350
156,199,355
167,199,366
161,208,369
160,202,362
146,204,350
182,178,360
201,168,369
221,173,394
202,173,375
212,165,377
208,161,369
216,147,363
202,145,347
199,157,356
178,171,349
179,182,361
187,182,369
211,162,373
206,166,372
193,172,365
170,176,346
177,153,330
199,124,323
199,136,335
209,136,345
181,149,330
192,124,316
169,111,280
142,94,236
165,145,310
163,166,329
160,160,320
149,152,301
133,151,284
142,139,281
127,130,257
129,114,243
151,101,252
154,120,274
153,120,273
150,116,266
149,113,262
166,148,314
181,153,334
174,147,321
174,134,308
169,99,268
164,97,261
156,101,257
127,123,250
123,151,274
123,167,290
124,183,307
126,189,315
141,194,335
127,200,327
130,185,315
147,209,356
146,231,377
152,198,350
186,170,356
188,160,348
171,155,326
155,144,299
144,134,278
148,117,265
159,112,271
179,95,274
168,139,307
172,132,304
163,125,288
158,120,278
143,107,250
152,136,288
176,123,299
170,130,300
190,96,286
183,116,299
179,115,294
147,106,253
159,98,257
161,114,275
135,134,269
144,145,289
135,140,275
167,106,273
181,105,286
182,92,274
157,118,275
155,120,275
164,108,272
161,155,316
173,143,316
170,139,309
167,141,308
126,138,264
122,149,271
144,123,267
170,106,276
168,107,275
140,119,259
134,118,252
135,119,254
129,113,242
126,110,236
121,115,236
121,120,241
130,112,242
128,112,240
104,120,224
122,112,234
129,105,234
105,102,207
133,100,233
132,88,220
137,80,217
135,116,251
113,136,249
129,145,274
130,159,289
134,167,301
129,167,296
140,175,315
147,187,334
138,195,333
133,196,329
124,202,326
156,176,332
162,169,331
161,166,327
132,175,307
139,189,328
122,203,325
130,221,351
134,222,356
154,206,360
195,166,361
224,145,369
242,119,361
219,121,340
214,167,381
221,162,383
228,152,380
237,150,387
203,154,357
186,151,337
203,139,342
197,124,321
197,105,302
170,120,290
168,125,293
165,127,292
162,165,327
212,143,355
226,138,364
248,146,394
215,160,375
215,150,365
233,128,361
208,140,348
209,129,338
184,114,298
173,106,279
162,472,634
467,150,617
479,131,610
480,145,625
175,91,266
200,118,318
205,106,311
153,100,253
149,91,240
140,104,244
138,97,235
138,98,236
149,147,296
178,112,290
191,102,293
187,130,317
152,130,282
154,118,272
150,142,292
169,120,289
167,121,288
143,134,277
121,139,260
136,135,271
134,159,293
134,166,300
123,177,300
136,184,320
160,172,332
183,143,326
189,125,314
165,109,274
147,91,238
158,114,272
149,125,274
144,118,262
140,108,248
137,99,236
146,82,228
147,104,251
148,113,261
144,167,311
194,142,336
209,142,351
236,134,370
184,135,319
174,130,304
157,108,265
157,124,281
153,110,263
149,141,290
185,114,299
173,135,308
165,152,317
170,139,309
190,125,315
180,128,308
146,129,275
120,151,271
128,170,298
126,169,295
127,160,287
140,140,280
137,136,273
134,132,266
126,151,277
125,159,284
122,171,293
124,174,298
148,163,311
161,147,308
151,163,314
129,187,316
131,200,331
129,199,328
146,202,348
175,167,342
186,150,336
173,159,332
149,157,306
129,155,284
120,160,280
134,160,294
139,183,322
131,187,318
128,186,314
130,183,313
142,190,332
133,206,339
132,196,328
151,192,343
156,197,353
148,200,348
146,202,348
145,204,349
168,177,345
162,173,335
157,173,330
145,157,302
148,148,296
156,144,300
147,170,317
158,170,328
151,160,311
154,157,311
148,163,311
147,186,333
151,188,339
182,178,360
227,154,381
228,159,387
225,169,394
189,172,361
189,154,343
211,160,371
248,129,377
249,154,403
244,133,377
200,130,330
216,137,353
191,147,338
197,135,332
168,119,287
147,111,258
161,135,296
182,140,322
202,137,339
195,133,328
145,128,273
130,121,251
130,112,242
133,112,245
137,112,249
141,106,247
140,102,242
129,92,221
132,89,221
126,106,232
133,87,220
142,116,258
135,102,237
141,98,239
130,88,218
128,117,245
140,110,250
149,112,261
158,99,257
142,93,235
139,87,226
122,89,211
119,85,204
123,82,205
125,89,214
120,91,211
121,92,213
123,94,217
126,117,243
151,104,255
148,96,244
143,90,233
119,86,205
123,84,207
123,78,201
122,96,218
116,106,222
120,128,248
115,136,251
119,150,269
120,161,281
130,156,286
130,152,282
122,162,284
117,175,292
122,189,311
122,189,311
131,177,308
155,155,310
175,131,306
173,119,292
164,141,305
169,133,302
172,116,288
175,100,275
170,108,278
158,105,263
153,94,247
134,81,215
131,144,275
138,149,287
138,156,294
134,160,294
117,161,278
137,169,306
136,166,302
130,171,301
127,188,315
128,203,331
126,206,332
130,209,339
148,212,360
188,192,380
191,185,376
156,170,326
153,150,303
163,139,302
158,131,289
189,110,299
192,91,283
188,105,293
164,91,255
160,123,283
160,121,281
160,108,268
161,120,281
154,143,297
188,132,320
177,146,323
138,152,290
132,142,274
134,137,271
126,132,258
127,150,277
124,176,300
126,194,320
129,201,330
136,202,338
149,270,419
162,324,486
162,327,489
158,340,498
277,213,490
287,184,471
350,116,466
223,97,320
207,128,335
159,123,282
157,112,269
162,111,273
157,109,266
166,94,260
159,109,268
158,94,252
152,122,274
159,96,255
169,123,292
188,101,289
170,99,269
156,159,315
134,161,295
137,179,316
157,155,312
185,123,308
201,115,316
198,144,342
198,122,320
193,101,294
191,151,342
179,148,327
193,127,320
191,141,332
165,176,341
161,151,312
177,129,306
190,144,334
202,168,370
229,127,356
231,109,340
191,115,306
162,115,277
169,129,298
190,112,302
194,166,360
200,166,366
200,155,355
202,158,360
219,216,435
257,190,447
274,158,432
273,124,397
226,135,361
214,120,334
191,130,321
185,172,357
195,156,351
207,146,353
240,143,383
216,112,328
204,133,337
192,135,327
200,157,357
266,122,388
239,103,342
223,125,348
164,122,286
150,106,256
156,91,247
144,97,241
147,110,257
159,101,260
170,90,260
160,122,282
160,143,303
173,120,293
192,104,296
175,118,293
165,122,287
158,136,294
133,126,259
144,122,266
147,115,262
163,131,294
170,120,290
168,96,264
175,113,288
159,114,273
156,112,268
154,102,256
148,88,236
155,122,277
155,110,265
168,149,317
191,138,329
175,137,312
182,127,309
151,127,278
155,122,277
168,118,286
158,119,277
176,111,287
159,97,256
164,100,264
162,92,254
117,89,206
129,85,214
124,84,208
122,107,229
127,131,258
124,138,262
125,157,282
124,179,303
145,144,289
181,116,297
198,105,303
183,124,307
167,111,278
142,124,266
155,124,279
139,142,281
141,203,344
121,222,343
128,219,347
144,203,347
183,173,356
171,169,340
160,168,328
133,167,300
114,174,288
124,179,303
128,177,305
135,173,308
139,176,315
138,176,314
134,183,317
130,182,312
123,173,296
151,152,303
157,135,292
161,138,299
154,142,296
146,145,291
142,140,282
140,142,282
143,145,288
139,138,277
139,177,316
141,189,330
141,196,337
131,220,351
143,228,371
152,204,356
174,215,389
177,196,373
174,190,364
205,160,365
217,164,381
243,176,419
244,155,399
260,172,432
276,133,409
258,117,375
232,125,357
181,105,286
186,133,319
179,147,326
178,148,326
173,141,314
171,156,327
194,134,328
177,132,309
196,151,347
186,134,320
205,109,314
170,103,273
151,107,258
156,109,265
168,101,269
156,107,263
152,118,270
138,121,259
134,123,257
127,131,258
122,145,267
130,155,285
144,154,298
147,149,296
144,136,280
171,105,276
181,109,290
174,126,300
164,111,275
162,137,299
175,115,290
174,110,284
164,104,268
151,109,260
148,115,263
137,107,244
142,96,238
142,84,226
140,106,246
136,107,243
152,103,255
157,109,266
166,86,252
159,187,346
167,183,350
149,193,342
150,188,338
69,181,250
124,158,282
173,140,313
183,125,308
162,111,273
153,100,253
156,118,274
164,103,267
166,111,277
161,99,260
150,111,261
157,98,255
152,91,243
156,105,261
150,94,244
152,113,265
152,98,250
158,111,269
161,91,252
162,112,274
160,97,257
158,112,270
160,95,255
154,116,270
154,103,257
156,112,268
162,227,389
286,132,418
298,136,434
313,136,449
211,118,329
186,124,310
162,129,291
133,133,266
130,140,270
130,148,278
128,153,281
131,155,286
130,162,292
129,167,296
133,173,306
138,177,315
139,185,324
134,185,319
129,184,313
143,166,309
163,142,305
178,121,299
177,102,279
170,111,281
167,95,262
172,111,283
168,97,265
164,111,275
158,98,256
157,126,283
160,119,279
174,135,309
197,101,298
198,120,318
188,100,288
168,99,267
163,91,254
152,103,255
132,107,239
138,165,303
173,137,310
182,125,307
175,152,327
170,131,301
183,120,303
176,109,285
165,96,261
156,118,274
148,115,263
134,123,257
139,137,276
110,146,256
84,143,227
115,142,257
142,141,283
150,138,288
147,154,301
148,163,311
138,172,310
142,184,326
147,184,331
176,156,332
193,166,359
222,183,405
217,199,416
230,207,437
204,206,410
199,183,382
186,183,369
182,179,361
177,163,340
191,140,331
183,126,309
160,122,282
162,111,273
164,109,273
177,140,317
175,128,303
153,137,290
159,140,299
135,149,284
152,143,295
156,151,307
167,144,311
176,159,335
213,169,382
262,126,388
269,121,390
222,119,341
191,154,345
179,143,322
202,150,352
220,149,369
198,130,328
208,170,378
215,153,368
233,119,352
217,167,384
218,145,363
202,125,327
227,153,380
194,147,341
200,158,358
174,136,310
176,197,373
234,169,403
225,173,398
217,170,387
156,152,308
184,151,335
186,142,328
166,156,322
152,169,321
157,155,312
156,151,307
155,158,313
144,156,300
134,158,292
141,159,300
142,157,299
139,155,294
138,153,291
139,152,291
129,158,287
135,145,280
149,138,287
160,135,295
144,142,286
143,139,282
134,134,268
135,143,278
139,137,276
113,145,258
159,117,276
155,119,274
152,118,270
125,119,244
122,119,241
129,111,240
134,114,248
139,101,240
136,95,231
134,90,224
119,93,212
122,97,219
122,95,217
127,101,228
124,102,226
122,129,251
125,194,319
129,205,334
140,210,350
189,170,359
183,163,346
193,156,349
150,149,299
133,148,281
137,145,282
139,139,278
146,146,292
164,116,280
156,123,279
152,153,305
117,163,280
136,173,309
152,167,319
150,190,340
142,206,348
122,213,335
134,217,351
166,187,353
181,183,364
181,210,391
136,220,356
146,218,364
141,207,348
170,167,337
180,142,322
190,119,309
179,101,280
146,91,237
147,126,273
142,134,276
152,124,276
160,119,279
167,108,275
185,150,335
224,135,359
222,125,347
192,139,331
170,125,295
166,121,287
178,115,293
173,149,322
179,163,342
196,137,333
237,151,388
275,146,421
261,132,393
232,141,373
218,147,365
226,118,344
228,101,329
191,146,337
174,325,499
201,331,532
214,325,539
210,323,533
269,247,516
252,234,486
273,200,473
197,192,389
183,179,362
171,151,322
178,145,323
163,149,312
153,149,302
128,148,276
125,164,289
125,188,313
122,201,323
124,217,341
122,222,344
168,177,345
178,148,326
183,134,317
156,132,288
124,128,252
127,124,251
128,113,241
133,101,234
136,95,231
148,140,288
155,140,295
152,140,292
142,148,290
110,149,259
119,146,265
122,144,266
142,143,285
132,143,275
138,139,277
127,136,263
135,139,274
124,144,268
124,148,272
123,149,272
126,177,303
129,197,326
123,195,318
138,180,318
160,162,322
160,138,298
182,133,315
168,135,303
148,124,272
134,115,249
143,103,246
147,88,235
151,105,256
158,104,262
155,111,266
181,126,307
189,111,300
196,94,290
147,148,295
174,144,318
165,148,313
164,157,321
134,161,295
136,153,289
149,132,281
156,126,282
135,158,293
126,161,287
128,159,287
132,168,300
135,174,309
124,164,288
133,162,295
131,156,287
126,158,284
128,161,289
119,164,283
100,187,287
128,210,338
141,200,341
152,196,348
150,190,340
161,166,327
158,149,307
193,105,298
176,118,294
163,113,276
147,104,251
150,103,253
140,101,241
155,90,245
148,100,248
146,110,256
119,137,256
121,147,268
138,146,284
147,153,300
143,156,299
135,180,315
132,190,322
116,192,308
136,188,324
150,188,338
142,202,344
144,202,346
132,215,347
178,183,361
175,182,357
179,190,369
131,209,340
138,214,352
142,215,357
155,210,365
166,203,369
167,202,369
171,201,372
144,207,351
169,172,341
160,167,327
156,165,321
135,152,287
133,148,281
132,141,273
120,135,255
122,141,263
122,147,269
117,149,266
150,123,273
179,100,279
182,137,319
183,131,314
167,147,314
194,143,337
220,175,395
246,176,422
226,180,406
211,203,414
175,215,390
182,227,409
175,218,393
190,204,394
215,154,369
229,137,366
235,128,363
203,150,353
172,150,322
148,143,291
159,124,283
162,110,272
164,117,281
178,104,282
165,108,273
163,108,271
154,100,254
152,114,266
141,108,249
145,116,261
163,88,251
168,137,305
163,159,322
134,145,279
142,133,275
147,124,271
163,181,344
190,186,376
186,184,370
178,167,345
116,168,284
147,165,312
175,142,317
198,129,327
194,147,341
190,145,335
198,134,332
222,172,394
228,160,388
239,164,403
255,134,389
222,128,350
229,129,358
186,117,303
185,113,298
139,121,260
141,116,257
133,122,255
131,149,280
126,154,280
182,105,287
198,144,342
227,124,351
182,135,317
184,113,297
167,139,306
196,101,297
179,111,290
193,116,309
156,105,261
152,116,268
172,93,265
160,90,250
162,89,251
121,91,212
130,100,230
126,121,247
129,132,261
139,139,278
136,147,283
110,160,270
128,165,293
124,167,291
135,167,302
124,168,292
134,161,295
146,149,295
154,110,264
176,86,262
162,186,348
177,155,332
173,172,345
166,174,340
105,178,283
142,184,326
138,185,323
133,194,327
116,184,300
150,163,313
144,148,292
174,109,283
179,98,277
173,103,276
158,120,278
172,136,308
176,134,310
175,138,313
158,154,312
134,166,300
127,189,316
143,198,341
154,191,345
149,197,346
135,204,339
144,191,335
151,223,374
156,227,383
148,208,356
144,202,346
196,153,349
192,136,328
194,129,323
151,118,269
159,136,295
173,129,302
174,135,309
156,163,319
132,163,295
128,162,290
142,144,286
149,119,268
177,117,294
177,156,333
173,171,344
159,289,448
333,131,464
348,157,505
331,184,515
159,190,349
171,202,373
179,217,396
161,219,380
150,274,424
149,264,413
175,248,423
208,235,443
234,204,438
218,214,432
205,244,449
186,232,418
168,221,389
191,212,403
183,206,389
186,196,382
196,186,382
199,165,364
189,149,338
157,133,290
150,131,281
136,118,254
135,106,241
134,100,234
132,86,218
136,104,240
126,97,223
125,89,214
125,84,209
116,97,213
124,93,217
131,115,246
135,98,233
142,101,243
142,117,259
171,113,284
183,102,285
179,115,294
153,103,256
150,122,272
153,103,256
150,137,287
173,132,305
159,142,301
157,132,289
129,123,252
146,102,248
139,101,240
127,96,223
117,85,202
132,88,220
129,85,214
134,109,243
132,102,234
148,79,227
123,96,219
140,100,240
118,112,230
126,119,245
132,125,257
135,128,263
136,127,263
133,143,276
133,152,285
129,143,272
127,137,264
132,120,252
132,116,248
124,125,249
154,124,278
179,105,284
183,96,279
157,96,253
130,90,220
124,84,208
132,84,216
117,87,204
118,87,205
110,101,211
128,95,223
133,98,231
134,104,238
146,120,266
152,114,266
151,122,273
145,124,269
132,132,264
131,143,274
129,144,273
128,151,279
131,160,291
131,164,295
130,166,296
133,173,306
131,192,323
129,192,321
126,192,318
144,167,311
163,139,302
173,129,302
166,115,281
143,108,251
146,97,243
144,84,228
146,109,255
148,96,244
148,107,255
150,99,249
146,89,235
146,91,237
142,108,250
141,98,239
140,86,226
137,107,244
144,95,239
145,107,252
148,96,244
145,82,227
146,114,260
145,114,259
137,121,258
139,125,264
130,127,257
128,131,259
129,132,261
129,140,269
131,145,276
127,154,281
130,158,288
133,164,297
132,172,304
133,185,318
129,187,316
129,187,316
137,172,309
146,163,309
148,164,312
145,154,299
137,162,299
142,181,323
131,189,320
133,205,338
137,202,339
145,203,348
152,202,354
163,216,379
165,229,394
162,256,418
174,244,418
198,220,418
225,201,426
236,176,412
221,182,403
192,182,374
188,155,343
213,131,344
240,220,460
256,169,425
240,153,393
243,131,374
185,168,353
218,170,388
208,172,380
208,185,393
181,168,349
200,145,345
185,139,324
157,149,306
142,176,318
132,186,318
132,200,332
138,194,332
153,183,336
145,189,334
163,162,325
156,159,315
165,162,327
164,143,307
169,159,328
162,317,479
162,295,457
178,277,455
206,268,474
277,172,449
252,165,417
166,157,323
176,114,290
188,89,277
195,119,314
162,124,286
148,122,270
143,144,287
140,143,283
155,141,296
137,180,317
139,193,332
157,174,331
178,156,334
182,153,335
177,149,326
218,116,334
223,112,335
204,150,354
180,135,315
187,153,340
183,173,356
195,218,413
270,159,429
302,185,487
289,168,457
200,143,343
200,122,322
168,121,289
177,166,343
178,170,348
169,145,314
180,137,317
202,129,331
202,156,358
206,178,384
239,151,390
227,138,365
196,153,349
147,160,307
143,161,304
149,142,291
179,116,295
182,123,305
176,126,302
156,113,269
169,93,262
171,110,281
155,123,278
151,123,274
145,146,291
175,121,296
180,109,289
176,92,268
144,116,260
124,127,251
143,135,278
147,148,295
137,151,288
152,141,293
146,134,280
151,133,284
132,137,269
128,147,275
134,136,270
138,138,276
161,106,267
161,101,262
150,131,281
130,145,275
143,162,305
154,174,328
142,169,311
134,169,303
112,170,282
137,199,336
118,215,333
119,220,339
120,221,341
189,169,358
216,149,365
195,151,346
151,164,315
129,178,307
144,176,320
141,184,325
144,204,348
148,198,346
139,209,348
182,175,357
200,154,354
208,159,367
199,138,337
195,145,340
183,130,313
173,121,294
180,123,303
182,166,348
210,149,359
234,160,394
231,165,396
218,199,417
196,182,378
179,170,349
201,161,362
188,130,318
203,138,341
213,115,328
197,163,360
196,158,354
184,141,325
198,133,331
182,125,307
183,138,321
185,117,302
183,107,290
174,93,267
157,149,306
150,151,301
155,138,293
163,120,283
147,141,288
170,151,321
185,143,328
173,142,315
143,141,284
148,136,284
153,131,284
158,127,285
149,128,277
138,126,264
123,129,252
131,129,260
119,134,253
126,142,268
133,141,274
134,147,281
130,147,277
140,157,297
140,170,310
130,179,309
143,178,321
140,164,304
152,146,298
155,132,287
146,125,271
135,120,255
126,110,236
130,108,238
132,98,230
139,84,223
140,104,244
133,130,263
134,133,267
135,123,258
145,109,254
142,98,240
136,93,229
127,82,209
129,118,247
128,124,252
166,110,276
183,103,286
194,125,319
165,114,279
159,116,275
142,113,255
158,96,254
164,101,265
152,128,280
141,135,276
149,129,278
142,138,280
127,142,269
136,143,279
146,141,287
144,149,293
134,168,302
155,134,289
156,124,280
170,117,287
155,104,259
153,100,253
152,143,295
176,108,284
181,128,309
192,111,303
146,93,239
166,94,260
133,132,265
138,135,273
141,155,296
139,168,307
117,173,290
113,176,289
130,167,297
126,173,299
124,188,312
147,168,315
164,144,308
182,133,315
166,123,289
163,110,273
163,124,287
183,98,281
172,91,263
153,87,240
134,83,217
112,79,191
120,85,205
101,103,204
121,111,232
104,109,213
145,90,235
128,117,245
141,134,275
126,151,277
142,149,291
133,166,299
145,175,320
150,192,342
154,197,351
151,184,335
134,189,323
152,228,380
168,220,388
168,223,391
158,226,384
172,182,354
196,190,386
213,194,407
186,185,371
171,192,363
164,197,361
159,214,373
192,192,384
228,214,442
248,204,452
221,210,431
204,182,386
196,166,362
194,166,360
186,161,347
169,153,322
196,139,335
181,150,331
184,133,317
179,118,297
187,102,289
178,94,272
162,146,308
161,153,314
164,151,315
173,131,304
149,123,272
137,129,266
133,134,267
128,138,266
130,135,265
136,133,269
133,139,272
128,142,270
103,147,250
136,140,276
124,126,250
141,107,248
147,100,247
143,87,230
137,101,238
145,96,241
158,209,367
297,159,456
308,162,470
313,152,465
189,136,325
148,122,270
146,109,255
146,103,249
142,130,272
153,131,284
153,116,269
153,101,254
144,101,245
135,91,226
150,123,273
149,142,291
132,143,275
134,137,271
120,125,245
128,121,249
154,163,317
184,133,317
217,96,313
204,127,331
177,122,299
160,119,279
162,103,265
159,122,281
168,127,295
167,121,288
155,123,278
142,128,270
148,111,259
173,198,371
207,185,392
229,162,391
206,173,379
184,171,355
150,182,332
160,210,370
171,194,365
171,199,370
171,214,385
140,213,353
148,189,337
194,179,373
211,183,394
209,191,400
174,197,371
158,189,347
156,189,345
146,191,337
121,195,316
142,200,342
140,205,345
139,200,339
156,184,340
174,199,373
163,202,365
144,199,343
148,177,325
153,186,339
161,204,365
139,221,360
110,229,339
155,197,352
170,182,352
183,173,356
180,148,328
176,155,331
176,156,332
151,153,304
147,150,297
141,155,296
133,158,291
127,166,293
152,174,326
144,175,319
154,160,314
154,139,293
153,132,285
160,122,282
160,128,288
173,113,286
153,110,263
127,110,237
131,112,243
128,95,223
131,97,228
116,94,210
118,92,210
116,87,203
112,89,201
111,97,208
125,104,229
111,120,231
141,111,252
135,124,259
128,113,241
134,110,244
152,168,320
161,145,306
181,127,308
204,179,383
206,166,372
220,174,394
204,199,403
178,192,370
177,175,352
199,170,369
207,175,382
195,157,352
231,114,345
216,114,330
221,155,376
200,134,334
218,143,361
251,122,373
215,115,330
196,139,335
182,100,282
168,86,254
162,126,288
144,146,290
152,149,301
150,152,302
125,159,284
107,161,268
107,165,272
122,170,292
138,178,316
117,179,296
136,169,305
126,164,290
176,97,273
193,123,316
207,119,326
174,90,264
172,129,301
174,109,283
172,103,275
163,135,298
159,119,278
175,115,290
168,122,290
128,133,261
111,143,254
120,157,277
101,157,258
127,147,274
126,151,277
116,155,271
97,163,260
126,187,313
123,208,331
119,209,328
115,215,330
168,428,596
185,448,633
174,449,623
382,226,608
401,181,582
397,170,567
159,150,309
179,121,300
168,124,292
157,134,291
125,135,260
130,142,272
120,146,266
148,139,287
170,107,277
192,120,312
184,132,316
156,123,279
147,112,259
134,112,246
132,99,231
148,102,250
148,103,251
124,108,232
123,99,222
117,97,214
119,93,212
105,93,198
118,99,217
126,103,229
125,108,233
129,114,243
121,128,249
113,137,250
116,142,258
129,151,280
131,161,292
115,171,286
114,172,286
116,191,307
109,206,315
129,196,325
126,195,321
166,166,332
175,155,330
178,150,328
184,104,288
186,87,273
171,116,287
116,107,223
135,93,228
132,122,254
126,114,240
142,110,252
129,119,248
167,124,291
178,110,288
187,98,285
155,110,265
156,96,252
157,109,266
156,94,250
152,109,261
151,96,247
151,111,262
153,95,248
153,110,263
153,98,251
151,109,260
152,95,247
151,108,259
154,94,248
150,120,270
163,97,260
162,106,268
162,94,256
149,107,256
151,94,245
149,108,257
150,97,247
149,166,315
191,141,332
211,135,346
234,146,380
213,152,365
213,157,370
208,167,375
198,159,357
180,172,352
192,156,348
213,166,379
268,150,418
245,150,395
234,145,379
221,161,382
246,141,387
245,148,393
223,137,360
213,135,348
214,161,375
211,154,365
202,149,351
207,143,350
204,135,339
216,168,384
215,163,378
189,176,365
160,192,352
126,197,323
131,192,323
127,205,332
162,187,349
194,156,350
231,123,354
220,98,318
195,110,305
168,112,280
156,104,260
160,92,252
157,94,251
146,104,250
135,135,270
154,114,268
175,121,296
176,125,301
163,135,298
135,154,289
130,147,277
109,129,238
139,126,265
153,107,260
174,132,306
183,111,294
181,111,292
187,95,282
160,95,255
166,124,290
143,118,261
156,107,263
172,159,331
166,167,333
164,165,329
148,149,297
100,143,243
132,129,261
134,108,242
149,96,245
144,83,227
141,164,305
131,143,274
173,106,279
161,94,255
139,112,251
139,94,233
145,121,266
126,123,249
152,104,256
122,107,229
160,90,250
163,109,272
156,107,263
156,104,260
161,137,298
187,106,293
186,129,315
181,140,321
164,181,345
195,146,341
214,122,336
227,122,349
209,103,312
208,138,346
177,126,303
175,118,293
154,109,263
148,108,256
152,115,267
128,131,259
136,134,270
131,165,296
114,180,294
117,191,308
109,193,302
129,172,301
142,159,301
130,156,286
154,134,288
144,123,267
138,112,250
133,104,237
125,97,222
117,154,271
153,120,273
185,92,277
174,87,261
122,92,214
116,89,205
121,78,199
120,101,221
124,108,232
121,97,218
129,94,223
121,96,217
107,99,206
111,95,206
118,101,219
116,118,234
103,137,240
124,142,266
103,148,251
110,148,258
121,145,266
118,140,258
121,148,269
118,151,269
116,156,272
101,188,289
124,188,312
121,204,325
114,215,329
175,155,330
203,131,334
220,131,351
170,133,303
160,146,306
180,132,312
174,157,331
186,153,339
217,191,408
266,171,437
275,170,445
246,158,404
247,188,435
218,184,402
217,195,412
216,188,404
203,134,337
270,236,506
276,207,483
229,218,447
201,198,399
139,182,321
154,163,317
157,130,287
167,121,288
181,147,328
174,144,318
169,176,345
165,167,332
155,171,326
154,166,320
130,159,289
123,153,276
163,117,280
187,92,279
198,129,327
153,148,301
137,158,295
120,156,276
118,150,268
157,105,262
167,86,253
177,120,297
162,100,262
159,111,270
175,100,275
151,96,247
169,151,320
151,144,295
148,141,289
150,146,296
99,145,244
126,147,273
116,142,258
108,137,245
103,149,252
117,152,269
100,166,266
118,194,312
126,199,325
114,220,334
140,235,375
163,219,382
174,233,407
188,211,399
183,193,376
172,210,382
188,192,380
175,179,354
173,166,339
138,156,294
143,143,286
133,138,271
131,133,264
116,124,240
131,111,242
140,91,231
145,140,285
166,115,281
183,131,314
192,127,319
176,117,293
170,101,271
153,106,259
132,107,239
114,114,228
116,113,229
110,108,218
118,114,232
130,105,235
131,111,242
130,212,342
239,155,394
272,163,435
279,161,440
163,156,319
144,143,287
157,148,305
142,164,306
129,180,309
126,187,313
121,199,320
136,204,340
147,206,353
135,202,337
168,164,332
163,158,321
176,147,323
149,133,282
149,122,271
165,87,252
168,109,277
176,80,256
165,140,305
160,154,314
120,154,274
127,145,272
104,136,240
139,122,261
140,108,248
122,92,214
144,84,228
137,93,230
111,86,197
123,132,255
132,119,251
132,108,240
118,101,219
109,95,204
117,89,206
122,112,234
120,120,240
127,115,242
132,126,258
131,137,268
131,132,263
120,127,247
100,112,212
138,121,259
156,119,275
157,166,323
189,160,349
221,116,337
234,161,395
214,141,355
211,104,315
182,177,359
220,167,387
228,132,360
249,134,383
233,126,359
193,113,306
207,126,333
180,145,325
182,125,307
198,124,322
215,113,328
195,188,383
201,167,368
168,187,355
168,193,361
108,192,300
120,187,307
184,125,309
200,112,312
191,111,302
131,107,238
117,103,220
92,106,198
110,123,233
124,136,260
125,137,262
127,138,265
127,131,258
122,127,249
106,126,232
92,134,226
107,138,245
118,134,252
104,141,245
113,144,257
114,146,260
120,151,271
118,149,267
135,147,282
142,143,285
120,141,261
121,147,268
119,137,256
117,137,254
137,142,279
130,156,286
128,152,280
136,152,288
120,158,278
122,151,273
125,146,271
118,148,266
77,154,231
87,166,253
117,172,289
118,169,287
99,200,299
132,185,317
144,179,323
140,187,327
204,132,336
185,131,316
223,121,344
149,107,256
145,108,253
120,119,239
119,124,243
124,158,282
117,182,299
110,186,296
129,182,311
130,181,311
100,161,261
195,168,363
213,177,390
231,154,385
187,147,334
180,134,314
146,282,428
182,256,438
188,239,427
219,200,419
252,145,397
206,133,339
171,122,293
148,121,269
166,98,264
145,91,236
151,104,255
129,111,240
136,98,234
130,156,286
159,137,296
167,118,285
165,100,265
152,134,286
166,127,293
168,115,283
168,125,293
161,136,297
169,132,301
170,118,288
167,124,291
166,118,284
156,107,263
153,143,296
178,114,292
188,172,360
225,165,390
217,161,378
219,151,370
177,151,328
172,157,329
178,125,303
148,132,280
146,146,292
126,150,276
151,118,269
152,148,300
214,124,338
173,119,292
166,104,270
147,143,290
157,161,318
156,198,354
133,231,364
106,284,390
128,305,433
134,269,403
237,205,442
243,204,447
212,191,403
183,170,353
187,178,365
167,178,345
162,180,342
143,204,347
144,216,360
146,245,391
165,246,411
173,264,437
176,281,457
209,247,456
280,204,484
314,169,483
251,158,409
233,125,358
212,136,348
211,119,330
196,133,329
201,171,372
225,131,356
225,106,331
189,100,289
148,92,240
141,105,246
144,106,250
105,108,213
127,110,237
121,113,234
120,110,230
125,107,232
125,117,242
136,111,247
134,120,254
143,113,256
151,145,296
186,107,293
178,121,299
151,133,284
146,146,292
135,131,266
166,110,276
184,153,337
191,127,318
181,128,309
172,121,293
115,114,229
132,110,242
117,106,223
117,109,226
111,109,220
122,106,228
95,106,201
124,111,235
119,113,232
116,119,235
118,137,255
95,147,242
117,150,267
123,152,275
133,154,287
124,164,288
122,165,287
107,167,274
125,180,305
114,193,307
124,200,324
122,183,305
149,172,321
151,155,306
142,146,288
141,140,281
122,136,258
111,132,243
120,128,248
105,130,235
120,125,245
107,122,229
105,118,223
122,135,257
109,139,248
137,128,265
143,135,278
115,140,255
120,170,290
121,192,313
116,217,333
114,235,349
151,221,372
134,217,351
202,188,390
177,201,378
168,203,371
147,202,349
149,215,364
144,200,344
159,194,353
162,194,356
152,178,330
152,191,343
146,196,342
146,166,312
147,162,309
161,145,306
151,137,288
143,114,257
155,115,270
143,108,251
123,108,231
138,96,234
62,88,150
91,95,186
103,103,206
122,123,245
121,125,246
115,131,246
105,132,237
129,126,255
97,121,218
128,125,253
106,127,233
125,123,248
116,118,234
126,112,238
105,106,211
110,121,231
119,129,248
122,124,246
125,122,247
152,91,243
161,134,295
181,117,298
161,107,268
146,102,248
138,126,264
120,117,237
155,112,267
141,98,239
129,86,215
119,133,252
147,133,280
181,177,358
202,145,347
180,140,320
152,141,293
80,171,251
115,184,299
140,183,323
147,192,339
162,187,349
194,182,376
185,199,384
162,204,366
148,186,334
153,177,330
158,158,316
172,135,307
168,121,289
160,112,272
159,81,240
156,140,296
165,126,291
139,120,259
120,115,235
83,104,187
116,97,213
130,147,277
148,132,280
177,130,307
198,119,317
197,112,309
206,95,301
150,94,244
157,95,252
127,97,224
124,133,257
141,143,284
137,151,288
137,165,302
136,167,303
129,186,315
126,186,312
126,194,320
81,196,277
156,156,312
197,123,320
195,111,306
158,95,253
157,122,279
167,117,284
172,95,267
175,147,322
160,139,299
149,130,279
138,121,259
135,94,229
177,93,270
164,97,261
136,99,235
130,87,217
121,88,209
128,83,211
110,78,188
127,117,244
122,121,243
110,118,228
121,111,232
97,102,199
129,96,225
122,91,213
116,89,205
121,89,210
122,84,206
121,82,203
122,102,224
118,101,219
122,105,227
123,105,228
134,101,235
137,98,235
127,102,229
110,103,213
108,116,224
126,128,254
132,156,288
154,143,297
143,132,275
162,136,298
142,135,277
122,133,255
127,130,257
130,131,261
131,129,260
128,126,254
127,125,252
127,130,257
125,129,254
124,129,253
126,127,253
126,137,263
128,131,259
128,130,258
130,123,253
136,114,250
135,108,243
133,103,236
126,103,229
125,106,231
126,101,227
125,102,227
125,99,224
126,93,219
131,88,219
131,88,219
132,81,213
128,82,210
129,81,210
116,109,225
126,120,246
129,126,255
128,131,259
123,137,260
123,144,267
127,145,272
131,144,275
134,144,278
134,146,280
134,148,282
135,152,287
134,156,290
134,160,294
128,171,299
129,185,314
125,193,318
147,291,438
283,175,458
315,164,479
304,155,459
148,132,280
161,121,282
161,107,268
147,102,249
151,116,267
152,99,251
156,122,278
156,112,268
154,101,255
156,85,241
145,157,302
154,156,310
142,166,308
147,157,304
104,162,266
145,163,308
171,141,312
163,159,322
167,168,335
210,159,369
238,126,364
240,141,381
199,151,350
206,135,341
238,125,363
201,133,334
203,120,323
179,114,293
199,143,342
180,134,314
173,134,307
164,123,287
135,120,255
167,151,318
177,140,317
188,140,328
166,143,309
134,131,265
135,126,261
138,116,254
126,109,235
121,104,225
132,116,248
124,114,238
109,140,249
117,159,276
106,170,276
126,162,288
130,153,283
117,141,258
133,148,281
99,150,249
105,155,260
124,153,277
114,153,267
107,162,269
115,194,309
111,200,311
120,204,324
123,195,318
202,124,326
224,97,321
236,110,346
171,121,292
153,114,267
145,115,260
160,130,290
158,108,266
161,95,256
162,128,290
137,213,350
212,192,404
196,210,406
137,209,346
107,203,310
198,130,328
208,106,314
211,86,297
159,157,316
166,153,319
158,153,311
150,141,291
109,136,245
170,109,279
175,91,266
175,156,331
154,151,305
137,145,282
128,135,263
83,128,211
111,123,234
81,116,197
113,107,220
138,102,240
114,119,233
146,118,264
118,110,228
156,102,258
145,86,231
125,109,234
143,147,290
134,158,292
122,166,288
140,146,286
173,149,322
187,152,339
172,324,496
186,317,503
151,308,459
199,298,497
282,227,509
285,247,532
268,241,509
202,226,428
194,201,395
203,159,362
195,127,322
193,110,303
189,116,305
172,113,285
168,102,270
151,94,245
148,119,267
134,110,244
150,127,277
173,115,288
189,121,310
189,120,309
161,141,302
145,135,280
140,118,258
155,100,255
155,87,242
146,120,266
160,112,272
157,135,292
172,110,282
162,156,318
135,174,309
135,171,306
144,170,314
127,183,310
133,196,329
100,201,301
145,176,321
155,168,323
154,166,320
158,171,329
148,183,331
154,199,353
130,206,336
133,212,345
155,194,349
171,184,355
154,186,340
165,188,353
173,171,344
186,153,339
172,125,297
181,105,286
158,97,255
163,86,249
128,100,228
127,102,229
112,115,227
115,132,247
117,134,251
123,128,251
135,112,247
131,117,248
123,123,246
102,132,234
123,130,253
135,109,244
137,93,230
135,92,227
124,89,213
124,87,211
116,82,198
119,80,199
122,102,224
119,139,258
118,158,276
131,162,293
138,155,293
172,126,298
174,123,297
169,112,281
154,96,250
151,90,241
138,94,232
135,91,226
126,121,247
144,103,247
166,111,277
185,101,286
161,93,254
135,82,217
133,100,233
126,114,240
116,126,242
137,128,265
138,129,267
130,126,256
120,120,240
133,102,235
144,89,233
127,84,211
132,97,229
129,87,216
131,102,233
132,100,232
130,89,219
130,88,218
124,86,210
121,86,207
123,90,213
118,108,226
141,118,259
155,104,259
167,99,266
154,128,282
154,118,272
156,114,270
151,109,260
145,95,240
167,84,251
154,136,290
128,140,268
135,138,273
134,150,284
117,146,263
118,144,262
122,137,259
118,138,256
121,134,255
125,132,257
123,149,272
116,156,272
123,154,277
120,152,272
122,147,269
124,154,278
128,156,284
112,153,265
123,152,275
122,147,269
115,141,256
123,135,258
121,131,252
123,132,255
121,130,251
122,124,246
124,117,241
126,111,237
126,105,231
118,104,222
122,98,220
116,97,213
123,91,214
114,88,202
122,85,207
123,82,205
121,127,248
124,145,269
125,144,269
124,150,274
120,156,276
113,169,282
110,188,298
123,197,320
119,202,321
152,190,342
151,191,342
156,195,351
129,188,317
169,156,325
192,131,323
190,116,306
169,98,267
151,93,244
142,116,258
162,95,257
163,118,281
172,111,283
157,123,280
180,96,276
163,95,258
144,91,235
121,86,207
128,83,211
119,94,213
116,94,210
127,90,217
124,90,214
123,90,213
128,84,212
132,90,222
130,99,229
118,102,220
129,102,231
135,106,241
151,114,265
143,122,265
133,122,255
124,125,249
126,124,250
123,117,240
125,109,234
117,102,219
125,105,230
122,103,225
122,102,224
121,98,219
123,100,223
124,96,220
122,108,230
122,111,233
110,117,227
136,124,260
127,118,245
160,117,277
151,126,277
136,141,277
147,130,277
164,102,266
173,96,269
165,98,263
140,90,230
141,77,218
128,108,236
113,116,229
129,107,236
135,116,251
131,116,247
120,112,232
122,110,232
129,98,227
131,91,222
124,85,209
122,81,203
129,106,235
133,108,241
144,93,237
140,93,233
134,107,241
130,105,235
131,102,233
134,96,230
134,94,228
138,123,261
154,103,257
142,98,240
134,94,228
118,91,209
129,87,216
124,107,231
131,103,234
141,100,241
142,92,234
129,92,221
125,92,217
116,94,210
123,93,216
122,88,210
123,86,209
122,84,206
116,93,209
126,95,221
127,92,219
139,94,233
139,94,233
124,94,218
126,85,211
130,102,232
125,102,227
128,95,223
132,103,235
150,98,248
147,92,239
151,112,263
126,121,247
139,116,255
134,110,244
138,104,242
145,89,234
148,116,264
140,118,258
148,107,255
135,107,242
140,93,233
149,129,278
151,116,267
136,106,242
140,104,244
124,91,215
140,80,220
132,102,234
121,107,228
113,100,213
133,96,229
134,96,230
132,92,224
136,119,255
138,120,258
168,134,302
164,148,312
165,137,302
154,115,269
148,105,253
149,98,247
135,94,229
133,85,218
139,130,269
164,110,274
171,128,299
178,134,312
194,94,288
177,88,265
161,103,264
131,109,240
131,118,249
133,117,250
127,110,237
128,104,232
127,109,236
124,116,240
135,108,243
144,123,267
133,110,243
188,145,333
199,131,330
185,137,322
176,123,299
145,109,254
170,156,326
203,134,337
213,125,338
188,127,315
170,130,300
169,129,298
197,92,289
183,141,324
175,146,321
176,126,302
181,101,282
173,97,270
151,98,249
130,92,222
119,112,231
108,121,229
126,119,245
132,119,251
125,122,247
127,133,260
123,154,277
121,194,315
199,183,382
270,111,381
291,101,392
220,109,329
152,102,254
152,97,249
141,89,230
140,98,238
143,91,234
138,89,227
131,127,258
138,110,248
147,97,244
137,118,255
143,110,253
146,152,298
173,131,304
184,134,318
172,128,300
123,118,241
156,125,281
169,110,279
178,101,279
160,122,282
159,101,260
142,94,236
149,87,236
118,82,200
126,77,203
124,107,231
126,115,241
127,128,255
130,138,268
126,145,271
126,142,268
127,134,261
131,123,254
132,116,248
132,111,243
126,100,226
129,91,220
131,83,214
126,87,213
130,82,212
129,90,219
118,90,208
129,81,210
126,92,218
130,82,212
132,106,238
130,102,232
130,99,229
127,98,225
119,98,217
123,96,219
126,91,217
125,91,216
130,85,215
129,103,232
128,106,234
131,102,233
124,96,220
122,88,210
127,82,209
120,92,212
127,103,230
136,107,243
158,95,253
167,107,274
156,106,262
145,98,243
139,86,225
147,110,257
146,104,250
140,95,235
145,124,269
164,99,263
162,102,264
153,123,276
126,127,253
134,123,257
127,116,243
121,111,232
126,102,228
132,89,221
128,87,215
135,79,214
127,106,233
126,116,242
117,120,237
132,118,250
127,123,250
132,133,265
127,139,266
130,157,287
127,164,291
133,157,290
132,154,286
124,147,271
109,237,346
124,271,395
125,276,401
126,279,405
247,187,434
249,209,458
230,224,454
136,225,361
152,200,352
169,180,349
190,155,345
171,151,322
143,152,295
128,145,273
141,141,282
119,137,256
132,142,274
123,138,261
111,134,245
109,135,244
125,129,254
110,153,263
122,155,277
121,181,302
102,191,293
121,215,336
117,222,339
146,205,351
147,203,350
185,167,352
184,150,334
184,140,324
175,115,290
179,112,291
171,114,285
161,103,264
151,95,246
134,88,222
147,106,253
151,102,253
148,96,244
143,82,225
142,109,251
154,104,258
174,107,281
178,98,276
154,90,244
132,93,225
138,87,225
142,129,271
147,110,257
155,115,270
149,129,278
121,136,257
125,138,263
122,133,255
127,125,252
126,116,242
128,112,240
120,105,225
119,105,224
123,101,224
123,97,220
124,94,218
124,90,214
123,90,213
124,88,212
124,84,208
120,85,205
123,112,235
125,108,233
128,111,239
131,118,249
122,117,239
125,129,254
121,130,251
121,137,258
124,146,270
122,148,270
122,150,272
119,155,274
121,157,278
124,162,286
121,162,283
122,177,299
122,187,309
133,179,312
129,179,308
134,174,308
147,153,300
147,149,296
145,149,294
125,158,283
119,159,278
126,152,278
124,145,269
124,140,264
123,134,257
121,130,251
124,130,254
122,130,252
121,125,246
120,120,240
116,115,231
122,111,233
120,106,226
115,100,215
122,97,219
121,97,218
124,92,216
124,90,214
118,90,208
122,99,221
135,95,230
140,87,227
136,89,225
130,109,239
124,109,233
126,106,232
125,101,226
128,95,223
128,89,217
131,87,218
135,83,218
131,82,213
131,104,235
127,105,232
128,101,229
132,94,226
128,90,218
134,86,220
136,104,240
133,100,233
137,91,228
134,92,226
126,90,216
129,85,214
131,82,213
133,80,213
127,97,224
124,96,220
129,89,218
128,89,217
125,86,211
127,100,227
133,94,227
136,90,226
131,89,220
129,86,215
133,101,234
134,104,238
132,100,232
129,98,227
125,92,217
128,91,219
127,91,218
122,90,212
127,85,212
133,100,233
133,98,231
130,93,223
127,90,217
123,92,215
122,91,213
126,86,212
129,82,211
129,82,211
123,81,204
125,104,229
129,96,225
134,92,226
134,89,223
130,110,240
140,94,234
143,90,233
136,89,225
129,100,229
131,95,226
135,91,226
129,88,217
129,101,230
130,98,228
136,92,228
134,88,222
136,96,232
132,92,224
131,110,241
139,95,234
145,94,239
135,103,238
130,106,236
139,119,258
173,121,294
178,122,300
176,123,299
152,110,262
146,111,257
130,153,283
184,158,342
219,128,347
221,111,332
172,109,281
139,119,258
115,120,235
144,107,251
148,148,296
155,134,289
158,135,293
170,139,309
155,138,293
166,142,308
136,150,286
149,141,290
146,129,275
157,113,270
160,112,272
154,100,254
152,140,292
157,131,288
146,117,263
133,108,241
134,94,228
147,93,240
146,137,283
150,142,292
151,145,296
165,143,308
148,143,291
151,140,291
134,147,281
127,140,267
141,131,272
151,114,265
142,97,239
140,103,243
135,113,248
132,100,232
139,94,233
127,93,220
121,88,209
121,92,213
118,93,211
127,109,236
129,110,239
126,106,232
121,114,235
114,141,255
122,173,295
123,187,310
126,185,311
132,178,310
154,165,319
144,158,302
155,164,319
132,173,305
120,169,289
121,168,289
123,155,278
158,143,301
154,137,291
133,130,263
118,128,246
112,146,258
119,147,266
126,139,265
128,140,268
133,128,261
127,134,261
137,147,284
112,149,261
124,148,272
130,153,283
123,147,270
117,146,263
110,141,251
130,154,284
122,149,271
147,129,276
145,117,262
157,101,258
144,104,248
143,88,231
144,79,223
124,123,247
122,114,236
124,102,226
133,98,231
117,84,201
142,162,304
165,148,313
173,163,336
161,178,339
101,183,284
120,183,303
120,209,329
130,206,336
144,218,362
144,216,360
149,176,325
183,155,338
194,139,333
163,153,316
143,146,289
124,149,273
122,144,266
121,139,260
117,139,256
121,140,261
124,136,260
123,136,259
121,135,256
133,130,263
139,131,270
137,122,259
138,113,251
128,110,238
125,104,229
128,104,232
121,106,227
120,116,236
122,123,245
118,119,237
123,167,290
181,124,305
206,115,321
209,110,319
152,101,253
144,98,242
133,126,259
160,118,278
164,127,291
189,103,292
172,113,285
191,123,314
184,113,297
173,120,293
137,120,257
116,120,236
124,125,249
116,127,243
121,130,251
122,127,249
122,127,249
113,123,236
123,123,246
119,120,239
123,134,257
122,136,258
121,145,266
125,134,259
137,121,258
146,105,251
139,116,255
116,134,250
124,137,261
121,138,259
128,140,268
124,142,266
109,156,265
121,171,292
116,194,310
112,199,311
140,176,316
254,130,384
278,139,417
261,134,395
139,136,275
127,141,268
130,165,295
136,160,296
143,159,302
138,174,312
129,192,321
103,206,309
138,198,336
147,190,337
152,198,350
159,181,340
144,180,324
157,156,313
161,128,289
169,112,281
157,114,271
150,87,237
150,92,242
144,96,240
122,88,210
123,89,212
124,106,230
142,127,269
172,100,272
177,92,269
158,87,245
143,89,232
142,82,224
128,94,222
126,90,216
121,89,210
123,82,205
126,92,218
133,83,216
132,110,242
125,108,233
128,103,231
128,96,224
134,89,223
131,92,223
133,82,215
130,106,236
135,112,247
132,108,240
128,105,233
120,112,232
124,122,246
116,136,252
125,142,267
139,131,270
139,125,264
142,112,254
151,125,276
162,118,280
164,115,279
191,127,318
197,103,300
200,134,334
176,124,300
166,102,268
178,144,322
205,127,332
209,146,355
223,110,333
182,104,286
161,100,261
119,97,216
122,92,214
124,109,233
123,111,234
123,119,242
121,121,242
150,190,340
159,250,409
142,258,400
170,253,423
207,217,424
218,181,399
160,159,319
189,143,332
169,129,298
153,122,275
143,115,258
137,111,248
129,103,232
136,117,253
158,113,271
170,101,271
165,101,266
147,102,249
118,104,222
122,105,227
122,120,242
111,131,242
119,137,256
120,138,258
123,139,262
128,127,255
128,118,246
139,110,249
129,106,235
122,101,223
122,97,219
122,100,222
120,102,222
122,99,221
121,97,218
124,94,218
118,94,212
125,89,214
130,82,212
133,96,229
130,93,223
117,93,210
120,90,210
112,111,223
123,114,237
119,116,235
123,118,241
135,103,238
133,102,235
134,112,246
117,114,231
120,124,244
123,128,251
123,149,272
123,162,285
109,164,273
110,162,272
116,153,269
124,146,270
129,140,269
122,134,256
123,135,258
123,131,254
124,131,255
117,132,249
122,132,254
125,130,255
126,125,251
134,114,248
127,108,235
132,101,233
124,102,226
114,123,237
122,134,256
152,103,255
156,97,253
158,107,265
132,114,246
123,114,237
122,125,247
118,127,245
123,128,251
126,127,253
122,130,252
115,134,249
120,149,269
123,157,280
145,135,280
164,123,287
166,133,299
143,166,309
126,172,298
136,146,282
154,131,285
154,101,255
172,100,272
166,124,290
159,129,288
157,135,292
150,132,282
146,133,279
139,119,258
174,143,317
217,114,331
188,138,326
163,147,310
132,160,292
148,169,317
147,173,320
139,182,321
128,200,328
127,212,339
131,235,366
152,218,370
181,201,382
177,191,368
173,187,360
160,167,327
148,177,325
123,173,296
120,171,291
133,186,319
165,167,332
172,159,331
181,154,335
146,156,302
159,167,326
156,157,313
156,141,297
152,127,279
148,112,260
168,164,332
169,155,324
186,133,319
158,121,279
112,106,218
157,88,245
145,126,271
156,117,273
148,108,256
161,99,260
142,107,249
145,119,264
149,102,251
158,99,257
153,103,256
133,97,230
133,97,230
121,89,210
119,88,207
129,85,214
125,84,209
128,100,228
125,115,240
127,123,250
117,123,240
123,117,240
126,117,243
117,114,231
124,111,235
117,106,223
122,101,223
125,98,223
116,97,213
123,95,218
123,92,215
115,87,202
116,85,201
122,79,201
121,107,228
122,118,240
124,118,242
121,130,251
120,131,251
124,131,255
123,137,260
121,137,258
137,124,261
132,122,254
131,121,252
125,115,240
121,115,236
129,111,240
123,116,239
118,119,237
124,120,244
114,121,235
116,118,234
125,119,244
122,122,244
118,128,246
118,126,244
123,123,246
126,128,254
126,127,253
121,127,248
124,122,246
130,122,252
123,123,246
124,119,243
123,122,245
120,123,243
123,131,254
126,131,257
122,131,253
125,136,261
132,120,252
140,116,256
137,117,254
124,119,243
123,115,238
122,113,235
121,108,229
123,105,228
123,99,222
113,101,214
119,101,220
124,108,232
122,126,248
121,132,253
122,136,258
121,144,265
128,160,288
131,157,288
133,151,284
133,146,279
117,141,258
120,141,261
127,131,258
138,118,256
139,110,249
140,105,245
126,101,227
120,98,218
121,97,218
120,96,216
117,94,211
126,90,216
123,82,205
128,91,219
129,92,221
126,92,218
121,86,207
121,87,208
123,88,211
124,88,212
126,89,215
127,82,209
119,89,208
118,116,234
122,133,255
121,138,259
121,140,261
123,143,266
122,140,262
123,138,261
124,138,262
121,144,265
125,142,267
122,141,263
124,138,262
123,134,257
116,127,243
127,122,249
126,122,248
123,117,240
115,111,226
122,111,233
122,106,228
124,105,229
132,86,218
139,85,224
129,116,245
133,125,258
134,124,258
129,117,246
122,113,235
124,108,232
121,100,221
126,97,223
124,109,233
124,121,245
123,125,248
117,124,241
119,121,240
127,119,246
126,116,242
115,117,232
123,118,241
123,127,250
117,131,248
122,146,268
121,153,274
132,140,272
129,141,270
129,139,268
126,141,267
127,143,270
126,143,269
129,142,271
135,140,275
136,138,274
126,137,263
123,140,263
120,143,263
126,145,271
131,145,276
120,145,265
130,152,282
130,145,275
122,144,266
116,144,260
124,142,266
121,137,258
124,137,261
126,131,257
125,136,261
128,148,276
127,173,300
124,185,309
126,191,317
126,192,318
147,171,318
149,157,306
159,141,300
140,131,271
139,125,264
127,118,245
140,97,237
161,130,291
167,142,309
162,138,300
147,127,274
129,120,249
124,103,227
132,94,226
135,89,224
121,84,205
128,118,246
126,124,250
131,121,252
129,133,262
125,150,275
133,160,293
146,156,302
139,170,309
122,182,304
138,170,308
141,156,297
146,164,310
151,153,304
141,153,294
131,149,280
123,139,262
118,141,259
134,142,276
123,147,270
129,140,269
143,124,267
152,115,267
139,119,258
159,93,252
151,105,256
173,114,287
159,124,283
161,121,282
177,103,280
168,129,297
189,117,306
155,127,282
151,137,288
120,152,272
125,166,291
159,136,295
154,137,291
162,140,302
118,139,257
130,136,266
137,123,260
132,116,248
132,112,244
112,115,227
116,117,233
123,111,234
120,104,224
130,116,246
155,216,371
273,89,362
276,105,381
260,101,361
141,105,246
152,99,251
147,94,241
135,98,233
129,95,224
132,90,222
139,97,236
129,89,218
130,91,221
128,81,209
130,94,224
136,86,222
140,93,233
137,111,248
153,125,278
169,119,288
167,128,295
155,117,272
140,107,247
138,98,236
140,87,227
136,83,219
131,92,223
124,83,207
123,91,214
132,106,238
134,98,232
140,91,231
133,93,226
122,94,216
125,96,221
127,96,223
133,89,222
135,89,224
121,88,209
129,107,236
136,105,241
128,114,242
117,117,234
126,119,245
132,129,261
128,141,269
131,143,274
139,171,310
129,189,318
140,184,324
144,177,321
138,180,318
133,184,317
133,185,318
142,182,324
145,183,328
142,184,326
136,185,321
137,188,325
153,175,328
161,170,331
161,174,335
142,286,428
137,353,490
136,357,493
136,363,499
268,230,498
324,185,509
350,165,515
208,145,353
208,123,331
187,122,309
160,125,285
138,129,267
134,131,265
133,135,268
134,131,265
137,135,272
138,136,274
145,133,278
144,128,272
140,132,272
135,159,294
142,155,297
159,138,297
194,102,296
188,112,300
173,121,294
128,121,249
124,122,246
124,121,245
124,128,252
123,134,257
122,141,263
124,147,271
124,155,279
129,162,291
133,164,297
129,166,295
127,170,297
122,176,298
123,182,305
139,175,314
149,172,321
149,178,327
134,180,314
130,182,312
130,187,317
146,174,320
140,185,325
141,190,331
136,222,358
134,274,408
155,266,421
148,344,492
254,238,492
255,239,494
282,236,518
205,214,419
181,194,375
163,185,348
204,198,402
186,169,355
215,119,334
189,113,302
193,182,375
139,222,361
210,186,396
185,175,360
180,189,369
146,149,295
167,162,329
148,129,277
166,130,296
171,188,359
175,194,369
149,212,361
194,228,422
164,231,395
141,219,360
146,200,346
195,234,429
162,241,403
111,265,376
159,228,387
197,221,418
198,225,423
169,191,360
181,188,369
140,184,324
162,214,376
115,213,328
155,186,341
172,192,364
143,188,331
168,184,352
126,183,309
158,151,309
155,155,310
111,156,267
111,158,269
126,157,283
119,170,289
126,170,296
133,157,290
138,143,281
140,127,267
133,153,286
110,166,276
145,144,289
158,135,293
152,138,290
134,132,266
111,126,237
119,115,234
109,111,220
130,98,228
118,91,209
122,80,202
135,105,240
112,107,219
132,124,256
131,116,247
139,99,238
141,89,230
121,127,248
145,138,283
165,129,294
132,142,274
151,158,309
111,175,286
117,171,288
113,176,289
123,175,298
169,133,302
213,132,345
218,131,349
162,139,301
134,135,269
134,108,242
155,89,244
142,114,256
141,102,243
137,90,227
139,107,246
141,115,256
121,112,233
138,124,262
149,133,282
158,134,292
158,133,291
137,137,274
145,106,251
163,96,259
157,165,322
141,161,302
145,156,301
158,143,301
145,143,288
125,130,255
137,117,254
142,104,246
133,98,231
128,91,219
105,82,187
131,146,277
136,143,279
136,145,281
121,141,262
101,125,226
160,100,260
155,93,248
138,89,227
123,93,216
109,127,236
137,127,264
155,101,256
171,90,261
160,115,275
141,136,277
140,130,270
135,124,259
123,117,240
137,97,234
146,107,253
149,94,243
147,89,236
121,147,268
135,161,296
122,156,278
155,144,299
137,133,270
155,141,296
143,145,288
132,145,277
129,133,262
136,125,261
144,110,254
151,111,262
151,112,263
138,121,259
150,200,350
183,169,352
195,166,361
190,178,368
139,189,328
148,199,347
150,225,375
151,220,371
159,221,380
173,225,398
185,221,406
195,205,400
175,197,372
203,170,373
202,135,337
226,112,338
217,109,326
192,108,300
125,107,232
124,114,238
130,109,239
121,104,225
93,108,201
114,111,225
130,113,243
121,114,235
100,117,217
131,121,252
128,140,268
134,151,285
129,150,279
138,151,289
139,148,287
130,144,274
118,150,268
135,149,284
125,148,273
138,151,289
143,151,294
134,146,280
132,137,269
126,122,248
139,114,253
120,102,222
145,88,233
133,101,234
128,114,242
128,112,240
139,125,264
138,120,258
116,117,233
115,113,228
129,100,229
78,97,175
108,97,205
126,94,220
127,87,214
135,119,254
152,104,256
149,112,261
138,116,254
127,112,239
129,101,230
119,133,252
155,122,277
150,133,283
148,132,280
149,114,263
136,104,240
149,100,249
158,105,263
161,101,262
145,92,237
156,102,258
139,113,252
140,104,244
141,146,287
165,149,314
166,126,292
181,114,295
145,110,255
160,114,274
161,99,260
160,125,285
163,115,278
165,102,267
167,115,282
149,123,272
145,144,289
120,197,317
121,196,317
135,182,317
147,162,309
168,135,303
171,120,291
156,107,263
154,99,253
148,123,271
165,112,277
161,103,264
150,97,247
135,124,259
164,99,263
157,106,263
166,93,259
142,90,232
148,88,236
126,126,252
147,111,258
143,106,249
144,102,246
113,100,213
124,97,221
121,101,222
124,95,219
121,99,220
124,106,230
121,105,226
124,108,232
122,119,241
121,133,254
121,131,252
125,127,252
114,133,247
122,137,259
121,151,272
111,160,271
121,160,281
125,153,278
130,147,277
130,141,271
124,136,260
125,136,261
126,132,258
126,132,258
124,124,248
128,120,248
119,117,236
115,109,224
129,97,226
130,96,226
128,97,225
122,94,216
114,88,202
123,85,208
123,88,211
113,87,200
122,85,207
118,113,231
129,108,237
132,107,239
132,111,243
123,106,229
125,103,228
122,100,222
122,98,220
123,94,217
118,87,205
123,86,209
122,80,202
116,78,194
125,92,217
109,86,195
122,82,204
122,82,204
116,79,195
127,94,221
124,93,217
124,94,218
120,94,214
114,89,203
131,108,239
131,116,247
135,112,247
128,124,252
120,123,243
122,127,249
117,130,247
124,128,252
121,133,254
121,135,256
116,136,252
117,151,268
116,159,275
119,159,278
124,156,280
129,158,287
128,164,292
128,158,286
127,150,277
120,148,268
125,147,272
122,142,264
125,135,260
120,187,307
123,199,322
144,235,379
292,87,379
296,100,396
286,96,382
146,126,272
155,120,275
151,110,261
134,103,237
117,98,215
122,99,221
129,86,215
135,106,241
136,122,258
134,131,265
130,138,268
129,166,295
138,181,319
131,188,319
157,182,339
166,180,346
164,181,345
156,182,338
140,187,327
138,198,336
126,200,326
133,193,326
151,161,312
181,126,307
183,110,293
162,107,269
146,87,233
145,113,258
150,120,270
143,110,253
141,104,245
164,104,268
140,108,248
147,121,268
126,130,256
117,139,256
114,136,250
124,426,550
123,442,565
122,447,569
121,447,568
411,153,564
431,127,558
410,112,522
156,97,253
147,115,262
166,122,288
169,111,280
197,106,303
178,101,279
175,108,283
149,111,260
143,101,244
139,86,225
149,103,252
152,100,252
148,97,245
142,122,264
143,115,258
171,117,288
165,108,273
159,96,255
147,92,239
136,84,220
135,93,228
137,104,241
132,110,242
124,109,233
126,101,227
120,108,228
125,110,235
118,118,236
122,121,243
106,119,225
129,119,248
136,108,244
143,102,245
150,106,256
146,115,261
130,139,269
129,135,264
133,132,265
131,122,253
132,123,255
136,126,262
126,128,254
118,125,243
126,125,251
133,124,257
127,133,260
131,135,266
114,147,261
122,145,267
127,135,262
118,125,243
131,116,247
126,114,240
129,103,232
130,95,225
133,90,223
130,83,213
138,106,244
133,113,246
137,109,246
129,106,235
123,112,235
125,120,245
123,118,241
126,110,236
131,99,230
132,92,224
126,89,215
127,79,206
126,102,228
136,106,242
135,105,240
136,100,236
128,107,235
127,104,231
122,98,220
123,94,217
121,83,204
134,94,228
131,85,216
133,101,234
130,94,224
131,83,214
133,92,225
134,93,227
135,84,219
132,91,223
126,98,224
130,108,238
149,119,268
175,100,275
178,90,268
145,84,229
124,81,205
119,103,222
114,108,222
123,106,229
129,102,231
123,120,243
120,131,251
114,136,250
120,148,268
119,151,270
125,154,279
124,157,281
124,157,281
124,152,276
126,162,288
126,161,287
113,163,276
120,162,282
131,163,294
109,160,269
113,168,281
120,177,297
112,189,301
116,195,311
142,182,324
158,169,327
161,172,333
137,174,311
127,176,303
107,171,278
129,166,295
143,161,304
158,140,298
161,134,295
151,122,273
144,118,262
148,124,272
122,146,268
115,177,292
122,176,298
122,182,304
122,182,304
142,157,299
149,148,297
143,141,284
120,135,255
124,137,261
120,137,257
125,132,257
124,129,253
124,122,246
131,126,257
128,122,250
120,120,240
123,119,242
122,112,234
116,113,229
115,110,225
117,101,218
122,100,222
120,95,215
123,89,212
122,85,207
121,86,207
122,91,213
120,96,216
117,100,217
119,100,219
124,94,218
127,100,227
125,111,236
116,139,255
124,142,266
124,148,272
101,151,252
135,145,280
116,135,251
149,128,277
133,136,269
119,135,254
118,134,252
129,123,252
130,124,254
124,126,250
121,126,247
122,125,247
123,126,249
119,126,245
126,121,247
124,118,242
127,117,244
119,119,238
123,125,248
125,130,255
122,131,253
124,130,254
133,113,246
128,108,236
132,102,234
115,100,215
123,96,219
124,90,214
125,88,213
120,88,208
122,89,211
119,84,203
119,90,209
125,88,213
123,89,212
121,109,230
127,116,243
135,114,249
129,124,253
124,136,260
125,153,278
118,160,278
129,153,282
127,146,273
127,144,271
124,141,265
122,146,268
121,144,265
119,140,259
127,129,256
126,124,250
125,119,244
122,114,236
122,107,229
123,103,226
121,104,225
123,98,221
122,94,216
124,96,220
123,93,216
129,83,212
127,86,213
125,111,236
126,117,243
134,113,247
123,114,237
120,122,242
130,118,248
132,124,256
135,127,262
125,130,255
124,124,248
125,117,242
132,106,238
127,102,229
128,95,223
123,89,212
125,90,215
121,91,212
119,93,212
115,90,205
128,104,232
121,111,232
120,102,222
151,127,278
157,125,282
154,117,271
167,85,252
155,115,270
170,114,284
148,97,245
144,99,243
147,103,250
145,108,253
148,107,255
146,134,280
168,119,287
170,107,277
185,124,309
169,112,281
170,114,284
173,109,282
148,107,255
130,110,240
115,116,231
109,127,236
121,135,256
119,151,270
123,183,306
118,184,302
125,189,314
131,194,325
141,184,325
144,187,331
151,186,337
138,195,333
156,176,332
150,181,331
148,185,333
139,179,318
138,176,314
146,179,325
136,177,313
136,191,327
129,196,325
145,177,322
149,179,328
148,184,332
142,171,313
138,177,315
138,183,321
136,173,309
136,178,314
139,184,323
135,172,307
133,180,313
143,171,314
133,177,310
132,184,316
135,174,309
134,180,314
137,184,321
139,171,310
139,178,317
137,183,320
137,172,309
137,187,324
138,190,328
137,190,327
137,202,339
156,195,351
165,180,345
170,174,344
156,178,334
134,185,319
141,172,313
137,179,316
140,180,320
133,178,311
132,182,314
143,180,323
133,187,320
151,171,322
144,177,321
142,184,326
143,171,314
141,171,312
143,178,321
124,184,308
140,167,307
143,171,314
143,173,316
124,180,304
123,200,323
136,214,350
137,221,358
137,226,363
226,129,355
243,112,355
244,106,350
156,125,281
154,119,273
141,109,250
138,92,230
144,151,295
159,125,284
179,101,280
188,105,293
162,167,329
173,139,312
177,122,299
172,116,288
129,98,227
103,101,204
127,134,261
168,97,265
180,193,373
164,198,362
127,207,334
143,186,329
106,152,258
146,133,279
159,121,280
104,117,221
128,122,250
116,136,252
184,132,316
178,141,319
175,142,317
139,147,286
128,142,270
146,130,276
114,146,260
170,133,303
181,135,316
173,140,313
133,140,273
139,133,272
189,111,300
194,109,303
197,104,301
154,98,252
149,93,242
131,103,234
130,130,260
115,151,266
122,155,277
123,186,309
112,190,302
115,206,321
115,231,346
159,189,348
191,164,355
205,146,351
178,132,310
150,117,267
143,109,252
147,157,304
177,131,308
180,119,299
184,123,307
175,99,274
183,185,368
300,154,454
262,152,414
287,169,456
172,167,339
171,154,325
186,147,333
179,148,327
172,124,296
174,107,281
177,144,321
170,143,313
164,162,326
169,159,328
163,154,317
167,167,334
162,167,329
148,166,314
175,147,322
185,142,327
168,143,311
150,147,297
144,138,282
159,133,292
146,128,274
139,141,280
136,143,279
159,120,279
151,107,258
159,100,259
121,93,214
128,259,387
126,275,401
125,290,415
137,287,424
234,142,376
248,110,358
230,122,352
183,127,310
163,128,291
155,113,268
159,105,264
143,114,257
177,121,298
189,116,305
191,121,312
177,137,314
181,122,303
183,108,291
173,97,270
147,142,289
150,146,296
157,141,298
153,131,284
143,129,272
145,123,268
143,120,263
138,134,272
128,143,271
144,130,274
159,109,268
155,102,257
141,104,245
128,102,230
126,106,232
132,103,235
132,94,226
139,87,226
132,81,213
122,107,229
127,108,235
136,85,221
147,120,267
151,125,276
152,114,266
137,133,270
127,146,273
124,157,281
134,147,281
116,148,264
154,134,288
153,132,285
147,137,284
134,144,278
130,143,273
119,140,259
134,154,288
136,162,298
145,152,297
163,138,301
154,156,310
146,152,298
131,176,307
149,154,303
149,159,308
161,155,316
141,153,294
146,143,289
145,132,277
165,124,289
187,107,294
187,117,304
159,153,312
136,170,306
133,171,304
145,153,298
167,133,300
197,145,342
184,145,329
160,148,308
154,160,314
141,162,303
154,154,308
148,160,308
155,135,290
157,105,262
165,89,254
157,90,247
126,90,216
121,89,210
120,90,210
118,117,235
120,145,265
132,141,273
136,151,287
123,159,282
126,173,299
135,175,310
149,161,310
147,173,320
149,173,322
163,132,295
174,115,289
195,143,338
194,114,308
195,107,302
193,105,298
167,140,307
171,131,302
185,132,317
183,134,317
149,133,282
141,130,271
140,131,271
111,126,237
131,130,261
124,126,250
127,118,245
138,115,253
133,107,240
128,105,233
123,108,231
113,106,219
119,101,220
121,101,222
118,101,219
123,102,225
122,106,228
123,100,223
134,89,223
135,114,249
133,119,252
142,122,264
146,129,275
138,139,277
116,162,278
133,164,297
155,175,330
159,183,342
151,190,341
144,181,325
130,182,312
160,156,316
162,141,303
163,139,302
121,135,256
118,135,253
114,153,267
120,170,290
125,174,299
130,180,310
135,180,315
128,180,308
122,168,290
148,143,291
173,119,292
180,101,281
172,111,283
157,112,269
158,109,267
144,107,251
159,125,284
165,116,281
163,95,258
145,107,252
162,112,274
158,119,277
145,121,266
144,124,268
138,142,280
140,140,280
132,142,274
124,134,258
139,124,263
146,123,269
147,119,266
150,116,266
165,131,296
151,157,308
162,170,332
120,167,287
126,152,278
133,145,278
126,142,268
120,161,281
121,177,298
125,195,320
132,191,323
135,185,320
158,161,319
159,152,311
140,142,282
148,137,285
152,118,270
145,118,263
134,120,254
129,117,246
134,118,252
130,114,244
142,109,251
137,101,238
125,97,222
129,97,226
120,99,219
115,113,228
134,109,243
144,96,240
137,86,223
138,120,258
136,128,264
113,141,254
135,135,270
132,131,263
138,125,263
128,124,252
134,120,254
154,105,259
166,126,292
179,121,300
167,151,318
165,148,313
168,172,340
166,183,349
190,185,375
192,173,365
183,181,364
157,172,329
155,149,304
150,150,300
140,140,280
128,138,266
132,138,270
137,127,264
134,115,249
145,103,248
143,88,231
141,111,252
140,103,243
135,103,238
125,100,225
129,92,221
146,138,284
176,108,284
175,92,267
181,124,305
140,120,260
159,115,274
157,107,264
166,125,291
168,131,299
160,127,287
144,130,274
133,128,261
127,126,253
127,124,251
113,128,241
125,128,253
100,133,233
128,148,276
109,158,267
129,156,285
130,159,289
136,155,291
143,147,290
143,150,293
133,149,282
120,165,285
114,177,291
121,178,299
121,176,297
139,159,298
140,169,309
125,164,289
122,167,289
119,161,280
137,150,287
105,147,252
136,149,285
116,145,261
119,143,262
139,131,270
135,124,259
125,123,248
132,117,249
124,111,235
127,107,234
112,104,216
120,114,234
127,117,244
132,134,266
130,150,280
141,159,300
148,152,300
144,141,285
133,135,268
119,144,263
121,144,265
120,147,267
126,136,262
131,133,264
121,130,251
125,130,255
132,150,282
139,161,300
130,177,307
137,182,319
129,194,323
128,204,332
149,189,338
150,183,333
179,150,329
168,149,317
161,161,322
134,176,310
136,189,325
133,220,353
121,231,352
139,215,354
164,201,365
193,174,367
200,143,343
194,129,323
155,147,302
190,115,305
175,113,288
199,126,325
162,130,292
149,123,272
140,126,266
158,135,293
180,130,310
184,126,310
168,123,291
143,122,265
147,121,268
142,125,267
129,132,261
125,133,258
123,131,254
128,125,253
128,123,251
131,127,258
120,133,253
123,131,254
118,123,241
133,113,246
132,121,253
130,126,256
117,140,257
120,150,270
136,170,306
143,183,326
160,194,354
155,204,359
150,198,348
155,189,344
154,172,326
168,174,342
172,175,347
181,185,366
167,188,355
149,191,340
133,181,314
161,151,312
197,117,314
191,113,304
161,134,295
123,154,277
124,175,299
115,173,288
164,134,298
206,136,342
217,163,380
222,155,377
204,161,365
183,166,349
159,161,320
192,116,308
212,128,340
223,125,348
181,111,292
165,116,281
157,156,313
190,142,332
190,170,360
156,194,350
125,200,325
137,194,331
151,175,326
143,162,305
143,152,295
129,158,287
109,151,260
125,144,269
128,137,265
121,136,257
111,145,256
120,150,270
117,154,271
125,148,273
136,145,281
146,139,285
142,136,278
120,130,250
146,104,250
164,95,259
161,119,280
153,115,268
157,99,256
165,123,288
162,164,326
187,132,319
199,123,322
192,116,308
159,126,285
154,153,307
134,150,284
131,144,275
128,132,260
130,123,253
123,114,237
133,106,239
142,188,330
233,212,445
305,138,443
321,120,441
218,111,329
162,129,291
179,117,296
184,114,298
171,145,316
133,163,296
129,176,305
179,156,335
176,168,344
149,172,321
121,175,296
135,169,304
140,194,334
136,197,333
135,222,357
118,232,350
156,218,374
183,221,404
189,222,411
166,207,373
166,189,355
180,168,348
169,158,327
169,305,474
159,306,465
156,290,446
169,264,433
315,118,433
329,129,458
338,87,425
188,127,315
171,142,313
126,132,258
143,117,260
143,107,250
134,106,240
136,107,243
120,103,223
139,115,254
145,127,272
137,135,272
138,139,277
127,144,271
128,150,278
129,157,286
134,175,309
134,190,324
148,194,342
132,212,344
134,201,335
151,173,324
161,172,333
155,150,305
156,152,308
142,153,295
140,141,281
139,122,261
158,103,261
144,91,235
144,121,265
141,132,273
141,141,282
151,127,278
147,123,270
147,119,266
162,134,296
169,131,300
192,181,373
225,127,352
231,105,336
212,99,311
148,99,247
132,106,238
126,99,225
138,79,217
140,116,256
121,125,246
125,132,257
152,119,271
167,141,308
171,153,324
148,158,306
123,169,292
132,160,292
147,172,319
136,179,315
141,198,339
139,192,331
150,193,343
148,207,355
178,183,361
210,161,371
229,204,433
260,163,423
256,122,378
236,107,343
161,95,256
177,152,329
160,170,330
159,169,328
168,157,325
151,148,299
166,130,296
165,122,287
168,115,283
167,100,267
162,126,288
158,119,277
154,105,259
158,98,256
151,125,276
157,116,273
160,103,263
157,96,253
151,118,269
158,106,264
162,94,256
159,148,307
158,153,311
163,150,313
166,141,307
151,137,288
172,111,283
167,103,270
171,125,296
159,111,270
167,101,268
161,122,283
157,118,275
154,125,279
147,128,275
134,143,277
139,145,284
140,138,278
144,138,282
157,123,280
157,120,277
158,121,279
160,113,273
150,113,263
158,109,267
155,104,259
156,127,283
162,109,271
161,99,260
171,126,297
154,117,271
160,105,265
160,126,286
151,114,265
176,116,292
176,112,288
161,117,278
147,134,281
141,142,283
148,133,281
174,136,310
191,119,310
214,129,343
205,142,347
190,143,333
186,175,361
212,170,382
220,159,379
228,144,372
194,119,313
186,118,304
195,128,323
194,132,326
227,130,357
210,142,352
183,139,322
157,130,287
150,120,270
133,101,234
157,120,277
159,119,278
160,113,273
142,95,237
154,137,291
158,134,292
148,138,286
146,132,278
142,128,270
153,148,301
190,127,317
188,141,329
170,150,320
134,153,287
142,153,295
145,152,297
148,137,285
165,148,313
195,149,344
200,147,347
192,137,329
169,132,301
152,151,303
137,165,302
130,153,283
138,154,292
143,138,281
157,107,264
172,124,296
173,116,289
157,107,264
144,96,240
157,138,295
174,141,315
165,150,315
146,154,300
150,133,283
164,128,292
169,107,276
169,97,266
151,103,254
173,154,327
187,124,311
195,112,307
185,133,318
187,139,326
199,129,328
199,111,310
166,112,278
165,107,272
166,100,266
150,137,287
155,126,281
157,116,273
143,117,260
119,116,235
121,115,236
114,129,243
126,138,264
122,139,261
145,125,270
167,104,271
182,114,296
176,143,319
204,122,326
203,115,318
187,117,304
148,117,265
133,130,263
140,137,277
124,149,273
131,161,292
99,158,257
136,150,286
136,172,308
126,184,310
126,182,308
143,187,330
140,200,340
113,237,350
152,230,382
178,212,390
200,194,394
178,179,357
163,158,321
176,132,308
173,117,290
190,130,320
163,134,297
144,119,263
143,109,252
127,107,234
173,85,258
170,96,266
153,101,254
164,131,295
186,113,299
187,148,335
182,142,324
149,137,286
141,131,272
147,132,279
143,143,286
144,146,290
138,143,281
141,141,282
142,134,276
140,132,272
137,142,279
144,144,288
129,133,262
142,120,262
148,126,274
155,115,270
152,98,250
152,117,269
146,122,268
162,121,283
157,125,282
147,121,268
141,118,259
140,115,255
151,119,270
155,111,266
150,107,257
154,92,246
161,119,280
166,149,315
186,118,304
181,120,301
166,125,291
123,125,248
133,139,272
137,134,271
134,127,261
137,119,256
144,105,249
144,95,239
152,138,290
149,139,288
149,138,287
140,135,275
117,136,253
135,128,263
144,126,270
132,118,250
147,108,255
140,115,255
144,112,256
134,107,241
145,119,264
149,112,261
151,114,265
142,116,258
131,125,256
137,121,258
129,125,254
135,117,252
133,112,245
146,99,245
139,105,244
139,101,240
136,95,231
145,105,250
147,119,266
146,116,262
153,121,274
134,133,267
133,157,290
131,164,295
127,163,290
132,156,288
136,172,308
145,187,332
136,180,316
139,175,314
145,158,303
154,152,306
149,138,287
145,119,264
153,111,264
144,109,253
137,100,237
141,90,231
140,111,251
143,99,242
144,89,233
148,116,264
146,101,247
137,100,237
146,107,253
142,109,251
149,94,243
146,156,302
154,158,312
156,144,300
164,128,292
182,143,325
196,128,324
219,130,349
229,99,328
197,85,282
171,109,280
145,116,261
137,116,253
137,125,262
139,116,255
147,109,256
147,107,254
157,123,280
175,131,306
174,117,291
178,115,293
154,101,255
146,119,265
132,132,264
131,131,262
137,139,276
124,152,276
130,156,286
122,154,276
124,158,282
132,164,296
126,171,297
123,177,300
130,180,310
119,189,308
143,201,344
142,213,355
142,212,354
131,206,337
186,135,321
214,100,314
222,86,308
167,116,283
151,114,265
151,114,265
157,153,310
191,116,307
190,112,302
177,129,306
166,119,285
175,107,282
169,103,272
157,123,280
177,102,279
174,103,277
165,105,270
147,117,264
161,97,258
151,127,278
155,131,286
154,122,276
163,112,275
180,132,312
182,132,314
170,144,314
147,140,287
121,138,259
140,116,256
136,113,249
134,109,243
102,123,225
127,128,255
127,124,251
129,128,257
123,129,252
126,133,259
122,151,273
128,167,295
118,181,299
128,172,300
129,173,302
133,179,312
155,153,308
165,146,311
163,140,303
134,150,284
122,156,278
127,152,279
143,142,285
165,111,276
162,113,275
150,111,261
136,113,249
131,114,245
137,120,257
152,107,259
159,144,303
180,240,420
300,270,570
288,265,553
288,285,573
183,273,456
255,200,455
253,187,440
194,181,375
157,172,329
159,162,321
183,139,322
182,137,319
166,139,305
125,148,273
134,147,281
125,155,280
125,168,293
120,175,295
125,179,304
133,197,330
140,186,326
133,196,329
158,176,334
174,142,316
187,127,314
190,92,282
163,129,292
161,131,292
142,130,272
145,137,282
140,130,270
147,139,286
141,143,284
145,129,274
141,114,255
146,98,244
143,131,274
157,122,279
150,130,280
190,146,336
177,151,328
180,156,336
127,161,288
109,167,276
142,166,308
146,170,316
148,170,318
155,188,343
172,183,355
198,165,363
198,164,362
202,146,348
187,128,315
201,136,337
224,111,335
212,98,310
171,131,302
157,116,273
171,110,281
161,118,279
142,114,256
120,124,244
129,122,251
134,121,255
136,126,262
116,133,249
132,132,264
130,131,261
136,123,259
145,127,272
142,142,284
134,172,306
121,185,306
126,188,314
124,201,325
142,182,324
139,175,314
148,180,328
158,159,317
163,159,322
160,153,313
171,130,301
168,128,296
147,127,274
127,133,260
137,118,255
148,116,264
156,110,266
162,134,296
158,131,289
171,113,284
150,118,268
131,128,259
133,129,262
125,128,253
120,123,243
130,127,257
132,130,262
122,125,247
129,118,247
121,118,239
126,121,247
125,127,252
122,122,244
128,130,258
167,112,279
184,144,328
200,118,318
161,97,258
176,115,291
151,127,278
150,124,274
141,111,252
143,129,272
150,105,255
171,126,297
183,143,326
184,121,305
188,103,291
178,101,279
151,111,262
150,111,261
154,152,306
178,125,303
189,99,288
191,113,304
168,125,293
176,100,276
184,132,316
191,110,301
167,109,276
169,90,259
148,141,289
155,136,291
165,114,279
174,132,306
174,135,309
148,141,289
149,138,287
152,131,283
156,113,269
173,91,264
178,117,295
169,130,299
157,130,287
153,115,268
170,95,265
132,103,235
159,89,248
131,87,218
143,108,251
121,127,248
127,143,270
132,163,295
134,178,312
137,174,311
142,182,324
146,189,335
134,216,350
133,215,348
155,179,334
176,152,328
180,137,317
138,125,263
140,118,258
149,111,260
156,157,313
185,124,309
184,105,289
183,101,284
149,120,269
167,101,268
175,86,261
160,105,265
141,105,246
143,93,236
143,143,286
150,142,292
154,144,298
143,147,290
119,152,271
146,148,294
141,144,285
154,169,323
158,161,319
158,181,339
166,172,338
176,165,341
178,175,353
171,182,353
172,179,351
159,193,352
183,165,348
215,132,347
231,124,355
220,129,349
217,96,313
189,104,293
169,113,282
131,126,257
137,118,255
138,132,270
133,141,274
126,149,275
121,156,277
138,156,294
139,162,301
130,168,298
119,167,286
117,172,289
121,173,294
128,161,289
145,149,294
143,143,286
132,146,278
130,136,266
127,135,262
138,131,269
135,129,264
135,126,261
132,127,259
127,122,249
129,121,250
136,135,271
132,138,270
132,130,262
137,121,258
153,136,289
146,142,288
154,137,291
151,145,296
144,162,306
141,175,316
131,185,316
131,188,319
135,191,326
134,207,341
137,203,340
144,209,353
169,193,362
174,178,352
171,182,353
150,195,345
154,177,331
157,182,339
164,188,352
155,182,337
154,185,339
157,190,347
140,193,333
137,200,337
143,201,344
148,207,355
153,207,360
164,210,374
175,198,373
173,206,379
152,214,366
169,178,347
193,148,341
203,132,335
179,117,296
170,104,274
168,104,272
165,133,298
170,215,385
215,164,379
203,168,371
193,173,366
98,178,276
138,178,316
146,186,332
140,197,337
135,218,353
154,198,352
155,197,352
182,170,352
181,151,332
188,137,325
178,108,286
172,131,303
175,118,293
171,107,278
166,90,256
160,103,263
164,132,296
168,123,291
173,102,275
168,133,301
161,137,298
170,175,345
197,160,357
227,135,362
240,153,393
196,125,321
213,123,336
206,137,343
187,110,297
181,97,278
174,104,278
134,123,257
147,128,275
141,142,283
143,150,293
144,133,277
136,132,268
130,134,264
126,135,261
128,131,259
135,118,253
142,142,284
135,177,312
116,177,293
140,201,341
143,220,363
140,227,367
101,228,329
172,197,369
193,179,372
182,186,368
156,186,342
149,179,328
159,196,355
175,181,356
185,166,351
185,178,363
150,215,365
126,250,376
121,291,412
144,286,430
192,260,452
180,256,436
270,207,477
230,208,438
262,181,443
210,208,418
239,179,418
234,169,403
271,203,474
311,153,464
341,123,464
284,104,388
206,153,359
188,149,337
182,161,343
210,145,355
220,171,391
277,181,458
269,153,422
241,149,390
196,128,324
209,163,372
215,186,401
239,169,408
236,180,416
232,205,437
237,184,421
141,237,378
266,181,447
113,165,278
149,191,340
515,432,947
212,414,626
723,529,1252
212,500,712
821,211,1032
448,238,686
563,192,755
278,193,471
364,226,590
317,182,499
255,199,454
302,247,549
253,223,476
324,197,521
306,188,494
195,215,410
218,207,425
220,259,479
293,181,474
330,133,463
344,182,526
254,169,423
237,154,391
236,149,385
217,680,897
218,699,917
786,247,1033
804,224,1028
829,212,1041
143,239,382
82,225,307
166,187,353
228,182,410
241,196,437
197,216,413
190,229,419
198,225,423
203,225,428
216,215,431
206,201,407
216,202,418
215,190,405
204,192,396
183,200,383
168,212,380
144,227,371
136,244,380
167,233,400
195,226,421
231,214,445
220,214,434
222,246,468
211,258,469
214,253,467
202,277,479
195,277,472
244,194,438
293,152,445
292,145,437
234,121,355
218,161,379
214,160,374
210,190,400
216,285,501
211,347,558
217,358,575
256,322,578
253,318,571
215,265,480
254,259,513
269,225,494
252,211,463
228,203,431
208,229,437
192,228,420
213,203,416
222,189,411
234,194,428
204,192,396
204,191,395
222,210,432
218,206,424
288,167,455
283,160,443
208,145,353
220,145,365
184,159,343
180,163,343
171,171,342
164,180,344
153,198,351
152,204,356
143,207,350
183,201,384
201,192,393
200,179,379
208,178,386
168,180,348
186,203,389
183,227,410
227,206,433
256,213,469
247,413,660
285,408,693
266,378,644
384,197,581
453,239,692
226,149,375
292,138,430
363,152,515
228,161,389
206,179,385
229,140,369
238,164,402
265,145,410
241,144,385
214,160,374
190,174,364
188,147,335
224,183,407
248,177,425
265,152,417
274,179,453
266,2350,2616
270,2336,2606
324,2269,2593
1861,728,2589
753,211,964
787,210,997
176,193,369
237,132,369
257,147,404
272,138,410
248,170,418
230,150,380
228,152,380
207,151,358
170,138,308
195,116,311
197,113,310
192,156,348
187,162,349
203,183,386
224,203,427
273,169,442
286,182,468
277,151,428
264,218,482
266,184,450
285,192,477
305,180,485
305,273,578
322,220,542
299,181,480
227,176,403
212,160,372
280,142,422
280,194,474
230,221,451
203,271,474
222,235,457
218,186,404
258,177,435
175,142,317
212,124,336
197,158,355
205,131,336
183,129,312
192,126,318
156,138,294
184,171,355
212,156,368
237,145,382
246,213,459
239,201,440
276,187,463
265,165,430
239,152,391
247,172,419
247,170,417
209,186,395
173,212,385
198,223,421
255,176,431
285,180,465
298,251,549
229,309,538
344,263,607
417,305,722
423,382,805
499,242,741
498,223,721
483,255,738
253,267,520
260,238,498
272,238,510
295,206,501
215,181,396
293,238,531
262,244,506
256,242,498
285,191,476
270,191,461
283,183,466
273,173,446
246,160,406
230,169,399
240,138,378
246,181,427
264,160,424
226,151,377
252,186,438
248,176,424
291,169,460
275,190,465
232,195,427
212,190,402
227,166,393
228,145,373
208,163,371
215,142,357
235,155,390
260,147,407
234,157,391
207,192,399
226,225,451
284,206,490
309,192,501
278,184,462
202,184,386
222,177,399
208,181,389
198,168,366
228,183,411
271,158,429
285,140,425
257,205,462
255,196,451
258,184,442
259,215,474
187,217,404
213,195,408
237,162,399
285,144,429
253,170,423
249,143,392
225,156,381
232,141,373
207,185,392
238,156,394
258,175,433
301,164,465
283,193,476
273,188,461
279,178,457
317,186,503
275,213,488
278,182,460
282,171,453
280,148,428
282,172,454
241,198,439
235,200,435
233,202,435
226,200,426
241,201,442
236,204,440
245,180,425
260,209,469
277,205,482
299,215,514
260,222,482
256,250,506
251,227,478
254,200,454
269,167,436
245,150,395
220,130,350
202,189,391
228,202,430
255,193,448
287,600,887
264,1051,1315
322,1069,1391
397,1788,2185
75,672,747
146,704,850
606,300,906
217,235,452
285,233,518
316,229,545
293,236,529
181,266,447
224,226,450
233,232,465
222,223,445
204,225,429
206,197,403
305,147,452
322,150,472
268,161,429
316,173,489
250,219,469
251,190,441
276,179,455
280,168,448
210,199,409
223,198,421
207,203,410
198,221,419
205,216,421
208,194,402
196,215,411
206,250,456
198,260,458
219,299,518
213,297,510
217,291,508
223,261,484
262,224,486
273,172,445
322,171,493
297,156,453
259,136,395
214,148,362
206,165,371
205,180,385
264,157,421
251,171,422
258,168,426
200,164,364
218,189,407
248,186,434
242,233,475
224,271,495
231,270,501
239,340,579
219,346,565
203,299,502
280,226,506
333,221,554
265,228,493
258,188,446
265,179,444
259,174,433
218,173,391
218,177,395
205,174,379
194,361,555
181,372,553
214,338,552
414,136,550
517,161,678
164,315,479
363,197,560
392,191,583
391,171,562
242,158,400
238,172,410
207,200,407
158,202,360
160,212,372
167,209,376
161,218,379
178,231,409
174,257,431
197,227,424
223,187,410
226,184,410
203,182,385
160,209,369
156,222,378
145,241,386
171,256,427
188,257,445
201,249,450
193,270,463
220,265,485
251,233,484
300,192,492
301,163,464
264,158,422
219,154,373
185,144,329
196,187,383
208,185,393
256,152,408
264,125,389
250,145,395
241,164,405
210,158,368
257,160,417
237,136,373
220,137,357
229,156,385
225,146,371
241,140,381
240,124,364
202,118,320
192,166,358
185,153,338
218,143,361
220,125,345
218,112,330
190,154,344
175,162,337
177,161,338
199,146,345
201,132,333
236,148,384
237,140,377
237,166,403
252,136,388
246,188,434
270,179,449
245,190,435
217,212,429
209,185,394
209,220,429
167,210,377
184,180,364
216,127,343
194,162,356
170,179,349
199,141,340
213,210,423
269,212,481
236,194,430
213,200,413
200,187,387
157,245,402
114,265,379
131,260,391
188,201,389
209,174,383
258,130,388
209,114,323
199,152,351
188,133,321
194,112,306
196,143,339
169,125,294
174,108,282
185,179,364
200,170,370
235,143,378
245,108,353
192,110,302
191,115,306
165,109,274
158,119,277
164,194,358
225,144,369
251,144,395
255,201,456
193,193,386
205,166,371
238,155,393
217,159,376
152,148,300
161,126,287
173,124,297
125,149,274
128,142,270
148,134,282
167,122,289
192,232,424
168,244,412
256,198,454
234,230,464
265,212,477
270,169,439
272,222,494
266,214,480
234,206,440
250,188,438
249,156,405
234,150,384
246,150,396
263,152,415
235,154,389
244,151,395
235,148,383
185,141,326
205,150,355
217,186,403
271,150,421
298,201,499
318,171,489
280,156,436
252,160,412
195,156,351
226,148,374
240,160,400
252,150,402
245,149,394
247,142,389
241,170,411
238,155,393
238,194,432
227,185,412
201,187,388
239,157,396
235,156,391
179,164,343
176,163,339
180,132,312
179,120,299
178,164,342
187,620,807
250,595,845
279,626,905
533,390,923
548,328,876
234,289,523
320,253,573
274,264,538
213,275,488
201,296,497
203,299,502
193,328,521
251,335,586
275,307,582
287,282,569
238,298,536
264,281,545
228,252,480
239,227,466
360,233,593
376,233,609
307,227,534
246,219,465
210,208,418
219,197,416
257,185,442
251,202,453
239,226,465
216,222,438
210,232,442
197,245,442
218,250,468
272,201,473
273,195,468
259,181,440
212,180,392
230,170,400
137,270,407
268,282,550
327,235,562
371,183,554
57,174,231
112,177,289
170,176,346
250,248,498
274,205,479
326,176,502
310,168,478
264,152,416
284,145,429
239,133,372
194,112,306
167,118,285
181,172,353
221,130,351
228,289,517
376,149,525
330,157,487
371,156,527
231,162,393
265,136,401
268,165,433
253,210,463
250,187,437
254,159,413
268,124,392
254,135,389
225,149,374
195,151,346
211,148,359
216,132,348
218,157,375
238,161,399
248,135,383
239,123,362
192,117,309
162,100,262
170,190,360
172,195,367
218,141,359
222,131,353
164,190,354
207,203,410
244,169,413
270,131,401
242,157,399
227,122,349
215,126,341
202,160,362
202,174,376
220,155,375
209,150,359
171,156,327
162,148,310
155,140,295
179,114,293
193,149,342
203,151,354
190,137,327
186,161,347
174,195,369
233,152,385
258,126,384
251,108,359
196,189,385
208,155,363
220,126,346
211,166,377
142,167,309
151,139,290
198,101,299
207,94,301
167,131,298
158,127,285
174,94,268
175,144,319
169,155,324
179,173,352
214,164,378
204,179,383
192,195,387
151,211,362
167,212,379
172,229,401
167,248,415
155,268,423
180,252,432
197,229,426
205,243,448
212,214,426
214,180,394
241,160,401
242,166,408
246,144,390
250,150,400
238,143,381
205,139,344
190,151,341
167,169,336
149,194,343
152,188,340
161,193,354
161,212,373
150,226,376
163,227,390
159,228,387
180,204,384
215,151,366
214,148,362
191,147,338
171,160,331
170,197,367
181,200,381
167,176,343
227,120,347
242,160,402
257,196,453
232,190,422
225,223,448
182,229,411
168,215,383
197,186,383
174,171,345
170,161,331
168,149,317
174,147,321
178,143,321
205,149,354
202,137,339
205,152,357
225,143,368
200,149,349
231,141,372
196,135,331
199,150,349
215,152,367
211,161,372
203,145,348
226,153,379
222,150,372
206,153,359
196,150,346
190,154,344
211,172,383
214,170,384
231,154,385
226,168,394
221,173,394
213,182,395
191,192,383
175,206,381
178,198,376
195,188,383
195,178,373
210,201,411
218,187,405
254,164,418
287,131,418
284,152,436
241,213,454
226,202,428
287,151,438
277,148,425
251,161,412
168,163,331
155,157,312
173,181,354
178,192,370
162,246,408
190,219,409
214,180,394
254,139,393
253,137,390
196,149,345
225,127,352
207,158,365
191,186,377
165,201,366
184,202,386
174,201,375
183,179,362
211,130,341
241,205,446
251,196,447
282,206,488
329,152,481
308,145,453
303,129,432
224,125,349
186,138,324
168,122,290
190,108,298
184,105,289
172,152,324
168,166,334
181,169,350
172,215,387
158,242,400
201,249,450
246,223,469
277,214,491
257,226,483
235,247,482
203,265,468
201,275,476
195,264,459
208,274,482
217,291,508
249,282,531
272,274,546
282,244,526
317,204,521
256,214,470
274,174,448
235,163,398
292,167,459
275,167,442
304,197,501
300,161,461
289,186,475
257,195,452
196,203,399
213,190,403
227,145,372
227,150,377
230,179,409
211,169,380
210,163,373
197,147,344
182,156,338
226,149,375
211,235,446
204,233,437
175,244,419
210,208,418
229,189,418
225,218,443
213,235,448
196,262,458
202,260,462
262,202,464
272,145,417
307,154,461
274,143,417
252,140,392
232,127,359
208,149,357
213,121,334
200,129,329
214,105,319
176,114,290
153,106,259
142,102,244
151,131,282
148,140,288
187,124,311
191,132,323
188,137,325
179,148,327
187,155,342
164,165,329
167,165,332
172,156,328
200,111,311
214,121,335
209,135,344
189,129,318
182,109,291
175,90,265
168,190,358
150,200,350
181,161,342
195,161,356
149,171,320
165,202,367
167,217,384
199,183,382
222,145,367
243,111,354
223,146,369
215,131,346
184,123,307
173,112,285
156,100,256
169,125,294
167,127,294
160,127,287
154,128,282
148,153,301
174,123,297
194,125,319
202,126,328
149,114,263
162,109,271
156,99,255
159,118,277
148,130,278
153,133,286
154,130,284
150,117,267
163,104,267
155,101,256
164,155,319
175,129,304
175,131,306
162,130,292
121,138,259
136,128,264
142,114,256
147,118,265
145,109,254
138,115,253
143,112,255
129,110,239
140,116,256
140,116,256
150,131,281
152,134,286
153,119,272
160,113,273
164,110,274
144,110,254
145,103,248
137,97,234
135,104,239
143,96,239
133,142,275
133,164,297
174,132,306
197,115,312
204,109,313
155,114,269
135,109,244
121,109,230
140,128,268
160,129,289
163,146,309
149,144,293
133,157,290
138,164,302
133,182,315
144,182,326
149,220,369
150,239,389
141,244,385
148,241,389
188,207,395
196,208,404
167,223,390
159,211,370
150,247,397
150,260,410
198,207,405
230,206,436
236,192,428
179,176,355
160,160,320
137,145,282
155,146,301
153,139,292
155,124,279
142,126,268
152,113,265
153,104,257
153,94,247
146,178,324
145,192,337
159,186,345
167,177,344
184,158,342
159,163,322
177,145,322
174,131,305
200,179,379
213,201,414
208,207,415
167,246,413
143,272,415
200,244,444
249,225,474
269,207,476
228,188,416
239,154,393
227,128,355
220,125,345
202,148,350
201,164,365
201,172,373
175,188,363
176,174,350
192,197,389
203,197,400
213,171,384
233,165,398
242,152,394
220,139,359
212,127,339
205,152,357
188,155,343
188,143,331
197,134,331
184,127,311
222,131,353
214,153,367
226,180,406
265,308,573
272,299,571
313,216,529
320,170,490
329,152,481
246,150,396
215,140,355
209,120,329
210,104,314
196,117,313
166,138,304
155,156,311
149,183,332
140,207,347
138,222,360
148,216,364
177,189,366
205,156,361
225,141,366
232,160,392
216,158,374
187,145,332
175,137,312
166,122,288
180,166,346
193,184,377
196,185,381
196,185,381
219,152,371
261,148,409
274,184,458
237,230,467
216,208,424
227,157,384
246,150,396
203,172,375
171,186,357
142,186,328
145,173,318
177,155,332
171,162,333
104,172,276
119,213,332
132,210,342
136,225,361
147,237,384
179,240,419
173,268,441
175,228,403
205,228,433
245,196,441
223,179,402
247,142,389
234,127,361
211,147,358
220,172,392
225,180,405
221,194,415
189,195,384
185,197,382
206,201,407
212,220,432
209,223,432
195,224,419
190,234,424
208,223,431
248,201,449
269,189,458
256,160,416
241,125,366
216,128,344
223,233,456
293,198,491
366,126,492
360,145,505
265,176,441
196,171,367
204,195,399
214,194,408
219,185,404
259,201,460
276,171,447
325,191,516
282,147,429
290,177,467
277,165,442
257,151,408
259,168,427
226,129,355
201,137,338
220,176,396
207,218,425
275,151,426
263,165,428
196,195,391
183,189,372
201,168,369
210,158,368
211,145,356
193,141,334
190,153,343
169,188,357
192,174,366
201,159,360
204,156,360
167,162,329
141,193,334
183,160,343
192,147,339
220,138,358
213,108,321
208,124,332
201,118,319
181,202,383
198,190,388
210,164,374
215,164,379
177,146,323
168,135,303
158,134,292
166,128,294
165,123,288
152,125,277
145,117,262
161,123,284
167,120,287
159,125,284
153,143,296
141,175,316
146,195,341
177,161,338
204,152,356
233,174,407
315,189,504
299,167,466
298,120,418
216,109,325
157,97,254
168,169,337
170,162,332
183,119,302
202,116,318
156,157,313
193,139,332
206,145,351
228,127,355
212,162,374
279,196,475
265,176,441
281,169,450
241,165,406
152,163,315
156,173,329
167,174,341
160,170,330
165,179,344
154,168,322
149,172,321
149,166,315
178,128,306
199,186,385
264,142,406
274,114,388
263,130,393
193,176,369
162,175,337
215,135,350
219,174,393
205,177,382
164,199,363
159,183,342
167,201,368
180,161,341
235,169,404
260,146,406
246,151,397
202,144,346
166,142,308
190,128,318
186,140,326
183,144,327
166,133,299
158,148,306
171,149,320
196,100,296
198,134,332
197,155,352
165,147,312
158,138,296
156,125,281
175,107,282
187,155,342
196,130,326
198,113,311
201,135,336
179,172,351
203,131,334
218,108,326
203,107,310
177,98,275
159,168,327
184,197,381
260,148,408
276,193,469
297,173,470
218,171,389
188,170,358
137,175,312
155,177,332
144,169,313
148,174,322
149,174,323
155,192,347
162,204,366
153,206,359
186,175,361
218,137,355
247,164,411
231,157,388
241,127,368
223,157,380
208,168,376
173,171,344
185,144,329
180,134,314
191,111,302
178,103,281
171,100,271
138,151,289
173,158,331
201,144,345
213,145,358
196,153,349
194,151,345
234,105,339
222,106,328
182,101,283
133,105,238
139,97,236
139,96,235
140,96,236
138,92,230
140,89,229
139,108,247
132,114,246
138,121,259
141,141,282
140,142,282
143,144,287
180,118,298
198,147,345
223,141,364
201,138,339
172,163,335
159,200,359
175,183,358
214,149,363
213,164,377
164,177,341
160,190,350
158,192,350
191,148,339
193,131,324
201,117,318
167,103,270
171,136,307
177,135,312
176,139,315
182,158,340
163,173,336
191,170,361
178,199,377
183,205,388
163,231,394
185,222,407
200,206,406
212,222,434
195,236,431
221,200,421
255,142,397
278,125,403
242,141,383
214,165,379
228,156,384
244,142,386
247,158,405
263,139,402
271,152,423
251,165,416
207,172,379
197,153,350
191,135,326
219,160,379
232,132,364
224,124,348
235,126,361
191,154,345
172,165,337
143,159,302
151,151,302
170,170,340
176,161,337
177,151,328
201,184,385
226,201,427
305,169,474
325,153,478
314,157,471
280,143,423
242,154,396
209,172,381
213,142,355
224,109,333
225,126,351
193,142,335
169,136,305
166,122,288
156,125,281
168,135,303
170,153,323
174,161,335
160,207,367
180,219,399
177,228,405
221,222,443
227,216,443
215,209,424
180,210,390
214,155,369
252,107,359
259,167,426
207,226,433
198,195,393
223,156,379
198,154,352
181,158,339
134,177,311
130,219,349
126,215,341
120,249,369
190,195,385
253,148,401
293,160,453
261,192,453
198,194,392
235,176,411
215,209,424
242,181,423
243,133,376
228,136,364
189,151,340
146,161,307
136,165,301
147,169,316
161,151,312
165,154,319
158,155,313
163,149,312
157,196,353
147,220,367
141,241,382
139,244,383
198,197,395
206,213,419
190,208,398
234,172,406
241,153,394
229,134,363
167,125,292
155,125,280
136,116,252
131,127,258
129,148,277
125,164,289
126,157,283
177,113,290
209,155,364
223,185,408
183,243,426
190,480,670
236,626,862
265,678,943
596,365,961
631,266,897
662,259,921
233,196,429
282,210,492
257,186,443
262,174,436
273,170,443
274,172,446
257,225,482
293,169,462
256,146,402
247,152,399
158,155,313
148,187,335
140,264,404
149,275,424
135,282,417
213,221,434
241,189,430
274,173,447
206,172,378
217,206,423
218,188,406
242,169,411
233,175,408
239,151,390
266,181,447
273,163,436
274,154,428
220,176,396
178,173,351
211,144,355
223,135,358
193,124,317
200,150,350
201,157,358
200,183,383
201,173,374
211,149,360
214,162,376
239,149,388
252,155,407
272,158,430
247,164,411
244,163,407
232,164,396
197,211,408
168,237,405
227,175,402
283,183,466
311,170,481
248,156,404
222,175,397
235,143,378
264,170,434
265,189,454
263,203,466
274,375,649
243,396,639
280,349,629
305,315,620
271,249,520
260,241,501
216,256,472
113,247,360
183,242,425
153,214,367
234,183,417
243,177,420
236,177,413
213,169,382
218,145,363
216,133,349
231,138,369
219,145,364
231,168,399
232,222,454
252,197,449
285,151,436
275,189,464
229,166,395
241,166,407
224,204,428
179,203,382
232,182,414
222,179,401
231,185,416
201,176,377
236,125,361
247,176,423
272,136,408
268,176,444
270,158,428
226,146,372
213,148,361
212,156,368
215,180,395
253,154,407
227,188,415
209,185,394
175,209,384
220,185,405
306,200,506
311,192,503
306,227,533
226,248,474
164,256,420
180,262,442
161,271,432
200,218,418
215,237,452
231,229,460
184,235,419
189,236,425
180,229,409
173,235,408
189,228,417
200,211,411
220,199,419
226,204,430
199,221,420
167,217,384
224,194,418
252,195,447
313,140,453
269,148,417
271,158,429
221,144,365
208,188,396
239,164,403
200,170,370
213,165,378
164,166,330
160,170,330
166,145,311
166,159,325
159,178,337
136,185,321
138,185,323
152,185,337
152,214,366
136,265,401
136,283,419
212,212,424
323,155,478
346,168,514
259,181,440
171,160,331
179,126,305
225,158,383
234,159,393
221,154,375
205,165,370
199,164,363
197,182,379
175,203,378
168,193,361
207,174,381
202,194,396
175,241,416
134,262,396
129,267,396
174,231,405
200,207,407
229,174,403
208,148,356
248,173,421
259,156,415
240,220,460
187,229,416
148,246,394
188,219,407
185,232,417
183,248,431
163,246,409
188,262,450
201,280,481
189,281,470
223,217,440
237,204,441
243,196,439
172,195,367
159,194,353
155,182,337
154,200,354
159,204,363
182,192,374
186,188,374
185,182,367
156,183,339
165,188,353
159,227,386
154,245,399
158,248,406
174,246,420
190,245,435
201,247,448
202,268,470
201,264,465
195,280,475
202,279,481
207,276,483
216,275,491
227,250,477
236,234,470
262,204,466
275,195,470
265,187,452
274,169,443
274,141,415
264,171,435
252,181,433
277,191,468
274,217,491
310,178,488
320,161,481
301,151,452
229,158,387
166,164,330
165,154,319
193,138,331
211,126,337
199,185,384
232,146,378
251,161,412
252,157,409
261,137,398
246,170,416
260,166,426
232,162,394
214,174,388
174,193,367
157,209,366
157,221,378
168,234,402
177,238,415
177,255,432
178,268,446
190,254,444
187,263,450
217,254,471
219,243,462
229,235,464
208,229,437
211,221,432
209,202,411
211,188,399
211,188,399
211,160,371
217,142,359
214,110,324
202,105,307
183,118,301
148,116,264
160,109,269
164,102,266
155,103,258
149,144,293
156,141,297
171,140,311
178,146,324
147,171,318
157,176,333
160,174,334
164,186,350
175,203,378
184,215,399
159,236,395
170,234,404
182,226,408
205,224,429
209,213,422
211,199,410
193,224,417
170,247,417
144,267,411
194,218,412
253,162,415
259,147,406
222,140,362
174,130,304
163,117,280
170,102,272
175,152,327
172,145,317
165,164,329
195,143,338
208,150,358
238,152,390
201,167,368
158,195,353
143,201,344
175,189,364
183,189,372
188,173,361
168,184,352
174,186,360
161,196,357
151,193,344
151,190,341
140,183,323
148,181,329
159,170,329
181,146,327
198,121,319
204,167,371
200,154,354
206,135,341
198,126,324
140,174,314
144,201,345
135,218,353
144,236,380
155,286,441
138,305,443
176,272,448
277,163,440
335,168,503
349,149,498
214,155,369
191,190,381
150,191,341
153,187,340
165,190,355
181,195,376
186,193,379
221,175,396
232,137,369
259,100,359
219,103,322
180,99,279
138,104,242
142,146,288
157,154,311
158,154,312
164,154,318
159,138,297
165,141,306
150,145,295
150,145,295
153,143,296
152,160,312
152,165,317
149,160,309
176,126,302
196,153,349
214,148,362
216,133,349
203,135,338
184,145,329
162,150,312
154,162,316
154,174,328
152,181,333
149,182,331
153,177,330
156,161,317
172,154,326
174,141,315
166,143,309
155,136,291
163,120,283
169,106,275
174,128,302
172,134,306
182,129,311
191,126,317
181,134,315
180,129,309
178,132,310
174,138,312
180,132,312
176,139,315
168,141,309
166,142,308
170,146,316
173,152,325
208,165,373
231,168,399
256,154,410
239,140,379
195,162,357
226,137,363
230,141,371
223,147,370
180,149,329
185,152,337
175,155,330
170,156,326
183,149,332
183,150,333
182,157,339
173,158,331
163,166,329
175,157,332
185,281,466
285,191,476
303,168,471
300,168,468
154,171,325
175,166,341
206,176,382
240,134,374
247,140,387
230,135,365
216,120,336
206,157,363
195,147,342
176,156,332
162,168,330
143,178,321
152,187,339
154,193,347
164,187,351
169,190,359
173,200,373
156,206,362
158,211,369
159,219,378
152,232,384
167,221,388
175,236,411
184,242,426
196,225,421
216,199,415
223,186,409
185,191,376
164,204,368
160,211,371
159,217,376
166,222,388
168,223,391
166,216,382
165,209,374
180,182,362
200,151,351
221,119,340
222,144,366
219,138,357
193,132,325
183,114,297
158,115,273
171,132,303
178,106,284
184,116,300
182,104,286
158,99,257
167,123,290
160,119,279
170,106,276
165,103,268
156,129,285
172,123,295
173,133,306
174,139,313
154,150,304
163,142,305
161,132,293
160,146,306
158,138,296
157,122,279
168,109,277
172,104,276
173,129,302
172,120,292
167,105,272
161,95,256
151,133,284
162,145,307
158,154,312
160,159,319
167,157,324
179,158,337
175,165,340
163,173,336
161,174,335
159,184,343
152,193,345
147,209,356
151,234,385
158,231,389
159,230,389
177,207,384
194,188,382
205,184,389
185,180,365
163,176,339
152,181,333
148,184,332
144,185,329
143,192,335
144,195,339
145,194,339
150,196,346
149,202,351
149,204,353
151,200,351
155,196,351
156,193,349
153,190,343
149,192,341
154,194,348
152,197,349
149,305,454
141,350,491
145,346,491
153,345,498
314,190,504
342,152,494
353,128,481
228,190,418
248,149,397
248,140,388
240,127,367
185,123,308
188,125,313
153,126,279
145,130,275
145,126,271
146,130,276
151,130,281
155,127,282
157,142,299
152,134,286
151,119,270
155,109,264
163,92,255
163,115,278
165,104,269
166,164,330
169,149,318
204,117,321
209,95,304
164,128,292
176,114,290
154,107,261
165,92,257
154,164,318
165,150,315
189,107,296
194,125,319
152,108,260
170,95,265
166,172,338
180,163,343
193,167,360
187,179,366
145,207,352
149,201,350
149,190,339
168,161,329
166,160,326
162,152,314
140,139,279
144,123,267
151,112,263
153,124,277
156,112,268
162,123,285
160,125,285
179,193,372
213,155,368
266,178,444
240,184,424
221,143,364
204,139,343
188,139,327
151,145,296
148,144,292
155,140,295
149,150,299
140,160,300
129,161,290
133,171,304
136,172,308
137,185,322
134,195,329
128,208,336
127,204,331
159,182,341
167,175,342
164,188,352
135,185,320
137,188,325
140,190,330
146,200,346
142,198,340
148,190,338
145,194,339
159,179,338
160,182,342
152,187,339
137,194,331
135,188,323
148,183,331
148,192,340
153,184,337
144,189,333
143,200,343
147,178,325
144,180,324
173,145,318
171,124,295
184,104,288
166,90,256
164,152,316
158,152,310
204,93,297
203,128,331
194,163,357
197,250,447
347,165,512
348,155,503
383,126,509
248,94,342
191,132,323
162,131,293
152,102,254
167,95,262
164,89,253
145,112,257
141,108,249
143,101,244
140,110,250
135,118,253
133,117,250
154,97,251
154,129,283
139,122,261
151,124,275
137,133,270
107,140,247
127,141,268
132,138,270
136,136,272
134,152,286
131,151,282
129,146,275
137,137,274
175,143,318
183,145,328
205,161,366
228,167,395
237,155,392
221,155,376
185,141,326
153,147,300
161,147,308
153,157,310
151,197,348
164,204,368
195,176,371
204,168,372
196,170,366
155,172,327
164,153,317
171,149,320
178,144,322
153,147,300
145,155,300
140,151,291
142,165,307
142,172,314
147,163,310
165,134,299
196,151,347
211,145,356
205,141,346
210,133,343
203,146,349
219,132,351
197,122,319
186,107,293
169,137,306
194,115,309
200,93,293
188,124,312
167,164,331
183,146,329
208,134,342
202,136,338
170,138,308
171,134,305
180,130,310
187,124,311
180,136,316
177,131,308
168,135,303
167,143,310
165,146,311
164,157,321
163,169,332
160,174,334
156,189,345
168,189,357
183,180,363
202,177,379
206,176,382
200,174,374
196,172,368
196,171,367
196,173,369
194,175,369
209,159,368
219,147,366
224,141,365
198,150,348
204,156,360
198,156,354
202,161,363
181,157,338
146,154,300
200,150,350
199,148,347
204,140,344
191,151,342
185,150,335
183,148,331
194,145,339
198,143,341
203,136,339
186,148,334
183,149,332
185,138,323
203,130,333
190,144,334
170,161,331
169,159,328
189,152,341
203,147,350
216,132,348
194,141,335
178,149,327
145,161,306
145,174,319
145,184,329
147,193,340
167,185,352
182,179,361
198,171,369
195,164,359
201,156,357
202,148,350
201,139,340
203,132,335
202,126,328
202,146,348
206,136,342
185,146,331
169,159,328
138,167,305
142,177,319
162,165,327
185,153,338
206,141,347
208,134,342
207,126,333
187,135,322
158,145,303
128,166,294
131,168,299
133,162,295
139,168,307
143,152,295
173,138,311
191,128,319
214,142,356
205,136,341
188,151,339
170,154,324
146,200,346
147,226,373
165,226,391
191,200,391
191,205,396
171,214,385
187,218,405
206,194,400
187,211,398
219,170,389
205,159,364
196,176,372
161,183,344
152,202,354
155,225,380
140,231,371
156,208,364
173,186,359
198,174,372
195,175,370
185,177,362
202,151,353
207,147,354
202,156,358
172,202,374
163,193,356
166,177,343
190,130,320
198,128,326
209,134,343
186,131,317
184,137,321
172,138,310
153,118,271
157,108,265
154,131,285
164,116,280
182,138,320
178,148,326
170,165,335
161,175,336
174,154,328
202,148,350
200,153,353
180,163,343
171,146,317
181,129,310
195,145,340
199,145,344
186,148,334
179,162,341
176,162,338
200,135,335
201,163,364
237,127,364
239,133,372
232,133,365
193,143,336
177,199,376
160,211,371
204,165,369
225,139,364
247,132,379
210,113,323
206,136,342
200,121,321
182,107,289
182,141,323
180,123,303
197,136,333
194,130,324
172,130,302
178,118,296
153,123,276
171,118,289
179,136,315
191,117,308
178,107,285
182,120,302
173,111,284
171,167,338
184,133,317
195,163,358
221,178,399
181,175,356
239,139,378
236,138,374
188,132,320
205,128,333
183,144,327
159,131,290
147,132,279
150,123,273
144,118,262
161,130,291
182,121,303
191,132,323
201,121,322
182,115,297
175,134,309
161,131,292
159,151,310
160,167,327
147,177,324
137,192,329
144,187,331
161,185,346
169,184,353
179,165,344
168,182,350
159,199,358
143,200,343
173,184,357
181,199,380
181,187,368
173,182,355
163,197,360
181,171,352
177,169,346
187,161,348
168,151,319
191,147,338
211,131,342
222,121,343
214,148,362
192,136,328
204,155,359
222,138,360
224,157,381
231,149,380
209,157,366
208,155,363
196,133,329
210,157,367
209,137,346
202,133,335
205,116,321
198,139,337
179,139,318
184,119,303
168,102,270
183,218,401
217,203,420
235,223,458
241,197,438
252,128,380
222,114,336
183,129,312
158,135,293
188,115,303
191,129,320
183,147,330
150,156,306
182,130,312
199,134,333
204,141,345
195,169,364
221,121,342
212,114,326
214,118,332
166,94,260
163,95,258
166,109,275
134,117,251
161,170,331
184,197,381
228,147,375
234,114,348
217,102,319
188,102,290
167,97,264
148,93,241
146,114,260
158,123,281
163,206,369
161,302,463
166,296,462
202,249,451
251,189,440
254,140,394
182,120,302
212,120,332
188,134,322
147,141,288
135,178,313
127,174,301
153,147,300
172,139,311
168,168,336
119,224,343
126,255,381
127,274,401
141,261,402
230,174,404
245,159,404
211,130,341
187,116,303
177,139,316
171,139,310
166,142,308
151,137,288
125,137,262
127,141,268
127,145,272
121,163,284
118,158,276
130,175,305
133,196,329
150,199,349
160,218,378
191,190,381
213,143,356
174,136,310
173,129,302
133,119,252
149,204,353
177,168,345
240,101,341
246,119,365
145,121,266
153,106,259
152,113,265
155,104,259
161,93,254
150,157,307
151,145,296
191,104,295
190,103,293
146,95,241
149,175,324
147,174,321
188,135,323
197,130,327
167,129,296
153,136,289
135,188,323
145,193,338
168,161,329
179,151,330
176,138,314
143,123,266
145,109,254
158,112,270
162,93,255
165,136,301
154,143,297
171,117,288
178,136,314
188,131,319
157,127,284
189,115,304
182,113,295
185,114,299
137,105,242
134,98,232
148,174,322
150,176,326
194,143,337
210,125,335
183,123,306
165,115,280
151,156,307
181,132,313
221,158,379
223,150,373
219,176,395
214,153,367
207,133,340
208,131,339
173,134,307
125,129,254
126,121,247
144,171,315
144,178,322
192,138,330
207,112,319
195,184,379
183,163,346
232,141,373
237,143,380
254,133,387
214,117,331
215,145,360
160,169,329
195,130,325
197,125,322
209,107,316
161,168,329
178,175,353
205,143,348
220,122,342
228,149,377
211,143,354
214,181,395
224,157,381
233,167,400
267,125,392
261,93,354
206,150,356
181,146,327
193,126,319
209,106,315
192,470,662
487,182,669
479,148,627
490,135,625
168,100,268
177,88,265
141,110,251
135,117,252
152,157,309
164,154,318
162,150,312
161,179,340
147,183,330
171,150,321
200,124,324
205,132,337
156,144,300
136,144,280
123,148,271
128,145,273
140,138,278
140,137,277
152,130,282
144,143,287
140,169,309
115,171,286
151,167,318
158,200,358
149,226,375
138,242,380
136,234,370
179,185,364
197,173,370
151,161,312
150,170,320
136,169,305
124,218,342
107,237,344
133,238,371
156,214,370
212,160,372
217,138,355
168,127,295
169,117,286
184,111,295
170,121,291
168,121,289
141,126,267
129,144,273
125,159,284
124,183,307
124,224,348
127,226,353
128,237,365
193,191,384
211,169,380
220,167,387
162,172,334
157,169,326
169,153,322
174,151,325
174,136,310
160,115,275
166,95,261
173,132,305
164,121,285
154,127,281
150,156,306
143,221,364
269,118,387
277,108,385
224,105,329
159,94,253
155,129,284
150,121,271
152,107,259
148,94,242
147,170,317
170,147,317
194,126,320
204,121,325
181,110,291
148,104,252
136,98,234
133,219,352
159,242,401
198,205,403
215,189,404
157,166,323
193,158,351
168,181,349
177,185,362
212,188,400
217,177,394
252,146,398
220,158,378
209,161,370
165,164,329
177,191,368
177,184,361
187,161,348
220,107,327
210,230,440
182,259,441
263,168,431
303,110,413
225,98,323
191,112,303
146,119,265
144,120,264
132,127,259
131,132,263
138,159,297
139,224,363
143,223,366
150,212,362
220,144,364
218,141,359
178,144,322
143,141,284
144,178,322
143,193,336
152,179,331
166,160,326
163,162,325
141,161,302
162,134,296
163,117,280
155,112,267
162,174,336
174,158,332
214,114,328
207,159,366
154,165,319
173,146,319
193,162,355
196,148,344
189,115,304
190,124,314
192,108,300
158,140,298
177,109,286
183,147,330
220,103,323
176,97,273
181,104,285
143,104,247
148,102,250
144,89,233
146,170,316
168,152,320
193,115,308
196,96,292
148,168,316
140,206,346
194,171,365
225,190,415
232,174,406
226,159,385
211,127,338
182,127,309
130,134,264
130,133,263
140,123,263
135,119,254
137,132,269
129,135,264
127,139,266
131,141,272
114,146,260
127,150,277
130,154,284
130,161,291
133,202,335
133,215,348
141,214,355
142,223,365
175,223,398
192,221,413
186,235,421
156,241,397
172,211,383
159,182,341
208,161,369
176,167,343
142,176,318
125,181,306
137,167,304
131,163,294
150,142,292
167,116,283
192,183,375
223,135,358
211,120,331
186,158,344
156,116,272
188,108,296
190,109,299
157,97,254
160,147,307
157,162,319
148,185,333
157,183,340
136,172,308
155,168,323
157,163,320
155,195,350
168,188,356
153,184,337
141,177,318
154,172,326
135,187,322
135,192,327
125,200,325
146,181,327
96,188,284
119,198,317
142,185,327
144,182,326
150,172,322
173,139,312
188,118,306
180,108,288
167,95,262
163,115,278
160,105,265
158,94,252
154,115,269
153,105,258
162,120,282
166,107,273
159,107,266
152,103,255
141,101,242
143,105,248
148,103,251
147,103,250
145,109,254
136,111,247
137,116,253
140,120,260
139,125,264
140,123,263
139,125,264
147,120,267
147,121,268
148,123,271
141,124,265
141,126,267
141,126,267
143,127,270
143,127,270
143,129,272
140,131,271
140,133,273
140,134,274
141,135,276
141,136,277
142,137,279
142,137,279
141,136,277
142,138,280
142,143,285
146,140,286
144,143,287
143,144,287
138,143,281
140,144,284
140,145,285
139,149,288
136,151,287
135,146,281
136,147,283
135,149,284
136,146,282
137,146,283
137,149,286
134,146,280
136,148,284
135,145,280
135,146,281
135,148,283
134,149,283
134,148,282
134,151,285
136,153,289
137,155,292
151,161,312
158,179,337
159,174,333
170,151,321
214,111,325
206,115,321
152,118,270
129,123,252
121,134,255
124,149,273
115,150,265
121,155,276
125,162,287
117,176,293
120,170,290
118,165,283
137,138,275
176,104,280
170,103,273
157,115,272
123,121,244
124,127,251
137,118,255
141,125,266
129,147,276
100,164,264
124,162,286
121,163,284
124,155,279
122,224,346
129,317,446
116,320,436
124,315,439
206,234,440
346,128,474
381,109,490
304,108,412
167,113,280
135,102,237
133,95,228
130,112,242
101,117,218
115,126,241
119,154,273
110,162,272
119,166,285
149,151,300
150,134,284
164,116,280
156,108,264
155,109,264
144,124,268
142,170,312
179,216,395
232,171,403
292,123,415
232,127,359
128,148,276
129,150,279
127,171,298
123,169,292
169,159,328
236,127,363
220,143,363
203,152,355
167,198,365
146,210,356
149,215,364
199,195,394
216,168,384
224,175,399
206,180,386
213,189,402
273,163,436
285,152,437
246,152,398
188,150,338
180,128,308
183,104,287
186,124,310
165,119,284
151,117,268
157,156,313
144,190,334
149,223,372
176,256,432
205,243,448
267,186,453
283,134,417
254,127,381
196,116,312
155,120,275
154,121,275
164,104,268
168,122,290
154,117,271
150,109,259
160,105,265
157,137,294
187,100,287
180,118,298
187,127,314
174,112,286
176,124,300
177,122,299
164,113,277
154,127,281
186,112,298
195,152,347
196,147,343
187,133,320
212,111,323
204,128,332
179,150,329
135,175,310
137,152,289
167,125,292
184,108,292
189,106,295
158,122,280
150,137,287
150,140,290
157,140,297
183,144,327
198,144,342
227,240,467
256,198,454
279,160,439
184,155,339
124,149,273
141,175,316
133,186,319
128,187,315
131,184,315
150,182,332
155,191,346
144,189,333
141,208,349
160,205,365
164,186,350
172,198,370
168,191,359
143,225,368
140,255,395
143,255,398
151,253,404
213,210,423
227,201,428
216,193,409
152,176,328
167,140,307
191,106,297
199,129,328
176,134,310
162,121,283
161,109,270
155,109,264
152,103,255
163,177,340
194,170,364
224,152,376
216,152,368
160,148,308
162,134,296
155,125,280
157,119,276
158,102,260
160,117,277
147,107,254
157,143,300
170,178,348
216,129,345
239,100,339
231,136,367
191,110,301
188,150,338
193,137,330
203,154,357
212,229,441
292,126,418
302,108,410
283,94,377
170,157,327
172,156,328
166,160,326
183,134,317
166,129,295
166,126,292
143,117,260
140,122,262
139,132,271
128,141,269
123,137,260
128,132,260
151,116,267
169,108,277
172,110,282
151,104,255
138,129,267
159,120,279
167,112,279
164,100,264
151,94,245
158,124,282
153,123,276
162,109,271
160,118,278
166,113,279
167,119,286
172,109,281
162,98,260
150,114,264
169,146,315
167,154,321
176,147,323
181,144,325
162,148,310
159,159,318
157,144,301
170,141,311
185,146,331
167,156,323
128,175,303
124,190,314
120,200,320
126,201,327
158,181,339
178,167,345
184,159,343
162,162,324
155,159,314
155,154,309
149,142,291
156,139,295
147,143,290
151,137,288
156,120,276
150,149,299
184,137,321
190,151,341
192,158,350
164,154,318
158,142,300
153,130,283
148,123,271
159,139,298
192,134,326
216,114,330
204,103,307
185,133,318
168,136,304
172,128,300
165,123,288
143,134,277
127,142,269
122,151,273
136,144,280
140,138,278
153,146,299
140,160,300
137,159,296
134,160,294
136,159,295
151,147,298
149,152,301
139,148,287
155,126,281
156,126,282
162,125,287
147,128,275
152,117,269
143,122,265
150,119,269
142,118,260
159,119,278
168,114,282
180,114,294
178,102,280
168,110,278
165,107,272
156,107,263
145,106,251
135,153,288
178,141,319
210,123,333
209,117,326
164,107,271
157,120,277
173,116,289
161,122,283
158,101,259
151,109,260
150,115,265
121,117,238
137,129,266
173,107,280
179,131,310
188,112,300
160,94,254
164,110,274
147,110,257
170,101,271
160,108,268
167,102,269
147,91,238
146,92,238
139,88,227
124,90,214
127,120,247
145,101,246
153,158,311
177,157,334
171,152,323
183,170,353
150,179,329
146,199,345
149,204,353
145,194,339
128,189,317
161,165,326
185,135,320
198,119,317
172,104,276
174,141,315
175,145,320
181,129,310
154,125,279
169,105,274
172,117,289
186,104,290
175,178,353
180,177,357
178,333,511
400,118,518
343,103,446
382,97,479
146,135,281
149,129,278
143,125,268
145,112,257
134,99,233
147,82,229
124,138,262
144,147,291
162,145,307
192,105,297
215,133,348
202,140,342
149,139,288
163,140,303
158,134,292
169,128,297
171,126,297
168,122,290
161,114,275
161,108,269
164,139,303
182,115,297
200,151,351
235,145,380
212,169,381
223,136,359
205,97,302
219,109,328
178,113,291
145,97,242
151,146,297
181,116,297
197,91,288
194,117,311
161,118,279
155,125,280
141,106,247
168,98,266
164,100,264
149,109,258
144,118,262
142,127,269
143,121,264
130,117,247
127,116,243
128,118,246
121,134,255
125,148,273
127,158,285
131,167,298
134,192,326
132,208,340
118,216,334
140,199,339
159,178,337
171,160,331
199,120,319
204,102,306
196,94,290
169,116,285
146,119,265
139,116,255
142,128,270
165,101,266
168,107,275
169,108,277
154,101,255
158,155,313
181,126,307
208,92,300
198,100,298
170,96,266
138,99,237
136,124,260
140,123,263
140,123,263
146,118,264
157,140,297
168,125,293
180,117,297
167,104,271
155,101,256
159,124,283
159,137,296
159,144,303
196,114,310
201,148,349
207,136,343
194,158,352
205,122,327
182,106,288
170,94,264
133,95,228
147,132,279
149,134,283
154,137,291
174,116,290
164,110,274
167,107,274
143,115,258
146,111,257
150,99,249
139,103,242
137,108,245
132,100,232
136,113,249
145,121,266
137,135,272
127,137,264
119,141,260
137,126,263
144,126,270
143,130,273
127,136,263
121,138,259
124,135,259
123,149,272
123,154,277
120,152,272
116,159,275
121,149,270
129,168,297
130,177,307
124,200,324
124,208,332
126,220,346
148,217,365
155,219,374
152,228,380
182,196,378
180,211,391
180,326,506
158,328,486
148,329,477
236,235,471
303,147,450
335,113,448
207,125,332
200,98,298
176,120,296
192,148,340
184,129,313
186,109,295
173,95,268
154,137,291
161,124,285
154,121,275
152,110,262
132,99,231
159,138,297
144,132,276
144,127,271
147,119,266
140,108,248
160,99,259
175,137,312
197,116,313
196,98,294
197,85,282
163,117,280
140,111,251
152,125,277
163,119,282
160,122,282
152,123,275
146,139,285
152,174,326
151,181,332
154,196,350
165,185,350
170,179,349
173,168,341
188,137,325
177,139,316
180,138,318
152,135,287
150,136,286
141,140,281
146,139,285
146,160,306
146,157,303
142,158,300
142,161,303
143,158,301
145,155,300
145,161,306
144,214,358
144,227,371
146,244,390
143,260,403
188,229,417
217,214,431
238,204,442
217,192,409
216,181,397
213,171,384
207,157,364
208,125,333
193,116,309
180,106,286
159,116,275
165,109,274
178,184,362
176,188,364
173,176,349
168,166,334
151,149,300
168,132,300
160,116,276
171,102,273
170,127,297
168,114,282
168,98,266
163,146,309
156,141,297
166,124,290
165,109,274
145,102,247
155,164,319
159,150,309
165,136,301
160,123,283
141,107,248
165,129,294
164,121,285
165,106,271
156,100,256
146,157,303
157,143,300
162,143,305
161,129,290
165,113,278
200,132,332
209,120,329
187,113,300
168,133,301
176,107,283
188,103,291
185,108,293
146,140,286
135,189,324
134,201,335
137,204,341
136,195,331
166,180,346
162,186,348
162,205,367
129,212,341
126,198,324
140,184,324
208,115,323
215,105,320
225,122,347
162,109,271
153,127,280
158,127,285
157,116,273
165,109,274
163,153,316
174,125,299
185,117,302
176,107,283
156,102,258
157,116,273
155,121,276
154,109,263
153,110,263
142,141,283
157,124,281
182,102,284
199,126,325
177,123,300
160,116,276
160,96,256
161,128,289
162,115,277
153,101,254
155,91,246
142,150,292
152,144,296
159,147,306
201,100,301
185,163,348
181,166,347
151,168,319
148,167,315
110,163,273
139,168,307
128,166,294
158,150,308
152,156,308
159,155,314
174,154,328
167,160,327
150,167,317
126,166,292
151,162,313
148,181,329
138,214,352
128,218,346
266,120,386
276,116,392
277,124,401
182,128,310
133,130,263
139,135,274
139,142,281
138,140,278
134,141,275
133,139,272
162,144,306
160,158,318
173,144,317
168,136,304
192,134,326
191,134,325
194,131,325
170,123,293
160,118,278
179,162,341
219,168,387
247,136,383
240,129,369
204,149,353
191,132,323
193,131,324
188,152,340
191,109,300
217,144,361
216,145,361
173,143,316
164,137,301
144,128,272
175,104,279
175,102,277
167,132,299
174,105,279
176,111,287
177,107,284
155,120,275
153,121,274
152,114,266
149,104,253
149,152,301
170,141,311
161,156,317
172,195,367
155,195,350
161,200,361
144,209,353
149,215,364
151,201,352
158,196,354
186,170,356
192,149,341
184,129,313
168,147,315
171,128,299
164,133,297
191,131,322
204,111,315
192,103,295
162,95,257
142,119,261
146,119,265
149,112,261
151,91,242
146,123,269
152,118,270
154,99,253
148,86,234
148,105,253
153,103,256
156,111,267
148,106,254
158,117,275
172,149,321
186,131,317
180,130,310
157,137,294
133,135,268
141,126,267
140,127,267
144,130,274
132,143,275
136,136,272
127,145,272
144,140,284
151,133,284
185,142,327
206,116,322
200,104,304
171,141,312
144,153,297
169,145,314
159,153,312
201,135,336
211,159,370
260,113,373
210,102,312
197,96,293
161,82,243
155,102,257
137,102,239
126,97,223
126,111,237
129,104,233
125,123,248
109,145,254
102,151,253
133,156,289
127,155,282
122,154,276
130,138,268
135,142,277
104,140,244
111,147,258
118,147,265
119,146,265
110,148,258
117,146,263
113,133,246
131,123,254
136,126,262
113,121,234
114,119,233
128,104,232
131,138,269
127,155,282
128,156,284
128,154,282
130,164,294
110,162,272
126,183,309
112,190,302
128,198,326
110,209,319
144,191,335
167,173,340
165,166,331
156,144,300
141,132,273
144,120,264
134,121,255
136,103,239
135,94,229
119,126,245
146,103,249
151,104,255
162,97,259
166,85,251
159,123,282
135,125,260
154,124,278
149,118,267
164,96,260
166,96,262
163,99,262
137,105,242
131,125,256
112,122,234
120,113,233
129,111,240
150,115,265
154,102,256
146,96,242
133,91,224
127,81,208
122,121,243
129,125,254
126,169,295
137,179,316
130,184,314
130,190,320
132,198,330
144,183,327
143,187,330
170,177,347
144,198,342
136,225,361
115,252,367
150,247,397
153,253,406
210,204,414
196,195,391
185,187,372
191,120,311
191,106,297
171,98,269
129,92,221
124,85,209
122,82,204
125,90,215
123,88,211
117,118,235
133,110,243
135,100,235
139,134,273
132,134,266
133,124,257
146,121,267
137,126,263
127,131,258
123,137,260
131,136,267
112,140,252
126,142,268
120,141,261
129,139,268
135,147,282
136,139,275
128,134,262
134,126,260
128,116,244
125,112,237
137,98,235
135,94,229
128,84,212
128,132,260
139,129,268
137,117,254
126,106,232
136,110,246
132,104,236
141,93,234
141,83,224
129,91,220
121,82,203
134,114,248
142,121,263
138,130,268
148,123,271
137,117,254
140,110,250
141,98,239
144,89,233
132,88,220
122,82,204
138,123,261
129,110,239
139,99,238
133,106,239
120,101,221
97,93,190
128,90,218
126,83,209
132,99,231
133,110,243
131,126,257
127,132,259
126,132,258
133,138,271
131,140,271
132,145,277
128,146,274
124,139,263
135,128,263
138,116,254
132,108,240
146,92,238
147,81,228
144,100,244
138,92,230
138,82,220
138,101,239
136,92,228
138,81,219
138,100,238
136,90,226
138,82,220
140,99,239
137,175,312
138,269,407
134,302,436
159,296,455
172,304,476
229,228,457
244,194,438
214,163,377
209,136,345
180,134,314
151,134,285
126,132,258
129,134,263
132,130,262
134,127,261
127,135,262
132,133,265
127,130,257
127,132,259
127,132,259
130,134,264
132,132,264
130,128,258
149,102,251
147,102,249
156,90,246
138,105,243
143,101,244
144,90,234
141,87,228
137,83,220
127,83,210
125,81,206
122,83,205
124,84,208
125,98,223
127,147,274
155,146,301
176,123,299
184,111,295
163,95,258
156,109,265
156,122,278
168,100,268
162,91,253
155,82,237
139,102,241
140,92,232
139,82,221
137,125,262
140,137,277
150,142,292
159,149,308
157,154,311
161,160,321
161,170,331
160,178,338
152,192,344
150,200,350
144,223,367
172,218,390
191,207,398
236,177,413
278,127,405
283,102,385
243,133,376
170,144,314
159,156,315
167,154,321
173,157,330
119,176,295
177,170,347
182,144,326
212,122,334
201,99,300
178,90,268
151,91,242
124,89,213
124,87,211
132,118,250
132,117,249
135,106,241
134,103,237
122,107,229
123,117,240
122,152,274
123,156,279
125,154,279
130,171,301
130,181,311
123,179,302
159,247,406
252,167,419
257,190,447
238,170,408
133,141,274
196,99,295
190,181,371
169,168,337
144,175,319
140,165,305
90,163,253
127,170,297
149,175,324
131,170,301
152,175,327
141,170,311
156,144,300
160,116,276
168,106,274
159,102,261
146,90,236
141,81,222
143,101,244
140,101,241
141,100,241
139,104,243
146,127,273
178,100,278
178,98,276
163,92,255
137,85,222
136,102,238
127,131,258
107,132,239
121,125,246
121,120,241
137,100,237
128,96,224
128,100,228
127,129,256
138,132,270
137,154,291
143,166,309
134,169,303
148,163,311
160,158,318
157,156,313
172,142,314
170,152,322
159,156,315
114,166,280
122,186,308
123,190,313
103,192,295
117,180,297
161,138,299
182,115,297
170,110,280
124,105,229
119,105,224
123,96,219
128,124,252
130,147,277
107,145,252
118,144,262
110,140,250
112,137,249
117,141,258
114,141,255
111,149,260
106,137,243
134,131,265
117,135,252
119,143,262
107,141,248
118,137,255
157,99,256
165,119,284
154,114,268
153,106,259
148,91,239
144,128,272
155,117,272
156,114,270
149,109,258
137,123,260
163,122,285
151,128,279
146,159,305
125,175,300
110,188,298
112,195,307
116,202,318
134,194,328
140,198,338
145,200,345
137,187,324
150,182,332
167,202,369
256,181,437
320,123,443
324,122,446
244,89,333
182,127,309
175,116,291
140,102,242
141,92,233
124,148,272
116,137,253
147,148,295
133,142,275
147,104,251
191,134,325
201,119,320
162,116,278
175,128,303
194,182,376
209,173,382
220,137,357
220,93,313
169,122,291
186,108,294
170,101,271
159,113,272
147,118,265
157,117,274
151,148,299
146,161,307
129,181,310
166,186,352
160,208,368
157,219,376
132,228,360
170,214,384
181,218,399
179,225,404
146,212,358
122,177,299
161,160,321
157,156,313
115,158,273
118,168,286
115,164,279
124,168,292
105,163,268
121,156,277
89,153,242
110,137,247
136,132,268
130,129,259
110,146,256
118,156,274
98,165,263
109,163,272
141,134,275
133,128,261
120,134,254
97,130,227
126,131,257
85,136,221
114,137,251
118,142,260
113,136,249
115,138,253
117,138,255
115,150,265
103,153,256
120,168,288
118,165,283
122,172,294
142,170,312
133,180,313
111,182,293
101,177,278
86,170,256
127,193,320
146,196,342
133,192,325
122,175,297
169,141,310
157,134,291
149,135,284
113,133,246
110,127,237
99,122,221
124,115,239
111,118,229
103,143,246
115,175,290
120,175,295
132,172,304
159,153,312
164,150,314
150,148,298
136,138,274
124,135,259
121,133,254
123,131,254
125,129,254
128,128,256
127,128,255
129,131,260
128,128,256
128,128,256
128,135,263
128,135,263
129,130,259
134,132,266
135,129,264
130,128,258
129,127,256
127,126,253
124,125,249
124,130,254
125,127,252
127,126,253
126,125,251
125,126,251
122,126,248
124,130,254
125,127,252
127,127,254
126,126,252
125,126,251
122,127,249
125,127,252
125,127,252
125,132,257
127,129,256
129,126,255
128,125,253
126,125,251
121,125,246
122,131,253
124,127,251
126,125,251
127,125,252
127,129,256
125,147,272
126,156,282
126,154,280
174,102,276
174,98,272
178,103,281
131,110,241
129,106,235
123,107,230
123,106,229
122,103,225
122,105,227
122,106,228
125,100,225
144,83,227
146,82,228
143,82,225
126,81,207
127,107,234
127,108,235
130,107,237
132,103,235
129,98,227
133,92,225
131,102,233
127,105,232
143,154,297
175,146,321
192,151,343
169,151,320
132,146,278
164,97,261
166,164,330
181,167,348
155,175,330
141,176,317
116,180,296
167,176,343
160,186,346
151,205,356
140,226,366
152,230,382
147,227,374
148,205,353
192,199,391
168,209,377
154,210,364
153,223,376
165,206,371
158,210,368
162,181,343
178,150,328
218,137,355
222,146,368
215,114,329
172,120,292
157,130,287
128,128,256
132,183,315
113,195,308
141,195,336
160,191,351
157,192,349
134,199,333
158,160,318
164,143,307
148,125,273
188,180,368
199,152,351
205,137,342
168,128,296
127,129,256
142,130,272
158,120,278
162,113,275
161,123,284
130,116,246
136,106,242
125,113,238
141,117,258
139,162,301
172,147,319
177,134,311
161,119,280
137,103,240
127,149,276
159,132,291
163,121,284
154,118,272
128,142,270
126,135,261
137,124,261
132,125,257
131,108,239
169,164,333
166,155,321
161,156,317
150,150,300
102,149,251
150,147,297
138,152,290
145,152,297
126,145,271
128,140,268
125,150,275
95,163,258
124,158,282
95,173,268
124,196,320
104,199,303
126,198,324
121,188,309
176,288,464
205,258,463
196,252,448
169,213,382
266,114,380
249,105,354
201,83,284
157,99,256
145,113,258
132,113,245
126,113,239
131,110,241
126,103,229
124,118,242
124,120,244
119,114,233
127,103,230
130,123,253
146,110,256
147,107,254
124,106,230
137,99,236
155,92,247
154,86,240
139,156,295
135,147,282
139,151,290
129,145,274
98,149,247
165,110,275
188,168,356
182,160,342
153,156,309
132,140,272
91,122,213
127,117,244
147,106,253
152,96,248
154,132,286
147,138,285
155,144,299
163,126,289
136,121,257
143,124,267
131,131,262
126,133,259
112,133,245
135,154,289
130,193,323
132,181,313
134,181,315
127,179,306
146,135,281
180,110,290
172,160,332
182,138,320
157,138,295
155,141,296
97,145,242
124,140,264
120,132,252
128,137,265
122,141,263
111,139,250
123,135,258
124,131,255
119,137,256
113,170,283
121,203,324
110,213,323
121,222,343
153,179,332
168,178,346
204,176,380
183,202,385
166,244,410
160,249,409
159,235,394
169,195,364
203,169,372
223,130,353
198,112,310
184,90,274
162,98,260
149,112,261
153,93,246
152,89,241
156,98,254
126,94,220
137,88,225
134,126,260
141,131,272
139,124,263
146,134,280
133,140,273
127,133,260
116,127,243
116,119,235
134,108,242
157,99,256
137,99,236
149,146,295
179,114,293
182,101,283
163,99,262
127,96,223
139,96,235
147,90,237
151,146,297
149,138,287
142,138,280
132,132,264
111,125,236
136,113,249
133,106,239
139,93,232
132,96,228
123,121,244
161,106,267
173,138,311
166,133,299
148,141,289
142,149,291
118,144,262
139,146,285
151,141,292
154,143,297
143,150,293
161,130,291
149,131,280
169,116,285
152,145,297
186,136,322
205,125,330
200,135,335
175,125,300
195,142,337
212,131,343
211,126,337
173,110,283
147,104,251
139,101,240
149,112,261
154,118,272
135,122,257
116,130,246
127,134,261
130,151,281
135,149,284
138,159,297
144,146,290
152,129,281
127,121,248
141,105,246
134,99,233
141,84,225
144,114,258
137,133,270
146,144,290
145,143,288
137,134,271
158,106,264
180,112,292
188,107,295
177,96,273
155,82,237
148,103,251
147,97,244
145,111,256
164,124,288
174,103,277
185,92,277
164,91,255
135,100,235
128,111,239
118,109,227
120,107,227
125,112,237
121,114,235
123,112,235
118,106,224
112,106,218
120,106,226
114,103,217
123,110,233
111,126,237
87,140,227
121,140,261
126,150,276
127,152,279
127,153,280
120,151,271
106,158,264
118,157,275
83,160,243
121,159,280
126,157,283
124,160,284
125,168,293
118,176,294
114,175,289
128,170,298
145,149,294
122,125,247
180,93,273
185,122,307
178,117,295
158,116,274
137,119,256
119,200,319
220,172,392
283,110,393
300,121,421
232,94,326
174,130,304
169,139,308
135,132,267
127,137,264
118,134,252
147,111,258
145,109,254
176,138,314
172,139,311
215,117,332
201,122,323
183,125,308
166,113,279
157,103,260
188,108,296
177,106,283
180,105,285
143,109,252
139,108,247
138,115,253
138,123,261
125,145,270
122,148,270
127,144,271
148,122,270
163,103,266
148,121,269
166,110,276
169,131,300
167,131,298
210,115,325
221,92,313
183,111,294
157,133,290
147,130,277
187,148,335
171,113,284
207,107,314
172,113,285
154,103,257
166,86,252
167,121,288
145,110,255
153,98,251
164,96,260
153,87,240
150,92,242
145,96,241
122,98,220
123,99,222
128,93,221
122,86,208
129,115,244
136,126,262
135,121,256
126,121,247
120,133,253
125,135,260
99,158,257
127,161,288
121,157,278
103,150,253
133,144,277
122,151,273
121,160,281
122,161,283
107,161,268
110,156,266
91,152,243
121,146,267
115,149,264
125,145,270
124,140,264
115,138,253
122,133,255
119,131,250
122,128,250
122,130,252
120,126,246
120,121,241
114,116,230
119,114,233
119,118,237
113,113,226
120,111,231
121,107,228
123,104,227
120,98,218
124,93,217
114,88,202
123,116,239
130,125,255
130,127,257
130,127,257
118,121,239
122,116,238
120,109,229
122,104,226
121,99,220
116,100,216
122,97,219
120,94,214
130,88,218
128,87,215
121,90,211
127,89,216
118,84,202
122,93,215
127,105,232
131,114,245
124,115,239
123,112,235
121,106,227
123,101,224
120,101,221
122,98,220
122,94,216
123,108,231
126,113,239
126,118,244
127,122,249
121,122,243
125,119,244
123,117,240
125,116,241
121,112,233
115,112,227
122,110,232
122,108,230
120,112,232
121,110,231
121,104,225
123,107,230
115,101,216
124,100,224
118,98,216
115,106,221
121,101,222
121,99,220
124,95,219
116,93,209
123,89,212
119,89,208
116,95,211
122,93,215
121,97,218
127,100,227
129,96,225
129,95,224
130,110,240
121,107,228
128,102,230
124,103,227
116,103,219
124,121,245
120,126,246
121,118,239
126,115,241
116,111,227
121,100,221
124,98,222
127,97,224
130,85,215
131,79,210
130,98,228
121,101,222
119,113,232
121,131,252
123,143,266
125,146,271
123,146,269
120,150,270
127,188,315
120,208,328
115,220,335
124,234,358
162,209,371
200,180,380
232,164,396
213,185,398
189,186,375
162,191,353
175,179,354
172,153,325
199,133,332
200,105,305
211,126,337
187,144,331
189,139,328
174,151,325
188,132,320
168,122,290
214,160,374
216,148,364
225,136,361
187,144,331
181,109,290
184,127,311
202,129,331
206,94,300
193,87,280
162,80,242
127,106,233
127,112,239
118,118,236
127,118,245
124,115,239
126,109,235
122,107,229
121,105,226
123,100,223
122,97,219
116,93,209
111,88,199
111,95,206
121,93,214
122,106,228
121,120,241
112,135,247
118,157,275
124,171,295
127,178,305
123,182,305
114,178,292
154,146,300
156,138,294
153,152,305
124,293,417
124,310,434
120,340,460
202,263,465
300,164,464
315,146,461
207,124,331
156,110,266
157,96,253
152,114,266
147,111,258
135,111,246
139,117,256
137,111,248
140,113,253
127,98,225
145,95,240
135,87,222
127,98,225
144,102,246
133,105,238
147,87,234
145,106,251
145,104,249
142,103,245
144,97,241
155,115,270
144,120,264
152,111,263
151,107,258
157,92,249
151,103,254
149,104,253
136,104,240
135,100,235
125,102,227
134,98,232
136,97,233
139,108,247
157,91,248
154,81,235
148,108,256
128,119,247
137,113,250
139,102,241
138,89,227
142,114,256
146,109,255
147,102,249
158,102,260
151,120,271
154,113,267
142,102,244
150,92,242
158,108,266
160,95,255
158,110,268
154,94,248
154,107,261
155,94,249
150,105,255
151,99,250
151,91,242
153,108,261
154,94,248
157,105,262
151,94,245
152,105,257
151,94,245
150,104,254
150,93,243
149,106,255
149,94,243
150,104,254
151,94,245
150,108,258
152,95,247
151,107,258
150,94,244
150,108,258
152,94,246
150,108,258
150,94,244
150,111,261
150,95,245
147,91,238
146,108,254
150,97,247
153,108,261
149,95,244
149,108,257
152,96,248
150,107,257
149,101,250
150,120,270
153,134,287
151,143,294
154,151,305
180,135,315
183,158,341
184,148,332
181,154,335
222,142,364
238,134,372
218,141,359
176,148,324
158,141,299
184,136,320
210,136,346
191,155,346
215,147,362
210,124,334
224,154,378
222,138,360
204,141,345
190,142,332
165,137,302
166,144,310
160,158,318
143,165,308
154,148,302
178,116,294
182,117,299
168,149,317
181,117,298
186,135,321
162,137,299
135,146,281
134,160,294
129,145,274
158,143,301
143,153,296
116,156,272
125,156,281
114,164,278
116,191,307
107,206,313
118,220,338
121,231,352
159,197,356
169,199,368
161,181,342
151,171,322
147,165,312
139,174,313
132,179,311
122,189,311
118,197,315
140,179,319
156,196,352
137,210,347
128,210,338
142,214,356
178,183,361
171,169,340
214,133,347
184,131,315
187,123,310
151,113,264
137,104,241
150,155,305
163,138,301
170,126,296
139,121,260
99,115,214
124,116,240
106,90,196
148,106,254
141,129,270
141,133,274
186,90,276
197,104,301
182,129,311
154,120,274
158,103,261
151,116,267
138,102,240
152,93,245
136,111,247
159,89,248
156,116,272
158,124,282
151,116,267
147,111,258
147,103,250
150,105,255
164,87,251
153,78,231
145,156,301
110,176,286
120,178,298
136,191,327
110,197,307
140,197,337
127,186,313
157,160,317
156,162,318
139,162,301
123,158,281
136,157,293
117,162,279
130,155,285
128,148,276
132,136,268
134,126,260
114,117,231
145,100,245
158,113,271
149,116,265
155,122,277
175,116,291
204,97,301
185,90,275
135,134,269
129,149,278
138,153,291
126,148,274
126,129,255
129,125,254
132,120,252
111,115,226
125,108,233
125,106,231
128,105,233
129,107,236
128,107,235
128,104,232
127,104,231
114,106,220
122,116,238
125,109,234
128,108,236
114,110,224
104,104,208
131,199,330
259,156,415
277,151,428
269,155,424
149,158,307
121,148,269
158,145,303
162,145,307
155,143,298
153,147,300
148,152,300
152,178,330
181,159,340
201,146,347
214,135,349
192,125,317
172,131,303
183,124,307
209,130,339
214,135,349
179,150,329
150,171,321
152,169,321
173,156,329
181,141,322
195,126,321
193,116,309
185,102,287
162,96,258
153,82,235
142,91,233
136,85,221
132,100,232
140,85,225
138,100,238
142,87,229
139,102,241
143,100,243
140,97,237
133,86,219
136,105,241
150,118,268
166,101,267
165,97,262
129,88,217
129,85,214
128,113,241
130,108,238
129,105,234
130,98,228
123,93,216
126,89,215
122,80,202
131,93,224
128,100,228
131,93,224
128,84,212
132,99,231
141,85,226
148,94,242
132,95,227
130,100,230
126,96,222
131,90,221
138,83,221
121,117,238
151,103,254
176,85,261
175,108,283
143,101,244
128,95,223
130,96,226
125,89,214
134,109,243
140,115,255
136,114,250
131,108,239
120,106,226
121,105,226
122,101,223
120,96,216
122,90,212
122,88,210
120,107,227
122,116,238
120,136,256
125,138,263
126,141,267
130,148,278
148,141,289
156,140,296
160,154,314
156,171,327
158,179,337
153,192,345
147,220,367
137,228,365
148,208,356
147,234,381
188,221,409
182,226,408
210,198,408
189,179,368
225,129,354
215,102,317
212,82,294
175,94,269
146,99,245
132,107,239
146,105,251
158,94,252
158,87,245
133,105,238
141,98,239
144,112,256
154,97,251
160,83,243
163,101,264
136,110,246
135,107,242
132,104,236
129,123,252
152,106,258
157,101,258
162,94,256
137,130,267
164,100,264
160,101,261
152,96,248
122,88,210
126,84,210
118,78,196
119,107,226
122,108,230
120,126,246
119,139,258
129,144,273
136,149,285
145,140,285
139,133,272
140,125,265
129,121,250
127,125,252
120,123,243
119,130,249
126,154,280
125,161,286
127,157,284
121,154,275
125,148,273
125,142,267
126,143,269
123,141,264
118,136,254
127,128,255
130,122,252
130,122,252
126,134,260
127,148,275
135,148,283
148,146,294
149,149,298
162,140,302
158,146,304
164,156,320
155,181,336
154,194,348
148,201,349
163,183,346
197,169,366
232,157,389
231,139,370
209,163,372
180,172,352
175,148,323
210,134,344
217,118,335
197,126,323
180,118,298
169,128,297
191,128,319
208,120,328
208,112,320
201,126,327
182,108,290
166,102,268
152,93,245
137,104,241
151,87,238
146,93,239
150,106,256
157,94,251
162,112,274
160,123,283
137,124,261
132,125,257
124,128,252
132,123,255
130,125,255
123,137,260
131,157,288
135,160,295
137,163,300
144,164,308
141,165,306
173,137,310
186,114,300
200,101,301
174,118,292
163,277,440
175,268,443
220,235,455
234,215,449
222,179,401
204,147,351
218,109,327
218,93,311
189,106,295
169,136,305
140,130,270
140,118,258
137,115,252
136,109,245
136,97,233
130,87,217
137,95,232
124,97,221
119,101,220
131,97,228
110,101,211
139,99,238
129,95,224
131,96,227
115,92,207
129,79,208
141,96,237
134,100,234
130,97,227
124,105,229
122,105,227
126,101,227
130,96,226
115,92,207
117,93,210
125,99,224
124,98,222
129,96,225
133,90,223
131,85,216
138,82,220
133,92,225
127,90,217
127,101,228
131,107,238
137,102,239
136,121,257
139,113,252
136,106,242
129,101,230
118,91,209
128,84,212
128,79,207
125,92,217
119,86,205
123,103,226
128,106,234
127,105,232
126,105,231
129,107,236
129,101,230
124,99,223
133,99,232
138,93,231
140,90,230
126,103,229
125,101,226
137,91,228
135,82,217
127,92,219
124,82,206
126,89,215
134,81,215
133,97,230
130,93,223
129,89,218
132,81,213
129,87,216
132,83,215
132,92,224
126,82,208
130,90,220
133,87,220
126,81,207
132,90,222
125,84,209
135,91,226
131,91,222
128,91,219
128,98,226
129,95,224
141,84,225
139,96,235
132,98,230
122,109,231
127,117,244
128,127,255
129,125,254
131,122,253
131,125,256
134,130,264
126,132,258
115,175,290
126,183,309
130,188,318
142,176,318
136,177,313
156,157,313
176,135,311
178,137,315
176,123,299
166,128,294
193,131,324
200,152,352
207,148,355
179,157,336
174,157,331
187,140,327
210,131,341
226,107,333
197,133,330
162,160,322
145,180,325
142,198,340
147,202,349
155,223,378
154,233,387
152,230,382
161,202,363
188,174,362
186,155,341
177,144,321
158,126,284
148,117,265
145,100,245
135,98,233
131,95,226
127,177,304
141,180,321
196,125,321
198,125,323
200,121,321
136,107,243
142,106,248
131,95,226
146,119,265
146,157,303
141,159,300
144,159,303
169,112,281
170,103,273
160,96,256
135,92,227
139,84,223
133,159,292
143,147,290
174,110,284
171,104,275
101,99,200
125,99,224
123,97,220
124,98,222
122,94,216
121,97,218
125,92,217
124,90,214
121,102,223
118,102,220
122,115,237
122,136,258
121,166,287
155,134,289
150,170,320
138,129,267
159,165,324
141,147,288
154,156,310
151,115,266
159,109,268
122,103,225
124,98,222
126,102,228
123,98,221
117,91,208
122,90,212
116,92,208
123,94,217
121,92,213
128,93,221
125,89,214
118,87,205
122,106,228
129,102,231
129,99,228
130,95,225
114,91,205
122,92,214
122,90,212
120,84,204
128,78,206
128,98,226
119,97,216
126,95,221
126,97,223
128,92,220
127,85,212
125,84,209
121,79,200
120,114,234
119,159,278
122,197,319
150,186,336
168,205,373
135,214,349
152,217,369
152,183,335
178,176,354
171,180,351
136,178,314
135,206,341
149,232,381
152,227,379
108,234,342
166,189,355
198,164,362
158,229,387
126,234,360
121,272,393
133,276,409
181,250,431
251,216,467
229,228,457
224,241,465
175,299,474
147,302,449
201,271,472
171,293,464
282,197,479
241,188,429
203,187,390
163,151,314
181,119,300
183,111,294
175,97,272
163,112,275
162,101,263
156,91,247
157,106,263
152,96,248
155,174,329
201,142,343
219,135,354
245,148,393
193,169,362
226,270,496
318,165,483
326,140,466
306,161,467
226,139,365
223,121,344
231,148,379
222,146,368
233,146,379
235,136,371
214,155,369
213,142,355
201,133,334
201,107,308
187,125,312
214,148,362
211,135,346
198,120,318
176,102,278
158,87,245
160,184,344
157,176,333
189,127,316
189,109,298
127,99,226
151,129,280
160,110,270
174,89,263
175,173,348
161,163,324
187,117,304
182,104,286
122,89,211
154,177,331
158,169,327
185,122,307
185,105,290
118,101,219
154,121,275
155,130,285
158,130,288
156,126,282
146,130,276
142,134,276
131,154,285
133,155,288
146,173,319
148,168,316
170,166,336
184,152,336
215,158,373
162,219,381
222,186,408
212,197,409
227,228,455
289,156,445
233,138,371
221,121,342
152,97,249
163,131,294
157,135,292
147,139,286
138,139,277
139,136,275
147,152,299
160,148,308
153,149,302
155,149,304
149,152,301
161,126,287
193,112,305
193,114,307
168,126,294
140,150,290
140,155,295
147,163,310
157,179,336
148,190,338
136,193,329
137,203,340
156,197,353
197,150,347
224,154,378
248,155,403
238,154,392
229,148,377
199,142,341
188,142,330
172,152,324
197,150,347
213,148,361
233,167,400
228,160,388
254,130,384
251,137,388
235,155,390
164,150,314
222,161,383
220,166,386
209,181,390
213,176,389
222,162,384
214,164,378
208,163,371
198,186,384
207,188,395
209,194,403
211,196,407
214,210,424
211,214,425
215,224,439
198,242,440
195,291,486
194,293,487
191,292,483
188,313,501
237,265,502
202,270,472
261,263,524
145,260,405
195,290,485
243,245,488
182,249,431
241,255,496
206,242,448
231,209,440
208,198,406
259,162,421
245,133,378
246,163,409
244,159,403
238,158,396
254,148,402
205,179,384
214,147,361
241,163,404
258,160,418
232,139,371
217,166,383
217,165,382
209,165,374
235,133,368
218,139,357
211,173,384
168,176,344
159,186,345
186,140,326
188,153,341
184,156,340
122,168,290
135,184,319
148,214,362
151,249,400
150,257,407
149,300,449
185,284,469
217,256,473
245,217,462
275,170,445
253,193,446
215,154,369
223,96,319
226,148,374
225,128,353
190,107,297
203,137,340
179,128,307
163,147,310
163,186,349
163,178,341
235,111,346
232,113,345
239,130,369
188,118,306
176,133,309
171,143,314
162,116,278
170,126,296
186,122,308
167,114,281
165,95,260
158,120,278
159,129,288
150,185,335
132,221,353
151,227,378
172,218,390
185,395,580
160,686,846
196,662,858
211,668,879
609,242,851
622,232,854
585,234,819
204,227,431
198,241,439
189,263,452
173,260,433
173,223,396
201,222,423
214,208,422
202,192,394
207,188,395
215,171,386
264,144,408
267,148,415
243,178,421
180,201,381
236,156,392
277,138,415
279,123,402
229,98,327
180,218,398
224,164,388
219,171,390
217,205,422
140,321,461
133,339,472
173,364,537
239,327,566
215,379,594
306,353,659
231,356,587
309,394,703
250,358,608
250,371,621
268,372,640
321,338,659
297,316,613
347,273,620
292,219,511
203,194,397
244,167,411
206,134,340
219,139,358
212,119,331
199,107,306
190,124,314
174,134,308
183,156,339
200,148,348
202,151,353
226,117,343
202,97,299
154,114,268
123,171,294
121,195,316
173,186,359
229,217,446
228,218,446
211,229,440
198,262,460
153,257,410
163,252,415
215,221,436
231,156,387
272,132,404
173,88,261
184,188,372
113,210,323
169,194,363
193,153,346
201,152,353
181,202,383
235,242,477
201,196,397
173,172,345
174,100,274
221,169,390
248,118,366
226,123,349
244,150,394
193,150,343
221,108,329
205,113,318
217,201,418
197,207,404
247,158,405
266,127,393
188,126,314
182,120,302
160,162,322
153,195,348
160,221,381
216,308,524
332,311,643
342,316,658
303,339,642
160,293,453
295,255,550
245,283,528
240,272,512
235,220,455
249,213,462
278,200,478
242,195,437
226,232,458
206,199,405
204,156,360
198,118,316
201,109,310
162,93,255
149,119,268
137,194,331
244,227,471
257,261,518
332,211,543
307,151,458
272,153,425
256,144,400
224,125,349
190,120,310
143,120,263
125,113,238
133,135,268
146,159,305
180,155,335
231,131,362
236,140,376
191,137,328
158,134,292
159,142,301
167,137,304
167,136,303
155,150,305
149,156,305
151,149,300
172,137,309
183,138,321
184,144,328
190,126,316
193,149,342
212,218,430
263,199,462
309,144,453
313,119,432
200,127,327
172,124,296
149,112,261
160,103,263
163,190,353
240,145,385
259,141,400
272,136,408
197,124,321
168,113,281
159,107,266
153,112,265
150,133,283
156,113,269
172,200,372
194,228,422
173,232,405
243,160,403
248,202,450
275,200,475
262,148,410
244,96,340
149,95,244
171,96,267
136,200,336
139,275,414
192,223,415
197,226,423
251,180,431
260,212,472
305,249,554
368,207,575
334,239,573
369,188,557
312,147,459
282,149,431
233,159,392
206,144,350
155,164,319
159,203,362
125,217,342
149,226,375
185,209,394
187,200,387
148,185,333
154,188,342
130,174,304
150,179,329
142,187,329
137,204,341
123,223,346
157,221,378
178,221,399
184,220,404
162,216,378
199,173,372
206,161,367
200,153,353
163,146,309
159,139,298
184,102,286
185,121,306
188,119,307
162,124,286
155,117,272
149,122,271
162,128,290
161,116,277
160,116,276
152,130,282
151,134,285
161,142,303
155,148,303
139,145,284
163,135,298
181,117,298
166,112,278
154,124,278
134,130,264
134,126,260
123,125,248
117,111,228
131,106,237
134,116,250
98,118,216
124,126,250
123,120,243
124,118,242
157,132,289
187,121,308
194,116,310
170,110,280
159,94,253
159,125,284
154,123,277
150,115,265
164,100,264
157,111,268
158,110,268
160,114,274
162,145,307
185,118,303
187,93,280
180,149,329
151,155,306
156,151,307
203,103,306
185,153,338
213,131,344
187,136,323
183,136,319
160,178,338
201,156,357
245,121,366
225,144,369
195,143,338
194,156,350
198,168,366
200,188,388
218,151,369
227,163,390
234,174,408
249,156,405
258,153,411
268,142,410
234,164,398
225,124,349
202,106,308
185,123,308
153,123,276
154,139,293
184,243,427
292,138,430
301,141,442
280,120,400
165,100,265
166,92,258
160,112,272
150,106,256
144,102,246
141,87,228
144,114,258
151,109,260
145,100,245
147,89,236
143,131,274
146,116,262
148,98,246
151,90,241
141,106,247
142,109,251
149,106,255
151,109,260
142,104,246
143,107,250
146,104,250
148,105,253
148,106,254
140,101,241
145,109,254
158,161,319
177,143,320
180,134,314
198,119,317
181,103,284
193,117,310
167,105,272
165,137,302
167,128,295
155,114,269
166,96,262
161,132,293
168,127,295
170,109,279
168,121,289
162,109,271
164,98,262
159,126,285
163,117,280
192,152,344
210,153,363
221,148,369
239,116,355
215,118,333
189,160,349
194,141,335
196,130,326
203,108,311
166,138,304
207,109,316
200,100,300
183,159,342
168,139,307
199,103,302
205,140,345
197,138,335
185,135,320
152,144,296
139,145,284
130,152,282
123,158,281
125,170,295
101,170,271
127,178,305
131,186,317
125,184,309
120,180,300
146,159,305
151,153,304
147,158,305
130,154,284
130,162,292
130,175,305
124,177,301
115,186,301
123,180,303
191,125,316
194,101,295
204,105,309
159,98,257
149,157,306
150,159,309
143,161,304
140,146,286
123,129,252
183,138,321
212,143,355
232,122,354
208,102,310
191,139,330
159,128,287
155,121,276
172,108,280
159,149,308
164,147,311
159,142,301
198,137,335
206,122,328
201,146,347
214,143,357
214,131,345
225,117,342
201,142,343
207,155,362
226,124,350
226,144,370
243,158,401
229,155,384
239,170,409
219,148,367
197,155,352
212,170,382
199,139,338
210,107,317
219,153,372
199,138,337
175,126,301
150,113,263
110,108,218
146,112,258
142,146,288
166,122,288
175,111,286
175,90,265
152,120,272
153,105,258
162,113,275
159,115,274
156,117,273
174,119,293
159,102,261
169,179,348
163,171,334
153,158,311
141,150,291
109,148,257
147,132,279
169,114,283
190,168,358
192,163,355
197,144,341
168,125,293
184,114,298
199,121,320
188,122,310
164,119,283
157,105,262
163,155,318
188,133,321
163,148,311
170,155,325
132,166,298
131,180,311
130,187,317
126,203,329
129,206,335
141,189,330
160,175,335
168,307,475
160,307,467
134,330,464
254,210,464
304,168,472
321,151,472
204,121,325
168,108,276
174,112,286
159,111,270
160,125,285
137,122,259
150,101,251
144,148,292
152,137,289
175,116,291
198,125,323
179,118,297
184,113,297
161,94,255
170,103,273
162,104,266
151,90,241
150,118,268
152,126,278
156,115,271
158,133,291
165,117,282
181,121,302
184,118,302
164,113,277
163,105,268
158,131,289
147,122,269
148,111,259
155,130,285
156,111,267
186,105,291
180,98,278
150,90,240
130,92,222
121,102,223
123,85,208
142,102,244
143,104,247
130,107,237
122,116,238
113,122,235
116,119,235
167,136,303
171,125,296
162,112,274
160,91,251
146,120,266
152,118,270
157,113,270
145,144,289
179,115,294
196,118,314
190,111,301
167,101,268
153,97,250
147,112,259
136,107,243
149,117,266
146,132,278
151,141,292
160,142,302
168,145,313
165,169,334
162,191,353
171,200,371
190,182,372
190,181,371
178,169,347
162,157,319
144,151,295
136,145,281
121,148,269
128,152,280
120,152,272
129,141,270
132,138,270
123,140,263
119,136,255
121,150,271
130,178,308
118,197,315
166,162,328
174,144,318
178,125,303
166,98,264
159,107,266
144,92,236
155,135,290
154,127,281
151,124,275
163,122,285
180,106,286
197,91,288
182,149,331
150,137,287
158,119,277
150,111,261
135,100,235
136,91,227
140,122,262
146,117,263
152,146,298
181,114,295
198,93,291
192,131,323
164,127,291
150,114,264
160,101,261
153,126,279
158,115,273
144,111,255
149,110,259
153,104,257
154,106,260
150,103,253
145,94,239
142,99,241
153,107,260
150,100,250
150,99,249
139,83,222
146,105,251
149,97,246
138,93,231
133,91,224
136,125,261
167,133,300
172,132,304
176,130,306
137,130,267
124,138,262
119,158,277
115,159,274
124,149,273
136,142,278
135,185,320
124,182,306
129,182,311
137,188,325
146,203,349
139,228,367
133,224,357
152,194,346
181,172,353
189,150,339
174,134,308
154,126,280
166,130,296
198,116,314
215,158,373
220,146,366
195,148,343
167,171,338
144,196,340
152,190,342
182,171,353
189,169,358
199,170,369
175,172,347
183,149,332
198,101,299
206,120,326
189,116,305
124,110,234
119,115,234
123,125,248
114,133,247
124,133,257
128,124,252
119,123,242
133,132,265
132,149,281
126,153,279
123,154,277
141,148,289
158,136,294
164,127,291
173,118,291
151,131,282
135,142,277
126,160,286
117,172,289
128,173,301
134,182,316
135,194,329
125,199,324
120,194,314
147,188,335
154,178,332
159,173,332
146,188,334
138,203,341
137,212,349
147,231,378
151,231,382
162,216,378
183,186,369
195,177,372
183,183,366
182,179,361
213,152,365
232,164,396
262,116,378
230,140,370
233,157,390
218,116,334
198,97,295
188,112,300
138,113,251
153,120,273
150,103,253
144,85,229
151,96,247
141,103,244
146,91,237
151,103,254
151,93,244
155,113,268
158,111,269
163,116,279
177,97,274
172,87,259
160,81,241
133,87,220
123,103,226
123,131,254
127,152,279
134,156,290
138,164,302
123,174,297
127,184,311
115,186,301
125,179,304
147,154,301
140,146,286
150,163,313
131,182,313
128,182,310
121,172,293
134,167,301
127,154,281
136,149,285
131,145,276
115,151,266
118,148,266
127,139,266
128,143,271
127,147,274
121,146,267
125,143,268
124,149,273
117,142,259
108,135,243
136,110,246
182,114,296
173,107,280
163,107,270
133,105,238
113,100,213
114,100,214
119,100,219
124,96,220
126,99,225
126,121,247
138,129,267
145,132,277
143,130,273
131,133,264
119,138,257
125,148,273
129,131,260
138,138,276
133,154,287
126,155,281
126,149,275
122,159,281
125,152,277
128,148,276
104,144,248
130,138,268
125,144,269
126,163,289
119,163,282
145,207,352
279,121,400
289,117,406
284,114,398
161,130,291
185,156,341
192,135,327
186,129,315
146,130,276
126,129,255
105,125,230
138,114,252
132,115,247
132,110,242
108,106,214
108,108,216
123,105,228
111,112,223
117,130,247
96,147,243
118,154,272
124,164,288
126,163,289
126,166,292
122,161,283
124,156,280
115,143,258
122,162,284
93,169,262
116,174,290
124,186,310
125,205,330
127,201,328
118,185,303
167,165,332
179,145,324
166,140,306
136,153,289
120,163,283
103,162,265
118,157,275
126,145,271
129,135,264
104,121,225
122,110,232
136,103,239
103,94,197
121,91,212
115,86,201
113,79,192
126,112,238
121,136,257
134,147,281
141,146,287
137,163,300
133,169,302
132,166,298
120,164,284
122,166,288
135,154,289
139,153,292
147,151,298
130,158,288
126,137,263
153,125,278
152,127,279
146,146,292
132,166,298
127,175,302
138,184,322
149,206,355
159,225,384
154,216,370
160,196,356
169,167,336
187,137,324
180,120,300
161,113,274
146,95,241
141,141,282
149,145,294
146,167,313
121,174,295
136,158,294
146,145,291
148,128,276
143,118,261
124,116,240
131,109,240
126,103,229
120,91,211
139,92,231
137,85,222
116,139,255
145,176,321
220,111,331
226,122,348
204,118,322
147,99,246
132,106,238
129,106,235
96,107,203
128,100,228
131,90,221
135,92,227
119,97,216
101,123,224
121,139,260
131,147,278
123,157,280
103,165,268
129,163,292
123,163,286
135,151,286
157,126,283
158,106,264
151,99,250
129,96,225
130,83,213
136,109,245
139,111,250
143,96,239
155,149,304
167,137,304
159,138,297
142,146,288
96,164,260
128,182,310
123,197,320
124,210,334
129,203,332
136,177,313
158,157,315
188,119,307
181,110,291
180,91,271
162,171,333
159,164,323
145,159,304
153,135,288
99,115,214
141,98,239
162,116,278
159,102,261
156,90,246
156,163,319
150,156,306
145,152,297
151,128,279
101,110,211
140,98,238
161,108,269
157,267,424
155,273,428
163,254,417
180,227,407
242,161,403
245,131,376
248,197,445
248,142,390
232,116,348
211,102,313
122,127,249
155,116,271
160,103,263
161,125,286
148,115,263
159,102,261
160,93,253
147,170,317
159,170,329
148,168,316
178,113,291
126,104,230
154,103,257
124,101,225
122,99,221
122,99,221
122,99,221
122,97,219
121,93,214
121,86,207
122,80,202
122,99,221
123,108,231
123,119,242
122,127,249
120,133,253
102,140,242
116,143,259
123,150,273
127,152,279
132,153,285
136,160,296
132,168,300
131,187,318
127,200,327
128,205,333
124,206,330
164,160,324
209,111,320
220,94,314
187,164,351
140,162,302
150,153,303
135,139,274
115,123,238
158,113,271
173,93,266
170,156,326
162,164,326
147,164,311
165,149,314
139,156,295
158,182,340
138,191,329
126,192,318
132,219,351
153,206,359
177,192,369
185,192,377
171,179,350
148,181,329
136,182,318
192,124,316
204,123,327
201,126,327
133,135,268
107,141,248
119,150,269
124,154,278
120,156,276
132,159,291
124,175,299
131,175,306
120,169,289
120,170,290
129,141,270
160,125,285
164,105,269
160,132,292
170,120,290
169,133,302
158,142,300
171,132,303
196,104,300
161,104,265
151,97,248
130,141,271
160,126,286
154,126,280
158,130,288
130,143,273
112,132,244
131,139,270
144,136,280
136,147,283
130,148,278
139,137,276
122,139,261
134,148,282
132,140,272
133,146,279
135,152,287
118,157,275
125,160,285
124,163,287
110,166,276
95,174,269
129,178,307
135,178,313
128,191,319
159,177,336
150,191,341
156,201,357
127,196,323
124,191,315
155,181,336
154,210,364
144,233,377
128,219,347
151,232,383
177,170,347
202,155,357
260,133,393
240,117,357
191,118,309
182,106,288
166,106,272
178,125,303
161,115,276
160,105,265
154,101,255
142,122,264
136,126,262
157,124,281
143,115,258
141,103,244
128,89,217
142,109,251
139,103,242
149,93,242
137,97,234
143,97,240
134,103,237
125,103,228
120,106,226
125,109,234
111,116,227
118,139,257
114,163,277
124,171,295
112,176,288
126,191,317
130,196,326
132,195,327
138,185,323
189,166,355
238,134,372
238,135,373
174,141,315
119,137,256
129,127,256
139,123,262
136,135,271
129,146,275
119,148,267
132,180,312
147,165,312
147,173,320
137,177,314
128,174,302
128,167,295
109,168,277
145,138,283
146,139,285
156,117,273
156,113,269
140,111,251
118,109,227
119,111,230
103,112,215
125,112,237
117,107,224
101,109,210
128,105,233
120,98,218
125,91,216
105,106,211
125,113,238
100,111,211
138,122,260
131,126,257
111,133,244
119,148,267
122,151,273
128,155,283
129,162,291
135,155,290
133,147,280
139,146,285
119,160,279
110,165,275
110,156,266
130,151,281
124,153,277
109,148,257
122,151,273
124,151,275
125,175,300
122,192,314
135,197,332
135,197,332
136,219,355
171,190,361
175,175,350
206,153,359
204,118,322
197,94,291
184,92,276
142,111,253
95,111,206
125,106,231
115,102,217
120,101,221
107,120,227
125,134,259
121,146,267
122,164,286
115,160,275
128,154,282
123,153,276
117,146,263
109,143,252
122,140,262
117,136,253
96,151,247
123,175,298
107,201,308
124,213,337
126,211,337
141,232,373
147,224,371
176,207,383
190,192,382
216,137,353
201,129,330
198,104,302
182,131,313
181,139,320
172,160,332
165,190,355
150,211,361
193,180,373
181,181,362
205,156,361
217,116,333
187,107,294
169,84,253
151,113,264
156,104,260
143,94,237
138,109,247
141,108,249
117,98,215
137,88,225
138,110,248
145,108,253
129,97,226
146,113,259
154,114,268
148,153,301
178,140,318
172,134,306
164,120,284
125,99,224
169,129,298
145,123,268
160,106,266
130,108,238
134,140,274
119,139,258
159,129,288
152,137,289
137,122,259
152,114,266
151,106,257
143,155,298
165,148,313
164,151,315
124,164,288
117,170,287
127,192,319
123,199,322
99,204,303
138,202,340
172,169,341
190,171,361
178,174,352
145,169,314
126,163,289
144,137,281
149,136,285
148,132,280
122,133,255
121,123,244
111,125,236
124,143,267
131,227,358
273,109,382
277,120,397
254,128,382
175,109,284
179,96,275
182,85,267
137,102,239
142,99,241
143,98,241
139,86,225
141,96,237
148,90,238
142,144,286
131,155,286
144,159,303
168,142,310
164,119,283
173,104,277
151,104,255
152,127,279
169,102,271
176,114,290
178,113,291
167,111,278
162,103,265
158,114,272
159,97,256
163,111,274
169,105,274
157,126,283
164,122,286
168,106,274
174,113,287
183,147,330
195,146,341
225,143,368
224,122,346
211,115,326
160,110,270
139,103,242
144,86,230
113,112,225
148,96,244
129,90,219
125,142,267
150,114,264
156,100,256
172,89,261
138,111,249
141,93,234
146,122,268
165,89,254
165,98,263
169,96,265
126,95,221
135,84,219
142,119,261
144,108,252
149,101,250
144,99,243
129,96,225
115,86,201
146,121,267
135,121,256
134,116,250
120,130,250
122,133,255
126,131,257
131,117,248
139,104,243
141,92,233
138,91,229
134,89,223
135,104,239
152,115,267
160,102,262
171,123,294
156,122,278
149,129,278
130,130,260
114,121,235
131,117,248
150,95,245
149,82,231
135,128,263
127,127,254
145,130,275
138,136,274
122,153,275
137,141,278
132,136,268
132,126,258
118,125,243
125,108,233
128,96,224
124,88,212
106,81,187
119,145,264
138,141,279
134,145,279
133,141,274
121,152,273
138,162,300
148,141,289
145,138,283
152,143,295
128,133,261
133,133,266
134,138,272
127,140,267
127,135,262
125,127,252
131,111,242
121,112,233
133,109,242
117,121,238
123,143,266
130,144,274
172,101,273
197,114,311
193,121,314
157,121,278
129,133,262
127,132,259
125,130,255
129,115,244
144,97,241
149,84,233
133,77,210
132,101,233
128,92,220
131,203,334
129,264,393
168,227,395
191,194,385
237,142,379
216,105,321
175,128,303
225,106,331
178,97,275
169,90,259
139,85,224
129,91,220
121,90,211
121,92,213
119,88,207
119,90,209
122,95,217
120,94,214
125,111,236
122,116,238
116,111,227
124,107,231
123,103,226
124,100,224
119,94,213
123,87,210
123,81,204
123,76,199
116,91,207
121,115,236
122,117,239
124,119,243
120,125,245
120,129,249
123,140,263
125,142,267
124,141,265
126,152,278
121,159,280
122,173,295
128,172,300
122,166,288
139,147,286
150,134,284
157,123,280
148,112,260
137,102,239
138,98,236
143,115,258
147,110,257
149,109,258
151,99,250
137,95,232
142,102,244
140,100,240
148,88,236
145,97,242
136,92,228
148,98,246
143,99,242
144,88,232
150,106,256
148,120,268
143,119,262
137,113,250
135,114,249
152,103,255
166,117,283
189,95,284
165,96,261
151,99,250
120,100,220
116,95,211
124,89,213
125,84,209
116,78,194
122,89,211
120,84,204
117,80,197
123,103,226
115,104,219
127,98,225
129,88,217
128,84,212
123,80,203
114,91,205
123,103,226
122,106,228
111,108,219
121,110,231
121,119,240
124,119,243
119,119,238
118,121,239
124,123,247
122,118,240
122,114,236
122,112,234
123,108,231
117,105,222
120,104,224
123,117,240
113,116,229
121,116,237
120,118,238
117,118,235
122,126,248
122,131,253
122,131,253
124,126,250
123,117,240
131,102,233
140,96,236
133,94,227
120,90,210
120,89,209
124,86,210
120,80,200
113,109,222
121,114,235
125,122,247
124,124,248
122,119,241
127,114,241
126,112,238
120,108,228
117,102,219
121,97,218
123,97,220
119,95,214
128,90,218
126,93,219
126,93,219
114,94,208
121,92,213
121,106,227
130,105,235
127,109,236
129,114,243
119,119,238
124,120,244
122,124,246
121,123,244
123,123,246
124,116,240
119,117,236
124,112,236
121,110,231
120,103,223
122,106,228
121,103,224
122,107,229
122,108,230
125,109,234
127,115,242
124,118,242
124,129,253
115,134,249
115,133,248
124,136,260
125,142,267
123,140,263
129,154,283
142,142,284
140,138,278
138,133,271
124,133,257
118,130,248
126,124,250
129,116,245
124,114,238
121,111,232
118,106,224
124,101,225
123,94,217
125,92,217
119,87,206
123,88,211
120,84,204
124,83,207
128,76,204
129,96,225
124,91,215
126,88,214
129,83,212
124,88,212
126,86,212
129,84,213
118,84,202
126,89,215
124,92,216
126,94,220
120,93,213
115,95,210
128,120,248
136,120,256
141,127,268
135,142,277
122,136,258
127,136,263
127,131,258
117,127,244
119,124,243
124,122,246
120,117,237
116,113,229
122,109,231
125,103,228
117,106,223
124,105,229
113,99,212
122,99,221
118,95,213
122,93,215
120,89,209
121,89,210
123,89,212
121,90,211
120,83,203
128,110,238
131,124,255
130,123,253
126,122,248
125,118,243
127,118,245
126,127,253
123,128,251
125,123,248
120,119,239
121,116,237
124,109,233
120,111,231
120,105,225
124,104,228
123,102,225
120,133,253
115,141,256
124,144,268
137,139,276
138,143,281
142,140,282
129,143,272
126,146,272
121,152,273
125,157,282
123,162,285
125,172,297
123,186,309
122,186,308
116,192,308
157,169,326
175,148,323
184,147,331
157,148,305
131,164,295
137,178,315
147,190,337
151,192,343
160,180,340
159,187,346
145,193,338
130,201,331
132,204,336
164,188,352
193,156,349
192,144,336
166,145,311
132,140,272
133,139,272
140,136,276
142,132,274
131,128,259
127,122,249
126,119,245
122,119,241
119,124,243
125,123,248
126,130,256
128,146,274
118,150,268
132,155,287
128,152,280
154,117,271
165,130,295
189,117,306
186,96,282
184,116,300
171,114,285
158,109,267
152,106,258
145,110,255
147,108,255
146,107,253
145,106,251
141,107,248
145,106,251
145,103,248
143,99,242
151,111,262
155,103,258
163,118,281
165,110,275
163,95,258
161,118,279
166,107,273
155,107,262
152,108,260
140,104,244
140,104,244
156,106,262
153,104,257
163,113,276
152,101,253
158,113,271
164,102,266
154,102,256
149,104,253
143,99,242
144,102,246
143,102,245
137,98,235
148,114,262
152,108,260
155,102,257
150,100,250
145,96,241
147,99,246
145,101,246
140,103,243
141,104,245
142,101,243
140,97,237
140,101,241
146,97,243
148,274,422
303,132,435
311,132,443
315,141,456
158,139,297
154,140,294
143,141,284
147,139,286
148,155,303
150,161,311
150,168,318
156,150,306
172,118,290
195,106,301
186,136,322
179,121,300
172,120,292
167,132,299
190,205,395
245,152,397
235,150,385
231,106,337
164,89,253
165,137,302
144,142,286
188,91,279
183,245,428
242,224,466
273,155,428
302,123,425
213,158,371
175,220,395
259,138,397
285,142,427
243,135,378
187,85,272
183,143,326
205,114,319
182,85,267
172,87,259
130,113,243
133,147,280
181,153,334
211,128,339
204,106,310
182,101,283
130,102,232
132,99,231
115,101,216
118,97,215
117,91,208
117,125,242
112,123,235
135,103,238
148,84,232
155,180,335
120,187,307
225,152,377
284,122,406
283,123,406
206,116,322
132,114,246
145,106,251
141,114,255
142,200,342
124,204,328
157,231,388
219,177,396
219,201,420
228,148,376
198,136,334
179,125,304
187,185,372
175,183,358
213,142,355
178,215,393
167,251,418
123,267,390
171,224,395
186,205,391
187,150,337
203,133,336
202,125,327
148,146,294
148,174,322
137,245,382
246,127,373
276,90,366
260,214,474
145,221,366
200,182,382
229,159,388
192,141,333
174,130,304
202,132,334
210,140,350
222,120,342
196,169,365
191,156,347
237,150,387
242,181,423
264,177,441
250,140,390
299,111,410
255,155,410
273,161,434
240,182,422
239,290,529
172,289,461
129,292,421
203,227,430
277,145,422
252,126,378
187,112,299
169,108,277
155,115,270
182,151,333
175,197,372
211,183,394
236,118,354
202,110,312
210,145,355
132,163,295
175,110,285
220,163,383
206,172,378
203,140,343
192,134,326
173,173,346
129,173,302
130,178,308
176,129,305
175,142,317
170,136,306
141,180,321
145,173,318
153,151,304
166,152,318
173,144,317
168,110,278
172,115,287
217,134,351
176,176,352
209,172,381
177,185,362
185,173,358
202,139,341
167,144,311
142,178,320
149,164,313
164,200,364
172,180,352
165,174,339
160,151,311
174,138,312
182,127,309
169,86,255
169,117,286
122,137,259
135,125,260
173,91,264
169,126,295
108,128,236
160,122,282
189,115,304
200,111,311
190,110,300
172,112,284
160,108,268
170,123,293
146,138,284
149,130,279
147,128,275
136,121,257
139,110,249
142,90,232
135,84,219
137,96,233
128,91,219
122,115,237
134,119,253
133,116,249
143,111,254
132,107,239
117,101,218
140,87,227
135,94,229
146,100,246
132,102,234
141,93,234
120,147,267
155,156,311
152,149,301
162,163,325
157,154,311
169,136,305
181,146,327
205,156,361
232,131,363
236,158,394
223,140,363
216,143,359
196,125,321
161,140,301
176,114,290
166,105,271
151,102,253
126,96,222
129,98,227
134,166,300
175,148,323
194,145,339
178,150,328
132,150,282
136,159,295
143,152,295
140,158,298
132,177,309
126,198,324
127,195,322
144,204,348
142,219,361
155,220,375
158,211,369
171,189,360
165,175,340
161,155,316
155,151,306
160,138,298
142,124,266
151,118,269
150,148,298
176,131,307
169,142,311
162,136,298
136,135,271
150,112,262
170,99,269
169,114,283
153,109,262
141,108,249
137,105,242
117,99,216
141,89,230
130,90,220
128,114,242
137,109,246
136,99,235
143,89,232
137,81,218
134,101,235
130,107,237
136,96,232
129,103,232
131,105,236
120,117,237
136,114,250
128,115,243
123,117,240
127,119,246
141,105,246
142,107,249
129,111,240
119,109,228
129,104,233
137,107,244
135,108,243
150,115,265
169,116,285
166,100,266
178,137,315
160,134,294
164,118,282
167,99,266
157,129,286
149,123,272
150,107,257
159,100,259
145,88,233
129,97,226
139,88,227
139,130,269
138,130,268
144,125,269
164,109,273
150,157,307
185,138,323
168,137,305
166,138,304
126,158,284
128,173,301
125,170,295
136,161,297
129,155,284
135,119,254
158,112,270
144,108,252
118,104,222
133,91,224
150,125,275
150,132,282
143,128,271
141,133,274
135,144,279
125,144,269
129,146,275
132,152,284
129,146,275
130,145,275
133,152,285
125,144,269
152,113,265
182,123,305
188,130,318
166,124,290
145,132,277
133,132,265
127,138,265
149,120,269
150,135,285
158,124,282
146,143,289
141,159,300
124,163,287
121,165,286
117,182,299
122,189,311
118,185,303
118,198,316
155,173,328
177,146,323
178,135,313
158,138,296
125,137,262
121,153,274
120,152,272
121,149,270
131,140,271
131,136,267
113,132,245
123,124,247
124,127,251
127,126,253
112,131,243
124,131,255
129,123,252
138,116,254
140,145,285
126,152,278
126,144,270
133,140,273
133,138,271
120,154,274
122,171,293
123,193,316
124,194,318
123,185,308
140,166,306
163,143,306
169,134,303
156,126,282
150,108,258
151,94,245
157,109,266
171,110,281
163,121,284
161,131,292
118,133,251
119,135,254
122,133,255
131,138,269
127,140,267
128,144,272
133,151,284
135,148,283
119,175,294
124,193,317
123,191,314
130,196,326
140,197,337
135,187,322
146,188,334
147,196,343
135,204,339
140,214,354
133,224,357
156,188,344
191,156,347
205,136,341
174,125,299
115,114,229
126,107,233
122,102,224
116,95,211
120,89,209
122,101,223
124,104,228
128,98,226
136,92,228
140,87,227
127,91,218
135,105,240
126,105,231
133,101,234
141,133,274
145,130,275
154,111,265
142,103,245
126,96,222
120,87,207
123,97,220
134,90,224
134,81,215
129,133,262
152,114,266
166,104,270
176,87,263
138,87,225
131,87,218
124,103,227
126,110,236
113,111,224
115,107,222
120,110,230
124,109,233
121,120,241
123,118,241
134,105,239
136,106,242
123,101,224
132,96,228
128,95,223
123,96,219
122,101,223
124,94,218
137,114,251
140,138,278
126,148,274
113,155,268
127,149,276
127,156,283
131,155,286
128,141,269
165,97,262
185,112,297
179,115,294
192,117,309
186,108,294
189,119,308
166,109,275
161,97,258
150,88,238
141,123,264
143,110,253
147,114,261
139,115,254
144,101,245
146,106,252
130,103,233
129,100,229
129,91,220
115,85,200
122,86,208
115,87,202
119,89,208
113,89,202
124,86,210
121,83,204
123,185,308
270,108,378
283,126,409
302,115,417
151,120,271
140,121,261
128,122,250
127,121,248
121,125,246
129,113,242
126,109,235
133,108,241
125,105,230
126,99,225
126,96,222
133,128,261
134,139,273
134,131,265
134,132,266
127,116,243
143,112,255
144,103,247
119,99,218
114,103,217
116,132,248
152,113,265
168,101,269
171,108,279
147,118,265
196,106,302
194,105,299
194,102,296
170,103,273
131,111,242
129,111,240
129,114,243
134,120,254
132,122,254
133,131,264
125,142,267
128,148,276
132,143,275
146,152,298
149,154,303
143,156,299
132,164,296
131,167,298
126,166,292
132,172,304
122,173,295
125,176,301
127,180,307
121,193,314
150,176,326
156,190,346
154,191,345
125,196,321
140,172,312
167,151,318
178,155,333
184,127,311
152,117,269
171,106,277
127,105,232
138,102,240
119,110,229
119,118,237
120,113,233
123,113,236
121,123,244
122,131,253
113,139,252
128,139,267
135,136,271
136,137,273
138,127,265
136,124,260
129,136,265
122,136,258
117,133,250
124,136,260
117,145,262
107,145,252
115,143,258
130,144,274
143,145,288
132,152,284
145,152,297
149,279,428
169,291,460
137,301,438
196,247,443
241,205,446
199,182,381
214,176,390
166,167,333
144,170,314
130,170,300
139,157,296
137,155,292
167,132,299
163,113,276
182,96,278
154,108,262
148,104,252
152,112,264
166,145,311
190,125,315
197,106,303
161,102,263
149,118,267
134,112,246
120,112,232
137,110,247
128,116,244
126,125,251
114,152,266
128,154,282
130,160,290
130,154,284
147,145,292
146,151,297
146,146,292
135,147,282
143,143,286
139,141,280
143,158,301
131,160,291
129,157,286
128,151,279
132,138,270
126,143,269
132,143,275
122,140,262
159,119,278
184,99,283
181,99,280
145,103,248
120,135,255
148,119,267
182,128,310
195,110,305
167,99,266
184,108,292
156,100,256
157,102,259
158,124,282
160,116,276
164,100,264
159,103,262
144,122,266
140,116,256
188,138,326
203,107,310
230,122,352
182,107,289
167,119,286
167,101,268
159,128,287
167,111,278
165,100,265
170,132,302
159,114,273
166,101,267
170,158,328
150,146,296
167,126,293
159,120,279
139,100,239
157,123,280
165,110,275
163,100,263
164,139,303
156,123,279
166,106,272
164,121,285
155,103,258
172,136,308
170,120,290
164,104,268
165,133,298
160,121,281
167,117,284
162,108,270
137,103,240
156,114,270
153,103,256
156,120,276
158,107,265
158,115,273
165,103,268
154,121,275
158,106,264
159,114,273
165,103,268
150,90,240
160,125,285
158,113,271
166,98,264
163,146,309
158,128,286
164,112,276
158,98,256
144,116,260
168,99,267
169,141,310
166,126,292
152,119,271
168,100,268
160,137,297
176,120,296
170,105,275
167,134,301
173,131,304
173,128,301
195,106,301
182,120,302
188,116,304
158,109,267
151,99,250
131,97,228
112,103,215
126,97,223
123,99,222
140,118,258
146,108,254
149,106,255
141,98,239
138,130,268
144,122,266
138,114,252
156,127,283
159,158,317
200,126,326
207,109,316
194,143,337
166,138,304
175,108,283
184,109,293
169,133,302
154,131,285
185,145,330
196,161,357
239,121,360
221,140,361
226,106,332
174,95,269
176,95,271
142,101,243
141,95,236
128,84,212
129,78,207
122,106,228
116,145,261
118,156,274
122,161,283
128,165,293
100,175,275
114,188,302
106,196,302
117,200,317
155,167,322
171,166,337
183,157,340
149,149,298
155,148,303
140,169,309
132,175,307
127,183,310
123,173,296
134,157,291
139,154,293
132,148,280
142,137,279
162,109,271
168,87,255
165,163,328
156,156,312
135,152,287
184,113,297
133,113,246
164,130,294
144,139,283
120,146,266
140,137,277
149,132,281
140,138,278
128,145,273
123,178,301
121,208,329
134,214,348
179,167,346
189,151,340
197,139,336
167,137,304
176,122,298
155,121,276
152,116,268
140,119,259
135,145,280
132,156,288
128,173,301
124,186,310
128,180,308
128,188,316
148,176,324
156,203,359
140,233,373
141,268,409
123,269,392
188,230,418
202,256,458
238,237,475
235,184,419
255,157,412
232,153,385
184,160,344
177,167,344
141,165,306
131,157,288
171,144,315
183,131,314
182,126,308
174,113,287
144,128,272
165,117,282
146,107,253
157,123,280
173,129,302
186,121,307
181,121,302
176,97,273
162,117,279
147,107,254
145,103,248
136,114,250
136,165,301
189,123,312
187,119,306
187,119,306
137,111,248
147,110,257
149,110,259
154,106,260
162,135,297
163,133,296
186,139,325
207,123,330
203,115,318
179,137,316
178,118,296
196,147,343
221,118,339
194,116,310
182,122,304
137,128,265
114,135,249
137,138,275
126,147,273
136,151,287
136,148,284
168,142,310
179,139,318
175,136,311
153,139,292
143,144,287
139,149,288
150,141,291
152,133,285
159,124,283
148,118,266
167,97,264
168,118,286
175,128,303
164,124,288
152,131,283
128,151,279
123,157,280
119,161,280
135,188,323
145,202,347
136,215,351
142,203,345
139,194,333
163,153,316
187,129,316
203,133,336
169,145,314
154,137,291
145,118,263
169,136,305
176,134,310
172,130,302
154,112,266
155,134,289
199,96,295
200,143,343
174,127,301
158,116,274
154,96,250
144,123,267
163,130,293
147,131,278
150,136,286
147,132,279
163,120,283
170,105,275
164,128,292
180,121,301
165,129,294
155,132,287
139,151,290
131,171,302
125,173,298
128,177,305
112,183,295
147,165,312
153,156,309
190,119,309
195,99,294
198,95,293
159,103,262
139,106,245
141,114,255
160,177,337
190,156,346
199,155,354
180,146,326
143,129,272
158,125,283
182,123,305
188,144,332
181,172,353
156,183,339
129,194,323
125,205,330
117,220,337
142,204,346
163,204,367
178,177,355
181,167,348
167,179,346
143,201,344
113,223,336
136,213,349
141,218,359
188,171,359
193,148,341
199,128,327
181,109,290
161,189,350
240,201,441
323,147,470
342,126,468
281,94,375
192,112,304
174,102,276
162,113,275
160,100,260
161,111,272
153,102,255
143,91,234
133,113,246
142,134,276
148,137,285
141,142,283
149,136,285
143,131,274
137,121,258
151,105,256
158,148,306
163,140,303
156,131,287
141,120,261
129,111,240
149,100,249
154,103,257
149,113,262
154,132,286
167,126,293
202,104,306
185,111,296
184,118,302
155,126,281
161,130,291
138,159,297
134,171,305
116,182,298
125,177,302
138,163,301
123,182,305
150,173,323
129,175,304
145,180,325
129,187,316
130,198,328
124,201,325
143,206,349
153,213,366
156,195,351
155,188,343
159,169,328
185,121,306
196,105,301
182,96,278
152,112,264
144,119,263
144,111,255
139,128,267
134,141,275
135,141,276
133,151,284
137,135,272
166,120,286
177,117,294
170,110,280
148,140,288
172,119,291
166,118,284
159,117,276
120,116,236
134,104,238
127,90,217
138,91,229
126,98,224
124,105,229
138,120,258
132,138,270
131,137,268
126,312,438
126,337,463
133,336,469
132,333,465
303,176,479
328,136,464
329,112,441
187,96,283
173,144,317
161,148,309
161,135,296
155,126,281
127,128,255
128,111,239
143,103,246
144,91,235
143,118,261
152,111,263
154,103,257
147,92,239
130,84,214
129,113,242
139,134,273
164,120,284
170,118,288
159,123,282
173,124,297
175,119,294
173,110,283
151,97,248
150,93,243
144,94,238
133,99,232
122,98,220
125,96,221
131,98,229
136,108,244
138,111,249
133,107,240
143,95,238
148,84,232
145,140,285
135,157,292
139,149,288
128,153,281
120,170,290
142,174,316
141,171,312
156,161,317
152,152,304
145,154,299
150,149,299
143,138,281
152,154,306
136,160,296
123,157,280
136,153,289
136,151,287
112,154,266
130,154,284
118,152,270
126,151,277
131,145,276
142,132,274
132,131,263
136,134,270
118,129,247
117,133,250
143,110,253
157,106,263
165,105,270
152,91,243
149,98,247
141,102,243
122,106,228
144,96,240
135,100,235
135,97,232
132,100,232
125,102,227
131,110,241
123,117,240
138,108,246
141,111,252
125,131,256
114,142,256
121,148,269
124,152,276
125,159,284
124,157,281
129,153,282
145,121,266
160,109,269
139,117,256
124,121,245
124,119,243
127,129,256
127,150,277
124,169,293
115,170,285
120,162,282
129,168,297
119,167,286
118,159,277
123,164,287
140,143,283
121,141,262
137,139,276
133,147,280
119,157,276
132,153,285
142,157,299
165,146,311
163,129,292
168,117,285
152,112,264
140,110,250
132,112,244
111,123,234
134,143,277
146,152,298
136,165,301
147,178,325
138,195,333
140,189,329
141,180,321
150,163,313
140,159,299
150,153,303
135,145,280
124,159,283
127,162,289
130,160,290
122,154,276
141,144,285
131,147,278
119,150,269
116,149,265
144,143,287
128,139,267
125,133,258
123,132,255
107,129,236
115,126,241
124,123,247
125,121,246
124,117,241
151,148,299
178,134,312
187,124,311
176,144,320
192,117,309
211,93,304
194,130,324
158,131,289
151,128,279
152,120,272
134,128,262
129,154,283
124,167,291
133,161,294
147,156,303
168,129,297
184,110,294
179,140,319
183,111,294
170,106,276
143,105,248
123,122,245
120,146,266
125,152,277
151,149,300
170,139,309
162,137,299
147,139,286
143,130,273
134,150,284
132,164,296
129,189,318
118,201,319
125,205,330
130,198,328
154,189,343
154,189,343
149,186,335
156,174,330
165,158,323
172,149,321
146,139,285
128,132,260
133,120,253
131,113,244
144,103,247
148,87,235
153,152,305
165,147,312
155,146,301
145,140,285
120,116,236
151,111,262
148,102,250
130,94,224
145,91,236
142,96,238
142,170,312
128,178,306
165,166,331
158,157,315
118,158,276
128,158,286
97,178,275
128,195,323
137,194,331
127,197,324
129,199,328
172,156,328
179,127,306
225,109,334
191,114,305
176,115,291
162,110,272
160,109,269
145,109,254
142,102,244
132,104,236
150,128,278
159,122,281
163,113,276
162,93,255
153,131,284
170,157,327
191,132,323
195,121,316
187,110,297
184,108,292
171,109,280
148,105,253
148,129,277
164,113,277
179,123,302
195,170,365
177,161,338
187,140,327
162,128,290
150,110,260
172,87,259
139,94,233
122,118,240
140,111,251
143,103,246
158,112,270
154,128,282
167,119,286
176,143,319
198,125,323
190,123,313
180,106,286
164,98,262
171,104,275
159,104,263
157,100,257
152,108,260
158,136,294
175,109,284
179,104,283
167,135,302
192,126,318
201,113,314
194,120,314
173,140,313
189,122,311
194,114,308
164,111,275
154,121,275
158,130,288
155,121,276
150,111,261
147,101,248
163,133,296
176,123,299
175,124,299
174,116,290
158,99,257
161,94,255
155,112,267
150,113,263
164,133,297
164,123,287
165,129,294
156,129,285
186,170,356
208,166,374
202,161,363
177,163,340
131,147,278
172,136,308
168,138,306
166,140,306
145,134,279
150,134,284
151,134,285
149,127,276
152,126,278
148,139,287
146,134,280
145,136,281
152,132,284
151,134,285
153,136,289
145,133,278
138,136,274
140,141,281
144,136,280
151,139,290
155,144,299
155,152,307
163,150,313
171,155,326
171,159,330
166,168,334
166,161,327
166,159,325
167,147,314
171,137,308
162,143,305
158,133,291
146,134,280
145,141,286
147,138,285
148,138,286
145,138,283
140,140,280
142,142,284
147,134,281
148,137,285
144,139,283
143,133,276
148,133,281
149,135,284
150,135,285
148,139,287
148,143,291
141,147,288
160,134,294
158,138,296
159,140,299
141,139,280
144,138,282
143,142,285
148,148,296
144,158,302
145,167,312
175,142,317
188,135,323
197,139,336
173,149,322
160,163,323
140,167,307
126,178,304
142,169,311
155,159,314
141,159,300
135,163,298
121,160,281
126,148,274
137,136,273
118,138,256
100,152,252
126,173,299
124,184,308
138,173,311
133,175,308
127,177,304
156,131,287
190,108,298
199,138,337
189,118,307
184,103,287
183,280,463
314,136,450
314,129,443
322,116,438
169,104,273
171,150,321
190,127,317
204,133,337
216,109,325
201,118,319
180,117,297
146,120,266
120,118,238
124,117,241
141,123,264
137,129,266
146,131,277
112,138,250
123,153,276
118,166,284
133,176,309
135,194,329
135,204,339
132,196,328
134,202,336
173,167,340
196,144,340
245,129,374
216,132,348
198,131,329
145,134,279
137,138,275
120,143,263
122,156,278
127,172,299
121,164,285
137,159,296
127,185,312
132,199,331
117,208,325
116,218,334
182,154,336
228,114,342
240,123,363
197,110,307
181,141,322
184,146,330
172,136,308
177,118,295
163,115,278
162,103,265
169,120,289
169,129,298
154,138,292
152,162,314
146,158,304
153,163,316
157,184,341
190,186,376
214,169,383
242,130,372
217,100,317
214,134,348
169,121,290
170,124,294
158,117,275
144,126,270
159,176,335
204,121,325
232,116,348
229,130,359
172,302,474
157,293,450
163,291,454
211,251,462
281,156,437
258,156,414
212,161,373
166,160,326
162,141,303
160,129,289
151,112,263
142,115,257
131,117,248
156,120,276
167,122,289
193,107,300
172,114,286
169,133,302
150,140,290
153,152,305
165,154,319
178,144,322
208,115,323
202,104,306
200,145,345
169,140,309
179,130,309
181,115,296
168,162,330
177,144,321
171,123,294
159,111,270
154,99,253
153,120,273
135,132,267
151,111,262
139,108,247
150,158,308
165,130,295
175,121,296
154,114,268
139,108,247
105,131,236
143,148,291
160,143,303
152,149,301
161,135,296
174,114,288
182,127,309
197,126,323
199,153,352
221,133,354
228,183,411
260,133,393
253,117,370
205,119,324
137,116,253
133,117,250
127,127,254
109,129,238
121,134,255
137,122,259
145,113,258
147,112,259
138,112,250
130,117,247
123,114,237
138,116,254
137,126,263
121,145,266
138,150,288
145,149,294
141,143,284
156,131,287
157,121,278
179,132,311
190,116,306
193,105,298
167,90,257
145,117,262
123,137,260
140,131,271
139,134,273
140,139,279
143,143,286
133,142,275
136,144,280
124,136,260
141,138,279
151,123,274
145,114,259
142,108,250
145,156,301
172,139,311
177,121,298
177,109,286
143,108,251
149,145,294
191,124,315
209,96,305
216,126,342
176,117,293
169,120,289
170,104,274
155,104,259
156,98,254
150,122,272
160,109,269
162,99,261
166,152,318
162,136,298
201,162,363
211,163,374
185,155,340
201,199,400
194,168,362
248,145,393
219,146,365
188,147,335
257,129,386
274,169,443
276,141,417
227,141,368
204,150,354
166,139,305
176,156,332
189,161,350
194,163,357
194,149,343
180,148,328
160,146,306
146,158,304
138,166,304
146,157,303
151,161,312
147,159,306
159,171,330
150,205,355
152,238,390
157,229,386
166,238,404
166,247,413
190,238,428
208,217,425
215,217,432
221,209,430
219,190,409
246,155,401
247,143,390
224,147,371
209,161,370
175,171,346
181,173,354
189,169,358
200,158,358
217,151,368
213,150,363
215,139,354
209,161,370
214,136,350
212,118,330
197,108,305
165,116,281
148,115,263
138,123,261
150,125,275
172,119,291
171,127,298
189,166,355
196,195,391
208,208,416
203,226,429
192,260,452
207,275,482
214,275,489
211,261,472
197,258,455
221,228,449
233,209,442
276,186,462
298,165,463
278,183,461
238,197,435
102,197,299
218,153,371
147,226,373
257,167,424
131,137,268
179,242,421
431,219,650
233,231,464
222,219,441
198,200,398
205,200,405
203,201,404
214,211,425
240,217,457
240,216,456
235,205,440
228,203,431
257,188,445
283,166,449
289,203,492
295,158,453
279,156,435
268,137,405
207,198,405
217,197,414
219,177,396
228,128,356
203,142,345
184,115,299
201,154,355
216,137,353
220,197,417
272,163,435
280,133,413
282,173,455
230,219,449
232,199,431
240,172,412
235,147,382
245,136,381
249,143,392
240,147,387
231,166,397
195,198,393
152,208,360
157,201,358
155,206,361
198,164,362
215,140,355
250,132,382
197,120,317
172,131,303
173,136,309
179,127,306
201,110,311
184,107,291
158,130,288
157,130,287
152,128,280
140,134,274
129,135,264
138,122,260
144,123,267
142,147,289
139,181,320
155,166,321
160,158,318
174,130,304
169,116,285
164,109,273
160,113,273
175,106,281
162,101,263
162,125,287
153,137,290
143,144,287
138,148,286
118,152,270
150,139,289
151,141,292
164,140,304
140,150,290
162,136,298
162,133,295
191,108,299
179,103,282
169,117,286
149,122,271
150,127,277
144,138,282
136,160,296
130,170,300
129,199,328
133,206,339
130,220,350
141,212,353
187,181,368
191,193,384
172,202,374
144,218,362
152,210,362
144,211,355
175,173,348
178,153,331
186,156,342
173,142,315
179,115,294
205,146,351
207,130,337
198,122,320
189,154,343
203,127,330
215,110,325
215,100,315
168,103,271
140,103,243
141,160,301
163,142,305
183,124,307
199,153,352
202,143,345
235,142,377
241,132,373
205,140,345
176,152,328
146,142,288
148,141,289
150,142,292
152,154,306
151,171,322
153,184,337
155,178,333
165,181,346
163,188,351
158,206,364
149,197,346
154,180,334
149,182,331
168,175,343
183,193,376
200,194,394
188,192,380
173,217,390
158,212,370
144,207,351
136,200,336
182,156,338
197,137,334
196,132,328
181,110,291
176,144,320
199,141,340
190,138,328
209,102,311
184,181,365
215,157,372
205,144,349
186,154,340
133,171,304
151,183,334
159,188,347
163,188,351
162,202,364
161,203,364
149,196,345
165,183,348
162,180,342
154,178,332
152,195,347
153,201,354
160,201,361
157,215,372
156,222,378
167,212,379
177,223,400
166,224,390
168,218,386
167,215,382
187,197,384
183,197,380
172,198,370
148,205,353
145,221,366
154,219,373
171,222,393
161,242,403
180,226,406
167,227,394
196,200,396
189,174,363
190,160,350
180,148,328
177,132,309
177,113,290
187,192,379
217,170,387
230,147,377
199,145,344
130,147,277
140,157,297
142,175,317
142,209,351
148,224,372
151,237,388
179,300,479
340,165,505
377,178,555
366,179,545
180,190,370
220,168,388
215,186,401
224,189,413
234,156,390
264,114,378
247,178,425
238,153,391
233,134,367
214,139,353
151,149,300
145,157,302
153,162,315
165,152,317
166,178,344
167,181,348
200,159,359
190,157,347
188,163,351
145,149,294
156,134,290
163,119,282
167,100,267
170,163,333
173,155,328
197,120,317
195,146,341
167,111,278
195,191,386
225,191,416
213,199,412
284,113,397
234,132,366
255,125,380
182,128,310
167,540,707
168,530,698
192,506,698
202,478,680
498,150,648
375,111,486
216,158,374
223,146,369
217,140,357
219,157,376
217,142,359
218,139,357
215,134,349
204,147,351
213,157,370
210,156,366
198,159,357
178,162,340
195,150,345
211,126,337
224,146,370
220,174,394
221,185,406
251,147,398
235,136,371
257,131,388
192,123,315
207,109,316
165,107,272
124,113,237
138,120,258
122,129,251
122,137,259
125,141,266
125,154,279
129,163,292
130,166,296
131,170,301
127,189,316
126,212,338
123,232,355
141,238,379
176,224,400
207,217,424
218,209,427
212,202,414
215,191,406
215,183,398
215,173,388
215,165,380
212,155,367
214,147,361
216,137,353
217,159,376
219,151,370
217,152,369
213,151,364
212,130,342
199,126,325
189,109,298
173,159,332
199,141,340
188,166,354
171,234,405
163,209,372
194,184,378
237,162,399
204,189,393
151,208,359
137,209,346
164,190,354
179,178,357
172,195,367
156,211,367
148,208,356
150,201,351
156,196,352
191,205,396
193,195,388
187,196,383
176,174,350
223,114,337
240,158,398
251,135,386
211,174,385
187,246,433
128,272,400
160,247,407
181,230,411
214,199,413
201,185,386
133,185,318
162,191,353
140,192,332
146,219,365
143,212,355
146,204,350
183,172,355
211,131,342
230,113,343
189,108,297
184,94,278
162,97,259
148,96,244
136,111,247
141,100,241
143,130,273
169,104,273
177,183,360
191,202,393
246,185,431
289,155,444
238,147,385
185,151,336
133,157,290
124,175,299
138,191,329
138,204,342
133,219,352
141,218,359
142,210,352
186,167,353
179,158,337
183,157,340
152,153,305
140,160,300
162,165,327
186,194,380
246,167,413
244,164,408
229,148,377
187,142,329
201,121,322
208,120,328
211,133,344
201,138,339
194,155,349
216,133,349
215,118,333
193,132,325
171,149,320
163,160,323
177,142,319
215,175,390
220,173,393
240,126,366
200,125,325
167,120,287
185,174,359
202,183,385
224,146,370
209,186,395
195,179,374
201,180,381
201,217,418
238,186,424
188,209,397
189,244,433
136,242,378
166,215,381
180,192,372
221,146,367
202,138,340
178,174,352
162,161,323
175,185,360
189,169,358
227,116,343
222,178,400
247,164,411
229,157,386
201,155,356
154,134,288
167,118,285
172,111,283
175,117,292
181,116,297
172,205,377
207,179,386
201,178,379
228,198,426
180,198,378
139,215,354
217,165,382
223,152,375
230,138,368
201,176,377
225,153,378
246,132,378
208,120,328
142,151,293
159,154,313
188,153,341
204,136,340
213,90,303
197,177,374
226,120,346
217,108,325
222,118,340
163,156,319
168,162,330
170,150,320
215,141,356
222,154,376
184,151,335
184,136,320
185,120,305
189,106,295
167,89,256
161,174,335
182,181,363
236,123,359
235,113,348
183,104,287
159,129,288
156,136,292
152,139,291
146,139,285
143,164,307
150,160,310
154,170,324
185,139,324
181,142,323
169,141,310
145,143,288
143,143,286
135,145,280
143,133,276
160,216,376
183,214,397
235,181,416
233,172,405
220,176,396
197,188,385
214,167,381
266,153,419
280,133,413
264,149,413
229,135,364
216,112,328
208,117,325
179,93,272
154,167,321
167,178,345
200,124,324
208,187,395
217,177,394
250,126,376
263,105,368
179,140,319
182,132,314
169,110,279
189,185,374
189,198,387
241,178,419
209,187,396
120,198,318
124,197,321
144,194,338
147,193,340
155,183,338
152,225,377
143,235,378
135,237,372
217,157,374
244,140,384
242,146,388
148,156,304
136,144,280
133,145,278
135,142,277
140,131,271
141,129,270
140,132,272
132,134,266
134,199,333
129,230,359
129,263,392
119,315,434
202,250,452
212,286,498
283,218,501
245,186,431
276,137,413
214,121,335
152,157,309
148,167,315
197,128,325
211,128,339
214,137,351
150,142,292
192,126,318
199,151,350
230,124,354
210,167,377
240,144,384
193,138,331
194,141,335
184,120,304
201,165,366
236,142,378
213,160,373
212,188,400
219,135,354
246,155,401
251,150,401
204,138,342
218,138,356
205,204,409
216,163,379
257,112,369
241,149,390
182,166,348
206,160,366
210,173,383
199,177,376
166,185,351
161,189,350
148,222,370
144,240,384
158,232,390
185,215,400
212,198,410
214,189,403
212,163,375
211,163,374
223,182,405
231,155,386
249,206,455
279,147,426
270,109,379
244,185,429
185,181,366
224,164,388
228,157,385
194,147,341
208,140,348
212,133,345
215,140,355
212,165,377
219,144,363
222,173,395
212,196,408
167,218,385
195,207,402
183,215,398
195,209,404
164,212,376
174,193,367
205,166,371
201,161,362
183,170,353
140,177,317
152,157,309
154,178,332
173,179,352
165,197,362
179,188,367
196,150,346
210,135,345
216,121,337
179,129,308
172,144,316
174,154,328
179,162,341
184,183,367
182,187,369
198,199,397
223,165,388
224,154,378
227,125,352
210,102,312
197,169,366
204,143,347
231,111,342
228,100,328
170,134,304
174,121,295
176,138,314
190,186,376
208,199,407
216,200,416
227,166,393
223,147,370
222,176,398
186,201,387
168,222,390
178,230,408
176,243,419
193,231,424
185,244,429
184,269,453
189,256,445
191,255,446
199,237,436
209,183,392
208,169,377
204,154,358
168,147,315
165,137,302
170,121,291
163,114,277
167,101,268
164,148,312
174,134,308
179,142,321
181,164,345
163,172,335
198,142,340
203,139,342
205,135,340
186,145,331
182,156,338
172,174,346
193,161,354
200,181,381
209,186,395
202,294,496
363,165,528
393,177,570
386,251,637
336,141,477
320,131,451
318,157,475
221,125,346
232,179,411
231,158,389
231,189,420
206,195,401
200,188,388
215,184,399
218,175,393
205,157,362
231,161,392
254,159,413
262,200,462
208,221,429
168,232,400
217,187,404
222,173,395
231,157,388
176,147,323
168,155,323
167,358,525
175,362,537
179,353,532
228,305,533
320,217,537
305,189,494
227,191,418
222,185,407
221,170,391
221,189,410
223,182,405
243,171,414
238,188,426
214,206,420
169,210,379
155,222,377
146,264,410
157,279,436
165,295,460
202,273,475
223,251,474
241,246,487
229,238,467
214,230,444
211,222,433
210,215,425
210,208,418
212,200,412
221,183,404
221,175,396
218,169,387
217,160,377
211,152,363
211,148,359
213,144,357
224,140,364
223,116,339
204,129,333
199,194,393
212,159,371
270,178,448
290,143,433
217,149,366
227,147,374
178,148,326
188,137,325
183,130,313
192,134,326
202,129,331
204,139,343
200,129,329
200,163,363
202,170,372
189,177,366
195,184,379
206,180,386
213,184,397
213,191,404
207,201,408
204,207,411
207,204,411
193,216,409
190,218,408
187,232,419
193,237,430
211,229,440
212,230,442
214,227,441
184,212,396
168,216,384
184,186,370
216,174,390
236,172,408
232,157,389
206,159,365
197,164,361
174,172,346
171,186,357
167,194,361
214,157,371
229,148,377
240,144,384
198,151,349
201,197,398
199,195,394
200,196,396
179,192,371
194,234,428
275,234,509
176,190,366
247,151,398
260,162,422
245,143,388
234,155,389
181,172,353
146,188,334
145,201,346
146,228,374
146,241,387
146,253,399
181,228,409
207,216,423
216,215,431
190,217,407
174,220,394
171,225,396
163,234,397
176,223,399
179,213,392
179,207,386
163,197,360
175,188,363
196,177,373
215,146,361
218,113,331
195,99,294
173,130,303
153,125,278
161,158,319
173,148,321
205,120,325
215,105,320
211,154,365
169,146,315
201,111,312
210,117,327
195,120,315
164,99,263
166,144,310
164,156,320
168,144,312
164,150,314
159,144,303
169,178,347
187,190,377
229,159,388
239,149,388
214,179,393
157,173,330
151,168,319
160,168,328
171,179,350
164,205,369
169,203,372
159,205,364
160,203,363
161,196,357
154,216,370
149,223,372
146,222,368
161,218,379
197,169,366
242,114,356
248,184,432
228,158,386
220,120,340
199,214,413
191,149,340
261,116,377
264,111,375
166,138,304
154,152,306
186,125,311
191,132,323
146,139,285
153,128,281
138,132,270
164,113,277
164,110,274
167,113,280
140,134,274
134,160,294
129,190,319
143,192,335
143,185,328
151,178,329
166,160,326
179,159,338
189,180,369
179,178,357
202,142,344
192,136,328
191,127,318
162,119,281
173,108,281
160,166,326
167,177,344
200,190,390
192,244,436
174,256,430
187,227,414
215,194,409
170,191,361
162,159,321
173,143,316
184,128,312
169,121,290
184,132,316
187,138,325
191,156,347
169,149,318
142,145,287
169,124,293
172,115,287
176,96,272
168,117,285
169,119,288
167,124,291
161,188,349
189,170,359
221,151,372
224,165,389
150,165,315
183,159,342
184,154,338
203,130,333
205,116,321
197,104,301
167,89,256
161,128,289
158,118,276
153,105,258
153,93,246
132,176,308
151,179,330
184,135,319
185,123,308
134,109,243
157,86,243
156,169,325
178,168,346
182,149,331
177,166,343
129,154,283
137,138,275
179,130,309
201,116,317
189,108,297
173,101,274
153,180,333
168,171,339
203,152,355
212,167,379
168,181,349
204,168,372
215,156,371
219,146,365
217,139,356
214,169,383
214,167,381
213,168,381
193,168,361
165,162,327
163,162,325
156,164,320
146,168,314
138,173,311
134,168,302
128,194,322
127,228,355
127,236,363
125,240,365
184,186,370
199,171,370
219,151,370
174,143,317
167,144,311
154,141,295
142,136,278
144,149,293
146,173,319
150,190,340
159,192,351
158,206,364
150,205,355
153,202,355
166,203,369
160,210,370
151,203,354
158,182,340
178,167,345
192,152,344
179,151,330
171,150,321
160,145,305
165,127,292
163,119,282
166,134,300
162,131,293
164,127,291
152,134,286
156,133,289
161,130,291
171,135,306
164,130,294
158,174,332
187,157,344
205,143,348
217,154,371
162,158,320
234,213,447
236,209,445
296,145,441
229,138,367
182,132,314
163,118,281
188,140,328
198,133,331
188,139,327
161,141,302
137,141,278
140,138,278
146,151,297
137,159,296
143,149,292
152,147,299
154,178,332
146,215,361
145,211,356
153,222,375
202,170,372
203,170,373
203,194,397
148,207,355
133,208,341
155,196,351
162,204,366
156,209,365
151,203,354
167,173,340
189,154,343
198,135,333
204,104,308
197,111,308
191,164,355
155,191,346
142,203,345
188,166,354
214,176,390
223,187,410
231,179,410
239,178,417
246,161,407
244,159,403
252,183,435
255,182,437
286,128,414
266,135,401
201,154,355
174,142,316
165,142,307
161,138,299
199,158,357
230,158,388
251,134,385
228,127,355
210,125,335
196,120,316
182,136,318
155,137,292
144,146,290
176,149,325
181,151,332
186,169,355
163,180,343
174,157,331
176,175,351
178,213,391
157,211,368
148,225,373
136,241,377
207,168,375
226,159,385
183,160,343
154,155,309
143,217,360
151,213,364
153,212,365
204,168,372
197,171,368
186,183,369
148,183,331
155,172,327
155,182,337
139,186,325
146,177,323
152,175,327
153,174,327
163,164,327
176,152,328
197,127,324
192,107,299
191,144,335
190,160,350
193,179,372
255,123,378
237,133,370
247,163,410
203,135,338
234,129,363
211,126,337
173,122,295
143,145,288
150,157,307
164,153,317
165,151,316
165,145,310
157,162,319
145,168,313
126,173,299
133,171,304
132,171,303
140,204,344
149,215,364
160,228,388
157,270,427
162,255,417
168,221,389
212,178,390
217,153,370
212,129,341
186,110,296
179,91,270
169,130,299
163,119,282
163,153,316
170,141,311
194,195,389
273,116,389
277,122,399
234,107,341
150,278,428
350,143,493
369,147,516
370,138,508
188,136,324
197,168,365
202,159,361
248,147,395
244,122,366
215,120,335
174,126,300
127,138,265
122,154,276
124,161,285
127,169,296
133,171,304
133,185,318
126,226,352
128,232,360
131,441,572
182,404,586
222,374,596
293,367,660
346,254,600
326,228,554
317,208,525
223,181,404
197,178,375
176,188,364
177,192,369
185,201,386
189,234,423
204,204,408
243,148,391
250,211,461
262,162,424
234,110,344
236,104,340
141,148,289
166,141,307
162,143,305
146,152,298
144,135,279
157,134,291
179,142,321
190,111,301
196,104,300
197,195,392
182,189,371
222,159,381
211,158,369
116,167,283
145,149,294
152,138,290
157,139,296
145,143,288
135,143,278
137,137,274
134,152,286
139,165,304
133,180,313
184,129,313
194,129,323
191,143,334
147,159,306
142,167,309
150,165,315
147,180,327
144,202,346
140,221,361
150,227,377
170,212,382
189,200,389
214,203,417
196,202,398
174,198,372
162,188,350
169,179,348
158,174,332
146,177,323
138,161,299
159,154,313
156,154,310
167,144,311
151,151,302
157,158,315
155,155,310
150,159,309
182,141,323
171,155,326
152,197,349
142,233,375
140,248,388
157,231,388
155,259,414
207,218,425
209,203,412
240,156,396
215,141,356
230,118,348
204,102,306
197,120,317
178,105,283
153,95,248
156,212,368
217,162,379
223,159,382
213,155,368
114,144,258
155,120,275
160,106,266
166,136,302
158,136,294
178,121,299
172,130,302
158,155,313
137,180,317
131,197,328
129,205,334
133,207,340
156,195,351
157,194,351
173,196,369
158,205,363
160,206,366
155,213,368
175,239,414
150,248,398
156,260,416
199,212,411
212,197,409
218,196,414
150,213,363
166,194,360
207,160,367
202,179,381
179,205,384
124,238,362
130,246,376
163,221,384
166,220,386
207,184,391
178,187,365
194,181,375
193,146,339
187,150,337
177,150,327
126,150,276
138,142,280
166,118,284
203,126,329
207,165,372
172,171,343
173,136,309
162,141,303
166,174,340
126,258,384
128,278,406
116,283,399
244,170,414
264,171,435
286,179,465
230,188,418
198,161,359
214,161,375
240,160,400
237,164,401
232,168,400
205,172,377
188,161,349
231,167,398
248,160,408
232,192,424
264,216,480
290,171,461
326,165,491
273,172,445
222,156,378
227,138,365
216,134,350
223,145,368
194,158,352
187,154,341
184,154,338
213,145,358
222,172,394
244,169,413
242,163,405
235,150,385
209,144,353
207,138,345
211,120,331
198,128,326
185,131,316
202,195,397
257,121,378
288,158,446
263,161,424
229,120,349
208,116,324
171,123,294
149,132,281
149,131,280
142,145,287
135,163,298
120,172,292
124,175,299
129,183,312
132,171,303
174,152,326
190,138,328
199,121,320
191,146,337
196,152,348
202,147,349
200,136,336
213,152,365
218,145,363
196,157,353
183,159,342
157,205,362
162,225,387
147,241,388
163,237,400
187,226,413
213,219,432
214,212,426
213,203,416
215,192,407
214,180,394
218,168,386
230,137,367
221,139,360
203,143,346
160,156,316
153,167,320
146,188,334
146,209,355
145,221,366
142,233,375
157,236,393
162,228,390
179,206,385
195,176,371
213,150,363
214,123,337
213,149,362
210,137,347
192,148,340
170,160,330
136,175,311
139,188,327
138,202,340
142,210,352
140,201,341
141,202,343
177,167,344
198,140,338
220,119,339
204,155,359
212,140,352
216,134,350
223,147,370
210,142,352
209,156,365
212,164,376
242,122,364
245,129,374
228,147,375
180,114,294
197,118,315
193,120,313
161,119,280
131,147,278
148,162,310
163,167,330
171,173,344
212,148,360
223,145,368
250,160,410
223,192,415
217,199,416
216,169,385
223,177,400
251,146,397
257,158,415
248,128,376
208,136,344
211,141,352
201,173,374
216,139,355
213,129,342
200,111,311
174,147,321
194,179,373
166,196,362
153,236,389
179,219,398
180,235,415
208,228,436
175,227,402
176,227,403
175,218,393
170,222,392
180,225,405
164,225,389
183,207,390
198,177,375
226,158,384
228,133,361
208,123,331
196,132,328
192,120,312
203,170,373
215,161,376
201,160,361
220,133,353
195,116,311
213,170,383
207,169,376
212,163,375
208,170,378
175,165,340
195,156,351
205,150,355
228,166,394
230,158,388
218,161,379
173,184,357
127,199,326
141,220,361
151,232,383
166,205,371
196,179,375
213,145,358
210,118,328
207,116,323
189,117,306
188,169,357
193,166,359
205,161,366
203,147,350
196,150,346
203,151,354
190,164,354
169,175,344
169,167,336
179,195,374
179,206,385
159,229,388
162,223,385
170,216,386
167,225,392
171,244,415
162,257,419
167,258,425
197,230,427
239,175,414
281,127,408
260,146,406
221,152,373
194,174,368
209,171,380
201,168,369
200,178,378
188,176,364
168,177,345
172,177,349
171,181,352
181,185,366
183,207,390
195,198,393
216,166,382
227,146,373
225,163,388
212,151,363
211,150,361
217,125,342
175,136,311
195,134,329
193,122,315
198,119,317
184,153,337
176,160,336
198,162,360
195,193,388
198,207,405
226,183,409
229,173,402
233,164,397
211,159,370
216,140,356
243,198,441
259,182,441
290,309,599
350,217,567
300,197,497
305,203,508
170,207,377
87,194,281
142,188,330
244,132,376
233,169,402
258,149,407
220,141,361
224,138,362
192,130,322
179,129,308
193,122,315
183,118,301
194,151,345
192,155,347
187,155,342
173,164,337
161,199,360
178,225,403
193,244,437
206,234,440
209,252,461
209,269,478
230,238,468
210,232,442
248,214,462
222,200,422
272,184,456
276,155,431
304,154,458
270,178,448
282,138,420
232,148,380
245,130,375
197,130,327
194,152,346
159,153,312
173,164,337
179,177,356
197,168,365
202,180,382
176,202,378
185,206,391
197,194,391
212,240,452
228,220,448
239,195,434
242,182,424
233,153,386
206,164,370
240,178,418
268,160,428
247,157,404
197,160,357
136,164,300
152,153,305
151,154,305
157,138,295
161,126,287
161,114,275
174,157,331
186,245,431
338,139,477
331,138,469
350,158,508
291,248,539
240,290,530
227,293,520
189,282,471
248,229,477
250,216,466
293,175,468
245,198,443
223,214,437
188,239,427
183,259,442
201,258,459
198,257,455
184,247,431
191,210,401
215,181,396
262,120,382
236,106,342
218,104,322
174,138,312
167,150,317
146,159,305
182,150,332
184,152,336
185,163,348
162,185,347
156,196,352
156,206,362
169,215,384
169,214,383
201,199,400
217,214,431
237,212,449
237,192,429
228,199,427
241,195,436
213,217,430
218,222,440
222,232,454
230,234,464
250,219,469
251,188,439
292,147,439
267,150,417
216,157,373
149,147,296
187,122,309
215,214,429
214,206,420
224,189,413
199,221,420
110,241,351
152,235,387
157,224,381
193,197,390
218,166,384
232,176,408
225,175,400
215,159,374
214,172,386
208,166,374
225,152,377
223,148,371
204,148,352
177,144,321
173,132,305
169,131,300
156,140,296
162,133,295
170,122,292
173,133,306
174,144,318
191,137,328
212,166,378
197,177,374
187,167,354
153,173,326
171,165,336
162,161,323
151,180,331
161,213,374
160,238,398
147,244,391
158,257,415
190,240,430
223,221,444
227,229,456
209,230,439
175,216,391
180,204,384
189,184,373
216,166,382
250,192,442
262,196,458
251,192,443
197,211,408
158,205,363
163,187,350
169,183,352
195,158,353
198,131,329
211,151,362
202,143,345
210,124,334
209,211,420
273,136,409
253,143,396
261,147,408
199,169,368
219,155,374
215,169,384
211,208,419
189,232,421
197,229,426
194,244,438
195,251,446
216,236,452
214,240,454
222,233,455
195,239,434
197,218,415
198,209,407
212,203,415
219,188,407
227,169,396
260,172,432
274,181,455
251,244,495
200,260,460
166,262,428
205,244,449
212,248,460
199,255,454
198,240,438
209,223,432
199,245,444
185,242,427
187,231,418
219,196,415
226,161,387
222,146,368
236,181,417
262,157,419
264,163,427
229,189,418
186,188,374
219,162,381
240,157,397
242,171,413
236,136,372
242,193,435
287,211,498
279,191,470
312,201,513
295,182,477
237,203,440
259,203,462
266,161,427
273,167,440
236,189,425
171,184,355
182,195,377
201,198,399
202,198,400
217,192,409
197,196,393
175,206,381
159,205,364
169,191,360
166,196,362
176,181,357
202,157,359
251,149,400
260,143,403
266,167,433
238,144,382
258,164,422
252,166,418
231,172,403
218,185,403
175,181,356
210,169,379
211,170,381
214,166,380
200,165,365
198,214,412
180,232,412
178,226,404
230,151,381
252,165,417
219,125,344
228,107,335
202,144,346
156,147,303
169,143,312
176,137,313
165,131,296
190,148,338
202,139,341
227,155,382
227,149,376
200,169,369
196,172,368
172,169,341
198,155,353
202,142,344
202,136,338
176,139,315
151,141,292
157,165,322
179,155,334
200,156,356
179,143,322
181,123,304
173,120,293
162,159,321
196,164,360
238,143,381
251,138,389
241,170,411
221,248,469
257,204,461
287,176,463
277,177,454
192,173,365
212,200,412
232,152,384
243,168,411
273,151,424
240,145,385
199,133,332
172,142,314
171,151,322
183,155,338
195,154,349
206,158,364
211,146,357
237,153,390
238,160,398
217,175,392
208,179,387
200,198,398
206,216,422
206,253,459
203,263,466
211,258,469
206,258,464
202,235,437
188,221,409
224,209,433
230,177,407
230,161,391
218,189,407
262,139,401
287,168,455
306,187,493
270,195,465
272,207,479
232,205,437
262,255,517
273,236,509
290,233,523
267,216,483
148,208,356
200,199,399
167,199,366
200,194,394
194,179,373
213,169,382
198,144,342
200,133,333
193,145,338
205,145,350
210,132,342
198,162,360
204,177,381
208,183,391
193,194,387
173,194,367
189,204,393
179,209,388
182,215,397
195,230,425
211,243,454
209,242,451
204,242,446
198,254,452
185,268,453
211,260,471
204,250,454
209,252,461
208,255,463
206,253,459
194,241,435
191,218,409
202,201,403
228,202,430
249,171,420
280,156,436
277,153,430
269,144,413
240,150,390
207,171,378
206,135,341
218,163,381
238,172,410
231,186,417
226,189,415
189,205,394
187,224,411
183,238,421
187,251,438
170,260,430
184,274,458
175,286,461
210,278,488
226,289,515
226,308,534
220,311,531
216,344,560
237,321,558
239,293,532
253,265,518
245,255,500
254,238,492
262,311,573
288,217,505
230,226,456
272,239,511
105,240,345
155,212,367
180,203,383
191,201,392
183,193,376
209,173,382
210,165,375
194,156,350
184,153,337
182,145,327
191,155,346
201,138,339
198,162,360
233,150,383
209,170,379
212,170,382
184,166,350
207,166,373
212,157,369
211,149,360
212,157,369
213,174,387
206,209,415
192,223,415
174,261,435
177,287,464
160,312,472
175,304,479
227,287,514
226,288,514
285,239,524
304,197,501
315,186,501
332,185,517
291,146,437
305,161,466
265,143,408
194,138,332
211,131,342
166,121,287
178,134,312
170,136,306
181,116,297
182,118,300
169,106,275
156,148,304
162,157,319
164,158,322
192,149,341
200,138,338
215,142,357
194,163,357
176,171,347
151,183,334
146,197,343
146,200,346
149,196,345
130,218,348
163,190,353
199,168,367
218,151,369
213,153,366
232,162,394
260,126,386
241,124,365
197,116,313
149,121,270
168,132,300
177,155,332
196,172,368
191,185,376
174,204,378
154,224,378
160,226,386
174,221,395
189,207,396
201,219,420
186,236,422
175,237,412
182,231,413
190,224,414
178,221,399
192,222,414
203,217,420
220,206,426
231,174,405
239,150,389
235,131,366
224,130,354
213,129,342
215,141,356
205,135,340
204,112,316
203,156,359
209,137,346
182,139,321
193,155,348
152,176,328
166,184,350
171,182,353
183,186,369
215,161,376
210,169,379
222,163,385
196,174,370
204,182,386
178,198,376
161,221,382
143,228,371
151,241,392
157,247,404
175,241,416
200,231,431
222,218,440
222,216,438
202,233,435
187,220,407
170,223,393
202,191,393
225,163,388
248,137,385
232,286,518
248,321,569
242,332,574
229,340,569
244,327,571
257,326,583
265,317,582
348,219,567
357,224,581
375,202,577
306,190,496
260,190,450
246,196,442
214,190,404
222,199,421
217,227,444
242,226,468
235,257,492
235,291,526
306,230,536
365,168,533
390,174,564
278,172,450
246,120,366
243,127,370
244,137,381
199,156,355
223,147,370
202,148,350
178,148,326
165,147,312
154,145,299
161,149,310
167,142,309
165,138,303
167,155,322
169,153,322
165,167,332
162,203,365
153,229,382
158,227,385
170,220,390
180,237,417
173,230,403
168,220,388
170,227,397
184,219,403
216,196,412
230,161,391
228,129,357
224,153,377
208,139,347
208,158,366
216,128,344
209,147,356
192,179,371
165,180,345
172,174,346
176,166,342
178,154,332
175,146,321
179,124,303
179,126,305
189,103,292
181,136,317
183,144,327
168,171,339
178,158,336
172,152,324
223,156,379
220,162,382
220,173,393
181,200,381
191,189,380
206,217,423
209,211,420
204,201,405
199,192,391
212,164,376
211,192,403
224,194,418
198,202,400
225,183,408
253,141,394
281,154,435
252,145,397
227,124,351
210,110,320
177,110,287
153,145,298
176,175,351
167,186,353
165,180,345
163,168,331
175,156,331
173,164,337
159,157,316
196,148,344
222,168,390
232,167,399
234,154,388
217,147,364
211,151,362
200,153,353
201,159,360
192,184,376
171,192,363
179,198,377
178,209,387
185,229,414
190,222,412
186,232,418
181,236,417
169,224,393
186,226,412
182,232,414
194,212,406
218,191,409
218,213,431
187,231,418
167,245,412
170,255,425
190,266,456
207,277,484
217,302,519
228,292,520
252,269,521
260,249,509
269,219,488
264,223,487
254,251,505
300,210,510
331,223,554
353,232,585
324,207,531
284,218,502
271,202,473
221,201,422
228,210,438
184,222,406
168,239,407
173,245,418
169,259,428
163,262,425
206,225,431
233,211,444
255,194,449
231,176,407
240,141,381
218,134,352
211,130,341
187,126,313
205,179,384
227,156,383
263,140,403
253,212,465
274,174,448
291,155,446
271,174,445
192,191,383
172,218,390
181,220,401
196,193,389
216,182,398
226,171,397
218,160,378
230,197,427
286,137,423
281,143,424
246,158,404
198,162,360
197,163,360
178,180,358
192,174,366
194,162,356
192,152,344
194,141,335
207,169,376
219,173,392
224,156,380
251,189,440
327,153,480
319,165,484
281,171,452
198,152,350
201,114,315
211,176,387
213,189,402
196,224,420
192,230,422
174,237,411
225,227,452
233,220,453
233,193,426
234,190,424
264,176,440
245,176,421
247,165,412
245,142,387
219,134,353
233,154,387
220,175,395
217,166,383
235,218,453
248,189,437
271,162,433
253,142,395
176,169,345
248,179,427
241,199,440
228,212,440
195,229,424
200,221,421
190,246,436
193,238,431
195,243,438
198,268,466
198,278,476
207,283,490
210,314,524
199,322,521
231,314,545
251,303,554
266,320,586
218,320,538
252,263,515
332,169,501
337,152,489
316,216,532
301,224,525
279,200,479
261,169,430
310,154,464
298,182,480
286,164,450
187,183,370
253,172,425
211,160,371
213,172,385
210,189,399
200,227,427
189,250,439
191,263,454
177,280,457
179,299,478
198,294,492
229,267,496
244,259,503
241,264,505
234,266,500
226,290,516
218,319,537
200,335,535
206,334,540
254,310,564
265,287,552
277,252,529
247,241,488
244,223,467
222,202,424
235,179,414
244,147,391
235,140,375
216,140,356
192,143,335
203,142,345
218,127,345
219,148,367
202,154,356
204,142,346
199,144,343
189,161,350
168,189,357
171,207,378
165,220,385
166,217,383
162,204,366
146,186,332
198,141,339
225,163,388
230,158,388
213,154,367
185,148,333
163,147,310
168,142,310
170,144,314
182,179,361
193,174,367
194,177,371
190,168,358
178,159,337
230,151,381
235,159,394
233,150,383
187,153,340
204,151,355
219,145,364
251,150,401
217,147,364
189,131,320
181,136,317
190,141,331
210,149,359
242,139,381
209,165,374
197,168,365
177,164,341
187,140,327
205,165,370
239,129,368
240,185,425
243,195,438
202,200,402
196,212,408
192,206,398
220,156,376
242,112,354
250,156,406
231,151,382
201,159,360
187,187,374
165,195,360
186,201,387
177,220,397
178,230,408
185,224,409
207,216,423
206,218,424
216,206,422
213,209,422
226,196,422
259,178,437
290,158,448
291,142,433
255,177,432
297,150,447
266,330,596
297,292,589
300,268,568
257,267,524
87,253,340
140,232,372
199,209,408
203,193,396
191,177,368
191,161,352
195,153,348
200,142,342
220,120,340
222,171,393
221,169,390
199,164,363
204,179,383
183,179,362
203,182,385
187,197,384
165,220,385
163,239,402
161,253,414
151,243,394
204,200,404
228,172,400
256,136,392
239,193,432
254,168,422
235,186,421
202,212,414
174,227,401
205,220,425
204,228,432
212,233,445
201,214,415
201,198,399
213,178,391
205,170,375
190,186,376
189,169,358
179,162,341
207,172,379
191,204,395
198,188,386
188,165,353
209,150,359
192,138,330
216,117,333
214,160,374
199,179,378
193,190,383
188,181,369
203,183,386
234,167,401
239,181,420
233,167,400
251,195,446
258,174,432
258,163,421
233,169,402
234,150,384
259,154,413
260,201,461
255,189,444
239,181,420
223,190,413
183,185,368
224,153,377
242,140,382
241,151,392
212,178,390
228,199,427
281,202,483
299,173,472
307,181,488
239,175,414
212,168,380
234,166,400
259,133,392
246,151,397
207,159,366
187,148,335
202,169,371
197,167,364
185,161,346
181,158,339
181,163,344
173,188,361
172,205,377
168,235,403
173,261,434
179,271,450
215,243,458
209,251,460
226,266,492
234,244,478
254,254,508
237,277,514
220,254,474
232,226,458
267,219,486
277,199,476
264,179,443
290,198,488
293,174,467
293,178,471
240,160,400
219,177,396
227,264,491
238,323,561
211,317,528
182,303,485
270,214,484
277,177,454
340,172,512
301,177,478
264,159,423
255,141,396
216,113,329
211,167,378
235,143,378
244,167,411
256,135,391
230,173,403
214,192,406
223,166,389
253,179,432
257,244,501
382,182,564
391,200,591
405,163,568
255,174,429
206,188,394
197,183,380
206,202,408
205,204,409
208,184,392
205,179,384
199,176,375
171,177,348
172,180,352
181,169,350
190,159,349
213,144,357
209,121,330
202,126,328
199,123,322
191,117,308
178,128,306
162,127,289
164,115,279
181,115,296
170,110,280
163,147,310
173,162,335
184,171,355
179,201,380
172,196,368
160,218,378
163,219,382
211,191,402
232,170,402
231,157,388
193,155,348
164,150,314
168,146,314
163,141,304
164,127,291
173,120,293
171,111,282
162,103,265
183,165,348
207,143,350
228,136,364
212,146,358
161,143,304
166,147,313
165,148,313
187,123,310
171,127,298
178,157,335
167,145,312
168,142,310
150,145,295
134,145,279
144,131,275
150,133,283
133,129,262
141,125,266
141,125,266
142,133,275
142,130,272
134,120,254
149,112,261
137,111,248
129,106,235
123,107,230
136,97,233
148,163,311
174,178,352
189,194,383
183,235,418
156,254,410
158,292,450
157,306,463
205,292,497
226,294,520
257,289,546
238,273,511
253,244,497
247,219,466
265,183,448
247,192,439
237,207,444
201,211,412
233,233,466
289,197,486
276,220,496
303,197,500
248,153,401
282,166,448
275,133,408
236,122,358
221,137,358
168,156,324
167,158,325
184,155,339
199,144,343
196,142,338
188,153,341
205,113,318
208,112,320
192,107,299
149,111,260
161,107,268
155,120,275
150,114,264
147,117,264
166,151,317
177,188,365
211,161,372
229,124,353
207,123,330
176,137,313
150,163,313
172,191,363
162,198,360
170,208,378
214,154,368
238,142,380
192,144,336
218,153,371
223,137,360
235,119,354
211,142,353
196,123,319
191,142,333
207,147,354
191,160,351
190,132,322
198,101,299
201,134,335
197,131,328
177,135,312
174,130,304
171,118,289
176,107,283
175,164,339
168,171,339
170,189,359
205,152,357
198,141,339
170,154,324
166,158,324
170,162,332
189,150,339
219,147,366
234,135,369
224,147,371
232,167,399
264,131,395
246,167,413
236,179,415
228,154,382
262,218,480
274,152,426
259,135,394
239,154,393
195,156,351
237,147,384
238,137,375
177,140,317
161,149,310
166,148,314
176,128,304
169,150,319
156,158,314
144,165,309
148,167,315
145,168,313
144,161,305
143,156,299
145,160,305
146,154,300
141,173,314
142,212,354
147,229,376
143,238,381
162,226,388
183,201,384
198,190,388
163,185,348
167,182,349
152,196,348
150,197,347
131,217,348
146,203,349
179,174,353
188,159,347
255,141,396
230,151,381
223,162,385
160,177,337
156,193,349
158,216,374
179,207,386
195,192,387
242,143,385
226,152,378
235,172,407
223,242,465
271,205,476
281,137,418
309,201,510
291,128,419
294,104,398
247,110,357
144,105,249
136,102,238
134,119,253
132,128,260
128,141,269
128,139,267
122,130,252
150,119,269
145,125,270
143,137,280
132,140,272
152,150,302
157,176,333
166,173,339
154,175,329
150,176,326
141,170,311
138,171,309
142,169,311
146,154,300
185,124,309
197,107,304
196,135,331
174,126,300
178,111,289
170,150,320
176,132,308
172,129,301
183,115,298
149,151,300
222,126,348
227,125,352
238,183,421
200,172,372
192,153,345
183,135,318
159,127,286
179,108,287
173,131,304
180,129,309
181,262,443
208,296,504
240,290,530
328,211,539
271,138,409
317,152,469
262,163,425
217,177,394
243,217,460
264,170,434
319,114,433
277,102,379
208,100,308
158,105,263
142,103,245
144,103,247
150,143,293
157,170,327
165,182,347
171,178,349
203,138,341
230,106,336
217,96,313
174,105,279
145,102,247
131,100,231
134,95,229
155,134,289
163,143,306
156,147,303
162,148,310
130,187,317
144,199,343
139,212,351
153,208,361
138,245,383
160,227,387
158,253,411
195,228,423
177,214,391
182,217,399
199,159,358
223,119,342
228,113,341
202,148,350
176,146,322
181,154,335
168,160,328
160,148,308
185,144,329
173,158,331
158,190,348
136,198,334
135,232,367
145,216,361
167,192,359
180,173,353
179,150,329
169,158,327
167,174,341
162,195,357
161,201,362
188,174,362
190,171,361
214,169,383
201,176,377
195,175,370
187,167,354
191,172,363
192,173,365
209,206,415
241,184,425
274,188,462
305,147,452
272,118,390
248,125,373
202,178,380
206,172,378
212,197,409
183,203,386
118,233,351
153,262,415
167,259,426
170,266,436
195,204,399
208,205,413
227,218,445
175,266,441
171,278,449
155,289,444
209,228,437
229,210,439
257,182,439
216,144,360
200,155,355
210,125,335
190,160,350
190,151,341
210,137,347
215,129,344
204,159,363
168,163,331
151,189,340
163,255,418
205,213,418
202,217,419
236,172,408
204,166,370
141,170,311
149,184,333
128,192,320
128,198,326
136,185,321
141,186,327
159,174,333
183,148,331
180,148,328
158,169,327
130,183,313
126,195,321
137,200,337
142,209,351
149,209,358
158,199,357
141,206,347
167,184,351
154,181,335
156,173,329
158,143,301
165,125,290
177,111,288
168,102,270
169,114,283
164,156,320
167,207,374
180,209,389
248,152,400
239,197,436
207,195,402
199,158,357
213,152,365
204,174,378
153,191,344
132,213,345
131,233,364
159,215,374
159,223,382
186,204,390
180,190,370
184,179,363
176,162,338
161,152,313
170,145,315
155,134,289
170,119,289
175,99,274
173,134,307
181,131,312
166,149,315
153,178,331
128,184,312
145,174,319
180,146,326
194,161,355
141,192,333
137,206,343
130,210,340
168,189,357
174,218,392
157,223,380
125,242,367
172,196,368
178,209,387
198,200,398
146,205,351
166,208,374
179,193,372
185,195,380
175,300,475
164,453,617
135,493,628
218,432,650
321,340,661
441,220,661
390,205,595
231,205,436
193,183,376
224,124,348
244,124,368
245,146,391
195,157,352
185,132,317
199,136,335
193,118,311
207,155,362
199,189,388
217,163,380
240,129,369
237,126,363
206,143,349
155,197,352
258,130,388
263,113,376
236,98,334
158,134,292
164,139,303
160,151,311
157,157,314
153,161,314
173,158,331
175,241,416
314,154,468
324,158,482
340,157,497
205,159,364
199,138,337
205,147,352
206,146,352
204,149,353
209,190,399
232,155,387
247,129,376
252,114,366
217,106,323
180,115,295
151,106,257
143,107,250
146,107,253
135,110,245
147,107,254
146,103,249
145,98,243
145,127,272
150,130,280
156,137,293
160,134,294
154,125,279
170,117,287
175,144,319
185,141,326
197,120,317
194,139,333
191,135,326
173,149,322
201,172,373
229,121,350
234,106,340
189,158,347
179,150,329
212,146,358
225,181,406
243,143,386
223,134,357
208,123,331
177,120,297
171,118,289
165,132,297
160,145,305
175,143,318
190,140,330
173,150,323
158,143,301
174,147,321
176,152,328
173,145,318
186,121,307
204,142,346
205,139,344
188,150,338
152,155,307
150,167,317
163,177,340
166,180,346
167,187,354
161,229,390
147,245,392
140,263,403
145,278,423
195,238,433
220,215,435
244,199,443
227,175,402
209,163,372
193,168,361
167,150,317
172,125,297
159,126,285
178,181,359
187,178,365
243,132,375
242,137,379
240,140,380
210,178,388
239,160,399
227,157,384
217,125,342
193,154,347
219,161,380
194,173,367
185,185,370
181,180,361
227,148,375
226,173,399
216,186,402
214,184,398
236,188,424
247,207,454
253,192,445
260,173,433
240,166,406
218,155,373
202,153,355
222,185,407
238,182,420
242,190,432
204,200,404
180,196,376
189,192,381
194,192,386
214,163,377
212,161,373
242,152,394
242,148,390
242,224,466
252,224,476
270,205,475
252,245,497
219,272,491
223,257,480
219,260,479
237,243,480
213,245,458
247,297,544
254,290,544
262,266,528
303,231,534
285,246,531
250,259,509
253,226,479
239,210,449
249,189,438
221,210,431
214,211,425
175,206,381
163,239,402
157,260,417
156,264,420
187,250,437
201,242,443
200,232,432
207,206,413
234,178,412
238,148,386
219,143,362
171,156,327
147,172,319
139,174,313
142,212,354
145,226,371
155,221,376
152,208,360
177,189,366
186,179,365
210,149,359
219,130,349
208,137,345
191,118,309
175,166,341
213,132,345
216,156,372
228,164,392
202,160,362
200,160,360
188,158,346
185,143,328
192,117,309
199,159,358
229,151,380
218,161,379
193,179,372
147,200,347
155,207,362
170,195,365
187,186,373
175,175,350
198,157,355
184,156,340
180,153,333
171,140,311
187,135,322
200,130,330
205,185,390
232,154,386
228,145,373
195,152,347
157,174,331
173,184,357
195,182,377
200,200,400
206,205,411
200,208,408
207,267,474
248,226,474
249,226,475
249,251,500
242,235,477
221,257,478
247,256,503
226,249,475
263,223,486
242,233,475
284,209,493
240,198,438
266,199,465
247,177,424
317,173,490
310,166,476
287,151,438
230,127,357
204,101,305
163,125,288
183,140,323
165,135,300
188,193,381
210,181,391
223,188,411
174,217,391
119,249,368
155,217,372
175,194,369
225,140,365
238,161,399
240,135,375
218,119,337
178,129,307
160,132,292
169,141,310
182,119,301
168,105,273
175,161,336
174,166,340
177,173,350
172,188,360
150,198,348
151,209,360
169,192,361
173,177,350
179,163,342
189,141,330
213,197,410
243,157,400
226,155,381
174,142,316
132,135,267
166,157,323
195,158,353
218,161,379
204,181,385
192,162,354
187,144,331
205,149,354
208,137,345
244,216,460
250,198,448
258,187,445
226,207,433
116,229,345
154,234,388
160,218,378
163,218,381
188,182,370
227,136,363
252,181,433
271,164,435
232,204,436
206,226,432
156,234,390
201,198,399
252,158,410
273,135,408
250,156,406
242,148,390
250,115,365
247,140,387
202,161,363
163,163,326
163,163,326
159,165,324
168,178,346
164,182,346
180,173,353
198,156,354
227,172,399
240,183,423
279,164,443
251,165,416
208,162,370
185,151,336
188,159,347
175,170,345
187,182,369
185,169,354
243,156,399
238,134,372
245,190,435
243,138,381
220,133,353
225,129,354
168,124,292
195,170,365
223,154,377
232,159,391
226,158,384
193,149,342
197,141,338
172,185,357
158,194,352
150,212,362
221,165,386
257,145,402
225,147,372
245,141,386
228,167,395
235,193,428
232,194,426
239,224,463
200,249,449
255,233,488
271,229,500
327,238,565
293,201,494
316,156,472
239,142,381
232,129,361
191,134,325
168,158,326
170,140,310
178,157,335
196,174,370
181,193,374
169,199,368
183,188,371
195,181,376
214,172,386
213,165,378
212,156,368
209,148,357
212,164,376
214,157,371
206,152,358
208,154,362
205,137,342
213,133,346
198,137,335
175,145,320
153,170,323
143,167,310
177,137,314
184,129,313
192,151,343
193,172,365
192,174,366
217,136,353
190,139,329
198,129,327
164,119,283
176,111,287
183,97,280
176,199,375
182,202,384
211,141,352
243,118,361
187,180,367
207,180,387
202,198,400
184,219,403
156,238,394
185,228,413
220,196,416
234,149,383
232,152,384
194,142,336
157,139,296
158,158,316
172,157,329
189,140,329
207,176,383
248,147,395
240,151,391
224,153,377
184,159,343
184,153,337
198,147,345
198,157,355
171,178,349
152,187,339
147,222,369
155,226,381
156,237,393
181,210,391
218,159,377
235,129,364
220,134,354
197,167,364
202,153,355
206,141,347
221,149,370
203,132,335
217,170,387
229,164,393
241,161,402
247,163,410
237,164,401
207,189,396
160,175,335
224,135,359
245,125,370
271,126,397
228,152,380
204,151,355
218,192,410
221,203,424
227,316,543
266,286,552
220,277,497
237,273,510
224,230,454
142,234,376
199,228,427
207,209,416
195,212,407
199,178,377
220,144,364
251,130,381
241,161,402
234,157,391
244,154,398
250,210,460
282,171,453
293,157,450
313,198,511
283,180,463
280,203,483
290,197,487
240,185,425
204,174,378
218,150,368
223,160,383
253,156,409
229,140,369
243,106,349
217,135,352
218,129,347
214,131,345
212,119,331
196,113,309
186,128,314
183,125,308
175,111,286
171,121,292
161,140,301
160,256,416
336,144,480
341,143,484
370,143,513
206,143,349
211,128,339
198,145,343
182,171,353
159,183,342
166,187,353
155,190,345
146,230,376
164,235,399
206,223,429
237,225,462
249,183,432
247,144,391
274,188,462
249,187,436
229,203,432
182,223,405
150,214,364
183,208,391
172,216,388
208,185,393
198,190,388
203,182,385
162,268,430
179,263,442
170,263,433
156,246,402
221,198,419
224,196,420
239,193,432
198,178,376
204,172,376
204,152,356
180,186,366
167,192,359
155,194,349
180,187,367
223,171,394
252,153,405
214,156,370
191,168,359
172,195,367
175,201,376
182,193,375
216,213,429
298,223,521
286,175,461
308,180,488
228,193,421
182,206,388
200,217,417
198,214,412
191,214,405
201,218,419
174,230,404
192,233,425
189,251,440
201,243,444
208,232,440
217,219,436
217,239,456
216,247,463
212,248,460
217,242,459
215,215,430
183,187,370
215,161,376
218,156,374
218,153,371
210,148,358
218,125,343
216,182,398
217,188,405
217,195,412
210,205,415
188,200,388
217,200,417
240,184,424
231,194,425
221,189,410
191,219,410
204,220,424
179,162,341
269,307,576
337,244,581
275,265,540
230,262,492
158,214,372
226,182,408
265,167,432
212,146,358
237,164,401
249,142,391
241,151,392
216,164,380
186,177,363
185,205,390
153,218,371
160,242,402
160,245,405
157,239,396
206,199,405
223,192,415
266,152,418
261,178,439
281,167,448
254,166,420
209,167,376
170,166,336
154,188,342
164,189,353
162,198,360
204,176,380
210,166,376
222,157,379
216,147,363
213,137,350
214,148,362
226,144,370
236,154,390
245,118,363
241,180,421
210,195,405
196,152,348
222,161,383
205,157,362
231,171,402
212,177,389
178,170,348
184,163,347
169,168,337
190,125,315
202,115,317
203,102,305
188,172,360
194,166,360
200,160,360
197,180,377
160,204,364
183,203,386
209,185,394
230,153,383
228,132,360
231,129,360
203,149,352
182,159,341
169,154,323
188,147,335
205,154,359
205,148,353
214,169,383
215,181,396
246,162,408
244,185,429
222,202,424
162,222,384
143,239,382
159,267,426
178,263,441
204,255,459
239,230,469
242,246,488
242,236,478
203,207,410
196,210,406
197,211,408
197,191,388
195,187,382
180,205,385
142,235,377
147,259,406
144,269,413
171,286,457
206,271,477
258,229,487
260,231,491
235,239,474
241,191,432
255,159,414
256,206,462
283,190,473
290,170,460
282,166,448
233,168,401
235,149,384
255,150,405
252,152,404
217,156,373
218,172,390
214,183,397
267,186,453
280,207,487
301,203,504
290,188,478
245,180,425
207,181,388
203,174,377
176,180,356
159,214,373
143,225,368
169,215,384
188,222,410
191,232,423
163,259,422
161,280,441
179,337,516
205,326,531
211,296,507
251,235,486
285,191,476
305,157,462
250,137,387
234,124,358
195,126,321
175,110,285
168,147,315
176,147,323
164,135,299
179,127,306
169,113,282
179,93,272
176,140,316
171,145,316
170,138,308
163,136,299
190,150,340
212,147,359
228,155,383
202,188,390
236,161,397
255,135,390
271,144,415
243,117,360
229,138,367
207,133,340
193,168,361
223,129,352
216,141,357
216,129,345
179,122,301
169,144,313
153,150,303
155,151,306
163,139,302
183,177,360
189,185,374
206,197,403
191,194,385
155,188,343
180,186,366
191,188,379
194,158,352
254,159,413
268,151,419
244,160,404
217,168,385
168,167,335
179,182,361
173,191,364
157,209,366
152,210,362
160,205,365
175,211,386
179,234,413
180,253,433
178,274,452
187,275,462
193,251,444
229,204,433
240,191,431
238,190,428
195,172,367
206,160,366
222,170,392
213,173,386
209,164,373
226,146,372
232,169,401
242,143,385
237,188,425
268,184,452
257,177,434
227,196,423
192,220,412
202,242,444
217,239,456
227,248,475
234,240,474
221,268,489
211,270,481
215,254,469
215,309,524
370,161,531
339,147,486
356,140,496
203,144,347
226,171,397
183,184,367
177,186,363
199,169,368
208,165,373
206,172,378
201,158,359
194,144,338
219,159,378
223,161,384
213,162,375
192,162,354
182,163,345
218,175,393
266,187,453
293,164,457
275,170,445
229,193,422
183,212,395
208,211,419
198,243,441
207,237,444
189,240,429
188,252,440
184,275,459
199,276,475
206,268,474
241,221,462
294,183,477
323,178,501
312,156,468
271,238,509
285,177,462
282,160,442
264,201,465
235,178,413
244,176,420
232,198,430
234,150,384
241,159,400
250,168,418
212,203,415
276,168,444
283,175,458
267,168,435
208,169,377
245,163,408
244,167,411
242,295,537
316,200,516
342,185,527
314,180,494
183,184,367
197,207,404
177,234,411
167,255,422
167,277,444
179,304,483
173,285,458
223,231,454
221,214,435
257,154,411
241,170,411
279,142,421
234,147,381
237,154,391
209,149,358
231,172,403
220,175,395
239,128,367
239,119,358
225,147,372
202,113,315
193,176,369
240,162,402
221,149,370
248,161,409
242,149,391
244,137,381
203,208,411
203,203,406
200,200,400
212,191,403
213,184,397
193,193,386
179,198,377
149,195,344
1636,227,1863
143,152,295
200,110,310
252,202,454
212,151,363
234,137,371
227,124,351
170,137,307
176,191,367
183,227,410
186,226,412
179,275,454
204,281,485
165,259,424
215,267,482
71,265,336
124,265,389
198,245,443
180,229,409
265,185,450
256,194,450
237,361,598
208,350,558
208,336,544
224,326,550
310,229,539
291,206,497
208,178,386
226,131,357
218,121,339
210,159,369
210,132,342
197,201,398
237,166,403
222,154,376
245,153,398
192,151,343
203,161,364
191,172,363
199,161,360
197,169,366
193,174,367
180,161,341
173,163,336
183,149,332
175,149,324
176,135,311
175,123,298
181,118,299
185,110,295
176,106,282
172,187,359
167,180,347
220,125,345
235,168,403
219,192,411
190,207,397
178,206,384
162,221,383
171,240,411
167,255,422
145,267,412
189,220,409
218,193,411
252,183,435
236,155,391
231,178,409
253,133,386
236,133,369
231,137,368
185,154,339
189,176,365
173,188,361
161,208,369
186,204,390
201,322,523
363,186,549
351,205,556
322,237,559
169,230,399
189,244,433
200,246,446
181,249,430
209,249,458
206,254,460
207,268,475
204,288,492
202,310,512
213,296,509
232,281,513
262,261,523
273,235,508
249,209,458
291,152,443
281,155,436
263,150,413
249,131,380
206,102,308
203,153,356
210,126,336
200,108,308
182,106,288
150,138,288
154,145,299
159,172,331
152,191,343
157,190,347
179,177,356
190,165,355
181,174,355
207,160,367
218,130,348
230,123,353
209,118,327
192,123,315
183,151,334
194,144,338
219,155,374
231,142,373
216,133,349
213,228,441
227,184,411
257,163,420
257,128,385
179,185,364
249,156,405
247,131,378
234,132,366
166,146,312
174,164,338
193,156,349
206,140,346
211,152,363
237,157,394
253,146,399
248,141,389
206,155,361
197,135,332
206,157,363
242,158,400
255,173,428
260,138,398
249,215,464
288,160,448
246,178,424
227,190,417
134,191,325
187,183,370
206,177,383
211,162,373
183,175,358
168,176,344
171,160,331
183,164,347
196,151,347
201,143,344
210,137,347
203,119,322
198,197,395
187,209,396
183,228,411
178,231,409
151,228,379
207,224,431
195,220,415
171,215,386
190,210,400
232,204,436
275,139,414
275,143,418
270,110,380
188,120,308
199,149,348
186,156,342
189,155,344
179,157,336
158,175,333
175,182,357
183,189,372
197,243,440
201,235,436
223,213,436
226,200,426
213,237,450
185,262,447
175,267,442
193,266,459
204,266,470
188,267,455
212,268,480
209,282,491
211,271,482
200,331,531
200,351,551
274,268,542
274,294,568
323,258,581
261,196,457
110,165,275
168,223,391
266,175,441
175,150,325
224,169,393
330,164,494
184,157,341
247,144,391
211,151,362
198,159,357
186,189,375
181,208,389
182,207,389
200,201,401
216,191,407
234,191,425
241,177,418
256,165,421
266,138,404
229,155,384
208,166,374
165,180,345
167,203,370
201,180,381
217,186,403
262,147,409
267,134,401
265,228,493
263,189,452
278,142,420
278,164,442
199,171,370
128,159,287
171,145,316
155,135,290
165,114,279
158,177,335
188,171,359
189,183,372
199,187,386
157,195,352
181,197,378
174,199,373
185,188,373
186,185,371
195,188,383
157,207,364
138,222,360
147,232,379
146,242,388
176,230,406
178,241,419
194,232,426
162,229,391
196,187,383
223,149,372
230,131,361
213,112,325
184,152,336
182,167,349
187,174,361
201,163,364
202,121,323
215,159,374
223,152,375
223,148,371
228,157,385
186,168,354
170,168,338
181,143,324
207,177,384
219,181,400
247,128,375
242,125,367
245,105,350
169,139,308
174,144,318
193,140,333
212,130,342
214,165,379
227,139,366
232,203,435
251,186,437
230,205,435
192,208,400
152,214,366
165,222,387
172,224,396
161,229,390
192,215,407
202,193,395
205,193,398
186,190,376
148,196,344
157,204,361
145,245,390
146,248,394
149,251,400
174,349,523
209,348,557
210,340,550
238,289,527
297,204,501
317,181,498
284,164,448
212,238,450
188,307,495
200,283,483
236,259,495
299,213,512
290,188,478
287,186,473
260,261,521
308,208,516
324,225,549
299,245,544
257,209,466
249,203,452
226,190,416
226,167,393
217,183,400
204,204,408
170,222,392
166,232,398
173,229,402
177,234,411
182,237,419
172,244,416
175,245,420
175,245,420
199,225,424
201,218,419
196,220,416
170,228,398
173,232,405
201,207,408
195,208,403
201,196,397
171,230,401
184,259,443
185,242,427
199,227,426
236,166,402
247,130,377
260,144,404
208,186,394
180,223,403
149,249,398
155,242,397
191,238,429
178,253,431
186,264,450
179,254,433
211,320,531
210,359,569
194,383,577
199,380,579
293,300,593
309,283,592
319,244,563
252,236,488
244,242,486
211,246,457
220,253,473
249,235,484
234,240,474
205,221,426
175,231,406
202,201,403
223,156,379
215,197,412
205,188,393
188,180,368
210,158,368
208,142,350
211,140,351
215,122,337
217,137,354
215,143,358
208,138,346
193,136,329
168,133,301
136,137,273
140,144,284
154,139,293
152,141,293
151,134,285
145,120,265
157,103,260
173,179,352
193,181,374
244,138,382
258,137,395
227,148,375
211,151,362
189,184,373
158,192,350
178,155,333
216,149,365
238,141,379
190,143,333
173,141,314
153,144,297
140,152,292
130,160,290
130,171,301
136,202,338
139,219,358
136,254,390
141,314,455
163,309,472
168,354,522
275,268,543
295,254,549
349,237,586
280,223,503
278,247,525
239,257,496
215,279,494
203,268,471
202,272,474
191,320,511
209,315,524
286,269,555
298,268,566
292,266,558
135,251,386
173,262,435
229,230,459
215,227,442
229,235,464
180,247,427
161,257,418
176,262,438
202,251,453
220,241,461
219,233,452
200,247,447
190,255,445
195,262,457
201,272,473
200,298,498
205,311,516
221,287,508
232,272,504
243,251,494
269,206,475
268,178,446
247,161,408
226,171,397
199,162,361
224,164,388
249,156,405
255,149,404
222,169,391
227,145,372
210,145,355
218,148,366
191,176,367
189,204,393
192,542,734
203,534,737
205,526,731
498,245,743
528,211,739
549,204,753
267,193,460
243,184,427
188,163,351
187,167,354
175,143,318
171,137,308
193,114,307
191,136,327
197,112,309
205,163,368
203,177,380
202,183,385
205,186,391
197,178,375
234,130,364
231,123,354
226,153,379
192,136,328
187,139,326
185,122,307
172,158,330
193,166,359
219,158,377
225,152,377
196,157,353
186,152,338
193,137,330
202,130,332
209,130,339
212,129,341
201,130,331
184,145,329
166,170,336
166,164,330
176,148,324
191,144,335
195,130,325
184,139,323
171,123,294
156,138,294
182,147,329
206,121,327
212,95,307
176,120,296
162,109,271
163,127,290
183,120,303
172,114,286
159,124,283
165,177,342
189,156,345
241,156,397
246,154,400
219,151,370
224,144,368
226,165,391
222,179,401
212,180,392
217,161,378
216,223,439
251,188,439
297,170,467
322,172,494
266,171,437
244,153,397
208,155,363
227,153,380
215,119,334
200,122,322
206,137,343
180,151,331
185,177,362
178,172,350
176,154,330
187,136,323
158,148,306
170,142,312
169,121,290
173,250,423
334,171,505
351,154,505
364,144,508
208,128,336
181,149,330
210,153,363
213,147,360
206,159,365
205,175,380
195,170,365
179,169,348
155,162,317
164,165,329
157,174,331
150,185,335
139,208,347
149,218,367
159,214,373
167,224,391
161,261,422
165,253,418
175,236,411
192,225,417
208,192,400
210,197,407
211,192,403
178,195,373
174,186,360
170,173,343
177,148,325
193,119,312
201,178,379
226,220,446
260,212,472
280,212,492
244,213,457
203,211,414
173,205,378
159,262,421
146,276,422
166,308,474
200,298,498
266,274,540
279,284,563
264,282,546
217,270,487
235,272,507
237,243,480
230,233,463
228,258,486
230,246,476
239,233,472
215,253,468
231,206,437
218,178,396
216,160,376
184,146,330
173,138,311
180,118,298
183,131,314
185,155,340
207,137,344
220,171,391
221,151,372
211,121,332
190,117,307
167,148,315
185,139,324
189,150,339
179,170,349
205,146,351
235,111,346
217,154,371
186,158,344
168,204,372
157,216,373
121,232,353
162,213,375
182,194,376
210,154,364
224,131,355
234,146,380
229,152,381
226,143,369
218,134,352
209,167,376
209,180,389
241,228,469
234,222,456
262,180,442
227,199,426
271,173,444
247,192,439
292,162,454
275,144,419
247,133,380
184,120,304
173,102,275
146,157,303
173,159,332
178,161,339
176,173,349
159,159,318
182,164,346
187,171,358
176,173,349
172,180,352
192,152,344
195,152,347
226,141,367
219,158,377
205,178,383
181,187,368
179,203,382
183,206,389
172,231,403
173,243,416
165,255,420
185,221,406
188,203,391
189,184,373
199,135,334
226,155,381
241,146,387
218,156,374
185,175,360
164,181,345
178,189,367
205,206,411
206,207,413
211,204,415
204,194,398
194,231,425
194,234,428
187,224,411
180,222,402
202,204,406
193,253,446
202,259,461
190,259,449
204,259,463
221,254,475
234,236,470
230,209,439
247,155,402
248,138,386
248,165,413
237,148,385
227,137,364
190,154,344
145,167,312
167,167,334
177,194,371
171,216,387
169,243,412
177,241,418
208,241,449
238,222,460
253,226,479
215,245,460
203,243,446
199,247,446
210,246,456
197,241,438
198,244,442
208,245,453
204,248,452
200,255,455
183,267,450
179,270,449
197,259,456
213,255,468
216,245,461
217,242,459
210,239,449
210,242,452
213,241,454
213,238,451
196,258,454
188,247,435
180,226,406
187,214,401
214,189,403
228,172,400
258,146,404
227,136,363
196,139,335
205,154,359
209,146,355
233,138,371
213,129,342
209,146,355
216,180,396
240,160,400
253,160,413
229,151,380
225,170,395
229,130,359
252,178,430
242,265,507
281,227,508
269,248,517
205,359,564
299,249,548
308,242,550
303,222,525
94,186,280
149,183,332
205,186,391
205,193,398
201,218,419
201,236,437
199,217,416
202,197,399
195,174,369
187,152,339
194,126,320
195,175,370
205,164,369
209,160,369
202,170,372
169,191,360
174,214,388
183,223,406
197,209,406
203,195,398
244,139,383
227,144,371
170,164,334
167,148,315
188,172,360
243,154,397
255,165,420
301,160,461
272,181,453
282,155,437
260,152,412
250,159,409
209,163,372
188,142,330
210,133,343
230,164,394
239,136,375
222,119,341
217,136,353
189,128,317
210,144,354
221,135,356
239,123,362
216,137,353
197,161,358
190,147,337
205,153,358
223,141,364
212,125,337
200,143,343
207,149,356
203,160,363
200,151,351
190,143,333
219,150,369
234,146,380
242,184,426
253,140,393
230,134,364
229,179,408
200,167,367
208,147,355
215,165,380
200,165,365
247,161,408
264,153,417
228,156,384
249,141,390
219,152,371
211,170,381
214,139,353
207,142,349
203,133,336
171,132,303
204,143,347
223,120,343
224,129,353
208,168,376
225,132,357
232,138,370
225,128,353
190,132,322
196,120,316
204,140,344
184,145,329
189,141,330
178,150,328
170,150,320
177,150,327
175,153,328
178,148,326
185,127,312
188,147,335
180,151,331
205,112,317
210,186,396
219,182,401
234,149,383
239,142,381
200,179,379
235,225,460
304,233,537
364,158,522
315,150,465
278,139,417
215,134,349
210,193,403
185,232,417
164,275,439
186,283,469
233,367,600
265,358,623
245,359,604
236,356,592
291,260,551
311,231,542
305,221,526
210,227,437
193,209,402
176,255,431
191,239,430
170,236,406
216,187,403
198,187,385
205,179,384
154,182,336
164,181,345
161,180,341
150,207,357
141,211,352
139,236,375
157,244,401
191,249,440
227,221,448
264,203,467
241,215,456
216,215,431
174,225,399
165,232,397
175,249,424
184,259,443
178,281,459
182,294,476
221,244,465
244,238,482
257,231,488
220,240,460
231,234,465
226,237,463
247,209,456
242,212,454
232,360,592
250,327,577
256,339,595
253,351,604
226,311,537
235,317,552
230,305,535
272,280,552
297,243,540
313,204,517
302,184,486
261,148,409
230,129,359
221,135,356
223,120,343
210,163,373
192,183,375
160,200,360
154,212,366
151,239,390
180,225,405
182,231,413
202,238,440
188,244,432
180,256,436
207,240,447
196,282,478
197,270,467
178,254,432
241,200,441
256,184,440
266,155,421
223,125,348
217,165,382
229,151,380
218,135,353
201,133,334
167,123,290
157,194,351
187,159,346
210,122,332
217,107,324
155,170,325
178,166,344
216,177,393
249,179,428
229,176,405
251,160,411
237,175,412
225,194,419
267,155,422
274,261,535
282,200,482
333,160,493
283,139,422
261,146,407
163,158,321
181,147,328
201,117,318
200,105,305
204,158,362
201,124,325
190,107,297
202,111,313
150,136,286
181,136,317
194,155,349
207,159,366
210,132,342
218,176,394
224,152,376
214,148,362
190,151,341
137,159,296
136,162,298
159,148,307
164,162,326
165,181,346
150,198,348
157,198,355
186,187,373
206,207,413
212,193,405
209,176,385
210,156,366
200,149,349
178,148,326
162,142,304
150,135,285
141,156,297
166,171,337
173,188,361
185,201,386
168,204,372
170,219,389
158,283,441
144,307,451
152,307,459
172,290,462
262,216,478
259,212,471
250,212,462
175,216,391
164,218,382
159,211,370
192,167,359
214,140,354
244,142,386
226,150,376
231,312,543
385,143,528
378,162,540
378,146,524
216,206,422
244,189,433
266,140,406
265,155,420
239,180,419
211,183,394
205,204,409
194,204,398
204,199,403
239,144,383
223,153,376
208,158,366
147,193,340
142,238,380
163,231,394
164,254,418
172,247,419
234,202,436
249,199,448
319,189,508
290,167,457
285,148,433
223,210,433
247,195,442
242,201,443
232,179,411
184,172,356
264,181,445
284,144,428
270,145,415
207,135,342
183,128,311
196,117,313
187,184,371
224,151,375
221,164,385
227,170,397
178,181,359
187,194,381
182,200,382
174,225,399
178,239,417
236,215,451
262,237,499
315,270,585
310,237,547
335,190,525
304,158,462
269,128,397
197,152,349
230,157,387
209,196,405
170,207,377
148,188,336
152,191,343
165,186,351
190,148,338
197,150,347
185,174,359
170,175,345
166,186,352
188,180,368
194,173,367
207,165,372
210,170,380
213,163,376
201,171,372
183,180,363
157,187,344
165,177,342
184,165,349
191,168,359
194,170,364
170,177,347
165,183,348
177,186,363
177,187,364
182,188,370
190,176,366
196,170,366
194,164,358
199,152,351
207,171,378
239,158,397
241,160,401
228,174,402
244,215,459
264,191,455
307,213,520
271,225,496
205,223,428
245,215,460
293,188,481
307,166,473
275,159,434
267,169,436
222,170,392
230,142,372
209,151,360
220,155,375
195,164,359
188,167,355
177,200,377
182,245,427
217,229,446
250,203,453
296,180,476
293,157,450
316,148,464
279,293,572
296,301,597
280,316,596
237,335,572
173,366,539
234,357,591
314,311,625
355,267,622
328,245,573
263,224,487
220,207,427
225,185,410
216,177,393
218,161,379
200,149,349
193,176,369
190,180,370
197,180,377
231,147,378
219,172,391
206,180,386
193,158,351
209,151,360
239,140,379
224,161,385
219,172,391
200,174,374
201,194,395
261,197,458
278,239,517
275,248,523
205,269,474
187,298,485
235,262,497
259,222,481
269,203,472
256,176,432
196,147,343
275,228,503
235,224,459
338,166,504
195,173,368
269,172,441
247,177,424
216,176,392
218,178,396
206,191,397
214,178,392
213,187,400
207,201,408
203,188,391
215,149,364
234,127,361
225,123,348
199,123,322
170,145,315
194,145,339
222,131,353
219,130,349
212,140,352
191,140,331
189,153,342
210,169,379
188,183,371
212,180,392
212,172,384
223,162,385
202,174,376
224,164,388
244,138,382
249,187,436
257,156,413
230,170,400
228,184,412
180,213,393
186,236,422
212,208,420
235,197,432
252,174,426
222,171,393
190,183,373
202,154,356
218,131,349
228,143,371
208,142,350
212,166,378
204,169,373
197,167,364
188,159,347
201,172,373
213,171,384
208,174,382
195,171,366
195,176,371
205,174,379
201,180,381
223,151,374
216,151,367
215,154,369
202,148,350
208,143,351
194,149,343
171,157,328
176,153,329
197,138,335
220,164,384
233,167,400
230,157,387
241,168,409
204,180,384
231,192,423
201,195,396
203,183,386
210,199,409
256,163,419
254,142,396
272,173,445
248,172,420
251,165,416
233,173,406
197,170,367
207,166,373
209,155,364
213,146,359
217,148,365
207,158,365
139,185,324
185,210,395
167,248,415
166,273,439
180,276,456
196,279,475
208,292,500
220,307,527
224,311,535
217,295,512
231,263,494
234,242,476
224,244,468
219,215,434
95,207,302
231,335,566
307,319,626
427,166,593
505,170,675
440,151,591
495,154,649
243,165,408
240,156,396
264,151,415
246,160,406
243,157,400
234,162,396
223,169,392
198,176,374
202,160,362
226,122,348
229,198,427
247,172,419
224,189,413
219,188,407
51,167,218
121,140,261
173,187,360
239,187,426
221,174,395
221,161,382
218,179,397
249,204,453
266,207,473
262,201,463
268,166,434
226,189,415
249,228,477
193,224,417
139,207,346
219,181,400
234,197,431
221,193,414
226,170,396
246,157,403
268,137,405
241,164,405
254,132,386
227,144,371
235,164,399
195,198,393
201,208,409
197,200,397
206,224,430
214,242,456
167,244,411
212,258,470
195,256,451
182,244,426
211,238,449
211,230,441
209,235,444
217,228,445
212,246,458
232,257,489
233,249,482
237,267,504
194,312,506
204,330,534
204,322,526
240,304,544
283,266,549
320,250,570
293,412,705
271,428,699
270,412,682
354,315,669
362,283,645
241,258,499
235,210,445
295,192,487
298,171,469
253,149,402
216,144,360
206,157,363
230,160,390
243,135,378
245,177,422
238,166,404
226,176,402
223,165,388
190,194,384
222,191,413
218,199,417
222,200,422
224,187,411
213,202,415
215,227,442
203,224,427
217,189,406
225,168,393
210,171,381
190,170,360
207,192,399
200,187,387
198,188,386
211,173,384
258,156,414
254,158,412
248,179,427
209,172,381
201,197,398
186,248,434
190,241,431
206,235,441
249,223,472
286,172,458
267,165,432
252,159,411
235,121,356
222,125,347
212,163,375
211,135,346
229,171,400
257,160,417
233,159,392
247,174,421
235,146,381
242,155,397
251,200,451
245,167,412
272,140,412
266,159,425
247,161,408
223,163,386
196,188,384
160,202,362
177,209,386
191,205,396
208,193,401
236,176,412
223,161,384
215,152,367
205,140,345
209,175,384
231,159,390
215,189,404
266,155,421
237,150,387
235,162,397
198,162,360
227,153,380
230,135,365
231,187,418
241,204,445
287,192,479
275,212,487
214,222,436
207,230,437
207,220,427
239,178,417
245,154,399
258,159,417
244,197,441
246,181,427
266,172,438
245,154,399
207,160,367
232,151,383
253,163,416
262,155,417
266,191,457
262,190,452
275,186,461
301,192,493
310,179,489
276,177,453
230,187,417
202,212,414
209,231,440
208,252,460
204,274,478
208,287,495
205,314,519
204,310,514
223,315,538
240,327,567
290,309,599
296,292,588
280,348,628
262,317,579
278,275,553
327,222,549
318,172,490
287,174,461
228,142,370
243,184,427
258,157,415
255,133,388
254,168,422
191,149,340
222,137,359
208,158,366
208,149,357
215,147,362
236,168,404
250,157,407
235,153,388
271,258,529
272,321,593
418,188,606
399,208,607
273,213,486
193,244,437
203,259,462
184,278,462
173,298,471
185,315,500
214,326,540
237,341,578
262,317,579
258,314,572
297,242,539
281,233,514
296,218,514
240,226,466
251,195,446
235,178,413
265,173,438
272,140,412
257,185,442
256,169,425
238,169,407
279,164,443
256,172,428
252,177,429
209,193,402
233,193,426
262,182,444
275,179,454
256,210,466
202,249,451
199,264,463
202,241,443
209,225,434
216,224,440
199,221,420
186,210,396
168,244,412
184,252,436
186,253,439
192,272,464
197,294,491
222,276,498
225,259,484
239,242,481
206,237,443
204,229,433
211,224,435
213,208,421
229,179,408
303,161,464
315,141,456
278,181,459
231,170,401
221,187,408
211,200,411
167,241,408
92,259,351
150,277,427
203,278,481
185,268,453
215,243,458
219,223,442
211,219,430
274,229,503
289,202,491
260,200,460
233,220,453
204,233,437
198,238,436
201,273,474
242,269,511
263,240,503
272,216,488
249,196,445
265,229,494
300,181,481
300,135,435
274,155,429
222,156,378
187,175,362
192,175,367
196,182,378
181,185,366
211,171,382
197,177,374
177,187,364
166,199,365
193,174,367
204,165,369
225,170,395
207,178,385
195,185,380
174,211,385
166,224,390
173,223,396
183,219,402
183,211,394
164,204,368
182,187,369
195,174,369
212,156,368
209,130,339
204,124,328
206,112,318
198,184,382
233,140,373
234,128,362
237,160,397
209,151,360
209,160,369
187,191,378
173,222,395
180,210,390
185,204,389
192,194,386
195,183,378
191,177,368
187,164,351
179,160,339
178,158,336
168,165,333
155,154,309
177,161,338
190,152,342
213,131,344
234,167,401
243,153,396
249,149,398
208,125,333
200,144,344
210,114,324
213,122,335
203,175,378
190,194,384
189,203,392
176,209,385
190,185,375
225,167,392
226,160,386
226,153,379
213,137,350
215,116,331
217,172,389
200,169,369
217,146,363
216,140,356
175,129,304
200,115,315
199,147,346
192,148,340
181,146,327
168,184,352
231,120,351
259,126,385
255,155,410
191,163,354
177,187,364
172,223,395
147,246,393
153,284,437
159,297,456
187,286,473
221,265,486
253,220,473
247,198,445
225,197,422
217,187,404
208,171,379
225,191,416
252,245,497
310,194,504
318,154,472
298,126,424
220,142,362
217,205,422
257,224,481
315,223,538
362,171,533
338,158,496
288,132,420
227,137,364
234,150,384
207,147,354
229,174,403
238,159,397
229,155,384
236,176,412
225,168,393
222,167,389
231,185,416
196,239,435
215,268,483
217,263,480
179,266,445
184,268,452
221,229,450
229,218,447
236,198,434
182,191,373
183,160,343
204,150,354
206,137,343
180,146,326
175,139,314
150,143,293
161,149,310
162,158,320
188,134,322
208,195,403
243,172,415
222,189,411
211,194,405
170,203,373
207,224,431
218,237,455
238,228,466
236,218,454
268,171,439
231,183,414
200,196,396
166,219,385
165,238,403
164,228,392
196,244,440
217,233,450
218,244,462
221,226,447
216,237,453
205,221,426
219,207,426
222,207,429
210,242,452
212,242,454
221,201,422
232,167,399
234,142,376
213,167,380
215,135,350
219,194,413
253,166,419
237,160,397
235,154,389
211,159,370
217,162,379
203,181,384
184,174,358
158,175,333
167,160,327
189,133,322
196,186,382
241,167,408
232,155,387
225,163,388
182,159,341
194,153,347
213,135,348
203,137,340
205,112,317
200,144,344
240,123,363
218,117,335
216,189,405
196,185,381
188,194,382
199,179,378
172,167,339
204,157,361
205,155,360
209,144,353
198,140,338
201,129,330
180,116,296
187,207,394
186,221,407
182,240,422
253,185,438
241,187,428
281,208,489
216,219,435
240,196,436
291,183,474
304,188,492
323,166,489
277,136,413
281,144,425
250,146,396
225,151,376
223,155,378
211,133,344
182,140,322
207,144,351
178,160,338
176,197,373
164,208,372
165,203,368
168,202,370
215,159,374
232,153,385
246,166,412
241,157,398
229,141,370
206,146,352
171,382,553
172,417,589
178,442,620
177,445,622
368,289,657
385,257,642
399,249,648
263,231,494
211,210,421
227,185,412
197,187,384
140,202,342
145,230,375
137,250,387
148,245,393
179,200,379
221,160,381
219,154,373
191,148,339
143,134,277
163,119,282
176,113,289
174,104,278
156,96,252
139,173,312
152,169,321
194,125,319
202,143,345
166,185,351
259,167,426
261,204,465
322,143,465
258,108,366
249,145,394
143,140,283
175,96,271
180,109,289
173,129,302
134,179,313
142,205,347
163,172,335
177,162,339
199,134,333
182,167,349
198,162,360
222,113,335
194,144,338
203,147,350
197,124,321
202,122,324
157,125,282
141,123,264
139,114,253
141,151,292
145,164,309
127,177,304
134,189,323
128,191,319
132,207,339
140,243,383
166,264,430
188,269,457
196,278,474
186,284,470
221,235,456
243,238,481
238,241,479
196,244,440
212,193,405
245,143,388
233,149,382
196,148,344
201,129,330
172,138,310
158,118,276
179,179,358
218,152,370
223,160,383
220,191,411
175,185,360
202,140,342
212,133,345
206,213,419
183,211,394
242,175,417
212,172,384
243,190,433
181,191,372
199,171,370
187,167,354
190,155,345
196,102,298
185,125,310
185,204,389
195,165,360
216,174,390
205,157,362
200,234,434
224,211,435
252,244,496
223,217,440
157,209,366
252,123,375
222,147,369
175,205,380
243,115,358
256,157,413
253,105,358
186,176,362
232,188,420
250,125,375
274,197,471
246,175,421
241,142,383
226,155,381
164,168,332
173,198,371
173,181,354
169,168,337
178,151,329
173,170,343
159,173,332
141,217,358
161,190,351
156,195,351
162,225,387
160,219,379
166,274,440
133,291,424
166,267,433
229,204,433
251,146,397
259,137,396
206,170,376
161,163,324
190,126,316
198,105,303
210,148,358
172,146,318
206,103,309
193,99,292
150,110,260
153,113,266
155,141,296
194,168,362
212,217,429
238,163,401
231,136,367
241,196,437
239,150,389
179,162,341
218,188,406
225,146,371
223,158,381
275,241,516
250,201,451
334,168,502
265,170,435
123,177,300
162,173,335
171,213,384
162,273,435
243,251,494
372,154,526
380,130,510
289,127,416
182,148,330
195,137,332
249,228,477
270,240,510
293,240,533
267,222,489
223,198,421
207,216,423
195,218,413
188,225,413
170,215,385
197,196,393
163,198,361
183,150,333
197,142,339
187,133,320
158,142,300
145,144,289
170,115,285
172,100,272
174,127,301
146,130,276
140,177,317
167,158,325
186,162,348
172,144,316
171,177,348
137,214,351
130,213,343
132,229,361
133,262,395
171,233,404
168,243,411
176,196,372
178,192,370
228,203,431
185,199,384
243,154,397
237,139,376
221,137,358
182,138,320
150,145,295
150,143,293
152,160,312
161,174,335
201,139,340
229,177,406
234,207,441
216,200,416
236,146,382
258,121,379
242,125,367
149,154,303
146,149,295
141,140,281
171,91,262
183,186,369
146,204,350
239,133,372
245,180,425
264,152,416
238,105,343
208,98,306
184,159,343
152,154,306
186,121,307
198,121,319
188,156,344
141,161,302
163,126,289
180,116,296
150,95,245
158,167,325
163,196,359
196,155,351
218,156,374
188,141,329
189,169,358
226,117,343
209,172,381
194,187,381
189,186,375
213,206,419
188,184,372
214,123,337
214,122,336
175,129,304
129,130,259
128,137,265
127,133,260
128,127,255
131,121,252
138,153,291
126,159,285
127,159,286
153,156,309
166,191,357
169,208,377
207,170,377
219,159,378
190,123,313
214,112,326
189,121,310
144,116,260
136,108,244
145,101,246
133,97,230
137,131,268
121,163,284
165,196,361
216,198,414
261,193,454
206,192,398
254,161,415
227,178,405
226,185,411
146,178,324
156,174,330
136,170,306
158,173,331
153,168,321
161,156,317
156,152,308
161,142,303
146,140,286
142,150,292
134,169,303
131,174,305
168,140,308
161,143,304
162,148,310
121,153,274
124,150,274
128,151,279
135,144,279
139,141,280
119,147,266
133,148,281
127,149,276
135,151,286
122,161,283
123,174,297
122,220,342
122,215,337
134,196,330
144,195,339
178,223,401
170,259,429
121,267,388
177,214,391
223,176,399
221,166,387
158,170,328
105,174,279
125,178,303
124,184,308
129,214,343
130,206,336
152,192,344
201,161,362
207,160,367
204,172,376
159,178,337
144,162,306
140,171,311
141,158,299
143,141,284
143,162,305
154,146,300
140,138,278
172,98,270
174,87,261
160,180,340
139,176,315
179,126,305
182,116,298
114,149,263
140,138,278
146,115,261
183,162,345
178,203,381
195,149,344
232,102,334
235,94,329
179,89,268
138,139,277
143,150,293
170,193,363
166,194,360
168,185,353
178,181,359
184,192,376
135,194,329
178,173,351
165,186,351
145,192,337
140,216,356
133,312,445
137,357,494
150,405,555
228,357,585
339,250,589
373,216,589
283,204,487
246,193,439
186,209,395
191,168,359
176,178,354
148,169,317
158,179,337
177,168,345
175,191,366
173,221,394
192,183,375
194,196,390
218,184,402
175,179,354
175,186,361
143,210,353
127,217,344
159,195,354
244,128,372
238,131,369
216,93,309
164,123,287
149,121,270
162,89,251
156,92,248
118,214,332
124,241,365
195,187,382
223,159,382
224,141,365
156,159,315
126,175,301
116,187,303
146,192,338
173,169,342
198,144,342
151,160,311
165,229,394
120,242,362
135,241,376
172,253,425
188,234,422
152,277,429
220,224,444
198,231,429
225,201,426
193,196,389
194,193,387
158,194,352
146,197,343
155,199,354
144,258,402
146,295,441
139,289,428
174,265,439
259,172,431
286,143,429
269,101,370
224,137,361
201,130,331
175,119,294
163,110,273
154,143,297
165,135,300
166,133,299
156,143,299
135,147,282
144,156,300
151,152,303
149,155,304
155,167,322
175,244,419
184,301,485
189,291,480
187,290,477
266,217,483
231,193,424
280,163,443
243,127,370
234,110,344
214,148,362
198,145,343
189,146,335
187,148,335
162,144,306
178,141,319
174,141,315
167,138,305
145,133,278
151,138,289
151,128,279
152,129,281
150,134,284
140,140,280
141,139,280
145,139,284
147,141,288
151,144,295
157,132,289
159,135,294
155,134,289
154,127,281
151,137,288
151,140,291
151,136,287
152,142,294
154,147,301
146,144,290
153,142,295
148,150,298
151,144,295
154,143,297
154,145,299
154,142,296
153,138,291
148,142,290
146,150,296
152,154,306
152,171,323
181,132,313
191,118,309
188,141,329
156,130,286
173,90,263
169,84,253
133,191,324
137,187,324
188,120,308
218,90,308
174,122,296
134,131,265
143,132,275
136,142,278
128,133,261
139,138,277
137,144,281
122,148,270
112,146,258
131,151,282
141,138,279
140,133,273
162,121,283
163,107,270
161,101,262
154,101,255
143,127,270
147,126,273
147,135,282
145,114,259
144,107,251
146,102,248
129,114,243
135,118,253
135,136,271
145,130,275
143,128,271
141,117,258
135,110,245
163,145,308
196,137,333
206,125,331
176,119,295
140,114,254
151,93,244
150,109,259
154,125,279
150,117,267
158,124,282
168,125,293
164,131,295
162,124,286
156,117,273
153,132,285
141,143,284
145,130,275
150,115,265
164,105,269
145,103,248
161,119,280
174,114,288
187,96,283
181,119,300
166,89,255
164,133,297
163,150,313
136,146,282
141,140,281
138,148,286
141,137,278
150,119,269
151,115,266
152,96,248
147,125,272
154,136,290
150,137,287
141,134,275
142,127,269
139,118,257
134,126,260
129,128,257
126,122,248
134,122,256
138,126,264
133,134,267
126,134,260
140,124,264
154,114,268
161,101,262
164,162,326
157,165,322
155,154,309
157,155,312
156,138,294
150,139,289
146,134,280
142,142,284
142,138,280
125,142,267
132,144,276
122,146,268
121,148,269
124,155,279
124,156,280
138,148,286
145,152,297
151,149,300
152,166,318
162,165,327
158,153,311
140,156,296
127,148,275
136,169,305
134,181,315
142,189,331
134,179,313
151,175,326
150,168,318
146,170,316
139,171,310
157,147,304
156,140,296
160,141,301
129,152,281
111,158,269
117,167,284
121,172,293
125,178,303
128,182,310
129,185,314
133,186,319
147,180,327
149,189,338
150,189,339
140,184,324
117,181,298
144,148,292
173,119,292
178,106,284
155,96,251
124,95,219
131,190,321
226,166,392
295,99,394
300,157,457
230,138,368
169,116,285
175,99,274
171,103,274
149,136,285
135,156,291
123,164,287
121,173,294
123,178,301
122,186,308
119,197,316
137,200,337
134,205,339
149,184,333
151,184,335
164,179,343
155,191,346
142,229,371
144,227,371
137,223,360
163,199,362
184,174,358
207,169,376
191,173,364
147,171,318
137,164,301
169,131,300
178,114,292
211,164,375
192,169,361
196,158,354
184,152,336
172,141,313
196,110,306
197,132,329
209,163,372
205,157,362
202,145,347
208,138,346
207,121,328
224,143,367
213,129,342
186,108,294
177,88,265
153,78,231
139,106,245
127,114,241
120,130,250
131,125,256
128,127,255
109,120,229
95,119,214
132,112,244
157,163,320
185,168,353
184,180,364
154,190,344
151,155,306
173,144,317
185,157,342
146,155,301
116,157,273
123,163,286
120,178,298
108,204,312
122,224,346
117,216,333
145,205,350
196,161,357
198,160,358
193,147,340
168,118,286
158,101,259
166,89,255
153,135,288
164,106,270
164,110,274
157,117,274
120,133,253
131,155,286
108,166,274
131,169,300
135,182,317
130,186,316
112,193,305
141,174,315
159,163,322
166,163,329
162,158,320
142,167,309
139,168,307
120,167,287
112,168,280
135,150,285
125,152,277
125,156,281
119,152,271
120,152,272
132,151,283
129,154,283
112,147,259
127,140,267
122,144,266
111,153,264
117,160,277
128,165,293
139,180,319
132,180,312
114,184,298
132,172,304
147,186,333
193,176,369
198,165,363
215,134,349
186,142,328
169,134,303
143,133,276
156,124,280
163,139,302
158,142,300
160,139,299
161,127,288
159,113,272
161,128,289
173,115,288
174,99,273
169,121,290
156,131,287
140,139,279
139,135,274
139,131,270
120,149,269
188,122,310
196,163,359
205,152,357
168,175,343
143,189,332
123,181,304
130,171,301
141,145,286
145,149,294
152,184,336
136,201,337
124,208,332
134,206,340
164,177,341
185,159,344
186,155,341
149,162,311
132,158,290
157,124,281
184,108,292
187,104,291
174,130,304
157,126,283
146,119,265
141,121,262
136,107,243
144,107,251
142,91,233
142,121,263
130,131,261
160,105,265
160,108,268
148,105,253
144,93,237
149,151,300
161,139,300
159,130,289
173,118,291
161,103,264
156,110,266
161,143,304
172,146,318
170,138,308
155,119,274
140,108,248
149,93,242
148,130,278
148,120,268
149,112,261
148,97,245
150,88,238
150,119,269
156,108,264
180,132,312
181,131,312
168,125,293
158,114,272
152,104,256
159,114,273
160,109,269
157,113,270
150,95,245
149,124,273
141,127,268
145,118,263
138,122,260
187,171,358
208,154,362
206,135,341
183,120,303
139,109,248
147,105,252
154,101,255
145,147,292
172,109,281
181,95,276
191,126,317
158,119,277
161,103,264
164,116,280
160,114,274
162,101,263
163,149,312
162,137,299
144,116,260
160,104,264
144,98,242
152,133,285
176,114,290
183,100,283
180,154,334
191,129,320
187,115,302
193,97,290
144,117,261
162,106,268
151,99,250
148,125,273
150,114,264
158,102,260
167,109,276
166,122,288
187,111,298
164,103,267
162,124,286
153,127,280
163,164,327
182,140,322
184,153,337
188,148,336
156,148,304
130,162,292
121,165,286
110,171,281
115,170,285
122,172,294
123,172,295
135,186,321
138,286,424
136,293,429
119,294,413
256,161,417
281,129,410
310,110,420
208,127,335
183,129,312
184,104,288
162,100,262
164,109,273
140,121,261
142,119,261
136,108,244
133,104,237
128,110,238
121,104,225
124,99,223
125,100,225
127,104,231
132,110,242
111,114,225
126,115,241
111,116,227
127,112,239
126,102,228
126,107,233
125,107,232
121,106,227
131,95,226
142,95,237
134,105,239
127,104,231
131,105,236
119,108,227
133,93,226
126,99,225
132,94,226
131,96,227
132,94,226
122,87,209
131,84,215
125,78,203
122,113,235
120,119,239
133,108,241
136,107,243
138,111,249
125,115,240
124,117,241
126,122,248
124,120,244
134,111,245
137,105,242
140,113,253
136,111,247
120,111,231
120,117,237
126,131,257
130,126,256
124,111,235
145,106,251
140,107,247
140,106,246
152,92,244
144,106,250
147,135,282
182,142,324
204,132,336
204,112,316
156,100,256
148,123,271
134,123,257
131,116,247
136,100,236
138,98,236
126,140,266
151,116,267
167,129,296
182,126,308
151,116,267
160,103,263
153,109,262
150,109,259
165,136,301
181,116,297
177,113,290
180,154,334
189,126,315
215,95,310
210,101,311
155,114,269
130,120,250
124,127,251
125,124,249
128,126,254
130,122,252
142,125,267
143,132,275
115,157,272
123,165,288
124,167,291
132,171,303
129,191,320
131,208,339
125,207,332
114,207,321
172,156,328
171,150,321
179,149,328
132,174,306
134,177,311
149,163,312
161,156,317
162,147,309
152,134,286
150,116,266
156,104,260
153,120,273
153,111,264
161,105,266
156,110,266
165,98,263
166,121,287
163,120,283
157,100,257
155,121,276
161,118,279
150,107,257
152,90,242
152,132,284
162,133,295
172,141,313
171,140,311
163,136,299
153,121,274
143,116,259
151,108,259
152,89,241
156,110,266
132,126,258
131,131,262
138,115,253
145,116,261
133,135,268
147,135,282
137,137,274
135,135,270
135,127,262
113,128,241
124,133,257
107,143,250
117,144,261
112,137,249
146,149,295
134,173,307
131,182,313
135,185,320
144,188,332
143,193,336
148,182,330
152,205,357
134,227,361
138,219,357
143,215,358
190,186,376
201,174,375
215,147,362
176,147,323
164,145,309
145,144,289
148,139,287
132,143,275
144,131,275
135,134,269
126,138,264
125,140,265
142,140,282
150,141,291
152,137,289
137,133,270
142,130,272
140,138,278
143,149,292
135,155,290
152,145,297
163,128,291
177,140,317
174,141,315
168,144,312
148,153,301
117,172,289
125,179,304
135,163,298
135,168,303
137,157,294
134,157,291
139,162,301
118,163,281
124,157,281
132,147,279
127,151,278
108,158,266
117,162,279
146,141,287
180,115,295
171,183,354
232,200,432
279,141,420
299,133,432
226,137,363
164,118,282
159,125,284
149,132,281
125,130,255
112,129,241
126,120,246
125,125,250
130,115,245
105,112,217
129,107,236
117,111,228
118,114,232
119,118,237
129,119,248
135,123,258
143,109,252
150,108,258
154,121,275
135,121,256
127,126,253
126,131,257
127,135,262
126,138,264
125,139,264
126,135,261
133,135,268
129,138,267
122,138,260
126,136,262
136,135,271
135,136,271
140,135,275
133,134,267
136,134,270
132,135,267
134,129,263
130,135,265
134,127,261
129,127,256
128,125,253
127,130,257
125,128,253
125,127,252
126,125,251
124,127,251
123,125,248
125,130,255
127,128,255
126,127,253
127,125,252
125,125,250
122,148,270
123,145,268
124,140,264
166,99,265
174,91,265
178,121,299
141,112,253
139,104,243
135,95,230
125,83,208
138,119,257
139,110,249
138,103,241
135,93,228
132,80,212
139,175,314
140,172,312
132,168,300
134,160,294
78,150,228
116,133,249
145,120,265
145,108,253
140,103,243
138,96,234
136,84,220
139,107,246
138,106,244
135,95,230
137,83,220
135,163,298
138,159,297
131,156,287
132,153,285
75,153,228
109,156,265
136,153,289
181,176,357
210,150,360
210,139,349
186,108,294
157,202,359
188,191,379
164,196,360
147,179,326
165,118,283
198,108,306
198,104,302
131,108,239
101,118,219
117,115,232
98,121,219
127,151,278
107,162,269
124,176,300
138,176,314
135,187,322
142,216,358
119,238,357
111,235,346
178,226,404
178,253,431
206,205,411
182,212,394
195,208,403
165,174,339
177,164,341
172,169,341
142,166,308
136,163,299
132,169,301
124,163,287
116,156,272
131,169,300
120,192,312
134,183,317
134,179,313
136,176,312
175,135,310
169,117,286
199,190,389
184,157,341
177,161,338
159,150,309
98,138,236
127,161,288
126,179,305
113,180,293
124,177,301
124,195,319
173,159,332
155,158,313
160,187,347
120,192,312
117,192,309
121,194,315
171,141,312
190,169,359
179,196,375
124,191,315
139,177,316
133,173,306
195,107,302
191,118,309
181,154,335
113,191,304
114,197,311
107,193,300
140,202,342
188,165,353
172,181,353
178,204,382
123,213,336
124,226,350
162,192,354
174,185,359
168,198,366
186,159,345
178,149,327
203,135,338
165,122,287
145,142,287
124,155,279
120,162,282
123,167,290
135,160,295
135,149,284
138,167,305
111,192,303
103,210,313
112,215,327
127,220,347
145,174,319
197,157,354
203,173,376
167,179,346
150,189,339
152,219,371
146,228,374
147,227,374
153,258,411
189,249,438
206,221,427
208,204,412
203,160,363
200,131,331
205,95,300
208,132,340
188,110,298
194,128,322
200,113,313
178,140,318
203,108,311
168,95,263
171,123,294
138,132,270
126,130,256
134,144,278
140,138,278
103,146,249
146,130,276
140,122,262
147,107,254
151,91,242
146,122,268
144,131,275
145,125,270
143,120,263
143,112,255
122,109,231
156,99,255
151,91,242
137,107,244
124,122,246
118,121,239
143,126,269
139,152,291
122,172,294
118,195,313
107,199,306
121,199,320
133,212,345
178,186,364
177,204,381
147,352,499
149,340,489
141,373,514
236,299,535
320,193,513
328,176,504
185,174,359
181,131,312
185,114,299
188,116,304
152,118,270
125,115,240
129,119,248
110,143,253
131,145,276
126,146,272
122,148,270
127,145,272
119,138,257
124,132,256
131,130,261
106,124,230
113,125,238
114,130,244
110,135,245
120,132,252
125,115,240
137,106,243
132,124,256
108,148,256
120,160,280
148,160,308
150,180,330
137,197,334
127,197,324
125,201,326
159,172,331
166,150,316
202,118,320
188,103,291
160,97,257
155,108,263
151,124,275
172,124,296
184,102,286
186,93,279
136,78,214
142,115,257
106,112,218
127,104,231
127,95,222
123,94,217
104,113,217
160,116,276
172,104,276
191,156,347
189,146,335
196,144,340
184,152,336
149,141,290
171,128,299
183,113,296
189,154,343
195,137,332
195,159,354
212,138,350
187,105,292
195,103,298
172,93,265
157,115,272
152,98,250
146,157,303
154,140,294
150,145,295
149,152,301
108,149,257
119,146,265
163,98,261
163,86,249
140,108,248
142,109,251
159,110,269
155,102,257
171,127,298
178,129,307
195,106,301
172,91,263
153,83,236
136,99,235
136,95,231
136,96,232
140,94,234
141,95,236
143,99,242
129,99,228
133,91,224
136,136,272
140,145,285
145,138,283
145,128,273
128,122,250
130,107,237
138,91,229
149,116,265
148,144,292
157,139,296
154,120,274
157,106,263
162,90,252
142,81,223
142,92,234
130,124,254
151,112,263
144,109,253
152,101,253
125,96,221
110,88,198
122,85,207
109,100,209
103,103,206
123,109,232
127,100,227
115,98,213
122,98,220
107,92,199
112,99,211
100,93,193
123,97,220
121,134,255
134,147,281
178,99,277
221,124,345
196,109,305
154,106,260
150,148,298
179,126,305
185,123,308
161,123,284
139,113,252
122,110,232
145,98,243
140,120,260
159,112,271
162,105,267
153,94,247
138,93,231
148,119,267
151,110,261
148,138,286
160,111,271
169,93,262
174,80,254
141,123,264
150,112,262
179,87,266
180,122,302
161,106,267
141,99,240
132,93,225
101,114,215
135,124,259
152,101,253
134,102,236
157,90,247
145,103,248
157,90,247
149,79,228
143,132,275
135,145,280
134,137,271
143,129,272
126,119,245
130,106,236
135,135,270
172,94,266
164,87,251
155,90,245
109,92,201
90,92,182
122,100,222
116,106,222
117,133,250
124,163,287
113,174,287
119,172,291
126,175,301
111,175,286
144,161,305
154,163,317
178,148,326
159,157,316
145,178,323
118,178,296
121,180,301
126,172,298
167,147,314
172,136,308
172,131,303
147,139,286
131,144,275
131,145,276
120,154,274
122,165,287
99,174,273
129,181,310
127,186,313
129,182,311
124,184,308
146,155,301
184,135,319
186,138,324
167,129,296
139,142,281
135,159,294
147,141,288
153,144,297
151,155,306
145,174,319
151,178,329
141,194,335
149,208,357
136,217,353
148,284,432
299,155,454
335,121,456
322,102,424
180,123,303
158,131,289
152,123,275
133,113,246
149,126,275
169,129,298
166,138,304
150,136,286
162,140,302
166,162,328
158,170,328
145,164,309
149,153,302
162,138,300
168,119,287
173,139,312
154,155,309
166,183,349
185,171,356
191,153,344
185,156,341
157,169,326
160,170,330
171,149,320
197,139,336
202,140,342
185,138,323
166,125,291
162,114,276
161,140,301
184,123,307
199,154,353
218,149,367
189,141,330
188,122,310
172,142,314
187,151,338
187,157,344
178,170,348
153,205,358
156,227,383
143,253,396
158,256,414
168,252,420
197,245,442
238,211,449
253,193,446
244,197,441
210,177,387
239,164,403
268,166,434
271,146,417
270,157,427
260,175,435
264,179,443
242,188,430
214,186,400
177,176,353
130,174,304
183,171,354
243,167,410
250,159,409
227,153,380
211,183,394
201,178,379
124,174,298
188,166,354
226,139,365
248,180,428
243,183,426
197,138,335
284,165,449
285,146,431
253,153,406
196,188,384
190,189,379
206,183,389
194,176,370
208,163,371
220,160,380
229,140,369
231,138,369
227,147,374
238,162,400
227,149,376
214,186,400
245,166,411
244,161,405
245,159,404
194,154,348
224,172,396
227,167,394
214,183,397
199,195,394
190,186,376
220,178,398
225,166,391
203,161,364
205,139,344
183,130,313
181,156,337
196,141,337
234,205,439
276,188,464
298,138,436
309,150,459
241,280,521
291,223,514
299,213,512
281,206,487
243,188,431
200,167,367
215,155,370
216,166,382
259,179,438
288,142,430
285,138,423
238,137,375
189,148,337
156,158,314
160,160,320
200,119,319
203,108,311
204,121,325
178,159,337
189,142,331
187,133,320
184,123,307
165,155,320
192,165,357
207,155,362
199,154,353
185,132,317
192,144,336
211,139,350
206,139,345
182,144,326
168,140,308
164,140,304
174,135,309
172,116,288
181,151,332
184,142,326
186,139,325
189,136,325
193,146,339
207,150,357
210,154,364
196,149,345
180,165,345
197,147,344
205,136,341
232,150,382
219,143,362
207,136,343
208,162,370
201,133,334
187,126,313
170,165,335
181,178,359
199,176,375
174,204,378
135,238,373
126,277,403
154,264,418
194,227,421
222,212,434
218,209,427
195,210,405
210,190,400
218,161,379
228,138,366
225,127,352
198,166,364
208,132,340
222,184,406
237,162,399
231,140,371
206,154,360
207,145,352
201,142,343
183,130,313
181,154,335
208,147,355
224,143,367
220,139,359
182,143,325
172,154,326
132,163,295
146,193,339
151,206,357
150,224,374
162,219,381
180,211,391
209,201,410
218,190,408
219,180,399
218,171,389
214,163,377
212,154,366
215,143,358
216,137,353
215,150,365
215,164,379
207,155,362
189,169,358
159,185,344
142,205,347
154,465,619
176,482,658
201,479,680
205,484,689
420,252,672
437,219,656
387,173,560
238,143,381
232,132,364
218,175,393
244,144,388
242,138,380
238,133,371
198,132,330
198,155,353
190,157,347
192,162,354
204,162,366
198,165,363
204,165,369
203,162,365
201,157,358
203,153,356
205,151,356
206,144,350
205,147,352
206,155,361
205,153,358
205,143,348
198,139,337
205,161,366
220,143,363
228,154,382
226,151,377
225,150,375
235,132,367
214,151,365
215,152,367
217,150,367
225,133,358
186,130,316
190,130,320
198,178,376
219,162,381
219,168,387
200,178,378
192,167,359
222,141,363
221,148,369
215,144,359
217,110,327
205,146,351
199,153,352
192,120,312
204,172,376
223,189,412
227,174,401
249,142,391
208,135,343
202,119,321
175,138,313
185,125,310
188,121,309
183,134,317
152,157,309
190,142,332
213,137,350
213,155,368
172,169,341
174,131,305
205,132,337
235,159,394
224,142,366
207,146,353
203,133,336
204,175,379
255,130,385
230,145,375
212,142,354
171,134,305
206,199,405
237,178,415
269,151,420
237,200,437
155,192,347
219,117,336
229,154,383
241,154,395
193,142,335
207,188,395
230,155,385
246,159,405
226,167,393
187,154,341
172,149,321
184,175,359
159,265,424
202,226,428
186,228,414
207,220,427
181,193,374
184,202,386
178,192,370
155,198,353
168,205,373
171,208,379
179,215,394
175,217,392
171,214,385
172,182,354
176,192,368
179,197,376
173,178,351
171,182,353
182,198,380
181,180,361
186,173,359
184,166,350
184,148,332
200,134,334
198,166,364
221,138,359
224,130,354
230,117,347
186,139,325
185,148,333
165,167,332
181,171,352
180,143,323
211,166,377
236,146,382
237,153,390
233,150,383
189,136,325
189,138,327
195,111,306
194,162,356
208,188,396
193,180,373
265,117,382
248,159,407
260,138,398
184,138,322
158,180,338
150,192,342
173,178,351
188,184,372
188,190,378
172,209,381
176,207,383
155,206,361
154,198,352
152,198,350
180,197,377
201,197,398
210,195,405
166,206,372
200,185,385
205,173,378
220,170,390
197,172,369
177,179,356
177,180,357
174,187,361
200,175,375
214,185,399
264,133,397
265,144,409
267,123,390
213,132,345
190,143,333
143,160,303
150,197,347
162,193,355
180,187,367
210,160,370
207,147,354
181,149,330
194,134,328
176,137,313
171,146,317
160,146,306
166,146,312
168,151,319
170,150,320
166,157,323
176,154,330
195,156,351
239,165,404
264,146,410
254,141,395
220,134,354
209,147,356
216,128,344
186,137,323
159,136,295
137,142,279
140,184,324
147,202,349
134,222,356
149,229,378
155,235,390
170,215,385
199,209,408
211,219,430
204,217,421
171,217,388
172,201,373
153,186,339
189,140,329
211,167,378
249,147,396
209,169,378
183,182,365
144,192,336
156,236,392
163,232,395
170,215,385
228,148,376
240,139,379
239,133,372
171,146,317
143,150,293
145,167,312
159,162,321
151,165,316
153,173,326
160,151,311
185,126,311
195,152,347
198,156,354
199,164,363
206,156,362
200,145,345
211,137,348
211,147,358
211,136,347
195,153,348
168,178,346
142,193,335
134,203,337
158,196,354
161,200,361
147,217,364
155,217,372
161,208,369
162,206,368
166,180,346
200,131,331
228,151,379
237,141,378
227,146,373
228,128,356
206,113,319
184,502,686
524,136,660
517,126,643
509,144,653
158,139,297
168,149,317
178,158,336
177,157,334
187,152,339
197,149,346
190,155,345
168,170,338
154,178,332
154,199,353
163,247,410
167,249,416
187,225,412
216,192,408
217,185,402
228,175,403
191,186,377
174,186,360
165,183,348
156,245,401
157,261,418
179,248,427
216,215,431
200,241,441
206,251,457
185,243,428
206,223,429
202,198,400
199,184,383
215,153,368
202,145,347
185,143,328
137,138,275
135,149,284
146,156,302
153,153,306
151,163,314
141,209,350
132,240,372
135,250,385
142,245,387
180,208,388
210,182,392
227,152,379
213,124,337
207,158,365
206,157,363
205,142,347
213,113,326
206,128,334
191,147,338
199,129,328
189,140,329
209,132,341
167,136,303
156,145,301
158,168,326
151,202,353
153,206,359
194,186,380
183,224,407
205,218,423
115,235,350
193,190,383
230,178,408
180,180,360
175,198,373
156,209,365
150,218,368
157,225,382
158,232,390
158,241,399
186,224,410
190,229,419
210,219,429
198,216,414
180,224,404
174,235,409
160,247,407
169,242,411
176,253,429
205,232,437
202,259,461
201,271,472
171,284,455
197,260,457
215,260,475
249,237,486
239,220,459
220,227,447
196,229,425
186,225,411
192,250,442
195,231,426
195,224,419
230,192,422
238,183,421
258,154,412
237,147,384
237,137,374
206,152,358
214,159,373
189,197,386
157,211,368
140,196,336
139,194,333
170,174,344
189,165,354
197,138,335
209,131,340
211,132,343
189,144,333
172,155,327
152,169,321
167,167,334
177,159,336
203,151,354
213,156,369
213,167,380
226,166,392
242,141,383
226,146,372
185,160,345
203,198,401
261,154,415
282,141,423
256,133,389
212,181,393
203,189,392
239,209,448
254,189,443
300,146,446
277,137,414
240,181,421
205,194,399
237,175,412
213,185,398
186,193,379
123,193,316
132,184,316
139,179,318
160,178,338
176,161,337
164,171,335
145,175,320
120,210,330
120,240,360
142,219,361
152,202,354
228,125,353
233,97,330
242,218,460
193,196,389
223,138,361
241,98,339
172,174,346
123,209,332
167,214,381
227,143,370
225,122,347
198,131,329
178,181,359
226,153,379
223,132,355
255,157,412
189,143,332
245,194,439
240,168,408
198,159,357
181,173,354
114,176,290
122,189,311
135,210,345
137,223,360
137,229,366
148,223,371
178,192,370
196,184,380
178,188,366
153,178,331
145,176,321
139,176,315
134,193,327
120,232,352
146,233,379
183,221,404
279,172,451
263,216,479
195,230,425
195,178,373
220,193,413
169,369,538
141,385,526
134,398,532
269,265,534
333,203,536
364,173,537
285,164,449
266,116,382
245,96,341
208,156,364
184,121,305
182,92,274
178,199,377
121,208,329
168,178,346
176,170,346
94,163,257
140,140,280
164,116,280
187,141,328
208,126,334
186,132,318
179,121,300
156,104,260
167,167,334
168,169,337
225,105,330
224,94,318
215,225,440
159,235,394
187,195,382
217,159,376
170,143,313
92,137,229
134,139,273
158,134,292
178,239,417
280,145,425
287,157,444
270,141,411
154,121,275
181,115,296
188,136,324
191,107,298
175,90,265
169,184,353
144,179,323
185,131,316
182,117,299
133,105,238
160,91,251
161,186,347
142,182,324
188,137,325
223,87,310
182,149,331
188,133,321
196,98,294
199,168,367
182,134,316
201,107,308
202,90,292
147,105,252
155,108,263
153,137,290
177,126,303
175,114,289
174,135,309
148,141,289
148,161,309
157,160,317
157,175,332
161,172,333
174,155,329
169,207,376
177,214,391
201,184,385
231,164,395
229,168,397
160,175,335
162,183,345
160,192,352
160,201,361
157,235,392
156,250,406
159,260,419
164,269,433
199,242,441
220,231,451
236,220,456
216,213,429
211,209,420
215,201,416
216,191,407
218,181,399
215,172,387
215,162,377
214,153,367
222,137,359
223,155,378
224,145,369
213,162,375
223,141,364
204,148,352
191,154,345
157,161,318
160,169,329
160,175,335
157,186,343
156,192,348
155,203,358
187,178,365
222,153,375
226,158,384
192,166,358
161,176,337
158,184,342
156,193,349
155,202,357
157,209,366
159,225,384
161,246,407
162,231,393
161,216,377
243,118,361
246,101,347
250,118,368
165,117,282
158,203,361
184,184,368
235,158,393
255,181,436
196,163,359
244,117,361
240,207,447
251,186,437
208,134,342
240,244,484
189,248,437
253,203,456
290,127,417
209,164,373
204,129,333
186,111,297
157,133,290
120,156,276
153,169,322
180,132,312
134,136,270
188,179,367
147,205,352
126,187,313
159,230,389
186,243,429
157,307,464
148,313,461
162,321,483
177,267,444
275,210,485
236,205,441
195,190,385
133,192,325
174,173,347
184,157,341
197,175,372
217,156,373
250,146,396
263,119,382
219,169,388
205,175,380
237,117,354
233,146,379
222,140,362
173,286,459
224,291,515
269,291,560
265,296,561
124,291,415
200,284,484
243,254,497
239,263,502
212,202,414
222,205,427
269,139,408
260,154,414
230,185,415
217,207,424
171,191,362
141,168,309
184,169,353
151,199,350
109,238,347
154,215,369
183,221,404
142,227,369
133,218,351
155,215,370
139,178,317
163,191,354
135,166,301
154,161,315
121,182,303
150,159,309
156,147,303
133,145,278
165,178,343
114,178,292
160,167,327
211,256,467
236,250,486
202,231,433
188,239,427
159,195,354
212,207,419
188,231,419
179,186,365
247,145,392
229,133,362
224,143,367
221,121,342
144,153,297
176,160,336
174,214,388
231,218,449
214,224,438
211,218,429
148,203,351
222,187,409
199,156,355
163,188,351
151,188,339
193,275,468
279,173,452
326,284,610
295,229,524
290,189,479
255,183,438
218,193,411
261,152,413
254,188,442
238,159,397
193,153,346
158,147,305
131,137,268
175,105,280
169,136,305
187,123,310
164,111,275
145,98,243
108,120,228
153,106,259
147,88,235
139,138,277
138,119,257
145,110,255
157,149,306
159,133,292
180,126,306
175,104,279
149,89,238
154,167,321
122,154,276
133,149,282
131,136,267
73,130,203
103,169,272
122,201,323
227,195,422
303,140,443
313,134,447
215,143,358
146,138,284
135,121,256
176,118,294
175,111,286
143,106,249
124,101,225
94,95,189
122,92,214
120,89,209
120,91,211
121,109,230
111,101,212
128,109,237
142,126,268
151,116,267
176,113,289
148,111,259
130,114,244
109,119,228
127,100,227
132,96,228
111,93,204
104,93,197
121,101,222
120,100,220
107,95,202
131,86,217
116,84,200
110,91,201
117,88,205
99,91,190
120,85,205
110,79,189
116,106,222
118,121,239
109,127,236
117,132,249
122,148,270
91,165,256
121,170,291
110,164,274
119,159,278
134,134,268
140,105,245
177,98,275
176,144,320
164,116,280
173,99,272
141,107,248
133,118,251
97,122,219
126,133,259
119,132,251
108,127,235
126,129,255
121,130,251
106,137,243
123,139,262
116,136,252
123,136,259
117,141,258
117,184,301
110,185,295
87,182,269
144,146,290
167,119,286
167,106,273
182,133,315
183,101,284
163,88,251
167,133,300
150,128,278
160,123,283
171,137,308
150,130,280
138,126,264
138,110,248
146,91,237
151,169,320
185,150,335
170,149,319
157,148,305
102,144,246
130,155,285
117,166,283
120,182,302
89,182,271
116,188,304
130,163,293
186,145,331
182,140,322
165,129,294
152,140,292
145,136,281
137,135,272
146,116,262
148,106,254
132,97,229
149,113,262
155,124,279
148,117,265
145,119,264
130,128,258
107,131,238
99,123,222
135,122,257
112,125,237
111,126,237
130,123,253
120,125,245
131,123,254
131,114,245
125,108,233
131,107,238
119,103,222
126,102,228
119,100,219
116,106,222
121,103,224
127,91,218
133,87,220
118,86,204
127,86,213
123,83,206
121,83,204
124,81,205
120,92,212
122,98,220
125,97,222
127,95,222
136,89,225
121,82,203
134,91,225
127,93,220
123,93,216
125,121,246
151,110,261
160,96,256
164,142,306
153,141,294
148,145,293
152,142,294
128,121,249
161,119,280
147,120,267
118,127,245
122,134,256
115,140,255
124,137,261
121,135,256
128,121,249
134,113,247
139,106,245
127,103,230
123,102,225
123,101,224
121,105,226
121,106,227
124,101,225
127,98,225
124,98,222
127,101,228
123,108,231
124,106,230
127,102,229
134,96,230
131,100,231
133,101,234
110,95,205
115,93,208
110,87,197
117,83,200
124,80,204
114,127,241
109,146,255
118,284,402
123,299,422
113,323,436
197,260,457
256,221,477
258,223,481
188,200,388
189,189,378
203,180,383
196,188,384
202,179,381
195,203,398
217,183,400
194,175,369
194,162,356
161,166,327
151,164,315
149,158,307
154,163,317
140,175,315
142,168,310
126,165,291
126,173,299
125,184,309
103,194,297
119,192,311
129,189,318
161,166,327
179,153,332
172,150,322
179,146,325
163,146,309
159,140,299
117,141,258
110,139,249
123,144,267
103,141,244
124,136,260
117,132,249
124,122,246
111,115,226
123,111,234
108,108,216
124,105,229
122,99,221
120,94,214
125,92,217
122,91,213
124,90,214
118,90,208
116,91,207
121,89,210
124,86,210
136,93,229
132,99,231
123,105,228
125,115,240
123,128,251
122,142,264
121,144,265
123,148,271
124,147,271
121,144,265
115,138,253
123,132,255
110,149,259
121,156,277
119,177,296
122,192,314
122,198,320
120,202,322
155,168,323
159,180,339
172,188,360
153,206,359
142,205,347
149,209,358
144,201,345
152,187,339
147,178,325
165,142,307
171,125,296
159,118,277
131,107,238
124,101,225
131,92,223
124,83,207
134,100,234
127,100,227
133,94,227
129,97,226
119,106,225
125,119,244
129,138,267
134,140,274
142,134,276
137,132,269
141,120,261
135,120,255
137,116,253
122,118,240
125,112,237
128,114,242
143,143,286
191,103,294
188,96,284
176,92,268
126,85,211
128,82,210
130,79,209
115,104,219
121,117,238
118,116,234
123,125,248
121,139,260
126,145,271
122,142,264
125,132,257
126,127,253
128,124,252
122,118,240
121,116,237
124,109,233
120,103,223
124,103,227
122,100,222
121,97,218
122,94,216
122,100,222
121,99,220
120,98,218
121,94,215
123,90,213
118,90,208
125,90,215
120,91,211
123,91,214
121,98,219
121,94,215
126,92,218
122,90,212
123,86,209
122,81,203
125,79,204
124,91,215
121,91,212
126,84,210
132,95,227
130,99,229
123,98,221
127,92,219
123,86,209
129,115,244
130,121,251
133,111,244
140,107,247
127,103,230
118,98,216
122,93,215
123,93,216
122,94,216
124,99,223
120,96,216
126,89,215
128,90,218
121,87,208
129,79,208
131,104,235
129,104,233
123,98,221
123,99,222
117,99,216
124,106,230
124,109,233
122,111,233
124,116,240
121,118,239
124,124,248
121,129,250
117,124,241
124,119,243
130,105,235
126,98,224
131,93,224
118,88,206
118,99,217
122,111,233
121,113,234
125,109,234
125,103,228
123,98,221
119,93,212
120,87,207
122,82,204
121,78,199
122,100,222
122,100,222
124,96,220
126,104,230
124,96,220
127,96,223
129,101,230
122,104,226
125,109,234
120,111,231
124,111,235
115,108,223
116,103,219
124,101,225
123,103,226
121,100,221
125,105,230
121,109,230
121,109,230
123,117,240
114,122,236
124,120,244
122,118,240
124,114,238
123,109,232
119,104,223
117,107,224
124,102,226
123,109,232
122,133,255
116,145,261
133,143,276
145,138,283
145,152,297
152,144,296
156,147,303
161,166,327
161,182,343
151,188,339
149,195,344
159,156,315
198,118,316
200,148,348
193,111,304
177,101,278
169,93,262
133,81,214
139,161,300
140,158,298
135,154,289
136,141,277
78,137,215
110,130,240
136,118,254
139,109,248
141,102,243
137,99,236
141,89,230
142,81,223
143,159,302
139,157,296
131,162,293
134,152,286
78,146,224
111,136,247
132,129,261
135,117,252
137,106,243
138,99,237
135,97,232
139,90,229
138,80,218
138,161,299
136,158,294
129,153,282
132,147,279
74,138,212
108,128,236
136,115,251
140,104,244
148,92,240
147,82,229
144,233,377
279,136,415
285,148,433
288,155,443
144,146,290
135,143,278
139,130,269
140,119,259
139,109,248
138,102,240
135,92,227
138,81,219
136,174,310
136,172,308
130,167,297
134,160,294
77,150,227
115,135,250
145,122,267
145,112,257
140,102,242
137,92,229
133,83,216
135,116,251
138,111,249
153,99,252
152,97,249
135,107,242
150,144,294
169,126,295
171,124,295
167,118,285
139,119,258
152,100,252
126,95,221
147,99,246
121,135,256
149,127,276
172,106,278
192,112,304
179,129,308
140,131,271
125,125,250
119,121,240
136,105,241
145,88,233
150,153,303
154,165,319
173,162,335
150,170,320
115,176,291
135,173,308
128,179,307
125,206,331
106,238,344
121,243,364
162,204,366
168,184,352
226,125,351
213,115,328
193,148,341
183,117,300
174,106,280
180,116,296
163,107,270
163,102,265
154,124,278
150,134,284
142,129,271
155,143,298
148,143,291
188,163,351
202,183,385
252,152,404
215,184,399
208,187,395
163,156,319
203,163,366
193,163,356
178,155,333
173,152,325
177,157,334
140,158,298
133,159,292
126,156,282
122,152,274
106,170,276
117,186,303
107,183,290
108,179,287
145,145,290
173,111,284
132,101,233
163,102,265
139,88,227
140,151,291
150,144,294
144,145,289
126,149,275
98,137,235
133,123,256
135,108,243
150,91,241
151,138,289
150,153,303
144,156,300
149,164,313
111,213,324
149,228,377
136,233,369
121,231,352
162,158,320
229,135,364
242,138,380
187,139,326
164,135,299
182,139,321
181,164,345
219,175,394
234,140,374
241,154,395
215,110,325
201,119,320
188,124,312
151,116,267
146,129,275
166,103,269
145,114,259
168,125,293
135,134,269
128,141,269
117,171,288
116,185,301
122,202,324
126,238,364
136,247,383
125,259,384
162,233,395
202,182,384
207,164,371
178,161,339
160,158,318
158,154,312
119,140,259
148,123,271
148,115,263
129,109,238
121,112,233
138,117,255
160,132,292
172,115,287
174,105,279
166,117,283
154,120,274
151,117,268
137,121,258
146,108,254
147,129,276
157,113,270
163,94,257
166,117,283
145,120,265
151,116,267
128,115,243
118,214,332
122,301,423
137,309,446
134,311,445
187,242,429
278,156,434
293,137,430
193,103,296
191,122,313
199,107,306
172,102,274
159,106,265
124,107,231
111,101,212
114,97,211
102,107,209
114,105,219
120,100,220
120,100,220
111,97,208
116,92,208
115,109,224
74,119,193
103,133,236
166,127,293
185,98,283
169,165,334
159,159,318
161,145,306
156,122,278
152,102,254
172,93,265
156,100,256
143,100,243
144,96,240
147,122,269
152,110,262
158,110,268
157,149,306
170,128,298
172,138,310
139,142,281
122,142,264
108,127,235
147,124,271
132,134,266
127,144,271
122,148,270
116,168,284
126,181,307
125,175,300
131,174,305
128,169,297
138,152,290
131,146,277
126,140,266
104,133,237
124,128,252
116,131,247
117,128,245
111,123,234
137,119,256
147,105,252
172,113,285
154,115,269
139,101,240
133,105,238
123,106,229
97,102,199
126,118,244
124,126,250
117,150,267
125,164,289
125,191,316
123,201,324
117,205,322
167,175,342
184,185,369
195,172,367
183,138,321
196,114,310
197,112,309
177,95,272
168,94,262
148,101,249
128,104,232
117,102,219
101,108,209
116,105,221
128,90,218
131,85,216
115,106,221
121,118,239
125,123,248
115,129,244
128,118,246
106,152,258
126,174,300
125,175,300
116,166,282
129,162,291
125,141,266
129,145,274
145,148,293
126,160,286
132,156,288
138,146,284
152,132,284
152,124,276
144,118,262
135,111,246
137,106,243
132,102,234
131,112,243
106,121,227
123,143,266
138,148,286
125,157,282
150,152,302
142,164,306
140,199,339
121,212,333
136,252,388
165,246,411
164,243,407
216,219,435
221,185,406
226,166,392
200,153,353
173,147,320
176,118,294
172,111,283
158,112,270
151,123,274
142,119,261
127,116,243
126,106,232
135,92,227
98,87,185
102,115,217
126,108,234
118,97,215
134,89,223
130,124,254
107,136,243
140,143,283
144,143,287
138,150,288
145,163,308
134,161,295
138,150,288
133,138,271
152,109,261
132,90,222
172,128,300
171,113,284
179,88,267
178,147,325
159,143,302
149,127,276
143,118,261
109,113,222
159,116,275
172,132,304
183,101,284
182,99,281
153,104,257
119,100,219
112,99,211
131,101,232
110,98,208
118,104,222
125,104,229
113,97,210
132,91,223
122,84,206
128,106,234
133,100,233
113,98,211
128,91,219
126,90,216
117,87,204
114,93,207
124,90,214
116,89,205
123,99,222
119,115,234
123,126,249
126,126,252
127,126,253
127,119,246
127,114,241
126,111,237
125,108,233
124,103,227
120,99,219
124,96,220
120,91,211
123,84,207
120,96,216
121,133,254
139,116,255
137,106,243
146,94,240
135,93,228
131,131,262
149,111,260
158,106,264
169,126,295
170,95,265
171,91,262
158,103,261
125,112,237
140,104,244
155,112,267
150,117,267
158,115,273
174,104,278
171,100,271
158,108,266
158,88,246
149,93,242
140,92,232
122,96,218
120,95,215
124,86,210
133,79,212
130,90,220
121,96,217
126,93,219
130,96,226
135,96,231
135,100,235
133,102,235
125,115,240
117,114,231
115,111,226
123,107,230
113,102,215
115,98,213
123,92,215
122,93,215
115,94,209
121,92,213
115,94,209
127,83,210
128,89,217
132,87,219
120,85,205
113,83,196
118,98,216
127,91,218
122,88,210
123,83,206
109,80,189
122,90,212
117,90,207
117,95,212
121,98,219
117,97,214
126,90,216
135,76,211
139,104,243
130,105,235
124,97,221
127,93,220
120,87,207
123,88,211
114,91,205
120,90,210
126,92,218
120,100,220
121,98,219
118,102,220
125,98,223
122,91,213
126,95,221
121,97,218
121,98,219
128,94,222
126,130,256
128,142,270
133,137,270
133,132,265
132,126,258
128,128,256
127,130,257
121,168,289
121,175,296
124,201,325
127,220,347
168,190,358
210,166,376
223,157,380
180,158,338
152,158,310
150,157,307
150,162,312
160,165,325
164,150,314
182,127,309
183,128,311
163,142,305
159,200,359
247,93,340
265,111,376
242,103,345
152,128,280
157,140,297
163,152,315
147,156,303
134,163,297
141,155,296
125,150,275
133,149,282
132,150,282
127,160,287
125,158,283
130,147,277
133,143,276
126,138,264
120,133,253
128,126,254
129,115,244
135,104,239
136,95,231
128,90,218
129,81,210
127,100,227
130,109,239
131,105,236
125,109,234
126,115,241
129,123,252
126,125,251
132,113,245
130,116,246
133,127,260
123,132,255
118,139,257
127,133,260
129,134,263
127,136,263
121,136,257
124,140,264
137,134,271
130,146,276
128,146,274
121,145,266
122,135,257
133,123,256
135,109,244
138,103,241
131,94,225
133,83,216
147,99,246
140,90,230
127,87,214
132,81,213
125,101,226
127,113,240
129,105,234
127,96,223
124,90,214
129,86,215
121,80,201
121,90,211
129,120,249
139,120,259
130,125,255
134,129,263
126,137,263
134,141,275
132,151,283
128,166,294
125,160,285
129,158,287
136,165,301
138,159,297
132,152,284
134,142,276
124,136,260
117,130,247
119,121,240
127,115,242
124,109,233
127,101,228
130,95,225
132,93,225
128,95,223
133,85,218
130,90,220
136,106,242
134,102,236
129,101,230
128,99,227
131,94,225
129,97,226
131,114,245
150,90,240
148,129,277
167,119,286
140,114,254
152,100,252
143,101,244
149,104,253
150,94,244
127,97,224
127,94,221
127,88,215
129,84,213
120,99,219
127,116,243
125,127,252
117,136,253
118,141,259
120,137,257
114,134,248
119,131,250
122,140,262
121,146,267
123,145,268
123,151,274
124,166,290
118,185,303
121,201,322
123,197,320
105,191,296
147,152,299
166,129,295
179,111,290
156,99,255
148,88,236
136,153,289
137,136,273
152,122,274
148,106,254
144,135,279
153,126,279
154,111,265
147,99,246
118,96,214
128,98,226
123,107,230
123,196,319
145,278,423
184,244,428
201,237,438
221,236,457
180,210,390
181,194,375
236,156,392
213,122,335
221,108,329
187,95,282
152,175,327
166,163,329
153,164,317
155,144,299
102,125,227
140,111,251
160,98,258
159,117,276
161,104,265
161,88,249
158,164,322
146,162,308
144,163,307
152,137,289
103,120,223
138,107,245
153,100,253
155,114,269
149,105,254
156,96,252
155,115,270
151,102,253
155,87,242
156,157,313
147,154,301
146,155,301
148,135,283
106,119,225
146,100,246
159,110,269
157,101,258
155,89,244
156,168,324
153,158,311
145,154,299
153,124,277
108,112,220
148,98,246
159,117,276
159,102,261
157,88,245
154,161,315
151,151,302
143,148,291
149,125,274
102,110,212
145,97,242
156,116,272
158,103,261
157,100,257
156,135,291
161,147,308
168,130,298
161,113,274
151,101,252
155,118,273
171,126,297
184,112,296
193,95,288
159,129,288
153,119,272
148,103,251
152,122,274
137,127,264
155,111,266
157,108,265
158,91,249
128,86,214
141,87,228
112,119,231
120,130,250
99,130,229
119,135,254
136,161,297
113,164,277
132,153,285
125,159,284
140,157,297
113,172,285
129,180,309
123,188,311
121,208,329
123,205,328
136,200,336
158,177,335
174,156,330
176,141,317
161,137,298
114,130,244
120,123,243
120,119,239
112,115,227
114,121,235
122,125,247
113,121,234
118,117,235
116,108,224
134,102,236
123,104,227
110,99,209
116,99,215
110,105,215
118,127,245
120,124,244
101,151,252
173,129,302
184,135,319
189,147,336
173,140,313
183,159,342
196,164,360
194,156,350
184,148,332
182,164,346
175,168,343
159,189,348
194,156,350
198,149,347
200,146,346
157,157,314
153,147,300
140,150,290
134,156,290
127,162,289
135,163,298
169,139,308
154,140,294
161,132,293
149,144,293
189,108,297
196,124,320
152,126,278
155,112,267
144,107,251
143,126,269
121,151,272
191,110,301
207,97,304
175,164,339
155,171,326
153,169,322
178,180,358
180,173,353
205,160,365
202,144,346
181,147,328
160,134,294
140,135,275
147,140,287
195,111,306
213,140,353
184,152,336
158,162,320
129,160,289
97,162,259
120,160,280
108,159,267
118,166,284
121,173,294
119,185,304
123,195,318
119,177,296
152,161,313
145,164,309
138,156,294
78,150,228
102,137,239
132,134,266
105,134,239
122,161,283
117,178,295
100,177,277
120,169,289
128,170,298
173,144,317
156,159,315
175,168,343
130,161,291
168,116,284
167,97,264
174,82,256
153,161,314
142,169,311
147,167,314
139,181,320
94,200,294
127,220,347
145,188,333
160,174,334
157,167,324
186,152,338
214,151,365
231,158,389
177,140,317
135,138,273
185,106,291
180,108,288
178,104,282
131,119,250
137,117,254
129,109,238
138,101,239
133,113,246
130,101,231
146,95,241
140,83,223
138,164,302
176,128,304
181,118,299
187,114,301
143,106,249
120,121,241
113,127,240
107,133,240
118,134,252
88,128,216
121,140,261
121,131,252
128,134,262
113,134,247
117,136,253
108,126,234
121,135,256
103,129,232
120,158,278
123,160,283
120,165,285
114,169,283
134,171,305
134,169,303
110,187,297
149,157,306
165,139,304
175,118,293
181,85,266
167,157,324
162,159,321
156,171,327
151,159,310
133,148,281
161,129,290
137,123,260
127,114,241
116,106,222
133,94,227
119,90,209
128,141,269
108,135,243
145,132,277
125,133,258
105,134,239
125,148,273
125,146,271
115,137,252
142,117,259
141,111,252
124,102,226
124,128,252
144,134,278
152,136,288
145,127,272
137,126,263
130,130,260
121,142,263
120,146,266
120,140,260
166,103,269
170,146,316
190,118,308
185,97,282
166,112,278
149,118,267
143,123,266
118,132,250
113,152,265
122,161,283
111,165,276
128,164,292
109,163,272
138,173,311
127,169,296
118,186,304
121,190,311
150,144,294
184,117,301
192,103,295
140,95,235
155,109,264
155,183,338
197,136,333
203,118,321
221,122,343
159,113,272
172,125,297
161,140,301
171,152,323
172,168,340
155,185,340
170,148,318
188,112,300
194,104,298
167,100,267
150,84,234
146,80,226
142,96,238
121,112,233
132,118,250
129,147,276
136,169,305
139,257,396
253,128,381
278,102,380
297,130,427
190,117,307
195,95,290
190,97,287
149,96,245
136,111,247
135,104,239
127,94,221
135,99,234
118,97,215
126,92,218
126,79,205
121,107,228
134,112,246
129,103,232
132,101,233
132,95,227
108,93,201
116,99,215
120,107,227
118,107,225
125,112,237
118,110,228
124,104,228
121,98,219
118,117,235
149,120,269
144,128,272
125,145,270
126,165,291
127,167,294
129,158,287
135,148,283
132,154,286
120,153,273
125,158,283
128,155,283
123,166,289
130,164,294
119,157,276
123,148,271
128,140,268
118,134,252
118,127,245
129,116,245
127,110,237
136,96,232
136,90,226
141,113,254
134,108,242
138,104,242
128,99,227
122,94,216
129,83,212
134,91,225
131,98,229
127,96,223
128,92,220
136,91,227
136,92,228
131,88,219
131,82,213
132,95,227
138,95,233
139,80,219
137,91,228
132,86,218
131,100,231
127,94,221
133,88,221
136,91,227
137,81,218
139,110,249
127,119,246
124,131,255
125,135,260
123,143,266
128,140,268
127,138,265
130,137,267
128,133,261
125,148,273
132,145,277
125,144,269
135,136,271
130,138,268
134,142,276
126,142,268
123,137,260
121,133,254
150,107,257
147,108,255
146,108,254
130,101,231
129,103,232
126,105,231
125,128,253
108,138,246
129,139,268
120,174,294
136,173,309
132,173,305
131,173,304
147,156,303
137,155,292
155,170,325
134,175,309
120,179,299
128,184,312
133,186,319
131,185,316
143,165,308
149,149,298
143,139,282
134,133,267
131,122,253
131,192,323
128,259,387
129,276,405
129,273,402
183,224,407
235,182,417
281,128,409
206,120,326
197,94,291
148,88,236
141,78,219
131,90,221
129,87,216
129,133,262
145,140,285
147,142,289
149,131,280
146,127,273
151,125,276
128,139,267
127,143,270
125,149,274
124,156,280
126,158,284
133,153,286
152,140,292
150,134,284
164,114,278
159,99,258
166,146,312
163,157,320
162,175,337
156,189,345
178,158,336
204,129,333
202,123,325
163,116,279
134,126,260
117,134,251
118,160,278
123,176,299
123,189,312
117,199,316
121,210,331
146,192,338
144,201,345
152,185,337
141,185,326
151,192,343
136,183,319
150,176,326
145,175,320
131,177,308
156,174,330
155,171,326
150,159,309
126,155,281
132,147,279
133,145,278
137,137,274
137,116,253
144,109,253
145,103,248
133,94,227
132,84,216
122,99,221
132,100,232
131,100,231
131,91,222
132,90,222
135,87,222
131,80,211
126,102,228
126,116,242
122,109,231
130,103,233
127,102,229
132,98,230
130,89,219
140,99,239
148,97,245
144,93,237
139,100,239
141,96,237
134,121,255
153,107,260
136,105,241
156,99,255
139,88,227
142,80,222
136,93,229
121,92,213
119,93,212
122,93,215
120,83,203
133,102,235
130,115,245
136,104,240
131,106,237
131,119,250
106,130,236
119,132,251
122,129,251
128,113,241
133,103,236
143,105,248
141,92,233
130,96,226
114,105,219
122,106,228
123,104,227
126,100,226
116,105,221
112,103,215
120,101,221
120,98,218
121,101,222
118,107,225
121,104,225
135,99,234
127,94,221
113,88,201
125,100,225
118,103,221
95,119,214
128,151,279
112,159,271
111,164,275
121,181,302
123,213,336
119,214,333
118,208,326
157,178,335
183,158,341
195,159,354
155,151,306
166,139,305
143,139,282
146,129,275
140,113,253
145,100,245
149,93,242
151,106,257
149,109,258
148,105,253
145,94,239
143,102,245
144,88,232
149,107,256
153,104,257
140,102,242
137,92,229
144,99,243
147,96,243
144,115,259
158,90,248
151,87,238
151,95,246
127,100,227
131,104,235
120,103,223
119,97,216
124,96,220
121,93,214
119,89,208
127,89,216
126,89,215
124,91,215
125,88,213
126,89,215
124,85,209
119,81,200
128,95,223
126,117,243
115,126,241
124,126,250
114,125,239
118,120,238
129,111,240
127,110,237
121,108,229
124,102,226
124,96,220
120,89,209
123,85,208
120,84,204
113,80,193
121,100,221
121,99,220
123,94,217
123,93,216
118,89,207
123,92,215
122,97,219
123,99,222
126,103,229
136,106,242
136,124,260
144,138,282
146,153,299
146,160,306
139,159,298
144,169,313
148,172,320
149,188,337
145,221,366
158,236,394
171,227,398
206,180,386
238,127,365
237,118,355
208,152,360
207,146,353
204,153,357
206,147,353
159,138,297
191,122,313
193,126,319
190,157,347
187,165,352
172,180,352
156,201,357
167,202,369
166,215,381
159,230,389
150,235,385
153,236,389
186,193,379
207,170,377
212,165,377
181,147,328
157,139,296
184,96,280
187,135,322
201,109,310
178,103,281
162,131,293
163,113,276
173,99,272
182,126,308
158,138,296
151,142,293
134,147,281
164,112,276
166,106,272
179,89,268
147,90,237
142,101,243
119,109,228
120,123,243
121,127,248
123,128,251
125,123,248
123,124,247
124,123,247
118,116,234
124,114,238
122,112,234
124,112,236
123,111,234
118,108,226
123,104,227
120,101,221
124,96,220
124,90,214
123,86,209
118,101,219
121,109,230
125,109,234
120,118,238
128,114,242
124,109,233
123,103,226
122,98,220
124,91,215
121,93,214
124,98,222
122,93,215
117,89,206
124,83,207
116,82,198
123,81,204
124,77,201
120,101,221
122,113,235
124,118,242
128,115,243
125,120,245
125,145,270
122,157,279
126,166,292
124,189,313
158,151,309
160,140,300
170,124,294
177,124,301
183,106,289
186,91,277
160,163,323
150,162,312
163,140,303
163,123,286
114,106,220
149,100,249
154,121,275
152,112,264
160,98,258
159,115,274
144,108,252
155,98,253
155,112,267
147,126,273
163,128,291
163,135,298
161,145,306
156,159,315
158,203,361
186,186,372
247,132,379
253,135,388
211,119,330
189,126,315
168,145,313
166,138,304
172,128,300
180,114,294
184,116,300
172,172,344
202,149,351
203,152,355
184,158,342
139,165,304
152,199,351
151,235,386
246,279,525
391,135,526
428,174,602
361,177,538
275,175,450
267,178,445
254,184,438
212,178,390
204,189,393
217,177,394
219,162,381
258,160,418
260,170,430
219,171,390
206,176,382
177,188,365
171,182,353
181,137,318
184,147,331
198,150,348
198,134,332
231,178,409
258,131,389
263,144,407
251,161,412
193,163,356
205,163,368
164,167,331
207,157,364
200,181,381
209,164,373
219,129,348
218,179,397
247,138,385
216,153,369
207,163,370
161,170,331
166,166,332
161,185,346
152,199,351
136,225,361
155,219,374
154,219,373
173,197,370
183,175,358
232,145,377
239,121,360
228,132,360
177,133,310
176,104,280
176,150,326
187,145,332
178,134,312
174,123,297
170,108,278
164,129,293
178,144,322
169,145,314
170,125,295
160,124,284
170,129,299
178,157,335
198,157,355
208,169,377
203,172,375
170,170,340
179,168,347
175,162,337
179,155,334
169,146,315
164,141,305
170,169,339
205,168,373
253,138,391
248,128,376
220,167,387
200,121,321
199,141,340
221,148,369
202,138,340
205,134,339
203,134,337
198,167,365
246,151,397
225,153,378
205,145,350
166,144,310
175,185,360
163,184,347
181,170,351
180,173,353
189,184,373
161,164,325
189,137,326
200,113,313
187,142,329
157,214,371
222,165,387
254,137,391
238,141,379
178,130,308
169,144,313
177,174,351
174,172,346
194,185,379
212,167,379
202,164,366
167,161,328
176,309,485
203,355,558
258,343,601
265,325,590
303,291,594
272,284,556
241,273,514
219,250,469
212,227,439
234,221,455
241,213,454
211,252,463
238,216,454
230,196,426
247,147,394
263,143,406
259,154,413
250,175,425
253,178,431
232,169,401
218,168,386
165,155,320
168,147,315
167,138,305
165,133,298
159,150,309
148,157,305
154,198,352
173,184,357
238,140,378
270,141,411
276,135,411
229,135,364
195,138,333
219,181,400
224,208,432
275,163,438
281,141,422
223,197,420
210,182,392
210,169,379
193,145,338
189,134,323
159,126,285
154,126,280
187,203,390
248,156,404
267,137,404
256,118,374
187,122,309
192,136,328
158,176,334
144,181,325
140,204,344
165,167,332
189,158,347
191,122,313
192,112,304
175,106,281
174,139,313
178,145,323
199,128,327
187,176,363
247,128,375
238,119,357
272,162,434
233,216,449
198,226,424
179,234,413
244,139,383
271,111,382
277,105,382
181,132,313
160,123,283
155,122,277
165,137,302
160,136,296
176,119,295
173,124,297
175,130,305
152,129,281
154,136,290
161,185,346
158,238,396
152,238,390
183,228,411
214,217,431
219,229,448
184,229,413
160,224,384
191,179,370
201,159,360
223,123,346
210,161,371
229,127,356
199,155,354
193,172,365
166,169,335
170,179,349
185,155,340
177,148,325
180,134,314
171,154,325
196,132,328
195,120,315
192,122,314
164,125,289
180,185,365
191,223,414
252,171,423
261,133,394
278,110,388
230,123,353
190,126,316
169,115,284
158,155,313
174,131,305
188,157,345
205,157,362
193,155,348
200,197,397
178,226,404
155,297,452
191,261,452
197,264,461
176,293,469
204,234,438
236,224,460
196,233,429
253,172,425
244,176,420
216,203,419
212,209,421
249,176,425
236,184,420
231,169,400
193,165,358
164,187,351
158,209,367
180,191,371
203,215,418
241,181,422
242,156,398
238,151,389
209,164,373
148,184,332
162,186,348
166,171,337
181,146,327
173,197,370
162,205,367
156,211,367
223,139,362
231,167,398
201,172,373
172,157,329
176,147,323
183,123,306
172,185,357
204,174,378
241,139,380
249,124,373
165,148,313
187,126,313
191,116,307
196,133,329
209,104,313
200,180,380
187,186,373
202,135,337
209,133,342
167,116,283
168,107,275
168,105,273
154,111,265
161,160,321
162,150,312
185,135,320
196,101,297
201,139,340
170,131,301
173,152,325
176,153,329
179,154,333
217,173,390
234,139,373
250,134,384
227,132,359
174,151,325
170,182,352
192,141,333
236,180,416
282,131,413
261,117,378
229,115,344
186,100,286
172,189,361
172,179,351
210,138,348
223,133,356
172,158,330
229,167,396
251,158,409
271,141,412
228,143,371
204,132,336
176,151,327
171,137,308
225,179,404
236,182,418
254,159,413
204,172,376
198,190,388
253,188,441
251,186,437
293,192,485
278,202,480
266,197,463
180,203,383
204,136,340
258,194,452
276,215,491
260,156,416
224,138,362
197,136,333
147,162,309
142,157,299
155,170,325
193,209,402
244,184,428
247,150,397
195,151,346
182,152,334
145,169,314
151,146,297
179,123,302
210,173,383
203,162,365
215,156,371
211,181,392
209,153,362
193,132,325
210,154,364
212,133,345
226,108,334
202,182,384
206,154,360
227,131,358
219,128,347
190,131,321
195,177,372
214,163,377
247,154,401
229,160,389
202,161,363
184,146,330
205,152,357
237,164,401
239,151,390
244,147,391
233,134,367
209,126,335
194,139,333
192,152,344
188,189,377
199,181,380
204,175,379
248,178,426
285,158,443
283,146,429
278,137,415
216,152,368
212,142,354
209,143,352
186,163,349
151,168,319
175,132,307
195,128,323
234,166,400
233,149,382
229,164,393
193,165,358
169,148,317
171,150,321
163,153,316
145,145,290
137,163,300
144,183,327
145,174,319
172,144,316
210,134,344
247,120,367
234,167,401
235,138,373
246,198,444
220,200,420
178,192,370
233,145,378
247,136,383
270,165,435
250,141,391
224,143,367
204,178,382
158,182,340
135,181,316
133,193,326
140,190,330
142,190,332
129,190,319
147,168,315
152,165,317
149,171,320
130,178,308
136,166,302
143,169,312
138,172,310
121,169,290
125,165,290
127,157,284
161,121,282
173,118,291
161,119,280
124,133,257
117,139,256
122,131,253
135,119,254
147,115,262
142,127,269
129,141,270
132,143,275
143,145,288
146,144,290
143,136,279
146,130,276
138,139,277
132,160,292
129,155,284
116,146,262
146,133,279
148,129,277
126,124,250
133,126,259
178,119,297
188,116,304
204,101,305
184,150,334
180,152,332
169,160,329
206,126,332
215,100,315
226,146,372
166,167,333
161,199,360
170,186,356
182,176,358
193,181,374
184,164,348
201,127,328
188,262,450
348,153,501
330,186,516
405,139,544
270,126,396
249,124,373
221,174,395
238,156,394
243,158,401
213,159,372
181,155,336
159,175,334
171,175,346
164,179,343
203,190,393
217,181,398
240,161,401
213,154,367
180,162,342
170,171,341
159,160,319
174,169,343
221,125,346
250,122,372
230,126,356
164,126,290
135,118,253
131,109,240
124,117,241
128,146,274
116,158,274
127,168,295
154,154,308
151,164,315
161,164,325
153,160,313
136,160,296
121,164,285
117,183,300
116,205,321
111,234,345
125,243,368
159,208,367
187,186,373
195,188,383
165,182,347
145,181,326
138,184,322
140,200,340
135,239,374
143,258,401
148,265,413
165,242,407
205,193,398
223,154,377
208,137,345
175,128,303
143,124,267
144,111,255
139,107,246
129,128,257
118,131,249
126,116,242
126,110,236
128,105,233
123,103,226
115,104,219
121,101,222
122,95,217
120,96,216
119,98,217
125,88,213
130,80,210
129,102,231
130,114,244
123,116,239
128,110,238
129,111,240
118,111,229
132,109,241
133,109,242
139,102,241
132,96,228
139,90,229
131,97,228
131,91,222
132,92,224
135,89,224
129,92,221
127,89,216
127,106,233
125,293,418
130,292,422
139,285,424
248,183,431
281,144,425
259,155,414
239,118,357
220,99,319
196,86,282
157,104,261
150,94,244
150,127,277
149,114,263
134,103,237
145,94,239
137,118,255
148,109,257
147,98,245
139,91,230
141,108,249
140,102,242
143,137,280
150,145,295
171,138,309
194,149,343
214,150,364
202,137,339
197,138,335
190,153,343
204,155,359
245,174,419
229,194,423
205,194,399
195,195,390
222,168,390
225,141,366
232,121,353
212,151,363
191,153,344
186,144,330
185,146,331
171,151,322
161,135,296
172,122,294
160,106,266
152,101,253
137,105,242
126,115,241
139,107,246
136,103,239
132,91,223
134,92,226
114,91,205
124,88,212
128,123,251
129,126,255
131,119,250
133,115,248
124,135,259
127,151,278
122,154,276
133,171,304
155,171,326
160,168,328
172,151,323
164,142,306
164,135,299
156,133,289
137,131,268
134,147,281
137,145,282
124,150,274
148,170,318
162,162,324
188,125,313
183,114,297
164,121,285
131,157,288
128,165,293
136,148,284
151,134,285
151,127,278
151,129,280
133,131,264
134,123,257
140,120,260
158,106,264
156,115,271
160,127,287
158,122,280
157,106,263
149,101,250
160,104,264
151,116,267
159,120,279
160,118,278
171,153,324
196,133,329
210,149,359
200,143,343
160,148,308
159,153,312
155,149,304
144,159,303
164,143,307
163,144,307
190,127,317
187,122,309
180,123,303
160,130,290
153,144,297
153,163,316
153,159,312
188,117,305
203,98,301
205,140,345
165,149,314
164,143,307
175,126,301
178,156,334
204,155,359
200,160,360
209,153,362
175,158,333
178,201,379
161,205,366
162,211,373
196,184,380
207,173,380
219,166,385
181,169,350
189,136,325
179,136,315
197,135,332
177,159,336
183,140,323
175,128,303
178,118,296
176,105,281
171,153,324
162,156,318
158,153,311
161,156,317
163,158,321
157,155,312
168,156,324
159,162,321
162,167,329
156,168,324
166,167,333
155,179,334
150,188,338
146,183,329
154,183,337
147,185,332
166,166,332
191,137,328
203,130,333
200,114,314
182,116,298
165,111,276
147,126,273
149,147,296
156,172,328
149,180,329
155,167,322
165,157,322
162,155,317
185,140,325
189,125,314
187,163,350
172,157,329
162,147,309
175,142,317
160,153,313
166,149,315
159,164,323
186,137,323
185,143,328
203,159,362
194,165,359
194,167,361
186,156,342
179,148,327
181,140,321
178,165,343
195,156,351
209,136,345
201,134,335
197,159,356
171,159,330
182,167,349
201,172,373
220,162,382
269,175,444
273,144,417
256,127,383
209,124,333
192,103,295
183,106,289
179,150,329
159,153,312
176,145,321
166,143,309
163,139,302
144,172,316
119,177,296
129,180,309
124,190,314
123,197,320
129,189,318
157,173,330
159,162,321
155,156,311
134,151,285
119,163,282
119,182,301
117,193,310
131,192,323
133,197,330
157,183,340
154,192,346
135,196,331
145,188,333
163,173,336
164,175,339
151,160,311
166,144,310
170,134,304
175,139,314
150,144,294
153,150,303
150,160,310
174,142,316
186,139,325
225,135,360
227,120,347
216,152,368
205,138,343
170,139,309
156,128,284
167,112,279
158,92,250
172,128,300
153,142,295
153,145,298
152,127,279
160,111,271
160,96,256
161,125,286
155,121,276
151,130,281
167,129,296
193,125,318
200,122,322
188,141,329
187,156,343
184,150,334
225,140,365
214,173,387
233,137,370
229,143,372
219,153,372
168,146,314
194,132,326
171,162,333
201,139,340
184,131,315
212,136,348
190,133,323
205,114,319
168,111,279
154,144,298
185,145,330
184,139,323
187,123,310
165,148,313
186,130,316
188,129,317
182,129,311
153,108,261
160,100,260
166,93,259
137,167,304
156,182,338
157,178,335
155,180,335
156,157,313
158,141,299
161,127,288
147,115,262
150,113,263
172,156,328
187,145,332
186,147,333
170,152,322
109,163,272
124,156,280
132,158,290
134,154,288
107,160,267
131,165,296
116,196,312
113,199,312
122,199,321
128,194,322
219,122,341
235,136,371
227,155,382
136,156,292
125,170,295
137,194,331
127,226,353
130,226,356
122,216,338
169,181,350
205,145,350
211,123,334
198,159,357
198,133,331
208,120,328
193,126,319
150,136,286
133,135,268
125,131,256
126,136,262
117,141,258
124,175,299
120,200,320
127,194,321
136,188,324
143,169,312
151,161,312
147,152,299
132,155,287
120,162,282
123,158,281
116,164,280
138,150,288
128,149,277
134,166,300
125,181,306
116,199,315
128,202,330
138,203,341
145,231,376
155,209,364
174,198,372
186,175,361
160,165,325
161,145,306
154,139,293
137,135,272
141,132,273
127,129,256
141,110,251
143,107,250
141,112,253
123,113,236
122,116,238
134,110,244
138,104,242
147,100,247
122,93,215
142,99,241
131,110,241
126,121,247
117,139,256
125,173,298
130,234,364
230,200,430
330,158,488
357,176,533
275,171,446
219,155,374
211,144,355
207,162,369
188,150,338
193,130,323
180,148,328
166,149,315
158,165,323
161,160,321
152,154,306
143,168,311
145,189,334
166,171,337
195,137,332
199,135,334
186,116,302
176,151,327
186,142,328
190,129,319
184,140,324
153,178,331
182,160,342
191,146,337
198,149,347
170,151,321
140,149,289
157,139,296
160,128,288
164,139,303
157,140,297
141,137,278
156,113,269
176,129,305
190,136,326
168,130,298
160,109,269
146,99,245
136,91,227
131,85,216
130,162,292
135,162,297
146,168,314
151,168,319
118,180,298
143,176,319
140,177,317
123,213,336
152,203,355
162,214,376
189,204,393
199,204,403
213,178,391
220,144,364
201,144,345
183,123,306
161,101,262
159,93,252
160,128,288
157,123,280
153,115,268
148,102,250
136,91,227
103,97,200
111,238,349
119,244,363
112,270,382
133,287,420
244,232,476
253,200,453
225,190,415
152,181,333
151,175,326
152,162,314
148,170,318
130,175,305
121,178,299
119,177,296
135,154,289
137,155,292
124,159,283
118,156,274
118,149,267
120,163,283
127,158,285
128,164,292
130,158,288
126,160,286
114,165,279
139,146,285
151,149,300
157,149,306
149,151,300
144,160,304
151,171,322
148,178,326
142,177,319
151,182,333
158,172,330
160,170,330
161,155,316
155,150,305
147,164,311
137,160,297
140,169,309
149,161,310
150,156,306
150,164,314
149,175,324
154,173,327
165,152,317
175,175,350
223,158,381
221,173,394
239,150,389
216,122,338
223,98,321
192,114,306
165,156,321
167,144,311
195,147,342
218,122,340
198,127,325
193,177,370
209,164,373
203,163,366
208,149,357
165,136,301
166,131,297
167,121,288
164,113,277
160,101,261
160,120,280
146,112,258
154,112,266
156,126,282
179,104,283
175,92,267
166,79,245
140,122,262
133,158,291
165,132,297
180,146,326
175,176,351
130,176,306
137,185,322
148,191,339
178,155,333
189,127,316
204,90,294
189,144,333
200,132,332
169,121,290
182,107,289
157,152,309
186,132,318
173,156,329
161,153,314
143,145,288
143,150,293
134,155,289
124,151,275
123,145,268
121,149,270
125,169,294
103,172,275
115,184,299
122,179,301
132,187,319
100,192,292
160,162,322
176,130,306
193,104,297
195,90,285
171,90,261
143,88,231
134,82,216
130,114,244
133,116,249
133,113,246
134,116,250
122,115,237
124,117,241
124,118,242
126,118,244
125,115,240
124,117,241
123,123,246
126,122,248
126,127,253
126,129,255
123,128,251
121,134,255
124,133,257
126,131,257
127,132,259
134,126,260
134,124,258
140,120,260
134,119,253
131,117,248
132,122,254
123,124,247
131,115,246
130,118,248
130,116,246
124,119,243
123,117,240
127,115,242
126,116,242
129,117,246
125,114,239
125,117,242
122,117,239
125,118,243
125,116,241
125,112,237
123,115,238
129,105,234
130,107,237
143,98,241
143,93,236
145,88,233
140,85,225
132,84,216
131,87,218
125,85,210
124,88,212
128,81,209
127,116,243
129,113,242
132,110,242
134,115,249
127,118,245
126,116,242
124,117,241
124,123,247
121,130,251
122,132,254
122,160,282
124,188,312
127,185,312
143,168,311
175,127,302
184,125,309
183,164,347
220,141,361
226,126,352
213,114,327
136,113,249
114,109,223
121,120,241
118,124,242
124,123,247
127,119,246
100,121,221
126,126,252
121,141,262
120,160,280
114,150,264
129,163,292
126,170,296
121,167,288
114,166,280
143,141,284
156,125,281
158,133,291
134,153,287
121,169,290
122,167,289
124,169,293
134,169,303
141,168,309
141,168,309
166,168,334
200,164,364
231,156,387
232,134,366
204,154,358
158,167,325
141,169,310
141,161,302
150,184,334
194,158,352
218,134,352
206,131,337
176,127,303
153,115,268
159,104,263
152,108,260
148,156,304
170,152,322
196,133,329
185,154,339
151,156,307
125,163,288
141,163,304
156,154,310
156,170,326
154,174,328
158,187,345
168,192,360
164,207,371
189,178,367
193,174,367
187,186,373
187,186,373
175,202,377
163,208,371
156,206,362
161,214,375
165,216,381
168,210,378
197,183,380
223,168,391
231,173,404
196,157,353
198,152,350
214,144,358
225,135,360
212,131,343
178,145,323
157,143,300
167,133,300
163,128,291
155,133,288
131,141,272
128,141,269
123,167,290
113,181,294
120,194,314
125,186,311
145,186,331
169,177,346
165,198,363
158,195,353
132,203,335
139,187,326
155,191,346
146,198,344
176,172,348
178,165,343
169,160,329
134,152,286
117,150,267
124,149,273
122,145,267
119,141,260
122,135,257
112,135,247
125,134,259
120,150,270
122,171,293
120,191,311
131,208,339
160,198,358
171,208,379
196,207,403
214,163,377
225,142,367
248,166,414
251,142,393
238,126,364
189,137,326
139,149,288
118,165,283
119,165,284
115,167,282
115,168,283
123,171,294
125,175,300
135,179,314
131,202,333
123,200,323
135,204,339
138,220,358
176,188,364
191,189,380
189,204,393
166,222,388
133,216,349
149,218,367
212,155,367
223,160,383
227,183,410
162,198,360
166,172,338
175,151,326
155,154,309
157,161,318
141,169,310
138,174,312
121,175,296
134,154,288
158,131,289
177,108,285
131,94,225
145,85,230
136,102,238
129,111,240
140,165,305
141,188,329
153,200,353
161,204,365
187,188,375
196,184,380
215,184,399
216,169,385
195,156,351
175,176,351
162,191,353
165,196,361
166,196,362
211,166,377
247,146,393
252,159,411
257,123,380
232,120,352
214,149,363
218,125,343
200,134,334
208,128,336
194,112,306
179,151,330
177,139,316
168,127,295
170,107,277
160,121,281
166,113,279
164,105,269
164,112,276
164,106,270
158,155,313
177,135,312
170,133,303
160,131,291
124,136,260
117,139,256
132,141,273
130,142,272
137,142,279
141,145,286
139,141,280
139,138,277
163,102,265
185,131,316
196,119,315
174,123,297
165,119,284
155,113,268
159,188,347
177,154,331
194,135,329
183,141,324
98,155,253
123,174,297
133,180,313
133,184,317
145,199,344
280,146,426
295,154,449
298,142,440
155,147,302
133,153,286
118,164,282
122,190,312
118,198,316
121,203,324
123,207,330
181,155,336
193,159,352
181,160,341
136,164,300
97,159,256
150,133,283
142,115,257
190,95,285
174,92,266
153,99,252
122,118,240
117,118,235
125,180,305
180,149,329
166,145,311
175,156,331
142,150,292
143,166,309
140,166,306
130,166,296
129,188,317
171,150,321
186,138,324
172,176,348
159,168,327
174,128,302
178,110,288
185,96,281
142,84,226
141,104,245
131,146,277
132,220,352
131,307,438
138,328,466
121,334,455
196,265,461
304,155,459
364,138,502
84,144,228
114,142,256
150,129,279
132,124,256
135,115,250
106,118,224
136,106,242
137,153,290
149,141,290
129,136,265
124,124,248
82,109,191
126,91,217
161,156,317
157,159,316
147,173,320
140,180,320
105,167,272
145,162,307
140,151,291
152,160,312
151,164,315
156,148,304
159,137,296
175,123,298
168,112,280
171,121,292
178,188,366
202,154,356
193,169,362
179,163,342
119,147,266
157,132,289
139,130,269
115,127,242
127,118,245
146,148,294
188,121,309
204,142,346
210,112,322
176,104,280
183,102,285
163,99,262
136,115,251
151,107,258
146,105,251
143,97,240
136,119,255
147,126,273
148,124,272
143,131,274
135,138,273
123,151,274
120,144,264
131,133,264
168,94,262
178,165,343
180,157,337
149,151,300
139,145,284
95,138,233
134,131,265
162,103,265
171,117,288
168,113,281
135,111,246
154,100,254
159,113,272
156,109,265
155,130,285
164,151,315
180,142,322
209,167,376
241,139,380
214,140,354
201,143,344
168,157,325
159,146,305
179,118,297
177,106,283
174,110,284
163,112,275
162,102,264
155,151,306
172,123,295
174,137,311
185,128,313
179,134,313
204,129,333
170,148,318
209,123,332
214,137,351
211,148,359
210,135,345
229,127,356
206,127,333
187,117,304
168,102,270
158,142,300
167,141,308
159,127,286
141,120,261
112,118,230
107,116,223
120,116,236
115,118,233
124,111,235
125,108,233
124,110,234
123,121,244
116,123,239
124,120,244
126,116,242
137,96,233
144,120,264
152,103,255
149,89,238
143,80,223
134,130,264
118,141,259
159,120,279
149,122,271
152,130,282
129,158,287
99,183,282
128,177,305
129,193,322
133,219,352
118,238,356
160,226,386
121,256,377
188,234,422
191,245,436
227,236,463
203,244,447
194,254,448
175,246,421
182,233,415
194,210,404
200,181,381
186,168,354
197,128,325
192,112,304
190,116,306
161,109,270
179,123,302
172,139,311
167,150,317
154,148,302
148,171,319
177,154,331
203,129,332
187,115,302
182,166,348
160,152,312
164,176,340
147,184,331
131,145,276
192,107,299
182,158,340
198,180,378
169,203,372
163,216,379
121,226,347
149,211,360
163,213,376
242,176,418
219,176,395
223,144,367
168,128,296
167,117,284
152,111,263
143,94,237
148,114,262
138,130,268
125,124,249
146,116,262
146,123,269
171,138,309
201,108,309
186,129,315
196,117,313
163,117,280
171,135,306
159,152,311
172,189,361
163,191,354
173,188,361
164,219,383
198,202,400
230,166,396
245,152,397
224,149,373
170,150,320
150,173,323
148,177,325
169,149,318
201,105,306
197,92,289
171,131,302
153,130,283
150,122,272
159,109,268
167,117,284
164,134,298
138,149,287
121,160,281
106,156,262
133,154,287
128,150,278
131,167,298
112,175,287
129,181,310
110,183,293
118,200,318
135,170,305
176,155,331
181,140,321
154,130,284
120,114,234
137,109,246
139,116,255
161,97,258
147,96,243
137,108,245
146,184,330
165,149,314
172,146,318
158,144,302
108,130,238
144,118,262
147,111,258
153,115,268
164,123,287
125,124,249
138,124,262
127,131,258
117,125,242
144,120,264
143,134,277
134,144,278
110,154,264
111,156,267
127,155,282
116,171,287
121,181,302
120,177,297
121,186,307
147,155,302
168,127,295
176,123,299
153,131,284
130,134,264
119,147,266
128,158,286
118,161,279
121,167,288
126,155,281
118,154,272
115,150,265
102,147,249
131,143,274
128,143,271
108,140,248
130,140,270
126,142,268
106,139,245
125,144,269
105,171,276
124,187,311
104,196,300
130,198,328
148,182,330
157,185,342
154,182,336
124,175,299
134,173,307
171,142,313
169,137,306
172,134,306
148,120,268
149,103,252
162,94,256
154,88,242
126,88,214
109,83,192
119,101,220
109,120,229
123,142,265
112,159,271
120,173,293
107,169,276
128,171,299
128,167,295
97,161,258
135,154,289
146,141,287
136,146,282
130,169,299
120,188,308
118,188,306
121,187,308
131,167,298
172,128,300
186,110,296
183,100,283
146,102,248
150,114,264
148,161,309
163,129,292
166,135,301
162,128,290
100,125,225
128,120,248
122,115,237
119,132,251
106,143,249
122,152,274
120,156,276
129,163,292
134,167,301
135,172,307
119,179,298
105,180,285
132,170,302
151,146,297
155,140,295
134,143,277
117,144,261
121,155,276
116,156,272
121,153,274
106,149,255
124,148,272
119,146,265
117,161,278
141,144,285
145,149,294
145,145,290
128,144,272
128,142,270
127,138,265
109,129,238
142,127,269
133,126,259
126,131,257
125,131,256
127,128,255
126,130,256
129,125,254
127,130,257
126,129,255
126,129,255
128,133,261
129,131,260
131,127,258
129,130,259
130,127,257
128,125,253
125,122,247
124,136,260
132,125,257
130,123,253
142,109,251
134,105,239
134,101,235
129,95,224
134,89,223
139,104,243
137,111,248
136,116,252
129,124,253
153,105,258
155,108,263
159,114,273
128,121,249
125,122,247
121,133,254
122,140,262
124,145,269
125,152,277
126,161,287
126,169,295
128,165,293
128,170,298
126,173,299
123,180,303
124,185,309
137,174,311
138,179,317
139,182,321
136,178,314
135,179,314
143,179,322
134,188,322
140,211,351
134,215,349
141,204,345
147,196,343
183,163,346
208,129,337
216,152,368
219,143,362
214,137,351
218,146,364
209,137,346
214,147,361
214,126,340
193,118,311
175,206,381
238,219,457
328,138,466
342,134,476
270,143,413
182,153,335
174,170,344
157,169,326
146,171,317
143,163,306
149,151,300
166,155,321
168,162,330
182,140,322
196,119,315
203,100,303
188,134,322
189,134,323
177,128,305
170,147,317
135,159,294
116,175,291
120,307,427
116,313,429
122,318,440
211,245,456
282,206,488
303,228,531
247,201,448
225,185,410
245,155,400
230,135,365
231,136,367
195,160,355
173,176,349
161,171,332
153,175,328
157,185,342
169,179,348
165,178,343
161,169,330
152,161,313
142,173,315
134,186,320
107,196,303
121,225,346
142,221,363
145,219,364
166,195,361
172,159,331
188,153,341
169,144,313
166,122,288
167,114,281
148,118,266
182,128,310
175,118,293
167,102,269
147,86,233
130,109,239
144,104,248
162,162,324
136,171,307
146,178,324
139,205,344
85,203,288
132,180,312
168,142,310
174,127,301
176,110,286
144,105,249
114,97,211
115,95,210
131,134,265
168,138,306
178,160,338
224,163,387
217,135,352
213,124,337
200,123,323
167,154,321
207,120,327
203,137,340
223,152,375
184,163,347
168,189,357
175,195,370
198,196,394
208,188,396
196,167,363
204,178,382
170,306,476
182,545,727
195,538,733
333,442,775
451,332,783
490,266,756
243,234,477
263,227,490
182,217,399
190,216,406
180,199,379
177,177,354
173,162,335
184,142,326
196,124,320
208,104,312
187,105,292
160,108,268
151,126,277
157,133,290
160,131,291
195,116,311
203,141,344
221,135,356
223,136,359
212,144,356
178,145,323
162,133,295
161,112,273
180,93,273
165,100,265
151,133,284
140,126,266
142,128,270
140,127,267
117,122,239
93,113,206
104,113,217
131,112,243
119,107,226
120,108,228
117,108,225
123,112,235
119,124,243
120,119,239
126,109,235
130,113,243
96,105,201
108,98,206
128,93,221
96,87,183
116,118,234
121,127,248
124,114,238
145,116,261
135,112,247
124,105,229
103,107,210
130,122,252
118,132,250
121,152,273
101,168,269
131,166,297
146,161,307
142,163,305
128,177,305
115,187,302
110,196,306
106,194,300
156,148,304
208,104,312
218,123,341
198,115,313
176,165,341
188,143,331
194,126,320
179,118,297
149,116,265
124,113,237
122,108,230
126,99,225
115,89,204
126,87,213
121,101,222
104,121,225
123,128,251
117,123,240
127,117,244
117,111,228
124,119,243
123,115,238
120,119,239
131,117,248
129,124,253
122,140,262
108,151,259
128,147,275
121,149,270
109,143,252
120,142,262
105,140,245
117,138,255
117,135,252
120,130,250
102,123,225
124,121,245
111,125,236
119,119,238
115,114,229
106,108,214
124,102,226
123,107,230
116,103,219
126,123,249
126,141,267
123,142,265
118,148,266
136,136,272
136,154,290
134,156,290
121,176,297
112,174,286
121,170,291
107,163,270
173,140,313
207,117,324
204,114,318
176,86,262
136,80,216
117,83,200
118,84,202
106,92,198
110,99,209
122,95,217
118,96,214
118,94,212
119,88,207
115,84,199
105,102,207
129,104,233
131,112,243
126,102,228
131,96,227
120,91,211
111,85,196
95,86,181
122,88,210
118,94,212
107,90,197
124,124,248
110,141,251
125,150,275
110,152,262
117,158,275
125,178,303
127,172,299
130,166,296
124,167,291
143,161,304
150,157,307
193,107,300
192,136,328
201,128,329
167,111,278
146,94,240
130,105,235
135,118,253
149,143,292
176,118,294
169,112,281
170,106,276
137,93,230
121,122,243
109,125,234
122,119,241
133,101,234
130,90,220
133,83,216
125,140,265
134,146,280
134,150,284
136,149,285
101,155,256
131,155,286
129,159,288
142,154,296
130,152,282
132,137,269
130,121,251
158,146,304
181,125,306
194,126,320
197,134,331
180,138,318
181,146,327
171,147,318
178,128,306
188,112,300
192,99,291
176,104,280
157,121,278
176,96,272
177,135,312
175,136,311
151,152,303
144,161,305
130,172,302
142,174,316
151,172,323
160,175,335
151,181,332
143,181,324
129,175,304
137,172,309
138,181,319
151,193,344
149,221,370
148,220,368
131,210,341
181,165,346
163,142,305
209,119,328
166,102,268
157,87,244
142,86,228
131,81,212
107,122,229
128,135,263
126,138,264
128,144,272
128,150,278
139,154,293
134,155,289
138,150,288
131,161,292
123,182,305
104,221,325
134,227,361
134,228,362
153,232,385
167,220,387
180,223,403
172,216,388
163,218,381
182,213,395
182,199,381
217,153,370
231,126,357
235,110,345
210,98,308
178,115,293
156,114,270
155,127,282
162,129,291
144,136,280
140,135,275
106,144,250
144,139,283
134,136,270
135,128,263
130,124,254
139,113,252
150,98,248
141,88,229
120,82,202
115,118,233
133,113,246
143,101,244
145,101,246
140,109,249
131,104,235
108,131,239
135,138,273
145,141,286
139,150,289
121,148,269
130,160,290
119,149,268
132,145,277
129,151,280
129,133,262
146,138,284
164,135,299
143,144,287
143,135,278
179,123,302
202,86,288
199,116,315
188,99,287
153,133,286
168,119,287
152,112,264
160,137,297
147,127,274
174,108,282
154,130,284
174,136,310
183,126,309
196,119,315
181,115,296
184,138,322
191,125,316
187,123,310
187,139,326
171,166,337
227,136,363
230,161,391
236,131,367
195,123,318
182,146,328
144,148,292
140,143,283
157,104,261
162,91,253
142,123,265
158,117,275
181,136,317
177,129,306
152,117,269
156,98,254
138,105,243
148,98,246
158,130,288
162,120,282
151,107,258
149,109,258
138,96,234
114,94,208
141,98,239
122,98,220
118,104,222
123,104,227
115,105,220
126,123,249
125,125,250
139,126,265
129,126,255
94,122,216
72,122,194
96,119,215
128,116,244
95,112,207
126,106,232
123,106,229
113,110,223
127,106,233
123,102,225
124,100,224
109,104,213
88,98,186
120,96,216
122,107,229
123,114,237
121,122,243
124,123,247
122,120,242
91,117,208
123,119,242
125,126,251
122,159,281
122,173,295
114,177,291
118,194,312
115,193,308
149,161,310
169,149,318
203,278,481
212,267,479
292,188,480
327,141,468
335,118,453
234,107,341
183,116,299
190,91,281
175,134,309
149,118,267
151,113,264
178,101,279
166,90,256
180,100,280
147,89,236
143,130,273
145,122,267
141,114,255
134,121,255
136,115,251
143,109,252
144,109,253
131,108,239
137,123,260
153,121,274
157,120,277
151,108,259
131,100,231
132,103,235
127,109,236
117,115,232
126,110,236
106,107,213
131,96,227
131,88,219
107,116,223
157,108,265
152,89,241
168,125,293
149,115,264
142,101,243
134,102,236
131,98,229
126,82,208
134,112,246
121,105,226
140,91,231
138,79,217
131,102,233
138,93,231
121,92,213
131,86,217
135,112,247
141,119,260
142,108,250
140,98,238
144,88,232
140,112,252
135,118,253
138,103,241
138,94,232
135,86,221
128,86,214
126,84,210
119,82,201
123,82,205
118,87,205
120,86,206
127,104,231
126,116,242
133,110,243
129,116,245
126,111,237
126,111,237
127,104,231
119,99,218
126,101,227
117,99,216
124,99,223
125,99,224
130,91,221
136,88,224
131,98,229
138,92,230
132,91,223
134,88,222
133,87,220
132,87,219
127,92,219
128,120,248
128,151,279
180,130,310
209,151,360
227,136,363
212,118,330
189,115,304
159,112,271
148,114,262
145,114,259
144,111,255
145,110,255
146,104,250
145,102,247
143,116,259
142,133,275
141,136,277
139,140,279
151,128,279
150,131,281
150,127,277
134,130,264
134,134,268
140,141,281
140,150,290
139,146,285
140,136,276
163,116,279
181,94,275
189,101,290
162,98,260
158,102,260
158,92,250
156,109,265
154,98,252
166,163,329
167,157,324
155,160,315
150,140,290
117,122,239
180,180,360
197,164,361
168,159,327
156,140,296
95,124,219
135,152,287
193,129,322
201,128,329
204,132,336
159,142,301
156,147,303
158,155,313
160,161,321
160,168,328
158,179,337
150,194,344
148,202,350
146,209,355
158,214,372
160,222,382
161,226,387
158,234,392
174,209,383
171,198,369
181,175,356
174,166,340
184,149,333
190,124,314
185,125,310
170,125,295
141,120,261
153,131,284
164,149,313
168,188,356
157,198,355
143,201,344
181,159,340
187,144,331
228,126,354
212,102,314
200,93,293
167,122,289
145,115,260
151,97,248
142,183,325
155,180,335
130,175,305
145,159,304
114,142,256
164,115,279
189,147,336
197,152,349
186,156,342
147,171,318
118,178,296
159,156,315
199,138,337
189,139,328
185,107,292
180,114,294
188,187,375
200,146,346
192,140,332
184,140,324
103,162,265
132,186,318
96,182,278
114,178,292
133,172,305
161,120,281
194,99,293
207,97,304
155,126,281
147,128,275
156,110,266
166,123,289
170,125,295
173,118,291
159,99,258
159,138,297
150,134,284
165,110,275
155,170,325
173,157,330
159,156,315
156,156,312
116,161,277
128,161,289
114,158,272
113,163,276
120,211,331
112,228,340
107,231,338
135,236,371
216,153,369
250,118,368
266,86,352
178,107,285
171,126,297
151,135,286
139,156,295
231,135,366
232,117,349
221,155,376
186,157,343
186,156,342
200,158,358
165,166,331
180,160,340
178,156,334
211,152,363
235,162,397
253,149,402
246,105,351
207,115,322
183,124,307
131,136,267
116,131,247
113,125,238
144,121,265
158,95,253
168,98,266
143,94,237
124,89,213
75,96,171
98,98,196
119,95,214
111,96,207
115,104,219
114,98,212
118,94,212
110,96,206
109,90,199
116,85,201
122,82,204
111,87,198
125,94,219
117,97,214
121,104,225
123,110,233
103,110,213
129,104,233
109,97,206
108,109,217
114,107,221
120,121,241
109,145,254
106,155,261
124,149,273
133,139,272
147,132,279
146,130,276
134,134,268
118,137,255
123,143,266
118,155,273
85,174,259
114,195,309
105,200,305
127,225,352
145,200,345
156,178,334
169,171,340
168,131,299
172,109,281
200,121,321
177,112,289
180,111,291
159,107,266
155,121,276
177,107,284
185,117,302
187,106,293
172,103,275
152,142,294
179,162,341
184,159,343
175,176,351
139,188,327
115,179,294
142,202,344
149,190,339
135,187,322
138,185,323
179,137,316
184,144,328
186,148,334
129,142,271
146,121,267
142,117,259
128,115,243
111,114,225
125,136,261
112,155,267
124,155,279
128,135,263
144,127,271
134,109,243
127,102,229
128,122,250
118,140,258
163,117,280
142,118,260
144,119,263
134,122,256
123,128,251
104,133,237
134,137,271
131,137,268
125,127,252
140,130,270
138,137,275
114,130,244
131,116,247
141,97,238
128,92,220
128,80,208
132,133,265
113,134,247
145,146,291
139,144,283
124,135,259
135,119,254
122,118,240
140,105,245
184,93,277
179,153,332
138,142,280
145,131,276
146,127,273
138,115,253
169,108,277
168,97,265
159,131,290
174,99,273
170,108,278
139,100,239
137,87,224
146,117,263
141,106,247
142,95,237
140,85,225
135,113,248
139,105,244
127,98,225
141,106,247
149,119,268
178,107,285
175,99,274
158,94,252
116,94,210
128,118,246
122,137,259
123,156,279
131,161,292
122,178,300
128,174,302
101,169,270
115,163,278
152,128,280
170,107,277
155,103,258
164,125,289
173,113,286
177,104,281
162,89,251
143,98,241
151,84,235
140,117,257
151,115,266
147,106,253
148,101,249
141,140,281
170,134,304
182,127,309
168,137,305
128,144,272
114,150,264
108,159,267
126,157,283
125,165,290
130,171,301
107,202,309
124,202,326
126,198,324
136,167,303
184,119,303
198,110,308
185,109,294
170,82,252
153,117,270
175,127,302
171,106,277
188,88,276
171,115,286
158,108,266
154,94,248
144,91,235
139,125,264
154,109,263
174,115,289
173,110,283
159,100,259
147,116,263
144,107,251
151,93,244
140,96,236
143,112,255
146,111,257
127,101,228
137,275,412
148,297,445
154,305,459
178,289,467
256,199,455
184,172,356
191,140,331
211,110,321
202,98,300
176,157,333
164,153,317
156,149,305
172,153,325
145,136,281
176,116,292
178,117,295
181,148,329
183,143,326
192,136,328
183,243,426
295,173,468
344,121,465
348,166,514
244,169,413
178,152,330
166,150,316
171,110,281
188,154,342
200,146,346
185,140,325
174,131,305
125,132,257
146,146,292
98,150,248
127,162,289
123,158,281
117,172,289
126,188,314
105,197,302
127,193,320
132,188,320
161,173,334
161,174,335
137,173,310
113,170,283
140,147,287
135,147,282
136,148,284
115,144,259
127,144,271
141,159,300
122,188,310
146,198,344
162,187,349
190,180,370
221,157,378
225,128,353
202,139,341
180,145,325
157,140,297
164,129,293
169,125,294
197,120,317
186,118,304
156,113,269
144,99,243
146,86,232
153,108,261
163,97,260
168,113,281
161,131,292
147,123,270
151,108,259
152,110,262
136,118,254
128,128,256
126,133,259
122,146,268
122,152,274
126,162,288
126,168,294
132,175,307
126,173,299
109,191,300
134,177,311
137,171,308
142,166,308
139,157,296
134,162,296
129,179,308
110,189,299
123,188,311
102,193,295
142,175,317
143,186,329
143,205,348
136,194,330
147,196,343
158,190,348
156,187,343
159,224,383
150,237,387
138,247,385
176,209,385
186,215,401
206,209,415
168,207,375
166,206,372
161,205,366
164,214,378
152,237,389
155,242,397
171,236,407
198,248,446
192,241,433
211,214,425
228,172,400
259,147,406
226,148,374
173,148,321
133,175,308
133,166,299
135,154,289
155,130,285
156,110,266
164,100,264
165,92,257
154,98,252
147,103,250
125,97,222
128,94,222
125,91,216
120,85,205
122,94,216
120,116,236
137,117,254
128,128,256
130,138,268
118,142,260
125,142,267
117,139,256
125,127,252
134,124,258
124,115,239
119,108,227
125,105,230
126,94,220
131,88,219
121,90,211
124,86,210
123,93,216
116,110,226
142,102,244
132,97,229
152,98,250
141,101,242
128,113,241
113,117,230
122,123,245
126,119,245
122,126,248
125,125,250
128,130,258
122,117,239
134,109,243
128,103,231
129,100,229
126,95,221
125,86,211
105,89,194
128,97,225
106,98,204
125,98,223
112,101,213
123,107,230
111,105,216
130,100,230
128,101,229
125,102,227
120,99,219
121,105,226
106,103,209
127,97,224
131,96,227
129,95,224
106,99,205
129,99,228
126,99,225
128,101,229
111,100,211
128,98,226
124,101,225
125,105,230
125,100,225
128,102,230
130,95,225
128,94,222
130,91,221
126,87,213
140,100,240
132,106,238
131,115,246
117,120,237
118,118,236
125,142,267
122,153,275
120,149,269
128,146,274
130,143,273
110,140,250
125,142,267
118,143,261
113,140,253
130,134,264
132,126,258
148,101,249
156,106,262
169,106,275
148,102,250
145,98,243
132,99,231
131,117,248
140,112,252
151,106,257
171,95,266
154,83,237
153,121,274
137,113,250
151,128,279
176,110,286
168,103,271
155,102,257
125,93,218
137,91,228
140,88,228
135,119,254
161,90,251
157,92,249
160,103,263
123,108,231
131,114,245
125,115,240
122,122,244
124,131,255
125,151,276
126,155,281
116,160,276
118,164,282
116,166,282
119,174,293
128,179,307
119,177,296
121,170,291
139,148,287
139,141,280
139,135,274
123,130,253
122,128,250
110,124,234
116,118,234
121,115,236
115,110,225
120,106,226
120,100,220
125,98,223
121,94,215
126,86,212
128,81,209
129,93,222
125,106,231
117,103,220
115,102,217
120,97,217
116,97,213
124,100,224
119,103,222
116,98,214
122,94,216
122,88,210
124,90,214
122,93,215
119,88,207
120,85,205
121,85,206
122,93,215
125,96,221
128,96,224
127,96,223
122,90,212
132,91,223
129,92,221
119,92,211
130,102,232
130,109,239
145,115,260
147,117,264
163,128,291
148,115,263
148,101,249
130,90,220
131,85,216
136,106,242
128,105,233
141,104,245
145,108,253
137,112,249
135,108,243
139,100,239
148,91,239
149,120,269
149,124,273
152,116,268
149,113,262
139,125,264
115,130,245
139,128,267
153,133,286
156,145,301
168,144,312
160,133,293
156,119,275
181,120,301
181,131,312
187,126,313
162,116,278
157,125,282
185,143,328
203,135,338
199,129,328
186,110,296
166,94,260
172,112,284
148,121,269
135,130,265
138,137,275
143,132,275
145,135,280
143,139,282
141,166,307
161,152,313
191,132,323
234,151,385
235,143,378
208,121,329
184,106,290
151,101,252
154,111,265
165,167,332
180,144,324
171,143,314
150,141,291
115,127,242
140,127,267
138,126,264
125,132,257
121,132,253
128,127,255
126,125,251
126,125,251
124,130,254
123,130,253
126,128,254
126,129,255
128,132,260
128,130,258
128,126,254
129,130,259
129,128,257
127,125,252
125,124,249
124,130,254
123,130,253
125,126,251
124,126,250
126,124,250
124,128,252
123,127,250
124,126,250
124,125,249
124,131,255
125,139,264
124,135,259
126,132,258
124,131,255
123,129,252
120,134,254
129,127,256
130,125,255
126,124,250
123,125,248
121,130,251
124,128,252
126,125,251
125,125,250
125,125,250
123,131,254
124,137,261
125,157,282
125,179,304
131,191,322
158,180,338
184,173,357
202,168,370
193,167,360
187,166,353
157,179,336
153,193,346
133,205,338
135,219,354
133,212,345
210,178,388
233,160,393
245,155,400
163,143,306
163,128,291
152,116,268
152,104,256
150,106,256
160,200,360
175,187,362
161,186,347
188,173,361
128,190,318
163,200,363
191,166,357
197,147,344
184,139,323
140,131,271
148,116,264
157,108,265
177,171,348
191,375,566
190,387,577
184,415,599
266,321,587
338,245,583
228,220,448
206,202,408
209,189,398
186,178,364
156,175,331
191,116,307
198,103,301
200,107,307
157,98,255
110,104,214
125,111,236
102,115,217
125,134,259
104,136,240
116,144,260
132,140,272
133,136,269
124,135,259
134,131,265
126,125,251
126,124,250
82,122,204
115,127,242
120,126,246
119,122,241
121,106,227
129,105,234
122,98,220
120,94,214
120,93,213
110,99,209
125,92,217
105,98,203
128,91,219
108,87,195
121,89,210
109,90,199
121,86,207
124,109,233
128,131,259
146,203,349
272,141,413
288,152,440
289,161,450
154,152,306
138,154,292
156,131,287
144,136,280
139,143,282
113,140,253
106,129,235
119,143,262
121,149,270
109,157,266
114,156,270
131,144,275
115,143,258
127,139,266
112,145,257
120,144,264
118,145,263
98,140,238
124,140,264
105,134,239
119,131,250
119,157,276
120,171,291
103,186,289
136,183,319
141,182,323
115,195,310
133,194,327
127,193,320
157,190,347
141,175,316
179,127,306
186,102,288
200,178,378
177,170,347
149,183,332
135,176,311
88,163,251
124,154,278
142,149,291
119,167,286
132,161,293
159,136,295
164,153,317
170,139,309
185,116,301
183,119,302
188,121,309
179,115,294
183,165,348
165,160,325
148,148,296
162,119,281
169,126,295
159,108,267
171,99,270
144,126,270
150,133,283
138,128,266
153,171,324
177,137,314
189,142,331
175,142,317
120,146,266
130,151,281
151,121,272
170,113,283
199,119,318
167,117,284
139,120,259
127,127,254
112,126,238
128,156,284
132,176,308
127,180,307
132,186,318
122,187,309
134,191,325
125,185,310
162,150,312
158,152,310
143,151,294
119,157,276
132,149,281
121,139,260
116,144,260
118,156,274
108,164,272
130,160,290
139,157,296
126,164,290
121,182,303
119,203,322
120,207,327
150,159,309
181,145,326
188,123,311
151,122,273
173,100,273
153,104,257
155,104,259
150,135,285
180,116,296
164,105,269
161,96,257
130,92,222
132,91,223
120,122,242
141,110,251
131,105,236
131,99,230
108,99,207
125,94,219
119,90,209
124,83,207
116,113,229
140,116,256
134,128,262
113,170,283
122,197,319
87,192,279
133,187,320
136,201,337
196,157,353
201,159,360
192,178,370
129,192,321
116,185,301
110,189,299
144,171,315
145,143,288
181,125,306
179,121,300
176,100,276
156,101,257
165,120,285
144,112,256
147,117,264
133,117,250
118,116,234
126,123,249
126,116,242
136,105,241
127,105,232
122,121,243
124,132,256
125,134,259
109,128,237
139,106,245
132,101,233
128,99,227
129,91,220
126,107,233
146,116,262
137,121,258
137,137,274
117,144,261
143,125,268
151,115,266
162,129,291
159,143,302
198,139,337
214,116,330
236,151,387
214,152,366
216,122,338
213,159,372
200,153,353
209,162,371
227,153,380
202,137,339
183,126,309
189,98,287
182,150,332
189,139,328
179,134,313
187,138,325
151,191,342
167,205,372
154,199,353
159,189,348
158,187,345
150,190,340
144,182,326
158,167,325
154,177,331
134,182,316
122,210,332
126,215,341
144,209,353
157,198,355
158,179,337
164,156,320
196,121,317
179,116,295
154,119,273
122,138,260
127,149,276
110,150,260
135,135,270
134,127,261
122,112,234
135,106,241
118,100,218
106,93,199
134,136,270
156,153,309
186,127,313
218,130,348
215,116,331
196,168,364
208,146,354
179,186,365
162,194,356
94,201,295
131,217,348
142,195,337
160,185,345
157,195,352
198,164,362
202,170,372
189,190,379
140,196,336
117,201,318
143,200,343
160,212,372
142,217,359
129,220,349
164,162,326
193,157,350
182,162,344
140,166,306
93,158,251
122,153,275
124,128,252
154,114,268
179,127,306
181,115,296
174,111,285
157,97,254
153,87,240
155,150,305
155,133,288
172,119,291
165,162,327
174,116,290
195,106,301
195,108,303
139,108,247
127,99,226
143,97,240
130,92,222
121,95,216
89,133,222
118,158,276
143,137,280
157,120,277
166,117,283
157,130,287
149,138,287
144,161,305
151,162,313
152,152,304
165,152,317
188,144,332
192,153,345
209,161,370
219,148,367
193,171,364
207,167,374
223,147,370
222,126,348
248,125,373
202,103,305
177,113,290
163,150,313
193,118,311
191,115,306
172,109,281
124,108,232
111,108,219
126,103,229
124,116,240
120,131,251
101,143,244
125,152,277
138,143,281
137,137,274
136,134,270
120,134,254
102,166,268
117,183,300
103,183,286
123,186,309
141,184,325
156,155,311
175,143,318
164,134,298
139,119,258
144,103,247
153,93,246
141,123,264
144,108,252
151,109,260
159,105,264
141,112,253
141,104,245
112,102,214
142,89,231
105,111,216
132,111,243
134,102,236
120,92,212
129,84,213
111,109,220
130,112,242
137,111,248
132,117,249
130,110,240
110,103,213
135,91,226
117,124,241
145,135,280
151,158,309
144,151,295
160,125,285
161,110,271
171,101,272
154,100,254
137,98,235
123,103,226
116,110,226
125,111,236
134,129,263
130,142,272
140,157,297
142,166,308
159,146,305
157,134,291
169,116,285
155,119,274
135,119,254
125,111,236
125,115,240
101,131,232
132,137,269
129,148,277
106,160,266
152,141,293
176,120,296
168,114,282
146,110,256
129,107,236
126,102,228
123,101,224
123,130,253
123,134,257
145,129,274
145,133,278
142,149,291
116,149,265
132,137,269
129,136,265
157,117,274
184,125,309
196,128,324
171,130,301
143,145,288
127,168,295
129,165,294
134,157,291
137,150,287
134,147,281
140,134,274
137,131,268
141,130,271
138,120,258
138,110,248
117,101,218
132,95,227
125,93,218
126,114,240
133,122,255
139,122,261
137,111,248
136,109,245
139,122,261
136,126,262
133,121,254
125,114,239
119,105,224
116,114,230
130,127,257
117,132,249
124,141,265
129,139,268
127,145,272
130,144,274
136,156,292
139,296,435
132,309,441
129,319,448
215,241,456
270,188,458
262,168,430
211,134,345
208,111,319
192,109,301
156,104,260
134,101,235
130,98,228
128,110,238
145,165,310
184,132,316
201,107,308
172,133,305
149,129,278
150,158,308
151,168,319
132,158,290
142,148,290
152,139,291
141,133,274
126,133,259
145,125,270
133,118,251
163,100,263
150,108,258
161,98,259
140,99,239
137,79,216
136,127,263
111,136,247
129,147,276
132,151,283
127,147,274
135,135,270
131,141,272
131,143,274
128,141,269
130,156,286
132,182,314
112,196,308
129,190,319
140,182,322
156,155,311
172,158,330
171,173,344
163,268,431
295,116,411
311,117,428
269,131,400
197,117,314
206,111,317
190,118,308
166,120,286
143,108,251
158,124,282
169,126,295
181,108,289
179,122,301
186,110,296
185,133,318
185,145,330
157,147,304
158,136,294
150,133,283
168,121,289
177,129,306
189,127,316
173,140,313
162,139,301
155,146,301
201,133,334
201,167,368
209,160,369
191,181,372
187,170,357
171,152,323
173,161,334
164,153,317
137,152,289
140,141,281
143,125,268
142,113,255
147,97,244
146,94,240
142,82,224
144,126,270
139,138,277
143,134,277
139,136,275
132,140,272
126,133,259
147,116,263
151,104,255
152,95,247
129,89,218
120,111,231
143,104,247
144,101,245
150,104,254
136,103,239
145,102,247
140,102,242
132,99,231
129,103,232
129,100,229
135,99,234
131,134,265
150,150,300
180,137,317
201,153,354
218,168,386
232,144,376
230,123,353
221,119,340
181,114,295
186,109,295
162,102,264
167,110,277
177,108,285
165,112,277
152,92,244
149,137,286
158,132,290
143,112,255
148,94,242
148,108,256
154,98,252
156,123,279
155,117,272
158,115,273
158,112,270
146,110,256
144,136,280
144,137,281
146,137,283
143,133,276
135,127,262
127,124,251
159,102,261
171,113,284
179,100,279
160,92,252
156,154,310
154,165,319
163,184,347
182,158,340
187,128,315
200,131,331
158,142,300
136,147,283
123,173,296
122,175,297
119,204,323
127,222,349
143,240,383
151,244,395
180,238,418
194,238,432
192,249,441
181,233,414
178,218,396
209,177,386
197,159,356
192,151,343
170,133,303
174,117,291
174,104,278
167,113,280
178,131,309
178,130,308
174,128,302
162,129,291
150,130,280
148,130,278
146,131,277
148,129,277
146,130,276
159,118,277
157,120,277
160,116,276
152,109,261
154,121,275
166,109,275
172,99,271
170,116,286
158,110,268
152,111,263
152,115,267
147,108,255
152,107,259
150,101,251
146,110,256
160,106,266
164,98,262
155,102,257
149,101,250
144,100,244
146,100,246
147,97,244
145,98,243
147,106,253
148,107,255
151,103,254
156,103,259
153,105,258
149,104,253
146,109,255
146,111,257
146,110,256
150,111,261
152,108,260
145,105,250
152,104,256
154,107,261
157,124,281
159,119,278
151,114,265
150,107,257
151,106,257
156,103,259
156,98,254
154,123,277
156,129,285
163,135,298
181,124,305
186,108,294
197,100,297
167,97,264
136,105,241
125,121,246
129,135,264
143,135,278
146,134,280
140,127,267
135,127,262
119,128,247
123,130,253
120,137,257
119,145,264
128,143,271
138,142,280
135,145,280
138,146,284
130,140,270
125,120,245
152,104,256
146,109,255
139,112,251
139,110,249
139,114,253
135,100,235
140,92,232
141,91,232
127,110,237
134,117,251
131,115,246
150,107,257
139,113,252
128,121,249
122,134,256
122,146,268
119,158,277
122,163,285
139,160,299
145,151,296
148,145,293
135,154,289
125,161,286
115,171,286
118,182,300
126,187,313
121,187,308
129,179,308
149,181,330
149,187,336
133,205,338
147,201,348
145,205,350
141,211,352
181,180,361
187,169,356
197,147,344
158,138,296
162,126,288
156,114,270
155,90,245
159,131,290
159,119,278
163,103,266
170,157,327
157,167,324
179,167,346
175,162,337
145,155,300
153,139,292
192,120,312
190,117,307
191,112,303
159,107,266
158,122,280
156,120,276
158,117,275
141,110,251
161,101,262
163,105,268
156,106,262
155,141,296
171,121,292
192,134,326
202,120,322
163,125,288
171,112,283
150,126,276
160,149,309
154,134,288
148,137,285
137,140,277
119,143,262
123,140,263
131,118,249
168,127,295
176,110,286
171,97,268
156,129,285
157,127,284
155,124,279
148,117,265
132,135,267
151,126,277
151,134,285
166,131,297
163,133,296
148,135,283
134,135,269
122,139,261
140,125,265
122,140,262
139,133,272
138,111,249
171,130,301
177,138,315
165,130,295
152,129,281
170,114,284
191,110,301
185,111,296
150,107,257
140,96,236
127,88,215
131,108,239
138,109,247
147,91,238
154,131,285
154,123,277
139,111,250
145,107,252
141,97,238
138,97,235
145,143,288
158,167,325
181,154,335
189,133,322
171,132,303
181,129,310
179,119,298
179,113,292
161,125,286
183,136,319
196,136,332
206,140,346
188,162,350
193,164,357
182,190,372
202,190,392
219,162,381
238,177,415
260,149,409
237,149,386
215,132,347
170,121,291
179,111,290
185,150,335
194,129,323
186,120,306
173,120,293
160,117,277
179,132,311
182,138,320
185,131,316
165,123,288
159,125,284
163,134,297
168,137,305
171,136,307
156,133,289
137,137,274
168,120,288
174,119,293
182,114,296
168,94,262
152,105,257
151,121,272
136,127,263
131,192,323
187,171,358
219,160,379
234,151,385
187,130,317
186,110,296
188,127,315
188,132,320
174,131,305
167,174,341
190,154,344
194,142,336
192,141,333
151,143,294
166,112,278
170,105,275
176,95,271
157,120,277
154,124,278
151,128,279
149,125,274
159,139,298
144,148,292
127,152,279
133,163,296
128,167,295
140,154,294
140,154,294
165,141,306
164,135,299
164,121,285
162,105,267
161,114,275
160,95,255
161,136,297
146,128,274
159,145,304
154,305,459
153,297,450
187,274,461
211,249,460
279,183,462
272,186,458
210,200,410
187,220,407
195,184,379
216,148,364
239,135,374
185,128,313
150,139,289
161,139,300
164,128,292
162,130,292
157,144,301
169,155,324
200,139,339
218,165,383
217,139,356
219,153,372
240,120,360
206,128,334
207,127,334
147,114,261
160,120,280
183,142,325
186,144,330
187,152,339
157,159,316
135,184,319
158,207,365
173,212,385
183,206,389
189,186,375
154,188,342
170,158,328
175,158,333
182,144,326
173,125,298
178,94,272
201,141,342
209,130,339
180,115,295
158,115,273
135,124,259
130,135,265
128,160,288
143,165,308
144,162,306
155,163,318
152,160,312
138,157,295
120,155,275
119,155,274
132,144,276
140,141,281
143,132,275
144,125,269
165,131,296
162,148,310
164,153,317
151,153,304
158,138,296
161,211,372
246,214,460
318,142,460
321,135,456
240,123,363
160,119,279
158,129,287
143,135,278
128,142,270
141,130,271
145,151,296
139,156,295
142,169,311
175,143,318
182,163,345
206,124,330
214,143,357
223,149,372
179,168,347
174,134,308
179,115,294
189,134,323
194,154,348
198,136,334
203,144,347
162,143,305
150,121,271
168,132,300
183,115,298
174,105,279
166,123,289
160,105,265
195,135,330
178,145,323
173,134,307
153,137,290
142,139,281
130,137,267
148,112,260
153,106,259
155,106,261
141,99,240
137,101,238
132,111,243
127,127,254
134,139,273
137,130,267
155,118,273
152,114,266
145,112,257
123,117,240
119,136,255
127,141,268
129,148,277
126,148,274
129,148,277
130,142,272
140,143,283
137,150,287
123,155,278
133,156,289
141,158,299
140,156,296
155,151,306
160,134,294
143,132,275
145,154,299
151,163,314
132,176,308
124,179,303
139,183,322
131,188,319
130,198,328
163,173,336
198,154,352
207,153,360
168,168,336
144,172,316
141,175,316
140,164,304
129,163,292
148,153,301
167,126,293
164,113,277
171,132,303
176,122,298
171,121,292
154,124,278
154,134,288
159,143,302
163,129,292
174,111,285
179,132,311
186,129,315
171,128,299
158,116,274
171,135,306
174,151,325
180,151,331
168,130,298
171,120,291
179,113,292
169,101,270
144,103,247
130,160,290
169,126,295
189,103,292
188,115,303
160,109,269
160,134,294
168,126,294
195,140,335
198,136,334
186,124,310
166,105,271
158,86,244
161,119,280
161,133,294
154,134,288
157,123,280
155,115,270
162,114,276
168,111,279
159,109,268
161,102,263
153,111,264
166,101,267
155,139,294
170,149,319
210,137,347
220,114,334
192,134,326
203,107,310
196,121,317
192,113,305
183,141,324
177,142,319
201,127,328
210,111,321
210,131,341
173,149,322
155,153,308
152,160,312
167,165,332
173,158,331
176,168,344
174,185,359
157,194,351
171,201,372
163,205,368
177,190,367
173,178,351
177,170,347
154,185,339
175,194,369
178,186,364
172,179,351
164,168,332
161,153,314
160,141,301
153,128,281
154,119,273
144,110,254
135,110,245
145,95,240
158,116,274
161,114,275
162,108,270
163,107,270
144,102,246
132,127,259
128,136,264
133,134,267
147,126,273
149,115,264
154,101,255
150,103,253
141,179,320
170,159,329
201,139,340
221,132,353
194,152,346
189,155,344
191,166,357
165,171,336
175,170,345
168,173,341
206,163,369
217,163,380
223,150,373
187,127,314
200,147,347
199,132,331
188,133,321
172,114,286
160,150,310
171,156,327
156,147,303
172,132,304
152,119,271
176,112,288
176,156,332
193,146,339
209,131,340
223,111,334
206,97,303
188,130,318
174,113,287
163,111,274
163,103,266
149,106,255
158,105,263
155,134,289
151,160,311
182,155,337
205,180,385
210,180,390
204,165,369
193,173,366
197,160,357
185,160,345
181,149,330
169,140,309
172,173,345
186,167,353
234,117,351
227,111,338
218,158,376
181,161,342
191,167,358
204,187,391
167,197,364
169,206,375
180,195,375
195,186,381
211,177,388
215,169,384
216,159,375
216,149,365
216,151,367
223,145,368
218,146,364
195,171,366
157,195,352
139,213,352
148,224,372
163,251,414
170,264,434
154,280,434
201,251,452
220,239,459
241,233,474
216,224,440
211,218,429
209,212,421
209,192,401
214,162,376
231,122,353
228,102,330
206,123,329
189,156,345
190,141,331
191,138,329
161,143,304
152,140,292
151,145,296
152,148,300
145,143,288
150,143,293
151,139,290
159,133,292
159,131,290
161,138,299
156,142,298
159,139,298
152,139,291
155,141,296
150,143,293
156,140,296
161,135,296
160,136,296
151,142,293
156,137,293
159,140,299
160,134,294
159,126,285
159,147,306
162,153,315
161,148,309
189,109,298
192,104,296
202,130,332
175,126,301
175,104,279
166,107,273
153,91,244
158,132,290
153,136,289
152,129,281
159,112,271
159,97,256
159,115,274
157,113,270
160,104,264
156,116,272
151,116,267
157,107,264
153,91,244
152,165,317
153,169,322
156,165,321
156,155,311
150,141,291
166,147,313
183,143,326
173,144,317
176,125,301
140,113,253
151,107,258
140,101,241
146,93,239
147,145,292
156,162,318
152,150,302
157,137,294
154,111,265
157,101,258
154,115,269
145,134,279
141,129,270
155,122,277
180,144,324
189,155,344
184,150,334
152,150,302
143,146,289
154,133,287
144,123,267
151,105,256
159,146,305
191,119,310
195,115,310
202,110,312
167,111,278
153,124,277
158,105,263
170,136,306
158,132,290
161,126,287
157,143,300
150,138,288
154,126,280
162,109,271
160,113,273
156,130,286
170,107,277
185,161,346
192,143,335
177,129,306
184,104,288
164,125,289
195,102,297
181,97,278
193,116,309
148,137,285
152,142,294
132,132,264
138,120,258
149,109,258
157,101,258
157,136,293
174,124,298
167,123,290
174,121,295
146,113,259
139,114,253
143,138,281
140,135,275
128,302,430
154,297,451
185,271,456
217,259,476
273,174,447
287,105,392
247,116,363
221,103,324
180,117,297
165,115,280
166,101,267
177,124,301
159,115,274
174,113,287
163,107,270
155,108,263
150,127,277
156,117,273
169,115,284
164,107,271
154,134,288
172,143,315
170,137,307
159,124,283
189,156,345
202,157,359
207,150,357
180,148,328
175,137,312
189,147,336
223,135,358
225,139,364
235,134,369
223,137,360
210,142,352
210,158,368
200,147,347
194,142,336
184,143,327
154,154,308
148,162,310
149,150,299
158,144,302
191,170,361
211,151,362
214,141,355
191,138,329
157,174,331
155,181,336
144,180,324
161,172,333
164,175,339
166,211,377
162,213,375
162,207,369
166,206,372
167,205,372
171,179,350
177,169,346
183,179,362
166,175,341
167,162,329
153,144,297
144,134,278
150,119,269
139,117,256
147,102,249
147,81,228
151,130,281
142,138,280
134,137,271
142,141,283
132,208,340
286,139,425
305,122,427
317,104,421
210,91,301
144,112,256
154,147,301
164,155,319
200,123,323
209,150,359
221,150,371
195,143,338
188,125,313
175,118,293
179,114,293
170,119,289
165,124,289
157,140,297
144,150,294
151,137,288
182,140,322
194,131,325
188,127,315
186,121,307
178,100,278
182,86,268
151,106,257
139,117,256
167,91,258
165,97,262
150,89,239
134,118,252
145,147,292
145,145,290
133,155,288
154,133,287
157,158,315
147,183,330
130,207,337
120,224,344
136,213,349
165,183,348
194,160,354
205,139,344
189,136,325
176,132,308
164,136,300
159,148,307
182,153,335
219,116,335
239,141,380
222,138,360
204,159,363
205,150,355
183,158,341
179,158,337
152,150,302
149,153,302
145,152,297
136,152,288
138,154,292
143,141,284
176,110,286
177,100,277
175,96,271
151,105,256
146,94,240
145,91,236
143,113,256
149,93,242
154,145,299
166,146,312
159,135,294
154,148,302
142,151,293
133,145,278
145,132,277
150,121,271
156,114,270
153,107,260
144,153,297
188,150,338
215,135,350
219,125,344
167,112,279
140,120,260
167,115,282
172,111,283
161,108,269
154,109,263
159,139,298
159,153,312
143,156,299
172,130,302
164,120,284
180,120,300
173,104,277
156,103,259
153,138,291
133,138,271
160,109,269
180,120,300
188,115,303
155,111,266
165,95,260
168,114,282
170,111,281
150,132,282
184,102,286
169,95,264
160,137,297
140,129,269
148,113,261
152,91,243
139,109,248
147,95,242
139,131,270
158,151,309
146,147,293
149,156,305
145,158,303
139,150,289
137,141,278
148,121,269
147,108,255
132,99,231
138,86,224
137,100,237
130,106,236
133,108,241
142,100,242
150,97,247
149,95,244
132,103,235
144,94,238
138,128,266
146,139,285
142,140,282
152,132,284
146,133,279
145,134,279
144,134,278
155,124,279
158,131,289
146,144,290
122,152,274
129,156,285
138,187,325
139,183,322
132,178,310
141,153,294
147,143,290
158,128,286
154,117,271
160,93,253
167,106,273
154,110,264
148,119,267
137,126,263
131,130,261
137,131,268
138,168,306
126,195,321
131,187,318
146,186,332
149,186,335
140,187,327
129,188,317
131,188,319
144,173,317
153,155,308
149,144,293
160,123,283
164,108,272
146,109,255
148,95,243
156,118,274
167,106,273
161,100,261
151,102,253
146,98,244
142,98,240
138,89,227
137,84,221
129,125,254
139,135,274
149,140,289
158,136,294
153,124,277
152,140,292
142,150,292
135,143,278
131,147,278
132,144,276
124,149,273
112,145,257
130,136,266
130,127,257
143,121,264
136,122,258
147,104,251
136,107,243
140,101,241
132,98,230
133,93,226
133,92,225
128,92,220
129,121,250
133,112,245
142,147,289
150,147,297
146,142,288
155,141,296
147,145,292
138,162,300
131,171,302
148,140,288
147,132,279
166,119,285
144,117,261
149,110,259
168,114,282
173,96,269
180,123,303
173,92,265
163,108,271
170,102,272
135,98,233
143,121,264
150,121,271
146,122,268
154,120,274
154,132,286
161,145,306
156,145,301
174,115,289
212,106,318
219,125,344
201,118,319
182,114,296
156,96,252
153,164,317
161,155,316
173,144,317
173,151,324
191,114,305
201,114,315
202,118,320
167,112,279
156,110,266
152,109,261
162,114,276
153,106,259
150,114,264
141,114,255
150,115,265
157,115,272
156,129,285
154,135,289
144,147,291
157,167,324
155,171,326
151,171,322
153,173,326
146,169,315
152,161,313
147,170,317
157,180,337
154,178,332
152,173,325
159,157,316
160,157,317
202,159,361
236,123,359
225,122,347
196,119,315
159,122,281
184,98,282
171,103,274
164,102,266
146,147,293
174,116,290
174,101,275
180,81,261
135,98,233
125,101,226
134,128,262
145,167,312
143,208,351
143,219,362
121,219,340
138,204,342
166,217,383
178,224,402
147,262,409
147,268,415
169,238,407
220,205,425
247,177,424
233,166,399
208,155,363
177,153,330
162,140,302
159,120,279
166,93,259
157,149,306
157,152,309
135,149,284
147,147,294
116,156,272
137,186,323
137,185,322
131,179,310
137,167,304
141,145,286
136,145,281
140,138,278
130,126,256
165,104,269
178,86,264
172,127,299
148,117,265
160,100,260
161,121,282
167,110,277
161,134,295
140,128,268
145,139,284
166,118,284
153,147,300
188,155,343
163,161,324
137,167,304
127,173,300
142,145,287
163,142,305
197,122,319
190,113,303
182,113,295
157,110,267
139,103,242
136,108,244
137,115,252
133,125,258
139,129,268
172,132,304
186,120,306
194,131,325
194,113,307
205,105,310
198,134,332
192,141,333
206,130,336
241,115,356
223,99,322
196,113,309
155,92,247
151,85,236
146,105,251
118,137,255
121,144,265
120,141,261
158,105,263
164,105,269
147,102,249
132,98,230
139,92,231
120,88,208
137,86,223
127,122,249
133,123,256
134,121,255
134,135,269
125,142,267
120,153,273
123,155,278
128,235,363
114,293,407
127,303,430
114,306,420
230,205,435
251,184,435
293,161,454
204,123,327
200,124,324
185,112,297
165,101,266
150,93,243
153,111,264
152,117,269
155,106,261
164,110,274
165,97,262
174,112,286
165,102,267
149,95,244
161,108,269
152,99,251
154,123,277
144,104,248
150,104,254
154,123,277
168,94,262
166,118,284
150,119,269
139,116,255
151,117,268
144,130,274
142,124,266
137,126,263
130,143,273
123,164,287
130,164,294
133,162,295
141,160,301
128,157,285
115,152,267
124,146,270
123,142,265
114,149,263
125,154,279
96,148,244
129,161,290
126,163,289
128,160,288
129,160,289
129,156,285
144,173,317
181,152,333
209,117,326
202,114,316
164,112,276
126,110,236
125,107,232
127,101,228
127,100,227
125,97,222
129,93,222
129,92,221
133,88,221
132,85,217
132,84,216
125,82,207
122,83,205
123,81,204
125,176,301
133,181,314
131,189,320
135,183,318
74,178,252
120,158,278
151,155,306
142,150,292
126,147,273
124,149,273
124,149,273
123,149,272
127,142,269
129,141,270
130,139,269
130,136,266
132,130,262
135,126,261
131,126,257
126,130,256
124,144,268
127,198,325
265,145,410
301,150,451
326,124,450
199,108,307
169,90,259
160,102,262
152,96,248
145,92,237
144,121,265
133,113,246
141,106,247
137,99,236
123,93,216
140,107,247
146,95,241
144,128,272
146,116,262
141,105,246
143,100,243
124,115,239
146,106,252
147,100,247
142,85,227
135,105,240
142,109,251
140,122,262
151,110,261
157,174,331
182,180,362
182,177,359
178,170,348
138,145,283
157,124,281
149,108,257
163,88,251
171,122,293
162,128,290
157,122,279
158,112,270
166,97,263
168,127,295
177,115,292
172,106,278
153,105,258
144,105,249
144,107,251
143,153,296
176,126,302
176,134,310
181,148,329
177,144,321
183,148,331
217,105,322
201,123,324
201,126,327
155,123,278
149,116,265
144,181,325
182,171,353
193,158,351
176,161,337
125,149,274
164,146,310
157,141,298
154,143,297
150,146,296
155,136,291
160,138,298
157,139,296
178,118,296
191,110,301
190,128,318
165,145,310
147,151,298
156,161,317
155,179,334
165,194,359
163,204,367
182,197,379
199,190,389
215,180,395
214,183,397
204,170,374
209,146,355
190,131,321
165,151,316
188,136,324
212,103,315
216,131,347
173,131,304
155,138,293
170,146,316
141,173,314
145,192,337
124,201,325
150,194,344
151,198,349
147,206,353
146,199,345
156,187,343
168,201,369
187,193,380
201,181,382
209,177,386
182,170,352
235,126,361
226,129,355
215,148,363
147,144,291
136,139,275
140,122,262
143,114,257
153,107,260
142,90,232
154,112,266
141,93,234
129,96,225
129,90,219
122,124,246
132,140,272
138,140,278
110,146,256
151,131,282
179,123,302
180,124,304
188,112,300
177,125,302
172,122,294
173,111,284
172,113,285
158,117,275
168,107,275
166,99,265
165,125,290
145,138,283
179,117,296
176,122,298
171,96,267
161,94,255
151,83,234
145,93,238
130,96,226
136,137,273
158,113,271
166,105,271
172,97,269
141,102,243
151,145,296
162,134,296
168,144,312
169,137,306
171,110,281
171,187,358
208,162,370
181,162,343
169,152,321
82,150,232
116,141,257
135,132,267
132,115,247
141,108,249
132,93,225
128,110,238
131,121,252
142,106,248
139,110,249
140,146,286
125,167,292
131,160,291
141,139,280
143,125,268
132,120,252
123,125,248
127,133,260
176,123,299
201,144,345
227,149,376
186,147,333
175,147,322
146,148,294
148,144,292
133,157,290
133,173,306
126,165,291
137,164,301
127,165,292
139,153,292
121,174,295
145,177,322
134,196,330
131,194,325
145,196,341
131,197,328
154,184,338
161,172,333
196,135,331
197,118,315
178,122,300
148,132,280
130,144,274
142,149,291
149,172,321
146,181,327
123,202,325
135,198,333
135,183,318
147,182,329
155,186,341
161,179,340
169,187,356
159,196,355
133,206,339
122,212,334
156,194,350
180,180,360
180,170,350
162,170,332
140,170,310
137,175,312
140,181,321
131,188,319
111,198,309
143,180,323
154,175,329
153,174,327
135,173,308
139,170,309
138,174,312
127,177,304
120,184,304
131,188,319
138,190,328
137,193,330
142,191,333
147,194,341
149,196,345
143,204,347
146,202,348
154,177,331
158,179,337
155,173,328
148,150,298
148,148,296
144,142,286
132,144,276
133,140,273
125,137,262
123,139,262
126,141,267
127,144,271
138,167,305
140,193,333
136,196,332
140,184,324
157,173,330
134,186,320
145,173,318
169,156,325
165,151,316
158,151,309
133,170,303
117,176,293
121,173,294
147,162,309
157,164,321
143,161,304
156,159,315
147,167,314
134,182,316
119,195,314
118,207,325
135,215,350
135,211,346
169,185,354
177,190,367
173,198,371
147,210,357
136,211,347
164,185,349
156,184,340
161,176,337
138,176,314
145,164,309
163,148,311
155,150,305
149,150,299
118,156,274
126,166,292
117,165,282
110,161,271
113,161,274
136,143,279
157,116,273
171,111,282
155,100,255
157,146,303
163,131,294
162,113,275
164,92,256
144,129,273
160,131,291
155,123,278
186,95,281
179,101,280
165,89,254
135,82,217
138,88,226
128,117,245
129,98,227
140,144,284
162,134,296
161,125,286
153,138,291
151,130,281
146,136,282
130,149,279
129,147,276
149,124,273
170,114,284
169,118,287
177,112,289
183,91,274
174,110,284
154,115,269
166,90,256
175,120,295
160,132,292
138,126,264
147,114,261
150,100,250
156,120,276
157,129,286
153,136,289
142,140,282
142,141,283
161,140,301
148,155,303
145,161,306
140,153,293
157,137,294
148,131,279
138,127,265
138,121,259
163,120,283
173,107,280
167,105,272
125,103,228
107,97,204
124,99,223
128,106,234
123,118,241
121,152,273
125,233,358
148,264,412
183,223,406
204,182,386
232,206,438
174,211,385
104,223,327
148,213,361
168,186,354
188,169,357
184,168,352
151,173,324
135,188,323
126,190,316
127,190,317
150,157,307
189,119,308
193,103,296
177,88,265
138,86,224
132,133,265
130,155,285
169,138,307
183,128,311
169,121,290
174,149,323
201,112,313
211,146,357
210,153,363
166,157,323
166,172,338
157,177,334
158,176,334
148,201,349
140,211,351
137,221,358
141,218,359
170,211,381
176,213,389
176,204,380
164,184,348
177,170,347
190,166,356
207,143,350
205,141,346
202,123,325
174,134,308
162,137,299
176,129,305
169,133,302
167,139,306
153,142,295
155,123,278
140,115,255
139,106,245
125,105,230
134,113,247
149,130,279
177,105,282
180,102,282
155,120,275
121,120,241
125,109,234
135,106,241
136,103,239
137,92,229
148,130,278
157,136,293
163,150,313
154,159,313
143,146,289
128,130,258
153,109,262
163,89,252
156,126,282
148,125,273
137,122,259
171,160,331
195,147,342
259,126,385
232,125,357
222,124,346
189,146,335
165,169,334
151,183,334
149,196,345
154,202,356
143,200,343
137,200,337
164,165,329
177,155,332
173,172,345
151,186,337
129,181,310
130,178,308
149,154,303
174,127,301
199,172,371
196,286,482
309,166,475
296,161,457
283,115,398
158,131,289
215,153,368
221,114,335
203,124,327
183,115,298
148,111,259
144,128,272
161,139,300
169,143,312
176,142,318
157,135,292
145,145,290
146,138,284
130,139,269
140,182,322
122,199,321
115,229,344
116,244,360
162,228,390
167,228,395
180,244,424
182,235,417
205,205,410
216,176,392
205,192,397
162,192,354
138,192,330
143,199,342
141,207,348
156,195,351
164,186,350
167,170,337
161,161,322
167,146,313
164,126,290
161,135,296
153,128,281
142,120,262
140,112,252
149,103,252
160,130,290
170,121,291
167,121,288
183,96,279
172,93,265
158,106,264
142,96,238
133,91,224
136,92,228
130,96,226
121,95,216
121,102,223
116,114,230
122,119,241
125,119,244
121,115,236
103,107,210
138,107,245
136,110,246
131,106,237
147,203,350
176,199,375
165,208,373
170,197,367
95,196,291
153,175,328
191,143,334
161,149,310
157,149,306
140,145,285
157,120,277
158,117,275
167,148,315
175,130,305
197,115,312
207,140,347
184,139,323
170,131,301
162,131,293
137,147,284
126,149,275
123,148,271
126,138,264
119,143,262
134,142,276
127,143,270
125,144,269
140,133,273
134,130,264
142,130,272
128,140,268
131,137,268
140,115,255
172,87,259
174,148,322
131,156,287
131,167,298
124,175,299
72,187,259
100,204,304
122,212,334
144,202,346
145,203,348
176,188,364
181,180,361
168,185,353
130,201,331
135,198,333
136,219,355
158,218,376
155,217,372
160,211,371
184,171,355
214,151,365
207,148,355
167,143,310
155,146,301
149,149,298
147,144,291
145,148,293
146,150,296
145,147,292
144,151,295
146,150,296
148,146,294
145,149,294
146,162,308
143,159,302
141,163,304
142,171,313
148,166,314
150,171,321
149,178,327
143,183,326
145,183,328
148,182,330
145,182,327
144,183,327
138,186,324
143,189,332
147,192,339
149,193,342
149,193,342
145,194,339
147,199,346
147,199,346
150,186,336
163,182,345
161,189,350
145,189,334
142,191,333
143,192,335
144,196,340
144,190,334
163,168,331
168,164,332
168,163,331
157,155,312
152,155,307
152,149,301
140,148,288
140,141,281
141,143,284
151,137,288
155,138,293
151,137,288
147,141,288
143,144,287
143,142,285
143,162,305
142,169,311
144,193,337
147,206,353
165,192,357
189,154,343
199,155,354
182,146,328
138,150,288
138,147,285
152,119,271
178,122,300
198,123,321
177,115,292
153,103,256
159,119,278
154,143,297
156,145,301
158,124,282
155,112,267
147,155,302
174,130,304
168,128,296
162,134,296
124,149,273
127,141,268
154,114,268
164,100,264
168,89,257
146,127,273
142,117,259
146,108,254
138,140,278
145,113,258
174,120,294
192,110,302
160,126,286
168,115,283
149,105,254
157,126,283
158,146,304
171,121,292
163,118,281
158,206,364
187,177,364
180,193,373
176,194,370
88,202,290
122,208,330
144,220,364
151,230,381
165,231,396
166,224,390
176,204,380
195,207,402
223,192,415
220,199,419
225,192,417
198,190,388
202,179,381
196,192,388
229,153,382
212,135,347
216,136,352
176,143,319
179,133,312
196,141,337
222,127,349
215,127,342
210,139,349
198,122,320
213,122,335
207,127,334
180,143,323
176,134,310
166,128,294
167,125,292
160,103,263
163,129,292
165,144,309
159,144,303
192,147,339
219,151,370
260,111,371
227,94,321
192,136,328
152,137,289
160,116,276
158,110,268
160,93,253
161,142,303
161,151,312
164,140,304
153,137,290
143,128,271
148,149,297
160,164,324
170,151,321
189,157,346
212,124,336
200,112,312
196,105,301
164,139,303
174,131,305
177,125,302
177,166,343
190,153,343
189,153,342
177,154,331
141,170,311
138,177,315
126,192,318
141,182,323
152,167,319
145,164,309
170,128,298
180,149,329
219,121,340
194,125,319
176,123,299
133,113,246
127,110,237
116,111,227
121,105,226
136,92,228
137,98,235
125,100,225
122,103,225
122,96,218
122,90,212
122,97,219
118,116,234
130,108,238
134,103,237
129,141,270
129,193,322
123,215,338
125,247,372
159,242,401
161,248,409
175,242,417
208,173,381
232,142,374
238,120,358
182,109,291
165,122,287
159,116,275
158,114,272
150,120,270
156,99,255
171,183,354
182,172,354
180,159,339
184,148,332
155,147,302
159,146,305
159,145,304
171,151,322
192,148,340
241,155,396
259,168,427
235,167,402
192,170,362
173,170,343
176,157,333
183,136,319
176,117,293
169,207,376
159,299,458
151,320,471
159,307,466
250,237,487
275,225,500
236,216,452
177,214,391
198,178,376
190,174,364
193,178,371
136,175,311
141,169,310
149,146,295
153,137,290
137,128,265
136,115,251
142,107,249
140,98,238
137,88,225
137,150,287
135,153,288
152,138,290
152,137,289
137,142,279
156,143,299
163,132,295
164,123,287
157,112,269
154,110,264
140,105,245
123,97,220
135,99,234
116,96,212
132,90,222
139,141,280
145,139,284
148,160,308
149,177,326
128,178,306
127,168,295
133,163,296
144,165,309
132,165,297
135,168,303
122,166,288
135,197,332
133,218,351
127,230,357
142,247,389
183,222,405
202,180,382
254,152,406
229,155,384
191,145,336
135,140,275
168,91,259
179,137,316
207,118,325
172,104,276
172,90,262
140,109,249
139,118,257
141,112,253
146,157,303
179,129,308
196,118,314
198,166,364
220,136,356
218,135,353
185,147,332
132,157,289
137,145,282
141,143,284
134,144,278
119,145,264
112,148,260
113,154,267
118,176,294
114,193,307
118,193,311
118,208,326
166,157,323
182,121,303
242,104,346
201,127,328
178,99,277
169,109,278
166,105,271
144,107,251
128,115,243
151,120,271
192,120,312
196,113,309
170,120,290
140,122,262
120,123,243
126,145,271
114,170,284
128,176,304
125,172,297
147,166,313
137,166,303
119,177,296
122,185,307
112,193,305
125,194,319
138,182,320
170,156,326
208,114,322
211,133,344
213,108,321
174,90,264
183,153,336
160,152,312
159,157,316
180,163,343
174,243,417
315,133,448
330,129,459
337,143,480
216,136,352
200,137,337
168,133,301
177,139,316
197,130,327
193,124,317
147,142,289
146,143,289
154,134,288
164,144,308
159,132,291
171,137,308
171,140,311
137,153,290
127,185,312
122,185,307
123,199,322
125,219,344
179,169,348
189,165,354
201,159,360
160,140,300
156,125,281
156,119,275
174,117,291
190,124,314
199,135,334
185,154,339
206,158,364
237,142,379
220,146,366
185,143,328
199,151,350
232,136,368
250,158,408
240,161,401
235,171,406
248,147,395
254,150,404
248,130,378
238,152,390
216,151,367
220,145,365
222,140,362
206,135,341
202,130,332
180,131,311
154,134,288
164,127,291
179,116,295
176,162,338
210,138,348
219,115,334
228,151,379
197,169,366
193,155,348
214,154,368
218,163,381
244,157,401
248,158,406
280,140,420
232,185,417
238,252,490
207,242,449
216,241,457
193,250,443
220,243,463
198,244,442
200,240,440
198,234,432
212,219,431
200,223,423
194,219,413
176,231,407
179,230,409
182,219,401
189,219,408
191,222,413
181,220,401
203,224,427
202,264,466
193,264,457
183,284,467
198,290,488
216,277,493
251,270,521
245,266,511
170,256,426
205,249,454
238,205,443
277,149,426
291,151,442
277,156,433
207,194,401
225,143,368
216,183,399
233,199,432
284,132,416
272,149,421
237,127,364
175,119,294
194,146,340
178,144,322
200,137,337
223,162,385
212,137,349
253,165,418
287,133,420
265,168,433
268,198,466
238,182,420
259,181,440
220,196,416
215,155,370
219,134,353
238,141,379
223,128,351
219,214,433
212,222,434
196,252,448
229,226,455
212,236,448
257,223,480
219,236,455
189,223,412
196,208,404
212,205,417
220,203,423
201,200,401
214,142,356
236,155,391
236,165,401
242,167,409
238,148,386
223,140,363
251,150,401
230,119,349
224,107,331
179,109,288
153,146,299
176,122,298
170,130,300
160,146,306
127,146,273
123,180,303
125,206,331
136,203,339
147,193,340
162,189,351
142,190,332
147,177,324
160,181,341
153,188,341
143,186,329
129,190,319
149,176,325
144,176,320
144,185,329
137,189,326
146,191,337
159,175,334
150,181,331
163,166,329
199,124,323
222,165,387
252,122,374
236,110,346
201,107,308
146,138,284
170,124,294
176,119,295
185,107,292
162,155,317
203,137,340
204,169,373
228,149,377
189,132,321
189,117,306
172,127,299
179,127,306
171,121,292
160,117,277
163,140,303
182,119,301
198,130,328
196,124,320
174,130,304
164,168,332
200,140,340
196,164,360
216,166,382
179,166,345
192,189,381
176,206,382
155,219,374
163,217,380
191,204,395
216,197,413
219,201,420
216,201,417
227,181,408
242,155,397
244,125,369
238,164,402
239,145,384
217,160,377
185,177,362
148,193,341
151,206,357
148,210,358
155,200,355
151,195,346
182,155,337
226,164,390
262,143,405
227,153,380
181,164,345
143,170,313
155,175,330
158,183,341
149,197,346
147,202,349
139,195,334
146,184,330
165,160,325
191,128,319
205,163,368
221,152,373
199,171,370
178,187,365
141,206,347
141,220,361
148,231,379
152,277,429
180,270,450
172,287,459
256,221,477
233,239,472
240,244,484
174,214,388
172,199,371
209,150,359
220,118,338
241,152,393
227,189,416
228,169,397
209,205,414
229,151,380
260,123,383
256,106,362
216,100,316
162,104,266
139,135,274
149,142,291
167,128,295
164,113,277
151,121,272
154,115,269
156,114,270
151,114,265
139,123,262
136,128,264
137,148,285
153,149,302
156,140,296
171,123,294
154,114,268
158,136,294
156,142,298
149,144,293
152,154,306
148,146,294
160,118,278
148,139,287
186,119,305
190,142,332
191,165,356
209,131,340
192,128,320
199,100,299
173,175,348
182,201,383
211,172,383
222,160,382
170,166,336
195,167,362
188,169,357
191,175,366
190,172,362
185,177,362
191,180,371
173,192,365
170,213,383
171,230,401
176,236,412
194,236,430
213,244,457
235,236,471
241,227,468
235,229,464
237,217,454
217,239,456
205,234,439
175,241,416
186,241,427
194,252,446
195,274,469
182,284,466
178,291,469
203,281,484
233,261,494
233,267,500
245,246,491
226,253,479
217,251,468
196,260,456
193,271,464
196,279,475
198,276,474
193,274,467
225,258,483
241,285,526
241,379,620
211,457,668
245,442,687
300,388,688
379,310,689
338,283,621
144,244,388
217,216,433
276,197,473
255,164,419
251,163,414
211,155,366
228,166,394
255,157,412
253,171,424
255,175,430
212,159,371
223,212,435
273,187,460
264,190,454
271,154,425
224,136,360
243,153,396
230,161,391
233,152,385
221,137,358
191,128,319
167,132,299
162,142,304
195,143,338
208,128,336
210,132,342
175,136,311
162,140,302
175,116,291
171,112,283
182,159,341
174,171,345
185,180,365
207,155,362
203,170,373
238,146,384
209,172,381
205,181,386
184,181,365
215,175,390
219,180,399
221,162,383
248,185,433
242,171,413
219,166,385
200,118,318
169,112,281
177,157,334
176,127,303
180,109,289
174,138,312
154,139,293
183,126,309
183,127,310
161,136,297
133,135,268
134,142,276
127,152,279
134,152,286
129,162,291
135,158,293
137,162,299
133,158,291
125,163,288
128,168,296
130,187,317
133,196,329
140,202,342
149,200,349
141,195,336
188,152,340
188,152,340
203,179,382
164,181,345
173,172,345
194,129,323
190,136,326
150,141,291
140,135,275
135,141,276
149,159,308
140,221,361
144,248,392
139,256,395
138,268,406
177,223,400
228,174,402
232,161,393
209,150,359
167,141,308
192,150,342
202,134,336
214,113,327
184,101,285
164,127,291
174,109,283
181,123,304
190,109,299
174,97,271
169,163,332
168,147,315
210,99,309
212,180,392
163,185,348
196,141,337
193,133,326
210,128,338
202,127,329
220,119,339
194,144,338
198,134,332
187,134,321
182,134,316
166,137,303
151,154,305
147,159,306
128,181,309
135,225,360
133,286,419
132,292,424
134,285,419
227,204,431
275,207,482
284,189,473
202,176,378
163,165,328
155,148,303
169,119,288
175,106,281
181,116,297
163,129,292
158,137,295
149,127,276
151,110,261
150,201,351
230,312,542
379,198,577
406,200,606
330,177,507
178,163,341
135,150,285
153,186,339
106,208,314
119,204,323
173,189,362
191,172,363
177,173,350
139,139,278
151,137,288
112,148,260
122,147,269
128,132,260
130,133,263
135,134,269
116,134,250
123,133,256
114,140,254
119,144,263
128,145,273
128,159,287
134,240,374
127,252,379
130,257,387
159,216,375
202,177,379
200,201,401
134,191,325
143,191,334
122,192,314
162,150,312
172,143,315
141,134,275
136,137,273
135,169,304
139,164,303
193,108,301
205,94,299
200,129,329
150,155,305
181,107,288
177,98,275
183,95,278
133,150,283
112,182,294
173,140,313
170,132,302
174,188,362
185,271,456
277,181,458
292,172,464
292,148,440
229,122,351
234,119,353
172,115,287
154,133,287
171,180,351
175,184,359
225,116,341
209,106,315
228,150,378
199,120,319
206,119,325
213,142,355
201,114,315
197,139,336
184,178,362
197,128,325
223,114,337
235,101,336
189,128,317
179,106,285
169,111,280
174,183,357
233,153,386
262,192,454
337,219,556
284,212,496
330,126,456
268,133,401
249,198,447
261,124,385
258,146,404
221,154,375
166,136,302
180,100,280
174,85,259
143,192,335
183,172,355
222,148,370
255,112,367
194,99,293
187,97,284
131,92,223
114,86,200
116,86,202
118,126,244
139,153,292
170,144,314
186,134,320
172,150,322
199,125,324
218,114,332
207,114,321
161,123,284
151,132,283
140,131,271
151,158,309
148,181,329
147,186,333
146,177,323
169,198,367
161,253,414
119,300,419
117,312,429
174,286,460
290,216,506
369,143,512
373,270,643
325,225,550
292,257,549
274,260,534
281,241,522
247,240,487
295,241,536
235,228,463
263,225,488
149,206,355
207,224,431
229,209,438
183,213,396
178,184,362
227,129,356
190,125,315
230,140,370
186,132,318
220,245,465
253,237,490
273,176,449
290,143,433
266,188,454
244,204,448
186,185,371
233,160,393
192,168,360
204,169,373
204,227,431
263,216,479
256,187,443
160,194,354
130,157,287
142,159,301
112,185,297
136,165,301
136,165,301
147,147,294
151,164,315
151,183,334
101,251,352
155,265,420
161,345,506
203,341,544
195,368,563
144,365,509
295,267,562
296,236,532
302,204,506
284,165,449
252,154,406
193,197,390
186,192,378
194,147,341
156,144,300
213,135,348
155,164,319
121,136,257
181,118,299
138,153,291
168,193,361
135,220,355
185,192,377
194,177,371
219,162,381
202,178,380
169,190,359
149,171,320
204,139,343
201,130,331
161,125,286
156,79,235
157,145,302
100,149,249
130,170,300
157,128,285
181,102,283
133,109,242
176,211,387
146,239,385
227,177,404
237,184,421
197,176,373
223,124,347
149,139,288
204,130,334
165,121,286
134,124,258
146,137,283
141,140,281
154,159,313
137,152,289
188,118,306
182,123,305
133,215,348
189,199,388
183,170,353
211,164,375
116,222,338
154,217,371
152,221,373
154,215,369
193,224,417
177,243,420
107,246,353
156,256,412
225,187,412
226,209,435
249,216,465
179,236,415
210,191,401
238,132,370
228,109,337
208,116,324
145,124,269
155,175,330
186,163,349
209,133,342
206,95,301
171,115,286
172,145,317
164,109,273
185,87,272
139,176,315
183,147,330
212,114,326
210,230,440
207,243,450
213,236,449
224,266,490
164,266,430
155,338,493
216,264,480
215,258,473
197,292,489
207,213,420
222,237,459
200,230,430
160,236,396
186,253,439
155,235,390
173,254,427
135,240,375
208,225,433
241,159,400
211,172,383
277,110,387
218,177,395
209,163,372
210,133,343
193,124,317
148,111,259
158,112,270
178,122,300
188,102,290
189,107,296
168,107,275
165,104,269
165,159,324
172,132,304
169,115,284
174,93,267
157,85,242
145,141,286
136,150,286
169,147,316
196,140,336
206,133,339
215,152,367
216,143,359
176,160,336
170,192,362
147,201,348
154,222,376
149,223,372
142,246,388
168,211,379
207,188,395
233,160,393
221,227,448
219,293,512
253,247,500
294,191,485
293,176,469
209,171,380
189,149,338
187,136,323
188,135,323
200,128,328
217,113,330
203,117,320
157,124,281
123,128,251
128,132,260
127,140,267
138,140,278
136,142,278
135,151,286
129,152,281
134,153,287
138,156,294
134,154,288
139,153,292
138,153,291
140,159,299
128,167,295
130,175,305
127,182,309
126,186,312
126,194,320
150,179,329
158,174,332
161,194,355
140,219,359
138,231,369
139,233,372
169,224,393
186,213,399
189,207,396
166,198,364
168,178,346
162,163,325
157,160,317
158,147,305
146,169,315
147,195,342
137,220,357
134,249,383
155,249,404
174,244,418
184,226,410
205,180,385
222,146,368
215,142,357
227,135,362
214,115,329
206,114,320
154,101,255
150,140,290
153,143,296
162,133,295
184,113,297
197,131,328
171,134,305
160,144,304
135,142,277
117,147,264
128,145,273
123,146,269
121,146,267
120,148,268
125,148,273
132,164,296
128,165,293
121,165,286
119,162,281
135,138,273
150,135,285
206,118,324
197,112,309
195,112,307
160,112,272
158,110,268
171,101,272
166,131,297
173,149,322
225,103,328
218,116,334
209,129,338
157,128,285
174,126,300
184,139,323
154,151,305
145,158,303
133,160,293
143,167,310
145,173,318
152,172,324
145,174,319
141,186,327
141,183,324
172,165,337
196,152,348
207,126,333
199,134,333
209,144,353
210,206,416
257,157,414
241,144,385
243,117,360
167,127,294
180,141,321
176,129,305
197,127,324
185,123,308
176,140,316
172,129,301
162,118,280
182,156,338
187,138,325
188,129,317
166,119,285
125,128,253
138,119,257
127,121,248
129,143,272
120,165,285
127,176,303
136,177,313
143,179,322
134,179,313
123,169,292
146,178,324
148,179,327
152,179,331
141,179,320
139,187,326
129,202,331
122,223,345
139,211,350
150,206,356
203,143,346
203,120,323
200,104,304
157,90,247
145,117,262
134,121,255
144,116,260
143,128,271
149,134,283
133,134,267
144,129,273
139,123,262
137,124,261
127,120,247
133,115,248
149,239,388
289,122,411
318,118,436
294,127,421
140,120,260
130,115,245
159,125,284
166,120,286
175,155,330
183,128,311
184,117,301
196,109,305
157,92,249
154,151,305
161,159,320
148,165,313
134,165,299
104,153,257
143,148,291
143,136,279
157,115,272
152,107,259
157,116,273
157,130,287
148,148,296
118,161,279
123,165,288
135,183,318
133,234,367
102,248,350
125,258,383
184,190,374
213,207,420
205,216,421
150,193,343
157,182,339
199,129,328
207,107,314
201,114,315
174,119,293
135,120,255
131,106,237
127,107,234
139,99,238
148,116,264
161,118,279
154,122,276
181,111,292
174,109,283
171,110,281
151,96,247
150,151,301
160,146,306
162,135,297
192,94,286
176,91,267
179,94,273
138,94,232
148,119,267
142,117,259
155,102,257
159,117,276
150,131,281
181,93,274
188,118,306
179,131,310
151,134,285
144,137,281
135,141,276
124,144,268
131,142,273
130,153,283
153,146,299
158,132,290
170,124,294
151,129,280
150,121,271
130,130,260
132,140,272
116,144,260
127,153,280
130,166,296
146,164,310
151,160,311
155,137,292
150,129,279
154,115,269
141,108,249
147,96,243
137,122,259
145,107,252
149,92,241
147,120,267
145,118,263
150,119,269
164,126,290
176,103,279
168,101,269
151,102,253
118,120,238
126,127,253
122,121,243
126,139,265
122,185,307
127,192,319
128,184,312
133,184,317
165,180,345
157,177,334
150,182,332
136,179,315
132,187,319
153,186,339
162,175,337
167,164,331
169,147,316
187,112,299
199,97,296
189,110,299
160,104,264
170,160,330
184,160,344
183,164,347
166,168,334
142,158,300
169,153,322
138,159,297
158,163,321
153,162,315
151,147,298
150,127,277
160,102,262
154,99,253
135,139,274
171,121,292
189,127,316
175,150,325
190,141,331
209,120,329
218,117,335
191,119,310
158,135,293
165,147,312
162,151,313
154,147,301
150,159,309
161,147,308
166,128,294
181,111,292
179,133,312
181,149,330
208,147,355
226,129,355
195,133,328
156,127,283
151,129,280
152,127,279
124,156,280
132,169,301
128,178,306
179,158,337
162,151,313
201,124,325
184,98,282
163,101,264
144,111,255
111,112,223
116,108,224
122,102,224
125,101,226
127,92,219
136,83,219
130,132,262
135,146,281
133,144,277
137,143,280
127,160,287
127,159,286
113,153,266
126,146,272
122,139,261
156,95,251
178,145,323
200,142,342
180,130,310
184,164,348
191,148,339
201,141,342
181,147,328
160,157,317
151,175,326
151,179,330
148,170,318
145,158,303
132,151,283
129,146,275
110,141,251
130,141,271
123,163,286
116,181,297
122,209,331
132,202,334
133,198,331
145,165,310
172,132,304
200,98,298
182,91,273
162,118,280
135,123,258
136,122,258
156,106,262
162,86,248
150,132,282
160,105,265
175,137,312
188,121,309
163,113,276
142,104,246
111,108,219
115,105,220
116,110,226
124,111,235
127,103,230
143,91,234
121,117,238
145,135,280
129,146,275
140,154,294
117,171,288
124,185,309
131,197,328
134,214,348
132,235,367
148,235,383
161,256,417
172,240,412
197,208,405
203,195,398
217,158,375
201,155,356
181,165,346
142,190,332
99,194,293
129,195,324
157,183,340
191,165,356
210,157,367
174,176,350
145,177,322
125,175,300
121,179,300
142,164,306
181,144,325
197,155,352
174,176,350
141,191,332
139,205,344
131,210,341
144,209,353
145,215,360
171,184,355
180,183,363
165,206,371
140,221,361
145,205,350
155,188,343
168,148,316
190,133,323
205,100,305
184,134,318
195,107,302
167,100,267
161,90,251
141,103,244
141,94,235
140,141,281
155,140,295
166,128,294
137,129,266
136,137,273
140,130,270
142,136,278
144,128,272
148,133,281
157,120,277
149,132,281
140,138,278
131,142,273
138,136,274
161,134,295
161,142,303
145,176,321
141,174,315
151,169,320
154,178,332
176,295,471
173,383,556
136,403,539
150,397,547
338,209,547
368,203,571
381,203,584
200,200,400
197,177,374
171,180,351
169,189,358
160,182,342
161,170,331
164,159,323
163,142,305
161,128,289
154,118,272
172,183,355
189,169,358
204,158,362
178,166,344
124,173,297
136,174,310
132,206,338
137,210,347
133,226,359
132,229,361
159,186,345
178,191,369
184,188,372
138,190,328
136,163,299
180,133,313
202,113,315
202,136,338
179,128,307
189,114,303
184,145,329
209,133,342
220,107,327
224,127,351
177,132,309
135,151,286
160,145,305
163,139,302
165,142,307
143,152,295
138,151,289
137,174,311
135,177,312
131,170,301
121,175,296
131,183,314
144,190,334
145,198,343
147,190,337
140,206,346
152,213,365
165,229,394
197,200,397
203,187,390
190,183,373
145,180,325
142,171,313
138,162,300
179,121,300
189,98,287
188,93,281
167,114,281
144,115,259
145,115,260
149,101,250
152,117,269
153,131,284
154,120,274
157,135,292
188,105,293
174,101,275
170,91,261
141,89,230
127,99,226
127,105,232
138,104,242
146,108,254
132,111,243
135,116,251
137,98,235
162,110,272
158,120,278
140,118,258
134,117,251
122,140,262
120,167,287
120,177,297
136,184,320
143,189,332
154,169,323
146,163,309
138,157,295
143,164,307
138,167,305
150,169,319
147,177,324
139,211,350
154,198,352
147,198,345
150,190,340
151,188,339
147,179,326
141,191,332
151,190,341
151,191,342
150,200,350
147,191,338
152,178,330
155,181,336
155,181,336
130,186,316
143,182,325
150,195,345
150,224,374
134,229,363
138,218,356
180,184,364
216,149,365
223,127,350
218,153,371
217,145,362
216,137,353
217,148,365
201,141,342
205,127,332
228,144,372
218,148,366
222,161,383
187,178,365
154,181,335
151,172,323
160,170,330
181,143,324
183,119,302
212,146,358
206,144,350
204,146,350
209,134,343
210,147,357
220,143,363
212,138,350
214,149,363
207,156,363
215,151,366
193,155,348
177,157,334
160,152,312
175,137,312
179,120,299
194,218,412
282,209,491
349,151,500
335,145,480
255,118,373
189,136,325
192,119,311
179,116,295
177,113,290
170,148,318
202,111,313
203,116,319
203,96,299
170,145,315
191,147,338
210,174,384
249,187,436
239,181,420
237,144,381
220,123,343
224,147,371
244,131,375
241,115,356
226,108,334
171,105,276
142,110,252
165,118,283
186,120,306
190,136,326
198,137,335
159,150,309
155,148,303
148,164,312
148,174,322
157,172,329
155,170,325
145,186,331
154,190,344
149,202,351
149,213,362
159,224,383
138,232,370
176,207,383
167,209,376
201,182,383
194,179,373
210,174,384
209,163,372
222,135,357
235,197,432
255,172,427
239,161,400
239,146,385
170,128,298
186,110,296
169,144,313
171,142,313
165,148,313
152,151,303
162,138,300
164,152,316
174,168,342
162,181,343
176,197,373
195,202,397
216,196,412
205,191,396
212,158,370
202,121,323
200,124,324
168,129,297
141,136,277
134,128,262
141,128,269
131,131,262
134,137,271
121,141,262
120,146,266
131,149,280
135,159,294
150,155,305
140,150,290
146,138,284
142,133,275
147,132,279
145,112,257
144,102,246
164,112,276
131,110,241
136,110,246
157,119,276
169,129,298
188,107,295
178,108,286
169,138,307
155,144,299
174,132,306
172,116,288
186,157,343
163,153,316
187,118,305
207,97,304
203,130,333
198,132,330
173,119,292
173,143,316
177,128,305
199,132,331
214,136,350
214,117,331
196,153,349
156,169,325
110,180,290
151,158,309
127,161,288
133,160,293
117,160,277
109,159,268
118,167,285
124,172,296
118,182,300
122,179,301
137,170,307
137,176,313
138,191,329
121,192,313
122,187,309
133,174,307
181,140,321
195,108,303
189,109,298
163,110,273
132,117,249
125,118,243
120,120,240
140,121,261
139,125,264
141,123,264
134,110,244
125,113,238
135,141,276
113,161,274
123,159,282
126,149,275
128,151,279
118,163,281
116,172,288
128,162,290
127,159,286
127,169,296
118,176,294
121,181,302
145,168,313
163,125,288
211,155,366
214,124,338
195,103,298
187,96,283
137,114,251
127,117,244
145,123,268
142,128,270
137,137,274
123,128,251
130,125,255
136,105,241
129,103,232
127,114,241
121,106,227
131,108,239
128,102,230
114,106,220
124,131,255
130,154,284
145,142,287
150,125,275
146,105,251
141,99,240
139,94,233
121,99,220
110,106,216
125,106,231
132,98,230
136,91,227
128,90,218
116,97,213
124,121,245
123,107,230
146,95,241
157,92,249
145,137,282
134,139,273
166,130,296
164,133,297
137,148,285
127,160,287
131,161,292
130,170,300
124,190,314
140,210,350
137,236,373
130,244,374
164,206,370
192,187,379
200,190,390
163,187,350
174,146,320
181,128,309
193,151,344
175,136,311
176,118,294
189,154,343
196,136,332
204,158,362
217,130,347
180,135,315
173,148,321
135,154,289
146,152,298
163,139,302
165,134,299
166,131,297
164,127,291
167,119,286
184,119,303
185,109,294
200,139,339
176,139,315
173,154,327
187,137,324
187,130,317
209,150,359
216,131,347
213,109,322
201,108,309
160,138,298
159,167,326
191,149,340
217,127,344
177,137,314
175,147,322
147,141,288
167,141,308
147,149,296
142,178,320
149,168,317
154,172,326
156,171,327
147,182,329
153,171,324
145,208,353
138,211,349
151,191,342
166,174,340
207,160,367
193,142,335
208,174,382
208,129,337
230,115,345
224,131,355
191,173,364
209,158,367
202,145,347
187,124,311
190,151,341
204,153,357
189,155,344
165,165,330
147,177,324
139,173,312
139,172,311
162,154,316
194,142,336
204,146,350
223,121,344
203,137,340
202,146,348
165,151,316
152,171,323
134,181,315
135,184,319
134,186,320
173,151,324
187,145,332
182,142,324
153,158,311
150,132,282
168,125,293
177,103,280
155,109,264
144,110,254
132,106,238
139,117,256
145,260,405
152,278,430
165,267,432
175,256,431
211,203,414
210,179,389
241,158,399
213,150,363
188,154,342
180,155,335
171,160,331
151,165,316
148,166,314
157,148,305
168,136,304
179,120,299
181,103,284
176,98,274
150,98,248
143,91,234
127,133,260
161,117,278
161,103,264
168,175,343
148,170,318
153,180,333
153,184,337
130,214,344
138,222,360
142,228,370
127,256,383
173,223,396
197,202,399
205,196,401
188,168,356
153,152,305
158,156,314
132,170,302
115,178,293
121,184,305
129,181,310
168,149,317
214,145,359
221,155,376
192,136,328
186,109,295
181,121,302
186,111,297
168,129,297
179,136,315
193,115,308
217,140,357
204,132,336
188,132,320
172,131,303
148,119,267
141,119,260
143,128,271
139,151,290
125,193,318
132,218,350
125,223,348
135,224,359
186,191,377
207,171,378
242,161,403
193,157,350
173,179,352
174,184,358
173,205,378
182,200,382
152,201,353
171,192,363
167,183,350
158,182,340
169,170,339
175,166,341
181,163,344
171,173,344
165,169,334
173,144,317
199,142,341
190,168,358
171,174,345
157,167,324
156,163,319
179,143,322
176,165,341
211,120,331
211,103,314
211,138,349
175,135,310
177,139,316
172,148,320
164,158,322
168,157,325
166,155,321
159,137,296
180,148,328
197,129,326
189,132,321
181,166,347
192,153,345
215,138,353
236,135,371
219,118,337
196,146,342
194,150,344
172,161,333
191,162,353
198,154,352
205,154,359
205,161,366
209,128,337
235,93,328
205,130,335
191,108,299
162,88,250
171,125,296
156,124,280
155,123,278
149,141,290
141,150,291
142,151,293
138,139,277
156,129,285
163,117,280
169,142,311
183,110,293
193,111,304
190,121,311
140,121,261
132,121,253
139,128,267
138,144,282
141,145,286
119,141,260
125,135,260
128,136,264
123,133,256
127,142,269
118,144,262
136,142,278
120,141,261
130,140,270
127,128,255
134,126,260
133,121,254
136,115,251
134,138,272
172,144,316
201,126,327
201,147,348
176,144,320
149,163,312
134,179,313
133,177,310
139,190,329
139,202,341
236,179,415
309,104,413
332,102,434
238,121,359
161,124,285
159,120,279
149,127,276
139,136,275
135,150,285
132,148,280
142,167,309
138,181,319
148,179,327
151,177,328
153,171,324
143,170,313
130,185,315
132,197,329
134,206,340
137,200,337
131,192,323
173,185,358
170,188,358
167,194,361
135,205,340
140,185,325
150,184,334
155,177,332
151,173,324
142,170,312
143,153,296
139,148,287
137,148,285
130,153,283
124,158,282
130,165,295
129,170,299
133,162,295
127,155,282
135,139,274
146,127,273
132,115,247
167,134,301
191,131,322
199,136,335
156,147,303
143,181,324
141,189,330
126,194,320
145,193,338
150,189,339
132,196,328
138,197,335
153,164,317
164,207,371
170,194,364
150,192,342
160,182,342
162,163,325
191,135,326
203,98,301
213,139,352
193,149,342
195,162,357
220,133,353
220,114,334
194,105,299
160,124,284
168,113,281
169,97,266
163,159,322
160,153,313
170,136,306
167,125,292
154,109,263
164,97,261
165,150,315
163,158,321
165,162,327
170,161,331
172,151,323
195,146,341
189,149,338
178,151,329
171,156,327
186,151,337
221,152,373
231,148,379
229,163,392
207,153,360
191,160,351
208,162,370
212,149,361
214,154,368
235,169,404
240,153,393
242,147,389
261,184,445
245,176,421
267,145,412
243,197,440
205,187,392
246,180,426
250,199,449
233,193,426
244,158,402
258,159,417
254,172,426
226,167,393
251,169,420
262,191,453
321,155,476
285,144,429
243,164,407
211,211,422
248,175,423
270,151,421
248,143,391
184,139,323
195,132,327
190,174,364
203,155,358
201,166,367
222,128,350
161,119,280
191,116,307
154,131,285
154,168,322
190,182,372
233,160,393
258,143,401
241,147,388
233,146,379
211,137,348
171,125,296
164,113,277
179,139,318
188,127,315
198,113,311
199,122,321
181,127,308
161,118,279
168,124,292
168,127,295
181,115,296
160,137,297
177,134,311
187,139,326
190,155,345
195,145,340
220,117,337
240,111,351
191,109,300
179,162,341
170,139,309
174,137,311
178,148,326
139,147,286
143,160,303
151,164,315
159,173,332
175,160,335
177,152,329
203,157,360
214,135,349
218,117,335
186,113,299
170,162,332
222,165,387
260,133,393
274,127,401
234,110,344
187,114,301
156,149,305
140,167,307
154,156,310
152,152,304
147,155,302
128,166,294
118,169,287
116,173,289
121,169,290
124,174,298
150,193,343
185,171,356
218,141,359
233,130,363
217,117,334
190,120,310
181,124,305
162,121,283
152,166,318
165,143,308
198,116,314
206,123,329
181,117,298
166,111,277
164,89,253
153,106,259
124,102,226
136,95,231
146,137,283
140,129,269
144,118,262
152,107,259
135,105,240
135,95,230
151,119,270
150,137,287
147,144,291
149,148,297
154,152,306
156,148,304
150,131,281
153,114,267
155,101,256
157,91,248
152,108,260
164,121,285
173,116,289
173,106,279
167,96,263
151,97,248
119,106,225
142,108,250
152,135,287
159,164,323
163,175,338
165,165,330
168,143,311
182,117,299
172,144,316
190,145,335
176,154,330
191,124,315
168,108,276
199,159,358
199,139,338
207,137,344
177,147,324
135,162,297
131,170,301
129,177,306
137,191,328
145,186,331
162,182,344
182,204,386
163,230,393
130,231,361
133,254,387
170,227,397
205,212,417
216,207,423
192,209,401
187,197,384
164,193,357
172,189,361
155,192,347
147,197,344
152,190,342
170,171,341
188,162,350
218,130,348
193,138,331
166,146,312
158,142,300
146,145,291
143,141,284
147,139,286
147,173,320
152,180,332
148,192,340
139,205,344
124,287,411
154,280,434
195,254,449
210,284,494
243,245,488
263,210,473
274,181,455
261,127,388
250,203,453
223,275,498
172,290,462
128,310,438
181,256,437
277,182,459
318,153,471
241,167,408
184,163,347
167,156,323
163,155,318
155,164,319
152,157,309
140,146,286
150,121,271
152,109,261
144,99,243
134,97,231
138,91,229
148,134,282
152,159,311
158,162,320
162,152,314
142,143,285
143,136,279
146,119,265
162,105,267
149,90,239
160,123,283
151,134,285
140,125,265
152,101,253
156,93,249
148,113,261
154,145,299
178,132,310
196,120,316
209,141,350
175,123,298
196,109,305
185,133,318
168,116,284
169,101,270
165,134,299
166,125,291
161,114,275
168,104,272
155,128,283
160,124,284
155,118,273
161,122,283
165,123,288
173,129,302
174,132,306
172,115,287
163,104,267
169,133,302
174,129,303
172,152,324
170,161,331
187,129,316
191,125,316
192,121,313
174,182,356
184,187,371
191,180,371
166,187,353
159,205,364
161,210,371
156,207,363
160,197,357
160,235,395
163,248,411
152,264,416
151,260,411
201,199,400
235,185,420
257,160,417
203,157,360
167,158,325
151,172,323
140,173,313
134,181,315
134,180,314
135,180,315
121,183,304
142,166,308
147,170,317
140,166,306
124,164,288
131,153,284
150,155,305
165,140,305
163,127,290
152,125,277
153,114,267
148,108,256
133,109,242
134,105,239
125,105,230
130,103,233
124,101,225
125,106,231
128,129,257
131,137,268
145,132,277
143,141,284
134,150,284
136,155,291
133,161,294
162,156,318
194,127,321
230,143,373
231,122,353
211,112,323
193,106,299
164,144,308
184,120,304
176,108,284
164,115,279
137,99,236
155,111,266
160,97,257
152,113,265
146,110,256
135,160,295
172,147,319
166,153,319
159,172,331
118,176,294
143,173,316
150,172,322
147,168,315
135,187,322
140,207,347
123,228,351
124,240,364
156,210,366
202,173,375
204,163,367
182,170,352
153,163,316
170,164,334
171,154,325
185,146,331
167,137,304
167,137,304
170,139,309
179,140,319
196,120,316
201,111,312
187,121,308
155,134,289
144,163,307
143,189,332
127,195,322
151,193,344
161,192,353
191,183,374
180,176,356
181,180,361
176,165,341
191,148,339
195,136,331
163,137,300
147,144,291
133,136,269
130,139,269
131,136,267
126,128,254
141,107,248
148,159,307
167,339,506
331,184,515
332,161,493
336,144,480
176,114,290
175,138,313
185,124,309
167,118,285
174,113,287
151,107,258
153,103,256
148,125,273
162,164,326
189,132,321
203,139,342
201,143,344
168,141,309
192,135,327
224,134,358
210,128,338
186,122,308
149,121,270
141,114,255
134,113,247
132,127,259
113,128,241
128,133,261
136,156,292
140,169,309
133,182,315
150,174,324
156,173,329
151,168,319
151,185,336
142,195,337
170,177,347
162,186,348
166,178,344
144,172,316
141,177,318
137,167,304
154,158,312
167,147,314
181,121,302
158,128,286
153,151,304
127,180,307
125,194,319
137,189,326
125,181,306
154,155,309
156,144,300
153,130,283
161,107,268
184,125,309
175,139,314
161,136,297
140,130,270
143,134,277
144,158,302
130,182,312
130,178,308
148,158,306
161,142,303
164,129,293
159,120,279
146,114,260
167,122,289
169,116,285
179,107,286
161,98,259
166,112,278
161,116,277
174,111,285
176,98,274
159,99,258
138,100,238
133,100,233
143,142,285
163,134,297
173,121,294
163,148,311
127,165,292
126,165,291
128,151,279
144,131,275
145,123,268
136,116,252
128,107,235
134,99,233
123,93,216
142,122,264
144,127,271
145,127,272
147,129,276
158,124,282
170,116,286
155,109,264
166,96,262
159,169,328
177,147,324
160,179,339
157,189,346
105,192,297
144,185,329
145,196,341
143,189,332
145,184,329
138,190,328
150,165,315
162,158,320
156,173,329
114,179,293
112,184,296
120,185,305
138,175,313
140,183,323
128,182,310
123,197,320
123,201,324
145,166,311
166,145,311
167,142,309
145,143,288
134,153,287
164,130,294
197,132,329
209,133,342
202,141,343
172,147,319
148,152,300
146,150,296
138,151,289
141,143,284
152,141,293
157,150,307
140,162,302
150,151,301
140,160,300
144,147,291
131,141,272
121,145,266
125,178,303
123,196,319
132,196,328
131,201,332
134,194,328
147,156,303
188,151,339
185,153,338
141,163,304
134,187,321
123,223,346
134,228,362
135,233,368
166,209,375
188,181,369
204,168,372
196,161,357
171,196,367
162,200,362
166,203,369
169,193,362
188,192,380
171,189,360
189,173,362
200,165,365
220,177,397
240,157,397
224,154,378
204,159,363
189,151,340
213,132,345
207,127,334
204,141,345
193,121,314
190,131,321
179,138,317
169,165,334
193,144,337
194,133,327
196,154,350
209,150,359
204,151,355
212,142,354
212,190,402
246,149,395
247,143,390
192,157,349
168,139,307
204,171,375
233,166,399
207,166,373
193,191,384
177,184,361
189,163,352
215,133,348
226,130,356
216,125,341
200,100,300
182,155,337
188,151,339
199,155,354
225,150,375
197,175,372
246,120,366
234,172,406
244,151,395
192,126,318
192,103,295
162,132,294
183,117,300
169,121,290
170,112,282
169,112,281
151,117,268
158,118,276
156,99,255
157,89,246
162,135,297
141,142,283
139,140,279
161,153,314
160,157,317
167,159,326
150,170,320
167,167,334
167,162,329
175,143,318
163,126,289
157,111,268
156,97,253
150,90,240
149,138,287
145,137,282
159,150,309
191,116,307
201,97,298
189,160,349
146,153,299
161,146,307
194,103,297
180,99,279
190,154,344
161,163,324
168,151,319
168,138,306
176,108,284
189,105,294
193,105,298
171,96,267
168,104,272
159,119,278
163,114,277
172,97,269
166,116,282
163,113,276
150,136,286
148,140,288
160,113,273
167,105,272
144,94,238
139,113,252
144,172,316
188,143,331
192,150,342
186,160,346
144,174,318
150,181,331
151,188,339
153,198,351
152,202,354
163,201,364
158,210,368
182,197,379
172,209,381
172,226,398
149,350,499
177,411,588
198,407,605
229,386,615
360,220,580
377,175,552
376,122,498
236,98,334
202,141,343
175,131,306
170,108,278
170,127,297
158,113,271
166,101,267
163,162,325
175,126,301
186,117,303
173,113,286
129,109,238
135,104,239
137,114,251
139,107,246
133,119,252
130,141,271
118,155,273
126,162,288
141,167,308
139,182,321
142,205,347
123,226,349
121,229,350
157,186,343
207,160,367
211,160,371
179,154,333
138,153,291
143,151,294
140,151,291
160,175,335
150,196,346
153,201,354
147,195,342
156,199,355
130,197,327
142,193,335
151,184,335
142,192,334
164,178,342
167,178,345
164,201,365
155,200,355
145,216,361
156,209,365
174,186,360
185,169,354
192,175,367
173,214,387
175,238,413
161,278,439
177,274,451
178,251,429
216,200,416
219,188,407
236,148,384
202,128,330
183,114,297
163,144,307
183,140,323
170,195,365
181,174,355
166,146,312
177,131,308
177,112,289
159,108,267
151,106,257
149,162,311
186,140,326
218,213,431
279,147,426
267,109,376
245,104,349
172,96,268
152,89,241
140,123,263
136,121,257
139,115,254
152,104,256
144,105,249
145,145,290
166,136,302
158,147,305
145,142,287
112,140,252
134,134,268
125,141,266
122,142,264
119,135,254
125,132,257
129,133,262
118,140,258
116,151,267
116,173,289
127,176,303
127,169,296
128,170,298
124,195,319
134,208,342
135,220,355
137,217,354
166,187,353
184,175,359
182,168,350
150,158,308
144,140,284
151,122,273
127,116,243
134,105,239
128,97,225
123,90,213
128,145,273
138,154,292
143,152,295
136,154,290
117,158,275
133,160,293
121,161,282
136,163,299
140,164,304
118,180,298
139,180,319
124,175,299
125,163,288
143,144,287
140,135,275
139,121,260
141,109,250
141,100,241
133,95,228
129,85,214
127,79,206
117,137,254
126,145,271
124,150,274
131,165,296
112,170,282
127,194,321
166,187,353
165,221,386
141,218,359
154,206,360
166,184,350
174,165,339
196,161,357
182,150,332
164,134,298
152,116,268
157,133,290
175,101,276
174,117,291
178,104,282
157,114,271
154,106,260
133,110,243
147,102,249
148,127,275
170,111,281
182,106,288
186,105,291
163,144,307
159,143,302
158,136,294
165,124,289
159,122,281
145,130,275
135,122,257
128,171,299
181,135,316
221,147,368
248,147,395
207,139,346
177,148,325
148,151,299
159,145,304
174,144,318
163,143,306
163,148,311
148,153,301
153,154,307
170,150,320
184,143,327
186,146,332
217,233,450
319,130,449
323,130,453
291,120,411
186,164,350
197,165,362
191,178,369
160,176,336
141,178,319
147,189,336
153,191,344
135,196,331
135,204,339
152,196,348
173,174,347
176,163,339
178,136,314
193,103,296
199,137,336
194,146,340
173,150,323
154,157,311
155,158,313
168,146,314
161,127,288
178,130,308
186,126,312
175,136,311
151,154,305
126,219,345
136,224,360
142,232,374
170,211,381
169,204,373
180,195,375
175,177,352
206,152,358
221,136,357
220,226,446
229,234,463
246,215,461
266,192,458
188,183,371
238,167,405
211,160,371
194,180,374
161,194,355
155,196,351
159,181,340
166,203,369
169,226,395
150,238,388
185,218,403
186,206,392
159,213,372
188,188,376
183,220,403
180,244,424
171,248,419
170,254,424
174,243,417
209,241,450
223,249,472
226,261,487
190,242,432
215,198,413
218,184,402
223,184,407
181,191,372
179,174,353
187,145,332
197,134,331
205,103,308
199,138,337
188,136,324
163,116,279
177,84,261
150,152,302
167,134,301
166,142,308
156,154,310
131,140,271
170,114,284
183,123,306
173,135,308
161,142,303
167,129,296
164,123,287
173,158,331
197,132,329
194,135,329
193,141,334
156,156,312
172,169,341
185,176,361
186,191,377
204,198,402
204,185,389
200,139,339
221,108,329
201,91,292
164,116,280
137,123,260
135,117,252
141,113,254
127,116,243
128,115,243
127,121,248
130,124,254
140,121,261
148,116,264
144,108,252
122,122,244
135,137,272
153,117,270
166,112,278
157,132,289
125,141,266
129,140,269
137,144,281
117,152,269
139,138,277
140,135,275
144,161,305
130,174,304
128,177,305
131,161,292
143,155,298
146,163,309
135,165,300
123,171,294
140,155,295
150,146,296
182,118,300
168,112,280
165,99,264
143,102,245
137,98,235
138,95,233
150,117,267
143,117,260
148,132,280
140,146,286
145,146,291
164,145,309
165,145,310
156,147,303
143,142,285
136,139,275
137,143,280
141,158,299
143,151,294
151,136,287
157,118,275
184,146,330
183,137,320
185,115,300
167,102,269
143,87,230
130,151,281
153,134,287
169,103,272
164,151,315
170,109,279
175,94,269
152,125,277
139,120,259
128,112,240
164,114,278
147,202,349
148,219,367
172,206,378
193,187,380
201,167,368
192,158,350
200,148,348
182,141,323
198,137,335
196,139,335
187,144,331
190,128,318
201,97,298
193,136,329
184,145,329
160,136,296
151,141,292
139,136,275
143,145,288
154,136,290
157,137,294
150,164,314
125,169,294
147,161,308
160,146,306
165,127,292
167,113,280
176,157,333
190,159,349
200,159,359
201,142,343
199,123,322
168,144,312
176,151,327
161,150,311
168,139,307
165,136,301
166,127,293
140,138,278
184,111,295
190,105,295
195,111,306
156,118,274
150,118,268
149,176,325
185,140,325
193,127,320
198,109,307
150,89,239
168,115,283
160,113,273
157,97,254
168,136,304
185,110,295
189,131,320
200,136,336
188,140,328
194,143,337
159,149,308
143,146,289
141,179,320
126,192,318
167,181,348
169,193,362
159,201,360
175,200,375
180,196,376
194,215,409
173,204,377
200,188,388
215,171,386
205,187,392
167,167,334
167,146,313
151,130,281
164,108,272
152,95,247
142,97,239
140,104,244
142,118,260
156,101,257
155,113,268
166,98,264
148,88,236
141,111,252
150,94,244
138,121,259
139,112,251
142,285,427
153,283,436
178,284,462
196,277,473
251,218,469
227,201,428
232,197,429
181,189,370
172,177,349
163,180,343
150,186,336
138,203,341
139,214,353
153,201,354
169,172,341
159,181,340
174,178,352
169,178,347
177,167,344
183,142,325
173,151,324
171,157,328
180,134,314
184,132,316
180,126,306
152,114,266
147,134,281
141,150,291
127,159,286
124,144,268
172,113,285
170,100,270
172,86,258
151,120,271
145,139,284
134,140,274
148,148,296
137,154,291
110,141,251
137,124,261
134,115,249
151,101,252
137,112,249
144,101,245
130,90,220
148,128,276
147,125,272
158,155,313
144,171,315
142,168,310
155,152,307
148,147,295
171,142,313
154,153,307
143,169,312
147,157,304
165,142,307
176,164,340
164,197,361
178,198,376
205,163,368
222,142,364
203,151,354
157,147,304
140,131,271
158,116,274
191,131,322
161,123,284
194,123,317
153,123,276
139,114,253
144,128,272
172,105,277
174,113,287
163,113,276
134,108,242
137,97,234
145,128,273
154,128,282
169,107,276
161,115,276
135,113,248
152,109,261
155,90,245
158,123,281
154,133,287
134,142,276
127,143,270
123,145,268
134,181,315
136,180,316
134,188,322
126,179,305
146,175,321
141,174,315
131,185,316
123,186,309
130,186,316
130,187,317
141,199,340
130,210,340
143,209,352
137,215,352
169,175,344
161,189,350
163,209,372
133,203,336
123,210,333
165,198,363
194,157,351
233,129,362
240,142,382
232,127,359
210,124,334
196,118,314
186,132,318
183,151,334
183,169,352
189,170,359
236,178,414
258,158,416
272,132,404
246,171,417
253,152,405
213,162,375
232,149,381
191,151,342
175,140,315
144,133,277
134,136,270
135,130,265
134,136,270
133,138,271
127,127,254
141,127,268
147,130,277
149,136,285
141,142,283
123,156,279
121,143,264
153,135,288
181,117,298
180,133,313
164,150,314
142,137,279
154,125,279
179,143,322
195,135,330
187,137,324
157,136,293
133,149,282
148,144,292
144,148,292
139,157,296
134,158,292
131,173,304
138,174,312
135,183,318
136,201,337
131,224,355
134,229,363
153,221,374
174,215,389
198,206,404
190,206,396
172,218,390
148,217,365
167,201,368
210,200,410
235,203,438
238,197,435
210,195,405
213,192,405
209,176,385
217,148,365
239,99,338
217,112,329
195,105,300
170,137,307
171,160,331
167,171,338
153,185,338
186,135,321
222,163,385
267,106,373
213,141,354
203,146,349
151,141,292
179,114,293
172,96,268
185,140,325
168,161,329
211,162,373
234,134,368
229,117,346
180,115,295
139,118,257
127,115,242
126,114,240
124,113,237
127,128,255
126,319,445
319,155,474
330,169,499
336,172,508
143,182,325
145,183,328
152,182,334
147,191,338
139,228,367
125,233,358
164,210,374
207,169,376
236,144,380
200,138,338
163,141,304
141,144,285
149,146,295
139,151,290
124,159,283
129,189,318
138,202,340
139,204,343
144,205,349
156,222,378
132,222,354
159,229,388
144,221,365
180,177,357
194,166,360
195,171,366
152,168,320
132,169,301
123,165,288
119,152,271
135,139,274
138,126,264
140,108,248
144,111,255
139,102,241
137,97,234
138,102,240
134,159,293
167,141,308
188,115,303
181,118,299
145,127,272
128,125,253
127,106,233
145,91,236
131,88,219
134,162,296
151,145,296
155,131,286
163,119,282
126,113,239
146,105,251
141,125,266
150,124,274
176,103,279
165,136,301
164,146,310
133,147,280
118,146,264
128,148,276
130,159,289
137,154,291
144,134,278
157,146,303
176,120,296
190,133,323
194,123,317
201,118,319
182,114,296
173,168,341
172,193,365
172,205,377
179,210,389
152,202,354
142,210,352
172,196,368
192,191,383
219,164,383
177,152,329
183,131,314
165,125,290
173,117,290
169,115,284
182,146,328
191,154,345
193,163,356
190,163,353
179,140,319
197,152,349
208,138,346
234,164,398
238,149,387
222,141,363
209,148,357
182,152,334
169,169,338
165,173,338
159,191,350
166,193,359
155,202,357
167,206,373
166,211,377
169,217,386
163,225,388
166,226,392
167,234,401
163,237,400
184,226,410
188,227,415
198,225,423
189,204,393
185,204,389
203,181,384
216,176,392
236,151,387
217,145,362
191,143,334
163,167,330
166,178,344
180,206,386
242,168,410
285,124,409
266,114,380
203,117,320
170,109,279
162,166,328
198,123,321
219,183,402
242,181,423
213,218,431
188,228,416
179,191,370
213,173,386
213,180,393
177,165,342
153,166,319
149,156,305
148,155,303
156,155,311
153,149,302
172,117,289
166,113,279
161,119,280
113,128,241
138,115,253
140,98,238
149,97,246
132,100,232
125,84,209
139,99,238
137,105,242
125,107,232
121,105,226
120,104,224
127,103,230
125,101,226
122,100,222
124,97,221
113,101,214
123,93,216
141,114,255
144,122,266
133,118,251
147,107,254
139,110,249
126,135,261
127,141,268
128,162,290
122,182,304
124,183,307
140,173,313
135,177,312
155,169,324
141,170,311
133,185,318
138,180,318
161,156,317
159,151,310
173,132,305
170,106,276
167,130,297
178,127,305
175,128,303
172,127,299
148,137,285
144,145,289
136,158,294
139,172,311
140,204,344
133,221,354
158,220,378
210,190,400
234,172,406
239,150,389
234,128,362
208,129,337
176,122,298
142,119,261
135,107,242
130,108,238
128,104,232
115,108,223
122,106,228
128,90,218
111,91,202
135,96,231
118,99,217
105,94,199
114,88,202
105,98,203
119,164,283
147,162,309
136,170,306
142,173,315
90,183,273
118,213,331
98,253,351
119,259,378
152,248,400
201,191,392
196,175,371
209,149,358
191,113,304
181,108,289
185,136,321
173,117,290
174,109,283
182,152,334
159,145,304
149,138,287
133,126,259
106,104,210
139,106,245
127,100,227
134,83,217
145,159,304
135,158,293
134,167,301
147,147,294
104,130,234
186,168,354
190,173,363
171,169,340
152,152,304
108,143,251
145,142,287
132,149,281
149,166,315
167,146,313
180,147,327
186,262,448
164,350,514
151,363,514
135,386,521
223,300,523
254,244,498
275,230,505
254,222,476
237,187,424
231,188,419
231,176,407
199,175,374
213,144,357
200,129,329
217,104,321
189,93,282
180,117,297
146,150,296
134,152,286
139,136,275
147,117,264
163,189,352
214,161,375
212,162,374
186,175,361
115,185,300
126,189,315
126,198,324
144,183,327
147,190,337
148,206,354
160,181,341
184,153,337
189,171,360
180,161,341
177,164,341
167,177,344
164,173,337
181,158,339
177,160,337
147,166,313
129,171,300
154,142,296
178,124,302
199,111,310
203,121,324
202,115,317
187,160,347
189,152,341
180,182,362
164,182,346
161,135,296
193,142,335
211,161,372
178,146,324
190,107,297
206,148,354
204,158,362
218,138,356
198,146,344
157,150,307
120,153,273
137,169,306
128,174,302
147,171,318
147,164,311
146,164,310
139,157,296
126,145,271
139,140,279
141,132,273
108,125,233
133,112,245
113,104,217
133,101,234
131,161,292
154,154,308
126,161,287
130,164,294
86,154,240
113,159,272
134,166,300
83,167,250
108,173,281
116,177,293
112,186,298
143,203,346
136,203,339
124,197,321
146,187,333
215,126,341
199,116,315
211,107,318
162,131,293
145,115,260
176,123,299
171,100,271
156,166,322
157,154,311
148,148,296
152,118,270
125,146,271
184,122,306
184,124,308
179,122,301
141,120,261
150,161,311
182,148,330
196,127,323
214,139,353
173,159,332
178,143,321
183,143,326
184,138,322
155,153,308
144,178,322
160,165,325
169,154,323
183,143,326
197,107,304
199,150,349
199,160,359
166,158,324
167,153,320
177,144,321
244,120,364
242,121,363
205,183,388
193,174,367
206,171,377
201,166,367
199,169,368
189,192,381
203,183,386
194,199,393
212,197,409
210,191,401
217,205,422
196,207,403
178,207,385
170,204,374
211,155,366
199,147,346
200,136,336
148,138,286
138,152,290
127,146,273
141,144,285
133,161,294
145,160,305
143,148,291
153,159,312
163,149,312
147,169,316
147,177,324
142,202,344
177,181,358
169,182,351
157,191,348
132,191,323
148,177,325
142,180,322
141,186,327
140,179,319
137,180,317
146,185,331
148,195,343
140,205,345
146,215,361
148,229,377
150,243,393
148,264,412
166,232,398
192,235,427
231,221,452
201,215,416
207,247,454
191,250,441
188,255,443
188,271,459
190,272,462
202,261,463
230,247,477
215,263,478
205,289,494
183,281,464
207,260,467
212,272,484
227,263,490
222,248,470
236,233,469
233,218,451
260,177,437
246,167,413
249,137,386
238,175,413
245,171,416
234,166,400
227,152,379
196,163,359
233,152,385
228,170,398
240,145,385
219,148,367
213,231,444
296,212,508
352,147,499
373,158,531
264,143,407
192,117,309
209,191,400
198,190,388
211,188,399
199,207,406
147,227,374
147,280,427
154,273,427
220,229,449
236,226,462
225,231,456
173,218,391
170,228,398
189,219,408
189,238,427
204,232,436
210,212,422
208,207,415
202,197,399
179,182,361
173,190,363
175,180,355
208,144,352
221,154,375
212,168,380
165,165,330
152,180,332
138,182,320
148,177,325
179,140,319
192,115,307
214,142,356
204,165,369
216,149,365
203,156,359
175,165,340
145,173,318
161,176,337
169,184,353
172,205,377
169,221,390
163,217,380
193,171,364
214,147,361
261,171,432
248,149,397
259,177,436
253,161,414
231,167,398
195,184,379
139,200,339
152,210,362
155,220,375
159,220,379
161,207,368
148,204,352
191,159,350
208,132,340
236,236,472
224,225,449
188,243,431
189,228,417
86,221,307
131,225,356
176,238,414
180,226,406
178,217,395
173,229,402
186,210,396
201,195,396
218,187,405
180,199,379
167,208,375
151,221,372
147,284,431
156,317,473
179,311,490
197,355,552
258,293,551
237,323,560
143,879,1022
466,626,1092
487,1247,1734
874,738,1612
608,1244,1852
1236,548,1784
582,508,1090
896,233,1129
158,208,366
195,195,390
231,137,368
192,268,460
300,224,524
220,218,438
183,208,391
189,168,357
274,128,402
271,178,449
223,171,394
199,190,389
209,201,410
195,203,398
194,188,382
207,178,385
218,188,406
242,175,417
244,166,410
253,147,400
223,128,351
191,171,362
209,196,405
195,205,400
202,221,423
206,217,423
203,210,413
214,209,423
207,215,422
208,210,418
196,227,423
232,233,465
246,205,451
264,237,501
290,209,499
265,268,533
253,271,524
216,283,499
226,299,525
280,256,536
298,258,556
293,244,537
225,225,450
236,199,435
243,197,440
223,209,432
216,203,419
204,198,402
226,202,428
229,204,433
232,201,433
232,173,405
207,163,370
241,180,421
226,172,398
219,155,374
233,173,406
237,155,392
253,159,412
236,150,386
230,135,365
229,165,394
216,178,394
201,176,377
203,180,383
201,167,368
216,157,373
221,162,383
210,155,365
216,152,368
215,152,367
218,151,369
210,173,383
226,147,373
239,144,383
245,129,374
225,143,368
219,138,357
202,144,346
204,136,340
209,139,348
225,138,363
205,128,333
200,137,337
191,175,366
216,143,359
230,131,361
221,148,369
209,170,379
250,135,385
252,136,388
234,144,378
201,136,337
195,131,326
197,150,347
187,144,331
214,153,367
209,148,357
193,173,366
188,160,348
161,194,355
193,204,397
181,199,380
203,165,368
192,176,368
187,164,351
159,166,325
172,176,348
165,170,335
161,154,315
173,128,301
187,118,305
175,162,337
186,154,340
195,152,347
182,201,383
176,183,359
209,156,365
217,134,351
204,119,323
183,153,336
163,791,954
210,791,1001
838,244,1082
940,183,1123
936,171,1107
256,200,456
319,153,472
284,195,479
315,182,497
295,183,478
295,222,517
250,250,500
243,219,462
238,251,489
187,302,489
147,378,525
229,346,575
287,303,590
326,281,607
380,237,617
279,448,727
269,575,844
270,582,852
413,465,878
437,425,862
399,237,636
152,242,394
254,193,447
306,231,537
356,178,534
322,184,506
315,279,594
279,240,519
395,162,557
376,200,576
292,204,496
264,191,455
252,217,469
253,191,444
248,178,426
280,151,431
254,162,416
229,180,409
219,148,367
239,168,407
268,134,402
237,180,417
237,181,418
195,179,374
243,128,371
200,119,319
194,176,370
190,187,377
184,227,411
191,251,442
177,239,416
204,268,472
234,231,465
257,213,470
290,167,457
288,149,437
255,148,403
237,140,377
199,197,396
223,235,458
289,182,471
349,141,490
310,131,441
233,115,348
172,108,280
157,115,272
168,202,370
224,140,364
244,192,436
283,168,451
249,122,371
256,136,392
206,130,336
198,159,357
217,135,352
203,106,309
198,187,385
200,192,392
207,149,356
226,162,388
179,175,354
174,199,373
170,245,415
187,261,448
226,242,468
266,223,489
282,211,493
244,215,459
239,218,457
201,232,433
207,236,443
217,210,427
225,163,388
234,141,375
221,137,358
192,146,338
212,174,386
253,156,409
267,160,427
240,161,401
222,171,393
238,190,428
266,171,437
255,200,455
272,170,442
304,138,442
315,186,501
277,138,415
250,171,421
249,167,416
205,153,358
197,192,389
274,216,490
250,228,478
267,205,472
228,178,406
225,166,391
261,147,408
259,159,418
241,173,414
266,123,389
226,125,351
163,126,289
160,126,286
183,206,389
198,204,402
181,226,407
199,267,466
217,251,468
246,234,480
290,172,462
287,150,437
238,142,380
224,134,358
211,138,349
202,142,344
181,122,303
168,129,297
159,144,303
132,156,288
130,175,305
141,172,313
169,156,325
186,130,316
178,143,321
179,135,314
165,150,315
188,151,339
180,193,373
192,182,374
176,185,361
177,199,376
184,219,403
178,229,407
171,231,402
179,232,411
193,212,405
215,203,418
226,203,429
214,203,417
215,196,411
215,189,404
212,179,391
215,206,421
215,225,440
215,242,457
215,272,487
220,278,498
203,299,502
259,289,548
256,289,545
247,284,531
247,263,510
270,217,487
291,175,466
280,173,453
241,185,426
205,182,387
185,163,348
195,157,352
199,140,339
175,134,309
170,120,290
172,140,312
172,168,340
159,168,327
158,162,320
174,198,372
198,202,400
183,222,405
162,242,404
151,254,405
168,272,440
174,257,431
204,259,463
198,259,457
214,235,449
211,246,457
223,243,466
209,251,460
229,230,459
212,239,451
215,250,465
205,279,484
184,289,473
202,299,501
231,273,504
236,284,520
286,231,517
246,243,489
243,246,489
197,221,418
211,207,418
221,223,444
226,196,422
225,167,392
217,164,381
209,175,384
201,178,379
255,163,418
254,168,422
218,166,384
195,140,335
185,158,343
176,173,349
146,175,321
163,156,319
165,165,330
178,176,354
154,192,346
157,196,353
157,210,367
184,172,356
248,122,370
264,180,444
272,161,433
208,170,378
205,183,388
165,193,358
174,205,379
166,221,387
163,242,405
152,275,427
250,230,480
345,160,505
380,139,519
277,134,411
223,138,361
190,151,341
170,170,340
144,205,349
144,231,375
143,259,402
149,271,420
174,232,406
184,236,420
235,191,426
250,162,412
255,161,416
204,172,376
166,179,345
155,191,346
150,203,353
151,206,357
154,209,363
171,212,383
167,218,385
165,225,390
161,220,381
175,189,364
172,189,361
186,191,377
198,158,356
236,119,355
245,194,439
216,211,427
200,186,386
223,150,373
171,161,332
196,163,359
135,166,301
133,167,300
134,199,333
127,213,340
138,211,349
147,198,345
189,171,360
193,168,361
186,160,346
167,178,345
169,161,330
173,138,311
173,122,295
162,109,271
157,132,289
168,124,292
168,138,306
168,134,302
162,112,274
162,104,266
166,111,277
165,94,259
158,148,306
172,133,305
164,148,312
200,141,341
194,138,332
200,131,331
171,123,294
168,184,352
219,160,379
223,174,397
243,170,413
214,170,384
228,175,403
220,231,451
207,226,433
211,243,454
223,234,457
234,200,434
226,184,410
248,153,401
241,160,401
244,165,409
247,168,415
241,158,399
229,154,383
217,129,346
183,117,300
205,173,378
188,179,367
212,136,348
193,129,322
203,131,334
183,130,313
188,130,318
186,123,309
161,134,295
164,145,309
169,133,302
187,148,335
203,143,346
196,143,339
178,157,335
167,136,303
162,208,370
157,221,378
191,176,367
225,218,443
262,222,484
259,186,445
307,175,482
338,127,465
274,129,403
229,99,328
187,197,384
186,182,368
217,153,370
247,127,374
207,114,321
166,102,268
162,131,293
173,119,292
180,126,306
182,119,301
174,163,337
212,130,342
207,114,321
195,204,399
183,175,358
255,136,391
263,131,394
221,143,364
197,147,344
189,161,350
239,105,344
215,115,330
195,128,323
147,170,317
178,146,324
213,131,344
159,157,316
168,148,316
180,215,395
235,201,436
266,207,473
233,224,457
163,293,456
214,261,475
208,227,435
210,178,388
221,178,399
193,205,398
153,196,349
170,181,351
170,228,398
118,263,381
133,262,395
172,216,388
209,182,391
265,146,411
236,171,407
222,159,381
206,155,361
214,142,356
167,129,296
188,125,313
204,138,342
218,139,357
198,152,350
175,146,321
163,119,282
197,153,350
206,188,394
195,198,393
224,172,396
201,186,387
217,194,411
165,200,365
202,175,377
213,163,376
210,191,401
202,178,380
218,145,363
243,175,418
263,165,428
249,133,382
262,104,366
244,125,369
180,107,287
165,108,273
156,147,303
156,171,327
214,134,348
243,134,377
233,290,523
253,224,477
289,176,465
311,174,485
167,161,328
172,150,322
174,99,273
170,90,260
166,152,318
132,172,304
200,221,421
290,205,495
352,208,560
348,139,487
230,180,410
240,212,452
226,178,404
240,165,405
260,124,384
222,119,341
194,142,336
180,161,341
182,320,502
182,327,509
151,352,503
216,314,530
285,250,535
309,230,539
211,253,464
224,232,456
248,191,439
256,173,429
225,188,413
204,184,388
172,194,366
167,214,381
172,229,401
172,242,414
163,251,414
161,258,419
187,243,430
198,252,450
199,254,453
190,237,427
200,216,416
201,227,428
208,224,432
177,228,405
164,211,375
191,164,355
237,190,427
271,161,432
249,150,399
222,157,379
184,144,328
210,127,337
218,109,327
198,131,329
193,166,359
185,152,337
206,157,363
234,125,359
200,114,314
209,113,322
166,112,278
150,110,260
145,139,284
150,142,292
198,112,310
200,141,341
186,170,356
155,166,321
183,140,323
189,133,322
189,138,327
138,144,282
150,149,299
145,174,319
136,198,334
138,237,375
141,235,376
154,228,382
194,184,378
211,190,401
217,197,414
158,206,364
137,219,356
152,211,363
169,214,383
174,207,381
153,205,358
174,172,346
191,171,362
200,194,394
199,179,378
241,147,388
275,164,439
256,147,403
236,137,373
239,173,412
246,176,422
215,181,396
219,182,401
207,173,380
199,183,382
201,181,382
199,205,404
192,213,405
168,215,383
218,144,362
246,180,426
299,147,446
261,126,387
240,123,363
170,129,299
164,140,304
156,136,292
180,120,300
179,108,287
194,138,332
170,144,314
163,146,309
146,168,314
145,168,313
160,171,331
163,171,334
154,178,332
142,182,324
152,206,358
144,229,373
149,241,390
145,244,389
166,241,407
195,213,408
203,201,404
200,213,413
177,263,440
166,253,419
169,262,431
176,267,443
250,191,441
302,129,431
268,124,392
223,112,335
180,116,296
180,109,289
158,124,282
146,163,309
133,193,326
137,212,349
132,243,375
149,255,404
176,242,418
207,223,430
193,230,423
189,219,408
191,199,390
212,179,391
219,164,383
212,147,359
191,142,333
171,157,328
161,157,318
154,163,317
157,159,316
152,160,312
153,154,307
182,130,312
176,129,305
168,140,308
128,168,296
139,167,306
139,166,305
144,168,312
140,181,321
129,193,322
128,207,335
127,215,342
157,204,361
171,203,374
173,213,386
151,214,365
162,201,363
174,197,371
190,194,384
176,185,361
166,186,352
155,181,336
187,133,320
208,133,341
222,111,333
192,110,302
181,140,321
172,143,315
197,135,332
191,138,329
178,129,307
171,133,304
195,143,338
209,147,356
209,138,347
225,147,372
231,149,380
234,169,403
245,161,406
219,156,375
205,181,386
178,182,360
198,184,382
219,166,385
240,153,393
220,189,409
213,185,398
214,172,386
224,165,389
253,147,400
267,221,488
290,194,484
270,210,480
231,224,455
191,224,415
229,243,472
243,219,462
197,200,397
230,194,424
219,193,412
189,199,388
205,174,379
216,187,403
226,190,416
195,185,380
211,158,369
221,127,348
240,134,374
216,128,344
211,148,359
201,122,323
193,133,326
179,168,347
169,160,329
181,158,339
174,175,349
143,166,309
142,162,304
151,152,303
154,154,308
193,144,337
202,164,366
252,140,392
232,141,373
235,162,397
173,188,361
201,159,360
218,140,358
256,162,418
223,150,373
239,146,385
216,137,353
207,149,356
216,142,358
215,137,352
214,145,359
208,141,349
194,153,347
167,184,351
143,198,341
141,216,357
160,215,375
179,207,386
209,215,424
214,217,431
217,227,444
186,236,422
152,270,422
262,161,423
317,158,475
336,175,511
191,178,369
177,192,369
178,196,374
172,202,374
157,215,372
140,229,369
155,219,374
167,227,394
172,233,405
160,249,409
178,224,402
177,212,389
210,162,372
216,132,348
231,151,382
220,145,365
198,152,350
182,168,350
145,188,333
148,206,354
148,201,349
146,202,348
140,202,342
176,166,342
203,128,331
232,165,397
226,154,380
201,162,363
176,172,348
128,185,313
151,186,337
150,201,351
139,211,350
136,210,346
148,220,368
167,210,377
190,182,372
196,169,365
181,156,337
175,131,306
168,140,308
153,150,303
126,149,275
126,157,283
126,158,284
126,160,286
131,162,293
126,160,286
138,166,304
135,165,300
132,163,295
135,170,305
131,176,307
117,170,287
123,175,298
136,163,299
166,152,318
192,149,341
204,155,359
184,155,339
180,137,317
172,135,307
194,157,351
205,154,359
215,180,395
215,222,437
275,174,449
322,153,475
303,158,461
259,150,409
224,171,395
209,154,363
201,146,347
252,157,409
254,121,375
254,189,443
258,162,420
212,150,362
194,177,371
176,169,345
197,156,353
219,152,371
189,171,360
178,165,343
170,201,371
183,206,389
215,160,375
204,156,360
209,140,349
187,164,351
224,154,378
230,143,373
233,169,402
229,143,372
213,155,368
203,152,355
177,149,326
190,148,338
178,137,315
189,133,322
197,118,315
196,159,355
188,215,403
244,174,418
281,127,408
298,169,467
225,141,366
220,133,353
216,128,344
193,141,334
180,139,319
185,153,338
154,164,318
121,192,313
130,206,336
140,223,363
156,224,380
173,234,407
182,254,436
177,261,438
166,283,449
196,266,462
226,248,474
269,221,490
290,159,449
272,175,447
251,161,412
195,151,346
192,147,339
189,149,338
214,164,378
217,159,376
218,171,389
227,154,381
209,122,331
231,130,361
218,131,349
211,159,370
222,166,388
220,158,378
206,188,394
174,201,375
197,225,422
193,250,443
177,259,436
180,267,447
174,287,461
212,281,493
216,269,485
223,276,499
227,258,485
236,248,484
228,259,487
204,263,467
205,248,453
212,249,461
209,242,451
215,239,454
211,256,467
214,264,478
226,258,484
214,261,475
216,262,478
196,264,460
202,240,442
197,260,457
219,267,486
234,254,488
256,231,487
252,260,512
254,250,504
248,249,497
217,170,387
277,162,439
180,151,331
254,155,409
257,189,446
292,182,474
262,167,429
296,201,497
280,241,521
272,220,492
278,207,485
248,231,479
243,226,469
211,245,456
212,257,469
198,288,486
180,297,477
206,285,491
240,317,557
244,457,701
286,441,727
240,423,663
363,303,666
370,259,629
384,231,615
235,209,444
267,179,446
246,175,421
223,203,426
172,240,412
174,241,415
188,236,424
181,221,402
208,211,419
210,195,405
235,159,394
253,176,429
278,166,444
257,157,414
261,201,462
226,200,426
249,203,452
211,247,458
177,249,426
187,261,448
208,262,470
202,252,454
197,238,435
213,209,422
209,189,398
226,195,421
226,219,445
207,236,443
214,233,447
201,252,453
234,273,507
290,210,500
369,182,551
345,165,510
313,164,477
202,193,395
148,206,354
174,234,408
192,245,437
228,219,447
262,211,473
278,204,482
284,168,452
258,163,421
236,172,408
223,170,393
246,196,442
277,165,442
265,147,412
213,139,352
166,134,300
203,127,330
201,118,319
188,121,309
166,124,290
184,151,335
174,191,365
183,200,383
181,209,390
222,200,422
273,186,459
327,147,474
294,166,460
278,137,415
243,158,401
259,192,451
254,200,454
266,200,466
241,203,444
243,192,435
267,175,442
253,179,432
173,187,360
201,209,410
230,192,422
233,165,398
288,175,463
312,163,475
270,191,461
261,184,445
263,155,418
219,140,359
201,124,325
198,150,348
203,163,366
188,193,381
181,193,374
207,192,399
220,226,446
206,227,433
161,215,376
236,184,420
267,145,412
257,186,443
272,172,444
260,211,471
226,186,412
192,180,372
193,186,379
198,183,381
222,159,381
225,177,402
222,176,398
188,178,366
209,144,353
200,166,366
235,134,369
229,134,363
237,123,360
194,184,378
216,167,383
219,157,376
222,170,392
203,170,373
220,147,367
216,140,356
216,130,346
205,137,342
205,169,374
206,152,358
203,126,329
219,152,371
210,147,357
203,149,352
175,165,340
155,164,319
194,186,380
247,158,405
268,171,439
258,176,434
220,174,394
210,187,397
191,162,353
225,169,394
245,149,394
265,124,389
240,137,377
207,129,336
187,128,315
179,127,306
175,121,296
190,142,332
183,176,359
171,184,355
167,176,343
191,155,346
201,141,342
223,138,361
226,158,384
262,144,406
254,138,392
247,191,438
230,175,405
218,176,394
196,199,395
163,207,370
170,226,396
159,235,394
169,230,399
178,250,428
191,254,445
205,241,446
202,231,433
197,242,439
182,266,448
176,270,446
190,279,469
197,306,503
233,281,514
250,279,529
257,289,546
242,278,520
209,316,525
224,321,545
222,330,552
230,320,550
249,298,547
272,274,546
237,257,494
300,219,519
305,192,497
314,208,522
265,232,497
197,268,465
200,250,450
209,230,439
270,189,459
279,152,431
308,208,516
326,227,553
292,255,547
279,286,565
232,284,516
224,295,519
253,303,556
220,312,532
245,277,522
257,270,527
267,274,541
223,294,517
218,313,531
210,307,517
206,317,523
242,285,527
246,274,520
247,263,510
241,225,466
238,201,439
269,172,441
256,148,404
265,155,420
237,170,407
219,224,443
185,232,417
187,226,413
208,202,410
236,175,411
224,168,392
204,154,358
192,149,341
200,160,360
193,153,346
220,229,449
267,181,448
278,167,445
257,147,404
236,162,398
228,142,370
233,154,387
202,153,355
159,157,316
178,146,324
166,143,309
156,168,324
148,209,357
149,223,372
162,243,405
181,402,583
267,375,642
429,327,756
510,240,750
1444,369,1813
906,1408,2314
2089,200,2289
1270,189,1459
1286,208,1494
179,405,584
395,235,630
373,193,566
385,153,538
256,145,401
253,183,436
220,206,426
207,194,401
207,174,381
235,166,401
209,159,368
211,139,350
201,138,339
223,193,416
244,296,540
398,160,558
413,154,567
332,137,469
254,163,417
268,165,433
271,163,434
245,181,426
198,199,397
176,195,371
204,171,375
267,174,441
255,173,428
284,174,458
275,218,493
269,193,462
269,199,468
263,189,452
247,193,440
277,176,453
280,171,451
287,171,458
285,191,476
263,164,427
305,250,555
252,324,576
504,206,710
346,205,551
402,218,620
216,219,435
167,222,389
187,242,429
237,220,457
262,229,491
288,207,495
255,171,426
247,159,406
359,339,698
84,347,431
169,362,531
180,354,534
294,319,613
215,340,555
307,314,621
289,271,560
290,271,561
237,297,534
244,249,493
322,229,551
263,229,492
239,203,442
288,151,439
269,157,426
254,193,447
242,333,575
255,365,620
408,214,622
421,235,656
526,155,681
164,146,310
226,177,403
214,178,392
196,167,363
240,145,385
240,150,390
244,135,379
192,134,326
180,110,290
176,216,392
213,185,398
232,153,385
244,174,418
221,131,352
240,117,357
251,115,366
195,122,317
167,128,295
160,130,290
171,115,286
199,158,357
201,167,368
175,164,339
183,178,361
162,202,364
183,239,422
226,211,437
277,174,451
282,177,459
248,178,426
202,178,380
208,159,367
190,164,354
201,139,340
204,153,357
238,164,402
251,156,407
247,135,382
240,173,413
222,167,389
226,161,387
220,179,399
174,169,343
190,169,359
194,167,361
212,140,352
211,138,349
202,153,355
214,245,459
243,225,468
295,169,464
289,236,525
252,212,464
331,184,515
316,193,509
283,196,479
249,137,386
272,162,434
269,161,430
219,150,369
193,140,333
160,145,305
168,159,327
148,182,330
147,206,353
155,202,357
160,229,389
170,246,416
168,252,420
187,239,426
240,174,414
264,137,401
268,160,428
202,155,357
211,151,362
203,146,349
182,185,367
227,205,432
257,184,441
292,176,468
241,165,406
260,174,434
259,162,421
274,173,447
298,169,467
285,121,406
254,161,415
218,153,371
184,158,342
183,158,341
194,159,353
221,159,380
246,145,391
252,140,392
217,149,366
200,175,375
210,165,375
225,192,417
226,213,439
197,204,401
244,200,444
254,215,469
243,228,471
224,242,466
220,238,458
247,219,466
242,218,460
238,209,447
209,208,417
199,383,582
196,435,631
171,442,613
259,370,629
385,237,622
400,197,597
273,183,456
210,177,387
174,159,333
175,145,320
160,145,305
149,159,308
134,167,301
125,181,306
119,186,305
125,181,306
136,176,312
139,169,308
150,165,315
136,175,311
154,161,315
138,145,283
160,140,300
152,127,279
142,142,284
139,152,291
120,149,269
129,144,273
127,139,266
128,134,262
136,107,243
174,129,303
209,99,308
199,116,315
174,121,295
152,120,272
149,122,271
149,144,293
150,148,298
142,197,339
176,157,333
171,217,388
220,156,376
219,151,370
238,173,411
234,104,338
225,174,399
207,159,366
199,124,323
192,108,300
148,146,294
169,162,331
196,177,373
222,141,363
223,103,326
183,85,268
149,174,323
155,174,329
213,104,317
214,125,339
188,111,299
153,114,267
176,108,284
169,100,269
171,187,358
170,202,372
229,189,418
271,159,430
228,151,379
232,167,399
193,217,410
201,244,445
283,162,445
303,145,448
297,165,462
208,169,377
212,134,346
209,107,316
190,109,299
187,111,298
159,146,305
171,160,331
168,180,348
186,182,368
188,180,368
208,210,418
199,232,431
196,219,415
272,183,455
288,149,437
267,133,400
247,132,379
216,163,379
248,155,403
229,135,364
213,112,325
192,128,320
186,129,315
207,161,368
223,139,362
225,170,395
247,202,449
215,194,409
257,153,410
251,148,399
299,139,438
258,158,416
242,167,409
242,146,388
272,192,464
237,179,416
245,168,413
208,169,377
138,187,325
158,196,354
191,158,349
201,143,344
214,147,361
201,155,356
222,144,366
236,151,387
245,160,405
248,141,389
210,166,376
203,174,377
195,176,371
196,216,412
187,228,415
192,201,393
207,171,378
200,166,366
188,173,361
171,158,329
191,136,327
217,169,386
250,144,394
249,143,392
248,179,427
233,172,405
255,159,414
260,173,433
244,145,389
246,140,386
233,175,408
236,169,405
223,185,408
205,197,402
196,171,367
230,151,381
226,178,404
237,158,395
236,158,394
226,184,410
226,156,382
238,157,395
260,137,397
245,188,433
248,190,438
225,179,404
205,164,369
196,141,337
218,124,342
227,106,333
207,178,385
206,163,369
221,145,366
227,189,416
209,145,354
212,144,356
205,141,346
165,133,298
189,150,339
225,123,348
242,192,434
259,159,418
268,115,383
251,154,405
195,188,383
258,128,386
241,148,389
219,215,434
145,231,376
153,231,384
206,180,386
195,180,375
177,186,363
133,178,311
141,174,315
149,174,323
122,194,316
137,228,365
132,246,378
146,244,390
201,186,387
227,170,397
267,166,433
225,194,419
206,163,369
235,142,377
219,167,386
254,108,362
219,97,316
213,229,442
218,184,402
226,186,412
239,206,445
167,204,371
211,196,407
239,185,424
291,141,432
278,145,423
254,152,406
169,150,319
206,187,393
237,194,431
256,204,460
248,204,452
221,184,405
245,156,401
226,158,384
212,162,374
229,131,360
214,139,353
232,147,379
209,167,376
229,154,383
235,141,376
228,140,368
230,152,382
253,164,417
244,152,396
234,150,384
256,156,412
246,160,406
260,150,410
258,136,394
250,149,399
232,144,376
224,180,404
238,166,404
245,159,404
213,158,371
184,164,348
195,164,359
198,167,365
187,175,362
188,172,360
182,193,375
177,204,381
172,224,396
162,237,399
172,228,400
164,215,379
177,211,388
184,195,379
207,173,380
198,190,388
178,201,379
140,202,342
144,200,344
155,189,344
153,180,333
167,163,330
162,172,334
169,194,363
152,205,357
161,203,364
211,156,367
224,143,367
217,136,353
178,141,319
178,137,315
167,131,298
176,113,289
177,122,299
174,122,296
176,117,293
166,125,291
153,120,273
158,117,275
176,100,276
182,144,326
180,164,344
171,141,312
191,115,306
173,184,357
206,157,363
204,162,366
224,144,368
200,138,338
190,142,332
189,122,311
200,247,447
362,133,495
352,149,501
353,140,493
218,139,357
218,172,390
221,136,357
231,200,431
266,169,435
227,177,404
230,187,417
180,191,371
210,212,422
219,193,412
189,215,404
181,223,404
182,236,418
142,260,402
208,258,466
234,222,456
288,202,490
291,177,468
277,157,434
241,148,389
195,153,348
191,161,352
224,160,384
246,147,393
247,182,429
235,190,425
235,168,403
283,247,530
345,181,526
379,159,538
317,178,495
202,176,378
195,192,387
255,153,408
285,188,473
286,151,437
235,170,405
197,181,378
149,191,340
178,193,371
196,188,384
206,171,377
192,169,361
186,157,343
173,146,319
170,135,305
152,129,281
154,119,273
157,118,275
163,106,269
159,142,301
173,150,323
175,151,326
181,167,348
235,160,395
258,171,429
246,189,435
228,168,396
229,179,408
268,170,438
269,137,406
246,163,409
232,180,412
223,159,382
223,148,371
218,142,360
195,134,329
208,143,351
238,159,397
245,161,406
269,179,448
286,162,448
268,147,415
250,130,380
229,147,376
221,159,380
239,166,405
229,147,376
227,141,368
225,168,393
205,149,354
211,122,333
179,117,296
126,129,255
161,111,272
170,100,270
172,157,329
178,163,341
180,165,345
192,196,388
176,224,400
163,255,418
165,290,455
175,308,483
201,297,498
216,281,497
247,265,512
251,263,514
222,246,468
240,211,451
249,218,467
217,214,431
236,160,396
206,156,362
212,158,370
166,142,308
219,128,347
223,132,355
212,148,360
180,175,355
168,190,358
209,158,367
252,150,402
274,152,426
224,178,402
183,229,412
182,198,380
232,164,396
273,153,426
247,161,408
236,159,395
250,211,461
265,187,452
268,174,442
245,164,409
239,145,384
245,130,375
234,164,398
223,153,376
218,163,381
268,223,491
270,261,531
295,240,535
300,194,494
254,172,426
258,130,388
243,226,469
255,202,457
306,144,450
278,111,389
232,175,407
185,195,380
193,137,330
195,122,317
177,107,284
148,187,335
158,350,508
240,319,559
254,324,578
254,307,561
270,209,479
312,174,486
322,166,488
248,141,389
205,141,346
170,153,323
151,166,317
147,164,311
150,168,318
163,173,336
174,154,328
198,130,328
201,122,323
178,124,302
163,145,308
155,148,303
164,137,301
167,134,301
178,133,311
178,173,351
215,147,362
221,138,359
216,149,365
161,167,328
158,161,319
164,157,321
161,178,339
148,175,323
116,190,306
161,162,323
159,170,329
115,176,291
120,247,367
109,375,484
136,395,531
172,371,543
303,290,593
322,288,610
318,254,572
208,227,435
222,215,437
252,171,423
233,163,396
238,212,450
239,161,400
248,177,425
238,160,398
208,130,338
224,118,342
212,119,331
193,149,342
177,158,335
196,149,345
221,129,350
202,154,356
211,163,374
190,158,348
180,160,340
214,195,409
245,178,423
283,174,457
299,163,462
298,161,459
291,146,437
232,126,358
216,132,348
172,195,367
209,190,399
266,225,491
291,255,546
293,249,542
344,214,558
364,223,587
372,237,609
250,243,493
228,273,501
228,285,513
131,279,410
174,265,439
248,291,539
249,287,536
215,301,516
254,279,533
262,275,537
279,264,543
276,211,487
301,166,467
290,168,458
291,131,422
249,163,412
230,130,360
216,154,370
219,137,356
174,137,311
188,124,312
173,129,302
176,142,318
173,150,323
165,153,318
172,149,321
155,141,296
173,185,358
217,144,361
284,161,445
308,139,447
260,142,402
223,141,364
182,143,325
190,121,311
229,143,372
240,145,385
230,151,381
204,134,338
175,123,298
184,112,296
168,122,290
165,155,320
202,175,377
231,135,366
244,148,392
222,123,345
192,126,318
201,112,313
169,138,307
173,204,377
228,206,434
324,126,450
300,132,432
203,172,375
113,192,305
131,203,334
192,160,352
250,130,380
245,129,374
241,155,396
216,153,369
224,188,412
191,205,396
197,195,392
239,204,443
248,197,445
248,209,457
243,203,446
256,192,448
228,201,429
223,234,457
201,251,452
218,237,455
226,235,461
232,236,468
228,202,430
243,194,437
236,187,423
225,176,401
202,180,382
210,184,394
190,184,374
195,172,367
169,155,324
177,133,310
197,167,364
200,166,366
232,133,365
236,137,373
212,128,340
226,191,417
207,178,385
228,125,353
203,134,337
163,127,290
164,183,347
204,169,373
221,156,377
228,159,387
193,157,350
180,186,366
221,173,394
276,152,428
287,140,427
271,152,423
228,146,374
212,126,338
206,147,353
221,190,411
234,164,398
279,107,386
236,114,350
176,105,281
163,195,358
178,241,419
248,187,435
324,163,487
280,138,418
220,124,344
201,99,300
169,134,303
183,122,305
181,140,321
193,116,309
178,141,319
174,141,315
155,138,293
167,118,285
174,101,275
184,150,334
182,162,344
188,232,420
233,202,435
225,261,486
185,254,439
225,197,422
283,137,420
236,169,405
179,233,412
224,185,409
294,167,461
313,147,460
234,160,394
174,163,337
137,171,308
157,226,383
151,249,400
150,266,416
188,262,450
195,278,473
200,273,473
227,203,430
234,214,448
235,211,446
168,202,370
174,196,370
175,184,359
195,154,349
188,132,320
193,118,311
161,141,302
184,218,402
214,193,407
267,174,441
273,208,481
207,157,364
286,117,403
214,129,343
188,152,340
136,164,300
124,162,286
147,137,284
174,136,310
185,116,301
210,167,377
196,184,380
166,216,382
210,168,378
229,155,384
257,168,425
208,174,382
183,177,360
196,150,346
251,193,444
231,215,446
240,176,416
217,142,359
199,136,335
182,133,315
142,171,313
142,172,314
137,243,380
181,220,401
215,171,386
225,173,398
197,169,366
178,126,304
171,120,291
169,130,299
154,117,271
160,109,269
171,150,321
185,116,301
184,117,301
180,106,286
154,145,299
171,151,322
167,164,331
179,171,350
173,160,333
184,153,337
177,153,330
162,149,311
200,184,384
235,149,384
256,206,462
225,208,433
251,127,378
268,133,401
186,187,373
218,153,371
262,121,383
279,153,432
234,168,402
213,179,392
195,186,381
184,174,358
227,150,377
261,141,402
251,180,431
244,199,443
225,196,421
261,246,507
269,277,546
420,149,569
351,145,496
237,136,373
175,132,307
155,139,294
145,141,286
132,156,288
132,159,291
134,167,301
140,172,312
132,175,307
132,185,317
130,189,319
129,191,320
140,184,324
152,178,330
150,177,327
139,174,313
147,154,301
146,161,307
149,171,320
127,173,300
125,178,303
124,179,303
143,164,307
143,161,304
145,161,306
125,162,287
123,174,297
127,217,344
128,215,343
129,216,345
176,162,338
190,154,344
202,140,342
166,124,290
158,117,275
160,105,265
160,92,252
161,103,264
164,175,339
160,169,329
231,174,405
236,163,399
252,116,368
208,103,311
149,136,285
163,119,282
159,102,261
166,122,288
145,118,263
156,116,272
152,112,264
142,107,249
153,98,251
145,109,254
143,119,262
147,124,271
153,132,285
154,140,294
157,153,310
161,166,327
188,134,322
191,118,309
191,110,301
161,101,262
161,155,316
185,133,318
183,134,317
185,128,313
151,116,267
165,126,291
184,133,317
200,136,336
207,161,368
182,166,348
210,117,327
200,127,327
197,128,325
145,140,285
148,202,350
165,218,383
194,208,402
208,188,396
240,187,427
214,211,425
186,211,397
185,177,362
180,169,349
166,157,323
159,161,320
125,168,293
121,178,299
119,365,484
112,376,488
139,403,542
182,375,557
333,225,558
382,194,576
351,198,549
214,239,453
141,242,383
157,260,417
145,241,386
227,202,429
263,169,432
258,149,407
230,124,354
204,104,308
192,159,351
171,217,388
203,240,443
235,187,422
209,164,373
220,160,380
176,195,371
171,330,501
161,327,488
224,260,484
241,244,485
298,234,532
288,193,481
126,158,284
174,153,327
242,154,396
168,153,321
183,125,308
157,131,288
166,172,338
120,177,297
129,172,301
172,174,346
164,194,358
159,201,360
165,169,334
166,173,339
151,172,323
126,179,305
116,252,368
128,278,406
132,323,455
183,292,475
231,231,462
302,151,453
278,156,434
234,136,370
177,171,348
216,175,391
224,151,375
235,190,425
216,186,402
240,159,399
212,156,368
188,188,376
168,218,386
215,134,349
224,152,376
238,134,372
212,111,323
177,130,307
177,103,280
168,178,346
186,204,390
164,169,333
196,141,337
158,107,265
177,96,273
138,87,225
134,185,319
145,243,388
182,201,383
242,139,381
227,100,327
239,92,331
140,238,378
185,228,413
209,188,397
276,109,385
192,98,290
201,127,328
147,174,321
144,278,422
231,181,412
303,112,415
278,125,403
196,130,326
156,144,300
162,145,307
147,136,283
142,137,279
146,132,278
138,123,261
153,106,259
148,121,269
156,138,294
155,176,331
160,180,340
157,183,340
165,166,331
180,148,328
194,170,364
163,170,333
159,184,343
173,189,362
175,186,361
153,180,333
143,176,319
156,200,356
179,179,358
239,133,372
255,109,364
237,132,369
180,133,313
157,163,320
163,167,330
169,206,375
189,217,406
189,208,397
231,141,372
238,159,397
222,160,382
146,170,316
157,146,303
157,143,300
109,144,253
135,125,260
134,122,256
140,110,250
125,107,232
124,156,280
113,206,319
122,213,335
195,150,345
198,144,342
201,165,366
128,207,335
119,203,322
112,245,357
150,274,424
172,248,420
187,253,440
180,249,429
214,249,463
189,249,438
164,240,404
213,197,410
223,226,449
203,231,434
195,187,382
222,160,382
216,160,376
162,167,329
122,184,306
116,278,394
119,312,431
125,306,431
184,294,478
305,212,517
300,252,552
253,317,570
194,294,488
196,283,479
210,250,460
254,238,492
195,234,429
142,239,381
204,187,391
188,218,406
192,260,452
134,254,388
148,227,375
209,166,375
230,134,364
211,121,332
164,103,267
149,87,236
143,86,229
134,140,274
135,168,303
164,146,310
163,204,367
169,169,338
176,167,343
170,175,345
169,194,363
155,205,360
172,166,338
180,158,338
177,157,334
157,165,322
139,172,311
147,164,311
145,179,324
147,188,335
145,201,346
141,208,349
152,203,355
158,197,355
161,196,357
162,192,354
146,210,356
142,227,369
145,253,398
165,261,426
146,272,418
192,227,419
209,202,411
232,178,410
223,139,362
228,137,365
214,122,336
194,128,322
196,100,296
167,155,322
171,161,332
159,192,351
159,197,356
155,192,347
150,231,381
160,243,403
186,199,385
201,165,366
207,143,350
169,192,361
147,221,368
134,228,362
154,217,371
153,202,355
174,162,336
177,151,328
176,146,322
114,148,262
125,143,268
115,141,256
134,133,267
129,130,259
119,117,236
144,102,246
134,107,241
133,119,252
121,137,258
146,138,284
167,133,300
174,135,309
161,153,314
144,156,300
138,148,286
168,103,271
181,145,326
210,109,319
181,100,281
177,106,283
135,110,245
154,171,325
181,127,308
194,107,301
179,119,298
150,110,260
167,135,302
186,130,316
160,122,282
162,117,279
161,99,260
162,120,282
162,111,273
169,124,293
176,137,313
180,127,307
176,118,294
164,110,274
147,101,248
118,97,215
151,113,264
155,112,267
143,112,255
153,124,277
154,127,281
170,112,282
170,103,273
163,98,261
140,127,267
142,133,275
147,150,297
135,162,297
131,157,288
159,137,296
174,125,299
183,135,318
163,140,303
209,142,351
211,128,339
220,110,330
162,105,267
151,96,247
142,97,239
137,131,268
156,142,298
150,142,292
150,148,298
137,158,295
142,188,330
142,192,334
133,187,320
158,159,317
189,134,323
227,102,329
193,108,301
177,171,348
135,188,323
178,160,338
239,156,395
216,143,359
252,112,364
187,108,295
165,158,323
140,186,326
173,174,347
211,146,357
182,165,347
195,192,387
161,184,345
152,174,326
162,179,341
169,187,356
147,204,351
132,217,349
132,204,336
164,176,340
174,161,335
192,152,344
170,162,332
152,179,331
129,188,317
123,282,405
130,324,454
128,353,481
186,296,482
250,294,544
381,153,534
294,124,418
296,118,414
178,111,289
159,118,277
176,109,285
159,101,260
158,126,284
151,111,262
159,93,252
164,147,311
155,133,288
151,124,275
145,115,260
126,158,284
186,135,321
198,123,321
169,113,282
120,101,221
154,119,273
151,121,272
170,123,293
188,172,360
213,236,449
318,114,432
307,145,452
273,123,396
163,114,277
186,168,354
172,173,345
209,171,380
185,173,358
144,161,305
200,129,329
225,120,345
223,106,329
203,126,329
175,137,312
153,155,308
144,158,302
123,160,283
139,172,311
133,172,305
140,166,306
149,169,318
151,168,319
139,180,319
124,190,314
119,209,328
133,240,373
139,263,402
148,260,408
174,220,394
212,179,391
228,152,380
193,151,344
156,150,306
122,157,279
115,157,272
120,155,275
125,152,277
130,144,274
133,142,275
112,145,257
122,169,291
114,186,300
120,197,317
122,203,325
137,204,341
148,174,322
178,159,337
177,141,318
153,122,275
162,103,265
151,94,245
149,134,283
150,143,293
146,149,295
151,143,294
153,127,280
187,119,306
197,118,315
178,122,300
146,118,264
148,113,261
145,126,271
152,131,283
140,142,282
131,153,284
134,175,309
141,167,308
125,165,290
139,149,288
131,141,272
122,131,253
126,137,263
129,126,255
139,112,251
149,101,250
141,101,242
146,131,277
156,136,292
149,131,280
148,116,264
144,109,253
143,101,244
136,89,225
138,102,240
138,91,229
152,127,279
149,147,296
135,138,273
146,117,263
138,111,249
147,103,250
133,95,228
137,119,256
145,109,254
147,100,247
143,93,236
142,130,272
147,116,263
154,125,279
154,279,433
149,277,426
173,256,429
185,233,418
232,164,396
196,138,334
180,118,298
200,173,373
217,138,355
209,133,342
169,134,303
117,167,284
192,124,316
213,109,322
194,94,288
158,128,286
158,149,307
190,153,343
231,113,344
235,100,335
191,116,307
152,123,275
139,115,254
145,112,257
145,94,239
137,86,223
130,116,246
138,104,242
162,160,322
183,155,338
179,134,313
185,110,295
158,104,262
164,135,299
176,124,300
201,110,311
195,136,331
155,155,310
141,147,288
145,128,273
160,108,268
164,114,278
158,124,282
163,126,289
182,137,319
196,151,347
195,187,382
205,183,388
204,163,367
209,130,339
169,103,272
199,130,329
187,112,299
179,96,275
165,146,311
141,145,286
163,125,288
163,104,267
154,90,244
156,120,276
151,108,259
142,104,246
141,98,239
132,93,225
142,81,223
143,131,274
144,121,265
158,94,252
166,152,318
160,142,302
139,138,277
139,128,267
97,113,210
136,105,241
146,97,243
146,86,232
148,104,252
146,97,243
141,87,228
146,135,281
160,130,290
192,133,325
206,100,306
184,93,277
167,139,306
152,126,278
173,100,273
169,90,259
156,121,277
151,105,256
154,92,246
153,121,274
144,112,256
140,104,244
139,99,238
126,87,213
143,124,267
149,112,261
145,106,251
140,98,238
126,85,211
145,153,298
152,176,328
149,180,329
144,167,311
124,149,273
140,147,287
139,142,281
137,139,276
141,148,289
147,149,296
156,135,291
160,132,292
157,131,288
153,121,274
150,124,274
152,139,291
137,149,286
136,170,306
135,158,293
166,148,314
151,148,299
148,150,298
137,136,273
152,110,262
145,102,247
160,91,251
135,81,216
137,136,273
130,156,286
144,175,319
150,161,311
156,147,303
144,136,280
140,128,268
130,117,247
133,112,245
127,108,235
122,101,223
140,90,230
148,99,247
150,86,236
147,106,253
140,95,235
135,147,282
146,145,291
134,151,285
130,156,286
122,165,287
124,182,306
126,175,301
132,168,300
144,146,290
142,142,284
127,148,275
122,146,268
122,136,258
131,118,249
142,108,250
123,116,239
122,108,230
134,98,232
138,99,237
122,89,211
141,119,260
144,128,272
145,134,279
138,144,282
129,142,271
134,145,279
135,144,279
126,159,285
128,163,291
134,160,294
134,165,299
123,173,296
102,174,276
138,181,319
133,192,325
121,190,311
127,182,309
144,151,295
157,138,295
154,133,287
139,119,258
132,120,252
134,115,249
134,99,233
125,95,220
138,97,235
142,194,336
152,183,335
149,181,330
143,179,322
131,152,283
163,152,315
171,138,309
181,135,316
195,122,317
215,149,364
214,137,351
194,141,335
170,145,315
137,156,293
125,162,287
124,157,281
130,153,283
135,148,283
130,147,277
120,149,269
129,143,272
135,153,288
139,159,298
135,166,301
131,166,297
126,174,300
127,181,308
112,188,300
124,195,319
146,194,340
147,223,370
139,240,379
156,217,373
180,197,377
196,190,386
175,174,349
188,157,345
191,158,349
200,144,344
189,126,315
184,114,298
184,116,300
174,107,281
173,129,302
164,117,281
163,123,286
185,170,355
206,144,350
218,171,389
237,137,374
199,140,339
210,128,338
159,120,279
158,105,263
154,117,271
163,106,269
163,144,307
184,117,301
170,114,284
164,119,283
125,121,246
127,123,250
140,110,250
140,102,242
131,105,236
121,112,233
114,121,235
126,121,247
127,123,250
110,125,235
119,128,247
121,147,268
116,161,277
124,162,286
113,166,279
149,140,289
144,140,284
156,106,262
167,104,271
146,107,253
128,104,232
140,99,239
145,91,236
134,93,227
125,93,218
125,90,215
132,87,219
131,94,225
131,112,243
128,124,252
142,140,282
146,141,287
158,150,308
152,139,291
157,136,293
160,127,287
165,124,289
162,111,273
150,121,271
151,109,260
143,108,251
153,140,293
162,125,287
170,118,288
159,115,274
136,117,253
140,113,253
145,123,268
139,119,258
140,103,243
142,95,237
119,83,202
141,152,293
153,127,280
175,116,291
170,137,307
166,108,274
147,107,254
172,98,270
135,100,235
116,130,246
101,175,276
114,173,287
143,153,296
197,133,330
209,125,334
197,130,327
144,136,280
124,147,271
119,155,274
122,172,294
124,188,312
139,195,334
115,208,323
140,184,324
143,154,297
214,115,329
226,138,364
197,136,333
176,148,324
157,164,321
134,162,296
139,142,281
151,124,275
164,111,275
149,161,310
176,157,333
168,152,320
177,129,306
214,110,324
211,126,337
175,125,300
171,136,307
196,126,322
188,120,308
170,105,275
152,91,243
134,92,226
140,168,308
147,178,325
134,221,355
315,137,452
278,146,424
316,147,463
188,146,334
154,125,279
156,130,286
110,138,248
126,144,270
122,152,274
116,162,278
105,173,278
113,169,282
114,175,289
120,169,289
179,105,284
191,90,281
204,92,296
154,92,246
133,94,227
96,161,257
149,136,285
155,119,274
156,113,269
118,91,209
130,83,213
130,143,273
135,145,280
144,130,274
140,119,259
132,110,242
123,93,216
137,88,225
130,78,208
105,131,236
127,138,265
119,136,255
119,131,250
119,199,318
186,152,338
185,151,336
186,143,329
107,127,234
144,113,257
148,96,244
155,170,325
179,141,320
176,126,302
168,129,297
117,120,237
173,106,279
176,120,296
150,141,291
134,168,302
142,162,304
145,134,279
161,117,278
156,126,282
141,131,272
144,129,273
139,124,263
123,126,249
136,168,304
196,144,340
202,132,334
177,122,299
133,106,239
129,197,326
183,153,336
182,142,324
155,132,287
93,126,219
126,115,241
107,108,215
136,113,249
145,168,313
167,156,323
168,162,330
153,166,319
88,162,250
152,124,276
163,125,288
185,166,351
181,170,351
159,297,456
149,305,454
108,314,422
222,257,479
259,229,488
246,206,452
150,185,335
188,146,334
184,126,310
175,115,290
173,140,313
175,113,288
178,95,273
173,153,326
144,144,288
149,138,287
141,128,269
132,107,239
178,104,282
161,106,267
146,169,315
159,130,289
150,121,271
130,109,239
100,92,192
134,147,281
154,145,299
149,139,288
141,131,272
124,114,238
143,102,245
141,92,233
145,95,240
139,129,268
172,91,263
180,148,328
167,148,315
165,121,286
176,104,280
165,102,267
160,91,251
158,80,238
137,101,238
122,116,238
115,109,224
128,106,234
122,106,228
121,86,207
143,111,254
129,127,256
140,140,280
140,143,283
133,152,285
149,146,295
148,149,297
156,152,308
162,138,300
166,138,304
165,145,310
159,134,293
149,176,325
173,182,355
188,163,351
227,123,350
202,108,310
180,96,276
136,93,229
115,144,259
148,120,268
156,105,261
152,81,233
137,103,240
116,122,238
142,112,254
152,102,254
157,119,276
152,114,266
143,127,270
143,132,275
127,120,247
155,132,287
165,136,301
164,124,288
160,110,270
154,110,264
161,106,267
161,104,265
162,84,246
151,100,251
143,96,239
131,119,250
124,130,254
146,123,269
144,135,279
126,131,257
122,126,248
128,117,245
132,105,237
134,96,230
150,97,247
144,105,249
146,101,247
128,103,231
124,107,231
130,110,240
124,109,233
126,104,230
111,101,212
140,88,228
118,89,207
142,82,224
139,109,248
131,103,234
137,91,228
139,79,218
134,88,222
126,108,234
123,101,224
131,108,239
126,103,229
125,100,225
135,92,227
132,105,237
157,101,258
158,92,250
161,117,278
139,105,244
148,96,244
150,101,251
145,106,251
174,110,284
180,91,271
180,116,296
162,97,259
143,86,229
140,89,229
126,82,208
130,101,231
127,109,236
147,98,245
155,93,248
152,104,256
148,98,246
146,84,230
146,96,242
141,90,231
141,102,243
144,88,232
149,107,256
150,105,255
147,109,256
156,90,246
150,88,238
146,96,242
119,105,224
124,110,234
120,117,237
123,114,237
121,122,243
123,127,250
121,124,245
124,120,244
128,109,237
126,102,228
126,102,228
123,101,224
125,94,219
129,88,217
127,101,228
122,103,225
122,102,224
122,101,223
120,99,219
128,95,223
130,90,220
130,92,222
129,88,217
127,88,215
129,108,237
129,102,231
132,104,236
127,106,233
122,105,227
120,114,234
120,113,233
123,112,235
125,116,241
117,114,231
126,123,249
118,127,245
124,130,254
125,132,257
111,134,245
116,135,251
121,133,254
121,132,253
131,124,255
130,114,244
134,109,243
124,104,228
121,97,218
121,94,215
113,91,204
123,90,213
122,89,211
122,89,211
126,85,211
128,110,238
123,115,238
134,116,250
128,125,253
121,140,261
115,144,259
123,145,268
124,170,294
121,187,308
128,195,323
135,206,341
134,211,345
139,206,345
179,203,382
184,193,377
165,178,343
144,168,312
167,137,304
157,132,289
155,131,286
117,130,247
121,127,248
123,122,245
124,118,242
115,116,231
108,110,218
121,109,230
122,103,225
126,97,223
126,92,218
120,87,207
124,87,211
120,84,204
123,105,228
126,107,233
129,101,230
124,98,222
121,95,216
124,100,224
122,102,224
119,99,218
114,95,209
120,92,212
117,87,204
118,87,205
120,86,206
123,82,205
125,95,220
125,106,231
122,110,232
116,117,233
120,124,244
121,127,248
124,125,249
117,122,239
125,114,239
122,116,238
124,113,237
113,109,222
117,110,227
120,108,228
127,101,228
125,94,219
124,97,221
123,100,223
121,103,224
114,114,228
141,105,246
149,97,246
162,81,243
146,88,234
133,128,261
131,124,255
146,111,257
160,109,269
144,93,237
137,109,246
152,110,262
134,112,246
139,112,251
142,118,260
151,119,270
139,122,261
142,118,260
133,123,256
152,142,294
182,115,297
189,120,309
152,137,289
119,158,277
129,173,302
128,213,341
134,216,350
130,215,345
161,182,343
201,149,350
206,155,361
180,168,348
129,164,293
124,159,283
124,165,289
136,157,293
153,150,303
163,145,308
154,128,282
146,116,262
178,106,284
171,118,289
158,125,283
131,129,260
125,135,260
126,161,287
128,183,311
122,186,308
130,191,321
129,199,328
155,180,335
156,175,331
155,177,332
136,179,315
146,167,313
163,160,323
161,166,327
141,171,312
130,172,302
129,177,306
127,185,312
143,175,318
154,170,324
156,168,324
138,172,310
127,184,311
127,191,318
138,172,310
143,168,311
140,173,313
199,114,313
201,113,314
203,122,325
134,134,268
126,141,267
140,136,276
141,146,287
133,151,284
128,156,284
132,162,294
142,166,308
141,172,313
137,174,311
124,186,310
124,209,333
139,210,349
145,203,348
144,201,345
174,150,324
197,116,313
215,97,312
183,118,301
163,104,267
163,92,255
157,170,327
153,161,314
145,163,308
146,142,288
103,124,227
144,112,256
158,93,251
163,166,329
161,181,342
149,240,389
253,179,432
255,141,396
290,167,457
190,170,360
157,145,302
170,138,308
176,157,333
154,176,330
140,182,322
150,164,314
137,170,307
132,167,299
108,174,282
128,179,307
155,168,323
185,138,323
180,151,331
162,152,314
129,157,286
102,166,268
134,168,302
131,174,305
175,152,327
160,167,327
184,127,311
160,141,301
162,153,315
141,148,289
127,141,268
110,130,240
127,140,267
116,141,257
110,148,258
118,153,271
128,153,281
144,134,278
184,107,291
172,102,274
161,110,271
143,93,236
135,105,240
122,107,229
121,107,228
127,97,224
107,91,198
131,100,231
116,101,217
76,110,186
114,112,226
114,111,225
131,115,246
119,105,224
141,152,293
179,136,315
189,137,326
185,140,325
160,141,301
162,126,288
159,128,287
180,140,320
196,167,363
223,168,391
246,141,387
237,130,367
199,153,352
194,268,462
164,272,436
158,270,428
159,223,382
252,158,410
239,130,369
175,110,285
177,86,263
156,153,309
156,139,295
143,134,277
136,124,260
103,111,214
152,118,270
158,111,269
185,120,305
193,106,299
181,125,306
162,124,286
154,124,278
155,124,279
158,111,269
149,107,256
152,95,247
122,149,271
155,149,304
149,153,302
152,158,310
142,178,320
151,187,338
129,175,304
132,193,325
126,200,326
114,196,310
131,202,333
163,174,337
177,153,330
168,153,321
138,146,284
106,136,242
133,163,296
119,180,299
125,176,301
122,175,297
122,172,294
186,102,288
208,93,301
209,126,335
155,103,258
152,100,252
152,99,251
147,88,235
147,110,257
146,110,256
153,102,255
151,121,272
152,106,258
145,110,255
147,170,317
190,125,315
176,116,292
171,110,281
142,88,230
149,103,252
127,143,270
122,145,267
150,115,265
163,146,309
193,131,324
187,138,325
155,138,293
120,140,260
141,141,282
134,135,269
131,133,264
134,153,287
141,138,279
177,95,272
180,133,313
186,129,315
155,125,280
128,120,248
114,112,226
132,98,230
103,142,245
150,122,272
146,115,261
139,102,241
110,126,236
142,135,277
123,134,257
137,142,279
129,149,278
182,142,324
193,144,337
197,140,337
179,158,337
185,161,346
192,164,356
186,168,354
187,174,361
143,159,302
226,128,354
233,114,347
221,127,348
191,151,342
170,163,333
174,191,365
165,200,365
178,168,346
178,153,331
169,148,317
138,156,294
116,161,277
114,178,292
119,204,323
120,203,323
124,204,328
151,176,327
181,134,315
188,140,328
162,138,300
126,125,251
76,130,206
108,124,232
113,120,233
109,131,240
114,135,249
120,140,260
113,136,249
124,127,251
113,130,243
119,131,250
107,137,244
113,141,254
119,134,253
118,138,256
120,133,253
118,128,246
102,124,226
126,126,252
105,132,237
120,130,250
118,135,253
113,130,243
112,131,243
116,135,251
113,146,259
104,164,268
112,172,284
119,173,292
127,164,291
131,157,288
112,152,264
110,126,236
152,112,264
157,170,327
179,158,337
167,159,326
161,153,314
97,141,238
137,133,270
140,118,258
162,124,286
173,103,276
144,101,245
166,97,263
157,141,298
154,137,291
154,120,274
160,102,262
162,129,291
182,97,279
173,90,263
164,94,258
130,94,224
130,118,248
127,119,246
113,125,238
144,116,260
151,103,254
177,143,320
185,142,327
184,150,334
144,156,300
124,158,282
126,148,274
133,136,269
141,122,263
140,116,256
118,104,222
153,97,250
150,108,258
155,102,257
154,83,237
161,172,333
177,140,317
178,141,319
177,150,327
143,157,300
146,172,318
156,163,319
143,170,313
141,160,301
124,159,283
126,161,287
104,177,281
120,191,311
115,216,331
109,204,313
140,192,332
162,148,310
176,143,319
160,134,294
143,117,260
118,104,222
150,87,237
144,91,235
131,97,228
129,105,234
114,109,223
126,106,232
119,103,222
114,104,218
130,94,224
108,88,196
139,128,267
133,129,262
120,124,244
134,116,250
120,108,228
138,92,230
139,82,221
138,106,244
126,110,236
129,100,229
128,102,230
125,105,230
100,108,208
128,103,231
111,101,212
133,97,230
131,109,240
129,122,251
110,125,235
127,119,246
112,111,223
133,99,232
129,102,231
139,90,229
140,81,221
144,102,246
135,111,246
129,114,243
125,113,238
120,108,228
124,101,225
116,96,212
124,86,210
126,86,212
124,81,205
123,96,219
124,102,226
123,107,230
120,109,229
119,116,235
125,132,257
123,143,266
119,146,265
127,152,279
129,155,284
138,146,284
134,144,278
134,143,277
127,141,268
128,147,275
129,148,277
123,145,268
130,141,271
137,150,287
131,142,273
136,133,269
138,120,258
128,111,239
137,100,237
134,96,230
127,91,218
127,82,209
133,89,222
138,88,226
135,80,215
126,90,216
129,82,211
132,116,248
139,120,259
138,134,272
140,146,286
140,149,289
140,152,292
144,169,313
157,154,311
155,169,324
150,191,341
146,192,338
146,209,355
154,218,372
149,209,358
173,202,375
182,195,377
180,199,379
219,160,379
230,158,388
227,146,373
193,159,352
187,161,348
179,146,325
191,139,330
200,148,348
218,115,333
219,133,352
223,126,349
203,113,316
207,144,351
199,148,347
203,159,362
238,157,395
230,151,381
222,149,371
212,155,367
195,179,374
209,157,366
196,153,349
197,149,346
180,126,306
177,116,293
197,112,309
185,101,286
183,116,299
158,147,305
149,158,307
155,150,305
159,153,312
177,148,325
172,158,330
167,182,349
157,189,346
148,209,357
171,208,379
181,200,381
205,192,397
214,190,404
210,172,382
203,160,363
175,171,346
149,172,321
141,172,313
146,177,323
149,180,329
167,169,336
177,156,333
202,130,332
198,135,333
191,144,335
172,144,316
165,146,311
163,151,314
169,151,320
173,152,325
172,151,323
181,136,317
191,131,322
201,143,344
199,149,348
194,165,359
221,146,367
226,126,352
218,117,335
204,154,358
204,142,346
217,149,366
215,169,384
194,186,380
238,157,395
224,159,383
236,139,375
203,110,313
201,160,361
182,140,322
224,118,342
203,125,328
188,241,429
299,198,497
385,118,503
377,129,506
269,134,403
194,145,339
230,117,347
207,118,325
180,128,308
136,130,266
154,151,305
160,164,324
172,164,336
160,166,326
145,170,315
182,131,313
180,112,292
207,149,356
189,153,342
221,134,355
230,130,360
240,128,368
226,106,332
206,125,331
164,120,284
144,120,264
142,119,261
130,119,249
144,105,249
138,95,233
134,100,234
123,114,237
142,114,256
148,115,263
149,131,280
153,120,273
158,109,267
144,111,255
133,112,245
122,114,236
120,117,237
125,125,250
127,127,254
125,122,247
131,111,242
122,104,226
129,209,338
132,267,399
127,269,396
149,244,393
228,159,387
250,136,386
264,116,380
209,98,307
193,87,280
156,93,249
138,94,232
131,98,229
132,100,232
131,101,232
123,108,231
116,103,219
128,111,239
124,110,234
120,106,226
126,102,228
124,110,234
125,112,237
114,101,215
135,95,230
138,86,224
140,81,221
138,90,228
123,90,213
118,92,210
129,80,209
132,100,232
137,110,247
131,112,243
121,113,234
128,124,252
127,135,262
118,134,252
130,132,262
128,127,255
130,119,249
130,116,246
128,113,241
124,107,231
127,102,229
127,94,221
127,88,215
121,90,211
116,90,206
124,89,213
122,87,209
125,86,211
122,104,226
135,99,234
151,150,301
175,165,340
185,122,307
211,148,359
201,223,424
234,154,388
267,110,377
226,96,322
154,104,258
148,93,241
153,106,259
153,103,256
142,113,255
164,101,265
162,87,249
168,96,264
140,95,235
135,90,225
132,100,232
130,88,218
132,87,219
136,79,215
122,120,242
135,116,251
135,107,242
130,101,231
124,101,225
124,100,224
124,102,226
120,105,225
122,106,228
124,110,234
121,107,228
129,108,237
125,102,227
129,100,229
133,94,227
132,91,223
133,95,228
118,94,212
116,92,208
133,87,220
132,86,218
134,100,234
121,108,229
112,114,226
123,114,237
130,123,253
131,121,252
126,123,249
135,104,239
141,97,238
140,93,233
131,82,213
133,91,224
132,85,217
138,97,235
126,95,221
133,95,228
125,95,220
122,99,221
122,104,226
124,106,230
124,103,227
147,108,255
159,119,278
173,95,268
163,84,247
153,102,255
139,92,231
138,82,220
140,99,239
137,92,229
138,82,220
138,99,237
135,99,234
138,91,229
150,112,262
157,100,257
163,88,251
153,107,260
152,95,247
152,83,235
146,105,251
144,95,239
144,82,226
147,105,252
145,94,239
143,81,224
147,106,253
146,94,240
144,83,227
150,105,255
145,98,243
143,118,261
143,138,281
168,105,273
185,109,294
183,98,281
165,88,253
145,102,247
143,96,239
141,91,232
136,105,241
139,97,236
145,84,229
146,107,253
146,98,244
147,83,230
145,107,252
144,95,239
142,84,226
161,109,270
157,95,252
153,86,239
147,106,253
139,96,235
142,89,231
141,112,253
138,106,244
138,99,237
136,92,228
140,119,259
144,134,278
150,117,267
154,101,255
149,117,266
151,244,395
257,136,393
261,109,370
281,96,377
160,98,258
140,100,240
132,109,241
137,109,246
134,107,241
132,116,248
123,128,251
147,133,280
180,118,298
177,121,298
190,142,332
192,103,295
200,147,347
168,133,301
193,174,367
203,230,433
237,216,453
219,178,397
216,116,332
254,148,402
210,141,351
211,96,307
210,95,305
161,108,269
162,87,249
152,193,345
201,134,335
234,153,387
231,148,379
148,125,273
162,99,261
157,138,295
121,133,254
187,175,362
191,182,373
224,153,377
152,207,359
119,265,384
133,299,432
168,251,419
231,192,423
243,162,405
219,120,339
161,111,272
115,135,250
126,142,268
150,177,327
202,125,327
206,125,331
161,132,293
133,132,265
130,132,262
144,124,268
143,120,263
142,119,261
135,125,260
135,123,258
140,103,243
141,92,233
141,80,221
113,95,208
120,112,232
128,131,259
131,127,258
148,107,255
153,92,245
165,132,297
153,132,285
139,137,276
137,153,290
124,164,288
133,161,294
158,143,301
196,128,324
221,136,357
199,127,326
202,141,343
178,130,308
172,135,307
172,142,314
155,149,304
171,129,300
188,111,299
188,113,301
165,127,292
151,138,289
138,157,295
149,188,337
164,187,351
211,146,357
206,150,356
192,151,343
144,147,291
139,145,284
137,156,293
148,151,299
137,165,302
147,162,309
169,142,311
167,138,305
161,153,314
140,157,297
127,162,289
138,169,307
124,172,296
114,181,295
128,187,315
126,190,316
138,196,334
142,195,337
152,189,341
141,192,333
146,169,315
176,128,304
190,106,296
190,86,276
169,136,305
157,134,291
162,112,274
163,104,267
154,108,262
162,116,278
157,110,267
159,107,266
156,96,252
158,115,273
152,110,262
141,102,243
157,100,257
147,169,316
164,174,338
188,170,358
201,163,364
189,140,329
184,155,339
154,178,332
158,160,318
164,137,301
167,126,293
164,105,269
152,95,247
154,141,295
177,108,285
185,97,282
171,89,260
141,128,269
138,126,264
151,118,269
136,120,256
129,122,251
133,116,249
137,121,258
131,112,243
135,111,246
141,111,252
149,98,247
147,84,231
124,115,239
120,143,263
126,160,286
161,139,300
157,145,302
146,135,281
122,136,258
123,146,269
114,140,254
118,145,263
127,133,260
128,139,267
108,157,265
118,181,299
124,183,307
144,188,332
146,181,327
145,180,325
144,170,314
145,180,325
130,192,322
127,193,320
144,182,326
154,184,338
140,195,335
139,192,331
131,203,334
156,193,349
150,181,331
154,168,322
141,156,297
175,113,288
190,87,277
173,106,279
146,95,241
136,105,241
143,93,236
147,92,239
136,131,267
135,124,259
146,114,260
146,102,248
127,102,229
137,101,238
137,92,229
151,146,297
146,144,290
140,132,272
139,116,255
126,89,215
166,123,289
152,134,286
155,142,297
149,143,292
139,149,288
130,154,284
129,173,302
125,188,313
123,182,305
131,178,309
147,175,322
183,151,334
193,141,334
192,137,329
147,148,295
133,158,291
119,159,278
124,165,289
122,179,301
118,182,300
139,240,379
267,142,409
278,159,437
268,151,419
159,137,296
153,137,290
153,129,282
143,135,278
139,142,281
128,143,271
125,136,261
141,124,265
143,118,261
141,121,262
131,135,266
130,152,282
144,131,275
155,134,289
147,149,296
138,149,287
123,152,275
131,161,292
131,175,306
126,181,307
117,193,310
128,191,319
128,182,310
166,146,312
177,126,303
187,122,309
181,140,321
182,260,442
170,269,439
190,228,418
190,213,403
228,166,394
189,139,328
183,107,290
189,127,316
170,129,299
167,120,287
137,124,261
128,142,270
124,149,273
127,140,267
133,132,265
137,115,252
142,105,247
136,94,230
135,91,226
128,169,297
153,158,311
156,161,317
151,171,322
128,167,295
124,164,288
115,159,274
127,159,286
141,148,289
145,150,295
147,133,280
139,130,269
140,111,251
141,98,239
141,89,230
127,108,235
138,117,255
147,106,253
140,107,247
145,98,243
147,133,280
140,128,268
141,129,270
134,134,268
131,118,249
140,123,263
144,125,269
116,121,237
135,116,251
146,137,283
177,115,292
186,102,288
175,104,279
158,107,265
158,105,263
155,122,277
163,90,253
168,112,280
172,115,287
148,117,265
151,101,252
150,142,292
144,145,289
151,139,290
159,131,290
146,133,279
147,139,286
120,147,267
116,148,264
116,142,258
117,142,259
125,147,272
123,152,275
121,152,273
147,126,273
163,120,283
173,119,292
162,107,269
138,98,236
146,116,262
153,112,265
157,104,261
155,117,272
168,113,281
175,100,275
176,144,320
154,133,287
166,132,298
183,110,293
168,116,284
152,118,270
122,120,242
123,130,253
117,134,251
127,132,259
131,137,268
132,130,262
126,136,262
148,128,276
182,148,330
212,114,326
195,100,295
174,123,297
161,116,277
154,134,288
147,123,270
136,108,244
146,97,243
131,86,217
136,141,277
140,136,276
169,108,277
182,103,285
191,103,294
167,97,264
175,104,279
165,123,288
187,129,316
215,115,330
186,115,301
157,110,267
138,111,249
141,110,251
127,108,235
143,104,247
125,107,232
125,118,243
138,121,259
135,125,260
130,126,256
129,115,244
147,93,240
168,97,265
171,122,293
180,97,277
164,125,289
176,109,285
163,92,255
151,122,273
157,106,263
158,92,250
161,124,285
153,114,267
149,120,269
173,110,283
165,95,260
173,101,274
148,107,255
138,100,238
129,119,248
166,123,289
175,108,283
184,92,276
147,105,252
145,110,255
134,124,258
132,114,246
146,103,249
144,96,240
145,108,253
158,87,245
144,94,238
137,125,262
137,132,269
141,120,261
148,108,256
135,98,233
143,92,235
132,130,262
153,125,278
153,121,274
144,121,265
127,124,251
111,127,238
129,115,244
129,112,241
139,112,251
141,120,261
129,108,237
146,95,241
146,132,278
139,138,277
146,152,298
136,159,295
148,137,285
157,115,272
159,102,261
152,88,240
142,100,242
134,121,255
166,101,267
162,93,255
168,80,248
139,106,245
132,121,253
128,126,254
130,124,254
138,114,252
129,108,237
114,105,219
115,108,223
121,122,243
123,129,252
115,136,251
128,127,255
116,124,240
127,126,253
118,145,263
127,148,275
127,168,295
118,189,307
143,182,325
140,183,323
142,185,327
144,166,310
156,163,319
145,165,310
137,158,295
128,156,284
135,156,291
131,146,277
160,113,273
189,130,319
195,129,324
177,128,305
149,138,287
160,134,294
153,137,290
143,140,283
129,147,276
126,157,283
123,167,290
126,163,289
124,158,282
120,163,283
122,158,280
124,159,283
128,154,282
136,152,288
133,156,289
119,159,278
129,165,294
145,161,306
163,128,291
202,124,326
195,126,321
176,112,288
139,106,245
128,112,240
107,120,227
123,121,244
128,123,251
105,111,216
141,107,248
140,105,245
137,98,235
130,105,235
118,123,241
119,155,274
127,176,303
157,159,316
191,136,327
187,139,326
159,143,302
131,149,280
134,142,276
130,143,273
127,137,264
129,149,278
127,177,304
129,184,313
143,178,321
150,168,318
136,169,305
148,148,296
152,136,288
164,126,290
164,120,284
148,136,284
175,145,320
201,148,349
233,104,337
224,89,313
177,167,344
145,167,312
148,150,298
151,152,303
99,151,250
137,146,283
133,143,276
143,155,298
131,161,292
129,168,297
124,181,305
113,208,321
116,219,335
127,220,347
162,200,362
167,191,358
176,192,368
168,176,344
165,167,332
151,177,328
132,177,309
124,178,302
131,167,298
140,182,322
144,204,348
127,204,331
127,206,333
155,184,339
161,180,341
193,154,347
163,156,319
146,159,305
114,166,280
131,174,305
129,179,308
105,177,282
128,171,299
140,152,292
135,143,278
154,141,295
136,142,278
122,141,263
124,135,259
121,130,251
123,123,246
125,124,249
123,142,265
125,166,291
123,200,323
116,205,321
136,210,346
139,210,349
159,197,356
166,190,356
168,196,364
137,200,337
163,159,322
180,140,320
194,134,328
157,123,280
156,106,262
146,99,245
148,137,285
161,126,287
167,122,289
155,123,278
124,126,250
100,135,235
126,133,259
133,127,260
134,131,265
129,145,274
132,164,296
126,167,293
131,173,304
122,165,287
147,163,310
170,127,297
179,129,308
216,108,324
184,99,283
179,83,262
140,108,248
149,97,246
145,83,228
151,104,255
153,87,240
150,111,261
148,101,249
144,88,232
151,100,251
149,91,240
150,110,260
152,93,245
149,122,271
165,108,273
155,99,254
147,86,233
140,107,247
145,121,266
142,135,277
159,107,266
168,88,256
172,105,277
151,101,252
142,91,233
142,112,254
142,107,249
142,95,237
138,91,229
147,109,256
153,95,248
156,83,239
147,105,252
144,92,236
138,111,249
144,104,248
138,100,238
143,85,228
143,108,251
149,99,248
150,85,235
162,113,275
162,124,286
180,98,278
175,105,280
168,99,267
153,107,260
148,94,242
151,108,259
152,94,246
144,87,231
149,103,252
140,97,237
146,108,254
148,100,248
150,90,240
147,187,334
218,191,409
279,147,426
283,153,436
207,151,358
158,138,296
192,102,294
188,169,357
192,198,390
173,196,369
184,177,361
202,141,343
207,143,350
183,155,338
154,156,310
162,176,338
182,173,355
178,181,359
184,176,360
168,172,340
188,182,370
203,172,375
212,175,387
230,142,372
243,121,364
235,127,362
199,143,342
190,121,311
213,116,329
214,130,344
177,150,327
169,269,438
175,339,514
186,344,530
191,343,534
275,240,515
277,220,497
206,208,414
260,170,430
238,176,414
207,198,405
168,192,360
188,164,352
183,165,348
181,136,317
168,123,291
173,102,275
162,156,318
175,155,330
183,153,336
192,167,359
186,144,330
189,122,311
202,123,325
200,145,345
199,122,321
199,129,328
216,152,368
229,125,354
225,130,355
176,143,319
168,157,325
188,133,321
219,123,342
211,139,350
198,124,322
201,172,373
232,117,349
244,162,406
232,179,411
205,171,376
169,174,343
141,169,310
161,165,326
172,152,324
195,160,355
212,125,337
213,111,324
175,100,275
137,160,297
147,163,310
158,158,316
170,148,318
140,152,292
156,157,313
166,157,323
173,162,335
180,156,336
169,158,327
158,174,332
147,180,327
146,193,339
145,216,361
158,227,385
164,233,397
174,227,401
173,224,397
180,215,395
178,189,367
179,190,369
181,175,356
174,167,341
171,162,333
183,145,328
189,118,307
193,114,307
189,144,333
191,133,324
203,152,355
215,128,343
211,154,365
233,126,359
221,166,387
222,156,378
225,135,360
216,131,347
200,132,332
204,127,331
210,123,333
199,127,326
194,122,316
178,133,311
184,133,317
169,119,288
165,116,281
180,129,309
167,122,289
164,124,288
156,113,269
161,109,270
167,144,311
159,140,299
177,120,297
183,111,294
153,109,262
156,158,314
143,177,320
191,131,322
200,128,328
201,129,330
150,120,270
156,118,274
168,122,290
186,128,314
193,128,321
171,136,307
155,134,289
134,128,262
151,109,260
165,141,306
177,137,314
184,159,343
199,160,359
197,153,350
191,146,337
167,137,304
168,131,299
164,124,288
146,127,273
135,139,274
132,143,275
132,139,271
133,146,279
135,147,282
133,157,290
135,173,308
130,189,319
131,187,318
130,189,319
135,176,311
158,156,314
161,177,338
145,189,334
141,168,309
148,158,306
148,160,308
132,153,285
126,158,284
127,171,298
121,187,308
118,242,360
124,253,377
140,248,388
209,199,408
219,192,411
257,156,413
219,159,378
223,145,368
211,136,347
226,121,347
212,134,346
184,146,330
140,154,294
113,153,266
152,135,287
177,120,297
184,109,293
183,105,288
162,133,295
157,140,297
161,146,307
164,138,302
162,154,316
175,184,359
172,176,348
213,134,347
200,131,331
198,148,346
149,159,308
161,158,319
171,151,322
163,162,325
171,154,325
176,135,311
178,117,295
164,110,274
159,105,264
153,95,248
156,149,305
168,129,297
165,122,287
177,100,277
158,100,258
161,147,308
139,162,301
133,166,299
176,121,297
175,121,296
161,129,290
118,133,251
124,134,258
123,135,258
129,131,260
147,130,277
160,118,278
165,115,280
162,109,271
132,107,239
126,111,237
121,115,236
123,130,253
118,135,253
107,138,245
126,140,266
128,137,265
143,118,261
163,100,263
167,91,258
149,107,256
135,116,251
130,106,236
137,100,237
143,89,232
140,94,234
137,100,237
128,97,225
133,109,242
148,100,248
150,98,248
142,104,246
137,100,237
126,110,236
133,107,240
123,104,227
129,98,227
124,97,221
126,144,270
140,145,285
131,151,282
150,150,300
133,167,300
147,171,318
146,191,337
133,191,324
137,185,322
130,182,312
166,133,299
190,110,300
210,145,355
182,148,330
178,135,313
175,115,290
166,115,281
166,115,281
142,141,283
153,135,288
169,130,299
180,129,309
179,129,308
170,129,299
164,131,295
153,124,277
152,122,274
161,120,281
166,116,282
168,123,291
162,122,284
147,122,269
145,132,277
136,132,268
150,112,262
156,133,289
176,134,310
163,133,296
146,137,283
142,140,282
143,139,282
145,143,288
145,133,278
154,128,282
152,108,260
165,183,348
207,206,413
218,183,401
239,155,394
201,130,331
207,115,322
170,142,312
178,135,313
173,133,306
169,135,304
158,134,292
168,119,287
164,109,273
169,125,294
172,114,286
180,95,275
169,109,278
168,209,377
225,150,375
263,153,416
260,143,403
239,118,357
214,110,324
203,100,303
158,113,271
169,140,309
179,165,344
229,122,351
201,142,343
197,159,356
148,172,320
147,185,332
139,233,372
129,241,370
134,288,422
198,239,437
227,205,432
269,158,427
218,142,360
205,122,327
164,102,266
163,231,394
164,251,415
229,172,401
247,144,391
232,243,475
310,144,454
296,115,411
270,106,376
166,201,367
203,232,435
230,211,441
218,291,509
167,468,635
181,468,649
151,451,602
419,182,601
436,166,602
453,147,600
201,126,327
204,104,308
188,154,342
184,186,370
161,182,343
151,184,335
180,173,353
188,163,351
153,165,318
199,118,317
202,127,329
202,138,340
134,162,296
144,160,304
152,164,316
160,190,350
159,202,361
155,226,381
152,225,377
156,207,363
171,177,348
182,172,354
190,157,347
194,125,319
201,145,346
209,144,353
165,160,325
172,230,402
177,226,403
205,199,404
268,139,407
280,144,424
230,131,361
209,145,354
171,152,323
164,161,325
187,153,340
193,155,348
188,163,351
171,168,339
162,173,335
176,168,344
192,161,353
228,129,357
219,122,341
200,118,318
167,125,292
164,125,289
161,143,304
180,119,299
193,107,300
194,103,297
164,101,265
154,115,269
152,111,263
157,101,258
155,154,309
162,144,306
186,127,313
195,135,330
171,138,309
164,140,304
152,143,295
140,140,280
143,146,289
147,142,289
150,183,333
147,186,333
181,191,372
178,195,373
235,159,394
192,172,364
196,170,366
155,160,315
169,156,325
158,166,324
158,155,313
169,158,327
176,154,330
170,152,322
148,168,316
141,176,317
141,184,325
172,168,340
185,173,358
177,203,380
155,240,395
155,247,402
164,294,458
178,303,481
190,282,472
354,121,475
345,125,470
349,131,480
204,115,319
186,114,300
188,164,352
196,160,356
221,120,341
226,145,371
191,287,478
159,300,459
172,297,469
184,283,467
252,217,469
217,188,405
279,134,413
234,131,365
228,130,358
205,115,320
194,121,315
184,134,318
161,135,296
150,154,304
163,185,348
159,177,336
197,135,332
186,124,310
200,105,305
172,143,315
180,141,321
186,141,327
211,146,357
231,130,361
223,145,368
185,156,341
148,165,313
152,190,342
161,196,357
154,212,366
177,207,384
203,180,383
233,168,401
235,159,394
217,151,368
214,155,369
213,148,361
197,153,350
175,167,342
156,177,333
189,150,339
188,173,361
177,192,369
141,210,351
163,206,369
186,199,385
209,188,397
214,180,394
212,172,384
213,163,376
212,155,367
214,147,361
211,140,351
214,150,364
215,139,354
204,152,356
183,158,341
159,167,326
152,184,336
144,195,339
141,208,349
147,215,362
144,230,374
154,211,365
158,197,355
198,146,344
216,111,327
233,145,378
215,139,354
191,151,342
168,164,332
141,178,319
137,199,336
139,212,351
140,224,364
149,237,386
167,231,398
203,210,413
212,212,424
200,191,391
179,196,375
178,207,385
173,210,383
188,216,404
213,194,407
217,182,399
236,174,410
210,205,415
210,203,413
225,188,413
242,168,410
223,172,395
190,165,355
158,179,337
149,203,352
146,237,383
147,225,372
140,228,368
205,153,358
205,137,342
244,97,341
189,173,362
195,164,359
215,130,345
203,179,382
184,145,329
184,153,337
182,152,334
141,171,312
138,184,322
136,195,331
139,222,361
140,227,367
147,238,385
166,218,384
200,176,376
264,135,399
264,117,381
241,103,344
175,177,352
157,184,341
203,155,358
199,189,388
165,170,335
212,123,335
215,120,335
189,126,315
145,124,269
130,128,258
132,136,268
126,148,274
123,144,267
140,167,307
137,181,318
146,174,320
146,183,329
168,202,370
151,216,367
156,220,376
153,205,358
182,181,363
181,249,430
138,277,415
129,275,404
177,215,392
278,111,389
302,142,444
260,125,385
173,107,280
167,90,257
150,143,293
160,133,293
161,122,283
164,116,280
167,162,329
230,171,401
256,133,389
265,134,399
225,170,395
179,178,357
200,150,350
188,149,337
191,132,323
169,99,268
188,121,309
189,118,307
179,103,282
161,89,250
154,178,332
209,123,332
211,108,319
211,104,315
153,126,279
158,173,331
160,174,334
194,138,332
198,128,326
182,142,324
145,146,291
145,142,287
151,145,296
148,152,300
145,163,308
151,164,315
164,170,334
167,215,382
154,218,372
153,217,370
183,182,365
184,219,403
174,222,396
159,202,361
221,140,361
233,125,358
227,114,341
168,103,271
163,110,273
172,107,279
167,155,322
174,166,340
175,178,353
204,162,366
188,154,342
210,136,346
213,122,335
196,116,312
185,115,300
185,145,330
195,156,351
207,141,348
179,131,310
171,134,305
174,122,296
185,154,339
200,135,335
189,138,327
200,119,319
182,127,309
198,128,326
185,131,316
192,120,312
186,118,304
189,151,340
178,150,328
176,159,335
153,169,322
170,172,342
173,174,347
184,162,346
194,153,347
209,132,341
201,129,330
191,127,318
180,118,298
181,121,302
175,113,288
179,168,347
185,179,364
198,160,358
242,185,427
258,209,467
274,217,491
180,217,397
248,219,467
221,218,439
179,183,362
233,155,388
247,141,388
233,130,363
225,193,418
213,179,392
223,152,375
214,169,383
200,182,382
191,197,388
192,237,429
190,252,442
171,264,435
189,261,450
206,247,453
222,268,490
233,248,481
210,260,470
199,243,442
207,201,408
220,193,413
181,175,356
163,148,311
210,182,392
224,201,425
279,132,411
252,140,392
213,134,347
155,121,276
174,129,303
195,148,343
194,158,352
223,153,376
227,146,373
226,127,353
194,111,305
192,160,352
198,156,354
187,155,342
191,139,330
168,152,320
175,175,350
152,206,358
149,223,372
145,257,402
169,275,444
194,273,467
202,270,472
230,236,466
214,241,455
229,235,464
218,220,438
220,235,455
205,257,462
203,277,480
230,251,481
236,243,479
233,279,512
203,277,480
188,269,457
181,295,476
262,219,481
266,220,486
272,233,505
198,232,430
233,191,424
228,185,413
225,185,410
187,174,361
185,165,350
223,147,370
215,194,409
272,166,438
268,189,457
233,203,436
200,221,421
208,227,435
215,226,441
219,233,452
217,243,460
190,232,422
167,216,383
188,207,395
184,227,411
185,226,411
185,214,399
208,216,424
231,195,426
271,155,426
272,135,407
261,167,428
238,160,398
217,167,384
193,174,367
172,181,353
183,203,386
187,218,405
248,212,460
258,201,459
275,201,476
256,175,431
265,150,415
265,125,390
238,175,413
245,138,383
261,185,446
293,162,455
258,163,421
212,174,386
201,181,382
203,189,392
214,180,394
217,184,401
213,176,389
211,166,377
210,164,374
209,139,348
201,131,332
185,124,309
199,153,352
203,160,363
196,187,383
229,172,401
230,166,396
233,159,392
199,166,365
191,139,330
199,177,376
230,141,371
212,136,348
210,135,345
166,123,289
195,146,341
221,135,356
229,155,384
250,164,414
260,142,402
267,136,403
233,125,358
211,161,372
205,158,363
201,167,368
192,167,359
172,183,355
184,189,373
187,174,361
203,168,371
205,170,375
214,177,391
204,185,389
208,176,384
201,160,361
199,146,345
204,139,343
191,145,336
179,153,332
165,149,314
155,154,309
159,154,313
153,152,305
149,165,314
141,172,313
161,173,334
158,183,341
171,195,366
169,210,379
183,206,389
196,196,392
216,237,453
188,250,438
182,266,448
176,261,437
185,249,434
197,205,402
214,190,404
216,171,387
211,137,348
212,121,333
211,155,366
199,149,348
199,146,345
204,144,348
201,139,340
211,152,363
213,139,352
195,140,335
206,155,361
193,151,344
241,170,411
248,142,390
260,171,431
247,161,408
234,126,360
233,157,390
213,156,369
195,255,450
345,165,510
348,156,504
384,135,519
249,193,442
254,169,423
241,158,399
208,167,375
170,199,369
189,174,363
210,179,389
241,180,421
237,186,423
243,251,494
227,303,530
240,268,508
264,251,515
256,233,489
235,218,453
206,195,401
237,179,416
224,194,418
204,213,417
212,193,405
270,131,401
265,133,398
231,153,384
203,141,344
206,146,352
197,154,351
208,154,362
232,145,377
226,154,380
211,139,350
209,159,368
203,168,371
180,185,365
157,195,352
179,198,377
202,185,387
214,179,393
210,177,387
188,187,375
170,197,367
195,173,368
211,161,372
233,181,414
225,188,413
263,142,405
252,126,378
242,158,400
219,140,359
228,113,341
208,107,315
177,138,315
163,155,318
195,144,339
182,163,345
181,175,356
155,185,340
154,207,361
149,218,367
144,234,378
150,247,397
178,237,415
201,224,425
205,235,440
211,222,433
185,231,416
213,213,426
210,205,415
214,217,431
187,225,412
175,236,411
184,236,420
180,233,413
185,225,410
186,204,390
188,219,407
189,207,396
166,211,377
144,209,353
197,146,343
214,122,336
170,136,306
190,116,306
186,108,294
186,149,335
164,137,301
170,144,314
178,130,308
166,132,298
182,144,326
164,170,334
178,163,341
189,160,349
203,166,369
229,246,475
258,197,455
293,153,446
294,107,401
233,122,355
173,158,331
170,158,328
179,142,321
206,161,367
194,230,424
268,189,457
277,163,440
318,132,450
215,137,352
201,124,325
201,145,346
215,162,377
202,171,373
219,145,364
195,151,346
229,138,367
206,156,362
213,168,381
210,176,386
201,155,356
231,132,363
247,159,406
244,155,399
265,143,408
206,177,383
228,168,396
234,112,346
243,132,375
233,141,374
182,144,326
165,150,315
162,154,316
162,162,324
163,171,334
160,180,340
152,196,348
149,203,352
144,210,354
157,223,380
160,238,398
160,248,408
159,260,419
186,239,425
206,223,429
221,202,423
234,189,423
241,159,400
217,164,381
175,166,341
149,162,311
149,165,314
139,172,311
127,174,301
122,182,304
124,187,311
138,181,319
149,171,320
148,178,326
133,185,318
137,173,310
139,179,318
139,186,325
137,173,310
136,179,315
137,187,324
143,168,311
143,172,315
144,173,317
127,179,306
124,180,304
137,165,302
137,170,307
137,171,308
125,178,303
123,184,307
135,174,309
138,179,317
137,188,325
142,190,332
142,205,347
142,238,380
137,228,365
161,199,360
173,263,436
197,247,444
182,269,451
189,258,447
206,280,486
252,276,528
159,312,471
219,274,493
208,208,416
310,115,425
199,139,338
226,173,399
168,172,340
198,125,323
220,85,305
152,173,325
107,182,289
171,154,325
194,169,363
179,206,385
132,207,339
183,198,381
219,157,376
188,170,358
126,182,308
155,194,349
142,304,446
260,247,507
293,179,472
259,178,437
147,131,278
229,178,407
222,199,421
216,201,417
168,208,376
193,115,308
226,129,355
222,260,482
201,227,428
306,203,509
287,192,479
309,169,478
191,170,361
165,135,300
218,89,307
190,139,329
137,126,263
159,114,273
165,108,273
156,107,263
158,145,303
155,136,291
170,164,334
191,146,337
220,126,346
200,102,302
203,247,450
183,272,455
206,234,440
261,211,472
252,226,478
222,186,408
255,159,414
224,167,391
206,171,377
175,155,330
238,193,431
216,147,363
206,116,322
187,101,288
126,176,302
180,173,353
219,129,348
236,106,342
186,200,386
197,201,398
224,174,398
222,160,382
198,143,341
186,215,401
241,165,406
239,140,379
214,111,325
150,105,255
161,139,300
109,149,258
119,147,266
151,110,261
153,105,258
157,171,328
120,204,324
120,220,340
165,174,339
191,164,355
89,227,316
104,267,371
120,251,371
164,267,431
238,199,437
183,235,418
196,273,469
156,231,387
171,247,418
197,198,395
200,176,376
165,189,354
135,164,299
157,180,337
122,191,313
147,169,316
166,163,329
139,156,295
157,167,324
119,148,267
151,178,329
147,192,339
110,232,342
121,241,362
157,244,401
169,236,405
141,244,385
207,246,453
170,292,462
191,276,467
179,302,481
250,237,487
223,217,440
276,133,409
237,159,396
207,119,326
171,134,305
127,140,267
189,167,356
174,134,308
164,167,331
131,134,265
143,149,292
141,180,321
147,201,348
108,180,288
172,175,347
191,208,399
173,209,382
145,204,349
162,267,429
139,303,442
157,316,473
214,226,440
261,188,449
286,160,446
194,159,353
150,195,345
118,213,331
122,207,329
124,246,370
184,188,372
207,167,374
270,138,408
249,110,359
220,111,331
158,129,287
113,120,233
168,154,322
158,192,350
158,157,315
197,179,376
198,204,402
163,235,398
166,227,393
185,235,420
141,245,386
161,239,400
193,224,417
210,200,410
213,176,389
195,171,366
189,162,351
176,166,342
190,156,346
168,173,341
188,164,352
176,158,334
218,122,340
204,125,329
203,127,330
186,128,314
211,165,376
212,196,408
241,142,383
255,205,460
204,250,454
251,253,504
234,236,470
288,143,431
296,156,452
249,152,401
219,121,340
180,122,302
207,160,367
190,160,350
214,123,337
186,113,299
173,98,271
157,218,375
197,204,401
235,194,429
211,233,444
179,168,347
197,213,410
206,183,389
158,225,383
164,182,346
161,176,337
161,172,333
153,180,333
167,180,347
147,163,310
167,169,336
175,156,331
149,165,314
177,168,345
165,161,326
177,184,361
216,160,376
215,134,349
163,135,298
153,131,284
124,139,263
126,148,274
117,142,259
164,99,263
159,89,248
163,84,247
124,158,282
136,184,320
177,267,444
259,185,444
330,84,414
311,158,469
178,175,353
130,188,318
171,143,314
206,89,295
158,126,284
179,191,370
167,246,413
241,215,456
278,169,447
302,164,466
236,211,447
230,201,431
175,221,396
190,158,348
205,157,362
204,174,378
157,249,406
170,267,437
159,261,420
157,268,425
196,182,378
219,194,413
218,226,444
131,228,359
130,232,362
187,171,358
197,164,361
208,203,411
153,441,594
145,477,622
184,445,629
249,389,638
443,202,645
464,263,727
547,124,671
349,139,488
263,147,410
146,154,300
175,132,307
187,108,295
184,101,285
177,159,336
176,137,313
205,105,310
193,104,297
123,111,234
122,151,273
121,193,314
137,181,318
165,169,334
190,206,396
155,244,399
149,236,385
210,194,404
242,177,419
208,192,400
145,179,324
170,163,333
167,138,305
168,134,302
140,138,278
129,136,265
124,131,255
122,128,250
120,167,287
125,206,331
116,207,323
211,109,320
223,98,321
216,131,347
136,198,334
137,192,329
201,162,363
204,167,371
186,157,343
159,136,295
165,136,301
119,138,257
114,168,282
136,176,312
140,193,333
170,160,330
207,135,342
212,127,339
190,109,299
149,115,264
136,121,257
132,118,250
157,83,240
160,186,346
146,193,339
186,181,367
206,195,401
207,197,404
194,126,320
207,124,331
187,121,308
119,116,235
127,115,242
117,161,278
122,161,283
165,120,285
158,119,277
165,119,284
124,136,260
125,159,284
119,183,302
148,165,313
143,173,316
165,164,329
149,161,310
155,159,314
146,159,305
141,162,303
155,141,296
161,148,309
174,155,329
156,154,310
193,103,296
202,134,336
200,137,337
174,139,313
153,149,302
126,157,283
130,160,290
127,165,292
123,186,309
119,197,316
123,212,335
124,219,343
168,181,349
218,133,351
229,123,352
206,141,347
164,151,315
149,157,306
153,148,301
148,147,295
164,158,322
165,147,312
179,120,299
171,99,270
172,118,290
148,137,285
146,138,284
146,134,280
147,124,271
162,98,260
155,96,251
155,104,259
128,112,240
149,111,260
158,115,273
152,117,269
145,117,262
139,113,252
136,111,247
128,106,234
125,95,220
130,107,237
131,115,246
126,114,240
137,113,250
158,97,255
150,93,243
147,107,254
112,115,227
122,118,240
115,129,244
118,123,241
140,117,257
155,95,250
148,163,311
193,170,363
213,168,381
208,206,414
160,208,368
149,205,354
165,179,344
191,145,336
193,142,335
173,137,310
143,141,284
136,155,291
130,161,291
130,152,282
138,153,291
145,140,285
155,114,269
154,104,258
153,94,247
138,113,251
144,112,256
150,136,286
169,128,297
154,120,274
155,133,288
179,127,306
201,110,311
207,119,326
185,93,278
164,91,255
162,101,263
133,121,254
139,113,252
146,155,301
191,131,322
213,158,371
229,134,363
214,149,363
210,139,349
185,129,314
169,124,293
132,137,269
132,123,255
133,129,262
182,155,337
166,159,325
183,160,343
141,161,302
114,173,287
149,175,324
146,174,320
149,165,314
155,145,300
154,125,279
165,104,269
147,111,258
131,103,234
157,107,264
164,114,278
159,114,273
145,113,258
144,114,258
146,117,263
145,121,266
136,139,275
126,175,301
128,186,314
130,224,354
142,208,350
139,200,339
143,189,332
176,171,347
192,149,341
181,135,316
151,134,285
128,140,268
117,135,252
117,139,256
138,131,269
134,129,263
137,120,257
133,132,265
133,140,273
136,146,282
134,171,305
132,181,313
124,180,304
133,176,309
139,189,328
119,180,299
149,168,317
157,157,314
162,138,300
177,101,278
181,121,302
173,113,286
142,96,238
162,117,279
166,123,289
197,99,296
193,106,299
155,108,263
148,93,241
149,106,255
150,96,246
144,93,237
118,87,205
123,93,216
132,114,246
144,135,279
131,150,281
131,142,273
132,140,272
151,115,266
151,134,285
152,129,281
137,126,263
150,102,252
167,119,286
174,108,282
176,118,294
172,103,275
155,97,252
143,90,233
137,110,247
151,93,244
151,120,271
149,112,261
143,104,247
145,100,245
141,91,232
145,103,248
145,97,242
143,88,231
141,105,246
140,99,239
144,93,237
142,82,224
140,107,247
142,96,238
143,82,225
148,104,252
145,95,240
148,114,262
146,110,256
144,105,249
144,92,236
142,87,229
140,107,247
137,96,233
138,90,228
139,93,232
142,109,251
149,93,242
144,107,251
145,96,241
145,83,228
146,117,263
155,93,248
153,110,263
156,112,268
140,119,259
140,124,264
135,133,268
131,148,279
131,144,275
126,142,268
137,128,265
143,112,255
151,96,247
147,100,247
146,87,233
143,109,252
149,106,255
136,109,245
139,109,248
135,112,247
136,118,254
136,123,259
139,125,264
133,127,260
131,132,263
138,126,264
137,142,279
143,148,291
139,135,274
153,123,276
155,103,258
161,102,263
158,89,247
158,79,237
134,118,252
141,108,249
124,108,232
157,111,268
157,93,250
168,129,297
156,145,301
151,142,293
137,138,275
137,136,273
142,121,263
137,123,260
149,118,267
155,97,252
165,152,317
183,126,309
182,110,292
176,107,283
144,94,238
155,130,285
161,160,321
153,161,314
163,143,306
142,132,274
154,110,264
145,100,245
160,114,274
161,110,271
153,120,273
153,105,258
149,129,278
172,181,353
194,153,347
210,153,363
182,151,333
120,145,265
145,166,311
144,182,326
125,186,311
121,181,302
121,164,285
141,153,294
147,134,281
144,135,279
130,161,291
112,177,289
122,183,305
135,189,324
149,183,332
145,199,344
133,211,344
122,204,326
145,211,356
170,196,366
161,202,363
156,204,360
139,179,318
152,167,319
164,163,327
138,164,302
128,160,288
122,155,277
120,150,270
115,165,280
116,171,287
121,176,297
120,169,289
122,170,292
144,159,303
160,140,300
170,126,296
193,109,302
186,99,285
184,91,275
159,130,289
151,123,274
156,112,268
154,96,250
148,131,279
146,134,280
147,128,275
155,124,279
136,121,257
154,112,266
151,126,277
176,102,278
175,136,311
169,130,299
153,120,273
162,104,266
154,109,263
162,110,272
160,128,288
164,126,290
166,107,273
165,92,257
160,121,281
137,268,405
150,276,426
166,250,416
199,205,404
203,171,374
202,125,327
187,100,287
201,135,336
173,138,311
163,125,288
152,111,263
130,108,238
147,96,243
133,98,231
112,101,213
139,173,312
166,173,339
184,161,345
158,158,316
110,150,260
144,127,271
146,118,264
147,107,254
128,101,229
141,90,231
150,116,266
140,118,258
131,109,240
144,85,229
147,115,262
148,135,283
134,154,288
144,161,305
137,159,296
126,153,279
131,147,278
127,125,252
152,127,279
136,223,359
241,174,415
312,149,461
342,149,491
276,116,392
200,124,324
201,142,343
192,147,339
196,156,352
170,164,334
170,160,330
161,179,340
187,163,350
190,150,340
200,163,363
203,142,345
211,162,373
246,123,369
221,132,353
195,134,329
135,147,282
134,162,296
120,159,279
126,167,293
125,176,301
121,172,293
126,170,296
129,172,301
132,170,302
122,168,290
115,163,278
122,154,276
136,153,289
133,155,288
123,149,272
121,147,268
128,137,265
138,142,280
137,153,290
134,145,279
156,120,276
147,115,262
145,119,264
115,116,231
126,117,243
112,107,219
140,102,242
132,98,230
116,104,220
120,107,227
96,101,197
118,97,215
121,113,234
127,121,248
132,109,241
140,103,243
137,106,243
111,111,222
149,129,278
164,130,294
200,145,345
210,118,328
194,100,294
183,113,296
156,104,260
154,100,254
159,97,256
146,89,235
153,112,265
149,97,246
150,138,288
152,125,277
143,122,265
147,112,259
141,116,257
159,108,267
150,107,257
156,106,262
143,124,267
161,106,267
156,106,262
157,97,254
147,120,267
157,115,272
155,104,259
160,118,278
148,126,274
154,156,310
210,115,325
221,100,321
218,180,398
185,149,334
161,149,310
156,138,294
95,130,225
139,106,245
166,87,253
166,122,288
160,122,282
163,115,278
154,109,263
154,126,280
160,114,274
163,107,270
155,131,286
166,113,279
175,110,285
164,117,281
140,110,250
136,105,241
118,110,228
118,104,222
118,103,221
124,101,225
120,101,221
120,99,219
110,106,216
121,116,237
124,112,236
123,113,236
122,119,241
122,113,235
125,112,237
126,138,264
126,153,279
138,158,296
130,184,314
131,197,328
122,195,317
122,197,319
169,159,328
201,127,328
201,119,320
167,119,286
120,131,251
133,129,262
131,130,261
116,128,244
134,116,250
138,114,252
135,112,247
132,116,248
132,124,256
133,132,265
126,126,252
90,124,214
147,117,264
174,94,268
170,88,258
141,121,262
143,106,249
139,89,228
145,85,230
130,146,276
135,141,276
138,139,277
137,136,273
100,140,240
131,141,272
128,138,266
152,123,275
159,115,274
160,106,266
154,86,240
153,96,249
142,89,231
130,148,278
142,160,302
140,154,294
135,143,278
119,134,253
141,118,259
144,109,253
132,100,232
135,113,248
160,98,258
163,106,269
158,138,296
155,117,272
161,123,284
151,129,280
119,146,265
124,173,297
114,191,305
123,193,316
125,205,330
140,207,347
145,204,349
161,214,375
159,211,370
154,203,357
151,196,347
171,162,333
168,151,319
163,152,315
129,148,277
114,147,261
121,172,293
124,180,304
107,198,305
132,195,327
134,190,324
131,194,325
165,190,355
175,170,345
167,160,327
159,140,299
149,133,282
138,137,275
128,139,267
134,126,260
146,108,254
148,93,241
144,90,234
138,126,264
155,109,264
173,122,295
184,120,304
159,108,267
166,104,270
162,129,291
178,114,292
179,95,274
160,91,251
133,98,231
120,98,218
136,92,228
131,98,229
118,101,219
130,93,223
123,94,217
125,94,219
119,114,233
123,120,243
125,113,238
135,117,252
151,126,277
169,117,286
174,109,283
147,106,253
128,104,232
121,98,219
121,106,227
119,134,253
120,147,267
131,138,269
142,137,279
178,100,278
169,110,279
158,115,273
119,133,252
122,168,290
122,187,309
124,196,320
136,189,325
133,186,319
159,149,308
187,113,300
194,97,291
155,88,243
139,131,270
143,129,272
138,134,272
134,137,271
104,131,235
138,118,256
147,104,251
144,103,247
127,107,234
124,116,240
120,131,251
119,146,265
124,153,277
132,161,293
130,164,294
140,167,307
140,185,325
132,196,328
108,198,306
126,214,340
155,187,342
180,176,356
185,172,357
168,155,323
156,160,316
150,170,320
133,179,312
135,180,315
124,185,309
129,210,339
135,210,345
141,214,355
135,235,370
173,198,371
178,191,369
169,199,368
169,180,349
170,169,339
174,166,340
138,164,302
125,170,295
114,208,322
114,230,344
126,238,364
136,237,373
183,200,383
183,192,375
192,170,362
171,133,304
181,121,302
187,99,286
176,115,291
165,117,282
158,151,309
179,146,325
184,136,320
188,140,328
152,154,306
140,166,306
158,153,311
166,148,314
196,118,314
176,121,297
183,116,299
155,147,302
148,155,303
150,145,295
153,152,305
168,149,317
158,171,329
182,147,329
193,120,313
214,123,337
197,119,316
175,105,280
151,132,283
151,125,276
174,99,273
194,149,343
193,132,325
176,128,304
162,128,290
118,130,248
103,125,228
122,135,257
134,128,262
144,122,266
135,116,251
151,102,253
143,112,255
163,133,296
153,149,302
136,171,307
128,182,310
113,174,287
140,162,302
130,156,286
153,128,281
157,110,267
162,107,269
137,118,255
157,121,278
186,105,291
195,90,285
160,136,296
159,115,274
173,104,277
175,95,270
149,111,260
166,143,309
175,116,291
173,106,279
162,123,285
157,117,274
182,133,315
190,128,318
169,123,292
162,121,283
122,127,249
133,140,273
132,158,290
125,164,289
138,144,282
142,139,281
144,123,267
143,106,249
139,103,242
148,122,270
175,138,313
190,122,312
197,115,312
165,102,267
161,113,274
164,97,261
166,133,299
156,132,288
151,114,265
157,184,341
142,266,408
154,275,429
169,253,422
178,221,399
226,163,389
217,136,353
205,96,301
198,116,314
187,109,296
170,115,285
165,109,274
156,97,253
152,90,242
157,118,275
160,110,270
162,96,258
146,114,260
154,96,250
155,107,262
156,103,259
161,115,276
163,98,261
166,104,270
156,86,242
158,114,272
161,113,274
153,103,256
159,116,275
160,105,265
170,137,307
177,129,306
176,110,286
172,91,263
164,113,277
156,105,261
163,94,257
160,110,270
155,96,251
160,111,271
153,95,248
152,107,259
154,94,248
148,114,262
147,98,245
153,117,270
160,98,258
153,86,239
155,105,260
142,97,239
148,115,263
146,100,246
153,168,321
178,255,433
297,142,439
307,156,463
242,138,380
166,130,296
163,138,301
141,142,283
140,144,284
138,151,289
134,163,297
126,168,294
128,171,299
128,174,302
127,182,309
128,184,312
135,183,318
138,189,327
146,180,326
146,176,322
149,202,351
138,228,366
129,235,364
159,206,365
175,187,362
203,159,362
182,150,332
178,145,323
171,144,315
170,146,316
167,134,301
156,117,273
158,103,261
157,86,243
154,115,269
140,114,254
153,97,250
159,122,281
169,119,288
162,99,261
165,103,268
146,92,238
149,135,284
152,139,291
164,120,284
171,123,294
168,119,287
181,122,303
171,117,288
156,105,261
151,93,244
166,104,270
155,107,262
147,99,246
149,137,286
163,134,297
172,126,298
164,115,279
137,112,249
115,110,225
150,102,252
156,137,293
174,115,289
174,119,293
203,140,343
190,143,333
189,135,324
155,129,284
134,124,258
143,104,247
141,141,282
161,124,285
162,127,289
165,114,279
143,102,245
148,90,238
147,128,275
144,126,270
137,116,253
142,137,279
172,115,287
180,102,282
191,148,339
180,139,319
204,122,326
192,115,307
158,137,295
173,132,305
189,119,308
178,122,300
142,114,256
134,106,240
134,98,232
136,90,226
136,119,255
136,124,260
136,127,263
154,115,269
154,105,259
156,103,259
138,102,240
117,105,222
127,103,230
134,95,229
132,116,248
122,121,243
122,119,241
138,111,249
131,123,254
132,137,269
124,142,266
128,147,275
145,142,287
142,156,298
169,135,304
170,138,308
170,150,320
126,149,275
135,157,292
136,151,287
146,142,288
183,141,324
204,126,330
205,137,342
160,143,303
121,164,285
121,182,303
119,182,301
124,184,308
138,198,336
145,188,333
141,183,324
144,191,335
140,180,320
139,182,321
131,194,325
139,184,323
151,180,331
147,193,340
127,203,330
139,218,357
143,221,364
158,188,346
179,161,340
199,173,372
181,170,351
147,154,301
143,141,284
138,147,285
100,151,251
143,133,276
181,100,281
184,90,274
178,107,285
138,116,254
132,130,262
131,150,281
117,162,279
120,166,286
127,172,299
123,186,309
119,192,311
123,196,319
138,182,320
177,155,332
181,152,333
179,165,344
164,153,317
178,130,308
185,107,292
188,134,322
179,165,344
162,176,338
180,157,337
176,157,333
172,164,336
152,187,339
160,202,362
150,231,381
159,253,412
178,229,407
221,183,404
233,156,389
237,123,360
208,108,316
191,110,301
156,105,261
147,95,242
138,80,218
130,84,214
128,80,208
119,88,207
104,92,196
121,128,249
147,101,248
165,127,292
175,119,294
147,103,250
160,119,279
152,129,281
154,124,278
152,119,271
167,153,320
194,143,337
186,133,319
166,131,297
125,130,255
138,120,258
143,104,247
148,88,236
150,138,288
150,146,296
148,143,291
157,139,296
142,134,276
151,148,299
131,149,280
151,131,282
153,138,291
158,137,295
123,143,266
132,137,269
129,132,261
163,126,289
198,140,338
210,121,331
192,122,314
161,121,282
155,126,281
152,128,280
141,117,258
143,106,249
144,102,246
152,94,246
138,110,248
142,110,252
165,123,288
166,129,295
162,122,284
175,90,265
164,110,274
164,121,285
133,122,255
135,120,255
133,109,242
134,101,235
129,98,227
124,93,217
141,131,272
159,134,293
174,119,293
172,123,295
148,130,278
121,141,262
117,146,263
143,128,271
151,129,280
144,129,273
128,129,257
120,122,242
128,116,244
120,125,245
118,128,246
122,127,249
143,112,255
145,114,259
143,111,254
136,109,245
136,106,242
127,115,242
129,145,274
117,158,275
131,153,284
135,152,287
141,162,303
133,165,298
120,164,284
142,151,293
140,146,286
129,138,267
140,124,264
148,104,252
158,119,277
146,126,272
148,124,272
144,112,256
146,112,258
139,115,254
150,140,290
180,104,284
188,109,297
177,117,294
144,108,252
150,115,265
156,110,266
143,100,243
136,90,226
135,121,256
150,118,268
148,114,262
154,97,251
154,152,306
150,148,298
149,141,290
147,138,285
121,134,255
127,133,260
147,119,266
156,110,266
162,90,252
161,120,281
154,145,299
151,135,286
174,110,284
174,102,276
180,108,288
165,147,312
193,119,312
191,107,298
190,120,310
166,107,273
161,109,270
170,133,303
169,131,300
176,124,300
153,113,266
130,117,247
139,102,241
145,92,237
144,137,281
143,112,255
174,90,264
185,119,304
163,113,276
154,110,264
152,96,248
151,122,273
159,127,286
159,131,290
153,122,275
145,111,256
154,103,257
152,97,249
152,113,265
153,106,259
155,100,255
160,109,269
151,123,274
157,114,271
146,102,248
141,92,233
141,85,226
135,111,246
137,98,235
142,97,239
146,86,232
141,104,245
142,89,231
141,140,281
150,140,290
144,136,280
159,121,280
156,122,278
152,131,283
139,160,299
121,184,305
121,191,312
132,187,319
137,187,324
140,175,315
140,174,314
154,162,316
154,152,306
160,148,308
145,149,294
142,160,302
143,160,303
144,157,301
149,144,293
133,152,285
164,137,301
178,126,304
167,112,279
148,110,258
136,212,348
120,287,407
126,284,410
120,287,407
251,159,410
280,133,413
297,109,406
190,107,297
176,99,275
158,101,259
147,88,235
139,116,255
143,123,266
133,129,262
134,122,256
172,93,265
178,83,261
161,117,278
130,123,253
142,127,269
149,116,265
146,105,251
147,95,242
136,98,234
139,102,241
147,91,238
143,95,238
144,106,250
129,138,267
154,129,283
154,150,304
134,157,291
124,156,280
144,138,282
153,122,275
144,122,266
131,121,252
130,120,250
129,118,247
125,108,233
130,113,243
131,116,247
119,122,241
134,110,244
127,108,235
132,115,247
118,115,233
125,108,233
133,92,225
134,86,220
123,87,210
109,94,203
118,92,210
134,81,215
131,114,245
125,115,240
127,108,235
128,118,246
118,140,258
119,156,275
132,148,280
143,149,292
146,145,291
137,149,286
128,156,284
152,123,275
152,112,264
165,100,265
147,81,228
149,109,258
152,108,260
146,96,242
153,193,346
231,203,434
302,136,438
312,123,435
220,118,338
127,113,240
132,112,244
124,118,242
121,119,240
126,116,242
126,116,242
132,121,253
132,134,266
145,144,289
158,159,317
182,153,335
161,160,321
167,156,323
154,176,330
158,193,351
145,208,353
141,217,358
144,258,402
166,257,423
186,236,422
209,231,440
214,226,440
181,249,430
169,235,404
178,202,380
214,149,363
221,134,355
191,124,315
148,111,259
149,143,292
175,124,299
189,96,285
190,100,290
146,102,248
140,100,240
135,96,231
127,105,232
140,104,244
140,139,279
171,124,295
174,116,290
178,107,285
152,108,260
145,104,249
143,101,244
138,104,242
139,102,241
135,112,247
141,113,254
134,103,237
140,88,228
140,100,240
148,105,253
140,105,245
135,93,228
136,91,227
132,134,266
165,112,277
176,96,272
180,138,318
172,126,298
166,118,284
153,111,264
135,98,233
135,95,230
137,98,235
143,119,262
152,101,253
157,89,246
152,142,294
150,143,293
148,146,294
137,165,302
114,165,279
137,166,303
140,180,320
148,177,325
146,179,325
146,174,320
120,168,288
151,137,288
187,108,295
202,166,368
193,157,350
162,158,320
157,157,314
132,155,287
122,156,278
119,159,278
125,172,297
118,176,294
120,185,305
119,185,304
133,182,315
160,164,324
169,159,328
177,135,312
167,134,301
171,135,306
164,127,291
150,120,270
132,122,254
137,131,268
134,135,269
131,128,259
133,145,278
134,153,287
122,165,287
133,158,291
145,149,294
151,140,291
138,150,288
114,158,272
122,155,277
123,152,275
129,166,295
142,152,294
148,145,293
160,139,299
155,159,314
142,163,305
137,158,295
137,152,289
138,148,286
125,145,270
133,142,275
129,142,271
128,141,269
129,139,268
129,140,269
131,144,275
134,135,269
143,123,266
156,110,266
150,103,253
141,98,239
131,92,223
132,91,223
134,86,220
135,119,254
150,105,255
144,101,245
147,96,243
133,91,224
130,91,221
134,86,220
130,87,217
136,84,220
131,108,239
133,104,237
134,101,235
136,99,235
132,93,225
131,91,222
134,85,219
134,110,244
138,106,244
135,113,248
138,111,249
128,108,236
136,105,241
137,99,236
136,97,233
136,105,241
135,103,238
134,103,237
139,93,232
139,91,230
141,84,225
134,99,233
133,93,226
132,90,222
137,86,223
131,97,228
135,94,229
134,92,226
133,94,227
130,92,222
133,91,224
132,93,225
136,92,228
140,83,223
138,111,249
138,129,267
136,146,282
137,137,274
134,134,268
172,90,262
165,128,293
191,115,306
161,105,266
161,88,249
150,118,268
178,86,264
163,119,282
162,132,294
137,141,278
147,142,289
135,137,272
142,130,272
178,113,291
183,132,315
178,143,321
129,152,281
153,142,295
158,132,290
158,122,280
153,117,270
159,95,254
168,139,307
170,139,309
155,128,283
150,127,277
128,131,259
137,121,258
139,104,243
148,94,242
152,89,241
146,104,250
141,109,250
131,119,250
133,142,275
171,126,297
184,183,367
212,164,376
191,178,369
189,166,355
141,170,311
136,172,308
137,161,298
144,161,305
141,164,305
129,161,290
136,161,297
136,160,296
133,157,290
126,154,280
136,155,291
118,156,274
156,137,293
152,130,282
156,123,279
131,125,256
135,122,257
128,120,248
131,113,244
137,111,248
129,112,241
120,111,231
121,113,234
122,122,244
121,133,254
133,146,279
147,154,301
156,151,307
154,141,295
149,144,293
122,147,269
119,149,268
132,157,289
140,172,312
136,184,320
127,179,306
129,204,333
149,223,372
163,196,359
171,169,340
185,160,345
143,143,286
147,133,280
152,112,264
151,107,258
144,101,245
139,114,253
150,109,259
149,160,309
184,125,309
206,163,369
215,126,341
198,121,319
188,113,301
149,134,283
180,100,280
186,132,318
186,128,314
153,118,271
177,129,306
183,109,292
184,111,295
158,120,278
138,143,281
151,147,298
150,146,296
131,158,289
120,162,282
121,168,289
125,176,301
127,193,320
123,234,357
113,249,362
132,233,365
158,199,357
205,144,349
205,134,339
178,161,339
124,192,316
123,203,326
132,205,337
140,197,337
139,192,331
169,196,365
179,186,365
181,186,367
170,166,336
156,148,304
143,125,268
162,108,270
143,101,244
147,99,246
136,92,228
147,121,268
158,162,320
155,203,358
184,190,374
198,177,375
205,170,375
180,152,332
186,122,308
184,115,299
171,103,274
161,142,303
166,125,291
169,111,280
171,119,290
164,109,273
174,129,303
192,140,332
181,151,332
215,152,367
179,152,331
221,156,377
237,136,373
259,122,381
218,103,321
184,110,294
160,105,265
135,100,235
132,122,254
123,118,241
127,113,240
138,117,255
108,121,229
126,113,239
133,139,272
132,148,280
117,151,268
127,156,283
115,158,273
133,160,293
131,165,296
128,166,294
131,170,301
115,163,278
125,169,294
130,170,300
126,178,304
129,180,309
126,211,337
127,350,477
145,343,488
144,351,495
247,232,479
333,143,476
346,122,468
206,134,340
190,119,309
184,98,282
169,116,285
151,107,258
143,103,246
141,90,231
140,102,242
145,114,259
142,112,254
145,101,246
159,113,272
165,110,275
153,101,254
132,94,226
136,109,245
149,111,260
145,118,263
148,124,272
143,124,267
152,108,260
152,93,245
158,88,246
146,125,271
145,118,263
145,106,251
147,103,250
135,113,248
147,149,296
174,124,298
175,114,289
182,138,320
168,153,321
157,168,325
157,162,319
166,132,298
151,121,272
166,109,275
159,113,272
166,96,262
155,96,251
135,144,279
141,146,287
155,127,282
163,104,267
164,132,296
173,122,295
169,107,276
157,117,274
157,112,269
163,102,265
160,121,281
180,109,289
183,88,271
171,110,281
139,112,251
139,114,253
155,114,269
155,111,266
147,114,261
121,112,233
149,107,256
143,108,251
134,116,250
117,134,251
137,144,281
132,144,276
135,144,279
122,148,270
137,144,281
137,136,273
148,138,286
144,154,298
148,155,303
141,149,290
130,164,294
123,222,345
289,137,426
330,118,448
354,102,456
205,118,323
172,108,280
159,105,264
148,99,247
134,107,241
144,105,249
142,114,256
147,101,248
144,87,231
148,107,255
130,105,235
139,106,245
137,122,259
163,140,303
187,127,314
175,128,303
161,120,281
140,119,259
142,112,254
120,109,229
125,107,232
125,101,226
118,102,220
120,101,221
152,129,281
165,117,282
183,106,289
171,103,274
148,101,249
131,120,251
149,117,266
154,110,264
162,109,271
159,101,260
174,156,330
166,160,326
166,163,329
158,152,310
161,137,298
165,159,324
155,166,321
129,174,303
132,172,304
132,178,310
137,182,319
135,189,324
129,197,326
150,176,326
160,172,332
156,174,330
145,169,314
143,168,311
138,168,306
132,169,301
134,173,307
136,164,300
144,184,328
148,184,332
145,175,320
144,162,306
149,146,295
145,143,288
143,135,278
133,127,260
131,114,245
137,107,244
141,103,244
135,95,230
141,88,229
143,103,246
146,94,240
152,108,260
142,126,268
137,118,255
141,153,294
178,136,314
189,116,305
204,109,313
166,104,270
150,122,272
148,118,266
151,110,261
151,99,250
112,92,204
151,139,290
153,127,280
159,109,268
162,98,260
144,108,252
146,120,266
143,124,267
168,103,271
174,145,319
192,130,322
176,127,303
176,123,299
145,115,260
153,115,268
157,110,267
159,106,265
142,113,255
130,118,248
122,129,251
128,132,260
131,125,256
151,104,255
153,92,245
139,95,234
127,98,225
141,122,263
139,111,250
146,106,252
157,113,270
157,97,254
150,137,287
161,123,284
145,118,263
162,114,276
129,112,241
136,115,251
134,112,246
135,112,247
141,104,245
139,101,240
145,88,233
147,106,253
143,113,256
130,112,242
135,113,248
140,134,274
169,112,281
172,95,267
170,128,298
157,104,261
164,116,280
174,124,298
150,116,266
158,108,266
149,111,260
151,105,256
155,128,283
141,126,267
167,112,279
160,128,288
164,114,278
163,114,277
151,116,267
142,133,275
178,119,297
190,114,304
184,102,286
160,102,262
148,117,265
153,120,273
156,129,285
150,114,264
150,95,245
155,101,256
142,116,258
171,116,287
174,102,276
174,95,269
150,100,250
144,96,240
139,114,253
162,119,281
165,127,292
171,131,302
171,168,339
201,167,368
201,171,372
178,169,347
142,180,322
147,179,326
188,155,343
200,167,367
206,170,376
173,175,348
179,175,354
183,188,371
168,220,388
163,251,414
151,273,424
159,267,426
192,228,420
240,163,403
241,146,387
233,123,356
180,114,294
169,130,299
154,145,299
180,108,288
182,114,296
170,122,292
127,121,248
136,114,250
142,119,261
143,137,280
135,151,286
132,153,285
143,139,282
152,123,275
163,106,269
153,92,245
138,89,227
129,89,218
131,103,234
141,108,249
142,99,241
139,95,234
139,127,266
150,112,262
152,103,255
159,97,256
155,115,270
159,109,268
162,126,288
159,130,289
144,133,277
140,127,267
132,132,264
141,147,288
126,153,279
131,153,284
127,149,276
137,131,268
153,110,263
156,101,257
147,92,239
140,108,248
132,138,270
148,127,275
140,117,257
147,112,259
153,95,248
151,128,279
160,131,291
163,125,288
164,132,296
151,140,291
114,151,265
134,156,290
153,158,311
151,173,324
158,167,325
144,166,310
163,161,324
166,166,332
140,186,326
143,188,331
127,219,346
137,213,350
159,183,342
159,167,326
177,160,337
155,153,308
150,137,287
132,128,260
147,114,261
150,95,245
154,89,243
140,114,254
146,104,250
143,89,232
141,126,267
144,140,284
138,153,291
148,140,288
134,136,270
145,131,276
138,132,270
135,131,266
127,139,266
133,146,279
130,147,277
134,148,282
145,145,290
150,140,290
147,136,283
145,135,280
176,134,310
198,125,323
201,121,322
166,109,275
151,107,258
156,110,266
152,119,271
151,119,270
152,122,274
145,132,277
149,128,277
152,129,281
153,124,277
149,125,274
143,130,273
149,125,274
156,126,282
154,131,285
153,128,281
154,131,285
153,131,284
147,136,283
145,138,283
142,134,276
146,130,276
153,129,282
153,132,285
150,130,280
148,132,280
148,134,282
145,133,278
143,138,281
147,132,279
147,149,296
147,147,294
161,129,290
165,117,282
174,104,278
171,163,334
185,146,331
186,132,318
178,121,299
159,111,270
161,109,270
171,128,299
169,125,294
165,122,287
154,117,271
149,104,253
157,105,262
161,99,260
155,99,254
157,114,271
148,112,260
154,101,255
155,116,271
159,105,264
170,124,294
176,133,309
174,136,310
202,171,373
210,143,353
239,103,342
205,105,310
143,117,260
166,116,282
155,130,285
158,125,283
156,113,269
160,107,267
147,104,251
139,93,232
147,138,285
154,131,285
161,118,279
164,102,266
153,182,335
153,288,441
165,284,449
191,267,458
188,282,470
213,217,430
181,180,361
226,171,397
186,162,348
151,148,299
153,146,299
139,146,285
124,153,277
124,158,282
119,153,272
130,153,283
128,152,280
123,148,271
120,148,268
121,149,270
125,148,273
126,152,278
131,148,279
132,145,277
128,145,273
116,178,294
128,176,304
132,169,301
149,153,302
170,122,292
180,110,290
182,89,271
156,104,260
152,97,249
139,124,263
148,126,274
134,145,279
137,143,280
117,159,276
138,151,289
141,140,281
151,118,269
149,100,249
137,93,230
133,93,226
123,90,213
135,131,266
145,129,274
160,111,271
155,99,254
153,88,241
149,133,282
144,139,283
143,140,283
149,142,291
132,138,270
143,145,288
137,140,277
158,119,277
158,113,271
147,114,261
128,120,248
127,116,243
130,136,266
133,152,285
134,152,286
142,139,281
157,132,289
157,115,272
151,103,254
132,92,224
141,139,280
154,145,299
155,148,303
154,142,296
115,145,260
147,140,287
143,135,278
137,144,281
143,137,280
142,140,282
140,142,282
134,144,278
142,148,290
138,152,290
139,161,300
130,162,292
144,151,295
154,144,298
154,158,312
140,167,307
156,228,384
290,151,441
325,122,447
316,161,477
212,138,350
207,103,310
200,113,313
145,114,259
174,175,349
190,179,369
196,167,363
221,157,378
181,161,342
193,148,341
168,139,307
154,135,289
143,135,278
140,134,274
131,130,261
126,125,251
125,126,251
133,122,255
128,128,256
125,139,264
130,132,262
123,128,251
148,114,262
145,120,265
145,116,261
137,113,250
146,98,244
135,99,234
151,181,332
167,180,347
184,167,351
203,159,362
166,157,323
178,162,340
172,153,325
175,137,312
179,116,295
182,118,300
178,117,295
176,145,321
182,154,336
214,133,347
227,132,359
210,153,363
183,142,325
181,121,302
185,101,286
185,141,326
179,138,317
165,132,297
149,137,286
127,140,267
113,135,248
113,148,261
166,116,282
171,111,282
174,107,281
149,98,247
156,150,306
180,126,306
188,111,299
185,100,285
155,144,299
156,139,295
165,137,302
165,128,293
161,116,277
165,114,279
155,93,248
165,108,273
162,105,267
152,95,247
146,130,276
147,169,316
153,175,328
156,168,324
162,154,316
168,141,309
178,123,301
184,101,285
176,99,275
173,114,287
160,102,262
162,102,264
146,115,261
142,99,241
155,132,287
158,132,290
155,132,287
155,153,308
142,157,299
134,155,289
130,150,280
133,142,275
145,151,296
147,145,292
138,136,274
153,135,288
159,120,279
150,115,265
136,118,254
145,167,312
175,156,331
185,159,344
177,153,330
161,139,300
183,122,305
162,125,287
149,136,285
132,163,295
145,187,332
148,180,328
209,112,321
213,130,343
221,124,345
177,122,299
161,103,264
162,122,284
168,115,283
145,104,249
143,100,243
141,92,233
154,105,259
149,103,252
146,102,248
139,92,231
138,149,287
152,138,290
164,138,302
179,136,315
190,135,325
203,147,350
208,148,356
194,152,346
196,128,324
197,130,327
210,102,312
198,113,311
169,124,293
145,150,295
143,151,294
151,138,289
162,127,289
158,109,267
158,99,257
161,114,275
154,106,260
153,153,306
171,140,311
162,146,308
165,170,335
145,172,317
136,183,319
134,196,330
137,187,324
142,182,324
144,181,325
159,146,305
175,126,301
183,109,292
175,101,276
165,119,284
156,119,275
183,128,311
194,113,307
195,94,289
181,145,326
165,138,303
150,124,274
154,117,271
149,100,249
166,121,287
179,126,305
197,93,290
189,80,269
158,101,259
130,95,225
139,124,263
156,96,252
156,80,236
153,108,261
126,116,242
155,118,273
171,104,275
166,97,263
130,117,247
148,118,266
142,129,271
152,141,293
150,138,288
157,125,282
140,119,259
153,105,258
156,145,301
165,153,318
138,141,279
169,123,292
141,123,264
155,120,275
145,106,251
149,92,241
147,113,260
142,136,278
133,144,277
135,147,282
135,139,274
144,133,277
139,120,259
141,111,252
144,99,243
133,102,235
136,96,232
141,115,256
149,105,254
155,88,243
149,98,247
142,94,236
142,113,255
141,111,252
148,111,259
148,109,257
147,134,281
147,174,321
202,244,446
275,197,472
293,214,507
245,230,475
154,234,388
191,227,418
192,248,440
199,232,431
183,247,430
214,260,474
229,238,467
243,217,460
251,200,451
206,206,412
179,211,390
174,191,365
215,141,356
248,200,448
263,155,418
233,143,376
215,137,352
136,139,275
132,143,275
124,145,269
126,146,272
124,145,269
140,138,278
176,99,275
183,118,301
178,125,303
158,121,279
142,123,265
139,129,268
135,130,265
143,125,268
138,129,267
138,140,278
129,182,311
135,184,319
136,188,324
144,187,331
148,176,324
145,186,331
139,192,331
141,173,314
167,156,323
163,153,316
142,153,295
133,153,286
135,150,285
132,159,291
141,154,295
142,156,298
157,147,304
154,149,303
144,146,290
149,143,292
144,139,283
136,150,286
123,174,297
129,183,312
132,186,318
140,186,326
155,169,324
156,169,325
163,162,325
160,146,306
149,154,303
141,156,297
135,146,281
145,127,272
152,112,264
159,92,251
155,117,272
156,122,278
165,148,313
193,133,326
195,132,327
184,160,344
152,166,318
139,186,325
154,207,361
156,204,360
156,195,351
159,184,343
160,185,345
194,170,364
196,154,350
216,136,352
216,132,348
240,170,410
235,155,390
265,109,374
229,101,330
195,123,318
187,126,313
188,120,308
227,142,369
209,119,328
188,104,292
175,95,270
130,93,223
142,92,234
138,119,257
145,118,263
147,117,264
150,109,259
147,103,250
121,107,228
146,127,273
192,132,324
209,123,332
201,109,310
177,94,271
149,113,262
161,93,254
154,124,278
159,158,317
157,276,433
154,268,422
159,253,412
164,231,395
290,153,443
227,148,375
230,143,373
167,146,313
117,152,269
129,155,284
133,150,283
128,141,269
132,138,270
121,128,249
125,130,255
131,118,249
134,100,234
167,117,284
169,112,281
175,96,271
161,107,268
153,102,255
154,99,253
137,155,292
173,120,293
210,122,332
213,114,327
177,112,289
171,122,293
163,121,284
162,131,293
151,121,272
165,141,306
209,106,315
195,98,293
192,144,336
183,124,307
180,122,302
184,111,295
164,115,279
160,123,283
131,130,261
119,140,259
117,155,272
122,186,308
120,197,317
119,199,318
136,193,329
143,201,344
151,189,340
181,166,347
194,165,359
181,168,349
156,166,322
174,151,325
171,153,324
174,141,315
174,140,314
184,129,313
196,143,339
213,149,362
235,119,354
224,106,330
193,106,299
149,107,256
127,114,241
116,109,225
120,142,262
133,138,271
147,129,276
146,135,281
132,137,269
129,152,281
127,159,286
125,171,296
128,178,306
133,177,310
134,187,321
130,191,321
142,185,327
151,179,330
153,185,338
136,197,333
147,183,330
148,181,329
149,187,336
159,163,322
185,134,319
214,138,352
218,131,349
216,140,356
232,153,385
228,145,373
206,157,363
165,169,334
137,187,324
142,198,340
142,217,359
144,213,357
148,211,359
175,186,361
203,159,362
220,132,352
218,130,348
213,130,343
215,137,352
214,121,335
201,108,309
177,116,293
146,123,269
129,132,261
126,152,278
153,280,433
310,142,452
329,152,481
320,135,455
182,113,295
192,100,292
180,100,280
178,118,296
166,112,278
166,117,283
169,109,278
166,120,286
160,127,287
189,126,315
197,121,318
189,114,303
145,137,282
134,140,274
129,149,278
126,154,280
118,173,291
121,190,311
114,197,311
125,199,324
141,185,326
181,150,331
193,146,339
182,127,309
168,103,271
162,134,296
169,114,283
176,105,281
176,127,303
163,106,269
155,92,247
156,130,286
164,124,288
184,163,347
205,137,342
198,124,322
186,114,300
171,142,313
173,129,302
170,110,280
183,132,315
172,128,300
176,126,302
162,125,287
149,127,276
138,135,273
134,132,266
135,139,274
126,130,256
116,126,242
181,150,331
214,135,349
192,145,337
165,142,307
137,146,283
145,140,285
155,141,296
154,139,293
156,132,288
157,136,293
154,133,287
145,139,284
155,150,305
163,142,305
177,117,294
174,101,275
177,135,312
169,140,309
159,126,285
162,112,274
170,129,299
173,121,294
171,102,273
148,91,239
153,141,294
153,151,304
167,144,311
178,124,302
166,128,294
152,152,304
131,161,292
134,164,298
140,156,296
143,151,294
145,148,293
126,149,275
137,162,299
129,188,317
121,203,324
118,217,335
134,222,356
162,211,373
155,204,359
184,177,361
184,155,339
176,148,324
164,137,301
146,123,269
153,104,257
160,98,258
164,119,283
154,120,274
150,126,276
149,123,272
142,120,262
147,131,278
147,121,268
153,119,272
152,104,256
148,101,249
149,127,276
140,138,278
141,134,275
142,114,256
157,101,258
170,126,296
163,159,322
127,164,291
146,167,313
162,140,302
165,130,295
159,113,272
155,119,274
153,119,272
165,126,291
165,124,289
146,120,266
129,115,244
132,119,251
140,102,242
154,117,271
163,125,288
166,95,261
177,108,285
161,135,296
130,138,268
143,156,299
140,163,303
141,161,302
151,149,300
165,129,294
161,123,284
183,123,306
182,113,295
197,136,333
183,128,311
185,126,311
171,112,283
162,112,274
167,135,302
177,138,315
178,131,309
158,169,327
150,174,324
184,155,339
200,179,379
240,171,411
249,154,403
254,131,385
239,124,363
202,128,330
191,176,367
195,148,343
196,138,334
199,130,329
152,140,292
151,144,295
153,133,286
159,138,297
172,129,301
147,130,277
148,120,268
150,121,271
143,126,269
137,122,259
128,129,257
137,127,264
139,126,265
147,126,273
147,114,261
147,111,258
152,112,264
151,107,258
156,102,258
157,98,255
146,101,247
142,106,248
146,126,272
155,123,278
152,134,286
147,142,289
136,149,285
139,231,370
141,274,415
153,284,437
257,176,433
294,139,433
325,156,481
251,129,380
237,147,384
230,132,362
192,132,324
192,140,332
137,136,273
157,124,281
171,115,286
177,107,284
174,171,345
185,161,346
194,166,360
186,196,382
149,187,336
172,178,350
169,181,350
174,170,344
164,168,332
158,176,334
149,201,350
165,187,352
210,132,342
223,110,333
228,128,356
192,116,308
174,145,319
190,105,295
184,122,306
194,120,314
162,108,270
173,138,311
176,130,306
186,151,337
204,129,333
191,112,303
192,105,297
161,133,294
156,130,286
161,152,313
143,163,306
155,155,310
185,121,306
185,115,300
188,145,333
202,121,323
204,112,316
198,108,306
166,139,305
167,132,299
168,119,287
173,162,335
188,148,336
194,144,338
180,150,330
170,126,296
175,142,317
176,154,330
146,153,299
154,139,293
193,106,299
193,151,344
204,146,350
178,152,330
181,150,331
160,155,315
178,140,318
179,122,301
174,137,311
191,103,294
185,101,286
192,138,330
153,143,296
156,155,311
147,179,326
143,182,325
176,164,340
174,165,339
165,156,321
167,144,311
167,134,301
162,124,286
178,131,309
190,113,303
189,121,310
177,143,320
162,140,302
172,125,297
179,132,311
196,173,369
217,143,360
213,128,341
185,123,308
156,101,257
177,130,307
184,133,317
174,145,319
159,154,313
152,158,310
158,160,318
167,166,333
168,160,328
169,155,324
163,155,318
178,140,318
173,151,324
199,133,332
195,142,337
202,146,348
161,147,308
167,148,315
159,176,335
159,170,329
163,174,337
167,168,335
160,174,334
144,174,318
181,143,324
207,128,335
208,127,335
174,124,298
147,123,270
147,115,262
152,137,289
180,116,296
194,148,342
194,144,338
165,141,306
182,109,291
178,113,291
183,118,301
158,141,299
145,147,292
143,272,415
157,315,472
151,320,471
155,305,460
298,169,467
330,144,474
324,166,490
230,179,409
230,170,400
197,160,357
161,184,345
142,184,326
143,187,330
160,182,342
164,190,354
156,195,351
157,201,358
159,202,361
172,209,381
172,216,388
162,214,376
155,199,354
171,187,358
190,172,362
216,146,362
193,147,340
194,124,318
173,115,288
193,137,330
198,126,324
195,112,307
180,100,280
173,159,332
200,134,334
195,135,330
176,146,322
164,166,330
206,184,390
259,130,389
263,125,388
222,121,343
186,100,286
183,146,329
180,162,342
202,143,345
193,136,329
186,134,320
175,115,290
183,165,348
209,152,361
187,159,346
197,153,350
174,143,317
182,136,318
161,144,305
163,135,298
168,125,293
179,141,320
186,145,331
194,124,318
202,117,319
195,122,317
176,130,306
156,130,286
155,121,276
158,103,261
164,137,301
163,146,309
156,154,310
159,159,318
171,148,319
185,146,331
229,160,389
239,199,438
250,203,453
281,165,446
254,144,398
238,136,374
185,125,310
190,165,355
211,148,359
222,161,383
227,169,396
210,182,392
205,195,400
207,172,379
200,174,374
242,184,426
238,242,480
343,145,488
321,159,480
300,131,431
181,121,302
170,119,289
134,123,257
127,124,251
123,122,245
126,125,251
127,126,253
130,168,298
139,193,332
197,163,360
252,153,405
285,111,396
247,119,366
207,117,324
178,186,364
207,206,413
238,172,410
236,155,391
191,123,314
201,114,315
174,180,354
187,209,396
203,220,423
237,175,412
232,173,405
226,167,393
238,118,356
210,119,329
217,101,318
183,195,378
180,187,367
226,149,375
242,128,370
235,178,413
203,190,393
210,286,496
367,143,510
332,136,468
297,129,426
167,115,282
179,105,284
173,141,314
143,148,291
134,145,279
171,111,282
170,113,283
125,108,233
124,103,227
126,103,229
125,100,225
128,104,232
126,109,235
124,112,236
135,98,233
135,99,234
136,100,236
124,102,226
125,102,227
129,105,234
130,100,230
134,95,229
127,165,292
152,146,298
205,183,388
227,164,391
211,119,330
217,157,374
159,150,309
205,182,387
226,199,425
276,196,472
289,259,548
305,226,531
329,141,470
292,202,494
287,172,459
275,152,427
260,108,368
237,241,478
245,191,436
268,107,375
275,189,464
204,180,384
244,116,360
239,123,362
228,144,372
197,170,367
245,211,456
278,188,466
286,183,469
205,202,407
136,211,347
206,194,400
213,219,432
213,249,462
185,250,435
168,300,468
182,283,465
208,284,492
247,279,526
245,228,473
274,179,453
223,129,352
242,128,370
205,157,362
207,147,354
211,182,393
245,143,388
193,129,322
194,136,330
157,123,280
177,112,289
170,122,292
178,111,289
179,125,304
179,109,288
176,170,346
178,157,335
205,109,314
214,129,343
160,119,279
184,121,305
183,105,288
171,162,333
181,152,333
209,105,314
213,185,398
165,175,340
215,122,337
213,135,348
154,118,272
191,167,358
193,155,348
205,105,310
215,130,345
162,117,279
184,123,307
183,105,288
172,125,297
184,112,296
181,165,346
181,156,337
205,107,312
215,128,343
162,114,276
184,121,305
180,105,285
168,198,366
180,189,369
212,135,347
214,114,328
150,123,273
182,108,290
181,125,306
180,109,289
178,166,344
181,157,338
203,113,316
208,173,381
174,156,330
233,127,360
236,126,362
180,110,290
172,123,295
173,109,282
174,181,355
179,191,370
206,154,360
213,146,359
160,157,317
181,184,365
216,246,462
254,210,464
300,210,510
273,197,470
272,204,476
300,198,498
352,159,511
309,194,503
266,182,448
261,115,376
231,255,486
256,234,490
262,186,448
295,128,423
209,152,361
226,176,402
258,174,432
253,211,464
247,212,459
255,160,415
295,133,428
274,197,471
286,160,446
269,160,429
308,158,466
268,224,492
359,154,513
335,187,522
297,195,492
230,180,410
227,185,412
287,176,463
285,164,449
251,167,418
222,131,353
207,143,350
220,160,380
197,154,351
174,158,332
166,194,360
158,204,362
159,274,433
221,248,469
267,241,508
283,173,456
269,185,454
216,190,406
163,209,372
135,250,385
137,258,395
174,277,451
166,290,456
164,267,431
255,196,451
239,180,419
260,188,448
182,191,373
156,195,351
153,202,355
160,203,363
171,201,372
176,203,379
180,192,372
187,193,380
191,189,380
166,187,353
159,190,349
156,192,348
150,195,345
175,187,362
183,177,360
181,184,365
154,196,350
163,183,346
166,184,350
198,177,375
197,165,362
195,159,354
189,162,351
176,153,329
176,157,333
174,159,333
191,134,325
192,133,325
174,155,329
206,130,336
209,128,337
195,120,315
162,113,275
166,135,301
166,126,292
167,115,282
173,99,272
160,88,248
153,145,298
143,150,293
172,124,296
201,187,388
227,169,396
208,172,380
180,180,360
123,194,317
123,214,337
90,225,315
114,225,339
167,216,383
165,219,384
185,205,390
174,202,376
177,204,381
154,212,366
162,192,354
181,181,362
205,153,358
186,161,347
182,160,342
151,160,311
165,155,320
168,152,320
159,155,314
163,137,300
192,147,339
219,131,350
226,147,373
207,143,350
183,141,324
144,145,289
121,151,272
128,152,280
133,154,287
138,139,277
147,139,286
142,129,271
139,128,267
137,147,284
124,180,304
128,187,315
122,200,322
128,212,340
146,188,334
175,178,353
230,132,362
219,117,336
209,150,359
182,143,325
204,152,356
213,148,361
214,145,359
185,150,335
159,155,314
152,153,305
150,156,306
181,136,317
185,133,318
216,139,355
215,123,338
204,110,314
185,113,298
172,114,286
165,100,265
172,135,307
170,117,287
169,105,274
168,135,303
153,138,291
173,249,422
285,128,413
270,154,424
280,149,429
157,152,309
175,156,331
176,175,351
176,323,499
171,312,483
171,311,482
209,269,478
274,188,462
270,181,451
255,176,431
182,163,345
174,139,313
181,118,299
157,121,278
180,116,296
184,131,315
180,121,301
181,105,286
180,131,311
156,127,283
171,119,290
179,95,274
153,129,282
177,136,313
156,128,284
169,115,284
175,159,334
166,139,305
156,122,278
180,121,301
157,105,262
187,156,343
185,136,321
170,122,292
183,102,285
181,141,322
183,129,312
178,121,299
186,102,288
171,140,311
180,135,315
171,137,308
185,143,328
168,139,307
185,122,307
177,108,285
182,146,328
185,131,316
166,136,302
181,137,318
165,139,304
182,131,313
184,120,304
147,109,256
163,146,309
171,136,307
162,124,286
175,112,287
173,133,306
177,122,299
173,111,284
186,138,324
176,137,313
179,120,299
186,127,313
171,112,283
176,127,303
187,115,302
188,129,317
187,116,303
183,146,329
176,142,318
177,125,302
171,143,314
158,149,307
164,150,314
171,130,301
173,111,284
175,139,314
175,144,319
177,130,307
178,115,293
157,106,263
173,159,332
173,138,311
185,120,305
172,111,283
144,126,270
176,123,299
169,122,291
176,122,298
172,114,286
173,130,303
177,115,292
176,171,347
168,152,320
168,135,303
168,134,302
121,126,247
160,130,290
170,155,325
176,167,343
190,182,372
223,190,413
283,130,413
269,193,462
262,179,441
203,185,388
206,186,392
177,183,360
209,176,385
187,169,356
212,161,373
212,152,364
216,144,360
216,136,352
212,163,375
203,169,372
214,177,391
192,193,385
160,210,370
153,224,377
169,211,380
192,198,390
218,198,416
193,212,405
177,211,388
220,155,375
234,147,381
201,162,363
166,174,340
130,186,316
158,187,345
163,177,340
172,182,354
161,195,356
154,197,351
152,199,351
146,214,360
135,225,360
149,212,361
169,214,383
192,202,394
178,203,381
178,203,381
170,198,368
173,205,378
185,199,384
183,196,379
201,180,381
179,187,366
161,196,357
142,201,343
150,202,352
154,210,364
159,217,376
166,234,400
285,171,456
337,144,481
332,147,479
206,151,357
157,148,305
165,156,321
161,167,328
150,174,324
142,187,329
150,191,341
153,194,347
147,197,344
153,206,359
162,199,361
155,209,364
153,221,374
153,214,367
179,200,379
198,187,385
196,175,371
194,163,357
194,154,348
180,156,336
173,140,313
170,144,314
179,124,303
172,125,297
163,133,296
141,142,283
162,124,286
184,138,322
203,125,328
186,131,317
153,151,304
128,175,303
123,190,313
110,202,312
151,194,345
162,198,360
166,204,370
155,208,363
160,207,367
160,215,375
161,209,370
170,204,374
169,208,377
137,226,363
148,234,382
155,226,381
172,218,390
194,212,406
170,212,382
165,217,382
172,204,376
160,216,376
161,219,380
167,209,376
182,208,390
195,196,391
172,207,379
157,216,373
155,209,364
146,196,342
180,201,381
176,197,373
193,171,364
229,140,369
221,138,359
200,136,336
171,136,307
173,134,307
189,201,390
208,189,397
221,191,412
211,169,380
194,147,341
194,150,344
165,174,339
141,183,324
130,197,327
131,193,324
137,189,326
149,168,317
171,140,311
194,115,309
185,113,298
171,115,286
175,120,295
189,113,302
185,137,322
172,119,291
176,120,296
187,116,303
183,129,312
174,120,294
185,122,307
181,127,308
189,117,306
192,121,313
185,121,306
178,106,284
188,129,317
188,118,306
190,120,310
184,117,301
188,124,312
186,105,291
185,111,296
186,111,297
187,111,298
189,117,306
184,125,309
185,107,292
181,108,289
181,115,296
176,108,284
179,130,309
177,131,308
178,113,291
178,110,288
169,111,280
180,110,290
180,116,296
176,112,288
179,114,293
179,112,291
184,111,295
179,114,293
178,103,281
175,106,281
169,106,275
171,109,280
174,114,288
173,112,285
177,111,288
179,113,292
183,122,305
185,109,294
187,135,322
189,115,304
190,113,303
191,114,305
168,119,287
193,124,317
189,106,295
189,113,302
193,116,309
183,123,306
192,124,316
187,117,304
186,123,309
188,107,295
182,120,302
186,130,316
186,116,302
186,118,304
177,103,280
185,110,295
187,108,295
182,105,287
176,116,292
175,116,291
177,116,293
178,110,288
180,119,299
181,97,278
184,113,297
183,115,298
188,121,309
185,109,294
182,114,296
180,118,298
182,105,287
179,116,295
180,107,287
174,125,299
184,105,289
183,125,308
177,111,288
180,118,298
187,109,296
180,133,313
190,140,330
189,121,310
194,110,304
185,118,303
178,111,289
183,140,323
183,143,326
182,143,325
181,147,328
168,143,311
137,162,299
176,172,348
183,177,360
184,181,365
199,171,370
194,185,379
196,190,386
186,190,376
190,198,388
176,200,376
184,202,386
187,200,387
187,198,385
190,186,376
188,182,370
187,184,371
189,183,372
205,169,374
214,159,373
210,152,362
214,139,353
198,144,342
176,147,323
156,154,310
151,167,318
152,171,323
149,183,332
147,193,340
143,198,341
141,207,348
141,260,401
159,257,416
172,258,430
207,257,464
201,267,468
204,268,472
187,259,446
216,234,450
216,236,452
207,235,442
185,236,421
182,236,418
186,235,421
187,233,420
188,230,418
190,226,416
192,223,415
190,222,412
191,219,410
188,216,404
189,216,405
188,212,400
186,211,397
185,214,399
185,217,402
185,218,403
187,218,405
187,215,402
191,211,402
191,204,395
194,194,388
194,191,385
193,195,388
189,197,386
185,183,368
182,171,353
184,166,350
178,148,326
184,131,315
168,115,283
175,124,299
180,116,296
177,117,294
180,108,288
182,156,338
183,152,335
181,170,351
176,176,352
169,176,345
190,171,361
195,142,337
212,128,340
205,116,321
188,152,340
193,282,475
186,298,484
188,297,485
184,283,467
226,202,428
237,180,417
213,162,375
169,139,308
184,127,311
182,119,301
181,103,284
181,165,346
164,156,320
170,148,318
177,137,314
163,136,299
182,120,302
182,126,308
175,114,289
181,121,302
185,110,295
185,144,329
172,159,331
182,155,337
183,146,329
165,135,300
177,119,296
179,107,286
183,132,315
185,121,306
175,108,283
170,119,289
177,112,289
179,131,310
179,132,311
182,169,351
184,154,338
181,147,328
199,124,323
189,123,312
171,113,284
172,139,311
186,127,313
198,149,347
210,150,360
207,136,343
171,143,314
156,148,304
153,142,295
160,143,303
175,142,317
153,144,297
152,157,309
147,161,308
137,174,311
149,170,319
149,178,327
142,190,332
126,201,327
133,206,339
158,202,360
159,208,367
163,215,378
150,223,373
149,226,375
155,225,380
165,225,390
171,212,383
176,211,387
180,207,387
191,187,378
177,190,367
179,194,373
135,198,333
157,198,355
157,196,353
156,199,355
155,203,358
150,209,359
150,214,364
158,203,361
160,212,372
165,208,373
151,209,360
164,209,373
160,213,373
151,212,363
157,213,370
163,215,378
155,219,374
176,200,376
181,198,379
176,205,381
151,212,363
146,219,365
169,207,376
178,207,385
194,190,384
184,187,371
184,187,371
167,189,356
159,190,349
146,201,347
144,206,350
148,213,361
149,219,368
154,222,376
165,210,375
171,213,384
169,219,388
163,216,379
168,217,385
177,215,392
194,194,388
183,202,385
168,204,372
162,194,356
168,198,366
181,191,372
175,183,358
192,171,363
188,169,357
182,182,364
159,182,341
155,185,340
177,176,353
188,161,349
174,164,338
168,168,336
162,161,323
184,141,325
189,151,340
200,142,342
196,169,365
207,150,357
212,133,345
234,162,396
235,155,390
211,146,357
166,140,306
153,130,283
199,132,331
213,117,330
202,134,336
176,117,293
182,128,310
178,123,301
184,111,295
190,126,316
179,125,304
164,100,264
188,124,312
182,107,289
187,119,306
185,118,303
181,126,307
182,114,296
176,117,293
186,126,312
181,122,303
176,116,292
186,127,313
175,118,293
183,135,318
189,120,309
183,113,296
176,137,313
180,153,333
187,144,331
187,131,318
173,139,312
189,139,328
183,129,312
185,111,296
183,122,305
182,102,284
183,156,339
183,148,331
179,155,334
186,156,342
164,149,313
183,146,329
182,140,322
183,154,337
188,156,344
186,142,328
188,128,316
190,113,303
187,110,297
186,176,362
214,291,505
382,98,480
365,110,475
315,114,429
150,137,287
181,141,322
161,152,313
149,164,313
119,181,300
133,185,318
143,193,336
170,182,352
191,168,359
196,153,349
187,139,326
205,127,332
206,119,325
201,113,314
194,141,335
181,148,329
149,154,303
163,146,309
177,143,320
185,162,347
169,192,361
165,177,342
159,198,357
160,192,352
167,197,364
203,173,376
241,127,368
238,107,345
210,101,311
165,104,269
143,104,247
131,120,251
131,129,260
173,95,268
167,118,285
188,105,293
145,128,273
190,108,298
171,141,312
159,158,317
149,141,290
149,163,312
146,185,331
126,197,323
128,211,339
129,222,351
161,202,363
183,193,376
190,197,387
156,206,362
146,208,354
147,212,359
151,211,362
156,218,374
165,215,380
151,219,370
170,214,384
159,213,372
177,202,379
169,203,372
160,215,375
161,207,368
153,215,368
165,213,378
160,211,371
166,212,378
167,203,370
165,195,360
168,204,372
157,211,368
147,208,355
142,220,362
163,213,376
157,209,366
168,217,385
171,203,374
167,206,373
163,217,380
155,209,364
156,214,370
175,206,381
170,198,368
172,205,377
156,215,371
154,208,362
162,209,371
168,209,377
145,213,358
159,212,371
151,219,370
162,215,377
159,216,375
164,215,379
163,213,376
166,212,378
167,213,380
164,214,378
156,219,375
161,218,379
159,217,376
167,218,385
169,217,386
167,217,384
169,217,386
175,208,383
170,213,383
177,203,380
177,196,373
179,222,401
184,222,406
184,231,415
194,221,415
174,229,403
193,185,378
199,166,365
213,156,369
190,137,327
186,114,300
189,122,311
186,99,285
192,121,313
189,113,302
189,114,303
192,113,305
190,111,301
184,111,295
185,113,298
185,112,297
184,113,297
185,111,296
185,111,296
184,111,295
186,119,305
185,109,294
190,122,312
188,103,291
193,122,315
183,105,288
187,110,297
187,114,301
184,118,302
188,114,302
181,121,302
184,104,288
182,109,291
182,110,292
182,111,293
184,116,300
183,113,296
185,109,294
185,109,294
184,133,317
182,151,333
208,157,365
225,151,376
230,144,374
178,139,317
161,136,297
168,123,291
181,105,286
181,136,317
168,141,309
171,144,315
194,141,335
197,135,332
214,147,361
216,129,345
214,127,341
191,138,329
164,147,311
155,149,304
161,147,308
168,160,328
187,136,323
188,125,313
192,123,315
182,123,305
184,107,291
180,116,296
170,117,287
166,117,283
164,108,272
176,130,306
177,113,290
175,117,292
178,133,311
176,132,308
181,134,315
178,124,302
176,112,288
181,123,304
182,109,291
179,180,359
179,187,366
221,133,354
220,135,355
206,138,344
150,144,294
141,153,294
138,162,300
153,155,308
167,150,317
166,158,324
159,166,325
144,176,320
135,185,320
123,198,321
128,211,339
143,204,347
153,196,349
164,200,364
153,211,364
147,213,360
157,204,361
168,206,374
158,213,371
160,209,369
160,214,374
166,213,379
164,208,372
158,213,371
174,199,373
190,178,368
199,180,379
187,179,366
155,189,344
150,198,348
133,212,345
144,208,352
147,211,358
163,211,374
155,212,367
162,209,371
153,213,366
166,212,378
162,212,374
173,198,371
180,198,378
187,196,383
182,197,379
202,195,397
201,202,403
200,197,397
201,187,388
208,168,376
214,147,361
202,135,337
178,153,331
151,176,327
127,199,326
121,236,357
150,373,523
184,373,557
208,358,566
261,299,560
323,228,551
275,214,489
169,199,368
180,181,361
179,167,346
181,154,335
183,141,324
182,124,306
183,107,290
183,109,292
183,107,290
182,134,316
182,135,317
176,134,310
179,132,311
183,131,314
187,129,316
185,128,313
186,126,312
186,127,313
186,129,315
186,129,315
180,133,313
184,131,315
187,130,317
186,129,315
185,129,314
185,130,315
187,128,315
185,129,314
182,130,312
180,132,312
178,134,312
179,137,316
179,137,316
179,138,317
194,125,319
198,114,312
209,111,320
196,103,299
191,108,299
173,129,302
173,131,304
171,138,309
173,137,310
174,139,313
179,139,318
180,139,319
181,138,319
183,137,320
184,135,319
183,137,320
180,140,320
177,135,312
176,114,290
200,215,415
227,221,448
226,209,435
239,223,462
213,216,429
193,198,391
138,212,350
194,183,377
180,204,384
136,212,348
144,224,368
144,255,399
168,233,401
182,296,478
172,302,474
189,318,507
240,285,525
243,252,495
281,205,486
241,149,390
223,145,368
190,159,349
194,184,378
194,180,374
187,168,355
199,183,382
154,197,351
105,207,312
144,249,393
164,262,426
119,271,390
170,263,433
211,303,514
229,303,532
143,291,434
245,254,499
269,257,526
215,332,547
128,359,487
216,304,520
232,296,528
350,141,491
350,123,473
327,136,463
211,115,326
176,119,295
179,125,304
164,145,309
168,157,325
183,126,309
193,110,303
196,125,321
198,96,294
177,85,262
164,78,242
129,105,234
120,109,229
119,110,229
131,130,261
114,131,245
156,125,281
151,120,271
123,108,231
150,91,241
153,86,239
111,154,265
123,216,339
181,214,395
218,241,459
267,228,495
312,173,485
301,119,420
268,101,369
196,100,296
111,99,210
120,96,216
119,91,210
121,116,237
121,124,245
149,114,263
158,160,318
127,176,303
187,160,347
152,201,353
119,230,349
126,257,383
123,304,427
167,308,475
206,307,513
182,299,481
272,262,534
246,286,532
211,300,511
208,334,542
195,328,523
259,300,559
226,347,573
245,299,544
261,318,579
257,300,557
250,308,558
268,255,523
213,234,447
295,204,499
235,212,447
254,233,487
209,256,465
236,246,482
219,261,480
290,196,486
253,174,427
280,149,429
200,151,351
199,141,340
179,139,318
185,137,322
181,137,318
178,134,312
175,136,311
169,136,305
157,142,299
160,148,308
167,144,311
184,144,328
193,141,334
204,134,338
214,150,364
184,128,312
201,132,333
198,120,318
178,133,311
172,146,318
157,144,301
165,139,304
176,167,343
184,149,333
199,115,314
205,109,314
213,122,335
204,107,311
191,108,299
174,107,281
150,234,384
302,216,518
340,226,566
393,186,579
293,165,458
279,146,425
260,178,438
254,166,420
252,162,414
261,185,446
281,145,426
275,138,413
235,116,351
183,128,311
194,124,318
197,152,349
193,149,342
200,192,392
200,186,386
224,141,365
226,120,346
225,198,423
194,216,410
261,154,415
289,111,400
272,152,424
219,139,358
225,131,356
225,204,429
214,204,418
284,162,446
299,154,453
290,121,411
225,118,343
221,115,336
194,115,309
199,122,321
197,109,306
197,122,319
199,114,313
195,123,318
196,125,321
194,165,359
196,136,332
215,106,321
212,120,332
201,109,310
169,99,268
151,124,275
145,140,285
156,145,301
154,149,303
160,152,312
159,179,338
150,189,339
129,188,317
133,187,320
147,178,325
162,160,322
159,163,322
142,174,316
130,174,304
120,179,299
127,177,304
131,163,294
129,161,290
146,143,289
145,154,299
145,174,319
127,179,306
124,175,299
124,185,309
149,169,318
185,132,317
205,113,318
203,126,329
190,115,305
184,112,296
165,122,287
150,143,293
141,149,290
152,152,304
166,144,310
182,134,316
214,149,363
214,138,352
217,131,348
220,120,340
212,119,331
209,145,354
196,158,354
195,158,353
211,134,345
208,110,318
211,117,328
202,113,315
202,136,338
201,116,317
199,119,318
196,115,311
196,123,319
195,117,312
196,114,310
195,116,311
197,116,313
196,117,313
194,121,315
196,122,318
197,122,319
196,125,321
198,121,319
198,113,311
197,118,315
196,127,323
196,124,320
196,116,312
198,124,322
198,144,342
199,130,329
194,106,300
199,117,316
196,113,309
198,122,320
190,124,314
198,125,323
195,164,359
198,149,347
198,144,342
197,153,350
190,132,322
200,114,314
199,138,337
194,123,317
198,149,347
198,144,342
178,148,326
181,135,316
143,119,262
180,114,294
186,115,301
192,116,308
199,114,313
193,123,316
195,125,320
190,117,307
192,120,312
196,113,309
194,123,317
198,126,324
198,127,325
195,130,325
198,121,319
195,119,314
190,122,312
191,128,319
197,108,305
199,131,330
213,124,337
214,125,339
215,129,344
193,113,306
199,119,318
195,118,313
198,121,319
197,122,319
198,116,314
197,148,345
197,130,327
201,132,333
206,106,312
206,116,322
202,124,326
202,118,320
198,117,315
198,121,319
199,131,330
195,106,301
198,127,325
200,129,329
197,107,304
202,123,325
196,125,321
197,116,313
199,116,315
197,117,314
198,114,312
186,118,304
197,113,310
197,124,321
194,122,316
194,124,318
195,125,320
197,122,319
197,116,313
197,114,311
197,124,321
201,116,317
200,124,324
189,123,312
196,114,310
198,118,316
198,118,316
199,113,312
195,122,317
199,119,318
198,115,313
195,124,319
198,128,326
194,111,305
202,119,321
199,121,320
198,122,320
197,120,317
199,127,326
201,113,314
201,120,321
201,109,310
192,117,309
184,103,287
181,120,301
184,110,294
180,120,300
182,115,297
187,120,307
189,116,305
190,107,297
182,110,292
184,115,299
188,110,298
190,114,304
193,118,311
196,119,315
195,125,320
195,234,429
198,233,431
198,216,414
195,207,402
333,122,455
88,98,186
119,99,218
146,97,243
117,93,210
122,111,233
122,133,255
131,132,263
137,132,269
141,117,258
150,110,260
174,130,304
175,125,300
185,128,313
171,149,320
159,172,331
139,191,330
157,183,340
184,165,349
195,145,340
192,150,342
162,168,330
134,169,303
126,171,297
126,176,302
129,170,299
124,168,292
140,149,289
156,129,285
151,137,288
141,150,291
121,154,275
123,151,274
124,163,287
121,184,305
125,209,334
155,183,338
207,132,339
244,97,341
188,135,323
206,123,329
190,114,304
204,119,323
179,132,311
176,115,291
188,129,317
191,116,307
191,134,325
201,150,351
227,144,371
245,110,355
222,119,341
195,151,346
194,116,310
214,147,361
224,176,400
228,160,388
252,144,396
268,139,407
243,134,377
221,235,456
249,193,442
262,142,404
288,122,410
163,132,295
221,119,340
198,144,342
205,126,331
196,190,386
199,152,351
233,107,340
193,108,301
131,104,235
122,105,227
121,101,222
123,102,225
120,99,219
121,104,225
121,106,227
122,109,231
123,105,228
120,102,222
126,100,226
124,95,219
123,91,214
119,91,210
122,90,212
121,92,213
114,88,202
116,85,201
123,85,208
122,84,206
126,100,226
128,98,226
132,95,227
128,92,220
125,91,216
123,91,214
125,88,213
125,88,213
123,86,209
123,85,208
118,83,201
129,94,223
128,91,219
128,84,212
122,79,201
116,92,208
113,100,213
124,129,253
121,134,255
134,185,319
161,166,327
165,160,325
149,128,277
149,126,275
154,124,278
123,113,236
130,107,237
127,103,230
113,100,213
122,99,221
121,103,224
114,106,220
122,112,234
121,112,233
117,109,226
126,111,237
126,116,242
130,107,237
130,105,235
131,101,232
123,101,224
125,99,224
128,94,222
128,92,220
128,91,219
125,89,214
130,115,245
132,125,257
138,127,265
135,125,260
129,131,260
128,134,262
130,137,267
131,140,271
126,144,270
130,145,275
132,145,277
134,145,279
133,146,279
135,146,281
135,183,318
136,212,348
136,208,344
136,206,342
153,184,337
184,146,330
197,132,329
190,130,320
167,121,288
189,121,310
190,210,400
221,166,387
244,143,387
250,186,436
196,141,337
233,102,335
215,113,328
143,100,243
159,116,275
155,107,262
148,94,242
156,119,275
144,109,253
155,96,251
154,120,274
147,108,255
156,97,253
153,116,269
144,103,247
154,88,242
154,171,325
166,145,311
194,113,307
196,98,294
138,116,254
156,102,258
155,87,242
151,180,331
148,178,326
184,131,315
178,136,314
122,135,257
163,123,286
175,105,280
174,105,279
157,210,367
206,153,359
237,115,352
231,120,351
140,304,444
249,289,538
292,316,608
300,282,582
273,237,510
279,203,482
226,193,419
224,144,368
206,129,335
199,179,378
163,151,314
182,151,333
152,170,322
161,205,366
132,191,323
165,210,375
182,220,402
153,233,386
137,215,352
158,223,381
190,180,370
154,171,325
119,183,302
168,179,347
165,174,339
160,169,329
235,187,422
237,184,421
214,190,404
188,321,509
377,133,510
408,118,526
367,121,488
155,214,369
214,134,348
234,108,342
229,101,330
120,96,216
125,107,232
119,122,241
135,188,323
165,188,353
219,174,393
183,203,386
227,181,408
184,178,362
206,179,385
172,185,357
153,187,340
160,186,346
129,190,319
178,157,335
195,181,376
139,187,326
148,202,350
175,187,362
187,180,367
154,178,332
153,189,342
151,182,333
144,184,328
149,197,346
146,235,381
145,237,382
152,284,436
168,295,463
194,270,464
242,230,472
252,240,492
235,232,467
208,197,405
207,230,437
205,213,418
193,254,447
207,252,459
198,274,472
293,187,480
294,165,459
343,115,458
258,127,385
225,141,366
214,172,386
222,204,426
273,156,429
241,178,419
236,185,421
167,196,363
164,195,359
154,190,344
143,173,316
175,145,320
197,118,315
198,103,301
169,132,301
133,144,277
142,133,275
158,118,276
162,143,305
122,178,300
137,179,316
161,150,311
199,153,352
176,153,329
140,137,277
152,125,277
157,141,298
129,153,282
131,157,288
146,146,292
148,137,285
146,127,273
139,120,259
138,144,282
135,137,272
130,239,369
209,196,405
264,157,421
292,142,434
185,191,376
232,142,374
195,121,316
227,158,385
173,195,368
203,165,368
180,167,347
205,201,406
165,208,373
154,239,393
151,262,413
195,217,412
193,257,450
201,224,425
143,230,373
173,268,441
184,246,430
196,228,424
243,176,419
237,149,386
187,131,318
230,83,313
168,129,297
180,130,310
167,217,384
212,223,435
226,184,410
239,191,430
221,247,468
255,192,447
264,181,445
223,193,416
163,195,358
131,191,322
183,132,315
212,107,319
218,120,338
171,107,278
165,133,298
164,124,288
159,108,267
163,93,256
153,162,315
166,152,318
172,145,317
165,143,308
115,177,292
135,226,361
143,249,392
204,177,381
271,110,381
253,161,414
198,145,343
199,141,340
217,152,369
195,202,397
228,168,396
266,218,484
303,149,452
280,128,408
227,123,350
126,127,253
121,126,247
110,179,289
112,218,330
136,242,378
163,213,376
165,267,432
233,334,567
413,160,573
440,175,615
403,215,618
270,212,482
337,106,443
254,179,433
205,203,408
205,181,386
219,192,411
219,194,413
185,220,405
180,222,402
172,234,406
165,220,385
209,178,387
255,122,377
269,203,472
277,158,435
290,128,418
263,141,404
165,155,320
162,197,359
201,155,356
240,106,346
166,100,266
164,90,254
130,199,329
125,232,357
170,227,397
236,178,414
220,178,398
166,135,301
166,129,295
123,120,243
127,112,239
132,101,233
126,113,239
140,149,289
147,136,283
206,188,394
206,177,383
192,181,373
189,194,383
159,128,287
224,91,315
215,91,306
112,129,241
118,244,362
176,188,364
224,192,416
221,159,380
193,140,333
165,360,525
170,380,550
121,395,516
158,386,544
343,248,591
357,255,612
331,225,556
173,240,413
248,134,382
280,206,486
269,243,512
234,201,435
241,152,393
222,167,389
191,166,357
146,160,306
169,135,304
158,142,300
127,153,280
117,162,279
118,181,299
118,186,304
115,190,305
132,217,349
143,241,384
148,284,432
177,262,439
160,251,411
209,211,420
236,154,390
217,164,381
180,180,360
137,180,317
126,171,297
165,124,289
178,108,286
125,114,239
134,124,258
128,121,249
170,192,362
173,223,396
162,247,409
202,216,418
168,201,369
241,93,334
247,172,419
228,196,424
186,189,375
209,168,377
193,169,362
162,162,324
167,164,331
145,166,311
126,169,295
116,206,322
114,205,319
118,200,318
141,223,364
166,220,386
165,256,421
145,259,404
161,238,399
208,204,412
205,198,403
235,204,439
216,201,417
221,183,404
230,155,385
273,127,400
252,130,382
239,113,352
191,126,317
190,185,375
196,171,367
254,186,440
263,181,444
255,168,423
222,152,374
186,173,359
154,195,349
177,181,358
189,153,342
192,166,358
150,171,321
113,178,291
160,174,334
164,178,342
126,185,311
165,185,350
160,185,345
142,221,363
114,255,369
156,227,383
160,232,392
199,211,410
195,229,424
184,224,408
134,256,390
189,199,388
189,175,364
254,118,372
202,104,306
196,110,306
156,159,315
181,154,335
209,130,339
228,104,332
182,148,330
171,204,375
189,187,376
214,145,359
232,128,360
218,231,449
201,208,409
290,138,428
250,134,384
255,144,399
160,198,358
122,274,396
161,288,449
194,269,463
205,230,435
234,236,470
202,231,433
195,203,398
202,171,373
208,181,389
191,170,361
202,113,315
192,112,304
178,112,290
124,118,242
120,155,275
124,156,280
135,143,278
156,117,273
167,116,283
122,123,245
120,127,247
108,127,235
123,137,260
120,139,259
131,136,267
125,137,262
132,136,268
127,143,270
131,146,277
125,159,284
129,149,278
134,148,282
143,145,288
153,138,291
143,132,275
166,117,283
167,109,276
167,102,269
166,142,308
175,132,307
165,137,302
157,142,299
123,149,272
109,158,267
125,173,298
141,157,298
156,171,327
160,175,335
154,159,313
129,156,285
136,155,291
125,166,291
145,147,292
163,120,283
160,102,262
151,92,243
143,145,288
125,139,264
173,143,316
168,157,325
163,162,325
186,149,335
185,139,324
168,149,317
131,162,293
129,159,288
122,156,278
128,160,288
119,161,280
121,167,288
122,183,305
136,194,330
151,194,345
153,231,384
146,268,414
109,278,387
164,279,443
202,253,455
220,216,436
224,199,423
223,178,401
211,154,365
203,134,337
200,114,314
186,154,340
210,146,356
220,155,375
227,142,369
201,151,352
167,143,310
161,123,284
149,104,253
163,115,278
160,106,266
160,128,288
155,136,291
161,114,275
167,98,265
164,87,251
153,129,282
147,131,278
156,110,266
149,108,257
135,117,252
145,121,266
166,139,305
179,116,295
173,112,285
164,97,261
142,86,228
159,131,290
147,131,278
157,109,266
159,99,258
150,87,237
146,114,260
147,106,253
143,102,245
150,86,236
142,122,264
152,113,265
142,108,250
144,193,337
209,219,428
311,153,464
315,174,489
210,182,392
130,186,316
133,182,315
133,176,309
145,170,315
149,164,313
146,166,312
133,163,296
127,166,293
127,164,291
125,165,290
128,161,289
127,160,287
129,163,292
128,171,299
130,186,316
127,195,322
126,203,329
135,204,339
162,181,343
166,184,350
168,171,339
149,170,319
154,170,324
150,170,320
154,165,319
158,154,312
154,158,312
139,155,294
139,139,278
146,121,267
155,103,258
145,107,252
143,116,259
147,115,262
156,117,273
150,109,259
150,110,260
141,130,271
152,128,280
173,127,300
171,124,295
160,113,273
155,105,260
157,100,257
143,141,284
156,112,268
174,115,289
172,126,298
153,113,266
158,96,254
153,117,270
138,137,275
154,136,290
147,133,280
165,108,273
160,106,266
142,104,246
139,104,243
137,103,240
126,103,229
115,122,237
117,160,277
122,171,293
121,167,288
126,169,295
122,173,295
149,163,312
160,154,314
159,159,318
156,159,315
157,151,308
170,122,292
178,111,289
171,116,287
148,110,258
136,116,252
122,135,257
106,142,248
123,143,266
122,144,266
118,146,264
125,149,274
115,154,269
120,163,283
117,173,290
126,199,325
126,214,340
130,213,343
129,216,345
169,194,363
163,220,383
180,236,416
156,239,395
164,264,428
180,262,442
215,227,442
240,197,437
240,176,416
238,138,376
210,145,355
188,175,363
162,186,348
160,200,360
154,228,382
156,236,392
155,226,381
173,204,377
194,184,378
203,189,392
181,203,384
151,208,359
142,202,344
173,190,363
173,196,369
173,185,358
152,189,341
157,185,342
167,184,351
169,192,361
180,186,366
196,181,377
217,172,389
177,173,350
188,166,354
192,131,323
206,113,319
187,96,283
159,84,243
144,149,293
143,150,293
153,141,294
182,115,297
181,168,349
199,184,383
158,193,351
151,195,346
106,202,308
136,193,329
148,197,345
160,194,354
139,199,338
147,189,336
164,168,332
173,172,345
177,157,334
160,141,301
152,128,280
146,112,258
145,109,254
152,142,294
171,119,290
176,114,290
152,110,262
123,107,230
124,113,237
117,137,254
123,154,277
130,152,282
139,170,309
140,182,322
129,183,312
124,189,313
127,192,319
138,203,341
135,199,334
138,185,323
182,159,341
188,159,347
171,159,330
151,153,304
147,138,285
168,117,285
191,142,333
187,139,326
182,130,312
148,167,315
108,202,310
114,228,342
127,250,377
142,255,397
175,211,386
205,187,392
236,146,382
212,130,342
163,173,336
223,127,350
218,110,328
219,104,323
165,103,268
154,114,268
148,273,421
146,269,415
144,259,403
169,225,394
219,155,374
232,120,352
171,118,289
160,115,275
146,100,246
150,87,237
153,117,270
141,128,269
149,145,294
153,132,285
157,114,271
151,95,246
156,93,249
141,136,277
142,136,278
154,120,274
160,110,270
141,93,234
153,150,303
154,170,324
164,172,336
159,168,327
149,164,313
150,167,317
150,169,319
143,180,323
151,176,327
142,168,310
168,158,326
168,166,334
176,173,349
190,162,352
190,158,348
182,171,353
168,185,353
170,195,365
185,204,389
197,207,404
254,163,417
257,138,395
236,139,375
173,156,329
199,196,395
257,164,421
271,163,434
219,173,392
157,188,345
179,166,345
177,175,352
179,174,353
147,199,346
155,198,353
150,218,368
146,236,382
147,212,359
169,200,369
195,172,367
189,156,345
181,159,340
157,157,314
156,150,306
167,130,297
172,124,296
159,133,292
133,145,278
128,140,268
147,139,286
152,147,299
142,157,299
176,119,295
182,119,301
182,130,312
140,130,270
143,131,274
139,134,273
131,139,270
130,143,273
129,141,270
161,113,274
169,115,284
175,119,294
151,124,275
143,118,261
129,136,265
133,147,280
148,148,296
157,144,301
144,160,304
149,166,315
138,184,322
157,186,343
138,198,336
154,194,348
153,181,334
172,182,354
213,135,348
245,180,425
248,155,403
204,157,361
190,161,351
101,161,262
144,155,299
148,158,306
167,142,309
153,151,304
160,172,332
137,178,315
124,192,316
133,200,333
136,197,333
128,197,325
157,179,336
182,149,331
180,149,329
192,131,323
176,127,303
170,127,297
150,123,273
153,123,276
158,141,299
156,146,302
158,129,287
174,103,277
174,92,266
160,111,271
149,117,266
145,126,271
142,147,289
180,117,297
198,117,315
211,107,318
171,106,277
170,101,271
168,107,275
165,110,275
170,106,276
165,103,268
139,105,244
138,113,251
144,103,247
146,99,245
141,98,239
140,85,225
135,87,222
136,90,226
117,92,209
123,92,215
118,104,222
135,91,226
144,122,266
140,151,291
128,174,302
135,189,324
131,204,335
147,215,362
149,230,379
144,251,395
180,228,408
203,221,424
207,236,443
174,232,406
160,247,407
190,233,423
181,240,421
199,217,416
216,172,388
231,134,365
217,164,381
195,155,350
173,149,322
169,155,324
155,149,304
165,139,304
178,140,318
180,154,334
178,149,327
199,144,343
197,170,367
209,162,371
195,172,367
188,200,388
169,192,361
161,190,351
175,172,347
193,164,357
195,172,367
203,154,357
213,156,369
219,136,355
243,130,373
230,120,350
208,108,316
188,99,287
162,111,273
174,142,316
172,140,312
169,132,301
165,131,296
141,125,266
160,119,279
162,111,273
152,100,252
153,90,243
145,115,260
139,118,257
145,105,250
151,94,245
152,161,313
161,187,348
161,187,348
159,197,356
108,197,305
128,190,318
155,159,314
171,144,315
193,121,314
182,116,298
184,124,308
187,144,331
183,153,336
184,138,322
154,126,280
160,111,271
158,107,265
154,105,259
158,139,297
170,143,313
200,161,361
218,152,370
216,143,359
192,131,323
142,159,301
147,176,323
134,178,312
133,171,304
134,167,301
131,172,303
158,142,300
171,126,297
182,109,291
183,174,357
195,161,356
195,154,349
169,153,322
137,139,276
150,145,295
151,163,314
143,159,302
152,147,299
160,131,291
161,112,273
160,104,264
147,94,241
148,109,257
136,120,256
142,109,251
157,90,247
156,97,253
153,128,281
149,128,277
158,177,335
170,214,384
282,107,389
284,111,395
236,134,370
159,110,269
161,103,264
159,110,269
146,153,299
172,132,304
191,126,317
235,140,375
210,147,357
209,156,365
193,153,346
153,157,310
152,162,314
148,165,313
142,163,305
142,176,318
157,184,341
176,155,331
207,142,349
198,148,346
194,120,314
167,124,291
161,122,283
124,132,256
138,132,270
146,132,278
143,135,278
117,146,263
144,147,291
156,190,346
171,177,348
146,182,328
167,174,341
171,197,368
175,215,390
159,224,383
154,212,366
154,210,364
164,194,358
203,166,369
237,140,377
259,169,428
246,167,413
228,186,414
190,190,380
157,180,337
167,161,328
206,125,331
216,114,330
211,147,358
202,127,329
181,131,312
184,126,310
139,120,259
151,118,269
162,98,260
159,121,280
155,125,280
159,146,305
194,126,320
187,119,306
180,115,295
147,114,261
123,112,235
128,115,243
119,122,241
128,127,255
125,127,252
126,131,257
124,137,261
128,141,269
124,142,266
147,125,272
155,132,287
140,140,280
133,144,277
138,143,281
141,134,275
118,141,259
125,137,262
123,137,260
129,121,250
125,116,241
126,113,239
125,118,243
127,114,241
126,119,245
129,117,246
115,118,233
129,113,242
120,114,234
131,105,236
121,108,229
136,106,242
154,137,291
174,121,295
177,101,278
165,125,290
164,129,293
175,113,288
176,120,296
179,108,287
156,98,254
150,89,239
136,114,250
150,116,266
156,106,262
154,114,268
144,91,235
156,125,281
160,133,293
153,131,284
144,132,276
156,115,271
167,157,324
187,138,325
190,115,305
185,141,326
186,113,299
178,106,284
190,92,282
142,145,287
168,139,307
161,126,287
187,101,288
170,104,274
157,106,263
149,97,246
148,138,286
154,127,281
176,106,282
179,90,269
150,141,291
166,133,299
197,151,348
202,147,349
182,137,319
161,169,330
131,187,318
130,196,326
128,199,327
129,196,325
157,183,340
164,186,350
157,196,353
136,201,337
135,198,333
158,177,335
186,159,345
190,156,346
169,154,323
149,156,305
141,158,299
134,158,292
137,160,297
144,155,299
154,155,309
151,157,308
145,162,307
138,170,308
141,184,325
130,185,315
134,190,324
129,199,328
153,182,335
163,199,362
163,238,401
136,257,393
130,261,391
178,265,443
206,253,459
226,229,455
153,232,385
212,421,633
218,411,629
263,400,663
288,362,650
352,254,606
335,225,560
259,169,428
250,152,402
216,131,347
217,133,350
216,151,367
226,135,361
227,124,351
218,104,322
207,161,368
187,161,348
187,143,330
186,127,313
167,115,282
173,107,280
180,128,308
172,124,296
169,110,279
161,94,255
159,126,285
164,112,276
159,98,257
160,135,295
157,126,283
166,118,284
165,143,308
172,130,302
185,125,310
170,125,295
133,138,271
134,144,278
135,144,279
135,145,280
150,145,295
150,165,315
128,175,303
152,183,335
148,192,340
164,188,352
148,186,334
127,178,305
163,135,298
179,117,296
201,129,330
179,101,280
200,119,319
177,138,315
145,132,277
162,111,273
156,119,275
142,121,263
134,125,259
129,133,262
127,138,265
116,139,255
138,147,285
141,156,297
137,157,294
138,150,288
156,136,292
158,139,297
156,134,290
145,143,288
139,135,274
125,128,253
152,106,258
162,92,254
158,118,276
148,138,286
144,133,277
132,131,263
150,116,266
142,113,255
154,126,280
175,138,313
180,129,309
172,122,294
141,123,264
138,116,254
130,127,257
130,139,269
125,149,274
126,168,294
131,187,318
130,198,328
122,210,332
125,229,354
142,220,362
164,211,375
156,205,361
200,155,355
195,190,385
209,180,389
157,175,332
151,173,324
150,156,306
154,143,297
150,120,270
151,109,260
125,113,238
131,104,235
126,104,230
141,153,294
146,139,285
207,138,345
240,115,355
211,105,316
181,104,285
156,131,287
167,120,287
183,90,273
190,111,301
166,116,282
145,108,253
141,94,235
141,120,261
128,118,246
143,126,269
146,114,260
138,104,242
160,89,249
137,112,249
152,115,267
147,111,258
151,136,287
161,134,295
170,148,318
164,150,314
149,145,294
126,158,284
132,162,294
123,178,301
120,187,307
104,164,268
144,165,309
172,157,329
153,171,324
181,145,326
196,169,365
208,185,393
239,155,394
215,171,386
206,187,393
157,201,358
148,200,348
148,209,357
165,189,354
171,182,353
176,180,356
153,170,323
149,173,322
149,166,315
146,173,319
143,206,349
142,220,362
132,225,357
147,232,379
183,219,402
184,245,429
208,225,433
187,198,385
203,192,395
180,186,366
198,144,342
206,132,338
228,139,367
214,125,339
203,128,331
194,115,309
190,160,350
183,156,339
206,126,332
205,102,307
185,116,301
179,114,293
158,112,270
159,114,273
152,120,272
164,116,280
156,103,259
162,125,287
174,116,290
166,111,277
158,159,317
176,147,323
176,160,336
161,175,336
134,198,332
127,207,334
130,195,325
139,191,330
154,162,316
193,144,337
205,128,333
186,124,310
184,98,282
175,105,280
168,123,291
151,114,265
147,118,265
153,125,278
150,148,298
154,145,299
148,142,290
147,148,295
136,156,292
126,163,289
133,162,295
131,165,296
131,172,303
115,172,287
127,174,301
138,173,311
165,151,316
193,131,324
183,129,312
179,109,288
170,96,266
172,114,286
155,111,266
142,96,238
154,119,273
147,115,262
173,143,316
181,150,331
188,156,344
211,140,351
173,121,294
182,111,293
162,112,274
152,109,261
153,98,251
150,145,295
188,116,304
174,139,313
172,155,327
133,175,308
161,167,328
174,149,323
171,153,324
156,153,309
138,174,312
134,201,335
129,208,337
122,219,341
146,218,364
172,218,390
176,221,397
170,221,391
163,196,359
169,171,340
156,164,320
154,154,308
156,139,295
164,132,296
160,152,312
149,152,301
146,144,290
154,136,290
149,147,296
153,138,291
145,132,277
165,115,280
166,140,306
198,121,319
180,112,292
158,129,287
124,134,258
142,132,274
148,139,287
144,151,295
161,147,308
155,149,304
189,154,343
180,167,347
170,198,368
180,192,372
241,129,370
260,116,376
245,155,400
198,147,345
194,161,355
206,181,387
204,169,373
237,196,433
317,225,542
393,147,540
371,157,528
224,187,411
149,175,324
157,165,322
161,169,330
157,163,320
174,140,314
179,137,316
181,122,303
161,117,278
175,133,308
170,122,292
182,108,290
178,124,302
159,114,273
169,153,322
181,130,311
178,126,304
170,129,299
125,140,265
89,148,237
135,145,280
133,139,272
152,134,286
146,131,277
146,130,276
142,145,287
135,149,284
129,168,297
124,172,296
128,176,304
141,173,314
157,162,319
150,172,322
142,178,320
130,185,315
135,192,327
133,205,338
117,195,312
152,210,362
148,221,369
165,206,371
172,191,363
206,170,376
194,153,347
198,145,343
196,115,311
183,105,288
173,94,267
142,94,236
129,102,231
132,115,247
150,129,279
152,139,291
145,142,287
141,139,280
141,144,285
147,152,299
143,158,301
140,186,326
121,207,328
139,207,346
144,196,340
146,201,347
171,167,338
179,140,319
196,122,318
176,110,286
163,140,303
167,121,288
159,119,278
168,109,277
162,94,256
161,124,285
159,110,269
157,109,266
158,151,309
156,155,311
170,174,344
164,182,346
138,174,312
158,164,322
161,176,337
158,188,346
152,194,346
190,150,340
197,151,348
200,135,335
166,135,301
162,148,310
156,163,319
150,162,312
158,158,316
169,149,318
166,132,298
156,134,290
151,139,290
141,136,277
145,128,273
144,122,266
149,113,262
152,111,263
149,120,269
141,120,261
144,122,266
170,124,294
179,131,310
174,139,313
156,142,298
139,148,287
152,138,290
161,155,316
220,124,344
241,99,340
221,93,314
150,103,253
123,108,231
126,131,257
132,133,265
129,137,266
162,133,295
184,120,304
192,113,305
179,126,305
164,129,293
188,123,311
185,133,318
183,134,317
175,118,293
186,114,300
194,130,324
185,131,316
198,124,322
196,134,330
176,157,333
153,175,328
144,191,335
150,181,331
190,152,342
202,153,355
228,129,357
206,122,328
198,178,376
183,276,459
177,286,463
187,262,449
179,233,412
245,161,406
264,132,396
228,133,361
243,123,366
209,100,309
185,93,278
159,117,276
147,114,261
156,110,266
152,141,293
144,144,288
135,148,283
145,146,291
153,130,283
156,107,263
154,104,258
152,91,243
141,114,255
146,121,267
144,123,267
163,146,309
177,134,311
177,119,296
169,112,281
162,114,276
167,122,289
166,135,301
153,144,297
143,142,285
137,132,269
149,119,268
153,140,293
159,130,289
160,120,280
150,105,255
177,132,309
190,114,304
199,94,293
182,96,278
149,98,247
137,99,236
124,104,228
140,97,237
137,113,250
158,112,270
174,91,265
165,91,256
159,89,248
133,95,228
134,126,260
137,128,265
149,125,274
155,126,281
147,135,282
130,142,272
130,152,282
124,169,293
123,166,289
130,173,303
129,178,307
132,182,314
138,173,311
138,176,314
115,176,291
143,169,312
164,158,322
179,153,332
165,160,325
156,161,317
165,167,332
167,171,338
188,131,319
196,102,298
188,128,316
180,116,296
175,96,271
177,135,312
153,136,289
146,151,297
147,151,298
147,147,294
151,141,292
144,154,298
158,156,314
160,158,318
154,183,337
149,193,342
152,192,344
159,201,360
190,158,348
192,154,346
200,145,345
165,128,293
174,103,277
189,127,316
177,154,331
160,174,334
137,184,321
140,168,308
148,162,310
164,149,313
141,150,291
142,154,296
129,158,287
135,163,298
159,136,295
183,158,341
211,149,360
199,154,353
187,158,345
165,133,298
198,162,360
204,159,363
211,148,359
212,140,352
173,172,345
216,159,375
201,163,364
196,151,347
184,128,312
205,145,350
204,129,333
195,146,341
208,145,353
173,165,338
151,158,309
166,127,293
195,146,341
214,145,359
212,138,350
203,150,353
205,134,339
198,139,337
174,148,322
150,164,314
150,172,322
151,183,334
152,198,350
143,205,348
141,204,345
138,199,337
169,167,336
187,142,329
211,140,351
204,112,316
209,141,350
203,145,348
202,143,345
217,118,335
214,149,363
221,150,371
200,145,345
195,154,349
168,152,320
171,150,321
169,158,327
163,162,325
169,161,330
178,159,337
184,145,329
211,94,305
199,116,315
192,133,325
162,130,292
160,124,284
168,151,319
185,129,314
181,115,296
166,102,268
158,128,286
181,152,333
198,146,344
192,146,338
161,154,315
140,193,333
157,207,364
150,232,382
140,234,374
126,203,329
184,166,350
210,134,344
201,126,327
199,144,343
194,155,349
186,158,344
159,141,300
157,129,286
163,144,307
189,119,308
191,109,300
185,99,284
153,112,265
142,111,253
144,121,265
143,132,275
132,132,264
134,149,283
135,169,304
133,165,298
141,170,311
153,154,307
177,149,326
164,164,328
148,179,327
134,181,315
142,179,321
148,189,337
163,193,356
157,192,349
168,185,353
164,179,343
160,192,352
138,197,335
147,186,333
166,169,335
171,161,332
173,150,323
166,131,297
172,124,296
157,125,282
146,119,265
133,115,248
170,149,319
178,145,323
211,117,328
203,126,329
202,113,315
180,117,297
173,107,280
142,112,254
162,134,296
172,134,306
183,124,307
204,163,367
206,149,355
192,166,358
182,176,358
162,192,354
175,204,379
190,203,393
209,203,412
213,196,409
188,205,393
163,207,370
157,227,384
145,243,388
165,233,398
165,239,404
195,222,417
227,178,405
247,145,392
249,131,380
224,117,341
217,114,331
192,104,296
172,159,331
192,144,336
192,143,335
180,163,343
175,145,320
180,156,336
200,157,357
183,159,342
184,143,327
214,105,319
215,128,343
194,141,335
183,164,347
179,172,351
187,178,365
199,176,375
213,165,378
217,143,360
206,135,341
211,110,321
184,107,291
169,155,324
169,166,335
165,148,313
173,152,325
125,168,293
147,172,319
152,175,327
161,186,347
155,180,335
145,180,325
143,178,321
136,154,290
157,141,298
177,120,297
186,113,299
178,108,286
172,155,327
177,138,315
179,134,313
185,111,296
140,112,252
143,108,251
123,118,241
126,134,260
126,139,265
130,156,286
131,163,294
130,163,293
146,144,290
147,157,304
160,151,311
156,226,382
245,218,463
307,154,461
326,158,484
225,153,378
165,125,290
171,150,321
196,133,329
185,124,309
191,107,298
166,134,300
172,130,302
158,122,280
145,107,252
133,106,239
172,138,310
193,124,317
199,117,316
166,121,287
151,142,293
135,144,279
130,169,299
136,183,319
153,194,347
159,198,357
182,163,345
203,126,329
200,157,357
208,133,341
197,141,338
217,119,336
208,109,317
208,99,307
184,119,303
179,135,314
194,137,331
185,135,320
178,146,324
146,138,284
139,108,247
181,128,309
181,129,310
169,125,294
164,132,296
162,140,302
154,171,325
157,171,328
164,163,327
161,160,321
164,157,321
145,153,298
153,149,302
173,127,300
168,130,298
179,134,313
156,150,306
152,136,288
153,132,285
198,150,348
232,146,378
247,147,394
249,153,402
236,139,375
212,141,353
187,143,330
187,143,330
197,112,309
215,113,328
191,124,315
174,124,298
180,153,333
204,148,352
200,146,346
216,153,369
218,152,370
221,166,387
221,156,377
248,193,441
269,171,440
278,170,448
280,136,416
224,144,368
217,134,351
186,128,314
171,116,287
186,137,323
188,126,314
186,110,296
163,107,270
145,113,258
134,114,248
155,114,269
160,120,280
162,131,293
160,121,281
128,110,238
165,90,255
135,127,262
158,121,279
146,135,281
147,124,271
200,121,321
216,111,327
212,100,312
155,102,257
135,115,250
133,119,252
134,118,252
133,128,261
96,140,236
129,157,286
123,175,298
131,167,298
146,159,305
132,165,297
123,161,284
124,155,279
121,155,276
133,147,280
143,134,277
152,145,297
149,131,280
161,113,274
166,111,277
165,112,277
167,161,328
198,129,327
195,122,317
193,110,303
159,143,302
176,120,296
168,112,280
176,287,463
157,449,606
173,456,629
176,450,626
414,196,610
466,182,648
506,137,643
291,133,424
257,167,424
230,124,354
236,151,387
255,124,379
192,134,326
170,137,307
128,147,275
116,155,271
122,160,282
122,178,300
125,173,298
124,171,295
118,165,283
144,158,302
143,192,335
139,208,347
129,210,339
150,187,337
156,187,343
173,176,349
160,160,320
165,170,335
145,183,328
127,197,324
105,210,315
119,202,321
149,203,352
168,197,365
171,178,349
160,170,330
156,159,315
138,162,300
138,153,291
135,143,278
154,124,278
151,110,261
145,102,247
143,182,325
157,203,360
152,218,370
127,245,372
97,229,326
166,212,378
198,208,406
201,200,401
173,201,374
176,192,368
174,191,365
175,188,363
206,164,370
221,175,396
222,169,391
188,181,369
175,177,352
173,197,370
194,183,377
191,184,375
214,185,399
222,163,385
256,134,390
230,132,362
195,129,324
157,117,274
154,85,239
172,122,294
157,125,282
127,114,241
142,115,257
163,141,304
191,122,313
221,103,324
183,97,280
174,132,306
152,129,281
156,120,276
175,123,298
168,128,296
180,124,304
155,106,261
162,129,291
171,155,326
164,167,331
174,157,331
171,178,349
175,171,346
160,165,325
156,163,319
155,156,311
148,155,303
145,150,295
142,146,288
147,143,290
146,133,279
142,133,275
146,134,280
133,138,271
154,120,274
149,115,264
148,116,264
127,121,248
123,116,239
131,98,229
140,97,237
134,100,234
125,105,230
130,134,264
165,131,296
199,104,303
184,115,299
154,117,271
127,130,257
135,130,265
123,153,276
126,180,306
103,210,313
136,210,346
142,210,352
138,211,349
183,156,339
215,130,345
218,115,333
196,167,363
192,159,351
192,165,357
156,166,322
87,173,260
132,172,304
145,170,315
139,168,307
131,172,303
135,161,296
135,158,293
115,157,272
128,149,277
130,151,281
114,153,267
118,164,282
122,160,282
131,147,278
124,149,273
126,147,273
118,139,257
123,151,274
130,163,293
117,178,295
125,181,306
153,170,323
159,171,330
145,183,328
138,182,320
127,182,309
131,181,312
157,158,315
179,129,308
183,109,292
176,125,301
189,127,316
172,127,299
178,131,309
158,131,289
134,125,259
140,115,255
145,94,239
128,109,237
162,117,279
164,113,277
164,113,277
159,117,276
153,147,300
178,123,301
176,109,285
183,129,312
159,124,283
173,128,301
169,118,287
160,105,265
160,139,299
177,127,304
186,123,309
172,111,283
156,100,256
147,132,279
158,133,291
158,157,315
205,132,337
195,143,338
210,132,342
176,125,301
192,148,340
211,131,342
222,150,372
221,158,379
217,132,349
220,142,362
214,140,354
214,171,385
244,136,380
228,151,379
231,247,478
234,201,435
251,180,431
272,151,423
239,163,402
263,143,406
293,122,415
270,150,420
233,146,379
197,157,354
172,174,346
147,183,330
159,188,347
158,203,361
153,217,370
140,233,373
143,236,379
163,205,368
172,192,364
197,153,350
210,116,326
224,152,376
220,147,367
214,138,352
219,152,371
212,142,354
194,155,349
174,158,332
145,171,316
148,191,339
153,179,332
143,177,320
157,153,310
163,132,295
176,108,284
162,97,259
150,92,242
137,81,218
142,136,278
145,130,275
149,143,292
155,141,296
161,131,292
167,112,279
175,90,265
166,118,284
156,110,266
150,102,252
149,111,260
148,138,286
173,112,285
169,117,286
173,107,280
145,104,249
152,107,259
147,104,251
147,126,273
148,139,287
162,142,304
192,112,304
188,123,311
181,103,284
155,107,262
167,111,278
151,124,275
160,112,272
155,146,301
184,119,303
185,102,287
190,144,334
168,133,301
165,124,289
169,115,284
159,139,298
193,118,311
204,93,297
194,116,310
155,139,294
177,155,332
206,156,362
211,153,364
185,153,338
158,152,310
147,154,301
150,151,301
155,144,299
157,156,313
164,158,322
159,176,335
162,182,344
153,209,362
154,229,383
166,234,400
167,221,388
169,213,382
216,144,360
229,115,344
245,96,341
190,145,335
176,146,322
163,137,300
158,139,297
145,137,282
142,140,282
130,164,294
152,138,290
180,127,307
188,157,345
165,180,345
158,181,339
141,186,327
159,201,360
154,203,357
147,236,383
179,223,402
179,245,424
201,275,476
189,301,490
222,274,496
361,146,507
352,177,529
341,186,527
205,155,360
230,134,364
249,147,396
236,155,391
203,181,384
182,164,346
160,148,308
195,163,358
210,135,345
218,118,336
182,105,287
140,114,254
162,110,272
165,110,275
151,181,332
211,145,356
203,144,347
222,135,357
143,132,275
159,114,273
160,115,275
166,143,309
176,125,301
185,130,315
178,144,322
138,158,296
136,165,301
136,182,318
139,179,318
139,185,324
151,161,312
157,148,305
176,130,306
159,120,279
140,112,252
143,98,241
142,128,270
167,110,277
168,100,268
162,122,284
146,132,278
140,145,285
151,143,294
150,144,294
154,181,335
150,187,337
149,186,335
163,171,334
169,176,345
161,179,340
170,182,352
162,207,369
165,222,387
160,259,419
152,252,404
175,224,399
185,196,381
209,166,375
218,140,358
221,123,344
208,117,325
197,116,313
189,109,298
170,171,341
186,143,329
197,139,336
196,141,337
152,123,275
174,108,282
177,92,269
168,116,284
155,122,277
153,136,289
150,171,321
193,145,338
193,133,326
199,113,312
154,113,267
149,101,250
155,126,281
161,125,286
138,129,267
140,139,279
131,147,278
138,140,278
141,148,289
145,153,298
150,155,305
149,161,310
144,184,328
142,184,326
141,176,317
142,166,308
148,165,313
138,168,306
124,171,295
122,168,290
114,174,288
134,166,300
139,168,307
135,171,306
133,172,305
135,179,314
139,171,310
138,166,304
135,164,299
139,156,295
128,170,298
140,160,300
154,157,311
147,142,289
174,131,305
160,134,294
158,128,286
148,293,441
155,309,464
147,309,456
146,300,446
239,203,442
255,175,430
295,124,419
224,114,338
216,109,325
163,106,269
158,112,270
166,128,294
173,206,379
208,179,387
213,164,377
203,179,382
139,181,320
170,192,362
179,166,345
209,187,396
257,170,427
246,181,427
245,180,425
205,170,375
210,175,385
223,160,383
215,137,352
200,127,327
189,122,311
185,146,331
187,152,339
171,188,359
140,194,334
131,194,325
143,187,330
157,182,339
159,173,332
157,164,321
147,161,308
155,157,312
144,175,319
162,175,337
168,166,334
177,162,339
161,159,320
153,165,318
150,163,313
153,160,313
137,172,309
142,165,307
154,146,300
160,154,314
166,142,308
142,167,309
138,186,324
134,185,319
147,175,322
155,172,327
148,178,326
134,183,317
134,181,315
137,175,312
142,169,311
158,150,308
159,148,307
142,145,287
135,151,286
134,153,287
138,154,292
133,159,292
131,165,296
138,167,305
144,165,309
142,157,299
148,154,302
133,163,296
133,172,305
121,188,309
133,224,357
139,221,360
139,213,352
175,175,350
197,160,357
224,134,358
191,129,320
155,127,282
133,126,259
133,135,268
127,137,264
134,127,261
136,121,257
131,134,265
126,128,254
133,126,259
141,120,261
126,117,243
133,108,241
127,103,230
122,121,243
123,136,259
121,147,268
130,142,272
134,157,291
141,159,300
137,180,317
149,178,327
165,184,349
161,180,341
154,191,345
152,207,359
148,194,342
153,194,347
174,182,356
212,134,346
226,102,328
227,131,358
188,127,315
172,129,301
185,157,342
180,143,323
204,120,324
193,136,329
179,194,373
205,164,369
227,130,357
238,152,390
211,150,361
190,149,339
174,130,304
153,106,259
191,127,318
200,131,331
214,134,348
183,162,345
177,156,333
183,126,309
181,115,296
170,109,279
138,110,248
125,109,234
124,110,234
124,124,248
119,135,254
119,158,277
130,158,288
139,169,308
134,169,303
159,164,323
195,159,354
212,175,387
224,167,391
196,169,365
250,145,395
238,149,387
252,123,375
224,154,378
207,182,389
235,174,409
213,174,387
198,173,371
168,161,329
177,149,326
169,153,322
171,139,310
168,130,298
181,118,299
165,112,277
152,119,271
147,126,273
149,130,279
154,110,264
161,98,259
161,123,284
160,120,280
163,110,273
158,132,290
158,118,276
185,87,272
183,139,322
171,147,318
155,132,287
159,122,281
147,106,253
135,103,238
144,93,237
146,150,296
185,131,316
212,148,360
228,134,362
196,121,317
167,111,278
139,109,248
130,112,242
123,116,239
129,121,250
158,142,300
197,137,334
237,165,402
245,158,403
224,139,363
212,147,359
180,134,314
183,127,310
195,118,313
189,104,293
180,110,290
154,105,259
152,121,273
155,118,273
149,105,254
169,97,266
165,105,270
159,133,292
153,123,276
158,117,275
174,125,299
171,104,275
187,107,294
175,126,301
142,131,273
135,127,262
114,132,246
131,127,258
146,137,283
167,119,286
185,109,294
162,102,264
156,133,289
152,134,286
156,125,281
161,107,268
159,94,253
167,176,343
180,152,332
185,137,322
180,132,312
136,136,272
144,130,274
137,131,268
139,143,282
129,158,287
131,159,290
143,150,293
169,119,288
165,114,279
163,96,259
146,100,246
147,89,236
146,146,292
168,124,292
177,113,290
189,96,285
165,134,299
173,126,299
169,115,284
174,135,309
171,111,282
166,97,263
183,125,308
147,133,280
150,137,287
154,127,281
142,117,259
143,105,248
148,101,249
139,110,249
152,98,250
158,146,304
158,165,323
162,187,349
161,181,342
149,172,321
168,216,384
156,211,367
160,211,371
165,212,377
181,188,369
183,177,360
192,171,363
162,183,345
166,180,346
192,180,372
197,191,388
195,198,393
193,162,355
205,157,362
202,159,361
200,139,339
208,133,341
195,175,370
227,152,379
246,128,374
263,149,412
239,121,360
204,154,358
203,130,333
218,148,366
236,138,374
213,129,342
181,119,300
173,116,289
179,110,289
174,145,319
186,134,320
172,128,300
160,116,276
135,101,236
151,89,240
142,112,254
137,118,255
151,107,258
158,108,266
172,134,306
173,128,301
185,141,326
177,141,318
153,129,282
168,101,269
167,90,257
156,149,305
176,122,298
170,119,289
187,104,291
138,100,238
151,116,267
159,92,251
167,101,268
154,98,252
144,122,266
149,127,276
141,127,268
141,120,261
151,113,264
154,114,268
146,112,258
148,110,258
152,108,260
148,108,256
161,158,319
190,137,327
196,146,342
187,142,329
147,129,276
161,123,284
164,120,284
155,103,258
153,108,261
168,101,269
166,119,285
180,93,273
171,103,274
162,115,277
132,110,242
133,107,240
139,93,232
145,81,226
144,167,311
157,249,406
266,161,427
279,172,451
237,163,400
128,169,297
134,166,300
165,139,304
188,131,319
179,124,303
167,122,289
151,158,309
173,157,330
163,174,337
181,143,324
156,148,304
190,140,330
150,156,306
144,162,306
136,168,304
151,162,313
161,156,317
162,177,339
158,183,341
196,157,353
199,159,358
185,155,340
163,144,307
182,117,299
202,121,323
227,206,433
229,180,409
200,184,384
173,182,355
85,183,268
131,166,297
142,167,309
145,165,310
130,167,297
126,164,290
129,167,296
128,162,290
127,165,292
129,159,288
128,160,288
133,155,288
128,154,282
138,149,287
140,140,280
150,135,285
143,138,281
143,141,284
138,136,274
133,166,299
132,171,303
134,170,304
136,200,336
132,222,354
117,250,367
139,265,404
172,254,426
176,265,441
210,247,457
205,243,448
252,226,478
264,188,452
279,166,445
261,202,463
268,173,441
264,159,423
264,155,419
197,189,386
194,176,370
219,163,382
217,202,419
211,180,391
239,149,388
258,133,391
223,106,329
218,159,377
218,150,368
204,128,332
211,124,335
168,121,289
157,293,450
163,300,463
170,298,468
181,277,458
260,188,448
228,181,409
266,170,436
237,124,361
218,114,332
192,118,310
155,115,270
140,125,265
146,124,270
141,130,271
136,136,272
151,116,267
158,124,282
164,119,283
169,112,281
165,119,284
154,114,268
152,107,259
161,91,252
164,131,295
150,140,290
163,151,314
162,149,311
167,135,302
164,158,322
186,121,307
198,104,302
186,112,298
135,117,252
131,158,289
120,168,288
110,175,285
127,180,307
126,196,322
132,213,345
171,180,351
185,164,349
195,140,335
182,114,296
183,95,278
168,131,299
153,132,285
152,122,274
162,160,322
193,129,322
203,112,315
201,123,324
166,142,308
193,131,324
206,146,352
218,118,336
211,131,342
217,129,346
187,132,319
202,134,336
180,158,338
192,159,351
166,157,323
172,149,321
168,143,311
157,133,290
145,134,279
174,139,313
197,113,310
205,102,307
159,102,261
129,100,229
122,120,242
127,113,240
135,105,240
133,103,236
133,95,228
138,94,232
133,88,221
137,106,243
139,103,242
134,97,231
129,96,225
104,94,198
130,128,258
123,154,277
127,162,289
127,168,295
115,168,283
121,163,284
120,167,287
130,165,295
130,163,293
129,172,301
129,172,301
145,187,332
154,215,369
156,235,391
153,251,404
149,270,419
170,256,426
207,216,423
230,183,413
259,206,465
253,199,452
240,179,419
199,201,400
175,202,377
168,209,377
180,223,403
187,234,421
212,238,450
223,235,458
211,247,458
194,235,429
221,209,430
274,162,436
286,129,415
229,135,364
171,152,323
128,162,290
122,159,281
115,159,274
124,160,284
143,147,290
139,150,289
136,157,293
119,164,283
121,177,298
132,196,328
129,197,326
129,199,328
158,167,325
183,137,320
208,116,324
198,108,306
169,115,284
169,101,270
167,142,309
186,122,308
197,104,301
196,100,296
165,96,261
137,103,240
124,109,233
125,113,238
132,112,244
143,109,252
151,120,271
154,120,274
148,112,260
141,118,259
143,116,259
147,105,252
162,109,271
165,121,286
155,131,286
149,130,279
158,108,266
151,96,247
159,122,281
155,135,290
157,128,285
153,119,272
145,117,262
145,120,265
137,131,268
134,120,254
137,118,255
145,102,247
141,97,238
147,99,246
135,99,234
143,154,297
174,138,312
187,121,308
198,115,313
168,120,288
141,119,260
140,116,256
140,134,274
136,143,279
147,147,294
173,148,321
182,140,322
184,131,315
155,125,280
141,117,258
139,124,263
140,123,263
137,112,249
143,108,251
145,112,257
146,105,251
150,95,245
143,92,235
136,124,260
156,124,280
155,126,281
136,138,274
142,137,279
145,141,286
154,146,300
130,158,288
126,157,283
132,154,286
138,158,296
139,158,297
122,152,274
158,133,291
187,107,294
171,96,267
178,82,260
149,110,259
136,136,272
137,128,265
143,120,263
139,111,250
125,97,222
133,94,227
133,85,218
138,118,256
150,109,259
152,101,253
136,90,226
141,117,258
146,115,261
146,120,266
127,119,246
124,122,246
128,132,260
135,127,262
146,129,275
155,121,276
149,124,273
163,109,272
154,142,296
163,147,310
160,142,302
165,179,344
153,186,339
148,195,343
163,180,343
179,170,349
206,153,359
196,142,338
188,166,354
220,183,403
245,184,429
250,196,446
237,175,412
259,178,437
261,179,440
245,172,417
201,166,367
145,168,313
160,172,332
156,167,323
156,161,317
165,174,339
149,188,337
160,201,361
194,179,373
244,151,395
270,142,412
248,168,416
245,163,408
226,153,379
191,130,321
156,122,278
163,101,264
163,140,303
162,149,311
157,161,318
157,163,320
154,152,306
162,146,308
153,147,300
137,164,301
133,187,320
136,195,331
130,192,322
148,172,320
163,154,317
158,168,326
138,193,331
118,208,326
141,198,339
151,196,347
157,184,341
152,183,335
138,182,320
140,173,313
140,167,307
130,164,294
131,158,289
124,158,282
134,164,298
120,175,295
125,178,303
120,180,300
146,160,306
167,139,306
172,142,314
148,138,286
131,135,266
129,135,264
129,138,267
132,137,269
135,134,269
142,134,276
136,119,255
158,102,260
146,94,240
143,88,231
130,97,227
121,111,232
124,116,240
125,122,247
120,125,245
110,128,238
120,127,247
124,175,299
125,208,333
124,222,346
131,231,362
151,228,379
185,200,385
191,195,386
196,182,378
179,172,351
173,168,341
150,163,313
149,145,294
172,128,300
177,140,317
159,166,325
131,167,298
159,138,297
171,152,323
169,177,346
148,191,339
138,182,320
147,172,319
147,161,308
150,155,305
170,121,291
166,117,283
159,106,265
134,102,236
125,104,229
109,103,212
123,109,232
114,110,224
136,97,233
135,119,254
113,132,245
124,135,259
127,139,266
128,144,272
119,160,279
121,164,285
137,154,291
139,153,292
126,149,275
122,162,284
131,152,283
138,162,300
109,178,287
124,182,306
240,175,415
289,151,440
287,133,420
198,110,308
152,103,255
150,103,253
133,101,234
122,108,230
121,127,248
105,153,258
122,168,290
131,157,288
143,149,292
150,143,293
138,153,291
112,178,290
124,191,315
125,192,317
129,198,327
158,160,318
160,173,333
191,192,383
170,213,383
166,233,399
204,219,423
204,214,418
240,186,426
239,166,405
258,132,390
236,162,398
230,165,395
219,179,398
222,153,375
218,160,378
244,135,379
215,127,342
190,135,325
182,136,318
196,140,336
187,130,317
151,139,290
143,149,292
142,151,293
142,158,300
133,181,314
135,185,320
135,190,325
147,176,323
151,160,311
158,163,321
144,148,292
132,146,278
134,146,280
125,171,296
133,171,304
133,187,320
141,183,324
152,183,335
152,190,342
149,198,347
139,222,361
139,227,366
148,230,378
172,210,382
187,202,389
183,212,395
154,227,381
154,240,394
152,235,387
176,219,395
176,215,391
212,189,401
187,185,372
168,186,354
156,176,332
154,217,371
147,233,380
135,332,467
148,374,522
197,342,539
226,314,540
346,197,543
289,194,483
267,170,437
174,152,326
166,156,322
139,156,295
122,160,282
108,158,266
117,153,270
126,148,274
123,150,273
119,171,290
128,180,308
133,192,325
159,183,342
166,171,337
182,149,331
176,148,324
167,146,313
154,136,290
154,142,296
146,133,279
148,121,269
150,105,255
160,86,246
153,135,288
145,140,285
148,137,285
138,142,280
117,153,270
115,145,260
148,144,292
157,148,305
157,152,309
154,148,302
151,140,291
157,128,285
144,115,259
161,101,262
164,111,275
165,102,267
159,98,257
147,82,229
141,110,251
137,131,268
141,136,277
150,133,283
173,119,292
209,130,339
210,132,342
210,138,348
193,129,322
171,130,301
157,136,293
132,124,256
119,130,249
131,127,258
124,123,247
169,122,291
180,111,291
190,109,299
151,103,254
162,150,312
180,141,321
168,149,317
170,139,309
156,141,297
184,120,304
181,153,334
166,163,329
155,162,317
148,169,317
158,157,315
164,149,313
167,150,317
163,163,326
152,160,312
141,164,305
138,186,324
148,192,340
146,194,340
170,180,350
161,174,335
169,156,325
185,149,334
189,156,345
173,172,345
176,183,359
209,142,351
232,119,351
240,159,399
229,142,371
196,131,327
175,133,308
136,138,274
142,137,279
134,140,274
136,161,297
130,172,302
131,178,309
112,179,291
122,179,301
136,162,298
154,163,317
151,159,310
134,164,298
122,165,287
130,165,295
130,160,290
167,130,297
160,100,260
198,103,301
177,102,279
140,143,283
156,143,299
163,136,299
132,139,271
129,159,288
133,165,298
157,150,307
159,149,308
174,135,309
158,160,318
142,170,312
142,180,322
132,190,322
122,207,329
116,212,328
155,182,337
166,184,350
156,191,347
141,199,340
155,173,328
186,145,331
228,107,335
213,106,319
188,92,280
141,111,252
165,97,262
153,105,258
155,133,288
139,138,277
173,117,290
177,103,280
169,121,290
149,115,264
167,133,300
195,103,298
179,103,282
177,137,314
179,117,296
185,110,295
167,114,281
148,111,259
137,110,247
140,121,261
145,120,265
144,123,267
136,126,262
124,127,251
124,131,255
128,134,262
129,140,269
127,147,274
127,153,280
137,152,289
138,151,289
144,147,291
136,150,286
142,151,293
137,166,303
135,181,316
134,201,335
133,220,353
137,215,352
138,218,356
188,174,362
215,140,355
238,168,406
233,142,375
231,136,367
232,147,379
212,138,350
210,133,343
221,134,355
210,144,354
210,142,352
214,119,333
199,126,325
198,113,311
185,92,277
168,143,311
158,139,297
159,153,312
154,158,312
209,125,334
206,117,323
210,114,324
144,116,260
139,115,254
140,117,257
138,124,262
130,129,259
126,132,258
124,134,258
129,133,262
133,132,265
137,128,265
145,127,272
141,133,274
139,139,278
132,153,285
146,144,290
154,159,313
159,193,352
149,240,389
155,242,397
174,254,428
199,244,443
182,235,417
210,213,423
226,210,436
237,219,456
207,246,453
186,254,440
179,266,445
193,253,446
225,222,447
217,223,440
211,198,409
208,157,365
217,141,358
222,111,333
191,93,284
171,95,266
156,97,253
137,109,246
140,117,257
137,118,255
128,123,251
131,118,249
127,115,242
130,114,244
133,103,236
123,104,227
143,96,239
144,94,238
147,95,242
129,103,232
126,107,233
130,106,236
134,95,229
141,100,241
144,93,237
138,98,236
135,95,230
120,91,211
129,94,223
137,95,232
126,101,227
130,104,234
133,102,235
149,86,235
140,91,231
137,100,237
122,99,221
124,100,224
128,98,226
127,94,221
131,96,227
124,93,217
139,95,234
132,100,232
128,137,265
152,143,295
157,149,306
170,152,322
158,163,321
159,168,327
155,165,320
148,156,304
151,151,302
157,135,292
173,117,290
174,110,284
169,107,276
163,132,295
153,128,281
149,135,284
163,117,280
158,101,259
167,117,284
152,110,262
158,102,260
156,124,280
163,116,279
166,122,288
175,118,293
164,118,282
165,128,293
132,121,253
136,126,262
138,134,272
129,144,273
130,149,279
121,152,273
129,158,287
120,161,281
132,177,309
129,196,325
127,206,333
136,198,334
156,183,339
158,193,351
143,205,348
144,198,342
139,198,337
187,139,326
206,115,321
220,101,321
184,115,299
169,98,267
171,85,256
162,101,263
141,101,242
130,104,234
140,100,240
139,97,236
137,104,241
132,105,237
128,98,226
145,97,242
134,99,233
136,163,299
156,165,321
173,158,331
176,160,336
157,153,310
160,161,321
153,160,313
152,166,318
138,162,300
148,181,329
169,182,351
166,187,353
162,188,350
158,191,349
163,195,358
146,193,339
155,206,361
159,194,353
158,181,339
157,161,318
157,151,308
158,143,301
150,150,300
166,126,292
169,108,277
167,110,277
153,111,264
167,107,274
172,158,330
161,173,334
179,204,383
216,185,401
229,157,386
244,133,377
206,134,340
193,172,365
220,145,365
221,308,529
380,156,536
358,170,528
397,135,532
230,144,374
242,127,369
224,139,363
208,118,326
197,113,310
172,116,288
135,112,247
138,124,262
146,111,257
146,107,253
146,105,251
133,104,237
114,106,220
121,112,233
123,113,236
133,98,231
140,97,237
122,103,225
125,100,225
126,99,225
121,105,226
126,108,234
122,107,229
127,108,235
126,138,264
124,159,283
137,156,293
137,160,297
128,161,289
139,164,303
137,172,309
109,170,279
123,167,290
137,138,275
164,115,279
169,109,278
163,96,259
150,159,309
163,134,297
168,128,296
155,125,280
125,162,287
187,137,324
196,129,325
192,113,305
164,110,274
155,97,252
154,119,273
161,118,279
156,108,264
162,109,271
158,99,257
157,103,260
158,111,269
157,92,249
163,130,293
159,133,292
174,113,287
184,98,282
186,110,296
169,115,284
147,119,266
152,126,278
168,114,282
168,199,367
160,280,440
140,289,429
144,271,415
170,250,420
273,177,450
228,145,373
213,130,343
192,110,302
173,99,272
166,102,268
153,92,245
134,125,259
145,128,273
146,122,268
144,136,280
139,134,273
150,131,281
156,145,301
155,144,299
183,109,292
182,106,288
164,115,279
133,136,269
123,141,264
128,147,275
124,147,271
121,150,271
128,148,276
144,138,282
186,122,308
204,178,382
229,143,372
202,127,329
222,118,340
199,131,330
206,121,327
177,122,299
169,169,338
202,127,329
218,110,328
196,171,367
196,160,356
205,160,365
229,188,417
204,189,393
214,183,397
197,188,385
195,197,392
169,255,424
156,265,421
177,253,430
222,210,432
259,168,427
299,126,425
245,166,411
251,143,394
223,140,363
204,148,352
197,168,365
229,135,364
268,118,386
230,135,365
196,131,327
186,124,310
175,128,303
166,126,292
142,116,258
134,114,248
165,92,257
172,81,253
168,121,289
133,125,258
149,107,256
148,107,255
146,99,245
147,120,267
151,119,270
137,153,290
147,153,300
182,118,300
194,146,340
206,113,319
182,115,297
189,117,306
157,119,276
157,127,284
148,129,277
156,107,263
172,143,315
169,134,303
160,124,284
133,118,251
125,110,235
143,85,228
144,155,299
141,178,319
145,172,317
136,179,315
112,181,293
127,186,313
128,192,320
143,188,331
138,210,348
149,242,391
153,242,395
155,250,405
184,203,387
195,173,368
218,155,373
171,144,315
143,125,268
149,129,278
149,119,268
152,124,276
175,107,282
190,119,309
190,114,304
158,95,253
169,119,288
161,113,274
147,97,244
147,127,274
152,140,292
153,148,301
141,151,292
141,137,278
159,116,275
159,104,263
155,96,251
143,118,261
149,115,264
147,112,259
151,92,243
145,117,262
161,129,290
181,95,276
176,118,294
172,103,275
139,89,228
143,100,243
138,86,224
139,90,229
129,84,213
132,139,271
135,148,283
148,136,284
153,123,276
147,119,266
149,103,252
145,107,252
162,132,294
157,132,289
148,120,268
143,122,265
150,132,282
140,136,276
138,134,272
145,119,264
149,106,255
147,94,241
134,94,228
140,138,278
155,115,270
156,105,261
147,98,245
105,112,217
141,126,267
148,113,261
151,102,253
151,98,249
154,142,296
179,131,310
179,135,314
167,132,299
152,113,265
154,107,261
164,112,276
173,106,279
161,90,251
159,132,291
139,128,267
158,112,270
153,104,257
163,123,286
159,127,286
177,142,319
199,160,359
211,135,346
209,130,339
193,138,331
192,126,318
195,117,312
187,115,302
168,117,285
170,118,288
173,158,331
193,146,339
203,157,360
223,131,354
202,120,322
226,145,371
222,139,361
231,126,357
223,108,331
185,113,298
157,121,278
131,122,253
144,109,253
167,122,289
161,124,285
148,122,270
132,116,248
131,111,242
134,114,248
141,116,257
132,112,244
120,106,226
118,110,228
123,111,234
118,121,239
121,132,253
124,139,263
126,139,265
136,129,265
165,110,275
162,120,282
149,124,273
129,126,255
137,123,260
130,123,253
124,121,245
135,121,256
133,126,259
130,131,261
128,127,255
122,120,242
126,129,255
124,137,261
123,139,262
130,126,256
137,125,262
140,124,264
125,126,251
123,121,244
124,122,246
122,133,255
125,153,278
116,162,278
124,172,296
125,171,296
137,161,298
137,164,301
131,171,302
138,159,297
153,166,319
156,188,344
155,196,351
134,194,328
138,183,321
165,151,316
171,145,316
164,155,319
131,166,297
120,183,303
128,173,301
135,170,305
143,167,310
151,158,309
143,147,290
145,127,272
169,125,294
181,96,277
176,94,270
132,103,235
119,109,228
119,111,230
129,105,234
130,96,226
135,88,223
118,88,206
120,87,207
117,79,196
126,95,221
123,130,253
124,159,283
130,182,312
133,184,317
140,194,334
138,206,344
134,202,336
130,189,319
139,180,319
173,161,334
181,164,345
170,165,335
159,162,321
158,151,309
154,146,300
160,126,286
163,111,274
176,130,306
192,141,333
210,121,331
186,103,289
170,86,256
162,112,274
151,116,267
140,104,244
145,142,287
160,139,299
181,138,319
188,120,308
187,126,313
186,128,314
150,111,261
156,100,256
148,128,276
163,100,263
174,124,298
186,123,309
157,116,273
168,109,277
161,117,278
154,109,263
170,109,279
164,116,280
167,133,300
166,175,341
219,131,350
228,133,361
219,133,352
172,125,297
162,141,303
162,148,310
192,125,317
212,148,360
237,175,412
257,195,452
278,161,439
267,162,429
199,171,370
149,174,323
156,187,343
175,183,358
169,192,361
190,169,359
210,137,347
228,130,358
219,117,336
190,125,315
170,136,306
153,144,297
156,153,309
157,154,311
153,148,301
151,144,295
139,154,293
139,159,298
166,135,301
177,119,296
172,107,279
149,101,250
148,90,238
164,101,265
157,94,251
155,117,272
154,123,277
142,127,269
148,130,278
151,134,285
144,130,274
161,130,291
189,117,306
200,109,309
186,107,293
152,103,255
144,105,249
148,99,247
146,105,251
145,104,249
140,99,239
141,106,247
143,101,244
140,106,246
143,105,248
140,98,238
143,181,324
165,257,422
304,138,442
336,136,472
312,109,421
202,124,326
186,113,299
164,106,270
156,105,261
149,104,253
151,101,252
147,102,249
144,98,242
145,95,240
149,118,267
151,109,260
156,100,256
158,100,258
149,95,244
150,99,249
156,93,249
147,108,255
150,100,250
143,96,239
152,124,276
156,110,266
165,97,262
163,156,319
154,153,307
168,135,303
168,116,284
155,101,256
168,178,346
172,182,354
207,132,339
209,125,334
168,122,290
152,127,279
137,128,265
124,136,260
120,147,267
121,152,273
133,150,283
142,152,294
137,162,299
147,165,312
139,171,310
136,172,308
115,175,290
120,173,293
143,290,433
152,428,580
147,427,574
162,392,554
443,121,564
458,133,591
421,135,556
167,125,292
183,101,284
181,144,325
192,128,320
179,133,312
208,118,326
189,108,297
166,108,274
144,99,243
125,106,231
137,101,238
132,102,234
131,103,234
127,101,228
135,119,254
151,166,317
186,149,335
187,131,318
183,122,305
138,110,248
154,101,255
147,100,247
145,154,299
164,137,301
174,136,310
195,149,344
208,197,405
226,185,411
238,184,422
232,193,425
175,189,364
191,211,402
249,174,423
272,153,425
243,139,382
203,150,353
173,171,344
154,174,328
148,178,326
148,178,326
134,184,318
131,187,318
133,190,323
137,205,342
143,214,357
127,227,354
153,222,375
173,209,382
211,185,396
194,174,368
167,171,338
136,170,306
139,158,297
139,153,292
151,153,304
130,152,282
134,178,312
135,186,321
127,192,319
134,196,330
133,201,334
152,196,348
173,172,345
188,152,340
182,146,328
152,149,301
136,149,285
115,152,267
126,156,282
125,167,292
120,168,288
121,175,296
127,180,307
116,201,317
133,203,336
137,198,335
146,201,347
178,168,346
179,153,332
185,151,336
158,138,296
134,145,279
123,153,276
125,160,285
132,149,281
134,146,280
146,146,292
127,148,275
124,149,273
138,137,275
144,154,298
155,150,305
145,164,309
157,174,331
159,187,346
153,203,356
141,217,358
141,224,365
155,208,363
167,196,363
205,186,391
212,191,403
212,176,388
167,171,338
168,163,331
158,145,303
159,127,286
149,105,254
161,92,253
154,125,279
151,126,277
157,114,271
141,111,252
138,98,236
158,117,275
178,182,360
208,166,374
208,178,386
186,188,374
120,187,307
141,193,334
134,196,330
145,176,321
197,138,335
186,143,329
183,130,313
145,124,269
140,123,263
135,128,263
142,122,264
134,137,271
115,153,268
128,145,273
127,146,273
129,138,267
130,138,268
117,143,260
121,150,271
120,153,273
124,143,267
127,136,263
148,121,269
150,122,272
177,121,298
158,133,291
174,138,312
143,153,296
144,160,304
131,168,299
110,196,306
121,205,326
126,213,339
119,256,375
166,223,389
193,209,402
217,195,412
203,164,367
208,148,356
213,135,348
215,133,348
220,154,374
223,168,391
215,154,369
224,126,350
209,106,315
197,112,309
173,95,268
161,151,312
161,185,346
165,188,353
177,178,355
165,179,344
199,166,365
178,174,352
218,154,372
214,149,363
238,116,354
213,108,321
199,108,307
153,117,270
150,131,281
146,121,267
147,154,301
169,122,291
181,125,306
188,120,308
141,124,265
140,137,277
110,142,252
128,142,270
141,142,283
140,154,294
148,157,305
134,169,303
137,177,314
164,147,311
178,136,314
184,129,313
151,126,277
146,115,261
144,111,255
139,104,243
136,98,234
118,111,229
135,114,249
134,110,244
145,128,273
154,126,280
162,127,289
159,116,275
156,108,264
140,116,256
135,109,244
142,108,250
150,107,257
128,106,234
125,113,238
121,138,259
128,156,284
140,154,294
154,169,323
158,182,340
146,188,334
145,184,329
159,173,332
146,171,317
149,182,331
153,174,327
138,176,314
149,173,322
112,197,309
126,206,332
132,213,345
131,207,338
174,176,350
168,167,335
174,174,348
143,184,327
142,199,341
137,214,351
149,219,368
149,215,364
172,181,353
193,176,369
208,158,366
229,183,412
219,158,377
226,149,375
192,131,323
153,167,320
190,138,328
193,132,325
205,117,322
191,146,337
185,137,322
182,133,315
154,116,270
142,104,246
147,126,273
169,100,269
170,135,305
166,145,311
148,154,302
177,125,302
161,109,270
191,91,282
170,110,280
157,125,282
144,127,271
143,125,268
168,98,266
172,103,275
169,110,279
145,115,260
157,137,294
184,107,291
183,89,272
179,115,294
149,125,274
173,114,287
184,105,289
175,116,291
172,82,254
162,101,263
158,103,261
141,128,269
165,114,279
163,103,266
159,84,243
150,90,240
124,112,236
124,130,254
149,149,298
153,162,315
159,170,329
169,170,339
196,154,350
190,149,339
170,148,318
157,138,295
138,149,287
130,151,281
129,154,283
131,157,288
120,165,285
128,174,302
130,188,318
123,191,314
127,193,320
149,188,337
151,197,348
146,209,355
146,187,333
161,164,325
179,143,322
168,126,294
154,117,271
148,101,249
136,101,237
136,99,235
133,93,226
139,117,256
143,105,248
145,105,250
148,92,240
143,164,307
174,144,318
163,139,302
159,155,314
130,160,290
112,157,269
135,151,286
142,133,275
144,135,279
141,130,271
146,130,276
176,109,285
184,106,290
190,155,345
189,134,323
174,138,312
143,146,289
128,132,260
138,146,284
134,174,308
114,173,287
126,174,300
128,163,291
133,160,293
121,155,276
128,152,280
126,155,281
121,164,285
115,160,275
125,175,300
127,196,323
125,223,348
111,225,336
126,211,337
190,159,349
189,151,340
191,141,332
136,130,266
146,117,263
138,112,250
132,135,267
153,112,265
178,99,277
180,148,328
155,137,292
157,139,296
145,140,285
128,123,251
136,126,262
127,139,266
128,149,277
137,150,287
134,145,279
136,139,275
129,134,263
127,149,276
116,148,264
127,140,267
130,130,260
132,133,265
123,133,256
115,139,254
121,136,257
121,133,254
111,137,248
123,133,256
120,125,245
129,117,246
131,114,245
125,121,246
98,125,223
126,124,250
138,112,250
143,100,243
148,90,238
130,85,215
115,85,200
120,85,205
123,189,312
203,177,380
268,140,408
285,128,413
210,109,319
167,114,281
172,108,280
159,119,278
174,89,263
175,119,294
173,112,285
135,102,237
146,104,250
143,98,241
148,91,239
137,113,250
148,103,251
146,103,249
156,117,273
152,101,253
155,96,251
139,87,226
130,103,233
141,111,252
138,103,241
152,129,281
159,130,289
154,145,299
198,181,379
237,140,377
238,127,365
221,105,326
180,126,306
180,154,334
158,167,325
192,162,354
179,171,350
196,179,375
178,333,511
178,347,525
162,386,548
209,336,545
301,243,544
324,194,518
247,165,412
214,148,362
178,147,325
175,118,293
171,94,265
169,101,270
150,107,257
129,110,239
121,117,238
102,121,223
131,116,247
128,123,251
113,126,239
118,131,249
143,111,254
141,115,256
135,122,257
128,124,252
124,139,263
135,140,275
139,133,272
143,135,278
151,130,281
150,128,278
158,131,289
154,120,274
144,120,264
151,149,300
183,109,292
207,135,342
215,121,336
182,104,286
168,121,289
140,151,291
170,150,320
206,154,360
230,105,335
217,154,371
213,141,354
163,136,299
169,152,321
132,168,300
122,172,294
170,132,302
171,128,299
176,121,297
117,116,233
130,118,248
139,109,248
148,123,271
163,117,280
163,102,265
158,82,240
148,103,251
127,107,234
136,122,258
132,131,263
131,139,270
122,144,266
130,146,276
167,122,289
175,115,290
177,112,289
141,106,247
119,119,238
120,135,255
116,144,260
125,138,263
129,136,265
122,134,256
120,140,260
126,140,266
122,133,255
140,118,258
138,114,252
137,109,246
129,116,245
118,116,234
124,121,245
122,133,255
136,147,283
143,151,294
156,146,302
151,145,296
166,128,294
168,108,276
169,102,271
161,101,262
141,101,242
141,105,246
143,178,321
164,156,320
155,151,306
186,117,303
130,107,237
164,149,313
180,115,295
193,95,288
173,90,263
147,120,267
131,141,272
136,147,283
140,151,291
135,169,304
139,170,309
125,194,319
132,217,349
138,219,357
137,224,361
161,216,377
167,214,381
175,213,388
159,213,372
148,234,382
192,196,388
183,193,376
195,183,378
157,171,328
152,170,322
155,178,333
132,186,318
125,194,319
121,212,333
151,211,362
162,242,404
146,265,411
155,265,420
172,263,435
211,244,455
228,237,465
230,228,458
219,229,448
213,197,410
214,162,376
205,140,345
182,123,305
159,108,267
147,96,243
145,110,255
147,102,249
147,90,237
150,110,260
137,100,237
155,85,240
149,104,253
142,98,240
142,87,229
143,108,251
145,93,238
142,88,230
147,103,250
140,96,236
146,110,256
145,101,246
143,95,238
136,86,222
136,92,228
145,105,250
146,100,246
146,85,231
140,109,249
145,94,239
144,104,248
147,96,243
142,84,226
143,110,253
143,100,243
142,93,235
142,108,250
133,101,234
149,95,244
148,82,230
145,114,259
140,106,246
134,98,232
156,111,267
152,105,257
154,95,249
141,93,234
146,112,258
155,98,253
157,87,244
149,108,257
149,95,244
147,114,261
153,94,247
147,84,231
150,116,266
141,106,247
142,95,237
139,90,229
132,101,233
138,95,233
142,127,269
145,123,268
164,135,299
191,98,289
204,142,346
197,137,334
167,122,289
161,104,265
148,98,246
149,105,254
160,90,250
148,142,290
146,161,307
161,138,299
173,135,308
139,135,274
118,132,250
121,136,257
124,139,263
128,137,265
136,153,289
149,152,301
162,149,311
141,154,295
167,144,311
147,151,298
148,161,309
125,175,300
125,187,312
116,201,317
136,195,331
134,202,336
137,184,321
154,170,324
174,137,311
190,108,298
182,111,293
160,100,260
145,94,239
134,96,230
125,126,251
153,105,258
159,93,252
174,119,293
155,114,269
159,113,272
179,108,287
190,122,312
193,141,334
173,144,317
156,143,299
152,143,295
141,143,284
147,145,292
145,140,285
147,129,276
127,121,248
146,105,251
147,102,249
151,118,269
159,107,266
158,106,264
154,95,249
153,138,291
164,124,288
165,106,271
166,137,303
173,145,318
163,145,308
175,145,320
153,146,299
151,145,296
135,139,274
149,110,259
160,90,250
153,93,246
142,151,293
155,148,303
176,148,324
175,197,372
125,213,338
101,222,323
118,229,347
172,181,353
189,181,370
220,161,381
185,153,338
181,150,331
176,130,306
185,117,302
178,128,306
151,151,302
136,149,285
142,150,292
140,148,288
150,134,284
128,133,261
131,152,283
120,171,291
134,172,306
153,160,313
181,137,318
180,139,319
155,138,293
136,132,268
127,121,248
142,109,251
137,103,240
145,88,233
143,91,234
136,125,261
158,98,256
164,129,293
177,125,302
130,132,262
157,132,289
142,154,296
142,151,293
144,152,296
160,146,306
171,127,298
177,109,286
166,140,306
170,125,295
163,141,304
175,139,314
155,140,295
167,130,297
170,118,288
196,159,355
210,172,382
197,183,380
207,152,359
180,152,332
182,162,344
145,157,302
190,159,349
216,117,333
218,99,317
183,100,283
134,126,260
157,104,261
163,134,297
174,122,296
194,84,278
193,140,333
163,132,295
139,118,257
147,100,247
123,103,226
153,93,246
147,127,274
159,120,279
142,113,255
172,118,290
185,105,290
198,106,304
169,105,274
150,114,264
153,114,267
154,110,264
151,92,243
160,116,276
159,111,270
173,123,296
171,128,299
165,121,286
143,125,268
145,120,265
141,116,257
146,112,258
137,117,254
140,127,267
125,120,245
140,108,248
158,179,337
169,155,324
192,174,366
185,190,375
95,184,279
141,164,305
153,165,318
141,172,313
136,161,297
126,169,295
126,169,295
113,164,277
117,160,277
123,158,281
126,170,296
131,164,295
121,162,283
131,169,300
109,195,304
113,210,323
128,214,342
133,231,364
165,215,380
167,203,370
170,242,412
184,232,416
184,225,409
206,198,404
208,161,369
196,152,348
172,153,325
130,151,281
132,143,275
109,138,247
120,155,275
118,159,277
113,160,273
130,165,295
137,156,293
123,159,282
129,152,281
143,133,276
128,127,255
140,132,272
121,137,258
119,141,260
119,151,270
122,174,296
137,186,323
147,200,347
149,213,362
140,212,352
137,224,361
165,218,383
171,215,386
176,210,386
174,253,427
281,142,423
281,134,415
250,141,391
130,129,259
140,133,273
149,147,296
136,161,297
134,164,298
125,154,279
125,161,286
116,427,543
122,438,560
122,446,568
436,141,577
439,151,590
457,156,613
129,184,313
138,201,339
135,215,350
121,230,351
149,204,353
165,201,366
174,190,364
140,195,335
156,177,333
145,175,320
149,177,326
158,154,312
173,164,337
173,178,351
148,176,324
135,176,311
135,178,313
117,183,300
114,197,311
139,192,331
129,191,320
152,171,323
150,162,312
150,149,299
144,150,294
135,144,279
123,157,280
121,164,285
126,170,296
125,174,299
126,175,301
142,165,307
112,174,286
132,179,311
170,136,306
202,101,303
205,102,307
151,104,255
136,104,240
123,115,238
136,124,260
137,125,262
131,135,266
99,136,235
124,139,263
115,132,247
138,145,283
128,154,282
120,172,292
116,184,300
117,208,325
113,213,326
143,192,335
172,163,335
174,158,332
168,149,317
148,143,291
136,141,277
149,135,284
149,133,282
157,118,275
143,117,260
143,121,264
127,143,270
118,152,270
135,133,268
137,125,262
166,114,280
170,94,264
178,143,321
186,125,311
178,109,287
171,99,270
154,102,256
149,89,238
150,114,264
142,107,249
143,99,242
143,90,233
133,135,268
158,133,291
151,120,271
166,140,306
183,121,304
188,108,296
189,94,283
149,84,233
139,104,243
135,125,260
143,116,259
135,123,258
147,118,265
136,143,279
135,148,283
120,148,268
119,142,261
129,140,269
129,149,278
133,154,287
120,159,279
126,155,281
124,144,268
126,141,267
136,141,277
127,154,281
133,153,286
140,147,287
152,129,281
155,107,262
174,120,294
180,109,289
159,98,257
154,86,240
139,103,242
140,104,244
144,89,233
140,107,247
146,94,240
140,119,259
159,87,246
161,113,274
174,113,287
152,107,259
154,102,256
153,154,307
172,134,306
163,125,288
164,130,294
120,133,253
123,134,257
134,153,287
134,157,291
135,155,290
141,155,296
142,161,303
132,149,281
150,149,299
142,149,291
163,144,307
160,128,288
169,163,332
135,175,310
127,178,305
129,183,312
136,178,314
122,170,292
127,160,287
146,166,312
151,167,318
136,170,306
122,174,296
121,173,294
133,164,297
159,140,299
154,130,284
150,125,275
144,120,264
135,106,241
158,95,253
142,115,257
114,126,240
117,132,249
119,133,252
114,139,253
122,154,276
118,167,285
134,155,289
143,166,309
157,155,312
144,161,305
141,156,297
141,156,297
136,191,327
141,188,329
156,171,327
169,168,337
175,151,326
163,161,324
154,160,314
157,141,298
174,125,299
179,125,304
156,131,287
135,139,274
127,159,286
129,163,292
138,170,308
145,188,333
155,200,355
154,231,385
155,250,405
178,216,394
216,159,375
231,122,353
207,101,308
167,90,257
158,139,297
163,128,291
195,115,310
197,102,299
183,105,288
153,126,279
148,150,298
189,128,317
198,127,325
192,123,315
177,116,293
149,125,274
176,134,310
198,107,305
202,90,292
173,116,289
151,115,266
147,104,251
155,149,304
170,127,297
179,111,290
181,101,282
138,99,237
146,108,254
151,90,241
141,86,227
134,86,220
124,122,246
141,108,249
146,94,240
146,124,270
142,124,266
141,143,284
133,152,285
135,141,276
128,125,253
180,119,299
187,95,282
191,101,292
168,89,257
148,111,259
141,112,253
142,125,267
166,111,277
176,96,272
169,90,259
150,90,240
144,85,229
118,84,202
127,83,210
119,91,210
121,114,235
150,85,235
158,103,261
156,121,277
136,114,250
122,108,230
125,105,230
115,96,211
131,146,277
157,125,282
165,124,289
156,125,281
129,123,252
139,116,255
144,107,251
141,142,283
163,113,276
174,110,284
197,133,330
191,145,336
182,156,338
169,150,319
141,155,296
126,154,280
137,157,294
116,172,288
137,183,320
127,187,314
128,192,320
144,177,321
142,171,313
138,182,320
142,181,323
139,176,315
144,161,305
132,157,289
138,152,290
141,142,283
145,129,274
148,113,261
147,97,244
138,89,227
133,79,212
116,95,211
126,95,221
125,106,231
140,97,237
127,96,223
134,84,218
132,95,227
135,109,244
123,100,223
141,124,265
137,129,266
149,123,272
128,123,251
130,121,251
128,132,260
126,147,273
121,160,281
126,161,287
128,167,295
128,166,294
153,145,298
157,145,302
172,133,305
149,137,286
137,137,274
125,140,265
119,139,258
125,135,260
128,141,269
127,141,268
130,134,264
133,134,267
130,136,266
125,138,263
124,139,263
133,139,272
131,147,278
146,136,282
162,128,290
180,114,294
172,121,293
156,140,296
136,154,290
135,187,322
131,197,328
127,193,320
118,187,305
156,173,329
165,176,341
168,182,350
142,181,323
138,180,318
136,186,322
160,180,340
174,173,347
179,165,344
166,151,317
158,138,296
153,115,268
163,99,262
161,120,281
156,109,265
178,100,278
156,121,277
157,111,268
158,120,278
154,107,261
155,92,247
150,117,267
131,113,244
138,99,237
147,84,231
142,115,257
145,133,278
141,150,291
156,150,306
143,146,289
129,137,266
146,124,270
152,103,255
171,102,273
164,92,256
140,108,248
139,115,254
147,99,246
150,137,287
155,146,301
176,116,292
178,99,277
175,100,275
160,88,248
139,126,265
144,121,265
137,117,254
134,117,251
113,118,231
123,125,248
128,122,250
129,124,253
129,126,255
126,132,258
126,135,261
127,136,263
128,136,264
140,119,259
147,107,254
157,99,256
158,89,247
143,125,268
142,120,262
141,118,259
132,116,248
113,118,231
124,123,247
128,121,249
128,127,255
126,130,256
124,127,251
122,130,252
123,129,252
131,118,249
133,115,248
138,119,257
128,119,247
129,121,250
124,121,245
125,120,245
123,122,245
125,120,245
127,121,248
125,122,247
130,117,247
128,117,245
129,117,246
124,116,240
125,112,237
124,116,240
131,107,238
130,109,239
136,101,237
135,98,233
138,96,234
136,92,228
134,95,229
135,90,225
133,317,450
131,333,464
126,338,464
146,323,469
293,175,468
330,140,470
323,99,422
203,97,300
178,143,321
155,158,313
177,143,320
181,139,320
179,122,301
157,139,296
164,228,392
280,137,417
306,140,446
309,124,433
187,106,293
177,153,330
186,155,341
170,162,332
182,147,329
183,133,316
182,145,327
155,155,310
135,152,287
142,136,278
155,128,283
149,136,285
136,161,297
134,158,292
148,153,301
139,169,308
146,155,301
138,161,299
124,164,288
138,143,281
135,138,273
157,138,295
134,161,295
140,183,323
136,181,317
143,180,323
138,187,325
127,186,313
131,181,312
144,203,347
164,191,355
154,198,352
170,193,363
141,202,343
132,209,341
184,188,372
189,198,387
182,194,376
146,186,332
142,192,334
144,210,354
138,228,366
149,237,386
142,266,408
179,239,418
197,231,428
193,226,419
183,196,379
201,164,365
209,144,353
211,106,317
196,144,340
200,131,331
172,151,323
171,155,326
161,154,315
166,148,314
163,148,311
157,137,294
186,125,311
202,139,341
215,151,366
202,148,350
189,123,312
196,171,367
196,134,330
186,119,305
175,113,288
131,106,237
121,107,228
72,120,192
98,128,226
133,121,254
133,120,253
112,111,223
144,112,256
140,104,244
127,102,229
128,106,234
119,113,232
112,115,227
132,111,243
136,124,260
135,126,261
138,116,254
125,108,233
118,101,219
121,104,225
122,110,232
120,107,227
124,110,234
119,113,232
117,121,238
124,134,258
123,165,288
130,177,307
129,195,324
130,200,330
119,218,337
161,186,347
191,154,345
215,120,335
198,97,295
173,121,294
164,117,281
161,112,273
157,120,277
166,103,269
176,113,289
172,109,281
158,105,263
131,100,231
132,161,293
131,169,300
130,163,293
145,158,303
155,151,306
127,138,265
144,129,273
140,111,251
150,102,252
151,132,283
156,111,267
158,111,269
159,111,270
143,100,243
146,90,236
126,129,255
138,156,294
143,142,285
152,125,277
150,117,267
146,105,251
138,107,245
129,103,232
137,98,235
141,143,284
156,106,262
170,106,276
172,102,274
141,121,262
163,125,288
168,109,277
168,105,273
163,108,271
153,117,270
157,112,269
170,136,306
179,141,320
173,143,316
178,129,307
165,123,288
185,126,311
179,147,326
203,108,311
191,90,281
187,124,311
156,135,291
154,147,301
155,130,285
160,112,272
158,106,264
150,93,243
154,120,274
153,120,273
177,130,307
193,107,300
182,99,281
175,107,282
156,95,251
150,117,267
145,111,256
152,99,251
145,90,235
141,81,222
139,129,268
136,130,266
151,126,277
148,134,282
140,132,272
135,129,264
136,138,274
138,159,297
159,151,310
167,137,304
165,124,289
162,109,271
148,104,252
138,98,236
124,93,217
122,88,210
112,86,198
119,85,204
120,92,212
127,104,231
135,99,234
141,101,242
127,122,249
131,131,262
129,138,267
118,153,271
111,181,292
121,201,322
111,229,340
122,229,351
157,195,352
168,187,355
212,150,362
176,129,305
163,121,284
152,103,255
141,98,239
141,86,227
119,102,221
138,102,240
139,93,232
132,96,228
136,135,271
143,139,282
151,130,281
161,112,273
154,140,294
179,128,307
180,115,295
180,99,279
151,85,236
145,142,287
160,130,290
161,135,296
155,144,299
120,152,272
132,146,278
134,152,286
146,150,296
134,161,295
142,155,297
149,153,302
151,157,308
140,161,301
126,174,300
114,203,317
113,211,324
126,215,341
138,200,338
165,171,336
168,151,319
166,155,321
144,147,291
134,136,270
147,125,272
147,133,280
127,138,265
127,169,296
119,185,304
150,189,339
159,181,340
146,189,335
135,200,335
137,185,322
150,187,337
149,198,347
143,179,322
157,164,321
139,172,311
131,180,311
114,201,315
132,200,332
129,197,326
150,176,326
171,144,315
179,128,307
176,115,291
155,109,264
145,124,269
146,130,276
150,123,273
166,107,273
147,104,251
156,103,259
129,101,230
142,116,258
149,102,251
153,105,258
155,89,244
145,122,267
157,130,287
160,113,273
171,91,262
160,82,242
146,80,226
113,98,211
116,105,221
124,119,243
121,118,239
139,102,241
154,145,299
180,148,328
166,152,318
140,161,301
119,161,280
130,160,290
126,151,277
130,168,298
124,185,309
121,197,318
123,203,326
139,189,328
151,193,344
159,196,355
152,191,343
139,194,333
128,205,333
145,210,355
143,241,384
157,228,385
167,220,387
164,223,387
186,182,368
178,173,351
166,167,333
194,104,298
189,124,313
218,107,325
153,99,252
164,95,259
138,112,250
150,111,261
167,100,267
161,118,279
154,114,268
153,105,258
156,108,264
148,107,255
164,134,298
176,108,284
166,106,272
144,122,266
120,122,242
160,108,268
163,109,272
178,107,285
158,89,247
155,106,261
150,94,244
151,100,251
149,117,266
144,106,250
155,128,283
159,111,270
159,97,256
155,107,262
149,83,232
162,106,268
147,126,273
118,135,253
135,141,276
124,146,270
146,123,269
159,148,307
204,135,339
196,135,331
192,125,317
163,118,281
181,128,309
197,100,297
205,117,322
186,144,330
201,119,320
202,122,324
208,137,345
192,131,323
182,111,293
177,114,291
183,106,289
171,100,271
168,91,259
145,125,270
165,102,267
170,120,290
174,146,320
146,152,298
124,161,285
123,161,284
118,169,287
114,176,290
119,179,298
127,180,307
128,171,299
141,161,302
137,167,304
148,152,300
149,141,290
175,124,299
161,128,289
145,151,296
123,150,273
132,140,272
147,122,269
152,110,262
144,97,241
142,110,252
153,108,261
132,106,238
140,105,245
128,114,242
132,113,245
132,110,242
130,114,244
131,109,240
141,86,227
152,114,266
153,121,274
154,131,285
149,141,290
133,151,284
132,142,274
130,137,267
140,133,273
145,123,268
138,117,255
139,109,248
131,102,233
129,106,235
131,103,234
128,103,231
133,111,244
137,265,402
151,253,404
169,229,398
188,208,396
274,118,392
244,106,350
233,115,348
169,106,275
161,99,260
152,87,239
133,114,247
139,116,255
137,108,245
124,106,230
137,110,247
142,127,269
142,139,281
144,128,272
143,118,261
187,149,336
174,126,300
212,113,325
190,104,294
153,96,249
141,190,331
213,184,397
278,113,391
282,104,386
210,108,318
147,110,257
158,89,247
147,117,264
135,121,256
127,138,265
124,144,268
121,164,285
132,175,307
131,177,308
132,166,298
134,167,301
127,163,290
116,167,283
120,165,285
133,162,295
132,170,302
132,175,307
126,178,304
123,175,298
123,173,296
155,166,321
161,155,316
162,147,309
156,129,285
158,108,266
158,104,262
158,95,253
147,136,283
161,116,277
158,112,270
148,125,273
114,142,256
124,168,292
122,174,296
130,173,303
134,161,295
138,154,292
112,161,273
111,160,271
113,154,267
125,152,277
120,160,280
120,167,287
120,175,295
121,178,299
146,154,300
154,140,294
158,131,289
133,124,257
129,120,249
122,125,247
113,124,237
122,137,259
134,134,268
144,131,275
142,122,264
133,125,258
123,126,249
120,126,246
133,113,246
157,110,267
152,103,255
178,89,267
154,101,255
147,96,243
146,122,268
149,129,278
149,119,268
133,116,249
142,104,246
168,142,310
188,122,310
183,115,298
161,120,281
130,123,253
132,104,236
136,102,238
136,103,239
113,100,213
128,128,256
143,125,268
161,131,292
166,122,288
161,104,265
157,98,255
150,120,270
157,102,259
160,111,271
177,111,288
176,97,273
165,97,262
141,136,277
147,141,288
149,137,286
141,136,277
133,138,271
130,136,266
128,136,264
134,135,269
130,134,264
129,134,263
132,133,265
129,130,259
132,127,259
128,133,261
134,127,261
138,117,255
141,118,259
136,117,253
132,118,250
123,115,238
126,111,237
126,111,237
131,104,235
129,101,230
132,98,230
130,99,229
133,97,230
129,98,227
136,91,227
136,94,230
143,89,232
133,87,220
132,90,222
127,88,215
127,91,218
130,94,224
135,107,242
140,105,245
149,125,274
156,124,280
152,143,295
149,149,298
142,174,316
164,163,327
193,120,313
205,105,310
201,116,317
166,110,276
167,103,270
163,95,258
155,144,299
162,141,303
161,127,288
163,112,275
156,102,258
162,117,279
162,106,268
161,95,256
164,152,316
158,149,307
171,136,307
167,125,292
168,104,272
167,95,262
169,152,321
176,129,305
200,120,320
209,97,306
188,161,349
166,168,334
166,145,311
171,139,310
144,142,286
147,146,293
135,151,286
139,153,292
136,141,277
134,130,264
166,90,256
166,137,303
156,146,302
196,172,368
221,134,355
233,120,353
189,110,299
167,137,304
177,133,310
194,113,307
178,104,282
169,92,261
158,104,262
152,98,250
148,107,255
137,139,276
171,129,300
183,126,309
182,150,332
147,168,315
132,174,306
146,158,304
161,136,297
172,118,290
163,102,265
158,113,271
142,103,245
153,144,297
154,143,297
164,135,299
166,113,279
174,149,323
193,146,339
212,133,345
203,120,323
186,129,315
176,111,287
174,161,335
212,136,348
203,176,379
230,190,420
200,185,385
181,204,385
154,208,362
172,207,379
160,196,356
152,187,339
161,177,338
177,159,336
159,156,315
143,153,296
124,154,278
118,156,274
131,141,272
119,144,263
142,148,290
135,149,284
122,150,272
98,153,251
122,153,275
121,147,268
114,142,256
115,139,254
122,149,271
122,151,273
124,151,275
129,145,274
145,131,276
143,112,255
140,105,245
125,115,240
121,122,243
125,116,241
125,115,240
114,107,221
138,107,245
150,89,239
144,112,256
126,137,263
132,135,267
135,135,270
139,129,268
126,125,251
143,107,250
131,104,235
121,103,224
113,106,219
122,113,235
120,110,230
123,117,240
127,117,244
107,108,215
130,107,237
100,118,218
107,125,232
124,120,244
121,116,237
125,89,214
145,89,234
141,146,287
137,175,312
149,191,340
151,206,357
136,233,369
130,239,369
166,212,378
189,184,373
191,181,372
169,172,341
154,175,329
157,174,331
178,151,329
178,150,328
172,170,342
148,231,379
150,244,394
155,253,408
155,252,407
185,189,374
190,166,356
217,137,354
187,114,301
164,103,267
158,87,245
142,168,310
150,168,318
148,173,321
150,167,317
122,157,279
165,143,308
170,126,296
167,117,284
161,116,277
159,100,259
157,142,299
154,156,310
168,143,311
150,121,271
167,105,272
149,113,262
155,101,256
149,84,233
154,139,293
147,147,294
146,146,292
143,150,293
111,158,269
148,151,299
148,150,298
155,142,297
150,147,297
173,115,288
157,114,271
158,116,274
121,121,242
127,124,251
150,106,256
158,140,298
176,118,294
178,117,295
177,108,285
155,120,275
166,115,281
163,123,286
153,138,291
141,131,272
131,133,264
122,120,242
119,118,237
136,106,242
137,113,250
132,117,249
136,111,247
138,112,250
121,108,229
131,120,251
148,106,254
174,127,301
169,125,294
144,111,255
154,104,258
144,122,266
141,119,260
165,165,330
182,156,338
196,143,339
183,154,337
132,142,274
161,127,288
161,112,273
160,101,261
160,114,274
159,107,266
157,102,259
158,134,292
151,129,280
158,113,271
166,122,288
147,109,256
171,96,267
154,129,283
145,138,283
156,131,287
149,130,279
139,135,274
149,126,275
136,127,263
146,120,266
135,112,247
132,100,232
150,118,268
148,114,262
167,144,311
178,125,303
175,120,295
148,136,284
119,143,262
128,131,259
144,123,267
149,128,277
139,161,300
132,176,308
135,173,308
148,163,311
148,153,301
147,177,324
132,191,323
127,195,322
132,195,327
143,182,325
152,177,329
157,179,336
152,178,330
151,178,329
150,177,327
143,178,321
132,189,321
133,177,310
128,181,309
135,170,305
156,165,321
170,168,338
167,171,338
141,163,304
131,161,292
147,147,294
151,136,287
148,130,278
167,92,259
183,109,292
175,272,447
154,271,425
153,265,418
161,269,430
232,168,400
193,124,317
239,106,345
200,123,323
167,121,288
159,128,287
150,129,279
127,137,264
122,140,262
124,156,280
118,162,280
120,171,291
123,176,299
128,178,306
125,181,306
142,178,320
130,201,331
129,219,348
124,215,339
146,212,358
169,179,348
173,185,358
178,199,377
284,128,412
291,122,413
291,124,415
151,125,276
143,120,263
142,120,262
146,126,272
140,130,270
135,122,257
120,116,236
127,122,249
118,155,273
116,171,287
131,174,305
137,163,300
138,163,301
140,151,291
139,158,297
132,171,303
123,189,312
119,193,312
125,186,311
131,172,303
167,139,306
172,134,306
166,136,302
134,140,274
133,121,254
134,116,250
138,112,250
131,117,248
117,118,235
138,97,235
157,129,286
139,139,278
152,150,302
137,161,298
146,149,295
154,132,286
171,133,304
199,98,297
185,82,267
170,81,251
120,93,213
124,152,276
159,150,309
169,148,317
153,150,303
137,150,287
150,137,287
167,122,289
176,112,288
163,106,269
163,116,279
156,121,277
162,121,283
166,112,278
167,102,269
161,149,310
182,145,327
179,152,331
197,121,318
188,124,312
195,155,350
201,157,358
203,183,386
185,170,355
184,154,338
169,214,383
165,231,396
141,235,376
155,223,378
161,213,374
194,168,362
214,154,368
198,146,344
159,129,288
183,137,320
203,110,313
194,98,292
160,96,256
140,159,299
162,138,300
166,123,289
167,110,277
144,106,250
147,107,254
152,99,251
157,107,264
156,108,264
149,104,253
158,122,280
146,111,257
156,104,260
149,149,298
166,138,304
173,125,298
145,129,274
131,124,255
141,136,277
160,130,290
179,109,288
177,147,324
192,141,333
179,136,315
156,141,297
128,134,262
131,124,255
171,113,284
191,100,291
188,95,283
150,106,256
138,98,236
143,116,259
152,110,262
155,113,268
150,128,278
173,107,280
165,94,259
167,117,284
159,120,279
177,104,281
172,115,287
150,135,285
129,147,276
140,137,277
136,134,270
136,144,280
138,172,310
136,187,323
132,175,307
137,179,316
143,177,320
144,159,303
147,144,291
156,132,288
141,131,272
118,131,249
120,123,243
117,119,236
121,115,236
114,116,230
119,118,237
125,115,240
129,112,241
103,150,253
122,159,281
124,162,286
114,157,271
129,166,295
125,173,298
121,198,319
120,205,325
129,200,329
136,199,335
177,153,330
194,117,311
202,103,305
173,101,274
154,93,247
150,111,261
150,110,260
146,114,260
156,108,264
151,124,275
172,100,272
153,99,252
162,91,253
142,104,246
134,104,238
138,157,295
171,128,299
170,119,289
170,105,275
143,94,237
155,104,259
134,116,250
150,118,268
135,113,248
138,108,246
156,138,294
169,131,300
166,136,302
134,143,277
121,149,270
133,132,265
158,111,269
187,93,280
171,140,311
174,128,302
182,93,275
187,142,329
198,113,311
163,112,275
148,113,261
109,117,226
126,122,248
120,118,238
132,112,244
132,103,235
110,102,212
119,107,226
118,103,221
124,107,231
124,107,231
116,96,212
133,96,229
124,139,263
153,113,266
167,101,268
185,136,321
166,118,284
180,99,279
172,144,316
172,134,306
172,123,295
169,107,276
147,124,271
182,103,285
170,99,269
157,104,261
139,96,235
147,92,239
144,145,289
164,125,289
174,117,291
180,102,282
158,107,265
154,114,268
155,121,276
154,120,274
139,117,256
144,113,257
161,108,269
153,101,254
159,116,275
154,102,256
152,91,243
148,102,250
183,104,287
171,117,288
180,125,305
141,129,270
142,121,263
156,106,262
164,102,266
155,107,262
138,139,277
134,131,265
147,128,275
135,126,261
135,135,270
140,121,261
143,106,249
143,98,241
146,88,234
136,107,243
152,88,240
155,92,247
149,96,245
127,102,229
131,144,275
155,114,269
174,103,277
172,121,293
161,101,262
156,115,271
153,122,275
122,121,243
132,117,249
136,110,246
137,110,247
130,104,234
127,115,242
129,118,247
121,116,237
128,120,248
105,133,238
135,140,275
136,159,295
133,170,303
115,170,285
135,168,303
125,175,300
132,185,317
122,180,302
126,186,312
150,163,313
179,130,309
210,138,348
194,146,340
179,133,312
147,125,272
127,121,248
136,108,244
133,99,232
133,103,236
128,113,241
139,125,264
163,119,282
164,108,272
171,114,285
161,112,273
149,98,247
149,88,237
144,105,249
138,95,233
148,118,266
166,97,263
166,90,256
166,131,297
151,119,270
153,107,260
153,112,265
134,134,268
175,104,279
170,132,302
192,114,306
178,103,281
173,98,271
145,136,281
161,110,271
167,154,321
197,134,331
181,128,309
182,137,319
140,142,282
128,145,273
133,160,293
133,165,298
133,170,303
136,177,313
137,182,319
135,182,317
138,185,323
134,197,331
149,187,336
148,192,340
160,193,353
144,213,357
145,209,354
143,197,340
194,140,334
200,121,321
205,100,305
169,118,287
166,100,266
160,109,269
156,96,252
158,113,271
162,96,258
149,125,274
159,125,284
179,139,318
189,144,333
176,135,311
155,120,275
163,104,267
166,116,282
171,101,272
164,130,294
160,117,277
157,109,266
163,91,254
155,114,269
167,101,268
165,116,281
162,100,262
161,110,271
165,95,260
165,111,276
164,97,261
149,98,247
164,108,272
158,97,255
153,120,273
144,104,248
155,110,265
161,98,259
152,126,278
157,114,271
159,98,257
165,114,279
156,101,257
163,119,282
159,112,271
164,128,292
176,124,300
195,107,302
188,118,306
179,115,294
162,117,279
160,145,305
167,150,317
199,116,315
205,116,321
195,113,308
171,111,282
176,112,288
156,123,279
180,115,295
194,157,351
190,145,335
173,128,301
151,130,281
122,144,266
118,147,265
124,145,269
119,163,282
131,322,453
143,321,464
143,317,460
157,312,469
268,182,450
278,169,447
231,157,388
147,154,301
159,138,297
148,134,282
175,100,275
153,100,253
153,98,251
128,93,221
134,88,222
136,83,219
129,144,273
118,165,283
133,163,296
141,141,282
141,112,253
181,96,277
166,124,290
184,99,283
183,128,311
178,124,302
145,114,259
147,137,284
162,112,274
189,129,318
187,144,331
169,133,302
163,158,321
159,153,312
154,125,279
168,110,278
134,108,242
164,110,274
153,115,268
167,125,292
151,136,287
146,273,419
275,144,419
291,145,436
289,145,434
139,143,282
134,140,274
131,136,267
124,140,264
126,152,278
121,158,279
120,154,274
132,163,295
124,170,294
137,159,296
149,155,304
161,147,308
138,147,285
141,144,285
131,147,278
126,152,278
117,160,277
124,163,287
128,156,284
136,174,310
131,174,305
133,183,316
116,189,305
126,181,307
141,168,309
136,171,307
143,157,300
150,148,298
164,130,294
165,121,286
152,109,261
160,102,262
165,83,248
161,122,283
155,124,279
150,131,281
153,135,288
145,142,287
141,139,280
129,141,270
145,130,275
152,121,273
162,173,335
187,134,321
196,108,304
187,101,288
100,100,200
125,106,231
95,120,215
139,123,262
133,123,256
139,124,263
138,139,277
111,137,248
137,145,282
130,154,284
126,162,288
131,160,291
148,152,300
165,150,315
155,159,314
152,182,334
132,192,324
126,191,317
127,197,324
153,161,314
169,142,311
192,127,319
182,128,310
181,134,315
173,131,304
152,126,278
163,112,275
169,151,320
188,124,312
193,116,309
174,129,303
147,136,283
148,131,279
155,119,274
164,129,293
140,130,270
145,131,276
136,138,274
130,143,273
127,151,278
166,110,276
172,93,265
182,93,275
140,90,230
140,81,221
136,112,248
139,114,253
126,127,253
134,139,273
118,130,248
134,117,251
140,114,254
128,111,239
126,131,257
169,130,299
185,134,319
187,134,321
156,145,301
147,148,295
148,138,286
158,120,278
167,114,281
185,139,324
189,130,319
212,111,323
188,117,305
178,127,305
158,120,278
164,151,315
174,124,298
193,153,346
199,146,345
203,125,328
211,122,333
191,138,329
157,134,291
146,125,271
142,106,248
148,95,243
132,84,216
145,123,268
135,131,266
131,129,260
145,115,260
140,121,261
139,122,261
121,116,237
139,119,258
122,158,280
134,173,307
147,170,317
155,144,299
181,161,342
162,171,333
133,170,303
139,152,291
138,154,292
144,152,296
125,154,279
115,145,260
128,149,277
121,151,272
127,147,274
132,138,270
145,128,273
142,120,262
143,126,269
131,128,259
133,130,263
126,139,265
141,138,279
127,141,268
163,108,271
185,112,297
177,134,311
158,145,303
140,141,281
135,136,271
131,146,277
123,141,264
120,146,266
128,131,259
138,131,269
129,120,249
139,129,268
129,135,264
116,130,246
117,129,246
130,118,248
132,110,242
133,99,232
128,99,227
131,93,224
123,94,217
119,91,210
120,91,211
130,99,229
131,103,234
131,99,230
134,83,217
133,78,211
127,105,232
125,116,241
115,124,239
128,120,248
124,160,284
125,168,293
124,184,308
178,140,318
174,141,315
180,153,333
135,168,303
148,159,307
153,157,310
161,154,315
137,199,336
117,216,333
117,223,340
119,230,349
177,175,352
201,165,366
235,155,390
187,161,348
176,172,348
152,196,348
169,187,356
172,173,345
178,164,342
150,156,306
147,171,318
167,162,329
174,159,333
200,137,337
207,178,385
233,128,361
208,161,369
230,143,373
172,150,322
184,145,329
161,123,284
153,116,269
155,150,305
163,133,296
180,118,298
177,103,280
145,126,271
177,152,329
194,133,327
188,114,302
164,105,269
128,99,227
136,91,227
143,119,262
148,117,265
145,105,250
153,93,246
148,129,277
155,129,284
159,126,285
157,110,267
144,107,251
143,102,245
111,92,203
124,95,219
127,89,216
115,106,221
121,115,236
119,109,228
131,106,237
129,110,239
106,121,227
117,127,244
121,134,255
123,155,278
123,169,292
124,175,299
126,179,305
122,189,311
126,182,308
141,197,338
140,207,347
141,207,348
144,205,349
159,178,337
166,158,324
178,164,342
154,176,330
129,176,305
124,171,295
123,170,293
158,135,293
167,116,283
164,107,271
140,88,228
148,101,249
139,95,234
129,99,228
130,146,276
168,108,276
169,96,265
170,97,267
138,93,231
144,117,261
147,99,246
147,85,232
142,79,221
126,87,213
120,97,217
128,99,227
107,99,206
129,103,232
113,106,219
103,102,205
122,106,228
110,97,207
140,101,241
133,122,255
114,137,251
120,147,267
98,154,252
119,153,272
123,151,274
127,155,282
131,158,289
110,149,259
129,146,275
128,146,274
102,142,244
122,139,261
115,129,244
130,123,253
110,121,231
122,126,248
116,121,237
117,122,239
118,117,235
131,105,236
117,106,223
132,111,243
115,106,221
111,106,217
104,110,214
124,104,228
123,104,227
111,103,214
122,97,219
116,91,207
118,84,202
99,85,184
112,90,202
125,91,216
114,93,207
128,87,215
116,91,207
118,87,205
120,92,212
120,101,221
108,119,227
123,137,260
109,151,260
124,147,271
139,136,275
169,107,276
173,129,302
168,103,271
159,97,256
151,108,259
121,112,233
125,112,237
124,115,239
105,111,216
125,106,231
107,102,209
121,97,218
118,103,221
120,106,226
125,95,220
128,98,226
113,101,214
106,97,203
127,96,223
113,101,214
136,98,234
132,99,231
134,95,229
126,88,214
132,79,211
128,106,234
121,107,228
118,99,217
126,97,223
124,101,225
135,91,226
133,92,225
134,101,235
119,102,221
123,101,224
121,99,220
121,94,215
127,90,217
123,91,214
126,90,216
121,87,208
128,96,224
130,91,221
135,83,218
122,81,203
121,81,202
123,94,217
127,89,216
123,91,214
121,86,207
110,81,191
121,76,197
121,90,211
123,87,210
116,86,202
122,101,223
117,239,356
122,237,359
138,240,378
217,170,387
229,161,390
240,136,376
187,125,312
157,122,279
131,116,247
128,112,240
125,121,246
120,126,246
123,120,243
123,113,236
123,111,234
118,107,225
124,103,227
120,103,223
132,91,223
138,86,224
146,106,252
136,121,257
135,119,254
118,128,246
124,134,258
126,146,272
118,142,260
136,134,270
125,129,254
134,129,263
123,124,247
114,119,233
125,110,235
124,104,228
126,98,224
120,94,214
120,87,207
115,85,200
122,90,212
123,90,213
126,100,226
136,90,226
139,104,243
142,109,251
129,121,250
124,125,249
122,132,254
121,151,272
126,155,281
129,152,281
124,149,273
119,152,271
118,153,271
122,158,280
122,167,289
124,188,312
122,208,330
121,249,370
139,237,376
249,181,430
321,133,454
306,124,430
203,111,314
162,88,250
155,78,233
146,95,241
128,96,224
116,92,208
128,83,211
124,109,233
137,117,254
144,124,268
145,135,280
144,132,276
140,141,281
129,142,271
121,143,264
131,147,278
132,153,285
132,152,284
152,147,299
147,149,296
144,139,283
143,115,258
154,103,257
149,98,247
151,89,240
130,82,212
127,88,215
123,111,234
139,113,252
141,147,288
136,169,305
145,179,324
149,194,343
147,199,346
148,204,352
151,195,346
137,192,329
166,169,335
147,162,309
157,154,311
140,146,286
137,150,287
138,149,287
134,145,279
132,137,269
139,126,265
139,117,256
140,117,257
129,115,244
122,112,234
128,110,238
125,108,233
128,118,246
129,104,233
134,94,228
136,88,224
130,89,219
132,93,225
122,94,216
120,102,222
129,92,221
135,109,244
145,103,248
139,94,233
137,83,220
126,78,204
130,92,222
126,90,216
125,90,215
127,123,250
140,114,254
160,132,292
180,127,307
169,125,294
164,111,275
134,108,242
117,103,220
122,101,223
120,97,217
121,98,219
119,94,213
122,95,217
121,88,209
123,90,213
121,114,235
120,124,244
124,142,266
122,151,273
121,155,276
140,145,285
143,149,292
144,160,304
127,166,293
120,189,309
119,209,328
121,223,344
136,209,345
160,201,361
168,205,373
178,205,383
151,219,370
161,228,389
176,211,387
192,188,380
184,183,367
184,153,337
172,144,316
146,137,283
138,125,263
135,115,250
141,103,244
137,91,228
142,85,227
138,132,270
142,112,254
157,97,254
152,86,238
135,117,252
146,108,254
150,103,253
155,120,275
154,120,274
154,122,276
147,123,270
142,126,268
147,129,276
145,128,273
141,128,269
140,128,268
142,131,273
153,124,277
160,120,280
157,122,279
148,128,276
142,129,271
141,130,271
137,138,275
135,139,274
141,136,277
142,140,282
146,139,285
144,139,283
145,136,281
141,133,274
146,128,274
156,120,276
161,115,276
159,116,275
152,118,270
143,120,263
145,130,275
147,134,281
155,123,278
156,120,276
162,116,278
156,111,267
153,111,264
148,117,265
142,116,258
142,123,265
142,130,272
140,132,272
140,131,271
137,131,268
136,132,268
142,133,275
148,125,273
150,129,279
145,131,276
143,136,279
154,129,283
152,134,286
149,137,286
143,137,280
147,139,286
142,146,288
135,148,283
134,152,286
138,150,288
145,154,299
142,164,306
147,161,308
166,135,301
173,129,302
174,130,304
151,133,284
144,139,283
129,156,285
131,160,291
142,187,329
139,202,341
139,216,355
149,226,375
139,231,370
147,218,365
185,183,368
206,156,362
196,161,357
159,173,332
133,174,307
141,177,318
144,180,324
136,174,310
130,168,298
126,157,283
162,120,282
161,119,280
149,119,268
121,121,242
120,137,257
121,166,287
120,179,299
127,172,299
149,150,299
149,138,287
129,137,266
113,143,256
119,173,292
120,178,298
126,178,304
140,173,313
148,158,306
156,145,301
143,138,281
143,136,279
117,149,266
116,155,271
123,159,282
123,168,291
123,171,294
120,177,297
123,176,299
141,157,298
139,153,292
136,159,295
120,164,284
122,168,290
127,177,304
123,180,303
134,175,309
135,179,314
131,192,323
131,188,319
137,183,320
127,181,308
157,142,299
184,122,306
209,126,335
187,119,306
196,102,298
172,95,267
153,132,285
164,115,279
173,94,267
185,113,298
166,117,283
158,116,274
154,111,265
140,116,256
138,106,244
166,124,290
167,116,283
164,112,276
165,98,263
144,101,245
136,96,232
103,88,191
124,77,201
127,124,251
127,131,258
128,128,256
130,128,258
119,127,246
88,156,244
121,173,294
126,174,300
127,178,305
127,183,310
124,184,308
131,190,321
141,182,323
138,190,328
157,201,358
154,199,353
153,192,345
148,199,347
174,174,348
176,169,345
179,153,332
173,144,317
191,114,305
205,121,326
190,114,304
187,170,357
184,160,344
190,160,350
192,150,342
172,134,306
181,177,358
219,154,373
212,168,380
229,142,371
219,151,370
219,159,378
204,167,371
165,157,322
136,146,282
159,130,289
152,110,262
180,138,318
189,131,320
170,127,297
170,121,291
146,112,258
150,108,258
148,91,239
148,114,262
150,103,253
146,91,237
146,122,268
140,119,259
138,118,256
142,112,254
155,89,244
155,83,238
121,82,203
124,127,251
128,134,262
129,141,270
132,152,284
124,163,287
135,163,298
138,165,303
130,178,308
133,177,310
135,205,340
128,215,343
130,220,350
154,191,345
184,164,348
193,144,337
192,120,312
208,147,355
199,134,333
202,124,326
158,122,280
142,129,271
132,126,258
145,112,257
152,106,258
154,109,263
149,103,252
139,112,251
133,130,263
127,150,277
133,160,293
139,187,326
135,196,331
151,185,336
155,186,341
149,190,339
137,180,317
132,189,321
158,210,368
164,198,362
183,209,392
176,204,380
159,189,348
206,127,333
213,99,312
210,84,294
147,135,282
151,142,293
164,138,302
174,133,307
188,128,316
205,178,383
191,249,440
183,258,441
207,196,403
203,188,391
186,173,359
106,160,266
151,142,293
186,110,296
194,125,319
188,128,316
177,128,305
144,125,269
134,137,271
127,156,283
133,175,308
127,179,306
139,175,314
148,157,305
163,147,310
158,149,307
168,151,319
179,166,345
215,147,362
236,134,370
242,114,356
216,134,350
190,133,323
183,144,327
156,136,292
181,165,346
208,149,357
201,171,372
192,165,357
162,185,347
227,163,390
231,148,379
252,112,364
201,104,305
180,96,276
135,94,229
114,100,214
121,98,219
118,123,241
121,154,275
137,146,283
154,140,294
142,140,282
124,146,270
107,177,284
116,177,293
110,180,290
116,194,310
177,145,322
184,135,319
231,126,357
168,105,273
154,123,277
159,116,275
158,110,268
145,109,254
142,120,262
133,124,257
118,128,246
127,133,260
104,128,232
140,149,289
183,117,300
209,152,361
234,123,357
171,137,308
160,152,312
124,167,291
128,188,316
128,197,325
127,208,335
157,203,360
160,205,365
176,195,371
168,205,373
168,190,358
192,248,440
319,116,435
313,99,412
294,126,420
154,124,278
174,144,318
189,122,311
197,118,315
186,112,298
154,114,268
148,108,256
152,105,257
143,109,252
143,107,250
154,146,300
170,152,322
189,144,333
184,142,326
148,146,294
132,134,266
133,130,263
142,108,250
135,118,253
133,123,256
103,134,237
123,129,252
132,123,255
149,120,269
145,118,263
144,119,263
131,125,256
122,126,248
110,125,235
136,114,250
135,112,247
131,115,246
120,127,247
123,127,250
137,111,248
142,119,261
143,119,262
122,128,250
125,132,257
115,133,248
129,133,262
134,127,261
129,135,264
124,140,264
122,139,261
128,141,269
138,135,273
132,137,269
129,139,268
120,141,261
96,144,240
130,147,277
134,150,284
123,164,287
136,165,301
132,171,303
144,156,300
138,146,284
139,135,274
174,106,280
173,103,276
175,115,290
152,118,270
136,140,276
128,149,277
122,148,270
127,148,275
130,148,278
136,155,291
141,170,311
126,174,300
130,176,306
136,168,304
141,143,284
188,105,293
189,96,285
167,115,282
152,103,255
139,113,252
134,107,241
125,107,232
138,97,235
143,100,243
141,105,246
125,113,238
141,107,248
137,99,236
150,105,255
142,166,308
171,119,290
185,108,293
196,107,303
149,115,264
165,114,279
157,108,265
160,136,296
177,107,284
168,98,266
170,142,312
161,142,303
189,109,298
181,103,284
148,102,250
133,92,225
121,89,210
135,88,223
125,98,223
120,105,225
113,111,224
133,117,250
137,139,276
124,153,277
137,143,280
148,150,298
143,144,287
145,151,296
129,141,270
154,140,294
150,158,308
133,182,315
132,191,323
150,182,332
160,165,325
151,154,305
148,153,301
126,157,283
130,159,289
129,155,284
132,150,282
143,132,275
160,96,256
169,90,259
176,111,287
145,114,259
139,116,255
126,118,244
116,122,238
122,127,249
123,126,249
123,123,246
125,128,253
117,138,255
116,141,257
101,137,238
116,132,248
143,113,256
170,91,261
175,114,289
161,124,285
152,107,259
154,88,242
156,97,253
155,133,288
154,130,284
160,143,303
146,152,298
133,144,277
144,129,273
158,106,264
157,88,245
145,87,232
135,126,261
135,128,263
144,128,272
136,121,257
132,117,249
122,113,235
129,108,237
139,103,242
136,119,255
147,117,264
151,119,270
141,125,266
160,101,261
158,109,267
161,113,274
114,126,240
134,164,298
142,166,308
127,178,305
141,177,318
133,183,316
145,175,320
124,188,312
139,199,338
120,201,321
128,205,333
172,174,346
185,186,371
184,194,378
156,194,350
156,188,344
152,180,332
153,179,332
145,178,323
173,152,325
171,150,321
173,145,318
160,137,297
131,119,250
159,95,254
156,123,279
156,112,268
155,97,252
164,107,271
147,97,244
145,129,274
167,101,268
168,164,332
207,139,346
185,140,325
191,131,322
168,119,287
169,111,280
174,138,312
175,167,342
224,150,374
245,124,369
219,141,360
175,146,321
146,161,307
168,172,340
156,182,338
157,205,362
131,236,367
134,254,388
147,251,398
174,220,394
207,198,405
210,193,403
184,211,395
151,236,387
140,245,385
166,237,403
204,208,412
217,174,391
211,154,365
200,128,328
176,133,309
199,127,326
181,126,307
174,131,305
151,132,283
142,130,272
132,138,270
135,147,282
139,146,285
164,153,317
168,143,311
183,113,296
171,97,268
173,151,324
189,127,316
195,130,325
192,112,304
167,90,257
173,137,310
166,142,308
159,131,290
163,131,294
156,115,271
168,106,274
178,127,305
185,120,305
177,126,303
176,131,307
184,153,337
206,148,354
224,151,375
215,150,365
194,159,353
186,168,354
164,177,341
168,189,357
165,196,361
165,205,370
162,216,378
160,223,383
163,230,393
166,240,406
164,250,414
195,241,436
192,255,447
193,263,456
185,245,430
210,235,445
226,226,452
215,219,434
214,213,427
214,205,419
215,196,411
216,186,402
214,178,392
212,170,382
210,161,371
212,152,364
213,145,358
212,138,350
215,156,371
216,147,363
202,148,350
188,149,337
160,168,328
177,166,343
177,170,347
175,178,353
166,182,348
164,190,354
164,193,357
164,199,363
160,207,367
161,212,373
159,216,375
165,221,386
168,234,402
171,244,415
172,246,418
186,233,419
200,213,413
215,193,408
222,172,394
246,143,389
251,115,366
212,146,358
196,142,338
181,134,315
189,120,309
165,109,274
173,99,272
158,99,257
157,134,291
156,127,283
154,112,266
161,137,298
164,177,341
211,160,371
216,160,376
169,181,350
137,198,335
119,212,331
123,213,336
156,194,350
216,140,356
213,155,368
187,163,350
125,170,295
131,162,293
137,159,296
152,164,316
148,346,494
178,341,519
185,336,521
237,308,545
300,220,520
273,189,462
200,163,363
193,134,327
199,108,307
202,133,335
193,152,345
209,110,319
194,104,298
164,106,270
130,108,238
125,128,253
130,128,258
134,135,269
134,141,275
137,142,279
145,138,283
144,136,280
137,136,273
145,135,280
148,159,307
144,165,309
137,181,318
146,187,333
132,203,335
133,238,371
142,216,358
159,201,360
183,169,352
183,140,323
186,122,308
184,99,283
169,131,300
170,114,284
156,106,262
161,161,322
162,158,320
178,136,314
167,120,287
140,105,245
163,176,339
177,165,342
194,170,364
216,152,368
167,151,318
177,148,325
153,155,308
146,163,309
141,164,305
129,177,306
150,160,310
156,156,312
179,169,348
157,199,356
137,223,360
124,245,369
133,252,385
168,245,413
189,238,427
212,235,447
211,230,441
213,229,442
232,208,440
231,210,441
233,187,420
237,177,414
213,163,376
218,150,368
205,149,354
181,165,346
178,193,371
165,209,374
168,223,391
153,238,391
174,235,409
192,238,430
195,236,431
177,231,408
179,204,383
192,181,373
219,146,365
212,119,331
203,107,310
174,105,279
139,99,238
127,89,216
122,95,217
125,102,227
125,107,232
136,115,251
137,133,270
144,139,283
129,144,273
143,158,301
151,150,301
154,148,302
139,145,284
139,134,273
140,130,270
144,115,259
136,109,245
152,99,251
147,126,273
154,154,308
135,168,303
136,182,318
157,165,322
198,140,338
194,143,337
192,151,343
181,278,459
315,155,470
320,162,482
302,154,456
168,167,335
176,175,351
166,178,344
201,142,343
206,133,339
206,116,322
167,129,296
189,193,382
217,174,391
224,169,393
190,167,357
113,169,282
140,170,310
146,161,307
168,146,314
163,145,308
165,136,301
156,140,296
155,170,325
153,187,340
152,194,346
153,198,351
156,192,348
156,254,410
152,271,423
145,281,426
145,290,435
239,195,434
247,194,441
240,197,437
143,203,346
159,183,342
202,151,353
210,167,377
198,154,352
163,154,317
171,141,312
173,130,303
182,193,375
223,160,383
233,155,388
226,166,392
158,175,333
201,169,370
226,178,404
255,148,403
252,146,398
248,155,403
222,150,372
232,154,386
192,176,368
158,191,349
196,176,372
205,173,378
245,138,383
223,164,387
244,132,376
193,134,327
176,141,317
140,138,278
130,158,288
145,184,329
148,177,325
160,178,338
168,162,330
179,127,306
185,116,301
192,112,304
162,105,267
167,130,297
180,110,290
170,105,275
156,107,263
119,119,238
124,122,246
131,119,250
140,125,265
123,129,252
127,136,263
167,99,266
167,128,295
180,130,310
177,109,286
168,115,283
156,113,269
147,105,252
145,136,281
184,105,289
175,102,277
157,106,263
120,121,241
133,111,244
138,109,247
112,105,217
121,107,228
123,101,224
127,119,246
124,129,253
131,135,266
135,146,281
126,153,279
130,160,290
123,168,291
132,173,305
124,180,304
138,192,330
136,199,335
137,207,344
135,208,343
156,221,377
158,222,380
160,223,383
149,218,367
187,189,376
181,184,365
187,167,354
167,159,326
154,168,322
140,170,310
128,178,306
120,186,306
123,177,300
129,177,306
154,150,304
159,128,287
177,116,293
175,106,281
164,134,298
186,98,284
179,106,285
175,100,275
146,92,238
142,90,232
110,109,219
136,104,240
138,97,235
137,96,233
130,107,237
137,99,236
144,111,255
156,140,296
164,140,304
164,131,295
143,136,279
134,144,278
123,183,306
136,181,317
135,181,316
143,184,327
162,161,323
150,163,313
154,162,316
138,165,303
161,135,296
174,136,310
152,136,288
133,138,271
132,134,266
132,142,274
144,136,280
136,145,281
136,158,294
129,157,286
140,155,295
141,160,301
134,157,291
125,159,284
127,153,280
139,148,287
141,143,284
132,158,290
110,158,268
157,130,287
192,136,328
222,105,327
197,110,307
192,108,300
167,151,318
178,125,303
190,93,283
179,111,290
160,105,265
145,95,240
134,86,220
131,128,259
151,172,323
188,141,329
191,127,318
193,83,276
159,132,291
165,144,309
179,115,294
193,94,287
191,89,280
136,100,236
136,119,255
150,105,255
157,102,259
148,161,309
155,174,329
173,154,327
173,162,335
117,170,287
145,158,303
154,154,308
156,159,315
158,137,295
177,123,300
181,112,293
166,126,292
166,139,305
179,117,296
190,122,312
158,134,292
127,143,270
121,144,265
127,148,275
146,134,280
146,128,274
139,131,270
143,129,272
142,125,267
138,121,259
136,120,256
127,110,237
130,111,241
126,109,235
119,107,226
131,104,235
127,99,226
132,83,215
138,111,249
130,115,245
128,113,241
142,110,252
134,109,243
135,111,246
125,114,239
136,115,251
134,110,244
139,110,249
136,113,249
140,110,250
133,117,250
147,165,312
180,148,328
186,141,327
161,143,304
121,154,275
117,155,272
124,150,274
132,148,280
139,143,282
121,140,261
142,166,308
131,164,295
141,155,296
130,153,283
134,149,283
109,147,256
122,148,270
119,148,267
120,147,267
121,146,267
121,148,269
126,147,273
119,144,263
125,144,269
117,145,262
122,160,282
113,167,280
125,174,299
134,165,299
137,153,290
138,140,278
136,134,270
130,129,259
136,130,266
128,121,249
135,118,253
144,151,295
177,129,306
193,128,321
184,127,311
140,127,267
152,124,276
175,102,277
184,114,298
183,126,309
153,143,296
130,133,263
154,104,258
168,96,264
152,142,294
164,119,283
156,105,261
159,96,255
152,141,293
179,119,298
183,108,291
202,129,331
192,123,315
205,103,308
193,135,328
183,144,327
155,145,300
165,137,302
161,133,294
143,160,303
146,157,303
160,127,287
169,119,288
174,104,278
151,103,254
141,95,236
134,117,251
144,149,293
193,113,306
210,128,338
217,108,325
179,107,286
146,115,261
133,109,242
133,97,230
129,101,230
108,100,208
129,101,230
133,118,251
137,276,413
139,277,416
172,262,434
181,245,426
242,184,426
207,204,411
171,208,379
122,205,327
153,178,331
170,156,326
185,143,328
174,126,300
158,121,279
162,107,269
159,94,253
157,124,281
161,126,287
187,129,316
207,116,323
191,122,313
181,114,295
156,112,268
146,114,260
122,120,242
146,127,273
190,91,281
192,128,320
178,137,315
145,131,276
160,121,281
153,109,262
158,105,263
156,116,272
165,110,275
167,141,308
190,119,309
187,111,298
175,121,296
163,109,272
171,112,283
158,116,274
144,105,249
147,125,272
163,116,279
164,96,260
166,146,312
171,139,310
178,141,319
154,150,304
123,156,279
122,158,280
119,172,291
118,178,296
123,183,306
120,182,302
144,166,310
166,163,329
165,151,316
159,131,290
167,116,283
163,108,271
162,109,271
160,99,259
160,156,316
185,117,302
182,105,287
190,120,310
174,108,282
181,106,287
182,99,281
142,114,256
156,115,271
149,107,256
156,148,304
166,142,308
142,133,275
181,111,292
160,94,254
161,136,297
158,135,293
166,116,282
157,109,266
157,91,248
162,147,309
176,123,299
174,124,298
191,98,289
157,93,250
159,103,262
142,111,253
146,113,259
149,121,270
146,128,274
123,147,270
120,154,274
117,154,271
119,157,276
122,152,274
119,156,275
119,152,271
138,144,282
145,145,290
137,151,288
109,155,264
133,152,285
145,139,284
172,136,308
206,145,351
229,147,376
218,161,379
195,144,339
167,146,313
167,147,314
163,145,308
157,142,299
161,142,303
158,141,299
159,142,301
148,148,296
151,141,292
157,138,295
164,134,298
164,130,294
158,122,280
149,123,272
152,111,263
151,112,263
163,134,297
166,249,415
319,163,482
327,168,495
363,129,492
225,111,336
193,95,288
159,121,280
160,116,276
154,109,263
155,109,264
150,104,254
150,110,260
152,104,256
151,101,252
155,105,260
153,121,274
160,112,272
162,100,262
158,113,271
158,107,265
158,102,260
153,118,271
153,111,264
157,110,267
147,109,256
144,117,261
145,136,281
149,127,276
154,113,267
159,103,262
173,119,292
165,118,283
167,107,274
148,107,255
153,103,256
152,101,253
153,102,255
147,105,252
148,101,249
151,131,282
149,123,272
161,108,269
162,140,302
166,130,296
187,111,298
202,125,327
164,124,288
175,131,306
162,125,287
157,106,263
150,94,244
146,122,268
157,111,268
169,216,385
205,188,393
210,167,377
201,168,369
103,202,305
145,200,345
141,202,343
137,200,337
164,170,334
182,163,345
192,153,345
157,157,314
161,154,315
148,150,298
157,155,312
150,151,301
158,139,297
158,139,297
151,145,296
141,159,300
145,156,301
133,166,299
152,159,311
143,164,307
140,168,308
140,169,309
142,172,314
143,168,311
137,172,309
154,167,321
150,160,310
151,172,323
133,181,314
123,177,300
138,178,316
148,158,306
155,157,312
150,165,315
120,171,291
121,176,297
127,188,315
123,203,326
135,199,334
129,211,340
159,213,372
154,205,359
160,198,358
171,178,349
157,179,336
151,184,335
128,200,328
129,199,328
145,188,333
146,183,329
180,135,315
207,114,321
207,102,309
181,99,280
151,86,237
149,107,256
157,97,254
148,130,278
151,139,290
166,114,280
175,104,279
176,135,311
159,151,310
173,144,317
161,138,299
150,134,284
140,125,265
126,120,246
145,122,267
143,117,260
142,117,259
140,108,248
134,110,244
151,107,258
148,108,256
137,120,257
139,112,251
160,125,285
138,151,289
146,174,320
142,176,318
152,155,307
159,138,297
160,119,279
148,110,258
145,120,265
143,134,277
139,139,278
142,130,272
151,130,281
156,118,274
144,121,265
140,125,265
146,109,255
149,111,260
158,128,286
147,136,283
138,140,278
137,143,280
145,134,279
155,137,292
153,147,300
160,154,314
163,149,312
150,136,286
147,134,281
155,131,286
158,108,266
170,136,306
173,138,311
168,139,307
169,138,307
152,132,284
156,123,279
161,110,271
168,95,263
158,127,285
160,110,270
151,93,244
160,103,263
147,102,249
148,134,282
168,130,298
198,160,358
218,142,360
219,119,338
191,122,313
185,140,325
186,164,350
248,140,388
237,126,363
252,105,357
194,101,295
174,147,321
158,148,306
167,143,310
178,129,307
170,122,292
187,123,310
166,128,294
153,153,306
145,138,283
160,127,287
187,111,298
161,110,271
169,116,285
148,124,272
152,125,277
134,129,263
129,137,266
118,148,266
120,155,275
114,158,272
158,129,287
163,136,299
148,138,286
147,128,275
172,106,278
187,104,291
184,154,338
166,150,316
171,143,314
161,143,304
132,138,270
136,130,266
156,122,278
152,124,276
147,129,276
155,111,266
163,116,279
199,150,349
180,139,319
198,113,311
185,137,322
167,136,303
153,130,283
145,144,289
131,160,291
131,160,291
134,156,290
141,160,301
136,157,293
141,142,283
163,119,282
131,116,247
153,108,261
131,116,247
128,125,253
122,130,252
126,136,262
127,147,274
125,154,279
124,153,277
124,145,269
147,128,275
153,128,281
134,135,269
128,141,269
128,138,266
146,122,268
143,117,260
127,111,238
112,115,227
141,95,236
140,92,232
149,83,232
123,84,207
126,88,214
131,84,215
125,81,206
116,119,235
126,131,257
132,183,315
150,188,338
167,163,330
193,129,322
204,114,318
182,114,296
170,107,277
145,99,244
139,92,231
126,101,227
121,106,227
123,94,217
130,120,250
121,142,263
119,147,266
131,145,276
129,146,275
142,145,287
134,146,280
125,145,270
123,150,273
118,159,277
120,156,276
126,157,283
126,164,290
127,165,292
127,167,294
140,171,311
129,172,301
134,175,309
132,180,312
138,169,307
141,165,306
140,168,308
156,158,314
165,161,326
164,171,335
150,192,342
140,323,463
137,339,476
126,344,470
278,209,487
278,220,498
336,181,517
201,175,376
221,152,373
171,138,309
172,131,303
160,114,274
163,90,253
161,153,314
153,163,316
149,154,303
142,163,305
123,183,306
147,174,321
132,176,308
155,152,307
147,166,313
162,161,323
148,154,302
134,154,288
147,155,302
141,156,297
144,146,290
160,114,274
162,102,264
167,137,304
150,135,285
152,131,283
152,111,263
171,141,312
187,134,321
166,140,306
187,115,302
167,115,282
178,107,285
153,93,246
156,112,268
144,120,264
145,114,259
156,97,253
151,160,311
166,145,311
159,137,296
147,137,284
124,140,264
127,139,266
127,142,269
122,144,266
124,144,268
135,143,278
124,146,270
137,135,272
139,132,271
128,158,286
125,164,289
123,176,299
135,169,304
143,153,296
170,126,296
203,131,334
209,123,332
185,113,298
147,144,291
166,116,282
180,142,322
186,167,353
147,187,334
151,197,348
166,175,341
199,149,348
221,122,343
200,105,305
178,86,264
162,99,261
135,105,240
122,143,265
162,128,290
169,118,287
170,112,282
152,128,280
178,121,299
183,121,304
170,130,300
152,123,275
156,125,281
156,129,285
137,124,261
131,134,265
125,141,266
133,145,278
127,161,288
137,164,301
124,182,306
130,192,322
115,195,310
137,196,333
150,181,331
159,169,328
175,161,336
149,157,306
115,162,277
123,173,296
117,200,317
114,212,326
122,223,345
131,226,357
180,187,367
171,188,359
162,178,340
153,157,310
161,168,329
156,182,338
146,185,331
138,193,331
122,198,320
141,173,314
148,169,317
163,162,325
158,147,305
174,142,316
165,141,306
149,149,298
138,163,301
163,136,299
168,141,309
171,151,322
121,175,296
145,178,323
138,184,322
136,193,329
120,199,319
155,178,333
162,177,339
165,181,346
142,184,326
122,187,309
141,167,308
123,175,298
166,157,323
145,152,297
163,153,316
153,165,318
144,161,305
135,153,288
136,174,310
130,217,347
249,203,452
319,142,461
325,131,456
218,120,338
186,129,315
189,115,304
196,157,353
198,132,330
213,106,319
205,101,306
175,104,279
134,102,236
114,102,216
117,103,220
121,104,225
112,116,228
121,133,254
124,121,245
138,146,284
145,159,304
161,170,331
181,153,334
205,154,359
203,158,361
225,122,347
233,138,371
210,156,366
189,144,333
183,133,316
164,145,309
151,140,291
158,118,276
184,97,281
180,97,277
157,84,241
143,128,271
133,128,261
138,119,257
139,141,280
131,140,271
121,135,256
133,115,248
139,105,244
141,102,243
124,100,224
147,89,236
142,145,287
148,122,270
166,105,271
174,104,278
150,99,249
158,117,275
165,95,260
146,93,239
151,87,238
121,120,241
139,146,285
120,172,292
121,183,304
116,192,308
132,187,319
133,182,315
142,189,331
138,186,324
140,176,316
143,186,329
146,179,325
150,174,324
148,180,328
145,178,323
144,168,312
141,168,309
133,173,306
126,176,302
148,162,310
156,152,308
160,147,307
137,141,278
140,143,283
141,161,302
145,171,316
147,175,322
150,159,309
149,150,299
156,133,289
157,116,273
136,100,236
154,99,253
143,92,235
138,89,227
138,88,226
125,82,207
120,114,234
126,114,240
139,125,264
148,121,269
148,102,250
159,85,244
142,110,252
120,114,234
132,107,239
129,107,236
130,115,245
107,131,238
139,118,257
144,101,245
141,94,235
141,108,249
152,95,247
144,140,284
159,113,272
165,99,264
176,89,265
146,138,284
157,138,295
151,145,296
155,149,304
158,139,297
158,140,298
148,141,289
127,150,277
123,172,295
114,179,293
106,183,289
130,177,307
139,170,309
158,156,314
143,157,300
136,158,294
128,161,289
129,161,290
126,168,294
130,170,300
164,136,300
162,134,296
170,133,303
131,133,264
130,134,264
129,132,261
132,133,265
128,131,259
128,134,262
127,143,270
131,133,264
142,116,258
153,102,255
166,163,329
182,161,343
182,155,337
181,152,333
148,151,299
145,151,296
139,141,280
140,137,277
141,133,274
139,129,268
130,129,259
130,126,256
128,127,255
133,127,260
131,128,259
129,131,260
124,134,258
129,134,263
129,138,267
134,133,267
136,129,265
134,130,264
133,124,257
128,119,247
133,116,249
141,115,256
145,110,255
143,105,248
130,104,234
126,107,233
125,102,227
129,102,231
134,95,229
131,97,228
131,91,222
128,91,219
132,85,217
130,110,240
132,115,247
141,110,251
145,114,259
139,120,259
136,126,262
135,131,266
133,136,269
133,136,269
130,143,273
131,166,297
131,164,295
154,140,294
163,119,282
171,120,291
152,117,269
170,130,300
190,119,309
189,127,316
169,136,305
144,157,301
130,173,303
114,174,288
134,174,308
141,188,329
132,190,322
118,212,330
127,219,346
157,200,357
170,207,377
156,210,366
204,143,347
207,131,338
214,128,342
146,134,280
132,142,274
122,152,274
116,154,270
131,160,291
134,194,328
138,196,334
140,191,331
147,184,331
155,186,341
190,170,360
201,156,357
192,176,368
175,192,367
182,177,359
196,159,355
197,146,343
203,139,342
216,151,367
233,141,374
221,161,382
241,128,369
242,164,406
247,154,401
216,136,352
211,137,348
173,131,304
178,141,319
184,146,330
196,140,336
208,150,358
217,112,329
214,100,314
168,110,278
144,107,251
131,112,243
143,129,272
157,111,268
167,128,295
166,106,272
171,114,285
188,132,320
167,138,305
200,95,295
176,99,275
180,90,270
144,120,264
140,140,280
132,186,318
119,196,315
124,199,323
127,208,335
154,204,358
156,211,367
149,209,358
151,188,339
185,156,341
213,131,344
196,123,319
179,123,302
187,100,287
172,102,274
152,136,288
153,272,425
180,274,454
185,259,444
183,226,409
243,151,394
186,127,313
151,115,266
154,106,260
136,104,240
146,133,279
150,131,281
149,140,289
133,142,275
127,145,272
140,151,291
159,161,320
167,152,319
156,144,300
158,134,292
153,154,307
158,175,333
144,207,351
130,223,353
136,224,360
142,240,382
178,194,372
185,186,371
187,184,371
210,119,329
206,127,333
184,131,315
134,137,271
127,143,270
125,145,270
123,161,284
132,165,297
149,149,298
169,121,290
189,128,317
178,122,300
198,128,326
181,135,316
143,138,281
158,129,287
165,115,280
154,136,290
174,128,302
181,185,366
228,139,367
220,118,338
221,166,387
195,166,361
189,156,345
185,175,360
144,187,331
212,182,394
226,173,399
223,146,369
218,100,318
203,161,364
197,174,371
169,178,347
168,162,330
156,140,296
223,109,332
229,95,324
184,101,285
139,97,236
132,103,235
131,112,243
121,101,222
123,90,213
122,91,213
121,96,217
119,100,219
122,111,233
131,115,246
131,122,253
132,120,252
114,128,242
133,141,274
133,159,292
142,153,295
140,154,294
142,150,292
133,161,294
116,185,301
120,209,329
122,209,331
127,201,328
173,154,327
165,151,316
171,154,325
128,158,286
130,160,290
151,154,305
160,149,309
154,146,300
151,146,297
152,163,315
148,184,332
151,210,361
160,214,374
174,208,382
191,217,408
193,208,401
210,179,389
230,132,362
234,144,378
239,108,347
199,100,299
185,116,301
151,114,265
152,117,269
153,115,268
131,122,253
154,102,256
162,90,252
163,101,264
133,106,239
128,114,242
135,111,246
128,109,237
143,101,244
134,112,246
117,129,246
126,132,258
130,143,273
136,145,281
128,155,283
126,158,284
117,155,272
122,149,271
111,148,259
119,151,270
119,162,281
121,189,310
124,198,322
121,215,336
125,229,354
171,190,361
196,162,358
195,142,337
165,132,297
141,123,264
124,114,238
127,108,235
116,94,210
138,83,221
128,99,227
136,105,241
128,102,230
135,89,224
138,128,266
144,124,268
135,111,246
134,100,234
129,95,224
104,154,258
155,139,294
181,112,293
192,101,293
173,116,289
145,124,269
131,132,263
122,148,270
106,155,261
146,166,312
138,179,317
123,200,323
105,215,320
151,198,349
148,195,343
180,177,357
177,179,356
182,243,425
312,131,443
304,120,424
296,105,401
181,122,303
176,134,310
178,126,304
168,115,283
162,112,274
166,117,283
156,128,284
161,118,279
166,102,268
161,94,255
142,150,292
157,133,290
152,118,270
142,118,260
132,112,244
115,107,222
120,103,223
122,104,226
112,103,215
121,99,220
121,96,217
119,112,231
120,115,235
123,122,245
120,122,242
117,126,243
119,133,252
122,136,258
124,136,260
120,145,265
123,151,274
126,150,276
159,129,288
194,98,292
196,98,294
177,103,280
143,100,243
143,115,258
149,111,260
151,111,262
145,101,246
141,87,228
146,110,256
137,116,253
118,112,230
129,103,232
124,111,235
124,115,239
121,117,238
129,112,241
135,107,242
130,104,234
124,178,302
140,206,346
155,206,361
175,199,374
168,211,379
160,231,391
132,259,391
147,245,392
183,217,400
204,209,413
207,202,409
193,201,394
179,206,385
173,199,372
162,190,352
166,166,332
186,132,318
187,110,297
158,103,261
136,96,232
125,89,214
122,82,204
125,104,229
129,105,234
134,96,230
122,88,210
134,113,247
133,115,248
136,98,234
146,83,229
144,115,259
125,144,269
146,147,293
146,147,293
168,139,307
154,155,309
144,170,314
126,178,304
132,171,303
128,167,295
150,141,291
154,120,274
164,107,271
157,123,280
156,118,274
185,145,330
191,129,320
180,120,300
133,114,247
143,111,254
158,120,278
150,158,308
110,173,283
180,150,330
196,152,348
247,110,357
222,136,358
203,134,337
154,138,292
140,132,272
149,112,261
175,159,334
205,160,365
172,162,334
136,157,293
96,144,240
127,138,265
120,133,253
121,126,247
115,120,235
126,113,239
129,103,232
115,93,208
131,83,214
113,99,212
124,133,257
149,117,266
161,132,293
193,119,312
179,115,294
164,104,268
145,169,314
159,171,330
142,176,318
150,164,314
94,158,252
128,157,285
160,133,293
148,128,276
151,116,267
151,122,273
135,117,252
111,175,286
163,193,356
164,179,343
198,131,329
176,105,281
179,129,308
135,137,272
152,148,300
161,135,296
170,107,277
152,125,277
158,120,278
162,112,274
141,105,246
166,128,294
166,134,300
150,131,281
145,136,281
137,134,271
122,140,262
112,138,250
119,129,248
150,103,253
162,102,264
162,94,256
158,123,281
144,132,276
151,114,265
147,111,258
140,112,252
137,98,235
150,86,236
131,120,251
141,130,271
150,130,280
151,115,266
153,106,259
149,118,267
168,121,289
177,135,312
177,156,333
138,174,312
144,161,305
132,156,288
133,148,281
117,162,279
117,179,296
123,185,308
130,188,318
136,196,332
109,192,301
139,189,328
158,167,325
172,142,314
162,129,291
149,123,272
128,117,245
119,110,229
105,106,211
114,105,219
118,100,218
130,82,212
132,124,256
130,142,272
121,157,278
125,158,283
121,156,277
146,136,282
148,124,272
170,116,286
167,141,308
194,144,338
205,204,409
255,161,416
225,167,392
200,194,394
139,215,354
169,194,363
149,183,332
177,154,331
174,129,303
169,112,281
154,105,259
152,82,234
136,171,307
168,163,331
177,177,354
167,188,355
122,193,315
117,201,318
105,190,295
142,192,334
134,194,328
135,196,331
143,196,339
149,195,344
148,193,341
155,178,333
145,172,317
147,189,336
133,193,326
117,196,313
123,183,306
174,140,314
188,116,304
182,119,301
140,120,260
123,115,238
112,113,225
125,99,224
125,93,218
132,87,219
107,96,203
123,113,236
118,113,231
126,97,223
141,78,219
142,113,255
113,121,234
124,121,245
130,117,247
139,121,260
109,157,266
131,299,430
126,305,431
119,306,425
195,257,452
305,150,455
316,133,449
241,130,371
133,139,272
122,151,273
126,148,274
147,142,289
167,135,302
193,118,311
192,98,290
174,94,268
136,97,233
129,95,224
128,89,217
133,122,255
136,117,253
135,114,249
140,100,240
132,96,228
139,95,234
129,93,222
125,93,218
126,93,219
129,88,217
132,83,215
132,85,217
126,85,211
124,85,209
122,83,205
121,84,205
120,84,204
123,116,239
132,111,243
136,105,241
134,108,242
121,105,226
125,104,229
125,105,230
128,103,231
129,96,225
129,97,226
133,89,222
134,86,220
140,81,221
134,100,234
127,103,230
128,95,223
127,97,224
128,92,220
130,88,218
134,83,217
129,86,215
124,101,225
122,104,226
146,105,251
147,114,261
147,120,267
132,122,254
129,124,253
128,123,251
123,124,247
125,122,247
125,123,248
123,133,256
124,141,265
124,147,271
123,156,279
127,160,287
126,168,294
126,164,290
125,172,297
125,174,299
123,182,305
124,181,305
138,174,312
139,190,329
139,209,348
126,216,342
145,196,341
161,191,352
239,119,358
232,129,361
217,133,350
123,129,252
120,156,276
118,177,295
110,173,283
123,166,289
116,160,276
186,116,302
202,113,315
217,164,381
192,149,341
239,132,371
230,131,361
181,122,303
160,116,276
181,179,360
198,171,369
171,161,332
191,145,336
157,142,299
158,159,317
135,175,310
138,170,308
145,168,313
143,173,316
134,181,315
111,185,296
120,194,314
124,184,308
147,188,335
159,185,344
148,181,329
135,187,322
130,180,310
169,147,316
196,118,314
214,116,330
187,129,316
164,145,309
129,153,282
123,171,294
123,205,328
117,236,353
115,258,373
160,219,379
197,177,374
201,164,365
185,148,333
157,145,302
149,146,295
136,166,302
124,164,288
110,153,263
124,168,292
132,165,297
130,158,288
133,144,277
131,132,263
146,125,271
147,108,255
147,100,247
124,138,262
151,140,291
150,145,295
129,164,293
122,156,278
139,162,301
149,172,321
146,194,340
132,194,326
123,188,311
124,169,293
156,141,297
164,121,285
194,88,282
168,125,293
162,126,288
149,122,271
173,103,276
164,99,263
152,143,295
148,140,288
149,125,274
152,111,263
152,96,248
153,129,282
173,216,389
216,185,401
206,186,392
191,190,381
110,204,314
138,210,348
116,209,325
161,188,349
156,432,588
451,125,576
451,104,555
457,99,556
131,131,262
164,110,274
167,93,260
162,137,299
171,133,304
187,115,302
162,127,289
155,126,281
132,123,255
132,119,251
126,114,240
126,109,235
125,114,239
124,113,237
128,141,269
120,151,271
124,151,275
136,152,288
148,139,287
130,139,269
124,140,264
119,143,262
121,156,277
122,171,293
111,172,283
120,178,298
124,177,301
150,162,312
152,153,305
154,152,306
129,156,285
139,147,286
168,106,274
193,142,335
177,128,305
188,122,310
180,133,313
185,127,312
180,154,334
188,145,333
196,135,331
218,150,368
240,132,372
227,127,354
220,156,376
160,159,319
161,146,307
172,137,309
207,221,428
254,176,430
251,168,419
223,154,377
192,134,326
222,132,354
212,133,345
198,144,342
185,129,314
184,122,306
157,123,280
127,123,250
115,129,244
123,135,258
112,138,250
115,141,256
123,137,260
115,140,255
108,134,242
123,136,259
114,125,239
134,119,253
127,120,247
109,123,232
124,122,246
117,125,242
114,137,251
119,159,278
104,180,284
123,191,314
116,199,315
114,201,315
146,173,319
137,187,324
147,184,331
133,189,322
131,190,321
132,179,311
127,159,286
162,150,312
151,151,302
156,135,291
156,126,282
162,140,302
141,151,292
130,164,294
141,155,296
134,156,290
133,182,315
116,205,321
108,200,308
133,193,326
152,172,324
195,131,326
194,115,309
197,99,296
159,122,281
148,116,264
161,102,263
154,85,239
149,117,266
148,120,268
136,110,246
152,91,243
149,128,277
171,124,295
179,108,287
176,89,265
162,140,302
165,125,290
155,116,271
149,110,259
123,100,223
142,90,232
152,135,287
158,127,285
162,109,271
159,113,272
127,111,238
99,115,214
126,110,236
111,115,226
115,112,227
122,105,227
113,98,211
97,108,205
119,115,234
116,113,229
108,108,216
99,100,199
130,95,225
119,89,208
119,94,213
108,105,213
120,101,221
122,93,215
112,87,199
105,85,190
124,84,208
105,83,188
129,128,257
125,138,263
133,140,273
129,138,267
115,133,248
119,132,251
131,120,251
123,116,239
121,109,230
123,122,245
99,116,215
114,118,232
140,92,232
141,97,238
142,98,240
116,93,209
120,87,207
110,85,195
115,81,196
108,77,185
124,95,219
115,96,211
119,95,214
120,95,215
116,92,208
120,93,213
122,90,212
114,95,209
131,89,220
121,92,213
117,86,203
119,86,205
120,82,202
111,77,188
125,92,217
121,95,216
117,88,205
124,93,217
119,88,207
121,86,207
121,84,205
122,84,206
121,83,204
123,82,205
117,81,198
121,104,225
122,125,247
128,132,260
132,149,281
124,154,278
118,167,285
110,178,288
117,183,300
118,208,326
128,227,355
141,210,351
140,206,346
196,159,355
213,152,365
205,147,352
148,146,294
126,148,274
121,160,281
125,178,303
137,170,307
160,161,321
153,157,310
167,143,310
176,132,308
189,133,322
199,119,318
211,117,328
199,115,314
165,104,269
168,105,273
160,109,269
160,101,261
139,96,235
136,91,227
117,94,211
127,98,225
114,89,203
128,93,221
126,89,215
112,91,203
124,99,223
115,104,219
123,109,232
125,110,235
110,111,221
105,106,211
125,108,233
121,113,234
124,113,237
126,119,245
121,116,237
128,123,251
120,129,249
124,130,254
124,124,248
124,115,239
125,112,237
126,105,231
123,100,223
122,98,220
125,98,223
124,96,220
115,96,211
122,92,214
124,92,216
125,92,217
124,88,212
128,84,212
119,109,228
128,105,233
127,101,228
129,102,231
119,104,223
123,104,227
121,97,218
122,105,227
121,246,367
121,249,370
125,245,370
170,200,370
198,148,346
171,129,300
194,124,318
153,110,263
160,84,244
145,78,223
146,103,249
124,123,247
126,126,252
126,123,249
124,127,251
127,120,247
130,115,245
125,114,239
118,109,227
119,103,222
122,113,235
119,117,236
123,115,238
128,113,241
113,110,223
126,111,237
134,108,242
135,123,258
143,134,277
133,125,258
146,118,264
141,119,260
138,129,267
120,133,253
119,129,248
121,121,242
139,112,251
136,118,254
126,136,262
123,143,266
114,146,260
127,135,262
136,118,254
136,108,244
136,100,236
130,91,221
127,88,215
128,80,208
132,114,246
130,123,253
134,112,246
130,112,242
137,122,259
131,125,256
131,117,248
133,112,245
136,111,247
136,113,249
133,118,251
122,127,249
99,128,227
121,128,249
137,127,264
141,116,257
153,100,253
161,85,246
140,90,230
137,112,249
127,98,225
134,94,228
141,89,230
135,111,246
138,118,256
138,113,251
133,104,237
129,96,225
137,90,227
136,120,256
140,127,267
175,116,291
180,111,291
184,103,287
155,103,258
157,104,261
159,92,251
157,96,253
139,84,223
137,116,253
133,132,265
136,157,293
140,156,296
146,135,281
154,121,275
173,90,263
164,84,248
144,78,222
118,102,220
123,115,238
122,122,244
149,101,250
164,117,281
179,111,290
162,110,272
152,109,261
111,159,270
137,152,289
141,150,291
143,149,292
138,132,270
148,123,271
186,88,274
183,123,306
175,121,296
151,106,257
153,91,244
158,127,285
161,122,283
155,117,272
162,111,273
152,119,271
145,122,267
134,106,240
144,105,249
142,98,240
131,93,224
142,102,244
140,104,244
148,138,286
167,115,282
164,107,271
165,141,306
158,131,289
155,107,262
168,105,273
141,103,244
131,104,235
132,112,244
126,127,253
120,129,249
108,141,249
109,142,251
121,154,275
117,159,276
126,163,289
120,166,286
121,175,296
107,170,277
123,165,288
123,161,284
142,141,283
156,125,281
167,113,280
142,97,239
166,92,258
153,100,253
153,107,260
131,106,237
135,103,238
132,100,232
136,98,234
132,94,226
135,91,226
134,93,227
133,95,228
123,90,213
125,91,216
121,98,219
124,98,222
127,100,227
129,99,228
126,98,224
144,87,231
134,84,218
129,109,238
119,109,228
129,108,237
123,126,249
122,128,250
124,125,249
132,114,246
126,104,230
135,87,222
143,111,254
138,117,255
128,129,257
123,141,264
117,139,256
94,153,247
118,215,333
260,154,414
290,143,433
286,132,418
192,143,335
125,129,254
138,125,263
147,108,255
156,79,235
154,90,244
138,139,277
145,121,266
145,109,254
144,101,245
120,93,213
129,90,219
123,86,209
133,97,230
138,91,229
138,106,244
140,96,236
135,89,224
136,102,238
135,98,233
137,90,227
130,82,212
133,90,223
135,83,218
140,107,247
136,104,240
135,99,234
139,87,226
138,85,223
145,105,250
136,101,237
135,93,228
125,86,211
133,107,240
150,95,245
151,86,237
147,96,243
136,87,223
138,96,234
135,93,228
135,83,218
139,96,235
137,112,249
138,108,246
139,95,234
141,86,227
146,97,243
141,100,241
139,100,239
138,96,234
140,89,229
137,104,241
155,116,271
165,110,275
162,119,281
141,113,254
119,107,226
103,101,204
110,98,208
122,103,225
120,104,224
121,98,219
126,99,225
110,97,207
131,90,221
133,88,221
124,85,209
114,86,200
118,81,199
104,90,194
123,140,263
142,131,273
159,115,274
160,116,276
137,132,269
128,145,273
134,149,283
137,146,283
146,126,272
157,125,282
157,135,292
142,134,276
121,137,258
106,135,241
123,129,252
122,129,251
120,126,246
119,125,244
110,121,231
116,113,229
113,129,242
127,138,265
125,138,263
126,137,263
130,124,254
141,121,262
134,131,265
125,138,263
126,143,269
127,149,276
131,151,282
132,154,286
132,167,299
133,172,305
132,171,303
131,175,306
128,177,305
130,180,310
129,187,316
149,174,323
155,172,327
153,172,325
134,179,313
123,186,309
137,174,311
138,179,317
139,182,321
136,178,314
133,180,313
140,180,320
132,185,317
144,173,317
138,179,317
138,184,322
137,175,312
137,180,317
137,184,321
137,180,317
137,186,323
156,171,327
144,178,322
142,184,326
137,173,310
137,178,315
138,184,322
136,173,309
135,181,316
137,179,316
138,171,309
137,172,309
138,180,318
125,180,305
136,174,310
137,172,309
138,179,317
125,187,312
141,171,312
142,176,318
142,179,321
132,183,315
131,183,314
140,173,313
139,173,312
139,174,313
132,181,313
126,180,306
136,173,309
137,173,310
138,179,317
126,203,329
142,214,356
142,229,371
142,227,369
222,133,355
232,136,368
260,140,400
200,151,351
202,122,324
220,101,321
175,104,279
157,132,289
129,142,271
134,156,290
138,170,308
89,181,270
133,192,325
135,194,329
124,202,326
108,192,300
132,147,279
202,100,302
195,109,304
173,110,283
139,106,245
144,100,244
155,117,272
160,116,276
148,112,260
156,102,258
153,170,323
171,151,322
154,152,306
164,142,306
121,136,257
141,131,272
129,121,250
142,105,247
133,96,229
127,136,263
158,124,282
170,114,284
157,106,263
140,102,242
135,112,247
140,116,256
129,114,243
132,133,265
132,142,274
109,153,262
121,163,284
85,172,257
117,186,303
114,218,332
102,225,327
124,221,345
169,183,352
186,159,345
152,157,309
152,165,317
137,184,321
91,189,280
109,188,297
122,205,327
163,169,332
163,163,326
175,163,338
157,142,299
144,131,275
169,120,289
154,130,284
163,136,299
162,141,303
166,140,306
169,162,331
180,184,364
181,180,361
240,152,392
238,145,383
223,171,394
229,152,381
210,149,359
190,146,336
199,153,352
232,117,349
239,141,380
227,114,341
173,139,312
187,123,310
151,133,284
151,128,279
112,134,246
144,126,270
162,123,285
159,144,303
172,246,418
214,225,439
224,209,433
187,215,402
181,205,386
180,200,380
151,188,339
150,175,325
158,144,302
162,126,288
162,119,281
144,101,245
141,130,271
145,121,266
152,125,277
145,128,273
129,123,252
128,119,247
118,116,234
117,114,231
107,118,225
118,135,253
116,145,261
124,139,263
130,146,276
132,141,273
78,137,215
108,132,240
115,136,251
106,141,247
115,146,261
120,136,256
108,143,251
122,134,256
127,123,250
113,117,230
133,129,262
101,126,227
126,121,247
130,116,246
130,130,260
119,129,248
130,214,344
180,172,352
177,174,351
152,165,317
86,175,261
116,172,288
129,171,300
128,166,294
127,148,275
135,142,277
126,129,255
128,126,254
128,132,260
117,124,241
121,122,243
116,123,239
128,122,250
152,96,248
158,169,327
159,143,302
181,121,302
181,132,313
126,148,274
145,127,272
182,98,280
190,83,273
161,124,285
129,110,239
136,109,245
127,103,230
129,110,239
154,125,279
155,120,275
130,106,236
149,90,239
146,154,300
158,137,295
140,131,271
145,124,269
96,123,219
136,105,241
117,93,210
151,135,286
151,134,285
140,127,267
133,142,275
114,139,253
166,117,283
157,118,275
161,110,271
141,99,240
142,125,267
144,117,261
142,119,261
140,125,265
131,112,243
140,93,233
139,88,227
119,98,217
130,117,247
130,142,272
134,133,267
129,125,254
137,115,252
133,93,226
150,107,257
155,104,259
148,146,294
165,114,279
171,108,279
154,96,250
144,126,270
169,117,286
193,106,299
181,94,275
178,139,317
153,145,298
195,103,298
192,118,310
193,150,343
179,118,297
188,140,328
175,136,311
192,151,343
232,164,396
229,145,374
217,149,366
177,167,344
166,146,312
180,124,304
184,130,314
203,110,313
191,99,290
164,132,296
161,117,278
146,101,247
157,101,258
151,141,292
170,125,295
151,129,280
152,128,280
124,134,258
131,166,297
126,176,302
123,185,308
121,206,327
122,214,336
133,222,355
139,213,352
169,187,356
172,164,336
191,137,328
163,126,289
162,108,270
131,99,230
149,145,294
138,137,275
149,134,283
130,157,287
119,170,289
120,160,280
134,153,287
141,137,278
128,132,260
130,119,249
104,114,218
130,102,232
136,87,223
132,103,235
119,111,230
138,110,248
126,113,239
136,97,233
135,87,222
141,82,223
119,89,208
131,83,214
130,118,248
131,122,253
138,125,263
139,122,261
127,119,246
130,112,242
132,104,236
131,98,229
125,84,209
138,122,260
134,132,266
119,125,244
130,128,258
119,117,236
131,124,255
132,127,259
134,110,244
147,106,253
147,102,249
140,97,237
131,100,231
112,96,208
104,93,197
123,93,216
106,115,221
125,120,245
127,117,244
131,117,248
130,122,252
129,130,259
117,225,342
257,93,350
274,172,446
289,156,445
158,141,299
193,104,297
160,87,247
173,79,252
141,107,248
125,113,238
124,106,230
126,117,243
123,154,277
127,155,282
138,154,292
117,177,294
132,184,316
124,177,301
130,173,303
135,150,285
158,134,292
157,132,289
135,131,266
120,137,257
118,132,250
127,125,252
130,126,256
128,140,268
123,146,269
116,143,259
122,137,259
126,145,271
126,145,271
125,151,276
121,149,270
124,152,276
121,151,272
125,154,279
124,154,278
118,164,282
123,182,305
117,188,305
120,182,302
142,160,302
150,146,296
152,135,287
151,119,270
162,89,251
159,82,241
145,76,221
119,92,211
122,107,229
120,106,226
123,101,224
118,100,218
121,95,216
125,90,215
122,86,208
120,85,205
121,98,219
120,108,228
121,113,234
121,115,236
122,117,239
125,123,248
121,139,260
124,163,287
117,190,307
166,168,334
176,159,335
186,165,351
159,184,343
155,189,344
152,206,358
157,200,357
156,206,362
167,211,378
175,186,361
187,186,373
182,182,364
145,158,303
177,123,300
184,102,286
169,85,254
155,105,260
139,117,256
138,111,249
138,98,236
134,85,219
142,89,231
138,83,221
131,106,237
133,101,234
134,90,224
135,107,242
136,97,233
141,88,229
143,113,256
147,112,259
155,103,258
140,94,234
138,101,239
141,98,239
139,91,230
129,105,234
134,101,235
150,81,231
154,94,248
143,92,235
135,85,220
133,110,243
137,100,237
143,115,258
151,101,252
142,107,249
137,104,241
121,109,230
126,125,251
105,136,241
112,143,255
126,153,279
126,158,284
122,161,283
123,163,286
112,163,275
123,162,285
122,157,279
126,152,278
112,154,266
126,149,275
124,145,269
129,146,275
131,148,279
121,155,276
122,151,273
120,150,270
130,147,277
127,150,277
127,151,278
124,156,280
122,150,272
121,149,270
125,146,271
115,140,255
121,139,260
122,137,259
122,160,282
120,168,288
123,177,300
121,199,320
128,191,319
147,169,316
152,162,314
153,154,307
130,154,284
130,155,285
117,164,281
129,155,284
131,150,281
136,141,277
125,133,258
128,134,262
128,137,265
118,141,259
124,143,267
127,136,263
132,136,268
132,138,270
121,140,261
115,138,253
131,136,267
129,139,268
150,124,274
141,122,263
143,122,265
126,115,241
121,111,232
128,113,241
126,114,240
122,116,238
122,123,245
123,121,244
125,125,250
120,123,243
117,138,255
126,136,262
121,137,258
126,137,263
122,141,263
122,144,266
122,144,266
122,146,268
120,163,283
131,169,300
132,172,304
132,181,313
126,180,306
130,166,296
140,155,295
144,147,291
129,152,281
123,146,269
117,150,267
119,145,264
121,149,270
123,152,275
125,151,276
115,135,250
128,155,283
114,161,275
107,163,270
113,166,279
114,164,278
122,173,295
105,177,282
163,139,302
170,133,303
172,141,313
139,136,275
133,128,261
133,121,254
138,100,238
142,93,235
134,84,218
136,94,230
128,89,217
132,125,257
132,132,264
134,144,278
136,274,410
125,277,402
93,300,393
171,259,430
248,187,435
273,166,439
245,162,407
198,145,343
198,158,356
227,126,353
222,160,382
228,140,368
190,132,322
178,123,301
149,129,278
175,126,301
201,102,303
205,87,292
181,129,310
163,118,281
161,108,269
157,97,254
144,97,241
138,101,239
124,99,223
113,105,218
128,106,234
130,103,233
140,99,239
133,95,228
130,90,220
135,89,224
128,93,221
124,95,219
119,90,209
120,93,213
121,96,217
124,86,210
124,89,213
126,89,215
123,93,216
125,90,215
136,93,229
134,96,230
132,90,222
124,88,212
121,86,207
110,90,200
126,101,227
123,115,238
116,120,236
131,108,239
132,98,230
124,97,221
107,98,205
117,129,246
120,135,255
125,136,261
129,135,264
111,139,250
125,141,266
119,141,260
127,140,267
132,151,283
134,160,294
131,166,297
131,176,307
121,191,312
120,205,325
134,193,327
130,185,315
165,145,310
153,149,302
156,144,300
114,141,255
127,132,259
126,129,255
109,133,242
122,129,251
115,132,247
107,132,239
123,128,251
112,133,245
122,137,259
113,134,247
128,134,262
129,136,265
125,138,263
111,137,248
120,135,255
109,138,247
121,136,257
122,137,259
124,136,260
124,129,253
124,127,251
129,141,270
124,150,274
115,154,269
120,161,281
122,159,281
123,159,282
125,161,286
125,164,289
128,164,292
126,167,293
116,171,287
124,167,291
125,169,294
132,156,288
133,152,285
140,155,295
120,157,277
119,161,280
122,166,288
122,169,291
123,163,286
125,166,291
136,163,299
138,161,299
151,159,310
148,145,293
157,125,282
155,171,326
155,183,338
192,135,327
204,114,318
217,139,356
188,120,308
191,112,303
177,130,307
145,131,276
140,131,271
146,130,276
142,133,275
139,130,269
134,134,268
136,136,272
141,134,275
141,132,273
141,134,275
137,146,283
143,157,300
140,177,317
179,157,336
200,143,343
214,133,347
177,128,305
148,131,279
134,134,268
143,130,273
145,131,276
143,133,276
138,129,267
136,132,268
136,134,270
142,131,273
140,128,268
139,179,318
134,209,343
141,225,366
141,234,375
142,226,368
164,190,354
179,151,330
193,171,364
173,167,340
158,164,322
196,154,350
236,165,401
272,139,411
262,139,401
241,110,351
202,108,310
191,126,317
175,142,317
188,144,332
215,147,362
215,161,376
224,162,386
229,204,433
253,159,412
217,152,369
157,136,293
119,115,234
162,124,286
159,126,285
161,131,292
148,138,286
175,186,361
190,186,376
236,154,390
220,128,348
166,99,265
179,125,304
168,138,306
171,140,311
193,100,293
204,99,303
143,120,263
129,123,252
127,121,248
124,120,244
108,121,229
119,121,240
122,116,238
122,124,246
121,156,277
124,166,290
123,172,295
123,185,308
119,206,325
132,202,334
142,193,335
150,189,339
166,155,321
162,123,285
212,96,308
175,153,328
169,152,321
132,157,289
142,153,295
120,126,246
169,114,283
165,160,325
176,140,316
168,135,303
164,114,278
135,120,255
151,125,276
112,124,236
128,110,238
88,106,194
127,99,226
124,104,228
112,107,219
123,113,236
121,216,337
247,122,369
265,132,397
267,126,393
197,120,317
191,111,302
196,193,389
179,196,375
165,206,371
139,202,341
91,190,281
132,188,320
164,170,334
145,173,318
154,158,312
155,128,283
208,113,321
214,122,336
211,159,370
197,134,331
206,123,329
176,115,291
134,101,235
116,94,210
145,171,316
150,179,329
130,178,308
132,172,304
74,176,250
170,108,278
221,125,346
217,133,350
162,133,295
162,128,290
156,130,286
139,141,280
135,154,289
109,155,264
128,156,284
127,167,294
120,177,297
113,180,293
128,199,327
127,203,330
138,182,320
149,172,321
156,173,329
138,169,307
118,176,294
130,174,304
132,168,300
132,168,300
115,175,290
157,142,299
169,130,299
182,141,323
143,158,301
133,156,289
132,167,299
142,168,310
133,157,290
128,157,285
131,170,301
115,194,309
123,209,332
140,203,343
124,216,340
129,198,327
165,212,377
171,215,386
147,229,376
159,213,372
179,198,377
199,186,385
216,158,374
215,131,346
203,152,355
198,135,333
185,156,341
190,142,332
160,143,303
163,151,314
140,177,317
131,190,321
134,194,328
138,191,329
144,181,325
155,172,327
160,180,340
143,178,321
123,182,305
149,163,312
160,150,310
155,144,299
150,123,273
137,117,254
133,95,228
137,152,289
150,128,278
159,109,268
172,101,273
141,146,287
164,151,315
179,128,307
171,138,309
146,133,279
123,132,255
143,139,282
132,141,273
123,136,259
125,133,258
123,124,247
117,118,235
128,108,236
125,105,230
129,95,224
126,120,246
142,146,288
137,147,284
141,148,289
148,159,307
149,159,308
143,156,299
160,146,306
165,129,294
154,134,288
132,124,256
138,112,250
144,105,249
140,109,249
132,126,258
124,126,250
111,117,228
127,125,252
145,106,251
154,88,242
154,104,258
137,97,234
143,141,284
143,128,271
160,117,277
163,94,257
159,148,307
161,142,303
144,137,281
137,150,287
117,143,260
122,138,260
126,130,256
130,113,243
133,106,239
118,92,210
134,127,261
146,113,259
139,97,236
126,88,214
134,80,214
120,118,238
119,121,240
119,109,228
135,100,235
143,91,234
117,113,230
147,101,248
148,90,238
132,150,282
155,141,296
180,120,300
179,107,286
165,101,266
152,117,269
119,129,248
119,139,258
109,148,257
102,185,287
131,203,334
123,236,359
124,245,369
160,207,367
178,179,357
186,173,359
152,175,327
141,195,336
141,195,336
134,192,326
139,193,332
155,164,319
174,154,328
182,152,334
157,160,317
134,159,293
122,155,277
156,116,272
170,104,274
160,143,303
175,110,285
167,96,263
163,80,243
129,102,231
110,92,202
132,125,257
141,136,277
142,270,412
125,272,397
123,282,405
141,239,380
261,147,408
268,124,392
254,159,413
210,109,319
217,181,398
203,182,385
186,172,358
158,180,338
97,194,291
129,199,328
114,204,318
167,173,340
191,160,351
226,136,362
215,181,396
218,138,356
217,110,327
212,135,347
167,107,274
156,94,250
144,81,225
125,133,258
97,133,230
124,127,251
123,117,240
71,112,183
134,165,299
179,160,339
192,155,347
178,148,326
157,146,303
141,136,277
138,124,262
140,129,269
158,112,270
148,136,284
146,151,297
128,155,283
126,156,282
130,158,288
141,165,306
157,153,310
201,147,348
207,155,362
201,143,344
162,139,301
152,154,306
145,145,290
148,145,293
169,137,306
196,137,333
220,128,348
212,131,343
215,108,323
187,136,323
201,118,319
186,103,289
150,91,241
128,98,226
125,101,226
119,104,223
121,113,234
121,100,221
126,120,246
121,142,263
102,138,240
124,144,268
112,149,261
126,157,283
114,162,276
127,193,320
113,228,341
115,244,359
94,241,335
174,176,350
201,162,363
187,155,342
146,150,296
133,146,279
111,141,252
132,144,276
90,139,229
127,129,256
100,132,232
125,140,265
104,148,252
114,150,264
118,153,271
112,160,272
111,153,264
115,149,264
120,146,266
93,150,243
112,154,266
126,147,273
125,140,265
125,166,291
124,192,316
93,196,289
123,197,320
138,173,311
163,120,283
212,114,326
193,164,357
183,146,329
178,152,330
144,160,304
110,165,275
132,153,285
116,149,265
118,151,269
112,165,277
116,171,287
121,184,305
97,180,277
125,184,309
125,169,294
187,120,307
203,105,308
190,102,292
128,97,225
98,108,206
112,118,230
101,131,232
129,128,257
131,114,245
157,176,333
153,182,335
128,183,311
136,145,281
189,138,327
215,122,337
199,138,337
175,134,309
152,117,269
156,105,261
139,133,272
161,119,280
189,165,354
184,167,351
158,183,341
137,186,323
74,181,255
131,154,285
150,154,304
165,151,316
131,155,286
135,162,297
124,153,277
113,148,261
127,136,263
132,133,265
116,121,237
156,126,282
159,120,279
190,122,312
176,131,307
154,153,307
155,166,321
165,172,337
178,150,328
179,135,314
180,159,339
168,154,322
181,128,309
200,140,340
223,113,336
200,109,309
179,116,295
178,110,288
158,129,287
141,118,259
128,143,271
172,126,298
160,139,299
180,138,318
154,119,273
149,107,256
148,97,245
158,172,330
159,168,327
139,168,307
140,154,294
98,147,245
135,138,273
144,130,274
150,114,264
159,109,268
149,105,254
144,104,248
152,86,238
147,91,238
142,95,237
123,94,217
126,98,224
126,101,227
127,95,222
129,90,219
121,92,213
121,101,222
122,121,243
108,134,242
118,142,260
112,135,247
118,115,233
149,121,270
122,140,262
130,146,276
124,163,287
128,172,300
132,174,306
117,178,295
122,183,305
119,177,296
147,159,306
138,151,289
135,142,277
135,157,292
108,165,273
119,179,298
125,182,307
127,199,326
130,203,333
123,190,313
147,188,335
160,175,335
127,169,296
135,180,315
158,156,314
177,139,316
168,125,293
164,114,278
166,121,287
159,128,287
158,135,293
150,145,295
143,145,288
137,137,274
159,97,256
156,86,242
162,90,252
140,90,230
116,81,197
137,90,227
126,85,211
135,121,256
120,134,254
137,132,269
132,134,266
124,127,251
130,132,262
138,131,269
134,139,273
134,143,277
124,160,284
122,169,291
207,168,375
281,100,381
275,98,373
195,112,307
163,101,264
176,87,263
170,113,283
166,106,272
167,104,271
171,155,326
146,146,292
162,153,315
145,163,308
103,171,274
124,180,304
121,194,315
144,173,317
157,167,324
150,166,316
147,150,297
145,144,289
145,131,276
137,128,265
112,117,229
139,100,239
133,92,225
131,109,240
135,108,243
134,98,232
137,91,228
129,84,213
130,93,223
129,84,213
132,125,257
129,139,268
129,129,258
124,132,256
103,180,283
127,180,307
113,181,294
139,163,302
150,140,290
159,107,266
180,198,378
231,138,369
224,143,367
201,155,356
141,173,314
191,155,346
161,143,304
184,135,319
177,120,297
166,116,282
155,111,266
132,102,234
131,92,223
146,137,283
149,133,282
144,125,269
135,118,253
112,116,228
113,106,219
133,102,235
127,97,224
124,86,210
133,90,223
123,86,209
133,115,248
124,114,238
134,102,236
138,99,237
128,99,227
132,97,229
135,121,256
137,138,275
137,149,286
127,157,284
122,148,270
123,140,263
136,129,265
134,122,256
119,109,228
147,92,239
149,106,255
134,109,243
113,102,215
139,108,247
132,117,249
122,123,245
127,108,235
168,112,280
180,122,302
196,137,333
197,134,331
191,135,326
164,130,294
168,146,314
195,137,332
224,107,331
205,110,315
165,136,301
166,128,294
177,136,313
202,131,333
196,129,325
205,124,329
171,111,282
170,104,274
174,101,275
165,129,294
171,139,310
161,137,298
167,125,292
146,110,256
102,131,233
154,120,274
158,114,272
160,121,281
135,126,261
123,133,256
125,138,263
125,144,269
125,148,273
129,151,280
132,154,286
129,162,291
129,168,297
126,175,301
127,177,304
128,185,313
129,190,319
146,177,323
147,182,329
156,172,328
134,178,312
135,184,319
135,172,307
137,178,315
138,181,319
135,171,306
135,177,312
136,182,318
135,173,308
135,179,314
136,180,316
135,176,311
136,177,313
143,178,321
132,183,315
143,172,315
136,177,313
136,181,317
135,171,306
135,178,313
135,181,316
134,178,312
135,184,319
147,175,322
136,181,317
138,180,318
136,177,313
136,179,315
144,177,321
133,178,311
138,179,317
131,181,312
140,178,318
135,179,314
142,179,321
133,179,312
140,197,337
133,200,333
140,200,340
132,202,334
162,178,340
156,179,335
161,180,341
132,191,323
140,328,468
133,360,493
141,361,502
226,289,515
303,235,538
335,199,534
257,172,429
190,173,363
174,163,337
178,135,313
168,126,294
163,119,282
126,120,246
124,115,239
122,117,239
123,108,231
125,106,231
124,133,257
102,144,246
139,128,267
120,137,257
177,131,308
215,154,369
197,149,346
187,136,323
175,169,344
178,152,330
174,177,351
178,189,367
152,183,335
204,117,321
218,96,314
207,130,337
142,139,281
116,146,262
130,158,288
141,160,301
136,153,289
159,161,320
131,169,300
123,174,297
120,214,334
112,220,332
118,208,326
141,211,352
193,157,350
208,128,336
212,118,330
161,120,281
136,115,251
131,105,236
134,94,228
103,110,213
135,115,250
148,126,274
137,125,262
132,132,264
131,136,267
122,136,258
134,122,256
143,122,265
139,119,258
120,150,270
129,153,282
135,140,275
131,131,262
168,99,267
165,151,316
192,110,302
178,97,275
162,152,314
161,157,318
132,165,297
144,171,315
89,191,280
117,206,323
110,225,335
134,229,363
157,216,373
162,204,366
188,176,364
199,154,353
173,165,338
138,168,306
126,170,296
112,170,282
118,201,319
124,214,338
119,215,334
142,197,339
199,133,332
195,117,312
228,87,315
176,154,330
186,123,309
182,103,285
188,90,278
139,88,227
118,97,215
117,115,232
108,109,217
127,106,233
139,114,253
141,120,261
143,116,259
141,112,253
129,112,241
110,118,228
144,97,241
157,136,293
187,105,292
181,93,274
177,155,332
161,152,313
150,141,291
184,102,286
151,92,243
146,85,231
127,127,254
114,127,241
145,127,272
133,130,263
127,137,264
157,116,273
158,132,290
155,146,301
119,152,271
122,150,272
129,160,289
130,180,310
123,192,315
116,205,321
126,214,340
143,198,341
142,192,334
167,166,333
164,150,314
156,159,315
140,188,328
114,201,315
120,213,333
125,216,341
153,168,321
188,145,333
193,126,319
150,119,269
159,101,260
145,89,234
144,116,260
145,141,286
169,119,288
171,105,276
160,122,282
169,109,278
164,97,261
154,93,247
149,105,254
131,106,237
131,99,230
141,89,230
137,102,239
123,113,236
125,124,249
120,132,252
126,191,317
113,204,317
94,194,288
126,203,329
161,163,324
190,121,311
213,99,312
191,180,371
186,163,349
201,121,322
204,109,313
151,97,248
145,108,253
129,109,238
104,112,216
128,122,250
115,140,255
111,152,263
113,159,272
119,159,278
120,166,286
131,162,293
130,160,290
128,162,290
109,184,293
101,193,294
122,190,312
122,183,305
155,147,302
165,132,297
173,121,294
155,104,259
150,94,244
144,115,259
140,135,275
153,141,294
141,129,270
148,114,262
148,108,256
141,100,241
156,141,297
148,152,300
124,148,272
119,156,275
102,153,255
143,161,304
125,171,296
140,171,311
123,165,288
97,168,265
149,143,292
157,125,282
162,110,272
162,126,288
166,105,271
164,140,304
197,119,316
199,93,292
187,126,313
162,112,274
136,100,236
137,99,236
129,116,245
117,127,244
152,158,310
165,171,336
181,156,337
224,135,359
232,116,348
226,147,373
207,121,328
186,109,295
165,108,273
152,146,298
165,155,320
169,160,329
159,151,310
175,125,300
178,116,294
196,144,340
193,107,300
189,88,277
164,84,248
131,142,273
120,159,279
148,158,306
137,152,289
106,146,252
136,132,268
151,111,262
146,87,233
150,135,285
158,136,294
141,130,271
137,140,277
114,130,244
135,134,269
137,123,260
138,107,245
145,95,240
133,87,220
137,102,239
138,89,227
134,114,248
128,105,233
135,104,239
122,185,307
226,156,382
289,110,399
288,119,407
218,101,319
172,120,292
165,117,282
153,119,272
157,101,258
148,96,244
129,98,227
112,93,205
100,92,192
115,92,207
116,93,209
127,93,220
114,87,201
115,83,198
115,76,191
119,121,240
115,110,225
130,111,241
134,106,240
112,126,238
124,103,227
174,107,281
179,101,280
137,108,245
153,90,243
144,107,251
140,112,252
142,103,245
152,115,267
170,127,297
176,127,303
181,123,304
140,166,306
135,168,303
137,167,304
143,184,327
170,193,363
161,202,363
162,183,345
177,143,320
188,175,363
208,160,368
204,130,334
202,118,320
199,119,318
165,156,321
149,173,322
148,163,311
144,158,302
163,140,303
147,140,287
143,138,281
134,142,276
137,140,277
132,135,267
130,135,265
130,141,271
110,143,253
122,140,262
104,145,249
124,147,271
108,148,256
101,144,245
124,144,268
106,142,248
120,159,279
100,166,266
122,192,314
101,198,299
127,194,321
117,192,309
154,152,306
174,147,321
160,149,309
123,153,276
123,156,279
124,157,281
115,165,280
123,165,288
122,160,282
125,155,280
122,150,272
116,153,269
124,152,276
119,154,273
124,162,286
121,163,284
120,161,281
120,158,278
124,152,276
124,153,277
123,154,277
120,155,275
124,152,276
119,147,266
126,139,265
122,137,259
118,149,267
125,146,271
122,148,270
125,143,268
122,136,258
125,130,255
129,126,255
115,122,237
121,117,238
120,118,238
118,114,232
110,112,222
126,102,228
127,97,224
112,95,207
122,91,213
119,96,215
120,91,211
121,96,217
118,96,214
105,101,206
120,129,249
113,137,250
125,147,272
123,152,275
129,147,276
123,145,268
119,139,258
114,141,255
92,137,229
124,131,255
119,128,247
117,125,242
118,124,242
124,121,245
123,121,244
116,114,230
123,111,234
120,106,226
117,107,224
119,108,227
122,103,225
124,98,222
117,92,209
123,90,213
121,90,211
120,93,213
120,92,212
121,90,211
121,90,211
121,85,206
128,99,227
128,107,235
116,102,218
119,95,214
121,89,210
124,87,211
125,83,208
120,241,361
129,262,391
124,271,395
148,252,400
214,172,386
245,160,405
143,169,312
156,211,367
130,240,370
135,248,383
158,232,390
192,208,400
207,201,408
195,212,407
148,217,365
152,187,339
163,167,330
182,143,325
157,117,274
166,101,267
169,98,267
150,129,279
153,127,280
161,119,280
155,113,268
179,121,300
170,102,272
177,135,312
165,127,292
148,112,260
149,122,271
145,165,310
190,147,337
177,145,322
173,126,299
161,87,248
170,81,251
140,93,233
127,105,232
123,103,226
123,97,220
123,97,220
123,105,228
124,116,240
130,117,247
130,108,238
170,131,301
184,105,289
185,143,328
195,139,334
172,132,304
174,123,297
164,119,283
163,115,278
148,110,258
136,101,237
142,90,232
141,136,277
158,117,275
165,108,273
163,114,277
158,121,279
147,129,276
157,139,296
120,147,267
124,160,284
126,186,312
129,183,312
136,170,306
143,159,302
145,147,292
159,125,284
170,120,290
190,89,279
176,106,282
170,101,271
141,88,229
136,82,218
129,91,220
128,95,223
130,111,241
145,102,247
161,129,290
172,122,294
156,117,273
161,96,257
149,84,233
163,101,264
144,94,238
133,121,254
141,114,255
154,107,261
146,101,247
164,127,291
157,111,268
158,105,263
158,91,249
135,135,270
156,132,288
144,122,266
142,118,260
109,112,221
136,121,257
142,118,260
140,112,252
141,106,247
131,100,231
139,86,225
143,97,240
146,92,238
141,84,225
137,116,253
151,99,250
156,103,259
163,94,257
145,84,229
140,92,232
135,85,220
136,92,228
136,87,223
145,118,263
147,112,259
158,120,278
165,139,304
188,137,325
215,149,364
236,131,367
221,129,350
212,106,318
184,116,300
182,113,295
170,160,330
172,188,360
192,187,379
196,176,372
215,134,349
215,103,318
196,117,313
157,128,285
127,139,266
124,150,274
123,155,278
121,157,278
146,136,282
141,133,274
145,131,276
116,130,246
123,129,252
123,122,245
136,108,244
132,102,234
129,97,226
115,97,212
123,99,222
121,93,214
116,89,205
123,90,213
123,93,216
121,87,208
129,83,212
128,89,217
119,90,209
123,89,212
133,108,241
130,114,244
146,104,250
133,112,245
134,108,242
128,105,233
123,109,232
125,106,231
121,100,221
124,106,230
120,104,224
124,106,230
120,102,222
117,99,216
122,98,220
120,93,213
125,95,220
122,95,217
123,88,211
123,85,208
122,81,203
123,78,201
123,97,220
124,97,221
123,94,217
124,92,216
119,94,213
119,93,212
123,89,212
123,85,208
115,83,198
122,78,200
115,102,217
118,116,234
123,137,260
123,153,276
123,183,306
132,194,326
145,192,337
148,217,365
154,216,370
154,226,380
167,242,409
167,228,395
177,207,384
207,175,382
220,177,397
206,170,376
187,175,362
168,181,349
180,166,346
172,175,347
179,162,341
164,151,315
150,140,290
170,107,277
174,115,289
180,102,282
162,91,253
159,107,266
149,96,245
156,109,265
154,95,249
151,108,259
153,95,248
151,108,259
156,94,250
152,107,259
152,94,246
150,106,256
151,96,247
149,104,253
149,95,244
148,107,255
152,95,247
149,105,254
149,96,245
149,105,254
153,95,248
149,107,256
151,94,245
150,105,255
151,96,247
149,105,254
152,94,246
148,106,254
152,94,246
149,107,256
151,96,247
150,108,258
154,96,250
152,96,248
155,111,266
156,97,253
157,97,254
150,108,258
155,96,251
155,108,263
150,96,246
151,109,260
151,97,248
149,107,256
149,100,249
150,121,271
166,96,262
163,109,272
165,96,261
151,108,259
151,95,246
152,108,260
152,95,247
150,107,257
150,120,270
149,160,309
189,124,313
199,154,353
218,129,347
183,112,295
158,99,257
132,91,223
100,126,226
131,129,260
131,132,263
137,127,264
131,134,265
130,154,284
124,160,284
123,152,275
135,131,266
169,105,274
172,104,276
166,96,262
157,105,262
148,97,245
137,83,220
164,146,310
162,144,306
177,130,307
199,191,390
244,200,444
307,149,456
282,144,426
177,145,322
94,163,257
125,168,293
124,172,296
123,178,301
159,148,307
188,110,298
201,124,325
201,116,317
165,118,283
141,116,257
149,116,265
173,102,275
171,118,289
162,129,291
150,120,270
180,93,273
175,99,274
153,109,262
127,113,240
120,116,236
117,132,249
110,131,241
121,131,252
124,136,260
106,143,249
124,147,271
115,149,264
136,147,283
136,138,274
126,143,269
115,136,251
116,147,263
116,150,266
118,165,283
110,170,280
118,165,283
119,159,278
122,158,280
95,172,267
102,173,275
121,174,295
123,172,295
138,154,292
143,137,280
170,120,290
171,113,284
167,147,314
155,147,302
144,165,309
187,127,314
185,161,346
185,166,351
171,174,345
179,163,342
193,134,327
209,105,314
199,101,300
159,102,261
130,106,236
132,134,266
153,120,273
157,101,258
173,143,316
158,147,305
129,133,262
173,122,295
167,103,270
152,97,249
149,94,243
126,93,219
126,108,234
109,125,234
128,128,256
131,128,259
132,122,254
111,109,220
126,105,231
115,101,216
122,107,229
106,103,209
129,99,228
131,90,221
118,88,206
131,87,218
130,77,207
117,138,255
129,147,276
115,145,260
143,128,271
106,127,233
134,142,276
111,152,263
120,150,270
122,144,266
86,152,238
116,166,282
123,163,286
110,167,277
119,170,289
125,147,272
147,140,287
137,136,273
130,132,262
127,132,259
122,141,263
121,155,276
119,164,283
115,187,302
122,210,332
127,210,337
157,184,341
185,151,336
178,143,321
172,134,306
138,145,283
117,151,268
133,159,292
145,151,296
145,142,287
146,135,281
138,138,276
136,137,273
129,150,279
126,171,297
124,175,299
160,138,298
166,133,299
173,140,313
145,137,282
142,133,275
131,123,254
129,114,243
133,102,235
130,96,226
125,90,215
123,253,376
133,275,408
170,257,427
198,255,453
219,260,479
118,239,357
164,238,402
212,229,441
191,224,415
194,197,391
179,188,367
203,169,372
190,176,366
179,192,371
160,200,360
158,201,359
170,192,362
205,150,355
208,125,333
221,86,307
186,116,302
174,113,287
154,126,280
158,118,276
158,101,259
160,128,288
165,117,282
167,143,310
170,122,292
166,131,297
198,101,299
164,98,262
150,98,248
119,104,223
108,100,208
123,119,242
120,124,244
124,132,256
127,139,266
120,144,264
114,151,265
120,158,278
121,163,284
119,173,292
120,192,312
107,201,308
121,209,330
143,185,328
158,180,338
160,200,360
145,209,354
140,213,353
131,214,345
160,173,333
196,132,328
209,121,330
172,136,308
141,152,293
129,167,296
85,162,247
124,169,293
155,171,326
165,148,313
175,135,310
202,104,306
200,101,301
191,111,302
159,113,272
138,109,247
113,103,216
123,106,229
123,103,226
121,96,217
123,91,214
120,85,205
122,84,206
123,101,224
128,115,243
140,117,257
138,119,257
130,114,244
116,107,223
125,101,226
122,101,223
122,98,220
121,92,213
121,89,210
123,89,212
120,102,222
121,123,244
117,142,259
124,153,277
132,146,278
154,126,280
150,126,276
152,115,267
127,115,242
126,113,239
124,114,238
115,112,227
121,109,230
124,106,230
121,100,221
124,100,224
124,100,224
120,96,216
123,90,213
121,90,211
119,88,207
120,113,233
133,119,252
136,114,250
136,111,247
128,108,236
123,105,228
123,100,223
122,96,218
124,95,219
123,90,213
122,88,210
124,85,209
124,91,215
126,92,218
126,89,215
118,95,213
116,97,213
117,94,211
127,90,217
134,84,218
125,80,205
127,90,217
121,90,211
117,100,217
115,101,216
117,95,212
122,90,212
124,85,209
116,83,199
122,79,201
121,95,216
117,104,221
124,104,228
116,101,217
123,99,222
120,94,214
122,93,215
121,89,210
120,89,209
124,88,212
122,86,208
121,81,202
125,107,232
118,118,236
125,125,250
121,135,256
123,155,278
128,156,284
127,154,281
123,149,272
116,153,269
119,148,267
124,142,266
122,135,257
119,131,250
123,128,251
122,132,254
121,150,271
121,158,279
120,154,274
119,149,268
120,149,269
125,144,269
123,138,261
123,134,257
119,139,258
116,133,249
121,136,257
126,132,258
126,126,252
136,110,246
132,102,234
131,103,234
122,98,220
120,89,209
130,105,235
124,110,234
124,121,245
122,122,244
124,123,247
129,127,256
119,131,250
121,135,256
133,122,255
133,117,250
135,112,247
122,105,227
116,100,216
122,95,217
120,89,209
122,88,210
110,89,199
114,93,207
127,86,213
120,84,204
126,85,211
121,84,205
119,84,203
121,80,201
120,100,220
117,113,230
124,110,234
124,104,228
121,105,226
125,101,226
124,98,222
122,101,223
124,95,219
129,95,224
130,91,221
118,88,206
123,104,227
122,110,232
118,114,232
124,113,237
121,109,230
124,107,231
121,103,224
120,101,221
122,107,229
120,107,227
132,114,246
140,119,259
122,132,254
134,139,273
129,153,282
126,165,291
127,160,287
160,144,304
186,113,299
200,99,299
183,118,301
157,121,278
157,111,268
155,101,256
151,91,242
151,112,263
155,103,258
145,96,241
147,120,267
146,114,260
154,102,256
140,87,227
146,149,295
164,141,305
159,147,306
148,160,308
111,177,288
131,179,310
137,178,315
135,169,304
124,162,286
144,150,294
148,140,288
151,130,281
139,120,259
136,108,244
139,96,235
141,88,229
136,81,217
131,114,245
129,115,244
126,124,250
123,129,252
121,131,252
128,127,255
128,123,251
143,102,245
140,96,236
143,95,238
132,87,219
128,98,226
128,103,231
122,107,229
122,111,233
118,106,224
123,101,224
122,95,217
122,93,215
108,93,201
119,90,209
116,89,205
122,86,208
121,84,205
120,86,206
122,88,210
117,90,207
123,81,204
127,94,221
132,122,254
135,122,257
143,123,266
140,131,271
131,133,264
121,138,259
128,133,261
132,126,258
132,123,255
131,110,241
130,107,237
130,110,240
120,109,229
122,113,235
125,124,249
121,128,249
124,127,251
118,127,245
124,124,248
117,127,244
122,125,247
130,129,259
127,137,264
122,133,255
117,122,239
131,107,238
137,103,240
131,100,231
122,377,499
389,116,505
404,112,516
403,130,533
125,163,288
123,188,311
141,175,316
147,175,322
148,172,320
147,167,314
149,174,323
141,188,329
134,200,334
138,202,340
140,205,345
134,212,346
167,227,394
158,268,426
164,269,433
171,250,421
194,236,430
229,189,418
239,188,427
243,170,413
206,156,362
196,155,351
164,184,348
205,132,337
227,110,337
231,107,338
176,96,272
135,109,244
136,111,247
159,84,243
158,109,267
148,128,276
125,130,255
123,130,253
119,129,248
129,119,248
126,116,242
127,110,237
121,106,227
116,102,218
124,99,223
120,96,216
122,92,214
124,89,213
128,88,216
126,90,216
114,86,200
124,90,214
119,86,205
124,89,213
119,90,209
128,86,214
134,89,223
131,88,219
124,93,217
112,102,214
125,121,246
142,125,267
141,135,276
144,145,289
136,150,286
143,146,289
123,143,266
133,149,282
130,149,279
126,153,279
127,151,278
121,151,272
121,149,270
124,144,268
121,140,261
124,139,263
112,144,256
123,139,262
121,137,258
117,133,250
121,126,247
123,124,247
122,126,248
123,126,249
121,120,241
125,113,238
125,107,232
126,103,229
118,98,216
122,94,216
123,91,214
122,89,211
128,88,216
125,88,213
129,84,213
121,89,210
127,85,212
124,81,205
115,79,194
122,101,223
117,102,219
130,98,228
128,100,228
122,104,226
127,98,225
134,91,225
133,93,226
127,94,221
123,97,220
123,98,221
120,103,223
123,248,371
124,267,391
127,291,418
135,290,425
238,203,441
242,214,456
218,229,447
152,209,361
163,187,350
175,168,343
182,131,313
184,113,297
189,119,308
179,103,282
168,99,267
152,87,239
145,97,242
149,93,242
142,86,228
129,107,236
147,90,237
157,80,237
144,99,243
116,103,219
124,111,235
119,113,232
125,104,229
131,107,238
120,109,229
129,109,238
124,113,237
125,115,240
125,125,250
121,131,252
123,131,254
122,129,251
126,119,245
126,108,234
135,104,239
127,99,226
116,96,212
117,92,209
117,86,203
123,82,205
122,76,198
121,90,211
121,84,205
122,96,218
124,105,229
121,110,231
121,109,230
123,113,236
125,115,240
122,121,243
125,118,243
121,134,255
125,150,275
121,149,270
117,145,262
122,138,260
121,134,255
126,139,265
123,134,257
122,132,254
123,131,254
123,134,257
134,128,262
136,124,260
132,125,257
122,137,259
118,138,256
123,139,262
118,141,259
125,142,267
123,139,262
126,137,263
120,138,258
120,158,278
121,160,281
132,160,292
135,150,285
138,150,288
133,148,281
128,145,273
126,142,268
125,143,268
127,140,267
127,137,264
127,133,260
125,131,256
126,131,257
125,138,263
132,132,264
135,129,264
136,133,269
133,127,260
128,125,253
127,129,256
127,128,255
126,129,255
127,141,268
128,152,280
125,157,282
131,148,279
145,134,279
146,128,274
142,124,266
128,132,260
123,132,255
127,129,256
125,130,255
130,125,255
126,122,248
127,116,243
131,109,240
132,107,239
130,106,236
126,100,226
126,102,228
126,117,243
127,139,266
156,129,285
168,137,305
176,143,319
158,151,309
156,162,318
161,162,323
182,137,319
196,117,313
188,118,306
157,121,278
132,126,258
126,130,256
124,135,259
125,135,260
124,134,258
129,130,259
134,123,257
132,121,253
126,121,247
125,127,252
124,131,255
123,130,253
123,129,252
134,128,262
135,126,261
133,126,259
123,126,249
124,124,248
125,122,247
125,132,257
126,159,285
125,175,300
146,157,303
153,169,322
158,171,329
141,179,320
135,183,318
173,177,350
164,198,362
164,187,351
200,250,450
275,217,492
297,228,525
239,221,460
183,229,412
187,203,390
155,229,384
154,186,340
175,213,388
169,220,389
144,202,346
166,183,349
127,163,290
188,129,317
141,136,277
105,149,254
122,146,268
149,143,292
154,149,303
171,132,303
147,143,290
153,171,324
124,158,282
151,134,285
184,98,282
146,129,275
90,123,213
131,117,248
143,133,276
167,141,308
146,153,299
188,139,327
182,102,284
150,129,279
108,123,231
144,108,252
151,127,278
151,117,268
138,120,258
144,120,264
144,116,260
157,111,268
136,173,309
167,186,353
143,192,335
191,180,371
154,180,334
171,136,307
218,144,362
240,232,472
277,209,486
276,215,491
252,220,472
144,248,392
191,274,465
243,210,453
242,220,462
280,190,470
228,175,403
205,143,348
204,134,338
167,197,364
216,178,394
203,182,385
221,157,378
171,176,347
182,204,386
162,243,405
156,281,437
198,241,439
289,155,444
333,129,462
277,137,414
210,260,470
243,246,489
260,249,509
241,199,440
178,206,384
185,230,415
146,219,365
158,214,372
128,193,321
178,159,337
177,163,340
115,207,322
118,213,331
127,218,345
146,245,391
180,203,383
179,213,392
137,285,422
190,261,451
261,248,509
362,216,578
393,141,534
336,157,493
298,159,457
204,149,353
177,140,317
179,156,335
171,166,337
178,175,353
177,150,327
191,130,321
202,93,295
185,156,341
177,117,294
192,112,304
186,168,354
175,136,311
208,182,390
224,157,381
234,99,333
208,87,295
180,169,349
156,154,310
175,146,321
177,132,309
160,168,328
183,177,360
226,136,362
186,138,324
182,139,321
125,157,282
127,189,316
130,200,330
150,212,362
168,198,366
163,263,426
159,309,468
157,324,481
137,340,477
271,249,520
307,248,555
290,244,534
214,204,418
173,206,379
237,122,359
271,189,460
261,232,493
224,201,425
217,163,380
224,113,337
219,131,350
155,110,265
175,178,353
173,170,343
208,93,301
212,89,301
213,162,375
174,123,297
175,115,290
170,109,279
115,135,250
135,140,275
146,136,282
205,103,308
206,96,302
164,87,251
135,163,298
152,161,313
232,173,405
240,160,400
217,105,322
184,98,282
116,93,209
136,93,229
139,121,260
134,223,357
256,139,395
280,143,423
319,136,455
201,214,415
193,197,390
239,165,404
263,214,477
258,201,459
236,144,380
232,110,342
169,114,283
138,122,260
138,171,309
180,124,304
215,144,359
169,161,330
189,156,345
175,211,386
274,132,406
285,226,511
256,211,467
260,152,412
219,144,363
115,223,338
248,314,562
363,202,565
362,224,586
309,212,521
205,189,394
268,178,446
213,179,392
206,179,385
187,156,343
182,158,340
143,189,332
140,262,402
138,258,396
130,248,378
270,102,372
275,119,394
247,203,450
191,187,378
228,158,386
243,128,371
204,171,375
231,131,362
237,104,341
238,94,332
185,175,360
156,170,326
180,150,330
219,178,397
235,128,363
215,91,306
171,153,324
158,144,302
173,114,287
168,169,337
154,166,320
139,161,300
191,108,299
177,97,274
146,176,322
141,179,320
222,126,348
223,225,448
282,144,426
225,124,349
238,99,337
162,96,258
129,105,234
121,148,269
119,147,266
122,140,262
188,173,361
207,173,380
250,135,385
235,207,442
251,194,445
259,157,416
243,127,370
156,132,288
154,135,289
113,196,309
124,216,340
118,223,341
160,188,348
179,161,340
175,209,384
140,251,391
120,311,431
136,301,437
206,226,432
260,217,477
250,188,438
210,170,380
206,115,321
218,88,306
168,173,341
155,193,348
189,169,358
194,221,415
184,236,420
125,226,351
179,203,382
197,237,434
157,238,395
111,232,343
211,187,398
221,172,393
213,158,371
183,109,292
166,98,264
187,113,300
135,122,257
142,136,278
143,235,378
169,280,449
188,283,471
184,271,455
175,279,454
222,211,433
239,186,425
213,183,396
200,166,366
196,149,345
191,160,351
174,160,334
172,154,326
159,168,327
170,150,320
190,111,301
199,133,332
186,158,344
168,161,329
205,168,373
229,155,384
249,109,358
218,125,343
221,123,344
179,123,302
182,161,343
167,142,309
177,141,318
181,137,318
146,137,283
164,149,313
176,144,320
173,187,360
185,186,371
188,161,349
202,154,356
181,165,346
148,163,311
170,135,305
193,115,308
181,118,299
166,111,277
136,100,236
136,98,234
136,94,230
128,115,243
123,118,241
125,108,233
123,101,224
135,92,227
139,102,241
132,92,224
141,83,224
126,108,234
126,129,255
136,134,270
133,142,275
140,140,280
140,146,286
137,151,288
126,149,275
117,139,256
141,137,278
138,149,287
128,142,270
156,117,273
169,100,269
162,88,250
160,104,264
138,108,246
118,102,220
125,94,219
133,88,221
122,107,229
134,117,251
132,115,247
120,107,227
133,101,234
113,102,215
124,125,249
162,116,278
179,106,285
188,110,298
157,124,281
159,127,286
180,112,292
192,136,328
206,116,322
186,109,295
168,134,302
166,142,308
196,107,303
195,99,294
181,114,295
156,110,266
154,93,247
158,121,279
158,115,273
143,116,259
143,109,252
132,112,244
128,112,240
123,113,236
133,128,261
137,139,276
139,138,277
140,132,272
130,120,250
140,106,246
142,92,234
117,82,199
141,134,275
129,117,246
162,117,279
157,108,265
147,88,235
157,89,246
111,93,204
118,93,211
124,99,223
119,94,213
132,91,223
116,85,201
119,87,206
121,92,213
121,122,243
140,125,265
139,128,267
151,120,271
134,136,270
134,146,280
136,143,279
132,146,278
137,136,273
125,143,268
120,151,271
117,156,273
122,165,287
119,163,282
108,158,266
118,159,277
136,149,285
87,150,237
106,175,281
133,169,302
113,173,286
116,180,296
130,195,325
115,192,307
123,192,315
141,158,299
158,143,301
168,136,304
137,123,260
134,118,252
136,107,243
130,83,213
144,96,240
136,127,263
130,108,238
157,128,285
171,127,298
157,139,296
141,142,283
123,149,272
93,140,233
127,146,273
125,135,260
125,130,255
128,119,247
116,107,223
125,100,225
105,99,204
123,90,213
116,109,225
135,121,256
134,130,264
124,120,244
142,111,253
141,134,275
164,141,305
180,138,318
184,139,323
156,165,321
154,179,333
175,182,357
182,175,357
197,163,360
213,148,361
199,138,337
185,146,331
162,158,320
171,147,318
192,146,338
213,154,367
229,129,358
247,150,397
222,150,372
208,152,360
219,112,331
206,108,314
218,145,363
180,127,307
182,112,294
166,137,303
165,121,286
169,113,282
174,158,332
170,141,311
161,145,306
157,142,299
129,133,262
119,119,238
151,106,257
157,104,261
150,108,258
121,112,233
120,110,230
132,110,242
131,141,272
159,135,294
159,157,316
151,169,320
139,166,305
145,154,299
153,138,291
146,124,270
129,114,243
162,115,277
183,132,315
186,122,308
172,103,275
142,98,240
144,151,295
167,136,303
175,135,310
159,141,300
104,149,253
129,148,277
133,147,280
135,148,283
139,146,285
140,150,290
141,150,291
133,154,287
134,154,288
131,161,292
132,160,292
132,163,295
135,170,305
140,168,308
139,170,309
137,197,334
127,196,323
124,190,314
140,167,307
169,133,302
175,119,294
171,106,277
148,100,248
151,153,304
150,140,290
151,128,279
151,110,261
111,93,204
158,146,304
160,135,295
154,123,277
145,109,254
126,112,238
166,101,267
164,85,249
155,143,298
151,130,281
152,117,269
147,104,251
116,96,212
151,164,315
152,151,303
151,141,292
146,126,272
111,112,223
155,100,255
159,108,267
156,99,255
157,145,302
167,126,293
170,105,275
170,87,257
148,142,290
151,130,281
149,118,267
147,106,253
111,94,205
160,154,314
157,167,324
192,135,327
214,166,380
201,148,349
193,154,347
170,123,293
122,102,224
159,89,248
133,133,266
139,175,314
138,177,315
138,181,319
150,178,328
138,153,291
166,157,323
142,162,304
127,164,291
109,167,276
123,170,293
111,172,283
105,218,323
133,240,373
121,257,378
131,272,403
207,220,427
236,206,442
248,233,481
189,232,421
173,223,396
177,248,425
189,234,423
192,232,424
198,221,419
233,208,441
263,194,457
255,189,444
254,160,414
245,143,388
234,118,352
212,136,348
184,119,303
167,105,272
166,194,360
185,201,386
214,173,387
238,160,398
234,118,352
229,118,347
213,112,325
176,142,318
188,131,319
196,128,324
203,147,350
183,142,325
182,162,344
189,180,369
214,155,369
231,131,362
236,111,347
217,159,376
183,165,348
223,117,340
213,200,413
222,159,381
211,154,365
194,156,350
170,106,276
188,157,345
217,131,348
191,232,423
295,140,435
309,88,397
325,120,445
192,129,321
146,122,268
152,121,273
138,113,251
140,103,243
114,100,214
146,125,271
150,115,265
149,133,282
141,137,278
139,160,299
135,180,315
102,194,296
124,189,313
113,186,299
136,173,309
209,115,324
205,107,312
216,115,331
133,119,252
124,137,261
110,151,261
120,159,279
122,175,297
116,197,313
112,194,306
105,197,302
139,177,316
177,148,325
169,151,320
118,155,273
117,163,280
104,160,264
123,169,292
106,175,281
119,177,296
125,180,305
128,178,306
144,161,305
144,156,300
127,142,269
137,134,271
113,123,236
140,106,246
133,131,264
160,125,285
167,151,318
136,135,271
164,142,306
154,153,307
117,142,259
153,140,293
142,153,295
135,157,292
122,161,283
122,159,281
122,158,280
126,155,281
135,153,288
129,145,274
124,142,266
126,161,287
96,171,267
113,181,294
127,178,305
133,178,311
139,179,318
118,184,302
146,194,340
138,213,351
133,210,343
136,202,338
185,145,330
198,124,322
200,120,320
169,252,421
156,265,421
177,241,418
173,300,473
214,262,476
209,255,464
177,264,441
226,186,412
218,166,384
240,134,374
201,142,343
210,162,372
211,190,401
195,185,380
180,189,369
205,161,366
206,160,366
192,161,353
197,159,356
221,164,385
251,136,387
228,134,362
195,131,326
177,119,296
173,139,312
170,157,327
169,148,317
152,153,305
143,161,304
125,175,300
125,185,310
120,184,304
107,218,325
153,197,350
149,199,348
168,188,356
140,183,323
148,183,331
137,182,319
133,166,299
156,146,302
159,128,287
141,122,263
111,116,227
128,125,253
115,126,241
120,115,235
130,108,238
125,106,231
88,105,193
120,109,229
136,123,259
169,110,279
174,119,293
154,117,271
137,109,246
138,106,244
132,100,232
147,136,283
173,119,292
190,132,322
212,129,341
187,123,310
178,109,287
155,129,284
145,125,270
160,115,275
186,110,296
180,116,296
179,115,294
151,111,262
151,140,291
170,107,277
188,127,315
193,109,302
171,95,266
171,111,282
152,117,269
153,134,287
145,140,285
143,136,279
142,144,286
147,137,284
168,111,279
159,113,272
147,117,264
124,115,239
129,125,254
133,123,256
122,124,246
145,101,246
153,100,253
150,124,274
169,121,290
185,103,288
193,96,289
151,101,252
149,97,246
137,141,278
151,140,291
160,133,293
177,109,286
184,114,298
197,127,324
188,120,308
211,98,309
166,102,268
171,94,265
140,97,237
147,97,244
121,115,236
135,125,260
129,123,252
131,111,242
121,102,223
144,93,237
137,85,222
135,114,249
135,125,260
155,111,266
170,98,268
172,89,261
156,134,290
152,132,284
162,120,282
165,123,288
125,118,243
152,99,251
146,92,238
140,124,264
143,128,271
146,134,280
168,103,271
170,90,260
169,133,302
155,126,281
160,109,269
181,117,298
160,113,273
162,108,270
170,82,252
172,94,266
150,111,261
126,115,241
130,119,249
139,126,265
139,147,286
137,200,337
135,202,337
145,185,330
172,172,344
185,166,351
175,156,331
155,154,309
159,156,315
158,156,314
161,162,323
178,166,344
176,180,356
196,187,383
208,190,398
219,193,412
207,192,399
218,188,406
239,185,424
248,169,417
202,185,387
168,197,365
152,200,352
157,232,389
185,207,392
193,191,384
204,172,376
198,161,359
184,153,337
197,140,337
197,164,361
227,186,413
251,177,428
261,150,411
219,126,345
187,121,308
182,142,324
200,131,331
213,110,323
203,103,306
159,118,277
171,125,296
170,105,275
184,106,290
157,88,245
146,143,289
149,140,289
148,140,288
148,150,298
151,162,313
135,163,298
127,163,290
129,154,283
130,153,283
117,149,266
124,158,282
121,166,287
132,168,300
129,175,304
119,182,301
120,181,301
134,183,317
122,191,313
151,186,337
151,183,334
148,192,340
132,205,337
141,198,339
149,190,339
157,183,340
146,195,341
157,193,350
135,190,325
148,178,326
150,158,308
158,149,307
147,144,291
124,136,260
122,130,252
121,121,242
127,122,249
129,115,244
126,109,235
147,109,256
161,103,264
160,102,262
146,154,300
152,164,316
161,159,320
167,153,320
143,148,291
147,135,282
131,132,263
133,121,254
125,119,244
127,107,234
134,102,236
141,94,235
137,81,218
139,110,249
129,116,245
143,108,251
142,107,249
144,111,255
135,128,263
129,120,249
145,99,244
139,90,229
136,141,277
138,164,302
146,160,306
134,166,300
125,179,304
112,191,303
130,185,315
132,181,313
151,159,310
161,140,301
157,132,289
149,112,261
144,104,248
130,96,226
139,80,219
144,117,261
142,118,260
147,115,262
137,119,256
123,124,247
129,126,255
129,120,249
145,102,247
146,93,239
125,112,237
142,98,240
148,83,231
153,108,261
137,120,257
132,123,255
127,124,251
127,127,254
126,141,267
128,156,284
123,167,290
133,169,302
137,208,345
132,224,356
134,225,359
118,236,354
194,181,375
222,161,383
254,153,407
201,143,344
208,160,368
211,157,368
212,161,373
235,141,376
225,137,362
213,156,369
151,173,324
165,154,319
185,156,341
196,174,370
181,155,336
206,148,354
213,143,356
189,155,344
146,168,314
148,173,321
159,172,331
150,170,320
152,175,327
140,174,314
116,179,295
112,179,291
129,169,298
136,167,303
141,144,285
151,132,283
167,130,297
147,126,273
164,110,274
166,110,276
145,103,248
129,115,244
110,121,231
116,120,236
121,126,247
119,129,248
127,138,265
144,118,262
149,133,282
148,126,274
138,119,257
142,116,258
118,125,243
123,136,259
121,141,262
124,143,267
130,145,275
126,147,273
136,127,263
147,116,263
173,100,273
171,101,272
166,148,314
166,127,293
163,120,283
160,119,279
151,141,292
175,126,301
187,118,305
163,116,279
148,104,252
152,93,245
130,90,220
146,111,257
157,100,257
158,132,290
162,132,294
149,130,279
147,130,277
151,123,274
153,126,279
138,136,274
120,138,258
117,153,270
138,282,420
318,113,431
329,104,433
321,98,419
153,91,244
141,95,236
140,122,262
143,115,258
146,105,251
142,94,236
134,130,264
136,137,273
144,140,284
134,144,278
124,152,276
125,150,275
130,147,277
132,159,291
133,150,283
122,143,265
146,129,275
128,122,250
158,116,274
173,87,260
179,148,327
159,139,298
161,138,299
165,116,281
147,114,261
162,128,290
164,113,277
153,110,263
135,104,239
127,96,223
127,89,216
123,91,214
118,92,210
118,89,207
128,101,229
124,104,228
133,102,235
134,89,223
139,124,263
135,133,268
139,132,271
129,141,270
121,151,272
125,165,290
131,169,300
123,176,299
127,187,314
119,202,321
128,207,335
142,196,338
172,157,329
179,139,318
205,100,305
176,98,274
153,135,288
161,290,451
173,303,476
183,321,504
224,270,494
261,252,513
201,234,435
198,220,418
215,224,439
210,208,418
208,190,398
238,161,399
229,149,378
201,154,355
169,183,352
150,203,353
157,210,367
185,195,380
200,189,389
222,171,393
233,138,371
243,120,363
229,119,348
194,142,336
188,141,329
191,159,350
176,163,339
171,152,323
169,153,322
162,157,319
145,150,295
147,154,301
146,150,296
149,149,298
147,155,302
145,150,295
140,154,294
141,155,296
144,153,297
139,154,293
145,150,295
142,152,294
143,155,298
145,152,297
143,154,297
145,148,293
140,150,290
142,151,293
145,152,297
142,155,297
154,142,296
146,147,293
151,140,291
147,141,288
149,139,288
151,137,288
143,140,283
149,134,283
148,133,281
150,135,285
148,128,276
147,132,279
149,132,281
148,131,279
148,134,282
147,137,284
139,141,280
145,134,279
142,139,281
144,136,280
148,131,279
151,144,295
153,163,316
148,177,325
149,176,325
158,163,321
158,165,323
166,157,323
160,157,317
168,175,343
158,185,343
164,177,341
192,155,347
210,124,334
202,113,315
177,98,275
146,126,272
150,129,279
152,128,280
134,142,276
133,156,289
139,154,293
148,141,289
143,136,279
143,127,270
141,120,261
149,108,257
141,103,244
142,146,288
155,137,292
166,127,293
161,129,290
154,119,273
157,114,271
155,111,266
147,97,244
153,155,308
144,154,298
140,155,295
128,152,280
88,142,230
120,144,264
142,145,287
138,126,264
153,124,277
197,160,357
208,137,345
210,122,332
149,113,262
136,104,240
107,98,205
134,122,256
156,125,281
153,124,277
163,108,271
159,104,263
162,139,301
164,132,296
176,122,298
160,125,285
123,126,249
122,127,249
119,159,278
122,160,282
123,158,281
127,149,276
136,147,283
118,145,263
123,147,270
118,156,274
119,156,275
122,157,279
122,157,279
128,157,285
125,160,285
115,152,267
126,150,276
126,180,306
119,204,323
114,221,335
130,221,351
129,199,328
186,181,367
229,149,378
232,129,361
218,117,335
191,150,341
194,154,348
201,147,348
197,156,353
185,158,343
187,161,348
201,169,370
230,133,363
246,145,391
267,154,421
242,136,378
222,115,337
207,146,353
175,135,310
197,108,305
181,101,282
155,105,260
148,101,249
132,104,236
136,91,227
131,89,220
124,92,216
123,94,217
132,113,245
136,133,269
137,133,270
132,136,268
136,143,279
131,154,285
110,151,261
124,147,271
123,158,281
139,153,292
144,143,287
180,133,313
168,136,304
170,137,307
150,141,291
167,121,288
158,120,278
145,120,265
117,134,251
120,146,266
123,153,276
121,169,290
132,166,298
118,172,290
126,178,304
112,176,288
122,183,305
121,190,311
143,206,349
148,216,364
142,254,396
142,244,386
147,208,355
191,188,379
214,170,384
212,151,363
219,130,349
211,158,369
198,135,333
215,127,342
200,135,335
179,144,323
193,132,325
195,146,341
188,167,355
179,158,337
175,128,303
207,111,318
187,105,292
147,103,250
118,110,228
114,130,244
121,146,267
123,154,277
133,148,281
135,146,281
132,142,274
131,151,282
127,159,286
90,169,259
119,163,282
119,153,272
125,137,262
132,128,260
108,119,227
133,100,233
139,92,231
128,85,213
126,88,214
103,90,193
121,134,255
126,119,245
137,108,245
136,101,237
113,97,210
119,89,208
77,143,220
119,146,265
134,147,281
125,152,277
127,137,264
148,138,286
148,133,281
140,129,269
149,128,277
141,141,282
119,137,256
126,139,265
139,138,277
144,147,291
144,163,307
101,179,280
131,212,343
123,234,357
140,235,375
169,212,381
176,227,403
195,194,389
198,166,364
189,161,350
145,149,294
135,144,279
111,131,242
132,125,257
131,113,244
138,97,235
143,128,271
137,132,269
120,127,247
154,144,298
175,113,288
178,103,281
164,100,264
123,146,269
120,135,255
168,124,292
160,110,270
173,125,298
176,170,346
213,132,345
213,154,367
230,129,359
200,156,356
224,149,373
191,132,323
199,116,315
167,115,282
179,179,358
215,140,355
232,126,358
252,128,380
188,137,325
168,169,337
151,186,337
127,210,337
144,211,355
163,192,355
171,174,345
172,163,335
162,168,330
153,168,321
144,182,326
188,175,363
192,195,387
192,201,393
220,175,395
201,153,354
210,179,389
167,170,337
138,157,295
133,170,303
148,150,298
132,119,251
173,121,294
185,126,311
156,109,265
149,101,250
147,89,236
118,161,279
146,161,307
133,188,321
147,182,329
116,177,293
161,166,327
161,166,327
178,132,310
170,115,285
168,103,271
149,111,260
128,123,251
113,147,260
125,157,282
121,156,277
136,149,285
147,160,307
141,165,306
130,171,301
104,186,290
119,185,304
122,192,314
105,197,302
181,155,336
177,170,347
159,195,354
128,208,336
116,212,328
123,178,301
186,141,327
181,145,326
157,141,298
120,139,259
113,146,259
119,145,264
105,146,251
118,148,266
119,157,276
102,162,264
111,157,268
123,149,272
125,142,267
138,107,245
164,86,250
179,115,294
150,129,279
146,123,269
140,114,254
145,113,258
116,104,220
155,124,279
169,119,288
144,127,271
130,140,270
116,146,262
119,147,266
126,161,287
125,186,311
128,188,316
121,198,319
129,206,335
145,192,337
161,192,353
155,198,353
144,221,365
246,109,355
283,109,392
269,100,369
152,92,244
154,88,242
145,87,232
129,90,219
121,91,212
110,84,194
133,135,268
126,151,277
137,146,283
130,146,276
130,142,272
121,141,262
126,131,257
130,128,258
129,120,249
131,101,232
152,107,259
153,109,262
147,111,258
113,105,218
120,101,221
100,117,217
108,128,236
121,136,257
121,130,251
119,115,234
156,96,252
147,88,235
143,127,270
123,174,297
151,174,325
151,181,332
142,188,330
134,187,321
146,167,313
175,259,434
169,375,544
166,377,543
180,343,523
263,270,533
342,193,535
300,176,476
214,154,368
187,156,343
177,159,336
177,140,317
199,155,354
230,135,365
238,137,375
249,102,351
199,161,360
192,149,341
167,131,298
165,118,283
157,98,255
171,123,294
132,123,255
155,132,287
141,137,278
125,141,266
143,129,272
156,138,294
146,167,313
131,172,303
117,175,292
125,178,303
146,156,302
128,151,279
157,147,304
132,153,285
128,148,276
127,144,271
125,149,274
118,153,271
121,152,273
125,135,260
136,141,277
115,144,259
100,139,239
111,132,243
119,128,247
120,128,248
121,141,262
122,138,260
123,142,265
117,141,258
121,138,259
115,137,252
126,143,269
128,146,274
133,133,266
137,125,262
120,115,235
129,119,248
121,114,235
142,140,282
185,118,303
187,109,296
160,140,300
133,163,296
126,161,287
124,162,286
111,156,267
137,172,309
111,178,289
131,198,329
124,184,308
140,195,335
125,214,339
190,162,352
211,158,369
218,154,372
154,141,295
137,122,259
183,127,310
186,125,311
185,131,316
178,119,297
151,105,256
152,84,236
149,168,317
169,148,317
178,153,331
172,157,329
127,173,300
151,184,335
151,197,348
141,194,335
132,187,319
168,138,306
195,105,300
200,172,372
232,123,355
188,113,301
165,107,272
108,97,205
128,92,220
104,89,193
129,81,210
133,103,236
140,117,257
149,116,265
144,124,268
151,117,268
133,123,256
131,107,238
155,94,249
143,95,238
144,90,234
124,89,213
136,85,221
128,85,213
128,97,225
126,141,267
128,179,307
137,173,310
163,141,304
185,122,307
180,105,285
146,103,249
135,101,236
121,99,220
125,95,220
134,95,229
137,88,225
136,86,222
135,77,212
130,98,228
130,103,233
128,95,223
133,96,229
144,81,225
138,106,244
137,106,243
129,105,234
132,107,239
131,131,262
172,115,287
183,122,305
190,126,316
155,145,300
156,151,307
155,164,319
150,173,323
146,173,319
178,161,339
203,164,367
196,189,385
170,182,352
151,189,340
184,181,365
204,156,360
232,186,418
246,135,381
236,123,359
213,196,409
202,161,363
208,145,353
191,144,335
98,150,248
134,145,279
139,126,265
161,115,276
184,89,273
182,97,279
162,103,265
152,142,294
167,118,285
172,116,288
190,91,281
157,118,275
164,127,291
130,126,256
144,116,260
149,111,260
165,141,306
174,117,291
171,105,276
163,97,260
141,117,258
160,102,262
156,103,259
150,110,260
121,112,233
123,106,229
124,106,230
123,100,223
124,106,230
126,100,226
133,91,224
131,85,216
121,87,208
121,100,221
122,99,221
124,97,221
131,135,266
155,120,275
172,111,283
163,127,290
151,115,266
135,111,246
139,105,244
122,100,222
121,96,217
120,89,209
127,102,229
125,115,240
134,104,238
132,101,233
135,94,229
122,87,209
124,89,213
122,88,210
116,92,208
122,115,237
133,101,234
133,94,227
137,93,230
120,88,208
124,87,211
121,86,207
123,84,207
128,101,229
127,106,233
131,101,232
129,104,233
129,101,230
135,93,228
132,100,232
128,99,227
124,105,229
121,100,221
116,98,214
128,92,220
124,89,213
127,89,216
123,92,215
130,85,215
133,86,219
134,87,221
119,101,220
122,99,221
122,101,223
118,98,216
117,116,233
128,132,260
131,127,258
161,103,264
164,112,276
177,147,324
180,153,333
201,164,365
202,145,347
206,126,332
177,123,300
161,126,287
138,141,279
128,171,299
127,177,304
130,182,312
144,174,318
143,177,320
138,179,317
129,195,324
146,183,329
157,178,335
160,181,341
156,173,329
147,169,316
141,194,335
127,195,322
136,191,327
137,191,328
159,170,329
148,174,322
164,162,326
155,160,315
153,166,319
139,168,307
128,172,300
128,177,305
125,183,308
139,169,308
141,186,327
139,187,326
134,185,319
135,188,323
156,175,331
150,191,341
148,214,362
129,234,363
141,240,381
176,224,400
206,218,424
216,207,423
216,203,419
221,180,401
202,185,387
218,153,371
195,157,352
197,156,353
156,171,327
153,182,335
139,201,340
144,211,355
164,190,354
174,209,383
178,235,413
175,219,394
200,190,390
239,139,378
233,124,357
232,144,376
210,136,346
213,130,343
193,154,347
177,141,318
156,129,285
173,104,277
161,125,286
114,107,221
157,121,278
149,131,280
143,115,258
166,128,294
142,246,388
201,223,424
208,171,379
200,166,366
129,143,272
155,147,302
107,174,281
123,178,301
118,173,291
113,200,313
144,165,309
152,168,320
110,150,260
155,128,283
151,144,295
101,166,267
125,196,321
139,178,317
132,200,332
186,213,399
149,252,401
128,242,370
185,260,445
183,270,453
125,237,362
215,175,390
204,178,382
229,178,407
123,174,297
136,178,314
155,162,317
150,164,314
111,198,309
121,233,354
114,268,382
136,258,394
169,210,379
225,164,389
200,192,392
160,189,349
125,215,340
147,233,380
163,232,395
158,278,436
158,262,420
194,271,465
222,262,484
152,272,424
262,190,452
231,191,422
236,194,430
160,198,358
140,225,365
149,235,384
150,226,376
169,218,387
239,168,407
242,157,399
273,136,409
211,151,362
206,143,349
211,173,384
185,204,389
230,150,380
238,130,368
232,216,448
209,173,382
204,147,351
209,138,347
160,141,301
204,181,385
221,182,403
170,196,366
163,194,357
167,231,398
130,258,388
195,257,452
212,253,465
195,269,464
208,245,453
159,235,394
167,217,384
212,232,444
165,269,434
131,405,536
165,412,577
201,408,609
234,362,596
340,263,603
339,252,591
308,310,618
367,156,523
379,135,514
393,145,538
218,135,353
193,150,343
174,153,327
170,121,291
188,158,346
220,145,365
207,141,348
205,139,344
179,150,329
164,153,317
154,176,330
154,171,325
205,138,343
212,229,441
274,170,444
247,158,405
297,191,488
253,182,435
283,267,550
236,294,530
222,268,490
218,265,483
233,249,482
208,219,427
166,203,369
226,158,384
202,157,359
182,186,368
131,207,338
102,208,310
129,200,329
159,162,321
182,154,336
167,150,317
132,149,281
126,147,273
127,149,276
129,165,294
126,153,279
141,144,285
143,149,292
137,186,323
122,200,322
136,210,346
146,219,365
150,225,375
149,228,377
173,206,379
184,212,396
200,188,388
177,174,351
180,163,343
167,160,327
174,164,338
189,178,367
214,147,361
197,147,344
222,129,351
187,128,315
166,115,281
141,104,245
147,94,241
126,98,224
103,194,297
166,151,317
173,152,325
174,151,325
82,169,251
118,186,304
123,190,313
96,182,278
125,176,301
199,100,299
203,159,362
233,136,369
167,147,314
130,157,287
115,148,263
187,114,301
200,127,327
158,155,313
122,164,286
126,167,293
111,178,289
174,142,316
166,139,305
136,147,283
127,157,284
119,166,285
116,175,291
114,187,301
117,184,301
113,179,292
119,175,294
190,110,300
209,134,343
181,142,323
126,164,290
120,159,279
131,142,273
147,120,267
161,123,284
164,127,291
156,128,284
155,126,281
137,134,271
113,139,252
112,139,251
124,122,246
176,111,287
186,99,285
177,122,299
152,112,264
153,102,255
140,107,247
146,98,244
135,119,254
149,119,268
160,104,264
149,101,250
139,91,230
131,113,244
144,119,263
135,125,260
121,129,250
129,133,262
143,150,293
139,183,322
140,187,327
111,183,294
154,189,343
160,176,336
178,161,339
190,164,354
164,165,329
184,155,339
190,174,364
174,192,366
188,172,360
201,163,364
235,140,375
230,137,367
205,139,344
186,130,316
155,126,281
166,111,277
161,111,272
150,124,274
116,134,250
116,137,253
118,138,256
122,157,279
121,159,280
120,170,290
116,185,301
147,177,324
152,160,312
152,146,298
180,114,294
180,129,309
205,125,330
210,106,316
179,110,289
134,127,261
138,112,250
144,99,243
144,108,252
124,111,235
104,102,206
121,96,217
109,89,198
129,115,244
135,123,258
140,118,258
141,124,265
134,129,263
107,137,244
118,155,273
137,147,284
138,155,293
171,124,295
161,107,268
155,121,276
156,116,272
150,115,265
140,102,242
148,123,271
153,130,283
163,114,277
162,101,263
142,83,225
140,121,261
130,124,254
144,115,259
158,98,256
144,91,235
117,97,214
124,94,218
111,95,206
120,92,212
107,98,205
120,98,218
119,93,212
114,98,212
112,114,226
116,113,229
118,109,227
113,111,224
118,114,232
128,112,240
122,134,256
121,165,286
122,180,302
115,185,300
122,192,314
158,155,313
159,171,330
192,145,337
180,113,293
170,97,267
162,91,253
151,132,283
141,130,271
125,114,239
134,109,243
113,100,213
142,155,297
150,155,305
160,154,314
142,148,290
125,142,267
132,138,270
145,131,276
142,127,269
150,128,278
136,139,275
131,155,286
135,143,278
144,127,271
162,164,326
201,118,319
188,106,294
170,100,270
121,94,215
140,90,230
145,111,256
129,118,247
141,109,250
129,99,228
151,140,291
174,119,293
179,115,294
143,115,258
120,147,267
126,167,293
132,158,290
136,143,279
152,124,276
153,105,258
135,107,242
125,109,234
147,115,262
151,100,251
153,165,318
149,165,314
137,171,308
121,171,292
90,164,254
121,156,277
141,133,274
143,107,250
190,150,340
186,155,341
167,165,332
124,164,288
94,178,272
90,177,267
139,175,314
149,189,338
158,183,341
134,196,330
176,183,359
165,185,350
214,148,362
204,125,329
205,114,319
180,181,361
203,156,359
194,181,375
190,207,397
170,189,359
200,146,346
218,149,367
237,115,352
221,108,329
193,153,346
176,125,301
176,115,291
171,102,273
153,121,274
177,106,283
184,120,304
178,89,267
166,105,271
160,89,249
140,131,271
135,133,268
129,132,261
141,138,279
127,140,267
128,141,269
117,153,270
130,146,276
142,154,296
143,153,296
142,146,288
124,133,257
141,123,264
147,114,261
146,111,257
148,98,246
150,89,239
125,125,250
131,126,257
151,147,298
180,110,290
200,127,327
206,118,324
145,108,253
172,124,296
169,119,288
185,108,293
174,160,334
188,126,314
169,122,291
173,112,285
123,98,221
124,98,222
131,89,220
132,115,247
134,107,241
139,103,242
140,102,242
135,150,285
155,133,288
163,125,288
168,134,302
128,138,266
125,129,254
137,115,252
146,107,253
144,109,253
150,96,246
131,92,223
145,123,268
136,117,253
151,102,253
141,102,243
132,122,254
146,115,261
151,118,269
143,114,257
134,138,272
146,146,292
129,135,264
133,131,264
137,116,253
130,113,243
132,107,239
122,109,231
128,103,231
122,105,227
129,107,236
108,103,211
123,101,224
122,103,225
117,109,226
110,109,219
124,131,255
122,147,269
125,158,283
117,179,296
121,190,311
113,196,309
130,218,348
144,221,365
150,229,379
169,198,367
148,196,344
190,173,363
190,156,346
188,143,331
171,141,312
158,133,291
163,119,282
170,103,273
179,90,269
173,118,291
137,141,278
130,136,266
135,142,277
130,145,275
125,145,270
117,152,269
133,166,299
124,173,297
138,172,310
140,177,317
146,170,316
158,163,321
172,165,337
166,204,370
138,207,345
134,202,336
118,211,329
170,177,347
203,145,348
230,121,351
213,154,367
216,133,349
230,161,391
231,153,384
218,135,353
211,144,355
173,154,327
158,162,320
159,193,352
167,248,415
160,270,430
190,236,426
220,203,423
233,199,432
198,190,388
178,186,364
164,174,338
151,185,336
161,167,328
178,137,315
188,118,306
184,101,285
173,187,360
174,182,356
164,197,361
151,204,355
80,202,282
132,273,405
298,158,456
309,155,464
292,144,436
143,135,278
145,123,268
143,111,254
144,98,242
144,87,231
144,123,267
144,113,257
142,106,248
140,95,235
128,115,243
142,107,249
150,95,245
150,282,432
144,314,458
156,323,479
175,314,489
267,251,518
230,246,476
258,213,471
213,166,379
216,145,361
203,122,325
168,108,276
148,111,259
126,135,261
159,149,308
199,127,326
209,122,331
179,121,300
163,107,270
163,102,265
157,106,263
133,118,251
136,117,253
135,118,253
137,115,252
141,115,256
150,118,268
157,120,277
146,121,267
138,126,264
136,125,261
141,128,269
148,123,271
156,116,272
165,97,262
144,95,239
149,102,251
136,100,236
135,105,240
144,124,268
160,144,304
194,109,303
196,99,295
179,107,286
128,115,243
138,118,256
141,109,250
134,108,242
155,115,270
166,102,268
153,94,247
150,129,279
149,129,278
135,127,262
157,122,279
140,130,270
140,155,295
144,159,303
156,159,315
149,170,319
136,161,297
150,153,303
153,152,305
148,162,310
149,145,294
168,139,307
177,124,301
158,119,277
167,147,314
183,139,322
191,131,322
189,121,310
166,114,280
160,144,304
186,115,301
193,143,336
198,149,347
166,165,331
146,179,325
159,172,331
211,124,335
220,119,339
195,133,328
151,132,283
145,119,264
149,145,294
177,116,293
186,179,365
231,147,378
207,174,381
212,170,382
161,155,316
170,147,317
179,129,308
175,139,314
198,173,371
218,156,374
228,149,377
201,148,349
168,129,297
201,176,377
224,160,384
235,158,393
241,154,395
241,146,387
246,121,367
220,190,410
207,156,363
196,128,324
185,114,299
146,88,234
156,83,239
126,126,252
136,152,288
141,161,302
152,159,311
144,149,293
155,130,285
170,101,271
165,108,273
145,116,261
126,113,239
125,109,234
123,119,242
105,157,262
107,169,276
130,180,310
127,195,322
131,190,321
124,199,323
172,160,332
187,144,331
191,139,330
151,141,292
135,134,269
132,121,253
136,125,261
136,127,263
120,135,255
122,134,256
136,130,266
155,131,286
186,123,309
182,117,299
184,126,310
184,119,303
181,124,305
168,114,282
165,93,258
172,130,302
163,125,288
186,137,323
176,134,310
158,123,281
150,118,268
122,106,228
146,104,250
140,95,235
150,108,258
156,105,261
136,96,232
150,168,318
178,149,327
187,150,337
181,150,331
137,157,294
142,139,281
171,112,283
194,102,296
186,123,309
173,147,320
151,190,341
167,202,369
159,218,377
187,185,372
215,131,346
232,117,349
186,113,299
150,107,257
131,105,236
113,115,228
128,154,282
136,148,284
168,113,281
148,104,252
158,104,262
128,111,239
133,105,238
144,101,245
138,128,266
138,141,279
141,136,277
129,167,296
120,165,285
139,149,288
148,136,284
144,135,279
117,141,258
127,137,264
125,130,255
143,104,247
139,105,244
123,107,230
116,107,223
120,119,239
120,116,236
126,111,237
134,107,241
118,108,226
111,103,214
120,92,212
125,96,221
130,96,226
122,88,210
127,86,213
119,81,200
130,109,239
121,123,244
126,126,252
124,130,254
140,141,281
151,138,289
154,143,297
139,144,283
124,152,276
138,175,313
137,186,323
130,188,318
125,182,307
155,140,295
182,126,308
204,162,366
196,139,335
202,125,327
190,121,311
157,115,272
162,121,283
171,114,285
175,141,316
176,149,325
205,134,339
210,145,355
221,131,352
188,113,301
179,151,330
187,155,342
208,154,362
240,155,395
227,130,357
237,106,343
196,141,337
180,142,322
164,152,316
152,148,300
138,138,276
146,135,281
143,145,288
125,152,277
131,135,266
149,118,267
176,130,306
185,116,301
174,116,290
154,108,262
147,94,241
147,89,236
126,132,258
135,136,271
144,142,286
162,135,297
144,142,286
142,144,286
126,150,276
118,149,267
125,159,284
137,147,284
152,143,295
149,147,296
152,142,294
141,148,289
148,143,291
139,142,281
153,131,284
144,132,276
145,131,276
137,136,273
133,138,271
124,150,274
123,150,273
125,160,285
129,159,288
133,146,279
139,143,282
143,138,281
138,128,266
134,111,245
152,97,249
157,80,237
148,114,262
144,124,268
134,116,250
141,109,250
135,114,249
134,114,248
127,114,241
126,121,247
138,118,256
138,110,248
145,85,230
146,110,256
136,116,252
127,118,245
132,123,255
164,121,285
160,105,265
180,151,331
171,133,304
155,150,305
155,156,311
150,153,303
168,157,325
167,161,328
143,157,300
137,155,292
122,154,276
124,182,306
135,186,321
131,214,345
136,233,369
133,241,374
143,220,363
185,190,375
215,159,374
202,147,349
172,151,323
139,161,300
158,147,305
165,149,314
149,150,299
126,158,284
121,162,283
122,176,298
111,194,305
116,192,308
128,190,318
152,180,332
176,172,348
172,166,338
161,153,314
144,140,284
153,126,279
162,110,272
164,92,256
154,90,244
134,84,218
148,124,272
141,118,259
144,103,247
148,92,240
147,133,280
167,123,290
168,106,274
160,118,278
135,131,266
164,114,278
179,109,288
156,105,261
148,125,273
134,139,273
122,146,268
140,138,278
171,105,276
177,107,284
185,93,278
152,177,329
190,151,341
190,147,337
200,144,344
151,151,302
167,153,320
165,150,315
162,150,312
173,159,332
174,164,338
189,143,332
186,140,326
187,157,344
165,149,314
166,152,318
163,152,315
164,182,346
185,184,369
210,183,393
245,145,390
224,131,355
218,152,370
198,160,358
192,152,344
164,147,311
133,174,307
130,176,306
131,167,298
145,157,302
140,157,297
122,156,278
124,157,281
120,154,274
123,151,274
122,172,294
122,175,297
125,188,313
125,196,321
139,180,319
151,163,314
152,163,315
142,151,293
129,144,273
133,137,270
127,141,268
123,147,270
131,135,266
136,121,257
172,125,297
197,122,319
205,106,311
174,134,308
178,104,282
172,135,307
169,119,288
149,106,255
160,125,285
153,115,268
160,107,267
152,95,247
146,93,239
146,102,248
146,86,232
148,110,258
140,107,247
132,108,240
143,105,248
134,109,243
122,118,240
121,134,255
122,189,311
122,350,472
295,207,502
335,182,517
343,190,533
167,215,382
164,206,370
172,202,374
179,190,369
158,187,345
148,172,320
154,151,305
155,139,294
144,125,269
134,114,248
141,102,243
144,111,255
139,109,248
147,116,263
132,130,262
132,141,273
138,126,264
154,125,279
151,122,273
142,126,268
127,126,253
123,131,254
126,138,264
121,131,252
130,124,254
166,127,293
174,121,295
178,111,289
168,134,302
168,135,303
204,140,344
219,114,333
194,110,304
179,106,285
151,102,253
135,97,232
121,91,212
112,91,203
112,91,203
117,87,204
121,89,210
113,102,215
114,106,220
120,103,223
141,97,238
142,131,273
153,142,295
151,136,287
152,125,277
137,132,269
132,141,273
117,150,267
128,162,290
129,176,305
124,182,306
123,188,311
134,181,315
137,189,326
137,180,317
148,164,312
154,153,307
147,142,289
140,128,268
141,119,260
143,106,249
140,102,242
147,113,260
153,112,265
149,113,262
144,131,275
142,126,268
141,159,300
195,147,342
212,139,351
213,133,346
177,138,315
160,139,299
180,150,330
179,162,341
170,190,360
167,178,345
189,167,356
188,152,340
195,153,348
188,142,330
205,150,355
206,134,340
213,150,363
200,121,321
207,124,331
206,130,336
192,115,307
201,144,345
191,136,327
175,170,345
158,181,339
143,199,342
132,217,349
139,206,345
115,199,314
175,149,324
209,104,313
219,136,355
205,111,316
168,98,266
146,91,237
120,92,212
97,92,189
128,93,221
118,108,226
119,112,231
126,110,236
137,102,239
129,127,256
137,103,240
147,97,244
160,78,238
129,111,240
116,109,225
139,146,285
159,131,290
161,147,308
143,153,296
128,149,277
116,132,248
133,148,281
124,152,276
107,149,256
116,142,258
149,115,264
176,147,323
170,139,309
166,134,300
133,123,256
96,92,188
141,102,243
160,98,258
125,135,260
152,131,283
176,108,284
165,96,261
159,107,266
141,120,261
152,106,258
158,107,265
172,106,278
159,98,257
152,85,237
145,98,243
139,88,227
136,97,233
139,129,268
136,120,256
150,103,253
139,98,237
115,98,213
113,89,202
130,90,220
134,82,216
136,95,231
125,103,228
137,121,258
170,96,266
161,126,287
169,98,267
157,113,270
176,101,277
155,111,266
157,98,255
152,110,262
156,95,251
151,111,262
156,102,258
148,102,250
144,104,248
140,100,240
142,97,239
143,96,239
141,96,237
141,96,237
139,98,237
135,97,232
136,96,232
134,98,232
137,97,234
136,102,238
136,101,237
133,98,231
137,97,234
137,97,234
138,97,235
137,96,233
135,98,233
134,97,231
134,98,232
137,102,239
137,98,235
137,100,237
135,95,230
137,113,250
148,99,247
153,109,262
160,95,255
154,107,261
151,95,246
150,109,259
152,96,248
152,118,270
164,100,264
159,98,257
152,98,250
136,95,231
136,96,232
137,96,233
137,159,296
177,142,319
201,136,337
227,150,377
214,140,354
198,149,347
210,128,338
188,127,315
188,134,322
184,172,356
223,145,368
243,132,375
231,163,394
230,136,366
213,157,370
188,172,360
148,184,332
173,177,350
175,161,336
211,128,339
212,107,319
203,139,342
188,133,321
187,108,295
201,96,297
172,83,255
141,135,276
142,135,277
141,154,295
142,164,306
121,149,270
140,146,286
149,133,282
158,105,263
169,85,254
148,122,270
152,133,285
142,139,281
141,132,273
140,121,261
125,105,230
149,144,293
169,125,294
163,111,274
148,112,260
130,129,259
118,139,257
116,147,263
120,141,261
129,140,269
132,137,269
125,136,261
106,132,238
116,131,247
98,138,236
115,146,261
119,145,264
110,139,249
118,140,258
111,136,247
126,140,266
123,154,277
134,150,284
132,158,290
132,166,298
122,161,283
117,155,272
123,148,271
128,150,278
92,145,237
102,139,241
127,139,266
122,143,265
123,139,262
122,141,263
103,135,238
126,140,266
139,113,252
169,126,295
193,106,299
181,116,297
163,111,274
140,94,234
148,112,260
142,107,249
148,127,275
142,119,261
136,107,243
123,99,222
140,105,245
148,100,248
147,123,270
161,115,276
148,110,258
134,111,245
117,119,236
99,127,226
134,128,262
126,146,272
132,143,275
125,144,269
130,122,252
137,115,252
131,97,228
140,114,254
158,104,262
144,88,232
140,170,310
151,159,310
176,119,295
181,112,293
127,98,225
144,126,270
131,144,275
103,152,255
115,153,268
101,148,249
112,153,265
117,149,266
99,140,239
129,134,263
122,127,249
99,129,228
115,135,250
99,144,243
122,139,261
114,145,259
121,183,304
117,202,319
102,214,316
164,203,367
166,213,379
184,217,401
158,215,373
159,226,385
177,219,396
172,231,403
176,234,410
172,223,395
177,225,402
188,221,409
179,213,392
185,207,392
169,205,374
198,154,352
204,118,322
220,102,322
154,115,269
139,116,255
120,122,242
106,126,232
122,147,269
119,164,283
131,192,323
131,204,335
159,206,365
154,208,362
154,222,376
161,231,392
166,237,403
164,236,400
157,238,395
199,248,447
227,239,466
229,232,461
207,242,449
179,268,447
194,268,462
197,264,461
206,280,486
205,238,443
232,204,436
235,183,418
229,140,369
207,120,327
200,121,321
167,104,271
163,116,279
169,110,279
163,95,258
152,104,256
146,92,238
143,124,267
152,112,264
152,102,254
146,105,251
129,110,239
125,114,239
123,116,239
105,111,216
113,111,224
129,124,253
116,140,256
130,147,277
110,142,252
119,140,259
80,128,208
110,121,231
131,132,263
121,140,261
122,138,260
120,136,256
124,139,263
115,146,261
114,137,251
104,123,227
135,118,253
136,102,238
126,102,228
109,99,208
118,93,211
120,88,208
100,112,212
121,285,406
118,305,423
109,308,417
169,244,413
180,211,391
177,213,390
144,201,345
140,195,335
208,118,326
207,99,306
174,111,285
169,99,268
160,102,262
156,94,250
121,88,209
127,95,222
122,98,220
104,108,212
131,104,235
124,99,223
139,112,251
155,117,272
153,120,273
117,116,233
127,118,245
123,116,239
97,115,212
124,116,240
122,120,242
123,233,356
257,147,404
302,136,438
324,116,440
159,107,266
129,109,238
133,108,241
123,114,237
123,122,245
120,126,246
124,136,260
120,150,270
124,157,281
122,153,275
123,150,273
118,152,270
107,151,258
91,149,240
107,144,251
107,140,247
121,134,255
122,132,254
122,138,260
120,135,255
122,136,258
120,131,251
130,118,248
132,121,253
134,123,257
122,121,243
130,116,246
133,117,250
125,120,245
118,116,234
121,123,244
130,135,265
109,143,252
128,150,278
132,165,297
138,177,315
136,198,334
142,189,331
142,186,328
160,174,334
167,142,309
187,124,311
172,119,291
166,99,265
164,98,262
134,119,253
140,113,253
147,120,267
136,130,266
133,130,263
132,135,267
132,179,311
127,219,346
115,226,341
122,233,355
142,208,350
195,176,371
215,164,379
206,140,346
197,149,346
221,103,324
213,154,367
213,148,361
196,144,340
226,131,357
207,157,364
209,136,345
176,153,329
187,143,330
177,123,300
184,116,300
194,152,346
201,131,332
198,122,320
203,126,329
187,127,314
188,155,343
198,114,312
208,94,302
184,157,341
171,128,299
172,153,325
191,145,336
150,137,287
180,132,312
191,144,335
190,162,352
214,145,359
213,150,363
236,141,377
238,117,355
216,115,331
183,101,284
152,141,293
165,161,326
204,163,367
251,118,369
235,109,344
207,98,305
149,117,266
185,121,306
180,126,306
169,119,288
135,111,246
123,106,229
122,110,232
107,119,226
122,128,250
121,140,261
115,143,258
132,137,269
135,126,261
123,129,252
132,122,254
112,120,232
117,118,235
126,122,248
129,124,253
128,114,242
124,108,232
123,101,224
116,102,218
124,102,226
121,100,221
119,100,219
100,98,198
119,94,213
122,87,209
120,94,214
123,88,211
124,82,206
123,78,201
117,91,208
123,90,213
118,87,205
124,87,211
119,85,204
124,81,205
128,99,227
123,102,225
116,109,225
124,103,227
120,111,231
125,116,241
114,112,226
123,105,228
122,99,221
120,93,213
125,88,213
119,86,205
117,80,197
121,89,210
110,89,199
120,86,206
120,85,205
120,126,246
124,119,243
133,111,244
133,108,241
124,103,227
114,107,221
120,106,226
129,98,227
132,94,226
135,84,219
130,83,213
127,80,207
124,107,231
117,109,226
128,103,231
125,99,224
120,96,216
124,98,222
109,99,208
123,98,221
124,111,235
126,114,240
158,119,277
185,104,289
195,102,297
163,105,268
145,92,237
148,95,243
148,87,235
135,86,221
132,79,211
122,97,219
127,115,242
126,112,238
129,107,236
125,102,227
128,96,224
127,89,216
117,88,205
123,88,211
114,91,205
126,83,209
128,91,219
131,90,221
124,85,209
128,91,219
125,99,224
122,97,219
122,90,212
128,92,220
129,116,245
119,126,245
133,135,268
128,142,270
140,164,304
144,209,353
146,227,373
156,233,389
169,231,400
167,233,400
174,232,406
191,216,407
193,223,416
165,216,381
176,181,357
190,165,355
185,165,350
149,173,322
134,176,310
117,198,315
131,204,335
139,192,331
153,173,326
162,143,305
194,114,308
217,131,348
210,122,332
179,111,290
152,119,271
147,99,246
150,101,251
146,93,239
123,95,218
127,88,215
129,85,214
130,87,217
119,84,203
118,83,201
125,85,210
122,91,213
125,149,274
155,123,278
166,109,275
162,106,268
152,82,234
152,102,254
149,104,253
125,98,223
126,96,222
119,91,210
124,91,215
123,103,226
138,85,223
147,85,232
149,79,228
122,92,214
125,98,223
115,97,212
129,93,222
121,95,216
124,94,218
125,88,213
115,89,204
116,87,203
123,99,222
129,105,234
133,104,237
130,98,228
120,94,214
123,89,212
121,105,226
123,115,238
121,130,251
121,132,253
119,125,244
126,120,246
128,108,236
128,104,232
123,98,221
121,98,219
122,94,216
121,96,217
128,90,218
128,91,219
128,86,214
124,78,202
129,91,220
117,93,210
118,88,206
124,85,209
119,82,201
120,80,200
124,100,224
123,97,220
124,94,218
122,95,217
119,90,209
134,83,217
133,77,210
128,109,237
117,116,233
112,121,233
123,119,242
118,122,240
126,133,259
122,149,271
118,150,268
122,147,269
124,139,263
125,140,265
125,138,263
122,132,254
125,122,247
128,117,245
127,117,244
117,113,230
125,111,236
122,106,228
124,101,225
113,99,212
116,102,218
123,96,219
123,98,221
118,96,214
118,94,212
126,93,219
119,88,207
130,86,216
120,80,200
123,88,211
121,102,223
120,108,228
121,116,237
118,115,233
119,129,248
124,136,260
121,139,260
124,137,261
124,133,257
125,129,254
129,123,252
122,119,241
125,119,244
121,115,236
121,116,237
122,110,232
124,103,227
124,102,226
119,98,217
124,92,216
121,87,208
121,83,204
124,78,202
120,98,218
122,117,239
118,124,242
121,120,241
121,112,233
132,103,235
128,98,226
129,92,221
124,93,217
122,89,211
123,85,208
120,84,204
120,78,198
123,96,219
117,101,218
120,122,242
123,166,289
123,185,308
127,192,319
118,203,321
147,194,341
164,182,346
179,169,348
179,166,345
186,155,341
175,142,317
196,156,352
202,152,354
213,154,367
247,116,363
218,115,333
192,117,309
142,115,257
131,140,271
128,161,289
114,163,277
138,141,279
142,137,279
147,125,272
130,118,248
133,107,240
128,104,232
132,101,233
129,92,221
135,114,249
137,114,251
138,105,243
136,99,235
118,97,215
123,97,220
134,83,217
137,122,259
139,147,286
135,140,275
139,128,267
148,117,265
156,138,294
174,103,277
200,208,408
208,257,465
182,252,434
184,222,406
211,181,392
201,168,369
202,172,374
156,176,332
161,146,307
158,147,305
160,148,308
137,145,282
139,144,283
139,145,284
138,147,285
138,146,284
137,150,287
137,150,287
137,149,286
140,146,286
138,147,285
140,145,285
141,149,290
142,146,288
141,146,287
136,146,282
136,145,281
136,145,281
138,144,282
137,144,281
134,146,280
135,144,279
135,145,280
136,147,283
137,152,289
136,149,285
136,151,287
137,153,290
144,144,288
145,142,287
145,157,302
135,171,306
157,232,389
273,138,411
305,128,433
306,108,414
197,98,295
172,98,270
143,98,241
134,95,229
137,97,234
142,93,235
138,93,231
142,94,236
136,94,230
139,91,230
137,93,230
139,91,230
138,92,230
137,93,230
136,92,228
134,105,239
136,149,285
156,129,285
180,129,309
200,112,312
180,108,288
161,114,275
135,117,252
140,153,293
143,144,287
156,120,276
160,105,265
139,105,244
148,184,332
133,165,298
161,172,333
164,158,322
106,149,255
141,145,286
129,129,258
126,121,247
134,109,243
139,98,237
143,96,239
130,122,252
128,191,319
187,151,338
205,132,337
189,125,314
194,112,306
139,225,364
245,160,405
246,118,364
252,123,375
146,117,263
138,126,264
155,130,285
130,158,288
169,151,320
155,151,306
162,156,318
141,183,324
156,196,352
187,179,366
222,165,387
231,157,388
232,138,370
235,206,441
229,231,460
285,165,450
241,170,411
215,122,337
200,138,338
155,143,298
135,116,251
167,95,262
166,134,300
116,288,404
240,227,467
275,200,475
266,163,429
199,242,441
283,180,463
238,174,412
246,157,403
172,157,329
201,185,386
220,207,427
223,156,379
180,149,329
145,129,274
181,216,397
183,190,373
218,194,412
190,183,373
244,150,394
192,161,353
201,200,401
123,229,352
208,134,342
272,208,480
296,139,435
263,109,372
220,123,343
130,240,370
202,218,420
228,226,454
211,243,454
152,250,402
188,231,419
186,240,426
178,194,372
228,216,444
231,208,439
178,234,412
167,241,408
174,212,386
281,179,460
283,184,467
258,207,465
273,210,483
285,161,446
294,160,454
178,195,373
130,196,326
151,193,344
184,196,380
146,229,375
102,230,332
103,253,356
167,226,393
199,224,423
207,254,461
167,242,409
186,228,414
218,217,435
201,227,428
171,228,399
153,202,355
170,196,366
201,215,416
138,242,380
115,241,356
141,230,371
224,193,417
221,204,425
163,237,400
118,270,388
145,267,412
178,270,448
161,235,396
193,198,391
212,126,338
197,106,303
214,120,334
172,196,368
186,195,381
212,157,369
179,145,324
184,148,332
254,146,400
222,149,371
176,181,357
157,163,320
167,147,314
127,131,258
155,130,285
114,131,245
115,132,247
115,191,306
126,251,377
126,273,399
158,265,423
165,263,428
182,215,397
254,176,430
207,173,380
200,193,393
155,221,376
156,230,386
162,253,415
168,260,428
176,237,413
193,206,399
220,155,375
250,98,348
234,129,363
191,124,315
147,109,256
128,108,236
120,100,220
147,155,302
156,154,310
157,154,311
138,158,296
109,152,261
138,134,272
124,146,270
132,150,282
100,184,284
124,197,321
126,205,331
139,197,336
159,187,346
120,190,310
143,168,311
162,159,321
158,157,315
137,158,295
104,159,263
124,154,278
138,160,298
147,154,301
136,150,286
116,153,269
103,157,260
123,159,282
130,154,284
130,149,279
122,135,257
133,127,260
105,128,233
120,112,232
143,100,243
132,152,284
141,121,262
167,105,272
163,96,259
121,91,212
132,95,227
140,86,226
129,149,278
170,108,278
179,100,279
178,88,266
145,130,275
124,122,246
96,115,211
127,105,232
124,98,222
139,135,274
126,139,265
148,141,289
127,145,272
115,135,250
141,123,264
140,124,264
146,107,253
151,87,238
137,90,227
133,137,270
114,119,233
111,116,227
142,108,250
130,106,236
156,141,297
154,138,292
151,138,289
140,159,299
115,164,279
144,153,297
149,137,286
161,119,280
164,111,275
170,113,283
178,110,288
171,100,271
139,93,232
141,101,242
147,104,251
143,110,253
144,99,243
140,88,228
151,130,281
158,112,270
153,102,255
166,98,264
145,90,235
153,104,257
136,101,237
140,96,236
140,114,254
139,107,246
135,92,227
147,122,269
154,139,293
174,103,277
183,105,288
166,112,278
147,101,248
147,91,238
146,107,253
133,117,250
137,112,249
122,106,228
123,101,224
122,97,219
120,93,213
133,139,272
160,106,266
162,91,253
168,135,303
152,129,281
152,109,261
180,86,266
156,93,249
141,114,255
124,126,250
123,124,247
129,122,251
135,122,257
132,129,261
129,130,259
124,140,264
119,144,263
131,139,270
133,138,271
132,150,282
131,150,281
131,146,277
139,150,289
150,125,275
168,109,277
189,156,345
185,149,334
181,159,340
157,169,326
171,175,346
196,172,368
193,181,374
181,206,387
159,204,363
159,191,350
173,165,338
168,149,317
153,145,298
127,140,267
119,142,261
121,150,271
122,145,267
121,141,262
125,134,259
126,130,256
125,137,262
121,133,254
123,133,256
121,137,258
122,136,258
121,131,252
128,130,258
133,122,255
128,112,240
135,107,242
128,108,236
116,101,217
121,99,220
119,96,215
123,93,216
121,87,208
121,87,208
123,82,205
123,116,239
133,135,268
138,140,278
138,134,272
132,133,265
133,130,263
122,128,250
127,126,253
123,123,246
128,116,244
127,110,237
119,102,221
123,96,219
118,93,211
110,90,200
127,84,211
128,81,209
128,84,212
120,78,198
124,105,229
125,120,245
120,124,244
133,130,263
133,134,267
113,143,256
112,145,257
103,144,247
123,147,270
114,148,262
110,147,257
115,148,263
122,158,280
122,173,295
122,181,303
121,179,300
117,189,306
131,156,287
162,150,312
150,160,310
114,185,299
124,200,324
117,217,334
135,201,336
155,189,344
179,186,365
167,318,485
164,336,500
141,351,492
220,251,471
285,198,483
320,194,514
178,194,372
167,190,357
159,171,330
167,164,331
155,158,313
146,155,301
128,153,281
127,151,278
107,156,263
124,156,280
127,161,288
131,159,290
145,153,298
134,152,286
130,147,277
132,137,269
127,139,266
126,132,258
135,131,266
130,127,257
132,120,252
132,114,246
126,107,233
126,100,226
119,99,218
118,103,221
128,97,225
139,94,233
148,87,235
132,88,220
134,85,219
124,102,226
132,98,230
133,98,231
135,98,233
129,105,234
132,122,254
126,130,256
125,132,257
135,128,263
129,134,263
131,139,270
123,141,264
127,146,273
128,145,273
110,138,248
121,129,250
129,135,264
128,199,327
251,120,371
282,152,434
312,123,435
189,106,295
176,111,287
166,82,248
171,110,281
164,113,277
129,114,243
132,110,242
131,112,243
132,108,240
129,101,230
132,94,226
123,88,211
126,88,214
118,103,221
139,113,252
138,119,257
141,124,265
142,109,251
149,102,251
170,97,267
144,105,249
142,105,247
133,119,252
166,106,272
164,135,299
209,102,311
200,129,329
202,133,335
189,131,320
189,112,301
197,144,341
180,145,325
145,145,290
134,156,290
93,162,255
126,173,299
129,189,318
126,203,329
116,209,325
139,197,336
144,183,327
183,156,339
173,148,321
163,156,319
119,179,298
121,183,304
110,192,302
115,203,318
160,164,324
174,160,334
208,124,332
161,117,278
152,109,261
135,92,227
135,87,222
129,95,224
131,92,223
134,85,219
133,101,234
132,100,232
130,92,222
133,89,222
116,86,202
120,92,212
123,95,218
122,98,220
124,96,220
131,104,235
140,97,237
139,91,230
142,81,223
133,97,230
135,86,221
145,90,235
142,87,229
132,114,246
133,105,238
126,101,227
131,102,233
113,103,216
125,110,235
122,122,244
128,127,255
149,110,259
162,90,252
156,86,242
138,81,219
128,89,217
129,88,217
129,81,210
131,106,237
134,123,257
133,121,254
131,115,246
122,111,233
127,107,234
133,95,228
122,89,211
138,105,243
139,102,241
142,95,237
141,82,223
140,103,243
139,95,234
139,83,222
143,100,243
140,92,232
140,81,221
138,98,236
133,100,233
135,90,225
143,105,248
144,95,239
148,84,232
143,102,245
142,90,232
143,99,242
138,93,231
137,82,219
142,102,244
140,91,231
142,81,223
142,108,250
147,89,236
148,80,228
140,99,239
135,93,228
138,82,220
142,107,249
145,91,236
146,80,226
140,99,239
135,96,231
137,90,227
139,79,218
137,100,237
139,91,230
136,81,217
139,99,238
136,89,225
139,80,219
138,101,239
135,92,227
137,88,225
147,121,268
152,111,263
153,100,253
143,88,231
130,107,237
145,96,241
146,108,254
147,106,253
144,127,271
166,94,260
163,109,272
160,93,253
144,85,229
145,104,249
140,96,236
144,83,227
162,111,273
164,95,259
158,90,248
147,102,249
139,92,231
155,123,278
155,122,277
190,124,314
197,108,305
196,98,294
156,94,250
136,89,225
127,87,214
95,86,181
125,87,212
119,119,238
122,124,246
115,132,247
134,126,260
114,140,254
187,120,307
190,158,348
219,123,342
210,129,339
214,145,359
170,161,331
153,178,331
129,192,321
132,182,314
166,175,341
171,197,368
178,216,394
156,229,385
155,216,371
159,209,368
185,188,373
217,163,380
255,140,395
236,143,379
206,144,350
161,139,300
160,131,291
150,134,284
150,122,272
144,108,252
146,94,240
137,89,226
133,132,265
127,146,273
137,145,282
129,154,283
129,150,279
131,144,275
139,140,279
122,149,271
129,153,282
122,161,283
127,163,290
138,154,292
137,145,282
140,140,280
126,133,259
113,124,237
141,109,250
145,104,249
140,128,268
155,111,266
169,100,269
157,91,248
154,120,274
148,132,280
170,123,293
185,134,319
179,130,309
168,129,297
140,129,269
119,108,227
162,130,292
179,127,306
205,102,307
160,108,268
147,120,267
128,129,257
129,124,253
133,128,261
136,109,245
141,107,248
134,107,241
118,114,232
123,119,242
119,115,234
122,124,246
124,126,250
125,125,250
143,116,259
150,152,302
155,158,313
138,166,304
132,173,305
118,177,295
130,179,309
146,182,328
133,190,323
132,192,324
116,199,315
142,179,321
179,157,336
191,156,347
172,152,324
129,158,287
126,171,297
127,177,304
143,172,315
176,139,315
191,119,310
189,105,294
156,98,254
134,89,223
122,82,204
125,80,205
121,78,199
123,110,233
121,119,240
125,121,246
126,132,258
120,151,271
123,159,282
121,164,285
120,180,300
125,187,312
110,193,303
124,204,328
150,184,334
165,189,354
167,180,347
153,173,326
154,156,310
140,142,282
169,113,282
185,115,300
170,105,275
182,127,309
159,120,279
159,159,318
189,112,301
197,88,285
183,106,289
147,99,246
153,101,254
146,112,258
146,141,287
172,122,294
180,98,278
182,113,295
171,140,311
181,110,291
176,102,278
156,143,299
176,115,291
204,140,344
230,133,363
222,146,368
216,134,350
190,135,325
179,153,332
180,149,329
155,154,309
137,154,291
150,145,295
153,138,291
150,130,280
144,117,261
141,100,241
141,95,236
120,94,214
126,90,216
122,91,213
123,96,219
114,92,206
140,90,230
132,88,220
134,99,233
125,103,228
111,117,228
120,137,257
126,126,252
135,120,255
131,113,244
124,122,246
119,130,249
118,137,255
126,144,270
135,137,272
148,131,279
149,131,280
140,143,283
133,138,271
132,144,276
119,152,271
120,160,280
129,160,289
121,156,277
127,157,284
129,154,283
162,140,302
150,135,285
157,117,274
180,120,300
184,112,296
181,104,285
145,99,244
128,90,218
129,83,212
125,94,219
120,88,208
131,88,219
129,107,236
142,113,255
148,95,243
157,89,246
140,122,262
125,133,258
148,137,285
144,143,287
141,134,275
118,255,373
147,305,452
136,318,454
157,317,474
257,213,470
257,199,456
196,194,390
182,169,351
196,141,337
206,157,363
232,107,339
194,118,312
174,125,299
128,108,236
144,93,237
123,114,237
117,108,225
138,118,256
139,118,257
126,115,241
132,116,248
133,110,243
124,106,230
129,99,228
121,100,221
121,103,224
121,103,224
121,102,223
133,97,230
135,98,233
138,116,254
135,112,247
147,94,241
163,130,293
152,124,276
149,121,270
137,131,268
113,129,242
134,120,254
178,133,311
186,123,309
179,120,299
148,115,263
114,111,225
124,106,230
124,93,217
124,105,229
113,115,228
125,107,232
106,98,204
116,88,204
104,86,190
112,90,202
117,96,213
113,120,233
130,129,259
121,144,265
121,161,282
113,181,294
120,203,323
123,210,333
121,216,337
254,120,374
272,133,405
287,136,423
162,132,294
160,121,281
152,113,265
151,108,259
125,102,227
131,93,224
126,87,213
125,82,207
129,129,258
154,115,269
185,116,301
194,95,289
159,140,299
158,130,288
162,129,291
141,157,298
123,170,293
131,152,283
148,134,282
167,106,273
172,159,331
135,173,308
175,203,378
174,190,364
169,167,336
225,136,361
201,121,322
182,121,303
190,97,287
183,121,304
167,171,338
181,151,332
182,157,339
196,158,354
212,133,345
238,150,388
264,172,436
247,137,384
225,117,342
199,93,292
158,108,266
147,131,278
158,100,258
164,104,268
166,97,263
125,97,222
116,95,211
113,91,204
125,98,223
119,107,226
91,121,212
117,126,243
114,139,253
117,147,264
131,148,279
129,165,294
132,183,315
129,205,334
131,206,337
118,207,325
120,172,292
184,138,322
220,122,342
232,138,370
215,118,333
177,115,292
146,96,242
111,169,280
173,145,318
173,134,307
134,140,274
95,151,246
124,147,271
78,144,222
106,154,260
119,163,282
107,171,278
119,188,307
119,234,353
114,234,348
146,223,369
149,213,362
197,167,364
198,154,352
183,156,339
141,162,303
111,166,277
118,172,290
122,173,295
122,179,301
116,179,295
155,156,311
170,150,320
163,143,306
162,132,294
156,114,270
159,133,292
171,122,293
176,118,294
174,121,295
127,117,244
136,111,247
118,104,222
121,91,212
124,115,239
136,112,248
152,130,282
156,123,279
182,94,276
167,93,260
157,110,267
145,103,248
149,91,240
149,131,280
156,109,265
167,128,295
169,118,287
138,106,244
164,196,360
178,183,361
182,184,366
169,197,366
107,204,311
148,184,332
153,169,322
175,129,304
193,134,327
213,124,337
199,115,314
160,114,274
138,120,258
140,127,267
129,123,252
130,114,244
128,107,235
119,102,221
118,99,217
115,95,210
122,95,217
125,91,216
121,92,213
121,97,218
104,101,205
125,99,224
107,98,205
113,97,210
121,92,213
125,89,214
129,84,213
127,112,239
129,125,254
112,141,253
124,154,278
123,159,282
123,165,288
103,162,265
125,168,293
119,182,301
126,180,306
115,175,290
134,154,288
147,140,287
151,130,281
131,132,263
128,154,282
127,162,289
112,151,263
168,125,293
136,113,249
177,111,288
161,132,293
159,128,287
169,131,300
180,166,346
211,135,346
197,118,315
190,122,312
177,126,303
191,121,312
180,132,312
160,134,294
164,121,285
181,156,337
216,141,357
214,121,335
199,110,309
187,152,339
209,125,334
212,102,314
198,112,310
162,97,259
164,84,248
141,105,246
141,100,241
144,88,232
146,97,243
140,96,236
138,107,245
156,93,249
150,95,245
145,91,236
125,122,247
140,112,252
143,100,243
138,93,231
118,85,203
106,130,236
138,125,263
149,116,265
138,110,248
122,104,226
125,96,221
127,99,226
121,113,234
102,110,212
127,100,227
111,94,205
94,87,181
124,84,208
122,119,241
134,120,254
143,116,259
134,121,255
133,125,258
130,146,276
129,169,298
124,161,285
131,150,281
137,144,281
111,141,252
105,134,239
124,128,252
124,119,243
122,117,239
131,105,236
137,90,227
136,97,233
132,82,214
135,128,263
121,127,248
127,122,249
131,116,247
115,105,220
127,106,233
129,106,235
120,105,225
141,131,272
157,121,278
165,110,275
148,114,262
114,119,233
124,118,242
143,109,252
151,105,256
154,114,268
144,112,256
130,116,246
137,116,253
136,119,255
133,141,274
142,140,282
153,128,281
178,119,297
167,130,297
162,136,298
144,143,287
144,161,305
141,184,325
148,192,340
161,190,351
181,228,409
206,204,410
206,161,367
221,127,348
188,120,308
174,171,345
176,146,322
169,142,311
153,142,295
105,143,248
139,145,284
138,147,285
137,153,290
137,172,309
135,173,308
136,180,316
148,170,318
147,177,324
133,176,309
137,173,310
136,177,313
133,182,315
133,214,347
141,230,371
141,249,390
154,237,391
177,212,389
201,193,394
193,182,375
179,177,356
155,172,327
141,178,319
131,184,315
134,179,313
140,177,317
141,181,322
141,184,325
139,181,320
140,180,320
141,181,322
135,182,317
155,168,323
164,159,323
165,201,366
147,217,364
144,232,376
144,247,391
164,243,407
188,233,421
213,245,458
217,240,457
214,234,448
238,193,431
243,155,398
246,121,367
214,93,307
183,91,274
148,89,237
130,125,255
132,152,284
159,149,308
182,154,336
207,157,364
226,179,405
255,147,402
243,141,384
238,158,396
211,138,349
217,108,325
197,165,362
183,161,344
160,178,338
159,185,344
112,182,294
154,172,326
146,165,311
163,139,302
180,111,291
150,96,246
155,89,244
131,167,298
127,162,289
133,173,306
122,165,287
89,168,257
140,138,278
149,143,292
205,134,339
199,148,347
183,148,331
147,158,305
127,155,282
153,155,308
161,160,321
167,155,322
186,232,418
231,180,411
220,193,413
205,208,413
112,201,313
162,173,335
198,111,309
220,101,321
154,91,245
156,158,314
150,157,307
139,191,330
136,213,349
94,200,294
138,177,315
154,160,314
162,131,293
178,114,292
174,102,276
182,113,295
161,134,295
131,160,291
139,174,313
141,260,401
135,316,451
148,312,460
204,236,440
235,206,441
257,168,425
215,143,358
207,117,324
173,105,278
167,123,290
150,113,263
160,97,257
154,124,278
148,123,271
151,117,268
149,107,256
156,99,255
146,138,284
150,134,284
143,129,272
131,133,264
133,139,272
125,140,265
139,139,278
142,133,275
150,165,315
184,135,319
193,134,327
165,127,292
144,120,264
147,98,245
147,95,242
142,86,228
135,104,239
132,121,253
125,132,257
118,119,237
142,101,243
147,106,253
133,112,245
138,100,238
145,91,236
143,132,275
136,135,271
142,130,272
151,116,267
151,119,270
151,141,292
125,151,276
110,178,288
142,194,336
142,218,360
136,225,361
143,219,362
160,196,356
184,163,347
200,129,329
194,130,324
163,112,275
141,114,255
145,116,261
132,113,245
133,115,248
128,155,283
127,172,299
153,230,383
273,125,398
289,121,410
300,153,453
197,141,338
203,161,364
219,157,376
237,152,389
270,138,408
256,122,378
220,119,339
187,144,331
187,137,324
211,135,346
206,119,325
195,118,313
166,112,278
173,124,297
173,118,291
173,123,296
159,116,275
158,100,258
161,118,279
159,115,274
146,147,293
168,114,282
158,113,271
158,108,266
132,120,252
142,136,278
143,134,277
123,148,271
127,158,285
130,168,298
114,166,280
116,162,278
128,167,295
134,192,326
114,210,324
119,212,331
127,214,341
184,168,352
203,145,348
220,134,354
167,141,308
145,140,285
142,142,284
134,138,272
143,144,287
170,113,283
188,101,289
184,96,280
145,130,275
143,119,262
145,119,264
148,111,259
138,108,246
150,100,250
153,133,286
159,136,295
160,128,288
166,113,279
156,109,265
139,143,282
176,125,301
179,125,304
175,124,299
139,140,279
118,167,285
134,169,303
135,174,309
142,165,307
125,169,294
135,169,304
145,182,327
135,189,324
137,196,333
128,193,321
141,199,340
150,186,336
139,170,309
146,161,307
163,129,292
152,122,274
132,111,243
134,107,241
132,102,234
139,88,227
137,84,221
133,124,257
135,118,253
135,104,239
150,105,255
139,102,241
127,122,249
155,118,273
159,145,304
200,132,332
216,116,332
218,108,326
188,115,303
169,139,308
172,111,283
165,124,289
151,126,277
128,129,257
125,129,254
97,141,238
130,149,279
112,160,272
126,165,291
127,165,292
120,164,284
119,172,291
124,172,296
122,183,305
123,180,303
135,163,298
135,159,294
140,153,293
127,160,287
125,158,283
121,155,276
124,160,284
126,176,302
135,198,333
131,205,336
129,190,319
165,160,325
174,144,318
158,148,306
154,149,303
129,157,286
123,153,276
112,142,254
150,114,264
156,97,253
163,139,302
154,155,309
199,133,332
222,124,346
221,193,414
198,191,389
227,163,390
236,150,386
208,181,389
242,159,401
245,148,393
222,173,395
174,177,351
203,162,365
215,151,366
241,188,429
252,134,386
250,136,386
256,144,400
205,143,348
219,138,357
187,127,314
151,126,277
147,127,274
136,131,267
158,111,269
161,102,263
166,95,261
143,95,238
136,92,228
128,95,223
154,120,274
157,132,289
159,135,294
162,136,298
137,164,301
131,174,305
137,170,307
154,153,307
174,140,314
160,136,296
136,119,255
147,110,257
141,117,258
141,117,258
142,116,258
158,137,295
153,151,304
137,174,311
121,190,311
132,180,312
163,155,318
158,146,304
159,139,298
133,138,271
127,136,263
127,132,259
129,155,284
130,174,304
127,201,328
139,213,352
158,205,363
164,190,354
157,186,343
172,158,330
176,140,316
191,127,318
171,116,287
178,99,277
159,96,255
165,97,262
146,97,243
140,131,271
137,140,277
144,139,283
138,140,278
117,156,273
145,157,302
138,173,311
142,169,311
138,162,300
144,141,285
164,119,283
150,104,254
156,102,258
152,109,261
142,99,241
154,117,271
148,121,269
141,124,265
119,128,247
131,152,283
134,144,278
131,138,269
141,118,259
149,107,256
136,94,230
136,96,232
124,95,219
122,84,206
138,115,253
134,120,254
155,104,259
161,141,302
145,157,302
161,146,307
144,152,296
127,154,281
140,157,297
139,150,289
159,135,294
152,132,284
150,135,285
139,159,298
143,182,325
135,191,326
135,190,325
129,213,342
163,182,345
185,165,350
198,148,346
179,131,310
156,119,275
201,115,316
209,109,318
191,109,300
160,117,277
157,107,264
164,135,299
169,125,294
164,109,273
156,108,264
142,106,248
147,136,283
143,158,301
146,157,303
134,167,301
135,174,309
127,186,313
115,200,315
122,250,372
131,277,408
149,276,425
167,257,424
203,209,412
226,188,414
241,196,437
193,202,395
175,211,386
174,209,383
174,195,369
180,191,371
194,166,360
205,141,346
206,156,362
198,158,356
198,142,340
190,153,343
203,150,353
204,120,324
208,134,342
204,123,327
202,123,325
203,121,324
172,127,299
157,121,278
141,123,264
135,131,266
131,118,249
139,118,257
148,104,252
144,95,239
147,96,243
139,93,232
156,115,271
145,117,262
149,111,260
147,103,250
139,98,237
141,99,240
135,98,233
146,105,251
148,99,247
142,123,265
146,122,268
138,127,265
149,126,275
121,126,247
130,128,258
139,115,254
139,108,247
162,122,284
155,129,284
161,119,280
146,109,255
152,90,242
156,132,288
159,142,301
141,137,278
145,126,271
150,125,275
148,145,293
145,150,295
136,150,286
154,137,291
164,122,286
168,102,270
170,105,275
136,141,277
142,129,271
165,162,327
194,147,341
198,143,341
208,135,343
185,119,304
187,106,293
179,100,279
164,133,297
170,111,281
155,112,267
152,116,268
123,123,246
125,129,254
132,126,258
128,153,281
129,159,288
127,166,293
138,162,300
154,161,315
147,180,327
163,170,333
159,170,329
170,174,344
155,300,455
157,304,461
149,302,451
203,259,462
269,200,469
236,177,413
154,168,322
152,173,325
140,162,302
145,155,300
139,146,285
141,141,282
139,148,287
127,154,281
126,153,279
122,156,278
124,159,283
125,151,276
143,138,281
134,142,276
135,133,268
135,138,273
148,133,281
143,130,273
134,126,260
134,127,261
128,130,258
115,128,243
123,129,252
143,136,279
142,142,284
148,143,291
151,127,278
138,124,262
147,123,270
125,132,257
126,128,254
141,118,259
144,115,259
144,115,259
122,120,242
124,126,250
122,134,256
121,153,274
130,160,290
120,167,287
135,166,301
140,154,294
145,159,304
132,159,291
123,170,293
140,177,317
138,201,339
127,223,350
137,228,365
149,224,373
173,214,387
185,215,400
176,225,401
166,239,405
170,261,431
188,254,442
203,234,437
229,175,404
258,156,414
243,160,403
196,148,344
172,142,314
172,173,345
186,152,338
223,122,345
234,141,375
238,119,357
214,140,354
207,125,332
172,111,283
156,105,261
153,123,276
156,113,269
159,111,270
150,100,250
156,147,303
146,314,460
326,129,455
324,131,455
330,147,477
137,167,304
156,161,317
169,151,320
160,154,314
151,156,307
144,154,298
126,160,286
149,155,304
157,135,292
185,119,304
187,122,309
171,116,287
160,111,271
131,138,269
167,122,289
173,115,288
156,108,264
153,127,280
160,109,269
164,90,254
154,148,302
155,133,288
181,117,298
181,107,288
159,105,264
156,118,274
155,119,274
158,109,267
155,109,264
154,124,278
150,118,268
150,121,271
152,118,270
154,114,268
154,111,265
149,106,255
146,109,255
144,126,270
143,123,266
149,117,266
155,147,302
172,146,318
192,148,340
212,141,353
193,147,340
177,150,327
150,160,310
149,173,322
155,180,335
156,175,331
160,165,325
160,163,323
173,168,341
191,158,349
190,169,359
207,151,358
210,125,335
221,113,334
208,121,329
183,110,293
176,124,300
158,159,317
197,110,307
200,96,296
200,152,352
158,149,307
172,133,305
171,120,291
167,100,267
171,126,297
171,116,287
170,113,283
165,101,266
162,123,285
165,116,281
172,121,293
175,112,287
167,97,264
170,99,269
166,119,285
160,113,273
157,157,314
178,130,308
189,109,298
212,123,335
182,113,295
182,116,298
171,107,278
158,104,262
149,132,281
158,120,278
146,112,258
163,117,280
164,112,276
172,125,297
175,90,265
169,200,369
251,177,428
269,129,398
281,154,435
246,167,413
218,172,390
230,163,393
263,125,388
224,114,338
243,143,386
183,154,337
186,153,339
186,174,360
182,177,359
188,174,362
195,182,377
213,185,398
239,163,402
288,134,422
273,140,413
251,124,375
184,119,303
180,110,290
142,116,258
135,122,257
121,116,237
144,107,251
156,107,263
155,128,283
151,122,273
145,113,258
143,98,241
138,85,223
141,100,241
146,96,242
141,135,276
164,129,293
160,130,290
163,145,308
151,143,294
163,159,322
159,159,318
132,150,282
150,149,299
179,139,318
177,162,339
154,183,337
132,224,356
115,228,343
131,222,353
161,185,346
197,144,341
194,127,321
180,121,301
143,114,257
151,110,261
154,95,249
150,87,237
142,109,251
114,130,244
150,121,271
167,105,272
172,103,275
153,129,282
168,133,301
177,124,301
181,114,295
181,101,282
183,115,298
158,116,274
163,122,285
161,128,289
156,123,279
137,146,283
143,146,289
147,151,298
142,170,312
132,170,302
134,173,307
146,183,329
150,191,341
152,191,343
128,189,317
146,182,328
173,151,324
176,145,321
173,142,315
153,136,289
149,124,273
154,110,264
153,118,271
147,119,266
149,113,262
162,116,278
175,106,281
165,146,311
160,141,301
143,150,293
135,147,282
122,153,275
152,144,296
161,142,303
146,153,299
145,160,305
131,182,313
140,187,327
143,183,326
129,179,308
137,179,316
128,169,297
175,135,310
186,118,304
185,110,295
179,146,325
170,140,310
179,133,312
189,117,306
183,108,291
176,117,293
165,113,278
153,110,263
163,137,300
178,118,296
200,112,312
195,117,312
174,106,280
169,175,344
166,176,342
182,174,356
177,173,350
154,165,319
196,126,322
215,124,339
217,94,311
190,112,302
175,172,347
200,129,329
204,131,335
195,145,340
147,175,322
155,190,345
165,195,360
190,190,380
188,196,384
189,166,355
195,195,390
220,182,402
201,192,393
223,192,415
201,221,422
194,221,415
187,212,399
198,187,385
180,181,361
168,178,346
149,181,330
154,176,330
148,169,317
155,157,312
154,161,315
156,151,307
150,167,317
149,176,325
146,170,316
150,160,310
145,152,297
134,156,290
148,143,291
124,147,271
145,146,291
143,149,292
152,143,295
163,119,282
171,99,270
167,112,279
143,122,265
148,118,266
146,116,262
150,126,276
184,131,315
174,125,299
173,110,283
149,94,243
151,110,261
137,97,234
151,86,237
152,127,279
138,158,296
142,146,288
164,129,293
167,112,279
168,113,281
160,107,267
142,108,250
144,102,246
151,113,264
157,125,282
174,104,278
161,135,296
177,115,292
161,111,272
163,100,263
137,107,244
151,95,246
151,110,261
144,113,257
140,113,253
143,105,248
154,94,248
154,127,281
138,134,272
161,120,281
185,133,318
191,144,335
177,136,313
171,114,285
150,108,258
167,134,301
172,141,313
159,149,308
215,173,388
212,186,398
230,174,404
206,139,345
186,130,316
190,136,326
156,139,295
141,139,280
127,132,259
138,132,270
140,132,272
143,130,273
136,131,267
143,137,280
136,138,274
140,151,291
116,156,272
141,141,282
145,126,271
141,121,262
146,115,261
136,111,247
143,87,230
151,140,291
162,127,289
161,112,273
143,126,269
164,150,314
184,146,330
185,152,337
136,165,301
143,162,305
156,156,312
165,320,485
152,322,474
146,318,464
227,241,468
298,170,468
292,147,439
196,135,331
178,108,286
190,120,310
188,136,324
206,166,372
255,136,391
202,131,333
183,139,322
161,132,293
180,130,310
212,152,364
200,150,350
208,171,379
233,145,378
247,136,383
251,134,385
199,148,347
185,150,335
169,169,338
176,193,369
177,213,390
204,182,386
217,173,390
234,191,425
285,115,400
283,140,423
266,123,389
185,113,298
171,110,281
123,110,233
132,114,246
130,117,247
125,119,244
131,121,252
129,125,254
129,129,258
130,142,272
124,136,260
139,137,276
133,135,268
138,137,275
126,142,268
129,149,278
127,144,271
131,153,284
136,164,300
131,188,319
129,198,327
136,190,326
143,192,335
145,194,339
154,183,337
163,163,326
167,153,320
142,146,288
142,142,284
135,135,270
145,143,288
181,152,333
214,156,370
224,151,375
187,129,316
176,130,306
173,133,306
137,145,282
128,143,271
126,135,261
140,117,257
136,107,243
135,98,233
129,92,221
138,151,289
164,128,292
169,116,285
174,111,285
149,90,239
163,150,313
170,150,320
188,121,309
190,108,298
162,112,274
162,103,265
139,103,242
133,142,275
158,117,275
178,91,269
192,129,321
151,139,290
161,127,288
173,119,292
171,117,288
177,149,326
186,111,297
175,112,287
177,118,295
126,112,238
148,115,263
143,116,259
135,124,259
140,200,340
225,184,409
293,123,416
287,130,417
200,132,332
125,130,255
139,128,267
140,125,265
138,123,261
126,134,260
124,136,260
135,124,259
133,126,259
151,118,269
144,117,261
146,108,254
135,120,255
125,124,249
117,126,243
124,130,254
123,138,261
126,129,255
129,131,260
136,132,268
121,135,256
153,136,289
190,117,307
188,117,305
161,115,276
152,97,249
158,140,298
177,151,328
192,118,310
214,161,375
211,161,372
187,160,347
153,173,326
130,179,309
138,171,309
143,179,322
132,195,327
117,205,322
119,249,368
150,235,385
179,220,399
175,220,395
200,194,394
216,165,381
205,163,368
185,171,356
147,177,324
167,188,355
185,169,354
192,161,353
232,117,349
216,121,337
194,154,348
195,150,345
197,176,373
242,165,407
242,144,386
254,139,393
225,136,361
207,119,326
221,155,376
219,135,354
200,141,341
176,147,323
143,146,289
127,143,270
136,162,298
140,169,309
141,180,321
153,207,360
148,207,355
152,202,354
136,187,323
166,172,338
172,172,344
172,172,344
145,164,309
139,148,287
133,144,277
141,143,284
131,141,272
133,141,274
148,149,297
154,160,314
146,163,309
143,170,313
136,164,300
142,160,302
139,163,302
129,157,286
125,154,279
133,159,292
126,157,283
149,121,270
176,139,315
201,110,311
197,149,346
210,149,359
174,180,354
191,141,332
196,129,325
201,114,315
164,117,281
152,160,312
130,172,302
128,180,308
131,182,313
130,176,306
139,164,303
155,153,308
153,150,303
138,146,284
132,163,295
137,154,291
141,159,300
129,159,288
139,148,287
136,139,275
156,125,281
137,117,254
139,102,241
137,95,232
144,91,235
137,154,291
147,141,288
161,122,283
158,108,266
115,92,207
144,124,268
174,159,333
191,177,368
237,165,402
237,142,379
220,114,334
186,128,314
195,116,311
179,105,284
169,147,316
167,153,320
187,144,331
203,136,339
213,160,373
216,158,374
195,186,381
187,207,394
163,214,377
165,221,386
170,224,394
167,232,399
171,253,424
174,259,433
172,265,437
201,226,427
216,194,410
233,174,407
230,143,373
212,162,374
186,184,370
179,189,368
211,171,382
270,162,432
258,154,412
248,168,416
190,186,376
189,163,352
211,147,358
220,130,350
224,127,351
208,112,320
197,220,417
258,137,395
263,171,434
318,149,467
210,146,356
206,155,361
163,225,388
154,238,392
170,213,383
208,201,409
217,225,442
172,231,403
169,251,420
189,251,440
185,260,445
178,262,440
197,244,441
237,210,447
269,182,451
275,146,421
264,165,429
250,139,389
238,100,338
217,131,348
189,130,319
157,111,268
158,96,254
143,115,258
139,133,272
147,132,279
149,124,273
170,93,263
156,96,252
142,97,239
127,96,223
132,134,266
159,113,272
192,156,348
201,164,365
180,156,336
167,146,313
137,143,280
155,173,328
155,169,324
142,177,319
151,176,327
147,194,341
157,191,348
148,212,360
146,212,358
129,210,339
145,207,352
170,179,349
169,172,341
185,168,353
152,172,324
139,195,334
147,192,339
147,187,334
138,184,322
159,154,313
155,151,306
172,146,318
174,132,306
169,114,283
162,108,270
160,95,255
153,91,244
157,166,323
170,163,333
162,142,304
202,103,305
169,141,310
204,133,337
184,116,300
164,111,275
147,104,251
125,108,233
127,109,236
123,109,232
135,102,237
142,99,241
132,92,224
131,99,230
132,106,238
117,106,223
133,99,232
126,96,222
124,90,214
124,90,214
131,89,220
122,91,213
120,99,219
131,95,226
132,103,235
128,100,228
131,107,238
142,119,261
127,115,242
129,114,243
124,124,248
129,125,254
131,129,260
130,141,271
129,137,266
143,122,265
192,124,316
196,120,316
196,108,304
175,124,299
170,120,290
171,104,275
161,91,252
155,117,272
154,112,266
157,111,268
155,148,303
175,116,291
186,106,292
177,115,292
161,136,297
174,128,302
170,130,300
171,117,288
179,91,270
172,91,263
152,100,252
128,107,235
122,109,231
120,110,230
124,117,241
122,143,265
125,157,282
128,157,285
147,133,280
175,140,315
199,120,319
186,162,348
222,115,337
205,122,327
223,116,339
169,124,293
149,128,277
141,134,275
155,143,298
196,154,350
212,151,363
243,129,372
221,104,325
212,163,375
208,147,355
192,148,340
196,139,335
161,132,293
180,112,292
190,120,310
184,144,328
216,165,381
219,161,380
222,149,371
186,154,340
150,151,301
163,151,314
174,155,329
199,138,337
199,148,347
197,151,348
194,184,378
233,151,384
233,220,453
204,394,598
129,398,527
159,399,558
294,292,586
364,244,608
366,228,594
209,198,407
223,167,390
197,166,363
163,172,335
142,160,302
143,160,303
113,162,275
123,164,287
133,166,299
132,173,305
128,169,297
131,167,298
144,154,298
134,157,291
145,185,330
127,194,321
132,196,328
152,186,338
161,180,341
151,187,338
136,188,324
136,178,314
149,175,324
153,181,334
141,168,309
144,176,320
144,190,334
126,193,319
119,192,311
152,159,311
158,139,297
180,118,298
166,97,263
154,96,250
134,143,277
149,130,279
151,129,280
148,122,270
136,116,252
163,95,258
167,140,307
157,141,298
161,130,291
156,131,287
159,141,300
147,150,297
133,149,282
149,139,288
160,124,284
179,110,289
175,120,295
194,171,365
195,149,344
191,130,321
168,141,309
93,137,230
132,125,257
133,141,274
137,143,280
130,152,282
160,119,279
159,118,277
184,136,320
177,124,301
185,113,298
158,112,270
177,99,276
183,133,316
195,126,321
179,108,287
151,113,264
169,126,295
174,112,286
165,120,285
177,157,334
169,161,330
193,152,345
171,154,325
134,160,294
157,156,313
155,154,309
162,175,337
169,187,356
207,159,366
211,134,345
228,126,354
215,102,317
196,127,323
171,137,308
152,124,276
165,180,345
164,179,343
182,176,358
166,176,342
172,163,335
168,164,332
174,155,329
156,149,305
205,153,358
217,168,385
219,163,382
198,127,325
203,108,311
214,146,360
218,120,338
219,280,499
359,232,591
430,160,590
447,172,619
347,121,468
240,119,359
203,113,316
143,125,268
143,127,270
134,132,266
124,135,259
120,160,280
132,172,304
151,187,338
156,180,336
148,180,328
149,166,315
149,153,302
159,131,290
146,128,274
146,154,300
177,118,295
186,105,291
185,141,326
169,131,300
169,112,281
174,143,317
172,137,309
176,135,311
172,123,295
146,118,264
147,112,259
145,108,253
150,192,342
178,165,343
197,156,353
183,145,328
133,124,257
173,117,290
177,136,313
177,138,315
153,141,294
132,145,277
119,147,266
118,147,265
123,153,276
116,153,269
111,154,265
121,162,283
119,170,289
126,174,300
130,171,301
124,167,291
134,164,298
140,178,318
133,189,322
118,198,316
128,197,325
139,195,334
171,175,346
193,151,344
178,154,332
136,161,297
116,185,301
113,188,301
124,188,312
123,184,307
146,163,309
145,165,310
136,178,314
152,144,296
189,129,318
200,121,321
176,112,288
150,110,260
161,98,259
162,120,282
160,114,274
166,123,289
183,105,288
172,84,256
167,157,324
152,168,320
154,176,330
159,172,331
124,154,278
168,130,298
192,122,314
186,116,302
184,107,291
149,102,251
151,112,263
143,114,257
166,128,294
170,122,292
220,126,346
201,133,334
184,149,333
158,150,308
132,160,292
133,157,290
134,175,309
132,170,302
143,167,310
137,161,298
133,177,310
119,193,312
128,199,327
129,203,332
137,206,343
148,196,344
154,201,355
160,192,352
153,184,337
148,185,333
156,173,329
166,151,317
190,129,319
209,174,383
184,194,378
152,213,365
134,229,363
128,222,350
179,201,380
193,236,429
191,261,452
161,288,449
172,262,434
205,207,412
232,181,413
240,161,401
220,161,381
191,189,380
178,186,364
156,184,340
151,180,331
156,166,322
173,157,330
186,161,347
190,147,337
178,145,323
194,128,322
191,125,316
209,147,356
211,158,369
208,151,359
189,168,357
197,151,348
204,137,341
195,133,328
181,148,329
163,174,337
160,186,346
158,184,342
174,167,341
175,175,350
166,197,363
190,182,372
185,163,348
241,127,368
241,162,403
256,143,399
213,150,363
203,143,346
171,172,343
212,176,388
257,145,402
274,131,405
240,108,348
186,135,321
164,130,294
164,118,282
185,113,298
178,185,363
208,163,371
190,146,336
189,139,328
125,139,264
167,127,294
165,114,279
161,105,266
162,95,257
162,143,305
163,140,303
179,105,284
185,83,268
157,128,285
120,150,270
143,153,296
152,142,294
171,127,298
163,125,288
147,127,274
122,139,261
124,160,284
119,172,291
166,132,298
176,116,292
182,111,293
135,107,242
146,100,246
143,94,237
141,101,242
126,98,224
140,91,231
153,180,333
161,188,349
151,193,344
147,179,326
106,159,265
150,144,294
161,123,284
154,108,262
157,101,258
139,105,244
149,129,278
157,126,283
146,133,279
147,127,274
164,82,246
167,133,300
169,142,311
149,128,277
153,126,279
150,134,284
126,144,270
127,186,313
130,199,329
152,195,347
162,205,367
165,214,379
179,198,377
177,200,377
183,211,394
157,220,377
155,236,391
165,240,405
198,217,415
207,247,454
197,245,442
179,225,404
211,194,405
221,164,385
241,117,358
203,107,310
204,120,324
171,119,290
165,168,333
197,192,389
256,126,382
259,111,370
211,105,316
156,102,258
167,134,301
165,150,315
172,136,308
184,141,325
224,166,390
221,143,364
239,120,359
217,162,379
174,164,338
195,147,342
200,189,389
233,169,402
227,166,393
224,163,387
161,177,338
169,185,354
152,179,331
160,161,321
154,155,309
157,141,298
143,121,264
163,101,264
169,124,293
166,111,277
156,98,254
150,127,277
149,111,260
156,100,256
153,93,246
139,112,251
144,106,250
148,98,246
144,92,236
142,86,228
144,142,286
143,141,284
147,124,271
149,111,260
139,96,235
152,144,296
148,161,309
155,165,320
162,154,316
164,155,319
163,170,333
153,183,336
144,190,334
148,199,347
145,216,361
144,206,350
120,217,337
188,194,382
202,175,377
201,183,384
164,187,351
163,176,339
157,160,317
171,136,307
164,123,287
199,144,343
209,118,327
202,124,326
171,136,307
128,161,289
139,168,307
147,166,313
148,164,312
136,154,290
141,133,274
167,96,263
169,117,286
176,117,293
159,126,285
154,118,272
166,101,267
159,115,274
141,233,374
140,259,399
173,253,426
185,230,415
193,202,395
198,166,364
189,145,334
201,109,310
188,116,304
181,128,309
156,122,278
160,103,263
157,99,256
151,115,266
161,113,274
154,102,256
162,114,276
156,127,283
181,111,292
185,106,291
159,106,265
150,114,264
153,107,260
152,114,266
149,109,258
143,109,252
156,139,295
161,149,310
169,137,306
165,117,282
159,95,254
151,84,235
141,116,257
128,124,252
133,116,249
122,120,242
122,118,240
119,121,240
127,124,251
128,117,245
136,115,251
130,102,232
130,94,224
140,88,228
114,91,205
133,84,217
133,109,242
133,130,263
133,131,264
141,125,266
140,127,267
138,138,276
131,143,274
133,145,278
142,130,272
147,115,262
164,104,268
155,136,291
173,103,276
183,156,339
217,119,336
201,107,308
201,114,315
164,112,276
165,104,269
169,137,306
178,150,328
175,171,346
191,171,362
200,136,336
222,154,376
232,141,373
207,145,352
195,151,346
160,148,308
124,177,301
157,189,346
201,159,360
201,158,359
202,138,340
162,118,280
176,105,281
175,129,304
176,148,324
173,153,326
176,148,324
158,140,298
161,135,296
161,138,299
157,135,292
156,145,301
152,148,300
159,138,297
168,147,315
174,162,336
189,159,348
220,189,409
267,156,423
296,155,451
273,160,433
234,139,373
193,126,319
169,111,280
181,154,335
194,168,362
175,169,344
176,172,348
164,149,313
171,153,324
158,157,315
139,172,311
143,175,318
140,174,314
146,172,318
137,175,312
127,196,323
117,210,327
127,208,335
142,201,343
170,194,364
164,206,370
150,211,361
120,224,344
168,214,382
174,224,398
206,193,399
180,166,346
178,145,323
172,125,297
155,116,271
146,105,251
148,97,245
151,150,301
191,184,375
260,109,369
255,100,355
219,102,321
140,99,239
143,90,233
128,92,220
129,113,242
132,103,235
135,138,273
132,155,287
136,163,299
144,180,324
146,195,341
134,197,331
121,203,324
156,184,340
162,178,340
154,176,330
148,169,317
143,180,323
134,179,313
129,175,304
133,160,293
149,136,285
168,110,278
163,112,275
152,102,254
141,103,244
153,90,243
133,142,275
167,103,270
169,91,260
175,115,290
168,111,279
178,95,273
173,94,267
133,130,263
145,124,269
150,115,265
157,109,266
143,118,261
157,103,260
171,135,306
168,138,306
165,127,292
148,124,272
146,119,265
141,120,261
145,143,288
139,150,289
159,129,288
178,126,304
198,122,320
180,135,315
162,129,291
144,122,266
150,114,264
162,168,330
203,188,391
265,130,395
271,145,416
253,121,374
195,122,317
213,112,325
173,110,283
161,112,273
151,110,261
164,152,316
191,117,308
187,127,314
181,150,331
172,141,313
221,120,341
230,195,425
222,179,401
213,162,375
234,153,387
182,160,342
172,165,337
144,168,312
144,169,313
153,169,322
147,174,321
140,181,321
142,177,319
123,191,314
127,198,325
126,201,327
146,189,335
145,202,347
143,203,346
148,198,346
157,227,384
153,231,384
142,220,362
158,186,344
196,135,331
226,105,331
210,101,311
173,125,298
166,125,291
179,119,298
182,119,301
163,108,271
144,114,258
162,124,286
171,138,309
165,154,319
140,148,288
132,151,283
133,148,281
133,150,283
134,152,286
124,158,282
128,164,292
134,182,316
132,185,317
134,170,304
135,173,308
161,144,305
173,121,294
179,133,312
143,136,279
117,136,253
124,204,328
126,234,360
128,231,359
134,231,365
181,195,376
196,169,365
191,179,370
162,196,358
124,207,331
124,209,333
148,193,341
170,172,342
178,157,335
153,147,300
170,107,277
177,87,264
182,97,279
140,100,240
125,95,220
131,117,248
146,104,250
156,115,271
150,119,269
174,110,284
167,102,269
173,87,260
138,130,268
142,142,284
149,132,281
134,127,261
128,121,249
129,109,238
132,92,224
138,93,231
125,89,214
143,107,250
136,114,250
129,110,239
127,102,229
129,100,229
129,100,229
123,109,232
128,107,235
122,106,228
130,102,232
131,97,228
144,92,236
140,93,233
138,90,228
134,84,218
129,108,237
128,114,242
136,109,245
148,97,245
153,139,292
161,114,275
176,127,303
200,108,308
179,101,280
164,93,257
152,104,256
147,105,252
149,112,261
140,103,243
139,92,231
149,104,253
144,95,239
145,97,242
146,112,258
146,112,258
146,127,273
173,91,264
176,137,313
187,140,327
147,160,307
146,173,319
133,170,303
152,149,301
155,134,289
158,121,279
164,133,297
165,138,303
131,141,272
166,148,314
148,157,305
159,147,306
187,129,316
199,156,355
220,130,350
213,144,357
221,163,384
193,157,350
198,145,343
199,142,341
200,133,333
212,126,338
192,117,309
176,149,325
193,117,310
184,145,329
206,139,345
199,113,312
193,104,297
163,100,263
140,112,252
150,125,275
186,91,277
180,114,294
167,107,274
132,97,229
137,129,266
138,130,268
142,140,282
144,143,287
132,134,266
124,126,250
120,117,237
141,100,241
160,131,291
160,130,290
178,108,286
182,129,311
186,142,328
158,143,301
162,133,295
145,134,279
156,133,289
163,134,297
166,148,314
168,142,310
159,139,298
155,139,294
150,142,292
142,143,285
156,127,283
170,106,276
183,142,325
187,188,375
206,167,373
207,150,357
253,145,398
221,141,362
223,126,349
164,115,279
154,117,271
141,111,252
147,96,243
151,122,273
155,106,261
157,93,250
155,121,276
121,113,234
144,123,267
154,158,312
191,107,298
198,121,319
199,138,337
186,117,303
190,103,293
160,95,255
146,145,291
165,133,298
162,141,303
157,147,304
137,145,282
124,179,303
131,195,326
138,207,345
151,266,417
171,256,427
172,253,425
191,243,434
216,221,437
204,358,562
222,374,596
188,378,566
246,299,545
347,180,527
319,153,472
284,133,417
196,109,305
206,145,351
235,145,380
252,134,386
277,151,428
279,86,365
216,108,324
201,123,324
156,161,317
168,154,322
161,148,309
188,114,302
198,143,341
201,128,329
174,125,299
162,101,263
157,145,302
177,156,333
167,159,326
159,152,311
155,130,285
168,109,277
185,168,353
220,137,357
219,152,371
216,150,366
178,169,347
180,170,350
156,177,333
190,188,378
220,156,376
237,125,362
229,99,328
192,135,327
180,123,303
197,101,298
192,111,303
179,151,330
174,155,329
188,142,330
225,103,328
192,113,305
185,130,315
151,151,302
155,151,306
157,154,311
172,160,332
185,147,332
189,138,327
158,171,329
171,156,327
169,125,294
184,113,297
161,114,275
171,123,294
187,98,285
179,99,278
166,161,327
169,142,311
171,117,288
170,105,275
149,101,250
148,90,238
140,127,267
153,133,286
138,138,276
141,139,280
137,131,268
143,134,277
125,114,239
147,105,252
136,110,246
122,106,228
131,99,230
129,100,229
129,88,217
131,89,220
121,91,212
124,93,217
128,113,241
137,105,242
142,96,238
148,84,232
143,97,240
133,141,274
154,129,283
170,133,303
155,127,282
135,126,261
131,138,269
117,143,260
130,142,272
126,142,268
134,135,269
110,133,243
130,157,287
120,197,317
125,213,338
112,216,328
128,213,341
169,178,347
179,175,354
193,162,355
164,156,320
162,155,317
144,156,300
150,154,304
152,157,309
159,147,306
153,149,302
153,156,309
143,152,295
143,156,299
144,156,300
153,145,298
150,150,300
154,145,299
150,136,286
149,131,280
157,110,267
156,102,258
167,112,279
173,117,290
173,105,278
164,99,263
153,95,248
149,106,255
149,101,250
159,187,346
171,180,351
159,190,349
155,182,337
88,186,274
124,182,306
139,186,325
148,185,333
151,179,330
160,170,330
155,173,328
151,169,320
148,159,307
149,160,309
156,154,310
154,150,304
160,150,310
155,147,302
149,144,293
145,147,292
149,139,288
150,140,290
149,164,313
149,259,408
287,130,417
308,129,437
316,125,441
173,124,297
191,95,286
177,93,270
172,143,315
168,137,305
185,130,315
198,123,321
175,172,347
212,153,365
212,146,358
213,141,354
234,171,405
259,147,406
269,153,422
265,134,399
229,122,351
189,127,316
166,152,318
192,134,326
197,150,347
201,138,339
170,145,315
160,146,306
174,127,301
184,99,283
182,108,290
162,114,276
153,115,268
145,129,274
164,121,285
163,119,282
150,151,301
181,116,297
190,104,294
179,105,284
147,129,276
158,98,256
181,98,279
174,90,264
157,165,322
155,167,322
136,161,297
178,128,306
119,111,230
162,94,256
157,129,286
152,125,277
170,106,276
177,158,335
177,163,340
159,169,328
148,167,315
111,187,298
143,187,330
148,159,307
158,142,300
164,128,292
144,123,267
141,113,254
143,91,234
141,119,260
146,118,264
158,146,304
175,125,300
190,119,309
189,148,337
182,140,322
183,137,320
192,120,312
180,119,299
192,128,320
205,140,345
199,128,327
208,119,327
174,110,284
181,123,304
193,148,341
212,120,332
191,160,351
194,172,366
222,176,398
274,128,402
275,124,399
239,117,356
176,111,287
170,103,273
171,86,257
154,150,304
147,151,298
136,149,285
142,174,316
105,174,279
132,204,336
143,208,351
159,180,339
188,137,325
194,118,312
179,106,285
155,99,254
142,93,235
149,119,268
149,124,273
154,116,270
147,113,260
143,121,264
130,118,248
129,102,231
144,92,236
136,87,223
144,135,279
141,131,272
183,133,316
192,113,305
199,97,296
174,123,297
153,136,289
147,166,313
137,169,306
131,160,291
130,144,274
149,119,268
161,102,263
164,95,259
156,118,274
147,111,258
160,120,280
148,118,266
151,103,254
136,103,239
132,101,233
139,85,224
147,143,290
156,127,283
156,112,268
156,102,258
135,88,223
151,128,279
163,139,302
160,156,316
137,147,284
178,162,340
238,193,431
249,165,414
256,150,406
221,131,352
214,172,386
229,173,402
241,171,412
208,183,391
156,196,352
173,180,353
185,159,344
196,166,362
196,160,356
165,159,324
157,160,317
147,155,302
156,141,297
152,128,280
195,170,365
212,163,375
217,183,400
191,190,381
173,189,362
185,187,372
179,203,382
178,197,375
172,215,387
179,207,386
192,165,357
218,142,360
221,135,356
170,136,306
167,117,284
153,124,277
147,129,276
120,139,259
115,139,254
121,141,262
109,140,249
134,136,270
157,101,258
167,109,276
173,110,283
155,109,264
145,136,281
162,131,293
165,113,278
161,111,272
150,103,253
154,124,278
161,109,270
162,94,256
160,109,269
148,108,256
141,126,267
171,111,282
170,98,268
164,136,300
170,118,288
170,155,325
196,131,327
168,147,315
147,162,309
116,167,283
118,178,296
122,186,308
127,188,315
133,185,318
128,213,341
142,213,355
163,199,362
174,185,359
165,183,348
151,167,318
158,130,288
187,122,309
181,138,319
186,122,308
180,111,291
163,98,261
148,87,235
126,131,257
152,112,264
172,97,269
167,96,263
135,99,234
143,111,254
139,130,269
178,146,324
194,145,339
198,147,345
163,140,303
159,118,277
166,105,271
122,101,223
149,123,272
139,116,255
155,112,267
155,99,254
152,133,285
157,151,308
148,157,305
143,159,302
139,152,291
145,137,282
154,114,268
162,103,265
158,111,269
160,115,275
151,121,272
146,110,256
142,105,247
146,105,251
142,100,242
148,113,261
142,105,247
145,105,250
149,131,280
166,119,285
162,122,284
143,130,273
124,132,256
122,151,273
123,168,291
119,169,288
135,166,301
136,167,303
137,181,318
120,202,322
123,210,333
121,208,329
156,178,334
179,167,346
185,166,351
153,163,316
180,117,297
170,119,289
158,284,442
158,301,459
168,283,451
220,243,463
228,222,450
155,200,355
202,183,385
197,174,371
220,166,386
201,174,375
216,169,385
184,163,347
195,130,325
204,109,313
202,122,324
191,139,330
199,114,313
197,148,345
186,137,323
163,130,293
144,127,271
149,129,278
142,122,264
143,109,252
147,94,241
144,114,258
149,108,257
155,98,253
152,89,241
145,123,268
159,132,291
157,126,283
182,158,340
198,137,335
211,112,323
185,95,280
146,90,236
101,99,200
127,104,231
136,99,235
132,110,242
134,118,252
123,120,243
121,130,251
162,99,261
165,101,266
172,158,330
149,152,301
144,158,302
130,160,290
73,163,236
112,155,267
130,162,292
110,167,277
163,132,295
206,150,356
222,146,368
211,137,348
175,122,297
156,138,294
190,107,297
190,142,332
199,157,356
161,158,319
155,155,310
131,173,304
145,193,338
146,213,359
151,235,386
138,250,388
160,261,421
181,247,428
190,230,420
209,211,420
212,191,403
179,184,363
172,167,339
169,147,316
163,147,310
159,131,290
148,143,291
145,143,288
133,145,278
151,120,271
145,113,258
148,117,265
138,108,246
144,121,265
139,108,247
159,97,256
165,115,280
160,112,272
142,105,247
153,132,285
157,130,287
156,123,279
135,123,258
163,126,289
177,129,306
195,127,322
159,132,291
138,121,259
124,118,242
133,119,252
118,121,239
121,122,243
141,105,246
142,105,247
147,97,244
136,99,235
133,104,237
129,109,238
126,126,252
123,141,264
123,137,260
147,103,250
170,95,265
175,96,271
156,85,241
139,129,268
143,121,264
143,114,257
138,101,239
122,105,227
138,108,246
124,99,223
139,96,235
117,114,231
123,121,244
136,112,248
141,107,248
135,113,248
114,110,224
127,116,243
125,118,243
141,106,247
159,117,276
163,122,285
174,173,347
141,184,325
136,191,327
122,202,324
135,199,334
166,176,342
174,180,354
189,167,356
166,165,331
148,174,322
184,154,338
205,121,326
235,118,353
213,137,350
194,155,349
195,173,368
227,170,397
246,155,401
258,159,417
210,164,374
225,165,390
186,144,330
192,124,316
218,111,329
222,84,306
196,129,325
182,108,290
165,113,278
163,106,269
137,90,227
145,112,257
142,116,258
136,103,239
151,89,240
155,108,263
151,100,251
149,94,243
143,117,260
144,125,269
143,126,269
171,229,400
301,184,485
354,137,491
340,124,464
225,140,365
200,190,390
218,245,463
235,257,492
238,206,444
257,151,408
282,133,415
233,126,359
197,138,335
204,135,339
215,112,327
188,101,289
166,130,296
191,116,307
189,85,274
189,94,283
154,89,243
119,81,200
132,94,226
125,97,222
130,138,268
156,112,268
161,106,267
165,125,290
165,108,273
175,106,281
168,103,271
159,86,245
152,121,273
147,114,261
120,130,250
150,136,286
127,143,270
133,135,268
134,116,250
169,140,309
174,148,322
166,147,313
134,147,281
109,158,267
131,163,294
135,163,298
134,156,290
133,140,273
114,134,248
127,121,248
144,101,245
144,107,251
125,111,236
130,97,227
135,96,231
117,106,223
128,96,224
131,114,245
144,113,257
137,112,249
151,92,243
146,136,282
155,143,298
164,137,301
155,150,305
144,154,298
141,158,299
143,160,303
148,151,299
149,155,304
148,157,305
146,147,293
147,145,292
149,145,294
147,141,288
154,140,294
154,139,293
148,142,290
143,139,282
145,138,283
144,144,288
148,141,289
148,137,285
147,138,285
144,134,278
145,126,271
144,132,276
155,129,284
151,129,280
152,144,296
142,170,312
133,190,323
144,200,344
174,189,363
200,190,390
216,172,388
216,151,367
196,164,360
187,160,347
184,162,346
223,162,385
238,145,383
233,146,379
197,147,344
192,126,318
198,157,355
224,120,344
191,142,333
212,144,356
207,160,367
228,139,367
231,138,369
197,139,336
183,117,300
199,110,309
200,109,309
187,103,290
150,102,252
146,103,249
144,98,242
150,108,258
155,128,283
172,103,275
199,108,307
195,127,322
161,132,293
141,128,269
144,116,260
144,107,251
165,112,277
158,106,264
155,95,250
132,98,230
121,111,232
122,116,238
130,132,262
126,139,265
123,144,267
124,166,290
135,170,305
130,168,298
135,181,316
130,217,347
126,236,362
127,249,376
143,240,383
198,189,387
199,178,377
231,128,359
218,127,345
223,127,350
191,145,336
210,129,339
199,141,340
209,135,344
154,124,278
156,115,271
155,182,337
179,168,347
211,151,362
268,139,407
206,146,352
247,112,359
203,144,347
201,124,325
168,129,297
181,138,319
200,115,315
197,107,304
185,123,308
186,150,336
185,161,346
188,179,367
178,183,361
151,213,364
170,211,381
189,211,400
260,172,432
292,150,442
297,122,419
272,119,391
230,116,346
195,105,300
189,107,296
158,96,254
175,121,296
167,107,274
188,130,318
178,123,301
188,129,317
183,141,324
219,102,321
191,133,324
155,143,298
148,127,275
147,117,264
142,106,248
126,101,227
149,103,252
147,95,242
138,125,263
153,129,282
151,117,268
152,122,274
148,113,261
136,114,250
135,98,233
149,145,294
162,174,336
166,168,334
151,178,329
170,138,308
198,103,301
198,82,280
177,140,317
138,149,287
132,153,285
136,203,339
185,143,328
228,152,380
223,159,382
146,183,329
138,209,347
145,221,366
172,234,406
175,261,436
171,280,451
151,286,437
207,243,450
230,233,463
238,251,489
181,240,421
182,262,444
203,263,466
220,247,467
214,247,461
191,238,429
196,193,389
216,163,379
240,130,370
239,120,359
216,116,332
181,137,318
166,120,286
168,102,270
162,112,274
144,111,255
116,114,230
124,108,232
104,116,220
118,113,231
110,113,223
119,113,232
113,114,227
123,112,235
119,127,246
121,143,264
118,149,267
141,150,291
175,127,302
184,135,319
194,124,318
189,121,310
182,274,456
170,280,450
173,264,437
176,254,430
363,172,535
102,150,252
158,159,317
195,165,360
154,148,302
157,130,287
162,124,286
155,121,276
139,118,257
134,103,237
146,84,230
148,119,267
139,124,263
138,123,261
150,122,272
160,116,276
152,110,262
150,101,251
137,96,233
152,122,274
146,126,272
149,113,262
159,104,263
149,93,242
155,113,268
146,104,250
152,112,264
149,118,267
175,123,298
178,116,294
182,99,281
161,106,267
162,100,262
156,113,269
155,98,253
155,108,263
145,119,264
155,114,269
144,102,246
154,85,239
144,133,277
134,132,266
139,120,259
148,99,247
159,133,292
155,125,280
151,139,290
178,122,300
172,115,287
182,96,278
161,122,283
156,136,292
150,129,279
136,117,253
138,102,240
142,91,233
141,111,252
140,103,243
146,93,239
138,146,284
155,113,268
180,121,301
176,110,286
162,100,262
155,88,243
143,127,270
152,134,286
158,150,308
159,146,305
202,118,320
200,106,306
215,109,324
174,94,268
162,104,266
156,91,247
147,86,233
144,106,250
137,105,242
139,107,246
162,141,303
164,144,308
168,140,308
151,130,281
147,119,266
140,108,248
137,109,246
157,145,302
175,136,311
194,121,315
189,110,299
146,154,300
141,199,340
149,211,360
172,208,380
214,166,380
237,127,364
194,117,311
191,140,331
181,133,314
178,152,330
169,166,335
143,187,330
170,186,356
164,196,360
156,205,361
165,198,363
150,205,355
164,195,359
150,185,335
150,186,336
170,156,326
179,137,316
185,115,300
161,112,273
140,114,254
125,112,237
121,110,231
114,103,217
117,104,221
120,109,229
121,122,243
120,140,260
122,147,269
125,155,280
134,176,310
137,187,324
134,181,315
124,181,305
149,171,320
142,173,315
146,186,332
137,186,323
126,192,318
143,175,318
159,168,327
154,179,333
135,202,337
116,208,324
125,211,336
134,207,341
185,157,342
199,143,342
207,127,334
180,109,289
190,168,358
194,141,335
186,125,311
193,92,285
119,121,240
152,118,270
156,97,253
155,98,253
149,114,263
153,130,283
171,102,273
188,116,304
185,122,307
179,126,305
177,117,294
179,103,282
172,121,293
155,118,273
155,138,293
193,100,293
190,92,282
176,105,281
136,102,238
149,103,252
142,90,232
142,126,268
142,133,275
137,137,274
132,135,267
151,119,270
161,168,329
193,156,349
202,150,352
198,130,328
155,138,293
194,116,310
187,112,299
185,163,348
158,175,333
154,171,325
193,179,372
170,192,362
173,189,362
159,191,350
161,193,354
162,199,361
159,204,363
152,197,349
140,194,334
167,202,369
163,237,400
148,251,399
149,261,410
178,239,417
218,229,447
222,257,479
207,232,439
227,245,472
355,119,474
345,111,456
238,122,360
167,115,282
159,122,281
166,98,264
160,134,294
169,129,298
169,117,286
186,152,338
180,136,316
197,102,299
205,98,303
151,94,245
157,86,243
134,123,257
129,171,300
132,190,322
133,194,327
127,201,328
151,183,334
165,172,337
175,164,339
198,161,359
209,144,353
205,145,350
236,177,413
252,159,411
218,165,383
210,168,378
172,167,339
174,153,327
166,156,322
194,132,326
192,133,325
222,116,338
193,124,317
191,135,326
155,128,283
157,104,261
173,136,309
209,99,308
195,126,321
182,117,299
157,136,293
181,130,311
167,121,288
167,122,289
124,125,249
118,131,249
117,139,256
120,134,254
154,103,257
175,126,301
190,115,305
193,101,294
152,106,258
152,97,249
152,119,271
157,125,282
121,128,249
133,146,279
142,135,277
141,132,273
141,134,275
120,133,253
130,141,271
120,147,267
126,165,291
154,156,310
181,131,312
197,116,313
180,107,287
164,132,296
173,124,297
175,116,291
195,141,336
190,125,315
189,119,308
192,90,282
171,137,308
200,127,327
184,128,312
187,119,306
183,180,363
214,151,365
234,127,361
212,124,336
155,111,266
146,113,259
139,124,263
164,117,281
190,94,284
171,103,274
141,106,247
143,95,238
134,102,236
153,89,242
154,111,265
156,105,261
163,107,270
149,117,266
146,123,269
134,132,266
126,139,265
114,156,270
110,183,293
125,204,329
108,215,323
131,228,359
133,227,360
169,205,374
169,195,364
165,194,359
155,184,339
160,174,334
150,169,319
142,184,326
139,193,332
132,200,332
135,201,336
168,166,334
163,140,303
210,108,318
192,90,282
172,94,266
153,112,265
166,120,286
170,111,281
175,96,271
151,112,263
147,98,245
146,96,242
143,134,277
151,119,270
143,113,256
142,105,247
137,93,230
145,79,224
134,102,236
141,103,244
140,142,282
170,126,296
180,118,298
164,112,276
150,111,261
137,117,254
134,119,253
138,128,266
128,139,267
130,147,277
151,126,277
161,119,280
182,139,321
177,140,317
174,152,326
150,146,296
145,138,283
179,152,331
196,154,350
234,141,375
218,124,342
186,137,323
164,147,311
161,151,312
159,142,301
177,155,332
213,146,359
226,139,365
200,166,366
161,187,348
146,197,343
143,213,356
148,227,375
161,219,380
176,220,396
176,215,391
178,194,372
169,207,376
176,218,394
174,205,379
203,161,364
197,157,354
197,143,340
161,128,289
164,117,281
163,105,268
160,100,260
174,144,318
187,120,307
190,106,296
182,100,282
163,114,277
168,98,266
164,124,288
166,98,264
169,103,272
174,109,283
161,98,259
158,117,275
147,105,252
159,110,269
160,96,256
154,115,269
159,104,263
157,89,246
162,111,273
155,100,255
161,111,272
155,99,254
152,110,262
157,95,252
156,110,266
162,95,257
156,96,252
158,119,277
153,131,284
163,115,278
151,103,254
157,93,250
145,121,266
170,106,276
175,111,286
181,110,291
143,108,251
154,96,250
138,128,266
159,128,287
146,146,292
149,149,298
141,141,282
138,127,265
160,104,264
160,97,257
138,105,243
146,115,261
154,106,260
158,281,439
156,459,615
138,472,610
140,469,609
410,197,607
443,172,615
391,184,575
179,186,365
134,201,335
133,196,329
143,188,331
154,181,335
157,179,336
143,195,338
121,203,324
138,202,340
153,218,371
174,216,390
175,193,368
184,189,373
180,192,372
171,192,363
160,195,355
160,192,352
150,208,358
155,207,362
160,188,348
168,199,367
179,186,365
172,193,365
167,198,365
164,199,363
161,199,360
162,206,368
147,219,366
159,210,369
173,199,372
204,158,362
208,121,329
203,130,333
201,123,324
178,132,310
164,141,305
135,146,281
129,161,290
129,159,288
127,169,296
133,183,316
127,198,325
121,211,332
126,253,379
156,242,398
161,247,408
194,233,427
187,234,421
205,220,425
173,260,433
201,222,423
201,211,412
239,171,410
229,146,375
218,146,364
181,145,326
152,148,300
149,160,309
163,160,323
184,150,334
189,167,356
184,165,349
193,144,337
188,148,336
177,153,330
158,145,303
164,129,293
166,128,294
151,127,278
128,146,274
124,152,276
121,158,279
124,153,277
134,174,308
129,185,314
115,187,302
124,195,319
129,193,322
173,172,345
182,177,359
161,192,353
141,214,355
129,226,355
133,220,353
163,180,343
183,158,341
184,142,326
159,133,292
148,116,264
152,101,253
151,95,246
136,97,233
143,116,259
153,112,265
156,100,256
149,110,259
153,105,258
150,95,245
136,104,240
154,121,275
167,165,332
220,129,349
197,126,323
205,132,337
150,137,287
132,138,270
133,129,262
142,128,270
168,115,283
171,126,297
163,134,297
135,136,271
129,137,266
140,127,267
143,114,257
148,104,252
139,121,260
125,130,255
129,133,262
133,133,266
135,135,270
127,136,263
137,135,272
125,133,258
127,141,268
131,145,276
134,156,290
132,172,304
152,177,329
155,197,352
164,221,385
161,217,378
170,215,385
163,236,399
166,234,400
168,232,400
184,230,414
188,210,398
181,206,387
180,186,366
170,179,349
162,180,342
139,186,325
129,199,328
136,188,324
138,194,332
137,200,337
156,175,331
168,166,334
161,168,329
149,191,340
130,207,337
135,196,331
137,202,339
147,183,330
191,166,357
211,148,359
190,132,322
159,129,288
156,125,281
155,121,276
156,108,264
151,122,273
164,113,277
160,107,267
168,109,277
153,92,245
163,128,291
155,120,275
161,100,261
162,115,277
164,97,261
169,110,279
154,108,262
154,110,264
163,133,296
166,124,290
164,112,276
135,105,240
131,86,217
141,114,255
154,137,291
148,147,295
137,172,309
136,195,331
138,225,363
146,252,398
131,280,411
160,267,427
197,244,441
215,251,466
219,217,436
211,221,432
250,207,457
211,202,413
245,170,415
217,163,380
223,162,385
204,134,338
193,118,311
202,182,384
245,147,392
274,114,388
253,178,431
211,194,405
205,176,381
200,181,381
166,178,344
167,198,365
159,199,358
139,195,334
128,200,328
168,177,345
165,174,339
182,161,343
147,159,306
150,150,300
144,150,294
142,134,276
155,112,267
149,96,245
146,182,328
208,181,389
281,112,393
297,150,447
250,136,386
175,124,299
182,105,287
158,90,248
155,103,258
137,114,251
140,113,253
139,108,247
146,108,254
148,96,244
142,109,251
140,132,272
126,159,285
137,155,292
144,145,289
150,143,293
140,157,297
136,178,314
126,181,307
118,186,304
131,189,320
140,180,320
157,175,332
162,167,329
149,168,317
147,166,313
133,167,300
130,160,290
136,152,288
143,143,286
134,141,275
138,142,280
130,169,299
134,175,309
129,167,296
138,156,294
139,136,275
143,122,265
159,109,268
156,103,259
160,121,281
158,121,279
157,111,268
137,108,245
119,106,225
134,137,271
171,111,282
185,119,304
183,115,298
161,152,313
181,132,313
174,129,303
169,127,296
134,133,267
127,133,260
152,116,268
159,105,264
160,112,272
138,120,258
135,132,267
122,140,262
121,146,267
131,134,265
137,130,267
130,131,261
133,130,263
127,134,261
123,154,277
129,178,307
139,177,316
139,199,338
117,215,332
136,207,343
140,218,358
172,195,367
163,197,360
172,202,374
218,140,358
233,131,364
237,135,372
200,139,339
161,132,293
169,129,298
165,134,299
151,128,279
149,115,264
153,141,294
182,154,336
187,159,346
199,138,337
188,158,346
193,169,362
206,159,365
204,131,335
228,147,375
233,124,357
217,142,359
212,130,342
194,138,332
178,147,325
149,156,305
144,169,313
160,178,338
171,185,356
178,176,354
188,158,346
259,111,370
246,118,364
236,114,350
203,113,316
160,116,276
149,100,249
145,92,237
153,110,263
146,107,253
153,99,252
161,110,271
152,106,258
149,93,242
153,118,271
144,120,264
148,112,260
139,102,241
145,85,230
145,102,247
150,99,249
137,91,228
135,119,254
147,118,265
164,123,287
175,101,276
174,102,276
142,104,246
140,136,276
160,103,263
176,112,288
179,101,280
155,139,294
166,123,289
160,122,282
155,120,275
139,106,245
150,92,242
143,92,235
146,82,228
123,101,224
126,108,234
126,114,240
130,141,271
130,149,279
128,142,270
132,137,269
126,130,256
143,119,262
136,121,257
139,149,288
124,163,287
130,175,305
132,167,299
146,161,307
129,169,298
134,152,286
141,138,279
177,107,284
190,95,285
191,153,344
155,159,314
158,151,309
165,163,328
172,167,339
162,179,341
151,191,342
135,205,340
128,203,331
148,192,340
159,173,332
152,168,320
154,178,332
142,182,324
146,184,330
154,185,339
147,180,327
154,166,320
132,158,290
151,135,286
144,119,263
146,113,259
138,112,250
134,150,284
158,125,283
172,127,299
166,144,310
145,148,293
147,151,298
153,162,315
143,162,305
151,153,304
153,155,308
163,181,344
152,202,354
181,220,401
178,254,432
177,262,439
200,219,419
219,174,393
247,127,374
216,127,343
182,128,310
151,172,323
198,118,316
229,95,324
209,122,331
177,116,293
144,105,249
137,103,240
129,116,245
132,120,252
130,115,245
141,118,259
142,264,406
134,278,412
125,302,427
183,263,446
296,153,449
290,110,400
249,96,345
165,125,290
148,133,281
151,135,286
155,130,285
136,138,274
135,131,266
132,132,264
134,118,252
134,126,260
128,130,258
132,121,253
137,127,264
144,110,254
152,153,305
183,145,328
189,142,331
200,131,331
185,138,323
178,137,315
203,145,348
222,116,338
223,106,329
189,102,291
160,108,268
159,101,260
156,120,276
158,143,301
186,115,301
177,118,295
173,110,283
131,95,226
142,88,230
133,107,240
122,117,239
133,125,258
126,129,255
135,127,262
137,131,268
124,133,257
128,142,270
127,158,285
137,170,307
133,166,299
128,155,283
136,139,275
144,131,275
120,125,245
124,120,244
127,109,236
140,102,242
148,102,250
156,80,236
143,97,240
139,86,225
125,112,237
136,139,275
137,132,269
134,127,261
138,134,272
140,122,262
138,118,256
145,120,265
155,115,270
167,109,276
165,138,303
159,157,316
173,153,326
191,126,317
200,119,319
171,106,277
153,99,252
138,104,242
112,142,254
121,168,289
131,166,297
144,188,332
139,192,331
139,186,325
138,181,319
159,169,328
130,158,288
133,157,290
139,156,295
122,151,273
159,113,272
171,108,279
184,122,306
180,134,314
193,125,318
183,131,314
152,136,288
121,140,261
131,139,270
130,147,277
131,151,282
122,151,273
120,155,275
125,162,287
123,173,296
109,176,285
119,174,293
127,174,301
137,169,306
147,154,301
182,116,298
183,108,291
192,130,322
184,125,309
166,116,282
162,110,272
172,160,332
161,182,343
181,169,350
153,167,320
151,156,307
154,141,295
161,124,285
168,108,276
167,98,265
168,114,282
170,99,269
165,102,267
161,125,286
152,113,265
168,105,273
161,92,253
152,143,295
159,148,307
162,132,294
164,116,280
147,115,262
159,115,274
157,107,264
161,104,265
161,90,251
143,150,293
156,146,302
159,130,289
170,122,292
162,139,301
193,172,365
216,148,364
205,138,343
176,138,314
130,140,270
132,139,271
130,136,266
133,134,267
135,167,302
130,187,317
127,202,329
148,197,345
151,197,348
148,189,337
152,187,339
166,161,327
192,130,322
216,149,365
212,142,354
209,136,345
214,147,361
213,153,366
178,153,331
180,156,336
195,171,366
237,151,388
279,155,434
275,147,422
241,158,399
242,131,373
216,133,349
205,119,324
171,144,315
194,146,340
217,113,330
194,119,313
168,134,302
152,150,302
135,144,279
153,123,276
178,95,273
176,102,278
162,108,270
123,175,298
164,154,318
200,117,317
211,105,316
174,104,278
156,98,254
144,90,234
138,99,237
128,108,236
121,120,241
123,127,250
116,123,239
122,135,257
113,170,283
125,199,324
122,215,337
141,206,347
129,203,332
159,162,321
205,135,340
219,126,345
189,116,305
164,103,267
165,114,279
167,112,279
158,103,261
164,99,263
154,106,260
153,97,250
157,126,283
167,118,285
172,94,266
168,124,292
170,120,290
157,110,267
169,113,282
163,111,274
157,111,268
151,107,258
151,150,301
170,125,295
172,109,281
161,99,260
135,132,267
131,151,282
136,148,284
146,142,288
159,135,294
147,141,288
139,170,309
124,188,312
128,200,328
131,208,339
123,217,340
135,281,416
310,149,459
331,134,465
337,120,457
176,111,287
169,136,305
169,189,358
198,154,352
202,173,375
181,166,347
134,159,293
148,138,286
157,119,276
145,117,262
147,156,303
183,136,319
209,118,327
234,94,328
186,149,335
164,138,302
187,153,340
204,159,363
181,164,345
172,152,324
148,167,315
172,218,390
197,200,397
207,168,375
213,142,355
184,124,308
169,117,286
154,99,253
155,123,278
170,158,328
195,136,331
193,123,316
161,113,274
153,141,294
153,135,288
155,126,281
149,134,283
159,106,265
180,136,316
181,129,310
177,109,286
162,92,254
148,163,311
141,206,347
140,220,360
153,214,367
130,190,320
178,167,345
188,139,327
202,136,338
172,137,309
154,161,315
196,122,318
201,157,358
224,167,391
214,122,336
225,103,328
172,91,263
128,149,277
161,133,294
171,134,305
172,134,306
146,128,274
138,120,258
132,113,245
156,168,324
182,151,333
202,137,339
174,141,315
103,151,254
134,152,286
136,145,281
143,150,293
137,171,308
159,144,303
187,114,301
175,114,289
152,101,253
127,101,228
130,102,232
122,107,229
125,109,234
119,112,231
113,109,222
112,108,220
128,114,242
128,118,246
120,132,252
127,161,288
114,163,277
156,131,287
182,114,296
177,111,288
154,139,293
140,159,299
151,160,311
149,156,305
168,136,304
161,139,300
140,141,281
126,131,257
129,142,271
131,153,284
141,146,287
152,150,302
163,143,306
145,139,284
142,128,270
147,110,257
146,98,244
155,164,319
152,165,317
147,158,305
141,159,300
121,142,263
152,126,278
153,108,261
143,136,279
136,138,274
140,138,278
146,122,268
152,102,254
156,98,254
155,142,297
151,133,284
153,118,271
144,111,255
136,112,248
156,108,264
159,106,265
128,107,235
160,91,251
149,125,274
161,134,295
186,104,290
188,101,289
177,102,279
132,98,230
128,139,267
149,128,277
149,127,276
179,119,298
154,113,267
145,117,262
115,123,238
130,115,245
134,118,252
133,125,258
137,120,257
136,108,244
126,143,269
163,129,292
180,108,288
185,104,289
148,88,236
148,145,293
139,153,292
132,156,288
134,154,288
120,151,271
148,146,294
148,146,294
131,154,285
156,123,279
162,127,289
155,129,284
127,134,261
132,133,265
135,135,270
134,137,271
136,136,272
125,142,267
153,112,265
183,151,334
191,139,330
167,133,300
154,110,264
144,91,235
161,137,298
151,134,285
155,115,270
148,98,246
133,93,226
130,88,218
123,93,216
117,139,256
149,123,272
177,92,269
187,155,342
181,147,328
190,127,317
201,126,327
178,118,296
159,119,278
161,118,279
159,126,285
159,136,295
150,147,297
204,175,379
225,307,532
256,303,559
223,304,527
237,268,505
228,234,462
230,209,439
215,180,395
226,136,362
213,128,341
191,145,336
162,154,316
165,159,324
170,162,332
171,171,342
166,165,331
153,150,303
171,114,285
175,131,306
165,183,348
178,165,343
202,153,355
252,103,355
221,121,342
199,121,320
148,107,255
148,95,243
157,101,258
172,89,261
166,88,254
147,98,245
141,98,239
140,169,309
140,194,334
132,199,331
138,206,344
192,162,354
185,169,354
200,167,367
143,171,314
138,168,306
126,171,297
137,164,301
140,178,318
137,177,314
131,170,301
127,159,286
145,143,288
160,119,279
160,112,272
175,120,295
164,125,289
171,123,294
140,121,261
149,106,255
163,94,257
155,119,274
149,119,268
134,117,251
141,147,288
134,166,300
153,138,291
171,116,287
205,94,299
177,86,263
150,116,266
131,133,264
121,140,261
125,137,262
129,131,260
140,126,266
130,133,263
131,129,260
170,121,291
196,89,285
197,124,321
182,132,314
145,151,296
134,176,310
128,196,324
131,201,332
149,188,337
151,171,322
140,174,314
148,144,292
169,125,294
158,120,278
159,110,269
155,145,300
183,136,319
172,140,312
155,142,297
150,138,288
166,145,311
159,152,311
154,171,325
150,178,328
139,201,340
141,231,372
139,235,374
141,238,379
156,215,371
186,205,391
214,179,393
200,162,362
179,165,344
204,129,333
202,137,339
233,119,352
204,113,317
196,109,305
163,106,269
174,90,264
160,83,243
158,100,258
138,112,250
138,146,284
185,106,291
166,98,264
166,91,257
126,89,215
123,90,213
125,90,215
117,139,256
153,121,274
160,123,283
174,207,381
238,120,358
228,103,331
247,130,377
154,119,273
172,105,277
172,108,280
170,164,334
204,152,356
191,137,328
218,106,324
199,145,344
203,136,339
188,142,330
200,142,342
200,128,328
198,125,323
215,118,333
200,115,315
181,115,296
153,121,274
150,116,266
146,102,248
144,105,249
139,111,250
125,118,243
134,125,259
125,121,246
136,117,253
138,136,274
123,144,267
137,143,280
126,145,271
124,160,284
119,177,296
115,188,303
130,191,321
137,209,346
139,218,357
147,207,354
150,191,341
202,125,327
211,105,316
191,97,288
136,125,261
144,129,273
143,131,274
159,122,281
136,127,263
136,135,271
125,155,280
126,154,280
118,165,283
132,162,294
156,143,299
152,155,307
180,143,323
156,141,297
154,145,299
131,157,288
125,160,285
133,176,309
132,199,331
122,207,329
127,198,325
144,188,332
166,163,329
153,153,306
153,167,320
127,203,330
124,204,328
124,197,321
131,187,318
190,117,307
206,109,315
210,96,306
161,94,255
166,101,267
166,112,278
185,104,289
184,90,274
168,110,278
148,101,249
157,97,254
160,92,252
155,109,264
155,93,248
157,103,260
160,107,267
145,117,262
155,116,271
169,130,299
169,129,298
153,131,284
134,142,276
107,148,255
140,132,272
140,127,267
149,128,277
144,121,265
136,109,245
137,99,236
137,91,228
122,83,205
123,128,251
129,127,256
134,130,264
126,132,258
126,138,264
134,135,269
133,138,271
139,139,278
127,141,268
130,146,276
127,146,273
132,155,287
127,168,295
122,181,303
134,176,310
143,161,304
148,155,303
142,141,283
138,142,280
143,127,270
153,108,261
165,100,265
167,117,284
173,112,285
143,136,279
156,144,300
185,126,311
203,118,321
189,129,318
179,220,399
265,142,407
268,142,410
254,130,384
149,115,264
141,107,248
136,100,236
118,104,222
125,126,251
152,109,261
168,96,264
168,98,266
135,158,293
151,150,301
161,143,304
156,156,312
153,171,324
149,205,354
165,205,370
159,238,397
164,226,390
169,234,403
194,223,417
200,218,418
208,207,415
199,187,386
207,171,378
224,140,364
215,129,344
203,116,319
170,109,279
174,137,311
176,135,311
181,150,331
176,155,331
164,155,319
160,150,310
148,165,313
161,157,318
150,171,321
160,202,362
146,253,399
146,252,398
162,245,407
161,273,434
214,245,459
228,235,463
248,220,468
201,215,416
188,221,409
176,233,409
180,212,392
187,195,382
182,191,373
185,173,358
208,136,344
201,140,341
179,138,317
129,147,276
130,148,278
121,147,268
157,122,279
144,106,250
177,105,282
154,90,244
152,96,248
153,95,248
135,120,255
171,133,304
180,128,308
171,131,302
136,132,268
126,129,255
134,130,264
135,149,284
136,153,289
152,143,295
169,133,302
163,143,306
135,135,270
124,141,265
154,126,280
153,122,275
156,117,273
128,119,247
126,116,242
122,119,241
124,115,239
127,115,242
127,115,242
128,115,243
126,113,239
126,117,243
124,114,238
125,117,242
125,123,248
129,118,247
130,117,247
129,120,249
126,119,245
123,119,242
123,115,238
124,117,241
124,115,239
127,112,239
127,109,236
130,106,236
125,108,233
128,101,229
125,103,228
129,96,225
127,97,224
134,90,224
134,88,222
136,85,221
127,87,214
129,83,212
128,110,238
132,114,246
130,110,240
131,106,237
120,107,227
126,103,229
125,104,229
129,96,225
127,99,226
135,92,227
139,87,226
143,88,231
133,85,218
127,124,251
133,118,251
133,118,251
131,120,251
114,122,236
122,128,250
123,131,254
123,131,254
128,137,265
127,159,286
130,168,298
143,163,306
171,136,307
193,118,311
202,182,384
196,181,377
170,216,386
145,235,380
72,241,313
127,221,348
187,176,363
228,128,356
241,144,385
237,146,383
233,119,352
209,109,318
172,89,261
150,142,292
149,139,288
156,116,272
159,97,256
163,160,323
193,144,337
199,149,348
193,146,339
156,141,297
162,133,295
179,113,292
179,108,287
156,149,305
188,182,370
224,156,380
246,132,378
215,131,346
202,138,340
189,143,332
203,138,341
193,123,316
192,158,350
209,151,360
216,114,330
206,109,315
202,135,337
190,111,301
190,107,297
176,103,279
153,126,279
157,120,277
161,98,259
161,119,280
151,299,450
151,306,457
170,286,456
180,282,462
248,211,459
239,171,410
220,171,391
200,181,381
159,172,331
154,168,322
162,140,302
183,123,306
190,153,343
194,128,322
210,112,322
181,98,279
171,110,281
152,114,266
139,126,265
137,123,260
134,122,256
139,103,242
142,102,244
136,99,235
116,109,225
119,120,239
119,119,238
117,126,243
132,120,252
134,130,264
132,134,266
121,146,267
105,142,247
131,144,275
136,138,274
130,149,279
134,145,279
121,170,291
124,197,321
115,206,321
113,216,329
167,176,343
191,152,343
208,137,345
184,132,316
207,123,330
225,146,371
224,136,360
187,127,314
169,123,292
169,132,301
176,132,308
173,126,299
151,118,269
128,131,259
138,149,287
129,163,292
122,161,283
121,159,280
117,161,278
128,159,287
123,159,282
127,157,284
122,165,287
124,161,285
125,155,280
135,145,280
125,132,257
105,133,238
132,131,263
115,164,279
112,178,290
122,195,317
129,192,321
151,175,326
160,181,341
143,199,342
129,243,372
144,239,383
145,245,390
166,215,381
209,165,374
213,149,362
178,137,315
140,141,281
114,148,262
122,147,269
146,134,280
158,118,276
153,109,262
145,97,242
95,90,185
107,90,197
118,92,210
123,164,287
123,156,279
145,147,292
140,138,278
97,128,225
158,195,353
183,169,352
173,160,333
158,134,292
111,117,228
172,197,369
212,156,368
222,135,357
218,145,363
156,139,295
132,123,255
167,101,268
177,154,331
178,141,319
208,180,388
234,152,386
213,136,349
187,114,301
164,100,264
173,112,285
132,110,242
154,154,308
158,135,293
143,127,270
136,127,263
95,113,208
138,98,236
136,101,237
118,122,240
151,109,260
151,95,246
155,82,237
136,113,249
121,117,238
111,127,238
154,128,282
177,185,362
191,158,349
221,122,343
207,136,343
177,126,303
177,97,274
190,150,340
182,134,316
165,170,335
193,147,340
192,142,334
229,164,393
187,183,370
195,159,354
185,134,319
187,114,301
192,109,301
184,197,381
191,183,374
196,173,369
179,183,362
93,188,281
125,201,326
123,214,337
153,213,366
165,212,377
192,193,385
190,195,385
225,174,399
191,173,364
189,152,341
159,131,290
160,114,274
145,107,252
144,92,236
132,80,212
140,122,262
111,135,246
120,145,265
143,146,289
129,146,275
127,145,272
138,167,305
146,167,313
145,165,310
137,158,295
154,147,301
143,150,293
136,142,278
139,139,278
160,113,273
165,104,269
176,103,279
148,99,247
136,117,253
154,106,260
146,103,249
152,125,277
153,120,273
161,128,289
161,127,288
161,113,274
164,109,273
160,127,287
170,112,282
160,90,250
167,123,290
149,118,267
156,116,272
157,108,265
149,121,270
169,97,266
166,88,254
143,91,234
128,142,270
137,141,278
151,138,289
146,146,292
131,145,276
136,180,316
130,198,328
118,208,326
121,221,342
151,199,350
175,197,372
224,155,379
193,162,355
167,178,345
123,203,326
124,206,330
129,205,334
157,174,331
163,168,331
150,171,321
139,162,301
158,156,314
154,162,316
143,173,316
138,192,330
125,208,333
130,206,336
189,164,353
225,127,352
242,84,326
197,121,318
162,176,338
134,191,325
121,208,329
138,199,337
146,202,348
167,185,352
203,185,388
210,174,384
218,165,383
197,157,354
206,184,390
234,156,390
213,155,368
231,146,377
192,129,321
219,93,312
191,99,290
166,109,275
132,100,232
131,102,233
143,118,261
126,117,243
152,147,299
189,108,297
187,93,280
174,111,285
133,108,241
139,98,237
147,124,271
149,121,270
153,117,270
157,108,265
152,115,267
158,104,262
162,91,253
165,167,332
175,202,377
261,108,369
273,137,410
242,114,356
185,97,282
177,109,286
159,100,259
143,91,234
145,102,247
133,103,236
137,97,234
128,100,228
138,115,253
156,98,254
162,98,260
152,136,288
150,125,275
142,129,271
157,116,273
158,138,296
179,127,306
168,132,300
125,143,268
121,153,274
116,156,272
126,163,289
111,175,286
117,180,297
125,174,299
124,169,293
134,166,300
146,157,303
143,153,296
133,151,284
123,151,274
126,166,292
116,169,285
122,163,285
121,166,287
137,152,289
151,139,290
153,132,285
150,137,287
124,137,261
127,134,261
142,132,274
141,128,269
150,118,268
138,118,256
144,115,259
133,121,254
133,122,255
125,115,240
121,138,259
131,137,268
141,121,262
146,108,254
150,108,258
141,102,243
153,111,264
151,131,282
143,137,280
135,129,264
131,124,255
139,103,242
135,97,232
143,90,233
134,132,266
142,144,286
135,140,275
126,139,265
119,145,264
120,150,270
137,127,264
162,119,281
182,99,281
168,93,261
143,110,253
141,95,236
144,144,288
151,154,305
154,155,309
168,141,309
157,140,297
153,142,295
129,148,277
120,158,278
124,161,285
134,173,307
134,196,330
123,209,332
130,207,337
132,198,330
156,171,327
166,180,346
172,187,359
144,191,335
123,195,318
141,207,348
120,198,318
140,188,328
143,165,308
147,160,307
148,169,317
140,205,345
132,190,322
136,180,316
147,153,300
151,127,278
193,112,305
176,103,279
160,149,309
169,158,327
164,169,333
151,195,346
121,190,311
173,144,317
209,107,316
209,133,342
190,138,328
157,138,295
159,126,285
148,118,266
147,120,267
127,121,248
129,122,251
136,110,246
134,104,238
132,96,228
123,101,224
132,105,237
138,95,233
143,77,220
132,112,244
122,124,246
118,126,244
132,133,265
130,136,266
128,151,279
125,154,279
122,160,282
130,155,285
138,140,278
141,125,266
155,112,267
169,114,283
164,124,288
165,128,293
135,131,266
129,130,259
138,129,267
128,140,268
142,141,283
133,141,274
165,118,283
182,116,298
194,127,321
169,122,291
150,115,265
148,105,253
145,118,263
155,108,263
151,100,251
177,291,468
163,314,477
153,341,494
168,325,493
281,232,513
316,201,517
304,183,487
213,137,350
196,130,326
215,146,361
215,155,370
218,151,369
230,138,368
198,158,356
222,170,392
221,139,360
234,128,362
213,147,360
194,148,342
182,152,334
149,143,292
127,148,275
131,150,281
123,155,278
136,145,281
135,143,278
142,150,292
134,167,301
133,198,331
140,189,329
149,176,325
156,157,313
138,157,295
146,144,290
135,136,271
132,141,273
122,146,268
127,150,277
132,135,267
155,113,268
144,103,247
138,99,237
127,127,254
121,145,266
131,140,271
133,146,279
134,155,289
136,158,294
138,154,292
154,155,309
140,164,304
153,173,326
152,178,330
141,186,327
137,188,325
131,191,322
146,168,314
152,157,309
172,146,318
163,133,296
167,113,280
179,106,285
173,115,288
161,112,273
138,105,243
135,103,238
112,108,220
123,111,234
117,108,225
116,113,229
124,109,233
111,92,203
139,89,228
100,93,193
122,142,264
145,136,281
150,142,292
147,150,297
103,160,263
124,159,283
135,182,317
123,205,328
125,221,346
118,228,346
121,283,404
191,262,453
198,284,482
197,289,486
209,240,449
214,223,437
239,180,419
233,170,403
213,171,384
197,153,350
170,172,342
159,179,338
138,193,331
144,186,330
166,157,323
193,116,309
220,97,317
193,88,281
146,89,235
111,84,195
124,83,207
126,109,235
130,109,239
126,114,240
122,109,231
131,107,238
127,106,233
117,101,218
125,103,228
129,102,231
134,100,234
141,155,296
169,127,296
185,129,314
200,114,314
170,103,273
178,145,323
184,126,310
191,103,294
203,131,334
174,121,295
171,108,279
166,134,300
151,133,284
161,133,294
159,127,286
136,136,272
147,135,282
144,130,274
143,127,270
141,125,266
147,117,264
153,112,265
158,128,286
153,150,303
162,143,305
174,139,313
179,135,314
157,134,291
158,134,292
157,142,299
166,133,299
161,121,282
164,109,273
169,99,268
170,122,292
169,111,280
170,105,275
171,127,298
168,119,287
184,94,278
173,120,293
171,110,281
158,102,260
161,125,286
161,113,274
171,99,270
165,110,275
153,105,258
163,127,290
160,117,277
167,102,269
163,120,283
154,118,272
159,121,280
152,124,276
143,125,268
148,124,272
155,115,270
161,108,269
159,106,265
159,116,275
158,108,266
168,126,294
167,113,280
168,102,270
165,147,312
166,157,323
188,146,334
227,95,322
227,126,353
246,106,352
208,112,320
183,98,281
166,125,291
161,126,287
154,125,279
156,113,269
159,105,264
152,92,244
154,117,271
150,118,268
148,111,259
162,129,291
175,126,301
183,117,300
177,107,284
154,179,333
154,164,318
172,162,334
169,154,323
121,145,266
154,143,297
132,125,257
134,124,258
130,121,251
123,119,242
121,115,236
129,112,241
121,112,233
123,114,237
141,103,244
138,96,234
121,98,219
131,84,215
138,85,223
130,100,230
127,97,224
129,97,226
133,142,275
150,151,301
149,148,297
139,138,277
157,128,285
159,134,293
139,140,279
139,144,283
151,128,279
165,118,283
164,123,287
155,153,308
136,152,288
144,156,300
146,148,294
157,146,303
151,146,297
147,139,286
140,141,281
135,150,285
137,147,284
132,156,288
132,156,288
132,143,275
179,101,280
174,103,277
175,107,282
150,109,259
134,103,237
116,107,223
136,107,243
136,96,232
138,92,230
125,97,222
115,109,224
122,125,247
123,129,252
118,125,243
123,125,248
121,119,240
136,111,247
127,118,245
125,137,262
121,136,257
119,140,259
142,126,268
145,130,275
132,132,264
127,135,262
123,143,266
135,143,278
119,149,268
128,148,276
128,143,271
137,138,275
128,141,269
128,151,279
131,164,295
145,158,303
143,160,303
150,144,294
147,142,289
145,150,295
140,149,289
141,131,272
183,95,278
189,166,355
152,146,298
192,120,312
186,103,289
139,161,300
161,249,410
309,159,468
343,143,486
318,176,494
198,179,377
180,169,349
171,173,344
145,185,330
163,170,333
158,157,315
168,159,327
157,173,330
161,186,347
169,191,360
178,179,357
185,175,360
184,190,374
193,160,353
186,138,324
220,166,386
214,151,365
222,147,369
185,149,334
148,150,298
142,159,301
149,167,316
154,152,306
168,150,318
167,145,312
166,132,298
166,124,290
162,138,300
193,165,358
218,138,356
234,120,354
194,117,311
161,94,255
154,102,256
151,110,261
150,117,267
154,127,281
149,136,285
151,137,288
148,141,289
153,149,302
135,152,287
134,156,290
128,157,285
131,165,296
140,171,311
166,152,318
186,136,322
178,143,321
172,162,334
151,158,309
161,143,304
182,110,292
197,131,328
196,121,317
175,102,277
156,101,257
136,89,225
137,148,285
163,126,289
168,124,292
172,110,282
164,124,288
172,123,295
166,120,286
160,110,270
161,106,267
158,94,252
158,132,290
172,158,330
188,159,347
165,144,309
186,136,322
173,132,305
162,130,292
181,119,300
179,121,300
192,192,384
219,114,333
250,153,403
272,116,388
208,138,346
198,137,335
138,141,279
132,155,287
138,144,282
153,153,306
186,118,304
163,123,286
153,124,277
123,127,250
124,131,255
130,176,306
127,204,331
206,133,339
219,118,337
233,105,338
150,133,283
168,124,292
167,99,266
166,120,286
159,115,274
157,105,262
171,190,361
169,192,361
189,184,373
179,187,366
102,195,297
139,185,324
174,153,327
191,138,329
211,111,322
197,157,354
201,190,391
225,153,378
232,149,381
219,134,353
164,121,285
157,136,293
133,146,279
123,199,322
130,208,338
137,222,359
138,225,363
170,197,367
169,200,369
167,199,366
150,194,344
152,194,346
157,195,352
136,198,334
134,205,339
154,184,338
157,196,353
159,212,371
149,204,353
140,209,349
162,198,360
169,188,357
153,178,331
159,160,319
144,162,306
135,166,301
126,171,297
129,178,307
129,176,305
144,176,320
139,174,313
139,174,313
138,178,316
132,188,320
136,193,329
144,198,342
150,292,442
160,370,530
151,371,522
160,349,509
276,231,507
363,141,504
355,114,469
215,139,354
183,143,326
176,154,330
152,160,312
139,154,293
153,132,285
164,124,288
157,111,268
153,124,277
171,118,289
141,116,257
152,110,262
152,106,258
161,128,289
166,121,287
178,124,302
172,123,295
171,148,319
159,167,326
196,138,334
197,127,324
199,132,331
165,121,286
154,114,268
174,157,331
186,132,318
195,118,313
162,114,276
99,109,208
115,113,228
123,118,241
132,115,247
144,104,248
136,115,251
121,121,242
148,141,289
178,148,326
209,115,324
213,114,327
178,116,294
153,106,259
144,103,247
153,107,260
143,119,262
152,114,266
173,141,314
185,126,311
181,121,302
161,124,285
143,122,265
149,117,266
141,124,265
156,120,276
151,126,277
146,133,279
135,129,264
128,145,273
136,146,282
130,147,277
130,161,291
136,162,298
134,173,307
148,168,316
147,162,309
156,138,294
149,115,264
158,105,263
151,101,252
131,87,218
148,106,254
150,124,274
143,123,266
137,113,250
142,93,235
132,83,215
136,152,288
134,163,297
144,143,287
155,137,292
131,134,265
134,143,277
130,151,281
137,146,283
145,165,310
152,159,311
147,152,299
161,134,295
157,125,282
143,110,253
140,92,232
135,81,216
135,120,255
129,150,279
137,159,296
141,151,292
160,134,294
164,139,303
145,143,288
128,144,272
135,169,304
138,202,340
136,202,338
134,180,314
157,159,316
147,144,291
150,129,279
154,110,264
151,114,265
141,153,294
162,141,303
171,135,306
150,141,291
130,147,277
130,164,294
147,174,321
148,174,322
154,153,307
163,138,301
164,141,305
134,145,279
127,143,270
123,142,265
140,160,300
130,167,297
123,183,306
130,176,306
133,184,317
123,190,313
148,168,316
147,166,313
144,160,304
119,158,277
123,150,273
130,147,277
129,147,276
128,168,296
129,180,309
123,191,314
153,168,321
174,144,318
202,133,335
180,144,324
149,143,292
138,133,271
148,136,284
186,110,296
195,129,324
194,127,321
170,133,303
166,131,297
173,118,291
170,119,289
188,186,374
208,167,375
213,174,387
236,151,387
211,111,322
254,157,411
222,134,356
193,107,300
179,142,321
156,142,298
177,139,316
182,134,316
171,130,301
164,118,282
165,113,278
158,108,266
160,142,302
162,148,310
200,118,318
206,108,314
188,102,290
151,104,255
134,151,285
160,116,276
178,113,291
192,129,321
154,137,291
167,133,300
150,134,284
131,143,274
135,155,290
154,137,291
154,135,289
161,141,302
138,143,281
139,148,287
131,147,278
139,143,282
138,152,290
133,160,293
125,158,283
136,150,286
127,164,291
124,174,298
115,191,306
114,192,306
122,190,312
139,171,310
174,131,305
183,119,302
179,104,283
160,173,333
167,173,340
154,181,335
162,167,329
123,177,300
150,182,332
151,185,336
147,218,365
134,257,391
116,277,393
159,252,411
179,238,417
232,192,424
214,185,399
224,162,386
183,156,339
185,155,340
176,147,323
194,112,306
202,100,302
182,89,271
142,119,261
142,152,294
178,116,294
181,118,299
180,128,308
151,132,283
159,138,297
186,138,324
214,140,354
217,124,341
201,122,323
160,122,282
138,133,271
139,130,269
122,134,256
131,137,268
122,137,259
126,132,258
124,130,254
152,135,287
185,123,308
191,130,321
157,136,293
137,120,257
135,125,260
127,117,244
136,118,254
138,111,249
140,105,245
120,114,234
133,125,258
129,121,250
144,114,258
156,107,263
155,129,284
152,141,293
134,144,278
152,125,277
149,108,257
164,109,273
138,119,257
134,103,237
143,92,235
117,90,207
115,94,209
120,104,224
134,98,232
131,93,224
132,120,252
134,127,261
126,136,262
127,142,269
133,136,269
137,125,262
146,132,278
136,136,272
118,143,261
136,147,283
134,151,285
138,151,289
132,156,288
132,188,320
130,200,330
142,205,347
142,197,339
143,189,332
147,162,309
161,151,312
161,145,306
127,153,280
126,157,283
122,171,293
101,186,287
127,199,326
117,233,350
100,246,346
167,266,433
182,262,444
181,250,431
246,156,402
308,142,450
322,114,436
260,95,355
179,147,326
144,135,279
152,124,276
147,128,275
165,105,270
171,115,286
198,108,306
172,163,335
184,128,312
190,97,287
202,110,312
177,98,275
162,116,278
155,102,257
161,92,253
156,110,266
152,96,248
155,107,262
154,101,255
151,112,263
151,97,248
155,107,262
154,99,253
149,115,264
152,98,250
158,107,265
158,94,252
149,132,281
147,147,294
176,125,301
180,126,306
172,130,302
143,132,275
144,132,276
140,137,277
140,141,281
143,143,286
146,135,281
149,137,286
144,137,281
148,137,285
145,139,284
143,139,282
142,137,279
142,141,283
146,136,282
145,140,285
143,142,285
144,141,285
144,153,297
142,158,300
138,158,296
147,148,295
145,152,297
146,156,302
142,153,295
142,152,294
141,154,295
136,153,289
140,153,293
138,157,295
144,153,297
143,156,299
145,169,314
146,165,311
142,160,302
145,164,309
149,147,296
155,130,285
165,112,277
166,92,258
154,138,292
165,148,313
170,148,318
169,131,300
158,121,279
172,100,272
171,131,302
165,133,298
166,123,289
163,144,307
142,138,280
146,136,282
151,123,274
144,124,268
146,120,266
156,96,252
163,85,248
158,88,246
134,103,237
101,122,223
126,129,255
139,132,271
135,143,278
123,140,263
113,141,254
134,135,269
138,153,291
146,152,298
135,147,282
138,147,285
135,161,296
131,177,308
120,188,308
127,184,311
132,190,322
151,166,317
149,172,321
136,193,329
132,229,361
121,233,354
140,219,359
183,170,353
198,157,355
195,141,336
162,135,297
145,119,264
166,99,265
162,95,257
158,130,288
155,128,283
145,125,270
144,122,266
147,116,263
184,105,289
195,120,315
169,111,280
161,113,274
159,105,264
147,144,291
157,285,442
156,300,456
166,304,470
165,331,496
260,260,520
237,234,471
288,201,489
222,191,413
222,171,393
221,139,360
208,124,332
202,166,368
215,142,357
207,136,343
197,134,331
163,123,286
200,140,340
193,152,345
192,153,345
171,137,308
165,136,301
197,151,348
201,130,331
208,115,323
170,117,287
148,110,258
145,111,256
152,127,279
150,168,318
193,139,332
197,123,320
182,115,297
170,169,339
200,164,364
207,154,361
172,156,328
127,147,274
143,133,276
139,131,270
145,124,269
149,103,252
161,115,276
170,100,270
152,88,240
122,127,249
143,128,271
142,123,265
144,122,266
138,118,256
151,105,256
163,112,275
152,101,253
156,98,254
147,92,239
137,97,234
138,104,242
130,106,236
133,119,252
146,110,256
138,115,253
134,114,248
152,147,299
161,128,289
173,122,295
158,140,298
114,168,282
117,173,290
130,180,310
140,176,316
133,225,358
120,240,360
127,240,367
133,220,353
223,161,384
236,158,394
237,139,376
187,122,309
180,91,271
179,119,298
160,138,298
127,133,260
132,122,254
137,114,251
103,116,219
115,117,232
123,129,252
122,147,269
111,173,284
149,177,326
169,165,334
168,172,340
185,152,337
172,142,314
167,142,309
157,115,272
156,117,273
161,109,270
140,127,267
128,155,283
146,150,296
155,156,311
167,160,327
173,155,328
178,148,326
178,145,323
183,175,358
170,198,368
183,211,394
169,251,420
200,220,420
188,206,394
203,174,377
193,139,332
206,107,313
194,78,272
171,90,261
139,107,246
119,189,308
160,151,311
167,157,324
182,139,321
94,127,221
146,103,249
161,92,253
135,90,225
105,95,200
118,91,209
111,93,204
120,103,223
109,108,217
124,103,227
120,99,219
115,92,207
85,94,179
110,88,198
119,88,207
122,102,224
114,109,223
119,107,226
120,111,231
113,112,225
116,117,233
117,121,238
96,121,217
135,117,252
132,120,252
127,121,248
118,125,243
135,121,256
120,120,240
135,137,272
124,154,278
108,191,299
114,184,298
129,182,311
130,190,320
188,127,315
201,124,325
210,130,340
172,124,296
177,106,283
185,182,367
192,147,339
176,177,353
147,198,345
81,200,281
107,201,308
132,172,304
176,166,342
173,135,308
179,147,326
154,144,298
130,135,265
126,130,256
147,109,256
146,110,256
135,96,231
149,81,230
141,144,285
134,127,261
152,110,262
172,88,260
150,92,242
149,86,235
124,126,250
134,141,275
139,150,289
142,152,294
132,149,281
134,143,277
173,190,363
183,205,388
185,206,391
143,216,359
126,194,320
158,192,350
150,205,355
156,210,366
163,200,363
157,197,354
164,178,342
192,149,341
236,107,343
211,121,332
170,128,298
123,133,256
125,127,252
121,119,240
120,126,246
121,129,250
121,129,250
121,124,245
125,116,241
119,133,252
100,146,246
130,154,284
130,153,283
125,161,286
137,161,298
125,163,288
125,159,284
127,154,281
112,149,261
128,147,275
114,143,257
115,141,256
124,148,272
120,146,266
121,141,262
124,143,267
119,155,274
123,157,280
124,149,273
125,144,269
119,153,272
105,155,260
117,160,277
116,157,273
120,149,269
104,149,253
128,150,278
96,179,275
114,206,320
123,212,335
121,215,336
154,165,319
194,167,361
200,164,364
150,148,298
153,134,287
153,114,267
148,101,249
140,83,223
117,116,233
144,112,256
138,104,242
148,117,265
156,130,286
185,106,291
186,130,316
176,138,314
155,135,290
133,147,280
128,146,274
127,149,276
122,168,290
133,197,330
133,223,356
147,230,377
147,209,356
145,192,337
195,143,338
212,107,319
208,132,340
188,144,332
153,140,293
137,131,268
124,123,247
106,113,219
141,101,242
142,92,234
138,81,219
140,90,230
122,82,204
137,138,275
159,127,286
160,131,291
153,133,286
123,148,271
110,156,266
131,161,292
149,143,292
159,125,284
146,144,290
184,130,314
189,130,319
200,126,326
192,102,294
205,131,336
186,137,323
181,129,310
172,117,289
170,118,288
167,126,293
160,128,288
166,118,284
179,129,308
190,161,351
207,151,358
183,143,326
177,100,277
182,108,290
180,83,263
169,122,291
147,124,271
149,119,268
148,108,256
136,98,234
143,85,228
146,148,294
164,139,303
157,161,318
157,191,348
122,205,327
104,203,307
140,181,321
130,180,310
182,177,359
178,157,335
154,172,326
165,187,352
225,149,374
269,147,416
299,120,419
214,112,326
172,95,267
141,94,235
150,88,238
135,90,225
134,107,241
134,112,246
141,102,243
151,81,232
148,119,267
158,117,275
149,110,259
142,109,251
133,103,236
142,87,229
147,112,259
148,105,253
143,100,243
141,95,236
149,80,229
150,120,270
146,102,248
136,92,228
133,85,218
112,96,208
134,124,258
135,122,257
128,119,247
134,118,252
131,111,242
128,123,251
149,99,248
153,128,281
171,104,275
160,98,258
153,94,247
131,114,245
133,127,260
131,136,267
125,139,264
131,136,267
117,130,247
93,121,214
125,138,263
106,154,260
116,160,276
124,153,277
134,146,280
138,148,286
138,143,281
129,158,287
113,163,276
124,172,296
117,183,300
137,182,319
132,184,316
89,191,280
132,200,332
145,197,342
143,198,341
129,185,314
196,111,307
195,109,304
182,112,294
134,110,244
130,114,244
161,104,265
169,103,272
163,97,260
151,86,237
139,121,260
136,130,266
155,117,272
160,101,261
163,135,298
173,113,286
171,122,293
179,106,285
162,90,252
169,138,307
173,107,280
172,97,269
162,92,254
140,99,239
149,92,241
147,107,254
146,101,247
142,109,251
144,105,249
137,98,235
147,149,296
177,114,291
210,121,331
205,118,323
172,108,280
158,90,248
151,99,250
156,88,244
140,123,263
144,111,255
142,113,255
140,109,249
125,99,224
147,93,240
146,118,264
146,105,251
155,162,317
156,236,392
150,246,396
160,229,389
171,198,369
170,169,339
178,141,319
178,116,294
179,91,270
166,95,261
156,85,241
140,123,263
158,139,297
187,110,297
179,121,300
176,111,287
153,107,260
167,89,256
153,120,273
150,126,276
157,156,313
199,135,334
198,133,331
169,129,298
131,132,263
130,140,270
131,147,278
124,166,290
133,167,300
132,156,288
121,140,261
141,130,271
130,117,247
127,110,237
111,97,208
131,97,228
136,85,221
134,92,226
134,84,218
140,119,259
142,120,262
145,112,257
145,105,250
132,91,223
132,85,217
98,78,176
115,88,203
121,87,208
112,83,195
124,90,214
125,88,213
129,108,237
132,115,247
138,106,244
141,105,246
133,115,248
125,112,237
128,114,242
127,119,246
127,120,247
129,117,246
114,125,239
133,113,246
137,110,247
133,111,244
133,120,253
129,134,263
126,129,255
128,123,251
126,105,231
141,99,240
122,93,215
131,82,213
138,80,218
120,108,228
133,116,249
128,111,239
137,119,256
136,109,245
123,96,219
140,82,222
114,114,228
132,110,242
127,100,227
125,91,216
129,82,211
125,78,203
123,112,235
122,114,236
123,111,234
126,107,233
126,96,222
132,86,218
105,132,237
146,128,274
142,123,265
126,119,245
111,122,233
136,111,247
116,113,229
128,114,242
121,113,234
120,113,233
133,117,250
135,109,244
134,109,243
136,113,249
128,108,236
124,98,222
136,86,222
107,80,187
131,118,249
132,122,254
140,118,258
138,122,260
131,137,268
123,140,263
117,140,257
127,129,256
137,118,255
134,108,242
145,88,233
142,100,242
146,85,231
145,117,262
147,95,242
151,112,263
156,118,274
140,123,263
121,123,244
118,123,241
128,127,255
181,97,278
164,93,257
156,92,248
132,106,238
135,99,234
140,91,231
132,87,219
128,87,215
127,83,210
129,102,231
129,98,227
134,92,226
134,90,224
136,84,220
135,99,234
135,96,231
130,94,224
131,91,222
132,85,217
136,100,236
135,96,231
130,111,241
129,140,269
139,149,288
149,169,318
151,178,329
157,168,325
143,168,311
141,194,335
116,216,332
126,224,350
124,231,355
167,196,363
186,182,368
200,177,377
151,173,324
143,178,321
133,182,315
133,185,318
140,179,319
140,184,324
140,186,326
146,179,325
152,175,327
153,172,325
139,184,323
131,205,336
132,223,355
140,235,375
172,221,393
202,210,412
222,203,425
215,194,409
215,180,395
216,155,371
225,151,376
201,171,372
196,156,352
191,159,350
224,112,336
206,104,310
175,94,269
128,81,209
139,164,303
142,169,311
133,173,306
133,171,304
76,160,236
152,109,261
176,96,272
158,83,241
140,155,295
149,153,302
146,144,290
166,114,280
144,100,244
177,161,338
185,135,320
175,140,315
163,139,302
115,144,259
115,154,269
124,154,278
125,158,283
114,173,287
108,175,283
112,170,282
123,164,287
134,152,286
100,148,248
123,142,265
147,136,283
151,130,281
126,126,252
121,126,247
116,122,238
125,113,238
125,111,236
121,109,230
118,106,224
126,108,234
125,108,233
108,103,211
121,103,224
100,108,208
119,112,231
126,107,233
134,103,237
90,100,190
117,99,216
99,96,195
124,91,215
124,95,219
104,90,194
121,89,210
121,97,218
121,105,226
124,103,227
124,98,222
112,98,210
101,95,196
117,101,218
121,102,223
128,85,213
145,128,273
130,139,269
134,148,282
125,156,281
105,153,258
138,151,289
134,172,306
127,185,312
122,196,318
126,197,323
135,212,347
156,186,342
154,181,335
189,167,356
184,140,324
158,136,294
128,122,250
132,118,250
133,119,252
129,121,250
124,127,251
128,115,243
134,108,242
128,110,238
118,112,230
123,110,233
123,111,234
112,115,227
125,110,235
125,113,238
100,108,208
125,122,247
120,121,241
125,125,250
133,135,268
141,142,283
141,151,292
124,155,279
148,157,305
163,148,311
159,154,313
151,175,326
167,184,351
166,223,389
161,236,397
150,254,404
148,258,406
178,207,385
200,173,373
223,152,375
181,145,326
152,145,297
133,156,289
113,149,262
131,147,278
136,180,316
135,165,300
134,159,293
137,154,291
158,122,280
170,107,277
176,105,281
136,159,295
141,133,274
183,116,299
204,98,302
179,87,266
161,99,260
137,117,254
129,123,252
134,109,243
139,96,235
131,82,213
110,127,237
136,132,268
115,140,255
129,143,272
109,143,252
132,147,279
133,152,285
137,167,304
148,161,309
158,154,312
160,150,310
152,138,290
145,135,280
136,138,274
122,143,265
104,148,252
127,145,272
129,138,267
139,155,294
135,155,290
116,170,286
139,166,305
161,232,393
271,113,384
279,99,378
287,115,402
167,111,278
155,105,260
150,119,269
172,114,286
183,103,286
186,96,282
160,97,257
144,113,257
142,117,259
144,149,293
170,128,298
175,112,287
163,97,260
132,84,216
132,107,239
128,94,222
134,99,233
120,91,211
136,135,271
165,121,286
176,103,279
166,120,286
149,121,270
154,115,269
150,107,257
157,102,259
159,104,263
152,111,263
144,110,254
116,107,223
123,112,235
96,108,204
112,106,218
120,104,224
121,99,220
123,101,224
87,96,183
122,89,211
124,91,215
107,97,204
120,95,215
111,89,200
122,99,221
103,108,211
125,101,226
125,98,223
111,96,207
104,92,196
119,97,216
121,97,218
121,104,225
123,97,220
119,99,218
118,94,212
114,99,213
123,97,220
105,93,198
123,89,212
113,79,192
128,114,242
124,119,243
121,119,240
119,115,234
116,114,230
122,115,237
115,109,224
114,109,223
119,113,232
123,131,254
121,137,258
96,139,235
118,136,254
124,133,257
89,133,222
108,131,239
124,132,256
107,134,241
93,132,225
127,128,255
127,124,251
130,124,254
122,118,240
115,114,229
124,107,231
124,102,226
124,100,224
119,98,217
126,89,215
128,103,231
124,250,374
122,253,375
131,249,380
161,220,381
223,154,377
209,144,353
170,135,305
157,128,285
142,130,272
141,111,252
148,100,248
130,106,236
114,126,240
145,122,267
144,114,258
138,104,242
147,112,259
149,99,248
155,89,244
152,95,247
139,89,228
146,108,254
143,105,248
144,97,241
153,121,274
151,121,272
164,117,281
147,111,258
135,114,249
130,123,253
118,122,240
123,118,241
131,104,235
141,98,239
144,92,236
134,104,238
144,105,249
164,129,293
142,144,286
161,138,299
149,127,276
154,114,268
152,109,261
140,102,242
141,91,232
138,93,231
137,107,244
146,102,248
145,89,234
141,92,233
142,89,231
127,106,233
126,113,239
128,113,241
132,113,245
129,127,256
127,135,262
118,143,261
131,131,262
142,130,272
144,126,270
166,134,300
178,135,313
179,129,308
158,126,284
143,121,264
138,112,250
136,104,240
131,94,225
125,87,212
117,115,232
122,125,247
121,129,250
125,146,271
126,147,273
121,151,272
129,146,275
124,138,262
107,140,247
125,138,263
113,131,244
93,128,221
123,122,245
115,122,237
113,138,251
121,149,270
113,171,284
130,182,312
151,168,319
155,166,321
149,170,319
126,176,302
123,182,305
136,164,300
137,148,285
152,135,287
140,135,275
126,133,259
121,127,248
118,122,240
121,116,237
119,109,228
120,111,231
123,113,236
120,108,228
118,107,225
121,114,235
99,110,209
126,107,233
124,103,227
127,115,242
126,133,259
125,126,251
123,106,229
121,103,224
135,108,243
121,105,226
120,102,222
113,97,210
117,91,208
121,88,209
115,92,207
119,90,209
120,89,209
120,88,208
104,81,185
117,124,241
124,130,254
131,116,247
133,108,241
124,98,222
94,94,188
115,88,203
118,85,203
119,85,204
116,91,207
120,93,213
118,89,207
124,90,214
125,90,215
120,98,218
114,89,203
131,84,215
135,84,219
128,108,236
120,103,223
127,111,238
128,111,239
126,101,227
129,105,234
108,126,234
117,140,257
123,144,267
126,140,266
125,137,262
123,133,256
123,129,252
114,128,242
123,138,261
115,137,252
122,132,254
121,129,250
121,125,246
118,122,240
124,116,240
120,112,232
119,108,227
119,103,222
122,104,226
121,117,238
117,118,235
126,136,262
123,146,269
127,150,277
125,145,270
126,149,275
104,151,255
126,147,273
129,135,264
126,130,256
128,129,257
123,121,244
123,119,242
120,131,251
124,149,273
120,161,281
142,152,294
154,163,317
171,148,319
168,132,300
162,117,279
150,102,252
133,96,229
142,122,264
153,117,270
156,118,274
143,112,255
130,134,264
116,150,266
124,153,277
141,146,287
156,161,317
169,147,316
164,138,302
158,130,288
142,118,260
136,109,245
130,102,232
121,95,216
121,90,211
121,84,205
121,79,200
125,97,222
122,121,243
130,135,265
130,143,273
138,143,281
137,146,283
125,136,261
143,125,268
159,102,261
164,87,251
156,89,245
137,90,227
94,91,185
123,87,210
117,118,235
133,118,251
130,112,242
130,104,234
115,100,215
129,86,215
130,80,210
136,119,255
125,142,267
139,143,282
132,153,285
137,150,287
139,153,292
145,161,306
136,172,308
124,179,303
129,182,311
124,179,303
122,166,288
122,160,282
148,136,284
146,118,264
158,104,262
144,96,240
135,86,221
128,81,209
122,101,223
121,110,231
127,124,251
123,130,253
122,140,262
130,151,281
126,149,275
131,148,279
129,143,272
128,147,275
133,141,274
130,135,265
132,129,261
132,126,258
128,122,250
131,122,253
128,120,248
133,111,244
132,103,235
131,92,223
127,92,219
131,90,221
119,89,208
122,92,214
122,94,216
118,88,206
127,88,215
126,90,216
115,93,208
131,84,215
131,98,229
135,98,233
139,108,247
141,102,243
146,94,240
136,84,220
130,104,234
130,115,245
127,115,242
125,115,240
124,115,239
134,111,245
128,105,233
133,116,249
119,127,246
120,130,250
125,126,251
113,119,232
124,115,239
132,105,237
136,92,228
133,82,215
134,88,222
129,83,212
128,105,233
137,108,245
134,123,257
138,116,254
126,111,237
130,101,231
133,89,222
135,86,221
129,81,210
123,93,216
119,90,209
133,96,229
132,100,232
134,98,232
133,101,234
134,97,231
134,97,231
124,93,217
122,96,218
127,94,221
120,98,218
124,96,220
125,95,220
129,99,228
125,92,217
125,91,216
125,106,231
141,115,256
161,94,255
169,92,261
146,123,269
125,132,257
121,140,261
128,158,286
120,157,277
132,156,288
118,154,272
118,156,274
103,168,271
121,173,294
116,176,292
118,182,300
141,166,307
168,137,305
176,140,316
157,148,305
123,150,273
118,151,269
123,154,277
116,155,271
103,157,260
117,151,268
120,139,259
98,137,235
133,139,272
129,153,282
126,165,291
109,266,375
284,112,396
293,134,427
329,111,440
168,101,269
165,97,262
132,89,221
132,79,211
134,91,225
138,116,254
136,106,242
135,99,234
137,122,259
130,123,253
129,134,263
125,139,264
127,141,268
126,136,262
133,117,250
134,106,240
139,99,238
127,93,220
129,85,214
131,94,225
129,102,231
137,95,232
139,96,235
136,119,255
128,119,247
129,130,259
126,135,261
123,154,277
126,179,305
126,190,316
126,192,318
140,195,335
139,198,337
146,177,323
155,161,316
155,154,309
147,131,278
151,106,257
159,93,252
153,119,272
143,120,263
142,119,261
136,116,252
125,115,240
125,112,237
125,106,231
120,116,236
123,122,245
122,126,248
121,130,251
126,130,256
129,139,268
129,142,271
127,139,266
129,131,260
125,123,248
131,113,244
131,107,238
127,101,228
122,93,215
129,85,214
132,95,227
130,98,228
130,97,227
122,98,220
133,90,223
132,96,228
132,99,231
119,111,230
122,116,238
129,138,267
130,275,405
138,287,425
137,291,428
231,187,418
253,158,411
307,118,425
89,105,194
138,120,258
168,112,280
183,110,293
174,96,270
165,108,273
145,95,240
154,109,263
156,95,251
152,105,257
152,97,249
149,106,255
152,96,248
149,108,257
153,95,248
151,107,258
154,94,248
152,106,258
152,93,245
149,105,254
151,92,243
155,121,276
158,110,268
165,94,259
163,113,276
148,97,245
156,113,269
157,98,255
160,110,270
159,98,257
155,110,265
158,98,256
154,110,264
159,98,257
155,114,269
157,97,254
154,109,263
159,97,256
148,109,257
157,96,253
154,108,262
158,101,259
153,151,304
181,130,311
189,121,310
186,120,306
141,129,270
128,165,293
125,178,303
124,187,311
134,185,319
136,208,344
131,235,366
152,208,360
156,196,352
182,161,343
192,124,316
192,106,298
180,90,270
162,105,267
164,104,268
169,137,306
173,127,300
160,131,291
147,138,285
118,160,278
127,167,294
130,163,293
139,155,294
153,141,294
144,150,294
141,152,293
134,157,291
145,163,308
133,169,302
141,178,319
137,184,321
142,181,323
126,184,310
130,168,298
154,161,315
156,164,320
126,176,302
123,188,311
126,182,308
124,175,299
152,148,300
169,138,307
165,155,320
155,167,322
152,167,319
156,180,336
166,184,350
161,182,343
159,176,335
153,183,336
135,195,330
149,181,330
161,197,358
158,207,365
143,216,359
128,234,362
173,192,365
231,143,374
283,144,427
256,152,408
206,200,406
180,177,357
201,146,347
200,150,350
162,146,308
113,151,264
116,147,263
120,155,275
101,151,252
132,158,290
104,165,269
123,186,309
101,187,288
125,197,322
144,189,333
142,209,351
147,208,355
147,196,343
145,201,346
208,136,344
217,132,349
213,117,330
161,136,297
179,114,293
188,110,298
202,111,313
176,125,301
169,122,291
130,143,273
132,134,266
112,129,241
128,123,251
140,121,261
127,133,260
168,130,298
170,116,286
157,121,278
170,121,291
166,117,283
180,135,315
155,126,281
156,120,276
134,120,254
114,124,238
122,139,261
113,139,252
131,130,261
134,122,256
136,117,253
128,123,251
127,158,285
117,179,296
118,186,304
104,181,285
116,181,297
124,162,286
175,147,322
178,138,316
170,129,299
143,123,266
135,115,250
148,105,253
174,113,287
194,114,308
190,107,297
149,110,259
128,106,234
117,124,241
118,129,247
155,101,256
163,93,256
156,127,283
149,120,269
153,104,257
141,99,240
115,92,207
127,129,256
132,116,248
148,99,247
132,92,224
124,81,205
142,105,247
165,78,243
164,137,301
146,148,294
123,151,274
127,152,279
103,151,254
132,138,270
157,109,266
156,87,243
169,96,265
158,111,269
153,118,271
151,107,258
148,97,245
144,113,257
149,105,254
141,97,238
142,100,242
147,93,240
160,98,258
160,118,278
166,109,275
167,97,264
150,132,282
155,116,271
145,120,265
145,116,261
109,106,215
131,118,249
92,114,206
105,110,215
138,92,230
136,91,227
136,89,225
124,87,211
122,95,217
125,90,215
130,81,211
134,106,240
129,126,255
120,124,244
123,137,260
124,135,259
136,128,264
136,125,261
136,124,260
120,119,239
125,118,243
116,116,232
124,120,244
124,119,243
121,116,237
125,112,237
130,106,236
125,101,226
117,98,215
124,96,220
122,100,222
122,95,217
115,92,207
121,90,211
115,88,203
121,96,217
125,92,217
140,101,241
138,114,252
135,124,259
123,137,260
123,148,271
122,153,275
118,167,285
120,171,291
125,174,299
116,173,289
146,168,314
151,174,325
153,183,336
126,196,322
132,196,328
122,196,318
157,171,328
172,154,326
183,141,324
202,96,298
200,105,305
172,109,281
153,105,258
133,102,235
127,106,233
131,107,238
119,111,230
123,112,235
122,121,243
125,122,247
123,124,247
129,120,249
111,130,241
126,134,260
123,139,262
118,136,254
125,150,275
133,136,269
167,118,285
181,98,279
176,112,288
158,145,303
173,144,317
181,139,320
178,127,305
150,117,267
150,96,246
164,112,276
161,111,272
151,111,262
143,102,245
132,109,241
136,116,252
127,139,266
129,145,274
132,146,278
128,152,280
138,148,286
132,144,276
139,125,264
139,121,260
123,123,246
122,127,249
118,132,250
118,135,253
126,127,253
123,127,250
135,118,253
129,116,245
125,117,242
123,114,237
122,114,236
142,98,240
155,126,281
177,102,279
182,99,281
180,112,292
149,108,257
149,99,248
147,106,253
150,106,256
155,100,255
158,117,275
173,102,275
165,101,266
174,92,266
145,90,235
135,93,228
136,95,231
137,102,239
148,89,237
141,95,236
144,89,233
119,101,220
138,97,235
132,99,231
133,108,241
117,133,250
126,135,261
136,125,261
138,120,258
141,112,253
122,116,238
120,124,244
126,129,255
122,133,255
120,132,252
131,124,255
141,107,248
136,104,240
148,95,243
139,90,229
138,88,226
130,87,217
122,103,225
125,109,234
124,202,326
258,112,370
272,151,423
315,129,444
199,142,341
182,146,328
141,145,286
135,149,284
132,159,291
124,173,297
140,172,312
133,169,302
136,154,290
141,142,283
161,124,285
168,93,261
176,118,294
173,132,305
163,124,287
160,104,264
157,119,276
167,111,278
156,131,287
175,100,275
175,98,273
173,94,267
158,119,277
176,101,277
183,105,288
185,103,288
160,94,254
159,121,280
142,103,245
176,95,271
169,107,276
148,101,249
148,99,247
149,115,264
146,104,250
155,93,248
156,104,260
150,100,250
153,98,251
144,123,267
150,114,264
154,108,262
158,96,254
143,110,253
157,95,252
150,119,269
172,93,265
160,112,272
162,103,265
127,101,228
138,97,235
124,104,228
125,116,241
120,132,252
137,149,286
134,153,287
133,161,294
133,165,298
119,171,290
135,170,305
128,182,310
129,182,311
116,195,311
149,336,485
171,319,490
178,310,488
235,242,477
327,128,455
335,95,430
244,117,361
185,115,300
166,94,260
165,116,281
161,118,279
159,105,264
158,87,245
151,103,254
150,90,240
158,120,278
153,130,283
152,120,272
156,97,253
165,111,276
174,98,272
179,124,303
169,120,289
157,113,270
162,103,265
147,121,268
165,103,268
164,115,279
160,108,268
151,110,261
162,111,273
158,135,293
165,125,290
167,117,284
167,97,264
170,119,289
181,105,286
182,156,338
175,157,332
190,148,338
176,152,328
162,141,303
133,129,262
160,101,261
167,88,255
164,121,285
132,132,264
148,131,279
144,123,267
149,112,261
147,106,253
148,103,251
151,116,267
157,105,262
162,97,259
165,121,286
164,112,276
154,101,255
155,98,253
152,94,246
149,84,233
141,107,248
133,111,244
142,114,256
147,106,253
147,90,237
158,106,264
155,102,257
161,93,254
150,102,252
144,100,244
142,94,236
145,124,269
163,107,270
167,96,263
158,99,257
126,98,224
126,99,225
131,98,229
127,95,222
126,92,218
124,97,221
117,105,222
120,128,248
140,122,262
148,126,274
129,133,262
136,130,266
132,132,264
118,141,259
117,149,266
115,154,269
119,168,287
124,181,305
126,185,311
131,191,322
133,198,331
149,180,329
158,178,336
160,168,328
149,169,318
130,161,291
133,156,289
138,154,292
128,157,285
120,154,274
119,156,275
124,156,280
121,153,274
122,158,280
118,152,270
126,150,276
127,144,271
120,138,258
117,133,250
121,153,274
111,179,290
120,186,306
117,195,312
122,218,340
158,190,348
179,175,354
186,170,356
151,157,308
137,143,280
155,121,276
147,119,266
150,116,266
138,108,246
140,97,237
138,90,228
129,132,261
141,144,285
148,144,292
144,151,295
143,169,312
133,171,304
143,174,317
134,167,301
135,160,295
131,161,292
141,153,294
131,146,277
145,130,275
152,110,262
158,89,247
147,115,262
159,125,284
162,118,280
143,121,264
134,121,255
126,135,261
143,129,272
147,117,264
146,114,260
144,131,275
173,98,271
181,91,272
174,111,285
149,116,265
143,137,280
136,154,290
121,160,281
127,173,300
135,183,318
160,149,309
182,114,296
179,102,281
173,96,269
152,118,270
150,108,258
153,121,274
158,111,269
152,101,253
172,123,295
166,116,282
159,101,260
155,102,257
143,127,270
161,136,297
163,132,295
173,127,300
190,166,356
165,156,321
193,151,344
160,143,303
136,136,272
165,118,283
198,145,343
196,146,342
169,151,320
149,170,319
105,176,281
127,178,305
129,178,307
135,177,312
121,177,298
146,161,307
161,162,323
154,167,321
128,190,318
133,185,318
141,193,334
137,202,339
156,186,342
147,201,348
152,203,355
137,197,334
151,186,337
152,181,333
175,153,328
189,129,318
184,117,301
172,105,277
167,93,260
160,129,289
157,126,283
155,128,283
183,95,278
174,113,287
187,117,304
159,124,283
167,126,293
161,112,273
169,110,279
159,125,284
140,120,260
147,108,255
137,108,245
133,107,240
109,113,222
118,110,228
122,120,242
120,129,249
121,137,258
137,130,267
142,130,272
133,127,260
133,112,245
139,108,247
125,104,229
116,100,216
118,109,227
110,113,223
130,123,253
138,115,253
127,109,236
126,94,220
133,97,230
135,99,234
120,95,215
127,93,220
116,88,204
119,87,206
121,94,215
107,88,195
111,88,199
122,88,210
126,79,205
128,98,226
124,117,241
127,129,256
125,133,258
125,139,264
112,152,264
122,176,298
111,214,325
132,207,339
123,230,353
133,240,373
187,212,399
211,198,409
183,188,371
156,174,330
153,162,315
154,156,310
156,149,305
153,140,293
159,126,285
151,120,271
152,106,258
154,94,248
162,114,276
160,107,267
165,118,283
165,107,272
156,96,252
153,112,265
146,144,290
172,145,317
173,150,323
168,151,319
156,138,294
162,124,286
159,112,271
160,100,260
161,109,270
158,101,259
156,92,248
156,170,326
151,166,317
144,167,311
149,147,296
97,134,231
138,119,257
159,105,264
160,91,251
156,185,341
155,190,345
141,189,330
148,169,317
98,158,256
144,154,298
158,142,300
191,91,282
194,176,370
191,170,361
150,169,319
152,150,302
102,134,236
142,121,263
160,105,265
158,94,252
157,124,281
155,111,266
152,101,253
153,111,264
147,101,248
157,91,248
155,167,322
159,156,315
150,158,308
157,164,321
103,162,265
165,213,378
232,155,387
223,164,387
194,165,359
114,140,254
170,119,289
174,121,295
166,112,278
129,111,240
123,112,235
118,111,229
122,110,232
118,114,232
96,126,222
127,129,256
124,125,249
121,118,239
127,112,239
135,117,252
122,127,249
122,124,246
136,105,241
132,109,241
129,105,234
130,101,231
135,119,254
106,140,246
135,155,290
118,158,276
123,166,289
136,149,285
129,143,272
126,137,263
106,138,244
118,137,255
118,131,249
100,128,228
126,125,251
108,127,235
108,127,235
129,125,254
122,127,249
126,123,249
107,121,228
126,122,248
126,114,240
108,107,215
126,107,233
109,102,211
127,96,223
130,255,385
270,128,398
273,136,409
281,138,419
137,132,269
157,118,275
149,130,279
142,149,291
123,163,286
122,175,297
129,168,297
139,170,309
136,184,320
131,190,321
123,194,317
134,182,316
179,154,333
164,179,343
161,203,364
119,201,320
138,187,325
165,154,319
166,135,301
188,109,297
160,103,263
122,85,207
146,107,253
136,130,266
126,139,265
132,152,284
135,159,294
112,142,254
156,123,279
176,125,301
181,109,290
190,133,323
187,118,305
161,111,272
146,104,250
122,92,214
131,76,207
137,104,241
135,116,251
130,111,241
134,116,250
135,115,250
111,112,223
121,99,220
131,94,225
96,91,187
111,91,202
106,86,192
125,83,208
133,96,229
133,85,218
139,270,409
146,260,406
146,252,398
154,229,383
222,134,356
260,147,407
245,131,376
204,135,339
174,127,301
131,120,251
142,146,288
166,145,311
166,147,313
152,146,298
128,150,278
114,140,254
141,124,265
182,119,301
192,108,300
181,117,298
146,120,266
123,127,250
129,123,252
132,122,254
133,142,275
129,160,289
127,169,296
125,173,298
118,184,302
122,194,316
137,192,329
133,207,340
147,213,360
155,204,359
172,200,372
175,214,389
155,218,373
160,228,388
181,232,413
183,255,438
178,238,416
172,232,404
201,218,419
201,210,411
212,181,393
210,145,355
213,126,339
190,121,311
159,157,316
134,167,301
119,164,283
125,157,282
127,153,280
106,147,253
112,147,259
125,137,262
127,141,268
118,144,262
123,141,264
100,135,235
119,130,249
102,125,227
111,118,229
118,113,231
116,105,221
122,99,221
121,96,217
124,94,218
126,98,224
134,102,236
133,104,237
133,111,244
119,108,227
125,106,231
113,106,219
97,103,200
105,97,202
121,96,217
120,96,216
124,107,231
128,106,234
112,101,213
120,93,213
116,86,202
128,80,208
125,96,221
118,102,220
125,99,224
123,99,222
126,97,223
124,90,214
122,114,236
131,124,255
130,127,257
128,144,272
123,148,271
129,138,267
123,127,250
123,124,247
126,119,245
119,126,245
123,121,244
119,124,243
134,119,253
130,116,246
129,103,232
123,98,221
128,100,228
117,95,212
125,90,215
116,85,201
106,88,194
124,87,211
119,83,202
127,94,221
125,88,213
131,83,214
126,78,204
118,97,215
131,88,219
128,88,216
133,99,232
121,99,220
127,89,216
138,108,246
144,148,292
131,163,294
144,157,301
180,118,298
181,122,303
170,113,283
147,104,251
155,142,297
158,130,288
151,129,280
158,128,286
139,115,254
144,89,233
167,91,258
137,86,223
128,100,228
115,108,223
128,92,220
138,88,226
133,82,215
127,127,254
128,140,268
138,136,274
136,131,267
128,127,255
117,113,230
126,106,232
132,101,233
127,88,215
142,111,253
144,119,263
135,119,254
154,116,270
172,106,278
188,132,320
173,128,301
158,110,268
166,115,281
178,105,283
190,131,321
175,120,295
165,103,268
157,88,245
154,119,273
156,107,263
144,101,245
153,126,279
146,121,267
167,94,261
168,81,249
155,111,266
151,104,255
146,103,249
149,101,250
154,88,242
152,106,258
151,106,257
126,115,241
161,110,271
178,116,294
182,106,288
150,101,251
130,100,230
124,97,221
136,83,219
136,92,228
138,101,239
128,99,227
122,101,223
124,96,220
119,96,215
122,100,222
121,99,220
124,102,226
126,98,224
119,99,218
126,94,220
128,88,216
139,103,242
130,96,226
128,87,215
131,82,213
123,93,216
126,90,216
130,89,219
131,88,219
129,91,220
127,90,217
120,89,209
127,102,229
120,104,224
117,112,229
133,109,242
133,98,231
135,90,225
133,82,215
126,94,220
126,89,215
126,124,250
131,124,255
153,105,258
155,104,259
149,102,251
133,103,236
132,107,239
122,125,247
124,139,263
123,140,263
128,138,266
126,137,263
134,137,271
120,134,254
137,132,269
137,141,278
133,146,279
130,145,275
133,145,278
131,142,273
137,135,272
139,132,271
138,128,266
135,120,255
127,116,243
118,110,228
126,115,241
124,116,240
127,116,243
125,116,241
118,120,238
112,124,236
120,118,238
130,112,242
126,120,246
123,125,248
130,115,245
126,103,229
138,101,239
133,103,236
127,103,230
121,99,220
124,87,211
138,90,228
137,85,222
135,106,241
125,108,233
125,103,228
125,101,226
124,95,219
124,88,212
117,93,210
121,95,216
116,97,213
126,93,219
128,88,216
132,90,222
129,89,218
129,87,216
125,90,215
132,87,219
130,82,212
130,81,211
126,100,226
127,93,220
132,84,216
137,95,232
135,84,219
133,103,236
153,120,273
170,98,268
180,115,295
161,117,278
139,125,264
184,108,292
179,98,277
156,89,245
125,82,207
127,103,230
127,104,231
126,102,228
123,97,220
120,90,210
125,92,217
110,91,201
120,83,203
131,92,223
129,105,234
136,117,253
132,128,260
137,133,270
128,128,256
128,123,251
129,113,242
132,103,235
133,96,229
132,82,214
133,104,237
135,104,239
129,96,225
128,83,211
132,95,227
132,102,234
122,104,226
131,102,233
135,100,235
136,101,237
128,98,226
126,98,224
135,109,244
133,103,236
133,97,230
126,90,216
113,81,194
126,89,215
126,83,209
127,96,223
134,112,246
151,97,248
154,102,256
147,95,242
140,145,285
142,140,282
145,131,276
157,103,260
148,115,263
174,171,345
187,149,336
174,186,360
175,163,338
184,130,314
133,166,299
160,164,324
123,164,287
154,130,284
148,130,278
138,130,268
124,167,291
125,161,286
116,160,276
151,125,276
150,124,274
135,119,254
124,115,239
125,114,239
122,150,272
124,150,274
121,159,280
157,130,287
157,141,298
134,157,291
119,194,313
123,193,316
126,252,378
151,222,373
187,185,372
218,152,370
168,147,315
139,141,280
124,138,262
120,139,259
122,141,263
122,139,261
122,137,259
125,134,259
120,129,249
127,124,251
136,110,246
135,103,238
134,98,232
121,91,212
124,87,211
123,91,214
115,97,212
121,97,218
120,107,227
124,99,223
123,99,222
138,179,317
205,178,383
285,182,467
307,158,465
244,135,379
214,166,380
170,191,361
211,144,355
197,115,312
183,108,291
131,98,229
130,92,222
133,82,215
131,145,276
130,205,335
184,201,385
207,176,383
264,128,392
214,127,341
184,127,311
119,139,258
138,133,271
132,134,266
133,130,263
122,117,239
127,108,235
134,99,233
127,94,221
126,89,215
128,82,210
132,87,219
128,82,210
133,92,225
126,85,211
137,96,233
136,98,234
134,97,231
133,100,233
128,120,248
127,249,376
134,254,388
133,246,379
164,217,381
238,137,375
273,153,426
87,125,212
139,108,247
171,104,275
119,103,222
127,106,233
131,100,231
132,96,228
130,92,222
110,92,202
119,93,212
119,87,206
126,90,216
123,90,213
123,93,216
128,85,213
128,77,205
129,99,228
124,107,231
119,111,230
124,116,240
116,115,231
121,171,292
121,193,314
132,234,366
165,210,375
188,212,400
186,185,371
173,161,334
157,144,301
169,130,299
149,124,273
146,110,256
131,103,234
128,99,227
128,97,225
133,89,222
138,108,246
144,134,278
142,131,273
151,140,291
167,212,379
252,129,381
237,160,397
226,179,405
199,183,382
219,147,366
167,163,330
134,166,300
146,145,291
160,130,290
194,173,367
205,152,357
234,164,398
232,154,386
177,164,341
184,181,365
153,198,351
154,200,354
181,164,345
230,135,365
227,146,373
237,157,394
252,106,358
227,90,317
232,82,314
159,89,248
125,136,261
145,116,261
169,86,255
172,89,261
149,87,236
144,91,235
136,86,222
134,109,243
129,102,231
123,105,228
124,102,226
121,99,220
125,104,229
127,98,225
128,96,224
138,96,234
134,94,228
137,96,233
125,97,222
123,94,217
129,91,220
135,87,222
131,79,210
134,94,228
127,96,223
125,91,216
128,92,220
124,99,223
123,101,224
132,94,226
132,85,217
134,105,239
136,106,242
134,101,235
135,93,228
132,91,223
130,91,221
121,93,214
129,87,216
132,100,232
138,93,231
145,106,251
147,97,244
145,89,234
137,102,239
136,99,235
141,94,235
137,89,226
135,81,216
137,101,238
139,94,233
138,86,224
142,103,245
139,99,238
142,91,233
139,81,220
140,100,240
139,91,230
138,102,240
138,89,227
137,81,218
141,100,241
136,91,227
137,82,219
139,99,238
136,93,229
138,84,222
138,101,239
136,90,226
137,83,220
138,106,244
144,93,237
147,87,234
139,106,245
142,89,231
143,81,224
143,100,243
136,91,227
137,82,219
140,103,243
138,95,233
139,89,228
137,101,238
135,96,231
137,89,226
134,80,214
135,104,239
136,95,231
135,85,220
138,107,245
135,105,240
151,102,253
153,90,243
151,82,233
135,101,236
135,97,232
134,91,225
135,83,218
137,100,237
138,98,236
137,93,230
137,83,220
135,101,236
136,93,229
136,95,231
136,133,269
166,105,271
177,91,268
175,88,263
140,86,226
129,90,219
125,125,250
150,117,267
167,113,280
187,139,326
173,151,324
171,156,327
140,158,298
113,167,280
119,168,287
119,181,300
122,194,316
138,177,315
143,184,327
146,182,328
171,135,306
172,122,294
179,102,281
141,97,238
126,89,215
140,131,271
136,142,278
129,137,266
129,137,266
116,142,258
89,148,237
142,151,293
147,149,296
148,151,299
129,162,291
102,158,260
127,158,285
119,159,278
121,172,293
118,178,296
121,179,300
108,185,293
142,179,321
161,169,330
159,174,333
131,190,321
151,158,309
150,157,307
162,153,315
162,147,309
126,133,259
157,115,272
156,96,252
150,99,249
146,99,245
123,95,218
149,132,281
148,140,288
155,158,313
147,157,304
130,162,292
151,142,293
153,130,283
154,114,268
144,106,250
152,99,251
148,94,242
142,117,259
148,127,275
146,119,265
141,110,251
134,98,232
140,85,225
141,131,272
140,128,268
145,110,255
137,104,241
125,92,217
129,88,217
144,112,256
132,118,250
153,117,270
152,132,284
142,127,269
158,110,268
180,125,305
185,123,308
188,106,294
163,100,263
160,143,303
169,133,302
177,114,291
152,109,261
127,110,237
115,117,232
117,114,231
117,112,229
136,97,233
133,93,226
134,91,225
121,97,218
121,139,260
152,109,261
163,102,265
171,146,317
161,126,287
166,118,284
151,123,274
112,129,241
124,126,250
143,113,256
141,111,252
141,113,254
137,103,240
136,113,249
130,113,243
124,117,241
130,127,257
125,134,259
115,140,255
128,142,270
125,150,275
134,145,279
125,148,273
128,166,294
126,176,302
117,182,299
124,184,308
134,184,318
140,211,351
136,227,363
129,221,350
168,180,348
198,141,339
196,118,314
174,108,282
138,110,248
149,115,264
161,107,268
163,101,264
155,101,256
152,103,255
154,93,247
151,159,310
164,154,318
156,164,320
132,161,293
121,141,262
159,139,298
132,140,272
143,133,276
136,129,265
135,129,264
119,133,252
123,142,265
122,158,280
129,166,295
136,184,320
148,194,342
149,183,332
152,170,322
151,167,318
154,157,311
141,175,316
145,167,312
132,156,288
135,145,280
152,122,274
165,100,265
187,139,326
189,133,322
175,134,309
157,139,296
136,183,319
136,208,344
145,213,358
144,202,346
146,178,324
178,156,334
169,146,315
168,127,295
154,114,268
151,120,271
145,128,273
182,114,296
200,89,289
188,120,308
176,102,278
138,95,233
154,92,246
126,92,218
125,96,221
120,104,224
124,113,237
119,122,241
121,116,237
126,110,236
128,107,235
126,95,221
128,88,216
130,93,223
103,90,193
135,125,260
137,127,264
144,144,288
146,169,315
152,170,322
179,166,345
174,162,336
177,159,336
161,152,313
159,161,320
153,160,313
158,155,313
167,135,302
165,149,314
187,155,342
216,116,332
217,139,356
185,174,359
163,170,333
173,168,341
218,106,324
221,117,338
220,107,327
175,99,274
148,91,239
141,116,257
139,125,264
144,137,281
162,115,277
159,115,274
156,116,272
127,107,234
132,111,243
105,118,223
127,115,242
126,117,243
126,120,246
115,137,252
115,149,264
132,149,281
121,153,274
152,196,348
225,200,425
298,127,425
299,132,431
198,133,331
138,142,280
142,139,281
149,131,280
160,101,261
167,90,257
162,137,299
134,133,267
144,128,272
128,128,256
129,115,244
136,114,250
130,109,239
117,105,222
121,105,226
116,105,221
117,106,223
125,111,236
122,242,364
127,249,376
133,243,376
190,187,377
200,191,391
203,193,396
121,184,305
144,179,323
155,150,305
158,132,290
159,124,283
141,109,250
142,94,236
141,87,228
130,100,230
133,91,224
139,120,259
135,139,274
142,129,271
160,127,287
150,122,272
123,123,246
118,176,294
122,194,316
119,190,309
142,169,311
176,128,304
193,142,335
178,148,326
165,155,320
152,162,314
147,161,308
147,161,308
149,145,294
157,142,299
159,157,316
145,160,305
154,136,290
152,125,277
162,104,266
144,95,239
142,97,239
130,99,229
141,127,268
169,98,267
167,128,295
166,120,286
153,97,250
158,87,245
132,101,233
132,100,232
136,141,277
160,130,290
155,130,285
146,135,281
126,144,270
123,151,274
124,156,280
121,161,282
128,166,294
140,155,295
152,149,301
147,144,291
140,147,287
128,154,282
122,165,287
118,171,289
127,161,288
128,158,286
117,159,276
130,178,308
107,188,295
124,198,322
125,193,318
141,182,323
168,157,325
177,145,322
169,149,318
170,126,296
156,132,288
146,145,291
125,149,274
136,141,277
145,137,282
142,139,281
126,146,272
132,160,292
126,164,290
132,165,297
133,189,322
118,213,331
125,211,336
129,210,339
158,171,329
174,150,324
174,141,315
135,135,270
151,123,274
149,107,256
148,102,250
145,133,278
159,104,263
170,92,262
169,126,295
144,115,259
159,103,262
148,105,253
132,95,227
141,83,224
132,78,210
116,93,209
125,98,223
122,89,211
136,122,258
135,150,285
121,156,277
135,153,288
136,146,282
146,141,287
138,141,279
135,126,261
135,121,256
147,109,256
129,120,249
131,131,262
122,137,259
127,139,266
127,151,278
131,159,290
127,162,289
135,158,293
130,163,293
142,155,297
138,141,279
140,135,275
132,128,260
118,119,237
126,114,240
119,110,229
134,97,231
133,91,224
140,113,253
147,112,259
147,109,256
144,114,258
159,118,277
168,114,282
168,127,295
180,123,303
178,124,302
168,125,293
143,123,266
141,131,272
129,131,260
130,123,253
151,136,287
176,124,300
192,101,293
179,97,276
149,92,241
117,88,205
122,85,207
121,85,206
122,116,238
129,119,248
148,104,252
161,95,256
152,98,250
142,96,238
136,92,228
137,103,240
131,101,232
134,95,229
146,105,251
156,93,249
153,130,283
158,125,283
144,122,266
147,125,272
126,135,261
127,128,255
127,118,245
145,136,281
145,172,317
137,183,320
158,166,324
172,163,335
190,147,337
170,154,324
164,154,318
136,160,296
120,156,276
121,149,270
124,152,276
123,150,273
129,149,278
133,159,292
122,162,284
116,169,285
119,171,290
121,179,300
105,186,291
132,175,307
126,174,300
136,171,307
167,133,300
185,113,298
190,106,296
163,137,300
160,114,274
173,94,267
166,83,249
150,93,243
141,93,234
150,82,232
146,98,244
134,90,224
132,121,253
139,121,260
135,117,252
141,115,256
135,121,256
137,124,261
133,118,251
144,105,249
142,101,243
140,88,228
134,184,318
141,169,310
146,162,308
153,169,322
77,170,247
105,176,281
127,176,303
139,174,313
142,180,322
138,192,330
120,207,327
122,220,342
145,205,350
158,187,345
181,155,336
187,139,326
178,128,306
170,126,296
152,117,269
131,114,245
131,123,254
116,136,252
118,171,289
121,196,317
136,181,317
144,192,336
144,203,347
145,218,363
154,217,371
154,235,389
176,224,400
175,227,402
168,247,415
181,236,417
208,222,430
218,198,416
200,186,386
178,173,351
190,116,306
207,104,311
223,124,347
177,128,305
203,106,309
190,104,294
192,155,347
170,149,319
165,145,310
149,150,299
106,148,254
139,136,275
148,123,271
183,112,295
177,100,277
178,106,284
157,93,250
156,125,281
160,115,275
155,100,255
158,115,273
153,107,260
164,115,279
164,107,271
162,103,265
158,90,248
160,118,278
152,116,268
152,119,271
165,113,278
173,104,277
173,105,278
147,97,244
143,95,238
130,124,254
127,122,249
140,107,247
132,93,225
138,84,222
135,77,212
127,104,231
127,109,236
119,104,223
130,101,231
135,124,259
167,131,298
187,110,297
199,98,297
171,117,288
157,104,261
156,98,254
154,112,266
150,107,257
153,106,259
147,103,250
141,107,248
146,111,257
147,108,255
145,105,250
146,106,252
141,109,250
147,102,249
148,99,247
147,101,248
145,95,240
148,100,248
147,99,246
138,104,242
139,107,246
139,104,243
142,99,241
143,101,244
145,97,242
148,98,246
150,98,248
143,97,240
141,97,238
139,95,234
140,91,231
142,93,235
137,91,228
137,93,230
137,92,229
137,102,239
141,94,235
141,96,237
147,108,255
148,95,243
154,109,263
150,96,246
151,109,260
154,102,256
149,98,247
148,96,244
137,96,233
137,98,235
136,96,232
137,96,233
136,97,233
134,97,231
137,101,238
136,102,238
138,99,237
139,97,236
140,96,236
141,94,235
139,94,233
136,94,230
138,94,232
137,100,237
138,139,277
154,120,274
161,104,265
159,104,263
127,143,270
166,119,285
176,109,285
177,107,284
159,109,268
140,130,270
134,129,263
136,146,282
130,162,292
130,179,309
114,187,301
129,187,316
123,198,321
143,205,348
139,195,334
141,195,336
154,200,354
154,186,340
140,192,332
157,163,320
181,129,310
186,119,305
163,120,283
126,112,238
125,113,238
105,108,213
108,107,215
118,109,227
115,104,219
123,111,234
121,120,241
117,131,248
113,134,247
127,142,269
127,138,265
94,134,228
123,147,270
117,152,269
114,152,266
117,153,270
120,155,275
121,153,274
122,156,278
130,145,275
123,151,274
130,155,285
120,158,278
119,156,275
118,149,267
111,149,260
129,150,279
111,164,275
120,190,310
117,219,336
110,238,348
121,229,350
155,214,369
185,203,388
179,218,397
139,240,379
135,236,371
307,144,451
327,138,465
335,127,462
215,130,345
151,231,382
149,296,445
147,325,472
137,342,479
193,268,461
254,196,450
289,170,459
238,169,407
179,164,343
185,144,329
166,148,314
145,147,292
122,145,267
153,144,297
189,102,291
187,98,285
183,104,287
133,107,240
133,96,229
139,107,246
135,111,246
119,102,221
128,87,215
129,82,211
118,108,226
109,111,220
132,118,250
135,129,264
122,139,261
128,142,270
128,132,260
141,116,257
146,108,254
144,107,251
128,111,239
130,111,241
123,107,230
126,98,224
127,93,220
132,113,245
136,108,244
138,111,249
133,106,239
123,102,225
125,113,238
98,125,223
111,145,256
130,151,281
135,147,282
141,140,281
142,138,280
141,136,277
136,129,265
144,117,261
138,119,257
117,116,233
96,116,212
126,137,263
118,137,255
128,129,257
135,111,246
142,102,244
130,93,223
128,83,211
126,99,225
130,102,232
131,93,224
130,77,207
138,151,289
130,155,285
124,158,282
132,166,298
92,175,267
121,179,300
126,185,311
129,182,311
158,165,323
155,155,310
161,150,311
138,138,276
130,130,260
129,121,250
131,109,240
143,100,243
123,146,269
164,118,282
166,102,268
167,95,262
142,99,241
132,101,233
123,117,240
109,118,227
103,113,216
131,98,229
133,96,229
130,95,225
120,92,212
117,95,212
115,94,209
131,106,237
133,111,244
123,113,236
123,127,250
120,139,259
98,156,254
132,162,294
133,172,305
161,162,323
154,152,306
154,142,296
142,125,267
152,115,267
174,134,308
182,107,289
172,116,288
162,143,305
168,115,283
165,115,280
162,123,285
152,145,297
178,142,320
186,127,313
183,108,291
184,127,311
172,142,314
168,156,324
156,159,315
165,161,326
204,125,329
236,163,399
260,149,409
243,116,359
212,125,337
174,160,334
123,172,295
117,183,300
106,182,288
116,177,293
145,146,291
169,123,292
176,106,282
166,88,254
150,103,253
136,97,233
133,114,247
160,83,243
159,96,255
160,112,272
132,107,239
133,115,248
125,119,244
127,113,240
127,108,235
122,102,224
117,104,221
125,105,230
125,109,234
127,104,231
130,94,224
135,87,222
125,80,205
134,94,228
124,110,234
125,102,227
126,96,222
126,98,224
125,100,225
131,92,223
134,115,249
147,102,249
146,100,246
150,99,249
133,99,232
133,99,232
131,98,229
131,95,226
133,91,224
132,91,223
142,97,239
138,92,230
138,93,231
121,93,214
124,90,214
136,83,219
135,103,238
132,109,241
130,112,242
123,113,236
125,118,243
124,131,255
126,127,253
133,126,259
132,127,259
131,121,252
134,121,255
124,120,244
125,114,239
127,107,234
133,125,258
122,130,252
124,128,252
130,118,248
128,114,242
132,121,253
131,117,248
121,112,233
123,106,229
122,101,223
125,123,248
128,139,267
176,143,319
200,121,321
205,120,325
158,102,260
130,90,220
148,96,244
141,92,233
139,83,222
132,123,255
128,126,254
142,140,282
133,145,278
130,133,263
146,113,259
153,108,261
149,96,245
142,87,229
142,91,233
136,90,226
134,135,269
135,123,258
138,120,258
132,119,251
136,93,229
154,123,277
156,124,280
154,107,261
160,109,269
145,112,257
142,109,251
122,105,227
107,101,208
124,97,221
123,92,215
120,89,209
121,91,212
122,87,209
127,78,205
131,106,237
130,113,243
129,112,241
130,107,237
127,103,230
121,98,219
123,96,219
124,98,222
126,103,229
131,99,230
133,88,221
133,88,221
121,92,213
123,93,216
128,90,218
127,90,217
121,91,212
121,98,219
115,111,226
118,119,237
126,116,242
123,131,254
124,137,261
124,152,276
123,155,278
117,147,264
119,142,261
128,144,272
121,146,267
125,145,270
122,146,268
124,137,261
132,137,269
137,131,268
129,131,260
124,132,256
121,130,251
124,133,257
131,131,262
126,134,260
126,135,261
128,132,260
128,130,258
125,127,252
125,120,245
126,116,242
127,108,235
123,112,235
122,110,232
116,113,229
122,113,235
127,104,231
132,98,230
132,101,233
130,96,226
115,98,213
123,96,219
123,95,218
136,92,228
140,83,223
141,104,245
128,123,251
124,127,251
124,125,249
124,119,243
122,115,237
126,115,241
115,119,234
123,124,247
121,131,252
121,137,258
123,140,263
117,142,259
114,138,252
118,137,255
122,147,269
122,146,268
122,153,275
124,153,277
121,160,281
117,163,280
120,161,281
127,158,285
129,157,286
123,154,277
118,153,271
123,150,273
111,147,258
120,143,263
123,146,269
121,154,275
120,158,278
123,160,283
121,166,287
117,175,292
116,175,291
116,180,296
142,166,308
163,146,309
160,146,306
162,130,292
143,127,270
152,129,281
147,135,282
140,135,275
151,118,269
149,116,265
150,111,261
118,112,230
126,107,233
129,111,240
111,119,230
122,148,270
125,151,276
124,156,280
119,161,280
139,145,284
131,138,269
141,141,282
125,145,270
122,148,270
131,144,275
139,145,284
146,133,279
144,137,281
133,135,268
128,129,257
129,129,258
131,125,256
126,120,246
129,116,245
123,111,234
124,113,237
123,131,254
119,143,262
117,147,264
122,147,269
129,139,268
133,141,274
139,134,273
134,123,257
136,118,254
142,110,252
135,113,248
132,108,240
121,104,225
158,133,291
168,131,299
172,113,285
165,91,256
140,86,226
141,159,300
207,139,346
202,126,328
215,117,332
128,109,237
106,102,208
126,95,221
127,97,224
130,99,229
133,93,226
132,106,238
147,117,264
147,122,269
152,132,284
148,127,275
154,106,260
150,101,251
140,102,242
144,83,227
146,116,262
145,130,275
130,143,273
124,159,283
131,156,287
141,158,299
137,171,308
131,185,316
130,200,330
123,204,327
119,203,322
169,161,330
185,158,343
193,152,345
142,138,280
136,131,267
128,124,252
111,121,232
115,112,227
123,105,228
125,95,220
122,86,208
129,79,208
117,106,223
130,115,245
125,119,244
131,123,254
124,130,254
127,137,264
147,233,380
261,123,384
286,252,538
270,250,520
179,226,405
206,199,405
236,180,416
216,138,354
199,110,309
222,143,365
167,136,303
144,122,266
148,104,252
146,108,254
151,111,262
150,102,252
138,171,309
164,154,318
185,135,320
174,151,325
128,169,297
136,194,330
137,201,338
140,193,333
150,203,353
155,195,350
152,188,340
153,201,354
156,202,358
170,194,364
185,191,376
181,214,395
202,198,400
186,196,382
229,143,372
223,108,331
220,88,308
179,154,333
158,166,324
145,167,312
171,137,308
151,128,279
138,109,247
176,137,313
170,139,309
165,127,292
144,110,254
128,87,215
148,88,236
145,83,228
122,78,200
118,106,224
106,114,220
131,111,242
123,115,238
122,124,246
122,142,264
120,145,265
132,155,287
121,145,266
136,152,288
130,155,285
122,167,289
122,172,294
116,167,283
121,163,284
156,123,279
169,110,279
177,101,278
155,96,251
136,87,223
134,111,245
146,99,245
146,106,252
136,104,240
137,94,231
140,105,245
145,105,250
139,107,246
136,101,237
133,91,224
132,86,218
132,126,258
116,134,250
142,130,272
133,127,260
130,125,255
135,132,267
132,128,260
124,119,243
139,106,245
133,102,235
137,86,223
142,108,250
139,112,251
126,101,227
130,95,225
127,96,223
130,87,217
132,97,229
140,100,240
132,98,230
140,136,276
147,135,282
143,122,265
150,107,257
146,92,238
152,123,275
151,136,287
144,136,280
141,136,277
132,140,272
137,134,271
141,125,266
142,130,272
138,138,276
129,132,261
121,126,247
134,113,247
141,99,240
141,85,226
142,97,239
145,87,232
144,106,250
147,98,245
144,97,241
138,84,222
142,99,241
138,97,235
133,89,222
132,101,233
135,98,233
131,91,222
136,96,232
137,86,223
138,114,252
157,116,273
161,106,267
167,98,265
144,96,240
146,127,273
155,118,273
157,111,268
153,129,282
166,103,269
155,95,250
148,90,238
119,85,204
112,101,213
137,97,234
113,87,200
140,118,258
136,143,279
137,157,294
127,165,292
113,173,286
127,178,305
107,184,291
95,187,282
144,172,316
143,177,320
144,175,319
135,175,310
134,175,309
135,181,316
127,186,313
137,176,313
138,180,318
140,179,319
136,177,313
136,177,313
141,176,317
132,181,313
141,172,313
134,183,317
135,184,319
134,184,318
136,182,318
147,179,326
136,182,318
146,207,353
136,233,369
136,241,377
134,233,367
176,197,373
197,181,378
195,174,369
149,178,327
136,182,318
135,172,307
136,178,314
137,181,318
135,173,308
136,179,315
138,185,323
135,177,312
142,178,320
143,186,329
138,180,318
131,187,318
140,184,324
142,182,324
143,183,326
146,178,324
138,179,317
142,180,322
130,195,325
140,189,329
134,196,330
142,188,330
153,173,326
153,173,326
146,181,327
126,183,309
134,180,314
134,181,315
144,189,333
134,191,325
144,179,323
135,195,330
151,180,331
171,152,323
178,149,327
167,149,316
143,146,289
134,154,288
133,162,295
154,133,287
150,130,280
157,111,268
142,111,253
124,114,238
126,117,243
124,132,256
125,165,290
112,180,292
128,176,304
119,168,287
121,165,286
147,169,316
230,127,357
239,129,368
180,139,319
135,145,280
95,149,244
123,151,274
115,160,275
110,160,270
107,168,275
122,181,303
122,173,295
100,169,269
121,192,313
149,184,333
146,176,322
137,179,316
138,180,318
135,178,313
108,177,285
125,190,315
139,195,334
125,192,317
121,193,314
212,101,313
226,104,330
216,102,318
147,96,243
148,95,243
132,107,239
135,104,239
134,114,248
145,113,258
136,112,248
124,116,240
106,140,246
121,140,261
125,131,256
127,123,250
83,118,201
124,106,230
135,102,237
120,91,211
121,85,206
123,78,201
121,156,277
123,168,291
112,167,279
123,163,286
93,166,259
129,185,314
130,184,314
128,181,309
120,175,295
154,136,290
163,122,285
156,159,315
181,122,303
191,131,322
163,140,303
119,144,263
118,151,269
117,151,268
123,159,282
129,160,289
124,157,281
130,147,277
133,142,275
127,136,263
95,153,248
126,167,293
112,168,280
112,162,274
148,155,303
144,147,291
134,141,275
145,147,292
121,149,270
121,160,281
112,178,290
120,192,312
112,193,305
121,196,317
150,166,316
191,149,340
181,142,323
191,114,305
174,110,284
160,125,285
136,122,258
132,124,256
136,117,253
141,139,280
119,149,268
123,152,275
116,154,270
141,139,280
141,142,283
149,142,291
145,125,270
143,118,261
149,119,268
142,123,265
149,166,315
191,125,316
196,121,317
197,123,320
157,128,285
159,125,284
156,131,287
169,119,288
181,125,306
188,102,290
186,118,304
174,129,303
173,167,340
202,140,342
223,135,358
215,131,346
198,133,331
213,108,321
191,101,292
156,111,267
135,102,237
136,90,226
151,93,244
141,87,228
145,129,274
138,132,270
142,140,282
140,140,280
122,144,266
120,155,275
136,152,288
134,155,289
148,159,307
137,157,294
151,138,289
148,152,300
148,142,290
135,142,277
107,138,245
130,138,268
123,134,257
116,133,249
104,128,232
119,125,244
119,130,249
110,168,278
122,180,302
119,195,314
128,188,316
130,182,312
149,145,294
160,131,291
165,120,285
151,98,249
173,116,289
157,114,271
173,125,298
165,133,298
166,134,300
141,139,280
130,162,292
121,165,286
133,169,302
127,166,293
125,161,286
124,149,273
134,137,271
116,146,262
159,133,292
160,114,274
171,118,289
187,110,297
161,101,262
155,119,274
158,119,277
149,129,278
149,126,275
125,131,256
126,136,262
124,150,274
117,153,270
127,144,271
125,138,263
129,129,258
120,124,244
124,118,242
108,109,217
138,98,236
150,128,278
181,125,306
183,95,278
179,85,264
175,97,272
139,84,223
148,92,240
140,105,245
135,104,239
142,108,250
142,233,375
140,234,374
155,216,371
159,201,360
236,115,351
205,102,307
201,119,320
167,100,267
159,95,254
162,95,257
145,87,232
155,102,257
146,100,246
149,95,244
145,87,232
145,95,240
142,169,311
173,191,364
265,120,385
271,121,392
238,119,357
154,116,270
172,103,275
172,104,276
153,100,253
130,99,229
110,94,204
128,86,214
113,86,199
117,90,207
122,89,211
118,92,210
120,108,228
118,127,245
115,135,250
120,148,268
111,149,260
122,163,285
125,176,301
110,186,296
120,189,309
135,184,319
142,175,317
152,184,336
140,182,322
126,178,304
142,152,294
146,135,281
144,128,272
137,123,260
126,113,239
124,104,228
138,89,227
137,88,225
135,111,246
131,115,246
133,127,260
124,129,253
123,137,260
126,138,264
127,136,263
125,136,261
106,141,247
120,147,267
120,148,268
130,176,306
124,183,307
133,189,322
144,175,319
127,176,303
113,183,296
146,168,314
150,148,298
155,152,307
144,142,286
137,139,276
145,138,283
179,104,283
163,93,256
157,88,245
116,92,208
121,88,209
119,88,207
121,100,221
105,98,203
120,90,210
133,86,219
132,81,213
120,78,198
119,102,221
119,101,220
121,108,229
121,103,224
126,95,221
127,93,220
111,112,223
106,111,217
133,116,249
126,129,255
120,134,254
125,135,260
121,134,255
126,141,267
129,129,258
137,129,266
125,125,250
115,126,241
121,131,252
124,132,256
111,138,249
125,139,264
123,159,282
114,169,283
125,180,305
119,186,305
132,188,320
132,182,314
149,155,304
152,135,287
166,122,288
141,112,253
138,112,250
133,98,231
150,90,240
139,92,231
127,112,239
157,106,263
158,97,255
166,86,252
145,95,240
142,96,238
141,84,225
141,97,238
145,87,232
147,106,253
135,109,244
138,115,253
163,85,248
159,108,267
167,96,263
145,84,229
137,107,244
138,98,236
145,109,254
161,98,259
159,95,254
163,132,295
135,123,258
146,124,270
137,127,264
115,142,257
128,142,270
131,147,278
137,135,272
158,114,272
164,110,274
153,113,266
87,118,205
118,114,232
119,103,222
131,97,228
122,95,217
122,103,225
109,112,221
117,129,246
126,133,259
126,130,256
121,128,249
121,125,246
107,119,226
121,109,230
132,102,234
125,97,222
115,96,211
121,93,214
123,90,213
122,89,211
125,88,213
126,86,212
128,108,236
127,115,242
125,113,238
128,109,237
117,103,220
125,97,222
123,95,218
121,93,214
117,93,210
123,88,211
119,88,207
122,88,210
121,88,209
120,86,206
127,78,205
121,91,212
127,94,221
129,101,230
133,96,229
133,99,232
126,91,217
120,89,209
128,98,226
123,99,222
124,97,221
126,92,218
125,89,214
121,84,205
123,88,211
122,89,211
118,85,203
116,100,216
119,112,231
123,104,227
129,104,233
127,99,226
122,97,219
124,91,215
120,86,206
123,86,209
121,82,203
127,94,221
129,92,221
130,94,224
124,94,218
128,88,216
131,98,229
134,108,242
134,119,253
133,121,254
151,135,286
141,140,281
131,150,281
142,147,289
148,143,291
157,151,308
151,171,322
138,175,313
135,177,312
150,176,326
172,174,346
192,179,371
203,159,362
208,144,352
205,137,342
179,133,312
151,131,282
143,114,257
156,120,276
159,141,300
182,119,301
176,114,290
171,97,268
137,119,256
133,135,268
134,163,297
151,155,306
160,142,302
147,134,281
144,120,264
111,111,222
137,102,239
130,99,229
124,92,216
126,84,210
126,77,203
130,134,264
131,137,268
131,143,274
139,143,282
126,141,267
140,146,286
136,144,280
129,136,265
129,135,264
139,124,263
135,116,251
133,117,250
123,117,240
123,125,248
122,120,242
129,114,243
132,112,244
123,111,234
126,109,235
124,104,228
127,100,227
122,107,229
120,105,225
124,104,228
123,99,222
121,96,217
124,96,220
120,101,221
124,94,218
119,95,214
132,84,216
133,90,223
136,95,231
131,90,221
129,90,219
132,91,223
133,82,215
130,92,222
129,85,214
130,81,211
124,89,213
127,88,215
120,87,207
123,89,212
127,104,231
134,103,237
136,93,229
128,86,214
123,81,204
134,90,224
129,84,213
134,91,225
132,85,217
134,104,238
138,102,240
134,109,243
127,108,235
125,96,221
132,94,226
132,82,214
134,88,222
134,82,216
134,93,227
120,85,205
135,96,231
132,101,233
129,104,233
130,117,247
133,109,242
141,100,241
139,92,231
137,86,223
130,103,233
150,98,248
153,90,243
152,103,255
127,97,224
143,86,229
139,108,247
164,120,284
175,95,270
181,101,282
160,89,249
143,95,238
148,105,253
140,139,279
168,114,282
164,110,274
171,110,281
131,122,253
166,112,278
152,116,268
147,134,281
141,143,284
135,152,287
119,160,279
124,155,279
133,149,282
124,148,272
116,154,270
115,157,272
122,167,289
119,169,288
109,173,282
130,170,300
125,171,296
114,170,284
132,155,287
145,144,289
144,139,283
127,137,264
129,139,268
123,138,261
124,142,266
128,145,273
126,148,274
141,134,275
150,155,305
157,159,316
145,153,298
152,152,304
145,151,296
132,150,282
131,155,286
134,161,295
135,162,297
135,171,306
130,172,302
125,180,305
125,185,310
137,177,314
141,179,320
141,186,327
140,173,313
140,178,318
140,183,323
135,182,317
145,182,327
146,183,329
135,190,325
136,182,318
147,177,324
147,176,323
146,171,317
137,173,310
135,178,313
127,182,309
137,172,309
138,178,316
135,180,315
133,177,310
135,177,312
142,178,320
130,181,311
141,178,319
134,179,313
141,180,321
130,182,312
140,180,320
134,179,313
143,179,322
134,179,313
142,179,321
133,180,313
141,188,329
134,193,327
141,186,327
133,191,324
149,175,324
143,180,323
143,182,325
135,177,312
135,180,315
142,177,319
132,188,320
136,306,442
130,314,444
138,309,447
234,229,463
279,206,485
299,190,489
165,173,338
178,158,336
160,153,313
161,154,315
162,159,321
165,146,311
189,110,299
183,102,285
169,92,261
133,97,230
121,103,224
117,113,230
121,107,228
111,102,213
114,95,209
99,100,199
116,94,210
113,119,232
120,132,252
106,159,265
116,169,285
124,162,286
132,159,291
129,187,316
127,198,325
118,207,325
115,209,324
181,153,334
180,136,316
193,128,321
131,128,259
157,203,360
270,170,440
320,117,437
306,105,411
197,119,316
146,113,259
144,104,248
143,96,239
128,98,226
123,103,226
116,97,213
103,103,206
128,98,226
102,91,193
120,98,218
104,102,206
120,100,220
124,129,253
123,140,263
97,139,236
114,150,264
136,160,296
114,168,282
122,175,297
116,182,298
107,185,292
134,173,307
136,176,312
164,170,334
170,168,338
174,168,342
173,152,325
200,109,309
201,101,302
185,101,286
134,101,235
137,99,236
141,111,252
132,105,237
144,134,278
168,125,293
175,113,288
202,113,315
174,118,292
171,135,306
146,145,291
140,136,276
139,109,248
167,94,261
147,88,235
137,95,232
117,97,214
114,111,225
126,117,243
120,116,236
127,105,232
119,109,228
96,132,228
107,147,254
120,155,275
119,162,281
129,156,285
135,156,291
134,157,291
120,185,305
104,183,287
120,179,299
123,174,297
156,127,283
181,105,286
184,88,272
160,106,266
163,123,286
153,141,294
153,139,292
123,132,255
115,118,233
138,107,245
132,100,232
129,113,242
116,110,226
135,100,235
134,92,226
136,87,223
124,80,204
125,94,219
126,92,218
129,116,245
142,130,272
144,134,278
152,137,289
140,142,282
137,144,281
131,151,282
132,163,295
123,161,284
124,168,292
128,171,299
155,158,313
159,156,315
156,171,327
137,174,311
128,177,305
138,182,320
139,187,326
141,195,336
141,200,341
155,188,343
153,223,376
150,250,400
135,267,402
164,264,428
178,237,415
222,178,400
227,146,373
238,107,345
208,160,368
197,152,349
154,147,301
148,126,274
91,129,220
129,126,255
132,87,219
172,109,281
137,118,255
140,124,264
132,127,259
126,131,257
123,133,256
124,142,266
115,144,259
123,153,276
130,148,278
143,141,284
146,138,284
153,158,311
140,175,315
132,191,323
127,182,309
138,168,306
144,161,305
139,147,286
142,173,315
144,172,316
126,168,294
109,162,271
132,144,276
126,131,257
154,115,269
147,103,250
129,91,220
132,87,219
137,158,295
141,145,286
149,142,291
136,141,277
99,142,241
119,169,288
94,169,263
125,155,280
149,134,283
140,124,264
110,115,225
139,97,236
130,87,217
136,106,242
128,114,242
152,143,295
171,117,288
204,114,318
192,128,320
161,136,297
152,123,275
148,111,259
125,98,223
134,87,221
131,140,271
133,136,269
143,120,263
148,105,253
125,99,224
119,95,214
113,98,211
120,96,216
131,127,258
138,131,269
164,115,279
175,137,312
164,132,296
148,119,267
149,95,244
158,120,278
159,116,275
158,100,258
141,96,237
141,88,229
139,148,287
144,156,300
152,149,301
137,144,281
113,143,256
139,129,268
142,114,256
136,97,233
147,83,230
144,120,264
136,118,254
139,113,252
131,103,234
134,82,216
142,110,252
135,125,260
134,121,255
146,100,246
157,116,273
184,125,309
175,115,290
155,105,260
136,83,219
146,137,283
159,130,289
143,130,273
140,119,259
100,99,199
141,109,250
153,115,268
146,113,259
148,108,256
149,97,246
153,136,289
168,131,299
172,131,303
162,124,286
150,124,274
170,101,271
179,105,284
181,86,267
162,109,271
150,104,254
142,97,239
150,95,245
149,85,234
149,106,255
143,107,250
142,116,258
155,90,245
162,86,248
160,113,273
154,100,254
151,107,258
139,104,243
125,94,219
132,88,220
112,94,206
122,97,219
106,88,194
125,87,212
112,83,195
120,79,199
122,114,236
120,126,246
129,117,246
134,130,264
128,139,267
121,143,264
124,148,272
127,151,278
138,143,281
138,163,301
136,161,297
120,158,278
123,158,281
121,151,272
121,147,268
123,140,263
118,139,257
123,143,266
105,142,247
123,148,271
127,146,273
130,150,280
118,142,260
128,139,267
125,131,256
110,130,240
117,131,248
121,143,264
131,141,272
130,145,275
132,159,291
128,153,281
119,156,275
131,151,282
124,146,270
122,141,263
122,135,257
122,133,255
123,129,252
124,143,267
107,145,252
132,156,288
135,170,305
128,185,313
128,192,320
115,194,309
127,174,301
156,168,324
169,148,317
146,150,296
156,150,306
155,139,294
153,151,304
143,155,298
141,147,288
144,133,277
148,119,267
145,104,249
149,98,247
144,92,236
142,82,224
142,122,264
160,120,280
159,114,273
150,108,258
124,102,226
130,93,223
127,88,215
131,115,246
139,108,247
140,98,238
135,98,233
124,96,220
124,96,220
125,93,218
126,96,222
127,96,223
129,93,222
136,89,225
136,108,244
156,115,271
157,109,266
158,118,276
134,110,244
124,107,231
125,111,236
115,144,259
122,177,299
123,218,341
137,243,380
225,201,426
282,174,456
334,253,587
322,257,579
342,295,637
308,326,634
280,253,533
345,257,602
361,236,597
327,143,470
294,121,415
217,149,366
192,180,372
211,216,427
313,150,463
312,146,458
270,135,405
189,144,333
211,141,352
210,132,342
186,173,359
214,157,371
219,121,340
207,101,308
175,76,251
135,164,299
148,166,314
184,133,317
207,102,309
141,167,308
176,160,336
152,155,307
146,140,286
95,123,218
129,111,240
114,104,218
128,93,221
128,78,206
132,138,270
158,117,275
188,108,296
189,108,297
133,100,233
145,87,232
142,152,294
149,169,318
143,278,421
151,352,503
159,341,500
186,336,522
300,221,521
301,202,503
273,218,491
186,222,408
196,233,429
215,218,433
224,183,407
231,154,385
195,134,329
186,98,284
178,119,297
171,145,316
147,137,284
143,111,254
201,145,346
201,132,333
186,103,289
164,96,260
140,150,290
156,139,295
138,127,265
150,114,264
108,111,219
139,110,249
133,166,299
169,134,303
178,118,296
167,107,274
141,92,233
148,137,285
174,115,289
181,93,274
178,91,269
147,92,239
117,101,218
107,97,204
118,104,222
117,112,229
121,107,228
126,114,240
122,119,241
103,124,227
112,121,233
99,118,217
128,127,255
123,130,253
122,124,246
123,117,240
114,108,222
124,106,230
124,106,230
118,103,221
116,122,238
137,260,397
286,141,427
302,130,432
276,138,414
182,140,322
176,120,296
219,112,331
176,108,284
160,112,272
140,113,253
121,115,236
126,125,251
127,129,256
109,135,244
127,151,278
132,156,288
117,158,275
121,151,272
123,145,268
121,121,242
151,99,250
157,134,291
155,146,301
165,137,302
149,121,270
144,116,260
133,99,232
158,124,282
155,137,292
143,131,274
150,122,272
140,114,254
140,113,253
152,110,262
143,124,267
147,114,261
177,123,300
190,118,308
195,98,293
171,163,334
165,158,323
152,143,295
163,116,279
119,118,237
147,117,264
123,116,239
123,110,233
128,105,233
133,97,230
106,102,208
135,108,243
130,156,286
162,155,317
146,172,318
130,177,307
112,179,291
151,174,325
120,168,288
117,159,276
167,114,281
149,98,247
190,103,293
154,102,256
149,91,240
153,115,268
150,103,253
152,117,269
160,117,277
155,113,268
144,114,258
148,158,306
178,114,292
172,109,281
182,156,338
157,145,302
161,137,298
138,137,275
95,138,233
123,144,267
97,147,244
127,138,265
99,134,233
125,133,258
105,133,238
125,133,258
122,151,273
119,146,265
119,143,262
123,140,263
123,136,259
100,122,222
135,114,249
107,112,219
147,83,230
149,90,239
154,86,240
136,110,246
138,124,262
141,120,261
139,114,253
137,102,239
139,92,231
141,85,226
139,107,246
131,102,233
135,108,243
138,98,236
139,87,226
141,94,235
133,84,217
141,91,232
132,82,214
130,109,239
130,110,240
129,106,235
130,123,253
143,108,251
149,104,253
153,108,261
138,98,236
138,86,224
132,114,246
140,108,248
137,105,242
123,100,223
116,101,217
123,100,223
120,100,220
124,97,221
122,103,225
122,103,225
122,111,233
124,110,234
123,102,225
128,100,228
124,96,220
145,113,258
180,102,282
192,84,276
174,100,274
142,97,239
141,100,241
141,110,251
149,122,271
136,136,272
136,155,291
133,157,290
128,163,291
134,163,297
143,159,302
178,134,312
172,136,308
163,134,297
140,132,272
141,135,276
150,129,279
146,132,278
143,134,277
136,137,273
138,131,269
140,133,273
142,133,275
148,129,277
147,131,278
143,134,277
137,129,266
137,131,268
138,133,271
145,129,274
143,132,275
141,128,269
135,130,265
136,133,269
141,130,271
142,133,275
140,128,268
135,131,266
137,137,274
144,133,277
143,129,272
143,130,273
138,133,271
145,129,274
142,132,274
139,129,268
135,130,265
135,134,269
143,132,275
143,129,272
142,132,274
137,136,273
143,133,276
141,130,271
142,132,274
135,137,272
142,148,290
146,159,305
144,167,311
153,149,302
179,112,291
177,107,284
153,103,256
124,102,226
122,99,221
130,93,223
138,83,221
138,85,223
132,82,214
122,83,205
122,82,204
123,84,207
125,82,207
126,83,209
124,83,207
124,84,208
123,115,238
122,127,249
139,122,261
176,156,332
195,137,332
187,124,311
148,113,261
120,91,211
164,153,317
174,161,335
172,142,314
150,128,278
128,117,245
152,99,251
153,87,240
151,174,325
168,148,316
163,143,306
163,151,314
98,154,252
112,160,272
96,156,252
133,159,292
123,147,270
135,139,274
147,142,289
143,141,284
189,129,318
171,130,301
132,134,266
116,144,260
127,136,263
134,120,254
158,192,350
196,168,364
190,176,366
170,164,334
120,157,277
161,141,302
180,138,318
148,141,289
165,132,297
126,128,254
128,144,272
179,116,295
190,139,329
200,128,328
183,121,304
181,119,300
169,107,276
156,137,293
171,111,282
179,122,301
189,149,338
196,119,315
202,123,325
193,117,310
156,144,300
176,136,312
193,144,337
229,107,336
188,141,329
176,125,301
137,109,246
165,91,256
125,88,213
116,95,211
134,107,241
115,112,227
124,116,240
127,111,238
130,97,227
134,88,222
109,142,251
129,147,276
135,171,306
132,170,302
108,157,265
130,147,277
134,150,284
130,145,275
138,113,251
152,103,255
137,97,234
132,90,222
110,121,231
143,119,262
138,132,270
139,149,288
163,142,305
191,128,319
207,145,352
214,135,349
211,130,341
201,127,328
198,180,378
199,174,373
200,178,378
199,176,375
185,171,356
194,169,363
199,161,360
198,165,363
204,161,365
197,158,355
196,150,346
193,142,335
194,139,333
202,138,340
209,126,335
211,128,339
202,139,341
202,132,334
207,147,354
206,143,349
201,141,342
200,129,329
193,125,318
201,140,341
196,161,357
214,144,358
212,137,349
207,135,342
203,131,334
204,136,340
202,154,356
191,152,343
189,122,311
183,136,319
199,128,327
176,151,327
191,126,317
167,125,292
173,127,300
151,139,290
155,144,299
170,115,285
166,101,267
158,92,250
142,132,274
141,165,306
157,165,322
148,174,322
159,167,326
142,181,323
162,169,331
143,165,308
147,169,316
147,150,297
157,138,295
155,131,286
142,131,273
144,110,254
144,98,242
158,87,245
141,88,229
129,108,237
126,139,265
131,139,270
121,144,265
121,130,251
135,128,263
141,119,260
132,115,247
124,111,235
121,126,247
119,273,392
119,272,391
125,279,404
178,229,407
287,130,417
301,113,414
231,129,360
186,123,309
177,142,319
155,166,321
130,177,307
123,188,311
118,192,310
122,181,303
151,194,345
152,204,356
140,198,338
136,196,332
148,189,337
159,182,341
161,179,340
153,189,342
133,194,327
132,189,321
161,171,332
165,177,342
146,187,333
129,197,326
126,199,325
149,182,331
160,182,342
157,185,342
135,187,322
150,176,326
143,195,338
140,210,350
125,208,333
142,193,335
178,170,348
200,152,352
183,162,345
184,140,324
176,135,311
189,128,317
172,121,293
165,110,275
150,109,259
140,107,247
132,104,236
148,96,244
138,136,274
153,127,280
155,133,288
156,123,279
142,104,246
158,84,242
147,150,297
156,140,296
150,127,277
150,127,277
123,105,228
153,102,255
141,92,233
142,78,220
139,126,265
135,123,258
130,119,249
153,106,259
138,96,234
153,124,277
155,123,278
157,130,287
161,121,282
166,139,305
185,133,318
164,141,305
156,151,307
124,170,294
126,174,300
115,186,301
135,170,305
137,172,309
127,169,296
135,176,311
133,187,320
161,274,435
294,160,454
308,142,450
299,141,440
147,148,295
147,148,295
145,146,291
144,149,293
135,156,291
142,147,289
129,156,285
134,167,301
126,173,299
118,179,297
115,214,329
131,218,349
144,223,367
167,207,374
190,199,389
182,188,370
139,195,334
160,185,345
214,143,357
236,121,357
222,130,352
155,142,297
127,155,282
123,165,288
127,164,291
124,168,292
125,166,291
120,163,283
126,171,297
126,170,296
124,169,293
123,168,291
143,171,314
139,173,312
130,168,298
130,171,301
123,172,295
188,114,302
202,118,320
195,124,319
138,128,266
127,127,254
133,117,250
166,103,269
174,111,285
173,95,268
157,89,246
145,102,247
136,108,244
134,103,237
140,103,243
127,122,249
145,102,247
161,83,244
160,121,281
149,119,268
149,127,276
185,102,287
193,138,331
182,130,312
171,144,315
149,141,290
156,123,279
160,111,271
176,159,335
180,165,345
158,200,358
146,199,345
124,184,308
184,168,352
217,155,372
199,153,352
180,157,337
168,155,323
170,143,313
164,148,312
163,150,313
157,151,308
161,166,327
167,186,353
195,178,373
208,179,387
227,142,369
213,127,340
214,118,332
186,122,308
179,145,324
151,146,297
146,136,282
137,130,267
155,99,254
159,154,313
196,135,331
189,132,321
162,128,290
185,171,356
184,194,378
219,176,395
201,180,381
199,155,354
214,116,330
203,123,326
192,121,313
155,125,280
151,122,273
160,114,274
162,110,272
148,120,268
121,137,258
117,150,267
147,147,294
140,157,297
127,160,287
144,155,299
136,150,286
129,151,280
139,144,283
131,141,272
158,139,297
156,130,286
154,130,284
149,131,280
144,131,275
143,131,274
145,133,278
132,146,278
133,152,285
129,150,279
134,130,264
175,147,322
199,141,340
189,144,333
167,166,333
133,173,306
135,171,306
119,170,289
134,158,292
148,146,294
135,146,281
135,174,309
116,189,305
127,187,314
136,179,315
149,169,318
186,135,321
193,118,311
190,109,299
170,136,306
149,146,295
142,127,269
141,125,266
145,120,265
138,119,257
130,120,250
129,102,231
145,88,233
135,90,225
118,89,207
122,88,210
120,103,223
120,106,226
116,105,221
118,119,237
119,128,247
122,130,252
112,131,243
96,130,226
123,133,256
117,136,253
117,138,255
122,140,262
128,138,266
124,143,267
123,145,268
118,145,263
114,140,254
123,130,253
112,136,248
107,137,244
118,144,262
119,155,274
125,172,297
120,185,305
117,189,306
114,197,311
138,184,322
148,190,338
144,202,346
135,185,320
174,143,317
192,121,313
152,99,251
164,87,251
145,82,227
123,77,200
99,158,257
110,168,278
116,194,310
122,193,315
70,198,268
130,167,297
162,163,325
192,168,360
174,176,350
166,170,336
160,175,335
155,164,319
167,138,305
169,120,289
167,105,272
164,94,258
157,82,239
143,84,227
121,85,206
91,86,177
106,121,227
129,114,243
132,115,247
134,113,247
120,116,236
121,114,235
124,115,239
118,106,224
129,107,236
119,108,227
124,109,233
117,114,231
128,119,247
127,124,251
127,132,259
131,132,263
134,160,294
137,173,310
128,170,298
139,156,295
153,155,308
156,131,287
160,130,290
200,142,342
208,155,363
229,160,389
227,164,391
237,235,472
285,180,465
267,152,419
258,137,395
159,128,287
163,115,278
161,125,286
180,164,344
204,169,373
259,120,379
245,131,376
222,164,386
183,193,376
196,157,353
203,143,346
197,142,339
159,141,300
143,144,287
147,135,282
151,120,271
154,103,257
138,97,235
129,92,221
111,91,202
125,91,216
128,149,277
155,140,295
165,133,298
166,139,305
131,150,281
140,161,301
133,155,288
143,139,282
147,117,264
149,91,240
153,96,249
149,85,234
142,108,250
142,90,232
152,138,290
158,130,288
149,122,271
152,115,267
143,93,236
155,121,276
157,128,285
147,113,260
158,109,267
149,109,258
137,103,240
150,98,248
146,93,239
146,108,254
139,100,239
145,92,237
146,99,245
133,97,230
134,85,219
138,106,244
144,106,250
146,95,241
143,86,229
148,92,240
131,88,219
100,83,183
124,83,207
113,118,231
129,132,261
127,141,268
132,146,278
130,145,275
123,149,272
129,156,285
107,161,268
129,158,287
140,145,285
132,151,283
122,156,278
144,128,272
188,113,301
195,100,295
195,110,305
152,105,257
164,128,292
176,111,287
183,115,298
186,96,282
164,123,287
163,117,280
155,105,260
157,86,243
152,124,276
159,123,282
158,111,269
155,104,259
153,97,250
156,106,262
152,109,261
148,108,256
148,93,241
158,117,275
159,121,280
164,110,274
152,109,261
161,100,261
155,106,261
157,95,252
161,122,283
159,279,438
153,296,449
160,292,452
184,285,469
221,238,459
135,239,374
187,224,411
208,200,408
221,166,387
201,161,362
200,149,349
163,152,315
159,151,310
142,156,298
144,157,301
143,149,292
143,151,294
139,182,321
144,177,321
144,175,319
165,159,324
169,141,310
179,126,305
169,116,285
151,107,258
152,93,245
157,153,310
168,142,310
183,171,354
202,155,357
191,151,342
184,136,320
176,126,302
177,120,297
167,124,291
165,151,316
167,160,327
189,140,329
195,136,331
192,126,318
169,111,280
159,103,262
162,164,326
158,166,324
166,155,321
164,142,306
146,123,269
161,112,273
164,98,262
167,130,297
170,124,294
163,121,284
161,122,283
142,121,263
149,115,264
153,110,263
156,107,263
158,128,286
152,147,299
157,140,297
174,127,301
176,118,294
186,92,278
178,92,270
164,92,256
135,116,251
140,119,259
127,137,264
131,137,268
139,127,266
143,133,276
135,139,274
118,137,255
121,131,252
130,131,261
115,120,235
135,112,247
143,91,234
157,111,268
150,118,268
147,119,266
146,113,259
156,97,253
160,142,302
160,144,304
154,138,292
148,138,286
137,147,284
145,146,291
159,124,283
155,111,266
152,117,269
131,121,252
124,123,247
128,119,247
130,121,251
133,117,250
127,109,236
138,114,252
130,116,246
130,123,253
128,134,262
106,142,248
118,139,257
140,131,271
148,181,329
217,188,405
295,119,414
314,131,445
245,150,395
170,154,324
156,155,311
133,163,296
129,151,280
127,145,272
131,139,270
154,119,273
149,116,265
136,112,248
124,110,234
126,120,246
138,140,278
139,145,284
130,144,274
129,146,275
120,136,256
130,143,273
123,163,286
123,176,299
116,182,298
132,173,305
136,195,331
139,214,353
114,233,347
135,223,358
165,204,369
183,179,362
196,170,366
167,173,340
147,183,330
128,196,324
127,218,345
137,223,360
151,225,376
174,218,392
167,208,375
181,179,360
169,166,335
156,156,312
156,136,292
152,130,282
142,127,269
121,122,243
137,109,246
113,99,212
137,98,235
124,156,280
179,115,294
205,147,352
213,161,374
179,150,329
160,131,291
174,97,271
173,146,319
172,160,332
145,164,309
138,173,311
135,182,317
136,194,330
147,204,351
147,208,355
139,216,355
148,219,367
173,183,356
149,165,314
173,154,327
156,156,312
145,159,304
142,155,297
148,148,296
168,124,292
166,114,280
167,126,293
185,117,302
191,105,296
189,115,304
164,115,279
167,122,289
161,116,277
160,147,307
181,120,301
175,108,283
184,102,286
141,110,251
142,122,264
143,118,261
146,141,287
176,100,276
170,87,257
160,120,280
143,100,243
159,77,236
152,118,270
131,151,282
140,132,272
156,140,296
182,107,289
195,115,310
187,103,290
167,144,311
157,133,290
147,112,259
152,103,255
150,89,239
157,120,277
156,110,266
148,130,278
166,114,280
153,103,256
157,114,271
157,106,263
157,92,249
146,122,268
148,136,284
156,159,315
197,158,355
224,129,353
217,120,337
193,126,319
168,126,294
181,115,296
165,101,266
154,127,281
164,121,285
177,111,288
180,94,274
175,164,339
188,145,333
194,132,326
220,148,368
218,112,330
210,91,301
181,117,298
141,120,261
157,90,247
166,110,276
158,117,275
119,123,242
128,122,250
132,110,242
123,112,235
138,121,259
122,162,284
124,184,308
113,179,292
127,178,305
142,170,312
149,150,299
137,145,282
139,148,287
122,143,265
120,143,263
134,128,262
154,111,265
133,105,238
145,103,248
118,102,220
117,107,224
121,103,224
122,96,218
126,87,213
129,83,212
127,85,212
113,117,230
124,134,258
130,139,269
140,138,278
135,143,278
141,132,273
135,148,283
137,158,295
132,162,294
125,163,288
147,146,293
156,149,305
140,153,293
129,156,285
128,155,283
125,157,282
120,160,280
123,147,270
148,143,291
141,143,284
145,132,277
125,139,264
139,139,278
127,145,272
133,171,304
140,172,312
129,169,298
139,167,306
135,183,318
124,195,319
119,207,326
132,202,334
165,177,342
176,175,351
185,161,346
167,148,315
175,128,303
160,146,306
162,164,326
142,165,307
182,121,303
170,123,293
170,124,294
125,132,257
133,134,267
140,125,265
140,106,246
153,105,258
151,119,270
145,149,294
145,150,295
156,149,305
180,119,299
170,116,286
167,124,291
139,137,276
141,149,290
138,155,293
193,146,339
218,165,383
229,187,416
189,188,377
170,175,345
183,169,352
182,149,331
201,133,334
194,122,316
170,118,288
139,123,262
126,128,254
123,163,286
119,175,294
126,170,296
140,149,289
149,130,279
135,130,265
127,118,245
137,126,263
137,121,258
118,120,238
127,125,252
120,131,251
115,132,247
125,149,274
127,159,286
123,166,289
133,163,296
141,167,308
133,170,303
117,179,296
123,181,304
125,187,312
145,158,303
189,126,315
222,115,337
202,117,319
188,119,307
160,110,270
151,111,262
132,123,255
114,138,252
115,168,283
121,172,293
132,164,296
124,162,286
131,167,298
117,165,282
125,160,285
134,148,282
137,144,281
139,139,278
129,140,269
125,156,281
118,151,269
122,153,275
123,147,270
122,143,265
131,147,278
132,171,303
129,185,314
127,179,306
131,180,311
141,184,325
136,188,324
128,195,323
135,201,336
140,202,342
140,204,344
153,188,341
170,177,347
165,187,352
135,187,322
128,190,318
141,168,309
149,153,302
145,138,283
157,132,289
145,139,284
144,125,269
136,106,242
150,98,248
150,88,238
144,78,222
122,106,228
137,114,251
153,126,279
191,128,319
204,145,349
222,115,337
191,114,305
172,131,303
170,101,271
182,87,269
167,115,282
152,115,267
154,158,312
175,156,331
170,178,348
163,201,364
113,194,307
163,189,352
148,197,345
141,215,356
148,187,335
152,198,350
150,340,490
176,292,468
211,267,478
309,165,474
271,141,412
259,116,375
188,111,299
182,99,281
151,116,267
164,143,307
177,134,311
198,133,331
174,142,316
153,135,288
166,109,275
171,103,274
151,104,255
146,93,239
147,104,251
142,98,240
134,98,232
132,92,224
133,148,281
170,127,297
180,120,300
184,173,357
172,167,339
187,202,389
164,228,392
110,245,355
127,255,382
184,222,406
193,222,415
205,204,409
168,209,377
180,196,376
185,180,365
170,167,337
170,157,327
154,148,302
135,148,283
103,157,260
113,154,267
123,155,278
127,149,276
130,164,294
127,175,302
125,187,312
119,190,309
129,194,323
136,200,336
139,196,335
145,190,335
149,217,366
155,206,361
150,208,358
159,196,355
168,171,339
188,159,347
177,169,346
141,195,336
122,207,329
118,201,319
121,175,296
169,148,317
174,142,316
124,143,267
134,134,268
137,124,261
146,108,254
141,118,259
140,136,276
143,149,292
143,157,300
142,153,295
139,152,291
141,152,293
139,160,299
126,159,285
130,165,295
128,163,291
146,150,296
149,144,293
167,120,287
168,109,277
161,109,270
125,110,235
122,110,232
125,123,248
118,129,247
125,134,259
126,129,255
143,111,254
139,125,264
137,129,266
121,132,253
129,136,265
129,129,258
128,135,263
120,164,284
128,167,295
134,160,294
129,158,287
130,156,286
117,154,271
123,160,283
119,154,273
122,149,271
121,149,270
126,157,283
123,161,284
114,164,278
121,166,287
125,166,291
119,158,277
130,162,292
134,166,300
127,167,294
125,162,287
123,165,288
119,172,291
116,193,309
121,193,314
270,125,395
298,129,427
299,121,420
165,121,286
160,111,271
165,94,259
166,119,285
152,129,281
156,122,278
142,122,264
164,132,296
196,126,322
219,108,327
216,115,331
177,121,298
153,115,268
132,110,242
130,114,244
111,110,221
123,110,233
127,105,232
132,99,231
138,90,228
125,89,214
120,89,209
122,83,205
134,98,232
129,99,228
127,96,223
130,94,224
131,107,238
138,106,244
127,112,239
136,98,234
149,151,300
168,149,317
147,153,300
147,146,293
126,140,266
120,138,258
130,148,278
127,140,267
138,133,271
145,127,272
153,124,277
128,124,252
129,120,249
126,118,244
122,112,234
123,119,242
128,167,295
172,133,305
185,116,301
172,105,277
151,156,307
173,144,317
181,125,306
169,104,273
163,145,308
185,202,387
244,136,380
252,142,394
238,143,381
155,148,303
165,154,319
169,165,334
162,148,310
177,126,303
165,112,277
165,101,266
164,150,314
213,144,357
219,137,356
226,114,340
164,101,265
164,86,250
156,120,276
161,109,270
148,101,249
155,97,252
147,85,232
147,118,265
140,111,251
132,105,237
139,95,234
138,117,255
149,107,256
148,97,245
134,88,222
128,133,261
143,126,269
157,109,266
155,102,257
146,93,239
145,129,274
150,113,263
146,101,247
150,91,241
135,120,255
147,110,257
144,111,255
135,101,236
132,86,218
143,116,259
146,109,255
143,103,246
142,96,238
137,89,226
140,128,268
141,120,261
144,108,252
148,121,269
139,181,320
188,149,337
201,131,332
214,105,319
169,85,254
161,109,270
151,99,250
146,89,235
145,152,297
149,143,292
159,142,301
191,106,297
163,103,266
172,101,273
134,108,242
111,127,238
121,148,269
121,157,278
121,201,322
130,208,338
141,192,333
148,196,344
178,153,331
187,106,293
229,122,351
200,134,334
168,122,290
156,111,267
162,90,252
162,134,296
151,128,279
138,107,245
163,147,310
143,151,294
184,131,315
175,107,282
194,151,345
180,179,359
136,185,321
133,192,325
107,189,296
137,190,327
152,196,348
150,197,347
150,195,345
122,192,314
174,139,313
183,120,303
183,100,283
145,89,234
152,137,289
153,133,286
156,110,266
153,109,262
135,121,256
160,118,278
182,130,312
193,104,297
194,90,284
155,132,287
151,125,276
149,119,268
179,125,304
172,120,292
187,119,306
146,107,253
169,156,325
183,151,334
185,148,333
176,209,385
150,205,355
149,190,339
146,188,334
184,134,318
187,112,299
198,93,291
156,143,299
159,139,298
162,124,286
178,164,342
192,137,329
205,108,313
195,103,298
159,124,283
162,133,295
171,139,310
189,126,315
178,161,339
179,166,345
170,152,322
171,166,337
170,170,340
168,154,322
179,115,294
196,94,290
193,143,336
187,132,319
176,128,304
170,128,298
150,129,279
136,135,271
120,153,273
114,172,286
122,185,307
122,185,307
113,180,293
137,149,286
161,133,294
166,130,296
138,129,267
120,130,250
120,133,253
118,128,246
123,125,248
123,119,242
127,114,241
126,124,250
126,141,267
129,143,272
127,137,264
144,131,275
138,134,272
124,141,265
118,147,265
125,162,287
135,193,328
136,192,328
119,186,305
132,180,312
200,115,315
210,132,342
226,125,351
174,115,289
140,133,273
175,128,303
173,128,301
155,129,284
141,138,279
136,145,281
126,144,270
136,142,278
142,146,288
146,149,295
141,142,283
151,129,280
142,131,273
138,133,271
128,135,263
144,125,269
158,113,271
150,111,261
154,112,266
124,125,249
124,128,252
119,139,258
127,161,288
126,175,301
125,175,300
132,189,321
141,204,345
135,221,356
142,261,403
143,292,435
202,229,431
223,197,420
243,190,433
211,198,409
195,210,405
175,221,396
187,214,401
199,198,397
204,186,390
223,147,370
192,149,341
198,131,329
171,148,319
164,147,311
148,138,286
157,127,284
158,125,283
154,116,270
159,100,259
161,81,242
150,110,260
147,131,278
137,134,271
151,152,303
210,142,352
176,142,318
158,148,306
113,144,257
137,131,268
135,129,264
131,120,251
144,103,247
140,217,357
130,278,408
122,302,424
133,312,445
243,199,442
287,151,438
260,133,393
188,117,305
148,105,253
156,89,245
149,158,307
162,158,320
162,142,304
141,148,289
174,104,278
204,137,341
214,136,350
179,125,304
166,114,280
166,120,286
166,120,286
169,122,291
159,99,258
166,106,272
150,101,251
151,125,276
147,119,266
156,100,256
159,92,251
136,116,252
164,114,278
173,121,294
169,138,307
185,126,311
204,105,309
203,106,309
179,114,293
160,121,281
168,144,312
172,131,303
194,173,367
216,141,357
177,140,317
175,128,303
155,135,290
177,130,307
186,110,296
159,96,255
151,113,264
144,135,279
147,137,284
156,134,290
152,133,285
180,120,300
188,111,299
194,120,314
174,106,280
172,106,278
166,93,259
160,148,308
155,163,318
164,143,307
156,128,284
134,119,253
178,127,305
167,131,298
186,165,351
177,130,307
187,120,307
205,143,348
200,147,347
220,125,345
210,121,331
173,113,286
157,137,294
154,151,305
153,143,296
147,153,300
165,145,310
181,131,312
195,121,316
211,87,298
178,104,282
158,104,262
130,110,240
139,136,275
134,149,283
140,137,277
153,128,281
162,132,294
182,109,291
171,109,280
177,112,289
148,109,257
146,108,254
155,102,257
151,112,263
137,124,261
137,119,256
141,122,263
148,118,266
150,117,267
148,114,262
159,122,281
168,110,278
177,94,271
164,96,260
148,97,245
144,83,227
138,88,226
136,92,228
133,97,230
134,93,227
139,97,236
130,128,258
127,124,251
149,111,260
186,122,308
196,95,291
189,118,307
175,125,300
150,111,261
145,100,245
141,94,235
107,139,246
156,133,289
160,135,295
191,111,302
175,106,281
178,103,281
140,130,270
163,112,275
163,96,259
157,86,243
146,117,263
151,126,277
153,115,268
153,107,260
153,101,254
150,124,274
186,143,329
191,149,340
188,145,333
148,140,288
140,120,260
151,103,254
161,93,254
153,101,254
148,89,237
150,111,261
141,119,260
146,117,263
137,128,265
166,199,365
275,97,372
285,114,399
258,108,366
170,88,258
167,91,258
140,97,237
131,105,236
147,107,254
174,141,315
203,131,334
192,131,323
193,123,316
177,115,292
176,163,339
236,116,352
213,110,323
215,128,343
163,151,314
171,177,348
164,180,344
166,171,337
157,168,325
164,165,329
132,162,294
152,178,330
142,181,323
144,188,332
119,197,316
120,194,314
141,175,316
163,159,322
165,144,309
179,120,299
143,105,248
162,96,258
146,119,265
164,102,266
172,102,274
187,129,316
173,88,261
189,99,288
169,86,255
146,145,291
143,157,300
143,152,295
126,153,279
116,147,263
134,138,272
137,130,267
144,114,258
148,102,250
161,97,258
156,109,265
144,97,241
150,91,241
144,120,264
141,111,252
157,111,268
151,105,256
148,99,247
153,82,235
140,100,240
134,113,247
150,113,263
148,117,265
144,122,266
143,113,256
147,97,244
154,114,268
149,109,258
154,97,251
146,87,233
142,89,231
130,86,216
131,110,241
139,102,241
140,97,237
140,129,269
147,125,272
152,113,265
150,99,249
137,86,223
145,103,248
142,89,231
140,98,238
146,91,237
140,114,254
138,115,253
143,103,246
138,103,241
141,94,235
116,85,201
132,120,252
141,122,263
140,114,254
139,104,243
134,120,254
167,96,263
168,109,277
165,102,267
144,104,248
148,106,254
153,105,258
143,100,243
151,111,262
153,107,260
174,110,284
165,107,272
155,107,262
133,127,260
117,123,240
129,114,243
137,106,243
122,101,223
122,100,222
124,100,224
122,101,223
121,96,217
124,89,213
125,94,219
128,117,245
129,131,260
137,139,276
127,143,270
135,129,264
151,114,265
162,109,271
143,110,253
135,104,239
127,96,223
133,95,228
125,104,229
124,103,227
119,102,221
129,100,229
122,113,235
128,106,234
137,92,229
154,95,249
148,98,246
139,101,240
127,98,225
136,113,249
143,118,261
137,135,272
120,145,265
115,141,256
125,137,262
134,128,262
131,128,259
125,127,252
119,121,240
120,115,235
120,114,234
126,117,243
103,122,225
126,119,245
113,120,233
137,94,231
154,82,236
152,99,251
129,91,220
142,107,249
160,114,274
177,94,271
173,97,270
155,108,263
149,100,249
143,122,265
165,125,290
172,131,303
177,139,316
151,156,307
162,163,325
163,181,344
187,190,377
183,180,363
176,172,348
136,167,303
132,159,291
127,156,283
140,156,296
134,158,292
129,147,276
130,146,276
124,149,273
144,160,304
129,171,300
142,169,311
137,176,313
133,169,302
132,185,317
130,192,322
139,191,330
135,222,357
140,219,359
143,217,360
171,201,372
171,187,358
196,167,363
177,163,340
168,154,322
150,157,307
151,156,307
151,174,325
151,168,319
150,170,320
182,138,320
183,137,320
183,140,323
143,137,280
141,139,280
142,139,281
140,147,287
142,148,290
138,143,281
143,147,290
147,139,286
150,139,289
147,143,290
151,136,287
143,137,280
145,136,281
147,131,278
148,135,283
151,137,288
146,139,285
152,143,295
145,151,296
146,147,293
137,155,292
138,158,296
137,161,298
138,161,299
143,164,307
141,171,312
139,176,315
141,178,319
141,180,321
143,183,326
140,187,327
141,184,325
141,180,321
141,181,322
143,186,329
152,175,327
158,170,328
158,173,331
153,172,325
146,163,309
149,163,312
156,155,311
156,152,308
153,154,307
145,149,294
140,154,294
141,153,294
143,153,296
139,157,296
143,150,293
137,144,281
177,107,284
186,126,312
198,124,322
195,149,344
205,160,365
213,170,383
195,159,354
181,147,328
160,138,298
160,130,290
150,126,276
139,121,260
119,122,241
127,117,244
125,112,237
122,127,249
120,143,263
123,152,275
131,153,284
150,172,322
156,211,367
156,206,362
148,207,355
139,211,350
178,153,331
199,142,341
204,124,328
165,200,365
181,183,364
170,208,378
171,333,504
102,333,435
142,320,462
237,226,463
285,167,452
328,129,457
200,96,296
199,115,314
169,109,278
157,90,247
139,82,221
133,143,276
123,153,276
119,150,269
120,140,260
89,134,223
116,129,245
128,124,252
115,117,232
125,115,240
125,126,251
134,113,247
136,108,244
133,104,237
116,96,212
134,113,247
123,122,245
151,101,252
162,118,280
166,114,280
111,160,271
149,166,315
169,150,319
154,148,302
169,147,316
147,152,299
155,157,312
155,154,309
129,153,282
173,123,296
168,125,293
171,112,283
153,137,290
160,119,279
152,119,271
155,137,292
118,149,267
91,160,251
111,159,270
136,174,310
137,188,325
121,227,348
114,228,342
139,193,332
185,160,345
196,139,335
191,172,363
211,151,362
187,145,332
169,147,316
131,141,272
167,104,271
169,110,279
169,127,296
143,130,273
160,113,273
171,109,280
160,103,263
143,104,247
131,109,240
118,115,233
120,123,243
99,132,231
123,149,272
107,147,254
123,155,278
116,167,283
105,177,282
112,171,283
117,168,285
142,149,291
173,114,287
185,111,296
169,118,287
156,105,261
172,128,300
181,117,298
177,106,283
187,105,292
135,103,238
131,99,230
124,100,224
128,96,224
139,130,269
145,133,278
149,121,270
131,119,250
133,128,261
123,129,252
122,153,275
124,165,289
131,165,296
141,157,298
141,151,292
155,142,297
151,161,312
110,175,285
135,179,314
131,187,318
136,188,324
130,197,327
131,184,315
146,170,316
145,148,293
177,115,292
180,96,276
182,114,296
171,163,334
179,146,325
181,125,306
169,125,294
140,110,250
166,147,313
180,150,330
176,151,327
152,152,304
159,171,330
165,192,357
161,191,352
169,180,349
159,198,357
161,239,400
165,224,389
188,186,374
225,133,358
235,103,338
226,123,349
177,135,312
157,136,293
136,139,275
133,146,279
136,149,285
138,154,292
133,146,279
141,141,282
148,130,278
134,129,263
140,129,269
137,142,279
137,149,286
146,163,309
138,192,330
123,209,332
124,200,324
144,186,330
146,170,316
170,134,304
191,98,289
205,124,329
182,128,310
166,121,287
158,181,339
180,243,423
305,130,435
312,144,456
229,144,373
130,138,268
147,138,285
142,134,276
136,141,277
185,151,336
193,158,351
214,161,375
179,158,337
172,158,330
167,156,323
159,136,295
175,127,302
199,95,294
195,124,319
180,118,298
152,117,269
140,108,248
127,118,245
129,107,236
149,114,263
178,141,319
164,133,297
179,111,290
157,92,249
155,136,291
156,180,336
161,180,341
172,162,334
206,173,379
215,155,370
209,143,352
200,114,314
203,135,338
221,123,344
198,123,321
211,107,318
174,96,270
157,115,272
153,104,257
152,143,295
167,130,297
166,121,287
176,119,295
157,98,255
147,116,263
148,152,300
161,110,271
205,91,296
190,95,285
150,110,260
137,105,242
147,97,244
155,125,280
150,114,264
144,100,244
149,120,269
132,127,259
148,139,287
155,128,283
171,109,280
182,111,293
154,127,281
166,129,295
156,123,279
169,106,275
167,149,316
175,139,314
164,148,312
148,163,311
160,178,338
172,195,367
193,176,369
196,146,342
204,135,339
177,170,347
145,194,339
134,189,323
134,202,336
159,182,341
182,149,331
173,150,323
146,153,299
123,163,286
126,170,296
128,162,290
130,155,285
121,153,274
123,137,260
127,135,262
125,136,261
116,139,255
118,174,292
118,186,304
122,189,311
122,195,317
152,179,331
156,167,323
161,179,340
139,182,321
123,182,305
128,189,317
142,185,327
124,196,320
155,178,333
152,163,315
151,144,295
155,143,298
144,132,276
154,134,288
191,101,292
196,105,301
182,92,274
156,139,295
159,150,309
165,132,297
164,113,277
159,107,266
136,107,243
155,131,286
166,139,305
165,138,303
141,142,283
137,149,286
138,145,283
139,147,286
145,141,286
140,124,264
151,108,259
150,125,275
165,118,283
155,118,273
148,116,264
152,141,293
178,118,296
180,109,289
173,144,317
178,121,299
176,109,285
150,114,264
125,116,241
117,120,237
128,146,274
111,158,269
135,164,299
155,154,309
137,157,294
173,164,337
160,157,317
159,148,307
198,134,332
193,124,317
205,112,317
161,102,263
156,142,298
172,122,294
169,112,281
177,108,285
143,111,254
137,114,251
135,114,249
114,115,229
128,113,241
129,111,240
131,116,247
128,110,238
133,110,243
136,103,239
133,100,233
138,97,235
133,95,228
130,98,228
131,96,227
131,114,245
146,107,253
145,108,253
147,158,305
175,139,314
178,144,322
166,148,314
146,153,299
140,161,301
151,139,290
149,139,288
167,136,303
137,156,293
133,164,297
129,155,284
128,157,285
141,138,279
195,107,302
186,105,291
176,101,277
174,112,286
144,102,246
151,141,292
160,152,312
156,148,304
172,130,302
172,121,293
170,125,295
141,136,277
128,128,256
127,119,246
143,97,240
144,118,262
162,105,267
159,98,257
147,136,283
150,108,258
156,94,250
163,101,264
134,102,236
146,102,248
147,120,267
170,147,317
186,121,307
180,105,285
151,130,281
163,108,271
166,144,310
151,126,277
153,112,265
148,95,243
142,115,257
150,115,265
172,118,290
187,97,284
177,112,289
168,100,268
156,105,261
144,109,253
137,99,236
140,101,241
155,98,253
153,148,301
164,119,283
193,141,334
210,127,337
178,125,303
149,120,269
130,133,263
127,129,256
128,137,265
130,139,269
124,139,263
121,146,267
120,144,264
116,140,256
131,130,261
131,127,258
121,131,252
128,135,263
120,136,256
124,135,259
126,138,264
128,140,268
126,145,271
121,149,270
117,176,293
123,177,300
144,173,317
128,178,306
124,191,315
121,209,330
141,206,347
150,191,341
150,177,327
175,133,308
190,114,304
200,126,326
179,113,292
165,94,259
160,117,277
150,110,260
159,130,289
187,116,303
185,263,448
182,254,436
164,239,403
171,220,391
249,109,358
277,142,419
240,122,362
173,111,284
161,108,269
133,110,243
127,130,257
130,134,264
124,144,268
153,135,288
183,130,313
215,134,349
211,139,350
193,149,342
187,151,338
220,107,327
210,101,311
209,122,331
159,122,281
180,89,269
167,90,257
151,111,262
144,103,247
138,95,233
145,118,263
143,125,268
159,115,274
145,111,256
146,109,255
141,96,237
137,94,231
135,94,229
117,97,214
121,110,231
119,136,255
122,142,264
122,152,274
121,166,287
127,186,313
132,181,313
138,171,309
143,161,304
150,145,295
162,137,299
163,130,293
160,130,290
174,89,263
180,114,294
179,112,291
156,130,286
176,109,285
162,120,282
148,117,265
124,111,235
132,121,253
111,136,247
119,135,254
126,147,273
143,172,315
129,200,329
149,204,353
139,206,345
152,199,351
152,187,339
163,186,349
152,216,368
148,217,365
146,202,348
146,202,348
181,155,336
189,133,322
202,117,319
171,99,270
168,115,283
169,98,267
161,115,276
157,104,261
155,112,267
163,101,264
151,90,241
157,106,263
151,101,252
153,90,243
151,105,256
149,101,250
150,88,238
150,107,257
149,98,247
155,119,274
155,104,259
165,111,276
165,99,264
162,106,268
168,111,279
165,104,269
172,108,280
161,97,258
159,117,276
153,103,256
160,91,251
157,109,266
157,95,252
155,117,272
157,103,260
157,111,268
158,99,257
150,120,270
158,104,262
159,112,271
165,96,261
153,112,265
160,98,258
158,113,271
159,102,261
154,91,245
158,116,274
160,103,263
164,112,276
161,97,258
151,104,255
155,148,303
174,129,303
200,97,297
203,120,323
172,122,294
160,109,269
160,98,258
158,97,255
160,113,273
128,116,244
131,112,243
143,107,250
144,114,258
144,119,263
119,123,242
118,128,246
118,128,246
124,137,261
118,144,262
123,145,268
121,154,275
113,162,275
132,170,302
128,187,315
125,189,314
120,194,314
145,183,328
145,207,352
144,224,368
142,217,359
147,221,368
177,191,368
185,176,361
186,158,344
175,133,308
176,107,283
174,101,275
167,103,270
155,128,283
149,174,323
158,159,317
182,131,313
189,116,305
171,113,284
138,119,257
122,115,237
123,121,244
116,129,245
124,130,254
118,128,246
125,130,255
126,129,255
124,142,266
128,204,332
253,136,389
296,154,450
320,142,462
209,127,336
200,100,300
171,92,263
158,95,253
113,98,211
119,113,232
129,125,254
135,126,261
133,139,272
123,149,272
126,157,283
127,179,306
131,178,309
111,195,306
132,183,315
154,163,317
168,142,310
167,133,300
145,132,277
129,137,266
124,138,262
126,138,264
141,130,271
147,128,275
141,127,268
135,129,264
128,126,254
139,125,264
140,124,264
122,121,243
132,115,247
132,96,228
140,130,270
165,116,281
165,108,273
142,106,248
124,102,226
122,110,232
119,112,231
126,105,231
126,98,224
125,96,221
124,98,222
116,118,234
141,121,262
152,113,265
150,112,262
151,113,264
147,101,248
155,108,263
152,103,255
139,128,267
158,126,284
162,117,279
144,108,252
126,107,233
123,107,230
120,118,238
118,115,233
114,120,234
129,110,239
116,118,234
120,118,238
120,116,236
129,114,243
121,114,235
120,111,231
122,111,233
123,129,252
114,143,257
123,151,274
131,145,276
155,130,285
161,130,291
154,135,289
133,161,294
122,177,299
121,184,305
122,185,307
120,182,302
140,157,297
167,147,314
193,144,337
177,135,312
155,112,267
153,111,264
161,94,255
157,78,235
145,92,237
126,102,228
129,95,224
144,120,264
139,137,276
143,137,280
132,139,271
139,174,313
138,178,316
138,184,322
147,180,327
142,207,349
135,229,364
138,234,372
129,241,370
172,219,391
190,219,409
191,225,416
177,211,388
172,213,385
174,223,397
157,235,392
163,233,396
162,237,399
204,199,403
212,194,406
215,216,431
178,230,408
169,231,400
172,228,400
168,219,387
190,183,373
192,168,360
213,147,360
209,120,329
181,121,302
166,161,327
136,172,308
148,168,316
155,160,315
151,161,312
151,159,310
142,160,302
155,162,317
150,172,322
137,182,319
145,174,319
139,183,322
147,193,340
133,212,345
138,244,382
121,257,378
161,232,393
170,216,386
198,178,376
199,162,361
184,170,354
114,166,280
125,162,287
123,168,291
144,152,296
160,128,288
187,97,284
185,113,298
177,108,285
151,96,247
139,97,236
128,111,239
117,112,229
163,131,294
169,122,291
163,126,289
149,116,265
175,130,305
188,119,307
168,112,280
160,122,282
166,103,269
172,115,287
171,134,305
159,132,291
149,131,280
132,141,273
122,134,256
160,107,267
166,106,272
173,150,323
142,150,292
146,142,288
146,154,300
142,165,307
119,169,288
116,185,301
124,215,339
122,220,342
126,229,355
147,228,375
202,185,387
231,136,367
216,120,336
190,110,300
145,104,249
129,95,224
126,94,220
112,95,207
131,85,216
128,86,214
130,119,249
126,112,238
125,109,234
132,103,235
130,118,248
136,127,263
134,121,255
159,146,305
170,137,307
188,141,329
163,126,289
140,119,259
146,101,247
166,144,310
162,136,298
152,121,273
162,120,282
187,132,319
198,122,320
178,116,294
175,106,281
155,142,297
180,110,290
191,148,339
202,133,335
185,117,302
186,102,288
172,141,313
181,156,337
175,156,331
168,167,335
155,182,337
182,146,328
204,117,321
218,95,313
185,94,279
148,91,239
117,90,207
125,140,265
121,141,262
135,144,279
170,120,290
168,114,282
174,97,271
149,94,243
151,127,278
146,138,284
146,126,272
128,126,254
147,94,241
168,157,325
177,147,324
166,133,299
185,95,280
177,111,288
177,102,279
152,153,305
173,127,300
175,109,284
178,88,266
153,118,271
157,115,272
147,104,251
142,106,248
141,124,265
154,139,293
155,137,292
122,143,265
150,128,278
148,116,264
163,109,272
153,110,263
139,98,237
146,128,274
162,109,271
166,170,336
180,343,523
173,342,515
175,350,525
215,322,537
345,184,529
279,171,450
279,153,432
170,149,319
161,143,304
157,127,284
167,115,282
163,133,296
194,102,296
169,101,270
171,112,283
151,122,273
166,110,276
167,112,279
160,101,261
145,99,244
136,108,244
133,109,242
140,106,246
144,105,249
124,102,226
140,94,234
149,92,241
141,152,293
162,126,288
177,104,281
184,88,272
148,135,283
155,135,290
154,136,290
160,128,288
154,125,279
148,123,271
127,124,251
117,117,234
116,112,228
123,108,231
127,113,240
118,138,256
121,148,269
132,170,302
145,179,324
151,181,332
155,179,334
138,185,323
126,193,319
127,178,305
154,171,325
150,175,325
138,180,318
129,167,296
131,168,299
132,174,306
122,180,302
128,174,302
128,170,298
149,142,291
154,124,278
160,115,275
144,111,255
134,101,235
137,93,230
141,129,270
155,107,262
169,102,271
178,122,300
153,127,280
156,133,289
135,154,289
115,165,280
128,175,303
123,181,304
127,186,313
105,198,303
139,192,331
139,196,335
162,179,341
164,163,327
181,145,326
159,129,288
156,110,266
156,99,255
147,103,250
144,89,233
147,122,269
154,126,280
147,138,285
142,148,290
141,137,278
142,146,288
142,153,295
129,159,288
140,154,294
127,160,287
134,153,287
128,164,292
129,166,295
165,157,322
163,148,311
161,138,299
160,120,280
155,116,271
160,100,260
158,105,263
156,101,257
154,100,254
145,121,266
160,91,251
166,98,264
161,96,257
120,91,211
124,89,213
110,102,212
122,111,233
122,112,234
125,113,238
122,116,238
118,108,226
126,126,252
131,124,255
134,122,256
132,121,253
122,114,236
126,110,236
127,109,236
122,106,228
122,107,229
122,111,233
122,124,246
121,135,256
122,166,288
136,172,308
134,173,307
131,170,301
138,183,321
135,183,318
127,189,316
141,185,326
136,185,321
147,171,318
130,174,304
171,130,301
179,148,327
231,109,340
211,147,358
225,123,348
189,110,299
186,98,284
166,140,306
188,119,307
181,104,285
177,97,274
150,113,263
152,93,245
163,95,258
159,132,291
157,123,280
156,120,276
182,94,276
170,134,304
177,114,291
155,110,265
172,89,261
153,93,246
144,92,236
125,127,252
129,150,279
135,151,286
163,125,288
176,120,296
156,119,275
138,122,260
128,121,249
135,111,246
130,107,237
124,103,227
123,101,224
124,109,233
121,183,304
197,196,393
292,105,397
306,119,425
245,118,363
167,113,280
158,119,277
137,116,253
140,113,253
142,118,260
137,122,259
136,130,266
132,126,258
137,118,255
136,112,248
145,98,243
155,108,263
164,97,261
156,86,242
141,104,245
138,115,253
132,115,247
128,106,234
135,103,238
133,92,225
159,111,270
176,97,273
169,105,274
164,108,272
131,117,248
138,114,252
131,109,240
132,105,237
135,102,237
152,91,243
156,136,292
152,130,282
154,118,272
179,90,269
164,103,267
166,102,268
137,100,237
148,125,273
152,141,293
154,131,285
152,133,285
132,137,269
135,166,301
136,171,307
140,183,323
148,191,339
154,185,339
144,180,324
143,175,318
147,143,290
173,115,288
191,97,288
167,130,297
149,134,283
146,126,272
148,113,261
130,104,234
139,92,231
135,100,235
147,103,250
156,120,276
173,94,267
169,97,266
164,102,266
130,95,225
144,122,266
166,94,260
174,130,304
185,115,300
162,112,274
150,136,286
142,134,276
146,136,282
146,141,287
114,146,260
130,149,279
140,132,272
158,110,268
148,95,243
153,92,245
133,86,219
121,85,206
119,87,206
120,90,210
124,94,218
118,94,212
127,91,218
113,106,219
132,106,238
119,112,231
136,122,258
110,140,250
123,148,271
139,155,294
132,150,282
132,159,291
137,158,295
123,170,293
120,172,292
129,172,301
131,178,309
140,180,320
139,182,321
138,192,330
137,192,329
137,200,337
159,196,355
151,190,341
157,193,350
135,198,333
159,175,334
189,142,331
221,120,341
208,160,368
220,146,366
219,126,345
216,122,338
192,116,308
205,103,308
188,116,304
167,108,275
162,117,279
163,108,271
160,99,259
164,126,290
160,114,274
168,98,266
163,149,312
163,173,336
165,172,337
163,161,324
153,146,299
165,133,298
164,121,285
161,105,266
164,96,260
165,145,310
163,149,312
169,133,302
165,115,280
149,104,253
162,118,280
157,108,265
164,101,265
163,92,255
154,147,301
159,153,312
162,140,302
176,114,290
156,112,268
176,139,315
171,157,328
174,140,314
171,119,290
160,109,269
168,133,301
161,130,291
161,128,289
155,133,288
134,134,268
143,130,273
140,138,278
138,142,280
143,140,283
146,138,284
146,142,288
148,148,296
154,141,295
161,135,296
189,113,302
195,95,290
194,152,346
158,152,310
151,160,311
152,164,316
128,178,306
146,181,327
157,180,337
148,178,326
146,172,318
144,156,300
160,171,331
148,180,328
127,180,307
137,162,299
156,150,306
167,138,305
173,125,298
165,106,271
154,90,244
150,127,277
151,122,273
155,124,279
143,146,289
126,158,284
124,169,293
132,168,300
134,151,285
139,137,276
152,114,266
163,97,260
154,116,270
156,109,265
151,99,250
157,158,315
165,163,328
155,169,324
156,179,335
124,185,309
139,197,336
135,208,343
131,209,340
132,193,325
170,152,322
176,144,320
191,125,316
176,106,282
175,102,277
164,99,263
157,169,326
157,161,318
170,140,310
174,123,297
114,121,235
157,149,306
183,119,302
189,107,296
156,99,255
151,113,264
141,108,249
146,101,247
131,93,224
142,126,268
145,129,274
147,126,273
191,136,327
209,118,327
181,120,301
165,120,285
124,123,247
126,144,270
133,153,286
122,170,292
131,182,313
137,182,319
133,180,313
152,188,340
150,180,330
172,174,346
163,183,346
170,171,341
183,146,329
203,141,344
199,165,364
189,174,363
222,148,370
231,165,396
239,142,381
190,131,321
205,149,354
217,120,337
196,152,348
219,154,373
177,281,458
177,289,466
138,293,431
192,255,447
241,226,467
266,210,476
183,199,382
166,197,363
184,174,358
189,161,350
171,171,342
135,171,306
124,182,306
113,182,295
139,168,307
137,168,305
138,161,299
129,162,291
132,163,295
107,163,270
122,168,290
126,164,290
134,165,299
131,171,302
116,175,291
118,178,296
117,182,299
135,165,300
150,153,303
150,153,303
135,165,300
113,170,283
111,167,278
123,165,288
133,151,284
152,140,292
151,159,310
130,166,296
121,178,299
127,178,305
124,195,319
128,229,357
139,222,361
138,215,353
174,171,345
181,150,331
193,132,325
164,113,277
158,92,250
160,126,286
164,109,273
168,92,260
164,92,256
137,94,231
126,112,238
116,127,243
129,130,259
143,125,268
148,128,276
148,123,271
142,138,280
136,163,299
120,174,294
124,173,297
125,187,312
137,195,332
131,192,323
119,195,314
170,148,318
201,135,336
192,144,336
154,149,303
168,112,280
173,96,269
171,87,258
130,88,218
124,100,224
120,104,224
110,98,208
125,88,213
128,92,220
135,145,280
168,136,304
196,120,316
218,110,328
201,133,334
186,121,307
168,113,281
162,98,260
144,125,269
143,147,290
146,148,294
143,151,294
171,115,286
164,100,264
171,93,264
143,99,242
130,157,287
142,132,274
174,132,306
198,126,324
177,125,302
212,132,344
194,116,310
194,107,301
176,149,325
191,168,359
198,158,356
232,173,405
218,134,352
244,132,376
229,92,321
164,158,322
219,121,340
193,170,363
229,135,364
202,108,310
186,137,323
178,160,338
208,136,344
205,137,342
146,128,274
137,119,256
135,118,253
148,145,293
151,149,300
131,166,297
168,176,344
137,188,325
143,223,366
151,220,371
167,199,366
207,157,364
198,138,336
174,117,291
150,108,258
141,102,243
114,108,222
120,113,233
159,146,305
198,176,374
241,132,373
229,152,381
215,137,352
175,137,312
181,145,326
145,160,305
150,146,296
132,140,272
135,129,264
127,125,252
143,107,250
145,95,240
147,83,230
135,120,255
141,128,269
148,123,271
153,113,266
155,98,253
150,86,236
141,117,258
130,131,261
134,134,268
133,124,257
141,124,265
150,123,273
137,130,267
142,135,277
139,127,266
146,107,253
154,93,247
152,102,254
145,102,247
137,102,239
149,145,294
182,122,304
183,120,303
188,109,297
153,89,242
162,112,274
153,123,276
152,113,265
153,120,273
152,152,304
138,153,291
148,163,311
141,198,339
126,199,325
253,145,398
290,145,435
317,141,458
189,133,322
150,148,298
140,168,308
130,178,308
124,187,311
123,193,316
137,184,321
138,191,329
144,187,331
155,172,327
166,153,319
159,141,300
159,127,286
165,99,264
158,82,240
148,106,254
142,101,243
145,83,228
143,96,239
141,86,227
148,142,290
149,129,278
153,122,275
156,110,266
147,107,254
142,98,240
141,122,263
166,98,264
167,117,284
161,114,275
151,101,252
147,94,241
139,93,232
114,84,198
132,117,249
137,129,266
139,121,260
136,113,249
128,109,237
151,125,276
177,102,279
187,137,324
178,119,297
172,102,274
152,99,251
123,101,224
138,113,251
138,103,241
145,126,271
141,140,281
142,165,307
146,179,325
134,193,327
125,194,319
143,178,321
131,168,299
142,169,311
122,156,278
152,135,287
175,95,270
184,123,307
173,140,313
139,135,274
151,100,251
162,111,273
173,101,274
132,108,240
125,117,242
158,137,295
171,139,310
182,140,322
153,125,278
143,99,242
159,94,253
158,126,284
160,116,276
155,112,267
148,160,308
164,154,318
171,156,327
185,160,345
155,168,323
150,189,339
158,181,339
175,163,338
186,168,354
153,191,344
140,205,345
124,212,336
132,202,334
169,179,348
183,164,347
183,152,335
156,136,292
147,118,265
161,104,265
177,149,326
195,122,317
200,104,304
186,98,284
135,98,233
180,115,295
189,106,295
187,105,292
170,125,295
159,113,272
155,103,258
152,95,247
138,128,266
160,122,282
182,109,291
180,108,288
137,114,251
124,119,243
118,127,245
133,132,265
138,132,270
146,156,302
137,155,292
130,145,275
150,144,294
137,153,290
142,177,319
135,180,315
143,191,334
150,185,335
142,184,326
125,194,319
155,193,348
151,201,352
121,207,328
151,186,337
169,181,350
163,176,339
116,188,304
143,157,300
176,142,318
198,129,327
187,109,296
152,99,251
145,106,251
124,126,250
118,153,271
124,174,298
130,184,314
116,182,298
118,190,308
148,159,307
183,120,303
198,106,304
176,110,286
158,121,279
168,142,310
193,133,326
177,133,310
150,141,291
140,153,293
122,168,290
134,168,302
141,170,311
126,175,301
132,177,309
123,181,304
123,189,312
143,176,319
148,167,315
154,161,315
139,154,293
150,142,292
142,159,301
147,151,298
144,140,284
153,118,271
158,105,263
145,94,239
155,165,320
171,159,330
161,162,323
147,161,308
109,161,270
138,159,297
122,166,288
116,173,289
127,187,314
107,190,297
131,185,316
136,200,336
163,172,335
179,148,327
193,114,307
187,122,309
181,124,305
165,114,279
164,124,288
164,98,262
154,107,261
175,125,300
157,124,281
166,101,267
136,103,239
143,141,284
174,125,299
171,116,287
165,115,280
135,102,237
137,95,232
123,97,220
129,93,222
128,99,227
132,95,227
119,107,226
123,104,227
116,99,215
121,95,216
122,88,210
130,94,224
133,96,229
125,95,220
121,86,207
127,106,233
128,105,233
138,105,243
139,105,244
143,115,258
158,141,299
171,125,296
190,123,313
179,118,297
168,146,314
205,136,341
228,109,337
211,95,306
184,104,288
156,109,265
142,108,250
146,115,261
154,105,259
155,97,252
153,113,266
146,104,250
173,116,289
171,128,299
168,144,312
144,143,287
146,143,289
146,149,295
157,138,295
153,247,400
147,310,457
136,309,445
128,289,417
291,126,417
298,107,405
333,124,457
184,131,315
182,123,305
165,117,282
147,112,259
155,99,254
153,93,246
149,101,250
148,114,262
157,102,259
153,94,247
146,132,278
148,141,289
150,135,285
149,120,269
129,108,237
143,90,233
153,115,268
150,123,273
151,117,268
144,105,249
139,89,228
149,93,242
154,100,254
145,102,247
149,100,249
141,111,252
151,128,279
141,122,263
138,112,250
150,87,237
160,104,264
160,114,274
155,120,275
141,114,255
134,105,239
134,90,224
136,84,220
114,97,211
130,88,218
129,139,268
145,133,278
152,125,277
152,129,281
129,134,263
128,137,265
131,141,272
127,148,275
123,150,273
139,145,284
175,119,294
181,119,300
173,125,298
122,124,246
129,120,249
152,135,287
153,139,292
147,143,290
140,133,273
144,137,281
136,137,273
130,139,269
130,151,281
139,152,291
139,157,296
143,166,309
137,180,317
146,189,335
157,184,341
165,184,349
160,182,342
150,186,336
148,190,338
140,191,331
142,194,336
142,194,336
144,194,338
147,188,335
147,185,332
151,179,330
146,183,329
157,172,329
157,166,323
163,166,329
156,166,322
147,169,316
146,172,318
146,173,319
146,168,314
147,171,318
154,160,314
156,155,311
155,154,309
144,151,295
137,154,291
142,155,297
147,148,295
145,147,292
150,143,293
148,141,289
153,141,294
151,141,292
146,143,289
152,136,288
161,131,292
160,135,295
145,133,278
138,145,283
142,147,289
145,150,295
153,144,297
150,141,291
155,134,289
148,134,282
153,131,284
146,176,322
153,198,351
145,217,362
150,229,379
149,239,388
175,231,406
193,230,423
215,222,437
212,236,448
213,220,433
213,195,408
200,189,389
172,198,370
159,191,350
148,193,341
194,160,354
184,158,342
190,148,338
156,143,299
150,138,288
154,121,275
151,104,255
150,97,247
150,96,246
148,142,290
152,140,292
172,130,302
204,136,340
195,122,317
194,110,304
148,167,315
172,127,299
183,119,302
188,147,335
170,123,293
184,112,296
177,105,282
158,89,247
156,144,300
151,150,301
148,142,290
151,138,289
164,113,277
172,107,279
167,137,304
153,159,312
130,178,308
145,159,304
167,146,313
201,114,315
198,103,301
199,122,321
151,118,269
154,108,262
171,116,287
170,105,275
162,98,260
152,133,285
149,126,275
174,143,317
195,115,310
192,119,311
183,124,307
139,124,263
141,119,260
136,110,246
153,91,244
151,86,237
143,83,226
117,97,214
121,101,222
122,94,216
139,110,249
157,118,275
163,116,279
161,116,277
162,129,291
148,113,261
156,112,268
138,110,248
121,109,230
122,111,233
133,100,233
132,95,227
135,97,232
125,100,225
85,101,186
118,101,219
131,168,299
159,256,415
296,126,422
292,134,426
275,135,410
123,141,264
126,139,265
136,152,288
146,146,292
133,142,275
132,150,282
136,154,290
137,160,297
117,160,277
133,148,281
138,145,283
126,140,266
127,134,261
122,137,259
112,148,260
122,146,268
124,143,267
131,142,273
119,141,260
131,137,268
137,123,260
137,123,260
127,139,266
112,146,258
119,153,272
129,154,283
129,161,290
143,165,308
131,169,300
125,173,298
119,183,302
129,175,304
140,167,307
132,160,292
120,160,280
126,150,276
126,159,285
134,181,315
120,205,325
121,219,340
150,200,350
166,196,362
181,206,387
159,223,382
143,239,382
142,240,382
188,215,403
209,221,430
200,246,446
161,261,422
159,261,420
184,261,445
202,237,439
213,201,414
211,166,377
212,127,339
209,103,312
196,147,343
199,135,334
190,127,317
201,139,340
203,103,306
200,93,293
165,90,255
127,91,218
118,97,215
124,93,217
126,102,228
129,99,228
126,96,222
133,96,229
120,106,226
128,97,225
133,109,242
125,110,235
123,107,230
129,120,249
132,114,246
140,110,250
128,104,232
130,100,230
128,109,237
127,118,245
134,118,252
142,115,257
162,125,287
161,132,293
172,150,322
145,165,310
145,144,289
171,115,286
196,110,306
188,105,293
184,157,341
171,158,329
167,153,320
143,157,300
133,158,291
147,154,301
139,157,296
135,149,284
167,131,298
204,129,333
206,126,332
191,117,308
152,114,266
155,110,265
155,100,255
149,146,295
169,123,292
174,107,281
178,109,287
152,96,248
144,95,239
135,100,235
130,106,236
135,105,240
135,105,240
143,96,239
140,107,247
133,107,240
128,119,247
145,152,297
166,127,293
169,114,283
191,143,334
194,137,331
182,141,323
144,144,288
124,136,260
150,141,291
144,153,297
132,162,294
118,171,289
126,189,315
117,200,317
117,206,323
133,204,337
152,184,336
165,169,334
164,169,333
140,175,315
132,167,299
132,176,308
129,184,313
120,196,316
130,219,349
130,230,360
154,233,387
163,225,388
195,194,389
188,209,397
181,207,388
140,195,335
143,178,321
182,158,340
186,159,345
197,146,343
167,142,309
159,141,300
139,148,287
135,165,300
133,180,313
137,192,329
136,200,336
140,194,334
157,167,324
170,163,333
137,152,289
170,124,294
200,131,331
208,115,323
198,99,297
171,87,258
142,145,287
150,131,281
164,105,269
156,92,248
108,89,197
145,171,316
116,186,302
143,191,334
138,196,334
81,205,286
133,191,324
140,189,329
149,203,352
150,187,337
171,165,336
166,160,326
135,143,278
121,134,255
136,159,295
133,168,301
130,191,321
132,199,331
136,222,358
135,255,390
156,247,403
175,221,396
195,213,408
194,183,377
205,175,380
196,155,351
198,139,337
215,119,334
235,111,346
202,124,326
171,134,305
157,130,287
157,136,293
152,140,292
128,147,275
128,147,275
120,162,282
157,141,298
159,159,318
164,159,323
159,273,432
147,429,576
131,423,554
105,423,528
435,112,547
435,110,545
399,109,508
141,102,243
135,108,243
108,105,213
115,106,221
122,108,230
124,131,255
125,144,269
131,158,289
134,172,306
131,175,306
140,176,316
130,190,320
132,194,326
124,197,321
148,170,318
179,145,324
189,137,326
176,142,318
141,133,274
135,129,264
149,118,267
140,117,257
159,96,255
158,122,280
160,111,271
151,110,261
123,114,237
143,130,273
147,128,275
160,127,287
153,125,278
140,128,268
148,117,265
168,121,289
167,121,288
198,109,307
169,117,286
165,126,291
137,143,280
141,145,286
144,142,286
146,130,276
150,126,276
134,134,268
122,146,268
118,164,282
116,161,277
129,150,279
136,141,277
139,167,306
108,188,296
127,188,315
141,189,330
161,184,345
150,178,328
140,179,319
130,155,285
196,102,298
197,98,295
180,107,287
121,108,229
138,103,241
144,102,246
135,103,238
154,80,234
155,130,285
135,149,284
140,144,284
136,148,284
132,148,280
134,143,277
125,141,266
132,140,272
126,156,282
132,172,304
129,182,311
125,194,319
126,196,322
116,200,316
152,177,329
186,150,336
171,154,325
148,157,305
126,177,303
126,168,294
139,173,312
132,177,309
127,173,300
121,175,296
140,167,307
155,152,307
173,129,302
174,115,289
165,98,263
150,100,250
142,89,231
134,91,225
124,111,235
131,125,256
120,136,256
124,143,267
124,137,261
129,131,260
152,119,271
144,115,259
134,117,251
104,120,224
124,124,248
122,125,247
124,132,256
125,144,269
123,153,276
130,156,286
163,126,289
165,140,305
172,155,327
133,165,298
131,167,298
129,160,289
127,153,280
129,156,285
126,205,331
127,233,360
129,255,384
146,235,381
180,232,412
213,222,435
225,218,443
208,211,419
174,204,378
164,198,362
161,176,337
163,163,326
168,148,316
130,145,275
136,134,270
144,116,260
155,96,251
149,85,234
139,109,248
130,123,253
127,117,244
130,113,243
138,154,292
176,116,292
179,99,278
175,146,321
136,135,271
134,124,258
150,121,271
139,179,318
179,157,336
195,140,335
207,117,324
161,133,294
181,126,307
136,130,266
160,136,296
136,138,274
143,130,273
163,117,280
164,117,281
145,119,264
129,122,251
127,138,265
124,132,256
114,134,248
133,116,249
139,107,246
139,96,235
117,98,215
143,137,280
146,136,282
154,133,287
145,133,278
128,141,269
132,144,276
119,165,284
126,166,292
131,155,286
127,160,287
158,143,301
162,144,306
167,131,298
142,119,261
135,109,244
134,99,233
131,89,220
140,116,256
143,119,262
147,115,262
143,101,244
143,86,229
139,80,219
130,122,252
134,130,264
132,148,280
139,152,291
131,149,280
125,172,297
133,165,298
137,165,302
125,192,317
141,217,358
137,216,353
142,208,350
150,186,336
197,138,335
226,94,320
193,85,278
162,113,275
116,118,234
142,121,263
165,112,277
177,106,283
173,99,272
151,97,248
152,151,303
155,146,301
161,127,288
169,115,284
149,105,254
157,89,246
152,140,292
146,142,288
159,132,291
163,115,278
141,104,245
178,144,322
171,139,310
181,118,299
162,119,281
146,105,251
151,90,241
162,128,290
158,125,283
159,234,393
300,126,426
293,131,424
297,135,432
145,134,279
131,137,268
140,131,271
141,136,277
141,137,278
148,116,264
152,109,261
184,149,333
190,127,317
182,111,293
172,111,283
137,123,260
123,130,253
133,139,272
139,137,276
120,133,253
148,114,262
147,101,248
154,127,281
156,138,294
150,180,330
167,160,327
165,159,324
157,156,313
126,152,278
139,161,300
140,174,314
138,175,313
146,183,329
146,205,351
160,185,345
165,164,329
161,163,324
147,150,297
139,136,275
170,93,263
163,90,253
141,86,227
130,93,223
128,93,221
138,146,284
144,129,273
142,119,261
145,107,252
122,107,229
132,113,245
155,152,307
195,134,329
200,130,330
149,138,287
146,121,267
147,116,263
137,121,258
130,134,264
121,161,282
123,161,284
123,160,283
123,148,271
153,117,270
174,94,268
173,86,259
155,109,264
151,104,255
154,98,252
146,108,254
146,96,242
157,146,303
158,132,290
154,123,277
163,106,269
127,100,227
158,126,284
162,127,289
157,132,289
150,131,281
143,129,272
134,138,272
132,143,275
130,150,280
135,157,292
132,162,294
137,166,303
129,176,305
132,181,313
128,187,315
136,186,322
146,199,345
147,209,356
141,215,356
142,206,348
166,179,345
168,176,344
163,163,326
136,160,296
136,157,293
124,165,289
123,163,286
125,162,287
125,159,284
123,158,281
124,154,278
124,151,275
125,147,272
125,145,270
123,148,271
123,146,269
123,145,268
122,144,266
124,144,268
127,137,264
127,136,263
128,132,260
123,132,255
123,131,254
123,134,257
127,131,258
131,127,258
133,127,260
128,128,256
127,125,252
128,131,259
128,130,258
127,130,257
127,131,258
130,126,256
128,132,260
128,137,265
127,135,262
126,135,261
129,129,258
129,127,256
129,125,254
125,126,251
123,125,248
121,126,247
123,122,245
124,120,244
134,108,242
135,105,240
135,102,237
124,102,226
123,112,235
123,132,255
123,143,266
142,141,283
176,105,281
201,107,308
191,103,294
136,132,268
164,114,278
163,110,273
163,92,255
154,156,310
158,170,328
150,183,333
152,177,329
134,157,291
171,142,313
156,132,288
144,113,257
142,103,245
140,83,223
127,139,266
142,131,273
139,119,258
143,107,250
123,99,222
140,94,234
87,114,201
126,132,258
142,154,296
149,156,305
173,143,316
181,136,317
166,129,295
144,124,268
147,96,243
158,86,244
144,128,272
148,108,256
160,90,250
144,138,282
147,139,286
150,146,296
150,161,311
149,160,309
184,168,352
201,159,360
205,116,321
212,106,318
202,99,301
158,151,309
171,122,293
203,160,363
229,145,374
220,126,346
191,121,312
170,146,316
198,126,324
209,114,323
186,254,440
169,248,417
177,214,391
172,195,367
386,113,499
71,103,174
111,102,213
155,90,245
137,119,256
154,126,280
157,114,271
155,107,262
154,138,292
177,133,310
174,137,311
168,135,303
142,118,260
161,105,266
161,88,249
159,128,287
143,143,286
136,149,285
115,150,265
141,151,292
152,150,302
152,171,323
143,176,319
128,171,299
119,158,277
145,145,290
128,137,265
139,129,268
132,117,249
141,108,249
128,97,225
143,86,229
131,128,259
132,150,282
140,161,301
137,158,295
134,142,276
146,128,274
147,139,286
141,130,271
137,113,250
146,97,243
147,101,248
143,88,231
147,126,273
146,142,288
153,133,286
145,124,269
159,102,261
153,98,251
133,91,224
141,104,245
140,98,238
141,90,231
127,114,241
126,118,244
136,116,252
138,120,258
132,137,269
122,138,260
129,158,287
136,201,337
138,203,341
147,197,344
167,179,346
163,177,340
149,172,321
130,152,282
167,139,306
171,130,301
173,110,283
163,97,260
152,91,243
148,105,253
150,95,245
146,113,259
149,109,258
152,102,254
150,94,244
151,143,294
165,134,299
166,121,287
151,128,279
146,128,274
130,132,262
133,138,271
119,139,258
120,146,266
122,145,267
118,148,266
102,145,247
106,142,248
115,142,257
116,171,287
120,196,316
113,191,304
128,184,312
151,168,319
126,148,274
176,124,300
165,107,272
164,148,312
158,123,281
160,122,282
132,108,240
90,95,185
129,139,268
171,108,279
174,91,265
163,133,296
152,123,275
149,114,263
155,113,268
152,98,250
152,99,251
123,96,219
129,95,224
118,93,211
118,89,207
122,95,217
115,116,231
120,123,243
130,128,258
161,154,315
178,156,334
152,165,317
167,159,326
137,186,323
156,173,329
156,166,322
154,158,312
144,149,293
125,157,282
147,135,282
164,144,308
187,137,324
172,148,320
142,161,303
85,161,246
120,160,280
126,162,288
136,169,305
119,167,286
118,162,280
119,155,274
148,123,271
128,109,237
158,97,255
177,135,312
171,153,324
178,140,318
169,134,303
150,140,290
113,144,257
134,134,268
144,125,269
143,140,283
134,154,288
117,176,293
120,184,304
166,147,313
170,134,304
177,113,290
182,128,310
185,105,290
176,92,268
162,137,299
163,115,278
152,109,261
162,104,266
130,115,245
140,112,252
147,129,276
141,119,260
154,100,254
168,127,295
164,126,290
166,127,293
129,123,252
116,112,228
134,99,233
96,90,186
115,81,196
124,76,200
125,101,226
108,108,216
116,101,217
124,92,216
118,139,257
138,139,277
140,139,279
129,131,260
121,115,236
141,102,243
149,87,236
154,96,250
139,122,261
144,121,265
167,97,264
171,112,283
154,98,252
146,130,276
147,105,252
160,120,280
162,101,263
161,120,281
150,108,258
153,137,290
171,102,273
152,95,247
147,80,227
128,98,226
107,123,230
119,133,252
98,135,233
124,140,264
109,151,260
134,146,280
127,145,272
130,138,268
125,118,243
143,101,244
160,110,270
149,90,239
160,128,288
153,123,276
150,127,277
169,104,273
159,111,270
169,131,300
140,135,275
138,131,269
135,124,259
128,129,257
117,141,258
104,143,247
123,144,267
120,142,262
119,168,287
119,172,291
122,174,296
120,168,288
147,145,292
109,140,249
119,140,259
119,152,271
121,154,275
122,157,279
122,164,286
130,179,309
130,175,305
111,170,281
121,149,270
162,192,354
202,193,395
289,125,414
282,111,393
215,113,328
141,112,253
131,118,249
126,121,247
123,117,240
116,107,223
138,88,226
101,84,185
129,98,227
124,90,214
125,86,211
129,135,264
127,124,251
148,110,258
141,99,240
131,86,217
100,80,180
128,107,235
131,113,244
133,131,264
119,142,261
130,148,278
136,158,294
136,174,310
161,165,326
152,162,314
159,152,311
144,155,299
150,162,312
138,179,317
153,165,318
153,148,301
150,156,306
143,164,307
124,197,321
119,198,317
121,193,314
123,193,316
167,138,305
183,116,299
198,109,307
164,91,255
152,120,272
160,107,267
155,134,289
159,121,280
144,119,263
135,114,249
125,111,236
127,119,246
121,117,238
121,111,232
123,105,228
130,90,220
126,134,260
129,128,257
140,133,273
139,157,296
118,162,280
131,160,291
130,150,280
134,155,289
121,156,277
116,151,267
129,143,272
128,138,266
124,131,255
133,114,247
134,122,256
113,122,235
119,115,234
165,130,295
180,111,291
170,108,278
141,100,241
149,100,249
157,114,271
144,110,254
127,98,225
135,88,223
146,103,249
139,101,240
146,88,234
140,98,238
148,81,229
133,118,251
157,82,239
160,127,287
171,133,304
139,132,271
143,133,276
118,137,255
121,149,270
124,144,268
137,137,274
144,124,268
143,98,241
153,93,246
148,87,235
140,111,251
135,129,264
142,126,268
136,135,271
130,152,282
125,156,281
141,137,278
150,120,270
149,103,252
148,103,251
134,107,241
123,112,235
162,106,268
168,98,266
146,107,253
143,96,239
144,104,248
166,90,256
152,101,253
156,100,256
132,121,253
130,121,251
129,116,245
119,110,229
106,106,212
129,100,229
125,98,223
119,116,235
122,123,245
122,134,256
124,138,262
116,145,261
124,143,267
122,138,260
116,133,249
122,134,256
111,133,244
122,130,252
122,131,253
112,131,243
124,125,249
134,112,246
132,105,237
124,102,226
123,98,221
121,102,223
112,109,221
128,102,230
134,107,241
119,104,223
111,100,211
128,98,226
127,104,231
127,112,239
120,126,246
126,130,256
122,125,247
121,120,241
126,118,244
124,113,237
127,107,234
122,102,224
121,98,219
120,97,217
121,96,217
122,95,217
126,109,235
123,122,245
128,134,262
122,144,266
115,152,267
123,150,273
125,149,274
126,144,270
125,138,263
125,131,256
126,128,254
124,125,249
123,121,244
120,117,237
122,111,233
123,113,236
123,117,240
123,265,388
122,280,402
119,293,412
149,284,433
242,196,438
254,183,437
189,187,376
189,175,364
192,152,344
194,163,357
173,170,343
136,168,304
126,176,302
126,190,316
135,194,329
143,201,344
142,207,349
140,196,336
165,150,315
190,132,322
194,99,293
186,98,284
166,101,267
146,88,234
127,77,204
136,113,249
126,143,269
131,133,264
142,120,262
141,122,263
108,143,251
121,150,271
110,167,277
135,165,300
140,155,295
139,150,289
124,140,264
132,140,272
131,146,277
130,142,272
129,133,262
134,121,255
136,113,249
137,103,240
131,91,222
135,83,218
138,121,259
139,133,272
145,127,272
156,108,264
139,101,240
139,98,237
132,85,217
139,100,239
143,96,239
138,95,233
131,95,226
116,92,208
120,91,211
121,101,222
116,95,211
129,93,222
132,122,254
129,140,269
132,143,275
141,142,283
154,127,281
166,128,294
149,135,284
133,142,275
123,141,264
139,133,272
134,136,270
150,134,284
132,143,275
127,136,263
131,126,257
137,113,250
140,101,241
137,93,230
132,85,217
124,85,209
124,81,205
128,100,228
130,104,234
132,99,231
123,111,234
127,110,237
130,100,230
126,94,220
133,83,216
126,78,204
129,107,236
127,116,243
127,116,243
130,116,246
125,115,240
128,122,250
127,129,256
139,116,255
134,103,237
140,100,240
135,96,231
128,118,246
122,114,236
121,106,227
134,95,229
130,92,222
135,81,216
132,93,225
134,106,240
155,119,274
178,94,272
173,91,264
160,87,247
119,91,210
127,93,220
119,98,217
127,97,224
133,90,223
139,89,228
127,104,231
135,100,235
136,93,229
131,82,213
132,108,240
141,116,257
136,120,256
133,120,253
129,110,239
131,106,237
136,91,227
133,86,219
139,107,246
129,106,235
131,110,241
128,124,252
125,129,254
126,131,257
128,125,253
129,119,248
137,106,243
131,100,231
125,95,220
130,89,219
131,111,242
138,120,258
137,129,266
133,136,269
127,159,286
131,161,292
131,164,295
138,168,306
133,168,301
128,180,308
136,173,309
130,168,298
127,165,292
141,135,276
156,120,276
160,111,271
142,103,245
151,132,283
159,138,297
164,159,323
153,181,334
150,185,335
185,152,337
195,137,332
188,135,323
154,129,283
138,128,266
127,131,258
129,131,260
131,130,261
127,133,260
133,128,261
131,124,255
130,119,249
133,112,245
129,109,238
128,106,234
126,104,230
127,105,232
130,102,232
135,93,228
135,94,229
135,91,226
138,84,222
139,111,250
138,109,247
132,105,237
132,98,230
132,94,226
134,88,222
137,81,218
137,101,238
135,97,232
130,92,222
128,90,218
125,87,212
129,102,231
135,95,230
140,90,230
138,85,223
133,104,237
138,95,233
137,90,227
134,88,222
126,86,212
132,99,231
132,96,228
137,90,227
132,87,219
133,122,255
135,147,282
162,144,306
185,136,321
208,145,353
215,139,354
213,133,346
214,144,358
208,138,346
217,150,367
221,133,354
212,131,343
211,153,364
208,132,340
206,116,322
189,113,302
158,115,273
123,119,242
125,124,249
123,134,257
123,149,272
125,161,286
127,168,295
136,185,321
145,187,332
147,204,351
153,202,355
145,203,348
133,201,334
167,152,319
205,144,349
230,117,347
202,99,301
181,173,354
177,146,323
149,143,292
148,146,294
90,142,232
128,132,260
133,133,266
134,135,269
120,131,251
118,121,239
128,124,252
132,130,262
126,149,275
116,169,285
130,175,305
131,178,309
140,193,333
137,192,329
116,187,303
132,176,308
149,145,294
185,117,302
188,116,304
185,120,305
157,126,283
148,119,267
142,120,262
140,142,282
171,116,287
163,111,274
138,127,265
101,135,236
135,128,263
139,143,282
143,221,364
265,123,388
275,107,382
264,185,449
189,158,347
169,156,325
176,147,323
100,132,232
156,111,267
141,111,252
156,123,279
125,136,261
109,134,243
129,135,264
138,136,274
106,148,254
121,165,286
120,186,306
120,196,316
118,194,312
116,166,282
163,146,309
157,140,297
135,150,285
106,155,261
106,149,255
122,150,272
142,127,269
129,143,272
122,155,277
131,154,285
126,163,289
135,169,304
144,189,333
153,194,347
158,208,366
146,231,377
157,232,389
156,221,377
164,222,386
198,182,380
201,174,375
164,178,342
147,185,332
135,199,334
152,186,338
151,177,328
143,173,316
138,164,302
190,105,295
190,94,284
186,93,279
122,96,218
108,100,208
125,105,230
110,109,219
99,121,220
123,129,252
102,135,237
119,144,263
128,139,267
123,141,264
132,145,277
111,153,264
122,173,295
107,183,290
116,198,314
95,224,319
143,204,347
168,185,353
176,170,346
170,141,311
167,125,292
156,115,271
143,105,248
133,97,230
127,89,216
128,136,264
139,145,284
132,170,302
131,187,318
139,193,332
130,190,320
148,173,321
170,138,308
199,99,298
201,96,297
179,95,274
152,96,248
106,101,207
123,97,220
118,101,219
120,119,239
104,122,226
117,114,231
124,108,232
126,102,228
121,105,226
132,89,221
135,85,220
108,111,219
131,103,234
148,92,240
152,99,251
143,112,255
131,115,246
126,118,244
123,121,244
131,121,252
127,131,258
120,144,264
132,140,272
124,135,259
125,128,253
131,113,244
141,105,246
123,97,220
148,124,272
155,123,278
151,148,299
140,154,294
115,173,288
131,170,301
139,173,312
148,155,303
154,137,291
144,148,292
110,149,259
124,148,272
94,156,250
125,152,277
120,134,254
149,117,266
135,108,243
141,99,240
148,114,262
164,111,275
167,109,276
159,98,257
146,97,243
132,92,224
133,106,239
152,140,292
152,123,275
177,113,290
146,108,254
134,106,240
141,134,275
169,102,271
167,90,257
155,92,247
134,107,241
129,98,227
113,91,204
132,92,224
108,88,196
141,80,221
120,90,210
126,86,212
129,88,217
131,85,216
136,104,240
135,115,250
136,110,246
130,117,247
121,261,382
130,273,403
166,247,413
209,215,424
235,200,435
193,190,383
144,183,327
159,166,325
159,176,335
152,179,331
136,178,314
121,176,297
165,147,312
182,138,320
177,141,318
149,138,287
135,132,267
134,120,254
131,112,243
141,107,248
139,153,292
163,155,318
166,156,322
169,168,337
156,158,314
179,134,313
214,131,345
201,115,316
200,107,307
166,101,267
142,135,277
156,114,270
156,102,258
169,125,294
143,115,258
144,111,255
145,103,248
122,93,215
154,143,297
163,132,295
169,125,294
154,135,289
132,137,269
130,140,270
131,139,270
139,127,266
147,113,260
139,104,243
144,95,239
145,144,289
153,130,283
149,113,262
161,126,287
172,108,280
175,98,273
165,85,250
158,87,245
141,86,227
135,120,255
160,105,265
171,94,265
180,101,281
146,129,275
158,127,285
165,127,292
175,123,298
145,129,274
159,133,292
150,124,274
154,145,299
209,128,337
219,127,346
211,140,351
160,152,312
144,154,298
147,150,297
170,154,324
174,163,337
178,159,337
175,149,324
158,145,303
153,125,278
147,115,262
151,107,258
144,107,251
132,110,242
125,110,235
126,106,232
124,101,225
125,100,225
126,91,217
128,85,213
128,79,207
119,90,209
126,85,211
126,100,226
135,91,226
136,81,217
138,89,227
131,112,243
132,107,239
128,102,230
152,107,259
146,120,266
157,122,279
134,123,257
128,134,262
121,150,271
116,165,281
126,175,301
118,179,297
118,180,298
147,154,301
146,147,293
151,144,295
132,144,276
122,145,267
129,136,265
131,127,258
159,99,258
159,87,246
166,107,273
148,107,255
149,96,245
144,101,245
151,91,242
149,97,246
139,88,227
139,110,249
138,98,236
142,110,252
160,85,245
151,104,255
156,112,268
116,112,228
125,111,236
122,107,229
125,105,230
121,100,221
121,99,220
123,97,220
117,92,209
120,83,203
126,78,204
126,91,217
121,90,211
120,88,208
122,83,205
121,102,223
128,111,239
123,113,236
125,119,244
121,127,248
122,134,256
121,133,254
125,133,258
123,136,259
124,136,260
120,153,273
120,154,274
123,150,273
151,120,271
178,121,299
202,103,305
195,93,288
176,96,272
136,91,227
145,111,256
150,99,249
150,111,261
145,102,247
148,97,245
140,109,249
162,83,245
162,80,242
152,97,249
114,107,221
122,116,238
124,136,260
129,135,264
141,140,281
142,153,295
146,157,303
152,150,302
147,149,296
145,148,293
141,143,284
144,142,286
139,149,288
132,156,288
122,160,282
129,157,286
116,151,267
116,153,269
123,147,270
121,149,270
125,140,265
124,139,263
124,133,257
123,134,257
118,130,248
135,119,254
135,122,257
133,125,258
124,123,247
106,125,231
126,121,247
122,116,238
124,108,232
117,103,220
123,100,223
122,101,223
119,94,213
126,94,220
123,90,213
123,94,217
126,90,216
133,91,224
135,90,225
139,86,225
130,80,210
128,76,204
123,101,224
125,110,235
123,111,234
124,120,244
121,133,254
123,141,264
121,141,262
126,163,289
130,166,296
132,169,301
132,175,307
119,179,298
120,187,307
136,180,316
146,184,330
149,182,331
145,172,317
130,173,303
144,165,309
155,157,312
155,148,303
165,126,291
156,111,267
152,97,249
157,83,240
149,92,241
142,84,226
132,106,238
138,100,238
136,101,237
141,98,239
130,101,231
133,97,230
135,90,225
143,96,239
143,95,238
135,88,223
141,97,238
140,95,235
142,85,227
138,99,237
139,98,237
126,91,217
129,97,226
137,83,220
137,93,230
133,84,217
135,107,242
134,101,235
137,99,236
132,115,247
133,115,248
143,119,262
132,124,256
135,136,271
133,133,266
121,135,256
129,123,252
139,109,248
145,98,243
144,94,238
138,90,228
138,111,249
140,114,254
136,111,247
134,105,239
130,94,224
143,108,251
150,176,326
223,173,396
295,131,426
302,123,425
223,113,336
160,104,264
155,114,269
173,99,272
156,97,253
140,95,235
117,87,204
115,83,198
113,84,197
121,89,210
109,95,204
118,115,233
121,143,264
125,143,268
131,148,279
121,149,270
110,146,256
117,147,264
128,151,279
121,148,269
125,146,271
122,148,270
125,142,267
124,147,271
124,144,268
119,148,267
116,147,263
123,144,267
125,138,263
127,132,259
123,132,255
122,132,254
121,133,254
117,137,254
125,136,261
129,133,262
129,132,261
123,131,254
117,132,249
125,131,256
123,133,256
129,135,264
124,140,264
120,157,277
129,204,333
149,234,383
164,234,398
200,193,393
192,186,378
188,183,371
173,185,358
181,194,375
191,203,394
186,191,377
173,171,344
166,150,316
154,147,301
137,141,278
123,141,264
121,139,260
122,141,263
123,139,262
129,133,262
129,132,261
129,137,266
127,141,268
123,141,264
130,158,288
125,160,285
127,160,287
121,161,282
153,137,290
187,126,313
202,100,302
190,108,298
183,120,303
153,122,275
155,118,273
174,84,258
151,83,234
110,116,226
124,114,238
152,117,269
146,113,259
137,89,226
157,84,241
109,79,188
119,143,262
120,155,275
177,125,302
201,129,330
214,126,340
188,97,285
175,95,270
174,94,268
140,96,236
136,98,234
136,99,235
136,97,233
134,100,234
135,102,237
136,101,237
137,101,238
137,103,240
137,133,270
139,149,288
160,134,294
170,126,296
164,146,310
140,176,316
126,196,322
125,215,340
129,235,364
142,219,361
166,195,361
171,187,358
204,136,340
184,119,303
190,98,288
162,189,351
160,181,341
187,137,324
183,124,307
119,107,226
153,102,255
150,87,237
153,168,321
170,146,316
189,112,301
189,99,288
135,115,250
158,101,259
156,86,242
153,185,338
148,180,328
183,135,318
186,110,296
128,100,228
143,334,477
133,356,489
139,350,489
181,323,504
328,184,512
313,181,494
184,181,365
156,172,328
137,181,318
133,189,322
135,178,313
140,181,321
140,181,321
139,179,318
138,178,316
140,179,319
131,183,314
140,182,322
156,188,344
158,204,362
149,232,381
152,217,369
153,206,359
197,189,386
211,156,367
255,105,360
218,143,361
209,130,339
188,139,327
189,144,333
189,118,307
211,131,342
209,254,463
228,178,406
272,122,394
255,129,384
176,225,401
186,218,404
234,166,400
192,141,333
130,112,242
162,101,263
110,127,237
125,144,269
142,173,315
165,212,377
203,233,436
160,251,411
228,153,381
233,153,386
246,135,381
173,134,307
174,155,329
153,167,320
151,196,347
161,287,448
165,345,510
174,331,505
174,317,491
279,213,492
300,196,496
208,194,402
202,167,369
192,144,336
187,135,322
164,134,298
165,122,287
183,134,317
217,107,324
194,125,319
176,120,296
157,128,285
156,124,280
150,156,306
153,162,315
152,147,299
131,135,266
156,118,274
160,104,264
161,156,317
158,147,305
176,125,301
192,145,337
195,137,332
189,139,328
153,155,308
206,101,307
207,137,344
193,124,317
168,112,280
161,113,274
137,157,294
186,114,300
201,105,306
193,101,294
162,135,297
162,122,284
153,110,263
163,95,258
148,126,274
178,112,290
181,106,287
180,116,296
173,100,273
147,91,238
160,89,249
142,96,238
123,97,220
136,93,229
133,98,231
129,96,225
130,80,210
129,88,217
122,87,209
125,88,213
126,86,212
116,90,206
119,95,214
118,98,216
116,104,220
128,100,228
121,103,224
136,134,270
126,140,266
117,149,266
124,142,266
120,173,293
112,184,296
120,191,311
140,205,345
141,219,360
143,228,371
134,239,373
202,196,398
214,196,410
196,181,377
148,198,346
129,195,324
186,144,330
193,128,321
183,119,302
127,119,246
141,102,243
149,97,246
153,91,244
133,129,262
136,134,270
128,144,272
132,144,276
126,161,287
135,162,297
147,169,316
167,169,336
163,169,332
155,175,330
147,191,338
153,185,338
211,126,337
223,110,333
215,140,355
178,128,306
198,119,317
202,124,326
191,121,312
169,119,288
156,123,279
151,131,282
146,139,285
154,152,306
157,162,319
175,145,320
176,128,304
193,144,337
190,125,315
175,137,312
150,137,287
133,114,247
144,107,251
145,110,255
130,115,245
151,110,261
162,92,254
175,120,295
177,116,293
190,112,302
188,92,280
178,107,285
148,147,295
177,125,302
164,146,310
160,149,309
108,157,265
129,152,281
116,152,268
137,146,283
135,156,291
111,162,273
122,164,286
128,157,285
140,156,296
118,169,287
132,178,310
123,203,326
127,202,329
137,181,318
152,165,317
155,142,297
154,146,300
143,137,280
118,141,259
122,139,261
136,129,265
128,133,261
131,130,261
136,110,246
133,107,240
135,107,242
121,114,235
125,125,250
131,116,247
129,113,242
110,121,231
109,139,248
101,143,244
130,139,269
127,145,272
129,157,286
121,185,306
124,202,326
129,202,331
135,194,329
166,169,335
195,145,340
198,159,357
158,162,320
150,157,307
160,139,299
160,126,286
161,119,280
169,96,265
161,92,253
157,112,269
147,108,255
138,124,262
132,129,261
171,122,293
182,111,293
169,98,267
157,106,263
143,86,229
153,96,249
153,106,259
152,96,248
156,103,259
149,240,389
180,206,386
264,127,391
291,116,407
278,90,368
194,91,285
155,98,253
123,97,220
134,105,239
133,103,236
130,122,252
152,129,281
157,136,293
157,143,300
128,149,277
125,151,276
139,131,270
151,116,267
154,96,250
145,108,253
145,114,259
136,106,242
132,93,225
127,89,216
111,117,228
138,134,272
137,137,274
155,124,279
154,117,271
162,117,279
164,105,269
156,108,264
149,115,264
131,127,258
132,135,267
120,137,257
123,156,279
136,158,294
140,180,320
138,185,323
136,190,326
141,189,330
145,233,378
141,230,371
147,232,379
141,227,368
201,183,384
207,178,385
203,177,380
154,216,370
164,221,385
172,213,385
185,204,389
173,201,374
178,171,349
168,174,342
162,178,340
126,179,305
116,197,313
144,180,324
157,183,340
160,210,370
151,215,366
155,217,372
177,205,382
261,183,444
331,119,450
329,138,467
254,138,392
172,139,311
169,139,308
143,148,291
112,147,259
132,147,279
137,132,269
130,133,263
124,133,257
126,124,250
118,121,239
132,114,246
122,113,235
129,112,241
127,102,229
131,98,229
125,96,221
114,89,203
113,94,207
120,94,214
122,129,251
135,138,273
127,129,256
136,133,269
132,123,255
132,130,262
147,124,271
139,129,268
135,144,279
113,157,270
126,162,288
131,158,289
133,145,278
135,144,279
126,143,269
111,139,250
121,139,260
122,136,258
113,136,249
117,169,286
113,177,290
125,181,306
127,181,308
133,182,315
121,182,303
148,176,324
139,171,310
166,162,328
153,157,310
134,155,289
123,147,270
124,145,269
122,133,255
128,145,273
124,145,269
122,150,272
121,157,278
132,164,296
136,161,297
145,159,304
130,160,290
134,170,304
124,174,298
135,163,298
110,155,265
127,146,273
130,134,264
134,125,259
137,122,259
120,113,233
146,98,244
155,127,282
188,125,313
194,125,319
176,129,305
158,141,299
136,141,277
136,145,281
141,140,281
132,133,265
122,134,256
116,138,254
119,145,264
123,136,259
128,136,264
108,152,260
123,169,292
117,178,295
114,182,296
128,175,303
133,178,311
134,183,317
136,178,314
145,177,322
132,170,302
144,145,289
166,130,296
177,117,294
165,100,265
155,95,250
145,117,262
166,125,291
191,117,308
196,104,300
174,90,264
157,116,273
143,112,255
146,105,251
138,102,240
150,145,295
173,143,316
165,151,316
162,240,402
132,309,441
123,308,431
121,302,423
261,160,421
297,115,412
324,126,450
211,89,300
172,77,249
163,113,276
127,124,251
116,131,247
121,127,248
136,141,277
127,153,280
119,139,258
115,153,268
164,160,324
180,167,347
192,159,351
215,130,345
225,141,366
221,124,345
195,112,307
155,111,266
128,112,240
122,111,233
128,113,241
122,114,236
121,113,234
120,111,231
145,88,233
144,99,243
150,104,254
131,139,270
157,112,269
166,97,263
165,136,301
152,123,275
183,119,302
174,104,278
165,110,275
151,95,246
133,159,292
150,157,307
151,159,310
137,159,296
99,157,256
139,156,295
123,162,285
136,156,292
133,145,278
156,117,273
155,111,266
149,136,285
141,148,289
146,148,294
142,142,284
143,141,284
134,137,271
134,140,274
129,149,278
121,161,282
116,153,269
123,158,281
135,143,278
144,127,271
157,125,282
196,114,310
198,102,300
177,97,274
166,94,260
149,102,251
151,96,247
140,105,245
146,102,248
147,96,243
150,101,251
152,100,252
142,104,246
152,92,244
150,108,258
155,104,259
145,97,242
139,82,221
147,100,247
145,95,240
146,99,245
149,104,253
156,100,256
151,112,263
182,103,285
181,86,267
170,78,248
132,114,246
123,126,249
119,122,241
133,126,259
127,126,253
137,147,284
142,153,295
130,163,293
144,160,304
146,149,295
139,138,277
127,125,252
138,112,250
151,93,244
151,123,274
148,124,272
133,121,254
138,114,252
133,149,282
171,122,293
187,110,297
197,96,293
157,104,261
146,99,245
152,128,280
168,107,275
180,127,307
188,113,301
151,136,287
140,139,279
126,138,264
124,140,264
138,149,287
136,152,288
123,159,282
125,159,284
127,153,280
129,154,283
122,153,275
121,149,270
126,174,300
124,195,319
123,199,322
130,187,317
136,179,315
163,172,335
158,164,322
148,166,314
130,169,299
128,191,319
140,186,326
161,193,354
163,195,358
149,196,345
159,190,349
167,207,374
163,220,383
162,234,396
159,255,414
175,253,428
193,232,425
215,199,414
248,141,389
237,130,367
210,123,333
158,111,269
154,137,291
159,132,291
161,111,272
164,105,269
176,118,294
172,104,276
173,93,266
152,82,234
139,86,225
120,107,227
131,101,232
133,96,229
133,99,232
126,96,222
124,95,219
124,101,225
123,92,215
126,93,219
127,96,223
112,130,242
141,121,262
148,109,257
164,141,305
173,134,307
188,120,308
171,102,273
151,125,276
158,116,274
155,111,266
157,99,256
142,95,237
143,104,247
129,102,231
122,102,224
137,103,240
142,127,269
143,125,268
142,191,333
163,219,382
153,233,386
139,250,389
154,231,385
187,212,399
220,212,432
214,213,427
215,200,415
222,169,391
225,147,372
195,152,347
173,156,329
138,157,295
139,162,301
136,163,299
136,171,307
132,174,306
126,181,307
124,191,315
140,179,319
145,181,326
146,180,326
142,179,321
137,178,315
138,186,324
131,190,321
138,179,317
148,176,324
145,180,325
136,184,320
127,191,318
140,182,322
147,180,327
145,188,333
145,188,333
141,180,321
146,186,332
140,190,330
141,182,323
145,185,330
142,184,326
143,177,320
141,177,318
142,179,321
130,188,318
137,186,323
159,173,332
159,173,332
149,181,330
136,188,324
136,178,314
147,175,322
145,178,323
136,184,320
125,191,316
140,187,327
147,180,327
147,187,334
137,198,335
139,188,327
143,194,337
153,176,329
150,170,320
153,164,317
176,140,316
171,142,313
180,134,314
149,133,282
138,141,279
133,149,282
130,185,315
126,201,327
134,206,340
147,220,367
151,235,386
138,238,376
154,230,384
191,231,422
183,228,411
168,233,401
163,218,381
217,165,382
220,138,358
204,119,323
191,134,325
188,126,314
177,118,295
141,118,259
120,116,236
129,142,271
165,121,286
173,120,293
163,115,278
122,108,230
107,95,202
125,92,217
125,149,274
164,139,303
168,128,296
174,113,287
141,104,245
108,107,215
144,99,243
145,99,244
141,142,283
166,116,282
160,111,271
150,115,265
111,111,222
122,124,246
127,130,257
129,133,262
120,134,254
107,140,247
139,140,279
130,145,275
118,160,278
142,143,285
146,112,258
198,145,343
196,127,323
168,110,278
183,136,319
151,121,272
185,94,279
169,166,335
140,183,323
173,158,331
169,161,330
138,143,281
160,119,279
152,105,257
152,112,264
121,119,240
119,124,243
118,124,242
78,130,208
107,124,231
110,127,237
114,123,237
120,139,259
105,160,265
123,177,300
119,190,309
161,179,340
180,166,346
182,151,333
191,208,399
289,89,378
276,107,383
242,91,333
159,108,267
167,100,267
159,152,311
163,155,318
165,151,316
158,169,327
153,151,304
162,148,310
163,139,302
135,139,274
143,149,292
135,168,303
125,203,328
130,209,339
142,210,352
147,219,366
177,174,351
179,168,347
193,168,361
166,154,320
181,119,300
171,119,290
181,134,315
150,132,282
165,127,292
186,96,282
178,119,297
177,128,305
143,116,259
141,120,261
142,140,282
131,155,286
141,167,308
136,185,321
158,171,329
179,153,332
178,138,316
164,118,282
148,107,255
142,108,250
138,105,243
143,92,235
145,106,251
143,104,247
144,99,243
140,90,230
138,114,252
132,137,269
133,138,271
150,129,279
143,129,272
146,128,274
141,117,258
145,110,255
148,109,257
138,118,256
135,131,266
127,130,257
129,143,272
139,142,281
137,140,277
136,139,275
146,136,282
161,139,300
174,122,296
170,120,290
154,113,267
133,93,226
149,88,237
130,86,216
130,89,219
109,141,250
136,153,289
142,174,316
151,170,321
134,162,296
166,142,308
173,127,300
190,104,294
168,90,258
150,88,238
128,90,218
118,91,209
126,90,216
126,91,217
121,104,225
124,113,237
129,120,249
152,119,271
143,147,290
121,157,278
114,165,279
126,162,288
135,156,291
136,166,302
142,177,319
128,187,315
138,180,318
137,179,316
149,244,393
170,290,460
186,280,466
164,283,447
223,210,433
269,174,443
301,141,442
198,122,320
201,150,351
201,131,332
200,127,327
195,127,322
183,105,288
191,114,305
187,137,324
155,145,300
162,165,327
160,175,335
163,167,330
188,131,319
219,126,345
228,126,354
199,108,307
183,162,345
191,130,321
176,115,291
184,100,284
163,122,285
165,114,279
161,101,262
150,106,256
140,106,246
148,94,242
153,115,268
152,116,268
147,105,252
160,118,278
158,106,264
155,96,251
153,105,258
151,157,308
169,129,298
168,138,306
158,138,296
113,194,307
139,207,346
140,219,359
150,210,360
158,197,355
174,218,392
179,225,404
174,212,386
178,202,380
192,180,372
200,152,352
193,150,343
171,147,318
136,159,295
124,188,312
128,202,330
124,226,350
118,233,351
164,200,364
179,185,364
189,184,373
159,182,341
133,190,323
139,190,329
136,203,339
153,204,357
156,190,346
156,181,337
160,161,321
161,141,302
157,126,283
146,116,262
137,113,250
133,106,239
129,102,231
135,97,232
145,127,272
149,140,289
153,140,293
146,135,281
147,135,282
153,164,317
136,186,322
127,180,307
158,149,307
181,133,314
181,128,309
152,115,267
147,133,280
173,123,296
196,131,327
215,110,325
182,95,277
158,107,265
139,123,262
156,116,272
152,106,258
150,105,255
136,110,246
130,103,233
123,98,221
130,100,230
126,97,223
136,79,215
139,117,256
124,124,248
130,113,243
127,106,233
128,108,236
118,112,230
125,127,252
113,131,244
121,134,255
114,131,245
135,130,265
133,131,264
130,136,266
129,135,264
127,135,262
133,148,281
132,153,285
134,154,288
139,135,274
163,103,266
183,136,319
176,141,317
177,135,312
146,145,291
150,135,285
135,134,269
143,136,279
152,127,279
143,137,280
158,134,292
141,138,279
139,139,278
152,154,306
140,164,304
148,155,303
138,171,309
142,163,305
130,159,289
125,157,282
138,151,289
132,142,274
136,147,283
123,156,279
120,162,282
125,167,292
132,167,299
137,172,309
131,176,307
122,177,299
136,159,295
146,159,305
145,158,303
125,171,296
121,193,314
122,221,343
117,228,345
132,239,371
163,216,379
182,192,374
183,197,380
182,172,354
187,147,334
209,119,328
203,92,295
166,96,262
144,148,292
163,130,293
171,122,293
162,114,276
134,105,239
114,96,210
157,140,297
153,138,291
171,117,288
180,90,270
174,135,309
159,130,289
138,118,256
149,109,258
142,102,244
134,93,227
150,106,256
146,102,248
134,105,239
132,93,225
113,110,223
146,103,249
144,105,249
140,104,244
145,149,294
158,150,308
177,119,296
180,115,295
166,109,275
160,91,251
158,121,279
141,121,262
148,118,266
156,102,258
145,92,237
157,156,313
165,136,301
167,151,318
168,150,318
122,157,279
143,149,292
144,142,286
126,141,267
137,147,284
118,147,265
139,135,274
166,107,273
167,111,278
164,132,296
153,108,261
168,103,271
170,174,344
175,155,330
186,192,378
152,216,368
96,229,325
142,229,371
166,215,381
182,236,418
180,249,429
166,234,400
159,218,377
198,158,356
210,129,339
220,121,341
185,99,284
170,116,286
185,145,330
192,117,309
190,109,299
166,141,307
158,139,297
171,161,332
145,171,316
133,163,296
143,152,295
144,143,287
126,147,273
125,158,283
121,160,281
121,155,276
110,158,268
133,156,289
139,146,285
136,139,275
124,159,283
127,170,297
121,186,307
127,206,333
151,204,355
154,211,365
162,199,361
173,179,352
185,176,361
184,167,351
171,169,340
155,184,339
144,187,331
128,197,325
150,189,339
128,188,316
152,169,321
145,147,292
154,134,288
139,129,268
130,117,247
133,106,239
132,98,230
133,94,227
137,131,268
139,145,284
161,135,296
155,140,295
146,157,303
136,153,289
151,146,297
157,137,294
175,139,314
137,149,286
142,145,287
116,145,261
128,152,280
124,156,280
126,162,288
126,156,282
151,122,273
180,95,275
177,114,291
153,122,275
127,120,247
137,120,257
155,127,282
168,111,279
182,103,285
173,148,321
165,136,301
175,135,310
166,133,299
144,139,283
149,143,292
126,145,271
192,127,319
203,141,344
220,119,339
188,137,325
181,135,316
160,115,275
159,114,273
142,118,260
124,122,246
127,120,247
132,114,246
129,140,269
110,142,252
148,131,279
178,174,352
195,154,349
186,150,336
158,142,300
117,129,246
143,119,262
141,118,259
141,104,245
141,90,231
126,83,209
112,77,189
117,128,245
127,136,263
134,133,267
137,145,282
124,149,273
129,144,273
155,134,289
159,149,308
151,170,321
124,186,310
125,186,311
124,180,304
124,179,303
143,149,292
149,151,300
138,156,294
119,151,270
122,145,267
133,142,275
128,150,278
112,153,265
120,153,273
122,175,297
113,180,293
132,240,372
275,118,393
299,164,463
284,163,447
191,142,333
173,137,310
150,138,288
135,131,266
136,134,270
131,140,271
132,168,300
130,187,317
139,196,335
152,201,353
165,204,369
164,212,376
159,222,381
159,219,378
157,205,362
190,168,358
218,134,352
202,133,335
170,130,300
131,140,271
133,136,269
129,136,265
133,134,267
135,138,273
136,134,270
133,133,266
133,133,266
131,132,263
133,132,265
129,138,267
131,134,265
129,138,267
128,138,266
126,136,262
129,137,266
138,131,269
132,131,263
134,133,267
129,133,262
131,126,257
128,122,250
146,106,252
144,100,244
146,95,241
135,94,229
132,96,228
129,92,221
132,89,221
135,85,220
131,94,225
130,88,218
131,87,218
132,120,252
137,110,247
139,109,248
137,107,244
123,113,236
126,116,242
128,118,246
127,117,244
124,125,249
124,128,252
123,127,250
125,132,257
126,180,306
128,199,327
130,215,345
150,203,353
154,200,354
152,189,341
161,189,350
152,213,365
140,210,350
168,204,372
206,335,541
225,327,552
207,316,523
187,290,477
303,157,460
314,124,438
214,109,323
185,102,287
161,112,273
146,111,257
150,112,262
160,103,263
164,118,282
159,117,276
152,129,281
171,102,273
176,191,367
205,174,379
197,169,366
187,173,360
134,167,301
139,169,308
135,164,299
147,170,317
166,150,316
194,121,315
178,114,292
193,107,300
170,132,302
175,118,293
171,96,267
160,116,276
158,106,264
154,88,242
161,108,269
153,130,283
136,126,262
148,144,292
158,141,299
164,135,299
163,126,289
135,112,247
151,123,274
170,121,291
184,108,292
181,104,285
158,121,279
166,120,286
161,119,280
177,149,326
184,116,300
176,117,293
146,109,255
163,106,269
167,103,270
180,148,328
178,136,314
163,134,297
154,129,283
119,109,228
132,106,238
131,100,231
121,109,230
117,112,229
134,106,240
151,103,254
157,147,304
161,143,304
175,123,298
183,123,306
177,103,280
160,90,250
156,118,274
167,138,305
186,117,303
180,105,285
166,88,254
149,105,254
147,145,292
156,126,282
165,115,280
187,163,350
185,164,349
190,166,356
167,168,335
111,160,271
145,143,288
148,138,286
143,134,277
126,131,257
150,116,266
163,101,264
167,93,260
150,107,257
128,99,227
132,91,223
134,99,233
127,93,220
143,120,263
128,129,257
161,123,284
154,121,275
143,118,261
124,120,244
129,118,247
119,128,247
113,129,242
123,132,255
130,128,258
139,126,265
141,117,258
135,123,258
135,139,274
112,139,251
138,127,265
135,118,253
142,121,263
137,111,248
130,105,235
141,93,234
143,92,235
146,137,283
134,147,281
142,134,276
165,124,289
185,113,298
199,131,330
180,118,298
159,100,259
161,122,283
143,116,259
159,152,311
176,135,311
162,128,290
160,124,284
124,116,240
128,102,230
134,93,227
133,83,216
137,121,258
137,135,272
131,135,266
127,151,278
140,142,282
144,149,293
145,152,297
140,158,298
138,178,316
144,194,338
132,199,331
148,190,338
159,183,342
159,179,338
138,180,318
151,163,314
147,154,301
160,150,310
143,156,299
139,160,299
132,151,283
145,143,288
151,142,293
144,135,279
154,103,257
160,125,285
171,126,297
161,127,288
159,116,275
169,137,306
178,130,308
182,120,302
166,103,269
162,89,251
164,137,301
153,159,312
159,150,309
174,150,324
195,139,334
212,142,354
202,157,359
173,158,331
166,152,318
172,143,315
167,127,294
151,131,282
140,152,292
117,160,277
133,159,292
143,157,300
154,152,306
151,154,305
136,170,306
138,162,300
134,166,300
136,167,303
129,185,314
118,201,319
135,202,337
150,198,348
144,201,345
142,196,338
159,182,341
157,170,327
157,170,327
132,184,316
130,189,319
131,200,331
144,201,345
132,209,341
161,193,354
165,184,349
173,185,358
147,180,327
135,172,307
118,192,310
124,202,326
132,207,339
137,213,350
172,175,347
194,160,354
191,177,368
155,188,343
136,188,324
144,205,349
149,202,351
153,215,368
157,244,401
149,263,412
177,248,425
178,230,408
218,185,403
194,179,373
188,155,343
163,194,357
149,206,355
127,204,331
114,204,318
171,169,340
139,145,284
178,140,318
165,143,308
134,147,281
140,136,276
139,130,269
149,128,277
132,131,263
130,128,258
122,137,259
120,143,263
123,156,279
128,170,298
128,199,327
171,158,329
178,158,336
174,152,326
156,148,304
155,147,302
146,157,303
164,134,298
162,138,300
160,140,300
129,145,274
135,138,273
156,109,265
185,151,336
207,126,333
198,114,312
185,93,278
145,110,255
141,117,258
156,135,291
183,107,290
189,101,290
184,116,300
154,105,259
153,104,257
152,120,272
151,120,271
152,123,275
152,133,285
141,131,272
157,120,277
165,148,313
194,119,313
194,157,351
212,139,351
179,145,324
152,148,300
106,149,255
124,148,272
130,132,262
155,99,254
165,108,273
170,104,274
157,99,256
141,115,256
142,116,258
151,110,261
150,188,338
173,185,358
165,197,362
169,187,356
120,163,283
161,152,313
170,170,340
131,169,300
133,167,300
136,160,296
146,164,310
160,162,322
137,158,295
154,150,304
137,154,291
130,163,293
126,162,288
124,163,287
126,164,290
130,182,312
135,180,315
132,184,316
125,186,311
144,164,308
144,156,300
142,156,298
120,147,267
127,145,272
125,144,269
123,145,268
113,160,273
120,169,289
121,173,294
126,167,293
125,157,282
135,156,291
130,158,288
110,165,275
124,170,294
119,172,291
117,176,293
124,172,296
139,159,298
148,142,290
139,132,271
143,131,274
128,133,261
120,137,257
131,131,262
139,123,262
138,122,260
122,155,277
120,178,298
126,171,297
138,159,297
138,151,289
120,147,267
130,121,251
144,115,259
143,93,236
137,87,224
126,127,253
138,150,288
124,174,298
142,166,308
122,160,282
111,147,258
132,151,283
134,144,278
124,137,261
128,118,246
150,97,247
140,91,231
125,87,212
118,139,257
111,144,255
146,224,370
137,251,388
140,263,403
145,278,423
191,253,444
178,309,487
389,134,523
360,123,483
331,116,447
155,101,256
157,98,255
151,99,250
137,96,233
124,101,225
127,106,233
125,111,236
123,119,242
109,131,240
120,127,247
128,121,249
129,115,244
139,141,280
167,134,301
176,120,296
150,105,255
143,104,247
133,135,268
166,122,288
179,128,307
195,104,299
181,155,336
194,142,336
170,138,308
164,134,298
128,143,271
136,283,419
128,370,498
288,263,551
350,235,585
397,203,600
265,190,455
216,160,376
219,118,337
208,138,346
205,120,325
177,118,295
159,138,297
150,122,272
143,139,282
182,92,274
181,124,305
177,122,299
151,106,257
137,96,233
125,101,226
97,107,204
141,89,230
136,81,217
131,109,240
125,104,229
135,106,241
149,123,272
159,121,280
184,144,328
178,140,318
165,120,285
162,158,320
152,311,463
156,320,476
161,316,477
196,286,482
315,183,498
288,173,461
95,150,245
150,139,289
193,134,327
152,129,281
138,127,265
136,114,250
148,108,256
157,95,252
145,81,226
148,154,302
142,187,329
167,170,337
172,167,339
164,151,315
219,127,346
219,126,345
197,128,325
149,135,284
144,155,299
147,193,340
145,192,337
143,211,354
154,239,393
149,265,414
155,266,421
167,234,401
198,196,394
223,154,377
193,149,342
160,145,305
122,145,267
115,169,284
108,173,281
121,191,312
148,173,321
163,168,331
169,169,338
144,176,320
153,167,320
194,138,332
188,142,330
170,156,326
122,169,291
132,163,295
131,194,325
141,214,355
135,229,364
116,227,343
163,195,358
195,173,368
165,179,344
157,190,347
125,195,320
133,194,327
143,173,316
141,162,303
149,143,292
179,99,278
182,122,304
184,130,314
160,135,295
140,141,281
187,116,303
176,127,303
196,138,334
155,164,319
187,140,327
204,129,333
199,111,310
186,110,296
154,109,263
129,140,269
118,142,260
118,146,264
128,157,285
89,160,249
119,165,284
120,171,291
123,171,294
120,169,289
127,162,289
137,165,302
150,162,312
147,148,295
143,141,284
137,131,268
130,113,243
136,113,249
110,118,228
138,107,245
152,128,280
170,117,287
152,108,260
154,180,334
179,152,331
169,175,344
158,171,329
97,175,272
123,183,306
165,153,318
173,153,326
172,147,319
164,129,293
172,124,296
162,136,298
147,141,288
104,147,251
126,168,294
125,167,292
125,175,300
109,170,279
118,171,289
117,157,274
141,155,296
144,171,315
128,173,301
109,180,289
128,181,309
114,175,289
141,176,317
143,158,301
148,141,289
148,126,274
147,104,251
161,115,276
149,119,268
154,108,262
140,109,249
146,138,284
170,112,282
170,90,260
160,112,272
147,101,248
151,99,250
141,85,226
142,127,269
144,116,260
146,108,254
143,90,233
146,112,258
161,102,263
143,91,234
157,103,260
140,95,235
148,99,247
141,95,236
139,85,224
139,108,247
144,104,248
146,92,238
143,104,247
146,111,257
148,106,254
148,90,238
152,105,257
153,101,254
166,109,275
168,89,257
161,109,270
167,141,308
162,127,289
166,122,288
154,128,282
122,135,257
126,139,265
128,143,271
127,149,276
129,151,280
131,157,288
132,163,295
130,170,300
132,167,299
127,172,299
129,189,318
125,205,330
126,204,330
150,174,324
166,151,317
181,129,310
168,111,279
163,97,260
160,111,271
153,101,254
157,90,247
155,107,262
151,98,249
153,107,260
152,96,248
149,109,258
154,94,248
151,109,260
152,97,249
152,106,258
151,95,246
149,108,257
152,95,247
151,107,258
150,95,245
158,107,265
157,97,254
157,107,264
151,97,248
148,106,254
151,99,250
149,97,246
153,115,268
159,97,256
161,113,274
160,98,258
161,122,283
172,205,377
211,178,389
205,191,396
195,196,391
113,205,318
154,208,362
159,194,353
179,162,341
184,148,332
183,135,318
162,122,284
159,119,278
158,117,275
163,122,285
178,96,274
177,126,303
174,110,284
163,106,269
171,87,258
160,141,301
153,132,285
149,121,270
152,121,273
118,107,225
153,95,248
157,167,324
158,159,317
149,159,308
146,137,283
96,123,219
135,120,255
151,110,261
164,100,264
160,185,345
179,142,321
175,163,338
166,163,329
118,146,264
157,142,299
148,151,299
146,140,286
146,133,279
149,128,277
146,125,271
150,105,255
145,126,271
144,142,286
127,128,255
134,132,266
128,118,246
133,121,254
123,126,249
122,135,257
114,143,257
121,146,267
115,147,262
117,160,277
115,178,293
109,175,284
122,180,302
105,174,279
154,146,300
164,140,304
153,168,321
142,168,310
113,180,293
128,179,307
113,185,298
126,186,312
157,160,317
164,149,313
152,142,294
110,139,249
123,133,256
129,120,249
131,113,244
135,97,232
132,90,222
116,140,256
143,141,284
131,149,280
126,156,282
93,160,253
122,170,292
116,182,298
112,201,313
125,198,323
138,182,320
134,173,307
177,132,309
178,112,290
186,120,306
194,87,281
188,103,291
177,107,284
145,126,271
160,89,249
172,119,291
178,111,289
152,118,270
167,111,278
181,117,298
190,113,303
168,105,273
142,98,240
143,124,267
151,119,270
154,130,284
152,130,282
132,139,271
122,160,282
132,188,320
128,201,329
141,203,344
147,208,355
156,208,364
158,203,361
157,208,365
165,212,377
165,213,378
159,202,361
165,174,339
178,171,349
212,130,342
203,117,320
208,150,358
216,136,352
208,133,341
201,117,318
166,101,267
170,111,281
169,90,259
164,104,268
152,104,256
139,90,229
132,100,232
150,117,267
138,117,255
141,118,259
130,121,251
138,113,251
142,118,260
141,128,269
116,134,250
117,130,247
125,121,246
125,128,253
119,131,250
105,132,237
115,137,252
125,151,276
131,152,283
147,150,297
139,150,289
142,179,321
125,180,305
140,181,321
147,180,327
163,160,323
177,156,333
191,135,326
174,127,301
157,108,265
140,101,241
128,92,220
140,93,233
134,89,223
148,141,289
146,145,291
148,142,290
133,154,287
115,172,287
130,173,303
136,161,297
130,156,286
145,143,288
153,146,299
156,145,301
151,141,292
142,141,283
141,148,289
124,167,291
119,192,311
217,200,417
279,155,434
280,158,438
189,157,346
96,153,249
135,137,272
133,136,269
130,135,265
106,129,235
123,123,246
119,120,239
119,121,240
117,120,237
122,123,245
118,144,262
127,197,324
125,216,341
128,223,351
150,218,368
163,173,336
198,174,372
186,163,349
169,142,311
161,141,302
181,122,303
149,114,263
154,106,260
148,85,233
151,126,277
147,124,271
149,114,263
139,105,244
124,92,216
123,107,230
151,107,258
170,90,260
164,96,260
138,98,236
122,86,208
134,87,221
119,105,224
118,87,205
135,83,218
125,77,202
115,100,215
110,249,359
119,268,387
122,293,415
146,270,416
203,203,406
184,181,365
169,160,329
176,142,318
168,123,291
165,105,270
136,108,244
119,106,225
121,103,224
129,95,224
148,117,265
177,93,270
186,100,286
163,86,249
155,108,263
164,105,269
160,122,282
156,119,275
137,109,246
137,97,234
142,110,252
153,110,263
133,116,249
127,127,254
127,124,251
124,122,246
122,118,240
135,99,234
127,90,217
135,81,216
131,124,255
126,119,245
137,108,245
137,96,233
131,83,214
105,116,221
149,117,266
164,115,279
188,92,280
164,81,245
144,114,258
141,105,246
135,100,235
134,100,234
125,105,230
125,103,228
121,97,218
121,94,215
123,99,222
116,104,220
122,101,223
127,90,217
131,89,220
115,112,227
140,120,260
142,127,269
138,128,266
137,150,287
137,152,289
131,159,290
139,149,288
135,142,277
125,135,260
127,124,251
134,116,250
132,106,238
140,87,227
144,78,222
132,95,227
131,85,216
121,85,206
132,149,281
144,125,269
150,121,271
164,114,278
147,99,246
151,118,269
168,102,270
164,129,293
178,157,335
198,127,325
198,113,311
172,116,288
133,114,247
123,111,234
140,104,244
143,97,240
129,94,223
127,88,215
102,88,190
124,111,235
117,131,248
129,143,272
127,156,283
130,157,287
129,150,279
122,153,275
129,169,298
108,206,314
115,220,335
122,223,345
131,194,325
175,164,339
182,157,339
180,140,320
136,140,276
147,139,286
122,138,260
126,134,260
117,137,254
117,140,257
123,148,271
123,153,276
118,157,275
128,146,274
117,131,248
144,122,266
125,121,246
116,118,234
125,113,238
124,107,231
118,102,220
116,98,214
121,97,218
122,97,219
119,94,213
118,92,210
122,91,213
123,90,213
115,87,202
116,86,202
123,87,210
122,87,209
122,84,206
127,83,210
130,98,228
121,116,237
128,120,248
126,124,250
119,133,252
125,153,278
119,172,291
122,176,298
143,177,320
144,182,326
127,184,311
122,176,298
144,174,318
154,168,322
129,184,313
131,182,313
120,189,309
133,177,310
172,134,306
191,115,306
197,107,304
163,130,293
191,99,290
183,95,278
167,96,263
130,89,219
127,102,229
140,102,242
133,106,239
141,92,233
149,122,271
146,128,274
154,133,287
146,137,283
135,157,292
129,158,287
134,154,288
133,161,294
122,156,278
117,163,280
130,172,302
124,163,287
129,157,286
145,138,283
146,124,270
147,116,263
131,110,241
128,99,227
129,88,217
133,79,212
121,106,227
131,117,248
129,124,253
130,129,259
123,131,254
128,126,254
133,126,259
135,119,254
132,121,253
129,120,249
115,122,237
124,113,237
125,108,233
131,119,250
122,121,243
127,116,243
126,108,234
123,101,224
124,106,230
124,103,227
123,105,228
125,103,228
125,107,232
124,123,247
128,143,271
133,139,272
150,115,265
155,116,271
146,115,261
122,119,241
131,115,246
119,110,229
128,104,232
118,97,215
122,92,214
127,86,213
124,120,244
133,110,243
137,112,249
148,150,298
171,138,309
183,138,321
176,157,333
143,162,305
150,163,313
156,148,304
180,137,317
206,138,344
231,158,389
243,145,388
230,151,381
221,138,359
180,148,328
158,171,329
162,158,320
204,123,327
210,130,340
188,133,321
143,141,284
138,143,281
127,130,257
144,140,284
140,146,286
131,156,287
122,157,279
116,152,268
117,148,265
119,143,262
117,143,260
122,156,278
121,169,290
125,169,294
126,166,292
126,159,285
137,132,269
153,118,271
154,110,264
137,101,238
125,96,221
122,88,210
124,81,205
114,128,242
129,123,252
153,100,253
161,84,245
133,134,267
135,128,263
142,122,264
144,112,256
116,102,218
140,91,231
140,81,221
138,112,250
131,109,240
133,106,239
148,85,233
146,98,244
143,95,238
133,93,226
133,86,219
131,123,254
141,121,262
145,119,264
140,127,267
124,134,258
127,145,272
129,156,285
125,157,282
118,144,262
141,124,265
147,111,258
165,111,276
166,114,280
155,110,265
157,101,258
164,82,246
152,117,269
142,119,261
138,111,249
142,101,243
138,90,228
146,143,289
159,139,298
154,143,297
148,149,297
122,145,267
142,132,274
107,132,239
141,135,276
127,145,272
125,148,273
120,169,289
120,168,288
118,163,281
116,160,276
143,145,288
155,133,288
178,105,283
161,118,279
143,122,265
105,120,225
116,113,229
111,107,218
124,102,226
122,99,221
117,98,215
122,108,230
125,136,261
132,132,264
130,128,258
116,122,238
105,117,222
118,112,230
125,106,231
120,102,222
124,100,224
123,94,217
123,93,216
118,93,211
123,90,213
121,90,211
114,88,202
120,87,207
112,97,209
125,92,217
129,101,230
141,93,234
137,92,229
133,93,226
127,103,230
131,106,237
130,105,235
121,98,219
121,101,222
124,99,223
119,105,224
122,103,225
118,110,228
125,112,237
125,111,236
127,117,244
123,120,243
125,121,246
114,120,234
116,122,238
125,123,248
122,122,244
121,128,249
124,128,252
117,129,246
124,125,249
124,118,242
124,108,232
128,105,233
124,103,227
122,107,229
122,104,226
121,112,233
119,114,233
120,112,232
123,105,228
117,108,225
115,104,219
122,114,236
122,111,233
122,107,229
125,104,229
106,100,206
126,101,227
122,110,232
119,112,231
121,110,231
121,104,225
123,98,221
120,98,218
123,93,216
127,93,220
127,142,269
149,141,290
157,144,301
154,144,298
138,159,297
137,172,309
131,169,300
134,159,293
152,144,296
147,142,289
146,139,285
133,138,271
126,155,281
126,161,287
189,186,375
269,140,409
279,141,420
214,133,347
165,108,273
137,99,236
132,94,226
143,119,262
147,121,268
161,134,295
173,105,278
179,112,291
179,104,283
151,99,250
161,113,274
157,147,304
150,270,420
143,265,408
140,256,396
184,212,396
231,167,398
206,174,380
219,158,377
170,180,350
167,183,350
147,176,323
150,166,316
141,178,319
142,171,313
131,167,298
125,162,287
134,149,283
141,135,276
150,120,270
146,111,257
146,94,240
142,90,232
141,80,221
135,103,238
137,95,232
134,91,225
136,82,218
136,102,238
139,93,232
137,88,225
137,100,237
135,91,226
137,82,219
135,99,234
132,91,223
134,83,217
135,100,235
133,91,224
135,83,218
139,98,237
136,94,230
137,90,227
134,81,215
136,100,236
139,94,233
136,88,224
135,104,239
134,94,228
136,88,224
135,100,235
129,92,221
135,82,217
133,100,233
133,91,224
133,81,214
133,101,234
134,95,229
135,90,225
136,80,216
136,106,242
137,103,240
136,134,270
154,109,263
167,85,252
168,102,270
143,93,236
136,82,218
135,103,238
134,91,225
135,82,217
134,102,236
135,91,226
135,82,217
137,101,238
136,95,231
138,88,226
138,100,238
134,97,231
135,95,230
132,92,224
134,82,216
136,121,257
136,126,262
148,120,268
156,112,268
153,108,261
147,105,252
137,111,248
134,114,248
124,111,235
129,106,235
135,107,242
129,115,244
127,127,254
128,121,249
127,118,245
148,165,313
167,163,330
173,181,354
146,197,343
98,198,296
132,187,319
128,159,287
170,122,292
207,169,376
215,164,379
190,162,352
164,164,328
107,169,276
164,127,291
198,110,308
182,125,307
160,128,288
136,107,243
104,102,206
132,102,234
129,109,238
120,118,238
121,139,260
118,156,274
122,192,314
118,206,324
118,216,334
121,224,345
153,193,346
202,152,354
238,134,372
236,154,390
250,130,380
214,174,388
235,131,366
211,142,353
235,138,373
188,150,338
194,165,359
176,163,339
180,169,349
173,185,358
175,194,369
203,158,361
206,146,352
198,142,340
158,132,290
147,116,263
152,109,261
160,100,260
144,97,241
147,113,260
118,120,238
117,117,234
73,108,181
103,111,214
116,119,235
117,120,237
124,116,240
119,110,229
101,106,207
131,101,232
114,96,210
121,100,221
85,97,182
105,91,196
118,89,207
107,111,218
118,115,233
125,116,241
125,124,249
114,135,249
114,132,246
122,140,262
168,89,257
182,100,282
183,124,307
140,139,279
143,140,283
144,139,283
102,132,234
125,132,257
102,126,228
115,120,235
126,109,235
120,92,212
133,85,218
127,115,242
125,116,241
103,111,214
124,105,229
121,100,221
117,106,223
118,114,232
129,108,237
140,138,278
152,127,279
157,123,280
127,129,256
110,128,238
109,131,240
128,145,273
121,142,263
118,143,261
132,128,260
142,111,253
130,99,229
131,94,225
136,86,222
126,124,250
140,126,266
147,121,268
137,132,269
126,134,260
97,135,232
125,128,253
123,129,252
121,132,253
131,172,303
112,180,292
128,186,314
159,136,295
188,133,321
185,132,317
151,116,267
143,122,265
143,118,261
120,109,229
147,87,234
146,144,290
154,144,298
138,141,279
129,130,259
119,125,244
141,107,248
143,98,241
133,87,220
132,82,214
135,145,280
127,150,277
132,147,279
142,129,271
110,118,228
146,109,255
150,128,278
159,111,270
166,99,265
165,91,256
148,162,310
154,159,313
147,172,319
152,173,325
93,190,283
124,191,315
120,217,337
151,190,341
191,165,356
204,151,355
176,155,331
128,158,286
127,158,285
113,160,273
130,156,286
123,165,288
131,167,298
132,173,305
131,170,301
141,185,326
136,192,328
123,188,311
118,188,306
157,149,306
175,163,338
175,173,348
132,178,310
122,178,300
130,208,338
135,203,338
110,198,308
131,164,295
177,132,309
187,113,300
181,103,284
150,102,252
127,113,240
135,116,251
160,120,280
161,133,294
153,140,293
145,157,302
167,146,313
177,134,311
174,124,298
171,116,287
147,121,268
144,112,256
132,101,233
126,96,222
104,82,186
116,133,249
136,127,263
142,112,254
122,102,224
137,94,231
116,96,212
130,113,243
116,132,248
149,160,309
139,156,295
135,151,286
128,150,278
123,141,264
111,141,252
131,138,269
122,143,265
120,139,259
143,115,258
153,96,249
156,94,250
131,99,230
120,105,225
122,100,222
128,89,217
134,110,244
128,128,256
144,150,294
138,150,288
133,153,286
127,144,271
127,149,276
117,150,267
114,145,259
101,139,240
127,129,256
129,120,249
105,112,217
142,126,268
144,108,252
149,103,252
167,92,259
143,110,253
150,95,245
148,102,250
150,83,233
146,111,257
153,105,258
146,94,240
151,91,242
144,126,270
144,123,267
143,109,252
151,101,252
148,138,286
162,115,277
164,91,255
163,88,251
129,94,223
127,83,210
137,113,250
163,117,280
169,117,286
166,105,271
148,95,243
163,120,283
151,120,271
156,112,268
174,139,313
185,105,290
185,96,281
153,88,241
142,108,250
130,103,233
159,93,252
147,122,269
164,95,259
157,93,250
153,96,249
137,83,220
127,132,259
136,125,261
136,115,251
141,105,246
118,108,226
129,189,318
199,129,328
220,126,346
212,141,353
156,146,302
150,135,285
156,155,311
169,159,328
169,169,338
161,168,329
130,176,306
111,209,320
126,241,367
136,230,366
154,214,368
172,204,376
200,154,354
220,160,380
218,147,365
177,134,311
176,134,310
195,122,317
179,141,320
171,167,338
142,185,327
160,177,337
154,182,336
152,198,350
141,195,336
150,193,343
156,176,332
177,145,322
177,124,301
176,104,280
161,90,251
148,87,235
140,119,259
133,114,247
116,104,220
139,99,238
124,101,225
122,97,219
119,102,221
120,98,218
101,110,211
128,106,234
109,108,217
128,105,233
113,105,218
141,134,275
157,120,277
171,138,309
200,118,318
185,147,332
213,126,339
170,135,305
173,138,311
158,118,276
169,97,266
161,125,286
155,296,451
152,316,468
166,346,512
172,355,527
246,284,530
221,242,463
386,135,521
349,111,460
246,132,378
172,118,290
160,128,288
158,139,297
145,124,269
139,119,258
116,108,224
134,105,239
117,100,217
123,99,222
121,93,214
122,88,210
116,110,226
124,119,243
126,114,240
132,118,250
132,122,254
124,122,246
114,125,239
123,137,260
118,150,268
119,155,274
123,151,274
118,154,272
116,151,267
123,145,268
95,150,245
123,169,292
120,175,295
119,180,299
114,185,299
128,181,309
134,181,315
136,165,301
150,161,311
148,171,319
141,167,308
122,158,280
144,157,301
131,161,292
124,151,275
127,144,271
135,149,284
134,152,286
132,152,284
125,146,271
120,141,261
116,133,249
134,114,248
143,106,249
143,100,243
125,92,217
135,106,241
113,104,217
143,109,252
138,127,265
126,132,258
103,138,241
128,131,259
134,116,250
138,104,242
134,101,235
136,90,226
136,102,238
149,86,235
132,94,226
133,94,227
123,109,232
133,108,241
143,95,238
125,85,210
135,80,215
132,97,229
128,103,231
131,112,243
126,115,241
125,115,240
127,113,240
121,124,245
124,127,251
122,140,262
131,132,263
120,127,247
122,120,242
129,106,235
134,96,230
147,81,228
133,105,238
135,107,242
131,107,238
126,108,234
121,108,229
123,110,233
122,114,236
123,119,242
119,115,234
131,116,247
123,120,243
122,115,237
126,118,244
123,121,244
122,119,241
131,114,245
132,115,247
126,116,242
131,110,241
121,102,223
119,96,215
121,89,210
134,100,234
135,103,238
133,106,239
127,103,230
118,104,222
124,102,226
124,105,229
127,103,230
130,96,226
132,116,248
131,120,251
123,120,243
135,120,255
130,121,251
127,127,254
116,126,242
122,120,242
135,118,253
132,126,258
123,134,257
124,142,266
123,144,267
138,143,281
148,141,289
149,140,289
140,135,275
127,132,259
133,129,262
132,125,257
127,121,248
129,122,251
128,118,246
124,118,242
123,127,250
126,134,260
125,147,272
123,168,291
122,178,300
137,186,323
142,192,334
141,206,347
131,214,345
158,199,357
151,194,345
168,194,362
159,168,327
163,149,312
166,132,298
149,117,266
148,106,254
140,100,240
134,90,224
139,139,278
163,120,283
165,105,270
160,125,285
155,116,271
156,115,271
157,106,263
143,88,231
145,134,279
147,126,273
143,120,263
134,121,255
109,131,240
119,147,266
129,144,273
144,128,272
148,108,256
146,108,254
140,91,231
143,124,267
161,114,275
151,101,252
151,107,258
150,100,250
148,91,239
146,118,264
142,110,252
146,96,242
145,143,288
151,134,285
140,130,270
129,125,254
110,116,226
123,109,232
137,101,238
143,97,240
151,107,258
148,102,250
150,99,249
136,91,227
131,104,235
142,119,261
139,116,255
134,109,243
137,102,239
143,96,239
142,96,238
143,92,235
137,92,229
138,91,229
136,90,226
131,101,232
133,102,235
137,94,231
134,107,241
126,107,233
127,96,223
138,103,241
146,101,247
145,111,256
148,96,244
154,101,255
157,106,263
147,99,246
143,114,257
147,102,249
144,108,252
158,93,251
153,107,260
157,94,251
156,110,266
152,96,248
153,111,264
155,97,252
157,110,267
157,95,252
157,111,268
158,94,252
155,108,263
154,96,250
153,106,259
151,95,246
151,107,258
151,95,246
151,107,258
151,95,246
151,108,259
150,95,245
150,109,259
152,94,246
152,113,265
155,92,247
158,106,264
158,94,252
152,113,265
155,92,247
158,110,268
160,97,257
156,106,262
155,95,250
150,106,256
152,96,248
150,109,259
150,92,242
154,113,267
160,92,252
162,106,268
161,92,253
157,107,264
156,94,250
157,108,265
157,95,252
154,108,262
154,96,250
154,108,262
152,92,244
152,109,261
152,97,249
155,107,262
146,95,241
153,109,262
152,91,243
155,121,276
157,149,306
184,113,297
188,136,324
203,124,327
168,126,294
157,145,302
128,217,345
127,230,357
128,235,363
149,253,402
182,239,421
188,244,432
188,272,460
202,240,442
197,218,415
212,193,405
197,174,371
192,170,362
170,180,350
137,226,363
120,225,345
142,206,348
144,201,345
245,140,385
260,104,364
266,127,393
192,118,310
184,108,292
168,99,267
146,124,270
148,150,298
142,170,312
163,157,320
164,159,323
179,146,325
175,136,311
186,109,295
213,143,356
218,119,337
181,98,279
184,82,266
150,141,291
131,144,275
147,140,287
138,145,283
110,142,252
130,137,267
131,143,274
132,152,284
110,184,294
138,180,318
141,177,318
135,170,305
150,170,320
215,84,299
229,111,340
207,124,331
123,123,246
124,128,252
141,123,264
140,122,262
136,139,275
104,167,271
118,186,304
123,191,314
122,207,329
137,212,349
147,233,380
150,243,393
154,238,392
188,212,400
163,206,369
197,188,385
169,190,359
149,195,344
145,170,315
152,166,318
156,179,335
125,201,326
125,199,324
134,183,317
141,170,311
176,126,302
172,112,284
168,95,263
146,89,235
136,150,286
106,136,242
144,123,267
143,114,257
116,95,211
144,89,233
139,159,298
137,166,303
124,174,298
177,139,316
164,125,289
191,129,320
134,131,265
138,113,251
175,142,317
213,106,319
198,133,331
186,155,341
144,145,289
176,111,287
169,99,268
158,128,286
157,148,305
148,154,302
131,159,290
129,170,299
119,184,303
109,188,297
125,191,316
123,172,295
149,164,313
156,156,312
137,144,281
131,138,269
120,141,261
121,139,260
117,139,256
98,139,237
138,124,262
120,132,252
145,123,268
127,122,249
134,120,254
126,116,242
127,115,242
131,117,248
127,119,246
126,114,240
122,109,231
116,107,223
125,108,233
107,124,231
126,130,256
122,136,258
103,143,246
126,155,281
114,160,274
145,154,299
133,144,277
146,112,258
156,95,251
159,115,274
177,142,319
188,113,301
178,98,276
155,89,244
126,122,248
118,250,368
168,270,438
140,267,407
181,268,449
217,231,448
181,192,373
182,160,342
216,124,340
194,105,299
175,89,264
160,121,281
146,136,282
132,148,280
123,155,278
124,150,274
152,190,342
147,190,337
282,126,408
303,122,425
307,121,428
153,123,276
122,130,252
118,130,248
125,131,256
131,132,263
130,137,267
115,146,261
136,148,284
144,136,280
146,139,285
170,109,279
151,99,250
172,96,268
144,103,247
142,102,244
155,130,285
163,121,284
167,127,294
139,133,272
117,128,245
121,125,246
121,128,249
116,126,242
107,128,235
125,134,259
130,129,259
120,130,250
139,150,289
134,156,290
120,164,284
124,176,300
124,183,307
95,182,277
137,174,311
144,173,317
159,174,333
147,188,335
139,199,338
129,191,320
157,160,317
158,149,307
160,147,307
142,135,277
143,122,265
140,109,249
142,94,236
140,82,222
135,107,242
130,112,242
130,116,246
134,94,228
155,88,243
121,90,211
130,137,267
143,103,246
181,86,267
170,89,259
134,85,219
106,125,231
126,134,260
126,143,269
109,151,260
121,154,275
121,159,280
116,166,282
121,166,287
93,171,264
127,170,297
136,150,286
138,154,292
134,153,287
121,158,279
126,161,287
119,162,281
100,166,266
122,169,291
120,175,295
122,173,295
134,173,307
126,170,296
129,152,281
138,152,290
130,158,288
122,163,285
121,168,289
122,166,288
112,163,275
131,158,289
131,153,284
123,152,275
119,147,266
125,147,272
118,178,296
123,181,304
118,184,302
121,177,298
157,153,310
149,158,307
131,196,327
123,193,316
123,204,327
119,226,345
200,171,371
211,164,375
211,180,391
136,188,324
125,186,311
127,192,319
147,175,322
151,163,314
146,160,306
131,176,307
127,190,317
121,217,338
121,227,348
122,202,324
172,169,341
197,130,327
200,109,309
173,109,282
157,113,270
160,106,266
172,95,267
173,121,294
159,115,274
166,110,276
160,105,265
157,133,290
167,113,280
172,108,280
157,148,305
166,135,301
166,135,301
185,117,302
168,116,284
168,119,287
180,150,330
180,138,318
196,123,319
176,122,298
163,144,307
168,135,303
168,116,284
162,106,268
166,103,269
158,90,248
155,122,277
148,154,302
150,173,323
148,173,321
164,174,338
154,176,330
160,169,329
147,160,307
158,171,329
182,146,328
172,150,322
158,148,306
143,141,284
140,139,279
135,167,302
130,167,297
111,176,287
143,180,323
134,186,320
145,192,337
136,194,330
154,165,319
154,165,319
146,160,306
118,159,277
123,168,291
125,194,319
119,194,313
116,196,312
165,151,316
194,117,311
201,120,321
175,112,287
160,120,280
156,126,282
157,129,286
160,126,286
155,118,273
157,117,274
170,156,326
190,146,336
204,131,335
181,138,319
165,158,323
153,175,328
156,168,324
164,151,315
181,108,289
182,122,304
177,117,294
140,119,259
148,148,296
141,153,294
155,123,278
172,106,278
185,122,307
150,116,266
162,99,261
155,128,283
154,140,294
151,141,292
158,121,279
150,111,261
161,96,257
162,114,276
162,124,286
149,137,286
151,126,277
152,111,263
154,98,252
154,126,280
153,114,267
135,95,230
142,133,275
148,132,280
151,128,279
143,122,265
164,117,281
177,94,271
174,88,262
155,113,268
143,103,246
135,107,242
140,100,240
141,92,233
146,93,239
140,122,262
158,119,277
169,125,294
171,123,294
153,118,271
136,136,272
127,140,267
111,143,254
133,138,271
144,141,285
149,140,289
128,142,270
133,140,273
135,143,278
133,165,298
130,166,296
125,159,284
135,162,297
126,186,312
125,199,324
126,201,327
126,198,324
139,176,315
160,190,350
173,181,354
135,166,301
147,155,302
139,142,281
142,135,277
138,120,258
133,110,243
136,105,241
130,97,227
132,87,219
136,102,238
130,100,230
141,150,291
162,145,307
165,146,311
154,143,297
105,147,252
123,162,285
133,182,315
141,192,333
139,203,342
133,198,331
147,187,334
151,178,329
162,176,338
177,147,324
188,126,314
196,115,311
189,137,326
198,117,315
205,128,333
178,126,304
134,120,254
113,115,228
121,110,231
126,117,243
122,145,267
133,146,279
153,123,276
159,128,287
148,149,297
127,159,286
130,154,284
143,143,286
143,172,315
137,168,305
142,169,311
142,170,312
140,168,308
138,159,297
136,151,287
130,146,276
162,111,273
173,106,279
176,101,277
153,117,270
169,92,261
169,117,286
159,130,289
132,117,249
151,113,264
148,115,263
131,145,276
181,123,304
180,112,292
175,147,322
176,123,299
174,152,326
164,155,319
131,149,280
142,127,269
147,115,262
145,108,253
122,101,223
116,94,210
126,85,211
126,125,251
127,139,266
147,136,283
140,136,276
137,122,259
111,119,230
135,111,246
132,99,231
142,121,263
156,110,266
149,102,251
129,103,232
126,100,226
133,100,233
135,93,228
136,104,240
131,94,225
137,79,216
143,124,267
114,136,250
127,148,275
132,151,283
122,156,278
123,158,281
136,154,290
141,136,277
126,127,253
144,111,255
130,102,232
126,113,239
108,111,219
123,126,249
155,101,256
163,94,257
166,114,280
139,117,256
142,115,257
139,109,248
137,120,257
163,105,268
165,93,258
162,90,252
121,90,211
137,91,228
140,91,231
137,116,253
135,120,255
132,104,236
144,106,250
135,89,224
131,80,211
118,117,235
128,116,244
111,103,214
136,99,235
135,96,231
127,130,257
152,125,277
154,152,306
144,160,304
129,159,288
139,153,292
144,137,281
155,108,263
162,119,281
177,99,276
171,99,270
159,93,252
136,90,226
136,89,225
134,84,218
129,88,217
131,82,213
130,112,242
130,110,240
131,113,244
131,115,246
125,114,239
124,115,239
138,99,237
140,97,237
145,90,235
136,89,225
135,101,236
132,259,391
128,270,398
141,261,402
166,240,406
217,185,402
202,149,351
205,122,327
198,112,310
173,108,281
146,109,255
132,107,239
133,107,240
132,112,244
135,118,253
136,116,252
137,113,250
132,138,270
127,159,286
122,165,287
135,157,292
151,152,303
157,152,309
152,174,326
147,195,342
143,203,346
148,195,343
171,167,338
200,137,337
192,131,323
165,130,295
139,122,261
137,117,254
135,116,251
127,118,245
123,118,241
126,116,242
126,115,241
128,114,242
126,115,241
129,115,244
125,124,249
126,145,271
142,245,387
266,173,439
313,144,457
334,106,440
221,93,314
192,177,369
183,168,351
173,181,354
160,188,348
99,192,291
144,174,318
147,172,319
145,182,327
133,179,312
146,176,322
138,207,345
130,221,351
140,231,371
147,218,365
190,191,381
187,185,372
178,184,362
158,166,324
169,139,308
184,118,302
189,114,303
179,128,307
169,122,291
161,120,281
166,123,289
169,119,288
180,133,313
159,135,294
160,120,280
161,143,304
195,127,322
199,183,382
234,148,382
217,124,341
224,105,329
177,136,313
168,125,293
166,110,276
148,108,256
126,115,241
116,118,234
127,110,237
141,101,242
116,101,217
106,135,241
131,140,271
141,134,275
157,130,287
154,139,293
147,151,298
133,154,287
139,134,273
158,115,273
162,120,282
150,131,281
128,144,272
118,145,263
145,142,287
146,147,293
137,154,291
123,161,284
119,161,280
127,185,312
122,200,322
116,201,317
126,203,329
163,170,333
186,147,333
218,105,323
201,99,300
179,119,298
160,126,286
154,121,275
146,112,258
144,109,253
141,136,277
192,112,304
201,99,300
206,116,322
176,135,311
159,125,284
157,106,263
163,99,262
163,101,264
167,122,289
197,124,321
195,116,311
192,117,309
149,117,266
161,126,287
147,113,260
150,107,257
150,123,273
161,108,269
157,93,250
155,118,273
151,156,307
161,156,317
150,149,299
153,156,309
158,154,312
191,113,304
210,116,326
209,113,322
150,101,251
160,129,289
160,122,282
150,104,254
154,93,247
144,91,235
151,118,269
142,138,280
161,132,293
189,124,313
184,131,315
196,147,343
157,150,307
163,156,319
176,144,320
160,135,295
154,125,279
141,113,254
186,101,287
196,103,299
209,114,323
184,103,287
147,119,266
186,115,301
181,120,301
194,114,308
180,95,275
175,103,278
140,85,225
148,122,270
159,99,258
165,140,305
193,114,307
180,106,286
169,109,278
131,137,268
128,162,290
138,159,297
147,176,323
141,182,323
128,196,324
128,206,334
148,197,345
128,212,340
160,199,359
162,182,344
173,166,339
142,166,308
148,154,302
150,130,280
159,118,277
148,102,250
133,95,228
134,118,252
143,116,259
154,105,259
156,88,244
152,104,256
132,119,251
139,117,256
134,106,240
132,93,225
135,87,222
132,127,259
138,111,249
146,99,245
147,90,237
138,92,230
135,120,255
142,146,288
132,164,296
141,164,305
137,146,283
148,136,284
136,125,261
153,94,247
176,121,297
179,126,305
162,118,280
156,177,333
174,150,324
176,145,321
172,148,320
124,157,281
130,155,285
133,146,279
127,146,273
129,139,268
128,134,262
138,122,260
143,110,253
152,89,241
155,136,291
140,145,285
149,142,291
151,136,287
133,128,261
148,120,268
140,109,249
138,98,236
151,123,274
157,112,269
150,109,259
136,111,247
172,108,280
188,94,282
174,132,306
159,127,286
151,111,262
152,107,259
156,90,246
150,87,237
150,121,271
130,134,264
132,143,275
121,150,271
130,152,282
139,143,282
151,138,289
152,137,289
144,139,283
151,135,286
140,141,281
128,151,279
130,169,299
116,174,290
122,173,295
122,170,292
131,175,306
117,171,288
120,162,282
129,153,282
128,161,289
125,178,303
122,176,298
124,171,295
141,148,289
145,151,296
139,167,306
125,169,294
121,160,281
125,153,278
125,152,277
116,150,266
118,150,268
120,156,276
124,146,270
128,146,274
132,148,280
127,161,288
108,169,277
114,164,278
128,155,283
134,141,275
139,130,269
136,128,264
130,128,258
126,128,254
126,130,256
128,132,260
148,113,261
150,149,299
184,134,318
179,131,310
187,122,309
160,127,287
180,117,297
167,119,286
161,120,281
142,123,265
143,115,258
145,96,241
145,91,236
148,149,297
148,144,292
165,131,296
162,105,267
138,106,244
154,108,262
144,123,267
141,152,293
131,158,289
120,156,276
127,150,277
126,150,276
114,157,271
124,156,280
115,151,266
123,150,273
120,153,273
124,149,273
122,146,268
121,156,277
119,176,295
125,188,313
127,187,314
139,191,330
139,203,342
146,194,340
137,190,327
162,156,318
152,149,301
153,148,301
128,146,274
114,141,255
122,137,259
120,138,258
120,147,267
123,150,273
122,153,275
129,148,277
128,145,273
117,137,254
128,132,260
128,120,248
127,118,245
127,116,243
124,112,236
114,110,224
128,127,255
120,167,287
125,175,300
127,159,286
175,131,306
176,131,307
164,129,293
144,127,271
148,133,281
161,132,293
159,128,287
156,128,284
171,115,286
178,155,333
221,131,352
209,132,341
238,89,327
184,88,272
163,84,247
117,108,225
126,148,274
120,165,285
136,154,290
169,154,323
184,149,333
184,144,328
154,136,290
107,145,252
107,140,247
115,142,257
123,138,261
109,145,254
114,147,261
119,146,265
122,145,267
126,140,266
122,134,256
122,134,256
124,140,264
122,147,269
128,141,269
130,139,269
133,133,266
127,133,260
128,156,284
132,187,319
128,211,339
132,211,343
138,216,354
150,201,351
169,166,335
202,126,328
192,111,303
175,114,289
167,137,304
168,133,301
178,117,295
159,108,267
150,125,275
162,102,264
168,94,262
164,154,318
163,164,327
170,173,343
164,171,335
189,176,365
188,194,382
178,225,403
150,219,369
144,218,362
156,203,359
204,309,513
226,309,535
209,312,521
219,242,461
306,148,454
291,128,419
232,115,347
160,107,267
161,135,296
167,121,288
166,111,277
155,109,264
147,144,291
180,152,332
177,158,335
173,146,319
148,133,281
152,119,271
149,107,256
159,128,287
161,138,299
118,140,258
150,151,301
156,162,318
174,157,331
189,132,321
181,124,305
166,116,282
133,120,253
130,125,255
134,118,252
137,124,261
145,117,262
129,112,241
118,106,224
104,110,214
123,113,236
126,105,231
128,102,230
133,102,235
124,101,225
127,101,228
119,103,222
124,97,221
118,95,213
121,97,218
120,101,221
116,99,215
119,100,219
115,99,214
114,101,215
111,104,215
121,116,237
122,114,236
120,118,238
122,119,241
122,119,241
126,113,239
102,115,217
126,111,237
118,106,224
128,103,231
114,115,229
117,121,238
124,114,238
125,112,237
125,133,258
135,242,377
265,125,390
267,126,393
260,129,389
144,126,270
135,121,256
125,121,246
120,122,242
124,116,240
116,109,225
126,105,231
122,116,238
124,116,240
114,112,226
122,110,232
126,118,244
128,131,259
125,137,262
124,132,256
139,148,287
144,159,303
138,155,293
138,157,295
140,162,302
147,157,304
141,157,298
167,137,304
158,150,308
168,148,316
159,139,298
151,130,281
146,118,264
136,103,239
137,94,231
137,90,227
117,83,200
132,101,233
126,104,230
137,126,263
154,122,276
186,168,354
204,145,349
185,131,316
162,117,279
145,122,267
132,120,252
155,118,273
163,107,270
159,99,258
163,139,302
165,126,291
167,126,293
154,121,275
167,144,311
193,137,330
165,135,300
175,124,299
141,124,265
135,120,255
124,112,236
114,106,220
121,109,230
122,107,229
124,107,231
129,108,237
123,108,231
122,112,234
125,150,275
114,156,270
121,160,281
131,180,311
134,178,312
135,173,308
141,184,325
123,186,309
129,184,313
123,180,303
145,159,304
145,163,308
153,156,309
139,156,295
141,156,297
126,155,281
122,157,279
122,182,304
120,185,305
117,186,303
121,183,304
150,143,293
166,119,285
189,100,289
159,90,249
153,107,260
135,108,243
150,93,243
142,84,226
152,134,286
145,133,278
143,120,263
170,89,259
170,173,343
160,172,332
151,162,313
162,138,300
141,123,264
166,106,272
157,102,259
150,95,245
150,150,300
170,148,318
197,137,334
213,147,360
213,144,357
213,179,392
251,112,363
248,127,375
225,138,363
154,143,297
159,147,306
155,149,304
173,157,330
167,169,336
165,182,347
162,192,354
160,203,363
160,216,376
151,230,381
156,242,398
158,248,406
184,231,415
197,211,408
189,208,397
187,175,362
192,149,341
189,143,332
175,129,304
157,116,273
164,107,271
166,178,344
180,174,354
180,160,340
179,139,318
139,125,264
159,107,266
152,93,245
168,129,297
160,128,288
166,114,280
156,103,259
157,131,288
166,115,281
171,102,273
167,116,283
155,100,255
162,105,267
156,96,252
150,183,333
161,174,335
160,159,319
212,104,316
192,167,359
216,165,381
157,172,329
144,178,322
88,175,263
128,170,298
139,166,305
154,144,298
176,146,322
209,159,368
223,120,343
234,97,331
201,138,339
163,130,293
161,145,306
166,128,294
173,105,278
184,147,331
188,133,321
176,126,302
158,144,302
128,168,296
112,178,290
130,175,305
127,171,298
135,192,327
130,204,334
119,216,335
132,213,345
162,191,353
168,183,351
167,186,353
144,184,328
156,173,329
171,161,332
169,151,320
156,145,301
170,120,290
184,149,333
192,153,345
177,185,362
153,188,341
156,167,323
177,145,322
139,140,279
201,109,310
190,123,313
178,106,284
172,98,270
155,118,273
137,137,274
130,147,277
138,155,293
112,154,266
127,154,281
127,150,277
123,150,273
118,151,269
137,146,283
136,154,290
129,165,294
130,161,291
140,157,297
151,160,311
145,160,305
146,161,307
169,122,291
172,102,274
184,147,331
191,167,358
190,182,372
179,193,372
173,195,368
180,183,363
169,183,352
175,148,323
186,128,314
196,114,310
163,108,271
173,151,324
181,172,353
211,147,358
253,124,377
233,128,361
190,137,327
158,159,317
170,151,321
150,139,289
177,108,285
168,106,274
153,109,262
123,107,230
122,105,227
115,106,221
122,106,228
121,114,235
121,125,246
122,140,262
125,142,267
132,131,263
141,128,269
133,124,257
129,114,243
128,117,245
128,136,264
114,181,295
124,186,310
125,186,311
127,183,310
166,136,302
182,125,307
188,113,301
152,95,247
143,102,245
143,88,231
145,107,252
145,124,269
136,122,258
140,110,250
135,110,245
141,107,248
145,124,269
149,140,289
148,126,274
155,113,268
171,122,293
177,99,276
196,116,312
168,119,287
133,115,248
143,104,247
148,109,257
152,101,253
160,122,282
160,143,303
156,180,336
141,220,361
139,278,417
154,275,429
178,264,442
196,257,453
236,213,449
192,192,384
240,174,414
202,154,356
197,136,333
183,144,327
164,172,336
134,201,335
119,205,324
119,212,331
164,164,328
177,143,320
186,146,332
149,136,285
133,133,266
132,133,265
122,145,267
117,145,262
116,143,259
133,141,274
135,147,282
133,149,282
122,155,277
128,143,271
128,144,272
118,149,267
122,151,273
118,153,271
122,166,288
122,186,308
121,187,308
114,189,303
124,181,305
189,116,305
200,100,300
192,91,283
131,116,247
136,110,246
164,124,288
163,130,293
158,144,302
149,149,298
140,148,288
128,141,269
149,150,299
139,147,286
127,147,274
140,130,270
144,116,260
141,110,251
144,104,248
143,134,277
160,112,272
154,109,263
179,123,302
176,109,285
189,109,298
164,106,270
143,130,273
141,139,280
139,150,289
156,149,305
163,144,307
159,166,325
162,171,333
155,167,322
162,169,331
168,155,323
162,150,312
153,161,314
147,166,313
151,168,319
186,173,359
179,203,382
179,296,475
178,336,514
197,327,524
207,312,519
254,235,489
275,184,459
267,170,437
195,156,351
156,157,313
152,160,312
136,166,302
141,179,320
139,186,325
148,192,340
166,199,365
181,179,360
220,125,345
197,100,297
203,82,285
159,118,277
151,140,291
157,141,298
151,141,292
151,136,287
140,119,259
176,119,295
179,130,309
174,128,302
154,138,292
160,140,300
164,139,303
168,132,300
170,119,289
149,106,255
165,131,296
167,130,297
162,122,284
159,116,275
148,105,253
144,90,234
157,138,295
151,122,273
168,102,270
155,135,290
144,125,269
177,119,296
169,120,289
152,113,265
151,108,259
138,107,245
137,113,250
126,119,245
132,113,245
135,122,257
117,125,242
124,129,253
126,137,263
137,129,266
132,138,270
133,135,268
138,130,268
135,129,264
136,128,264
126,133,259
125,134,259
136,124,260
131,161,292
134,155,289
152,126,278
172,113,285
182,107,289
152,103,255
163,102,265
143,101,244
135,138,273
154,125,279
152,105,257
158,87,245
142,111,253
151,105,256
131,104,235
149,171,320
220,198,418
296,151,447
297,145,442
211,169,380
158,165,323
144,178,322
144,186,330
134,199,333
128,202,330
144,178,322
142,182,324
169,157,326
178,124,302
215,127,342
210,116,326
198,134,332
177,113,290
168,129,297
189,133,322
186,151,337
203,154,357
231,179,410
233,153,386
217,155,372
197,170,367
156,191,347
151,213,364
136,218,354
139,219,358
138,209,347
159,172,331
166,157,323
164,152,316
131,154,285
122,157,279
122,158,280
117,160,277
119,177,296
135,170,305
141,177,318
140,185,325
139,179,318
152,166,318
153,174,327
143,197,340
122,210,332
117,217,334
136,208,344
168,199,367
171,204,375
163,204,367
145,196,341
162,179,341
153,182,335
179,150,329
176,137,313
178,133,311
146,125,271
141,117,258
142,121,263
135,145,280
131,153,284
133,149,282
131,129,260
149,125,274
136,118,254
137,143,280
176,100,276
188,179,367
252,129,381
226,107,333
229,120,349
155,140,295
149,152,301
158,159,317
167,148,315
160,139,299
158,127,285
145,122,267
141,119,260
127,122,249
122,126,248
125,129,254
127,127,254
125,125,250
130,114,244
134,112,246
124,105,229
106,105,211
115,102,217
120,96,216
123,98,221
130,88,218
141,106,247
141,126,267
136,129,265
139,134,273
135,141,276
128,145,273
124,157,281
140,154,294
128,190,318
144,184,328
130,191,321
133,187,320
190,125,315
211,107,318
215,146,361
177,145,322
165,149,314
162,144,306
140,135,275
149,127,276
145,132,277
141,149,290
128,178,306
136,174,310
141,163,304
149,155,304
137,155,292
121,171,292
125,182,307
123,192,315
126,194,320
139,195,334
159,171,330
145,158,303
176,153,329
160,160,320
136,154,290
137,137,274
146,120,266
148,105,253
147,101,248
133,89,222
145,104,249
132,115,247
130,111,241
122,105,227
148,108,256
146,110,256
142,101,243
135,99,234
129,105,234
119,101,220
132,97,229
148,91,239
139,93,232
140,110,250
134,106,240
139,96,235
151,89,240
136,110,246
154,99,253
154,151,305
181,124,305
171,120,291
185,108,293
146,97,243
142,126,268
184,119,303
182,116,298
189,105,294
168,142,310
165,122,287
173,113,286
177,102,279
150,97,247
149,115,264
147,118,265
156,99,255
157,88,245
152,92,244
129,92,221
119,94,213
124,115,239
124,132,256
128,126,254
133,138,271
135,143,278
124,138,262
119,134,253
120,136,256
115,136,251
121,159,280
121,176,297
127,183,310
135,180,315
141,188,329
140,202,342
135,203,338
127,206,333
125,194,319
173,155,328
192,141,333
178,140,318
151,127,278
132,125,257
115,148,263
123,178,301
121,188,309
129,191,320
144,180,324
181,162,343
173,164,337
181,144,325
142,132,274
143,123,266
135,109,244
123,109,232
148,91,239
148,118,266
150,130,280
137,134,271
126,151,277
133,147,280
132,140,272
140,131,271
159,111,270
154,93,247
154,78,232
145,89,234
128,113,241
129,119,248
146,123,269
149,138,287
149,150,299
134,155,289
153,155,308
169,137,306
171,123,294
199,129,328
196,119,315
191,106,297
168,133,301
168,134,302
156,145,301
148,164,312
120,172,292
126,166,292
127,166,293
142,160,302
131,194,325
135,199,334
122,199,321
131,193,324
173,161,334
167,143,310
180,130,310
149,111,260
146,103,249
133,93,226
136,111,247
139,106,245
143,94,237
152,112,264
149,116,265
139,110,249
141,111,252
146,165,311
179,131,310
186,127,313
170,132,302
113,137,250
131,143,274
115,128,243
139,137,276
132,150,282
119,155,274
130,150,280
129,151,280
146,144,290
134,152,286
128,149,277
115,183,298
118,189,307
120,187,307
117,193,310
156,150,306
179,130,309
176,111,287
155,105,260
147,96,243
140,82,222
139,128,267
138,133,271
140,122,262
167,101,268
153,93,246
157,110,267
143,128,271
140,128,268
135,143,278
154,133,287
151,153,304
147,161,308
145,159,304
143,160,303
137,156,293
121,157,278
121,183,304
118,190,308
123,200,323
122,199,321
150,183,333
148,174,322
150,187,337
132,193,325
140,202,342
138,205,343
145,196,341
143,200,343
179,162,341
186,154,340
187,136,323
171,122,293
159,112,271
162,134,296
172,118,290
171,123,294
188,109,297
185,134,319
190,126,316
168,116,284
161,105,266
160,92,252
159,147,306
158,131,289
163,103,266
174,120,294
158,104,262
164,118,282
164,104,268
157,95,252
164,130,294
155,116,271
165,102,267
165,108,273
142,91,233
169,117,286
168,103,271
163,112,275
159,103,262
156,125,281
154,112,266
164,93,257
166,149,315
161,134,295
158,122,280
159,108,267
150,141,291
164,139,303
179,116,295
176,101,277
157,119,276
167,110,277
166,92,258
165,140,305
153,129,282
160,110,270
155,189,344
153,296,449
165,279,444
186,255,441
185,273,458
208,206,414
237,167,404
242,124,366
236,150,386
229,151,380
200,141,341
213,117,330
199,94,293
201,107,308
161,100,261
156,124,280
158,113,271
164,137,301
166,141,307
180,131,311
213,125,338
200,108,308
181,94,275
167,127,294
146,160,306
147,159,306
151,147,298
151,133,284
161,118,279
157,106,263
165,129,294
151,149,300
150,141,291
146,128,274
148,116,264
174,90,264
168,115,283
162,135,297
145,125,270
160,98,258
183,135,318
189,133,322
163,131,294
145,129,274
115,144,259
119,138,257
128,134,262
128,126,254
131,111,242
136,110,246
143,122,265
125,154,279
131,156,287
133,161,294
113,158,271
128,150,278
128,137,265
129,135,264
129,137,266
122,136,258
120,134,254
131,131,262
131,142,273
129,148,277
126,147,273
142,160,302
145,163,308
152,152,304
151,156,307
149,159,308
132,163,295
130,152,282
162,115,277
170,113,283
181,110,291
172,121,293
158,121,279
155,111,266
156,106,262
143,117,260
153,104,257
146,115,261
171,145,316
178,127,305
191,118,309
162,134,296
187,103,290
201,85,286
181,81,262
139,91,230
121,117,238
130,203,333
283,124,407
310,129,439
306,118,424
211,107,318
162,123,285
171,108,279
167,100,267
155,107,262
145,103,248
139,101,240
144,121,265
154,104,258
160,86,246
154,77,231
133,115,248
129,129,258
126,120,246
139,133,272
126,140,266
125,134,259
132,148,280
146,152,298
136,164,300
127,170,297
140,194,334
143,209,352
147,197,344
142,192,334
159,184,343
165,166,331
171,164,335
171,152,323
153,143,296
143,143,286
145,147,292
127,148,275
129,147,276
131,141,272
133,151,284
128,156,284
131,193,324
128,199,327
142,198,340
145,180,325
159,162,321
179,146,325
184,150,334
169,153,322
161,140,301
153,138,291
194,107,301
189,105,294
185,119,304
135,127,262
168,97,265
175,107,282
171,136,307
156,136,292
157,150,307
152,147,299
173,136,309
222,139,361
246,113,359
220,127,347
185,141,326
151,146,297
154,147,301
160,140,300
165,143,308
160,142,302
132,128,260
157,110,267
171,164,335
192,145,337
203,157,360
236,153,389
217,139,356
221,128,349
174,119,293
139,105,244
142,99,241
145,134,279
152,129,281
158,135,293
157,126,283
157,116,273
185,147,332
191,162,353
184,173,357
155,183,338
128,179,307
136,164,300
131,163,294
151,136,287
146,140,286
143,146,289
126,136,262
131,128,259
134,139,273
119,153,272
119,158,277
126,148,274
132,144,276
142,143,285
137,139,276
164,141,305
198,129,327
217,120,337
204,105,309
166,97,263
135,97,232
125,93,218
120,102,222
134,105,239
133,117,250
137,125,262
119,146,265
113,162,275
127,172,299
134,165,299
143,168,311
152,173,325
142,173,315
137,177,314
129,175,304
156,149,305
170,141,311
178,136,314
174,128,302
153,137,290
145,157,302
116,161,277
131,160,291
116,161,277
136,140,276
147,125,272
143,108,251
146,99,245
139,96,235
137,141,278
139,147,286
149,152,301
147,191,338
137,214,351
136,202,338
196,128,324
208,123,331
179,120,299
125,110,235
136,112,248
111,108,219
140,89,229
144,145,289
148,149,297
186,106,292
202,135,337
179,125,304
165,107,272
149,101,250
133,87,220
146,152,298
154,152,306
187,104,291
195,111,306
142,124,266
144,109,253
140,122,262
137,138,275
108,184,292
120,206,326
109,193,302
128,199,327
148,179,327
175,156,331
193,184,377
182,187,369
178,177,355
186,169,355
180,165,345
148,153,301
168,189,357
216,145,361
215,133,348
240,129,369
190,126,316
192,125,317
159,126,285
139,166,305
138,164,302
104,159,263
168,120,288
178,101,279
186,150,336
169,150,319
158,148,306
172,150,322
138,141,279
169,151,320
152,155,307
164,152,316
174,146,320
174,140,314
149,146,295
135,160,295
119,172,291
122,173,295
166,138,304
176,132,308
168,135,303
131,126,257
92,123,215
115,117,232
131,122,253
123,118,241
136,140,276
149,149,298
159,149,308
151,156,307
99,169,268
130,199,329
106,205,311
112,201,313
127,191,318
174,137,311
180,118,298
176,102,278
156,89,245
139,148,287
111,149,260
129,147,276
133,134,267
104,116,220
152,99,251
145,121,266
160,114,274
150,99,249
159,145,304
157,153,310
147,156,303
149,169,318
138,163,301
155,157,312
157,155,312
160,168,328
157,168,325
157,165,322
178,130,308
179,118,297
182,131,313
154,148,302
154,134,288
135,134,269
110,127,237
138,122,260
162,138,300
189,120,309
195,119,314
147,116,263
157,102,259
164,102,266
154,95,249
132,98,230
126,103,229
128,94,222
123,91,214
126,87,213
97,112,209
125,128,253
114,143,257
110,175,285
112,188,300
133,185,318
183,150,333
182,168,350
136,165,301
131,157,288
120,158,278
134,146,280
121,137,258
163,95,258
167,87,254
141,81,222
124,115,239
124,126,250
121,137,258
129,132,261
106,134,240
165,133,298
179,128,307
185,126,311
148,123,271
131,139,270
118,128,246
150,129,279
149,127,276
97,128,225
125,123,248
126,125,251
115,122,237
123,116,239
127,114,241
131,118,249
115,119,234
124,127,251
97,126,223
128,118,246
130,110,240
134,106,240
131,100,231
101,100,201
123,96,219
109,94,203
123,91,214
102,86,188
124,80,204
122,115,237
112,133,245
132,156,288
118,182,300
128,189,317
122,206,328
112,237,349
148,215,363
163,202,365
149,201,350
174,153,327
194,131,325
200,116,316
149,108,257
139,103,242
123,107,230
102,109,211
122,114,236
121,110,231
106,102,208
124,97,221
102,103,205
120,99,219
130,92,222
135,97,232
120,96,216
141,97,238
135,106,241
136,105,241
127,95,222
125,94,219
116,89,205
106,86,192
125,80,205
122,91,213
120,109,229
121,136,257
124,150,274
132,162,294
162,318,480
166,325,491
176,308,484
213,247,460
289,162,451
292,123,415
226,89,315
191,148,339
171,152,323
143,154,297
130,159,289
86,192,278
134,180,314
140,164,304
150,160,310
152,140,292
131,124,255
158,114,272
156,90,246
153,104,257
150,103,253
125,100,225
120,94,214
116,89,205
125,89,214
122,86,208
120,85,205
122,85,207
125,76,201
125,108,233
127,123,250
129,120,249
128,123,251
135,124,259
125,132,257
130,137,267
123,138,261
123,138,261
107,150,257
120,171,291
114,172,286
109,168,277
123,164,287
134,133,267
161,113,274
173,102,275
147,101,248
151,117,268
156,111,267
161,102,263
144,117,261
170,104,274
173,99,272
181,109,290
146,102,248
150,92,242
139,108,247
137,99,236
144,91,235
141,111,252
144,96,240
146,103,249
154,90,244
138,104,242
137,90,227
136,115,251
146,121,267
139,113,252
149,124,273
143,126,269
148,117,265
138,110,248
133,101,234
133,93,226
135,85,220
129,94,223
135,92,227
134,83,217
127,106,233
139,97,236
139,86,225
146,108,254
159,116,275
168,100,268
169,101,270
140,97,237
129,91,220
139,84,223
133,93,226
124,105,229
125,110,235
126,120,246
124,119,243
117,114,231
124,108,232
123,104,227
123,107,230
117,105,222
119,99,218
127,95,222
124,89,213
125,85,210
120,85,205
116,85,201
121,84,205
116,177,293
185,172,357
243,127,370
254,140,394
181,158,339
125,159,284
134,144,278
141,146,287
141,140,281
126,138,264
128,130,258
129,122,251
125,115,240
119,113,232
121,109,230
117,104,221
124,98,222
121,95,216
122,97,219
124,114,238
121,127,248
127,148,275
123,184,307
120,184,304
126,175,301
126,186,312
152,158,310
158,163,321
166,155,321
142,145,287
143,132,275
169,101,270
165,85,250
170,97,267
143,102,245
146,85,231
139,96,235
144,84,228
138,89,227
132,83,215
127,98,225
136,92,228
138,105,243
143,100,243
141,92,233
141,90,231
138,90,228
141,89,230
130,86,216
127,147,274
129,158,287
135,158,293
133,162,295
122,153,275
171,110,281
184,132,316
212,164,376
205,144,349
211,134,345
172,138,310
137,139,276
126,135,261
125,134,259
126,133,259
118,136,254
116,140,256
124,154,278
124,157,281
125,157,282
121,151,272
122,145,267
122,140,262
124,140,264
119,138,257
122,136,258
121,131,252
122,130,252
122,126,248
122,128,250
120,125,245
123,120,243
116,113,229
121,106,227
121,101,222
122,95,217
121,91,212
124,94,218
122,90,212
121,90,211
123,92,215
122,87,209
114,86,200
121,84,205
119,87,206
121,86,207
124,83,207
119,90,209
122,88,210
121,83,204
123,94,217
125,90,215
125,90,215
124,96,220
115,96,211
123,99,222
124,96,220
122,104,226
123,106,229
126,102,228
139,89,228
143,109,252
143,118,261
133,122,255
132,127,259
126,134,260
127,133,260
134,122,256
136,127,263
137,133,270
126,140,266
125,143,268
129,146,275
133,145,278
135,147,282
139,146,285
135,149,284
134,149,283
135,152,287
132,161,293
131,167,298
131,169,300
131,176,307
129,180,309
129,175,304
129,172,301
147,153,300
154,136,290
166,117,283
159,109,268
161,95,256
156,117,273
156,107,263
155,94,249
153,118,271
148,107,255
154,96,250
151,119,270
147,109,256
154,100,254
154,92,246
146,163,309
155,154,309
144,149,293
143,128,271
101,111,212
142,99,241
160,115,275
160,101,261
156,87,243
154,162,316
148,156,304
142,156,298
149,135,284
99,118,217
139,101,240
157,109,266
154,103,257
155,89,244
152,181,333
149,176,325
142,182,324
164,159,323
117,164,281
167,145,312
163,134,297
150,125,275
142,122,264
166,103,269
148,108,256
163,90,253
135,95,230
119,104,223
102,98,200
129,95,224
118,89,207
99,87,186
111,82,193
81,84,165
109,91,200
116,94,210
109,92,201
127,80,207
125,100,225
111,123,234
123,153,276
127,161,288
155,127,282
160,120,280
144,124,268
130,125,255
131,132,263
130,134,264
127,128,255
114,121,235
133,103,236
129,94,223
134,126,260
137,136,273
140,138,278
132,140,272
116,154,270
130,172,302
142,179,321
161,154,315
173,140,313
217,144,361
203,144,347
201,174,375
165,186,351
157,172,329
168,148,316
180,146,326
161,167,328
146,173,319
141,176,317
152,153,305
149,143,292
118,128,246
134,116,250
130,105,235
139,98,237
134,142,276
151,151,302
150,136,286
141,124,265
135,104,239
138,100,238
131,98,229
90,90,180
130,101,231
138,113,251
147,100,247
137,105,242
140,112,252
116,111,227
112,110,222
107,106,213
116,112,228
115,113,228
110,121,231
117,128,245
92,140,232
128,142,270
137,145,282
127,151,278
126,145,271
142,140,282
153,141,294
159,125,284
181,107,288
177,149,326
178,150,328
164,164,328
165,171,336
149,164,313
141,165,306
174,165,339
215,132,347
222,130,352
214,122,336
190,177,367
193,151,344
191,144,335
175,142,317
128,163,291
110,162,272
117,165,282
119,159,278
124,165,289
93,160,253
121,152,273
132,162,294
121,186,307
90,185,275
120,189,309
99,186,285
176,127,303
201,131,332
201,154,355
133,178,311
127,206,333
131,220,351
138,221,359
151,219,370
161,200,361
188,174,362
184,175,359
171,171,342
166,162,328
153,139,292
175,149,324
174,135,309
167,146,313
145,166,311
112,188,300
131,182,313
132,190,322
128,190,318
161,152,313
184,143,327
189,134,323
145,122,267
152,108,260
155,98,253
163,132,295
170,120,290
165,109,274
150,121,271
160,140,300
156,122,278
174,118,292
142,120,262
117,114,231
129,111,240
127,107,234
123,102,225
121,97,218
116,92,208
103,95,198
112,96,208
106,89,195
131,92,223
99,99,198
115,100,215
127,104,231
127,100,227
125,297,422
121,308,429
119,320,439
146,301,447
272,192,464
285,189,474
187,190,377
169,150,319
176,134,310
167,129,296
136,133,269
110,141,251
115,147,262
118,190,308
114,195,309
122,199,321
128,192,320
151,170,321
193,150,343
203,133,336
206,152,358
178,175,353
142,195,337
161,179,340
166,191,357
132,190,322
149,193,342
210,140,350
228,161,389
259,124,383
210,180,390
234,132,366
178,144,322
159,150,309
141,102,243
175,94,269
174,112,286
121,123,244
109,120,229
135,134,269
116,150,266
123,159,282
121,169,290
129,165,294
123,160,283
122,155,277
108,150,258
107,145,252
115,150,265
114,147,261
115,143,258
121,152,273
119,152,271
100,145,245
108,146,254
121,145,266
100,146,246
110,144,254
117,147,264
103,159,262
123,158,281
100,158,258
118,155,273
92,155,247
128,155,283
112,167,279
94,163,257
121,161,282
117,155,272
133,142,275
98,178,276
129,191,320
104,191,295
129,190,319
139,198,337
155,212,367
150,242,392
141,253,394
158,216,374
191,179,370
213,159,372
204,129,333
186,110,296
184,97,281
163,141,304
174,123,297
157,126,283
156,121,277
124,119,243
129,122,251
125,152,277
124,173,297
115,164,279
151,170,321
147,168,315
133,172,305
98,179,277
127,188,315
116,183,299
138,176,314
150,159,309
155,151,306
147,149,296
136,143,279
127,148,275
127,152,279
125,171,296
115,175,290
121,178,299
119,179,298
138,167,305
131,184,315
127,199,326
131,210,341
130,230,360
173,189,362
213,160,373
225,151,376
160,146,306
128,145,273
126,291,417
298,145,443
303,133,436
309,138,447
151,127,278
168,120,288
177,122,299
159,124,283
144,115,259
145,100,245
148,98,246
152,104,256
146,90,236
152,132,284
155,144,299
166,122,288
157,118,275
146,114,260
147,110,257
151,147,298
182,110,292
172,105,277
181,91,272
143,105,248
152,96,248
155,120,275
154,114,268
164,135,299
189,103,292
179,88,267
164,91,255
133,93,226
133,136,269
157,106,263
164,101,265
168,115,283
171,110,281
178,98,276
189,121,310
175,119,294
155,123,278
168,104,272
159,99,258
154,94,248
129,100,229
126,94,220
134,118,252
141,138,279
138,157,295
142,148,290
145,150,295
134,157,291
131,143,274
186,105,291
171,103,274
167,102,269
157,156,313
150,151,301
158,143,301
162,127,289
158,112,270
163,106,269
146,100,246
133,93,226
127,98,225
141,98,239
142,87,229
147,80,227
133,112,245
125,130,255
105,142,247
137,136,273
138,122,260
147,124,271
137,119,256
126,121,247
126,125,251
125,121,246
121,125,246
124,124,248
111,133,244
123,137,260
121,160,281
132,171,303
134,186,320
135,183,318
119,181,300
151,155,306
166,134,300
187,112,299
160,115,275
180,145,325
166,139,305
183,117,300
172,99,271
161,101,262
159,90,249
151,149,300
152,135,287
176,106,282
185,163,348
173,156,329
176,156,332
171,142,313
124,116,240
159,134,293
149,137,286
128,135,263
126,133,259
134,133,267
136,125,261
138,123,261
146,119,265
135,117,252
132,122,254
124,115,239
99,113,212
130,109,239
91,110,201
117,108,225
121,107,228
119,108,227
119,100,219
128,91,219
129,90,219
122,92,214
112,89,201
122,90,212
111,119,230
122,128,250
128,130,258
140,122,262
141,136,277
128,148,276
123,152,275
111,158,269
162,120,282
160,121,281
140,134,274
123,132,255
133,144,277
137,149,286
133,144,277
131,145,276
127,133,260
131,131,262
178,115,293
176,108,284
177,96,273
161,152,313
162,145,307
193,109,302
182,108,290
149,104,253
126,102,228
147,88,235
140,89,229
135,94,229
124,99,223
125,97,222
128,99,227
130,93,223
121,136,257
147,123,270
135,117,252
157,115,272
135,139,274
145,148,293
144,150,294
135,162,297
130,159,289
128,154,282
126,156,282
129,162,291
123,176,299
124,188,312
125,195,320
124,195,319
153,173,326
168,164,332
190,163,353
170,156,326
157,156,313
162,143,305
149,137,286
162,152,314
162,162,324
155,208,363
155,205,360
153,189,342
153,193,346
171,166,337
171,147,318
171,155,326
143,163,306
118,163,281
130,158,288
142,173,315
152,178,330
116,191,307
134,210,344
123,242,365
156,229,385
168,219,387
173,217,390
176,210,386
151,204,355
158,223,381
172,213,385
175,201,376
220,184,404
208,191,399
194,198,392
146,194,340
119,203,322
121,178,299
164,166,330
166,159,325
135,163,298
133,160,293
132,159,291
112,170,282
125,199,324
135,188,323
145,192,337
142,216,358
186,166,352
216,165,381
227,163,390
154,181,335
155,173,328
151,159,310
151,142,293
147,129,276
140,110,250
127,120,247
119,165,284
174,124,298
185,124,309
208,105,313
168,103,271
162,191,353
174,166,340
190,177,367
181,175,356
115,164,279
159,181,340
154,192,346
146,198,344
137,186,323
119,179,298
152,152,304
155,134,289
150,126,276
135,112,247
167,122,289
171,118,289
169,108,277
154,101,255
151,119,270
132,114,246
156,104,260
147,90,237
151,103,254
148,100,248
145,98,243
144,114,258
148,97,245
166,117,283
184,107,291
178,110,288
156,104,260
138,94,232
126,89,215
132,83,215
122,115,237
133,130,263
140,144,284
140,148,288
129,148,277
129,152,281
134,145,279
133,144,277
131,145,276
126,140,266
111,136,247
146,117,263
149,93,242
163,82,245
152,114,266
135,117,252
125,129,254
127,142,269
120,150,270
146,139,285
147,151,298
140,160,300
142,130,272
145,143,288
177,122,299
171,99,270
162,96,258
162,87,249
138,91,229
119,95,214
116,97,213
127,98,225
108,109,217
119,106,225
124,106,230
113,112,225
126,119,245
117,122,239
106,118,224
118,110,228
126,100,226
88,92,180
120,85,205
110,157,267
144,155,299
137,170,307
130,173,303
90,179,269
119,186,305
111,195,306
148,198,346
144,193,337
130,186,316
156,153,309
157,153,310
161,288,449
146,282,428
152,266,418
194,208,402
248,158,406
245,146,391
177,136,313
162,123,285
161,113,274
160,100,260
150,88,238
134,83,217
118,142,260
143,143,286
136,145,281
140,172,312
131,165,296
138,151,289
154,146,300
148,147,295
149,136,285
157,183,340
155,200,355
148,196,344
142,203,345
161,187,348
158,191,349
154,193,347
157,212,369
162,233,395
163,229,392
162,224,386
177,203,380
194,178,372
175,180,355
160,184,344
144,173,317
138,177,315
139,201,340
134,199,333
133,207,340
153,195,348
169,169,338
170,173,343
151,180,331
127,179,306
138,173,311
138,174,312
137,181,318
124,184,308
136,180,316
136,180,316
145,180,325
133,180,313
143,178,321
134,178,312
143,178,321
132,179,311
140,178,318
133,178,311
141,178,319
133,194,327
141,188,329
133,194,327
141,188,329
149,178,327
148,181,329
149,178,327
134,184,318
139,179,318
137,186,323
137,186,323
141,184,325
135,184,319
149,179,328
138,180,318
146,179,325
133,193,326
141,189,330
132,186,318
142,181,323
179,143,322
198,118,316
191,124,315
172,110,282
152,111,263
155,107,262
131,107,238
139,117,256
121,128,249
120,144,264
115,150,265
129,161,290
119,170,289
131,157,288
116,152,268
120,147,267
112,147,259
114,141,255
124,136,260
124,140,264
124,141,265
124,134,258
120,132,252
111,159,270
110,189,299
111,194,305
127,191,318
123,208,331
177,169,346
176,152,328
188,163,351
163,158,321
148,149,297
152,129,281
151,119,270
164,105,269
161,88,249
153,154,307
140,149,289
152,147,299
145,140,285
121,132,253
152,165,317
178,138,316
180,138,318
159,147,306
131,149,280
135,148,283
124,170,294
120,172,292
123,167,290
112,165,277
156,143,299
191,107,298
198,98,296
142,94,236
124,169,293
185,165,350
254,141,395
244,146,390
180,149,329
142,152,294
147,141,288
152,135,287
147,139,286
150,134,284
128,137,265
144,152,296
113,170,283
119,174,293
121,172,293
126,176,302
117,170,287
149,133,282
168,105,273
177,99,276
139,95,234
122,87,209
128,110,238
137,103,240
145,94,239
142,105,247
139,112,251
166,124,290
176,117,293
175,104,279
143,92,235
127,87,214
122,81,203
129,126,255
131,115,246
144,108,252
135,134,269
146,105,251
148,92,240
162,81,243
131,111,242
129,114,243
153,116,269
172,111,283
177,110,287
187,115,302
189,105,294
174,128,302
170,117,287
155,102,257
145,91,236
121,126,247
141,103,244
151,92,243
126,86,212
126,86,212
123,83,206
126,108,234
130,108,238
112,101,213
129,102,231
112,109,221
101,127,228
127,126,253
113,129,242
139,148,287
141,156,297
145,177,322
161,169,330
162,167,329
162,152,314
156,138,294
180,100,280
190,139,329
184,143,327
200,107,307
196,135,331
192,145,337
180,122,302
190,110,300
185,103,288
155,108,263
140,116,256
111,124,235
109,136,245
118,133,251
110,134,244
120,132,252
92,133,225
119,128,247
102,125,227
122,121,243
121,111,232
129,108,237
105,104,209
129,101,230
125,99,224
96,97,193
127,98,225
108,93,201
131,82,213
127,94,221
129,93,222
108,98,206
114,114,228
123,128,251
125,132,257
125,146,271
110,165,275
126,183,309
119,183,302
135,180,315
130,170,300
163,128,291
176,106,282
184,92,276
146,121,267
148,130,278
153,126,279
157,110,267
146,102,248
150,98,248
145,107,252
155,113,268
180,112,292
189,100,289
169,97,266
146,91,237
136,101,237
131,93,224
139,94,233
135,93,228
129,92,221
133,113,246
153,94,247
145,95,240
147,96,243
127,92,219
135,92,227
131,93,224
131,92,223
134,94,228
130,106,236
125,109,234
125,110,235
118,106,224
121,90,211
138,82,220
139,126,265
123,132,255
136,130,266
133,144,277
121,148,269
129,154,283
129,161,290
125,180,305
130,175,305
133,169,302
121,170,291
165,133,298
171,117,288
182,126,308
166,117,283
143,145,288
144,149,293
118,145,263
115,150,265
128,143,271
122,140,262
129,133,262
125,130,255
106,126,232
122,126,248
122,123,245
122,120,242
130,109,239
133,106,239
143,94,237
127,88,215
130,85,215
123,97,220
126,91,217
128,107,235
126,114,240
114,134,248
125,156,281
119,160,279
124,162,286
122,164,286
127,162,289
125,162,287
116,168,284
125,173,298
124,173,297
122,176,298
142,157,299
145,167,312
143,180,323
139,177,316
131,172,303
138,160,298
144,156,300
155,146,301
158,131,289
168,134,302
169,125,294
157,110,267
180,110,290
178,105,283
161,101,262
140,88,228
140,109,249
144,100,244
132,90,222
138,102,240
123,112,235
134,102,236
136,98,234
138,92,230
136,103,239
151,96,247
159,106,265
150,96,246
126,109,235
153,96,249
160,78,238
166,90,256
138,88,226
122,82,204
130,89,219
126,86,212
127,109,236
127,104,231
126,101,227
134,95,229
126,93,219
129,93,222
125,92,217
123,101,224
127,113,240
149,113,262
162,119,281
153,115,268
141,113,254
133,112,245
122,110,232
125,116,241
123,125,248
124,124,248
126,117,243
116,116,232
119,108,227
129,98,227
129,91,220
120,85,205
130,90,220
127,86,213
136,102,238
124,100,224
132,97,229
133,91,224
132,82,214
135,95,230
136,85,221
139,94,233
138,98,236
133,99,232
125,97,222
125,91,216
127,85,212
127,96,223
128,90,218
127,85,212
134,113,247
137,109,246
140,103,243
131,99,230
125,92,217
126,83,209
129,76,205
127,91,218
123,93,216
121,103,224
149,94,243
150,91,241
150,120,270
140,118,258
149,107,256
139,103,242
132,95,227
137,84,221
141,102,243
123,104,227
131,95,226
134,85,219
141,107,248
142,102,244
155,142,297
159,130,289
166,114,280
172,84,256
157,130,287
165,157,322
156,276,432
137,291,428
130,294,424
196,248,444
230,217,447
243,219,462
163,221,384
167,186,353
170,168,338
187,142,329
190,106,296
169,96,265
175,108,283
150,102,252
149,114,263
157,101,258
158,93,251
153,89,242
134,108,242
154,97,251
143,94,237
146,95,241
120,114,234
124,114,238
127,111,238
129,114,243
125,123,248
124,128,252
123,137,260
116,154,270
132,160,292
129,171,300
129,181,310
116,179,295
113,174,287
142,148,290
149,137,286
146,128,274
131,118,249
131,111,242
129,99,228
121,93,214
132,83,215
120,78,198
128,93,221
125,87,212
129,93,222
135,99,234
132,104,236
146,105,251
164,90,254
163,93,256
135,91,226
115,92,207
124,99,223
117,100,217
115,106,221
134,94,228
135,90,225
130,94,224
121,100,221
126,110,236
133,127,260
131,137,268
144,140,284
147,140,287
137,144,281
125,140,265
126,135,261
126,128,254
132,123,255
128,118,246
127,114,241
124,107,231
116,105,221
122,99,221
122,104,226
122,119,241
126,98,224
146,94,240
147,86,233
132,103,235
134,113,247
132,126,258
123,133,256
126,133,259
132,139,271
125,147,272
149,130,279
138,144,282
142,149,291
125,144,269
149,117,266
158,110,268
175,96,271
155,93,248
148,89,237
134,96,230
126,96,222
110,100,210
131,93,224
124,109,233
130,106,236
124,105,229
128,100,228
126,98,224
125,96,221
107,92,199
121,93,214
127,90,217
129,83,212
131,78,209
128,91,219
116,93,209
111,92,203
125,91,216
121,86,207
114,88,202
123,83,206
124,98,222
127,114,241
122,114,236
114,115,229
119,121,240
121,122,243
124,124,248
125,137,262
118,138,256
122,138,260
118,135,253
120,128,248
125,129,254
120,124,244
118,120,238
116,114,230
124,106,230
121,102,223
116,102,218
123,101,224
124,94,218
126,89,215
126,86,212
109,105,214
124,106,230
119,112,231
125,118,243
124,114,238
122,110,232
123,106,229
121,100,221
123,98,221
119,94,213
122,88,210
122,105,227
116,117,233
122,127,249
128,144,272
143,216,359
272,112,384
279,106,385
273,97,370
147,84,231
152,109,261
142,112,254
145,99,244
151,113,264
150,103,253
149,120,269
160,111,271
148,124,272
130,146,276
124,153,277
136,139,275
152,117,269
153,106,259
145,104,249
138,109,247
140,106,246
149,115,264
138,119,257
137,120,257
158,113,271
168,91,259
173,92,265
153,90,243
129,101,230
119,106,225
126,98,224
127,91,218
130,82,212
135,94,229
131,118,249
143,109,252
141,108,249
135,111,246
123,112,235
125,117,242
134,102,236
139,93,232
136,87,223
126,84,210
125,114,239
123,112,235
134,116,250
131,118,249
128,107,235
130,100,230
125,94,219
119,86,205
132,102,234
131,119,250
135,131,266
129,137,266
126,166,292
132,169,301
130,175,305
140,167,307
133,165,298
129,160,289
136,141,277
141,127,268
137,121,258
132,112,244
132,123,255
131,132,263
136,125,261
144,123,267
132,110,242
158,105,263
162,112,274
163,100,263
171,125,296
173,122,295
166,114,280
153,107,260
137,118,255
128,114,242
124,103,227
128,95,223
128,85,213
133,75,208
134,90,224
128,83,211
128,102,230
138,96,234
131,95,226
134,92,226
127,90,217
132,86,218
137,100,237
131,100,231
131,103,234
127,102,229
126,95,221
138,97,235
134,98,232
129,87,216
137,97,234
140,98,238
132,94,226
135,97,232
137,91,228
141,80,221
130,90,220
116,94,210
121,91,212
130,113,243
137,109,246
145,100,245
143,94,237
131,108,239
155,85,240
148,95,243
148,96,244
113,96,209
123,95,218
120,85,205
136,102,238
136,120,256
144,125,269
171,103,274
181,85,266
175,129,304
156,111,267
160,94,254
146,118,264
130,116,246
124,110,234
155,98,253
157,105,262
163,117,280
155,112,267
164,103,267
156,95,251
140,110,250
150,109,259
148,116,264
139,111,250
128,115,243
130,103,233
137,92,229
137,83,220
142,92,234
130,90,220
131,94,225
135,109,244
139,99,238
140,89,229
137,81,218
124,95,219
131,92,223
131,84,215
138,94,232
133,91,224
134,99,233
133,89,222
136,108,244
133,105,238
137,119,256
165,93,258
165,112,277
170,102,272
150,92,242
142,83,225
134,99,233
124,97,221
124,91,215
135,92,227
140,89,229
135,82,217
128,90,218
123,108,231
140,95,235
140,86,226
135,93,228
132,86,218
129,90,219
128,81,209
123,90,213
126,82,208
129,89,218
127,82,209
126,88,214
125,81,206
126,88,214
125,82,207
125,88,213
123,82,205
126,89,215
127,84,211
125,102,227
127,96,223
128,92,220
133,82,215
139,103,242
138,95,233
136,87,223
139,106,245
137,94,231
141,85,226
139,101,240
133,99,232
136,94,230
136,87,223
136,100,236
136,93,229
136,83,219
136,117,253
134,117,251
167,161,328
175,147,322
169,142,311
163,108,271
112,98,210
149,86,235
147,103,250
142,92,234
138,83,221
138,102,240
137,98,235
138,90,228
140,80,220
138,100,238
137,98,235
134,93,227
135,88,223
134,116,250
135,117,252
154,141,295
174,141,315
171,144,315
174,150,324
155,150,305
162,159,321
186,144,330
208,131,339
220,107,327
198,116,314
165,118,283
125,128,253
118,140,258
112,161,273
120,172,292
128,174,302
125,170,295
114,163,277
135,135,270
152,119,271
170,102,272
148,89,237
130,105,235
136,101,237
138,130,268
156,109,265
174,104,278
168,99,267
157,138,295
160,116,276
159,100,259
156,105,261
135,95,230
151,135,286
139,135,274
148,135,283
154,110,264
136,104,240
150,95,245
130,102,232
137,106,243
125,107,232
123,110,233
124,108,232
131,102,233
133,96,229
114,82,196
132,150,282
144,132,276
185,100,285
185,124,309
168,132,300
158,145,303
163,152,315
162,158,320
157,166,323
143,160,303
159,145,304
185,167,352
181,283,464
200,275,475
183,263,446
198,245,443
199,178,377
132,144,276
172,122,294
180,115,295
159,122,281
174,116,290
186,93,279
183,192,375
170,172,342
157,156,313
187,140,327
203,94,297
185,144,329
199,123,322
156,113,269
153,115,268
144,106,250
142,125,267
135,123,258
111,117,228
128,111,239
100,106,206
125,99,224
95,93,188
114,91,205
121,88,209
111,85,196
107,78,185
115,106,221
119,134,253
121,137,258
124,132,256
124,137,261
94,133,227
110,144,254
128,146,274
104,142,246
124,144,268
128,134,262
115,129,244
123,131,254
98,128,226
120,122,242
104,118,222
123,125,248
98,131,229
115,125,240
124,111,235
129,104,233
120,98,218
122,95,217
117,97,214
123,90,213
124,85,209
122,92,214
98,91,189
120,92,212
110,95,205
111,97,208
95,109,204
125,118,243
118,114,232
111,110,221
116,105,221
90,98,188
122,94,216
113,89,202
120,91,211
120,91,211
120,86,206
121,104,225
117,115,232
116,113,229
128,105,233
126,111,237
101,110,211
112,139,251
109,147,256
102,138,240
135,122,257
144,114,258
140,109,249
114,110,224
113,115,228
123,122,245
119,172,291
122,194,316
121,225,346
122,226,348
99,238,337
173,211,384
204,195,399
236,151,387
229,109,338
213,92,305
180,122,302
153,122,275
154,107,261
155,95,250
158,119,277
151,114,265
160,115,275
161,103,264
159,101,260
163,113,276
152,109,261
155,106,261
162,158,320
174,147,321
173,142,315
159,147,306
113,146,259
131,146,277
130,152,282
127,158,285
113,162,275
129,161,290
130,157,287
132,156,288
131,147,278
135,141,276
104,132,236
140,121,261
155,88,243
169,104,273
166,93,259
157,87,244
139,106,245
137,105,242
144,99,243
141,91,232
141,105,246
147,94,241
144,95,239
147,83,230
146,103,249
145,95,240
144,87,231
149,111,260
142,105,247
144,119,263
165,125,290
172,117,289
167,110,277
129,104,233
121,103,224
125,97,222
112,91,203
121,88,209
121,86,207
123,83,206
121,79,200
115,99,214
119,115,234
120,110,230
133,102,235
135,98,233
116,101,217
122,104,226
86,109,195
122,100,222
135,99,234
125,103,228
122,96,218
117,117,234
133,168,301
191,178,369
269,120,389
281,102,383
221,111,332
176,117,293
180,106,286
172,104,276
147,97,244
143,101,244
157,115,272
163,102,265
166,89,255
152,111,263
150,104,254
149,95,244
150,108,258
142,100,242
154,121,275
149,129,278
154,122,276
147,125,272
129,121,250
123,116,239
123,111,234
120,116,236
122,115,237
123,112,235
118,108,226
123,114,237
106,126,232
119,141,260
116,150,266
124,146,270
125,142,267
109,137,246
117,138,255
103,133,236
118,132,250
123,135,258
121,143,264
118,138,256
127,129,256
120,136,256
127,140,267
115,151,266
125,143,268
127,149,276
126,151,277
114,148,262
107,146,253
126,139,265
127,133,260
125,134,259
111,137,248
118,143,261
123,141,264
111,134,245
120,132,252
127,129,256
111,124,235
118,118,236
119,114,233
120,110,230
118,103,221
117,110,227
121,111,232
120,108,228
120,107,227
99,103,202
128,100,228
122,97,219
117,94,211
121,97,218
114,92,206
109,80,189
134,78,212
129,130,259
126,136,262
133,142,275
132,187,319
140,191,331
127,202,329
144,197,341
170,160,330
201,119,320
215,104,319
195,155,350
197,135,332
197,120,317
189,111,300
153,107,260
160,174,334
176,142,318
172,136,308
159,133,292
101,138,239
128,159,287
88,157,245
142,131,273
159,110,269
179,83,262
158,109,267
143,105,248
136,94,230
136,129,265
147,135,282
172,109,281
159,122,281
192,111,303
183,111,294
179,128,307
145,142,287
121,139,260
115,135,250
132,144,276
126,145,271
125,147,272
113,175,288
131,181,312
113,189,302
127,191,318
133,181,314
128,182,310
145,183,328
135,204,339
143,211,354
140,213,353
134,206,340
159,180,339
168,149,317
185,138,323
179,123,302
145,126,271
130,122,252
125,119,244
119,111,230
121,105,226
104,100,204
117,95,212
116,100,216
118,123,241
122,134,256
134,118,252
134,130,264
151,118,269
130,150,280
139,155,294
117,164,281
118,173,291
120,170,290
102,168,270
133,160,293
127,158,285
136,152,288
129,149,278
131,145,276
108,147,255
119,148,267
120,145,265
103,136,239
130,153,283
125,167,292
124,163,287
99,161,260
127,155,282
190,119,309
206,115,321
208,108,316
148,100,248
153,89,242
142,128,270
150,119,269
151,107,258
138,100,238
131,105,236
125,124,249
153,136,289
147,130,277
156,115,271
177,102,279
173,115,288
151,128,279
142,124,266
136,129,265
132,124,256
105,127,232
126,123,249
119,135,254
121,140,261
121,141,262
105,143,248
127,145,272
127,145,272
121,144,265
127,156,283
132,146,278
129,148,277
124,148,272
120,151,271
122,152,274
103,153,256
122,151,273
121,139,260
124,146,270
119,146,265
129,150,279
112,150,262
123,153,276
120,154,274
99,155,254
116,173,289
123,184,307
110,195,305
124,203,327
131,204,335
150,216,366
160,215,375
149,206,355
163,199,362
177,172,349
178,173,351
172,186,358
129,182,311
125,175,300
141,162,303
160,143,303
167,123,290
164,113,277
158,134,292
175,113,288
177,106,283
179,99,278
140,103,243
142,106,248
149,96,245
144,102,246
140,92,232
147,102,249
137,143,280
173,113,286
184,116,300
187,107,294
164,125,289
178,125,303
190,127,317
172,114,286
162,99,261
157,85,242
145,94,239
145,91,236
144,100,244
150,83,233
148,105,253
162,99,261
156,96,252
161,102,263
126,93,219
138,86,224
139,89,228
141,85,226
145,96,241
137,91,228
137,112,249
146,116,262
144,106,250
142,97,239
140,84,224
141,113,254
141,249,390
134,247,381
143,235,378
157,216,373
213,147,360
209,123,332
180,106,286
170,97,267
164,105,269
155,99,254
146,114,260
159,116,275
174,119,293
176,110,286
137,100,237
138,111,249
157,109,266
170,94,264
163,96,259
148,94,242
129,94,223
130,94,224
118,94,212
133,94,227
139,89,228
136,102,238
140,98,238
142,94,236
136,85,221
140,102,242
146,93,239
139,84,223
133,101,234
136,93,229
130,85,215
139,106,245
136,97,233
142,88,230
145,98,243
145,91,236
144,81,225
138,100,238
149,79,228
144,98,242
143,109,252
120,102,222
127,97,224
123,91,214
130,82,212
127,99,226
129,111,240
126,128,254
125,138,263
123,141,264
128,150,278
129,158,287
135,161,296
130,158,288
128,153,281
127,158,285
126,170,296
125,169,294
123,171,294
125,165,290
142,144,286
152,125,277
155,125,280
142,107,249
142,98,240
139,93,232
152,105,257
153,96,249
158,84,242
138,108,246
158,107,265
164,90,254
160,114,274
156,98,254
146,99,245
151,100,251
146,96,242
151,90,241
141,109,250
159,81,240
154,95,249
146,86,232
128,91,219
134,98,232
126,96,222
121,96,217
127,99,226
119,109,228
130,120,250
131,129,260
131,130,261
131,152,283
128,158,286
136,157,293
141,155,296
152,150,302
145,147,292
145,146,291
134,147,281
139,146,285
140,151,291
139,148,287
139,147,286
134,147,281
140,145,285
142,144,286
142,145,287
139,146,285
137,145,282
139,144,283
135,145,280
136,144,280
136,150,286
137,150,287
138,148,286
136,145,281
137,143,280
136,144,280
138,145,283
137,146,283
136,152,288
136,148,284
133,152,285
138,144,282
159,120,279
183,140,323
198,147,345
204,133,337
209,125,334
193,124,317
183,118,301
152,122,274
134,121,255
137,126,263
137,130,267
131,131,262
131,135,266
133,139,272
141,128,269
141,132,273
141,136,277
139,129,268
139,135,274
140,139,279
140,131,271
141,135,276
141,138,279
142,128,270
143,131,274
141,136,277
138,132,270
140,129,269
140,132,272
135,135,270
142,132,274
142,129,271
141,132,273
135,136,271
141,126,267
138,131,269
139,134,273
139,145,284
140,150,290
138,162,300
166,166,332
217,123,340
230,138,368
225,124,349
185,124,309
172,118,290
170,120,290
152,113,265
162,95,257
142,138,280
163,116,279
173,117,290
183,117,300
166,112,278
140,121,261
127,141,268
124,146,270
101,143,244
126,123,249
148,102,250
145,92,237
147,122,269
139,125,264
148,109,257
146,109,255
139,142,281
130,142,272
143,174,317
133,212,345
219,198,417
294,134,428
311,105,416
226,115,341
168,124,292
154,123,277
135,126,261
143,132,275
156,123,279
143,127,270
164,121,285
162,118,280
173,109,282
146,107,253
149,119,268
137,134,271
152,150,302
178,137,315
198,153,351
195,147,342
155,128,283
160,115,275
164,104,268
162,97,259
155,117,272
134,111,245
155,95,250
157,105,262
148,102,250
140,96,236
152,127,279
160,134,294
169,130,299
150,132,282
134,140,274
135,127,262
157,106,263
170,100,270
157,105,262
135,117,252
122,125,247
119,126,245
121,129,250
121,137,258
108,147,255
127,152,279
115,166,281
125,175,300
115,181,296
121,178,299
137,167,304
137,159,296
154,152,306
135,152,287
128,147,275
112,140,252
125,153,278
127,159,286
126,159,285
124,147,271
126,157,283
129,167,296
114,172,286
115,180,295
125,177,302
129,170,299
143,151,294
138,136,274
148,134,282
130,137,267
122,139,261
119,136,255
128,166,294
141,175,316
139,172,311
149,163,312
147,163,310
126,154,280
140,129,269
161,103,264
157,130,287
162,120,282
180,105,285
180,155,335
185,155,340
195,147,342
222,105,327
203,132,335
185,124,309
148,116,264
139,107,246
123,98,221
117,92,209
125,91,216
122,96,218
123,133,256
122,150,272
133,144,277
143,145,288
131,165,296
154,140,294
165,112,277
188,93,281
165,83,248
142,95,237
112,92,204
140,107,247
147,109,256
146,175,321
167,153,320
196,118,314
187,118,305
146,115,261
136,106,242
139,105,244
115,100,215
128,105,233
131,102,233
123,99,222
128,97,225
135,116,251
132,111,243
141,106,247
150,95,245
132,116,248
139,109,248
131,94,225
133,88,221
133,110,243
128,108,236
140,106,246
141,98,239
142,105,247
147,86,233
140,105,245
129,120,249
118,138,256
123,140,263
124,147,271
118,160,278
118,162,280
113,164,277
125,169,294
126,172,298
136,165,301
138,162,300
149,161,310
133,173,306
136,177,313
126,175,301
129,181,310
128,178,306
136,186,322
132,201,333
140,184,324
143,178,321
155,156,311
148,143,291
149,127,276
160,101,261
158,103,261
146,102,248
138,92,230
142,124,266
138,123,261
144,113,257
150,98,248
139,85,224
118,75,193
128,114,242
124,129,253
119,133,252
134,129,263
128,148,276
121,189,310
118,204,322
131,195,326
141,176,317
159,147,306
167,133,300
158,120,278
156,94,250
153,133,286
149,127,276
152,126,278
132,134,266
121,142,263
126,141,267
119,146,265
128,156,284
143,149,292
142,177,319
145,196,341
130,199,329
127,208,335
146,186,332
166,171,337
182,166,348
169,166,335
144,170,314
132,176,308
130,212,342
123,236,359
147,212,359
164,196,360
177,175,352
187,148,335
185,137,322
173,126,299
149,114,263
146,104,250
185,112,297
198,92,290
191,92,283
164,142,306
150,120,270
166,114,280
164,106,270
136,145,281
173,120,293
164,121,285
164,122,286
146,121,267
133,126,259
131,118,249
138,146,284
171,113,284
178,103,281
183,95,278
140,151,291
193,104,297
196,143,339
188,141,329
164,159,323
158,158,316
159,144,303
211,147,358
216,161,377
218,151,369
161,144,305
134,154,288
111,159,270
121,173,294
118,186,304
124,191,315
126,248,374
127,337,464
156,345,501
142,360,502
239,274,513
310,187,497
325,183,508
186,183,369
162,167,329
160,169,329
155,168,323
128,180,308
141,175,316
140,185,325
136,188,324
121,185,306
155,171,326
167,171,338
179,169,348
162,171,333
141,193,334
135,216,351
133,219,352
132,216,348
163,180,343
189,165,354
179,166,345
166,154,320
155,153,308
146,156,302
145,148,293
163,122,285
168,116,284
164,121,285
156,110,266
148,116,264
141,140,281
136,150,286
135,154,289
140,163,303
133,163,296
122,176,298
137,176,313
127,179,306
129,176,305
125,176,301
138,172,310
128,183,311
128,195,323
124,211,335
142,225,367
158,206,364
154,203,357
176,177,353
199,146,345
198,147,345
176,140,316
143,153,296
136,156,292
127,144,271
135,137,272
149,120,269
146,102,248
152,91,243
138,140,278
134,164,298
144,153,297
145,129,274
146,127,273
132,111,243
129,102,231
129,88,217
132,86,218
134,105,239
131,112,243
112,112,224
140,117,257
130,129,259
126,130,256
127,125,252
121,117,238
129,104,233
136,92,228
135,157,292
143,149,292
133,143,276
129,137,266
86,135,221
115,139,254
99,137,236
127,143,270
116,148,264
117,151,268
125,157,282
126,153,279
109,164,273
119,152,271
128,143,271
114,123,237
128,113,241
128,117,245
144,100,244
133,96,229
135,87,222
125,79,204
127,127,254
131,108,239
139,102,241
136,109,245
121,134,255
132,151,283
138,150,288
144,165,309
146,188,334
142,183,325
138,177,315
149,156,305
152,138,290
159,108,267
158,99,257
128,93,221
130,83,213
125,77,202
129,89,218
128,83,211
110,159,269
132,148,280
137,135,272
134,128,262
107,126,233
103,122,225
136,104,240
149,88,237
143,113,256
138,118,256
107,159,266
165,145,310
171,146,317
176,142,318
134,148,282
150,126,276
166,114,280
181,137,318
194,120,314
190,104,294
197,153,350
163,179,342
159,187,346
136,192,328
92,187,279
147,159,306
146,152,298
152,145,297
140,148,288
117,150,267
116,164,280
99,181,280
121,180,301
101,174,275
142,148,290
141,127,268
155,114,269
152,136,288
170,110,280
174,101,275
162,109,271
120,110,230
116,106,222
123,115,238
109,110,219
135,124,259
128,138,266
105,143,248
122,151,273
120,149,269
104,155,259
129,154,283
132,159,291
113,163,276
124,167,291
109,182,291
122,193,315
124,194,318
125,179,304
156,159,315
162,146,308
157,135,292
154,123,277
155,106,261
156,94,250
130,99,229
123,102,225
149,93,242
150,98,248
141,143,284
141,128,269
160,122,282
155,123,278
137,114,251
147,121,268
135,120,255
124,123,247
123,125,248
122,136,258
126,144,270
125,145,270
120,150,270
124,161,285
116,169,285
121,163,284
125,158,283
122,159,281
140,145,285
142,157,299
146,197,343
235,169,404
327,125,452
313,131,444
221,135,356
134,130,264
137,124,261
134,117,251
150,98,248
145,96,241
149,90,239
126,90,216
122,86,208
121,79,200
123,94,217
120,89,209
119,111,230
130,119,249
131,121,252
127,131,258
124,140,264
124,148,272
125,154,279
126,158,284
119,162,281
121,164,285
117,162,279
125,163,288
124,158,282
127,157,284
120,151,271
122,147,269
119,145,264
116,142,258
124,147,271
126,147,273
131,143,274
127,138,265
125,135,260
108,132,240
121,135,256
120,132,252
121,129,250
128,149,277
122,146,268
110,147,257
123,141,264
121,142,263
119,143,262
98,153,251
121,155,276
122,157,279
109,147,256
124,145,269
103,142,245
124,136,260
104,130,234
122,129,251
118,136,254
121,135,256
123,146,269
113,149,262
124,148,272
112,150,262
124,144,268
123,143,266
96,144,240
118,142,260
96,137,233
125,140,265
125,131,256
125,132,257
125,138,263
120,144,264
105,145,250
124,139,263
120,145,265
119,143,262
105,144,249
122,146,268
119,155,274
120,165,285
122,177,299
124,199,323
123,228,351
109,231,340
158,214,372
195,171,366
205,154,359
182,159,341
185,131,316
194,108,302
197,142,339
182,129,311
163,125,288
160,111,271
156,97,253
161,140,301
147,120,267
170,103,273
153,101,254
129,100,229
131,95,226
133,137,270
156,118,274
164,106,270
156,111,267
126,110,236
144,105,249
146,89,235
142,129,271
141,125,266
146,115,261
137,106,243
117,98,215
131,94,225
139,112,251
149,109,258
160,125,285
152,119,271
156,106,262
140,101,241
140,117,257
159,92,251
157,85,242
160,95,255
114,103,217
127,109,236
120,112,232
121,109,230
121,104,225
124,100,224
121,98,219
124,99,223
128,116,244
128,119,247
131,127,258
124,138,262
122,140,262
124,137,261
120,144,264
123,137,260
128,139,267
126,135,261
128,123,251
131,110,241
137,109,246
131,105,236
123,103,226
122,99,221
116,98,214
123,98,221
118,93,211
122,97,219
126,94,220
127,98,225
130,99,229
126,96,222
130,97,227
126,101,227
124,105,229
127,114,241
126,121,247
120,131,251
124,138,262
124,137,261
126,139,265
127,141,268
121,140,261
130,137,267
122,139,261
128,133,261
142,122,264
140,119,259
127,134,261
120,140,260
124,146,270
135,139,274
137,134,271
140,135,275
134,142,276
128,143,271
129,137,266
127,135,262
132,129,261
126,131,257
131,129,260
131,128,259
130,125,255
130,129,259
128,127,255
124,134,258
126,132,258
130,134,264
131,131,262
131,134,265
133,129,262
132,126,258
131,131,262
128,150,278
127,167,294
125,186,311
140,190,330
149,200,349
157,205,362
158,212,370
161,217,378
161,223,384
162,220,382
160,225,385
180,209,389
207,198,405
204,207,411
212,204,416
181,222,403
191,200,391
188,160,348
195,148,343
185,135,320
157,120,277
160,117,277
160,173,333
192,142,334
198,121,319
202,102,304
163,91,254
123,174,297
156,167,323
142,168,310
150,150,300
98,145,243
139,278,417
160,290,450
170,289,459
187,279,466
242,222,464
207,199,406
179,195,374
181,200,381
172,212,384
183,204,387
187,195,382
191,200,391
175,203,378
161,219,380
160,224,384
184,206,390
216,169,385
221,162,383
184,170,354
137,174,311
119,184,303
120,190,310
142,158,300
196,135,331
196,111,307
182,119,301
174,126,300
170,110,280
182,119,301
162,117,279
145,114,259
133,135,268
124,159,283
134,181,315
135,191,326
105,190,295
127,189,316
144,185,329
138,175,313
140,164,304
142,160,302
127,168,295
127,190,317
120,189,309
126,182,308
127,173,300
158,141,299
167,139,306
180,111,291
158,142,300
183,129,312
166,128,294
141,135,276
113,137,250
87,136,223
102,139,241
142,158,300
122,151,273
126,141,267
143,118,261
153,110,263
138,110,248
150,133,283
171,123,294
181,106,287
172,109,281
165,132,297
154,137,291
157,124,281
163,119,282
176,93,269
141,97,238
144,97,241
133,91,224
127,93,220
123,92,215
115,100,215
125,97,222
116,105,221
128,106,234
121,115,236
114,123,237
110,129,239
115,128,243
123,143,266
115,153,268
128,157,285
116,174,290
126,176,302
116,179,295
114,175,289
150,142,292
162,135,297
150,130,280
125,124,249
125,131,256
123,144,267
121,144,265
133,133,266
139,131,270
137,127,264
119,117,236
134,117,251
134,126,260
132,146,278
132,141,273
109,169,278
139,169,308
160,156,316
153,147,300
147,156,303
110,158,268
138,141,279
163,126,289
174,125,299
151,134,285
125,148,273
134,148,282
145,141,286
141,141,282
132,147,279
120,143,263
121,138,259
127,146,273
124,147,271
99,152,251
120,160,280
117,163,280
112,169,281
117,179,296
124,188,312
115,189,304
139,178,317
149,178,327
138,172,310
135,161,296
144,150,294
156,144,300
149,148,297
129,154,283
124,148,272
119,143,262
130,149,279
108,142,250
128,137,265
123,104,227
183,102,285
166,133,299
186,113,299
158,101,259
164,121,285
153,112,265
158,108,266
173,138,311
161,132,293
169,122,291
167,97,264
154,125,279
174,117,291
171,101,272
184,132,316
168,119,287
173,142,315
199,156,355
198,135,333
205,134,339
157,132,289
128,128,256
158,117,275
166,137,303
185,100,285
176,94,270
165,90,255
113,82,195
134,133,267
108,150,258
149,154,303
165,128,293
187,115,302
188,114,302
134,104,238
140,91,231
144,100,244
143,107,250
163,122,285
175,120,295
177,115,292
154,106,260
128,108,236
128,111,239
115,105,220
107,93,200
133,93,226
128,86,214
122,82,204
118,76,194
121,102,223
124,108,232
119,120,239
124,118,242
120,125,245
123,133,256
122,140,262
123,155,278
120,157,277
112,167,279
114,169,283
121,169,290
123,163,286
128,155,283
140,156,296
137,151,288
123,155,278
123,156,279
121,152,273
134,149,283
135,154,289
105,153,258
123,141,264
132,136,268
114,131,245
108,138,246
116,139,255
123,134,257
124,131,255
125,126,251
115,126,241
116,125,241
120,137,257
117,141,258
136,227,363
252,138,390
266,153,419
253,154,407
152,134,286
158,122,280
162,131,293
144,129,273
135,117,252
131,108,239
129,103,232
128,103,231
119,111,230
125,113,238
123,113,236
126,109,235
104,105,209
128,100,228
124,106,230
108,110,218
125,128,253
130,121,251
133,115,248
136,106,242
134,96,230
128,92,220
125,83,208
122,77,199
126,111,237
124,134,258
127,138,265
136,141,277
129,135,264
127,123,250
147,116,263
150,103,253
146,94,240
125,88,213
129,124,253
136,108,244
137,102,239
158,97,255
152,136,288
154,123,277
156,108,264
154,153,307
166,144,310
162,134,296
153,121,274
112,104,216
139,98,237
125,91,216
114,93,207
129,150,279
149,162,311
130,175,305
145,191,336
108,187,295
130,192,322
144,180,324
155,169,324
174,149,323
187,127,314
202,132,334
202,125,327
198,172,370
201,169,370
199,181,380
205,171,376
177,141,318
223,181,404
221,159,380
195,175,370
175,167,342
107,172,279
144,181,325
129,182,311
124,182,306
121,182,303
181,114,295
208,102,310
208,101,309
151,100,251
139,152,291
135,190,325
133,214,347
134,237,371
173,196,369
199,170,369
236,146,382
212,156,368
194,148,342
165,150,315
173,135,308
156,152,308
145,154,299
122,156,278
106,152,258
130,151,281
128,144,272
127,137,264
119,133,252
106,129,235
118,136,254
123,139,262
114,135,249
122,154,276
123,173,296
125,184,309
111,204,315
133,221,354
144,209,353
165,183,348
192,136,328
192,119,311
183,106,289
149,97,246
135,92,227
139,109,248
139,98,237
115,89,204
135,115,250
136,101,237
135,91,226
126,83,209
133,104,237
133,105,238
134,100,234
129,97,226
112,98,210
101,93,194
124,94,218
95,119,214
144,103,247
167,115,282
170,107,277
164,109,273
158,137,295
173,128,301
179,142,321
181,146,327
199,112,311
214,104,318
189,88,277
144,107,251
145,111,256
147,109,256
128,112,240
129,103,232
122,100,222
133,92,225
111,90,201
122,130,252
141,119,260
143,124,267
143,126,269
106,136,242
122,144,266
125,157,282
124,159,283
147,158,305
139,193,332
139,206,345
126,212,338
141,207,348
149,200,349
146,208,354
154,198,352
148,203,351
156,196,352
147,186,333
155,176,331
152,175,327
143,181,324
137,180,317
121,173,294
135,153,288
149,135,284
156,121,277
136,115,251
130,109,239
120,101,221
119,97,216
129,85,214
137,139,276
142,135,277
128,131,259
127,124,251
113,120,233
119,107,226
130,100,230
129,96,225
128,93,221
141,82,223
147,115,262
138,114,252
137,101,238
129,96,225
130,89,219
125,84,209
127,109,236
129,118,247
131,126,257
115,133,248
124,132,256
108,132,240
129,144,273
129,150,279
122,152,274
131,150,281
132,142,274
128,167,295
131,167,298
107,161,268
133,151,284
130,142,272
137,129,266
141,114,255
137,241,378
118,255,373
135,268,403
148,253,401
210,211,421
200,191,391
174,161,335
215,122,337
235,107,342
220,93,313
182,131,313
158,121,279
154,125,279
160,111,271
141,127,268
183,115,298
182,112,294
196,124,320
165,119,284
150,103,253
143,98,241
130,98,228
141,154,295
137,135,272
169,130,299
175,141,316
135,155,290
135,148,283
159,133,292
204,122,326
217,99,316
177,91,268
150,91,241
121,91,212
125,84,209
102,105,207
123,116,239
128,112,240
130,114,244
129,125,254
124,137,261
115,143,258
115,142,257
127,136,263
130,131,261
130,126,256
124,121,245
119,115,234
121,109,230
114,103,217
112,97,209
121,92,213
121,90,211
120,90,210
122,86,208
125,81,206
129,84,213
131,79,210
112,117,229
127,122,249
126,120,246
124,121,245
106,135,241
125,138,263
118,143,261
121,140,261
124,147,271
127,136,263
136,139,275
118,134,252
125,137,262
112,134,246
124,153,277
102,146,248
135,142,277
129,143,272
121,139,260
122,142,264
99,147,246
121,142,263
103,145,248
126,151,277
107,156,263
125,161,286
126,171,297
107,167,274
126,161,287
123,142,265
169,110,279
149,95,244
165,110,275
135,102,237
130,96,226
119,96,215
112,102,214
125,103,228
124,98,222
128,88,216
126,93,219
127,95,222
115,103,218
127,106,233
127,102,229
129,103,232
124,101,225
126,91,217
130,90,220
128,92,220
126,90,216
123,95,218
126,105,231
128,104,232
125,117,242
123,121,244
153,101,254
165,96,261
166,96,262
139,94,233
134,99,233
134,130,264
149,123,272
143,113,256
141,107,248
116,99,215
126,95,221
131,86,217
131,116,247
131,121,252
132,118,250
134,109,243
136,112,248
125,114,239
115,134,249
130,139,269
130,146,276
131,136,267
133,137,270
139,152,291
134,160,294
137,152,289
140,150,290
154,144,298
140,146,286
136,155,291
125,154,279
119,149,268
132,139,271
127,137,264
131,143,274
127,155,282
137,169,306
152,161,313
158,164,322
155,164,319
142,162,304
168,139,307
167,139,306
171,132,303
150,136,286
145,130,275
137,132,269
139,163,302
143,156,299
174,117,291
182,102,284
181,95,276
154,81,235
146,103,249
144,94,238
138,90,228
137,80,217
135,100,235
138,93,231
136,88,224
135,99,234
135,94,229
137,90,227
135,80,215
137,120,257
140,138,278
163,135,298
188,145,333
211,113,324
208,90,298
185,108,293
153,105,258
138,103,241
139,100,239
140,138,278
167,140,307
171,145,316
174,147,321
157,149,306
221,137,358
248,112,360
248,115,363
194,121,315
137,122,259
142,123,265
141,127,268
140,139,279
135,159,294
147,154,301
160,143,303
166,149,315
156,150,306
144,149,293
138,150,288
141,149,290
141,152,293
141,149,290
139,149,288
139,146,285
139,148,287
137,150,287
139,148,287
137,164,301
137,179,316
136,171,307
142,160,302
175,121,296
183,107,290
178,119,297
158,109,267
163,106,269
146,94,240
143,140,283
148,149,297
147,160,307
145,154,299
111,151,262
139,149,288
119,161,280
101,166,267
123,160,283
100,172,272
111,191,302
121,207,328
108,212,320
265,134,399
288,114,402
292,106,398
177,176,353
160,169,329
147,178,325
147,171,318
97,156,253
150,131,281
153,129,282
128,124,252
128,116,244
123,122,245
118,119,237
119,126,245
117,134,251
122,132,254
118,135,253
105,131,236
138,124,262
141,112,253
143,100,243
127,89,216
110,95,205
121,100,221
119,100,219
122,104,226
118,106,224
119,96,215
130,95,225
100,101,201
117,92,209
124,93,217
113,99,212
108,94,202
126,100,226
115,108,223
106,98,204
118,93,211
114,99,213
107,96,203
111,92,203
117,94,211
108,103,211
116,120,236
119,157,276
108,173,281
119,178,297
99,171,270
131,175,306
136,153,289
160,134,294
153,140,293
140,140,280
121,141,262
122,151,273
122,147,269
115,143,258
122,148,270
108,150,258
100,155,255
127,148,275
132,158,290
119,151,270
119,158,277
111,176,287
103,186,289
126,207,333
122,213,335
156,187,343
174,164,338
182,169,351
158,180,338
141,179,320
109,174,283
172,116,288
175,97,272
180,85,265
152,151,303
141,163,304
144,149,293
164,125,289
155,124,279
143,138,281
173,114,287
180,112,292
146,106,252
138,98,236
140,90,230
129,108,237
140,112,252
144,104,248
141,129,270
139,131,270
135,131,266
135,125,260
135,124,259
131,124,255
127,123,250
128,129,257
128,135,263
124,198,322
126,208,334
128,211,339
133,207,340
217,138,355
216,135,351
227,153,380
174,154,328
186,137,323
191,137,328
176,136,312
155,165,320
134,168,302
135,163,298
136,144,280
141,133,274
130,126,256
127,116,243
130,120,250
110,127,237
139,122,261
156,96,252
155,88,243
150,82,232
133,114,247
132,118,250
136,116,252
123,130,253
120,132,252
125,138,263
125,132,257
131,136,267
137,127,264
139,128,267
134,129,263
123,126,249
120,114,234
131,104,235
133,106,239
133,95,228
133,90,223
130,109,239
129,108,237
145,117,262
160,137,297
134,133,267
157,112,269
154,100,254
167,128,295
162,140,302
154,133,287
147,133,280
175,152,327
198,127,325
205,139,344
208,137,345
211,99,310
206,92,298
158,108,266
123,105,228
122,96,218
124,89,213
94,82,176
124,120,244
129,125,254
119,130,249
129,136,265
129,155,284
140,140,280
141,133,274
145,116,261
136,109,245
129,101,230
96,95,191
132,84,216
135,118,253
110,109,219
134,99,233
134,92,226
102,123,225
140,119,259
139,117,256
138,113,251
124,102,226
132,94,226
95,88,183
125,81,206
128,109,237
126,122,248
129,130,259
129,137,266
130,143,273
126,142,268
135,130,265
139,130,269
133,134,267
127,138,265
124,154,278
127,284,411
135,291,426
124,290,414
184,244,428
261,173,434
275,155,430
186,133,319
191,110,301
169,101,270
149,105,254
120,108,228
128,115,243
129,112,241
137,110,247
134,106,240
102,105,207
124,99,223
125,90,215
135,115,250
144,103,247
148,94,242
140,93,233
126,122,248
150,109,259
146,107,253
149,108,257
124,118,242
108,113,221
127,104,231
126,113,239
106,113,219
125,132,257
134,130,264
142,127,269
176,109,285
183,117,300
173,103,276
152,102,254
140,99,239
125,99,224
117,96,213
126,90,216
125,96,221
126,100,226
124,95,219
127,92,219
126,100,226
121,100,221
124,140,264
138,133,271
165,124,289
194,115,309
202,132,334
198,120,318
168,115,283
154,115,269
122,125,247
123,138,261
116,182,298
119,197,316
129,205,334
127,210,337
149,208,357
163,191,354
168,204,372
153,230,383
159,213,372
162,203,365
182,186,368
187,163,350
172,166,338
167,165,332
153,156,309
146,150,296
150,135,285
133,140,273
152,130,282
137,129,266
166,118,284
181,119,300
177,125,302
153,118,271
126,113,239
112,106,218
124,101,225
121,97,218
122,100,222
122,94,216
127,93,220
129,95,224
127,93,220
130,83,213
134,79,213
133,115,248
126,131,257
131,137,268
127,157,284
129,171,300
125,169,294
126,172,298
131,173,304
126,178,304
130,184,314
114,207,321
132,210,342
144,190,334
150,178,328
147,160,307
150,156,306
146,152,298
143,135,278
146,122,268
150,108,258
144,103,247
137,93,230
134,86,220
145,109,254
140,102,242
141,90,231
147,89,236
138,87,225
145,106,251
145,103,248
143,113,256
137,112,249
135,103,238
146,85,231
149,91,240
146,92,238
127,83,210
130,107,237
130,102,232
136,92,228
135,82,217
130,105,235
155,80,235
153,106,259
150,104,254
126,97,223
129,96,225
120,97,217
122,96,218
125,97,222
126,100,226
133,99,232
128,99,227
130,98,228
131,93,224
137,87,224
140,100,240
130,120,250
133,120,253
139,116,255
125,118,243
135,119,254
129,116,245
122,120,242
125,120,245
126,115,241
127,105,232
123,95,218
132,88,220
128,81,209
124,87,211
126,84,210
133,96,229
134,85,219
146,89,235
140,87,227
131,82,213
131,102,233
137,100,237
145,105,250
142,102,244
132,102,234
125,101,226
124,94,218
131,92,223
126,90,216
123,90,213
127,93,220
128,90,218
120,90,210
129,104,233
127,98,225
132,98,230
125,93,218
122,82,204
131,92,223
131,85,216
123,101,224
131,112,243
126,127,253
118,131,249
122,132,254
126,129,255
125,126,251
131,115,246
129,108,237
134,96,230
131,91,222
127,92,219
124,85,209
138,87,225
136,82,218
133,96,229
123,96,219
128,91,219
126,93,219
121,100,221
142,102,244
158,103,261
167,101,268
148,114,262
152,97,249
145,99,244
143,98,241
119,104,223
122,99,221
118,95,213
123,89,212
122,88,210
124,90,214
120,87,207
124,85,209
123,116,239
124,144,268
132,150,282
139,145,284
150,128,278
154,128,282
151,148,299
133,146,279
147,150,297
179,109,288
199,88,287
189,87,276
131,101,232
138,87,225
135,86,221
138,87,225
117,100,217
126,174,300
133,193,326
174,197,371
194,225,419
240,229,469
225,245,470
229,267,496
214,230,444
176,214,390
199,193,392
169,176,345
168,171,339
160,174,334
136,174,310
128,163,291
129,171,300
128,176,304
137,186,323
125,194,319
125,235,360
146,281,427
294,178,472
315,153,468
355,97,452
208,138,346
207,137,344
180,123,303
173,113,286
171,140,311
169,184,353
123,178,301
216,113,329
229,138,367
252,163,415
192,147,339
183,120,303
183,93,276
168,87,255
127,153,280
131,164,295
165,156,321
194,223,417
264,140,404
227,99,326
225,108,333
173,116,289
138,114,252
141,103,244
140,96,236
145,130,275
147,120,267
146,102,248
143,96,239
127,87,214
134,95,229
136,99,235
138,97,235
143,86,229
145,97,242
144,90,234
140,82,222
137,105,242
138,97,235
134,86,220
133,92,225
129,92,221
137,98,235
140,93,233
142,84,226
138,90,228
127,111,238
135,107,242
138,128,266
136,133,269
135,148,283
158,124,282
169,103,272
170,119,289
161,106,267
153,97,250
149,87,236
129,109,238
128,149,277
185,99,284
210,113,323
222,133,355
201,124,325
212,87,299
193,101,294
150,135,285
154,125,279
181,108,289
191,176,367
174,165,339
227,120,347
191,143,334
196,118,314
175,161,336
190,165,355
170,147,317
188,119,307
186,82,268
141,77,218
106,94,200
124,90,214
113,84,197
120,79,199
114,112,226
122,111,233
125,109,234
119,110,229
127,101,228
134,94,228
141,92,233
138,85,223
131,87,218
132,85,217
123,90,213
128,90,218
126,95,221
120,93,213
128,99,227
122,114,236
129,110,239
141,106,247
139,110,249
147,122,269
144,132,276
144,148,292
193,149,342
208,135,343
237,145,382
191,147,338
155,135,290
160,130,290
189,124,313
194,139,333
193,145,338
179,183,362
176,211,387
243,172,415
267,199,466
229,194,423
140,178,318
175,133,308
177,126,303
143,118,261
128,139,267
117,141,258
144,135,279
163,140,303
167,149,316
175,179,354
223,145,368
227,162,389
156,179,335
120,188,308
148,207,355
165,189,354
174,184,358
170,188,358
150,165,315
155,167,322
154,154,308
155,163,318
123,161,284
137,158,295
133,151,284
133,144,277
132,143,275
109,143,252
118,158,276
124,165,289
119,162,281
125,168,293
147,154,301
170,140,310
175,157,332
156,179,335
144,175,319
158,146,304
179,126,305
159,139,298
185,96,281
178,89,267
172,103,275
136,92,228
141,82,223
138,103,241
138,93,231
141,83,224
143,100,243
140,97,237
142,91,233
139,102,241
140,95,235
145,82,227
144,259,403
149,259,408
147,251,398
166,238,404
226,176,402
245,140,385
246,123,369
223,89,312
187,108,295
168,106,274
130,102,232
131,96,227
130,90,220
130,92,222
125,93,218
126,88,214
129,86,215
134,115,249
128,112,240
129,107,236
126,104,230
112,101,213
123,98,221
123,97,220
127,91,218
127,92,219
126,93,219
128,87,215
131,83,214
133,89,222
126,88,214
125,86,211
128,83,211
127,83,210
123,84,207
121,82,203
122,83,205
123,81,204
124,105,229
127,107,234
127,109,236
129,105,234
125,105,230
124,102,226
122,103,225
123,100,223
125,96,221
125,93,218
129,90,219
126,90,216
131,84,215
129,95,224
129,108,237
139,166,305
177,144,321
185,143,328
176,137,313
120,124,244
148,116,264
145,115,260
150,149,299
176,119,295
166,110,276
143,101,244
121,95,216
95,83,178
127,107,234
139,110,249
125,99,224
141,113,254
149,129,278
129,135,264
130,152,282
120,159,279
98,169,267
122,177,299
153,153,306
158,137,295
168,143,311
150,177,327
202,150,352
206,155,361
183,161,344
139,153,292
155,140,295
153,143,296
139,154,293
108,158,266
130,161,291
152,139,291
153,148,301
155,150,305
132,154,286
135,162,297
134,158,292
119,171,290
130,189,319
116,199,315
91,219,310
143,190,333
183,175,358
176,165,341
130,166,296
139,151,290
143,144,287
152,116,268
162,107,269
144,88,232
134,161,295
144,168,312
128,167,295
131,172,303
94,179,273
123,198,321
128,210,338
127,234,361
128,239,367
152,223,375
174,213,387
221,147,368
198,134,332
197,116,313
129,108,237
129,117,246
157,127,284
139,134,273
148,117,265
152,117,269
151,149,300
106,151,257
118,152,270
128,151,279
146,153,299
136,168,304
157,156,313
158,158,316
166,148,314
158,144,302
162,142,304
156,141,297
162,145,307
155,140,295
155,145,300
148,143,291
141,136,277
128,127,255
136,140,276
176,90,266
174,159,333
192,140,332
170,107,277
166,99,265
140,87,227
142,152,294
144,156,300
145,154,299
136,174,310
112,190,302
110,191,301
127,185,312
148,167,315
156,161,317
171,147,318
164,142,306
169,149,318
129,159,288
108,168,276
120,163,283
115,173,288
122,167,289
120,153,273
134,149,283
125,145,270
104,148,252
116,173,289
117,205,322
96,205,301
121,197,318
139,180,319
160,144,304
188,115,303
185,95,280
164,86,250
137,129,266
144,128,272
151,107,258
150,99,249
155,159,314
166,137,303
166,131,297
140,133,273
80,139,219
112,144,256
100,145,245
125,147,272
122,135,257
126,135,261
114,128,242
125,122,247
125,125,250
121,145,266
107,155,262
118,156,274
118,161,279
116,174,290
116,173,289
121,167,288
133,135,268
154,125,279
128,108,236
141,108,249
122,98,220
148,106,254
149,126,275
126,142,268
118,156,274
109,182,291
113,182,295
119,194,313
137,188,325
141,178,319
132,187,319
151,169,320
154,151,305
162,146,308
133,156,289
116,176,292
121,192,313
111,222,333
119,245,364
131,226,357
173,216,389
184,184,368
206,137,343
206,132,338
202,118,320
193,89,282
176,120,296
159,140,299
134,157,291
139,165,304
150,149,299
183,130,313
216,141,357
222,121,343
199,119,318
193,103,296
161,118,279
158,143,301
144,152,296
146,153,299
148,167,315
152,166,318
143,158,301
157,160,317
176,157,333
200,155,355
179,143,322
181,131,312
157,115,272
143,107,250
140,99,239
140,115,255
147,105,252
126,132,258
149,118,267
155,111,266
161,99,260
131,123,254
106,145,251
143,126,269
173,102,275
157,94,251
169,111,280
127,102,229
139,123,262
153,96,249
156,128,284
147,118,265
153,101,254
151,102,253
123,101,224
110,105,215
120,132,252
131,125,256
144,136,280
128,147,275
99,157,256
126,178,304
123,186,309
212,161,373
269,130,399
281,133,414
194,141,335
150,129,279
163,107,270
162,110,272
146,111,257
117,118,235
121,118,239
120,119,239
120,130,250
122,146,268
116,166,282
122,167,289
131,169,300
122,176,298
125,176,301
128,170,298
131,170,301
109,156,265
153,150,303
145,146,291
141,137,278
133,123,256
140,111,251
123,99,222
162,106,268
155,116,271
164,101,265
160,99,259
168,119,287
165,123,288
162,121,283
162,143,305
150,161,311
209,122,331
201,117,318
203,112,315
135,118,253
129,122,251
121,118,239
81,114,195
116,105,221
117,112,229
111,108,219
133,100,233
130,96,226
109,99,208
126,103,229
125,99,224
122,99,221
116,102,218
101,98,199
125,92,217
121,88,209
127,85,212
104,79,183
123,102,225
113,100,213
127,88,215
124,84,208
127,79,206
122,99,221
121,126,247
123,122,245
124,132,256
120,127,247
122,132,254
126,126,252
134,116,250
137,106,243
144,113,257
130,112,242
126,101,227
129,103,232
105,102,207
121,101,222
125,98,223
126,99,225
125,109,234
116,109,225
124,106,230
128,106,234
127,102,229
114,102,216
125,102,227
111,98,209
130,119,249
116,112,228
128,105,233
119,97,216
114,107,221
125,105,230
125,123,248
128,128,256
116,137,253
123,160,283
125,182,307
95,188,283
120,194,314
134,199,333
137,212,349
147,209,356
172,188,360
176,188,364
181,184,365
150,196,346
142,208,350
132,192,324
148,175,323
166,169,335
172,156,328
147,151,298
140,145,285
120,144,264
109,139,248
126,133,259
125,123,248
130,113,243
134,103,237
134,95,229
122,86,208
122,81,203
126,134,260
131,161,292
141,160,301
150,152,302
138,145,283
127,140,267
101,129,230
137,117,254
124,111,235
130,107,237
123,101,224
120,94,214
122,88,210
126,107,233
132,116,248
136,112,248
135,109,244
120,116,236
126,118,244
116,128,244
123,131,254
132,126,258
125,117,242
135,119,254
136,116,252
120,111,231
135,109,244
147,112,259
147,116,263
144,110,254
134,107,241
129,103,232
125,108,233
125,251,376
123,266,389
137,283,420
151,286,437
208,219,427
183,204,387
178,188,366
198,150,348
192,153,345
172,159,331
135,159,294
126,156,282
121,147,268
121,141,262
126,144,270
106,140,246
125,138,263
121,142,263
122,140,262
116,143,259
121,153,274
119,164,283
114,158,272
133,164,297
118,181,299
128,193,321
107,202,309
122,218,340
155,193,348
162,216,378
161,222,383
171,184,355
180,162,342
200,140,340
160,141,301
139,147,286
133,178,311
141,179,320
125,180,305
112,188,300
138,186,324
129,190,319
143,195,338
137,180,317
147,171,318
150,165,315
134,161,295
135,151,286
122,152,274
129,147,276
127,145,272
121,155,276
124,150,274
123,144,267
125,139,264
129,134,263
128,129,257
130,120,250
128,112,240
130,106,236
132,101,233
123,99,222
127,92,219
125,86,211
119,85,204
123,96,219
127,92,219
130,95,225
129,88,217
130,99,229
135,90,225
134,87,221
128,98,226
130,95,225
136,111,247
153,88,241
152,84,236
148,115,263
128,107,235
139,103,242
129,97,226
125,95,220
123,90,213
120,93,213
123,92,215
121,91,212
122,93,215
122,90,212
119,88,207
122,88,210
120,88,208
127,80,207
125,104,229
126,113,239
121,119,240
126,125,251
124,128,252
121,158,279
129,229,358
128,232,360
137,219,356
178,182,360
197,167,364
212,147,359
184,145,329
175,162,337
194,147,341
210,119,329
212,100,312
163,88,251
153,112,265
139,135,274
142,144,286
149,130,279
147,120,267
140,114,254
118,103,221
133,99,232
129,95,224
123,89,212
115,102,217
121,103,224
116,108,224
122,103,225
123,105,228
126,103,229
126,96,222
138,132,270
135,125,260
171,126,297
175,134,309
136,136,272
112,131,243
125,122,247
127,115,242
130,112,242
123,110,233
122,105,227
122,101,223
121,110,231
124,112,236
132,111,243
152,117,269
150,127,277
153,130,283
142,136,278
149,154,303
147,155,302
166,143,309
187,136,323
193,133,326
207,119,326
209,160,369
192,143,335
210,107,317
205,107,312
182,102,284
146,101,247
139,100,239
116,129,245
118,143,261
146,133,279
148,143,291
146,148,294
138,141,279
142,135,277
147,133,280
137,138,275
124,151,275
120,161,281
128,152,280
131,147,278
129,145,274
114,145,259
128,141,269
130,141,271
133,147,280
128,149,277
135,145,280
130,149,279
136,154,290
133,153,286
138,145,283
135,141,276
123,132,255
126,120,246
137,108,245
139,96,235
131,97,228
134,90,224
130,123,253
152,105,257
156,93,249
154,85,239
136,106,242
135,105,240
143,97,240
146,108,254
147,96,243
140,119,259
164,132,296
170,114,284
178,125,303
143,123,266
125,112,237
130,104,234
130,91,221
130,81,211
132,93,225
128,89,217
128,82,210
130,105,235
125,110,235
128,106,234
129,105,234
121,103,224
124,104,228
117,104,221
122,115,237
123,115,238
123,107,230
125,100,225
120,94,214
122,89,211
130,94,224
132,91,223
133,83,216
137,92,229
130,82,212
133,100,233
137,103,240
134,99,233
140,96,236
136,93,229
137,88,225
134,89,223
134,89,223
122,86,208
130,86,216
127,85,212
125,116,241
140,108,248
139,101,240
128,94,222
122,88,210
130,97,227
128,94,222
135,82,217
140,91,231
134,111,245
131,119,250
134,113,247
137,116,253
131,117,248
114,114,228
126,110,236
127,104,231
131,95,226
125,92,217
124,108,232
147,124,271
164,121,285
174,100,274
160,125,285
155,151,306
153,164,317
145,184,329
143,157,300
186,118,304
209,99,308
194,90,284
160,131,291
144,145,289
158,134,292
155,135,290
159,131,290
117,144,261
144,171,315
133,186,319
155,168,323
175,152,327
183,147,330
161,147,308
148,147,295
135,145,280
134,146,280
137,146,283
135,145,280
139,145,284
138,147,285
136,145,281
132,158,290
135,162,297
160,218,378
299,156,455
325,151,476
326,127,453
216,105,321
197,99,296
171,98,269
145,97,242
135,97,232
136,98,234
136,96,232
136,96,232
135,97,232
135,98,233
134,98,232
135,97,232
135,97,232
135,100,235
136,99,235
137,100,237
135,102,237
133,101,234
135,113,248
137,118,255
137,121,258
136,124,260
135,138,273
134,140,274
134,141,275
135,144,279
135,146,281
135,148,283
132,149,281
132,147,279
134,146,280
137,161,298
136,166,302
134,181,315
134,231,365
134,247,381
134,253,387
210,187,397
220,208,428
220,243,463
151,258,409
174,235,409
152,234,386
206,194,400
193,156,349
148,199,347
187,219,406
160,192,352
180,159,339
226,148,374
186,169,355
203,235,438
232,233,465
300,201,501
293,198,491
265,165,430
237,138,375
209,125,334
194,244,438
173,216,389
247,154,401
249,126,375
168,118,286
128,121,249
154,118,272
172,140,312
145,231,376
237,181,418
278,177,455
281,183,464
223,202,425
208,220,428
233,259,492
180,239,419
222,225,447
218,180,398
194,189,383
192,175,367
147,175,322
154,135,289
163,128,291
149,162,311
131,153,284
121,157,278
161,119,280
154,114,268
102,108,210
126,105,231
123,103,226
123,146,269
121,158,279
125,163,288
165,129,294
190,106,296
130,97,227
161,183,344
207,142,349
196,178,374
200,167,367
144,181,325
189,159,348
216,132,348
227,150,377
230,151,381
205,139,344
218,138,356
192,144,336
174,156,330
189,143,332
175,173,348
162,186,348
135,208,343
128,242,370
150,236,386
162,235,397
169,226,395
190,200,390
216,181,397
205,176,381
171,173,344
152,210,362
166,190,356
151,186,337
148,179,327
160,168,328
166,176,342
116,174,290
163,170,333
184,146,330
214,109,323
182,134,316
158,133,291
116,127,243
146,92,238
152,89,241
97,124,221
125,160,285
172,129,301
187,336,523
171,334,505
181,314,495
193,298,491
284,188,472
274,169,443
303,164,467
217,135,352
196,153,349
234,212,446
243,203,446
320,151,471
278,140,418
250,148,398
214,136,350
201,176,377
210,179,389
229,122,351
199,97,296
191,88,279
124,216,340
202,161,363
222,162,384
224,164,388
135,181,316
151,225,376
174,226,400
156,205,361
184,173,357
145,180,325
144,137,281
210,128,338
228,132,360
178,139,317
148,136,284
152,120,272
151,113,264
135,120,255
120,140,260
93,150,243
122,157,279
127,157,284
144,161,305
141,160,301
125,149,274
135,131,266
129,120,249
116,110,226
127,103,230
130,154,284
153,154,307
147,173,320
124,176,300
103,176,279
137,183,320
139,180,319
111,176,287
144,149,293
160,123,283
168,117,285
165,99,264
154,115,269
155,119,274
142,120,262
141,110,251
137,111,248
139,108,247
108,125,233
111,159,270
118,168,286
120,166,286
96,161,257
142,150,292
132,153,285
134,149,283
121,152,273
123,147,270
106,143,249
109,192,301
118,235,353
118,252,370
119,270,389
149,229,378
214,184,398
189,199,388
194,205,399
159,197,356
153,177,330
154,175,329
206,134,340
214,153,367
201,162,363
126,157,283
94,168,262
120,164,284
122,174,296
95,175,270
157,142,299
155,128,283
185,130,315
154,132,286
145,132,277
148,116,264
149,118,267
138,140,278
159,130,289
161,132,293
134,135,269
138,145,283
105,157,262
119,165,284
125,172,297
133,152,285
161,142,303
160,136,296
147,139,286
149,133,282
137,126,263
144,114,258
154,101,255
146,96,242
142,109,251
130,114,244
131,123,254
151,113,264
145,123,268
173,107,280
144,114,258
127,117,244
120,116,236
113,113,226
117,117,234
119,121,240
112,129,241
123,143,266
119,149,268
119,149,268
122,147,269
125,145,270
117,142,259
108,150,258
124,152,276
128,151,279
110,171,281
124,181,305
115,171,286
153,169,322
155,181,336
138,179,317
118,170,288
114,164,278
120,139,259
144,147,291
127,143,270
120,141,261
99,136,235
127,164,291
112,175,287
117,174,291
114,186,300
118,188,306
160,166,326
149,171,320
172,157,329
135,166,301
122,182,304
111,181,292
121,175,296
130,185,315
157,145,302
168,133,301
168,131,299
142,114,256
148,102,250
142,86,228
150,136,286
125,120,245
131,117,248
127,108,235
88,96,184
122,82,204
123,131,254
139,134,273
135,133,268
133,133,266
126,135,261
136,151,287
136,157,293
114,162,276
126,161,287
127,164,291
135,156,291
133,149,282
124,135,259
133,127,260
104,116,220
116,116,232
135,100,235
146,106,252
142,91,233
131,83,214
124,93,217
119,82,201
127,125,252
135,125,260
136,120,256
124,111,235
118,101,219
122,86,208
120,80,200
129,113,242
121,124,245
124,128,252
123,132,255
134,140,274
133,152,285
110,160,270
129,152,281
121,142,263
136,136,272
120,130,250
125,120,245
137,106,243
116,97,213
147,103,250
148,95,243
145,108,253
150,105,255
151,106,257
146,113,259
120,114,234
122,123,245
119,123,242
129,116,245
132,110,242
112,122,234
111,122,233
121,138,259
120,166,286
123,185,308
118,224,342
137,228,365
133,230,363
138,239,377
189,188,377
216,180,396
207,196,403
177,204,381
156,213,369
146,211,357
153,200,353
177,160,337
179,150,329
173,138,311
143,128,271
130,118,248
132,108,240
133,98,231
130,99,229
127,94,221
125,85,210
124,78,202
126,93,219
121,96,217
130,90,220
129,92,221
131,98,229
126,103,229
134,99,233
132,89,221
121,88,209
126,100,226
138,87,225
138,87,225
139,93,232
118,88,206
122,86,208
115,96,211
118,117,235
121,125,246
125,121,246
123,121,244
106,116,222
125,124,249
116,127,243
103,127,230
124,128,252
95,132,227
123,127,250
125,116,241
126,122,248
123,139,262
106,156,262
131,150,281
139,150,289
165,133,298
157,137,294
148,147,295
131,157,288
133,159,292
137,159,296
132,158,290
127,167,294
128,173,301
126,186,312
118,205,323
147,184,331
155,179,334
172,160,332
158,149,307
162,147,309
145,147,292
127,146,273
141,158,299
136,158,294
148,152,300
153,139,292
166,104,270
188,135,323
201,135,336
208,109,317
204,127,331
157,156,313
131,157,288
154,218,372
229,237,466
372,100,472
356,92,448
270,95,365
133,133,266
150,132,282
148,134,282
164,119,283
161,114,275
180,105,285
160,106,266
152,110,262
138,106,244
137,104,241
117,96,213
127,108,235
136,108,244
147,97,244
153,102,255
152,96,248
141,87,228
136,115,251
138,104,242
134,102,236
137,94,231
127,93,220
136,86,222
135,118,253
139,123,262
138,117,255
140,108,248
131,99,230
136,90,226
129,84,213
133,96,229
134,92,226
134,93,227
129,84,213
135,94,229
141,85,226
137,122,259
138,119,257
128,121,249
139,130,269
130,136,266
130,135,265
130,143,273
128,144,272
136,134,270
132,129,261
128,116,244
123,110,233
130,102,232
122,99,221
125,90,215
126,81,207
126,93,219
129,89,218
128,82,210
134,91,225
131,126,257
150,112,262
151,100,251
153,115,268
154,115,269
172,95,267
168,94,262
146,91,237
129,106,235
141,101,242
134,93,227
131,139,270
150,133,283
160,124,284
178,139,317
175,142,317
175,203,378
181,186,367
170,162,332
187,147,334
153,135,288
150,125,275
147,113,260
143,106,249
144,91,235
136,79,215
138,115,253
130,121,251
135,108,243
140,90,230
157,99,256
144,100,244
138,103,241
130,103,233
135,98,233
141,93,234
137,86,223
142,109,251
139,110,249
139,102,241
141,83,224
139,133,272
130,135,265
155,127,282
135,134,269
126,139,265
137,128,265
138,131,269
138,134,272
123,142,265
133,135,268
144,120,264
151,118,269
142,127,269
147,280,427
138,287,425
143,291,434
170,261,431
275,169,444
289,119,408
267,107,374
194,95,289
178,85,263
142,99,241
137,98,235
141,90,231
140,106,246
139,96,235
140,93,233
141,88,229
133,81,214
140,101,241
137,94,231
138,85,223
142,101,243
137,93,230
140,105,245
142,96,238
142,89,231
145,81,226
137,102,239
140,91,231
137,82,219
141,99,240
137,93,230
138,87,225
138,101,239
135,98,233
142,91,233
145,101,246
143,96,239
141,91,232
137,80,217
138,101,239
139,93,232
138,82,220
139,103,242
138,93,231
139,105,244
142,91,233
138,82,220
139,104,243
137,91,228
138,82,220
138,100,238
133,96,229
139,82,221
139,102,241
139,98,237
135,86,221
139,99,238
139,94,233
137,89,226
136,79,215
136,101,237
135,92,227
134,81,215
136,101,237
135,97,232
135,95,230
136,88,224
135,100,235
137,95,232
138,103,241
136,132,268
161,118,279
188,144,332
198,124,322
168,121,289
146,99,245
101,135,236
154,108,262
163,106,269
159,187,346
175,152,327
168,153,321
149,150,299
79,144,223
134,110,244
170,104,274
181,127,308
164,144,308
149,140,289
145,138,283
151,130,281
149,126,275
150,143,293
137,154,291
110,158,268
134,146,280
135,145,280
134,138,272
110,136,246
78,140,218
107,135,242
107,151,258
117,171,288
120,181,301
111,178,289
118,182,300
127,183,310
139,199,338
135,222,357
120,236,356
144,231,375
174,214,388
169,210,379
174,235,409
174,242,416
175,238,413
177,249,426
179,249,428
205,210,415
216,185,401
186,177,363
160,129,289
190,129,319
196,113,309
184,141,325
188,136,324
171,134,305
147,145,292
134,129,263
153,128,281
136,140,276
124,147,271
70,165,235
103,172,275
133,184,317
126,208,334
116,207,323
132,180,312
114,190,304
174,163,337
154,152,306
140,147,287
121,139,260
110,126,236
148,141,289
184,112,296
184,101,285
171,88,259
137,109,246
164,82,246
157,91,248
147,85,232
114,77,191
123,115,238
114,141,255
117,155,272
129,152,281
126,151,277
123,155,278
124,149,273
120,143,263
132,130,262
136,125,261
111,119,230
118,114,232
121,107,228
117,112,229
120,110,230
122,109,231
158,102,260
172,87,259
163,113,276
148,130,278
170,102,272
163,90,253
161,80,241
130,121,251
138,124,262
130,127,257
130,134,264
130,119,249
142,101,243
144,80,224
129,114,243
133,140,273
138,145,283
148,146,294
168,141,309
157,156,313
153,140,293
162,129,291
179,129,308
174,125,299
158,138,296
163,122,285
164,116,280
162,108,270
142,117,259
141,110,251
141,153,294
170,141,311
176,134,310
201,117,318
171,151,322
206,111,317
195,94,289
189,102,291
152,98,250
158,100,258
156,97,253
149,114,263
154,116,270
179,92,271
168,90,258
142,79,221
121,120,241
138,124,262
131,134,265
136,136,272
129,132,261
133,133,266
137,130,267
128,131,259
128,129,257
127,122,249
126,113,239
136,103,239
128,104,232
124,100,224
128,92,220
132,85,217
129,85,214
126,85,211
123,82,205
120,97,217
125,105,230
126,105,231
116,111,227
121,114,235
121,121,242
125,117,242
126,132,258
131,131,262
121,129,250
127,127,254
128,124,252
124,119,243
125,114,239
121,108,229
126,105,231
125,99,224
122,97,219
124,101,225
120,101,221
128,95,223
140,82,222
142,100,242
135,101,236
120,96,216
132,90,222
122,85,207
120,89,209
122,84,206
124,89,213
123,88,211
125,97,222
114,98,212
120,132,252
148,117,265
153,107,260
167,103,270
150,125,275
150,134,284
141,132,273
161,102,263
163,105,268
171,103,274
150,106,256
143,100,243
146,130,276
144,134,278
186,107,293
193,94,287
183,84,267
145,139,284
147,122,269
156,110,266
150,104,254
104,96,200
134,90,224
127,86,213
128,81,209
132,106,238
131,109,240
140,95,235
154,101,255
162,89,251
153,81,234
142,109,251
136,99,235
136,89,225
140,97,237
138,96,234
139,85,224
139,95,234
140,82,222
135,95,230
127,94,221
129,96,225
133,92,225
132,102,234
140,97,237
141,87,228
143,93,236
137,112,249
161,112,273
178,105,283
183,109,292
160,110,270
122,116,238
129,108,237
117,106,223
123,102,225
118,101,219
128,101,229
122,100,222
120,93,213
126,92,218
125,92,217
121,92,213
125,90,215
129,87,216
130,89,219
124,90,214
131,101,232
132,106,238
136,197,333
219,152,371
280,103,383
293,118,411
201,98,299
162,117,279
161,125,286
142,129,271
128,130,258
122,130,252
127,135,262
119,126,245
143,114,257
157,95,252
158,96,254
146,100,246
124,102,226
122,106,228
122,117,239
121,134,255
124,141,265
121,145,266
122,169,291
126,168,294
128,166,294
130,162,292
125,163,288
144,145,289
147,139,286
151,128,279
137,117,254
135,108,243
136,101,237
128,94,222
137,88,225
143,113,256
162,90,252
152,88,240
152,95,247
125,105,230
132,116,248
119,120,239
121,128,249
124,128,252
123,123,246
131,115,246
130,112,242
124,110,234
125,113,238
118,111,229
128,103,231
124,100,224
127,100,227
123,105,228
123,106,229
121,102,223
127,97,224
126,92,218
125,93,218
123,90,213
120,88,208
117,88,205
120,88,208
115,84,199
126,77,203
123,89,212
128,101,229
120,107,227
122,112,234
117,114,231
123,114,237
125,114,239
120,122,242
122,127,249
124,137,261
118,137,255
126,135,261
125,134,259
117,130,247
125,121,246
129,123,252
125,124,249
123,122,245
122,131,253
121,148,269
117,160,277
127,163,290
133,171,304
133,189,322
160,172,332
168,156,324
204,136,340
205,146,351
217,127,344
204,111,315
185,138,323
177,128,305
163,123,286
150,118,268
123,125,248
129,136,265
139,266,405
137,281,418
111,300,411
186,234,420
253,166,419
278,151,429
176,145,321
161,128,289
145,115,260
147,110,257
152,113,265
159,107,266
178,87,265
164,84,248
145,88,233
125,85,210
124,83,207
122,102,224
126,102,228
120,95,215
125,88,213
118,86,204
122,91,213
119,106,225
120,115,235
121,114,235
124,107,231
127,107,234
121,101,222
121,101,222
123,104,227
112,106,218
116,102,218
120,125,245
122,130,252
134,128,262
134,130,264
135,130,265
122,132,254
120,138,258
130,136,266
132,139,271
129,159,288
127,163,290
128,165,293
125,172,297
117,181,298
124,179,303
122,176,298
141,153,294
146,142,288
136,137,273
128,129,257
122,126,248
123,124,247
123,128,251
120,130,250
122,126,248
127,116,243
141,101,242
139,99,238
133,103,236
122,99,221
122,96,218
122,95,217
125,88,213
124,88,212
119,89,208
123,89,212
127,104,231
127,110,237
137,123,260
132,140,272
125,155,280
130,163,293
126,170,296
124,171,295
125,178,303
123,206,329
131,218,349
143,209,352
158,188,346
170,162,332
179,157,336
161,160,321
152,150,302
188,110,298
197,96,293
202,94,296
158,132,290
154,133,287
158,121,279
156,123,279
141,130,271
118,124,242
136,120,256
137,102,239
151,123,274
168,121,289
153,115,268
169,132,301
182,119,301
201,116,317
191,133,324
171,141,312
148,158,306
151,166,317
185,146,331
183,142,325
179,152,331
168,163,331
240,105,345
245,114,359
230,94,324
156,95,251
145,95,240
125,116,241
135,116,251
140,109,249
136,117,253
138,119,257
117,121,238
126,121,247
124,118,242
128,110,238
132,103,235
125,99,224
125,90,215
127,90,217
125,103,228
144,115,259
170,99,269
184,98,282
158,85,243
141,108,249
139,99,238
138,89,227
133,98,231
140,84,224
151,95,246
136,135,271
159,112,271
171,107,278
180,98,278
159,108,267
153,136,289
134,132,266
145,118,263
156,103,259
127,97,224
134,96,230
120,94,214
123,93,216
122,97,219
120,96,216
121,107,228
123,102,225
121,96,217
125,96,221
121,91,212
123,90,213
121,92,213
121,90,211
123,87,210
124,85,209
123,87,210
113,91,204
122,92,214
120,92,212
127,90,217
125,90,215
130,85,215
130,103,233
134,122,256
129,128,257
125,135,260
125,136,261
125,130,255
115,128,243
123,127,250
119,123,242
120,124,244
124,124,248
121,120,241
123,115,238
126,109,235
122,103,225
121,100,221
123,98,221
117,97,214
127,92,219
124,91,215
126,86,212
132,90,222
131,87,218
131,86,217
121,84,205
124,109,233
129,122,251
120,125,245
123,124,247
121,117,238
127,112,239
125,105,230
124,101,225
123,104,227
119,102,221
126,93,219
127,88,215
123,87,210
123,85,208
120,80,200
120,113,233
118,112,230
122,107,229
121,101,222
116,96,212
116,90,206
122,86,208
122,87,209
121,83,204
121,78,199
120,100,220
122,102,224
122,99,221
128,102,230
122,102,224
123,103,226
127,99,226
124,97,221
126,99,225
122,102,224
119,103,222
125,102,227
127,100,227
126,99,225
126,113,239
122,115,237
123,114,237
129,114,243
137,101,238
140,94,234
138,90,228
129,89,218
126,88,214
130,83,213
131,81,212
132,81,213
129,106,235
126,111,237
131,104,235
130,101,231
124,96,220
133,89,222
133,87,220
135,103,238
134,96,230
136,90,226
131,88,219
126,88,214
128,82,210
128,82,210
130,102,232
125,101,226
126,95,221
132,90,222
125,114,239
144,96,240
144,90,234
143,90,233
125,88,213
127,88,215
133,91,224
139,85,224
133,86,219
135,104,239
123,105,228
130,99,229
130,94,224
128,88,216
131,86,217
133,108,241
140,94,234
144,90,234
137,88,225
129,102,231
131,98,229
137,90,227
135,87,222
137,82,219
134,100,234
130,96,226
131,90,221
129,91,220
125,91,216
126,87,213
130,82,212
131,82,213
126,81,207
124,101,225
127,96,223
132,90,222
130,90,220
125,89,214
126,85,211
131,98,229
131,96,227
129,90,219
126,123,249
132,144,276
159,132,291
193,132,325
200,140,340
180,138,318
168,155,323
169,162,331
174,164,338
184,141,325
180,191,371
171,177,348
167,186,353
125,171,296
169,200,369
141,182,323
156,189,345
138,180,318
164,218,382
155,274,429
104,268,372
134,250,384
236,159,395
263,147,410
271,111,382
182,189,371
192,209,401
191,220,411
212,237,449
251,194,445
240,191,431
242,147,389
185,117,302
143,125,268
192,127,319
157,195,352
201,204,405
183,242,425
193,279,472
129,277,406
233,216,449
223,195,418
256,178,434
234,144,378
226,169,395
203,189,392
182,162,344
155,143,298
206,115,321
179,208,387
188,245,433
212,212,424
242,396,638
380,231,611
448,204,652
393,183,576
186,186,372
156,211,367
186,238,424
174,243,417
193,223,416
197,230,427
172,215,387
176,174,350
161,161,322
135,160,295
164,185,349
131,160,291
165,127,292
201,120,321
153,274,427
176,243,419
259,183,442
305,125,430
195,164,359
185,253,438
122,251,373
148,218,366
181,193,374
201,164,365
135,163,298
143,174,317
118,173,291
118,222,340
120,251,371
137,224,361
179,175,354
180,201,381
205,187,392
163,183,346
176,124,300
210,134,344
187,121,308
157,111,268
165,125,290
170,117,287
164,145,309
162,151,313
139,153,292
147,150,297
148,148,296
163,133,296
159,123,282
172,273,445
245,241,486
277,218,495
319,160,479
228,128,356
212,130,342
188,250,438
234,220,454
262,166,428
220,206,426
199,229,428
165,274,439
205,186,391
236,222,458
264,246,510
233,243,476
195,236,431
245,275,520
212,249,461
201,262,463
187,221,408
220,194,414
225,223,448
127,280,407
158,299,457
119,329,448
256,209,465
268,206,474
289,195,484
196,399,595
142,416,558
111,432,543
355,250,605
363,274,637
328,251,579
221,171,392
239,141,380
242,108,350
166,114,280
107,122,229
126,131,257
151,112,263
167,177,344
159,165,324
199,174,373
197,129,326
145,116,261
210,145,355
160,203,363
135,201,336
163,183,346
175,193,368
192,151,343
153,144,297
151,108,259
170,116,286
130,208,338
161,229,390
198,215,413
207,180,387
253,230,483
248,219,467
298,160,458
245,149,394
228,122,350
148,127,275
145,136,281
130,141,271
124,147,271
143,145,288
119,144,263
134,135,269
115,139,254
118,145,263
109,154,263
114,163,277
119,179,298
110,175,285
112,171,283
116,177,293
139,148,287
160,131,291
186,107,293
180,108,288
171,105,276
162,100,262
155,122,277
156,127,283
151,117,268
149,109,258
142,198,340
156,178,334
165,173,338
154,175,329
74,183,257
140,135,275
178,135,313
176,133,309
137,128,265
129,117,246
131,108,239
123,103,226
123,107,230
103,113,216
144,101,245
145,100,245
132,99,231
116,110,226
129,107,236
124,116,240
128,127,255
110,124,234
122,120,242
123,114,237
105,123,228
108,126,234
122,128,250
122,139,261
124,150,274
123,150,273
120,147,267
122,155,277
114,169,283
102,198,300
108,226,334
121,241,362
136,234,370
165,203,368
187,174,361
198,157,355
194,154,348
162,155,317
140,155,295
122,151,273
123,148,271
120,151,271
122,148,270
117,146,263
116,141,257
108,137,245
108,130,238
107,133,240
115,141,256
121,151,272
125,140,265
112,145,257
130,143,273
117,138,255
102,158,260
126,192,318
113,189,302
122,198,320
140,190,330
159,159,318
188,144,332
186,139,325
162,138,300
146,146,292
130,156,286
95,185,280
127,197,324
125,200,325
121,224,345
139,215,354
135,215,350
144,202,346
175,177,352
177,171,348
144,171,315
141,173,314
132,168,300
116,160,276
134,149,283
172,107,279
184,115,299
181,118,299
159,111,270
152,111,263
144,111,255
139,117,256
125,111,236
123,113,236
153,86,239
155,76,231
153,103,256
108,112,220
121,107,228
117,108,225
120,121,241
98,128,226
127,129,256
122,121,243
122,125,247
131,130,261
123,138,261
118,145,263
122,173,295
107,190,297
122,196,318
127,200,327
141,186,327
135,174,309
167,172,339
127,165,292
124,140,264
155,123,278
151,114,265
121,97,218
132,92,224
133,100,233
133,116,249
133,98,231
135,104,239
146,105,251
119,99,218
132,114,246
127,123,250
109,154,263
128,165,293
118,171,289
133,163,296
140,156,296
119,149,268
129,142,271
137,129,266
108,121,229
135,111,246
129,101,230
132,91,223
133,129,262
141,113,254
148,104,252
137,115,252
148,109,257
162,106,268
149,94,243
140,116,256
143,112,255
151,101,252
134,92,226
143,124,267
146,117,263
145,107,252
154,116,270
165,118,283
173,114,287
149,120,269
144,111,255
153,100,253
160,111,271
164,92,256
152,111,263
151,108,259
143,104,247
146,100,246
143,122,265
161,100,261
163,131,294
172,112,284
150,104,254
140,97,237
111,90,201
129,81,210
113,103,216
123,98,221
124,86,210
127,82,209
135,128,263
114,140,254
131,146,277
133,140,273
117,139,256
115,141,256
122,177,299
116,174,290
125,173,298
126,165,291
164,122,286
176,121,297
187,158,345
175,148,323
177,140,317
160,122,282
140,117,257
167,122,289
184,138,322
195,152,347
218,137,355
209,128,337
199,151,350
189,136,325
214,135,349
211,130,341
190,112,302
142,105,247
136,96,232
131,124,255
127,118,245
144,97,241
126,91,217
128,87,215
120,104,224
131,115,246
121,113,234
132,135,267
126,148,274
101,156,257
126,152,278
132,149,281
128,138,266
132,142,274
134,143,277
117,151,268
127,157,284
110,155,265
120,148,268
128,147,275
124,134,258
130,139,269
106,126,232
130,112,242
158,105,263
175,98,273
181,107,288
154,99,253
130,87,217
134,106,240
100,112,212
128,123,251
121,132,253
124,129,253
102,136,238
131,140,271
115,150,265
109,152,261
143,147,290
144,154,298
148,151,299
127,165,292
160,130,290
152,140,292
146,135,281
164,104,268
172,82,254
152,142,294
149,144,293
125,141,266
130,134,264
109,133,242
139,135,274
142,117,259
140,124,264
172,130,302
183,117,300
180,98,278
164,101,265
141,97,238
127,93,220
134,94,228
120,98,218
115,99,214
103,104,207
124,104,228
107,99,206
131,86,217
135,118,253
113,109,222
134,101,235
131,93,224
124,93,217
117,78,195
150,131,281
116,135,251
123,133,256
129,137,266
118,128,246
138,121,259
142,114,256
139,101,240
143,89,232
138,97,235
140,86,226
131,80,211
130,100,230
123,99,222
135,97,232
132,96,228
133,87,220
141,83,224
128,84,212
123,99,222
117,96,213
125,90,215
131,105,236
134,101,235
139,87,226
136,83,219
125,109,234
132,118,250
164,116,280
173,133,306
154,142,296
143,142,285
131,147,278
120,166,286
119,173,292
201,176,377
267,117,384
268,108,376
211,108,319
164,96,260
142,90,232
137,105,242
136,103,239
143,89,232
151,121,272
141,122,263
147,108,255
137,100,237
128,92,220
130,92,222
130,87,217
128,103,231
130,104,234
142,100,242
137,99,236
139,96,235
135,88,223
134,116,250
140,117,257
142,112,254
142,111,253
132,111,243
138,97,235
146,131,277
148,125,273
136,113,249
137,103,240
116,103,219
131,97,228
132,91,223
137,110,247
142,102,244
146,99,245
144,86,230
136,100,236
151,142,293
146,133,279
146,120,266
137,109,246
132,93,225
148,88,236
148,97,245
137,99,236
140,100,240
134,92,226
133,107,240
141,112,253
141,106,247
142,105,247
137,109,246
147,97,244
151,105,256
142,99,241
153,92,245
150,96,246
149,89,238
135,134,269
144,205,349
140,284,424
141,299,440
110,317,427
173,310,483
259,212,471
268,184,452
252,158,410
184,134,318
159,126,285
145,119,264
124,113,237
115,120,235
109,121,230
121,139,260
169,165,334
193,146,339
222,139,361
198,152,350
185,118,303
192,117,309
193,107,300
145,103,248
145,100,245
134,95,229
132,96,228
132,93,225
132,91,223
136,89,225
136,83,219
133,114,247
130,112,242
130,105,235
130,101,231
119,98,217
125,99,224
134,87,221
138,105,243
142,101,243
132,97,229
134,89,223
129,86,215
129,86,215
128,80,208
128,103,231
126,104,230
127,103,230
129,104,233
130,206,336
163,184,347
160,185,345
159,179,338
87,160,247
122,151,273
147,150,297
130,147,277
123,146,269
123,150,273
123,149,272
122,146,268
122,143,265
122,140,262
122,139,261
122,142,264
127,136,263
127,137,264
131,134,265
132,136,268
137,129,266
134,132,266
128,133,261
132,126,258
130,131,261
131,127,258
127,127,254
125,133,258
127,130,257
127,126,253
127,127,254
127,126,253
125,131,256
124,128,252
126,127,253
126,127,253
125,128,253
122,128,250
126,146,272
126,167,293
128,173,301
143,161,304
150,174,324
157,166,323
146,170,316
139,172,311
139,164,303
121,167,288
114,179,293
118,180,298
123,175,298
118,188,306
130,181,311
212,125,337
224,201,425
262,161,423
192,147,339
178,132,310
113,120,233
152,104,256
135,178,313
177,159,336
167,167,334
159,180,339
99,179,278
145,164,309
143,152,295
157,146,303
145,153,298
117,163,280
128,161,289
150,147,297
135,146,281
132,152,284
105,155,260
120,156,276
117,152,269
109,159,268
105,179,284
113,183,296
122,176,298
117,171,288
176,138,314
205,142,347
238,140,378
167,165,332
182,156,338
183,147,330
181,149,330
138,151,289
145,140,285
154,146,300
182,141,323
187,144,331
201,130,331
178,144,322
196,120,316
195,95,290
197,85,282
166,108,274
139,119,258
128,113,241
139,111,250
135,114,249
112,121,233
146,134,280
138,139,277
118,150,268
132,151,283
129,161,290
104,164,268
142,146,288
132,156,288
158,166,324
128,179,307
118,183,301
118,206,324
122,197,319
186,184,370
188,170,358
177,155,332
142,148,290
135,135,270
87,133,220
130,115,245
133,106,239
124,87,211
131,96,227
133,88,221
132,82,214
109,163,272
139,161,300
133,187,320
136,212,348
98,198,296
140,191,331
155,198,353
210,130,340
185,147,332
202,169,371
119,177,296
138,192,330
143,201,344
159,182,341
173,154,327
179,134,313
150,116,266
168,92,260
139,87,226
117,149,266
139,154,293
141,162,303
135,169,304
113,163,276
110,160,270
129,166,295
124,181,305
122,192,314
125,199,324
134,183,317
148,183,331
147,179,326
188,135,323
203,110,313
197,133,330
131,174,305
124,192,316
126,195,321
175,164,339
185,160,345
155,157,312
131,163,294
136,155,291
135,148,283
138,181,319
130,187,317
114,190,304
116,194,310
164,157,321
179,152,331
182,142,324
163,139,302
184,109,293
178,107,285
189,117,306
163,121,284
162,126,288
141,138,279
129,150,279
102,148,250
122,147,269
107,142,249
109,135,244
114,164,278
120,197,317
113,212,325
121,219,340
125,219,344
160,198,358
176,195,371
169,198,367
136,193,329
169,161,330
169,163,332
151,175,326
107,201,308
111,214,325
126,213,339
144,194,338
176,167,343
180,175,355
187,165,352
149,175,324
141,184,325
125,189,314
114,198,312
135,180,315
143,179,322
150,166,316
161,146,307
165,145,310
167,132,299
172,113,285
174,104,278
164,87,251
140,123,263
116,131,247
137,122,259
127,129,256
133,130,263
124,134,258
117,129,246
133,140,273
175,94,269
180,133,313
188,125,313
153,118,271
142,117,259
120,178,298
174,144,318
175,137,312
149,137,286
90,132,222
119,130,249
121,136,257
103,134,237
114,135,249
114,133,247
122,138,260
119,141,260
122,139,261
127,143,270
124,136,260
121,139,260
117,142,259
121,139,260
123,137,260
127,136,263
116,137,253
123,138,261
129,132,261
122,136,258
122,132,254
113,125,238
129,109,238
137,108,245
135,109,244
128,105,233
123,101,224
123,98,221
109,97,206
115,94,209
123,89,212
114,106,220
124,116,240
126,109,235
136,108,244
139,135,274
122,135,257
126,136,262
120,142,262
106,147,253
135,150,285
132,145,277
119,143,262
120,178,298
120,179,299
114,166,280
133,159,292
138,136,274
152,118,270
191,150,341
207,103,310
215,112,327
187,111,298
148,94,242
140,105,245
144,112,256
143,104,247
132,96,228
137,86,223
135,129,264
117,124,241
144,127,271
155,145,300
173,134,307
177,138,315
143,155,298
118,148,266
134,151,285
130,145,275
152,118,270
167,110,277
178,97,275
174,99,273
146,86,232
157,99,256
149,85,234
151,101,252
150,96,246
143,92,235
137,90,227
139,105,244
140,108,248
146,104,250
137,105,242
130,104,234
153,99,252
147,106,253
138,103,241
124,92,216
128,87,215
110,85,195
123,100,223
120,110,230
125,104,229
128,114,242
134,107,241
113,105,218
120,113,233
121,134,255
123,143,266
134,132,266
138,132,270
146,125,271
122,141,263
118,147,265
126,155,281
122,177,299
120,190,310
123,198,321
104,205,309
142,176,318
150,173,323
156,166,322
148,160,308
169,211,380
262,125,387
281,117,398
285,94,379
164,105,269
162,104,266
136,101,237
135,90,225
119,89,208
108,86,194
124,102,226
119,114,233
132,118,250
130,132,262
128,159,287
108,176,284
125,183,308
128,184,312
128,180,308
140,161,301
139,151,290
145,143,288
143,144,287
140,125,265
147,109,256
171,106,277
179,88,267
157,84,241
142,95,237
123,92,215
129,93,222
125,104,229
116,111,227
122,117,239
121,112,233
113,124,237
123,130,253
125,130,255
130,152,282
125,158,283
126,157,283
128,175,303
120,321,441
123,338,461
121,358,479
216,287,503
298,206,504
314,192,506
167,186,353
164,186,350
155,180,335
137,174,311
146,149,295
151,140,291
143,133,276
132,134,266
127,169,296
126,183,309
126,203,329
139,207,346
147,210,357
153,192,345
165,174,339
171,152,323
187,118,305
187,137,324
204,100,304
191,130,321
193,132,325
163,156,319
181,127,308
199,99,298
215,107,322
195,101,296
144,107,251
154,124,278
145,124,269
159,111,270
148,114,262
154,114,268
137,112,249
122,106,228
125,100,225
121,95,216
124,94,218
122,90,212
123,102,225
120,119,239
117,132,249
122,139,261
125,149,274
123,146,269
129,140,269
121,144,265
140,133,273
116,133,249
133,132,265
122,128,250
130,123,253
126,125,251
133,128,261
122,126,248
126,120,246
123,117,240
126,114,240
122,106,228
123,103,226
127,106,233
122,103,225
121,105,226
123,104,227
121,109,230
123,113,236
119,115,234
123,115,238
117,120,237
118,118,236
124,118,242
124,116,240
120,112,232
127,111,238
121,116,237
122,116,238
122,113,235
123,102,225
128,101,229
130,112,242
118,119,237
119,128,247
125,129,254
123,129,252
126,131,257
126,131,257
123,134,257
122,127,249
121,143,264
120,145,265
116,146,262
119,154,273
122,157,279
121,164,285
125,180,305
123,190,313
112,186,298
146,159,305
149,147,296
155,140,295
134,134,268
119,139,258
109,134,243
128,130,258
124,124,248
120,120,240
117,119,236
122,115,237
125,110,235
118,105,223
121,103,224
118,99,217
122,98,220
123,93,216
119,89,208
123,83,206
121,87,208
120,87,207
120,88,208
116,105,221
133,99,232
128,99,227
138,95,233
126,99,225
124,94,218
126,93,219
130,90,220
124,88,212
121,89,210
124,87,211
133,81,214
129,98,227
127,102,229
117,106,223
124,120,244
120,125,245
122,128,250
126,133,259
125,133,258
130,139,269
125,143,268
122,144,266
115,142,257
123,141,264
124,144,268
126,150,276
121,159,280
123,167,290
124,179,303
128,183,311
127,185,312
125,183,308
153,149,302
176,115,291
179,107,286
152,115,267
126,114,240
127,100,227
137,88,225
112,87,199
121,88,209
121,108,229
129,104,233
130,118,248
134,120,254
137,120,257
138,118,256
128,135,263
128,128,256
136,118,254
121,111,232
110,104,214
131,99,230
126,92,218
134,103,237
136,98,234
134,92,226
133,82,215
122,121,243
133,123,256
131,116,247
133,124,257
129,125,254
135,126,261
133,124,257
135,136,271
129,138,267
119,142,261
122,158,280
125,175,300
128,193,321
138,191,329
139,198,337
131,221,352
141,204,345
151,202,353
156,197,353
172,143,315
180,128,308
163,115,278
170,121,291
189,104,293
183,119,302
170,110,280
133,107,240
142,128,270
130,114,244
142,109,251
120,103,223
121,96,217
123,90,213
127,82,209
133,100,233
135,108,243
135,107,242
132,113,245
126,123,249
134,114,248
133,106,239
132,101,233
132,94,226
130,85,215
133,90,223
133,84,217
129,98,227
127,90,217
138,99,237
140,102,242
136,102,238
133,92,225
130,87,217
131,89,220
125,86,211
130,109,239
131,110,241
133,105,238
122,99,221
121,91,212
127,86,213
128,100,228
129,113,242
129,113,242
128,114,242
124,111,235
128,116,244
134,113,247
132,105,237
140,94,234
141,103,244
140,97,237
144,105,249
130,101,231
127,92,219
130,83,213
131,77,208
130,110,240
125,124,249
129,130,259
133,128,261
128,129,257
135,126,261
130,122,252
129,121,250
122,125,247
122,125,247
126,125,251
126,125,251
127,120,247
126,112,238
137,95,232
139,89,228
127,93,220
120,104,224
134,90,224
142,83,225
146,93,239
123,113,236
135,116,251
133,131,264
133,153,286
118,164,282
120,167,287
120,176,296
129,179,308
129,180,309
128,190,318
143,165,308
142,166,308
142,161,303
123,155,278
124,161,285
130,149,279
130,146,276
137,143,280
130,156,286
113,159,272
120,152,272
122,157,279
116,154,270
115,150,265
124,158,282
119,156,275
120,150,270
124,156,280
122,158,280
112,172,284
122,184,306
124,187,311
99,188,287
143,176,319
169,179,348
196,158,354
194,146,340
203,130,333
177,130,307
153,132,285
142,133,275
140,128,268
137,132,269
137,134,271
143,130,273
142,134,276
142,129,271
135,132,267
137,134,271
144,130,274
145,132,277
143,127,270
137,130,267
136,132,268
143,129,272
152,123,275
150,126,276
144,130,274
136,153,289
137,145,282
142,142,284
173,122,295
200,97,297
203,88,291
163,111,274
152,102,254
148,100,248
141,100,241
136,99,235
138,97,235
139,97,236
138,124,262
136,133,269
153,111,264
164,99,263
159,119,278
158,107,265
155,95,250
156,165,321
151,158,309
143,160,303
148,143,291
104,128,232
146,112,258
164,98,262
160,97,257
160,112,272
156,103,259
167,167,334
161,162,323
158,157,315
154,139,293
104,122,226
148,105,253
162,92,254
160,168,328
156,165,321
142,165,307
149,162,311
99,177,276
159,161,320
196,136,332
193,133,326
174,127,301
149,136,285
140,147,287
130,143,273
132,136,268
155,116,271
158,102,260
159,171,330
183,147,330
189,129,318
198,114,312
134,119,253
154,154,308
173,138,311
166,138,304
144,144,288
114,163,277
102,161,263
140,166,306
154,164,318
162,153,315
160,131,291
161,221,382
209,163,372
223,167,390
216,170,386
122,174,296
137,169,306
132,175,307
132,160,292
141,158,299
148,147,295
149,128,277
168,118,286
175,135,310
171,118,289
155,96,251
146,102,248
153,140,293
157,119,276
131,208,339
258,166,424
285,103,388
303,95,398
190,135,325
170,109,279
161,100,261
175,129,304
156,131,287
170,120,290
170,100,270
159,108,267
136,107,243
115,117,232
125,119,244
111,113,224
125,121,246
113,214,327
122,282,404
120,283,403
166,246,412
245,176,421
207,143,350
159,128,287
171,118,289
138,116,254
160,167,327
166,163,329
169,163,332
126,175,301
94,174,268
126,162,288
104,160,264
120,166,286
134,181,315
150,189,339
154,194,348
172,200,372
157,187,344
156,184,340
147,183,330
176,135,311
161,128,289
166,109,275
142,100,242
125,89,214
136,133,269
137,141,278
124,136,260
133,144,277
126,140,266
135,143,278
130,148,278
130,147,277
138,142,280
140,130,270
132,126,258
126,145,271
119,142,261
129,137,266
122,118,240
134,120,254
119,111,230
127,97,224
138,92,230
133,77,210
132,134,266
121,119,240
151,95,246
147,88,235
97,82,179
134,142,276
133,140,273
147,144,291
128,145,273
113,144,257
124,144,268
120,137,257
119,129,248
131,129,260
125,140,265
122,141,263
122,141,263
119,136,255
125,125,250
132,115,247
144,96,240
144,89,233
139,117,256
136,126,262
172,92,264
179,100,279
162,82,244
146,91,237
137,82,219
129,134,263
153,107,260
156,107,263
177,121,298
155,117,272
169,96,265
179,89,268
155,108,263
140,115,255
140,117,257
138,119,257
136,110,246
139,109,248
152,128,280
153,131,284
161,139,300
148,142,290
133,145,278
132,143,275
113,148,261
121,147,268
112,144,256
121,138,259
125,133,258
114,127,241
123,131,254
129,124,253
123,132,255
133,144,277
122,162,284
118,157,275
133,155,288
129,153,282
116,150,266
132,144,276
129,154,283
109,162,271
122,167,289
113,172,285
132,170,302
150,177,327
155,194,349
147,210,357
147,221,368
146,238,384
155,225,380
185,193,378
194,181,375
195,169,364
178,178,356
199,170,369
204,169,373
203,188,391
178,182,360
193,147,340
191,108,299
186,104,290
143,96,239
142,90,232
145,121,266
142,120,262
137,113,250
145,101,246
134,95,229
134,88,222
135,122,257
147,149,296
144,145,289
142,127,269
130,117,247
157,118,275
169,118,287
170,121,291
165,115,280
143,109,252
143,97,240
144,88,232
145,116,261
135,110,245
161,115,276
168,141,309
194,122,316
177,116,293
167,139,306
131,150,281
121,153,274
133,140,273
168,106,274
171,115,286
177,106,283
178,76,254
162,136,298
128,143,271
124,138,262
130,134,264
109,123,232
133,112,245
126,107,233
123,100,223
126,113,239
154,114,268
176,114,290
178,103,281
158,91,249
146,103,249
141,115,256
139,110,249
134,105,239
131,100,231
138,95,233
144,109,253
143,116,259
148,126,274
141,116,257
144,103,247
160,81,241
157,107,264
151,100,251
139,95,234
133,85,218
134,108,242
159,89,248
149,120,269
145,144,289
165,97,262
181,97,278
179,96,275
126,96,222
120,110,230
127,115,242
128,133,261
147,122,269
155,116,271
155,122,277
157,126,283
139,128,267
133,121,254
133,125,258
128,129,257
117,134,251
126,154,280
121,159,280
118,192,310
125,200,325
127,190,317
115,182,297
150,137,287
180,112,292
205,89,294
161,86,247
147,96,243
107,92,199
130,93,223
115,96,211
114,96,210
122,124,246
130,129,259
127,142,269
135,151,286
131,159,290
140,163,303
156,158,314
163,158,321
160,171,331
161,180,341
154,191,345
166,196,362
158,211,369
164,203,367
139,220,359
178,188,366
205,143,348
216,127,343
190,114,304
140,108,248
126,116,242
115,126,241
121,122,243
143,101,244
147,106,253
175,104,279
169,87,256
178,96,274
146,116,262
136,124,260
148,107,255
163,89,252
170,83,253
149,82,231
128,103,231
124,108,232
119,125,244
126,139,265
123,139,262
133,136,269
129,135,264
151,119,270
142,116,258
148,117,265
130,115,245
128,130,258
131,121,252
136,115,251
142,109,251
135,118,253
144,107,251
156,93,249
145,103,248
149,90,239
140,99,239
144,86,230
141,93,234
149,84,233
139,115,254
144,107,251
137,97,234
137,96,233
131,86,217
137,100,237
140,97,237
133,96,229
130,90,220
131,102,233
139,96,235
144,82,226
142,90,232
135,81,216
126,90,216
129,107,236
149,104,253
175,92,267
172,81,253
149,103,252
118,119,237
126,112,238
123,107,230
126,100,226
127,93,220
128,87,215
129,80,209
126,102,228
120,118,238
130,126,256
134,118,252
134,120,254
138,126,264
132,130,262
129,124,253
124,118,242
128,105,233
126,98,224
132,89,221
131,91,222
120,86,206
128,113,241
117,118,235
131,123,254
124,126,250
124,131,255
127,128,255
127,123,250
128,125,253
120,117,237
127,120,247
125,115,240
121,110,231
126,106,232
122,112,234
126,112,238
120,108,228
116,101,217
123,98,221
125,87,212
130,80,210
127,126,253
144,108,252
164,104,268
166,97,263
147,110,257
151,120,271
153,111,264
153,98,251
147,117,264
148,109,257
152,104,256
143,120,263
159,126,285
185,100,285
192,117,309
180,108,288
154,99,253
165,112,277
164,111,275
163,121,284
127,125,252
124,125,249
141,124,265
141,122,263
142,115,257
129,107,236
119,104,223
131,98,229
132,97,229
133,87,220
134,90,224
137,83,220
131,96,227
123,107,230
124,123,247
126,129,255
124,135,259
131,141,272
127,144,271
130,143,273
124,138,262
122,129,251
125,121,246
135,107,242
133,103,236
130,97,227
116,93,209
129,82,211
136,94,230
139,85,224
138,91,229
130,88,218
129,83,212
127,100,227
126,106,232
130,102,232
118,102,220
122,99,221
127,94,221
127,91,218
122,93,215
126,98,224
125,105,230
138,94,232
136,92,228
125,108,233
133,99,232
140,91,231
135,81,216
131,93,224
133,88,221
132,85,217
131,95,226
133,95,228
136,92,228
117,94,211
123,95,218
127,90,217
135,107,242
136,100,236
141,92,233
136,82,218
126,111,237
131,248,379
125,249,374
167,217,384
197,205,402
194,179,373
190,156,346
165,146,311
158,128,286
149,117,266
143,111,254
136,100,236
139,101,240
144,90,234
134,90,224
145,188,333
228,184,412
313,130,443
336,104,440
253,109,362
167,109,276
154,123,277
174,113,287
166,104,270
159,89,248
130,87,217
113,90,203
125,99,224
131,105,236
127,101,228
125,97,222
115,91,206
122,91,213
113,99,212
122,97,219
121,100,221
111,95,206
110,100,210
115,98,213
105,95,200
124,100,224
109,99,208
122,98,220
124,106,230
116,110,226
123,106,229
121,100,221
122,98,220
122,94,216
128,86,214
126,87,213
127,86,213
124,84,208
117,83,200
128,101,229
124,115,239
126,114,240
120,121,241
115,119,234
122,116,238
129,105,234
132,100,232
130,97,227
120,95,215
119,93,212
123,95,218
122,94,216
126,87,213
129,84,213
121,107,228
128,111,239
131,107,238
129,106,235
128,99,227
132,98,230
127,99,226
128,97,225
126,93,219
121,96,217
125,95,220
129,92,221
130,96,226
121,95,216
116,94,210
125,95,220
122,96,218
122,99,221
118,111,229
130,107,237
130,106,236
122,106,228
122,100,222
126,99,225
133,97,230
139,92,231
131,113,244
148,100,248
143,94,237
137,90,227
126,92,218
124,92,216
130,88,218
134,83,217
134,83,217
129,84,213
124,83,207
124,84,208
127,101,228
130,98,228
133,92,225
132,88,220
128,87,215
125,86,211
128,82,210
128,82,210
127,98,225
125,107,232
129,114,243
148,103,251
151,105,256
152,112,264
128,120,248
125,125,250
125,130,255
125,136,261
124,144,268
124,151,275
128,157,285
130,165,295
127,173,300
126,176,302
125,185,310
140,178,318
150,182,332
150,190,340
135,188,323
136,172,308
148,156,304
152,150,302
137,148,285
128,150,278
122,147,269
123,144,267
123,143,266
123,139,262
122,140,262
128,133,261
129,132,261
132,129,261
132,130,262
134,127,261
128,126,254
124,126,250
123,127,250
122,125,247
120,125,245
121,126,247
123,130,253
125,128,253
126,127,253
126,126,252
125,127,252
122,127,249
122,139,261
122,145,267
121,157,278
144,138,282
154,156,310
173,169,342
192,145,337
194,230,424
257,177,434
248,174,422
217,176,393
136,159,295
162,128,290
166,164,330
98,203,301
163,191,354
170,169,339
196,147,343
193,148,341
145,156,301
110,142,252
152,132,284
186,110,296
150,95,245
168,153,321
147,172,319
140,162,302
198,107,305
183,115,298
87,210,297
155,187,342
206,178,384
192,171,363
126,199,325
170,201,371
141,202,343
187,186,373
158,193,351
140,263,403
160,261,421
131,248,379
199,199,398
221,161,382
160,171,331
133,176,309
178,153,331
153,152,305
202,202,404
204,184,388
258,215,473
246,224,470
268,180,448
228,129,357
219,126,345
180,199,379
220,239,459
278,185,463
289,180,469
177,238,415
92,280,372
156,272,428
164,256,420
167,240,407
248,166,414
213,180,393
249,131,380
197,157,354
188,156,344
215,125,340
186,102,288
174,167,341
164,154,318
173,155,328
160,149,309
99,143,242
124,138,262
113,132,245
118,163,281
121,181,302
122,181,303
121,193,314
124,192,316
150,165,315
172,165,337
165,156,321
148,151,299
144,165,309
144,163,307
142,153,295
139,133,272
136,126,262
121,112,233
126,92,218
149,85,234
128,112,240
127,125,252
137,123,260
134,130,264
141,118,259
134,113,247
135,107,242
131,95,226
143,124,267
152,123,275
128,129,257
146,135,281
133,147,280
133,142,275
139,126,265
154,98,252
153,142,295
150,115,265
157,100,257
168,121,289
134,119,253
131,107,238
159,87,246
161,112,273
152,119,271
144,116,260
133,116,249
125,119,244
94,112,206
132,100,232
138,82,220
145,134,279
151,124,275
129,130,259
140,129,269
113,125,238
130,126,256
157,126,283
152,149,301
152,166,318
122,177,299
118,179,297
124,178,302
155,141,296
193,99,292
201,110,311
177,125,302
171,118,289
170,112,282
157,109,266
157,92,249
149,104,253
146,105,251
139,102,241
149,102,251
170,119,289
167,129,296
160,146,306
112,150,262
132,150,282
126,156,282
145,142,287
127,153,280
150,161,311
129,173,302
147,164,311
144,160,304
144,162,306
150,152,302
150,166,316
159,167,326
136,170,306
142,171,313
140,188,328
146,187,333
154,186,340
157,218,375
162,227,389
157,223,380
147,286,433
206,217,423
246,167,413
273,128,401
221,102,323
184,109,293
173,152,325
182,143,325
175,127,302
175,113,288
135,104,239
144,89,233
146,131,277
156,132,288
148,139,287
161,128,289
142,126,268
140,128,268
126,132,258
112,137,249
122,140,262
125,146,271
123,154,277
118,157,275
105,159,264
119,156,275
120,151,271
122,147,269
120,142,262
123,141,264
96,138,234
122,132,254
120,127,247
123,132,255
123,128,251
112,137,249
112,136,248
128,130,258
141,113,254
135,106,241
132,106,238
93,100,193
123,94,217
124,88,212
118,103,221
119,124,243
122,126,248
129,119,248
127,114,241
105,106,211
113,101,214
110,95,205
119,92,211
121,87,208
121,85,206
123,95,218
114,96,210
123,104,227
122,94,216
128,98,226
117,97,214
114,99,213
122,104,226
125,100,225
118,99,217
131,105,236
119,98,217
126,95,221
123,94,217
120,101,221
126,99,225
131,138,269
156,125,281
156,118,274
170,108,278
133,118,251
111,113,224
135,108,243
132,158,290
165,151,316
193,130,323
171,115,286
181,111,292
168,80,248
156,117,273
129,144,273
129,155,284
129,157,286
119,150,269
129,155,284
128,150,278
126,146,272
127,135,262
131,132,263
114,131,245
121,131,252
119,146,265
105,150,255
123,153,276
135,176,311
132,184,316
130,186,316
120,186,306
161,159,320
163,158,321
169,303,472
147,319,466
139,332,471
152,330,482
278,189,467
310,147,457
307,141,448
233,120,353
210,96,306
180,129,309
166,155,321
157,160,317
155,159,314
152,185,337
154,192,346
159,183,342
191,146,337
189,144,333
169,143,312
145,149,294
128,167,295
129,165,294
115,177,292
151,147,298
166,126,292
180,129,309
193,101,294
182,95,277
163,115,278
127,125,252
113,125,238
123,121,244
97,112,209
127,107,234
116,112,228
118,107,225
99,104,203
122,101,223
121,96,217
121,90,211
123,195,318
238,109,347
244,106,350
245,101,346
134,102,236
140,92,232
144,82,226
142,94,236
130,105,235
123,99,222
119,99,218
118,93,211
121,94,215
125,92,217
128,85,213
132,80,212
124,94,218
120,95,215
125,86,211
128,77,205
126,96,222
117,105,222
115,109,224
119,108,227
122,113,235
123,121,244
121,127,248
124,135,259
122,136,258
125,138,263
122,135,257
124,135,259
119,135,254
125,133,258
121,131,252
120,140,260
133,140,273
157,113,270
157,124,281
193,124,317
197,122,319
195,137,332
196,105,301
161,120,281
154,118,272
118,123,241
125,117,242
126,125,251
126,120,246
117,121,238
131,139,270
126,147,273
122,146,268
135,129,264
135,119,254
137,109,246
133,107,240
132,105,237
131,100,231
133,97,230
133,88,221
139,102,241
141,111,252
136,113,249
131,123,254
124,135,259
125,144,269
127,150,277
130,142,272
136,141,277
135,138,273
129,136,265
134,132,266
130,133,263
137,131,268
125,126,251
137,110,247
135,118,253
138,116,254
126,111,237
132,108,240
131,96,227
132,89,221
133,81,214
123,95,218
119,99,218
126,97,223
123,94,217
121,96,217
126,95,221
124,97,221
130,114,244
148,95,243
149,100,249
148,138,286
131,117,248
164,108,272
158,104,262
136,88,224
148,102,250
141,108,249
138,126,264
154,118,272
155,102,257
165,119,284
164,118,282
160,114,274
145,116,261
132,117,249
121,124,245
174,91,265
158,91,249
147,89,236
127,85,212
125,117,242
134,110,244
130,105,235
130,105,235
115,102,217
124,101,225
123,98,221
126,95,221
133,91,224
132,90,222
135,90,225
133,90,223
131,96,227
122,96,218
116,89,205
120,89,209
107,89,196
122,89,211
121,89,210
123,86,209
125,88,213
124,88,212
116,89,205
118,105,223
125,102,227
127,109,236
126,113,239
122,113,235
124,107,231
121,104,225
120,99,219
124,95,219
123,90,213
115,86,201
121,86,207
116,89,205
122,85,207
125,78,203
122,87,209
123,85,208
116,83,199
123,88,211
115,88,203
125,81,206
127,95,222
127,94,221
127,89,216
123,89,212
128,78,206
133,102,235
131,124,255
125,122,247
127,119,246
124,132,256
124,135,259
118,136,254
122,136,258
128,129,257
128,127,255
133,137,270
124,147,271
116,151,267
125,144,269
121,145,266
125,139,264
120,146,266
128,138,266
127,140,267
126,144,270
125,143,268
126,138,264
126,137,263
116,130,246
114,129,243
123,128,251
122,127,249
125,132,257
121,133,254
129,129,258
126,129,255
128,128,256
122,118,240
130,112,242
128,108,236
123,110,233
121,111,232
121,117,238
122,116,238
126,115,241
119,117,236
121,129,250
124,136,260
112,137,249
116,132,248
128,126,254
129,117,246
135,111,246
123,106,229
123,99,222
124,98,222
113,96,209
123,94,217
122,93,215
121,93,214
123,90,213
128,89,217
129,95,224
129,98,227
123,97,220
134,91,225
140,92,232
134,92,226
131,101,232
132,98,230
134,100,234
131,103,234
122,101,223
121,95,216
127,101,228
125,106,231
125,100,225
128,104,232
127,101,228
120,99,219
122,95,217
121,93,214
123,91,214
122,93,215
121,93,214
124,88,212
122,88,210
120,87,207
123,90,213
127,82,209
130,99,229
132,103,235
123,110,233
125,110,235
121,107,228
126,102,228
133,89,222
132,80,212
129,100,229
126,126,252
124,127,251
125,130,255
127,122,249
129,117,246
122,113,235
125,112,237
114,106,220
122,101,223
121,98,219
122,92,214
120,86,206
122,87,209
130,98,228
126,119,245
131,121,252
134,126,260
150,118,268
147,121,268
141,127,268
128,134,262
126,141,267
127,145,272
126,152,278
129,154,283
128,164,292
128,167,295
131,171,302
132,175,307
129,182,311
127,186,313
147,180,327
148,172,320
146,174,320
123,174,297
197,125,322
220,108,328
225,110,335
153,114,267
131,119,250
130,126,256
127,131,258
124,132,256
124,138,262
136,132,268
136,164,300
135,180,315
124,189,313
141,179,320
154,165,319
156,171,327
133,172,305
125,180,305
125,185,310
139,174,313
138,180,318
139,182,321
136,171,307
139,177,316
139,179,318
133,179,312
131,179,310
140,179,319
133,181,314
142,179,321
134,178,312
141,180,321
131,179,310
142,174,316
137,173,310
137,180,317
125,180,305
137,173,310
137,173,310
139,180,319
125,185,310
138,174,312
137,180,317
138,185,323
137,174,311
137,181,318
137,187,324
138,190,328
137,203,340
142,231,373
139,227,366
186,189,375
188,191,379
195,172,367
162,167,329
120,173,293
159,178,337
138,191,329
125,191,316
99,175,274
140,164,304
151,162,313
146,152,298
161,126,287
163,115,278
158,102,260
146,135,281
163,159,322
175,170,345
211,195,406
236,160,396
235,160,395
212,278,490
248,221,469
231,230,461
234,215,449
177,180,357
241,116,357
194,113,307
182,104,286
124,106,230
134,117,251
125,121,246
124,142,266
130,148,278
121,176,297
170,145,315
198,193,391
279,102,381
245,89,334
194,163,357
150,142,292
184,142,326
166,150,316
116,168,284
222,82,304
220,167,387
240,145,385
203,114,317
206,116,322
137,112,249
125,121,246
126,131,257
105,138,243
121,134,255
129,181,310
127,244,371
133,385,518
174,347,521
203,314,517
265,238,503
296,181,477
265,158,423
184,144,328
170,170,340
151,163,314
155,138,293
189,125,314
187,121,308
141,121,262
150,151,301
153,221,374
111,281,392
170,248,418
191,223,414
209,227,436
191,192,383
180,219,399
110,207,317
142,190,332
165,205,370
142,187,329
158,182,340
153,162,315
152,140,292
148,175,323
102,177,279
117,174,291
134,169,303
155,171,326
156,169,325
127,158,285
155,188,343
160,248,408
123,284,407
165,287,452
184,249,433
192,182,374
233,167,400
231,123,354
160,148,308
102,148,250
131,139,270
162,103,265
159,113,272
126,225,351
158,248,406
221,195,416
191,207,398
154,214,368
252,170,422
320,130,450
312,108,420
249,212,461
176,235,411
219,188,407
219,179,398
153,151,304
183,129,312
154,132,286
170,125,295
166,98,264
173,82,255
177,170,347
173,158,331
174,154,328
198,185,383
221,184,405
238,248,486
278,177,455
288,125,413
266,98,364
173,94,267
124,84,208
136,131,267
145,138,283
174,181,355
184,206,390
198,208,406
175,177,352
220,112,332
194,120,314
196,127,323
130,134,264
124,147,271
122,154,276
153,147,300
161,139,300
182,109,291
178,120,298
180,123,303
168,127,295
150,130,280
155,146,301
152,168,320
165,166,331
191,134,325
223,119,342
219,107,326
187,184,371
174,177,351
203,136,339
238,215,453
191,246,437
179,216,395
192,227,419
113,205,318
174,171,345
141,172,313
102,163,265
141,148,289
147,133,280
146,119,265
129,108,237
143,112,255
146,83,229
154,139,293
142,135,277
137,123,260
144,110,254
139,94,233
159,125,284
169,115,284
172,108,280
179,151,330
177,158,335
170,163,333
153,165,318
158,116,274
213,153,366
228,118,346
185,106,291
173,94,267
113,111,224
156,106,262
151,126,277
165,107,272
171,90,261
177,120,297
160,117,277
156,113,269
168,93,261
156,97,253
155,95,250
127,98,225
119,97,216
122,104,226
117,107,224
126,102,228
141,97,238
128,105,233
119,108,227
114,103,217
124,99,223
96,99,195
127,102,229
119,107,226
123,145,268
103,143,246
121,144,265
137,128,265
139,122,261
135,119,254
114,121,235
103,145,248
125,166,291
115,184,299
168,148,316
166,145,311
193,124,317
154,136,290
155,130,285
159,141,300
137,152,289
92,167,259
126,182,308
102,182,284
133,184,317
121,219,340
143,189,332
161,177,338
152,187,339
172,150,322
154,140,294
170,134,304
151,125,276
149,129,278
161,119,280
164,153,317
196,127,323
191,119,310
181,120,301
164,121,285
180,127,307
217,115,332
210,126,336
204,127,331
159,137,296
126,171,297
115,176,291
134,170,304
132,170,302
161,146,307
165,141,306
175,147,322
147,155,302
142,149,291
145,144,289
155,154,309
153,185,338
126,188,314
128,177,305
120,178,298
156,145,301
154,128,282
155,116,271
148,100,248
149,113,262
154,102,256
162,131,293
163,121,284
156,121,277
137,113,250
133,96,229
138,91,229
110,98,208
127,108,235
108,116,224
126,115,241
109,111,220
123,96,219
136,86,222
137,89,226
130,86,216
122,79,201
116,104,220
123,124,247
121,135,256
124,134,258
121,134,255
120,146,266
109,154,263
119,153,272
124,156,280
125,171,296
123,175,298
101,179,280
124,169,293
133,169,302
107,152,259
151,141,292
149,137,286
136,134,270
107,135,242
126,131,257
120,129,249
129,120,249
127,114,241
117,111,228
119,118,237
123,122,245
124,120,244
127,113,240
130,111,241
112,118,230
124,114,238
128,105,233
132,103,235
102,98,200
125,97,222
122,102,224
100,102,202
129,113,242
128,121,249
135,134,269
119,143,262
122,135,257
129,136,265
126,136,262
124,133,257
114,135,249
123,131,254
121,137,258
123,141,264
124,142,266
118,148,266
118,143,261
138,126,264
173,95,268
173,150,323
193,144,337
146,156,302
151,153,304
109,150,259
128,153,281
124,156,280
126,154,280
126,146,272
128,145,273
128,142,270
90,137,227
121,137,258
124,133,257
121,133,254
123,129,252
123,129,252
121,122,243
115,117,232
130,102,232
127,96,223
134,91,225
123,90,213
127,87,214
127,76,203
129,115,244
132,121,253
132,106,238
131,116,247
126,117,243
126,120,246
132,116,248
115,128,243
125,131,256
109,140,249
127,171,298
127,193,320
127,202,329
125,197,322
128,194,322
168,157,325
162,150,312
163,147,310
124,146,270
118,150,268
122,147,269
122,154,276
129,166,295
130,177,307
115,201,316
122,214,336
116,215,331
138,198,336
167,188,355
188,167,355
170,141,311
188,132,320
149,136,285
142,138,280
140,133,273
145,136,281
177,99,276
177,93,270
175,88,263
129,88,217
124,116,240
127,108,235
133,112,245
131,126,257
118,129,247
122,127,249
124,120,244
128,109,237
135,96,231
130,92,222
132,94,226
123,101,224
122,109,231
122,107,229
121,102,223
124,105,229
125,102,227
123,100,223
120,96,216
125,94,219
129,91,220
130,86,216
129,112,241
134,112,246
128,114,242
128,114,242
121,114,235
125,117,242
123,130,253
123,138,261
123,138,261
125,134,259
121,128,249
117,125,242
125,132,257
122,132,254
116,128,244
127,126,253
128,118,246
122,113,235
126,107,233
121,102,223
114,100,214
123,98,221
124,95,219
131,89,220
129,88,217
128,89,217
122,83,205
122,101,223
127,102,229
126,103,229
121,106,227
120,117,237
124,124,248
121,125,246
122,122,244
125,121,246
123,126,249
120,126,246
123,124,247
124,121,245
127,112,239
126,106,232
126,102,228
123,103,226
119,103,222
124,98,222
122,93,215
123,87,210
122,100,222
128,93,221
128,85,213
124,86,210
124,81,205
124,104,228
128,181,309
127,247,374
123,258,381
121,266,387
158,251,409
231,197,428
247,203,450
220,200,420
144,198,342
165,171,336
152,174,326
173,154,327
153,140,293
170,131,301
157,124,281
153,114,267
146,100,246
146,94,240
145,97,242
158,105,263
165,92,257
148,91,239
139,128,267
154,112,266
164,106,270
167,131,298
171,106,277
169,93,262
164,95,259
142,111,253
140,114,254
137,113,250
136,107,243
127,101,228
124,95,219
122,89,211
121,84,205
128,113,241
126,124,250
139,137,276
140,130,270
131,125,256
131,108,239
127,102,229
113,97,210
129,89,218
125,79,204
126,93,219
129,88,217
132,82,214
137,107,244
128,113,241
131,112,243
130,115,245
127,126,253
129,126,255
124,120,244
127,110,237
133,100,233
130,93,223
128,93,221
127,90,217
130,80,210
130,98,228
130,105,235
126,111,237
128,107,235
132,103,235
131,110,241
121,116,237
116,197,313
254,119,373
272,111,383
282,127,409
182,107,289
173,101,274
183,115,298
144,120,264
152,125,277
144,122,266
140,121,261
154,111,265
148,96,244
130,124,254
152,113,265
133,105,238
131,100,231
121,91,212
124,85,209
134,114,248
139,120,259
142,117,259
157,102,259
165,81,246
167,91,258
144,94,238
131,89,220
131,87,218
136,96,232
130,91,221
131,91,222
127,83,210
123,92,215
131,84,215
122,96,218
128,98,226
123,96,219
134,99,233
128,96,224
124,99,223
128,100,228
126,107,233
151,142,293
166,127,293
173,117,290
141,123,264
133,144,277
119,150,269
122,149,271
127,140,267
124,132,256
129,130,259
124,127,251
121,123,244
122,117,239
132,104,236
129,99,228
133,96,229
124,92,216
119,90,209
125,87,212
123,85,208
117,82,199
122,91,213
121,91,212
128,90,218
128,96,224
129,93,222
125,93,218
128,111,239
130,107,237
143,96,239
141,96,237
129,95,224
115,93,208
120,93,213
119,92,211
121,88,209
122,87,209
121,85,206
115,86,201
122,86,208
120,86,206
122,84,206
121,83,204
125,99,224
124,97,221
125,95,220
123,92,215
123,95,218
123,102,225
124,110,234
125,115,240
124,120,244
123,133,256
123,151,274
123,160,283
124,164,288
130,163,293
129,168,297
120,179,299
122,197,319
125,193,318
143,170,313
163,142,305
169,132,301
149,122,271
138,110,248
137,100,237
145,84,229
145,119,264
142,111,253
139,104,243
137,95,232
130,81,211
138,111,249
138,108,246
135,97,232
138,84,222
134,114,248
140,105,245
137,96,233
135,91,226
130,81,211
137,173,310
138,169,307
129,166,295
134,162,296
80,153,233
114,148,262
136,144,280
135,139,274
137,129,266
138,118,256
140,105,245
141,93,234
137,82,219
139,114,253
138,106,244
139,104,243
136,98,234
140,143,283
161,121,282
188,120,308
189,117,306
172,113,285
161,177,338
171,160,331
187,160,347
174,177,351
110,170,280
136,172,308
150,151,301
149,129,278
151,121,272
155,104,259
150,90,240
128,116,244
119,124,243
140,125,265
138,129,267
164,114,278
184,97,281
161,133,294
160,128,288
159,126,285
141,122,263
146,113,259
165,97,262
129,107,236
162,103,265
143,97,240
150,106,256
146,96,242
159,167,326
153,182,335
142,182,324
165,138,303
135,124,259
178,101,279
162,86,248
142,107,249
118,102,220
127,92,219
132,179,311
164,167,331
147,182,329
147,196,343
102,199,301
135,184,319
152,170,322
183,184,367
172,176,348
148,168,316
131,153,284
137,140,277
126,125,251
145,115,260
128,117,245
123,100,223
151,93,244
154,170,324
130,168,298
133,204,337
138,201,339
86,201,287
142,173,315
171,155,326
175,106,281
186,97,283
152,92,244
127,85,212
132,150,282
138,141,279
169,113,282
166,110,276
136,110,246
129,100,229
144,114,258
128,109,237
145,103,248
139,106,245
133,105,238
151,85,236
134,106,240
151,111,262
129,104,233
138,89,227
147,121,268
147,140,287
132,139,271
140,132,272
128,138,266
119,163,282
130,165,295
134,157,291
145,137,282
161,119,280
151,108,259
131,105,236
132,102,234
105,95,200
135,140,275
137,146,283
154,139,293
156,116,272
164,110,274
162,106,268
162,140,302
177,132,309
177,159,336
182,170,352
172,147,319
183,142,325
162,147,309
190,150,340
193,164,357
223,142,365
206,124,330
217,108,325
175,101,276
153,110,263
132,115,247
112,121,233
117,134,251
116,145,261
121,140,261
127,128,255
140,112,252
160,108,268
162,117,279
136,120,256
134,110,244
122,104,226
106,111,217
118,115,233
118,103,221
136,93,229
115,95,210
104,100,204
120,105,225
128,95,223
128,89,217
117,102,219
112,105,217
122,123,245
127,132,259
128,137,265
118,152,270
123,159,282
119,170,289
123,191,314
114,198,312
121,193,314
134,176,310
174,129,303
229,147,376
249,116,365
198,114,312
172,118,290
145,120,265
149,126,275
178,114,292
175,162,337
190,143,333
183,145,328
153,182,335
113,179,292
129,177,306
118,165,283
155,138,293
180,100,280
185,86,271
178,122,300
144,118,262
147,103,250
143,139,282
138,143,281
129,131,260
136,134,270
153,131,284
150,135,285
148,156,304
153,147,300
153,123,276
164,98,262
150,96,246
162,133,295
148,141,289
179,130,309
205,126,331
226,108,334
205,154,359
189,147,336
165,150,315
155,181,336
99,188,287
115,188,303
129,197,326
156,179,335
196,154,350
228,145,373
247,110,357
204,93,297
194,173,367
176,161,337
175,169,344
160,183,343
120,178,298
180,160,340
192,149,341
197,122,319
204,147,351
207,127,334
184,134,318
149,128,277
125,105,230
150,99,249
145,132,277
155,121,276
182,98,280
174,94,268
165,87,252
131,97,228
137,85,222
147,123,270
130,116,246
145,108,253
139,100,239
141,121,262
154,124,278
117,114,231
135,107,242
124,103,227
96,101,197
104,99,203
108,116,224
118,130,248
123,131,254
127,158,285
108,171,279
125,180,305
116,304,420
128,310,438
111,305,416
194,259,453
298,154,452
302,133,435
232,119,351
166,125,291
186,106,292
196,84,280
188,107,295
163,108,271
157,96,253
156,90,246
151,110,261
146,101,247
131,101,232
143,85,228
140,103,243
124,111,235
133,107,240
138,98,236
142,97,239
146,98,244
145,139,284
162,103,265
173,98,271
165,132,297
151,128,279
139,122,261
144,114,258
128,105,233
136,107,243
140,102,242
142,90,232
148,110,258
142,103,245
161,113,274
166,104,270
152,95,247
145,120,265
144,129,273
144,129,273
121,116,237
119,108,227
127,103,230
118,111,229
125,103,228
145,125,270
158,109,267
153,96,249
157,111,268
149,120,269
114,120,234
129,109,238
143,92,235
137,85,222
135,129,264
110,125,235
145,109,254
135,101,236
125,100,225
122,119,241
143,109,252
152,96,248
158,88,246
143,114,257
142,109,251
137,98,235
135,160,295
154,250,404
284,136,420
263,142,405
193,155,348
108,148,256
144,129,273
139,124,263
144,107,251
168,137,305
178,110,288
182,100,282
147,94,241
109,88,197
127,103,230
121,119,240
115,106,221
137,93,230
137,98,235
110,104,214
121,112,233
122,111,233
112,110,222
126,105,231
121,96,217
133,83,216
104,130,234
145,126,271
120,132,252
126,130,256
115,122,237
134,142,276
130,168,298
120,172,292
138,170,308
145,162,307
133,150,283
130,156,286
137,165,302
119,173,292
136,177,313
135,186,321
118,175,293
137,163,300
140,154,294
137,133,270
137,123,260
129,110,239
131,113,244
122,102,224
142,90,232
129,120,249
126,113,239
135,106,241
119,109,228
105,106,211
124,102,226
124,96,220
122,96,218
121,101,222
129,96,225
144,113,257
147,106,253
157,89,246
129,86,215
116,81,197
104,101,205
125,102,227
120,102,222
127,96,223
128,92,220
139,101,240
130,104,234
133,119,252
129,122,251
122,114,236
130,107,237
134,97,231
141,89,230
124,85,209
125,79,204
125,126,251
130,121,251
135,126,261
129,122,251
109,126,235
123,134,257
116,147,263
118,142,260
129,135,264
129,124,253
140,110,250
140,100,240
133,103,236
131,115,246
139,130,269
150,122,272
152,122,274
143,123,266
134,117,251
136,112,248
121,106,227
128,93,221
129,87,216
125,82,207
125,102,227
122,106,228
131,108,239
132,101,233
135,92,227
134,91,225
122,85,207
116,88,204
120,87,207
123,88,211
125,86,211
121,86,207
121,90,211
120,90,210
119,106,225
131,121,252
133,122,255
134,113,247
123,105,228
128,98,226
122,95,217
132,87,219
139,97,236
137,94,231
136,94,230
125,103,228
120,105,225
126,105,231
131,94,225
130,91,221
136,80,216
135,90,225
137,82,219
132,104,236
133,100,233
134,97,231
132,95,227
130,95,225
135,94,229
125,87,212
132,84,216
127,101,228
125,107,232
155,124,279
160,119,279
169,104,273
148,119,267
165,104,269
158,121,279
164,97,261
135,97,232
143,94,237
119,91,210
121,92,213
121,89,210
120,90,210
121,106,227
125,111,236
127,123,250
123,128,251
129,154,283
129,157,286
112,155,267
117,148,265
117,162,279
105,173,278
122,198,320
125,207,332
129,211,340
140,185,325
156,182,338
170,165,335
142,166,308
132,170,302
114,165,279
118,162,280
136,148,284
141,138,279
163,133,296
146,140,286
130,140,270
127,129,256
131,119,250
155,89,244
154,124,278
159,114,273
162,89,251
156,97,253
158,91,249
146,101,247
144,103,247
145,98,243
151,94,245
142,83,225
140,120,260
147,110,257
146,119,265
144,117,261
121,118,239
127,123,250
123,132,255
124,148,272
117,150,267
126,150,276
120,145,265
122,145,267
122,142,264
121,135,256
120,135,255
123,141,264
123,143,266
124,144,268
122,151,273
121,152,273
124,160,284
122,181,303
125,195,320
113,195,308
147,167,314
143,174,317
166,151,317
155,138,293
156,130,286
148,116,264
145,115,260
159,96,255
142,102,244
143,102,245
130,90,220
130,92,222
124,89,213
116,91,207
120,85,205
119,83,202
123,102,225
120,103,223
127,100,227
123,99,222
115,93,208
123,93,216
115,96,211
123,95,218
121,98,219
128,99,227
127,98,225
131,96,227
125,96,221
121,93,214
124,88,212
122,87,209
126,82,208
121,80,201
120,100,220
123,106,229
122,109,231
121,110,231
115,117,232
121,118,239
124,117,241
123,115,238
129,139,268
131,147,278
122,146,268
130,137,267
140,145,285
139,150,289
134,139,273
130,143,273
143,141,284
134,148,282
135,150,285
130,151,281
136,150,286
135,149,284
131,152,283
133,154,287
133,159,292
138,161,299
135,168,303
130,171,301
125,179,304
125,186,311
143,175,318
146,172,318
148,178,326
127,175,302
136,184,320
138,177,315
136,177,313
126,172,298
202,101,303
216,91,307
218,95,313
146,97,243
133,100,233
133,102,235
129,103,232
130,106,236
132,111,243
133,116,249
128,124,252
124,130,254
125,134,259
125,139,264
125,146,271
128,150,278
132,153,285
134,159,293
132,164,296
129,164,293
125,171,296
122,172,294
122,180,302
122,183,305
135,179,314
135,178,313
144,178,322
133,180,313
141,183,324
133,177,310
141,168,309
132,166,298
200,102,302
203,99,302
209,97,306
147,98,245
136,102,238
132,105,237
131,110,241
128,117,245
130,122,252
128,120,248
128,127,255
125,133,258
124,160,284
124,182,306
123,189,312
145,164,309
159,141,300
193,103,296
201,151,352
206,140,346
170,130,300
160,114,274
122,122,244
150,134,284
134,121,255
137,132,269
123,152,275
94,162,256
114,167,281
139,158,297
142,154,296
144,158,302
124,161,285
107,155,262
128,157,285
138,149,287
129,154,283
107,159,266
116,173,289
134,176,310
142,174,316
140,187,327
152,200,352
122,211,333
106,219,325
182,180,362
198,163,361
196,142,338
174,124,298
150,112,262
120,97,217
155,124,279
161,110,271
162,190,352
167,241,408
204,212,416
223,205,428
228,203,431
174,199,373
158,188,346
159,174,333
155,154,309
157,143,300
162,136,298
171,100,271
168,89,257
148,84,232
105,81,186
118,101,219
124,107,231
117,118,235
119,124,243
120,119,239
115,155,270
102,167,269
129,184,313
113,201,314
124,213,337
107,220,327
172,153,325
197,126,323
207,109,316
166,89,255
158,161,319
180,127,307
167,114,281
153,108,261
111,98,209
137,157,294
147,137,284
158,137,295
183,132,315
183,91,274
206,160,366
193,145,338
145,132,277
151,121,272
119,100,219
161,133,294
148,131,279
165,118,283
168,98,266
159,100,259
149,119,268
111,128,239
148,126,274
142,126,268
120,133,253
118,146,264
120,144,264
132,150,282
140,136,276
151,123,274
173,124,297
186,119,305
197,140,337
177,171,348
213,149,362
202,157,359
196,164,360
150,171,321
167,174,341
157,209,366
160,203,363
170,168,338
217,139,356
248,103,351
229,87,316
181,109,290
138,108,246
141,97,238
136,97,233
132,156,288
134,158,292
141,166,307
139,152,291
107,131,238
141,119,260
155,108,263
141,131,272
156,232,388
250,145,395
292,142,434
277,122,399
168,108,276
169,136,305
166,116,282
178,109,287
168,162,330
159,150,309
146,151,297
157,152,309
107,141,248
133,147,280
137,140,277
128,143,271
142,132,274
134,144,278
128,162,290
113,158,271
127,159,286
132,154,286
125,152,277
131,157,288
130,153,283
118,153,271
122,172,294
136,156,292
136,160,296
140,177,317
130,192,322
136,199,335
149,214,363
132,210,342
144,204,348
154,192,346
165,180,345
172,168,340
153,178,331
134,179,313
120,182,302
140,167,307
151,185,336
154,192,346
162,196,358
157,180,337
163,165,328
172,145,317
171,120,291
176,102,278
168,170,338
157,165,322
162,143,305
181,109,290
196,130,326
182,147,329
167,151,318
168,140,308
172,142,314
203,124,327
185,149,334
156,162,318
120,180,300
127,183,310
147,192,339
143,200,343
124,207,331
141,214,355
159,230,389
154,244,398
164,216,380
167,198,365
196,161,357
204,117,321
216,106,322
193,99,292
155,132,287
162,118,280
164,103,267
161,97,258
143,129,272
166,107,273
171,142,313
190,129,319
199,187,386
219,173,392
219,181,400
178,198,376
102,205,307
170,183,353
215,143,358
268,128,396
255,119,374
231,92,323
182,94,276
161,124,285
139,125,264
159,116,275
171,128,299
209,121,330
192,155,347
204,132,336
166,130,296
160,125,285
115,116,231
135,112,247
125,122,247
120,130,250
127,125,252
134,140,274
135,135,270
140,120,260
145,101,246
156,89,245
140,115,255
149,149,298
151,139,290
154,129,283
139,121,260
127,108,235
107,113,220
135,108,243
128,97,225
130,92,222
132,102,234
138,91,229
139,89,228
110,117,227
133,106,239
137,99,236
141,101,242
148,99,247
150,95,245
144,93,237
149,145,294
142,141,283
142,155,297
143,154,297
125,155,280
140,157,297
147,170,317
155,165,320
152,159,311
139,147,286
145,139,284
140,142,282
110,165,275
125,179,304
132,183,315
136,182,318
122,177,299
139,159,298
151,150,301
142,146,288
135,137,272
131,132,263
107,125,232
126,107,233
133,93,226
130,87,217
131,122,253
131,107,238
148,90,238
152,108,260
137,115,252
138,109,247
150,95,245
151,86,237
136,100,236
133,114,247
130,116,246
121,115,236
125,109,234
124,102,226
130,104,234
131,98,229
141,82,223
131,83,214
120,147,267
152,117,269
162,111,273
181,107,288
153,98,251
156,120,276
154,108,262
150,100,250
165,115,280
155,107,262
155,115,270
168,119,287
185,120,305
188,104,292
183,107,290
168,126,294
183,95,278
157,85,242
159,92,251
135,116,251
139,102,241
142,100,242
149,103,252
147,91,238
151,116,267
156,118,274
156,125,281
134,128,262
141,127,268
147,110,257
151,111,262
138,121,259
129,130,259
125,143,268
130,147,277
130,155,285
118,168,286
124,200,324
122,207,329
133,207,340
136,191,327
187,135,322
198,95,293
222,107,329
173,115,288
145,133,278
128,162,290
123,179,302
126,182,308
123,196,319
137,198,335
148,191,339
142,188,330
157,172,329
148,174,322
144,173,317
131,183,314
137,191,328
132,195,327
141,186,327
151,166,317
167,151,318
154,150,304
145,141,286
149,135,284
183,136,319
193,134,327
170,141,311
130,135,265
138,117,255
137,114,251
135,110,245
124,111,235
121,114,235
121,110,231
107,107,214
120,106,226
120,109,229
121,104,225
125,101,226
116,103,219
110,124,234
154,104,258
170,116,286
164,117,281
143,148,291
183,103,286
183,89,272
171,125,296
143,124,267
134,113,247
141,108,249
132,109,241
128,106,234
122,109,231
122,113,235
127,106,233
130,111,241
128,110,238
112,113,225
120,113,233
117,104,221
125,111,236
123,114,237
135,106,241
134,123,257
114,140,254
127,155,282
119,171,290
126,172,298
125,175,300
131,171,302
141,172,313
136,168,304
137,146,283
153,130,283
153,131,284
138,132,270
127,146,273
132,158,290
137,162,299
157,148,305
171,132,303
166,119,285
155,106,261
168,91,259
150,94,244
144,96,240
127,93,220
134,86,220
136,93,229
135,89,224
129,108,237
135,107,242
137,96,233
153,90,243
143,92,235
138,136,274
151,105,256
165,96,261
167,87,254
146,110,256
164,117,281
167,109,276
169,98,267
143,93,236
138,110,248
144,124,268
153,105,258
159,89,248
171,92,263
142,97,239
129,110,239
152,106,258
163,103,266
180,134,314
169,121,290
163,130,293
163,145,308
129,155,284
126,157,283
125,151,276
121,148,269
121,139,260
128,134,262
127,133,260
121,129,250
115,128,243
116,129,245
121,128,249
127,125,252
120,127,247
124,127,251
135,118,253
137,115,252
129,114,243
119,109,228
125,119,244
122,290,412
108,290,398
132,305,437
190,258,448
265,190,455
240,175,415
178,168,346
158,160,318
159,146,305
152,145,297
160,143,303
161,131,292
163,125,288
140,122,262
130,110,240
129,116,245
136,126,262
130,128,258
130,123,253
122,135,257
128,147,275
138,160,298
142,159,301
145,158,303
99,165,264
122,171,293
129,198,327
127,202,329
126,229,355
128,218,346
170,188,358
191,157,348
220,118,338
198,104,302
185,98,283
166,114,280
162,107,269
158,99,257
157,87,244
150,100,250
138,89,227
149,116,265
170,91,261
165,100,265
163,97,260
147,117,264
168,99,267
157,95,252
142,101,243
116,100,216
133,82,215
133,82,215
123,135,258
136,144,280
139,143,282
143,171,314
128,173,301
136,193,329
135,211,346
127,220,347
138,209,347
150,189,339
166,177,343
158,191,349
149,193,342
135,196,331
138,190,328
165,153,318
180,143,323
177,143,320
149,142,291
143,144,287
141,143,284
148,155,303
150,144,294
151,134,285
167,109,276
168,88,256
175,123,298
165,128,293
188,114,302
185,105,290
178,109,287
150,104,254
146,106,252
149,103,252
141,104,245
143,101,244
143,105,248
142,106,248
144,105,249
145,108,253
143,103,246
145,117,262
157,101,258
160,121,281
169,107,276
162,96,258
158,114,272
151,104,255
151,106,257
146,105,251
141,103,244
144,106,250
144,102,246
143,154,297
164,241,405
286,135,421
298,138,436
224,135,359
163,133,296
168,133,301
161,132,293
150,138,288
144,141,285
148,134,282
152,135,287
143,141,284
143,141,284
142,142,284
142,148,290
136,155,291
140,154,294
141,156,297
142,156,298
142,158,300
143,158,301
143,155,298
140,153,293
141,156,297
144,153,297
148,153,301
150,157,307
148,155,303
139,159,298
139,157,296
136,153,289
141,157,298
143,153,296
145,148,293
144,148,292
144,139,283
166,106,272
176,114,290
177,114,291
162,94,256
160,121,281
161,109,270
169,141,310
175,153,328
173,162,335
138,160,298
161,152,313
168,155,323
136,159,295
142,164,306
135,163,298
144,171,315
142,167,309
154,144,298
157,127,284
153,114,267
149,100,249
155,145,300
172,128,300
152,121,273
148,107,255
112,151,263
154,136,290
131,130,261
135,118,253
92,110,202
135,158,293
181,136,317
182,119,301
203,150,353
188,128,316
166,111,277
160,108,268
131,88,219
155,117,272
151,119,270
146,142,288
177,117,294
190,106,296
160,110,270
141,100,241
145,92,237
155,101,256
158,85,243
156,143,299
159,129,288
156,145,301
148,146,294
111,143,254
125,132,257
122,132,254
123,132,255
115,144,259
104,167,271
132,170,302
143,163,306
139,176,315
127,182,309
118,180,298
121,173,294
147,143,290
156,133,289
165,121,286
144,113,257
138,93,231
154,82,236
148,79,227
132,98,230
123,109,232
117,117,234
114,130,244
119,152,271
121,160,281
124,164,288
128,164,292
139,150,289
148,147,295
123,156,279
135,165,300
117,176,293
127,173,300
110,181,291
111,175,286
120,141,261
201,103,304
214,116,330
190,127,317
178,120,298
144,107,251
147,99,246
145,106,251
152,103,255
150,131,281
161,120,281
159,107,266
171,100,271
159,126,285
163,132,295
160,135,295
157,124,281
155,123,278
182,105,287
177,127,304
164,136,300
180,132,312
194,138,332
215,127,342
195,121,316
182,120,302
198,121,319
166,122,288
163,129,292
150,121,271
133,122,255
133,115,248
132,106,238
145,93,238
142,86,228
138,121,259
123,107,230
130,98,228
128,90,218
129,81,210
131,131,262
130,136,266
137,137,274
131,133,264
114,127,241
126,116,242
146,106,252
168,108,276
164,109,273
142,102,244
143,85,228
142,99,241
150,86,236
147,121,268
122,121,243
143,125,268
155,110,265
141,113,254
142,115,257
118,122,240
121,120,241
122,125,247
125,131,256
123,134,257
118,142,260
123,149,272
122,158,280
116,155,271
121,171,292
122,182,304
125,180,305
121,175,296
149,147,296
118,147,265
149,143,292
123,136,259
119,131,250
121,128,249
91,124,215
123,119,242
122,118,240
125,112,237
121,108,229
124,104,228
123,114,237
124,113,237
114,106,220
132,102,234
109,119,228
126,126,252
122,125,247
113,135,248
116,136,252
126,131,257
128,126,254
140,115,255
138,114,252
131,110,241
124,108,232
122,102,224
100,96,196
123,97,220
123,127,250
124,142,266
150,111,261
173,104,277
189,107,296
161,107,268
160,124,284
159,96,255
159,102,261
167,93,260
145,123,268
159,101,260
160,97,257
149,108,257
136,116,252
154,122,276
168,119,287
166,133,299
140,135,275
127,134,261
120,129,249
128,119,247
129,108,237
131,102,233
124,96,220
122,87,209
131,79,210
134,89,223
132,85,217
128,98,226
128,97,225
127,107,234
128,107,235
126,122,248
149,108,257
160,101,261
172,121,293
175,106,281
177,133,310
188,142,330
174,157,331
170,153,323
163,166,329
182,158,340
193,154,347
232,104,336
209,113,322
201,98,299
147,116,263
163,127,290
152,133,285
170,136,306
158,116,274
164,110,274
143,104,247
117,99,216
126,90,216
129,81,210
133,107,240
125,111,236
133,111,244
127,113,240
123,108,231
128,113,241
125,116,241
122,114,236
125,119,244
120,112,232
128,106,234
119,110,229
124,110,234
125,104,229
118,98,216
110,91,201
122,88,210
120,84,204
131,93,224
131,93,224
139,106,245
135,114,249
133,110,243
125,106,231
120,99,219
128,92,220
128,85,213
125,88,213
132,81,213
131,107,238
123,107,230
133,103,236
134,116,250
130,112,242
127,103,230
133,94,227
134,88,222
132,80,212
125,89,214
122,83,205
128,99,227
134,107,241
127,105,232
139,97,236
139,85,224
136,102,238
147,88,235
135,107,242
146,183,329
132,246,378
130,252,382
147,237,384
197,199,396
244,162,406
225,138,363
188,127,315
146,117,263
134,111,245
133,102,235
126,94,220
144,139,283
145,132,277
147,119,266
154,93,247
140,128,268
148,117,265
153,107,260
141,107,248
126,98,224
148,124,272
152,120,272
146,106,252
145,103,248
148,95,243
147,89,236
147,124,271
142,116,258
143,108,251
160,102,262
151,100,251
154,94,248
141,93,234
137,91,228
136,95,231
128,93,221
126,94,220
135,93,228
131,87,218
135,104,239
135,103,238
130,103,233
132,107,239
126,108,234
126,109,235
133,106,239
134,98,232
125,94,219
127,84,211
126,77,203
130,101,231
124,101,225
123,98,221
127,98,225
123,96,219
127,94,221
127,93,220
129,90,219
130,88,218
134,83,217
133,96,229
126,93,219
123,93,216
132,82,214
135,101,236
137,117,254
135,111,246
136,100,236
131,93,224
133,87,220
126,83,209
126,105,231
128,109,237
134,103,237
132,103,235
128,94,222
125,90,215
123,92,215
122,123,245
136,104,240
146,101,247
147,93,240
123,93,216
122,88,210
122,97,219
121,99,220
121,97,218
124,97,221
124,105,229
116,102,218
119,105,224
116,109,225
126,113,239
129,119,248
112,116,228
118,122,240
133,119,252
124,119,243
130,117,247
124,120,244
121,126,247
123,131,254
131,117,248
136,116,252
134,120,254
116,129,245
114,152,266
113,177,290
126,180,306
133,177,310
141,183,324
129,195,324
125,192,317
146,191,337
138,193,331
147,184,331
144,178,322
149,172,321
135,182,317
130,188,318
128,175,303
127,174,301
155,148,303
164,120,284
176,106,282
152,101,253
135,110,245
145,121,266
151,116,267
145,105,250
136,95,231
141,83,224
139,99,238
140,97,237
134,209,343
266,115,381
280,119,399
276,128,404
142,129,271
128,118,246
143,110,253
139,105,244
137,103,240
125,100,225
124,99,223
122,96,218
119,95,214
123,95,218
122,92,214
121,92,213
124,90,214
129,83,212
136,89,225
131,89,220
117,89,206
122,85,207
115,84,199
120,81,201
120,79,199
124,88,212
121,84,205
119,87,206
122,85,207
116,86,202
121,92,213
121,92,213
121,87,208
126,83,209
126,98,224
127,120,247
125,133,258
119,161,280
122,157,279
123,158,281
130,147,277
127,140,267
134,132,266
127,130,257
126,125,251
123,119,242
119,116,235
124,110,234
120,104,224
116,97,213
122,92,214
121,87,208
122,102,224
121,112,233
124,130,254
128,136,264
121,157,278
129,171,300
129,177,306
145,161,306
139,149,288
137,143,280
125,143,268
122,153,275
121,148,269
124,145,269
121,140,261
121,135,256
119,138,257
122,142,264
119,142,261
129,132,261
130,124,254
132,118,250
127,112,239
118,107,225
113,100,213
123,96,219
116,91,207
124,88,212
122,87,209
113,87,200
122,87,209
125,84,209
127,93,220
123,108,231
123,114,237
122,118,240
126,127,253
121,139,260
122,149,271
120,161,281
126,156,282
125,161,286
132,159,291
131,155,286
130,152,282
124,148,272
122,159,281
120,157,277
122,155,277
126,147,273
126,146,272
123,141,264
121,137,258
122,132,254
123,132,255
118,126,244
123,121,244
121,121,242
114,118,232
114,114,228
116,108,224
124,104,228
122,99,221
120,96,216
122,93,215
119,86,205
123,82,205
121,80,201
121,77,198
123,93,216
120,119,239
125,210,335
176,166,342
201,151,352
241,148,389
213,96,309
166,106,272
189,139,328
178,95,273
173,130,303
183,150,333
188,86,274
192,86,278
152,92,244
120,104,224
125,112,237
120,107,227
120,101,221
132,92,224
130,86,216
132,84,216
119,80,199
118,105,223
121,110,231
122,119,241
121,142,263
114,152,266
122,146,268
125,145,270
125,139,264
123,145,268
125,139,264
122,132,254
124,137,261
127,150,277
118,154,272
122,155,277
122,161,283
120,163,283
121,162,283
123,162,285
121,169,290
125,212,337
116,209,325
124,206,330
155,176,331
186,156,342
185,176,361
134,185,319
125,197,322
146,178,324
159,217,376
165,235,400
130,236,366
148,227,375
177,201,378
194,184,378
172,180,352
161,180,341
143,183,326
134,187,321
147,178,325
153,174,327
153,178,331
141,174,315
134,178,312
135,181,316
135,184,319
144,178,322
144,174,318
142,176,318
134,180,314
134,183,317
141,179,320
142,179,321
140,183,323
135,186,321
147,176,323
154,172,326
154,185,339
141,183,324
132,189,321
132,192,324
148,180,328
156,176,332
157,182,339
141,178,319
133,183,316
136,185,321
139,185,324
146,178,324
144,183,327
140,187,327
144,179,323
152,176,328
153,178,331
141,179,320
133,184,317
133,187,320
144,180,324
152,176,328
153,172,325
140,177,317
132,182,314
132,178,310
138,177,315
139,181,320
140,185,325
139,178,317
140,182,322
140,186,326
141,183,324
148,178,326
148,182,330
142,181,323
135,183,318
134,188,322
144,182,326
151,178,329
151,188,339
140,227,367
133,229,362
133,236,369
152,228,380
189,181,370
206,154,360
203,127,330
190,130,320
140,204,344
187,167,354
232,158,390
211,126,337
183,121,304
146,151,297
171,163,334
150,178,328
199,184,383
163,220,383
153,191,344
209,185,394
204,191,395
185,177,362
135,247,382
195,249,444
163,273,436
144,239,383
196,228,424
256,142,398
273,216,489
355,189,544
271,164,435
229,187,416
137,197,334
150,199,349
136,169,305
165,172,337
131,167,298
158,187,345
109,202,311
154,187,341
156,193,349
144,219,363
182,208,390
133,218,351
193,167,360
161,164,325
126,179,305
156,154,310
162,137,299
153,93,246
173,87,260
109,82,191
122,76,198
122,124,246
125,146,271
132,154,286
133,160,293
131,176,307
116,175,291
134,177,311
118,187,305
151,164,315
176,122,298
159,149,308
171,164,335
131,181,312
115,201,316
150,334,484
146,346,492
152,348,500
207,277,484
305,205,510
302,214,516
226,216,442
177,167,344
189,141,330
203,126,329
158,115,273
139,107,246
153,100,253
149,100,249
133,152,285
155,140,295
173,155,328
211,117,328
189,113,302
197,181,378
186,176,362
189,175,364
190,196,386
149,204,353
171,200,371
176,215,391
172,209,381
162,209,371
154,213,367
191,171,362
222,141,363
232,117,349
195,98,293
165,118,283
148,110,258
157,94,251
149,200,349
157,192,349
135,193,328
155,174,329
86,164,250
137,147,284
169,148,317
150,136,286
153,123,276
145,118,263
155,109,264
153,151,304
171,125,296
144,135,279
165,142,307
117,170,287
140,190,330
118,183,301
130,178,308
132,175,307
152,144,296
171,148,319
173,147,320
132,144,276
130,145,275
129,141,270
130,136,266
126,138,264
119,143,262
114,142,256
118,138,256
148,108,256
147,109,256
171,148,319
169,155,324
175,172,347
180,155,335
158,154,312
154,137,291
153,117,270
144,108,252
142,102,244
134,99,233
116,123,239
151,116,267
159,95,254
158,78,236
146,105,251
138,85,223
139,145,284
148,140,288
135,137,272
148,138,286
134,130,264
154,134,288
117,148,265
130,161,291
130,161,291
121,174,295
134,166,300
127,158,285
114,161,275
123,198,321
96,220,316
126,220,346
120,204,324
173,162,335
186,141,327
191,118,309
161,137,298
180,101,281
173,116,289
160,121,281
153,114,267
149,126,275
156,136,292
193,108,301
193,120,313
195,105,300
163,99,262
154,89,243
150,143,293
167,123,290
173,112,285
193,142,335
189,164,353
193,154,347
197,133,330
193,105,298
196,114,310
172,116,288
143,116,259
178,135,313
198,111,309
181,99,280
157,85,242
127,117,244
152,128,280
136,101,237
178,85,263
160,107,267
153,111,264
133,112,245
114,119,233
122,118,240
102,112,214
118,111,229
136,93,229
133,84,217
118,78,196
108,121,229
116,110,226
144,94,238
144,83,227
131,155,286
116,214,330
284,137,421
300,138,438
290,133,423
180,103,283
176,84,260
167,105,272
118,105,223
94,100,194
125,108,233
120,126,246
87,134,221
125,148,273
128,158,286
129,174,303
131,175,306
131,172,303
126,172,298
121,154,275
133,169,302
128,167,295
111,164,275
123,156,279
137,133,270
127,117,244
173,102,275
140,102,242
132,99,231
135,84,219
138,114,252
143,131,274
137,133,270
139,136,275
140,136,276
129,128,257
143,115,258
145,120,265
143,122,265
130,119,249
136,105,241
138,90,228
144,128,272
173,141,314
184,129,313
154,133,287
152,138,290
121,145,266
99,179,278
136,174,310
120,168,288
126,165,291
164,118,282
179,99,278
193,86,279
123,130,253
147,123,270
146,118,264
132,112,244
131,98,229
134,117,251
141,128,269
171,117,288
180,99,279
153,139,292
137,127,264
153,114,267
154,96,250
153,121,274
151,127,278
113,126,239
128,129,257
112,130,242
124,160,284
124,170,294
115,174,289
124,187,311
124,192,316
107,193,300
145,194,339
156,173,329
146,165,311
147,165,312
142,143,285
147,133,280
184,103,287
174,78,252
164,126,290
147,127,274
126,114,240
138,103,241
119,93,212
97,124,221
123,130,253
147,136,283
131,138,269
127,144,271
103,137,240
146,123,269
157,100,257
173,97,270
152,97,249
111,92,203
134,151,285
134,143,277
139,130,269
137,121,258
85,115,200
119,110,229
154,106,260
155,87,242
152,84,236
137,80,217
122,121,243
126,117,243
138,114,252
134,111,245
114,123,237
113,126,239
128,120,248
129,112,241
127,93,220
133,86,219
131,107,238
129,119,248
135,107,242
131,100,231
126,96,222
116,93,209
132,110,242
150,97,247
148,82,230
164,102,266
138,126,264
114,140,254
134,132,266
143,115,258
121,101,222
143,84,227
136,111,247
140,106,246
138,96,234
136,85,221
143,107,250
131,109,240
142,104,246
129,99,228
123,101,224
128,104,232
136,100,236
136,104,240
132,102,234
125,101,226
134,96,230
128,88,216
131,85,216
133,127,260
151,106,257
154,97,251
162,128,290
156,112,268
163,104,267
157,104,261
150,109,259
147,112,259
143,99,242
125,107,232
125,106,231
124,109,233
128,102,230
120,119,239
127,138,265
122,146,268
120,150,270
115,157,272
122,167,289
113,162,275
126,166,292
116,172,288
123,188,311
110,218,328
122,229,351
142,206,348
153,192,345
194,165,359
172,172,344
163,169,332
112,169,281
120,158,278
154,150,304
158,148,306
146,154,300
134,154,288
157,131,288
146,135,281
155,136,291
124,141,265
136,157,293
116,165,281
114,163,277
113,176,289
128,179,307
112,181,293
122,183,305
144,168,312
142,167,309
143,167,310
125,171,296
130,170,300
125,164,289
123,162,285
122,162,284
153,125,278
175,141,316
187,133,320
149,141,290
145,149,294
115,153,268
127,167,294
117,180,297
123,186,309
117,190,307
124,188,312
135,195,330
144,186,330
137,181,318
141,161,302
145,151,296
145,157,302
127,154,281
116,148,264
127,156,283
126,175,301
126,179,305
125,186,311
120,202,322
135,195,330
140,194,334
151,180,331
137,159,296
160,156,316
136,159,295
125,171,296
115,194,309
117,210,327
126,217,343
154,220,374
158,220,378
166,192,358
172,164,336
170,154,324
147,156,303
132,153,285
125,147,272
128,141,269
110,140,250
123,135,258
126,128,254
127,117,244
129,108,237
144,93,237
140,91,231
138,104,242
133,95,228
140,85,225
138,117,255
130,125,255
118,140,258
117,143,260
124,133,257
135,132,267
136,133,269
125,128,253
130,146,276
130,145,275
133,133,266
139,114,253
144,105,249
137,98,235
123,108,231
124,102,226
128,90,218
133,82,215
123,76,199
127,105,232
121,104,225
122,99,221
126,96,222
121,94,215
129,101,230
126,106,232
136,104,240
138,98,236
136,92,228
133,89,222
125,89,214
125,91,216
124,89,213
123,89,212
128,89,217
123,87,210
130,94,224
126,231,357
126,248,374
139,238,377
164,223,387
195,187,382
151,196,347
121,208,329
148,212,360
143,229,372
166,212,378
148,209,357
184,193,377
164,190,354
169,171,340
130,169,299
158,140,298
153,122,275
155,111,266
140,118,258
155,103,258
154,107,261
151,95,246
130,89,219
133,90,223
115,92,207
121,87,208
124,85,209
116,83,199
119,83,202
119,107,226
123,121,244
125,126,251
121,123,244
114,124,238
121,120,241
125,113,238
123,108,231
124,108,232
124,107,231
117,106,223
124,103,227
124,103,227
123,105,228
122,100,222
132,95,227
136,92,228
136,109,245
135,120,255
136,122,258
134,125,259
130,122,252
128,130,258
128,135,263
126,139,265
127,144,271
122,148,270
127,153,280
129,149,278
133,153,286
130,158,288
138,149,287
145,145,290
149,146,295
140,145,285
136,147,283
136,150,286
139,148,287
139,148,287
139,149,288
129,153,282
133,154,287
132,157,289
136,161,297
135,165,300
135,168,303
131,171,302
127,179,306
124,185,309
141,167,308
144,169,313
144,171,315
126,176,302
124,184,308
134,174,308
135,180,315
135,188,323
144,169,313
144,166,310
145,172,317
127,172,299
125,181,306
125,183,308
136,189,325
137,195,332
157,179,336
149,183,332
151,182,333
140,180,320
130,186,316
145,173,318
137,180,317
137,186,323
142,172,314
143,177,320
143,185,328
144,172,316
143,172,315
144,178,322
126,179,305
132,176,308
134,177,311
140,178,318
130,192,322
139,181,320
132,212,344
140,210,350
154,196,350
175,174,349
180,154,334
172,156,328
164,143,307
156,132,288
185,91,276
183,95,278
173,98,271
122,95,217
119,100,219
119,99,218
111,94,205
122,87,209
110,88,198
120,93,213
124,122,246
116,144,260
121,161,282
123,160,283
103,162,265
133,160,293
130,153,283
115,161,276
125,151,276
101,155,256
117,153,270
129,157,286
107,165,272
125,168,293
104,164,268
120,159,279
122,154,276
130,144,274
134,138,272
133,139,272
81,144,225
113,135,248
116,133,249
128,136,264
120,131,251
100,128,228
117,121,238
124,257,381
240,168,408
320,136,456
334,138,472
201,138,339
160,128,288
149,121,270
161,101,262
169,128,297
168,138,306
143,136,279
151,137,288
168,112,280
156,119,275
182,109,291
166,100,266
117,115,232
151,114,265
146,112,258
139,108,247
142,103,245
134,97,231
125,102,227
124,123,247
154,137,291
170,113,283
181,176,357
181,171,352
150,164,314
160,142,302
164,122,286
147,105,252
163,94,257
160,131,291
166,181,347
204,165,369
214,168,382
163,180,343
122,167,289
145,173,318
108,176,284
121,187,308
102,191,293
142,186,328
138,182,320
164,167,331
158,161,319
143,157,300
125,148,273
136,134,270
157,103,260
170,123,293
158,114,272
162,99,261
141,138,279
155,148,303
149,159,308
174,158,332
176,171,347
191,172,363
166,165,331
156,162,318
149,163,312
148,168,316
151,148,299
180,146,326
202,133,335
202,136,338
182,189,371
152,205,357
163,209,372
227,154,381
228,150,378
207,165,372
142,176,318
136,179,315
133,176,309
140,174,314
120,183,303
123,176,299
137,175,312
130,169,299
154,131,285
170,110,280
175,90,265
139,148,287
155,121,276
157,116,273
166,106,272
141,82,223
150,105,255
122,115,237
125,117,242
124,112,236
127,117,244
122,128,250
103,130,233
133,142,275
110,136,246
113,142,255
120,146,266
113,161,274
113,169,282
121,160,281
112,163,275
128,173,301
113,150,263
149,136,285
138,150,288
129,161,290
108,159,267
109,153,262
124,152,276
117,154,271
96,162,258
106,169,275
122,173,295
99,187,286
115,185,300
136,180,316
148,176,324
173,187,360
144,224,368
130,232,362
131,256,387
136,248,384
191,195,386
185,196,381
189,170,359
169,175,344
173,189,362
159,189,348
157,174,331
148,183,331
144,192,336
113,210,323
126,222,348
185,149,334
213,120,333
222,171,393
186,213,399
181,206,387
178,172,350
177,129,306
217,103,320
208,173,381
171,201,372
127,204,331
127,197,324
92,190,282
189,124,313
209,109,318
210,100,310
158,121,279
165,107,272
165,91,256
161,120,281
153,119,272
147,120,267
151,115,266
147,118,265
171,100,271
163,214,377
185,203,388
155,220,375
169,213,382
134,181,315
191,134,325
206,123,329
173,152,325
131,176,307
119,199,318
118,212,330
120,215,335
154,193,347
178,161,339
185,147,332
160,141,301
128,135,263
126,131,257
127,123,250
139,107,246
150,91,241
135,123,258
142,120,262
146,106,252
151,87,238
151,131,282
145,122,267
147,109,256
141,115,256
123,153,276
166,111,277
181,92,273
186,110,296
176,133,309
159,155,314
153,159,312
114,151,265
120,138,258
140,124,264
137,113,250
149,113,262
175,96,271
171,148,319
166,124,290
157,157,314
152,148,300
125,117,242
165,141,306
191,126,317
189,98,287
189,101,290
157,119,276
110,136,246
118,143,261
114,183,297
132,202,334
140,219,359
134,244,378
145,235,380
156,219,375
194,180,374
186,161,347
176,137,313
165,119,284
160,102,262
154,84,238
147,102,249
157,123,280
156,115,271
151,110,261
145,103,248
150,85,235
149,109,258
151,94,245
142,102,244
148,87,235
150,127,277
149,120,269
154,114,268
140,120,260
137,113,250
144,125,269
138,131,269
120,130,250
125,128,253
100,129,229
133,123,256
133,123,256
120,115,235
123,108,231
111,102,213
116,100,216
121,97,218
121,91,212
121,86,207
121,83,204
105,83,188
118,82,200
126,87,213
118,85,203
122,84,206
117,83,200
108,101,209
123,95,218
126,95,221
128,104,232
121,104,225
128,114,242
121,124,245
115,131,246
117,138,255
108,139,247
120,144,264
113,144,257
123,150,273
112,155,267
114,166,280
105,177,282
123,174,297
122,168,290
152,134,286
169,144,313
129,184,313
144,296,440
124,290,414
130,299,429
275,162,437
276,163,439
299,156,455
188,141,329
169,139,308
157,147,304
136,143,279
142,133,275
149,135,284
141,132,273
133,136,269
129,131,260
129,143,272
139,141,280
136,142,278
141,141,282
138,132,270
135,120,255
134,112,246
130,111,241
136,97,233
139,94,233
123,84,207
129,106,235
150,88,238
143,132,275
159,134,293
146,132,278
139,133,272
128,135,263
130,134,264
131,130,261
128,136,264
130,133,263
139,114,253
149,104,253
131,102,233
125,100,225
127,97,224
123,93,216
126,90,216
136,105,241
141,113,254
142,121,263
139,130,269
139,123,262
147,124,271
140,135,275
129,143,272
122,144,266
128,136,264
129,126,255
160,90,250
161,99,260
165,83,248
143,100,243
134,107,241
128,103,231
130,99,229
128,91,219
137,104,241
138,101,239
148,115,263
142,117,259
149,118,267
143,117,260
142,112,254
138,106,244
133,97,230
140,82,222
139,98,237
147,89,236
137,80,217
123,135,258
128,149,277
136,147,283
147,134,281
155,113,268
168,119,287
151,120,271
126,133,259
123,150,273
124,161,285
118,164,282
119,169,288
114,174,288
112,180,292
122,186,308
130,181,311
131,175,306
132,179,311
132,177,309
150,187,337
145,198,343
133,203,336
107,199,306
166,178,344
176,176,352
172,175,347
120,173,293
143,153,296
155,139,294
142,124,266
146,113,259
139,105,244
124,99,223
126,89,215
130,80,210
131,104,235
128,110,238
135,109,244
132,108,240
137,98,235
132,100,232
121,99,220
117,100,217
130,93,223
130,92,222
132,97,229
126,93,219
128,95,223
132,88,220
137,85,222
135,87,222
127,84,211
124,93,217
125,108,233
134,114,248
134,113,247
137,106,243
133,99,232
134,93,227
131,83,214
133,101,234
136,111,247
135,107,242
124,100,224
129,92,221
133,82,215
129,92,221
129,85,214
129,104,233
126,106,232
135,96,231
131,94,225
133,107,240
146,90,236
145,87,232
148,91,239
124,115,239
134,124,258
126,129,255
125,141,266
120,158,278
115,177,292
117,188,305
124,187,311
107,181,288
130,157,287
134,152,286
148,146,294
123,140,263
121,138,259
110,136,246
122,131,253
121,129,250
121,128,249
123,131,254
121,127,248
123,127,250
128,121,249
125,174,299
194,175,369
274,152,426
322,112,434
258,123,381
185,135,320
153,162,315
153,163,316
145,156,301
146,146,292
153,133,286
149,123,272
151,110,261
142,107,249
144,102,246
142,130,272
176,117,293
187,110,297
188,103,291
148,99,247
149,113,262
167,100,267
155,98,253
142,93,235
126,93,219
120,87,207
116,89,205
122,85,207
126,77,203
127,97,224
123,103,226
115,104,219
126,98,224
121,95,216
129,92,221
125,95,220
120,91,211
121,89,210
115,89,204
120,88,208
120,121,241
131,121,252
135,119,254
137,124,261
125,128,253
115,129,244
132,115,247
146,114,260
135,115,250
129,121,250
122,123,245
119,128,247
116,124,240
122,123,245
123,116,239
131,107,238
127,107,234
130,109,239
120,114,234
127,127,254
131,122,253
133,137,270
133,148,281
123,176,299
135,196,331
125,195,320
127,195,322
137,179,316
139,150,289
186,128,314
174,108,282
154,105,259
153,95,248
141,115,256
170,88,258
164,78,242
153,91,244
125,90,215
128,116,244
135,113,248
130,108,238
136,100,236
127,102,229
131,95,226
130,97,227
133,95,228
129,116,245
156,104,260
151,121,272
147,140,287
126,146,272
130,161,291
121,172,293
123,182,305
117,177,294
125,179,304
121,163,284
130,155,285
127,149,276
113,142,255
123,145,268
120,141,261
116,138,254
123,134,257
112,135,247
121,133,254
123,132,255
118,128,246
122,127,249
121,124,245
120,120,240
124,115,239
120,112,232
121,110,231
121,112,233
120,107,227
124,105,229
123,111,234
109,113,222
123,114,237
119,112,231
123,112,235
122,115,237
122,120,242
123,111,234
131,109,240
110,114,224
117,118,235
123,115,238
118,109,227
122,104,226
122,105,227
124,100,224
124,90,214
129,89,218
126,88,214
123,84,207
120,87,207
123,86,209
121,88,209
118,90,208
123,83,206
123,77,200
130,113,243
118,131,249
125,136,261
134,134,268
132,132,264
119,134,253
125,130,255
121,128,249
128,114,242
134,114,248
126,111,237
129,105,234
129,104,233
116,100,216
121,94,215
122,97,219
123,99,222
127,93,220
130,91,221
135,86,221
126,116,242
130,114,244
131,108,239
129,105,234
113,103,216
125,103,228
124,102,226
127,100,227
130,93,223
133,94,227
131,92,223
133,89,222
139,83,222
139,113,252
131,112,243
130,105,235
130,101,231
113,103,216
124,105,229
126,101,227
128,97,225
132,95,227
133,91,224
136,87,223
136,81,217
132,81,213
126,82,208
124,83,207
127,82,209
128,112,240
127,116,243
129,109,238
136,100,236
123,97,220
137,91,228
130,86,216
129,87,216
125,86,211
128,84,212
128,83,211
125,85,210
123,82,205
123,83,206
122,84,206
122,84,206
121,82,203
122,83,205
122,84,206
123,87,210
125,84,209
126,104,230
129,103,232
131,102,233
128,103,231
127,95,222
126,97,223
130,92,222
131,87,218
134,84,218
131,83,214
124,83,207
124,82,206
126,81,207
127,107,234
127,107,234
128,107,235
130,114,244
130,162,292
133,176,309
144,176,320
151,168,319
149,173,322
147,167,314
139,167,306
144,157,301
125,158,283
123,162,285
92,163,255
101,170,271
122,177,299
119,164,283
123,163,286
119,162,281
133,154,287
134,150,284
129,144,273
113,139,252
124,138,262
97,136,233
111,143,254
111,141,252
104,136,240
116,132,248
119,132,251
109,135,244
117,136,253
119,141,260
118,170,288
115,178,293
119,177,296
113,179,292
150,149,299
152,239,391
172,287,459
145,298,443
109,314,423
252,218,470
273,190,463
280,190,470
161,190,351
157,180,337
163,181,344
143,194,337
138,207,345
119,198,317
142,194,336
160,164,324
172,164,336
170,169,339
151,159,310
141,141,282
150,121,271
168,188,356
191,159,350
180,177,357
172,175,347
107,164,271
148,142,290
143,135,278
114,121,235
152,109,261
147,104,251
124,93,217
138,96,234
147,174,321
211,115,326
228,101,329
231,124,355
174,135,309
149,139,288
140,154,294
129,165,294
103,174,277
123,183,306
130,181,311
139,202,341
148,210,358
158,235,393
132,241,373
169,218,387
186,182,368
214,154,368
199,136,335
171,127,298
178,86,264
170,170,340
176,158,334
152,166,318
151,172,323
107,178,285
146,174,320
153,160,313
149,149,298
140,154,294
178,117,295
190,94,284
200,95,295
145,99,244
148,148,296
146,140,286
148,129,277
135,121,256
108,101,209
135,96,231
132,136,268
148,108,256
168,100,268
162,92,254
135,102,237
138,103,241
143,96,239
141,127,268
151,110,261
148,111,259
157,106,263
148,107,255
133,136,269
143,139,282
134,133,267
124,143,267
114,144,258
97,168,265
122,186,308
110,207,317
115,214,329
105,191,296
180,126,306
221,101,322
194,87,281
153,98,251
156,136,292
157,133,290
154,123,277
149,109,258
131,107,238
146,139,285
177,111,288
177,132,309
171,139,310
181,133,314
214,113,327
220,97,317
186,89,275
151,146,297
162,131,293
204,106,310
203,142,345
186,155,341
179,152,331
206,129,335
180,122,302
186,128,314
184,103,287
174,88,262
161,95,256
137,135,272
157,124,281
181,123,304
183,130,313
170,134,304
138,139,277
130,145,275
123,143,266
131,152,283
122,152,274
97,154,251
129,149,278
121,146,267
110,160,270
121,159,280
101,168,269
111,165,276
96,168,264
120,161,281
117,165,282
126,156,282
136,131,267
117,123,240
131,124,255
102,131,233
118,140,258
122,165,287
115,171,286
123,166,289
125,153,278
131,156,287
123,152,275
91,157,248
99,153,252
124,166,290
119,193,312
109,187,296
131,197,328
136,202,338
128,183,311
167,180,347
151,186,337
142,196,338
128,201,329
140,193,333
136,186,322
152,144,296
168,140,308
160,144,304
127,144,271
125,147,272
120,149,269
127,143,270
136,137,273
141,125,266
137,120,257
148,100,248
142,101,243
147,94,241
137,88,225
136,130,266
152,111,263
145,108,253
149,101,250
114,99,213
128,105,233
122,119,241
122,128,250
121,202,323
122,215,337
122,237,359
173,187,360
251,154,405
309,133,442
288,130,418
233,138,371
177,124,301
191,104,295
179,105,284
157,101,258
142,91,233
143,76,219
135,93,228
139,86,225
134,101,235
138,107,245
135,99,234
136,87,223
137,116,253
157,129,286
174,109,283
169,108,277
142,108,250
123,99,222
107,95,202
107,119,226
117,137,254
122,139,261
122,132,254
127,132,259
123,134,257
115,131,246
121,130,251
120,125,245
125,119,244
127,122,249
126,126,252
120,130,250
123,124,247
125,122,247
128,123,251
116,121,237
115,116,231
123,116,239
118,118,236
119,115,234
124,115,239
123,111,234
123,109,232
123,106,229
120,110,230
103,115,218
115,110,225
125,105,230
126,99,225
123,94,217
124,100,224
120,97,217
120,91,211
123,86,209
94,101,195
124,112,236
116,121,237
109,117,226
123,115,238
115,112,227
89,106,195
107,105,212
113,100,213
114,99,213
123,93,216
95,93,188
125,89,214
121,88,209
122,85,207
120,86,206
113,83,196
121,94,215
117,98,215
103,112,215
124,116,240
113,114,227
127,127,254
110,137,247
121,140,261
132,131,263
121,136,257
121,134,255
116,138,254
118,136,254
123,137,260
119,134,253
125,125,250
132,121,253
136,120,256
132,119,251
126,123,249
125,122,247
122,119,241
126,120,246
117,123,240
126,123,249
121,127,248
121,126,247
127,124,251
123,124,247
119,130,249
121,135,256
125,138,263
127,161,288
121,158,279
127,153,280
127,147,274
119,144,263
118,172,290
124,192,316
120,203,323
122,206,328
150,167,317
189,129,318
201,112,313
170,99,269
143,90,233
131,111,242
133,112,245
142,126,268
149,113,262
150,110,260
157,122,279
158,121,279
155,118,273
140,123,263
133,131,264
119,140,259
131,129,260
136,114,250
154,109,263
151,109,260
152,106,258
142,101,243
129,101,230
127,87,214
143,94,237
138,112,250
138,107,245
137,101,238
134,90,224
135,101,236
142,90,232
141,97,238
144,87,231
136,101,237
141,105,246
136,102,238
133,112,245
135,100,235
142,91,233
140,80,220
135,98,233
146,82,228
136,89,225
138,83,221
131,107,238
149,88,237
147,83,230
149,100,249
133,108,241
135,100,235
141,86,227
146,94,240
152,88,240
134,116,250
133,114,247
135,107,242
142,98,240
149,132,281
159,152,311
162,148,310
128,148,276
115,144,259
112,147,259
126,144,270
124,147,271
129,139,268
133,134,267
136,129,265
135,126,261
120,125,245
119,125,244
123,125,248
126,123,249
134,115,249
130,121,251
134,119,253
130,115,245
122,120,242
121,123,244
125,128,253
126,132,258
129,131,260
133,133,266
112,130,242
121,134,255
124,128,252
136,125,261
126,126,252
132,124,256
124,124,248
132,116,248
131,113,244
137,114,251
129,115,244
118,109,227
117,105,222
116,103,219
124,105,229
122,105,227
123,107,230
126,103,229
126,98,224
121,94,215
122,94,216
123,100,223
122,109,231
126,123,249
134,131,265
142,127,269
155,119,274
143,121,264
120,122,242
122,119,241
128,111,239
124,106,230
127,104,231
115,101,216
117,101,218
122,100,222
127,91,218
129,102,231
125,104,229
146,154,300
157,144,301
177,124,301
169,115,284
119,121,240
131,129,260
113,137,250
127,141,268
130,132,262
143,116,259
149,118,267
145,135,280
133,137,270
120,143,263
117,177,294
132,319,451
132,327,459
129,330,459
221,236,457
284,164,448
286,172,458
148,165,313
136,165,301
132,163,295
125,165,290
132,156,288
133,161,294
124,161,285
125,154,279
128,147,275
121,141,262
126,149,275
120,156,276
121,164,285
135,155,290
144,140,284
129,129,258
120,128,248
125,133,258
118,138,256
119,147,266
138,135,273
137,132,269
138,128,266
128,135,263
133,143,276
134,138,272
120,133,253
123,155,278
123,164,287
123,174,297
113,183,296
128,184,312
131,178,309
135,176,311
143,162,305
171,138,309
173,136,309
144,131,275
126,120,246
131,106,237
131,104,235
132,98,230
136,84,220
143,127,270
156,115,271
156,116,272
167,134,301
184,98,282
177,100,277
161,100,261
136,95,231
151,99,250
138,101,239
134,111,245
132,121,253
125,121,246
134,117,251
133,125,258
129,122,251
129,122,251
124,118,242
120,121,241
122,124,246
123,122,245
129,118,247
125,118,243
126,123,249
125,130,255
125,121,246
131,123,254
125,118,243
117,111,228
125,110,235
126,108,234
132,107,239
125,105,230
125,102,227
132,95,227
137,94,231
145,87,232
129,90,219
128,89,217
128,101,229
130,99,229
131,99,230
136,96,232
137,83,220
148,104,252
143,111,254
159,108,267
167,84,251
169,146,315
149,139,288
149,129,278
168,100,268
140,86,226
162,100,262
133,107,240
133,101,234
124,90,214
125,86,211
122,80,202
125,96,221
126,87,213
122,83,205
126,111,237
132,125,257
150,110,260
162,99,261
153,83,236
140,121,261
118,133,251
145,127,272
125,150,275
129,161,290
132,167,299
129,174,303
134,175,309
135,178,313
135,180,315
134,183,317
135,183,318
137,183,320
138,184,322
154,177,331
160,174,334
163,174,337
147,174,321
141,177,318
137,179,316
136,181,317
134,180,314
136,181,317
135,185,320
151,173,324
158,168,326
158,173,331
143,173,316
134,178,312
134,177,311
133,182,315
133,184,317
142,180,322
149,174,323
149,178,327
140,180,320
133,182,315
133,181,314
135,181,316
137,190,327
152,180,332
157,176,333
160,175,335
144,178,322
138,181,319
134,179,313
134,184,318
135,187,322
143,184,327
148,179,327
149,176,325
139,180,319
132,185,317
134,186,320
142,182,324
141,178,319
141,182,323
135,184,319
137,186,323
144,179,323
143,181,324
140,183,323
151,167,318
159,163,322
164,157,321
147,154,301
142,178,320
141,190,331
140,194,334
148,232,380
145,240,385
173,212,385
189,180,369
203,167,370
213,131,344
165,126,291
174,131,305
134,131,265
129,134,263
112,139,251
110,153,263
120,169,289
105,173,278
113,176,289
133,172,305
133,168,301
122,169,291
136,166,302
119,168,287
102,180,282
114,200,314
245,186,431
315,130,445
329,149,478
245,118,363
194,152,346
211,137,348
217,159,376
241,134,375
236,160,396
235,147,382
195,141,336
192,121,313
159,107,266
142,97,239
149,81,230
142,132,274
120,142,262
138,150,288
130,171,301
118,166,284
96,148,244
136,132,268
150,110,260
137,101,238
125,114,239
142,110,252
157,166,323
177,159,336
168,167,335
141,179,320
106,180,286
123,172,295
115,170,285
163,119,282
189,114,303
193,115,308
161,100,261
158,178,336
187,130,317
200,126,326
166,136,302
108,144,252
130,165,295
97,174,271
138,170,308
166,152,318
152,141,293
132,126,258
132,114,246
131,91,222
157,105,262
138,128,266
112,121,233
114,113,227
131,102,233
135,126,261
137,135,272
155,127,282
132,122,254
139,110,249
109,123,232
133,127,260
115,122,237
121,110,231
135,98,233
138,140,278
146,160,306
157,148,305
177,113,290
195,97,292
151,87,238
153,102,255
131,93,224
124,94,218
120,88,208
120,81,201
118,106,224
119,106,225
132,91,223
129,85,214
130,114,244
126,118,244
132,130,262
147,108,255
170,101,271
167,150,317
168,135,303
182,113,295
167,103,270
131,98,229
88,105,193
115,106,221
99,95,194
129,97,226
114,93,207
115,92,207
120,89,209
107,85,192
120,90,210
119,98,217
111,116,227
147,138,285
153,119,272
167,106,273
144,98,242
133,84,217
128,148,276
140,155,295
135,155,290
129,151,280
103,155,258
137,176,313
165,152,317
179,154,333
172,151,323
147,146,293
140,155,295
147,183,330
142,202,344
146,216,362
146,214,360
153,219,372
160,217,377
198,184,382
202,169,371
213,152,365
171,170,341
154,178,332
120,187,307
121,208,329
165,176,341
173,167,340
177,159,336
141,165,306
136,171,307
130,173,303
127,171,298
137,160,297
148,151,299
164,134,298
161,116,277
163,170,333
188,127,315
172,113,285
172,104,276
130,88,218
113,110,223
143,112,255
122,117,239
121,121,242
126,124,250
131,114,245
100,112,212
120,106,226
125,101,226
115,97,212
122,106,228
126,106,232
125,110,235
130,120,250
115,119,234
125,105,230
133,98,231
111,85,196
129,120,249
120,122,242
119,116,235
141,116,257
130,109,239
144,89,233
138,81,219
132,91,223
125,87,212
124,129,253
120,142,262
125,146,271
131,156,287
111,154,265
142,158,300
134,158,292
129,148,277
115,138,253
135,129,264
133,119,252
131,108,239
145,89,234
130,79,209
139,147,286
138,148,286
138,162,300
134,178,312
96,194,290
129,200,329
143,201,344
145,207,352
151,202,353
154,189,343
168,171,339
145,171,316
120,161,281
136,157,293
136,157,293
121,152,273
121,161,282
116,166,282
119,172,291
126,174,300
126,170,296
123,166,289
136,151,287
138,144,282
132,140,272
110,135,245
125,136,261
124,129,253
121,129,250
114,125,239
128,115,243
129,123,252
132,125,257
124,123,247
122,123,245
125,127,252
125,121,246
126,120,246
134,101,235
155,83,238
159,78,237
138,95,233
119,103,222
126,112,238
125,132,257
123,266,389
122,286,408
103,312,415
190,250,440
241,193,434
253,175,428
203,140,343
180,118,298
176,108,284
150,93,243
143,115,258
141,107,248
145,106,251
146,99,245
142,116,258
170,118,288
169,124,293
181,108,289
169,97,266
152,94,246
140,92,232
135,114,249
138,114,252
151,100,251
155,117,272
154,139,293
159,125,284
156,107,263
153,90,243
151,116,267
151,121,272
142,122,264
134,124,258
121,127,248
125,128,253
114,123,237
127,116,243
130,119,249
130,128,258
128,126,254
124,120,244
132,104,236
136,102,238
142,90,232
133,96,229
147,84,231
146,111,257
139,107,246
139,97,236
135,92,227
131,83,214
137,99,236
138,85,223
140,116,256
143,109,252
141,99,240
132,94,226
143,97,240
152,110,262
159,111,270
152,115,267
152,113,265
162,96,258
152,93,245
141,90,231
130,84,214
126,111,237
137,111,248
117,129,246
132,144,276
124,146,270
121,147,268
120,145,265
122,136,258
131,136,267
127,157,284
125,174,299
122,174,296
126,169,295
124,164,288
144,140,284
164,127,291
169,111,280
163,93,256
141,81,222
149,108,257
146,102,248
144,94,238
140,87,227
141,93,234
134,82,216
128,105,233
141,106,247
171,84,255
175,98,273
151,96,247
129,91,220
130,96,226
126,95,221
125,92,217
140,82,222
138,95,233
137,112,249
147,111,258
151,112,263
149,103,252
129,94,223
144,108,252
148,101,249
138,93,231
141,101,242
139,94,233
147,76,223
141,92,233
133,84,217
129,95,224
142,105,247
146,97,243
146,98,244
135,91,226
132,83,215
139,104,243
137,102,239
138,92,230
139,102,241
144,95,239
147,83,230
137,91,228
134,86,220
128,99,227
133,101,234
131,98,229
134,85,219
139,102,241
151,107,258
156,83,239
158,93,251
144,85,229
126,92,218
132,82,214
125,93,218
139,82,221
130,106,236
133,117,250
130,132,262
129,129,258
126,124,250
132,109,241
132,101,233
138,91,229
125,84,209
129,98,227
131,87,218
134,112,246
132,115,247
133,116,249
133,133,266
121,139,260
122,155,277
124,154,278
132,145,277
134,135,269
139,125,264
132,117,249
132,108,240
130,98,228
132,93,225
120,86,206
124,81,205
127,92,219
128,89,217
136,99,235
133,97,230
129,97,226
123,95,218
126,106,232
151,122,273
178,107,285
178,101,279
155,91,246
127,102,229
142,95,237
143,104,247
139,107,246
156,102,258
167,85,252
158,78,236
133,106,239
112,106,218
141,97,238
147,89,236
153,91,244
136,100,236
140,94,234
139,91,230
136,111,247
159,115,274
175,95,270
167,91,258
149,86,235
136,111,247
135,148,283
141,140,281
179,117,296
182,104,286
181,100,281
154,119,273
159,108,267
158,115,273
152,111,263
125,122,247
126,133,259
122,146,268
119,150,269
124,167,291
129,166,295
135,161,296
131,161,292
129,164,293
115,163,278
122,164,286
113,157,270
122,153,275
125,148,273
122,148,270
122,144,266
123,156,279
121,158,279
121,161,282
125,163,288
124,161,285
124,190,314
125,223,348
115,242,357
203,167,370
282,117,399
309,148,457
261,129,390
185,123,308
161,113,274
138,103,241
143,90,233
149,111,260
148,105,253
146,97,243
137,111,248
142,113,255
140,107,247
139,98,237
129,97,226
133,90,223
134,99,233
140,95,235
126,87,213
132,93,225
133,88,221
133,91,224
128,93,221
132,103,235
130,101,231
134,96,230
136,83,219
124,93,217
137,93,230
127,91,218
131,84,215
129,102,231
134,111,245
132,104,236
130,113,243
137,111,248
145,99,244
149,94,243
138,91,229
141,92,233
135,92,227
135,90,225
133,102,235
128,99,227
134,116,250
148,103,251
149,95,244
142,87,229
142,106,248
162,84,246
150,88,238
149,81,230
104,82,186
123,86,209
122,93,215
106,99,205
126,87,213
130,82,212
116,76,192
107,100,207
125,99,224
121,103,224
125,104,229
123,99,222
122,114,236
109,124,233
120,124,244
112,126,238
133,149,282
126,150,276
121,159,280
114,161,275
124,160,284
123,156,279
123,157,280
121,168,289
124,163,287
121,159,280
123,161,284
133,150,283
134,146,280
137,144,281
123,143,266
115,146,261
121,148,269
120,146,266
123,152,275
122,153,275
120,153,273
122,166,288
116,172,288
120,176,296
122,178,300
131,209,340
133,241,374
133,244,377
161,211,372
216,159,375
236,129,365
183,121,304
125,110,235
127,108,235
127,110,237
120,123,243
121,132,253
121,128,249
132,124,256
138,117,255
147,113,260
146,121,267
148,101,249
153,102,255
155,101,256
134,102,236
139,101,240
139,104,243
137,102,239
137,101,238
136,102,238
137,103,240
138,102,240
140,101,241
139,101,240
139,101,240
138,101,239
138,101,239
135,98,233
136,97,233
135,100,235
146,92,238
148,90,238
148,93,241
140,91,231
139,94,233
140,93,233
140,117,257
147,105,252
146,108,254
143,99,242
138,99,237
143,100,243
135,101,236
135,100,235
135,104,239
135,107,242
140,100,240
140,100,240
140,95,235
134,98,232
140,92,232
141,93,234
142,94,236
136,94,230
134,96,230
134,99,233
133,98,231
134,100,234
133,100,233
131,100,231
134,100,234
134,104,238
137,102,239
137,100,237
137,99,236
135,100,235
136,101,237
136,100,236
136,99,235
134,100,234
134,100,234
134,102,236
136,100,236
135,102,237
134,99,233
132,102,234
134,100,234
135,101,236
136,101,237
136,117,253
137,125,262
185,199,384
223,238,461
276,196,472
239,214,453
241,136,377
202,167,369
221,148,369
206,130,336
161,247,408
233,234,467
235,150,385
187,142,329
133,131,264
171,255,426
240,250,490
285,156,441
349,102,451
210,158,368
167,166,333
115,182,297
144,210,354
153,220,373
152,271,423
149,318,467
183,327,510
189,314,503
248,177,425
327,133,460
296,139,435
188,130,318
181,162,343
180,285,465
180,317,497
221,298,519
224,296,520
239,220,459
236,229,465
215,244,459
170,208,378
193,207,400
235,158,393
232,111,343
173,164,337
177,163,340
152,166,318
182,150,332
182,178,360
130,238,368
159,245,404
173,215,388
200,169,369
202,177,379
170,214,384
103,229,332
132,253,385
151,237,388
188,225,413
154,223,377
152,208,360
169,208,377
148,190,338
185,182,367
133,180,313
156,208,364
136,172,308
142,186,328
99,198,297
145,172,317
155,178,333
127,171,298
145,164,309
94,159,253
155,182,337
151,215,366
107,257,364
151,287,438
179,278,457
216,250,466
131,288,419
245,207,452
205,262,467
209,290,499
153,307,460
260,223,483
275,205,480
275,196,471
173,184,357
164,197,361
136,170,306
205,151,356
176,136,312
183,127,310
147,143,290
204,111,315
171,122,293
192,122,314
159,114,273
168,117,285
159,117,276
158,114,272
162,111,273
159,123,282
165,138,303
175,177,352
238,136,374
247,124,371
261,96,357
183,200,383
224,144,368
239,136,375
242,139,381
211,199,410
201,173,374
227,152,379
218,147,365
179,221,400
202,203,405
218,185,403
212,207,419
168,173,341
173,188,361
182,188,370
151,244,395
135,270,405
146,301,447
191,277,468
228,227,455
273,203,476
257,206,463
204,228,432
160,216,376
213,124,337
264,184,448
265,188,453
162,154,316
203,129,332
208,122,330
148,131,279
190,175,365
196,172,368
180,168,348
206,145,351
172,181,353
131,192,323
163,236,399
124,245,369
186,224,410
179,196,375
186,178,364
169,196,365
105,203,308
123,237,360
157,223,380
156,219,375
169,227,396
130,239,369
180,215,395
185,269,454
113,252,365
237,182,419
306,138,444
284,168,452
203,220,423
140,229,369
164,251,415
209,222,431
199,215,414
215,235,450
160,255,415
151,334,485
181,372,553
191,394,585
150,344,494
286,262,548
339,192,531
290,176,466
212,138,350
206,88,294
204,167,371
172,178,350
184,164,348
210,230,440
260,251,511
259,189,448
313,170,483
267,114,381
191,120,311
164,250,414
177,229,406
249,184,433
233,199,432
211,144,355
221,134,355
228,217,445
202,276,478
194,305,499
178,284,462
188,248,436
293,156,449
288,153,441
266,170,436
212,119,331
210,151,361
222,163,385
211,242,453
265,195,460
266,150,416
242,179,421
173,158,331
154,195,349
138,191,329
154,204,358
151,191,342
184,201,385
184,194,378
142,170,312
185,144,329
146,141,287
142,135,277
129,150,279
124,154,278
111,166,277
122,165,287
126,162,288
118,166,284
125,156,281
118,156,274
97,158,255
115,163,278
105,162,267
115,166,281
125,159,284
129,164,293
130,171,301
117,178,295
116,191,307
124,204,328
138,182,320
139,176,315
155,181,336
144,200,344
148,217,365
115,220,335
159,182,341
169,143,312
201,144,345
163,141,304
135,149,284
108,157,265
134,157,291
119,155,274
121,149,270
118,145,263
117,140,257
106,149,255
121,168,289
120,173,293
119,166,285
120,164,284
130,133,263
172,115,287
199,122,321
195,107,302
189,106,295
160,153,313
177,130,307
168,152,320
140,160,300
98,160,258
126,165,291
88,180,268
114,184,298
128,284,412
285,157,442
299,146,445
274,153,427
120,156,276
146,152,298
146,164,310
126,170,296
108,182,290
101,190,291
115,204,319
135,206,341
151,189,340
162,190,352
151,195,346
151,185,336
150,169,319
150,175,325
153,197,350
150,191,341
150,185,335
129,177,306
148,130,278
165,116,281
194,105,299
160,183,343
190,139,329
180,124,304
163,111,274
127,97,224
160,105,265
159,92,251
156,130,286
157,121,278
150,120,270
148,117,265
141,111,252
142,119,261
129,127,256
124,148,272
103,166,269
131,157,288
121,163,284
131,175,306
145,179,324
142,180,322
135,179,314
102,209,311
143,202,345
159,199,358
149,216,365
168,178,346
138,165,303
181,167,348
156,164,320
158,144,302
147,139,286
180,95,275
173,104,277
164,112,276
144,134,278
120,156,276
114,157,271
126,152,278
132,151,283
121,160,281
116,180,296
134,184,318
128,182,310
125,177,302
155,143,298
151,136,287
151,134,285
120,129,249
116,125,241
104,117,221
130,110,240
123,112,235
119,110,229
121,111,232
101,122,223
129,119,248
126,117,243
130,90,220
148,115,263
147,123,270
131,124,255
125,132,257
128,140,268
116,132,248
131,132,263
126,140,266
116,146,262
125,144,269
135,151,286
137,151,288
135,148,283
134,144,278
130,140,270
127,132,259
130,145,275
127,154,281
121,150,271
128,157,285
131,163,294
121,167,288
107,168,275
128,176,304
104,174,278
111,175,286
127,172,299
139,186,325
124,205,329
116,207,323
124,214,338
155,178,333
168,169,337
149,161,310
126,154,280
146,141,287
142,130,272
149,113,262
153,105,258
151,97,248
150,112,262
151,122,273
153,120,273
135,128,263
139,136,275
131,141,272
124,129,253
138,111,249
174,113,287
194,93,287
188,90,278
165,88,253
130,119,249
124,109,233
143,93,236
144,98,242
124,95,219
124,105,229
124,112,236
106,116,222
123,119,242
113,120,233
132,122,254
136,127,263
130,134,264
124,144,268
128,146,274
120,136,256
131,119,250
168,106,274
188,100,288
179,97,276
158,88,246
131,105,236
146,92,238
146,101,247
142,107,249
141,101,242
141,114,255
146,104,250
149,103,252
146,92,238
134,114,248
152,104,256
138,95,233
141,148,289
137,136,273
148,125,273
136,112,248
124,98,222
146,85,231
135,112,247
148,103,251
140,93,233
140,90,230
134,131,265
140,130,270
131,133,264
139,136,275
131,133,264
136,122,258
146,111,257
146,111,257
150,98,248
148,89,237
145,96,241
131,90,221
143,82,225
138,106,244
139,96,235
135,85,220
134,88,222
132,101,233
140,94,234
135,90,225
133,81,214
132,106,238
137,101,238
139,88,227
137,79,216
126,97,223
142,224,366
152,325,477
163,323,486
165,314,479
292,202,494
279,188,467
149,177,326
155,156,311
174,118,292
180,103,283
168,95,263
141,89,230
127,100,227
131,89,220
144,114,258
153,106,259
153,103,256
148,130,278
167,103,270
184,112,296
181,101,282
163,108,271
157,96,253
155,108,263
155,101,256
145,102,247
144,100,244
141,97,238
142,98,240
140,99,239
136,97,233
138,96,234
140,97,237
138,96,234
135,96,231
136,97,233
136,96,232
138,97,235
135,98,233
136,99,235
133,97,230
136,98,234
144,103,247
146,100,246
150,91,241
151,107,258
152,96,248
153,98,251
155,111,266
156,96,252
155,109,264
150,96,246
151,107,258
151,99,250
145,99,244
142,101,243
135,96,231
136,96,232
137,95,232
136,95,231
136,95,231
137,96,233
135,94,229
136,95,231
136,95,231
136,95,231
136,95,231
137,96,233
135,95,230
136,94,230
136,94,230
137,94,231
134,93,227
138,128,266
150,121,271
156,119,275
153,119,272
132,122,254
137,126,263
135,128,263
134,132,266
133,128,261
134,133,267
136,142,278
143,133,276
166,132,298
191,123,314
189,129,318
164,141,305
144,138,282
147,144,291
134,148,282
142,144,286
140,162,302
147,165,312
130,144,274
173,134,307
176,137,313
144,160,304
141,166,307
135,162,297
152,146,298
146,135,281
167,130,297
146,130,276
145,117,262
133,132,265
131,144,275
121,164,285
115,177,292
168,134,302
174,118,292
178,131,309
180,159,339
187,133,320
194,118,312
161,110,271
141,98,239
132,95,227
90,88,178
117,95,212
121,104,225
119,101,220
122,108,230
112,115,227
106,111,217
121,113,234
103,109,212
130,99,229
125,91,216
121,92,213
120,97,217
117,93,210
101,95,196
123,91,214
106,88,194
119,85,204
115,128,243
129,147,276
126,157,283
122,160,282
104,170,274
128,176,304
119,216,335
120,221,341
141,202,343
140,199,339
187,160,347
184,147,331
155,149,304
142,148,290
128,147,275
129,133,262
162,98,260
161,108,269
171,109,280
162,97,259
143,98,241
139,89,228
132,83,215
125,111,236
121,102,223
118,99,217
131,96,227
120,111,231
129,123,252
105,129,234
137,116,253
121,111,232
115,118,233
123,122,245
123,134,257
120,137,257
139,121,260
140,116,256
137,110,247
116,106,222
122,102,224
128,87,215
142,120,262
122,131,253
135,138,273
123,151,274
119,156,275
129,158,287
129,165,294
127,171,298
125,166,291
125,165,290
130,155,285
101,152,253
121,150,271
127,147,274
105,150,255
126,143,269
126,141,267
135,128,263
138,125,263
128,115,243
132,109,241
126,107,233
124,103,227
120,96,216
124,93,217
120,87,207
122,94,216
122,94,216
121,88,209
123,86,209
117,84,201
116,79,195
120,97,217
117,129,246
128,136,264
147,146,293
164,150,314
167,150,317
162,151,313
171,141,312
163,150,313
171,143,314
157,141,298
176,150,326
157,153,310
157,152,309
137,165,302
156,138,294
155,130,285
177,103,280
180,144,324
192,119,311
170,100,270
169,129,298
151,129,280
152,133,285
162,123,285
144,140,284
164,111,275
165,143,308
207,109,316
164,104,268
163,91,254
132,86,218
124,80,204
124,139,263
130,212,342
267,107,374
254,101,355
231,94,325
140,120,260
158,120,278
155,130,285
131,127,258
114,119,233
128,117,245
119,112,231
125,105,230
125,89,214
138,87,225
132,122,254
119,123,242
145,128,273
135,133,268
125,163,288
120,177,297
132,188,320
140,179,319
150,187,337
128,195,323
135,172,307
149,163,312
150,160,310
139,150,289
139,138,277
126,149,275
116,173,289
116,179,295
120,177,297
115,171,286
122,150,272
144,148,292
138,144,282
115,137,252
120,136,256
128,126,254
104,121,225
137,112,249
128,116,244
119,111,230
124,107,231
121,102,223
125,106,231
121,111,232
120,108,228
122,114,236
99,130,229
125,144,269
122,164,286
125,195,320
126,198,324
121,202,323
121,197,318
170,148,318
173,145,318
173,148,321
126,151,277
123,176,299
97,183,280
133,183,316
129,184,313
124,161,285
129,150,279
149,147,296
156,118,274
153,108,261
152,109,261
126,110,236
121,105,226
125,96,221
125,91,216
106,85,191
93,111,204
123,119,242
130,123,253
134,132,266
131,162,293
124,172,296
114,171,285
116,171,287
133,153,286
125,142,267
155,147,302
141,138,279
141,135,276
144,130,274
137,136,273
125,129,254
130,129,259
129,134,263
131,139,270
130,130,260
133,124,257
131,111,242
137,95,232
143,91,234
134,114,248
154,108,262
167,97,264
173,109,282
154,94,248
153,99,252
149,94,243
142,114,256
155,97,252
151,102,253
145,104,249
113,105,218
133,123,256
132,128,260
113,125,238
123,123,246
122,124,246
121,131,252
116,134,250
126,145,271
126,147,273
144,168,312
138,160,298
134,172,306
126,182,308
121,185,306
102,178,280
153,144,297
162,123,285
166,113,279
138,117,255
131,112,243
122,104,226
150,111,261
152,126,278
139,114,253
127,110,237
123,104,227
121,101,222
117,95,212
116,91,207
121,89,210
119,87,206
113,83,196
121,83,204
121,94,215
120,106,226
118,113,231
126,107,233
127,102,229
113,117,230
120,129,249
124,133,257
119,127,246
103,126,229
118,129,247
118,137,255
124,136,260
111,123,234
129,116,245
121,115,236
115,112,227
122,108,230
122,110,232
121,106,227
124,103,227
122,99,221
131,96,227
127,97,224
121,98,219
127,88,215
130,77,207
135,92,227
127,104,231
119,116,235
123,120,243
118,117,235
120,114,234
123,110,233
123,104,227
125,118,243
118,134,252
122,136,258
120,135,255
125,147,272
128,153,281
124,147,271
133,154,287
124,152,276
119,153,272
126,149,275
128,143,271
125,145,270
126,141,267
120,148,268
124,150,274
124,165,289
128,282,410
131,283,414
122,288,410
192,233,425
258,191,449
268,192,460
149,198,347
154,187,341
161,166,327
152,172,324
144,193,337
121,199,320
124,204,328
144,196,340
156,198,354
155,217,372
148,222,370
143,228,371
161,218,379
173,208,381
176,192,368
177,175,352
178,178,356
174,184,358
141,186,327
127,174,301
158,137,295
174,132,306
154,132,286
141,124,265
133,127,260
131,125,256
127,122,249
125,117,242
122,110,232
116,109,225
120,109,229
121,122,243
122,144,266
110,153,263
123,160,283
126,156,282
134,157,291
157,146,303
157,146,303
145,154,299
143,149,292
143,141,284
134,130,264
137,116,253
137,104,241
161,120,281
153,120,273
156,117,273
148,117,265
153,121,274
138,131,269
121,138,259
128,140,268
129,144,273
128,134,262
129,135,264
128,136,264
122,131,253
125,127,252
132,122,254
120,124,244
119,130,249
125,130,255
124,129,253
132,130,262
126,125,251
126,124,250
129,116,245
122,110,232
122,104,226
120,110,230
121,112,233
122,112,234
123,115,238
123,114,237
126,116,242
119,118,237
124,111,235
134,107,241
137,101,238
136,94,230
134,94,228
128,87,215
131,83,214
135,94,229
128,103,231
126,102,228
132,94,226
132,93,225
133,100,233
125,101,226
129,97,226
130,101,231
131,98,229
129,97,226
132,91,223
135,115,250
141,109,250
139,104,243
133,100,233
123,102,225
125,113,238
123,118,241
125,131,256
140,110,250
152,105,257
149,103,252
147,99,246
145,102,247
147,102,249
156,116,272
182,128,310
189,122,311
166,123,289
119,132,251
111,139,250
119,133,252
128,138,266
161,118,279
179,96,275
177,95,272
152,80,232
126,110,236
134,126,260
135,137,272
132,151,283
143,148,291
127,160,287
143,158,301
128,161,289
139,179,318
131,180,311
133,165,298
134,157,291
143,135,278
149,120,269
159,109,268
144,103,247
141,89,230
138,106,244
142,98,240
139,109,248
148,115,263
143,107,250
134,104,238
130,100,230
130,95,225
127,89,216
134,95,229
133,98,231
137,106,243
131,102,233
145,80,225
147,95,242
146,93,239
124,89,213
133,102,235
138,95,233
132,87,219
143,131,274
177,82,259
180,86,266
176,82,258
128,105,233
128,107,235
131,105,236
151,105,256
152,103,255
149,111,260
128,112,240
117,133,250
126,138,264
122,134,256
129,123,252
139,104,243
142,95,237
137,87,224
128,77,205
129,112,241
128,112,240
126,106,232
132,91,223
136,81,217
134,102,236
133,102,235
135,102,237
137,94,231
136,91,227
132,97,229
129,95,224
132,91,223
136,84,220
132,83,215
131,80,211
119,92,211
116,95,211
122,90,212
126,98,224
133,98,231
138,98,236
138,97,235
127,103,230
130,114,244
119,108,227
124,99,223
129,104,233
127,102,229
127,102,229
119,99,218
128,87,215
130,80,210
136,89,225
124,83,207
134,90,224
130,100,230
132,106,238
135,104,239
139,95,234
138,82,220
134,104,238
134,109,243
129,106,235
129,107,236
125,110,235
131,115,246
130,107,237
133,104,237
130,98,228
124,92,216
122,84,206
126,114,240
129,107,236
129,99,228
131,98,229
120,92,212
130,81,211
131,88,219
132,96,228
136,90,226
123,91,214
132,82,214
126,95,221
132,99,231
127,91,218
125,84,209
130,86,216
128,83,211
134,100,234
129,108,237
132,118,250
128,115,243
127,113,240
131,114,245
131,116,247
129,123,252
129,139,268
141,124,265
152,116,268
160,109,269
155,103,258
163,114,277
165,277,442
302,153,455
306,146,452
312,147,459
162,135,297
185,110,295
186,94,280
176,118,294
164,104,268
161,114,275
163,103,266
155,122,277
164,111,275
157,98,255
159,138,297
153,134,287
164,121,285
165,113,278
155,98,253
161,114,275
159,104,263
155,113,268
160,106,266
159,130,289
162,121,283
148,105,253
156,99,255
145,121,266
155,108,263
161,114,275
161,105,266
153,129,282
164,122,286
147,109,256
160,99,259
149,175,324
160,176,336
195,134,329
187,140,327
135,138,273
140,137,277
143,141,284
148,136,284
143,138,281
142,155,297
143,151,294
143,149,292
140,147,287
138,146,284
143,144,287
151,141,292
155,135,290
149,140,289
145,136,281
145,144,289
178,113,291
183,213,396
205,241,446
259,167,426
285,169,454
235,165,400
146,202,348
158,161,319
151,156,307
187,108,295
161,109,270
115,154,269
123,182,305
138,187,325
190,162,352
254,148,402
240,125,365
191,90,281
152,89,241
118,84,202
118,102,220
122,122,244
135,109,244
147,84,231
158,84,242
112,93,205
125,86,211
122,126,248
139,153,292
174,124,298
196,88,284
162,148,310
123,159,282
146,140,286
159,127,286
163,154,317
122,149,271
133,132,265
151,111,262
153,142,295
115,177,292
123,178,301
178,129,307
212,123,335
213,136,349
117,151,268
120,158,278
120,160,280
131,156,287
128,158,286
134,192,326
126,196,322
123,194,317
131,187,318
167,141,308
166,136,302
132,143,275
128,171,299
125,184,309
120,236,356
136,247,383
143,256,399
198,263,461
159,296,455
193,249,442
187,219,406
293,117,410
262,102,364
221,183,404
157,199,356
220,122,342
221,118,339
219,137,356
159,122,281
191,222,413
233,203,436
247,161,408
275,130,405
172,171,343
226,155,381
218,137,355
189,164,353
216,138,354
198,111,309
192,109,301
186,103,289
145,93,238
151,96,247
147,88,235
123,86,209
108,88,196
126,87,213
116,183,299
122,229,351
168,216,384
212,183,395
248,123,371
217,172,389
191,173,364
143,150,293
164,118,282
184,125,309
178,131,309
176,153,329
160,160,320
142,161,303
149,155,304
159,165,324
155,161,316
154,151,305
154,149,303
163,159,322
163,359,522
159,367,526
155,364,519
243,274,517
328,197,525
364,150,514
292,128,420
214,117,331
158,120,278
130,128,258
115,140,255
115,140,255
123,134,257
124,125,249
117,162,279
123,158,281
127,144,271
157,127,284
156,124,280
125,117,242
133,110,243
131,112,243
127,113,240
124,108,232
122,143,265
112,180,292
127,203,330
164,209,373
202,173,375
167,178,345
179,162,341
162,168,330
123,176,299
125,178,303
139,189,328
132,191,323
119,197,316
130,179,309
182,129,311
199,117,316
190,122,312
160,112,272
152,146,298
170,126,296
180,109,289
177,99,276
143,86,229
141,88,229
124,80,204
129,130,259
134,129,263
145,115,260
152,101,253
142,83,225
146,131,277
149,134,283
141,133,274
132,139,271
128,146,274
133,141,274
138,147,285
140,145,285
133,173,306
134,196,330
136,195,331
139,183,322
145,166,311
121,141,262
151,134,285
129,133,262
127,126,253
130,117,247
164,137,301
174,144,318
176,168,344
146,201,347
129,224,353
137,247,384
164,223,387
181,203,384
144,202,346
198,150,348
184,145,329
194,134,328
139,118,257
153,111,264
152,121,273
163,99,262
153,88,241
147,126,273
146,124,270
155,109,264
150,94,244
144,159,303
144,153,297
158,151,309
146,137,283
106,134,240
171,131,302
183,136,319
182,132,314
166,130,296
171,124,295
162,144,306
155,146,301
139,166,305
144,182,326
134,184,318
131,192,323
122,185,307
140,193,333
156,203,359
171,189,360
149,188,337
156,185,341
141,190,331
148,191,339
137,189,326
154,174,328
159,152,311
191,111,302
183,106,289
189,88,277
155,137,292
175,129,304
158,141,299
162,141,303
138,124,262
137,120,257
132,109,241
129,109,238
118,114,232
126,125,251
136,116,252
131,111,242
116,108,224
115,131,246
131,134,265
131,129,260
137,123,260
132,107,239
134,115,249
128,119,247
125,109,234
128,107,235
106,104,210
113,102,215
115,98,213
125,93,218
125,98,223
125,103,228
129,133,262
151,133,284
147,140,287
146,153,299
134,158,292
134,161,295
133,164,297
118,172,290
105,175,280
117,181,298
139,185,324
155,159,314
167,153,320
155,137,292
145,126,271
128,115,243
143,103,246
136,91,227
124,93,217
127,91,218
133,105,238
136,106,242
117,92,209
159,98,257
132,116,248
131,121,252
128,155,283
133,163,296
128,160,288
120,156,276
131,166,297
125,173,298
131,177,308
122,175,297
131,169,300
121,175,296
132,182,314
131,215,346
126,236,362
133,225,358
144,226,370
193,176,369
187,177,364
181,191,372
133,186,319
120,192,312
155,181,336
186,170,356
202,158,360
194,144,338
178,183,361
155,177,332
137,166,303
164,141,305
158,125,283
148,111,259
139,154,293
185,130,315
175,139,314
181,146,327
155,134,289
161,119,280
157,109,266
147,93,240
152,148,300
173,128,301
184,159,343
218,112,330
198,104,302
196,100,296
153,126,279
143,139,282
152,146,298
156,137,293
191,129,320
204,150,354
199,156,355
159,142,301
176,119,295
196,85,281
196,115,311
167,119,286
126,106,232
138,102,240
124,120,244
155,112,267
169,101,270
170,200,370
172,207,379
181,206,387
226,158,384
193,148,341
209,144,353
177,138,315
180,114,294
151,114,265
168,105,273
144,126,270
137,164,301
118,172,290
142,161,303
158,151,309
168,146,314
175,161,336
147,194,341
144,210,354
132,205,337
141,199,340
157,182,339
154,171,325
169,160,329
164,153,317
149,169,318
139,179,318
128,174,302
124,168,292
145,141,286
157,118,275
181,98,279
149,111,260
142,111,253
154,123,277
167,124,291
194,144,338
194,114,308
209,114,323
185,114,299
171,132,303
158,119,277
149,108,257
137,150,287
164,116,280
180,220,400
337,113,450
296,153,449
333,134,467
218,117,335
164,112,276
157,125,282
172,138,310
171,125,296
156,109,265
163,156,319
174,143,317
183,144,327
143,148,291
136,137,273
172,112,284
168,119,287
156,119,275
125,123,248
132,126,258
118,137,255
142,134,276
153,118,271
153,120,273
138,121,259
120,130,250
146,111,257
149,103,252
148,118,266
108,136,244
125,154,279
133,150,283
137,149,286
122,147,269
128,140,268
132,142,274
133,151,284
129,155,284
126,153,279
121,154,275
129,169,298
121,175,296
123,190,313
121,196,317
129,181,310
151,161,312
146,155,301
145,147,292
130,145,275
126,140,266
115,144,259
126,140,266
127,142,269
133,137,270
137,139,276
138,133,271
130,126,256
141,112,253
144,109,253
136,140,276
125,171,296
128,181,309
141,174,315
137,181,318
137,186,323
134,168,302
152,166,318
145,165,310
123,172,295
151,157,308
190,118,308
193,126,319
164,127,291
139,115,254
138,124,262
128,121,249
144,118,262
160,107,267
162,109,271
160,155,315
166,142,308
171,143,314
163,138,301
137,136,273
119,135,254
128,142,270
127,147,274
118,184,302
121,192,313
127,195,322
142,192,334
141,189,330
145,181,326
155,164,319
149,152,301
146,139,285
155,122,277
157,110,267
142,96,238
136,105,241
143,101,244
147,154,301
157,142,299
151,143,294
139,135,274
112,112,224
145,108,253
135,109,244
138,157,295
166,153,319
179,160,339
181,152,333
131,127,258
169,108,277
169,96,265
156,100,256
142,95,237
139,143,282
153,136,289
155,146,301
143,140,283
133,120,253
155,109,264
153,112,265
147,105,252
137,101,238
144,99,243
129,97,226
133,112,245
120,131,251
133,128,261
132,124,256
126,117,243
124,115,239
125,130,255
116,163,279
121,175,296
120,183,303
131,182,313
132,191,323
129,168,297
158,146,304
174,124,298
186,101,287
180,117,297
181,103,284
168,91,259
154,111,265
155,97,252
156,118,274
159,106,265
161,109,270
165,98,263
154,116,270
162,101,263
171,108,279
169,97,266
166,279,445
154,298,452
164,311,475
181,309,490
240,250,490
237,230,467
183,210,393
216,185,401
190,181,371
161,189,350
142,179,321
139,185,324
144,186,330
140,177,317
140,181,321
139,179,318
140,180,320
139,185,324
136,189,325
129,195,324
140,190,330
147,189,336
155,190,345
140,207,347
144,198,342
142,201,343
153,197,350
157,181,338
165,179,344
152,183,335
141,177,318
134,179,313
138,196,334
137,187,324
138,197,335
134,201,335
150,186,336
151,184,335
159,182,341
143,185,328
144,182,326
144,186,330
142,188,330
141,196,337
134,203,337
150,202,352
145,209,354
158,193,351
165,181,346
185,161,346
182,151,333
169,152,321
151,149,300
141,143,284
142,146,288
131,157,288
130,165,295
136,166,302
148,161,309
138,153,291
135,146,281
143,142,285
145,123,268
157,109,266
150,114,264
135,116,251
127,113,240
136,119,255
139,120,259
138,115,253
149,100,249
138,100,238
132,105,237
108,100,208
139,90,229
133,101,234
118,99,217
121,95,216
123,100,223
120,96,216
123,87,210
127,82,209
123,81,204
121,115,236
122,138,260
119,149,268
120,160,280
123,164,287
129,156,285
126,149,275
126,132,258
137,147,284
128,159,287
121,172,293
131,178,309
143,174,317
142,184,326
133,187,320
125,196,321
132,183,315
155,165,320
164,165,329
150,164,314
114,176,290
121,196,317
117,193,310
122,204,326
152,170,322
185,190,375
179,194,373
153,184,337
165,148,313
189,135,324
186,203,389
212,186,398
190,220,410
157,220,377
75,227,302
129,242,371
185,228,413
190,222,412
186,226,412
157,220,377
168,196,364
183,198,381
189,180,369
179,203,382
190,191,381
172,189,361
160,181,341
149,173,322
146,165,311
140,156,296
135,157,292
123,167,290
126,170,296
120,166,286
125,157,282
149,132,281
165,114,279
181,124,305
194,105,299
179,116,295
183,112,295
160,101,261
165,126,291
161,125,286
171,130,301
181,106,287
173,101,274
157,128,285
159,122,281
170,102,272
171,106,277
166,91,257
160,133,293
148,139,287
145,133,278
143,135,278
136,134,270
139,129,268
135,125,260
134,108,242
144,99,243
135,112,247
149,130,279
177,105,282
191,91,282
181,127,308
157,130,287
152,150,302
153,166,319
146,163,309
150,183,333
161,175,336
189,148,337
205,142,347
199,160,359
173,151,324
162,147,309
168,148,316
160,155,315
147,159,306
134,161,295
146,154,300
138,165,303
137,181,318
136,190,326
132,196,328
133,193,326
152,166,318
170,144,314
183,132,315
179,141,320
151,146,297
148,144,292
149,145,294
152,150,302
148,150,298
152,141,293
147,153,300
146,161,307
148,155,303
140,177,317
156,180,336
138,183,321
141,174,315
131,170,301
146,155,301
148,170,318
147,195,342
128,209,337
135,206,341
147,220,367
162,234,396
164,220,384
150,216,366
192,168,360
195,144,339
203,132,335
187,108,295
178,108,286
175,87,262
160,126,286
153,119,272
149,116,265
158,95,253
157,105,262
160,100,260
155,137,292
157,118,275
159,100,259
164,129,293
146,129,275
149,125,274
157,113,270
152,114,266
169,102,271
157,120,277
155,119,274
149,122,271
171,104,275
169,145,314
170,158,328
152,156,308
158,137,295
134,144,278
180,124,304
169,120,289
172,138,310
124,159,283
145,172,317
127,170,297
133,166,299
118,169,287
114,174,288
127,176,303
122,180,302
136,161,297
146,146,292
149,138,287
144,136,280
126,142,268
110,138,248
127,132,259
128,135,263
129,129,258
118,124,242
90,116,206
123,120,243
123,120,243
118,125,243
123,126,249
122,120,242
135,97,232
141,93,234
130,92,222
123,108,231
124,124,248
134,127,261
133,131,264
131,136,267
127,150,277
133,155,288
147,167,314
154,185,339
133,197,330
120,191,311
125,188,313
144,162,306
177,141,318
169,126,295
158,108,266
153,133,286
171,238,409
274,149,423
281,150,431
248,170,418
137,159,296
135,157,292
133,152,285
124,161,285
96,159,255
103,161,264
116,153,269
124,144,268
128,147,275
124,161,285
111,181,292
121,193,314
123,203,326
136,211,347
149,217,366
155,210,365
145,210,355
165,207,372
174,200,374
160,210,370
150,198,348
153,179,332
169,157,326
155,149,304
153,143,296
121,147,268
119,138,257
123,132,255
124,130,254
89,152,241
121,162,283
119,171,290
129,166,295
124,173,297
130,185,315
113,208,321
132,200,332
148,179,327
149,178,327
165,167,332
148,168,316
130,164,294
123,157,280
125,161,286
108,156,264
121,155,276
96,149,245
126,153,279
125,149,274
130,144,274
124,137,261
128,142,270
108,138,246
121,133,254
131,128,259
132,135,267
127,137,264
112,126,238
133,113,246
137,106,243
122,99,221
118,97,215
124,94,218
120,89,209
121,84,205
122,87,209
113,83,196
122,85,207
116,86,202
101,81,182
115,132,247
127,151,278
133,151,284
135,195,330
118,224,342
132,233,365
134,243,377
161,207,368
174,200,374
206,199,405
174,205,379
151,212,363
157,222,379
203,177,380
234,163,397
252,179,431
235,168,403
223,159,382
200,140,340
170,121,291
133,112,245
168,97,265
163,86,249
139,141,280
142,130,272
148,120,268
140,117,257
120,106,226
146,129,275
177,107,284
185,114,299
179,98,277
183,90,273
163,86,249
138,107,245
134,118,252
133,115,248
133,112,245
132,103,235
148,88,236
140,81,221
119,96,215
123,90,213
124,83,207
128,104,232
127,104,231
137,94,231
138,83,221
136,115,251
144,110,254
146,107,253
143,97,240
131,94,225
121,93,214
130,91,221
135,121,256
143,126,269
143,132,275
134,138,272
127,134,261
132,136,268
129,141,270
126,135,261
135,143,278
134,152,286
128,174,302
132,170,302
131,165,296
140,149,289
143,134,277
134,123,257
129,116,245
125,110,235
123,102,225
126,95,221
127,108,235
136,128,264
143,265,408
162,264,426
177,256,433
189,252,441
217,199,416
109,193,302
150,182,332
155,171,326
178,152,330
181,139,320
178,138,316
153,142,295
139,143,282
138,139,277
140,149,289
144,149,293
134,155,289
132,155,287
116,153,269
122,149,271
123,151,274
124,153,277
123,153,276
123,154,277
129,177,306
129,183,312
131,178,309
159,145,304
189,118,307
195,105,300
180,109,289
158,96,254
162,112,274
161,108,269
170,131,301
175,115,290
188,106,294
201,120,321
164,138,302
148,159,307
140,170,310
136,171,307
139,163,302
138,153,291
174,109,283
176,115,291
169,116,285
138,118,256
150,100,250
148,138,286
148,147,295
115,165,280
128,171,299
126,170,296
133,182,315
123,185,308
123,198,321
148,186,334
168,168,336
184,143,327
167,128,295
145,121,266
146,114,260
140,108,248
131,134,265
160,110,270
171,97,268
180,105,285
160,93,253
156,124,280
155,111,266
151,105,256
167,126,293
159,112,271
171,108,279
163,138,301
164,112,276
179,106,285
185,122,307
160,168,328
199,142,341
201,154,355
214,137,351
171,116,287
187,131,318
166,129,295
194,152,346
183,151,334
218,137,355
221,109,330
204,99,303
182,90,272
151,124,275
149,110,259
158,94,252
162,118,280
154,120,274
170,117,287
190,121,311
194,98,292
193,116,309
161,108,269
150,92,242
162,116,278
152,121,273
153,111,264
172,123,295
172,117,289
157,116,273
150,114,264
130,113,243
131,117,248
129,122,251
136,125,261
140,138,278
132,144,276
135,145,280
126,137,263
135,123,258
156,123,279
151,122,273
171,119,290
182,124,306
177,116,293
195,106,301
148,99,247
149,93,242
127,125,252
141,130,271
140,133,273
149,146,295
174,132,306
172,133,305
173,118,291
154,93,247
148,86,234
145,105,250
137,116,253
136,123,259
136,125,261
137,131,268
136,133,269
132,134,266
126,138,264
136,138,274
142,132,274
147,131,278
132,138,270
137,143,280
130,152,282
133,168,301
119,192,311
128,194,322
139,194,333
148,188,336
150,202,352
147,201,348
144,200,344
154,202,356
158,185,343
155,190,345
147,194,341
138,196,334
125,224,349
156,219,375
181,200,381
190,203,393
169,206,375
157,194,351
152,201,353
170,191,361
153,195,348
159,193,352
150,187,337
149,195,344
160,181,341
156,182,338
162,174,336
148,165,313
144,158,302
154,138,292
172,112,284
184,109,293
201,108,309
184,124,308
184,105,289
174,92,266
161,115,276
154,102,256
162,123,285
159,109,268
160,117,277
168,101,269
167,107,274
165,94,259
156,107,263
151,98,249
142,115,257
152,104,256
156,92,248
163,109,272
156,100,256
153,116,269
153,104,257
163,120,283
162,105,267
157,100,257
158,89,247
147,117,264
158,103,261
157,92,249
158,128,286
162,107,269
169,91,260
164,115,279
149,96,245
157,121,278
156,106,262
160,129,289
167,113,280
157,101,258
166,108,274
155,97,252
169,122,291
178,96,274
184,109,293
180,101,281
165,137,302
165,172,337
169,188,357
197,166,363
221,129,350
240,108,348
207,118,325
196,88,284
181,116,297
157,148,305
134,158,292
144,160,304
162,146,308
158,137,295
164,151,315
154,153,307
150,155,305
142,146,288
151,121,272
171,95,266
172,95,267
155,91,246
128,114,242
133,118,251
126,117,243
135,114,249
118,111,229
124,114,238
125,112,237
119,113,232
124,112,236
114,115,229
123,110,233
123,111,234
122,118,240
122,118,240
120,121,241
121,132,253
117,133,250
123,159,282
128,166,294
138,178,316
150,176,326
150,173,323
148,183,331
141,178,319
137,182,319
132,185,317
140,178,318
155,173,328
155,175,330
146,172,318
155,169,324
151,160,311
155,179,334
170,151,321
177,121,298
173,116,289
154,111,265
123,105,228
124,103,227
121,100,221
116,119,235
129,129,258
131,155,286
153,144,297
156,168,324
154,180,334
137,184,321
149,168,317
146,166,312
145,167,312
125,186,311
123,186,309
145,289,434
315,156,471
339,148,487
303,144,447
154,134,288
182,104,286
183,112,295
188,105,293
151,110,261
143,112,255
131,111,242
131,128,259
124,132,256
123,134,257
129,142,271
121,155,276
118,164,282
126,161,287
130,170,300
129,176,305
112,179,291
115,211,326
144,203,347
151,216,367
163,217,380
155,233,388
162,227,389
164,232,396
170,241,411
175,209,384
198,184,382
202,181,383
192,175,367
179,164,343
180,165,345
170,174,344
153,176,329
159,183,342
159,190,349
161,185,346
163,161,324
180,133,313
191,110,301
173,108,281
142,109,251
133,139,272
171,107,278
166,107,273
183,105,288
158,146,304
163,119,282
172,98,270
180,137,317
153,131,284
170,120,290
169,186,355
188,164,352
198,150,348
179,143,322
118,150,268
145,139,284
134,148,282
147,139,286
135,144,279
138,145,283
150,128,278
174,132,306
214,133,347
211,131,342
197,128,325
181,136,317
209,145,354
211,110,321
235,114,349
188,119,307
178,132,310
159,130,289
157,118,275
153,117,270
148,105,253
145,131,276
146,135,281
141,129,270
146,125,271
122,132,254
125,139,264
133,135,268
134,142,276
128,142,270
120,154,274
126,186,312
148,163,311
149,158,307
155,155,310
126,156,282
129,154,283
123,181,304
129,187,316
126,190,316
131,192,323
170,154,324
186,143,329
178,133,311
160,122,282
144,122,266
148,102,250
154,108,262
158,147,305
121,163,284
132,164,296
152,142,294
159,139,298
178,138,316
200,118,318
208,106,314
205,107,312
150,113,263
146,116,262
136,124,260
135,129,264
99,131,230
139,120,259
154,117,271
155,110,265
143,98,241
145,123,268
163,112,275
178,109,287
176,129,305
145,142,287
124,172,296
124,198,322
127,216,343
121,237,358
141,221,362
154,181,335
192,182,374
193,156,349
159,161,320
127,167,294
117,285,402
101,377,478
125,399,524
123,405,528
276,278,554
359,199,558
364,177,541
174,171,345
176,142,318
166,144,310
190,115,305
162,109,271
136,113,249
110,113,223
117,102,219
129,95,224
104,99,203
115,103,218
122,104,226
121,101,222
110,104,214
106,111,217
127,99,226
127,104,231
114,110,224
99,100,199
121,93,214
115,100,215
109,116,225
114,121,235
121,119,240
125,119,244
111,140,251
120,148,268
121,154,275
121,156,277
133,143,276
133,137,270
133,137,270
110,131,241
101,125,226
122,119,241
119,115,234
118,112,230
112,101,213
117,107,224
124,105,229
118,103,221
126,131,257
113,129,242
165,116,281
149,117,266
141,116,257
105,109,214
111,107,218
125,108,233
110,110,220
122,116,238
105,127,232
112,122,234
115,115,230
128,119,247
89,125,214
101,120,221
133,107,240
159,134,293
160,125,285
177,121,298
162,92,254
145,169,314
168,169,337
133,192,325
131,233,364
84,259,343
114,270,384
170,239,409
206,182,388
258,172,430
221,161,382
217,138,355
206,134,340
188,146,334
192,129,321
213,106,319
197,110,307
170,113,283
132,112,244
126,125,251
103,138,241
124,145,269
139,140,279
150,135,285
149,143,292
127,145,272
130,143,273
126,147,273
110,148,258
120,142,262
104,157,261
124,168,292
105,180,285
116,182,298
122,192,314
138,178,316
142,159,301
163,155,318
145,160,305
125,163,288
113,167,280
118,168,286
114,161,275
142,164,306
135,174,309
133,167,300
132,157,289
111,160,271
142,150,292
124,146,270
131,146,277
119,155,274
128,151,279
145,136,281
160,107,267
189,171,360
184,157,341
157,161,318
142,152,294
81,141,222
140,109,249
167,87,254
148,102,250
156,93,249
151,83,234
144,108,252
130,106,236
132,96,228
119,86,205
122,85,207
105,112,217
132,98,230
139,84,223
136,95,231
135,91,226
139,93,232
129,133,262
160,140,300
166,145,311
148,149,297
130,154,284
128,171,299
130,171,301
130,175,305
132,170,302
123,166,289
145,148,293
155,144,299
151,149,300
141,154,295
138,156,294
137,152,289
136,145,281
145,134,279
150,122,272
152,105,257
159,96,255
151,143,294
172,105,277
175,92,267
163,117,280
148,101,249
134,108,242
157,84,241
153,118,271
162,109,271
146,102,248
151,83,234
143,87,230
136,84,220
122,87,209
121,92,213
107,97,204
121,94,215
116,90,206
116,96,212
114,110,224
128,104,232
129,97,226
134,95,229
129,91,220
126,85,211
121,84,205
122,105,227
124,115,239
129,113,242
123,111,234
120,101,221
127,98,225
125,99,224
130,87,217
134,96,230
130,124,254
149,109,258
144,108,252
135,123,258
119,122,241
121,112,233
131,104,235
133,94,227
130,94,224
129,89,218
131,79,210
128,110,238
135,108,243
132,103,235
134,98,232
121,100,221
126,98,224
127,93,220
132,106,238
154,84,238
155,80,235
146,91,237
114,118,232
126,118,244
126,113,239
117,108,225
123,101,224
123,99,222
118,94,212
129,88,217
126,88,214
125,95,220
128,97,225
133,101,234
140,111,251
143,111,254
146,107,253
142,122,264
151,123,274
173,126,299
203,98,301
193,84,277
176,101,277
142,104,246
140,93,233
139,92,231
131,92,223
130,85,215
138,110,248
135,108,243
137,102,239
137,92,229
138,103,241
143,100,243
140,97,237
142,102,244
143,100,243
144,92,236
142,92,234
123,102,225
134,99,233
145,98,243
139,94,233
150,92,242
133,89,222
136,89,225
135,102,237
136,95,231
141,86,227
138,90,228
131,105,236
147,120,267
170,95,265
170,96,266
149,95,244
121,92,213
123,91,214
128,93,221
126,95,221
125,98,223
129,96,225
132,90,222
129,90,219
128,87,215
126,79,205
131,112,243
129,115,244
135,97,232
138,90,228
138,81,219
120,126,246
131,136,267
124,139,263
132,142,274
130,124,254
144,104,248
157,100,257
135,94,229
114,85,199
136,110,246
131,119,250
135,110,245
125,104,229
124,98,222
125,92,217
124,97,221
127,98,225
126,109,235
147,102,249
166,87,253
164,110,274
147,104,251
146,99,245
150,100,250
147,107,254
147,105,252
131,102,233
127,98,225
128,100,228
125,99,224
126,128,254
145,233,378
270,134,404
276,138,414
259,125,384
139,121,260
137,120,257
126,116,242
125,109,234
120,104,224
124,107,231
124,110,234
133,100,233
142,98,240
150,85,235
143,83,226
126,79,205
114,93,207
124,107,231
121,107,228
120,99,219
125,99,224
115,101,216
117,101,218
125,99,224
122,96,218
122,95,217
121,91,212
121,96,217
117,109,226
123,106,229
124,103,227
123,101,224
121,102,223
124,98,222
122,93,215
126,106,232
121,116,237
125,121,246
124,120,244
123,118,241
125,119,244
123,122,245
117,128,245
124,131,255
123,129,252
126,132,258
127,132,259
127,125,252
131,124,255
134,118,252
127,115,242
121,115,236
119,122,241
119,124,243
126,130,256
128,132,260
120,128,248
127,129,256
125,126,251
124,123,247
128,120,248
126,119,245
122,117,239
123,110,233
116,106,222
124,107,231
123,102,225
123,99,222
125,96,221
123,98,221
127,111,238
133,118,251
140,133,273
126,135,261
114,140,254
124,142,266
128,152,280
143,154,297
135,171,306
135,181,316
128,175,303
140,156,296
165,142,307
176,154,330
182,161,343
208,144,352
202,141,343
193,143,336
170,144,314
173,159,332
162,172,334
154,169,323
172,149,321
189,133,322
210,133,343
198,137,335
202,128,330
178,182,360
222,156,378
201,162,363
204,201,405
141,220,361
145,224,369
129,260,389
166,216,382
194,211,405
198,190,388
182,218,400
183,224,407
117,236,353
178,201,379
199,189,388
202,196,398
192,133,325
198,116,314
222,105,327
174,135,309
185,318,503
174,309,483
173,288,461
191,281,472
258,193,451
260,166,426
213,145,358
198,122,320
183,102,285
179,117,296
174,105,279
165,101,266
162,104,266
154,98,252
155,116,271
154,102,256
156,107,263
163,101,264
165,113,278
165,106,271
158,96,254
161,124,285
161,114,275
163,99,262
163,113,276
157,101,258
163,115,278
159,104,263
161,120,281
160,110,270
154,103,257
160,92,252
153,113,266
156,101,257
155,127,282
161,110,271
163,97,260
165,109,274
157,98,255
160,125,285
159,110,269
159,97,256
160,114,274
157,101,258
162,116,278
158,104,262
161,109,270
160,98,258
153,128,281
160,117,277
173,110,283
176,98,274
169,125,294
161,153,314
164,140,304
175,116,291
186,109,295
195,92,287
143,183,326
162,161,323
209,94,303
212,176,388
181,189,370
219,139,358
210,258,468
257,235,492
243,226,469
264,180,444
202,179,381
183,170,353
155,176,331
142,183,325
125,181,306
145,217,362
146,213,359
146,243,389
168,206,374
179,199,378
183,195,378
173,166,339
186,180,366
146,189,335
163,174,337
209,122,331
205,127,332
163,153,316
159,154,313
179,145,324
169,137,306
200,310,510
345,194,539
353,194,547
332,199,531
185,190,375
200,185,385
238,152,390
240,170,410
249,157,406
240,129,369
228,129,357
225,140,365
194,141,335
181,128,309
176,119,295
190,126,316
188,132,320
187,182,369
189,176,365
183,150,333
232,116,348
215,95,310
186,117,303
175,113,288
153,102,255
148,193,341
154,187,341
208,141,349
228,242,470
240,225,465
202,196,398
267,158,425
198,153,351
200,174,374
160,192,352
188,172,360
217,118,335
224,142,366
213,132,345
175,96,271
158,96,254
177,117,294
147,121,268
145,175,320
143,169,312
200,117,317
220,169,389
204,187,391
179,173,352
171,201,372
176,190,366
146,188,334
181,149,330
175,149,324
167,193,360
147,204,351
141,201,342
211,129,340
209,128,337
191,168,359
125,185,310
171,162,333
170,171,341
176,175,351
140,169,309
131,192,323
143,233,376
128,257,385
121,265,386
172,237,409
202,217,419
234,178,412
173,160,333
184,140,324
157,123,280
154,141,295
152,134,286
158,117,275
169,90,259
175,120,295
132,120,252
143,127,270
135,174,309
130,197,327
146,189,335
207,153,360
218,153,371
184,175,359
177,147,324
175,149,324
141,140,281
146,140,286
147,132,279
153,121,274
155,142,297
145,138,283
162,132,294
175,163,338
192,159,351
195,121,316
212,120,332
183,122,305
142,120,262
139,121,260
137,128,265
131,163,294
134,167,301
166,162,328
173,163,336
181,151,332
167,132,299
172,132,304
139,136,275
137,139,276
148,165,313
147,157,304
144,158,302
170,349,519
166,365,531
157,360,517
211,298,509
324,183,507
350,178,528
304,166,470
238,111,349
206,131,337
199,138,337
156,154,310
170,146,316
175,134,309
201,128,329
190,118,308
176,140,316
183,170,353
197,161,358
254,133,387
238,125,363
227,106,333
180,123,303
154,138,292
141,150,291
134,151,285
150,143,293
153,139,292
147,157,304
123,187,310
121,193,314
116,199,315
149,169,318
159,173,332
114,186,300
131,234,365
117,243,360
143,242,385
191,228,419
194,216,410
207,203,410
191,176,367
191,210,401
169,244,413
126,246,372
160,218,378
201,172,373
241,182,423
184,197,381
203,193,396
187,236,423
204,256,460
164,232,396
173,267,440
185,209,394
208,194,402
235,184,419
149,237,386
117,236,353
127,234,361
194,170,364
225,133,358
234,121,355
177,111,288
178,92,270
169,81,250
155,95,250
131,96,227
118,92,210
121,90,211
117,93,210
127,88,215
133,88,221
136,85,221
126,89,215
128,122,250
127,140,267
139,137,276
145,143,288
149,146,295
135,149,284
123,164,287
118,174,292
132,167,299
169,141,310
187,115,302
180,110,290
175,105,280
156,128,284
160,145,305
151,156,307
159,153,312
172,135,307
190,106,296
183,88,271
167,112,279
151,107,258
139,100,239
142,120,262
138,142,280
155,145,300
152,136,288
143,146,289
153,142,295
138,139,277
135,140,275
148,132,280
167,131,298
199,107,306
196,107,303
164,100,264
132,98,230
129,93,222
130,91,221
127,86,213
133,163,296
156,158,314
170,170,340
180,180,360
140,179,319
160,173,333
136,175,311
160,165,325
150,161,311
144,160,304
148,164,312
139,176,315
147,174,321
154,165,319
166,144,310
210,107,317
213,105,318
197,112,309
164,143,307
173,142,315
206,273,479
325,162,487
319,172,491
298,184,482
181,179,360
200,176,376
196,162,358
205,149,354
186,146,332
195,150,345
202,127,329
227,143,370
210,124,334
205,180,385
204,165,369
199,176,375
183,196,379
132,209,341
152,226,378
159,224,383
167,220,387
169,203,372
182,182,364
166,171,337
168,162,330
152,155,307
146,153,299
141,146,287
145,135,280
143,136,279
140,128,268
125,126,251
127,126,253
120,131,251
122,130,252
123,122,245
126,120,246
129,113,242
123,118,241
115,115,230
129,111,240
133,108,241
128,105,233
124,105,229
125,112,237
123,115,238
124,110,234
132,103,235
135,99,234
129,98,227
121,97,218
118,91,209
117,95,212
123,94,217
133,112,245
133,126,259
137,130,267
122,140,262
113,151,264
125,151,276
130,150,280
132,145,277
130,148,278
127,152,279
125,168,293
130,168,298
129,174,303
138,176,314
162,142,304
158,158,316
177,165,342
166,144,310
156,146,302
154,138,292
134,136,270
138,125,263
131,130,261
138,126,264
145,107,252
148,101,249
149,85,234
141,151,292
161,123,284
159,115,274
169,99,268
139,148,287
163,160,323
172,138,310
152,140,292
148,116,264
148,114,262
140,199,339
121,285,406
118,293,411
114,296,410
193,222,415
267,152,419
309,112,421
225,153,378
224,119,343
199,106,305
192,140,332
171,113,284
176,109,285
144,107,251
123,102,225
126,104,230
126,109,235
122,115,237
121,120,241
123,119,242
134,111,245
131,111,242
146,94,240
143,94,237
136,107,243
129,99,228
139,90,229
143,97,240
131,100,231
118,94,212
126,88,214
128,88,216
118,88,206
122,88,210
124,89,213
120,93,213
120,93,213
122,93,215
120,92,212
118,87,205
113,87,200
123,86,209
123,78,201
128,94,222
123,94,217
130,90,220
132,91,223
122,92,214
117,97,214
134,90,224
139,98,237
136,99,235
137,98,235
133,93,226
125,91,216
122,91,213
113,91,204
126,87,213
122,84,206
131,102,233
126,110,236
126,116,242
126,135,261
130,143,273
146,128,274
154,132,286
197,130,327
193,129,322
200,126,326
164,138,302
167,145,312
168,152,320
168,155,323
172,142,314
177,138,315
175,125,300
169,118,287
176,128,304
186,111,297
178,109,287
161,155,316
175,178,353
241,122,363
230,139,369
197,143,340
150,134,284
150,137,287
149,139,288
143,146,289
150,138,288
159,132,291
154,134,288
137,134,271
142,132,274
143,143,286
151,143,294
167,153,320
158,157,315
162,147,309
163,136,299
160,143,303
151,152,303
132,164,296
143,180,323
135,194,329
137,192,329
134,186,320
147,179,326
146,180,326
144,186,330
124,185,309
128,181,309
163,155,318
184,128,312
183,129,312
158,129,287
141,130,271
149,116,265
140,113,253
137,115,252
116,112,228
125,108,233
128,106,234
130,116,246
122,124,246
118,134,252
130,140,270
134,140,274
138,139,277
137,141,278
135,154,289
135,164,299
130,208,338
144,211,355
157,217,374
164,207,371
153,213,366
170,185,355
201,155,356
202,157,359
172,155,327
144,157,301
144,159,303
162,143,305
159,152,311
162,158,320
135,163,298
137,168,305
129,173,302
133,177,310
130,179,309
134,188,322
127,198,325
154,175,329
159,178,337
175,174,349
151,182,333
148,187,335
139,189,328
141,189,330
136,193,329
155,181,336
151,187,338
153,191,344
134,195,329
144,179,323
149,177,326
164,169,333
169,160,329
167,167,334
150,173,323
137,177,314
136,174,310
133,183,316
132,183,315
135,176,311
141,179,320
138,188,326
138,178,316
138,183,321
135,184,319
145,175,320
147,172,319
148,173,321
128,183,311
134,182,316
145,172,317
146,179,325
133,188,321
132,191,323
148,186,334
150,195,345
144,200,344
148,185,333
163,173,336
185,165,350
169,180,349
153,194,347
154,188,342
147,183,330
150,198,348
147,210,357
131,205,336
135,188,323
172,143,315
185,143,328
177,145,322
164,134,298
147,152,299
143,219,362
120,234,354
151,237,388
148,231,379
184,192,376
193,170,363
205,178,383
177,171,348
166,161,327
179,157,336
204,134,338
225,135,360
235,139,374
229,114,343
213,112,325
197,103,300
158,103,261
158,119,277
150,130,280
157,139,296
156,134,290
154,121,275
173,99,272
176,128,304
165,140,305
192,119,311
198,108,306
189,105,294
161,151,312
166,157,323
184,158,342
191,145,336
174,152,326
200,169,369
240,113,353
260,136,396
228,124,352
172,111,283
166,150,316
165,128,293
158,130,288
156,138,294
120,142,262
120,145,265
115,146,261
134,157,291
149,158,307
142,154,296
146,159,305
144,167,311
126,196,322
116,230,346
121,234,355
130,224,354
178,178,356
200,154,354
202,150,352
167,145,312
147,134,281
148,127,275
142,119,261
146,103,249
147,113,260
147,106,253
148,104,252
148,117,265
161,146,307
181,141,322
180,140,320
174,130,304
156,124,280
157,124,281
165,113,278
158,180,338
171,160,331
185,164,349
184,154,338
148,154,302
154,162,316
138,175,313
135,190,325
120,197,317
132,201,333
142,200,342
158,212,370
152,228,380
160,209,369
164,195,359
167,197,364
171,187,358
137,186,323
136,185,321
133,173,306
157,178,335
158,186,344
160,183,343
176,167,343
165,182,347
160,206,366
136,212,348
135,216,351
143,240,383
164,207,371
160,206,366
167,186,353
181,167,348
192,133,325
182,123,305
171,109,280
143,98,241
126,107,233
123,109,232
122,103,225
128,94,222
122,94,216
132,96,228
117,117,234
132,120,252
147,121,268
142,125,267
143,127,270
133,128,261
125,126,251
140,105,245
145,100,245
148,105,253
129,122,251
122,121,243
132,112,244
138,109,247
135,109,244
110,110,220
124,121,245
124,134,258
122,135,257
121,133,254
114,139,253
122,144,266
119,148,267
132,153,285
132,170,302
118,170,288
116,176,292
121,170,291
135,178,313
123,171,294
130,163,293
128,159,287
137,162,299
137,170,307
132,180,312
107,189,296
80,197,277
130,178,308
179,184,363
188,186,374
165,208,373
167,216,383
143,229,372
148,230,378
173,201,374
207,200,407
236,181,417
208,169,377
208,144,352
181,146,327
194,176,370
217,276,493
345,144,489
318,130,448
263,119,382
132,95,227
156,153,309
176,145,321
174,128,302
180,111,291
166,100,266
175,125,300
170,105,275
169,106,275
169,121,290
139,128,267
132,129,261
120,123,243
123,111,234
136,107,243
134,133,267
137,149,286
145,148,293
136,160,296
125,164,289
121,176,297
134,183,317
119,185,304
117,181,298
174,123,297
187,136,323
225,129,354
182,130,312
164,140,304
127,142,269
107,152,259
121,156,277
119,167,286
129,164,293
125,157,282
123,153,276
125,147,272
125,164,289
136,150,286
136,157,293
128,156,284
134,141,275
135,137,272
146,146,292
119,142,261
145,131,276
148,123,271
155,108,263
154,119,273
148,123,271
151,115,266
139,111,250
124,111,235
129,107,236
148,115,263
163,104,267
174,128,302
177,274,451
175,264,439
182,236,418
174,247,421
311,136,447
271,163,434
280,128,408
143,124,267
176,116,292
143,121,264
143,111,254
134,111,245
136,120,256
123,117,240
119,115,234
128,106,234
129,108,237
137,102,239
132,115,247
138,114,252
135,111,246
146,97,243
144,92,236
135,97,232
123,118,241
142,137,279
147,152,299
150,154,304
135,169,304
134,166,300
136,153,289
131,147,278
127,134,261
171,147,318
198,140,338
213,126,339
187,157,344
199,133,332
203,122,325
193,105,298
170,92,262
148,166,314
171,151,322
175,131,306
169,120,289
144,139,283
182,108,290
171,97,268
175,145,320
155,152,307
156,150,306
157,135,292
134,189,323
139,195,334
128,203,331
132,201,333
153,174,327
185,144,329
202,182,384
168,186,354
156,195,351
156,181,337
196,132,328
236,166,402
248,139,387
238,135,373
231,160,391
223,159,382
253,137,390
249,114,363
214,135,349
187,135,322
154,123,277
154,114,268
157,128,285
151,152,303
160,139,299
151,123,274
144,115,259
166,113,279
169,113,282
163,108,271
166,118,284
167,120,287
166,129,295
158,135,293
198,141,339
187,137,324
201,121,322
166,123,289
155,119,274
164,134,298
182,131,313
155,120,275
159,114,273
160,106,266
160,101,261
153,128,281
150,129,279
154,125,279
162,103,265
159,129,288
164,122,286
154,120,274
153,110,263
153,109,262
148,115,263
145,111,256
153,106,259
144,101,245
158,154,312
177,143,320
183,127,310
173,117,290
139,115,254
121,151,272
179,128,307
178,123,301
188,115,303
159,107,266
162,100,262
155,100,255
146,87,233
147,118,265
147,132,279
157,108,265
155,108,263
149,99,248
149,89,238
153,116,269
139,122,261
131,120,251
121,107,228
133,96,229
124,93,217
122,113,235
124,111,235
143,108,251
124,109,233
128,121,249
112,122,234
121,116,237
125,107,232
125,98,223
128,95,223
129,131,260
145,130,275
151,127,278
141,128,269
129,126,255
141,117,258
143,123,266
138,127,265
129,118,247
130,116,246
130,119,249
100,113,213
125,113,238
124,106,230
129,112,241
133,115,248
106,110,216
129,112,241
126,111,237
140,102,242
140,94,234
145,93,238
137,95,232
118,88,206
125,123,248
123,148,271
134,149,283
148,149,297
130,167,297
139,152,291
152,131,283
153,124,277
149,108,257
134,106,240
132,132,264
171,148,319
191,134,325
198,136,334
147,150,297
116,143,259
129,130,259
147,113,260
160,96,256
167,119,286
160,120,280
148,114,262
142,115,257
150,106,256
160,95,255
148,98,246
148,101,249
140,117,257
146,113,259
145,172,317
144,202,346
154,191,345
156,192,348
173,177,350
153,201,354
145,221,366
170,230,400
176,240,416
180,260,440
166,255,421
182,226,408
194,219,413
231,186,417
241,170,411
259,150,409
233,136,369
195,135,330
183,131,314
165,136,301
157,140,297
137,150,287
133,153,286
136,138,274
149,122,271
147,108,255
145,94,239
141,95,236
137,94,231
134,112,246
136,120,256
138,115,253
133,113,246
132,120,252
123,127,250
130,126,256
133,133,266
134,117,251
156,97,253
149,110,259
161,106,267
134,95,229
135,86,221
135,113,248
142,116,258
142,116,258
136,111,247
130,112,242
125,110,235
130,113,243
125,107,232
125,110,235
133,130,263
131,136,267
128,136,264
122,115,237
141,102,243
135,94,229
135,114,249
146,111,257
139,96,235
143,117,260
147,111,258
129,104,233
133,101,234
125,96,221
139,124,263
137,120,257
147,101,248
159,86,245
146,114,260
141,134,275
140,120,260
148,109,257
148,107,255
143,98,241
148,122,270
142,121,263
138,115,253
157,150,307
180,121,301
186,103,289
171,132,303
159,119,278
159,115,274
157,110,267
125,107,232
101,106,207
131,108,239
127,109,236
139,96,235
136,88,224
120,88,208
131,90,221
118,119,237
139,117,256
153,102,255
163,91,254
154,144,298
164,131,295
174,118,292
179,134,313
155,124,279
149,127,276
167,111,278
172,103,275
177,95,272
152,125,277
148,114,262
149,118,267
137,111,248
145,96,241
145,85,230
134,123,257
153,104,257
169,113,282
195,105,300
177,92,269
168,80,248
132,108,240
133,117,250
158,121,279
190,112,302
189,105,294
176,95,271
158,103,261
145,114,259
137,133,270
145,140,285
176,94,270
192,106,298
187,136,323
145,130,275
141,127,268
136,137,273
132,147,279
118,154,272
136,151,287
134,150,284
132,161,293
112,174,286
115,180,295
112,181,293
130,187,317
141,178,319
143,185,328
167,183,350
155,180,335
145,174,319
145,155,300
152,144,296
159,130,289
163,118,281
164,109,273
174,106,280
164,141,305
156,150,306
169,150,319
194,160,354
207,136,343
234,114,348
213,112,325
192,130,322
176,179,355
211,152,363
219,138,357
237,165,402
221,142,363
227,119,346
195,108,303
168,101,269
165,107,272
164,108,272
163,97,260
157,116,273
157,114,271
151,115,266
155,113,268
149,111,260
150,114,264
142,111,253
142,109,251
146,111,257
146,106,252
144,107,251
154,103,257
150,129,279
157,146,303
152,152,304
161,154,315
160,163,323
166,166,332
159,180,339
169,181,350
164,193,357
164,204,368
163,234,397
278,228,506
366,202,568
438,118,556
341,179,520
243,178,421
179,199,378
157,204,361
87,203,290
132,190,322
179,158,337
183,163,346
163,164,327
134,162,296
137,156,293
140,155,295
142,152,294
137,150,287
141,146,287
141,142,283
141,141,282
136,136,272
137,158,295
129,174,303
132,174,306
136,163,299
158,142,300
157,141,298
146,143,289
131,142,273
133,138,271
136,143,279
138,136,274
132,148,280
128,172,300
137,174,311
144,170,314
156,170,326
151,163,314
140,182,322
146,178,324
133,247,380
142,317,459
136,332,468
129,338,467
233,230,463
300,170,470
324,162,486
241,130,371
209,112,321
189,112,301
157,110,267
130,131,261
131,144,275
124,150,274
131,152,283
138,159,297
142,165,307
139,178,317
156,176,332
143,179,322
138,188,326
140,193,333
166,201,367
153,208,361
149,207,356
143,188,331
165,179,344
200,143,343
203,120,323
211,119,330
186,110,296
180,112,292
153,116,269
141,119,260
124,119,243
123,125,248
122,124,246
124,116,240
122,118,240
114,116,230
125,112,237
128,115,243
130,129,259
132,133,265
124,145,269
117,151,268
138,157,295
136,164,300
145,158,303
131,222,353
146,233,379
133,243,376
146,249,395
185,193,378
220,175,395
229,177,406
202,170,372
200,157,357
233,142,375
237,148,385
238,147,385
218,137,355
175,127,302
177,160,337
194,138,332
204,134,338
182,138,320
184,147,331
208,130,338
199,111,310
186,101,287
155,95,250
139,84,223
145,144,289
149,135,284
157,137,294
143,132,275
147,105,252
164,89,253
172,126,298
167,117,284
185,117,302
186,113,299
159,117,276
140,128,268
149,134,283
142,135,277
140,157,297
124,190,314
117,209,326
115,212,327
112,218,330
177,171,348
204,151,355
212,168,380
169,181,350
143,208,351
139,219,358
123,224,347
160,193,353
198,155,353
205,154,359
185,156,341
143,157,300
138,150,288
130,149,279
126,145,271
125,153,278
119,160,279
121,164,285
118,176,294
114,192,306
127,183,310
112,182,294
137,150,287
198,94,292
200,83,283
186,129,315
134,124,258
146,101,247
163,85,248
153,103,256
146,115,261
161,124,285
164,135,299
159,187,346
142,215,357
126,216,342
140,211,351
152,188,340
161,172,333
174,163,337
165,165,330
143,167,310
141,155,296
147,147,294
159,129,288
157,128,285
155,127,282
140,134,274
128,141,269
147,124,271
153,121,274
166,123,289
152,128,280
147,128,275
139,121,260
143,124,267
147,120,267
134,120,254
123,120,243
138,115,253
136,107,243
124,96,220
129,95,224
132,130,262
142,133,275
153,127,280
153,128,281
140,135,275
131,134,265
120,130,250
108,124,232
122,116,238
125,120,245
129,136,265
142,109,251
164,106,270
160,91,251
145,156,301
175,141,316
167,142,309
165,142,307
155,112,267
177,100,277
177,103,280
160,134,294
158,124,282
150,108,258
161,88,249
144,168,312
146,171,317
157,153,310
154,164,318
105,181,286
132,177,309
120,181,301
136,190,326
115,186,301
140,184,324
125,173,298
174,123,297
203,95,298
193,124,317
172,125,297
154,113,267
155,175,330
187,130,317
188,119,307
219,156,375
186,138,324
208,138,346
218,193,411
205,194,399
255,155,410
210,158,368
157,171,328
146,153,299
190,169,359
251,140,391
251,131,382
257,131,388
198,117,315
176,115,291
153,116,269
142,129,271
130,134,264
111,143,254
119,143,262
121,145,266
114,152,266
116,149,265
121,158,279
122,163,285
120,170,290
105,163,268
126,169,295
140,160,300
185,130,315
210,97,307
194,100,294
154,122,276
133,139,272
148,136,284
151,140,291
141,150,291
125,161,286
119,166,285
125,181,306
119,204,323
133,194,327
127,200,327
155,197,352
152,205,357
152,212,364
136,205,341
165,158,323
193,147,340
200,126,326
167,135,302
190,106,296
183,107,290
159,124,283
128,129,257
127,126,253
131,136,267
148,149,297
146,155,301
141,166,307
137,164,301
156,158,314
187,159,346
182,154,336
178,169,347
170,156,326
201,151,352
202,159,361
215,156,371
179,149,328
189,122,311
185,98,283
190,117,307
167,115,282
158,120,278
150,117,267
140,114,254
128,115,243
148,110,258
163,117,280
171,105,276
169,114,283
150,126,276
142,123,265
147,110,257
138,90,228
135,85,220
110,116,226
129,102,231
141,101,242
131,95,226
139,134,273
152,132,284
155,119,274
156,107,263
155,89,244
147,109,256
150,114,264
147,133,280
143,138,281
134,141,275
129,144,273
126,145,271
129,140,269
180,96,276
179,122,301
193,124,317
166,116,282
164,104,268
162,146,308
231,108,339
232,105,337
214,112,326
177,98,275
129,98,227
128,102,230
129,103,232
141,92,233
149,137,286
149,133,282
134,128,262
148,116,264
128,112,240
152,105,257
145,125,270
138,110,248
169,106,275
164,151,315
156,142,298
168,169,337
210,135,345
230,164,394
260,167,427
235,156,391
255,145,400
231,152,383
256,131,387
224,154,378
220,168,388
190,170,360
223,125,348
193,125,318
202,115,317
165,167,332
186,150,336
183,142,325
183,138,321
147,134,281
144,124,268
143,121,264
146,118,264
172,112,284
174,105,279
169,93,262
152,122,274
147,125,272
154,113,267
148,97,245
155,112,267
144,126,270
151,134,285
147,121,268
149,112,261
152,108,260
147,97,244
158,110,268
146,116,262
148,110,258
152,91,243
147,123,270
157,115,272
143,110,253
149,105,254
144,112,256
149,110,259
145,115,260
159,100,259
152,102,254
144,104,248
123,103,226
122,114,236
121,137,258
113,154,267
123,156,279
121,180,301
127,198,325
119,205,324
133,202,335
144,194,338
164,180,344
167,177,344
150,176,326
135,172,307
132,172,304
134,171,305
132,175,307
119,181,300
129,179,308
143,165,308
154,165,319
146,165,311
134,167,301
126,164,290
132,156,288
138,164,302
134,164,298
119,166,285
125,169,294
149,155,304
146,152,298
144,164,308
131,183,314
116,185,301
143,255,398
294,111,405
304,132,436
315,120,435
181,102,283
170,100,270
162,87,249
145,131,276
153,127,280
150,110,260
147,110,257
148,120,268
165,113,278
168,111,279
156,109,265
146,112,258
146,105,251
145,86,231
144,104,248
131,106,237
138,104,242
137,92,229
146,113,259
156,108,264
151,104,255
150,126,276
151,125,276
166,109,275
155,104,259
179,120,299
183,153,336
169,154,323
136,161,297
134,304,438
138,319,457
116,318,434
195,248,443
267,164,431
304,112,416
222,120,342
202,120,322
175,123,298
164,112,276
153,114,267
188,123,311
195,108,303
199,112,311
166,97,263
141,145,286
153,120,273
153,112,265
150,105,255
130,139,269
156,171,327
156,193,349
148,210,358
143,214,357
128,212,340
152,221,373
180,207,387
187,213,400
180,212,392
170,209,379
168,213,381
177,211,388
180,207,387
187,193,380
167,187,354
197,158,355
211,149,360
213,149,362
196,150,346
170,147,317
191,116,307
191,110,301
183,109,292
166,118,284
167,116,283
164,115,279
160,155,315
179,129,308
189,121,310
208,108,316
172,123,295
179,111,290
140,99,239
153,84,237
149,123,272
142,118,260
136,123,259
147,129,276
151,133,284
148,156,304
124,164,288
133,173,306
144,167,311
143,152,295
151,125,276
162,104,266
163,100,263
146,94,240
143,96,239
149,95,244
144,87,231
134,125,259
131,152,283
140,138,278
142,117,259
149,106,255
155,114,269
186,111,297
191,119,310
196,104,300
174,109,283
178,117,295
144,106,250
140,140,280
167,148,315
161,150,311
165,142,307
135,135,270
149,113,262
154,96,250
165,124,289
152,117,269
152,110,262
143,107,250
172,119,291
182,157,339
181,143,324
197,115,312
179,125,304
186,125,311
171,147,318
153,161,314
152,164,316
168,177,345
189,190,379
172,195,367
144,199,343
166,168,334
166,175,341
163,184,347
127,226,353
135,215,350
138,207,345
136,192,328
181,146,327
189,139,328
163,136,299
148,114,262
158,97,255
147,95,242
139,147,286
154,120,274
162,103,265
154,94,248
123,114,237
138,106,244
143,101,244
152,120,272
148,118,266
150,105,255
164,115,279
162,129,291
147,126,273
146,113,259
144,93,237
147,131,278
169,136,305
184,116,300
197,98,295
169,119,288
151,133,284
137,142,279
135,151,286
125,157,282
130,157,287
136,163,299
140,167,307
128,176,304
131,181,312
125,186,311
131,191,322
131,192,323
154,178,332
160,183,343
158,180,338
141,184,325
136,193,329
152,176,328
147,182,329
145,183,328
138,221,359
139,226,365
140,233,373
131,242,373
186,190,376
191,186,377
197,189,386
141,197,338
143,210,353
147,212,359
147,241,388
152,248,400
177,228,405
196,218,414
212,215,427
191,234,425
174,229,403
175,216,391
173,205,378
206,174,380
233,161,394
271,155,426
253,132,385
235,111,346
183,112,295
166,105,271
152,109,261
150,109,259
139,108,247
145,107,252
144,105,249
143,104,247
142,110,252
142,109,251
143,112,255
143,113,256
142,116,258
141,128,269
146,129,275
147,142,289
157,135,292
161,126,287
163,125,288
151,130,281
150,124,274
153,122,275
155,117,272
151,118,269
160,105,265
165,88,253
168,134,302
155,132,287
151,118,269
153,111,264
152,114,266
175,139,314
191,107,298
213,126,339
189,118,307
168,117,285
145,114,259
136,113,249
129,102,231
144,80,224
148,111,259
138,101,239
118,99,217
120,93,213
129,94,223
142,93,235
123,101,224
143,78,221
141,106,247
147,90,237
128,96,224
141,138,279
157,108,265
182,95,277
184,112,296
157,119,276
146,118,264
164,108,272
167,103,270
158,106,264
148,111,259
108,111,219
117,111,228
127,123,250
134,115,249
142,109,251
135,120,255
107,118,225
131,111,242
118,111,229
118,104,222
128,121,249
135,143,278
109,156,265
125,158,283
118,156,274
142,153,295
144,162,306
156,173,329
146,189,335
135,189,324
130,204,334
134,209,343
139,182,321
160,175,335
176,162,338
163,154,317
166,174,340
155,192,347
149,199,348
167,167,334
202,136,338
196,137,333
169,134,303
148,122,270
136,119,255
142,119,261
128,119,247
128,119,247
135,113,248
102,107,209
127,105,232
120,115,235
129,139,268
125,147,272
130,153,283
135,161,296
134,172,306
128,177,305
135,191,326
126,203,329
122,209,331
131,190,321
158,169,327
166,150,316
158,138,296
152,123,275
147,127,274
143,135,278
129,140,269
128,137,265
134,137,271
133,139,272
120,161,281
126,172,298
131,184,315
135,217,352
123,243,366
120,252,372
205,182,387
271,120,391
275,116,391
202,118,320
144,131,275
151,124,275
150,117,267
163,115,278
169,151,320
175,163,338
197,138,335
221,150,371
207,143,350
223,152,375
231,143,374
241,131,372
228,197,425
224,175,399
187,176,363
186,166,352
116,156,272
154,143,297
142,136,278
152,128,280
150,124,274
143,122,265
148,113,261
157,102,259
160,90,250
153,159,312
145,163,308
158,148,306
156,148,304
90,158,248
118,156,274
119,160,279
124,182,306
125,208,333
114,213,327
123,203,326
145,196,341
175,155,330
198,135,333
185,106,291
184,107,291
180,99,279
155,148,303
158,151,309
157,152,309
182,123,305
195,139,334
204,137,341
178,142,320
143,157,300
129,161,290
127,160,287
142,157,299
128,155,283
144,180,324
140,182,322
150,190,340
146,177,323
142,160,302
146,158,304
157,148,305
145,148,293
142,143,285
132,175,307
132,196,328
128,211,339
126,223,349
147,224,371
154,227,381
197,178,375
221,135,356
214,116,330
197,92,289
165,138,303
167,126,293
150,120,270
144,118,262
129,152,281
189,126,315
199,107,306
183,127,310
153,146,299
156,153,309
161,139,300
175,116,291
177,105,282
172,143,315
188,158,346
203,151,354
246,173,419
239,163,402
231,150,381
207,180,387
178,224,402
165,261,426
226,214,440
247,187,434
263,163,426
220,140,360
193,147,340
160,157,317
130,138,268
153,131,284
151,131,282
137,145,282
127,173,300
123,259,382
287,117,404
326,145,471
344,122,466
188,104,292
159,107,266
157,115,272
158,121,279
146,131,277
150,118,268
152,97,249
155,95,250
148,135,283
163,119,282
191,159,350
197,151,348
186,153,339
122,163,285
102,152,254
130,187,317
128,297,425
121,309,430
120,323,443
215,256,471
257,227,484
284,246,530
210,241,451
197,223,420
216,202,418
227,166,393
233,142,375
225,147,372
229,140,369
241,107,348
226,147,373
196,162,358
150,167,317
137,160,297
126,151,277
129,153,282
124,158,282
116,153,269
122,165,287
135,161,296
113,181,294
129,177,306
129,200,329
129,230,359
130,221,351
136,235,371
188,197,385
169,208,377
180,210,390
146,200,346
160,188,348
165,193,358
139,189,328
156,162,318
166,147,313
181,127,308
165,107,272
158,104,262
137,99,236
121,95,216
121,97,218
119,97,216
123,127,250
127,138,265
132,135,267
152,130,282
136,130,266
143,128,271
148,122,270
187,102,289
192,117,309
178,133,311
175,122,297
180,116,296
153,135,288
134,138,272
134,141,275
135,143,278
109,158,267
120,162,282
129,166,295
130,172,302
121,175,296
126,183,309
128,188,316
133,175,308
137,178,315
144,171,315
132,175,307
131,175,306
120,180,300
136,170,306
169,138,307
169,133,302
173,126,299
141,124,265
124,119,243
154,99,253
162,94,256
144,106,250
145,105,250
128,109,237
135,114,249
131,104,235
144,90,234
145,117,262
126,122,248
141,124,265
142,131,273
139,143,282
127,152,279
128,156,284
136,157,293
138,156,294
131,158,289
142,156,298
136,156,292
133,150,283
131,143,274
133,140,273
130,138,268
141,132,273
141,129,270
138,119,257
131,125,256
135,133,268
115,134,249
125,132,257
129,138,267
127,134,261
102,137,239
124,129,253
134,134,268
135,133,268
128,135,263
145,107,252
161,92,253
158,120,278
144,140,284
136,133,269
143,115,258
148,105,253
140,132,272
156,121,277
190,105,295
209,113,322
194,100,294
173,148,321
149,138,287
160,120,280
164,98,262
159,104,263
156,93,249
163,107,270
166,119,285
205,130,335
234,134,368
224,116,340
201,105,306
167,93,260
162,147,309
200,117,317
208,101,309
204,125,329
166,142,308
172,139,311
208,163,371
206,156,362
220,131,351
208,160,368
224,149,373
198,160,358
192,160,352
163,176,339
175,169,344
193,148,341
198,130,328
177,122,299
152,105,257
142,111,253
134,125,259
118,141,259
121,154,275
130,153,283
137,142,279
144,124,268
158,101,259
146,94,240
138,108,246
134,111,245
141,104,245
150,130,280
150,127,277
129,124,253
142,137,279
118,155,273
136,151,287
134,146,280
159,143,302
147,153,300
168,111,279
181,103,284
180,99,279
155,126,281
149,122,271
151,106,257
162,94,256
151,83,234
150,124,274
151,118,269
156,112,268
162,111,273
148,105,253
131,109,240
140,171,311
173,145,318
178,147,325
164,156,320
142,153,295
146,152,298
156,134,290
155,120,275
163,101,264
158,90,248
151,156,307
156,152,308
167,139,306
161,142,303
114,149,263
134,135,269
148,117,265
157,117,274
154,108,262
141,108,249
144,112,256
144,143,287
159,153,312
141,179,320
128,183,311
119,174,293
134,154,288
141,161,302
138,172,310
124,181,305
114,195,309
132,187,319
144,192,336
154,190,344
150,187,337
134,185,319
143,171,314
140,173,313
141,186,327
123,188,311
156,149,305
175,132,307
203,135,338
206,135,341
216,140,356
228,111,339
190,134,324
201,168,369
211,160,371
246,134,380
244,147,391
248,107,355
216,95,311
188,115,303
151,113,264
139,120,259
154,122,276
181,99,280
177,127,304
213,101,314
177,100,277
186,125,311
151,117,268
147,106,253
172,118,290
170,126,296
169,109,278
160,120,280
181,139,320
178,138,316
165,129,294
141,125,266
126,124,250
137,115,252
142,95,237
151,110,261
156,101,257
150,90,240
145,99,244
139,110,249
135,101,236
137,97,234
144,83,227
140,124,264
136,135,271
132,206,338
130,226,356
125,221,346
132,233,365
182,193,375
214,168,382
238,168,406
192,162,354
152,187,339
149,210,359
177,187,364
210,159,369
232,149,381
241,138,379
231,197,428
266,170,436
234,165,399
226,149,375
169,130,299
193,130,323
167,163,330
137,181,318
123,184,307
138,179,317
139,176,315
133,171,304
132,169,301
134,177,311
128,180,308
120,182,302
133,182,315
152,167,319
164,161,325
147,162,309
138,174,312
131,185,316
129,178,307
131,187,318
144,179,323
140,195,335
131,202,333
124,205,329
149,194,343
172,176,348
188,154,342
176,142,318
160,140,300
139,147,286
104,151,255
122,142,264
133,153,286
133,150,283
132,159,291
115,155,270
123,143,266
115,144,259
126,137,263
100,132,232
134,125,259
123,125,248
129,124,253
127,120,247
130,107,237
132,104,236
130,133,263
123,144,267
129,161,290
140,165,305
126,162,288
135,159,294
121,164,285
114,157,271
130,156,286
133,147,280
131,144,275
128,147,275
121,145,266
101,155,256
127,154,281
102,153,255
116,177,293
124,171,295
123,177,300
126,178,304
167,138,305
169,137,306
174,135,309
132,134,266
127,134,261
131,130,261
129,133,262
132,135,267
131,139,270
133,135,268
132,131,263
132,129,261
136,123,259
149,113,262
151,109,260
142,111,253
130,115,245
127,114,241
124,116,240
124,116,240
126,115,241
125,114,239
127,113,240
124,115,239
127,115,242
125,113,238
125,115,240
123,117,240
128,115,243
127,113,240
127,114,241
123,122,245
126,118,244
126,119,245
126,118,244
124,119,243
122,131,253
125,150,275
124,152,276
181,119,300
202,99,301
207,94,301
154,91,245
130,89,219
136,87,223
136,82,218
131,111,242
132,115,247
132,114,246
134,114,248
127,112,239
126,116,242
124,114,238
123,118,241
123,125,248
127,119,246
126,118,244
137,111,248
138,109,247
140,110,250
134,110,244
135,109,244
133,108,241
129,104,233
129,101,230
131,100,231
131,102,233
129,98,227
124,101,225
133,104,237
132,140,272
144,140,284
148,133,281
150,220,370
238,193,431
319,135,454
347,171,518
257,137,394
217,137,354
199,184,383
181,519,700
187,506,693
194,512,706
497,176,673
506,144,650
403,138,541
167,139,306
131,138,269
126,150,276
125,155,280
143,161,304
136,166,302
137,179,316
129,171,300
130,181,311
120,185,305
155,169,324
161,173,334
185,168,353
156,167,323
140,168,308
131,158,289
160,145,305
166,138,304
157,141,298
131,152,283
138,150,288
139,156,295
146,152,298
134,151,285
152,136,288
165,131,296
192,97,289
185,104,289
166,106,272
134,97,231
139,95,234
119,101,220
137,137,274
151,123,274
162,130,292
151,125,276
122,132,254
100,132,232
121,129,250
128,136,264
136,141,277
130,147,277
125,152,277
116,158,274
126,145,271
124,151,275
129,155,284
105,159,264
111,154,265
120,169,289
102,182,284
110,195,305
132,201,333
125,209,334
165,168,333
184,149,333
209,111,320
184,100,284
160,94,254
153,172,325
153,165,318
142,175,317
152,158,310
93,150,243
133,141,274
155,119,274
145,117,262
126,113,239
163,132,295
157,125,282
143,117,260
170,107,277
169,113,282
152,116,268
128,127,255
121,152,273
101,161,262
120,157,277
124,170,294
124,167,291
86,165,251
100,163,263
146,149,295
119,127,246
158,104,262
176,95,271
164,107,271
151,115,266
149,141,290
186,110,296
183,95,278
178,146,324
150,154,304
146,164,310
154,160,314
151,162,313
164,156,320
150,145,295
165,122,287
180,101,281
181,130,311
175,111,286
162,98,260
167,135,302
138,126,264
175,161,336
174,159,333
192,176,368
257,112,369
252,89,341
212,134,346
173,137,310
199,143,342
206,125,331
167,117,284
181,107,288
171,134,305
179,155,334
175,155,330
148,140,288
155,124,279
161,106,267
142,121,263
153,106,259
152,142,294
143,148,291
162,159,321
190,150,340
208,126,334
224,166,390
218,151,369
209,123,332
208,92,300
179,89,268
156,123,279
145,120,265
128,131,259
139,139,278
133,148,281
132,164,296
139,167,306
131,177,308
109,192,301
123,207,330
121,229,350
144,236,380
145,234,379
165,216,381
188,196,384
182,172,354
154,177,331
145,188,333
137,162,299
168,160,328
174,158,332
158,141,299
155,143,298
164,134,298
166,119,285
164,100,264
168,81,249
156,181,337
138,187,325
173,180,353
160,189,349
119,186,305
125,184,309
148,165,313
130,172,302
137,171,308
143,177,320
116,202,318
132,207,339
114,205,319
160,177,337
147,166,313
185,131,316
166,135,301
160,143,303
119,138,257
133,142,275
133,141,274
112,147,259
88,145,233
120,134,254
110,128,238
130,133,263
108,143,251
116,153,269
105,158,263
126,161,287
117,156,273
118,149,267
114,145,259
154,107,261
157,135,292
175,125,300
149,112,261
138,105,243
125,97,222
127,91,218
131,110,241
147,108,255
149,100,249
138,97,235
139,89,228
142,125,267
147,124,271
146,114,260
173,160,333
190,135,325
193,122,315
170,117,287
124,96,220
160,126,286
166,116,282
146,113,259
163,84,247
152,120,272
160,125,285
149,155,304
138,155,293
167,119,286
175,137,312
202,114,316
184,102,286
175,124,299
157,112,269
168,108,276
179,113,292
167,105,272
150,107,257
147,95,242
152,140,292
165,135,300
144,129,273
137,127,264
111,116,227
139,127,266
121,133,254
125,147,272
119,147,266
125,137,262
120,153,273
125,163,288
114,161,275
125,171,296
128,169,297
127,182,309
121,186,307
124,198,322
105,204,309
149,186,335
162,183,345
149,182,331
141,173,314
138,165,303
139,164,303
134,179,313
120,178,298
124,173,297
126,166,292
157,126,283
169,114,283
196,134,330
161,136,297
162,131,293
143,140,283
133,151,284
132,159,291
129,152,281
135,160,295
137,165,302
132,155,287
135,142,277
143,129,272
140,123,263
134,118,252
132,110,242
136,142,278
156,137,293
185,118,303
202,109,311
185,110,295
165,98,263
150,89,239
142,94,236
134,91,225
118,92,210
125,93,218
121,98,219
128,105,233
130,123,253
155,105,260
145,97,242
158,83,241
147,104,251
150,93,243
147,130,277
182,94,276
176,87,263
166,82,248
132,90,222
129,103,232
135,103,238
140,101,241
136,108,244
131,105,236
112,99,211
129,94,223
135,80,215
133,89,222
132,85,217
117,121,238
132,121,253
130,110,240
138,106,244
127,117,244
125,123,248
125,127,252
135,126,261
150,127,277
153,125,278
147,127,274
151,114,265
152,113,265
161,117,278
151,111,262
142,112,254
136,99,235
132,98,230
131,94,225
121,90,211
121,90,211
114,95,209
120,93,213
127,95,222
129,142,271
155,135,290
161,132,293
164,136,300
127,139,266
127,143,270
132,140,272
132,142,274
136,141,277
113,161,274
122,175,297
122,177,299
125,176,301
123,182,305
147,152,299
168,145,313
177,137,314
152,122,274
155,127,282
140,133,273
117,131,248
117,130,247
127,137,264
123,149,272
123,148,271
118,164,282
122,178,300
125,179,304
119,179,298
127,187,314
129,176,305
148,194,342
147,203,350
113,201,314
150,175,325
148,177,325
157,177,334
135,177,312
137,162,299
143,150,293
134,153,287
136,153,289
126,148,274
124,142,266
121,139,260
125,134,259
132,122,254
132,116,248
128,109,237
123,102,225
122,96,218
126,93,219
128,91,219
132,82,214
133,89,222
132,87,219
127,122,249
151,99,250
167,113,280
162,125,287
145,135,280
125,148,273
123,150,273
107,157,264
129,154,283
120,158,278
129,156,285
117,163,280
121,159,280
124,159,283
115,158,273
147,131,278
150,119,269
163,110,273
151,105,256
154,106,260
146,115,261
136,123,259
112,146,258
122,172,294
126,183,309
131,187,318
136,195,331
135,197,332
146,206,352
145,230,375
152,236,388
144,245,389
176,230,406
193,218,411
221,211,432
201,218,419
198,216,414
227,193,420
204,200,404
178,188,366
147,214,361
148,295,443
144,333,477
151,324,475
155,300,455
309,145,454
321,114,435
310,101,411
181,131,312
181,109,290
160,101,261
148,98,246
129,92,221
132,155,287
158,198,356
251,84,335
258,120,378
243,125,368
148,111,259
151,108,259
147,102,249
138,96,234
140,107,247
146,98,244
146,93,239
147,85,232
137,99,236
146,89,235
144,88,232
144,106,250
138,98,236
133,92,225
134,81,215
129,94,223
136,103,239
139,106,245
141,107,248
145,104,249
138,125,263
155,102,257
154,98,252
146,98,244
120,100,220
126,97,223
124,91,215
127,87,214
122,87,209
120,84,204
121,78,199
116,110,226
122,122,244
119,128,247
123,133,256
120,131,251
125,135,260
117,139,256
122,139,261
121,144,265
124,146,270
121,149,270
125,152,277
125,154,279
123,150,273
118,146,264
124,141,265
123,134,257
122,132,254
124,125,249
123,125,248
116,123,239
124,116,240
117,111,228
121,106,227
123,99,222
123,98,221
120,92,212
126,87,213
126,85,211
125,114,239
129,106,235
128,102,230
130,111,241
117,106,223
124,101,225
122,96,218
122,91,213
122,90,212
120,84,204
116,81,197
120,82,202
121,78,199
126,95,221
123,92,215
129,82,211
127,116,243
131,106,237
129,110,239
128,118,246
117,132,249
124,136,260
122,135,257
121,131,252
129,128,257
130,124,254
134,116,250
123,109,232
119,105,224
123,102,225
122,96,218
116,98,214
130,87,217
132,76,208
135,90,225
128,89,217
120,87,207
131,98,229
126,103,229
131,110,241
121,116,237
121,117,238
124,118,242
113,122,235
120,124,244
125,124,249
124,122,246
123,117,240
127,118,245
116,119,235
117,122,239
121,118,239
121,120,241
125,119,244
125,121,246
116,117,233
122,120,242
122,118,240
112,118,230
123,123,246
121,128,249
122,129,251
125,128,253
121,127,248
119,126,245
124,122,246
125,120,245
122,125,247
126,130,256
123,138,261
123,141,264
125,139,264
127,152,279
117,150,267
121,173,294
127,189,316
121,203,324
126,217,343
138,233,371
166,221,387
177,251,428
193,227,420
180,242,422
179,245,424
196,221,417
200,232,432
191,245,436
170,232,402
164,233,397
189,213,402
175,203,378
170,193,363
185,152,337
187,140,327
172,137,309
131,138,269
125,136,261
120,132,252
115,131,246
123,131,254
121,136,257
127,133,260
127,127,254
134,115,249
125,111,236
126,114,240
122,113,235
120,111,231
120,113,233
120,112,232
122,106,228
122,113,235
121,133,254
122,146,268
135,153,288
139,146,285
173,140,313
203,126,329
223,102,325
197,116,313
169,101,270
164,113,277
164,102,266
157,102,259
164,102,266
162,132,294
167,160,327
164,150,314
179,119,298
187,99,286
186,112,298
166,100,266
164,117,281
157,107,264
161,100,261
165,113,278
155,103,258
162,112,274
159,100,259
156,119,275
173,100,273
165,103,268
169,112,281
160,99,259
163,112,275
151,99,250
157,112,269
161,101,262
156,111,267
163,101,264
153,113,266
159,100,259
153,111,264
159,100,259
155,113,268
163,101,264
158,112,270
160,99,259
156,110,266
162,100,262
157,100,257
159,113,272
159,101,260
162,117,279
158,108,266
161,97,258
155,113,268
156,109,265
150,112,262
145,112,257
140,112,252
147,138,285
144,138,282
154,121,275
158,108,266
168,116,284
160,108,268
171,90,261
162,120,282
160,121,281
151,123,274
150,144,294
151,126,277
155,107,262
156,93,249
138,94,232
144,127,271
145,116,261
152,104,256
155,103,258
143,134,277
178,113,291
181,102,283
165,100,265
149,121,270
162,110,272
160,111,271
155,111,266
139,108,247
134,104,238
139,99,238
132,103,235
143,96,239
140,96,236
141,130,271
158,132,290
161,133,294
195,88,283
174,92,266
162,105,267
134,97,231
140,117,257
141,127,268
145,125,270
149,130,279
164,114,278
160,150,310
146,163,309
126,170,296
155,193,348
177,190,367
176,184,360
192,169,361
188,173,361
177,163,340
156,155,311
150,169,319
184,169,353
228,145,373
242,149,391
205,145,350
177,142,319
193,130,323
171,131,302
163,124,287
137,105,242
149,100,249
155,117,272
139,126,265
152,118,270
155,105,260
149,104,253
146,110,256
141,109,250
142,126,268
159,125,284
155,110,265
154,115,269
170,111,281
162,108,270
142,122,264
127,124,251
123,116,239
117,109,226
132,107,239
128,113,241
119,116,235
121,123,244
122,133,255
124,144,268
127,147,274
124,138,262
138,133,271
139,137,276
126,136,262
132,132,264
140,119,259
143,115,258
156,142,298
176,137,313
174,127,301
160,144,304
137,145,282
131,155,286
136,144,280
162,112,274
177,90,267
181,92,273
152,100,252
116,114,230
141,109,250
170,87,257
170,117,287
153,100,253
153,115,268
150,104,254
149,100,249
152,91,243
143,128,271
160,150,310
187,133,320
224,110,334
204,110,314
160,109,269
134,113,247
129,127,256
136,128,264
143,115,258
140,119,259
135,124,259
108,128,236
120,173,293
124,179,303
118,179,297
135,174,309
159,152,311
160,144,304
167,145,312
144,152,296
144,146,290
142,151,293
143,138,281
145,123,268
160,118,278
179,110,289
167,100,267
169,103,272
138,111,249
152,126,278
169,99,268
170,85,255
168,103,271
146,100,246
143,171,314
163,163,326
157,192,349
147,203,350
94,200,294
132,191,323
152,183,335
154,173,327
174,169,343
152,163,315
147,163,310
126,185,311
138,191,329
179,143,322
205,111,316
201,91,292
179,92,271
149,99,248
132,124,256
154,99,253
157,89,246
154,86,240
120,82,202
117,92,209
119,99,218
125,100,225
132,144,276
146,137,283
161,135,296
148,142,290
127,143,270
119,147,266
119,157,276
122,167,289
124,188,312
120,196,316
126,280,406
124,314,438
152,396,548
158,406,564
265,317,582
360,189,549
366,193,559
141,208,349
150,210,360
154,203,357
150,206,356
167,189,356
163,197,360
139,213,352
146,208,354
142,197,339
176,163,339
169,155,324
173,144,317
150,150,300
150,151,301
147,142,289
147,130,277
146,114,260
140,100,240
137,89,226
143,103,246
147,112,259
152,94,246
152,106,258
154,118,272
133,133,266
134,134,268
146,120,266
149,115,264
151,107,258
159,92,251
140,126,266
159,127,286
177,101,278
187,90,277
173,116,289
146,160,306
172,235,407
296,106,402
291,97,388
265,152,417
165,119,284
173,105,278
180,132,312
148,122,270
169,91,260
181,100,281
164,87,251
157,118,275
156,115,271
155,101,256
156,125,281
150,120,270
152,107,259
153,89,242
146,99,245
155,84,239
153,131,284
152,115,267
156,104,260
156,116,272
141,116,257
157,101,258
159,107,266
146,107,253
149,111,260
155,96,251
155,141,296
150,139,289
153,120,273
152,108,260
133,94,227
144,137,281
166,123,289
150,126,276
147,129,276
125,142,267
141,130,271
141,148,289
141,149,290
126,141,267
126,148,274
138,152,290
110,156,266
120,153,273
124,159,283
123,168,291
124,174,298
127,171,298
128,167,295
131,164,295
120,165,285
128,177,305
108,189,297
127,196,323
127,192,319
132,177,309
162,153,315
171,135,306
165,123,288
149,122,271
120,135,255
122,136,258
121,134,255
117,158,275
128,159,287
126,166,292
122,166,288
133,174,307
133,176,309
130,185,315
124,192,316
144,174,318
161,174,335
147,187,334
138,187,325
123,190,313
152,172,324
163,162,325
170,172,342
152,161,313
138,162,300
132,154,286
138,156,294
150,136,286
161,127,288
166,101,267
157,129,286
169,119,288
167,109,276
170,144,314
189,113,302
189,105,294
186,109,295
158,116,274
170,110,280
171,107,278
160,112,272
136,155,291
172,117,289
187,92,279
173,123,296
150,133,283
188,126,314
213,101,314
195,90,285
155,100,255
123,145,268
157,112,269
169,96,265
172,110,282
153,107,260
153,110,263
143,126,269
153,164,317
197,122,319
200,109,309
200,100,300
154,116,270
155,117,272
154,113,267
150,108,258
157,118,275
163,105,268
162,100,262
155,106,261
143,101,244
148,130,278
168,117,285
183,120,303
200,143,343
192,124,316
183,116,299
169,125,294
152,136,288
162,150,312
177,151,328
173,148,321
168,169,337
197,142,339
208,144,352
210,131,341
198,98,296
170,93,263
152,88,240
118,96,214
121,99,220
121,129,250
122,131,253
118,129,247
149,109,258
165,145,310
186,148,334
169,174,343
155,188,343
120,199,319
140,189,329
142,193,335
134,188,322
140,189,329
143,176,319
139,179,318
149,170,319
124,169,293
157,157,314
151,148,299
161,145,306
149,140,289
142,133,275
141,145,286
132,142,274
144,136,280
147,122,269
147,112,259
150,100,250
144,91,235
146,107,253
131,115,246
145,115,260
134,136,270
146,118,264
144,111,255
140,110,250
126,102,228
133,87,220
142,101,243
144,106,250
142,104,246
138,94,232
137,89,226
125,91,216
130,92,222
120,87,207
120,120,240
148,117,265
172,108,280
176,101,277
151,91,242
144,80,224
135,97,232
143,117,260
147,121,268
157,111,268
150,111,261
147,105,252
137,105,242
146,100,246
145,100,245
135,103,238
136,108,244
128,102,230
138,89,227
146,92,238
138,96,234
142,84,226
136,93,229
134,90,224
134,97,231
136,90,226
133,130,263
139,120,259
141,110,251
159,83,242
139,101,240
143,125,268
139,119,258
140,109,249
143,95,238
129,91,220
127,82,209
131,105,236
131,129,260
164,103,267
176,109,285
183,120,303
155,114,269
149,98,247
135,114,249
143,103,246
143,96,239
134,116,250
140,110,250
122,118,240
132,116,248
106,116,222
122,110,232
122,115,237
114,131,245
125,139,264
128,153,281
134,148,282
130,147,277
130,140,270
122,132,254
123,122,245
139,102,241
141,95,236
150,109,259
133,102,235
146,124,270
158,115,273
147,114,261
140,112,252
127,124,251
141,137,278
150,136,286
159,136,295
136,143,279
137,147,284
130,144,274
135,140,275
137,144,281
144,148,292
137,159,296
135,155,290
136,144,280
135,132,267
146,122,268
133,119,252
147,100,247
164,122,286
166,111,277
145,102,247
137,103,240
108,107,215
119,113,232
123,114,237
125,120,245
136,113,249
147,116,263
153,173,326
182,164,346
175,164,339
163,167,330
120,168,288
148,164,312
157,167,324
173,152,325
170,146,316
163,137,300
147,121,268
152,118,270
185,120,305
189,111,300
190,98,288
155,116,271
163,142,305
182,117,299
188,121,309
169,132,301
138,140,278
133,145,278
151,124,275
163,124,287
160,123,283
128,115,243
139,103,242
140,96,236
114,82,196
134,108,242
120,96,216
143,107,250
151,104,255
145,100,245
135,97,232
140,95,235
127,140,267
175,111,286
178,106,284
178,99,277
149,107,256
132,105,237
140,94,234
151,106,257
152,99,251
133,123,256
140,125,265
134,111,245
137,112,249
121,113,234
128,117,245
131,108,239
127,107,234
127,117,244
124,121,245
124,122,246
148,140,288
161,157,318
168,153,321
163,150,313
152,135,287
148,135,283
150,119,269
139,116,255
136,114,250
122,111,233
125,106,231
137,91,228
148,115,263
156,104,260
162,106,268
154,113,267
154,95,249
151,119,270
155,142,297
151,150,301
148,137,285
152,140,292
189,113,302
200,101,301
192,111,303
145,107,252
149,107,256
148,165,313
181,121,302
184,107,291
197,114,311
144,100,244
157,123,280
157,120,277
157,111,268
158,92,250
148,125,273
153,114,267
151,101,252
158,110,268
153,116,269
156,108,264
166,153,319
166,149,315
159,149,308
145,181,326
122,188,310
134,193,327
129,206,335
132,196,328
154,177,331
159,178,337
158,175,333
153,169,322
143,168,311
145,171,316
132,340,472
134,370,504
122,395,517
223,321,544
317,238,555
353,200,553
280,168,448
211,149,360
178,142,320
156,150,306
143,153,296
147,156,303
144,154,298
139,157,296
130,167,297
124,181,305
125,186,311
125,192,317
133,187,320
143,178,321
145,177,322
144,167,311
139,184,323
137,197,334
128,197,325
124,199,323
161,159,320
163,157,320
153,156,309
125,154,279
122,150,272
125,150,275
130,145,275
133,138,271
132,135,267
128,136,264
124,135,259
123,133,256
129,129,258
131,127,258
131,127,258
126,126,252
125,126,251
125,126,251
126,125,251
126,131,257
126,130,256
127,134,261
130,130,260
132,127,259
128,125,253
126,125,251
123,124,247
122,130,252
123,143,266
124,139,263
125,139,264
171,119,290
183,123,306
195,115,310
165,195,360
251,189,440
291,161,452
278,159,437
179,156,335
121,151,272
125,154,279
130,157,287
124,152,276
99,138,237
139,130,269
156,116,272
150,105,255
126,107,233
125,105,230
91,111,202
116,118,234
102,112,214
128,117,245
114,120,234
98,116,214
118,110,228
119,109,228
104,106,210
117,103,220
114,103,217
122,112,234
121,119,240
128,127,255
109,147,256
129,164,293
131,170,301
125,178,303
131,179,310
124,204,328
136,190,326
164,164,328
163,158,321
150,150,300
110,132,242
154,119,273
153,108,261
153,91,244
144,147,291
142,162,304
117,168,285
132,156,288
99,143,242
142,124,266
152,109,261
141,93,234
126,163,289
155,152,307
142,144,286
116,141,257
105,125,230
136,121,257
134,121,255
108,115,223
146,94,240
150,87,237
133,129,262
145,132,277
150,128,278
145,123,268
121,117,238
121,106,227
131,95,226
143,77,220
135,153,288
121,150,271
140,165,305
122,170,292
76,178,254
115,182,297
130,201,331
106,212,318
134,217,351
134,207,341
181,165,346
197,157,354
191,161,352
154,159,313
131,154,285
136,140,276
142,133,275
139,115,254
167,87,254
162,81,243
126,120,246
119,135,254
125,143,268
125,176,301
127,173,300
136,173,309
132,184,316
149,156,305
168,130,298
197,101,298
179,95,274
134,90,224
123,110,233
108,134,242
124,167,291
122,173,295
122,173,295
123,173,296
146,154,300
152,143,295
174,137,311
147,122,269
149,107,256
163,94,257
165,97,262
155,89,244
138,121,259
143,124,267
138,126,264
128,132,260
109,133,242
135,137,272
136,132,268
132,128,260
132,118,250
132,108,240
134,135,269
162,107,269
161,96,257
159,86,245
139,92,231
132,97,229
130,114,244
154,118,272
166,107,273
171,89,260
142,118,260
154,100,254
159,102,261
155,104,259
155,125,280
157,120,277
158,108,266
154,93,247
148,96,244
150,83,233
144,121,265
146,112,258
147,96,243
145,93,238
133,88,221
125,101,226
153,84,237
149,120,269
155,112,267
151,104,255
149,135,284
167,101,268
161,99,260
147,93,240
137,81,218
122,95,217
133,89,222
132,121,253
140,109,249
133,99,232
123,93,216
122,86,208
133,122,255
141,116,257
147,128,275
139,126,265
133,115,248
132,103,235
135,94,229
132,84,216
136,134,270
154,121,275
173,155,328
191,143,334
195,184,379
227,159,386
182,161,343
176,181,357
134,188,322
156,214,370
145,242,387
156,252,408
170,257,427
169,257,426
180,220,400
225,165,390
248,134,382
230,114,344
207,135,342
193,134,327
174,121,295
164,119,283
138,112,250
142,98,240
154,116,270
149,161,310
188,132,320
172,121,293
175,101,276
115,98,213
146,101,247
113,120,233
105,118,223
128,111,239
121,104,225
119,100,219
131,88,219
138,116,254
157,110,267
135,109,244
129,125,254
115,140,255
95,144,239
119,138,257
129,133,262
134,118,252
132,115,247
137,108,245
121,94,215
141,81,222
136,91,227
137,97,234
118,99,217
112,104,216
133,129,262
124,141,265
138,140,278
126,138,264
140,132,272
133,125,258
138,106,244
158,89,247
148,115,263
155,134,289
178,108,286
183,103,286
142,98,240
120,96,216
125,92,217
118,95,213
125,93,218
131,104,235
137,122,259
139,125,264
130,140,270
126,139,265
110,150,260
125,149,274
129,129,258
154,119,273
157,116,273
141,112,253
123,126,249
122,135,257
107,131,238
111,135,246
123,173,296
121,188,309
123,183,306
126,186,312
168,140,308
176,136,312
171,127,298
143,127,270
154,109,263
144,112,256
144,118,262
125,132,257
102,151,253
133,168,301
127,168,295
121,163,284
121,149,270
137,136,273
145,128,273
138,116,254
140,104,244
140,92,232
138,93,231
129,98,227
116,98,214
130,93,223
135,109,244
141,121,262
143,138,281
138,130,268
147,110,257
148,98,246
142,93,235
128,91,219
127,86,213
134,112,246
148,99,247
148,116,264
163,116,279
170,112,282
176,113,289
171,104,275
160,132,292
158,117,275
152,115,267
169,140,309
172,138,310
182,155,337
221,123,344
217,109,326
208,107,315
141,106,247
121,112,233
119,116,235
128,128,256
129,138,267
118,136,254
144,110,254
147,105,252
128,101,229
120,94,214
122,118,240
122,130,252
121,134,255
136,126,262
132,128,260
132,131,263
127,133,260
129,134,263
123,149,272
132,156,288
136,149,285
133,143,276
127,143,270
116,140,256
125,135,260
119,129,248
122,124,246
124,115,239
124,111,235
123,104,227
117,98,215
122,92,214
123,93,216
123,88,211
126,78,204
127,105,232
126,106,232
118,101,219
122,98,220
116,101,217
130,94,224
130,89,219
132,89,221
124,93,217
122,95,217
125,91,216
134,88,222
134,89,223
123,98,221
125,95,220
124,99,223
140,106,246
162,82,244
162,82,244
143,79,222
121,104,225
122,107,229
127,103,230
128,99,227
121,98,219
127,92,219
121,89,210
121,90,211
116,88,204
123,91,214
121,91,212
126,90,216
125,88,213
131,90,221
122,95,217
116,117,233
128,374,502
123,384,507
120,383,503
369,133,502
385,121,506
382,134,516
144,141,285
109,135,244
137,133,270
150,126,276
132,131,263
130,127,257
138,115,253
140,122,262
133,128,261
139,128,267
132,126,258
134,128,262
103,136,239
128,143,271
114,146,260
124,141,265
125,134,259
129,129,258
131,121,252
129,113,242
129,104,233
134,93,227
130,87,217
130,111,241
138,112,250
146,104,250
134,101,235
137,91,228
122,86,208
130,93,223
119,99,218
131,122,253
150,112,262
144,102,246
141,96,237
127,92,219
129,121,250
138,130,268
147,139,286
145,151,296
139,171,310
130,183,313
131,181,312
147,193,340
137,202,339
123,201,324
145,178,323
177,157,334
193,147,340
164,141,305
144,137,281
138,140,278
137,147,284
140,153,293
147,137,284
157,123,280
149,114,263
148,96,244
140,89,229
138,111,249
135,107,242
138,120,258
131,234,365
261,120,381
271,121,392
274,117,391
145,104,249
150,96,246
131,91,222
143,107,250
141,105,246
141,97,238
139,93,232
130,92,222
130,84,214
136,105,241
142,100,242
137,98,235
131,115,246
145,97,242
150,89,239
148,79,227
131,104,235
153,82,235
151,103,254
147,110,257
124,100,224
126,98,224
121,97,218
124,97,221
121,98,219
117,98,215
126,90,216
129,87,216
130,89,219
126,90,216
123,89,212
124,80,204
128,110,238
129,129,258
121,127,248
127,126,253
122,125,247
124,123,247
120,123,243
118,124,242
126,121,247
124,114,238
125,110,235
122,105,227
118,102,220
122,97,219
121,99,220
119,97,216
120,94,214
121,93,214
123,91,214
121,88,209
122,86,208
122,86,208
121,105,226
128,98,226
128,113,241
128,119,247
117,132,249
122,136,258
124,136,260
124,134,258
126,127,253
131,132,263
132,134,266
123,150,273
123,151,274
127,149,276
119,156,275
127,162,289
122,160,282
124,164,288
122,172,294
115,168,283
119,163,282
139,143,282
160,121,281
156,112,268
146,118,264
123,128,251
123,132,255
122,128,250
157,99,256
160,104,264
172,97,269
152,123,275
143,120,263
144,116,260
150,113,263
138,114,252
145,114,259
125,117,242
119,130,249
125,136,261
115,136,251
127,129,256
129,118,247
133,109,242
130,105,235
123,104,227
127,93,220
131,84,215
130,92,222
131,82,213
128,97,225
138,96,234
145,84,229
150,113,263
153,83,236
160,96,256
162,88,250
132,111,243
140,113,253
134,110,244
124,104,228
129,94,223
140,97,237
141,99,240
145,96,241
139,103,242
141,106,247
143,102,245
136,90,226
141,104,245
145,98,243
139,93,232
136,101,237
138,111,249
141,104,245
143,94,237
142,115,257
151,106,257
147,102,249
138,96,234
150,108,258
159,102,261
168,129,297
155,130,285
173,139,312
192,113,305
187,113,300
170,114,284
139,115,254
143,117,260
139,121,260
136,123,259
134,128,262
133,126,259
132,130,262
134,133,267
142,130,272
143,131,274
142,127,269
135,131,266
134,133,267
140,132,272
139,136,275
139,139,278
133,141,274
135,146,281
135,151,286
154,132,286
151,140,291
147,146,293
127,153,280
128,156,284
131,161,292
130,167,297
129,165,294
125,170,295
126,173,299
122,183,305
123,208,331
135,195,330
135,193,328
167,159,326
170,144,314
173,137,310
145,134,279
130,132,262
130,132,262
130,135,265
135,127,262
135,132,267
129,131,260
130,125,255
126,124,250
126,125,251
121,126,247
124,130,254
125,127,252
127,133,260
127,131,258
130,128,258
127,124,251
126,122,248
138,103,241
139,116,255
136,115,251
125,111,236
125,117,242
125,114,239
122,111,233
124,106,230
124,103,227
123,101,224
122,100,222
122,98,220
126,93,219
127,105,232
127,139,266
156,111,267
164,99,263
171,124,295
146,124,270
150,122,272
144,124,268
126,149,275
100,157,257
115,172,287
113,170,283
137,170,307
133,175,308
119,201,320
84,202,286
138,180,318
142,178,320
214,111,325
197,110,307
195,124,319
128,132,260
132,138,270
110,131,241
139,158,297
176,128,304
174,114,288
182,123,305
152,129,281
131,121,252
159,156,315
176,128,304
158,125,283
139,119,258
113,113,226
96,128,224
138,119,257
192,172,364
193,147,340
183,136,319
156,128,284
104,109,213
135,99,234
118,92,210
127,87,214
123,120,243
129,145,274
114,138,252
132,137,269
128,129,257
133,123,256
173,177,350
200,152,352
198,142,340
154,136,290
104,142,246
124,142,266
108,160,268
118,170,288
119,178,297
114,184,298
123,188,311
121,185,306
120,171,291
138,173,311
164,154,318
163,154,317
174,142,316
174,116,290
172,116,288
181,130,311
167,120,287
167,107,274
151,94,245
148,156,304
163,145,308
151,165,316
178,149,327
142,160,302
159,165,324
144,165,309
128,170,298
123,182,305
117,209,326
122,216,338
136,214,350
146,217,363
177,190,367
189,167,356
170,167,337
124,173,297
134,169,303
131,168,299
130,164,294
90,165,255
118,161,279
130,168,298
134,188,322
126,204,330
108,224,332
118,235,353
180,175,355
177,190,367
177,172,349
157,154,311
147,151,298
139,155,294
100,155,255
142,143,285
142,135,277
150,99,249
174,140,314
179,128,307
171,118,289
150,117,267
146,94,240
156,83,239
157,117,274
132,118,250
136,110,246
145,127,272
155,95,250
148,130,278
173,111,284
143,98,241
146,117,263
126,118,244
156,103,259
139,91,230
150,114,264
151,137,288
180,132,312
172,120,292
160,124,284
134,129,263
110,137,247
125,155,280
122,182,304
116,197,313
118,214,332
126,222,348
166,203,369
180,196,376
166,197,363
162,188,350
159,175,334
154,186,340
137,181,318
141,169,310
142,161,303
134,166,300
131,161,292
119,156,275
122,149,271
124,142,266
127,132,259
92,114,206
117,108,225
128,105,233
128,100,228
117,97,214
135,87,222
122,110,232
134,105,239
128,105,233
119,259,378
139,269,408
160,270,430
149,280,429
216,207,423
206,192,398
176,173,349
188,156,344
180,156,336
167,170,337
123,181,304
148,171,319
149,193,342
156,198,354
142,196,338
141,204,345
172,167,339
179,156,335
191,173,364
175,175,350
181,148,329
189,156,345
181,206,387
185,188,373
198,158,356
226,133,359
183,142,325
154,150,304
101,146,247
126,141,267
127,144,271
115,147,262
124,146,270
112,153,265
125,151,276
115,145,260
128,130,258
120,130,250
105,129,234
123,129,252
136,111,247
144,104,248
137,99,236
131,97,228
121,100,221
117,95,212
124,90,214
126,89,215
109,95,204
121,98,219
122,101,223
123,102,225
112,98,210
125,92,217
102,94,196
120,94,214
131,109,240
132,121,253
132,124,256
128,122,250
132,127,259
128,143,271
125,146,271
121,145,266
124,146,270
134,139,273
131,148,279
128,148,276
121,158,279
115,162,277
126,157,283
126,150,276
140,133,273
121,139,260
132,138,270
130,124,254
137,119,256
143,111,254
135,106,241
127,110,237
126,187,313
205,157,362
268,164,432
276,144,420
236,118,354
188,117,305
138,111,249
137,128,265
124,135,259
84,136,220
124,132,256
136,126,262
129,126,255
124,138,262
123,144,267
118,139,257
122,142,264
128,139,267
131,134,265
115,153,268
126,177,303
121,185,306
166,146,312
181,133,314
163,133,296
137,132,269
124,128,252
127,127,254
127,141,268
124,153,277
130,153,283
128,162,290
126,167,293
119,173,292
125,173,298
138,169,307
135,171,306
124,174,298
117,181,298
136,163,299
152,144,296
157,143,300
146,150,296
144,137,281
161,122,283
178,103,281
173,113,286
169,106,275
156,114,270
174,90,264
172,88,260
156,83,239
123,96,219
122,97,219
117,98,215
123,103,226
126,106,232
132,102,234
130,103,233
155,85,240
149,82,231
134,78,212
117,90,207
117,107,224
121,124,245
122,128,250
116,123,239
123,117,240
123,115,238
123,111,234
123,105,228
120,101,221
119,96,215
122,92,214
124,104,228
121,104,225
119,110,229
123,120,243
124,124,248
124,155,279
122,166,288
122,168,290
130,159,289
136,141,277
135,135,270
136,137,273
120,135,255
115,137,252
121,138,259
119,133,252
123,132,255
130,127,257
127,121,248
118,119,237
123,107,230
128,102,230
125,99,224
120,118,238
124,124,248
127,127,254
120,129,249
121,125,246
130,127,257
129,132,261
117,138,255
118,139,257
125,146,271
121,164,285
124,171,295
121,172,293
130,174,304
130,176,306
125,190,315
140,186,326
144,194,338
136,205,341
135,193,328
150,177,327
153,187,340
152,187,339
141,183,324
132,171,303
151,151,302
149,141,290
153,132,285
128,120,248
134,112,246
128,101,229
131,95,226
127,92,219
123,115,238
145,128,273
168,111,279
178,103,281
157,104,261
142,87,229
148,95,243
137,96,233
145,123,268
136,117,253
148,101,249
164,95,259
141,104,245
132,113,245
132,116,248
129,109,238
112,104,216
132,94,226
128,88,216
126,88,214
121,103,224
141,139,280
172,134,306
184,120,304
158,109,267
139,101,240
133,92,225
130,86,216
130,80,210
126,112,238
128,113,241
130,113,243
126,116,242
121,121,242
128,128,256
127,123,250
130,122,252
123,118,241
118,114,232
124,118,242
124,119,243
128,124,252
123,118,241
125,120,245
120,123,243
117,121,238
123,111,234
132,105,237
141,91,232
133,92,225
128,95,223
120,90,210
128,106,234
134,110,244
133,106,239
132,108,240
131,113,244
134,111,245
127,104,231
129,96,225
134,83,217
130,78,208
134,89,223
121,85,206
121,106,227
127,113,240
118,112,230
127,105,232
122,95,217
134,83,217
136,93,229
132,92,224
129,81,210
127,88,215
125,81,206
128,100,228
124,102,226
130,120,250
129,121,250
136,117,253
137,110,247
133,108,241
131,104,235
126,115,241
126,120,246
119,125,244
124,128,252
123,132,255
127,152,279
122,153,275
125,146,271
122,141,263
119,135,254
119,125,244
129,118,247
128,112,240
123,102,225
127,94,221
127,89,216
128,83,211
130,96,226
125,87,212
139,89,228
131,86,217
129,77,206
122,101,223
119,124,243
129,129,258
125,125,250
125,119,244
132,107,239
132,108,240
125,109,234
117,103,220
124,98,222
124,91,215
124,89,213
130,104,234
151,125,276
179,93,272
184,96,280
155,102,257
138,122,260
138,122,260
149,134,283
140,139,279
132,123,255
150,106,256
140,98,238
151,110,261
151,102,253
144,98,242
140,85,225
139,132,271
149,136,285
128,128,256
159,110,269
140,113,253
139,122,261
126,126,252
103,136,239
109,135,244
119,151,270
124,159,283
123,167,290
121,176,297
142,164,306
148,162,310
152,159,311
137,163,300
124,153,277
128,148,276
125,142,267
119,137,256
115,132,247
123,131,254
124,131,255
122,127,249
120,122,242
125,115,240
135,100,235
133,100,233
126,105,231
126,99,225
124,94,218
127,89,216
122,87,209
120,96,216
116,110,226
117,119,236
127,121,248
130,118,248
131,125,256
129,125,254
123,122,245
122,120,242
125,136,261
124,138,262
118,149,267
122,154,276
114,153,267
119,145,264
126,143,269
119,145,264
111,152,263
112,147,259
120,142,262
130,136,266
131,134,265
114,132,246
114,132,246
127,134,261
128,143,271
135,133,268
135,123,258
146,107,253
133,115,248
130,112,242
104,118,222
121,118,239
110,122,232
121,124,245
121,134,255
137,111,248
140,110,250
138,123,261
123,145,268
118,171,289
129,193,322
127,187,314
120,191,311
143,176,319
158,161,319
192,132,324
178,131,309
140,137,277
148,134,282
131,131,262
138,120,258
123,118,241
123,130,253
124,152,276
131,156,287
138,166,304
144,169,313
151,168,319
146,173,319
150,161,311
151,156,307
157,153,310
141,145,286
132,147,279
132,167,299
117,288,405
129,292,421
127,299,426
201,238,439
262,187,449
260,183,443
187,179,366
141,159,300
149,141,290
147,134,281
128,132,260
115,129,244
120,131,251
122,126,248
120,127,247
121,122,243
121,121,242
128,112,240
129,107,236
131,105,236
117,100,217
124,93,217
120,88,208
123,107,230
119,123,242
117,139,256
123,151,274
123,160,283
123,169,292
124,186,310
124,200,324
128,209,337
134,205,339
161,196,357
162,197,359
153,198,351
143,193,336
160,183,343
138,183,321
131,160,291
153,153,306
151,173,324
129,183,312
116,191,307
127,196,323
134,209,343
152,215,367
177,201,378
179,191,370
178,170,348
153,169,322
170,145,315
151,139,290
173,111,284
152,104,256
157,92,249
139,107,246
142,112,254
141,108,249
136,103,239
134,113,247
145,102,247
145,105,250
154,104,258
124,98,222
139,111,250
134,113,247
122,105,227
131,102,233
135,104,239
152,106,258
155,100,255
161,90,251
130,81,211
140,102,242
133,96,229
135,89,224
138,81,219
135,102,237
138,93,231
136,84,220
138,101,239
136,97,233
140,91,231
140,101,241
139,97,236
141,92,233
137,81,218
135,98,233
136,97,233
136,93,229
134,89,223
133,80,213
136,99,235
137,95,232
136,88,224
136,189,325
263,134,397
273,146,419
297,123,420
235,93,328
193,102,295
174,92,266
139,84,223
132,99,231
133,95,228
135,91,226
136,81,217
133,100,233
133,96,229
131,90,221
133,82,215
135,102,237
136,91,227
134,82,216
136,101,237
134,115,249
134,117,251
152,98,250
156,83,239
157,102,259
143,92,235
135,83,218
136,102,238
136,91,227
137,82,219
136,102,238
135,91,226
136,81,217
135,102,237
134,91,225
135,108,243
145,96,241
144,86,230
152,145,297
146,134,280
175,132,307
188,117,305
165,106,271
172,153,325
162,144,306
180,136,316
170,130,300
138,118,256
102,98,200
144,163,307
174,128,302
168,129,297
161,141,302
115,153,268
129,172,301
110,185,295
138,199,337
126,195,321
134,193,327
149,164,313
171,152,323
152,144,296
128,142,270
134,127,261
143,118,261
142,121,263
136,101,237
153,84,237
138,181,319
139,176,315
172,151,323
158,159,317
112,160,272
123,160,283
112,154,266
123,156,279
110,163,273
126,174,300
123,180,303
119,188,307
122,196,318
134,174,308
167,158,325
158,154,312
145,157,302
112,151,263
114,164,278
120,184,304
120,195,315
102,221,323
136,199,335
155,177,332
164,173,337
173,145,318
163,141,304
176,108,284
170,108,278
192,80,272
177,136,313
150,143,293
138,142,280
138,157,295
116,157,273
81,141,222
114,143,257
113,134,247
131,117,248
165,115,280
156,101,257
169,90,259
148,121,269
134,117,251
153,101,254
150,109,259
137,114,251
146,106,252
148,101,249
139,113,252
157,81,238
161,135,296
156,136,292
137,139,276
140,167,307
125,189,314
145,195,340
157,202,359
149,201,350
124,194,318
135,160,295
165,151,316
166,137,303
154,118,272
157,113,270
132,104,236
158,90,248
151,93,244
124,88,212
122,86,208
119,98,217
111,105,216
125,101,226
123,94,217
124,92,216
121,97,218
119,95,214
108,101,209
116,99,215
110,103,213
125,101,226
106,97,203
123,87,210
102,86,188
122,102,224
123,106,229
102,171,273
148,157,305
151,184,335
134,209,343
110,231,341
138,230,368
167,220,387
187,208,395
189,220,409
170,232,402
164,225,389
179,213,392
187,205,392
173,237,410
163,249,412
157,247,404
170,240,410
171,218,389
199,200,399
175,199,374
170,199,369
148,220,368
169,202,371
149,203,352
167,189,356
136,166,302
168,155,323
176,128,304
164,115,279
161,105,266
136,94,230
147,117,264
148,107,255
141,97,238
138,89,227
132,83,215
139,122,261
136,115,251
148,104,252
153,100,253
137,141,278
176,102,278
175,126,301
166,113,279
160,95,255
149,162,311
161,154,315
142,181,323
136,189,325
89,189,278
118,197,315
141,168,309
175,163,338
173,155,328
136,149,285
120,137,257
134,130,264
106,119,225
127,96,223
143,88,231
153,120,273
149,121,270
129,127,256
131,126,257
115,129,244
121,116,237
141,112,253
134,101,235
145,136,281
151,135,286
149,142,291
129,140,269
112,139,251
140,129,269
141,111,252
162,120,282
171,117,288
159,108,267
149,100,249
153,94,247
149,91,240
137,96,233
114,96,210
102,89,191
124,92,216
122,92,214
121,87,208
121,85,206
122,105,227
127,118,245
129,123,252
163,111,274
167,110,277
145,113,258
128,124,252
119,128,247
106,141,247
121,155,276
130,171,301
124,208,332
126,227,353
122,242,364
133,238,371
179,182,361
205,174,379
220,162,382
187,163,350
178,157,335
153,167,320
150,193,343
171,200,371
181,205,386
186,197,383
162,195,357
155,206,361
176,173,349
175,160,335
156,146,302
147,144,291
142,148,290
125,141,266
138,127,265
136,91,227
168,98,266
167,86,253
145,128,273
152,109,261
147,99,246
133,83,216
128,106,234
121,112,233
147,114,261
147,85,232
169,123,292
173,119,292
148,111,259
112,114,226
133,122,255
123,127,250
111,152,263
132,151,283
131,150,281
138,144,282
134,140,274
119,147,266
131,153,284
128,157,285
129,153,282
125,143,268
116,143,259
131,140,271
112,164,276
126,164,290
123,154,277
118,145,263
141,134,275
135,128,263
131,142,273
116,160,276
136,146,282
151,141,292
149,144,293
128,150,278
114,149,263
113,154,267
124,153,277
116,154,270
137,156,293
134,168,302
111,173,284
108,170,278
131,174,305
128,180,308
140,165,305
152,158,310
157,153,310
149,150,299
144,139,283
174,115,289
160,114,274
156,112,268
126,116,242
129,122,251
116,116,232
118,109,227
130,96,226
96,97,193
128,90,218
109,114,223
140,112,252
129,97,226
137,94,231
135,104,239
132,108,240
124,100,224
124,87,211
139,79,218
116,119,235
131,137,268
129,224,353
138,259,397
126,269,395
155,228,383
255,132,387
239,105,344
281,112,393
202,130,332
181,125,306
122,115,237
158,98,256
149,97,246
140,97,237
125,94,219
126,94,220
134,103,237
130,108,238
138,103,241
132,95,227
146,99,245
152,92,244
150,93,243
142,94,236
137,98,235
135,95,230
131,92,223
145,120,265
145,123,268
152,116,268
137,109,246
132,141,273
168,106,274
169,96,265
166,84,250
124,127,251
108,138,246
131,147,278
126,155,281
113,144,257
167,136,303
167,138,305
146,143,289
132,144,276
114,153,267
138,150,288
131,146,277
116,148,264
124,153,277
110,155,265
101,153,254
116,160,276
118,162,280
93,159,252
124,159,283
118,154,272
135,138,273
128,139,267
133,137,270
121,138,259
123,136,259
119,139,258
108,135,243
125,133,258
122,130,252
124,129,253
110,124,234
124,125,249
119,122,241
122,122,244
120,118,238
122,120,242
129,109,238
132,103,235
118,99,217
123,92,215
123,85,208
109,80,189
117,79,196
121,101,222
109,113,222
115,121,236
122,133,255
120,148,268
121,152,273
125,147,272
122,147,269
122,147,269
123,142,265
106,146,252
128,148,276
121,147,268
127,142,269
96,138,234
117,138,255
122,146,268
124,146,270
126,147,273
119,137,256
132,142,274
127,141,268
124,146,270
111,145,256
127,147,274
130,144,274
118,144,262
127,161,288
109,166,275
130,214,344
274,109,383
254,106,360
269,110,379
158,102,260
158,94,252
152,91,243
147,110,257
141,112,253
132,99,231
130,101,231
132,104,236
104,109,213
119,115,234
104,113,217
126,117,243
123,123,246
123,153,276
124,160,284
116,174,290
117,185,302
124,212,336
103,218,321
157,196,353
192,151,343
208,147,355
187,149,336
151,154,305
137,199,336
151,196,347
149,194,343
153,183,336
151,167,318
152,131,283
177,111,288
156,102,258
150,94,244
148,95,243
146,85,231
152,99,251
145,96,241
142,91,233
142,96,238
143,106,249
141,102,243
142,98,240
148,107,255
163,84,247
161,118,279
144,117,261
123,115,238
116,111,227
112,102,214
127,98,225
116,106,222
128,114,242
125,128,253
122,130,252
123,128,251
120,140,260
127,143,270
130,147,277
124,153,277
130,142,272
136,134,270
129,134,263
130,141,271
118,141,259
123,137,260
108,130,238
125,124,249
115,119,234
121,116,237
110,110,220
127,105,232
114,99,213
123,98,221
122,92,214
123,93,216
121,96,217
126,85,211
129,81,210
124,76,200
114,89,203
121,99,220
122,110,232
125,111,236
120,109,229
117,103,220
123,98,221
122,97,219
121,93,214
123,91,214
121,93,214
121,88,209
122,88,210
120,89,209
120,91,211
120,93,213
126,85,211
131,80,211
131,95,226
125,94,219
122,91,213
123,98,221
121,97,218
125,89,214
125,96,221
119,94,213
113,95,208
126,93,219
122,94,216
127,89,216
121,87,208
121,87,208
126,79,205
128,95,223
119,96,215
122,94,216
125,91,216
121,85,206
123,108,231
116,118,234
115,122,237
128,119,247
128,116,244
124,112,236
120,119,239
120,122,242
126,118,244
125,118,243
123,115,238
124,115,239
119,116,235
110,118,228
116,126,242
121,138,259
121,147,268
123,162,285
146,137,283
154,122,276
173,98,271
159,106,265
152,94,246
149,100,249
158,96,254
151,135,286
159,113,272
168,124,292
187,100,287
173,124,297
156,134,290
145,151,296
127,161,288
118,157,275
132,144,276
134,134,268
138,121,259
134,119,253
135,121,256
128,129,257
137,116,253
150,98,248
152,85,237
140,119,259
135,125,260
129,132,261
132,156,288
126,170,296
132,169,301
144,156,300
159,151,310
166,147,313
139,151,290
132,166,298
135,189,324
139,207,346
138,209,347
160,204,364
179,193,372
164,201,365
147,213,360
143,203,346
152,201,353
162,189,351
155,190,345
167,179,346
153,173,326
157,177,334
143,180,323
134,177,311
135,180,315
137,182,319
136,185,321
144,173,317
142,177,319
139,182,321
134,183,317
151,171,322
149,176,325
150,172,322
132,176,308
133,180,313
134,183,317
140,173,313
139,178,317
138,182,320
134,183,317
141,179,320
140,182,322
138,187,325
146,176,322
153,173,326
154,176,330
140,179,319
135,177,312
135,181,316
135,185,320
145,177,322
153,173,326
153,178,331
139,173,312
133,177,310
133,182,315
135,185,320
141,203,344
141,224,365
140,244,384
134,246,380
171,213,384
199,189,388
213,179,392
177,175,352
154,178,332
141,176,317
132,180,312
134,183,317
135,186,321
141,177,318
143,179,322
141,183,324
136,186,322
146,196,342
146,225,371
143,233,376
133,227,360
165,186,351
199,142,341
207,128,335
212,80,292
181,127,308
152,134,286
141,158,299
129,175,304
151,180,331
140,171,311
125,174,299
143,174,317
137,170,307
138,176,314
141,168,309
133,158,291
123,155,278
136,146,282
101,132,233
130,117,247
157,94,251
151,81,232
126,159,285
149,157,306
144,157,301
132,164,296
103,149,252
154,121,275
167,111,278
171,86,257
152,183,335
140,176,316
138,173,311
128,170,298
85,147,232
122,158,280
152,196,348
132,214,346
103,244,347
118,262,380
162,214,376
198,192,390
210,189,399
187,172,359
168,163,331
169,164,333
144,155,299
118,146,264
127,129,256
148,108,256
155,101,256
161,147,308
189,122,311
117,124,241
161,106,267
103,92,195
140,165,305
148,169,317
141,169,310
131,165,296
95,162,257
155,141,296
132,150,282
164,147,311
153,140,293
153,165,318
141,156,297
118,152,270
134,132,266
133,130,263
122,125,247
104,120,224
145,119,264
165,151,316
187,157,344
180,179,359
142,189,331
124,192,316
146,173,319
135,167,302
117,154,271
143,135,278
177,175,352
191,149,340
189,138,327
153,132,285
109,119,228
152,186,338
150,243,393
138,258,396
147,247,394
146,247,393
211,215,426
169,229,398
140,231,371
158,212,370
183,173,356
190,160,350
173,149,322
185,107,292
194,119,313
195,121,316
173,119,292
160,118,278
151,116,267
151,163,314
184,133,317
202,140,342
201,167,368
166,146,312
178,147,325
185,131,316
169,120,289
161,114,275
141,119,260
131,124,255
125,122,247
99,119,218
122,118,240
121,115,236
125,115,240
126,114,240
122,118,240
129,150,279
132,155,287
128,160,288
139,156,295
170,140,310
154,166,320
146,180,326
119,206,325
96,224,320
147,216,363
126,211,337
179,177,356
160,169,329
168,170,338
141,172,313
125,186,311
120,188,308
146,171,317
149,180,329
152,179,331
116,175,291
127,202,329
127,215,342
141,218,359
137,221,358
161,197,358
165,174,339
194,180,374
161,177,338
138,167,305
134,155,289
140,144,284
120,129,249
144,118,262
144,106,250
142,82,224
147,134,281
142,131,273
140,142,282
136,143,279
126,127,253
143,110,253
155,102,257
147,96,243
129,180,309
139,151,290
161,142,303
135,136,271
92,141,233
118,145,263
107,153,260
128,155,283
131,153,284
134,153,287
118,147,265
113,140,253
130,133,263
128,134,262
120,150,270
119,172,291
118,176,294
122,177,299
161,135,296
157,119,276
177,124,301
176,113,289
181,96,277
176,101,277
154,85,239
152,114,266
135,113,248
139,137,276
160,119,279
163,105,268
160,94,254
141,119,260
135,129,264
159,121,280
138,114,252
134,104,238
156,101,257
154,108,262
161,125,286
129,125,254
135,114,249
128,95,223
148,135,283
157,122,279
157,105,262
144,113,257
128,103,231
153,113,266
155,96,251
150,134,284
146,122,268
151,151,302
171,241,412
316,111,427
336,112,448
313,129,442
189,194,383
220,146,366
219,177,396
243,192,435
252,114,366
250,106,356
210,101,311
132,82,214
138,107,245
96,134,230
127,119,246
151,89,240
161,80,241
154,115,269
124,132,256
118,131,249
130,134,264
134,141,275
126,145,271
114,143,257
123,137,260
127,135,262
121,140,261
116,151,267
115,166,281
120,169,289
121,164,285
111,163,274
115,136,251
167,111,278
171,96,267
148,89,237
121,91,212
98,86,184
132,114,246
130,118,248
131,120,251
124,115,239
127,102,229
133,94,227
122,137,259
143,135,278
129,143,272
129,157,286
112,184,296
113,193,306
126,189,315
135,174,309
145,188,333
146,190,336
133,198,331
120,210,330
140,177,317
178,173,351
158,166,324
145,163,308
128,147,275
142,125,267
152,115,267
137,97,234
151,102,253
153,96,249
153,85,238
129,117,246
142,126,268
159,124,283
152,132,284
146,147,293
139,141,280
131,140,271
137,124,261
129,118,247
121,109,230
114,102,216
126,94,220
127,85,212
130,79,209
125,88,213
118,93,211
113,155,268
175,106,281
172,100,272
172,98,270
122,102,224
94,100,194
126,96,222
121,104,225
122,102,224
116,102,218
123,110,233
122,108,230
123,107,230
122,121,243
129,117,246
137,113,250
123,112,235
120,106,226
123,105,228
121,100,221
123,96,219
120,91,211
125,92,217
122,108,230
127,113,240
127,126,253
129,124,253
123,124,247
131,132,263
116,140,256
127,136,263
120,134,254
121,131,252
121,123,244
138,109,247
134,103,237
129,97,226
120,96,216
122,95,217
121,94,215
124,89,213
133,78,211
131,101,232
126,108,234
125,108,233
124,108,232
126,103,229
125,105,230
119,119,238
123,120,243
120,117,237
124,114,238
122,109,231
125,108,233
116,109,225
121,104,225
123,101,224
114,95,209
123,91,214
120,91,211
117,94,211
123,91,214
122,88,210
124,83,207
120,78,198
122,104,226
118,111,229
119,121,240
121,119,240
117,130,247
124,141,265
124,145,269
126,143,269
123,139,262
120,136,256
123,130,253
117,143,260
120,149,269
122,154,276
122,164,286
124,167,291
120,166,286
127,179,306
125,178,303
120,173,293
152,135,287
161,124,285
161,113,274
141,100,241
136,94,230
130,86,216
128,77,205
131,120,251
128,131,259
144,132,276
157,130,287
170,113,283
159,99,258
166,138,304
159,141,300
141,142,283
137,137,274
126,119,245
142,106,248
160,132,292
174,115,289
170,107,277
171,108,279
155,106,261
138,108,246
154,120,274
149,113,262
160,108,268
166,95,261
164,95,259
140,90,230
121,87,208
121,81,202
114,97,211
125,102,227
119,110,229
129,110,239
127,127,254
129,132,261
126,133,259
124,144,268
119,141,260
134,136,270
140,129,269
141,118,259
136,113,249
127,114,241
124,119,243
124,118,242
123,119,242
122,122,244
115,119,234
124,117,241
120,114,234
126,114,240
122,114,236
122,123,245
120,125,245
123,121,244
119,116,235
125,113,238
121,114,235
116,123,239
124,126,250
122,123,245
123,124,247
116,122,238
117,122,239
122,120,242
123,114,237
124,110,234
122,108,230
114,104,218
117,99,216
116,96,212
122,96,218
122,91,213
120,94,214
123,88,211
120,85,205
124,86,210
119,86,205
127,102,229
133,96,229
134,91,225
134,91,225
122,89,211
126,91,217
125,90,215
128,84,212
129,104,233
129,111,240
126,109,235
128,106,234
123,105,228
122,103,225
115,108,223
124,114,238
124,106,230
127,104,231
124,104,228
124,101,225
121,105,226
123,107,230
122,107,229
123,115,238
119,117,236
127,114,241
121,123,244
121,140,261
126,141,267
123,135,258
119,131,250
122,128,250
121,124,245
125,121,246
120,116,236
116,112,228
122,106,228
126,100,226
122,97,219
121,97,218
121,97,218
125,90,215
124,90,214
126,92,218
122,101,223
127,89,216
130,84,214
128,81,209
119,82,201
121,77,198
120,92,212
122,95,217
122,97,219
122,96,218
117,98,215
126,90,216
128,85,213
128,77,205
126,89,215
121,86,207
122,86,208
124,101,225
119,133,252
118,252,370
124,275,399
124,281,405
154,268,422
232,192,424
253,154,407
245,150,395
194,124,318
169,109,278
180,98,278
153,126,279
163,109,272
160,99,259
153,91,244
138,80,218
144,132,276
142,165,307
145,165,310
184,132,316
175,129,304
190,131,321
170,112,282
170,123,293
181,125,306
197,102,299
197,88,285
172,100,272
135,97,232
128,96,224
139,97,236
131,102,233
126,96,222
127,98,225
124,94,218
118,96,214
125,101,226
121,101,222
121,106,227
124,100,224
121,95,216
133,101,234
149,105,254
157,87,244
167,104,271
149,107,256
136,109,245
133,101,234
131,93,224
132,82,214
135,90,225
133,84,217
129,98,227
128,91,219
125,82,207
129,89,218
131,81,212
134,86,220
121,82,203
124,115,239
132,120,252
138,118,256
140,132,272
131,151,282
121,168,289
125,177,302
131,191,322
125,190,315
141,176,317
138,173,311
156,150,306
169,122,291
176,108,284
162,94,256
143,113,256
144,100,244
150,88,238
150,108,258
142,102,244
149,111,260
151,100,251
153,87,240
155,102,257
147,92,239
143,84,227
139,104,243
141,97,238
141,92,233
136,104,240
138,94,232
144,109,253
146,103,249
145,94,239
142,116,258
143,108,251
142,94,236
146,103,249
137,94,231
145,85,230
145,113,258
144,99,243
145,92,237
146,104,250
135,97,232
148,83,231
143,106,249
146,94,240
143,84,227
147,106,253
145,93,238
150,104,254
157,95,252
154,108,262
145,97,242
150,81,231
147,108,255
146,96,242
148,83,231
151,104,255
147,96,243
142,92,234
145,104,249
145,96,241
148,107,255
147,94,241
149,82,231
148,104,252
141,94,235
143,118,261
143,109,252
142,103,245
139,99,238
131,90,221
143,103,246
144,112,256
144,115,259
159,113,272
167,105,272
166,107,273
145,102,247
135,113,248
138,116,254
125,123,248
125,131,256
98,131,229
141,133,274
136,133,269
128,136,264
153,131,284
193,101,294
194,100,294
174,91,265
142,112,254
140,110,250
142,213,355
293,133,426
305,128,433
313,130,443
169,128,297
153,113,266
160,97,257
157,114,271
152,113,265
175,107,282
170,108,278
159,109,268
138,112,250
146,128,274
139,122,261
139,123,262
133,115,248
139,104,243
146,116,262
165,105,270
162,117,279
177,117,294
158,126,284
149,138,287
146,166,312
147,171,318
144,181,325
141,184,325
139,207,346
133,215,348
124,210,334
162,167,329
164,150,314
180,140,320
152,132,284
139,124,263
139,113,252
143,98,241
150,142,292
146,147,293
152,149,301
138,148,286
129,149,278
124,145,269
131,159,290
142,156,298
146,143,289
151,162,313
152,163,315
151,154,305
154,140,294
151,122,273
159,112,271
162,149,311
192,108,300
189,108,297
184,97,281
150,144,294
171,141,312
166,139,305
154,140,294
118,149,267
137,139,276
139,141,280
131,142,273
121,147,268
122,149,271
120,163,283
123,174,297
124,177,301
126,187,313
116,193,309
129,183,312
148,169,317
160,159,319
152,164,316
136,164,300
127,150,277
145,140,285
148,132,280
168,111,279
169,103,272
158,102,260
146,92,238
150,119,269
157,107,264
165,109,274
165,99,264
150,131,281
170,139,309
181,128,309
194,164,358
207,152,359
202,160,362
232,131,363
202,112,314
207,93,300
168,98,266
146,98,244
121,102,223
131,97,228
130,110,240
147,108,255
149,93,242
147,116,263
162,96,258
161,127,288
160,122,282
162,111,273
170,133,303
193,131,324
194,118,312
201,115,316
177,144,321
184,120,304
208,142,350
205,124,329
183,109,292
167,92,259
147,135,282
145,138,283
153,134,287
163,133,296
145,154,299
147,170,317
114,183,297
126,183,309
136,167,303
139,173,312
137,178,315
135,153,288
142,165,307
163,169,332
144,193,337
133,198,331
142,198,340
140,201,341
157,182,339
148,178,326
152,171,323
158,188,346
155,201,356
152,191,343
142,185,327
137,177,314
160,153,313
159,142,301
162,123,285
146,117,263
143,98,241
144,100,244
144,142,286
166,110,276
183,100,283
184,118,302
154,114,268
169,116,285
162,113,275
152,138,290
151,131,282
187,93,280
171,136,307
192,139,331
157,134,291
147,138,285
132,146,278
136,143,279
132,146,278
139,136,275
148,135,283
150,135,285
144,139,283
136,143,279
137,141,278
144,164,308
144,168,312
162,163,325
170,142,312
164,138,302
160,128,288
131,116,247
159,90,249
156,84,240
151,81,232
122,94,216
122,96,218
114,98,212
123,116,239
119,143,262
131,161,292
145,159,304
147,156,303
165,149,314
174,156,330
166,151,317
161,152,313
155,157,312
152,175,327
151,199,350
161,218,379
167,287,454
169,301,470
173,297,470
176,287,463
251,221,472
254,228,482
255,233,488
202,202,404
227,164,391
254,142,396
252,163,415
260,134,394
250,125,375
209,135,344
171,133,304
145,118,263
129,141,270
122,162,284
129,170,299
137,183,320
144,187,331
145,177,322
121,173,294
172,117,289
200,150,350
222,136,358
197,111,308
182,105,287
133,136,269
138,137,275
150,139,289
147,134,281
146,136,282
138,140,278
109,146,255
139,126,265
178,100,278
181,99,280
167,130,297
145,122,267
156,119,275
158,103,261
145,107,252
156,88,244
156,93,249
143,121,264
129,148,277
149,137,286
148,144,292
148,156,304
171,132,303
158,150,308
155,168,323
126,168,294
137,160,297
134,167,301
128,166,294
116,178,294
127,209,336
132,208,340
136,217,353
129,220,349
180,167,347
191,151,342
198,140,338
153,121,274
151,106,257
139,85,224
146,94,240
143,85,228
138,111,249
138,116,254
150,111,261
155,115,270
151,114,265
135,118,253
131,124,255
121,122,243
126,126,252
126,124,250
132,113,245
140,112,252
140,117,257
125,108,233
122,104,226
121,105,226
121,102,223
134,97,231
132,99,231
116,162,278
164,125,289
174,120,294
174,109,283
154,96,250
154,92,246
156,132,288
168,123,291
172,145,317
164,260,424
135,259,394
132,260,392
182,209,391
246,155,401
266,131,397
189,116,305
172,106,278
181,120,301
189,105,294
182,96,278
158,95,253
145,116,261
157,112,269
158,104,262
160,140,300
197,100,297
191,96,287
162,94,256
142,125,267
167,110,277
182,124,306
182,108,290
175,102,277
170,95,265
154,122,276
158,115,273
156,109,265
159,103,262
138,137,275
178,112,290
193,111,304
191,105,296
148,110,258
149,131,280
162,108,270
171,113,284
175,109,284
153,117,270
167,107,274
163,90,253
146,132,278
168,126,294
151,130,281
158,145,303
123,155,278
131,166,297
127,183,310
147,188,335
158,187,345
144,190,334
125,195,320
141,186,327
153,174,327
158,178,336
134,181,315
135,181,316
142,179,321
141,186,327
128,191,319
139,176,315
139,164,303
148,157,305
142,167,309
137,181,318
132,181,313
140,173,313
145,167,312
129,207,336
123,231,354
126,240,366
121,257,378
202,180,382
220,164,384
230,167,397
169,173,342
165,185,350
179,199,378
173,208,381
170,209,379
165,184,349
172,172,344
161,184,345
149,167,316
143,143,286
174,133,307
153,121,274
150,97,247
153,83,236
141,91,232
126,107,233
131,113,244
137,94,231
147,145,292
158,159,317
148,166,314
131,168,299
116,169,285
122,175,297
122,171,293
139,163,302
141,158,299
145,153,298
135,156,291
158,131,289
157,118,275
156,114,270
134,133,267
118,135,253
124,141,265
133,138,271
136,162,298
133,173,306
121,178,299
125,175,300
130,167,297
128,163,291
142,133,275
161,120,281
170,106,276
148,102,250
134,142,276
147,127,274
176,110,286
164,108,272
152,104,256
150,98,248
145,105,250
139,102,241
132,102,234
127,98,225
139,95,234
145,94,239
146,149,295
162,151,313
164,159,323
160,164,324
131,167,298
136,168,304
144,159,303
149,157,306
145,161,306
126,164,290
119,167,286
124,175,299
123,179,302
125,189,314
130,180,310
148,177,325
150,173,323
137,173,310
133,164,297
158,137,295
168,130,298
168,127,295
151,128,279
143,128,271
138,128,266
127,117,244
144,97,241
150,85,235
150,189,339
209,215,424
256,176,432
278,165,443
191,178,369
146,176,322
140,162,302
168,148,316
163,141,304
156,127,283
140,114,254
148,98,246
143,88,231
137,117,254
140,113,253
142,121,263
145,127,272
132,118,250
133,104,237
135,108,243
137,106,243
132,108,240
132,100,232
141,103,244
154,111,265
158,98,256
153,104,257
162,93,255
143,96,239
131,88,219
133,105,238
131,115,246
114,121,235
129,135,264
130,141,271
138,136,274
144,142,286
144,138,282
126,141,267
124,149,273
126,151,277
122,151,273
124,151,275
142,146,288
134,143,277
128,152,280
122,152,274
121,155,276
122,155,277
123,152,275
122,151,273
119,156,275
114,162,276
123,170,293
114,168,282
131,158,289
130,174,304
127,175,302
123,168,291
122,163,285
145,127,272
176,102,278
173,91,264
167,106,273
157,99,256
154,86,240
138,99,237
152,87,239
148,100,248
153,91,244
141,121,262
151,118,269
169,98,267
169,121,290
161,170,331
130,197,327
130,226,356
120,241,361
142,237,379
169,212,381
203,180,383
202,204,406
178,231,409
169,224,393
154,227,381
167,213,380
178,187,365
180,175,355
171,179,350
139,182,321
123,193,316
139,193,332
143,213,356
135,232,367
142,223,365
145,214,359
197,170,367
191,176,367
180,196,376
136,203,339
133,204,337
130,210,340
162,178,340
186,161,347
164,183,347
145,201,346
117,207,324
123,206,329
154,183,337
170,177,347
173,161,334
156,147,303
143,159,302
138,173,311
124,199,323
129,196,325
146,178,324
140,175,315
164,133,297
170,119,289
173,106,279
135,97,232
133,107,240
148,87,235
155,88,243
134,90,224
130,135,265
152,111,263
164,104,268
184,130,314
172,116,288
174,131,305
157,149,306
146,134,280
147,122,269
160,112,272
173,143,316
183,116,299
182,114,296
159,115,274
110,118,228
139,106,245
147,98,245
147,99,246
136,97,233
126,95,221
129,93,222
126,99,225
128,96,224
129,100,229
140,92,232
139,92,231
139,93,232
130,94,224
132,91,223
131,105,236
129,107,236
128,110,238
129,110,239
128,109,237
128,109,237
125,111,236
123,118,241
124,116,240
124,116,240
124,117,241
123,116,239
122,112,234
124,113,237
128,113,241
127,118,245
134,111,245
130,112,242
130,118,248
124,120,244
122,126,248
122,129,251
123,129,252
121,134,255
121,134,255
126,129,255
127,129,256
138,119,257
135,119,254
130,121,251
123,121,244
124,122,246
125,120,245
125,122,247
126,123,249
124,128,252
125,131,256
124,129,253
128,132,260
127,132,259
129,134,263
128,132,260
132,134,266
128,134,262
130,134,264
128,132,260
129,134,263
128,132,260
130,134,264
127,135,262
132,130,262
138,134,272
136,144,280
137,146,283
140,135,275
147,134,281
151,129,280
144,130,274
138,139,277
119,166,285
114,171,285
139,168,307
139,158,297
142,164,306
126,164,290
120,157,277
132,153,285
146,141,287
140,146,286
128,142,270
129,141,270
131,141,272
138,135,273
150,114,264
158,109,267
145,99,244
137,99,236
143,103,246
138,106,244
125,115,240
154,131,285
150,140,290
176,124,300
170,137,307
159,137,296
163,121,284
168,125,293
187,124,311
189,175,364
204,186,390
233,153,386
285,176,461
282,149,431
249,125,374
226,116,342
169,91,260
178,133,311
165,138,303
144,135,279
146,131,277
154,123,277
159,109,268
149,121,270
147,135,282
137,168,305
154,170,324
161,155,316
163,144,307
151,128,279
160,114,274
152,116,268
140,124,264
135,125,260
150,119,269
147,126,273
165,130,295
155,137,292
146,137,283
148,125,273
151,123,274
147,131,278
142,235,377
150,269,419
135,279,414
176,249,425
191,215,406
239,162,401
246,134,380
206,108,314
190,144,334
173,156,329
167,162,329
163,143,306
169,114,283
183,122,305
182,122,304
170,116,286
139,123,262
142,121,263
137,125,262
130,135,265
129,137,266
139,138,277
145,134,279
136,154,290
138,163,301
118,182,300
137,179,316
150,168,318
156,166,322
165,151,316
154,146,300
154,150,304
150,134,284
143,126,269
151,112,263
148,158,306
136,182,318
127,182,309
172,135,307
180,121,301
186,116,302
149,116,265
163,115,278
175,105,280
185,117,302
170,113,283
165,119,284
159,134,293
158,129,287
155,117,272
162,98,260
148,89,237
143,127,270
140,119,259
149,102,251
156,89,245
147,122,269
161,120,281
183,135,318
202,117,319
190,107,297
174,100,274
144,97,241
144,133,277
144,138,282
158,144,302
159,150,309
139,159,298
133,194,327
141,210,351
148,216,364
150,219,369
159,207,366
161,185,346
199,150,349
206,123,329
204,98,302
187,129,316
191,118,309
183,157,340
210,152,362
215,114,329
226,99,325
173,103,276
131,104,235
126,131,257
125,125,250
145,104,249
166,134,300
174,135,309
179,111,290
165,99,264
151,112,263
143,104,247
155,136,291
171,112,283
189,143,332
216,117,333
210,134,344
203,127,330
195,163,358
249,137,386
245,156,401
265,155,420
248,122,370
209,114,323
149,109,258
132,107,239
134,110,244
146,97,243
147,81,228
117,133,250
134,144,278
128,145,273
130,147,277
137,130,267
142,130,272
136,132,268
122,139,261
118,143,261
117,149,266
123,149,272
117,147,264
125,149,274
121,144,265
129,153,282
139,148,287
136,147,283
162,134,296
195,101,296
196,125,321
197,120,317
157,108,265
163,123,286
152,115,267
162,105,267
147,136,283
163,125,288
170,135,305
153,153,306
121,152,273
115,156,271
118,160,278
123,158,281
138,162,300
173,135,308
168,149,317
152,150,302
123,150,273
131,148,279
143,145,288
129,143,272
137,145,282
122,152,274
120,161,281
115,156,271
136,149,285
125,158,283
125,164,289
103,170,273
121,163,284
124,165,289
126,160,286
140,143,283
145,141,286
136,142,278
127,136,263
130,132,262
124,139,263
126,148,274
121,150,271
127,150,277
125,152,277
127,154,281
124,150,274
124,147,271
130,122,252
158,104,262
175,117,292
172,107,279
169,87,256
143,104,247
143,102,245
138,191,329
231,205,436
333,106,439
334,115,449
250,97,347
153,132,285
169,120,289
153,137,290
160,132,292
146,115,261
171,107,278
177,117,294
186,104,290
171,91,262
156,104,260
145,92,237
151,124,275
151,119,270
144,108,252
159,127,286
157,121,278
159,150,309
188,104,292
178,95,273
176,89,265
122,89,211
123,97,220
123,102,225
131,90,221
128,91,219
121,95,216
110,99,209
129,102,231
135,117,252
147,121,268
146,129,275
148,115,263
144,123,267
145,129,274
123,131,254
127,146,273
134,146,280
143,149,292
142,152,294
137,155,292
135,170,305
136,189,325
131,200,331
144,206,350
150,225,375
205,183,388
224,189,413
251,160,411
245,117,362
246,148,394
219,151,370
205,137,342
205,150,355
195,142,337
186,128,314
185,127,312
225,148,373
244,133,377
226,162,388
217,158,375
186,146,332
186,134,320
175,117,292
150,116,266
170,148,318
181,139,320
192,144,336
182,143,325
165,145,310
164,148,312
165,140,305
174,131,305
195,124,319
192,127,319
187,119,306
163,115,278
154,100,254
165,124,289
170,181,351
191,171,362
200,159,359
179,154,333
114,149,263
148,134,282
161,107,268
162,105,267
165,97,262
162,147,309
157,160,317
156,189,345
153,199,352
130,210,340
146,229,375
146,234,380
161,216,377
172,214,386
191,204,395
180,206,386
183,200,383
187,170,357
209,153,362
239,116,355
223,111,334
184,118,302
152,117,269
141,127,268
141,145,286
124,160,284
144,164,308
164,152,316
166,155,321
183,128,311
190,118,308
199,109,308
181,108,289
152,92,244
159,101,260
136,104,240
142,95,237
142,125,267
163,131,294
177,135,312
177,144,321
167,128,295
148,128,276
151,134,285
152,118,270
159,111,270
163,104,267
156,119,275
163,123,286
155,120,275
156,143,299
152,161,313
136,176,312
137,190,327
129,197,326
134,189,323
152,175,327
147,182,329
138,209,347
139,190,329
149,180,329
148,185,333
163,148,311
187,131,318
206,100,306
181,95,276
170,133,303
157,116,273
175,104,279
172,127,299
158,117,275
168,124,292
184,107,291
180,120,300
180,112,292
173,125,298
173,142,315
200,119,319
182,113,295
168,112,280
126,112,238
137,113,250
136,125,261
132,134,266
126,130,256
129,126,255
136,131,267
137,136,273
130,133,263
131,132,263
134,138,272
136,145,281
145,149,294
139,152,291
148,157,305
133,160,293
131,161,292
125,183,308
127,187,314
134,171,305
149,158,307
175,153,328
162,141,303
155,136,291
155,122,277
162,159,321
196,123,319
199,102,301
195,152,347
200,127,327
200,119,319
198,135,333
168,153,321
185,180,365
197,148,345
233,115,348
209,107,316
167,116,283
139,111,250
124,123,247
128,118,246
137,124,261
131,128,259
120,129,249
126,127,253
128,151,279
127,172,299
124,185,309
128,182,310
137,207,344
151,226,377
138,244,382
127,265,392
229,177,406
282,161,443
320,138,458
223,113,336
184,101,285
174,114,288
160,113,273
174,143,317
204,106,310
200,95,295
177,93,270
141,170,311
147,165,312
166,150,316
161,158,319
102,160,262
128,158,286
106,149,255
116,141,257
126,141,267
119,136,255
122,131,253
120,132,252
121,139,260
120,140,260
123,181,304
136,161,297
170,155,325
167,171,338
136,172,308
138,165,303
135,154,289
127,167,294
121,308,429
124,313,437
122,318,440
230,211,441
314,163,477
346,147,493
234,130,364
174,113,287
160,108,268
165,121,286
167,120,287
164,117,281
148,118,266
163,163,326
180,139,319
189,116,305
198,162,360
184,139,323
183,142,325
184,169,353
141,168,309
163,158,321
154,159,313
134,167,301
144,161,305
146,161,307
149,159,308
147,156,303
146,155,301
145,162,307
145,157,302
147,153,300
149,147,296
151,148,299
159,145,304
166,138,304
161,135,296
152,139,291
147,138,285
143,137,280
145,134,279
144,135,279
141,142,283
147,138,285
142,141,283
148,146,294
143,142,285
143,142,285
143,145,288
142,142,284
147,141,288
148,145,293
149,141,290
144,139,283
144,134,278
142,136,278
143,139,282
148,138,286
143,140,283
147,139,286
145,137,282
143,142,285
148,134,282
145,151,296
146,157,303
145,154,299
153,150,303
161,142,303
164,140,304
159,141,300
151,137,288
143,132,275
146,131,277
156,133,289
159,130,289
159,131,290
153,135,288
143,187,330
144,180,324
140,189,329
177,173,350
175,185,360
181,178,359
170,205,375
162,200,362
173,195,368
160,202,362
200,182,382
209,159,368
236,126,362
215,105,320
208,118,326
179,137,316
195,122,317
224,125,349
222,126,348
194,118,312
145,117,262
133,117,250
143,144,287
160,142,302
169,138,307
166,124,290
148,126,274
170,120,290
195,127,322
188,113,301
178,121,299
171,120,291
149,128,277
154,134,288
134,138,272
155,113,268
162,137,299
195,119,314
187,109,296
192,150,342
186,162,348
221,160,381
248,123,371
251,136,387
221,140,361
191,125,316
158,120,278
141,115,256
119,110,229
124,110,234
129,93,222
143,121,264
157,119,276
163,112,275
181,167,348
188,151,339
211,127,338
196,131,327
122,150,272
120,152,272
142,128,270
160,105,265
158,101,259
155,92,247
160,123,283
159,111,270
178,148,326
177,153,330
151,146,297
146,168,314
125,192,317
149,185,334
159,177,336
155,176,331
149,174,323
136,170,306
139,171,310
109,179,288
128,189,317
137,187,324
128,176,304
138,164,302
141,153,294
182,106,288
178,97,275
188,135,323
160,133,293
156,128,284
172,104,276
171,145,316
184,153,337
169,146,315
151,156,307
135,154,289
97,147,244
145,125,270
155,114,269
163,95,258
167,128,295
158,152,310
146,140,286
166,108,274
165,104,269
161,111,272
137,126,263
140,131,271
136,133,269
122,140,262
127,143,270
133,164,297
156,140,296
160,139,299
189,153,342
204,127,331
235,149,384
235,130,365
191,137,328
148,138,286
99,137,236
143,132,275
139,132,271
138,137,275
120,177,297
123,183,306
124,196,320
159,180,339
172,182,354
199,186,385
179,173,352
152,161,313
134,156,290
123,151,274
115,146,261
125,169,294
122,186,308
126,193,319
207,178,385
286,142,428
304,154,458
245,165,410
195,149,344
200,144,344
206,153,359
220,132,352
232,136,368
220,188,408
234,154,388
220,163,383
233,150,383
181,159,340
194,187,381
227,130,357
218,120,338
220,100,320
154,124,278
159,126,285
153,143,296
203,155,358
210,145,355
220,143,363
181,122,303
169,106,275
172,86,258
165,133,298
165,127,292
156,123,279
149,105,254
153,99,252
156,137,293
156,138,294
106,161,267
148,151,299
150,138,288
165,138,303
161,148,309
163,141,304
140,142,282
142,139,281
151,125,276
149,128,277
157,127,284
198,124,322
215,130,345
209,101,310
185,124,309
183,108,291
167,104,271
170,129,299
166,114,280
172,96,268
156,97,253
163,130,293
152,135,287
150,135,285
139,144,283
142,141,283
140,130,270
125,112,237
155,89,244
167,113,280
171,106,277
161,99,260
153,100,253
139,108,247
139,106,245
147,90,237
147,116,263
148,120,268
150,108,258
152,90,242
148,110,258
148,112,260
137,107,244
150,103,253
151,99,250
156,125,281
159,126,285
152,119,271
152,112,264
144,106,250
155,99,254
160,114,274
161,133,294
147,135,282
145,133,278
141,125,266
146,106,252
157,97,254
153,91,244
137,86,223
128,90,218
146,142,288
174,117,291
193,105,298
189,92,281
153,123,276
162,120,282
147,109,256
143,97,240
139,135,274
146,132,278
156,114,270
139,114,253
136,119,255
142,114,256
149,98,247
170,144,314
156,145,301
158,140,298
151,128,279
152,115,267
156,117,273
156,107,263
143,101,244
141,97,238
163,122,285
189,101,290
195,119,314
200,106,306
152,107,259
168,121,289
159,125,284
180,110,290
166,106,272
155,94,249
153,95,248
154,106,260
149,90,239
149,120,269
144,112,256
147,107,254
148,102,250
156,87,243
154,119,273
154,113,267
155,108,263
174,118,292
161,125,286
172,121,293
181,146,327
195,118,313
201,148,349
185,148,333
160,151,311
180,164,344
161,188,349
167,201,368
165,210,375
168,204,372
163,194,357
159,187,346
166,187,353
158,201,359
140,206,346
131,204,335
154,173,327
168,159,327
160,163,323
141,166,307
124,167,291
124,169,293
126,168,294
129,153,282
139,151,290
139,148,287
133,148,281
136,151,287
134,157,291
139,162,301
138,166,304
152,162,314
139,164,303
126,155,281
145,130,275
153,113,266
165,90,255
155,87,242
149,95,244
136,101,237
130,96,226
137,118,255
148,125,273
151,116,267
139,125,264
133,126,259
115,125,240
138,132,270
143,143,286
138,158,296
134,161,295
132,175,307
134,173,307
148,162,310
143,152,295
151,136,287
154,126,280
164,112,276
167,137,304
179,125,304
175,114,289
165,138,303
175,109,284
159,110,269
152,113,265
119,118,237
123,117,240
129,113,242
128,109,237
130,103,233
119,103,222
127,101,228
126,99,225
143,81,224
138,115,253
128,132,260
122,149,271
120,293,413
131,294,425
134,306,440
188,254,442
258,191,449
258,194,452
202,193,395
144,185,329
138,180,318
167,151,318
170,129,299
170,117,287
164,99,263
160,116,276
163,102,265
154,112,266
161,107,268
144,110,254
159,111,270
156,100,256
165,135,300
162,121,283
168,107,275
161,125,286
147,146,293
169,151,320
160,159,319
153,158,311
148,149,297
141,145,286
172,139,311
197,115,312
191,130,321
159,146,305
117,154,271
136,151,287
135,151,286
141,147,288
139,149,288
147,148,295
149,139,288
148,134,282
146,139,285
135,143,278
128,149,277
137,160,297
148,160,308
153,180,333
150,198,348
148,196,344
127,202,329
157,183,340
166,168,334
166,172,338
140,203,343
129,229,358
117,251,368
130,261,391
194,204,398
213,217,430
228,197,425
185,184,369
188,171,359
185,145,330
179,129,308
179,121,300
162,125,287
154,116,270
158,123,281
168,123,291
156,125,281
160,146,306
179,119,298
195,139,334
206,150,356
188,151,339
192,142,334
183,140,323
165,147,312
143,157,300
129,165,294
129,186,315
118,192,310
111,195,306
122,194,316
159,152,311
183,133,316
196,121,317
155,115,270
149,110,259
144,107,251
150,94,244
149,99,248
140,97,237
139,110,249
155,119,274
175,116,291
175,114,289
125,108,233
141,103,244
135,112,247
127,127,254
118,140,258
122,142,264
129,144,273
134,150,284
143,152,295
130,143,273
134,134,268
131,127,258
133,116,249
140,149,289
163,115,278
182,109,291
192,118,310
168,109,277
163,102,265
153,112,265
145,100,245
158,117,275
157,104,261
152,98,250
151,127,278
166,148,314
189,127,316
188,130,318
146,145,291
131,151,282
124,152,276
145,166,311
163,180,343
150,206,356
160,208,368
151,199,350
144,199,343
176,159,335
190,145,335
197,135,332
167,119,286
145,116,261
143,139,282
128,159,287
99,168,267
121,189,310
112,198,310
122,197,319
132,183,315
165,145,310
187,117,304
198,86,284
170,98,268
159,88,247
143,125,268
146,124,270
146,127,273
141,132,273
130,132,262
136,127,263
142,124,266
138,134,272
129,140,269
128,144,272
141,134,275
141,140,281
131,151,282
123,153,276
124,166,290
126,173,299
123,186,309
128,194,322
136,196,332
122,200,322
146,180,326
159,156,315
168,145,313
159,138,297
139,153,292
133,163,296
121,165,286
119,164,283
141,156,297
135,158,293
131,149,280
136,155,291
137,153,290
140,150,290
136,149,285
143,138,281
143,136,279
140,134,274
130,132,262
130,131,261
128,130,258
128,124,252
131,123,254
133,121,254
130,123,253
131,120,251
132,114,246
131,113,244
132,120,252
127,117,244
128,122,250
128,120,248
129,125,254
127,128,255
127,134,261
126,133,259
139,121,260
140,119,259
140,120,260
139,123,262
122,121,243
132,110,242
131,112,243
138,114,252
128,115,243
127,114,241
124,118,242
124,128,252
121,131,252
122,132,254
126,132,258
126,132,258
135,128,263
140,116,256
138,119,257
129,116,245
128,121,249
126,130,256
130,130,260
127,135,262
126,137,263
124,138,262
128,135,263
135,130,265
131,144,275
132,228,360
304,159,463
355,155,510
386,129,515
240,157,397
214,135,349
204,128,332
224,137,361
200,140,340
221,140,361
200,126,326
207,101,308
186,159,345
170,153,323
166,148,314
156,164,320
143,159,302
187,110,297
195,91,286
185,124,309
158,136,294
127,130,257
131,135,266
154,107,261
156,105,261
158,101,259
129,133,262
125,139,264
125,139,264
143,140,283
142,152,294
129,161,290
120,170,290
116,197,313
123,201,324
111,197,308
127,185,312
190,110,300
214,90,304
220,134,354
157,147,304
166,141,307
172,139,311
168,124,292
157,112,269
164,96,260
149,124,273
174,114,288
166,95,261
159,89,248
135,81,216
137,99,236
129,102,231
141,126,267
151,132,283
153,133,286
150,144,294
140,149,289
132,153,285
123,151,274
136,156,292
143,153,296
150,142,292
154,147,301
149,152,301
135,153,288
122,183,305
151,164,315
172,129,301
175,112,287
165,111,276
137,106,243
125,113,238
131,166,297
166,143,309
194,138,332
200,128,328
156,133,289
163,117,280
170,111,281
160,107,267
137,171,308
175,147,322
171,156,327
166,164,330
118,171,289
128,179,307
136,170,306
132,167,299
140,181,321
122,187,309
116,194,310
130,180,310
159,172,331
153,171,324
148,166,314
141,164,305
193,105,298
189,143,332
192,156,348
146,148,294
127,148,275
131,144,275
122,136,258
121,141,262
125,163,288
102,172,274
136,168,304
146,150,296
141,143,284
117,127,244
136,117,253
119,108,227
107,94,201
136,103,239
121,112,233
144,109,253
129,97,226
135,87,222
142,115,257
124,164,288
120,169,289
129,168,297
152,147,299
155,171,326
162,182,344
134,195,329
148,191,339
146,187,333
132,195,327
179,159,338
174,162,336
195,155,350
147,163,310
144,154,298
129,197,326
125,206,331
131,207,338
143,209,352
166,177,343
155,171,326
164,164,328
172,140,312
207,136,343
219,150,369
196,167,363
174,168,342
190,138,328
223,145,368
239,176,415
231,162,393
250,160,410
244,146,390
233,119,352
210,127,337
195,147,342
193,127,320
186,125,311
187,134,321
157,126,283
171,100,271
172,124,296
174,122,296
150,141,291
151,137,288
148,123,271
166,96,262
151,121,272
167,130,297
157,125,282
150,119,269
153,107,260
160,127,287
183,107,290
175,90,265
169,118,287
151,126,277
142,128,270
144,131,275
137,133,270
140,127,267
130,128,258
130,130,260
130,153,283
141,152,293
152,153,305
151,149,300
144,156,300
152,131,283
158,121,279
176,119,295
163,110,273
165,108,273
154,109,263
140,113,253
142,122,264
126,134,260
129,145,274
128,132,260
149,139,288
155,130,285
183,120,303
184,115,299
162,249,411
153,254,407
164,224,388
170,209,379
218,146,364
126,137,263
172,128,300
199,120,319
162,127,289
140,114,254
144,113,257
155,119,274
140,120,260
156,113,269
139,102,241
164,152,316
174,151,325
156,152,308
145,158,303
132,168,300
139,165,304
172,148,320
194,141,335
195,134,329
141,133,274
122,136,258
108,135,243
128,133,261
121,137,258
132,155,287
131,169,300
136,193,329
132,183,315
143,184,327
142,171,313
139,172,311
119,167,286
131,151,282
136,151,287
129,152,281
123,150,273
124,139,263
127,144,271
125,147,272
118,147,265
133,138,271
134,142,276
117,138,255
136,120,256
153,175,328
196,133,329
210,106,316
181,104,285
162,99,261
176,81,257
167,97,264
150,128,278
121,138,259
131,137,268
138,147,285
106,149,255
138,142,280
154,133,287
148,142,290
136,152,288
123,157,280
128,160,288
131,186,317
132,177,309
131,180,311
138,184,322
138,181,319
138,177,315
131,180,311
134,168,302
146,167,313
154,164,318
148,179,327
133,185,318
144,191,335
132,185,317
165,171,336
157,175,332
156,167,323
137,166,303
151,162,313
160,150,310
185,139,324
159,134,293
170,151,321
160,135,295
183,108,291
187,106,293
180,97,277
144,136,280
172,136,308
197,116,313
185,120,305
170,114,284
141,107,248
155,145,300
161,151,312
179,154,333
169,146,315
175,144,319
188,117,305
184,153,337
205,125,330
192,109,301
195,145,340
185,148,333
201,144,345
207,138,345
181,168,349
174,198,372
175,204,379
185,203,388
213,169,382
221,132,353
220,122,342
185,115,300
163,132,295
164,117,281
172,114,286
179,99,278
164,121,285
169,156,325
200,122,322
203,177,380
226,147,373
220,108,328
219,148,367
191,161,352
176,146,322
199,110,309
192,143,335
226,149,375
222,121,343
232,152,384
201,167,368
178,173,351
164,180,344
185,167,352
201,181,382
222,175,397
215,186,401
203,191,394
208,168,376
174,166,340
169,170,339
152,159,311
168,159,327
166,154,320
161,143,304
195,158,353
205,179,384
249,131,380
239,140,379
210,134,344
216,118,334
200,140,340
185,125,310
204,168,372
211,155,366
229,115,344
215,162,377
200,141,341
204,121,325
210,153,363
191,105,296
201,134,335
193,168,361
230,121,351
237,129,366
252,105,357
184,115,299
185,144,329
169,153,322
174,160,334
165,186,351
153,211,364
148,227,375
148,235,383
175,226,401
207,201,408
231,174,405
213,184,397
226,160,386
212,143,355
205,154,359
176,166,342
193,134,327
204,140,344
221,135,356
179,129,308
194,158,352
198,156,354
188,191,379
199,183,382
177,175,352
186,185,371
184,188,372
211,166,377
212,167,379
221,154,375
184,145,329
173,143,316
160,137,297
168,138,306
167,149,316
171,149,320
162,161,323
166,157,323
164,157,321
168,158,326
167,143,310
160,154,314
146,172,318
139,177,316
127,207,334
130,242,372
128,241,369
134,233,367
175,180,355
219,145,364
213,138,351
172,140,312
155,110,265
175,96,271
177,158,335
170,170,340
171,183,354
186,189,375
202,170,372
261,120,381
236,131,367
217,166,383
196,151,347
211,146,357
229,157,386
225,142,367
233,149,382
219,145,364
213,136,349
221,121,342
217,122,339
204,122,326
191,145,336
203,159,362
208,162,370
232,124,356
193,203,396
248,165,413
225,189,414
236,190,426
188,223,411
218,218,436
258,329,587
437,132,569
413,147,560
364,133,497
193,191,384
260,124,384
235,134,369
231,143,374
199,152,351
233,130,363
220,146,366
227,132,359
210,147,357
204,152,356
150,158,308
167,134,301
168,145,313
178,157,335
143,191,334
140,223,363
145,233,378
163,219,382
185,200,385
195,183,378
176,170,346
162,161,323
161,170,331
138,188,326
132,184,316
115,195,310
142,175,317
177,140,317
182,125,307
183,105,288
162,103,265
163,88,251
156,131,287
148,158,306
151,148,299
160,142,302
153,142,295
137,146,283
128,137,265
153,134,287
148,140,288
135,148,283
120,141,261
143,125,268
159,110,269
145,108,253
148,124,272
158,115,273
165,114,279
156,113,269
158,137,295
158,125,283
176,109,285
147,95,242
134,87,221
115,100,215
138,111,249
114,101,215
105,108,213
152,107,259
138,132,270
145,129,274
158,131,289
143,129,272
136,125,261
120,118,238
118,97,215
151,81,232
137,104,241
131,95,226
124,147,271
164,113,277
176,98,274
165,157,322
145,143,288
129,147,276
142,136,278
114,112,226
155,94,249
155,139,294
168,124,292
189,86,275
183,136,319
151,126,277
124,122,246
127,119,246
92,100,192
136,89,225
137,96,233
133,109,242
148,113,261
145,148,293
134,157,291
136,179,315
119,187,306
136,189,325
180,196,376
193,182,375
212,173,385
249,110,359
234,134,368
221,127,348
174,135,309
180,151,331
177,148,325
189,149,338
216,146,362
195,144,339
183,115,298
171,123,294
151,124,275
193,135,328
179,138,317
184,141,325
158,148,306
152,159,311
151,169,320
138,183,321
141,195,336
138,203,341
133,216,349
150,216,366
156,221,377
172,217,389
169,292,461
171,305,476
165,314,479
240,248,488
263,234,497
279,222,501
218,224,442
218,219,437
218,203,421
227,180,407
217,198,415
205,207,412
165,246,411
175,210,385
220,168,388
243,148,391
206,133,339
140,127,267
143,116,259
146,111,257
169,147,316
191,146,337
206,141,347
208,135,343
207,146,353
218,140,358
209,135,344
215,146,361
209,142,351
210,131,341
213,148,361
207,144,351
210,144,354
200,136,336
204,147,351
217,124,341
200,168,368
221,142,363
211,138,349
233,144,377
208,142,350
214,119,333
203,97,300
179,90,269
140,83,223
140,105,245
141,339,480
182,318,500
229,286,515
267,254,521
272,231,503
183,228,411
148,217,365
198,188,386
202,165,367
173,157,330
169,124,293
179,134,313
198,107,305
153,129,282
181,109,290
151,127,278
150,134,284
144,134,278
149,154,303
203,120,323
188,102,290
157,169,326
175,141,316
135,130,265
170,119,289
116,95,211
143,98,241
142,173,315
159,159,318
190,140,330
187,151,338
122,193,315
221,142,363
228,119,347
255,101,356
177,120,297
158,155,313
170,115,285
190,108,298
162,147,309
178,143,321
188,146,334
171,159,330
133,239,372
136,254,390
141,261,402
146,259,405
194,220,414
226,214,440
240,202,442
205,186,391
191,205,396
207,206,413
218,193,411
229,167,396
203,165,368
202,172,374
170,170,340
194,139,333
218,150,368
262,137,399
235,130,365
238,112,350
202,134,336
205,107,312
193,121,314
187,133,320
145,144,289
131,150,281
120,151,271
119,152,271
118,148,266
137,154,291
115,164,279
124,164,288
107,170,277
121,174,295
120,179,299
121,183,304
133,176,309
147,161,308
147,164,311
138,166,304
143,139,282
143,153,296
150,162,312
117,158,275
113,175,288
128,167,295
117,160,277
103,164,267
187,117,304
209,121,330
220,139,359
149,147,296
150,164,314
144,159,303
133,192,325
162,211,373
162,199,361
235,123,358
257,137,394
247,136,383
172,126,298
139,129,268
145,121,266
141,115,256
139,141,280
156,113,269
168,101,269
172,95,267
142,87,229
126,121,247
135,131,266
107,141,248
114,152,266
125,156,281
128,163,291
129,167,296
120,210,330
111,232,343
115,231,346
132,206,338
181,170,351
204,136,340
204,105,309
181,93,274
143,86,229
131,120,251
139,111,250
150,93,243
135,115,250
178,105,283
172,112,284
177,89,266
162,103,265
151,87,238
148,135,283
147,134,281
151,133,284
167,141,308
142,150,292
145,176,321
141,174,315
155,169,324
145,186,331
127,187,314
124,212,336
133,200,333
172,157,329
180,150,330
167,144,311
129,140,269
130,125,255
141,108,249
140,101,241
137,123,260
144,116,260
138,123,261
128,119,247
129,88,217
158,148,306
168,137,305
157,129,286
159,137,296
122,142,264
133,132,265
146,125,271
175,98,273
144,95,239
153,94,247
125,101,226
123,111,234
113,118,231
122,116,238
119,125,244
122,140,262
125,138,263
112,132,244
154,122,276
157,116,273
165,110,275
179,108,287
171,108,279
162,100,262
145,122,267
154,115,269
148,117,265
151,119,270
125,140,265
125,158,283
116,170,286
121,183,304
135,198,333
119,204,323
150,226,376
140,233,373
165,210,375
176,188,364
209,176,385
211,172,383
215,164,379
193,149,342
198,168,366
191,161,352
178,174,352
186,182,368
188,177,365
196,154,350
188,135,323
173,132,305
181,192,373
211,173,384
207,189,396
212,185,397
215,176,391
290,129,419
286,130,416
225,114,339
184,104,288
177,176,353
181,170,351
170,182,352
148,185,333
85,194,279
112,197,309
112,189,301
162,173,335
179,196,375
194,202,396
183,219,402
181,244,425
170,226,396
181,205,386
198,182,380
218,134,352
203,119,322
210,131,341
202,118,320
202,123,325
168,131,299
143,129,272
156,126,282
179,141,320
190,157,347
182,155,337
170,151,321
142,179,321
160,173,333
172,164,336
186,159,345
179,177,356
210,149,359
197,161,358
225,142,367
181,143,324
160,151,311
131,169,300
117,199,316
130,211,341
118,224,342
123,246,369
168,214,382
158,182,340
177,173,350
172,151,323
159,137,296
173,108,281
181,101,282
158,105,263
161,103,264
133,101,234
131,104,235
128,108,236
132,110,242
121,104,225
130,95,225
139,83,222
138,95,233
140,87,227
129,120,249
136,406,542
421,107,528
432,103,535
417,115,532
145,100,245
149,84,233
143,105,248
117,111,228
131,121,252
104,126,230
127,143,270
110,148,258
115,149,264
119,152,271
135,146,281
143,136,279
128,124,252
132,121,253
118,116,234
128,110,238
107,93,200
135,85,220
127,79,206
120,108,228
122,139,261
120,165,285
142,165,307
178,138,316
170,116,286
177,114,291
160,117,277
134,112,246
120,110,230
141,113,254
158,150,308
197,109,306
196,89,285
171,140,311
157,123,280
157,96,253
178,128,306
156,126,282
145,143,288
133,148,281
118,142,260
150,137,287
161,125,286
172,119,291
169,145,314
195,121,316
206,175,381
223,168,391
218,151,369
228,165,393
220,158,378
248,162,410
224,157,381
242,146,388
216,135,351
217,98,315
205,131,336
185,120,305
161,104,265
163,129,292
156,122,278
177,91,268
158,128,286
163,108,271
152,117,269
180,97,277
166,119,285
174,108,282
138,95,233
139,89,228
124,113,237
128,137,265
137,136,273
146,146,292
138,139,277
131,131,262
144,119,263
135,115,250
146,100,246
151,84,235
146,125,271
139,136,275
132,145,277
134,146,280
120,149,269
133,136,269
138,125,263
138,111,249
140,104,244
128,93,221
128,88,216
131,87,218
135,84,219
124,167,291
148,141,289
161,124,285
154,118,272
121,110,231
130,100,230
120,103,223
139,122,261
151,127,278
147,127,274
136,129,265
121,126,247
136,121,257
132,159,291
125,173,298
128,167,295
146,150,296
111,145,256
145,134,279
134,141,275
125,137,262
117,141,258
135,125,260
162,101,263
160,122,282
176,92,268
152,143,295
162,143,305
141,141,282
125,155,280
103,161,264
130,151,281
133,135,268
138,122,260
141,119,260
124,106,230
149,89,238
139,119,258
128,116,244
148,152,300
149,130,279
175,118,293
151,128,279
120,150,270
135,159,294
133,161,294
151,138,289
172,103,275
185,86,271
175,89,264
151,88,239
135,129,264
138,113,251
146,102,248
154,90,244
132,93,225
131,85,216
138,124,262
159,119,278
179,103,282
163,92,255
148,105,253
160,78,238
159,108,267
154,116,270
119,116,235
131,131,262
123,125,248
104,127,231
114,283,397
129,288,417
97,302,399
146,306,452
275,154,429
335,167,502
311,133,444
216,126,342
173,113,286
129,101,230
139,89,228
144,104,248
138,96,234
145,91,236
142,127,269
175,155,330
190,157,347
175,167,342
153,179,332
110,187,297
134,181,315
174,156,330
200,135,335
228,127,355
205,112,317
195,160,355
181,146,327
198,147,345
207,135,342
221,162,383
238,145,383
237,112,349
229,123,352
185,134,319
157,136,293
164,116,280
191,157,348
203,136,339
204,118,322
165,105,270
115,98,213
138,92,230
111,97,208
121,105,226
115,108,223
130,104,234
125,100,225
134,90,224
120,81,201
131,77,208
92,110,202
127,112,239
120,107,227
126,101,227
123,92,215
130,85,215
99,110,209
153,139,292
163,126,289
158,124,282
178,118,296
144,114,258
181,107,288
134,100,234
123,90,213
148,127,275
159,128,287
162,120,282
163,131,294
133,138,271
118,168,286
121,188,309
133,187,320
117,189,306
122,184,306
187,105,292
200,96,296
191,92,283
126,102,228
113,132,245
112,141,253
134,164,298
145,157,302
149,177,326
149,189,338
150,191,341
151,202,353
157,199,356
138,220,358
151,207,358
155,187,342
168,174,342
167,155,322
188,121,309
207,94,301
200,139,339
174,134,308
153,166,319
206,143,349
225,132,357
221,154,375
153,157,310
164,136,300
193,118,311
192,134,326
201,103,304
199,121,320
202,138,340
173,143,316
168,143,311
163,137,300
142,138,280
138,140,278
126,141,267
129,161,290
130,174,304
126,182,308
121,192,313
121,206,327
130,197,327
134,185,319
161,178,339
156,174,330
157,183,340
143,191,334
132,196,328
121,197,318
153,166,319
160,167,327
148,169,317
137,162,299
127,166,293
128,181,309
126,200,326
127,197,324
132,188,320
149,167,316
164,152,316
164,140,304
170,114,284
173,111,284
180,109,289
190,83,273
174,104,278
164,95,259
148,116,264
156,99,255
152,84,236
155,126,281
138,173,311
184,142,326
194,147,341
197,152,349
155,154,309
162,152,314
163,160,323
162,162,324
160,172,332
163,173,336
161,184,345
188,180,368
203,185,388
196,200,396
172,202,374
155,221,376
181,214,395
165,223,388
178,241,419
165,224,389
172,207,379
171,204,375
192,167,359
213,133,346
228,144,372
209,126,335
207,143,350
206,146,352
175,161,336
208,150,358
210,143,353
220,135,355
220,149,369
221,142,363
215,169,384
232,148,380
235,163,398
250,138,388
231,159,390
255,144,399
244,125,369
220,98,318
181,94,275
156,90,246
131,110,241
128,108,236
148,168,316
161,151,312
144,146,290
170,107,277
112,94,206
143,85,228
138,126,264
137,129,266
153,105,258
152,102,254
145,93,238
135,84,219
136,125,261
139,126,265
150,105,255
149,95,244
145,85,230
137,129,266
144,125,269
155,105,260
153,95,248
141,94,235
134,93,227
135,84,219
136,104,240
132,121,253
134,117,251
145,100,245
156,150,306
160,163,323
147,183,330
137,187,324
102,196,298
145,205,350
185,169,354
187,183,370
189,193,382
151,219,370
167,228,395
204,207,411
231,224,455
204,210,414
193,194,387
138,190,328
184,141,325
212,129,341
216,130,346
211,108,319
190,159,349
193,136,329
179,117,296
196,101,297
182,101,283
156,102,258
137,121,258
127,124,251
131,134,265
150,132,282
146,142,288
150,140,290
120,135,255
119,127,246
134,134,268
168,128,296
176,135,311
166,134,300
144,176,320
172,169,341
210,155,365
203,157,360
216,116,332
231,131,362
209,140,349
186,180,366
201,142,343
229,138,367
240,143,383
196,170,366
188,157,345
199,146,345
207,143,350
206,135,341
177,128,305
193,108,301
191,91,282
163,83,246
136,162,298
126,150,276
144,145,289
134,135,269
84,129,213
123,134,257
127,129,256
135,115,250
130,108,238
117,97,214
133,88,221
125,114,239
130,125,255
136,143,279
137,156,293
140,194,334
284,126,410
279,122,401
293,108,401
155,91,246
135,87,222
145,104,249
131,138,269
144,139,283
134,137,271
151,116,267
147,98,245
152,104,256
142,104,246
132,101,233
124,96,220
109,148,257
154,142,296
163,128,291
166,110,276
156,101,257
143,156,299
151,151,302
147,146,293
131,132,263
100,114,214
151,155,306
152,151,303
157,150,307
122,174,296
101,178,279
140,207,347
153,208,361
161,211,372
153,203,356
159,191,350
132,167,299
161,147,308
169,131,300
156,117,273
176,115,291
160,102,262
184,214,398
170,183,353
167,185,352
169,159,328
120,169,289
162,140,302
169,123,292
159,117,276
147,112,259
129,125,254
143,131,274
163,144,307
179,182,361
209,121,330
227,134,361
213,122,335
169,107,276
167,129,296
169,115,284
179,112,291
173,104,277
146,102,248
141,119,260
152,143,295
177,120,297
185,117,302
181,107,288
171,140,311
183,118,301
178,108,286
173,118,291
154,171,325
186,139,325
208,106,314
188,155,343
142,129,271
170,111,281
186,140,326
167,111,278
197,144,341
211,120,331
184,118,302
168,132,300
158,102,260
175,140,315
193,146,339
173,146,319
181,148,329
163,155,318
197,136,333
178,143,321
169,149,318
147,141,288
134,147,281
141,146,287
132,133,265
153,133,286
178,98,276
182,84,266
162,104,266
104,102,206
138,88,226
137,116,253
146,145,291
137,163,300
134,187,321
157,180,337
165,171,336
199,166,365
222,152,374
205,166,371
183,185,368
146,189,335
150,188,338
162,177,339
189,157,346
165,171,336
159,175,334
116,180,296
121,182,303
119,174,293
143,160,303
139,160,299
135,162,297
116,164,280
115,192,307
120,222,342
122,239,361
118,248,366
175,194,369
189,198,387
197,192,389
165,175,340
166,148,314
175,156,331
180,141,321
171,132,303
159,120,279
184,148,332
178,120,298
163,115,278
181,157,338
163,144,307
166,145,311
144,140,284
108,184,292
124,203,327
117,210,327
128,228,356
171,188,359
189,171,360
173,176,349
154,194,348
132,384,516
139,403,542
129,437,566
265,322,587
305,241,546
245,239,484
203,235,438
240,187,427
238,159,397
240,129,369
192,119,311
193,124,317
183,145,328
174,157,331
189,162,351
218,152,370
255,126,381
235,136,371
190,143,333
163,138,301
157,134,291
142,153,295
131,152,283
125,145,270
123,143,266
133,127,260
119,105,224
166,84,250
153,131,284
145,133,278
128,156,284
132,163,295
121,161,282
129,152,281
141,142,283
132,125,257
138,119,257
123,104,227
136,105,241
132,96,228
134,86,220
140,126,266
133,107,240
144,91,235
138,84,222
107,115,222
127,110,237
131,112,243
125,117,242
124,121,245
130,122,252
103,119,222
133,117,250
133,113,246
115,124,239
126,149,275
103,147,250
123,140,263
133,123,256
135,125,260
136,109,245
117,99,216
151,98,249
147,101,248
142,138,280
158,115,273
181,125,306
203,109,312
182,104,286
174,112,286
151,107,258
146,101,247
146,90,236
145,146,291
162,132,294
160,133,293
166,143,309
137,151,288
130,202,332
137,195,332
135,196,331
144,190,334
157,175,332
165,162,327
151,167,318
135,177,312
117,217,334
121,242,363
119,252,371
134,235,369
200,175,375
206,159,365
220,136,356
168,123,291
160,106,266
141,96,237
132,92,224
125,96,221
134,114,248
156,105,261
172,150,322
171,149,320
161,136,297
184,98,282
166,103,269
141,107,248
127,105,232
127,111,238
128,107,235
120,94,214
150,98,248
131,120,251
128,136,264
125,143,268
126,152,278
112,159,271
120,156,276
109,151,260
124,141,265
134,139,273
124,134,258
108,134,242
119,133,252
95,139,234
124,140,264
103,134,237
120,137,257
115,149,264
110,178,288
117,192,309
134,187,321
123,181,304
143,156,299
129,150,279
166,121,287
187,160,347
176,154,330
173,154,327
147,138,285
109,125,234
150,108,258
152,101,253
153,102,255
136,121,257
155,117,272
152,111,263
159,95,254
140,97,237
127,102,229
144,96,240
141,94,235
144,164,308
180,128,308
187,132,319
199,133,332
162,130,292
154,150,304
150,152,302
177,101,278
190,112,302
219,105,324
185,98,283
170,122,292
156,113,269
153,103,256
157,108,265
156,86,242
146,125,271
146,133,279
148,125,273
144,121,265
140,118,258
142,112,254
148,109,257
155,92,247
151,111,262
155,131,286
168,113,281
181,83,264
174,90,264
149,89,238
123,90,213
118,84,202
116,127,243
112,141,253
131,131,262
147,111,258
147,114,261
156,92,248
154,130,284
167,116,283
156,105,261
144,97,241
123,121,244
143,121,264
150,113,263
157,105,262
144,144,288
171,148,319
160,156,316
159,158,317
129,172,301
137,173,310
136,193,329
138,201,339
135,206,341
149,199,348
161,227,388
167,227,394
155,241,396
167,238,405
182,227,409
187,232,419
202,201,403
217,172,389
243,141,384
247,142,389
233,115,348
233,119,352
198,130,328
163,132,295
163,116,279
159,106,265
173,119,292
171,159,330
202,178,380
236,144,380
213,119,332
194,106,300
118,95,213
134,110,244
158,102,260
161,90,251
158,100,258
120,111,231
136,102,238
141,104,245
144,126,270
152,115,267
158,101,259
165,86,251
150,104,254
131,109,240
133,111,244
135,107,242
133,112,245
133,110,243
133,102,235
134,102,236
130,111,241
145,119,264
159,133,292
168,152,320
195,133,328
221,157,378
248,121,369
215,104,319
201,126,327
165,117,282
167,113,280
170,142,312
182,110,292
191,92,283
189,132,321
178,109,287
190,91,281
170,92,262
151,110,261
150,95,245
154,103,257
146,86,232
156,102,258
144,105,249
149,100,249
148,95,243
150,93,243
142,131,273
140,101,241
170,84,254
164,99,263
148,87,235
149,113,262
133,116,249
156,97,253
150,94,244
140,93,233
124,89,213
120,87,207
120,87,207
123,116,239
129,146,275
140,151,291
150,151,301
154,163,317
159,184,343
141,201,342
175,165,340
184,135,319
207,117,324
188,105,293
169,132,301
146,148,294
144,126,270
186,128,314
202,149,351
220,153,373
225,233,458
324,118,442
298,149,447
305,178,483
205,169,374
234,154,388
232,125,357
226,153,379
225,130,355
196,125,321
166,138,304
136,164,300
155,168,323
170,160,330
188,140,328
190,121,311
170,109,279
157,102,259
150,94,244
143,86,229
139,98,237
131,125,256
153,131,284
152,129,281
143,134,277
123,134,257
123,136,259
116,146,262
128,156,284
125,181,306
134,175,309
127,165,292
136,151,287
143,139,282
138,132,270
134,122,256
127,116,243
142,97,239
131,91,222
134,77,211
133,93,226
132,88,220
129,104,233
139,99,238
137,94,231
133,93,226
124,103,227
122,103,225
115,104,219
122,98,220
119,93,212
128,97,225
126,96,222
126,93,219
130,90,220
128,115,243
138,118,256
138,124,262
140,123,263
133,128,261
136,133,269
131,130,261
132,134,266
135,137,272
144,136,280
145,138,283
144,134,278
141,132,273
140,136,276
143,126,269
141,132,273
139,135,274
139,132,271
139,129,268
140,131,271
134,134,268
141,132,273
142,127,269
139,132,271
134,134,268
140,133,273
141,128,269
139,133,272
134,135,269
141,132,273
138,129,267
139,132,271
134,134,268
141,132,273
154,125,279
151,130,281
143,126,269
132,131,263
132,134,266
139,132,271
140,127,267
138,143,281
133,144,277
140,140,280
141,144,285
141,143,284
135,146,281
141,139,280
141,140,281
138,141,279
135,143,278
134,148,282
134,149,283
135,149,284
133,146,279
134,147,281
133,149,282
136,147,283
134,148,282
135,150,285
135,147,282
135,166,301
135,171,306
137,160,297
145,145,290
181,98,279
196,106,302
194,177,371
204,136,340
202,128,330
198,125,323
152,193,345
188,190,378
186,193,379
175,197,372
120,191,311
147,344,491
133,358,491
141,340,481
155,323,478
334,144,478
350,105,455
324,94,418
165,194,359
163,187,350
151,191,342
163,183,346
94,195,289
135,182,317
139,168,307
139,172,311
165,138,303
170,132,302
206,169,375
187,162,349
191,164,355
158,165,323
109,173,282
147,157,304
150,171,321
187,138,325
174,146,320
178,140,318
136,131,267
136,137,273
123,143,266
121,136,257
112,140,252
125,136,261
115,154,269
118,173,291
115,230,345
109,255,364
118,255,373
154,230,384
224,151,375
235,129,364
208,116,324
168,131,299
178,115,293
185,164,349
179,147,326
190,112,302
166,103,269
127,98,225
130,83,213
129,122,251
129,143,272
133,166,299
131,178,309
132,180,312
104,178,282
132,165,297
163,137,300
194,154,348
205,144,349
198,124,322
179,106,285
174,126,300
173,123,296
147,116,263
154,150,304
177,153,330
172,154,326
180,151,331
136,143,279
160,126,286
175,115,290
177,123,300
163,130,293
136,153,289
134,151,285
130,165,295
145,179,324
151,182,333
153,193,346
201,154,355
226,200,426
261,172,433
212,170,382
206,175,381
167,187,354
171,186,357
174,186,360
170,203,373
182,175,357
179,159,338
205,127,332
209,133,342
212,113,325
183,110,293
153,96,249
132,97,229
118,164,282
144,152,296
131,163,294
136,151,287
90,134,224
126,135,261
149,117,266
175,158,333
185,155,340
149,155,304
148,150,298
130,130,260
168,150,318
168,163,331
157,166,323
159,159,318
194,152,346
189,139,328
168,148,316
148,163,311
145,148,293
165,144,309
173,144,317
170,129,299
188,106,294
181,93,274
171,120,291
149,125,274
133,123,256
169,123,292
179,115,294
158,105,263
183,160,343
156,154,310
146,160,306
141,147,288
93,127,220
142,101,243
148,185,333
184,164,348
177,173,350
159,210,369
99,213,312
125,214,339
118,195,313
197,132,329
222,114,336
228,136,364
177,113,290
164,108,272
167,103,270
156,187,343
141,207,348
144,229,373
152,234,386
104,237,341
171,197,368
136,178,314
195,151,346
191,135,326
185,140,325
194,121,315
194,147,341
203,132,335
202,121,323
221,103,324
181,117,298
162,114,276
159,109,268
164,155,319
184,133,317
210,109,319
204,178,382
190,162,352
168,146,314
207,124,331
199,135,334
213,122,335
183,108,291
170,132,302
160,117,277
162,134,296
185,143,328
171,136,307
155,122,277
141,109,250
125,98,223
141,85,226
139,147,286
143,114,257
164,101,265
162,175,337
131,164,295
163,163,326
155,168,323
111,153,264
169,127,296
190,98,288
184,126,310
176,130,306
138,130,268
149,125,274
119,118,237
98,108,206
113,111,224
126,107,233
129,115,244
130,133,263
104,140,244
124,136,260
114,137,251
119,133,252
122,141,263
117,138,255
130,122,252
145,106,251
131,101,232
136,96,232
118,90,208
121,90,211
119,144,263
124,179,303
140,206,346
153,230,383
162,241,403
175,241,416
176,248,424
178,257,435
170,251,421
201,236,437
216,202,418
214,169,383
173,171,344
163,190,353
125,192,317
124,187,311
134,165,299
164,137,301
177,123,300
170,112,282
161,100,261
151,136,287
162,124,286
156,126,282
163,115,278
179,131,310
178,118,296
177,124,301
143,121,264
129,106,235
165,119,284
173,119,292
176,116,292
160,118,278
155,161,316
184,129,313
212,108,320
203,106,309
169,93,262
155,110,265
158,99,257
151,118,269
171,112,283
166,106,272
166,105,271
164,125,289
167,118,285
191,112,303
190,112,302
172,100,272
164,151,315
167,145,312
165,146,311
151,155,306
108,161,269
137,160,297
133,167,300
135,175,310
132,171,303
117,173,290
141,175,316
127,205,332
128,209,337
138,182,320
161,164,325
179,155,334
168,144,312
157,139,296
167,109,276
173,119,292
178,117,295
167,120,287
164,99,263
158,96,254
152,115,267
133,149,282
126,162,288
131,167,298
119,167,286
126,166,292
136,150,286
142,147,289
137,160,297
119,171,290
121,176,297
120,178,298
124,176,300
131,172,303
166,146,312
178,137,315
174,121,295
157,108,265
153,117,270
157,96,253
158,107,265
172,133,305
158,146,304
149,142,291
135,136,271
127,123,250
138,111,249
136,104,240
123,102,225
113,97,210
140,128,268
151,116,267
149,108,257
138,185,323
211,186,397
280,121,401
308,103,411
235,121,356
170,121,291
158,110,268
155,92,247
151,170,321
201,157,358
232,155,387
232,156,388
177,146,323
151,154,305
156,180,336
145,189,334
141,187,328
135,180,315
147,174,321
156,158,314
172,149,321
162,152,314
145,159,304
128,154,282
136,152,288
153,138,291
164,144,308
159,154,313
141,161,302
147,160,307
155,151,306
162,129,291
171,114,285
186,124,310
182,118,300
173,118,291
157,119,276
161,125,286
161,163,324
166,184,350
153,202,355
166,203,369
172,204,376
171,217,388
158,230,388
161,234,395
165,221,386
186,189,375
192,174,366
196,162,358
199,123,322
203,112,315
199,120,319
206,180,386
196,190,386
226,173,399
201,168,369
180,159,339
201,130,331
215,137,352
235,106,341
206,84,290
162,112,274
143,113,256
146,97,243
149,84,233
144,98,242
152,104,256
154,94,248
154,86,240
135,81,216
126,86,212
126,108,234
131,101,232
138,89,227
141,115,256
144,138,282
136,138,274
149,154,303
139,175,314
160,153,313
195,158,353
249,161,410
269,133,402
246,114,360
188,124,312
163,111,274
150,124,274
145,142,287
159,139,298
171,118,289
158,110,268
139,105,244
126,107,233
122,117,239
125,136,261
127,133,260
132,144,276
110,154,264
120,180,300
126,190,316
116,196,312
148,199,347
122,227,349
129,242,371
149,234,383
170,221,391
185,204,389
173,189,362
176,184,360
160,186,346
135,193,328
132,182,314
175,163,338
174,152,326
164,170,334
133,333,466
126,346,472
131,351,482
228,259,487
314,173,487
359,127,486
256,133,389
159,151,310
203,157,360
210,104,314
203,131,334
234,137,371
196,120,316
193,113,306
164,112,276
153,129,282
155,162,317
155,190,345
148,207,355
162,208,370
201,206,407
218,206,424
242,164,406
233,149,382
242,116,358
204,93,297
183,122,305
181,172,353
216,132,348
212,118,330
179,127,306
131,133,264
112,147,259
123,190,313
126,195,321
125,192,317
147,194,341
147,204,351
137,207,344
146,188,334
166,166,332
180,152,332
167,141,308
187,144,331
181,148,329
178,153,331
157,144,301
150,143,293
148,144,292
145,141,286
133,142,275
145,143,288
169,112,281
183,93,276
176,120,296
141,109,250
160,122,282
154,115,269
153,110,263
161,107,268
164,124,288
166,121,287
158,108,266
158,135,293
154,139,293
185,130,315
183,115,298
192,137,329
183,129,312
179,123,302
149,124,273
127,125,252
128,126,254
125,121,246
129,118,247
142,107,249
140,104,244
143,113,256
134,114,248
140,107,247
126,96,222
137,108,245
139,102,241
143,109,252
148,116,264
130,112,242
136,129,265
167,143,310
177,123,300
200,103,303
167,109,276
141,127,268
125,136,261
117,147,264
121,160,281
120,180,300
102,178,280
117,174,291
130,164,294
152,138,290
144,123,267
160,106,266
171,110,281
165,105,270
164,102,266
152,134,286
171,118,289
171,108,279
154,95,249
146,94,240
113,91,204
122,90,212
124,85,209
128,83,211
117,108,225
129,116,245
128,123,251
139,117,256
135,122,257
113,125,238
123,146,269
130,183,313
134,182,316
151,166,317
189,147,336
191,151,342
176,155,331
156,150,306
142,157,299
143,163,306
137,164,301
138,168,306
140,171,311
134,176,310
131,185,316
129,185,314
127,178,305
148,149,297
156,137,293
163,128,291
150,114,264
150,103,253
148,92,240
145,108,253
139,96,235
141,88,229
147,106,253
147,96,243
152,84,236
153,109,262
152,101,253
149,91,240
146,115,261
145,112,257
142,121,263
142,121,263
133,125,258
130,128,258
126,136,262
126,143,269
130,150,280
128,159,287
130,162,292
128,171,299
128,170,298
126,179,305
130,198,328
128,206,334
132,201,333
148,185,333
162,166,328
165,168,333
149,167,316
129,170,299
125,169,294
125,170,295
125,172,297
126,176,302
140,163,303
146,189,335
144,186,330
144,180,324
142,157,299
172,121,293
186,101,287
173,115,288
165,100,265
156,90,246
156,133,289
154,127,281
187,121,308
198,146,344
207,132,339
199,107,306
178,113,291
167,104,271
147,124,271
149,125,274
152,108,260
162,117,279
171,99,270
168,125,293
168,137,305
169,121,290
192,130,322
191,126,317
186,109,295
168,143,311
171,123,294
172,117,289
180,107,287
161,97,258
162,124,286
164,114,278
167,134,301
180,121,301
188,128,316
199,122,321
187,136,323
169,151,320
151,189,340
143,198,341
155,202,357
161,234,395
182,217,399
173,231,404
168,234,402
162,228,390
171,233,404
196,211,407
192,202,394
180,203,383
173,171,344
170,180,350
184,178,362
160,194,354
153,219,372
155,224,379
135,230,365
163,194,357
167,192,359
198,160,358
196,158,354
192,151,343
167,149,316
136,145,281
113,145,258
136,134,270
149,131,280
153,183,336
147,220,367
160,225,385
162,239,401
153,272,425
170,290,460
162,281,443
185,273,458
236,206,442
248,173,421
244,153,397
190,146,336
179,124,303
204,159,363
228,129,357
231,122,353
211,135,346
172,126,298
175,132,307
148,159,307
140,163,303
157,157,314
169,128,297
185,108,293
185,94,279
189,132,321
178,122,300
174,117,291
174,103,277
140,93,233
151,126,277
152,146,298
178,126,304
182,111,293
197,83,280
165,104,269
136,115,251
153,143,296
186,132,318
216,137,353
230,153,383
219,127,346
215,110,325
177,102,279
138,97,235
144,98,242
124,98,222
117,100,217
120,102,222
127,127,254
152,116,268
157,109,266
173,136,309
156,128,284
165,126,291
162,131,293
149,136,285
150,138,288
143,149,292
146,165,311
161,166,327
172,185,357
171,208,379
211,168,379
222,171,393
227,181,408
200,160,360
207,145,352
188,157,345
155,148,303
134,149,283
134,137,271
131,124,255
140,115,255
133,115,248
119,112,231
116,110,226
119,107,226
105,104,209
120,109,229
123,107,230
121,104,225
126,97,223
124,90,214
126,90,216
122,97,219
111,93,204
135,133,268
135,136,271
127,130,257
179,138,317
196,240,436
313,115,428
304,123,427
242,123,365
146,112,258
151,95,246
160,124,284
144,131,275
136,120,256
138,130,268
128,139,267
119,154,273
143,148,291
148,136,284
147,136,283
136,138,274
128,134,262
134,131,265
116,132,248
119,135,254
120,137,257
118,128,246
124,128,252
122,127,249
108,135,243
118,137,255
120,132,252
136,134,270
134,132,266
130,128,258
125,106,231
132,101,233
133,94,227
115,89,204
121,89,210
125,89,214
124,85,209
125,87,212
129,142,271
129,135,264
154,120,274
177,167,344
173,149,322
210,121,331
187,144,331
168,117,285
201,134,335
194,126,320
210,125,335
197,122,319
174,112,286
166,170,336
186,140,326
196,125,321
214,128,342
175,155,330
232,115,347
225,121,346
182,132,314
148,141,289
150,138,288
142,124,266
164,154,318
189,126,315
193,112,305
175,104,279
126,109,235
137,110,247
128,123,251
126,144,270
121,176,297
129,160,289
137,154,291
131,145,276
126,144,270
125,144,269
125,140,265
127,136,263
119,141,260
121,136,257
126,132,258
126,146,272
125,159,284
123,157,280
142,156,298
146,154,300
148,171,319
147,178,325
151,180,331
148,179,327
148,169,317
139,172,311
140,178,318
133,182,315
132,186,318
121,192,313
146,260,406
175,304,479
178,325,503
155,340,495
207,265,472
270,206,476
287,199,486
190,190,380
162,194,356
162,207,369
139,218,357
136,219,355
163,188,351
175,181,356
188,166,354
160,152,312
144,153,297
142,144,286
125,148,273
128,144,272
125,146,271
124,147,271
118,161,279
122,167,289
132,165,297
139,157,296
138,203,341
130,228,358
127,224,351
130,208,338
169,166,335
200,118,318
208,115,323
188,157,345
188,133,321
205,132,337
197,135,332
178,128,306
188,150,338
192,149,341
197,138,335
164,139,303
142,156,298
146,172,318
144,174,318
134,180,314
151,164,315
155,175,330
189,153,342
213,108,321
193,110,303
189,145,334
186,128,314
199,105,304
189,129,318
173,117,290
163,127,290
166,124,290
149,112,261
157,112,269
162,127,289
171,128,299
189,147,336
226,118,344
200,131,331
214,118,332
183,119,302
182,172,354
186,154,340
206,173,379
194,171,365
201,144,345
194,137,331
200,169,369
222,123,345
218,100,318
207,113,320
151,106,257
157,141,298
177,105,282
182,143,325
185,137,322
155,132,287
162,106,268
167,111,278
176,114,290
173,106,279
158,109,267
146,150,296
173,120,293
183,111,294
182,105,287
157,118,275
163,121,284
166,103,269
176,124,300
164,129,293
163,130,293
151,127,278
149,136,285
155,118,273
144,107,251
163,87,250
157,119,276
149,132,281
136,154,290
135,156,291
133,152,285
143,148,291
138,145,283
140,167,307
151,178,329
167,179,346
177,173,350
169,174,343
157,170,327
172,147,319
172,134,306
185,145,330
191,121,312
213,119,332
212,109,321
181,106,287
158,104,262
143,104,247
162,143,305
154,163,317
166,159,325
156,174,330
162,177,339
144,187,331
152,188,340
144,194,338
133,190,323
150,153,303
155,160,315
170,162,332
139,160,299
142,152,294
141,141,282
140,152,292
130,166,296
132,168,300
125,172,297
133,170,303
124,191,315
121,202,323
129,190,319
142,178,320
160,157,317
150,153,303
151,141,292
133,140,273
168,131,299
192,145,337
220,135,355
197,132,329
158,131,289
127,123,250
124,117,241
109,114,223
120,117,237
121,139,260
124,141,265
130,144,274
133,148,281
138,150,288
154,149,303
163,135,298
160,140,300
151,146,297
145,145,290
137,163,300
155,163,318
148,183,331
179,180,359
201,189,390
221,184,405
224,182,406
228,155,383
226,150,376
202,149,351
162,142,304
151,138,289
144,151,295
138,142,280
133,120,253
180,116,296
184,127,311
198,113,311
164,108,272
134,107,241
126,106,232
121,101,222
128,92,220
131,83,214
132,78,210
131,130,261
126,145,271
134,141,275
143,140,283
140,146,286
129,144,273
111,157,268
141,142,283
157,116,273
156,111,267
169,115,284
151,102,253
162,111,273
147,112,259
122,107,229
129,107,236
150,120,270
170,121,291
195,94,289
173,94,267
151,90,241
134,92,226
123,93,216
125,90,215
122,82,204
119,86,205
124,103,227
118,118,236
128,121,249
145,108,253
153,96,249
145,116,261
127,138,265
130,150,280
143,136,279
159,130,289
142,153,295
126,150,276
125,149,274
115,142,257
148,138,286
128,152,280
145,141,286
142,138,280
143,139,282
137,127,264
139,111,250
140,110,250
130,113,243
110,128,238
124,129,253
140,116,256
131,109,240
137,98,235
157,124,281
160,120,280
162,105,267
169,115,284
163,114,277
170,110,280
141,102,243
141,115,256
141,107,248
156,132,288
181,99,280
173,109,282
223,120,343
190,132,322
170,141,311
147,126,273
140,122,262
134,117,251
124,117,241
121,117,238
124,124,248
118,131,249
121,130,251
121,136,257
125,140,265
116,144,260
142,139,281
131,141,272
130,136,266
122,124,246
134,121,255
130,125,255
120,137,257
122,144,266
120,151,271
130,151,281
140,148,288
152,140,292
135,142,277
133,145,278
119,156,275
117,164,281
113,165,278
118,166,284
116,171,287
124,191,315
115,190,305
130,192,322
129,196,325
149,166,315
180,156,336
182,139,321
150,129,279
161,118,279
153,102,255
159,124,283
152,131,283
159,122,281
148,127,275
142,139,281
137,121,258
158,115,273
164,129,293
184,113,297
184,116,300
171,116,287
159,112,271
162,103,265
151,131,282
167,144,311
190,124,314
198,118,316
167,116,283
148,111,259
145,108,253
138,116,254
136,115,251
135,107,242
131,104,235
136,96,232
134,85,219
141,114,255
121,123,244
135,125,260
133,124,257
137,132,269
140,125,265
137,126,263
146,146,292
141,148,289
142,151,293
140,148,288
130,176,306
145,201,346
162,191,353
190,164,354
220,122,342
202,113,315
180,107,287
135,105,240
123,104,227
106,92,198
131,96,227
122,92,214
121,106,227
120,105,225
115,151,266
123,156,279
131,156,287
132,163,295
149,166,315
186,119,305
200,102,302
192,137,329
164,133,297
162,114,276
163,105,268
160,92,252
160,188,348
180,258,438
329,148,477
356,160,516
286,146,432
217,146,363
180,152,332
146,160,306
160,173,333
158,180,338
155,191,346
162,193,355
163,202,365
164,211,375
156,219,375
158,228,386
160,245,405
170,244,414
177,251,428
196,245,441
199,233,432
186,247,433
194,224,418
193,190,383
203,174,377
174,157,331
165,135,300
160,122,282
152,107,259
149,99,248
157,110,267
156,107,263
168,96,264
151,103,254
141,104,245
127,111,238
132,112,244
132,119,251
134,127,261
126,132,258
125,140,265
123,145,268
123,154,277
127,159,286
129,163,292
131,169,300
125,171,296
121,179,300
123,185,308
141,168,309
143,171,314
144,172,316
125,180,305
124,180,304
136,171,307
136,178,314
137,184,321
142,212,354
143,437,580
143,467,610
125,484,609
305,314,619
420,218,638
438,215,653
192,205,397
171,201,372
178,194,372
188,173,361
181,175,356
161,178,339
156,187,343
170,158,328
183,156,339
172,148,320
160,176,336
147,164,311
148,156,304
166,124,290
162,116,278
182,146,328
184,147,331
186,126,312
180,146,326
193,178,371
158,183,341
183,159,342
192,114,306
188,109,297
199,138,337
176,138,314
165,131,296
192,132,324
173,126,299
185,137,322
189,152,341
198,151,349
182,147,329
166,175,341
146,180,326
171,173,344
201,169,370
223,156,379
220,137,357
225,141,366
209,132,341
206,117,323
171,116,287
151,143,294
130,175,305
135,195,330
156,180,336
153,175,328
155,185,340
159,168,327
135,186,321
139,212,351
107,209,316
120,199,319
147,183,330
186,151,337
195,140,335
187,130,317
179,138,317
189,103,292
189,164,353
186,164,350
180,146,326
169,135,304
144,140,284
146,130,276
137,130,267
140,144,284
132,144,276
130,145,275
136,127,263
151,176,327
170,138,308
184,122,306
175,113,288
128,109,237
149,122,271
160,106,266
151,130,281
176,124,300
166,122,288
154,119,273
143,108,251
136,97,233
104,90,194
118,151,269
142,156,298
138,161,299
128,157,285
103,160,263
122,152,274
134,149,283
116,133,249
144,118,262
169,122,291
177,121,298
181,152,333
160,138,298
174,94,268
182,80,262
158,115,273
134,127,261
117,132,249
119,135,254
119,130,249
130,114,244
112,111,223
133,116,249
117,115,232
109,112,221
122,102,224
125,95,220
116,104,220
121,101,222
96,96,192
125,90,215
115,91,206
125,88,213
118,85,203
106,78,184
110,140,250
115,172,287
113,182,295
138,183,321
175,150,325
195,156,351
176,172,348
127,188,315
110,187,297
120,196,316
137,161,298
190,155,345
195,153,348
158,164,322
149,157,306
156,138,294
161,117,278
147,108,255
159,83,242
152,116,268
158,102,260
145,95,240
148,105,253
145,134,279
162,122,284
158,147,305
196,113,309
201,123,324
200,109,309
163,97,260
147,133,280
154,132,286
142,122,264
155,114,269
148,110,258
127,94,221
161,120,281
154,124,278
127,123,250
124,143,267
119,168,287
119,180,299
126,199,325
140,183,323
145,174,319
144,166,310
152,121,273
182,99,281
175,143,318
172,125,297
182,101,283
161,93,254
137,92,229
96,91,187
125,98,223
118,111,229
89,123,212
122,119,241
112,135,247
127,136,263
97,143,240
119,144,263
128,140,268
114,146,260
131,182,313
108,204,312
132,193,325
134,194,328
132,189,321
154,136,290
195,121,316
190,124,314
132,131,263
122,127,249
122,129,251
119,135,254
122,138,260
118,134,252
109,146,255
123,141,264
110,138,248
102,131,233
130,121,251
111,120,231
127,116,243
122,119,241
121,115,236
95,115,210
132,108,240
131,118,249
128,129,257
124,156,280
123,176,299
137,191,328
134,219,353
123,236,359
153,239,392
169,248,417
172,265,437
191,226,417
210,195,405
213,196,409
197,169,366
184,149,333
171,133,304
172,111,283
184,141,325
181,136,317
178,113,291
161,102,263
161,113,274
163,101,264
130,130,260
160,143,303
161,165,326
166,172,338
194,137,331
219,138,357
220,120,340
176,141,317
200,124,324
196,147,343
196,127,323
211,162,373
202,156,358
186,148,334
187,128,315
158,109,267
179,103,282
175,84,259
166,129,295
140,122,262
144,106,250
145,96,241
116,93,209
118,80,198
136,118,254
117,110,227
139,96,235
136,90,226
123,104,227
100,95,195
150,138,288
142,133,275
153,149,302
139,166,305
111,169,280
129,178,307
135,184,319
130,181,311
130,179,309
145,156,301
145,152,297
140,151,291
121,155,276
124,154,278
122,156,278
122,146,268
127,141,268
111,132,243
129,130,259
105,135,240
103,133,236
124,137,261
117,129,246
118,125,243
117,119,236
121,113,234
106,122,228
126,141,267
119,148,267
175,162,337
218,141,359
256,110,366
221,118,339
199,137,336
195,109,304
195,124,319
189,131,320
171,123,294
166,137,303
149,131,280
152,113,265
149,103,252
148,95,243
145,111,256
149,107,256
146,107,253
138,120,258
168,133,301
176,153,329
185,173,358
191,143,334
189,123,312
182,116,298
163,95,258
160,130,290
170,117,287
172,108,280
156,142,298
168,119,287
174,119,293
163,112,275
145,120,265
175,99,274
169,97,266
162,118,280
167,121,288
176,99,275
169,88,257
154,114,268
146,121,267
128,126,254
140,117,257
147,107,254
153,111,264
127,121,248
141,134,275
152,140,292
165,133,298
177,107,284
187,122,309
192,116,308
165,123,288
150,115,265
141,114,255
158,149,307
181,147,328
203,170,373
202,210,412
215,163,378
227,125,352
249,133,382
219,145,364
192,150,342
171,144,315
185,110,295
170,98,268
170,114,284
152,108,260
140,89,229
129,117,246
149,115,264
166,119,285
183,97,280
171,95,266
157,102,259
133,96,229
137,96,233
135,88,223
138,102,240
143,100,243
132,120,252
131,122,253
125,139,264
133,149,282
133,154,287
138,147,285
142,140,282
135,138,273
125,130,255
137,115,252
144,102,246
148,93,241
140,89,229
135,123,258
130,122,252
142,115,257
139,124,263
127,125,252
130,117,247
133,107,240
141,95,236
146,112,258
163,128,291
159,124,283
148,115,263
146,94,240
151,120,271
146,131,277
141,127,268
149,114,263
164,147,311
185,250,435
300,142,442
272,137,409
241,150,391
126,140,266
165,133,298
178,113,291
154,122,276
141,121,262
156,92,248
166,93,259
151,116,267
139,114,253
143,119,262
135,129,264
129,133,262
128,131,259
135,126,261
151,120,271
150,129,279
132,130,262
122,124,246
134,110,244
141,97,238
139,95,234
141,128,269
154,108,262
166,100,266
172,103,275
161,124,285
160,123,283
156,111,267
148,106,254
160,230,390
171,245,416
185,228,413
185,207,392
148,196,344
109,173,282
147,160,307
166,156,322
149,143,292
162,124,286
153,115,268
170,120,290
192,114,306
195,124,319
172,124,296
134,137,271
123,154,277
120,170,290
129,182,311
137,191,328
132,186,318
127,182,309
140,156,296
172,141,313
171,142,313
141,164,305
135,171,306
132,184,316
122,178,300
130,175,305
130,172,302
153,146,299
156,135,291
159,123,282
145,107,252
144,97,241
130,98,228
126,94,220
127,83,210
120,122,242
137,112,249
134,104,238
137,92,229
130,90,220
135,112,247
137,129,266
149,127,276
149,110,259
167,95,262
139,117,256
164,101,265
159,122,281
173,122,295
163,113,276
174,109,283
178,108,286
181,96,277
164,104,268
144,95,239
147,115,262
164,94,258
157,115,272
151,116,267
132,106,238
143,132,275
150,133,283
151,125,276
147,130,277
140,143,283
150,130,280
164,107,271
170,95,265
153,115,268
146,109,255
154,124,278
157,116,273
159,114,273
139,112,251
132,108,240
118,99,217
136,107,243
132,119,251
125,124,249
129,138,267
121,146,267
131,147,278
133,154,287
127,152,279
133,150,283
174,151,325
179,155,334
174,155,329
175,154,329
186,134,320
191,120,311
177,130,307
167,122,289
150,124,274
165,109,274
161,104,265
175,132,307
184,117,301
194,131,325
199,115,314
163,98,261
166,137,303
183,130,313
205,123,328
208,129,337
169,145,314
153,140,293
147,143,290
145,153,298
164,127,291
163,124,287
178,104,282
151,101,252
161,124,285
141,148,289
153,164,317
153,153,306
161,149,310
160,138,298
134,134,268
131,127,258
126,122,248
119,110,229
135,107,242
130,106,236
124,105,229
126,108,234
129,103,232
138,92,230
132,92,224
133,99,232
131,94,225
141,135,276
156,133,289
157,136,293
146,140,286
141,134,275
130,133,263
139,138,277
141,141,282
136,143,279
182,153,335
200,154,354
230,129,359
229,139,368
215,134,349
186,130,316
167,139,306
161,114,275
186,128,314
187,117,304
175,107,282
155,137,292
164,129,293
167,126,293
141,121,262
142,110,252
144,112,256
137,107,244
125,99,224
129,98,227
125,93,218
131,95,226
122,97,219
124,96,220
131,98,229
132,96,228
140,121,261
157,102,259
154,114,268
165,132,297
161,107,268
180,130,310
192,117,309
161,142,303
146,154,300
135,170,305
133,181,314
138,238,376
127,265,392
151,244,395
154,267,421
222,202,424
245,159,404
253,145,398
195,132,327
168,136,304
167,137,304
167,145,312
167,148,315
167,152,319
167,156,323
167,156,323
167,158,325
173,158,331
168,169,337
205,139,344
200,158,358
202,174,376
197,127,324
199,101,300
199,91,290
151,81,232
143,121,264
142,118,260
145,106,251
157,118,275
156,109,265
169,92,261
165,161,326
164,156,320
172,140,312
159,132,291
147,118,265
156,108,264
166,96,262
164,129,293
161,118,279
163,102,265
166,156,322
160,158,318
166,151,317
161,139,300
133,132,265
152,117,269
148,105,253
161,117,278
165,106,271
165,121,286
163,119,282
151,122,273
150,126,276
140,122,262
141,124,265
141,128,269
146,143,289
151,142,293
177,102,279
183,136,319
190,128,318
167,112,279
142,105,247
128,112,240
136,140,276
172,136,308
181,150,331
173,149,322
152,166,318
162,152,314
161,134,295
158,120,278
155,112,267
160,94,254
156,83,239
152,128,280
139,127,266
155,103,258
168,114,282
167,131,298
125,140,265
143,137,280
154,118,272
147,103,250
141,88,229
153,101,254
142,105,247
125,128,253
133,152,285
138,170,308
183,145,328
211,112,323
214,103,317
188,147,335
164,147,311
169,139,308
164,126,290
161,113,274
156,120,276
138,136,274
127,140,267
135,133,268
143,137,280
139,144,283
144,141,285
141,131,272
136,119,255
163,113,276
172,104,276
173,129,302
161,119,280
158,102,260
162,138,300
156,133,289
155,125,280
143,121,264
129,106,235
165,132,297
167,149,316
165,162,327
155,156,311
159,139,298
157,126,283
158,123,281
166,112,278
154,119,273
159,117,276
146,114,260
152,144,296
169,122,291
183,101,284
181,169,350
164,166,330
160,160,320
153,159,312
124,146,270
156,120,276
172,110,282
164,125,289
160,116,276
156,112,268
168,128,296
173,124,297
180,112,292
167,129,296
173,159,332
182,140,322
193,136,329
143,152,295
120,161,281
117,171,288
112,186,298
125,199,324
121,202,323
138,207,345
146,183,329
181,144,325
219,110,329
212,120,332
189,115,304
203,112,315
208,118,326
182,105,287
171,98,269
149,110,259
145,106,251
153,108,261
151,87,238
156,128,284
161,125,286
151,114,265
151,106,257
150,147,297
170,150,320
170,143,313
171,143,314
136,165,301
136,185,321
122,186,308
136,187,323
134,192,326
138,194,332
139,199,338
142,189,331
145,212,357
182,184,366
184,169,353
187,157,344
150,152,302
152,117,269
172,95,267
187,117,304
165,106,271
153,113,266
148,115,263
150,107,257
150,97,247
146,98,244
149,84,233
141,103,244
150,114,264
165,121,286
163,149,312
182,101,283
191,148,339
192,144,336
174,135,309
173,132,305
168,128,296
179,115,294
191,140,331
201,119,320
184,108,292
176,106,282
153,108,261
151,108,259
157,102,259
162,136,298
186,134,320
208,135,343
217,158,375
210,146,356
199,113,312
213,145,358
211,142,353
190,128,318
185,133,318
157,135,292
156,122,278
159,122,281
179,97,276
175,101,276
174,127,301
177,187,364
197,177,374
195,170,365
179,154,333
142,148,290
167,149,316
174,139,313
176,139,315
165,162,327
151,180,331
128,203,331
128,229,357
227,227,454
334,342,676
339,322,661
302,293,595
218,276,494
282,207,489
216,169,385
266,135,401
205,105,310
194,138,332
186,110,296
165,99,264
181,90,271
150,123,273
153,135,288
149,137,286
151,126,277
141,112,253
125,139,264
165,127,292
165,130,295
152,139,291
120,135,255
137,116,253
134,110,244
153,120,273
169,128,297
169,132,301
145,162,307
133,168,301
110,163,273
154,131,285
191,117,308
198,117,315
177,99,276
153,119,272
158,106,264
153,128,281
184,129,313
183,118,301
190,108,298
146,110,256
132,93,225
152,106,258
150,94,244
149,128,277
136,121,257
146,102,248
146,123,269
141,200,341
222,142,364
218,154,372
209,155,364
140,162,302
149,160,309
160,162,322
152,184,336
161,185,346
156,196,352
178,173,351
190,148,338
218,120,338
225,195,420
211,176,387
225,169,394
222,147,369
210,174,384
236,172,408
203,157,360
159,155,314
116,150,266
119,157,276
119,163,282
117,162,279
120,157,277
115,152,267
111,142,253
138,132,270
124,146,270
128,144,272
121,142,263
130,150,280
121,160,281
133,169,302
123,169,292
121,176,297
126,190,316
96,201,297
141,199,340
136,229,365
156,206,362
149,189,338
171,171,342
171,141,312
189,114,303
172,101,273
151,92,243
136,85,221
129,112,241
131,110,241
153,128,281
155,120,275
157,139,296
176,107,283
159,110,269
181,85,266
160,121,281
165,116,281
139,111,250
159,98,257
136,91,227
137,99,236
130,120,250
128,144,272
161,166,327
209,124,333
218,101,319
208,101,309
156,102,258
133,101,234
129,97,226
122,104,226
109,120,229
121,125,246
107,129,236
128,124,252
123,155,278
126,189,315
119,204,323
121,205,326
127,210,337
134,177,311
171,155,326
168,155,323
155,155,310
133,167,300
128,169,297
112,167,279
104,161,265
129,139,268
139,129,268
110,106,216
137,99,236
138,91,229
128,110,238
147,109,256
151,98,249
139,109,248
153,108,261
169,83,252
167,115,282
142,128,270
133,121,254
135,122,257
129,125,254
118,131,249
117,136,253
124,140,264
128,147,275
124,146,270
124,152,276
124,153,277
130,148,278
137,145,282
134,134,268
137,125,262
144,107,251
146,97,243
131,91,222
119,88,207
117,81,198
116,112,228
134,102,236
142,103,245
150,112,262
139,115,254
133,117,250
116,113,229
111,113,224
119,116,235
150,140,290
156,127,283
161,114,275
160,111,271
150,110,260
150,111,261
145,104,249
140,99,239
156,114,270
145,114,259
156,105,261
152,98,250
149,87,236
149,115,264
148,107,255
146,93,239
145,83,228
143,123,266
124,113,237
152,101,253
138,124,262
146,102,248
158,94,252
170,111,281
144,108,252
154,93,247
138,84,222
142,146,288
148,136,284
140,141,281
126,135,261
106,120,226
156,102,258
165,126,291
148,143,291
142,130,272
120,128,248
155,119,274
179,128,307
207,102,309
186,94,280
154,87,241
116,110,226
117,110,227
140,114,254
128,107,235
130,101,231
125,97,222
132,85,217
133,103,236
153,108,261
149,124,273
153,118,271
150,101,251
159,116,275
168,153,321
190,120,310
184,99,283
169,91,260
139,121,260
140,144,284
124,148,272
111,168,279
147,160,307
147,155,302
153,147,300
165,132,297
154,125,279
156,128,284
169,109,278
179,115,294
171,121,292
145,117,262
144,131,275
176,112,288
176,146,322
200,127,327
182,116,298
179,135,314
150,137,287
142,139,281
166,148,314
177,130,307
171,116,287
175,115,290
176,164,340
188,152,340
219,129,348
221,159,380
221,141,362
244,92,336
232,106,338
178,103,281
138,112,250
157,109,266
163,106,269
164,97,261
135,89,224
139,119,258
142,118,260
129,101,230
144,88,232
138,77,215
137,101,238
133,113,246
152,97,249
143,102,245
157,120,277
127,121,248
134,103,237
126,102,228
135,96,231
126,94,220
121,99,220
130,93,223
129,95,224
123,114,237
108,118,226
122,126,248
119,125,244
120,143,263
127,153,280
127,166,293
131,185,316
138,201,339
135,210,345
129,224,353
159,212,371
152,204,356
210,181,391
201,172,373
213,146,359
203,142,345
189,154,343
162,160,322
139,155,294
149,142,291
138,144,282
133,146,279
120,145,265
127,148,275
108,157,265
129,167,296
105,174,279
135,172,307
110,168,278
134,175,309
139,179,318
174,150,324
174,131,305
224,109,333
184,102,286
152,96,248
129,88,217
132,82,214
106,89,195
132,83,215
132,133,265
149,110,259
151,111,262
156,105,261
139,103,242
146,102,248
137,98,235
136,96,232
138,105,243
134,116,250
140,127,267
139,121,260
129,115,244
136,100,236
134,95,229
139,96,235
134,124,258
162,95,257
166,121,287
183,94,277
161,89,250
152,119,271
136,114,250
159,107,266
158,144,302
175,128,303
180,138,318
173,137,310
194,107,301
195,99,294
195,86,281
142,107,249
144,105,249
145,130,275
160,104,264
163,98,261
169,85,254
145,111,256
153,105,258
142,101,243
146,94,240
140,113,253
158,97,255
151,101,252
144,114,258
121,110,231
126,104,230
132,105,237
134,106,240
123,102,225
124,94,218
124,96,220
123,100,223
92,103,195
129,101,230
114,104,218
131,98,229
127,100,227
114,119,233
112,135,247
138,151,289
118,163,281
134,162,296
130,157,287
116,151,267
122,139,261
131,136,267
129,133,262
145,109,254
152,88,240
136,138,274
168,132,300
161,130,291
149,133,282
134,128,262
131,136,267
134,159,293
128,195,323
140,179,319
162,151,313
179,131,310
178,120,298
164,100,264
120,97,217
141,87,228
133,122,255
127,132,259
126,135,261
122,141,263
127,145,272
130,151,281
130,152,282
132,153,285
130,153,283
132,154,286
133,153,286
139,170,309
139,303,442
136,317,453
131,336,467
213,269,482
279,231,510
310,193,503
183,172,355
183,161,344
171,141,312
164,125,289
158,111,269
159,99,258
158,116,274
160,100,260
158,114,272
154,103,257
149,88,237
153,162,315
153,154,307
143,155,298
148,136,284
100,121,221
144,100,244
159,111,270
157,104,261
158,212,370
225,220,445
311,143,454
316,156,472
215,141,356
159,125,284
155,113,268
156,98,254
145,117,262
157,106,263
158,114,272
158,98,256
149,110,259
158,100,258
152,120,272
151,109,260
154,110,264
156,187,343
173,160,333
203,134,337
194,145,339
122,148,270
144,131,275
146,127,273
152,105,257
160,165,325
165,179,344
152,210,362
136,213,349
93,194,287
140,178,318
169,157,326
169,129,298
189,93,282
184,78,262
161,147,308
128,162,290
125,168,293
140,177,317
107,194,301
128,201,329
107,200,307
146,187,333
160,182,342
153,176,329
130,175,305
135,175,310
158,161,319
190,130,320
184,123,307
165,135,300
133,145,278
121,152,273
119,153,272
149,128,277
160,125,285
171,118,289
153,125,278
143,121,264
117,127,244
117,120,237
133,132,265
132,135,267
129,131,260
128,127,255
106,126,232
122,122,244
121,115,236
112,111,223
116,106,222
117,103,220
120,95,215
118,91,209
124,86,210
124,109,233
112,132,244
130,144,274
134,154,288
122,179,301
126,186,312
109,181,290
108,179,287
160,159,319
165,175,340
167,180,347
117,212,329
151,188,339
148,174,322
146,157,303
155,149,304
154,135,289
157,111,268
166,94,260
142,81,223
145,126,271
114,141,255
150,150,300
147,161,308
154,146,300
165,119,284
162,112,274
152,115,267
178,95,273
164,169,333
171,175,346
160,171,331
165,171,336
142,141,283
181,154,335
209,133,342
212,140,352
200,179,379
157,194,351
162,187,349
190,162,352
200,177,377
194,183,377
189,163,352
197,132,329
206,117,323
188,127,315
166,137,303
140,152,292
129,165,294
127,189,316
141,197,338
182,176,358
201,178,379
183,184,367
195,146,341
209,115,324
226,145,371
202,153,355
199,151,350
188,143,331
202,137,339
216,159,375
236,126,362
228,127,355
192,115,307
170,106,276
151,96,247
135,98,233
115,126,241
146,121,267
162,103,265
160,90,250
141,178,319
150,222,372
142,253,395
143,260,403
102,273,375
179,242,421
285,159,444
277,167,444
253,171,424
149,203,352
157,208,365
155,213,368
160,205,365
147,189,336
174,166,340
186,145,331
204,117,321
179,118,297
156,123,279
128,133,261
125,150,275
128,159,287
132,173,305
124,178,302
132,180,312
149,171,320
155,176,331
119,177,296
117,174,291
143,161,304
158,141,299
164,129,293
155,138,293
142,145,287
120,164,284
121,175,296
136,174,310
145,158,303
135,156,291
99,144,243
137,132,269
110,118,228
136,104,240
144,94,238
114,88,202
118,82,200
125,180,305
112,176,288
188,105,293
221,118,339
177,111,288
174,95,269
161,148,309
147,178,325
184,151,335
196,141,337
196,137,333
159,141,300
154,153,307
155,162,317
156,153,309
148,166,314
141,168,309
132,171,303
153,188,341
183,205,388
214,181,395
212,150,362
205,131,336
215,180,395
212,160,372
206,150,356
175,150,325
133,148,281
131,153,284
123,173,296
116,195,311
110,207,317
121,211,332
139,189,328
169,162,331
184,144,328
167,142,309
149,144,293
120,150,270
130,160,290
136,159,295
156,136,292
179,101,280
183,88,271
166,151,317
157,139,296
158,125,283
151,111,262
107,107,214
138,130,268
90,132,222
119,143,262
150,163,313
162,167,329
151,149,300
140,126,266
160,103,263
153,183,336
166,155,321
210,158,368
272,118,390
222,107,329
214,94,308
156,126,282
156,157,313
150,152,302
165,129,294
161,108,269
161,98,259
153,118,271
153,137,290
153,131,284
150,118,268
152,107,259
154,94,248
147,109,256
128,112,240
126,113,239
132,143,275
172,120,292
166,114,280
155,105,260
130,100,230
134,109,243
128,110,238
119,105,224
116,110,226
126,103,229
136,87,223
136,80,216
133,99,232
119,112,231
129,124,253
139,106,245
139,101,240
121,93,214
130,83,213
135,94,229
134,101,235
134,106,240
129,94,223
140,105,245
145,135,280
152,129,281
165,120,285
177,103,280
164,104,268
152,95,247
153,137,290
155,132,287
166,113,279
160,105,265
152,123,275
187,104,291
194,127,321
193,121,314
159,114,273
158,116,274
143,109,252
155,114,269
156,103,259
157,125,282
162,113,275
170,91,261
164,124,288
157,115,272
160,108,268
168,124,292
162,125,287
169,119,288
146,124,270
130,142,272
124,154,278
131,153,284
129,172,301
137,177,314
123,184,307
138,196,334
120,207,327
148,184,332
155,179,334
157,167,324
133,163,296
139,162,301
126,162,288
124,164,288
120,164,284
136,161,297
133,169,302
140,173,313
133,198,331
129,222,351
128,229,357
130,236,366
172,191,363
207,142,349
215,125,340
191,103,294
167,95,262
163,81,244
141,135,276
147,122,269
164,136,300
169,136,305
144,124,268
153,106,259
154,121,275
172,141,313
172,128,300
171,133,304
148,135,283
118,132,250
129,122,251
131,117,248
134,115,249
159,125,284
166,111,277
174,103,277
157,117,274
161,138,299
180,111,291
183,99,282
177,115,292
153,107,260
153,136,289
174,114,288
179,117,296
185,134,319
190,124,314
187,127,314
204,118,322
161,114,275
150,121,271
166,137,303
160,148,308
174,156,330
169,155,324
163,155,318
174,155,329
185,157,342
196,159,355
190,158,348
183,146,329
169,150,319
165,150,315
147,147,294
151,142,293
139,178,317
148,186,334
142,189,331
155,181,336
185,145,330
191,139,330
186,122,308
167,128,295
177,273,450
202,263,465
239,206,445
238,185,423
216,169,385
189,148,337
178,121,299
211,101,312
193,92,285
173,129,302
154,134,288
149,139,288
159,136,295
145,131,276
147,109,256
152,142,294
133,157,290
126,172,298
127,179,306
131,180,311
106,184,290
142,177,319
159,161,320
159,153,312
185,137,322
173,132,305
173,121,294
171,119,290
158,143,301
142,144,286
135,135,270
132,128,260
120,125,245
135,122,257
130,114,244
132,113,245
133,119,252
118,129,247
121,127,248
137,126,263
156,122,278
178,146,324
208,134,342
194,140,334
198,177,375
203,139,342
208,122,330
216,103,319
149,100,249
167,141,308
147,155,302
164,220,384
226,206,432
368,142,510
370,158,528
264,155,419
195,148,343
144,155,299
145,149,294
141,151,292
135,137,272
146,134,280
141,138,279
138,134,272
131,121,252
143,115,258
156,89,245
158,110,268
158,106,264
144,100,244
137,91,228
148,115,263
162,102,264
160,99,259
136,99,235
138,139,277
154,142,296
155,128,283
164,102,266
141,111,252
164,96,260
152,84,236
143,141,284
160,135,295
155,124,279
167,138,305
158,158,316
194,122,316
203,105,308
185,97,282
138,102,240
130,106,236
129,117,246
142,112,254
141,128,269
134,134,268
138,144,282
134,145,279
107,146,253
125,151,276
126,152,278
131,169,300
136,178,314
120,179,299
130,174,304
140,161,301
128,157,285
141,154,295
129,160,289
125,162,287
128,159,287
132,155,287
130,159,289
103,161,264
121,172,293
125,170,295
129,178,307
128,169,297
130,167,297
106,166,272
125,154,279
132,155,287
129,171,300
106,179,285
120,172,292
119,170,289
130,157,287
141,146,287
143,155,298
132,160,292
114,169,283
125,169,294
126,181,307
116,189,305
119,185,304
134,176,310
137,175,312
172,166,338
197,135,332
209,113,322
178,102,280
159,99,258
142,173,315
156,165,321
183,148,331
183,138,321
158,118,276
162,120,282
176,90,266
162,92,254
149,98,247
118,103,221
128,102,230
127,101,228
137,95,232
145,112,257
152,130,282
140,140,280
141,150,291
162,131,293
158,128,286
172,131,303
145,137,282
144,137,281
147,138,285
144,137,281
142,140,282
145,138,283
151,132,283
153,133,286
151,136,287
149,130,279
146,133,279
144,129,273
142,131,273
148,136,284
154,136,290
146,142,288
140,148,288
135,148,283
144,141,285
155,129,284
151,128,279
142,117,259
154,110,264
155,104,259
162,104,266
153,104,257
149,99,248
153,98,251
154,97,251
144,101,245
142,103,245
142,98,240
140,102,242
143,99,242
141,96,237
147,124,271
146,127,273
145,130,275
138,136,274
129,141,270
138,137,275
143,138,281
143,141,284
148,135,283
146,136,282
144,136,280
143,135,278
142,139,281
147,139,286
145,141,286
148,140,288
141,138,279
142,133,275
143,133,276
141,141,282
149,137,286
145,137,282
146,143,289
138,141,279
136,148,284
163,122,285
165,116,281
188,159,347
199,137,336
196,151,347
167,153,320
114,140,254
126,144,270
127,166,293
123,195,318
126,220,346
135,215,350
132,219,351
160,196,356
203,161,364
213,154,367
165,166,331
142,170,312
146,160,306
162,168,330
168,167,335
156,168,324
146,191,337
137,188,325
153,180,333
158,174,332
151,189,340
125,212,337
133,222,355
144,214,358
171,185,356
177,167,344
184,142,326
170,125,295
168,105,273
161,98,259
153,132,285
172,117,289
170,118,288
163,116,279
137,118,255
129,118,247
112,117,229
121,134,255
114,150,264
124,186,310
119,205,324
153,186,339
152,183,335
168,182,350
139,185,324
178,195,373
170,195,365
176,191,367
167,182,349
171,165,336
177,162,339
187,147,334
172,133,305
164,148,312
151,156,307
165,130,295
178,112,290
180,105,285
170,126,296
159,124,283
159,118,277
169,109,278
166,124,290
164,127,291
144,132,276
166,143,309
179,167,346
182,180,362
179,179,358
190,174,364
219,140,359
211,148,359
195,151,346
185,152,337
161,146,307
164,158,322
158,175,333
172,156,328
174,153,327
169,137,306
155,173,328
190,144,334
197,152,349
215,139,354
197,147,344
246,134,380
246,178,424
226,168,394
242,125,367
237,107,344
188,96,284
146,101,247
131,103,234
121,110,231
122,106,228
111,105,216
109,100,209
103,97,200
113,91,204
122,96,218
121,98,219
123,96,219
140,128,268
144,119,263
167,116,283
171,112,283
156,119,275
145,128,273
120,136,256
108,138,246
119,158,277
118,206,324
122,204,326
125,225,350
153,213,366
185,187,372
193,146,339
226,136,362
230,151,381
206,148,354
201,155,356
216,147,363
204,158,362
191,142,333
184,143,327
167,159,326
138,169,307
171,135,306
194,112,306
199,101,300
154,95,249
109,101,210
103,105,208
109,114,223
121,106,227
113,102,215
110,110,220
100,110,210
118,116,234
117,120,237
101,114,215
117,109,226
120,108,228
106,134,240
125,147,272
119,169,288
139,153,292
169,136,305
186,181,367
169,182,351
141,182,323
126,181,307
158,173,331
193,167,360
187,173,360
166,182,348
166,181,347
164,181,345
161,203,364
151,201,352
142,195,337
132,191,323
159,170,329
164,178,342
164,177,341
173,178,351
165,201,366
160,219,379
133,227,360
150,230,380
157,228,385
175,209,384
182,194,376
180,184,364
160,179,339
152,170,322
157,164,321
150,163,313
151,156,307
131,148,279
154,148,302
143,153,296
153,168,321
151,195,346
133,199,332
130,198,328
134,217,351
173,192,365
183,190,373
173,187,360
136,193,329
148,175,323
151,169,320
145,177,322
115,194,309
159,127,286
216,100,316
234,143,377
169,124,293
146,118,264
136,110,246
82,103,185
119,105,224
105,97,202
147,141,288
181,173,354
214,152,366
204,156,360
155,141,296
102,126,228
147,125,272
152,296,448
161,292,453
177,260,437
180,238,418
297,114,411
275,80,355
266,96,362
157,92,249
130,143,273
151,125,276
155,116,271
160,109,269
139,89,228
148,142,290
169,109,278
170,121,291
168,111,279
143,96,239
152,98,250
153,121,274
157,115,272
166,162,328
174,174,348
137,187,324
129,187,316
77,192,269
124,195,319
166,159,325
176,148,324
156,140,296
108,132,240
135,115,250
147,96,243
146,90,236
113,124,237
119,119,238
144,116,260
129,118,247
128,114,242
140,92,232
142,147,289
124,126,250
154,126,280
185,113,298
164,113,277
174,114,288
148,118,266
141,134,275
130,157,287
134,155,289
144,131,275
144,126,270
140,119,259
139,105,244
123,99,222
140,144,284
162,122,284
165,112,277
151,108,259
141,100,241
147,96,243
149,100,249
138,100,238
139,96,235
122,99,221
127,92,219
116,93,209
113,94,207
115,199,314
193,177,370
260,130,390
267,128,395
197,121,318
151,112,263
157,112,269
139,142,281
108,170,278
116,172,288
115,164,279
141,148,289
131,141,272
166,100,266
169,80,249
177,129,306
161,118,279
163,115,278
166,104,270
139,92,231
144,94,238
141,141,282
171,100,271
175,89,264
167,121,288
154,110,264
143,101,244
152,96,248
151,124,275
163,117,280
165,115,280
157,119,276
133,116,249
109,116,225
115,108,223
130,120,250
122,132,254
126,134,260
125,128,253
112,107,219
156,108,264
153,105,258
134,101,235
117,95,212
119,99,218
99,105,204
117,103,220
122,98,220
116,99,215
129,107,236
126,107,233
119,101,220
111,104,215
125,103,228
113,98,211
123,88,211
128,79,207
104,119,223
153,145,298
167,114,281
181,101,282
151,94,245
136,122,258
121,133,254
147,132,279
147,153,300
125,165,290
139,147,286
152,125,277
179,103,282
151,87,238
150,124,274
137,118,255
142,100,242
155,109,264
155,98,253
146,87,233
142,130,272
143,107,250
145,118,263
170,120,290
160,113,273
165,107,272
163,190,353
173,178,351
168,188,356
156,194,350
88,196,284
131,192,323
145,186,331
165,171,336
167,160,327
184,130,314
187,119,306
196,139,335
179,135,314
192,114,306
165,102,267
155,143,298
170,128,298
180,119,299
171,114,285
157,155,312
195,147,342
213,139,352
221,130,351
214,114,328
212,89,301
171,119,290
151,114,265
147,102,249
144,109,253
132,109,241
133,102,235
151,114,265
147,114,261
163,129,292
173,117,290
172,124,296
157,122,279
131,119,250
113,113,226
125,100,225
85,97,182
113,145,258
148,121,269
159,108,267
173,95,268
151,98,249
153,92,245
118,86,204
116,84,200
119,135,254
125,127,252
130,129,259
134,140,274
100,143,243
139,158,297
144,152,296
157,142,299
197,131,328
220,119,339
220,118,338
186,123,309
162,129,291
166,135,301
168,127,295
152,122,274
159,113,272
139,127,266
145,124,269
123,118,241
121,112,233
130,108,238
150,121,271
151,143,294
189,92,281
193,142,335
177,149,326
142,150,292
137,142,279
116,149,265
136,155,291
121,157,278
130,148,278
142,143,285
173,124,297
204,126,330
199,112,311
167,96,263
160,99,259
125,102,227
143,135,278
151,123,274
148,113,261
151,97,248
118,112,230
152,104,256
142,113,255
143,135,278
168,128,296
172,114,286
156,112,268
130,118,248
87,127,214
118,134,252
116,139,255
119,151,270
126,177,303
129,192,321
135,220,355
131,212,343
148,192,340
150,181,331
181,159,340
169,154,323
152,161,313
125,154,279
130,148,278
114,146,260
121,147,268
126,153,279
121,150,271
125,149,274
111,143,254
122,146,268
125,154,279
121,177,298
124,198,322
123,204,327
127,200,327
178,164,342
197,146,343
194,162,356
150,175,325
142,162,304
171,119,290
164,109,273
145,96,241
131,88,219
136,106,242
130,108,238
137,100,237
139,126,265
155,113,268
147,96,243
157,85,242
135,106,241
137,105,242
139,101,240
143,99,242
136,122,258
140,123,263
144,116,260
143,118,261
142,116,258
132,115,247
133,109,242
134,105,239
123,98,221
137,100,237
127,93,220
124,94,218
128,99,227
131,88,219
139,105,244
138,121,259
133,144,277
134,129,263
159,105,264
178,104,282
149,98,247
163,123,286
148,107,255
145,101,246
134,85,219
137,148,285
134,133,267
159,136,295
146,133,279
125,117,242
143,107,250
148,94,242
125,79,204
130,96,226
128,96,224
97,106,203
144,139,283
169,123,292
174,101,275
176,121,297
183,106,289
158,111,269
145,114,259
114,120,234
107,123,230
118,127,245
112,127,239
134,135,269
123,131,254
134,131,265
187,98,285
184,96,280
159,92,251
124,115,239
130,127,257
141,117,258
152,111,263
131,116,247
108,110,218
125,118,243
121,127,248
122,127,249
125,119,244
125,114,239
136,96,232
135,99,234
132,116,248
152,112,264
174,94,268
175,90,265
146,93,239
134,89,223
136,120,256
129,112,241
134,103,237
143,89,232
126,80,206
108,96,204
126,106,232
123,103,226
118,99,217
123,91,214
129,104,233
144,103,247
149,111,260
132,116,248
138,118,256
127,115,242
126,107,233
130,98,228
97,90,187
125,85,210
117,80,197
117,118,235
122,132,254
122,142,264
124,145,269
102,146,248
130,136,266
129,127,256
150,105,255
161,100,261
158,89,247
153,83,236
139,114,253
139,93,232
144,84,228
146,100,246
137,90,227
138,81,219
138,100,238
137,90,227
137,81,218
138,100,238
135,96,231
136,90,226
138,102,240
137,93,230
140,81,221
139,101,240
139,90,229
140,102,242
140,91,231
135,82,217
137,101,238
136,95,231
137,89,226
138,79,217
136,124,260
137,144,281
159,127,286
186,96,282
187,82,269
170,103,273
145,96,241
135,88,223
139,102,241
137,92,229
137,82,219
136,100,236
137,98,235
138,92,230
136,83,219
136,100,236
137,97,234
137,91,228
136,96,232
133,246,379
186,218,404
213,212,425
208,208,416
160,221,381
124,210,334
188,186,374
241,147,388
214,139,353
186,135,321
159,133,292
149,129,278
141,132,273
136,135,271
142,133,275
142,128,270
140,133,273
136,135,271
142,147,289
142,156,298
140,152,292
167,124,291
195,99,294
200,117,317
172,114,286
165,124,289
185,107,292
185,121,306
164,162,326
154,161,315
151,168,319
163,175,338
158,185,343
137,207,344
138,213,351
153,194,347
171,193,364
179,184,363
188,165,353
208,132,340
193,149,342
164,189,353
146,190,336
146,194,340
147,205,352
147,202,349
158,191,349
160,193,353
161,192,353
140,228,368
151,241,392
148,256,404
157,239,396
199,208,407
224,182,406
233,181,414
225,147,372
208,120,328
226,148,374
204,144,348
200,127,327
175,122,297
151,106,257
148,100,248
145,100,245
138,101,239
118,96,214
130,91,221
133,93,226
123,92,215
101,92,193
120,90,210
116,120,236
114,156,270
118,179,297
178,142,320
184,154,338
214,441,655
470,142,612
490,109,599
459,107,566
113,107,220
144,152,296
152,131,283
168,132,300
139,153,292
120,172,292
122,184,306
122,180,302
117,187,304
149,152,301
168,137,305
162,144,306
124,187,311
108,197,305
114,204,318
148,184,332
161,166,327
159,156,315
152,155,307
136,152,288
131,150,281
129,155,284
125,161,286
127,158,285
111,158,269
125,157,282
106,162,268
139,162,301
136,163,299
130,154,284
112,150,262
118,149,267
137,139,276
121,117,238
137,105,242
148,154,302
157,145,302
184,109,293
189,156,345
197,157,354
195,132,327
175,151,326
141,144,285
155,126,281
166,120,286
173,109,282
167,93,260
163,118,281
159,127,286
181,153,334
199,164,363
213,152,365
205,137,342
207,169,376
229,149,378
219,155,374
236,133,369
206,122,328
204,119,323
152,113,265
127,105,232
111,91,202
124,163,287
155,157,312
168,140,308
158,158,316
128,165,293
150,161,311
145,161,306
123,156,279
124,153,277
118,150,268
136,149,285
131,157,288
114,152,266
115,148,263
101,146,247
108,156,264
95,164,259
124,169,293
118,165,283
118,160,278
99,154,253
153,129,282
157,115,272
170,99,269
154,126,280
169,182,351
184,193,377
199,185,384
213,154,367
184,120,304
190,113,303
170,105,275
160,90,250
157,131,288
151,123,274
177,155,332
181,156,337
156,155,311
146,162,308
104,162,266
132,175,307
127,170,297
154,157,311
146,148,294
129,130,259
143,117,260
175,101,276
173,108,281
151,101,252
136,91,227
143,99,242
140,103,243
145,153,298
153,166,319
153,176,329
157,178,335
113,184,297
135,195,330
120,205,325
134,181,315
145,185,330
166,157,323
152,143,295
161,131,292
167,118,285
149,110,259
143,105,248
114,97,211
99,99,198
115,95,210
118,101,219
121,95,216
106,98,204
124,93,217
107,100,207
119,107,226
106,104,210
120,106,226
114,108,222
126,106,232
121,103,224
124,103,227
121,100,221
116,106,222
120,114,234
122,118,240
123,128,251
124,124,248
128,120,248
116,114,230
100,114,214
127,117,244
113,155,268
164,118,282
170,109,279
171,101,272
131,109,240
131,113,244
130,108,238
131,103,234
119,104,223
127,101,228
138,112,250
142,101,243
139,86,225
143,79,222
133,128,261
108,137,245
117,145,262
117,162,279
96,169,265
132,164,296
125,170,295
133,172,305
126,192,318
130,201,331
136,195,331
128,189,317
144,153,297
160,149,309
150,141,291
146,122,268
142,110,252
146,100,246
138,91,229
136,111,247
137,109,246
145,109,254
127,104,231
138,100,238
141,93,234
140,101,241
142,100,242
129,99,228
129,155,284
144,138,282
173,134,307
158,149,307
115,147,262
121,139,260
105,143,248
113,148,261
113,159,272
96,169,265
125,164,289
104,159,263
122,152,274
142,129,271
156,104,260
147,89,236
156,119,275
151,114,265
141,98,239
152,100,252
150,86,236
151,96,247
146,86,232
132,140,272
154,119,273
146,116,262
146,120,266
124,146,270
95,155,250
153,133,286
158,115,273
163,119,282
140,120,260
90,135,225
121,139,260
121,134,255
119,135,254
154,139,293
183,102,285
180,95,275
176,98,274
141,124,265
169,120,289
168,116,284
165,133,298
154,161,315
187,145,332
214,139,353
217,134,351
207,124,331
196,154,350
211,144,355
198,148,346
195,122,317
195,132,327
204,145,349
193,160,353
184,168,352
180,167,347
180,200,380
165,188,353
164,191,355
153,235,388
169,220,389
203,181,384
218,163,381
193,150,343
144,157,301
137,151,288
129,151,280
100,157,257
128,155,283
99,153,252
129,151,280
107,139,246
130,133,263
131,127,258
90,130,220
118,125,243
121,129,250
122,131,253
113,141,254
126,135,261
115,129,244
124,124,248
118,128,246
120,131,251
125,136,261
123,146,269
124,155,279
121,153,274
114,149,263
120,155,275
113,158,271
106,156,262
124,153,277
120,159,279
117,175,292
119,184,303
111,178,289
110,175,285
151,159,310
158,169,327
144,174,318
133,186,319
129,188,317
113,196,309
140,202,342
157,197,354
186,176,362
206,181,387
209,179,388
212,180,392
200,166,366
224,135,359
226,174,400
221,164,385
221,181,402
224,154,378
208,143,351
204,139,343
160,158,318
141,151,292
139,144,283
140,155,295
132,176,308
117,182,299
129,192,321
115,186,301
164,137,301
173,111,284
206,155,361
189,155,344
182,160,342
161,197,358
135,203,338
143,205,348
150,208,358
160,197,357
158,192,350
151,182,333
150,175,325
158,158,316
144,154,298
139,149,288
131,148,279
93,149,242
123,150,273
129,148,277
124,171,295
124,170,294
100,172,272
130,163,293
144,124,268
160,119,279
201,313,514
173,482,655
169,453,622
188,421,609
428,206,634
408,200,608
342,205,547
194,207,401
164,215,379
153,219,372
141,204,345
155,185,340
171,157,328
177,150,327
169,147,316
168,125,293
183,89,272
178,111,289
157,119,276
158,105,263
162,146,308
196,116,312
197,105,302
188,129,317
160,133,293
174,122,296
173,111,284
168,111,279
166,104,270
162,107,269
155,122,277
164,162,326
196,138,334
184,139,323
153,140,293
116,128,244
155,121,276
156,113,269
133,111,244
130,113,243
119,111,230
123,121,244
123,122,245
126,118,244
139,107,246
139,105,244
133,112,245
126,117,243
134,113,247
132,111,243
138,109,247
135,124,259
157,95,252
157,112,269
159,115,274
128,120,248
138,129,267
132,133,265
131,134,265
135,138,273
134,142,276
109,137,246
131,137,268
137,138,275
127,135,262
125,148,273
123,153,276
122,157,279
119,203,322
140,195,335
152,213,365
160,214,374
154,217,371
149,196,345
162,179,341
160,172,332
154,168,322
137,171,308
126,175,301
140,196,336
140,215,355
137,226,363
137,219,356
162,191,353
181,169,350
180,151,331
160,140,300
157,133,290
141,136,277
133,132,265
139,125,264
150,110,260
144,108,252
138,107,245
123,101,224
118,103,221
122,101,223
127,104,231
125,106,231
127,110,237
123,109,232
120,112,232
136,119,255
140,118,258
145,108,253
130,103,233
135,89,224
144,92,236
144,153,297
151,199,350
268,123,391
285,114,399
254,131,385
152,135,287
128,138,266
127,136,263
127,141,268
134,162,296
124,172,296
135,161,296
134,168,302
131,169,300
119,166,285
121,176,297
131,163,294
139,152,291
131,151,282
126,147,273
122,147,269
120,144,264
124,148,272
119,146,265
123,145,268
125,131,256
137,128,265
136,128,264
129,124,253
120,139,259
119,148,267
120,172,292
152,147,299
164,136,300
158,135,293
140,132,272
126,133,259
132,134,266
134,138,272
136,136,272
129,136,265
127,138,265
126,144,270
130,141,271
132,141,273
131,139,270
139,133,272
134,135,269
140,137,277
134,136,270
133,141,274
132,138,270
137,133,270
137,127,264
142,119,261
139,119,258
136,117,253
126,118,244
125,118,243
122,120,242
122,126,248
123,124,247
123,126,249
125,130,255
129,130,259
128,137,265
128,142,270
123,141,264
125,142,267
130,137,267
133,134,267
135,130,265
135,126,261
128,131,259
122,140,262
127,165,292
129,182,311
131,191,322
134,187,321
136,190,326
145,185,330
120,183,303
163,194,357
163,210,373
147,205,352
133,203,336
175,152,327
206,117,323
223,100,323
188,140,328
166,130,296
165,111,276
164,95,259
143,121,264
161,109,270
158,90,248
160,151,311
163,149,312
173,140,313
168,139,307
135,148,283
144,158,302
145,173,318
162,157,319
168,151,319
170,162,332
149,172,321
141,171,312
148,156,304
159,155,314
155,175,330
146,195,341
144,185,329
153,177,330
176,189,365
211,167,378
229,171,400
241,194,435
244,161,405
254,122,376
229,118,347
190,126,316
153,128,281
153,134,287
138,142,280
158,157,315
155,160,315
157,148,305
177,129,306
201,120,321
204,161,365
206,178,384
183,167,350
194,132,326
193,188,381
216,173,389
214,157,371
194,166,360
158,183,341
139,197,336
128,206,334
138,195,333
148,193,341
151,208,359
158,192,350
151,218,369
146,231,377
193,208,401
243,173,416
263,136,399
228,145,373
225,152,377
221,135,356
217,124,341
179,126,305
175,104,279
162,97,259
167,83,250
144,109,253
140,115,255
131,121,252
133,121,254
131,109,240
147,99,246
121,106,227
134,109,243
126,107,233
138,102,240
152,123,275
163,117,280
155,104,259
148,91,239
137,158,295
136,157,293
173,128,301
168,139,307
111,149,260
128,173,301
111,162,273
167,124,291
193,94,287
187,111,298
169,103,272
153,124,277
161,114,275
161,102,263
158,132,290
163,116,279
164,105,269
172,120,292
155,139,294
186,154,340
187,157,344
212,127,339
203,201,404
228,176,404
217,169,386
191,173,364
101,180,281
137,178,315
142,181,323
137,198,335
144,191,335
174,177,351
214,158,372
217,144,361
202,120,322
206,137,343
188,133,321
180,132,312
139,167,306
126,179,305
141,174,315
133,174,307
136,172,308
130,157,287
151,160,311
158,156,314
145,179,324
138,181,319
132,170,302
115,162,277
153,128,281
170,105,275
172,95,267
159,121,280
149,116,265
152,104,256
151,104,255
142,136,278
138,155,293
193,137,330
188,139,327
166,158,324
127,168,295
126,171,297
123,175,298
123,182,305
125,188,313
140,186,326
126,204,330
159,214,373
212,183,395
213,167,380
254,126,380
216,109,325
189,99,288
149,83,232
145,84,229
141,93,234
123,143,266
142,151,293
156,149,305
158,174,332
137,179,316
176,149,325
188,129,317
192,164,356
208,160,368
191,155,346
193,150,343
160,134,294
168,125,293
164,116,280
155,107,262
156,98,254
150,169,319
172,158,330
170,164,334
165,175,340
140,160,300
169,144,313
171,142,313
133,154,287
132,159,291
122,158,280
128,172,300
125,191,316
126,204,330
111,211,322
133,194,327
160,183,343
172,177,349
164,170,334
149,171,320
117,177,294
141,170,311
159,163,322
164,194,358
142,205,347
129,212,341
122,194,316
184,175,359
190,170,360
171,169,340
131,165,296
127,179,306
129,197,326
125,211,336
132,206,338
145,191,336
166,185,351
181,178,359
206,165,371
198,168,366
183,156,339
180,148,328
173,142,315
148,139,287
152,122,274
149,125,274
145,131,276
127,144,271
133,150,283
134,155,289
134,150,284
132,139,271
164,135,299
195,142,337
231,143,374
223,122,345
180,114,294
156,102,258
155,145,300
185,131,316
195,105,300
179,114,293
155,124,279
134,136,270
135,140,275
131,138,269
138,141,279
151,288,439
149,290,439
147,315,462
151,300,451
252,206,458
273,199,472
280,183,463
215,161,376
201,187,388
175,198,373
134,199,333
197,138,335
194,140,334
199,153,352
161,128,289
170,107,277
191,92,283
167,121,288
161,109,270
154,111,265
148,190,338
184,156,340
182,162,344
157,167,324
94,173,267
167,131,298
182,123,305
164,126,290
146,127,273
131,133,264
157,110,267
135,123,258
167,126,293
121,125,246
120,117,237
141,121,262
136,129,265
127,128,255
129,132,261
155,97,252
166,119,285
177,130,307
156,128,284
150,132,282
143,143,286
116,152,268
133,152,285
145,136,281
163,132,295
158,134,292
151,146,297
153,153,306
142,186,328
142,204,346
134,209,343
140,207,347
149,199,348
161,191,352
165,170,335
203,125,328
213,113,326
209,108,317
172,105,277
165,156,321
178,150,328
169,165,334
168,183,351
121,207,328
139,222,361
143,254,397
143,275,418
171,271,442
188,262,450
228,226,454
232,193,425
235,165,400
186,148,334
181,150,331
163,136,299
152,122,274
149,112,261
165,116,281
158,123,281
152,112,264
155,94,249
127,100,227
122,112,234
136,115,251
144,105,249
147,101,248
142,95,237
149,122,271
149,127,276
147,133,280
143,126,269
134,130,264
128,128,256
141,111,252
134,128,262
148,112,260
147,97,244
155,87,242
129,119,248
144,117,261
140,118,258
148,116,264
146,112,258
153,127,280
157,114,271
180,126,306
168,124,292
173,103,276
173,138,311
170,125,295
144,125,269
164,153,317
178,124,302
195,140,335
222,120,342
196,125,321
194,143,337
174,138,312
206,90,296
205,121,326
184,127,311
147,119,266
149,109,258
134,102,236
122,89,211
142,153,295
153,144,297
141,139,280
141,141,282
120,137,257
128,146,274
167,254,421
280,141,421
285,140,425
248,154,402
131,164,295
129,173,302
131,164,295
137,157,294
133,153,286
125,147,272
117,142,259
121,149,270
122,155,277
125,150,275
151,113,264
152,100,252
160,90,250
141,126,267
135,119,254
142,131,273
174,162,336
201,135,336
203,118,321
180,117,297
152,106,258
164,93,257
164,107,271
154,102,256
137,93,230
140,83,223
137,120,257
126,120,246
141,122,263
149,106,255
163,130,293
179,139,318
174,140,314
155,141,296
137,147,284
144,134,278
138,140,278
149,129,278
146,126,272
151,123,274
142,121,263
132,131,263
143,129,272
143,136,279
140,138,278
142,141,283
142,132,274
146,125,271
182,133,315
180,137,317
179,126,305
149,114,263
157,95,252
176,105,281
167,91,258
149,100,249
158,122,280
155,129,284
165,114,279
151,106,257
156,98,254
155,111,266
148,102,250
154,106,260
151,107,258
149,137,286
177,105,282
172,93,265
152,94,246
126,88,214
121,89,210
122,107,229
123,113,236
130,104,234
156,112,268
175,117,292
165,105,270
168,95,263
148,103,251
144,91,235
150,103,253
143,98,241
146,100,246
148,84,232
148,117,265
147,117,264
141,110,251
151,101,252
151,105,256
165,123,288
174,110,284
168,92,260
172,98,270
145,98,243
142,97,239
142,92,234
135,102,237
141,101,242
144,122,266
167,99,266
165,120,285
161,110,271
142,130,272
137,127,264
130,122,252
129,101,230
142,95,237
136,92,228
143,102,245
156,115,271
157,110,267
158,99,257
144,82,226
141,93,234
126,101,227
122,95,217
134,115,249
135,121,256
140,111,251
129,113,242
129,121,250
122,131,253
125,128,253
123,122,245
131,113,244
152,120,272
167,114,281
168,138,306
159,141,300
150,127,277
137,133,270
125,144,269
131,146,277
123,150,273
134,150,284
138,144,282
135,147,282
130,143,273
123,141,264
124,132,256
131,133,264
129,148,277
127,149,276
136,145,281
133,143,276
130,146,276
133,130,263
154,132,286
154,132,286
129,130,259
123,126,249
133,121,254
127,126,253
125,130,255
121,146,267
131,148,279
125,148,273
130,144,274
154,116,270
155,103,258
165,100,265
157,157,314
179,119,298
183,103,286
193,109,302
163,86,249
164,121,285
171,107,278
169,81,250
164,105,269
157,123,280
126,133,259
124,175,299
124,183,307
116,196,312
128,196,324
145,186,331
138,186,324
172,183,355
192,175,367
153,170,323
152,169,321
139,162,301
129,159,288
104,164,268
114,181,295
118,195,313
120,203,323
121,207,328
153,182,335
162,179,341
166,185,351
131,196,327
125,193,318
155,170,325
155,188,343
167,185,352
158,188,346
155,207,362
136,208,344
144,188,332
141,187,328
172,146,318
172,144,316
182,138,320
157,128,285
157,110,267
171,92,263
170,94,264
155,120,275
158,114,272
154,114,268
154,121,275
161,131,292
176,129,305
183,138,321
175,124,299
173,117,290
179,134,313
190,106,296
184,135,319
184,138,322
158,129,287
178,154,332
183,139,322
196,143,339
188,154,342
178,156,334
195,163,358
180,177,357
160,190,350
187,158,345
213,142,355
250,149,399
233,145,378
230,143,373
221,111,332
199,101,300
183,118,301
161,107,268
168,94,262
166,112,278
159,109,268
159,105,264
147,106,253
141,101,242
144,117,261
156,103,259
161,124,285
170,109,279
162,97,259
157,113,270
157,105,262
154,103,257
146,105,251
139,105,244
144,101,245
144,106,250
143,102,245
141,101,242
141,105,246
140,101,241
142,105,247
142,101,243
143,97,240
144,99,243
144,93,237
145,98,243
146,101,247
139,97,236
139,99,238
141,102,243
142,111,253
151,155,306
188,139,327
222,125,347
240,134,374
197,136,333
177,157,334
156,168,324
157,184,341
215,150,365
233,140,373
254,125,379
187,125,312
152,136,288
121,143,264
124,154,278
127,161,288
128,168,296
131,163,294
155,144,299
181,126,307
181,123,304
169,107,276
149,109,258
151,107,258
143,175,318
176,148,324
171,152,323
180,157,337
162,105,267
202,176,378
216,330,546
208,340,548
203,351,554
180,360,540
327,204,531
337,186,523
273,154,427
237,164,401
214,152,366
184,143,327
178,151,329
167,154,321
156,166,322
172,165,337
178,169,347
204,188,392
193,203,396
194,201,395
207,206,413
218,182,400
236,148,384
247,112,359
227,96,323
192,167,359
155,162,317
157,157,314
146,188,334
100,184,284
134,182,316
146,180,326
138,173,311
151,153,304
169,127,296
177,111,288
141,93,234
162,113,275
148,135,283
140,128,268
141,124,265
180,128,308
184,124,308
185,106,291
166,88,254
146,118,264
134,134,268
142,135,277
144,129,273
140,133,273
145,143,288
139,150,289
133,145,278
141,153,294
170,135,305
159,146,305
153,176,329
130,181,311
155,164,319
168,161,329
162,158,320
155,153,308
136,154,290
113,163,276
137,157,294
146,145,291
147,145,292
135,153,288
127,156,283
125,169,294
129,174,303
139,167,306
143,166,309
130,173,303
122,182,304
121,197,318
123,211,334
126,198,324
152,181,333
178,177,355
199,163,362
228,133,361
198,150,348
172,159,331
127,170,297
112,180,292
128,195,323
112,182,294
134,177,311
144,150,294
153,143,296
172,132,304
164,116,280
159,107,266
155,91,246
143,142,285
152,147,299
150,139,289
143,125,268
110,112,222
153,114,267
149,125,274
158,170,328
181,146,327
189,139,328
169,142,311
124,129,253
141,118,259
141,108,249
141,94,235
151,81,232
141,97,238
140,96,236
122,90,212
130,85,215
124,81,205
134,100,234
121,108,229
140,99,239
144,123,267
153,112,265
148,94,242
157,139,296
152,178,330
148,187,335
143,195,338
138,183,321
151,177,328
131,172,303
149,152,301
150,143,293
154,134,288
149,120,269
155,97,252
165,78,243
145,92,237
126,85,211
114,141,255
136,149,285
145,131,276
167,115,282
176,105,281
168,95,263
156,91,247
125,115,240
137,113,250
135,117,252
136,123,259
128,147,275
131,166,297
143,175,318
146,178,324
149,209,358
149,205,354
246,218,464
317,167,484
344,143,487
239,150,389
125,162,287
134,168,302
123,165,288
117,166,283
120,171,291
134,178,312
145,183,328
155,184,339
157,173,330
135,176,311
145,171,316
142,160,302
141,180,321
128,182,310
124,180,304
123,185,308
153,148,301
154,176,330
156,190,346
125,207,332
112,210,322
135,208,343
159,221,380
174,222,396
190,232,422
185,238,423
171,231,402
128,232,360
206,171,377
210,160,370
227,150,377
163,148,311
142,182,324
132,173,305
129,165,294
150,151,301
153,148,301
147,151,298
135,142,277
162,105,267
199,115,314
223,132,355
209,144,353
179,143,322
154,142,296
133,140,273
138,150,288
145,144,289
150,134,284
194,144,338
203,145,348
188,137,325
170,126,296
140,113,253
157,121,278
157,110,267
150,120,270
158,122,280
142,141,283
147,171,318
156,175,331
167,167,334
210,161,371
223,145,368
241,106,347
217,132,349
184,124,308
158,108,266
147,103,250
139,105,244
134,88,222
152,102,254
142,103,245
135,96,231
134,90,224
127,122,249
136,117,253
146,114,260
149,148,297
181,110,291
189,97,286
192,143,335
155,153,308
154,142,296
144,135,279
139,105,244
156,128,284
186,127,313
197,135,332
220,100,320
190,100,290
163,115,278
135,124,259
145,121,266
141,123,264
128,136,264
115,140,255
121,142,263
117,169,286
132,194,326
134,225,359
140,286,426
144,317,461
150,322,472
191,319,510
250,261,511
271,225,496
275,188,463
212,162,374
194,164,358
173,148,321
167,140,307
179,112,291
173,107,280
147,105,252
114,105,219
116,106,222
125,106,231
126,100,226
127,101,228
112,102,214
114,101,215
115,105,220
125,100,225
131,97,228
136,100,236
138,102,240
138,106,244
144,100,244
135,89,224
124,97,221
125,100,225
128,122,250
127,203,330
133,203,336
144,189,333
145,193,338
148,155,303
165,156,321
130,155,285
120,160,280
118,156,274
120,159,279
149,121,270
177,95,272
185,133,318
162,132,294
168,116,284
162,164,326
196,131,327
179,121,300
191,114,305
168,96,264
176,92,268
162,90,252
139,92,231
126,100,226
127,103,230
135,96,231
147,108,255
137,110,247
132,105,237
123,94,217
127,91,218
113,96,209
119,151,270
146,137,283
170,119,289
169,115,284
164,113,277
176,117,293
165,128,293
152,120,272
149,114,263
166,88,254
162,131,293
163,121,284
158,114,272
151,154,305
161,141,302
179,133,312
174,136,310
160,122,282
156,114,270
159,127,286
176,104,280
172,139,311
176,139,315
153,143,296
149,152,301
142,165,307
144,180,324
139,193,332
136,190,326
135,178,313
142,167,309
172,123,295
192,116,308
215,111,326
176,110,286
130,105,235
155,145,300
187,114,301
202,113,315
204,104,308
165,88,253
152,144,296
139,143,282
159,123,282
168,111,279
156,119,275
165,109,274
161,102,263
161,127,288
155,126,281
159,116,275
155,112,267
158,102,260
152,98,250
154,107,261
151,108,259
143,135,278
144,127,271
157,105,262
166,140,306
170,134,304
164,127,291
154,122,276
151,118,269
144,123,267
138,132,270
122,138,260
116,137,253
126,134,260
127,140,267
131,155,286
115,159,274
152,130,282
167,120,287
179,111,290
159,99,258
141,100,241
140,98,238
126,98,224
115,107,222
120,108,228
125,106,231
122,115,237
115,122,237
118,126,244
134,144,278
138,162,300
144,165,309
142,163,305
118,155,273
150,171,321
145,184,329
132,188,320
126,193,319
151,166,317
166,151,317
166,144,310
143,140,283
133,117,250
148,110,258
150,120,270
177,109,286
174,112,286
152,127,279
155,115,270
149,118,267
160,151,311
181,123,304
176,114,290
170,101,271
142,92,234
121,165,286
156,152,308
153,152,305
142,163,305
79,311,390
107,323,430
122,332,454
196,263,459
269,188,457
321,153,474
282,112,394
97,92,189
135,97,232
145,95,240
125,113,238
110,128,238
123,142,265
126,144,270
129,145,274
98,138,236
133,134,267
118,121,239
139,116,255
126,126,252
131,129,260
101,125,226
137,124,261
120,121,241
132,126,258
116,130,246
131,134,265
129,138,267
123,144,267
106,139,245
123,132,255
117,136,253
113,141,254
96,141,237
125,154,279
125,156,281
116,159,275
113,165,278
126,179,305
122,180,302
95,186,281
128,184,312
142,168,310
113,156,269
145,147,292
135,146,281
101,146,247
120,158,278
126,151,277
131,146,277
111,166,277
120,176,296
103,172,275
129,172,301
142,167,309
149,169,318
130,180,310
115,214,329
107,243,350
115,249,364
152,220,372
195,197,392
201,185,386
201,172,373
189,162,351
168,161,329
195,123,318
181,131,312
151,138,289
127,107,234
175,112,287
178,140,318
157,146,303
160,139,299
184,149,333
230,128,358
243,147,390
235,117,352
201,175,376
200,143,343
182,132,314
171,125,296
118,105,223
145,88,233
152,166,318
170,152,322
154,144,298
155,133,288
123,119,242
146,115,261
136,109,245
152,86,238
141,80,221
125,146,271
140,136,276
127,121,248
186,149,335
196,125,321
215,93,308
183,94,277
161,93,254
134,111,245
137,98,235
162,113,275
155,120,275
149,124,273
137,122,259
134,120,254
138,124,262
159,103,262
168,96,264
161,124,285
146,130,276
150,124,274
142,119,261
125,117,242
113,97,210
148,91,239
141,142,283
143,159,302
157,156,313
133,153,286
150,117,267
168,101,269
166,106,272
156,91,247
147,124,271
151,111,262
168,91,259
168,97,265
145,102,247
126,108,234
124,120,244
120,129,249
114,138,252
75,153,228
100,164,264
130,178,308
116,206,322
143,201,344
133,229,362
165,193,358
202,172,374
183,154,337
209,122,331
175,124,299
183,100,283
158,98,256
167,112,279
136,122,258
131,123,254
124,120,244
147,120,267
146,126,272
131,129,260
162,101,263
170,93,263
163,81,244
137,105,242
141,96,237
137,85,222
140,114,254
149,93,242
151,81,232
150,101,251
136,100,236
137,103,240
139,95,234
141,211,352
220,194,414
295,127,422
303,132,435
222,138,360
165,134,299
157,145,302
162,150,312
157,160,317
160,152,312
159,150,309
158,147,305
158,148,306
153,144,297
145,138,283
138,155,293
146,166,312
153,177,330
155,189,344
156,201,357
173,191,364
187,183,370
206,170,376
180,159,339
194,156,350
202,153,355
197,152,349
195,154,349
181,149,330
130,142,272
509,334,843
146,309,455
187,616,803
543,347,890
176,370,546
220,368,588
303,197,500
365,182,547
284,166,450
126,152,278
314,165,479
94,261,355
177,184,361
259,159,418
297,153,450
237,163,400
231,154,385
253,125,378
139,127,266
193,151,344
187,155,342
180,151,331
226,115,341
213,162,375
226,144,370
212,139,351
217,131,348
195,132,327
203,197,400
183,200,383
205,214,419
174,228,402
124,248,372
181,250,431
179,262,441
180,269,449
182,255,437
183,222,405
212,255,467
175,268,443
173,326,499
164,354,518
219,297,516
256,276,532
294,273,567
240,259,499
262,254,516
245,256,501
232,257,489
203,272,475
214,275,489
192,306,498
132,302,434
187,293,480
212,275,487
295,182,477
341,168,509
337,142,479
184,146,330
157,177,334
188,188,376
221,179,400
238,178,416
254,168,422
229,158,387
271,170,441
273,210,483
302,154,456
284,172,456
251,169,420
198,164,362
210,155,365
207,152,359
215,141,356
225,144,369
198,128,326
228,143,371
200,147,347
201,147,348
194,155,349
201,133,334
207,129,336
200,140,340
199,135,334
218,124,342
198,135,333
201,124,325
180,126,306
166,151,317
187,157,344
90,160,250
143,156,299
165,149,314
149,158,307
159,150,309
162,169,331
164,193,357
145,216,361
143,248,391
148,282,430
161,306,467
176,303,479
214,289,503
276,230,506
301,206,507
244,217,461
157,228,385
156,241,397
169,227,396
171,225,396
213,223,436
233,198,431
248,186,434
241,200,441
222,233,455
214,248,462
230,220,450
232,196,428
256,154,410
234,140,374
217,153,370
206,155,361
207,147,354
232,138,370
222,123,345
219,166,385
227,146,373
218,142,360
198,163,361
194,153,347
206,145,351
224,135,359
218,143,361
203,130,333
200,132,332
182,123,305
165,123,288
174,130,304
164,169,333
145,164,309
189,163,352
221,140,361
227,141,368
178,145,323
145,123,268
160,120,280
179,118,297
176,152,328
200,150,350
186,162,348
184,191,375
176,183,359
202,164,366
214,141,355
198,128,326
169,125,294
167,132,299
169,140,309
190,137,327
210,110,320
209,148,357
200,147,347
192,131,323
198,155,353
174,150,324
151,153,304
173,116,289
172,127,299
161,190,351
129,219,348
123,223,346
151,170,321
178,168,346
187,161,348
151,140,291
165,128,293
181,203,384
232,164,396
213,164,377
237,129,366
164,173,337
159,218,377
169,195,364
176,199,375
224,147,371
179,129,308
172,100,272
172,160,332
166,175,341
209,149,358
210,159,369
211,169,380
179,157,336
167,168,335
179,164,343
162,182,344
157,199,356
143,228,371
156,252,408
168,268,436
168,265,433
180,234,414
213,215,428
221,222,443
232,203,435
253,150,403
255,216,471
325,324,649
280,345,625
280,324,604
203,320,523
354,187,541
198,209,407
225,216,441
126,224,350
173,210,383
189,203,392
156,233,389
118,258,376
148,274,422
240,200,440
279,166,445
322,196,518
306,167,473
289,157,446
266,162,428
237,208,445
207,174,381
206,171,377
235,140,375
198,152,350
181,131,312
204,146,350
155,204,359
232,170,402
249,191,440
249,166,415
245,153,398
196,264,460
317,186,503
292,212,504
214,210,424
106,205,311
169,179,348
193,186,379
170,168,338
154,143,297
209,121,330
185,97,282
147,181,328
178,161,339
175,123,298
182,136,318
110,155,265
179,135,314
208,143,351
148,217,365
123,240,363
160,229,389
223,191,414
251,185,436
305,156,461
229,178,407
216,137,353
187,201,388
183,168,351
224,152,376
200,164,364
236,129,365
175,134,309
176,138,314
161,148,309
159,159,318
212,196,408
242,155,397
261,115,376
225,178,403
162,190,352
228,135,363
235,170,405
222,183,405
206,176,382
254,181,435
222,218,440
232,171,403
237,153,390
236,137,373
197,126,323
196,116,312
142,127,269
163,149,312
122,144,266
131,177,308
156,224,380
153,257,410
134,231,365
214,178,392
222,200,422
201,206,407
121,203,324
130,204,334
187,167,354
191,156,347
142,153,295
133,154,287
134,135,269
142,120,262
184,136,320
182,126,308
188,103,291
169,113,282
159,99,258
170,105,275
157,91,248
157,167,324
178,139,317
189,104,293
193,196,389
147,194,341
220,131,351
210,126,336
128,123,251
134,126,260
142,128,270
149,124,273
175,92,267
167,153,320
137,183,320
184,168,352
194,161,355
172,135,307
178,134,312
148,138,286
137,154,291
129,228,357
125,263,388
127,270,397
124,267,391
213,180,393
231,168,399
257,144,401
173,126,299
169,124,293
157,108,265
166,183,349
171,184,355
200,160,360
187,164,351
127,159,286
151,146,297
183,118,301
203,164,367
203,176,379
208,149,357
200,137,337
207,127,334
185,111,296
173,162,335
190,142,332
191,137,328
191,145,336
185,149,334
204,171,375
241,130,371
232,129,361
218,164,382
202,147,349
192,150,342
215,153,368
200,154,354
190,296,486
169,340,509
182,369,551
134,368,502
289,205,494
323,162,485
357,116,473
216,94,310
178,117,295
146,269,415
177,240,417
229,201,430
258,154,412
204,152,356
208,147,355
197,140,337
209,161,370
170,161,331
153,182,335
144,201,345
150,211,361
145,244,389
146,275,421
159,264,423
203,232,435
229,282,511
261,255,516
271,218,489
273,192,465
248,168,416
217,139,356
221,100,321
201,130,331
203,154,357
210,132,342
225,152,377
239,140,379
224,139,363
193,154,347
120,144,264
171,113,284
172,143,315
187,112,299
190,132,322
185,145,330
131,146,277
125,156,281
124,153,277
145,130,275
148,131,279
147,189,336
215,193,408
283,142,425
309,115,424
216,145,361
189,150,339
183,132,315
205,106,311
186,155,341
188,155,343
183,162,345
162,148,310
134,136,270
145,125,270
177,141,318
186,159,345
187,178,365
200,156,356
207,154,361
213,167,380
191,171,362
169,180,349
176,183,359
164,211,375
171,217,388
176,226,402
212,219,431
226,209,435
235,179,414
240,135,375
253,103,356
209,106,315
180,126,306
140,127,267
132,120,252
152,111,263
158,114,272
160,117,277
150,102,252
135,109,244
133,94,227
151,118,269
154,121,275
139,110,249
139,99,238
124,90,214
141,150,291
144,159,303
163,147,310
150,135,285
150,119,269
140,111,251
143,109,252
155,112,267
158,123,281
171,112,283
173,124,297
177,114,291
180,162,342
196,171,367
203,154,357
188,148,336
152,138,290
152,121,273
153,163,316
183,151,334
199,124,323
199,103,302
151,138,289
178,124,302
182,120,302
174,105,279
162,182,344
168,181,349
161,194,355
164,173,337
132,188,320
163,178,341
160,161,321
173,136,309
174,120,294
171,103,274
162,128,290
160,115,275
161,100,261
159,108,267
149,125,274
171,126,297
185,123,308
199,142,341
196,139,335
186,144,330
172,152,324
158,159,317
161,169,330
161,179,340
157,193,350
156,201,357
155,214,369
154,223,377
157,232,389
159,220,379
172,202,374
194,175,369
215,140,355
217,114,331
209,154,363
214,139,353
199,150,349
186,159,345
156,171,327
159,179,338
157,191,348
157,201,358
154,214,368
154,234,388
157,246,403
161,256,417
179,246,425
199,236,435
216,227,443
215,220,435
220,206,426
222,198,420
222,190,412
215,181,396
210,173,383
212,166,378
212,158,370
213,149,362
213,152,365
213,150,363
213,129,342
212,131,343
204,113,317
167,117,284
158,128,286
133,157,290
146,158,304
154,151,305
139,132,271
141,140,281
141,144,285
157,137,294
150,124,274
148,109,257
148,102,250
149,168,317
159,152,311
199,118,317
199,109,308
163,114,277
150,101,251
146,106,252
151,96,247
147,160,307
159,161,320
164,153,317
172,128,300
155,112,267
162,111,273
159,167,326
175,134,309
173,123,296
164,120,284
96,117,213
126,111,237
128,94,222
129,89,218
132,88,220
119,99,218
123,145,268
152,150,302
161,152,313
174,164,338
160,167,327
177,189,366
170,193,363
147,197,344
154,173,327
158,169,327
174,163,337
163,149,312
133,128,261
163,102,265
164,91,255
158,146,304
160,135,295
187,167,354
235,144,379
209,173,382
257,131,388
210,141,351
219,118,337
173,177,350
204,160,364
212,160,372
227,149,376
193,140,333
204,134,338
212,133,345
219,148,367
238,115,353
228,124,352
205,140,345
206,140,346
214,113,327
209,100,309
178,129,307
150,145,295
158,153,311
160,144,304
175,131,306
182,128,310
161,126,287
165,133,298
163,122,285
159,143,302
186,126,312
179,137,316
167,140,307
138,140,278
133,152,285
144,147,291
163,130,293
170,118,288
171,115,286
172,242,414
205,282,487
205,287,492
202,279,481
221,229,450
242,223,465
229,228,457
183,258,441
167,271,438
181,263,444
205,245,450
248,230,478
293,191,484
280,194,474
264,176,440
233,132,365
203,109,312
167,123,290
152,119,271
145,108,253
146,191,337
191,178,369
196,177,373
173,186,359
105,220,325
116,234,350
133,222,355
152,228,380
189,213,402
168,224,392
191,199,390
182,177,359
197,154,351
185,130,315
177,114,291
169,112,281
159,94,253
165,160,325
178,164,342
177,166,343
218,124,342
189,132,321
199,139,338
152,151,303
136,175,311
128,189,317
138,195,333
143,190,333
153,208,361
143,228,371
162,216,378
164,209,373
196,170,366
218,139,357
249,143,392
226,154,380
216,155,371
178,159,337
162,164,326
169,168,337
168,171,339
169,190,359
171,196,367
183,207,390
170,231,401
194,226,420
191,237,428
200,233,433
197,208,405
201,195,396
182,228,410
170,233,403
163,232,395
166,227,393
182,222,404
189,215,404
204,205,409
190,192,382
179,179,358
182,164,346
174,156,330
176,124,300
179,108,287
196,101,297
166,101,267
143,102,245
129,102,231
130,108,238
129,114,243
132,134,266
133,138,271
132,139,271
129,132,261
138,126,264
168,102,270
184,129,313
192,114,306
152,126,278
154,133,287
119,138,257
128,137,265
127,138,265
142,123,265
158,109,267
173,145,318
168,125,293
200,126,326
207,132,339
180,163,343
150,183,333
149,174,323
169,165,334
179,180,359
168,190,358
156,214,370
154,220,374
155,211,366
160,200,360
169,184,353
189,163,352
192,181,373
180,208,388
166,215,381
161,216,377
190,179,369
227,155,382
232,163,395
216,147,363
183,140,323
171,144,315
146,135,281
148,111,259
161,172,333
199,155,354
221,155,376
241,115,356
196,101,297
169,114,283
151,123,274
173,153,326
184,131,315
213,163,376
222,154,376
219,126,345
220,168,388
214,177,391
226,150,376
197,136,333
170,125,295
178,146,324
191,136,327
190,140,330
195,158,353
199,144,343
206,145,351
183,142,325
150,153,303
138,166,304
132,163,295
134,161,295
133,176,309
128,191,319
126,187,313
123,183,306
165,150,315
185,156,341
199,154,353
179,172,351
186,161,347
183,154,337
162,162,324
125,160,285
138,157,295
151,142,293
166,140,306
165,145,310
155,155,310
150,158,308
130,153,283
165,138,303
164,140,304
153,160,313
136,186,322
143,192,335
151,177,328
168,170,338
161,172,333
162,174,336
141,193,334
154,185,339
169,152,321
203,115,318
212,111,323
213,116,329
179,104,283
168,153,321
156,150,306
164,143,307
185,126,311
161,142,303
170,167,337
156,163,319
142,160,302
158,178,336
138,187,325
139,194,333
146,195,341
128,206,334
154,183,337
145,187,332
177,166,343
169,172,341
187,150,337
185,161,346
176,154,330
170,141,311
179,124,303
175,148,323
199,133,332
202,142,344
230,159,389
230,143,373
219,125,344
187,126,313
170,117,287
177,151,328
200,128,328
182,111,293
185,102,287
157,166,323
176,253,429
303,136,439
305,146,451
287,120,407
191,99,290
190,157,347
185,171,356
168,173,341
179,175,354
172,144,316
178,142,320
198,123,321
185,121,306
172,127,299
166,139,305
192,166,358
219,134,353
227,117,344
207,159,366
184,141,325
190,121,311
178,148,326
171,120,291
185,116,301
194,101,295
163,111,274
169,147,316
154,142,296
182,119,301
178,227,405
225,202,427
246,139,385
249,275,524
196,238,434
254,180,434
190,173,363
148,132,280
160,127,287
97,120,217
141,105,246
152,88,240
153,146,299
138,201,339
169,189,358
163,195,358
198,154,352
183,179,362
131,200,331
166,207,373
168,210,378
174,205,379
167,200,367
157,193,350
159,191,350
150,250,400
147,308,455
144,341,485
185,307,492
230,268,498
295,210,505
254,225,479
156,246,402
165,229,394
162,217,379
192,178,370
191,181,372
230,196,426
220,191,411
260,128,388
241,103,344
234,199,433
221,157,378
241,120,361
227,105,332
143,95,238
158,96,254
147,208,355
163,203,366
186,168,354
174,168,342
92,165,257
130,177,307
147,160,307
175,121,296
198,123,321
200,131,331
190,161,351
181,152,333
205,129,334
183,130,313
179,114,293
185,104,289
183,109,292
177,101,278
160,168,328
190,159,349
185,203,388
226,186,412
222,161,383
265,170,435
241,155,396
215,136,351
196,120,316
196,104,300
188,179,367
198,183,381
248,116,364
245,122,367
218,134,352
145,144,289
138,165,303
148,191,339
150,201,351
203,197,400
209,209,418
214,208,422
219,148,367
219,147,366
212,167,379
160,162,322
157,171,328
152,183,335
156,177,333
151,172,323
161,163,324
159,176,335
165,205,370
164,213,377
168,196,364
176,185,361
189,183,372
163,190,353
144,209,353
130,232,362
147,216,363
191,198,389
235,160,395
238,150,388
246,148,394
241,151,392
249,154,403
206,164,370
202,189,391
190,181,371
200,189,389
212,175,387
209,159,368
219,141,360
208,158,366
222,127,349
232,154,386
253,173,426
246,168,414
250,172,422
229,178,407
201,182,383
196,188,384
176,182,358
167,183,350
169,181,350
170,170,340
189,175,364
193,173,366
202,156,358
204,156,360
205,159,364
184,199,383
175,216,391
201,174,375
220,166,386
227,187,414
167,244,411
141,273,414
133,282,415
158,251,409
218,212,430
244,191,435
178,177,355
169,183,352
153,165,318
148,156,304
147,176,323
157,186,343
146,185,331
146,173,319
171,130,301
187,118,305
150,118,268
147,156,303
146,148,294
157,138,295
191,118,309
183,130,313
143,122,265
145,148,293
151,146,297
155,154,309
156,152,308
157,148,305
152,168,320
142,193,335
137,197,334
192,156,348
192,155,347
196,152,348
141,173,314
152,185,337
144,192,336
146,193,339
149,197,346
166,208,374
165,196,361
164,190,354
161,289,450
174,339,513
189,357,546
221,337,558
263,278,541
290,247,537
281,199,480
266,146,412
289,167,456
262,158,420
220,177,397
179,208,387
139,235,374
157,243,400
181,226,407
188,220,408
197,210,407
175,219,394
187,201,388
203,196,399
222,198,420
190,210,400
149,243,392
155,240,395
163,238,401
168,221,389
235,164,399
266,141,407
299,155,454
250,157,407
217,150,367
182,153,335
178,153,331
177,151,328
182,153,335
182,152,334
181,154,335
182,144,326
192,156,348
224,131,355
221,137,358
205,157,362
156,179,335
137,196,333
158,194,352
183,181,364
193,179,372
192,171,363
180,162,342
188,152,340
193,147,340
198,143,341
193,164,357
220,153,373
249,203,452
286,167,453
261,154,415
206,159,365
154,167,321
172,170,342
171,198,369
172,241,413
189,233,422
199,219,418
210,249,459
188,250,438
101,267,368
194,237,431
101,224,325
155,203,358
222,187,409
147,236,383
208,226,434
194,212,406
199,160,359
258,183,441
268,150,418
110,208,318
187,189,376
283,231,514
299,190,489
310,187,497
306,148,454
271,113,384
250,136,386
209,123,332
184,145,329
201,149,350
186,162,348
182,169,351
175,171,346
202,183,385
255,173,428
277,157,434
316,167,483
274,188,462
281,161,442
239,161,400
218,167,385
181,176,357
207,168,375
237,171,408
260,167,427
237,167,404
204,170,374
199,209,408
200,262,462
213,253,466
255,211,466
261,200,461
278,343,621
281,282,563
317,273,590
163,295,458
110,274,384
171,257,428
245,250,495
228,258,486
201,285,486
216,251,467
256,206,462
302,174,476
278,151,429
203,146,349
225,143,368
209,147,356
186,141,327
157,137,294
158,134,292
177,108,285
175,147,322
187,146,333
175,134,309
171,124,295
171,151,322
199,149,348
220,149,369
213,146,359
203,120,323
197,114,311
202,113,315
156,141,297
178,154,332
178,150,328
165,151,316
165,145,310
165,150,315
158,153,311
147,157,304
137,158,295
146,196,342
146,193,339
204,142,346
217,134,351
203,156,359
166,159,325
172,148,320
171,131,302
179,134,313
180,126,306
179,126,305
203,144,347
188,149,337
185,158,343
160,148,308
161,132,293
180,132,312
179,126,305
197,124,321
200,106,306
199,241,440
196,206,402
255,151,406
277,167,444
250,145,395
218,143,361
206,140,346
158,138,296
157,131,288
161,187,348
196,166,362
214,136,350
226,108,334
187,105,292
153,131,284
161,137,298
153,136,289
158,128,286
146,128,274
163,130,293
148,139,287
150,178,328
148,181,329
193,147,340
192,145,337
188,139,327
150,138,288
165,111,276
164,102,266
168,185,353
151,191,342
189,159,348
190,160,350
118,168,286
153,166,319
176,145,321
201,115,316
199,135,334
178,127,305
194,177,371
210,165,375
186,166,352
195,171,366
173,143,316
190,133,323
204,146,350
215,132,347
198,132,330
206,166,372
213,124,337
236,100,336
208,209,417
186,169,355
227,150,377
235,198,433
142,191,333
209,147,356
211,141,352
219,167,386
206,161,367
264,127,391
261,165,426
241,186,427
195,216,411
185,200,385
184,200,384
188,209,397
172,215,387
136,223,359
148,218,366
173,208,381
184,251,435
180,262,442
171,278,449
167,280,447
206,242,448
220,230,450
244,293,537
413,133,546
384,120,504
340,196,536
221,154,375
262,155,417
275,133,408
227,155,382
237,172,409
189,171,360
186,189,375
166,212,378
175,212,387
196,203,399
196,216,412
188,231,419
186,227,413
207,219,426
227,189,416
221,192,413
232,144,376
261,131,392
231,138,369
212,130,342
161,165,326
178,140,318
192,136,328
172,146,318
135,146,281
138,167,305
155,163,318
145,164,309
155,157,312
152,154,306
161,136,297
164,122,286
160,111,271
158,96,254
159,134,293
173,175,348
168,193,361
206,186,392
234,163,397
293,119,412
218,128,346
205,129,334
164,109,273
170,99,269
177,131,308
170,119,289
170,127,297
176,168,344
169,223,392
183,236,419
168,235,403
209,171,380
211,149,360
240,115,355
187,111,298
189,133,322
167,130,297
188,273,461
225,242,467
245,236,481
284,198,482
224,177,401
280,166,446
225,155,380
192,164,356
215,143,358
202,132,334
201,172,373
198,138,336
226,113,339
233,150,383
181,125,306
193,102,295
181,129,310
167,113,280
165,113,278
173,109,282
147,96,243
153,93,246
151,130,281
148,126,274
165,130,295
170,164,334
161,166,327
227,138,365
227,128,355
232,116,348
185,123,308
174,110,284
188,151,339
189,129,318
182,127,309
191,98,289
172,186,358
197,189,386
225,169,394
228,170,398
185,179,364
196,165,361
199,165,364
197,166,363
174,191,365
184,190,374
184,203,387
202,209,411
200,226,426
231,201,432
224,185,409
265,178,443
250,216,466
217,234,451
171,248,419
202,208,410
253,140,393
264,154,418
254,125,379
205,135,340
184,125,309
151,119,270
168,137,305
164,160,324
173,174,347
167,167,334
173,141,314
194,116,310
188,103,291
171,123,294
161,115,276
165,125,290
170,106,276
166,185,351
198,180,378
218,163,381
209,176,385
195,192,387
177,167,344
247,147,394
249,137,386
228,131,359
179,133,312
170,119,289
202,142,344
195,147,342
175,146,321
157,148,305
155,145,300
156,144,300
154,149,303
149,152,301
142,148,290
147,147,294
153,150,303
146,164,310
137,175,312
137,176,313
163,146,309
191,133,324
193,128,321
168,121,289
181,117,298
185,123,308
192,121,313
171,145,316
157,149,306
171,158,329
170,169,339
176,161,337
171,141,312
182,134,316
199,103,302
198,187,385
196,171,367
204,125,329
213,136,349
168,117,285
192,139,331
187,133,320
174,145,319
173,141,314
159,153,312
166,169,335
175,149,324
200,118,318
208,137,345
204,135,339
217,134,351
204,126,330
201,113,314
162,104,266
145,157,302
172,142,314
190,116,306
180,142,322
192,109,301
181,98,279
183,118,301
151,117,268
170,304,474
188,336,524
225,302,527
228,318,546
233,226,459
274,226,500
254,224,478
208,227,435
183,204,387
189,182,371
194,169,363
166,137,303
194,108,302
194,188,382
206,186,392
220,175,395
271,122,393
204,116,320
217,108,325
174,122,296
172,174,346
179,176,355
240,105,345
227,106,333
229,98,327
153,139,292
158,145,303
155,148,303
154,151,305
135,186,321
146,187,333
148,189,337
188,149,337
184,148,332
170,154,324
155,149,304
147,172,319
151,189,340
145,197,342
154,191,345
156,182,338
165,173,338
181,147,328
194,120,314
206,153,359
198,151,349
193,159,352
172,170,342
149,184,333
147,201,348
160,201,361
165,206,371
177,212,389
166,223,389
165,241,406
163,256,419
162,266,428
168,269,437
196,255,451
215,247,462
220,240,460
211,232,443
213,224,437
214,217,431
215,208,423
212,201,413
216,193,409
214,184,398
216,176,392
211,168,379
215,158,373
216,133,349
214,157,371
229,156,385
246,152,398
250,143,393
237,156,393
221,134,355
219,146,365
223,152,375
204,141,345
207,143,350
204,138,342
181,146,327
170,158,328
147,174,321
144,188,332
145,214,359
146,233,379
145,251,396
146,263,409
191,234,425
221,218,439
241,212,453
222,203,425
215,197,412
221,184,405
238,141,379
221,125,346
197,151,348
165,161,326
164,145,309
166,132,298
182,110,292
190,118,308
192,122,314
165,123,288
163,137,300
146,127,273
148,134,282
165,128,293
166,139,305
163,166,329
151,199,350
171,203,374
210,199,409
261,149,410
259,132,391
194,124,318
175,148,323
173,174,347
217,124,341
245,213,458
248,203,451
265,182,447
288,128,416
239,107,346
208,199,407
150,212,362
264,121,385
271,116,387
223,121,344
163,131,294
168,130,298
157,121,278
159,112,271
170,100,270
172,160,332
179,142,321
165,181,346
181,165,346
193,120,313
211,119,330
215,115,330
170,115,285
150,113,263
156,126,282
157,145,302
170,157,327
188,138,326
204,143,347
199,152,351
205,181,386
264,183,447
277,150,427
269,188,457
235,195,430
230,203,433
207,216,423
200,249,449
195,229,424
215,216,431
166,219,385
224,198,422
235,188,423
246,165,411
225,128,353
208,111,319
189,106,295
166,133,299
164,119,283
178,170,348
180,163,343
200,118,318
209,116,325
199,116,315
165,123,288
166,121,287
164,117,281
164,114,278
168,126,294
174,145,319
202,113,315
191,107,298
179,108,287
138,129,267
139,141,280
174,112,286
164,116,280
187,121,308
155,165,320
152,189,341
192,175,367
212,161,373
216,149,365
179,152,331
160,180,340
166,187,353
161,186,347
157,183,340
160,197,357
164,225,389
165,221,386
164,220,384
180,207,387
178,212,390
169,211,380
168,198,366
149,206,355
164,207,371
156,211,367
159,228,387
165,229,394
161,224,385
184,207,391
183,225,408
195,221,416
185,242,427
178,244,422
194,218,412
204,217,421
210,203,413
188,185,373
184,178,362
202,144,346
188,138,326
173,122,295
162,121,283
164,124,288
170,117,287
178,173,351
178,181,359
194,178,372
264,148,412
231,158,389
237,164,401
208,118,326
208,110,318
210,131,341
160,132,292
170,140,310
189,143,332
195,159,354
195,154,349
156,153,309
156,162,318
161,178,339
154,195,349
156,216,372
161,218,379
174,211,385
181,214,395
187,207,394
180,209,389
165,209,374
160,211,371
159,201,360
160,199,359
167,187,354
173,180,353
191,150,341
187,141,328
180,131,311
173,113,286
182,119,301
182,125,307
193,146,339
195,124,319
188,122,310
190,113,303
144,111,255
163,119,282
164,102,266
164,217,381
191,254,445
290,162,452
307,165,472
231,134,365
241,137,378
229,140,369
208,134,342
174,164,338
156,173,329
163,183,346
168,183,351
171,170,341
192,145,337
191,152,343
189,134,323
189,167,356
225,135,360
224,164,388
201,160,361
174,147,321
190,143,333
160,127,287
171,123,294
173,115,288
173,142,315
195,138,333
220,102,322
214,147,361
197,170,367
167,189,356
184,190,374
192,186,378
204,192,396
194,198,392
176,227,403
196,245,441
196,265,461
220,257,477
247,230,477
258,211,469
229,200,429
191,182,373
203,156,359
185,153,338
181,134,315
176,125,301
182,123,305
169,118,287
167,130,297
176,130,306
176,126,302
142,130,272
150,116,266
141,135,276
187,128,315
189,138,327
196,139,335
156,139,295
150,153,303
152,148,300
134,151,285
168,168,336
162,171,333
165,154,319
164,148,312
169,138,307
157,120,277
175,110,285
183,143,326
190,129,319
174,132,306
164,131,295
146,155,301
148,174,322
132,173,305
117,151,268
170,134,304
152,163,315
148,173,321
127,130,257
197,127,324
207,143,350
190,142,332
143,124,267
168,119,287
177,116,293
174,162,336
188,152,340
236,201,437
259,180,439
234,164,398
201,179,380
114,198,312
142,265,407
148,293,441
177,289,466
209,268,477
225,245,470
238,230,468
230,218,448
225,189,414
250,203,453
274,167,441
299,192,491
258,171,429
235,139,374
257,148,405
243,151,394
226,145,371
180,145,325
151,152,303
150,177,327
155,165,320
154,167,321
162,163,325
155,150,305
166,137,303
169,134,303
161,124,285
167,114,281
169,151,320
177,169,346
182,167,349
172,162,334
176,152,328
186,145,331
209,222,431
224,217,441
316,148,464
283,200,483
248,213,461
230,172,402
217,142,359
254,166,420
283,134,417
254,138,392
233,148,381
220,156,376
238,187,425
262,174,436
245,198,443
238,207,445
199,197,396
210,173,383
209,158,367
200,137,337
197,130,327
185,152,337
159,141,300
176,122,298
194,110,304
195,142,337
182,134,316
171,132,303
189,107,296
186,124,310
190,124,314
167,127,294
167,134,301
157,139,296
162,140,302
166,147,313
171,153,324
169,152,321
160,151,311
155,160,315
158,168,326
154,183,337
165,198,363
158,211,369
158,215,373
175,189,364
173,186,359
192,193,385
183,248,431
183,393,576
185,380,565
189,364,553
282,264,546
355,197,552
365,175,540
232,144,376
225,119,344
200,101,301
164,156,320
174,171,345
180,166,346
162,169,331
159,161,320
157,159,316
170,167,337
149,192,341
158,213,371
157,238,395
165,219,384
186,203,389
172,200,372
187,161,348
199,154,353
205,161,366
173,160,333
162,181,343
164,176,340
154,186,340
162,189,351
152,197,349
154,198,352
167,187,354
169,183,352
172,176,348
154,167,321
161,159,320
159,145,304
159,135,294
188,131,319
201,130,331
214,150,364
196,145,341
196,138,334
168,142,310
153,144,297
152,138,290
147,151,298
146,156,302
155,149,304
159,147,306
194,118,312
210,125,335
210,159,369
178,150,328
179,133,312
166,117,283
191,127,318
188,113,301
187,155,342
192,121,313
188,111,299
185,144,329
189,102,291
201,118,319
196,155,351
180,146,326
181,144,325
168,133,301
181,113,294
189,198,387
250,137,387
252,127,379
232,115,347
155,108,263
161,109,270
152,110,262
152,104,256
153,119,272
154,110,264
183,143,326
181,155,336
184,156,340
171,155,326
133,151,284
157,153,310
167,142,309
174,129,303
176,119,295
165,137,302
170,129,299
176,124,300
184,160,344
181,168,349
198,184,382
174,183,357
170,166,336
176,154,330
181,159,340
185,180,365
186,170,356
192,171,363
189,175,364
175,173,348
177,185,362
220,183,403
270,128,398
267,121,388
206,130,336
165,122,287
179,206,385
208,225,433
188,236,424
203,227,430
157,212,369
218,199,417
207,187,394
210,172,382
211,156,367
158,146,304
216,131,347
195,242,437
164,242,406
242,222,464
84,231,315
159,221,380
230,197,427
238,177,415
226,171,397
214,168,382
200,160,360
193,153,346
204,146,350
218,220,438
233,246,479
228,259,487
184,266,450
161,293,454
185,296,481
245,252,497
266,288,554
272,323,595
247,344,591
208,316,524
259,299,558
269,256,525
229,286,515
232,373,605
137,392,529
181,416,597
185,363,548
301,302,603
288,289,577
269,249,518
212,237,449
563,284,847
220,274,494
763,231,994
495,322,817
629,258,887
176,275,451
349,167,516
156,133,289
211,125,336
213,288,501
59,198,257
214,199,413
293,320,613
381,432,813
536,215,751
517,152,669
434,139,573
294,319,613
124,279,403
160,288,448
320,194,514
254,178,432
313,169,482
87,146,233
129,168,297
237,138,375
105,150,255
165,176,341
249,182,431
257,470,727
285,441,726
258,435,693
362,316,678
205,245,450
277,233,510
258,203,461
178,213,391
239,208,447
201,203,404
102,181,283
192,135,327
259,169,428
215,134,349
231,140,371
236,155,391
201,145,346
237,153,390
229,135,364
213,145,358
210,152,362
230,133,363
235,178,413
265,141,406
259,152,411
221,157,378
199,157,356
215,162,377
188,180,368
184,201,385
188,215,403
215,214,429
250,303,553
324,226,550
411,199,610
247,172,419
304,185,489
246,851,1097
290,943,1233
849,1817,2666
1284,645,1929
1324,617,1941
1800,180,1980
276,149,425
415,218,633
182,194,376
259,168,427
256,227,483
274,215,489
273,257,530
236,279,515
189,299,488
146,315,461
202,312,514
176,301,477
194,236,430
294,182,476
281,221,502
286,194,480
245,181,426
235,157,392
257,166,423
309,178,487
332,146,478
321,202,523
280,163,443
303,200,503
283,177,460
233,199,432
287,155,442
218,171,389
303,179,482
310,210,520
332,162,494
315,175,490
318,155,473
229,258,487
293,1340,1633
352,1286,1638
1202,479,1681
1276,331,1607
142,332,474
197,298,495
298,251,549
334,283,617
303,265,568
296,225,521
302,194,496
246,182,428
216,176,392
241,189,430
274,220,494
341,178,519
330,156,486
302,155,457
240,141,381
224,153,377
218,233,451
229,224,453
286,194,480
409,154,563
295,179,474
293,194,487
219,189,408
229,185,414
204,168,372
207,181,388
222,178,400
208,218,426
240,210,450
248,216,464
251,212,463
280,196,476
228,183,411
262,163,425
196,231,427
216,346,562
192,376,568
255,318,573
280,292,572
306,291,597
200,258,458
236,258,494
277,255,532
245,276,521
208,311,519
234,311,545
266,308,574
264,350,614
229,384,613
224,362,586
380,237,617
429,268,697
464,234,698
335,273,608
263,272,535
188,225,413
275,198,473
333,205,538
297,215,512
324,204,528
264,300,564
310,265,575
314,200,514
284,197,481
223,216,439
135,218,353
228,211,439
154,223,377
231,240,471
260,214,474
226,211,437
213,206,419
260,169,429
267,180,447
246,212,458
214,222,436
215,241,456
224,214,438
312,157,469
296,169,465
287,145,432
262,234,496
368,181,549
127,176,303
208,164,372
273,162,435
249,195,444
276,180,456
293,193,486
277,195,472
237,196,433
214,182,396
201,186,387
225,180,405
256,160,416
246,158,404
227,155,382
198,175,373
196,226,422
254,185,439
295,170,465
285,172,457
232,171,403
248,209,457
300,169,469
146,157,303
205,121,326
121,221,342
153,232,385
108,271,379
198,262,460
156,305,461
234,284,518
241,258,499
226,247,473
127,234,361
271,384,655
193,362,555
264,389,653
237,331,568
164,285,449
231,259,490
277,241,518
228,223,451
251,186,437
185,167,352
333,172,505
202,210,412
401,248,649
127,236,363
286,343,629
114,383,497
154,615,769
491,336,827
547,270,817
290,242,532
128,236,364
203,783,986
303,616,919
897,505,1402
362,473,835
446,1243,1689
988,537,1525
705,510,1215
1050,200,1250
232,198,430
468,480,948
152,488,640
1061,542,1603
554,620,1174
1495,932,2427
1594,421,2015
628,425,1053
1837,1151,2988
922,1168,2090
2135,509,2644
159,512,671
814,600,1414
231,632,863
893,322,1215
362,265,627
461,198,659
389,166,555
190,141,331
207,352,559
199,320,519
160,376,536
236,440,676
182,419,601
248,429,677
308,418,726
301,634,935
513,447,960
508,433,941
494,227,721
292,201,493
335,205,540
239,232,471
213,282,495
216,294,510
214,301,515
217,296,513
243,274,517
300,210,510
349,178,527
355,165,520
321,153,474
287,154,441
271,193,464
290,209,499
309,244,553
281,245,526
269,206,475
255,230,485
333,220,553
352,178,530
334,178,512
270,182,452
156,169,325
229,169,398
186,201,387
388,176,564
306,160,466
368,144,512
167,141,308
212,141,353
189,229,418
231,202,433
238,180,418
249,177,426
188,172,360
190,184,374
202,168,370
218,195,413
297,136,433
299,166,465
292,198,490
263,255,518
289,249,538
268,231,499
262,214,476
288,203,491
212,193,405
254,174,428
261,138,399
244,140,384
228,151,379
211,146,357
182,214,396
210,212,422
226,205,431
213,198,411
255,155,410
262,165,427
267,156,423
205,187,392
238,144,382
246,151,397
272,159,431
241,173,414
251,159,410
268,192,460
277,175,452
268,179,447
249,185,434
182,176,358
195,219,414
204,238,442
216,260,476
232,282,514
242,256,498
244,244,488
201,237,438
225,243,468
209,225,434
173,154,327
262,161,423
271,155,426
251,160,411
187,164,351
162,169,331
187,161,348
195,165,360
181,192,373
177,206,383
175,222,397
184,214,398
167,223,390
178,218,396
220,167,387
261,140,401
296,128,424
259,152,411
236,152,388
204,166,370
218,148,366
217,166,383
229,166,395
193,187,380
179,214,393
161,234,395
165,238,403
178,238,416
180,243,423
179,232,411
184,220,404
191,223,414
183,225,408
186,223,409
189,243,432
222,209,431
232,177,409
259,141,400
239,173,412
246,149,395
225,161,386
201,167,368
153,166,319
192,146,338
220,196,416
271,178,449
268,195,463
277,159,436
216,151,367
236,150,386
195,151,346
205,182,387
205,171,376
194,155,349
212,139,351
218,182,400
260,181,441
278,178,456
265,193,458
216,218,434
192,227,419
224,214,438
268,193,461
268,188,456
260,168,428
233,154,387
242,191,433
251,161,412
229,163,392
197,165,362
163,172,335
185,173,358
188,176,364
184,203,387
173,233,406
160,249,409
160,254,414
174,248,422
190,233,423
213,212,425
218,206,424
207,198,405
213,172,385
225,144,369
245,120,365
239,108,347
196,133,329
176,141,317
175,143,318
163,146,309
162,144,306
164,146,310
183,127,310
207,163,370
245,148,393
225,146,371
230,135,365
213,114,327
198,149,347
180,147,327
175,151,326
178,170,348
151,169,320
178,168,346
175,206,381
204,186,390
227,148,375
252,119,371
232,124,356
196,124,320
185,159,344
197,139,336
204,159,363
238,154,392
193,136,329
188,138,326
176,142,318
197,220,417
235,177,412
255,147,402
256,181,437
211,154,365
256,155,411
265,148,413
216,155,371
199,173,372
163,224,387
154,246,400
203,201,404
237,177,414
242,176,418
201,178,379
183,205,388
190,201,391
187,208,395
189,210,399
175,211,386
165,211,376
156,222,378
180,192,372
191,247,438
204,299,503
184,334,518
218,307,525
272,272,544
316,218,534
255,214,469
570,233,803
83,254,337
218,188,406
135,151,286
205,153,358
267,164,431
271,172,443
246,173,419
259,165,424
256,168,424
251,164,415
273,153,426
288,196,484
279,209,488
306,172,478
289,199,488
279,188,467
263,184,447
293,169,462
263,216,479
299,196,495
302,199,501
317,189,506
302,224,526
277,212,489
250,238,488
240,264,504
204,236,440
256,204,460
311,172,483
309,199,508
292,198,490
263,163,426
242,158,400
235,226,461
148,213,361
208,208,416
252,171,423
236,199,435
242,180,422
293,203,496
291,167,458
271,141,412
258,174,432
222,191,413
294,146,440
270,165,435
271,164,435
243,150,393
266,208,474
251,199,450
270,196,466
293,168,461
285,169,454
282,181,463
198,173,371
212,164,376
197,159,356
200,154,354
190,145,335
190,155,345
201,147,348
196,182,378
237,184,421
260,164,424
282,178,460
273,169,442
280,142,422
254,176,430
253,189,442
249,205,454
226,191,417
197,184,381
173,177,350
214,155,369
237,161,398
246,285,531
439,168,607
396,196,592
423,178,601
275,172,447
266,163,429
197,149,346
201,136,337
207,111,318
213,173,386
207,176,383
232,129,361
228,127,355
189,147,336
196,152,348
202,137,339
206,126,332
205,105,310
186,122,308
196,160,356
201,141,342
244,107,351
215,122,337
188,114,302
171,167,338
176,208,384
171,261,432
185,287,472
159,299,458
216,267,483
215,257,472
243,235,478
232,217,449
246,212,458
228,220,448
216,225,441
195,238,433
211,240,451
210,243,453
200,240,440
211,227,438
215,238,453
208,228,436
215,202,417
213,179,392
200,170,370
199,158,357
191,146,337
185,140,325
178,146,324
186,145,331
179,153,332
179,151,330
172,162,334
174,181,355
159,186,345
168,171,339
174,169,343
178,165,343
166,175,341
164,178,342
160,174,334
174,163,337
157,170,327
153,172,325
152,174,326
172,166,338
205,152,357
207,132,339
141,146,287
193,158,351
190,179,369
188,175,363
182,170,352
183,162,345
189,151,340
214,133,347
223,112,335
218,162,380
207,177,384
174,178,352
217,156,373
232,465,697
241,459,700
319,372,691
338,342,680
402,234,636
179,224,403
285,165,450
162,167,329
221,191,412
282,210,492
310,183,493
277,182,459
270,161,431
241,177,418
275,252,527
332,192,524
299,211,510
264,222,486
177,244,421
210,250,460
212,254,466
207,271,478
187,272,459
193,263,456
233,207,440
298,140,438
328,159,487
320,169,489
285,145,430
276,193,469
272,197,469
271,200,471
276,178,454
257,179,436
237,162,399
258,173,431
259,204,463
279,176,455
322,182,504
309,184,493
278,166,444
298,164,462
243,182,425
255,172,427
256,180,436
239,156,395
240,159,399
261,164,425
232,201,433
237,189,426
239,173,412
266,175,441
274,223,497
310,172,482
301,158,459
230,159,389
188,156,344
195,145,340
176,149,325
167,135,302
142,197,339
201,194,395
211,179,390
221,147,368
198,178,376
290,130,420
273,106,379
255,174,429
184,205,389
123,203,326
171,214,385
183,232,415
182,244,426
165,242,407
183,221,404
175,223,398
200,204,404
241,153,394
262,179,441
273,149,422
274,163,437
249,214,463
246,202,448
244,209,453
223,260,483
198,300,498
209,297,506
187,289,476
236,290,526
241,280,521
320,197,517
263,204,467
324,200,524
224,201,425
217,200,417
214,187,401
240,202,442
221,193,414
230,174,404
264,137,401
230,201,431
255,215,470
189,231,420
194,202,396
188,157,345
191,148,339
220,164,384
197,158,355
138,149,287
204,136,340
159,170,329
221,162,383
186,146,332
238,152,390
239,161,400
211,188,399
196,215,411
283,182,465
281,176,457
240,162,402
205,219,424
191,220,411
245,212,457
185,176,361
212,132,344
202,155,357
163,194,357
156,308,464
134,351,485
194,362,556
230,328,558
268,288,556
347,160,507
349,179,528
460,157,617
205,228,433
269,228,497
205,224,429
316,173,489
251,143,394
298,133,431
241,180,421
209,191,400
249,170,419
238,158,396
257,181,438
255,190,445
232,195,427
246,206,452
217,191,408
273,165,438
163,180,343
194,215,409
118,183,301
176,171,347
237,170,407
183,195,378
246,215,461
286,303,589
281,302,583
196,295,491
173,302,475
261,255,516
325,213,538
335,209,544
247,204,451
192,192,384
204,148,352
235,127,362
234,119,353
198,169,367
190,162,352
200,168,368
198,152,350
207,123,330
220,117,337
212,161,373
199,186,385
189,187,376
215,165,380
200,152,352
213,148,361
234,156,390
264,125,389
247,148,395
199,186,385
220,191,411
215,204,419
193,200,393
178,182,360
219,159,378
239,140,379
227,222,449
245,201,446
256,189,445
268,151,419
247,151,398
248,133,381
227,162,389
244,164,408
234,159,393
241,145,386
209,139,348
211,222,433
225,211,436
270,166,436
294,138,432
278,224,502
230,223,453
213,232,445
178,242,420
233,288,521
204,284,488
136,294,430
285,217,502
284,222,506
281,225,506
349,160,509
210,141,351
270,168,438
131,181,312
376,286,662
192,337,529
389,197,586
105,315,420
262,219,481
99,208,307
164,179,343
176,143,319
204,104,308
200,204,404
312,181,493
174,193,367
228,196,424
201,223,424
189,237,426
190,244,434
172,234,406
193,256,449
204,232,436
213,195,408
287,161,448
259,148,407
176,159,335
242,186,428
184,195,379
264,169,433
222,159,381
221,155,376
187,153,340
186,153,339
177,153,330
178,152,330
179,146,325
174,154,328
163,169,332
162,168,330
155,180,335
150,192,342
155,217,372
168,227,395
162,253,415
176,257,433
177,246,423
201,269,470
234,272,506
266,239,505
286,210,496
287,178,465
225,202,427
215,208,423
183,236,419
225,183,408
244,189,433
251,207,458
188,225,413
185,250,435
188,273,461
187,277,464
195,249,444
225,233,458
236,219,455
210,223,433
191,222,413
172,234,406
172,237,409
203,227,430
192,219,411
210,209,419
201,199,400
179,193,372
177,187,364
199,176,375
202,169,371
204,194,398
207,212,419
190,224,414
240,179,419
256,151,407
165,116,281
211,105,316
183,169,352
212,126,338
106,203,309
167,193,360
187,191,378
203,166,369
206,156,362
188,144,332
133,157,290
252,170,422
121,156,277
186,414,600
333,325,658
168,342,510
435,288,723
263,283,546
320,274,594
123,523,646
301,354,655
356,536,892
484,284,768
289,258,547
383,210,593
170,206,376
225,220,445
125,196,321
184,191,375
262,183,445
106,207,313
222,224,446
148,445,593
318,358,676
327,328,655
355,274,629
162,234,396
299,146,445
121,139,260
269,207,476
152,201,353
378,212,590
209,162,371
289,136,425
306,195,501
204,160,364
279,163,442
279,214,493
207,238,445
211,273,484
177,301,478
199,309,508
198,314,512
220,324,544
239,343,582
271,327,598
248,345,593
222,345,567
286,302,588
265,342,607
219,345,564
187,291,478
238,282,520
240,244,484
176,224,400
273,184,457
246,216,462
300,238,538
272,223,495
162,1524,1686
215,1567,1782
151,1564,1715
108,1805,1913
1750,249,1999
1801,208,2009
566,388,954
307,392,699
246,375,621
74,252,326
398,656,1054
498,409,907
558,439,997
638,378,1016
259,275,534
527,286,813
284,308,592
511,269,780
111,226,337
153,214,367
571,278,849
295,282,577
465,250,715
227,212,439
293,199,492
135,175,310
211,149,360
247,137,384
105,236,341
210,188,398
157,194,351
218,186,404
190,173,363
180,168,348
276,250,526
132,294,426
285,193,478
139,401,540
712,308,1020
255,319,574
655,211,866
201,157,358
263,140,403
161,138,299
1048,377,1425
910,368,1278
1357,2415,3772
1613,1115,2728
777,1084,1861
1023,1352,2375
1083,434,1517
1166,394,1560
1296,257,1553
154,239,393
207,226,433
151,217,368
327,480,807
140,471,611
194,465,659
469,233,702
215,187,402
474,439,913
191,442,633
569,180,749
128,164,292
208,190,398
174,234,408
263,251,514
253,229,482
230,252,482
177,257,434
124,250,374
187,236,423
151,207,358
228,192,420
272,176,448
254,169,423
245,155,400
242,207,449
116,194,310
175,252,427
235,285,520
172,299,471
190,271,461
250,196,446
260,125,385
283,300,583
389,160,549
215,142,357
404,299,703
199,289,488
257,286,543
208,286,494
190,213,403
284,162,446
304,157,461
188,150,338
278,182,460
156,176,332
229,156,385
276,209,485
266,200,466
262,181,443
211,252,463
262,188,450
259,186,445
179,219,398
174,215,389
156,210,366
229,198,427
169,197,366
226,194,420
176,186,362
169,183,352
171,207,378
286,160,446
131,139,270
196,249,445
184,257,441
241,247,488
160,279,439
183,275,458
190,275,465
206,260,466
230,231,461
208,236,444
225,241,466
199,224,423
192,219,411
207,179,386
240,133,373
245,115,360
208,108,316
168,106,274
159,142,301
165,154,319
184,130,314
221,155,376
219,147,366
209,138,347
192,141,333
177,146,323
178,155,333
176,137,313
165,130,295
179,126,305
181,122,303
178,108,286
175,138,313
169,140,309
182,134,316
187,131,318
178,124,302
195,137,332
198,130,328
220,148,368
226,160,386
190,174,364
174,175,349
161,178,339
177,184,361
163,210,373
173,226,399
159,226,385
164,219,383
165,218,383
180,221,401
170,222,392
195,175,370
223,126,349
239,137,376
239,140,379
209,142,351
201,149,350
206,115,321
209,114,323
206,154,360
180,150,330
184,140,324
224,165,389
210,148,358
227,156,383
219,224,443
190,197,387
283,149,432
241,173,414
154,158,312
181,136,317
174,115,289
173,152,325
180,147,327
182,130,312
181,120,301
154,122,276
166,119,285
173,154,327
185,147,332
202,116,318
178,117,295
183,110,293
175,112,287
171,96,267
159,130,289
152,148,300
159,152,311
157,171,328
153,205,358
168,191,359
176,179,355
179,174,353
163,172,335
168,163,331
179,143,322
152,130,282
171,180,351
165,192,357
164,196,360
168,189,357
177,179,356
196,197,393
195,201,396
176,186,362
105,165,270
184,114,298
208,157,365
209,232,441
235,203,438
258,196,454
270,193,463
239,186,425
263,168,431
272,153,425
255,185,440
226,187,413
239,142,381
242,149,391
265,118,383
188,111,299
216,170,386
212,164,376
235,154,389
212,148,360
154,150,304
162,150,312
152,159,311
142,153,295
152,160,312
152,170,322
154,168,322
147,174,321
144,186,330
152,207,359
154,211,365
158,214,372
162,212,374
169,208,377
173,207,380
159,247,406
159,241,400
157,242,399
182,223,405
232,169,401
235,184,419
178,204,382
176,199,375
164,220,384
159,221,380
163,231,394
181,223,404
187,219,406
205,195,400
212,216,428
214,213,427
194,220,414
171,219,390
164,226,390
167,255,422
180,273,453
199,284,483
192,296,488
199,272,471
221,253,474
249,228,477
258,208,466
227,199,426
224,183,407
227,174,401
274,119,393
260,121,381
235,116,351
160,128,288
156,133,289
152,126,278
156,121,277
162,117,279
175,132,307
188,143,331
176,151,327
165,149,314
184,118,302
195,113,308
199,163,362
185,143,328
182,132,314
172,108,280
150,109,259
162,109,271
156,138,294
160,142,302
164,132,296
161,132,293
134,132,266
179,141,320
195,150,345
203,151,354
185,158,343
165,169,334
169,167,336
169,156,325
161,158,319
181,134,315
224,150,374
233,132,365
237,145,382
205,114,319
192,137,329
196,130,326
157,127,284
168,110,278
154,114,268
171,102,273
165,130,295
172,146,318
147,186,333
157,203,360
197,172,369
228,147,375
243,128,371
192,112,304
182,100,282
174,115,289
165,135,300
169,131,300
163,129,292
146,140,286
133,174,307
160,186,346
175,199,374
212,213,425
206,238,444
202,239,441
220,239,459
230,214,444
228,204,432
191,195,386
182,155,337
218,124,342
237,192,429
251,180,431
266,145,411
252,148,400
195,138,333
185,133,318
172,136,308
171,132,303
179,126,305
194,121,315
181,107,288
166,112,278
155,103,258
161,143,304
165,137,302
158,126,284
149,114,263
168,111,279
172,126,298
169,137,306
159,135,294
179,116,295
184,129,313
189,158,347
212,126,338
198,128,326
191,116,307
143,110,253
157,109,266
152,104,256
153,101,254
150,115,265
150,124,274
151,140,291
174,136,310
184,146,330
217,167,384
201,169,370
253,141,394
231,140,371
232,134,366
160,141,301
156,148,304
149,145,294
147,134,281
162,116,278
174,126,300
181,128,309
166,125,291
161,169,330
215,181,396
215,193,408
202,179,381
179,172,351
195,176,371
185,207,392
184,193,377
182,174,356
182,162,344
210,159,369
224,161,385
229,187,416
219,190,409
191,218,409
207,206,413
208,196,404
233,182,415
227,206,433
217,223,440
198,235,433
182,227,409
182,210,392
217,162,379
211,145,356
224,141,365
188,130,318
192,145,337
193,156,349
195,157,352
233,157,390
247,156,403
240,177,417
207,166,373
199,136,335
193,138,331
199,132,331
198,172,370
219,161,380
197,208,405
207,207,414
164,203,367
181,191,372
172,182,354
155,182,337
173,176,349
177,163,340
190,151,341
199,128,327
199,154,353
202,178,380
201,192,393
200,199,399
187,206,393
182,233,415
167,237,404
209,280,489
189,296,485
88,310,398
121,299,420
223,266,489
297,219,516
321,206,527
288,192,480
231,178,409
254,158,412
163,125,288
217,120,337
194,144,338
153,174,327
218,604,822
674,127,801
663,138,801
630,173,803
200,165,365
222,253,475
213,337,550
190,344,534
200,370,570
345,228,573
278,204,482
254,156,410
215,202,417
285,219,504
136,285,421
190,279,469
192,286,478
156,287,443
296,206,502
295,205,500
225,212,437
88,210,298
142,205,347
204,197,401
142,190,332
383,163,546
83,173,256
136,151,287
212,165,377
255,197,452
251,246,497
231,242,473
222,234,456
376,177,553
122,176,298
186,184,370
163,201,364
228,181,409
102,171,273
159,156,315
367,181,548
127,167,294
186,158,344
138,180,318
202,205,407
242,206,448
199,221,420
193,224,417
172,237,409
120,238,358
162,243,405
141,250,391
192,215,407
234,188,422
272,159,431
256,138,394
226,129,355
209,144,353
206,144,350
206,156,362
226,190,416
213,198,411
231,174,405
224,146,370
241,132,373
224,117,341
170,128,298
199,179,378
220,156,376
220,140,360
211,151,362
154,157,311
164,163,327
156,190,346
146,205,351
136,232,368
146,237,383
153,247,400
189,249,438
215,236,451
231,263,494
216,236,452
144,246,390
182,275,457
187,253,440
188,274,462
238,212,450
220,196,416
224,170,394
203,127,330
208,114,322
167,224,391
207,211,418
267,187,454
260,178,438
162,161,323
201,116,317
196,112,308
155,113,268
167,109,276
172,197,369
211,156,367
227,119,346
202,125,327
140,101,241
173,184,357
237,126,363
225,114,339
236,125,361
175,135,310
178,161,339
154,156,310
190,125,315
212,150,362
231,138,369
203,144,347
199,179,378
226,157,383
230,162,392
200,152,352
191,153,344
208,164,372
199,163,362
188,163,351
180,152,332
171,178,349
152,198,350
172,193,365
182,196,378
195,202,397
204,221,425
172,205,377
161,188,349
209,177,386
192,178,370
212,166,378
240,144,384
257,112,369
223,132,355
178,133,311
178,147,325
163,167,330
191,192,383
185,189,374
184,195,379
196,167,363
184,181,365
177,189,366
121,191,312
132,190,322
161,192,353
182,213,395
204,223,427
201,188,389
216,167,383
210,158,368
193,189,382
210,150,360
235,191,426
258,190,448
248,172,420
209,175,384
172,114,286
225,84,309
199,193,392
162,153,315
164,153,317
212,126,338
167,149,316
163,152,315
131,205,336
203,144,347
222,212,434
230,218,448
210,249,459
211,239,450
238,181,419
253,182,435
218,163,381
203,140,343
149,159,308
165,162,327
149,131,280
157,168,325
155,188,343
137,184,321
172,163,335
190,164,354
189,147,336
201,180,381
230,154,384
207,162,369
196,165,361
208,163,371
217,216,433
247,223,470
213,218,431
207,224,431
213,189,402
159,245,404
225,219,444
167,229,396
197,188,385
217,151,368
235,143,378
179,141,320
151,160,311
146,184,330
135,190,325
171,270,441
181,305,486
188,328,516
229,261,490
295,191,486
301,165,466
257,143,400
211,180,391
261,91,352
239,90,329
220,102,322
120,215,335
197,197,394
226,189,415
242,200,442
162,169,331
206,135,341
168,178,346
169,195,364
189,164,353
240,136,376
256,112,368
182,121,303
171,229,400
156,230,386
196,233,429
197,200,397
202,146,348
217,127,344
152,128,280
117,143,260
125,187,312
118,186,304
122,199,321
143,238,381
164,230,394
165,229,394
163,188,351
196,152,348
152,201,353
105,247,352
117,257,374
125,286,411
179,229,408
253,164,417
291,167,458
195,170,365
175,175,350
150,155,305
157,210,367
140,254,394
116,253,369
112,247,359
178,222,400
209,241,450
215,254,469
127,255,382
191,211,402
218,188,406
197,163,360
196,111,307
194,143,337
205,122,327
190,123,313
194,153,347
153,166,319
158,191,349
160,184,344
205,136,341
196,140,336
184,148,332
133,156,289
146,155,301
152,167,319
149,179,328
173,158,331
209,149,358
262,149,411
243,190,433
214,186,400
217,124,341
203,101,304
206,95,301
160,205,365
140,233,373
221,184,405
249,180,429
239,173,412
180,197,377
274,128,402
233,133,366
176,147,323
125,174,299
119,212,331
132,239,371
130,242,372
134,229,363
204,170,374
217,157,374
228,163,391
174,158,332
177,150,327
194,120,314
215,203,418
245,159,404
245,145,390
246,169,415
215,142,357
224,119,343
187,116,303
129,149,278
125,154,279
124,151,275
163,114,277
171,109,280
125,111,236
129,147,276
124,148,272
136,133,269
159,108,267
157,112,269
123,145,268
120,227,347
139,269,408
197,223,420
248,182,430
227,161,388
202,211,413
126,229,355
134,203,337
168,179,347
196,144,340
181,137,318
137,174,311
138,248,386
141,259,400
248,161,409
268,155,423
252,146,398
179,106,285
181,169,350
189,201,390
211,177,388
185,168,353
206,126,332
204,110,314
166,100,266
169,90,259
158,182,340
143,187,330
216,96,312
231,199,430
197,204,401
234,119,353
221,125,346
193,180,373
130,195,325
217,160,377
266,115,381
270,118,388
176,131,307
149,164,313
184,137,321
221,135,356
170,166,336
228,166,394
204,184,388
214,201,415
194,162,356
223,170,393
199,164,363
240,160,400
210,144,354
208,104,312
191,105,296
197,195,392
196,192,388
204,174,378
235,156,391
160,164,324
144,170,314
119,173,292
120,173,293
127,176,303
132,189,321
130,200,330
132,217,349
125,219,344
157,231,388
166,224,390
169,226,395
168,225,393
177,193,370
175,191,366
191,157,348
160,151,311
161,153,314
125,148,273
124,148,272
120,143,263
127,146,273
128,148,276
128,146,274
133,141,274
134,140,274
127,139,266
131,130,261
129,132,261
133,127,260
130,170,300
128,177,305
128,212,340
135,207,342
170,172,342
212,134,346
183,158,341
170,153,323
150,221,371
205,179,384
258,312,570
317,239,556
288,195,483
322,158,480
162,157,319
221,129,350
182,130,312
188,172,360
194,149,343
215,126,341
205,144,349
171,145,316
149,154,303
165,131,296
230,127,357
220,359,579
194,412,606
163,419,582
180,396,576
368,216,584
361,191,552
369,156,525
185,158,343
170,157,327
142,156,298
129,152,281
128,154,282
120,152,272
126,218,344
121,306,427
129,324,453
171,296,467
198,263,461
292,198,490
391,129,520
349,131,480
232,139,371
146,145,291
154,153,307
148,175,323
145,163,308
170,156,326
181,146,327
185,121,306
179,101,280
177,136,313
168,106,274
170,126,296
178,206,384
197,148,345
212,127,339
224,131,355
140,123,263
176,114,290
179,92,271
160,94,254
151,115,266
117,123,240
132,122,254
147,134,281
173,147,320
184,160,344
177,201,378
181,168,349
167,175,342
222,164,386
228,125,353
209,100,309
201,106,307
143,129,272
134,146,280
138,143,281
174,138,312
162,144,306
137,131,268
177,123,300
181,141,322
200,115,315
203,99,302
195,93,288
142,126,268
148,113,261
155,103,258
159,118,277
143,124,267
162,138,300
160,134,294
171,129,300
168,137,305
149,143,292
138,149,287
132,157,289
136,157,293
136,163,299
144,175,319
139,187,326
149,192,341
157,196,353
158,207,365
150,223,373
149,222,371
155,212,367
174,190,364
196,178,374
235,145,380
266,114,380
241,142,383
205,150,355
166,144,310
172,170,342
216,161,377
218,142,360
196,136,332
136,141,277
147,127,274
146,122,268
140,156,296
137,172,309
169,166,335
199,140,339
206,120,326
180,117,297
156,107,263
151,90,241
158,112,270
155,110,265
149,125,274
164,107,271
166,122,288
172,115,287
158,125,283
160,137,297
172,165,337
210,177,387
214,169,383
231,127,358
197,131,328
203,127,330
193,133,326
186,159,345
182,165,347
157,174,331
182,157,339
198,141,339
217,166,383
234,137,371
217,142,359
201,144,345
164,149,313
189,112,301
186,116,302
175,126,301
135,143,278
131,165,296
127,193,320
137,195,332
142,194,336
157,188,345
157,177,334
186,143,329
223,142,365
236,148,384
216,135,351
162,120,282
140,103,243
143,121,264
148,143,291
147,141,288
160,121,281
160,99,259
160,143,303
152,137,289
158,134,292
142,131,273
131,137,268
130,138,268
139,136,275
130,145,275
139,173,312
136,183,319
127,202,329
136,193,329
149,190,339
149,189,338
160,171,331
151,163,314
154,160,314
132,161,293
131,165,296
112,167,279
128,173,301
127,168,295
131,167,298
124,188,312
121,208,329
124,248,372
116,256,372
162,214,376
185,195,380
225,147,372
201,135,336
173,135,308
136,141,277
121,139,260
126,137,263
125,136,261
126,135,261
121,131,252
114,126,240
126,124,250
122,124,246
128,124,252
102,114,216
131,105,236
115,133,248
122,152,274
122,159,281
135,167,302
176,140,316
170,153,323
148,157,305
142,168,310
123,171,294
129,160,289
129,164,293
128,169,297
153,130,283
171,110,281
183,91,274
160,118,278
158,138,296
155,144,299
155,184,339
174,165,339
177,161,338
160,152,312
129,146,275
162,144,306
207,111,318
214,134,348
174,112,286
170,115,285
169,125,294
151,105,256
157,140,297
170,135,305
158,128,286
195,97,292
176,132,308
176,147,323
156,148,304
161,141,302
160,128,288
177,120,297
191,128,319
201,117,318
174,145,319
152,168,320
124,184,308
128,200,328
130,215,345
148,208,356
167,208,375
128,218,346
162,254,416
168,240,408
173,264,437
195,250,445
207,222,429
236,183,419
223,162,385
206,139,345
177,122,299
167,151,318
198,144,342
224,120,344
212,120,332
202,139,341
175,134,309
189,129,318
170,115,285
179,123,302
189,121,310
157,109,266
180,143,323
168,149,317
177,133,310
172,113,285
167,151,318
188,136,324
189,137,326
189,128,317
150,124,274
164,119,283
139,114,253
156,103,259
161,86,247
162,141,303
150,141,291
162,127,289
165,113,278
170,166,336
171,179,350
182,195,377
160,203,363
105,205,310
146,195,341
161,173,334
164,167,331
170,157,327
157,154,311
170,123,293
165,123,288
169,133,302
148,130,278
150,119,269
135,139,274
115,161,276
120,183,303
135,185,320
148,183,331
138,187,325
127,198,325
131,196,327
143,165,308
210,146,356
200,155,355
161,152,313
149,144,293
185,97,282
202,109,311
175,117,292
160,139,299
153,135,288
148,119,267
154,102,256
157,114,271
159,111,270
154,102,256
152,145,297
173,109,282
182,97,279
172,120,292
136,115,251
153,105,258
152,125,277
157,136,293
160,136,296
150,126,276
162,114,276
162,105,267
160,117,277
180,135,315
200,115,315
209,122,331
194,97,291
168,93,261
148,100,248
107,108,215
118,126,244
124,134,258
110,143,253
120,140,260
131,140,271
135,146,281
133,145,278
141,136,277
144,135,279
145,150,295
140,155,295
116,156,272
137,164,301
147,181,328
145,179,324
155,171,326
191,138,329
214,130,344
237,146,383
221,151,372
213,161,374
183,175,358
173,159,332
188,149,337
199,172,371
227,138,365
246,106,352
221,137,358
201,121,322
192,168,360
216,140,356
186,164,350
166,182,348
115,190,305
121,192,313
128,198,326
150,180,330
154,208,362
168,214,382
164,237,401
169,246,415
171,277,448
167,283,450
202,254,456
233,237,470
226,231,457
203,249,452
194,251,445
201,271,472
204,266,470
195,271,466
219,244,463
233,236,469
244,214,458
194,236,430
171,248,419
181,213,394
192,199,391
190,194,384
166,193,359
152,196,348
153,197,350
151,188,339
164,191,355
159,189,348
175,179,354
165,178,343
173,168,341
135,169,304
121,167,288
117,169,286
125,178,303
145,151,296
159,149,308
169,130,299
164,117,281
160,138,298
174,109,283
177,98,275
166,103,269
133,111,244
132,114,246
132,110,242
123,100,223
138,94,232
139,93,232
139,100,239
135,102,237
121,146,267
153,171,324
144,193,337
187,180,367
225,139,364
235,105,340
252,176,428
238,153,391
217,140,357
208,227,435
172,315,487
182,314,496
188,308,496
249,219,468
273,192,465
221,182,403
180,173,353
166,166,332
161,169,330
157,154,311
154,154,308
136,154,290
141,155,296
119,157,276
140,146,286
156,144,300
159,134,293
147,227,374
146,291,437
132,325,457
301,236,537
329,242,571
421,198,619
313,178,491
310,159,469
222,140,362
241,153,394
230,149,379
175,134,309
177,121,298
154,118,272
154,107,261
146,123,269
162,112,274
165,126,291
174,113,287
155,114,269
168,166,334
184,131,315
181,135,316
166,153,319
111,233,344
305,149,454
331,137,468
349,129,478
182,149,331
190,117,307
204,106,310
203,137,340
175,135,310
169,146,315
163,154,317
144,150,294
142,148,290
146,150,296
138,134,272
147,118,265
153,98,251
143,91,234
143,88,231
133,117,250
134,137,271
142,133,275
152,116,268
168,98,266
158,96,254
145,119,264
144,131,275
150,168,318
138,198,336
131,210,341
159,198,357
170,190,360
180,165,345
216,180,396
244,172,416
231,183,414
215,164,379
201,145,346
227,126,353
226,114,340
192,138,330
158,221,379
172,207,379
189,191,380
186,167,353
144,147,291
186,135,321
168,124,292
158,118,276
145,118,263
145,106,251
140,100,240
140,89,229
122,89,211
128,93,221
123,118,241
124,131,255
134,124,258
138,117,255
129,133,262
127,138,265
126,148,274
120,155,275
122,160,282
124,171,295
127,172,299
130,165,295
134,151,285
144,152,296
126,148,274
122,143,265
127,161,288
131,190,321
117,231,348
125,247,372
144,260,404
186,222,408
213,204,417
204,195,399
189,179,368
196,162,358
191,163,354
169,169,338
130,164,294
176,118,294
191,111,302
200,96,296
166,130,296
159,121,280
154,105,259
162,157,319
160,160,320
215,105,320
208,96,304
176,95,271
135,92,227
137,98,235
140,125,265
137,126,263
159,106,265
160,89,249
149,133,282
149,153,302
149,160,309
147,147,294
167,129,296
170,115,285
173,112,285
158,106,264
159,98,257
152,110,262
151,97,248
158,113,271
152,116,268
146,116,262
141,124,265
140,116,256
136,115,251
140,124,264
129,130,259
145,122,267
148,132,280
150,134,284
139,138,277
146,124,270
156,110,266
154,109,263
154,100,254
148,100,248
147,102,249
155,141,296
161,131,292
170,120,290
169,114,283
152,107,259
158,103,261
149,169,318
157,147,304
184,132,316
177,132,309
140,131,271
138,138,276
138,148,286
134,149,283
125,156,281
123,159,282
119,148,267
133,145,278
160,118,278
188,161,349
219,141,360
232,128,360
255,144,399
217,132,349
198,125,323
197,188,385
196,150,346
208,139,347
201,141,342
142,138,280
145,191,336
178,177,355
179,171,350
178,171,349
153,172,325
150,201,351
163,215,378
166,226,392
162,238,400
179,210,389
182,201,383
220,186,406
221,188,409
245,180,425
219,196,415
221,174,395
200,152,352
207,143,350
182,149,331
170,139,309
158,149,307
156,170,326
149,188,337
168,186,354
185,171,356
202,175,377
186,185,371
156,185,341
146,185,331
143,186,329
142,177,319
140,182,322
161,161,322
161,145,306
185,140,325
158,142,300
138,144,282
135,158,293
150,154,304
153,190,343
172,181,353
179,167,346
173,175,348
162,189,351
137,189,326
134,185,319
143,165,308
149,154,303
154,139,293
160,136,296
154,142,296
149,130,279
170,105,275
174,95,269
173,141,314
157,137,294
165,123,288
170,112,282
171,103,274
158,102,260
159,102,261
155,102,257
144,97,241
147,119,266
153,112,265
158,115,273
153,121,274
148,119,267
148,123,271
147,123,270
150,121,271
152,124,276
149,122,271
146,118,264
143,117,260
149,114,263
151,114,265
168,135,303
176,120,296
183,111,294
172,97,269
157,111,268
167,102,269
163,120,283
163,115,278
152,119,271
148,125,273
142,125,267
145,127,272
144,134,278
141,134,275
142,135,277
140,139,279
141,139,280
147,134,281
153,132,285
151,136,287
157,130,287
159,130,289
159,130,289
157,128,285
153,129,282
156,132,288
148,125,273
151,118,269
148,116,264
157,108,265
157,105,262
160,103,263
157,101,258
159,101,260
159,120,279
154,114,268
160,123,283
163,122,285
175,111,286
183,114,297
187,112,299
162,119,281
154,110,264
132,101,233
132,94,226
135,86,221
140,124,264
147,136,283
141,123,264
139,110,249
131,105,236
133,130,263
156,101,257
179,89,268
172,126,298
147,129,276
152,112,264
154,99,253
155,151,306
167,146,313
168,141,309
157,134,291
140,144,284
143,154,297
141,145,286
149,169,318
153,180,333
190,153,343
208,134,342
198,106,304
208,151,359
170,153,323
180,165,345
177,166,343
163,168,331
183,155,338
177,175,352
163,194,357
155,228,383
156,244,400
173,237,410
175,241,416
189,237,426
183,242,425
196,278,474
169,299,468
191,250,441
196,224,420
239,166,405
240,121,361
242,96,338
186,134,320
152,146,298
150,148,298
136,165,301
124,187,311
143,200,343
137,198,335
140,198,338
150,181,331
179,156,335
172,180,352
148,196,344
126,230,356
126,255,381
153,235,388
171,219,390
214,176,390
210,160,370
217,152,369
211,165,376
236,146,382
221,156,377
209,135,344
175,115,290
181,93,274
166,103,269
155,100,255
147,91,238
141,140,281
156,130,286
157,130,287
182,105,287
179,102,281
183,98,281
146,125,271
147,154,301
158,160,318
157,197,354
175,209,384
182,200,382
252,152,404
245,169,414
328,148,476
152,143,295
193,145,338
139,148,287
142,155,297
162,134,296
151,123,274
146,123,269
130,124,254
126,126,252
127,119,246
130,126,256
126,121,247
125,120,245
158,121,279
179,103,282
180,128,308
181,129,310
202,123,325
207,132,339
222,104,326
207,143,350
212,138,350
210,101,311
207,117,324
178,108,286
150,107,257
149,95,244
132,133,265
159,133,292
162,106,268
167,100,267
161,98,259
136,117,253
137,252,389
140,284,424
131,306,437
145,324,469
213,263,476
174,256,430
184,233,417
206,202,408
211,197,408
193,195,388
147,208,355
144,209,353
149,194,343
159,199,358
164,176,340
160,163,323
201,124,325
210,112,322
212,180,392
198,171,369
194,159,353
181,179,360
141,200,341
160,202,362
203,169,372
199,177,376
205,182,387
168,177,345
161,182,343
159,219,378
184,219,403
199,224,423
246,184,430
246,162,408
242,162,404
200,174,374
182,174,356
196,161,357
202,155,357
234,114,348
219,153,372
218,145,363
241,180,421
236,163,399
241,137,378
212,117,329
172,102,274
164,140,304
161,135,296
162,171,333
152,175,327
126,190,316
148,212,360
284,138,422
294,159,453
324,125,449
218,152,370
217,143,360
192,156,348
175,159,334
147,159,306
137,163,300
145,145,290
136,138,274
150,107,257
171,100,271
174,129,303
183,127,310
159,120,279
134,115,249
154,119,273
150,122,272
166,110,276
157,117,274
137,110,247
138,124,262
137,126,263
150,115,265
162,95,257
169,97,266
171,94,265
131,103,234
123,110,233
118,108,226
144,98,242
152,104,256
139,116,255
140,145,285
138,177,315
144,183,327
158,175,333
159,175,334
157,165,322
136,164,300
130,166,296
130,158,288
124,156,280
131,151,282
129,147,276
117,144,261
122,146,268
124,136,260
124,138,262
129,143,272
124,148,272
131,140,271
129,138,267
128,145,273
122,139,261
121,144,265
129,160,289
129,187,316
143,183,326
149,167,316
136,168,304
131,174,305
127,162,289
136,156,292
152,149,301
138,145,283
120,146,266
125,136,261
121,143,264
126,142,268
119,139,258
112,144,256
123,136,259
113,130,243
118,133,251
121,139,260
122,136,258
151,98,249
170,130,300
174,150,324
164,157,321
155,143,298
167,125,292
147,106,253
159,91,250
160,105,265
158,108,266
171,117,288
180,98,278
170,94,264
162,93,255
133,130,263
144,113,257
153,101,254
155,104,259
138,103,241
134,106,240
129,104,233
111,95,206
143,89,232
134,106,240
140,123,263
138,155,293
142,159,301
144,152,296
148,142,290
151,134,285
169,116,285
166,105,271
171,106,277
151,106,257
143,115,258
128,119,247
128,143,271
147,143,290
137,151,288
167,160,327
164,164,328
168,165,333
201,142,343
219,186,405
262,143,405
254,116,370
241,156,397
195,131,326
191,112,303
202,141,343
189,140,329
213,152,365
237,153,390
238,129,367
215,143,358
165,137,302
140,117,257
155,99,254
148,103,251
140,95,235
130,93,223
143,150,293
184,113,297
194,119,313
219,116,335
206,116,322
193,108,301
173,94,267
182,118,300
152,116,268
165,104,269
165,100,265
157,106,263
153,107,260
137,112,249
138,111,249
142,101,243
139,101,240
123,102,225
126,113,239
108,111,219
135,114,249
138,112,250
122,114,236
123,110,233
110,120,230
152,121,273
189,132,321
215,121,336
194,141,335
200,117,317
187,92,279
181,127,308
146,124,270
151,106,257
160,115,275
141,119,260
162,110,272
150,182,332
177,162,339
189,140,329
170,147,317
113,154,267
128,155,283
113,144,257
143,150,293
131,151,282
120,164,284
132,185,317
126,194,320
131,199,330
129,198,327
160,173,333
168,154,322
160,155,315
143,157,300
120,158,278
119,169,288
122,164,286
134,162,296
120,169,289
131,180,311
125,181,306
127,177,304
131,171,302
145,147,292
125,190,315
146,204,350
121,237,358
133,237,370
156,227,383
175,239,414
187,218,405
173,237,410
186,237,423
164,238,402
157,227,384
196,158,354
214,134,348
212,113,325
164,101,265
155,86,241
145,116,261
149,116,265
145,119,264
150,106,256
138,108,246
153,100,253
143,110,253
139,118,257
131,114,245
138,110,248
136,115,251
135,112,247
129,119,248
125,124,249
127,126,253
137,118,255
164,96,260
159,116,275
175,152,327
171,154,325
183,147,330
152,143,295
121,147,268
129,137,266
133,131,264
147,115,262
127,127,254
127,122,249
127,110,237
135,94,229
133,92,225
142,138,280
161,115,276
181,102,283
191,122,313
169,165,334
218,115,333
225,102,327
216,152,368
172,158,330
165,152,317
209,128,337
204,117,321
231,149,380
200,130,330
210,141,351
211,133,344
214,119,333
208,133,341
191,154,345
174,151,325
178,139,317
207,175,382
219,157,376
244,142,386
234,164,398
188,165,353
182,175,357
201,150,351
205,122,327
210,123,333
185,121,306
171,118,289
172,117,289
176,146,322
177,153,330
179,150,329
184,149,333
213,167,380
231,152,383
216,139,355
193,132,325
145,138,283
144,144,288
130,172,302
130,191,321
123,192,315
123,199,322
140,179,319
152,172,324
150,167,317
151,136,287
184,166,350
215,156,371
209,143,352
173,136,309
141,133,274
147,129,276
144,126,270
134,109,243
136,118,254
130,124,254
122,129,251
124,125,249
128,127,255
126,125,251
129,128,257
124,124,248
128,122,250
132,117,249
137,110,247
151,135,286
157,100,257
182,85,267
181,104,285
153,141,294
176,125,301
165,126,291
152,124,276
127,120,247
121,123,244
139,114,253
137,112,249
132,115,247
155,117,272
171,119,290
177,119,296
157,115,272
152,107,259
151,105,256
134,111,245
102,104,206
140,103,243
143,93,236
144,114,258
141,119,260
139,111,250
138,104,242
143,94,237
160,108,268
153,115,268
159,136,295
144,159,303
147,182,329
137,208,345
147,212,359
151,205,356
144,203,347
163,189,352
145,182,327
158,174,332
141,156,297
161,133,294
174,113,287
169,96,265
163,119,282
162,110,272
157,98,255
156,143,299
160,127,287
159,115,274
149,102,251
129,114,243
153,111,264
155,145,300
181,127,308
181,123,304
170,130,300
147,119,266
154,103,257
165,115,280
163,151,314
184,140,324
176,147,323
163,165,328
138,164,302
136,168,304
140,198,338
118,213,331
117,223,340
117,225,342
183,199,382
186,329,515
219,385,604
180,380,560
271,282,553
298,254,552
326,199,525
246,183,429
215,188,403
190,155,345
192,133,325
215,132,347
204,121,325
209,148,357
210,135,345
179,136,315
191,153,344
154,158,312
170,168,338
167,177,344
151,186,337
158,193,351
135,192,327
132,200,332
159,165,324
195,136,331
200,136,336
158,139,297
137,136,273
135,138,273
138,135,273
139,128,267
148,116,264
145,115,260
140,113,253
125,122,247
129,118,247
128,117,245
127,120,247
125,119,244
123,118,241
124,119,243
128,112,240
127,114,241
133,107,240
130,111,241
149,93,242
148,96,244
155,87,242
134,88,222
134,113,247
133,113,246
135,109,244
128,109,237
124,108,232
124,105,229
124,106,230
129,101,230
134,96,230
135,94,229
131,97,228
128,95,223
131,92,223
134,119,253
141,109,250
136,105,241
140,100,240
135,94,229
135,172,307
210,198,408
289,146,435
323,121,444
263,160,423
198,165,363
184,172,356
160,181,341
130,179,309
135,178,313
134,210,344
129,221,350
135,226,361
147,246,393
197,224,421
238,233,471
251,214,465
259,143,402
275,127,402
256,165,421
203,166,369
190,143,333
197,138,335
215,120,335
208,95,303
192,194,386
180,181,361
158,178,336
143,175,318
157,116,273
207,128,335
217,118,335
181,93,274
161,160,321
164,154,318
157,162,319
147,151,298
123,125,248
173,109,282
173,105,278
159,102,261
153,108,261
154,95,249
145,119,264
152,138,290
147,132,279
139,120,259
142,97,239
158,133,291
163,136,299
156,145,301
143,141,284
134,130,264
147,116,263
140,101,241
163,125,288
149,122,271
171,103,274
153,126,279
164,125,289
151,111,262
148,113,261
153,107,260
148,101,249
151,103,254
154,104,258
136,112,248
140,113,253
142,127,269
153,126,279
160,127,287
159,115,274
163,99,262
175,125,300
170,137,307
176,138,314
186,151,337
192,146,338
227,136,363
228,141,369
228,153,381
221,139,360
217,120,337
201,134,335
202,151,353
209,150,359
202,160,362
183,144,327
181,137,318
196,132,328
183,132,315
171,133,304
159,156,315
169,161,330
171,143,314
172,131,303
190,122,312
196,128,324
208,113,321
183,129,312
216,162,378
205,170,375
212,172,384
210,137,347
179,127,306
213,114,327
181,122,303
173,124,297
178,90,268
179,94,273
165,115,280
138,115,253
148,116,264
155,105,260
150,127,277
169,138,307
183,129,312
187,123,310
175,113,288
154,165,319
183,135,318
194,117,311
178,115,293
158,121,279
138,118,256
164,111,275
153,98,251
147,160,307
162,172,334
157,161,318
150,158,308
119,152,271
145,144,289
146,148,294
153,147,300
156,132,288
186,106,292
179,99,278
169,119,288
144,114,258
147,114,261
161,97,258
147,112,259
158,105,263
139,106,245
132,125,257
125,125,250
129,126,255
140,111,251
124,115,239
139,119,258
130,108,238
138,122,260
106,133,239
124,146,270
129,170,299
132,178,310
128,170,298
141,154,295
141,167,308
132,176,308
123,181,304
127,209,336
127,235,362
147,239,386
147,238,385
184,188,372
194,159,353
209,154,363
170,144,314
161,131,292
156,114,270
147,109,256
148,104,252
145,90,235
139,85,224
145,108,253
134,111,245
142,105,247
151,97,248
152,112,264
146,109,255
149,107,256
144,97,241
134,83,217
129,120,249
133,129,262
137,131,268
140,128,268
125,132,257
129,144,273
130,151,281
135,148,283
152,138,290
161,129,290
160,126,286
143,146,289
141,137,278
139,127,266
144,116,260
153,113,266
142,109,251
151,142,293
173,121,294
203,163,366
235,172,407
201,173,374
198,185,383
152,213,365
157,217,374
162,188,350
178,185,363
179,183,362
181,186,367
162,189,351
173,184,357
181,167,348
185,175,360
189,177,366
173,194,367
160,216,376
160,214,374
180,217,397
228,168,396
216,187,403
192,207,399
142,233,375
148,228,376
163,206,369
174,199,373
185,163,348
166,159,325
162,164,326
121,163,284
115,160,275
122,155,277
136,146,282
138,154,292
133,149,282
121,143,264
132,145,277
129,148,277
118,155,273
124,147,271
119,151,270
127,156,283
131,153,284
135,147,282
153,120,273
166,104,270
173,120,293
185,102,287
175,89,264
170,107,277
163,96,259
155,100,255
155,128,283
158,109,267
187,102,289
173,109,282
175,117,292
156,124,280
173,110,283
157,106,263
158,92,250
152,113,265
158,102,260
145,96,241
151,135,286
151,135,286
174,110,284
165,106,271
158,96,254
143,92,235
145,112,257
146,100,246
155,119,274
163,120,283
175,92,267
174,103,277
162,112,274
144,99,243
146,101,247
152,117,269
160,112,272
183,118,301
197,90,287
178,105,283
151,89,240
144,94,238
137,84,221
127,115,242
132,107,239
132,102,234
138,98,236
132,115,247
158,88,246
157,148,305
162,138,300
133,118,251
147,113,260
145,96,241
150,144,294
157,143,300
137,141,278
145,122,267
140,97,237
168,92,260
156,116,272
145,106,251
148,89,237
149,100,249
142,98,240
136,96,232
133,104,237
141,96,237
148,107,255
146,117,263
167,98,265
164,95,259
167,122,289
156,108,264
156,98,254
149,138,287
155,120,275
170,114,284
168,134,302
163,109,272
165,112,277
148,111,259
130,121,251
129,121,250
126,120,246
126,124,250
121,119,240
120,116,236
118,121,239
117,132,249
126,140,266
121,146,267
120,147,267
126,162,288
100,167,267
139,156,295
139,199,338
145,215,360
121,231,352
127,248,375
178,214,392
187,226,413
206,247,453
159,248,407
166,252,418
191,221,412
216,193,409
222,195,417
206,191,397
189,176,365
212,153,365
204,145,349
189,150,339
181,142,323
214,105,319
207,138,345
199,170,369
176,158,334
203,139,342
230,144,374
230,159,389
215,142,357
182,135,317
178,119,297
159,129,288
148,124,272
128,125,253
133,131,264
127,134,261
116,135,251
131,143,274
124,301,425
127,311,438
126,314,440
199,262,461
276,185,461
271,185,456
187,183,370
195,157,352
207,152,359
195,155,350
177,160,337
174,161,335
173,170,343
188,173,361
195,174,369
207,164,371
187,146,333
199,101,300
191,86,277
191,101,292
156,89,245
152,138,290
164,120,284
177,113,290
178,107,285
175,85,260
158,81,239
145,81,226
129,116,245
124,124,248
119,130,249
133,130,263
135,113,248
112,108,220
122,105,227
120,131,251
121,151,272
127,147,274
142,148,290
138,146,284
125,145,270
125,145,270
119,143,262
122,141,263
112,142,254
120,146,266
120,148,268
120,142,262
118,131,249
126,129,255
109,133,242
124,141,265
123,138,261
143,117,260
143,107,250
152,98,250
135,93,228
143,82,225
127,77,204
127,90,217
121,108,229
129,105,234
131,110,241
134,111,245
131,120,251
122,121,243
127,123,250
130,123,253
126,140,266
126,159,285
140,137,277
153,216,369
288,256,544
435,91,526
420,108,528
312,95,407
145,80,225
135,107,242
133,109,242
129,100,229
138,107,245
141,103,244
150,99,249
151,100,251
162,109,271
161,157,318
193,126,319
206,101,307
175,93,268
131,83,214
104,84,188
127,83,210
124,84,208
113,100,213
129,92,221
121,94,215
120,92,212
121,102,223
137,112,249
143,118,261
145,136,281
142,145,287
144,143,287
132,152,284
122,154,276
132,198,330
128,206,334
125,219,344
126,223,349
162,178,340
192,163,355
220,151,371
188,172,360
192,160,352
191,155,346
196,160,356
180,157,337
165,153,318
193,164,357
226,146,372
223,147,370
200,180,380
156,193,349
150,209,359
144,206,350
185,176,361
215,150,365
217,145,362
201,151,352
177,135,312
183,116,299
172,114,286
162,103,265
160,96,256
166,129,295
169,125,294
167,111,278
160,98,258
146,118,264
155,107,262
158,105,263
152,98,250
144,118,262
162,99,261
168,108,276
161,99,260
151,118,269
151,100,251
155,91,246
159,111,270
157,100,257
155,118,273
153,98,251
155,107,262
156,100,256
150,113,263
156,107,263
163,89,252
165,108,273
162,94,256
153,104,257
163,110,273
163,98,261
161,117,278
146,101,247
157,105,262
159,94,253
153,118,271
158,104,262
159,132,291
173,111,284
169,119,288
178,137,315
177,121,298
179,142,321
183,141,324
163,132,295
169,123,292
176,106,282
173,103,276
172,128,300
160,125,285
152,120,272
147,118,265
164,100,264
175,104,279
182,111,293
180,113,293
177,112,289
180,95,275
175,118,293
160,103,263
158,113,271
163,101,264
159,111,270
160,109,269
154,105,259
150,103,253
148,103,251
150,101,251
152,118,270
153,112,265
155,112,267
158,121,279
167,126,293
190,91,281
186,115,301
173,114,287
162,109,271
155,101,256
146,90,236
148,181,329
154,161,315
182,138,320
183,115,298
111,100,211
148,119,267
165,94,259
166,96,262
155,86,241
142,98,240
131,117,248
135,127,262
141,123,264
148,122,270
153,143,296
153,156,309
169,133,302
170,130,300
165,140,305
140,176,316
133,187,320
130,192,322
136,194,330
137,194,331
128,198,326
147,186,333
171,177,348
156,189,345
142,183,325
126,179,305
148,154,302
155,151,306
159,146,305
145,145,290
138,143,281
153,155,308
145,153,298
149,142,291
159,121,280
169,106,275
164,95,259
159,107,266
145,152,297
161,178,339
171,193,364
183,196,379
213,160,373
220,152,372
206,182,388
185,178,363
187,187,374
211,166,377
232,137,369
229,155,384
215,148,363
226,161,387
228,135,363
215,134,349
215,103,318
186,108,294
176,105,281
154,125,279
160,145,305
189,112,301
208,147,355
203,137,340
186,129,315
155,130,285
116,165,281
127,177,304
132,181,313
126,182,308
136,180,316
139,175,314
123,181,304
146,159,305
161,154,315
169,147,316
151,154,305
140,159,299
146,159,305
152,165,317
167,152,319
167,127,294
167,114,281
165,106,271
145,103,248
149,91,240
149,112,261
144,100,244
141,94,235
142,121,263
134,126,260
149,124,273
157,118,275
165,133,298
159,142,301
159,151,310
164,152,316
162,153,315
147,165,312
149,175,324
147,177,324
185,153,338
199,148,347
206,155,361
189,168,357
197,148,345
189,133,322
193,118,311
168,92,260
162,89,251
156,123,279
126,138,264
136,124,260
140,135,275
148,138,286
132,147,279
138,158,296
124,166,290
124,172,296
125,168,293
123,163,286
133,154,287
158,145,303
164,134,298
173,115,288
158,101,259
172,121,293
192,119,311
179,124,303
175,117,292
134,104,238
149,86,235
152,125,277
160,118,278
163,94,257
159,119,278
151,116,267
133,129,262
136,134,270
130,130,260
148,117,265
153,117,270
137,113,250
141,108,249
136,108,244
140,105,245
134,105,239
139,101,240
129,101,230
128,103,231
137,105,242
140,102,242
141,95,236
146,98,244
140,112,252
155,97,252
157,95,252
155,90,245
147,105,252
143,103,246
133,120,253
164,130,294
184,134,318
182,139,321
172,143,315
139,153,292
134,158,292
125,163,288
124,167,291
120,178,298
121,191,312
130,206,336
132,235,367
151,228,379
147,234,381
169,219,388
229,158,387
232,154,386
241,120,361
183,115,298
191,117,308
155,117,272
159,157,316
192,125,317
225,176,401
254,155,409
232,136,368
208,141,349
163,140,303
174,135,309
191,125,316
194,121,315
212,151,363
191,159,350
183,179,362
171,167,338
161,154,315
183,145,328
182,141,323
167,155,322
170,135,305
163,128,291
166,115,281
148,107,255
141,114,255
124,119,243
123,125,248
126,129,255
121,142,263
134,138,272
143,118,261
144,111,255
147,120,267
126,132,258
126,133,259
123,136,259
123,135,258
122,139,261
125,144,269
125,148,273
114,150,264
128,157,285
122,163,285
132,185,317
130,198,328
130,197,327
133,199,332
169,187,356
198,295,493
206,314,520
172,320,492
208,247,455
270,201,471
274,177,451
180,156,336
176,146,322
164,135,299
150,118,268
143,111,254
141,107,248
139,103,242
150,119,269
154,118,272
147,105,252
156,102,258
147,100,247
134,139,273
156,154,310
151,151,302
144,157,301
135,159,294
142,143,285
140,147,287
153,149,302
148,133,281
153,113,266
149,109,258
155,96,251
145,124,269
149,114,263
145,112,257
170,121,291
170,116,286
172,105,277
158,130,288
157,126,283
164,133,297
158,129,287
148,120,268
173,129,302
179,138,317
172,139,311
137,140,277
128,127,255
140,138,278
138,150,288
125,154,279
122,154,276
130,143,273
136,136,272
140,144,284
121,142,263
122,145,267
121,141,262
125,148,273
129,144,273
127,148,275
152,124,276
186,98,284
187,85,272
177,117,294
125,114,239
142,104,246
143,89,232
151,121,272
146,112,258
143,106,249
141,98,239
144,101,245
146,103,249
150,106,256
143,95,238
154,123,277
151,139,290
156,112,268
163,97,260
160,100,260
135,98,233
147,91,238
145,118,263
142,126,268
144,125,269
143,115,258
142,101,243
151,98,249
152,100,252
157,149,306
175,258,433
337,113,450
329,129,458
314,164,478
199,169,368
240,164,404
264,143,407
252,124,376
220,164,384
187,141,328
159,130,289
165,117,282
156,113,269
170,111,281
168,111,279
155,139,294
187,167,354
204,173,377
235,155,390
217,150,367
172,146,318
154,132,286
162,131,293
177,112,289
182,115,297
171,122,293
132,120,252
119,117,236
119,132,251
119,144,263
117,151,268
133,145,278
147,144,291
148,147,295
146,157,303
141,174,315
146,191,337
131,195,326
128,183,311
141,170,311
158,158,316
162,140,302
162,135,297
143,134,277
125,157,282
124,176,300
121,183,304
131,183,314
147,176,323
156,178,334
151,176,327
139,175,314
130,190,320
132,179,311
152,156,308
175,137,312
174,111,285
161,111,272
153,121,274
152,112,264
167,116,283
158,112,270
166,111,277
147,100,247
149,77,226
152,131,283
123,139,262
125,145,270
121,145,266
127,167,294
127,182,309
124,182,306
136,173,309
133,214,347
189,167,356
210,160,370
224,177,401
169,180,349
143,178,321
150,162,312
158,158,316
167,151,318
160,131,291
161,119,280
177,121,298
180,158,338
208,169,377
221,139,360
258,123,381
229,117,346
197,107,304
142,101,243
138,130,268
145,130,275
169,100,269
175,129,304
170,128,298
145,121,266
147,125,272
149,118,267
162,109,271
174,113,287
179,182,361
189,144,333
198,122,320
194,110,304
154,113,267
154,109,263
160,150,310
198,100,298
201,130,331
213,104,317
172,102,274
154,151,305
161,134,295
173,127,300
173,116,289
143,129,272
146,131,277
120,130,250
142,116,258
153,105,258
149,117,266
129,120,249
121,129,250
114,133,247
124,133,257
129,139,268
136,144,280
143,136,279
134,144,278
134,154,288
115,203,318
109,209,318
132,216,348
130,231,361
165,209,374
169,223,392
179,235,414
166,248,414
172,288,460
185,279,464
188,305,493
205,288,493
231,250,481
275,223,498
241,227,468
209,226,435
192,210,402
209,172,381
223,146,369
227,129,356
208,166,374
219,163,382
226,121,347
225,102,327
195,140,335
188,112,300
186,100,286
177,115,292
147,120,267
151,119,270
150,109,259
165,106,271
169,92,261
169,114,283
161,113,274
149,149,298
172,121,293
175,120,295
169,130,299
128,156,284
127,176,303
126,199,325
135,201,336
135,209,344
138,216,354
173,172,345
177,172,349
171,175,346
128,181,309
139,168,307
151,162,313
155,167,322
135,174,309
131,178,309
133,175,308
124,187,311
128,226,354
165,213,378
162,207,369
159,207,366
183,168,351
199,141,340
204,134,338
192,104,296
155,108,263
151,116,267
130,117,247
142,106,248
141,92,233
147,82,229
130,81,211
134,104,238
107,93,200
127,83,210
134,141,275
122,166,288
130,160,290
133,153,286
117,144,261
136,131,267
137,114,251
147,105,252
154,92,246
151,116,267
150,109,259
161,101,262
150,98,248
140,89,229
151,156,307
136,187,323
134,221,355
128,213,341
100,192,292
128,176,304
181,136,317
184,112,296
172,135,307
186,111,297
176,98,274
160,102,262
157,88,245
159,109,268
152,110,262
149,119,268
138,120,258
143,111,254
167,99,266
145,104,249
142,106,248
132,101,233
137,100,237
138,104,242
133,103,236
138,103,241
140,118,258
146,117,263
142,121,263
137,107,244
140,103,243
139,96,235
148,96,244
134,123,257
165,93,258
164,103,267
156,117,273
121,117,238
149,107,256
150,104,254
149,95,244
146,113,259
159,105,264
152,109,261
149,115,264
157,124,281
144,128,272
143,120,263
130,123,253
131,121,252
128,121,249
128,119,247
130,120,250
127,117,244
130,116,246
127,120,247
129,120,249
126,118,244
127,123,250
125,129,254
128,140,268
130,158,288
132,167,299
135,191,326
139,199,338
146,227,373
142,245,387
158,237,395
165,236,401
211,227,438
228,209,437
252,181,433
249,159,408
240,144,384
237,146,383
226,152,378
242,138,380
231,161,392
238,148,386
225,163,388
212,177,389
179,177,356
201,161,362
234,164,398
269,134,403
252,119,371
214,148,362
213,130,343
200,138,338
182,150,332
149,151,300
146,183,329
161,172,333
173,176,349
200,165,365
211,152,363
228,182,410
243,186,429
251,186,437
300,145,445
291,107,398
247,122,369
151,117,268
180,151,331
190,149,339
196,147,343
204,138,342
202,155,357
214,148,362
208,141,349
192,141,333
218,107,325
202,116,318
207,137,344
185,111,296
181,120,301
168,121,289
135,188,323
191,180,371
202,202,404
194,212,406
188,174,362
216,150,366
203,157,360
197,148,345
206,151,357
260,142,402
252,368,620
247,360,607
233,357,590
236,324,560
302,265,567
308,267,575
318,244,562
263,226,489
262,189,451
226,161,387
233,135,368
182,121,303
208,152,360
197,157,354
216,172,388
228,147,375
248,158,406
249,134,383
232,163,395
238,144,382
245,157,402
244,148,392
212,142,354
190,133,323
193,149,342
230,110,340
251,190,441
284,124,408
273,142,415
264,176,440
179,174,353
157,162,319
149,147,296
153,132,285
150,123,273
156,110,266
160,99,259
151,118,269
143,137,280
151,151,302
148,155,303
141,178,319
150,162,312
171,163,334
196,164,360
193,162,355
179,155,334
166,150,316
166,162,328
165,163,328
168,151,319
168,144,312
161,152,313
160,157,317
179,139,318
201,150,351
229,144,373
206,146,352
212,187,399
214,159,373
238,153,391
219,154,373
182,154,336
186,141,327
184,174,358
234,124,358
241,142,383
244,147,391
199,150,349
199,139,338
195,115,310
187,108,295
171,162,333
177,141,318
196,113,309
194,90,284
159,144,303
159,187,346
158,199,357
155,200,355
135,202,337
141,206,347
143,178,321
208,131,339
239,152,391
237,151,388
205,133,338
175,118,293
172,92,264
173,126,299
179,129,308
174,120,294
169,151,320
188,138,326
169,149,318
194,142,336
159,146,305
159,155,314
157,170,327
159,192,351
162,197,359
158,202,360
142,207,349
146,205,351
165,176,341
192,147,339
197,156,353
171,157,328
155,143,298
152,159,311
150,185,335
139,207,346
151,229,380
174,217,391
217,259,476
343,150,493
334,149,483
237,151,388
162,138,300
183,122,305
178,133,311
180,129,309
167,119,286
179,106,285
162,150,312
170,167,337
177,152,329
187,154,341
169,166,335
139,166,305
136,169,305
137,193,330
134,208,342
142,202,344
141,210,351
168,209,377
187,191,378
193,189,382
196,162,358
212,114,326
220,114,334
211,110,321
181,144,325
177,168,345
181,176,357
185,169,354
179,158,337
179,146,325
170,130,300
171,151,322
196,128,324
194,121,315
195,104,299
161,100,261
164,126,290
164,206,370
198,191,389
228,157,385
223,177,400
188,192,380
159,214,373
166,216,382
205,194,399
215,192,407
209,174,383
181,189,370
172,195,367
203,155,358
224,112,336
245,148,393
223,153,376
201,157,358
193,147,340
182,124,306
189,109,298
190,160,350
167,185,352
199,151,350
222,173,395
242,206,448
287,197,484
267,186,453
230,156,386
212,154,366
231,142,373
247,115,362
216,162,378
211,138,349
220,106,326
208,200,408
210,177,387
198,175,373
197,185,382
134,191,325
151,182,333
152,185,337
155,190,345
169,166,335
193,143,336
189,148,337
181,143,324
153,143,296
159,150,309
155,176,331
149,186,335
156,179,335
154,180,334
166,169,335
163,169,332
181,179,360
173,185,358
169,180,349
158,175,333
158,169,327
149,167,316
155,162,317
154,176,330
158,173,331
186,132,318
193,108,301
201,122,323
181,171,352
169,174,343
233,114,347
224,137,361
223,142,365
156,144,300
161,141,302
165,138,303
157,133,290
151,133,284
159,119,278
170,110,280
168,100,268
166,115,281
152,120,272
144,121,265
144,148,292
150,158,308
151,168,319
160,169,329
160,182,342
167,183,350
170,176,346
196,147,343
206,177,383
228,168,396
241,155,396
246,165,411
217,150,367
245,179,424
256,133,389
237,116,353
227,151,378
211,136,347
196,128,324
185,162,347
147,156,303
204,100,304
196,132,328
196,138,334
168,131,299
187,131,318
157,132,289
158,133,291
154,132,286
175,112,287
187,127,314
185,124,309
178,106,284
169,168,337
184,174,358
197,165,362
208,160,368
183,155,338
202,135,337
170,129,299
162,142,304
151,158,309
144,160,304
147,157,304
136,162,298
141,187,328
146,192,338
154,181,335
141,181,322
146,180,326
153,194,347
165,184,349
163,191,354
152,203,355
141,251,392
146,249,395
166,230,396
218,173,391
246,151,397
252,148,400
207,148,355
225,198,423
277,164,441
301,126,427
300,181,481
236,166,402
237,212,449
268,190,458
282,147,429
298,144,442
245,159,404
249,160,409
221,159,380
218,166,384
238,140,378
229,130,359
222,125,347
189,156,345
172,232,404
172,280,452
197,288,485
305,184,489
359,120,479
310,115,425
225,114,339
160,117,277
144,124,268
142,128,270
141,152,293
136,157,293
147,158,305
153,153,306
148,162,310
147,158,305
158,148,306
174,148,322
180,156,336
169,183,352
163,207,370
171,224,395
179,237,416
192,245,437
195,242,437
202,252,454
211,247,458
214,231,445
213,221,434
204,207,411
168,200,368
164,189,353
166,178,344
195,155,350
192,162,354
224,155,379
213,144,357
226,127,353
190,114,304
176,159,335
179,163,342
190,158,348
204,148,352
222,122,344
209,114,323
189,133,322
174,109,283
183,131,314
183,178,361
153,198,351
178,172,350
174,180,354
184,179,363
140,172,312
134,182,316
152,165,317
182,138,320
187,143,330
172,135,307
147,131,278
143,126,269
143,130,273
143,135,278
136,143,279
128,147,275
136,136,272
136,144,280
148,132,280
136,136,272
181,126,307
189,141,330
210,176,386
198,173,371
186,163,349
195,145,340
170,149,319
176,128,304
165,119,284
165,117,282
156,107,263
147,129,276
147,149,296
150,148,298
151,155,306
153,150,303
179,133,312
185,130,315
181,118,299
163,123,286
160,182,342
153,183,336
177,169,346
211,182,393
276,157,433
261,168,429
213,178,391
181,191,372
195,220,415
188,264,452
184,266,450
201,261,462
222,242,464
215,214,429
239,202,441
225,142,367
236,133,369
236,125,361
192,143,335
192,150,342
203,157,360
220,150,370
209,147,356
184,146,330
162,146,308
171,146,317
173,152,325
163,158,321
157,160,317
144,166,310
148,183,331
166,176,342
172,167,339
191,168,359
181,171,352
170,173,343
162,161,323
191,168,359
190,348,538
180,362,542
150,366,516
206,305,511
324,202,526
285,204,489
188,198,386
191,213,404
188,226,414
165,220,385
149,244,393
196,183,379
212,151,363
269,126,395
224,123,347
193,108,301
154,98,252
145,89,234
142,112,254
144,102,246
159,138,297
164,127,291
168,105,273
171,89,260
145,171,316
167,170,337
229,120,349
243,105,348
182,218,400
240,178,418
217,154,371
228,149,377
127,163,290
155,163,318
145,204,349
150,212,362
149,197,346
209,146,355
243,118,361
244,178,422
249,139,388
198,125,323
168,123,291
135,136,271
171,119,290
191,145,336
202,130,332
181,148,329
199,146,345
238,144,382
255,134,389
237,113,350
199,147,346
174,158,332
182,172,354
174,169,343
184,177,361
208,170,378
205,166,371
189,165,354
192,156,348
200,145,345
177,138,315
120,138,258
173,146,319
171,146,317
117,148,265
157,160,317
160,176,336
149,190,339
153,203,356
152,216,368
154,226,380
143,241,384
159,261,420
178,257,435
210,240,450
219,258,477
207,296,503
183,317,500
242,265,507
272,244,516
299,230,529
238,242,480
234,233,467
241,219,460
257,210,467
255,212,467
258,237,495
269,230,499
226,232,458
244,221,465
214,195,409
235,171,406
285,166,451
285,159,444
301,166,467
171,152,323
201,141,342
212,130,342
160,119,279
183,148,331
194,162,356
203,156,359
191,163,354
161,187,348
150,201,351
150,211,361
169,210,379
190,201,391
209,190,399
216,176,392
217,151,368
233,138,371
230,120,350
227,116,343
209,97,306
176,100,276
166,111,277
136,121,257
137,133,270
130,171,301
135,177,312
149,185,334
175,165,340
177,189,366
145,210,355
140,207,347
136,208,344
159,176,335
163,164,327
176,202,378
196,163,359
188,163,351
219,123,342
173,128,301
154,140,294
135,144,279
137,157,294
157,297,454
300,153,453
326,162,488
309,170,479
126,166,292
139,174,313
156,156,312
151,180,331
151,198,349
151,201,352
165,194,359
166,195,361
160,191,351
142,204,346
147,198,345
164,179,343
167,167,334
157,202,359
150,209,359
182,172,354
238,118,356
235,116,351
160,114,274
140,122,262
131,125,256
130,126,256
130,122,252
134,124,258
140,109,249
137,136,273
144,162,306
129,254,383
221,171,392
252,146,398
239,136,375
154,160,314
118,184,302
119,187,306
129,197,326
128,245,373
148,310,458
152,345,497
135,342,477
219,277,496
302,188,490
278,172,450
246,127,373
149,149,298
181,141,322
133,135,268
174,107,281
159,124,283
118,168,286
164,149,313
178,150,328
170,111,281
172,105,277
134,138,272
125,148,273
121,146,267
165,101,266
172,102,274
127,109,236
124,154,278
122,163,285
129,159,288
173,127,300
185,139,324
185,118,303
193,146,339
210,147,357
206,200,406
229,218,447
249,190,439
271,138,409
225,113,338
234,168,402
207,182,389
251,148,399
249,140,389
187,136,323
149,147,296
147,149,296
149,158,307
159,159,318
192,122,314
196,170,366
232,130,362
214,113,327
212,137,349
172,151,323
201,127,328
198,174,372
196,219,415
157,215,372
244,121,365
253,138,391
234,127,361
193,138,331
216,150,366
213,123,336
208,106,314
182,94,276
156,199,355
159,189,348
183,163,346
219,245,464
250,194,444
278,147,425
268,171,439
208,157,365
210,167,377
208,210,418
189,231,420
176,173,349
247,249,496
327,185,512
290,186,476
273,150,423
177,118,295
215,88,303
167,83,250
110,81,191
120,142,262
121,153,274
118,207,325
159,202,361
174,192,366
198,149,347
202,193,395
192,198,390
193,161,354
241,113,354
235,159,394
204,170,374
212,159,371
217,151,368
205,157,362
210,122,332
208,127,335
188,159,347
192,219,411
210,214,424
302,240,542
274,237,511
328,176,504
259,125,384
189,94,283
159,88,247
147,155,302
168,177,345
171,210,381
202,194,396
184,230,414
214,219,433
182,228,410
168,217,385
175,231,406
139,218,357
165,208,373
177,184,361
199,141,340
207,136,343
211,240,451
213,240,453
279,203,482
301,171,472
234,161,395
241,124,365
199,137,336
208,143,351
179,151,330
186,218,404
261,210,471
253,196,449
216,203,419
161,155,316
207,147,354
200,137,337
204,121,325
195,215,410
210,200,410
227,177,404
261,222,483
271,189,460
292,141,433
267,145,412
166,156,322
156,154,310
171,126,297
183,103,286
196,140,336
204,122,326
206,196,402
256,184,440
255,195,450
303,148,451
248,169,417
255,165,420
197,167,364
208,281,489
252,300,552
281,243,524
292,202,494
234,197,431
247,174,421
218,170,388
172,171,343
154,193,347
121,188,309
120,182,302
162,195,357
160,242,402
137,262,399
127,264,391
173,263,436
206,230,436
187,250,437
168,224,392
182,231,413
205,224,429
172,222,394
172,239,411
198,175,373
202,147,349
237,165,402
198,163,361
178,140,318
188,126,314
166,124,290
123,124,247
125,133,258
123,185,308
113,186,299
123,185,308
156,145,301
163,143,306
167,187,354
128,181,309
131,176,307
150,190,340
173,193,366
169,232,401
178,222,400
206,174,380
232,188,420
207,154,361
170,156,326
164,114,278
186,152,338
167,151,318
163,186,349
174,155,329
164,138,302
153,105,258
168,106,274
133,104,237
122,110,232
118,143,261
121,179,300
121,195,316
150,204,354
198,241,439
199,226,425
177,192,369
227,133,360
201,136,337
126,168,294
124,167,291
128,172,300
157,182,339
163,218,381
106,224,330
161,190,351
188,148,336
156,177,333
166,198,364
133,187,320
224,146,370
234,144,378
256,134,390
181,118,299
173,111,284
160,104,264
152,103,255
146,108,254
134,96,230
124,95,219
128,104,232
124,104,228
123,103,226
116,109,225
121,122,243
126,128,254
128,224,352
131,396,527
143,436,579
141,477,618
216,417,633
384,249,633
427,213,640
303,227,530
204,228,432
177,215,392
176,205,381
210,198,408
227,181,408
211,191,402
183,196,379
156,212,368
147,257,404
166,264,430
189,247,436
213,230,443
247,178,425
235,169,404
206,190,396
212,170,382
235,126,361
255,153,408
199,163,362
165,159,324
170,177,347
215,303,518
245,267,512
290,223,513
240,185,425
153,161,314
163,160,323
114,153,267
127,150,277
125,147,272
123,144,267
125,224,349
131,261,392
131,315,446
173,272,445
194,257,451
259,170,429
217,142,359
247,118,365
171,117,288
175,239,414
212,207,419
253,181,434
264,145,409
228,210,438
221,205,426
312,143,455
251,138,389
247,114,361
171,143,314
160,236,396
212,166,378
221,155,376
208,138,346
160,135,295
136,163,299
126,168,294
129,167,296
160,135,295
173,125,298
162,177,339
215,195,410
203,184,387
251,145,396
186,225,411
261,185,446
216,139,355
261,125,386
216,186,402
183,193,376
219,166,385
258,272,530
252,256,508
238,250,488
265,172,437
205,172,377
198,166,364
160,164,324
145,154,299
166,137,303
176,161,337
133,169,302
136,191,327
157,164,321
159,181,340
167,163,330
158,162,320
136,152,288
153,135,288
155,154,309
111,217,328
121,235,356
113,241,354
205,158,363
231,166,397
192,178,370
200,184,384
223,162,385
254,127,381
175,228,403
240,157,397
239,138,377
248,138,386
144,145,289
163,138,301
155,136,291
172,114,286
167,117,284
160,175,335
163,177,340
188,169,357
224,165,389
208,140,348
176,162,338
180,141,321
214,104,318
165,95,260
138,112,250
124,245,369
173,211,384
218,201,419
218,172,390
209,189,398
162,202,364
174,235,409
182,197,379
190,202,392
190,173,363
192,153,345
175,151,326
196,220,416
219,167,386
269,137,406
242,119,361
180,114,294
155,122,277
114,137,251
117,148,265
120,157,277
131,164,295
143,163,306
130,168,298
123,164,287
118,160,278
134,140,274
154,124,278
157,120,277
176,140,316
172,130,302
176,127,303
167,123,290
155,119,274
153,113,266
132,113,245
165,134,299
166,134,300
164,123,287
167,102,269
158,93,251
164,112,276
155,113,268
143,121,264
146,121,267
140,135,275
155,206,361
243,126,369
265,117,382
222,104,326
164,126,290
155,133,288
154,136,290
153,128,281
166,97,263
171,89,260
163,115,278
132,110,242
144,100,244
145,86,231
141,110,251
151,98,249
145,86,231
147,124,271
140,111,251
151,102,253
156,111,267
154,95,249
153,88,241
147,104,251
142,96,238
143,90,233
144,112,256
140,108,248
145,98,243
149,107,256
156,98,254
154,97,251
144,94,238
146,101,247
147,95,242
145,92,237
141,105,246
143,101,244
149,89,238
143,105,248
142,101,243
144,110,254
149,100,249
151,83,234
153,96,249
152,83,235
148,110,258
149,98,247
138,91,229
143,112,255
133,100,233
146,86,232
146,106,252
139,94,233
147,116,263
145,107,252
140,99,239
146,89,235
131,115,246
154,91,245
151,83,234
149,103,252
138,93,231
141,88,229
142,109,251
144,92,236
148,87,235
147,101,248
140,94,234
143,108,251
147,93,240
145,90,235
147,127,274
148,144,292
173,143,316
188,124,312
198,116,314
178,135,313
141,142,283
155,143,298
185,117,302
204,87,291
200,103,303
163,111,274
141,107,248
141,95,236
148,140,288
137,149,286
155,136,291
161,135,296
130,141,271
126,140,266
129,150,279
137,148,285
130,153,283
133,151,284
124,174,298
124,182,306
128,182,310
124,173,297
124,166,290
160,135,295
177,106,283
182,111,293
175,115,290
157,108,265
147,139,286
152,123,275
144,106,250
175,105,280
142,110,252
146,111,257
152,116,268
162,111,273
169,119,288
169,129,298
176,132,308
165,128,293
165,126,291
161,140,301
165,150,315
163,150,313
159,140,299
166,159,325
169,185,354
160,234,394
158,236,394
154,240,394
161,253,414
192,207,399
234,162,396
235,144,379
190,132,322
150,124,274
153,102,255
153,90,243
141,106,247
132,137,269
159,114,273
167,90,257
176,142,318
162,120,282
164,108,272
166,112,278
152,100,252
159,139,298
180,122,302
168,110,278
175,98,273
154,114,268
162,104,266
174,137,311
195,112,307
179,101,280
185,134,319
160,132,292
162,137,299
138,142,280
126,153,279
141,147,288
140,154,294
163,144,307
158,146,304
161,141,302
153,124,277
142,114,256
132,108,240
126,105,231
127,99,226
99,135,234
125,147,272
129,163,292
147,152,299
144,189,333
125,203,328
109,214,323
145,220,365
145,217,362
162,211,373
176,188,364
166,182,348
170,153,323
175,111,286
198,92,290
179,79,258
149,113,262
138,122,260
137,135,272
136,140,276
136,135,271
144,146,290
133,157,290
131,158,289
118,166,284
128,164,292
141,179,320
152,172,324
168,168,336
200,118,318
181,119,300
179,113,292
133,115,248
107,120,227
146,121,267
161,113,274
175,124,299
148,118,266
121,156,277
175,127,302
196,129,325
210,138,348
159,139,298
149,163,312
149,186,335
132,203,335
166,202,368
212,179,391
225,149,374
242,115,357
208,98,306
182,133,315
179,134,313
187,105,292
188,100,288
162,89,251
132,106,238
133,111,244
139,116,255
142,113,255
135,109,244
120,114,234
123,121,244
116,122,238
125,122,247
123,131,254
123,160,283
122,175,297
122,180,302
138,175,313
147,167,314
138,168,306
131,177,308
143,172,315
162,145,307
182,147,329
209,128,337
199,120,319
201,104,305
175,129,304
184,127,311
169,114,283
156,109,265
173,116,289
170,105,275
168,111,279
172,135,307
174,138,312
170,138,308
147,159,306
133,169,302
139,182,321
134,164,298
145,156,301
128,155,283
123,148,271
129,147,276
151,121,272
162,104,266
146,92,238
143,129,272
144,130,274
128,133,261
138,143,281
124,139,263
116,153,269
127,157,284
124,158,282
130,149,279
137,140,277
171,93,264
186,147,333
185,148,333
169,127,296
160,187,347
158,255,413
169,249,418
191,226,417
181,230,411
202,180,382
212,167,379
195,178,373
166,168,334
137,176,313
132,179,311
157,151,308
172,143,315
150,145,295
145,130,275
152,111,263
173,88,261
163,93,256
141,140,281
152,111,263
169,100,269
180,136,316
155,133,288
170,108,278
162,92,254
118,115,233
142,111,253
146,104,250
164,133,297
153,147,300
158,146,304
137,151,288
116,157,273
146,154,300
148,154,302
141,165,306
134,177,311
117,186,303
118,184,302
125,185,310
135,161,296
161,141,302
169,152,321
161,148,309
171,118,289
175,145,320
192,125,317
167,119,286
174,113,287
156,98,254
159,92,251
159,124,283
154,118,272
152,123,275
128,131,259
113,151,264
123,151,274
155,118,273
167,107,274
158,108,266
133,105,238
121,101,222
120,108,228
119,120,239
116,137,253
121,152,273
119,162,281
127,178,305
128,175,303
134,165,299
131,166,297
149,148,297
159,130,289
188,134,322
207,116,323
205,96,301
182,144,326
159,158,317
175,129,304
179,103,282
156,121,277
167,109,276
152,106,258
146,118,264
141,123,264
148,123,271
138,126,264
144,140,284
146,157,303
159,180,339
142,170,312
136,157,293
134,144,278
132,140,272
136,131,267
142,123,265
140,107,247
143,98,241
139,91,230
128,110,238
128,104,232
134,128,262
158,108,266
152,106,258
147,103,250
117,99,216
122,98,220
121,105,226
121,139,260
149,108,257
170,90,260
180,120,300
155,112,267
157,111,268
148,108,256
162,117,279
165,110,275
159,110,269
154,143,297
148,132,280
154,121,275
148,110,258
141,102,243
141,89,230
135,82,217
142,127,269
139,135,274
118,135,253
123,138,261
118,140,258
132,132,264
135,135,270
131,153,284
122,171,293
129,173,302
131,172,303
135,177,312
137,183,320
138,183,321
135,178,313
139,173,312
148,184,332
145,168,313
161,154,315
156,149,305
163,143,306
169,119,288
175,110,285
163,108,271
165,192,357
203,155,358
207,152,359
213,158,371
177,128,305
235,123,358
216,116,332
168,93,261
149,86,235
140,131,271
124,141,265
156,119,275
168,113,281
164,109,273
145,119,264
128,123,251
135,127,262
127,131,258
132,132,264
121,136,257
117,142,259
128,157,285
148,149,297
181,135,316
195,262,457
319,136,455
299,132,431
290,155,445
138,174,312
137,180,317
143,178,321
143,177,320
133,174,307
135,180,315
149,159,308
185,141,326
194,133,327
187,111,298
173,95,268
163,96,259
139,95,234
132,97,229
135,117,252
127,117,244
132,127,259
135,130,265
119,141,260
117,148,265
121,162,283
125,164,289
128,162,290
126,160,286
124,163,287
116,174,290
129,175,304
128,185,313
128,189,317
137,185,322
139,188,327
140,193,333
134,222,356
135,230,365
136,233,369
171,199,370
175,201,376
195,188,383
203,163,366
196,168,364
195,160,355
166,162,328
164,172,336
174,147,321
186,115,301
182,98,280
152,92,244
137,115,252
138,113,251
146,111,257
152,95,247
150,132,282
176,106,282
167,114,281
176,111,287
146,148,294
168,123,291
164,120,284
157,116,273
129,113,242
134,127,261
133,118,251
145,129,274
158,131,289
159,127,286
147,150,297
128,161,289
124,165,289
127,163,290
136,165,301
135,188,323
135,204,339
129,207,336
134,211,345
147,211,358
161,195,356
150,204,354
162,203,365
164,195,359
170,175,345
157,170,327
162,143,305
181,103,284
197,122,319
187,116,303
164,112,276
156,117,273
146,114,260
155,148,303
174,133,307
160,140,300
150,146,296
119,148,267
118,155,273
128,156,284
137,152,289
145,136,281
146,128,274
125,123,248
136,129,265
120,132,252
123,128,251
117,122,239
130,108,238
124,124,248
131,133,264
135,129,264
137,119,256
134,101,235
135,87,222
136,78,214
135,131,266
128,140,268
144,134,278
147,139,286
140,142,282
139,137,276
137,138,275
138,136,274
156,110,266
184,115,299
184,115,299
167,105,272
144,87,231
141,130,271
140,147,287
146,147,293
143,161,304
141,162,303
147,160,307
160,150,310
150,140,290
144,148,292
135,149,284
126,144,270
141,135,276
127,131,258
123,127,250
149,100,249
167,108,275
170,113,283
166,100,266
157,94,251
153,109,262
143,131,274
172,107,279
195,132,327
191,127,318
158,111,269
156,137,293
159,135,294
167,127,294
161,117,278
145,118,263
168,96,264
163,91,254
161,95,256
140,95,235
130,100,230
125,107,232
111,108,219
119,111,230
117,118,235
113,119,232
118,120,238
126,126,252
123,137,260
135,137,272
124,130,254
142,118,260
145,105,250
134,108,242
122,109,231
117,109,226
115,121,236
135,119,254
175,112,287
198,84,282
183,111,294
161,94,255
146,143,289
153,168,321
156,172,328
145,186,331
136,217,353
134,228,362
142,226,368
171,208,379
181,207,388
172,220,392
182,184,366
198,158,356
217,145,362
234,120,354
226,108,334
216,96,312
166,123,289
166,114,280
155,113,268
151,110,261
135,105,240
142,107,249
155,101,256
149,94,243
152,99,251
151,95,246
143,123,266
151,122,273
139,132,271
152,136,288
144,139,283
145,138,283
143,153,296
135,148,283
133,140,273
143,127,270
146,106,252
149,96,245
145,107,252
148,104,252
149,106,255
146,121,267
147,106,253
153,120,273
130,131,261
163,113,276
167,123,290
187,113,300
179,97,276
171,100,271
155,102,257
141,98,239
139,104,243
138,111,249
135,116,251
129,128,257
126,136,262
124,143,267
129,152,281
129,152,281
132,161,293
136,164,300
135,168,303
133,167,300
129,174,303
127,189,316
127,192,319
130,208,338
143,206,349
150,199,349
174,185,359
160,194,354
159,194,353
143,201,344
152,206,358
152,200,352
159,192,351
147,199,346
159,188,347
151,268,419
150,356,506
148,343,491
149,342,491
251,242,493
310,156,466
341,122,463
270,196,466
228,173,401
192,181,373
166,203,369
78,196,274
104,190,294
151,169,320
166,144,310
184,121,305
172,102,274
163,114,277
160,101,261
157,110,267
158,96,254
150,105,255
154,98,252
147,99,246
150,111,261
156,97,253
161,120,281
156,122,278
175,136,311
200,107,307
191,107,298
173,113,286
139,125,264
135,136,271
121,140,261
117,130,247
123,136,259
121,146,267
119,149,268
120,159,279
125,161,286
136,146,282
135,140,275
134,139,273
119,148,267
108,148,256
131,143,274
128,149,277
130,149,279
119,148,267
121,160,281
140,147,287
138,146,284
147,142,289
121,141,262
130,152,282
115,154,269
126,159,285
126,163,289
134,166,300
106,166,272
131,168,299
132,157,289
142,152,294
142,145,287
131,147,278
126,141,267
126,152,278
121,157,278
123,165,288
125,174,299
127,195,322
135,211,346
115,222,337
132,216,348
174,174,348
191,155,346
187,143,330
149,146,295
127,137,264
125,141,266
129,142,271
126,159,285
121,157,278
136,154,290
144,142,286
132,136,268
164,97,261
177,118,295
177,107,284
172,95,267
157,93,250
145,129,274
138,150,288
143,158,301
141,159,300
130,155,285
101,158,259
139,153,292
136,150,286
143,156,299
145,174,319
133,179,312
125,176,301
131,167,298
156,131,287
175,96,271
195,117,312
170,119,289
158,108,266
155,113,268
162,103,265
160,101,261
148,114,262
152,99,251
156,168,324
185,147,332
180,131,311
188,118,306
159,142,301
179,134,313
183,121,304
178,119,297
167,108,275
154,123,277
159,137,296
141,158,299
181,136,317
184,132,316
215,153,368
216,111,327
214,114,328
187,121,308
138,116,254
140,103,243
152,104,256
150,104,254
152,103,255
144,101,245
137,99,236
140,110,250
130,117,247
125,118,243
129,109,238
127,114,241
132,112,244
132,159,291
169,128,297
169,105,274
186,107,293
168,116,284
168,108,276
165,108,273
164,120,284
178,97,275
155,106,261
155,92,247
147,136,283
164,116,280
160,125,285
192,107,299
172,109,281
172,101,273
155,96,251
150,88,238
139,79,218
123,133,256
125,144,269
133,134,267
140,126,266
119,119,238
132,108,240
121,110,231
131,117,248
157,130,287
177,113,290
182,98,280
155,97,252
143,83,226
148,131,279
138,125,263
140,113,253
142,108,250
155,125,280
159,138,297
162,140,302
144,142,286
132,129,261
141,154,295
177,111,288
183,201,384
208,173,381
162,174,336
159,168,327
124,116,240
166,104,270
205,300,505
318,171,489
300,170,470
290,167,457
100,157,257
135,152,287
134,155,289
127,153,280
122,150,272
124,145,269
135,142,277
110,143,253
125,153,278
121,154,275
116,150,266
121,144,265
117,160,277
121,165,286
120,166,286
122,166,288
128,190,318
130,199,329
116,203,319
149,182,331
164,167,331
157,172,329
135,181,316
133,180,313
133,185,318
132,190,322
160,163,323
168,155,323
170,150,320
156,129,285
155,114,269
129,105,234
144,88,232
149,129,278
149,130,279
136,130,266
140,135,275
116,143,259
132,146,278
125,144,269
153,133,286
171,116,287
164,111,275
155,146,301
174,122,296
173,109,282
146,103,249
133,107,240
108,113,221
119,112,231
133,124,257
133,118,251
124,105,229
137,99,236
105,105,210
123,109,232
123,92,215
138,138,276
148,127,275
171,116,287
171,110,281
161,107,268
153,98,251
143,97,240
142,178,320
162,170,332
153,166,319
160,164,324
105,183,288
134,197,331
98,193,291
120,198,318
156,163,319
177,154,331
197,151,348
184,141,325
152,143,295
139,138,277
118,151,269
111,154,265
122,173,295
117,188,305
113,191,304
137,196,333
144,185,329
161,177,338
169,160,329
169,149,318
136,151,287
128,147,275
93,148,241
110,141,251
129,140,269
103,137,240
126,134,260
108,139,247
128,141,269
110,147,257
123,154,277
116,148,264
131,138,269
106,141,247
129,148,277
117,152,269
97,175,272
127,174,301
118,173,291
116,164,280
122,154,276
126,137,263
160,125,285
142,105,247
145,101,246
136,93,229
124,80,204
132,108,240
143,98,241
149,134,283
144,129,273
166,128,294
184,97,281
170,95,265
169,99,268
145,84,229
145,101,246
149,82,231
137,144,281
145,135,280
142,124,266
142,114,256
128,108,236
137,96,233
152,113,265
153,115,268
133,118,251
128,112,240
124,115,239
95,111,206
111,110,221
132,98,230
138,88,226
123,115,238
128,126,254
119,128,247
122,135,257
122,134,256
120,140,260
132,137,269
138,134,272
127,135,262
107,150,257
117,157,274
123,170,293
118,170,288
122,170,292
111,171,282
177,115,292
180,109,289
122,116,238
124,135,259
111,145,256
112,144,256
141,147,288
143,145,288
133,139,272
127,141,268
130,120,250
126,127,253
139,123,262
118,118,236
143,95,238
140,91,231
134,86,220
121,81,202
124,89,213
116,87,203
111,93,204
120,104,224
116,105,221
119,101,220
116,100,216
98,94,192
125,90,215
113,90,203
124,102,226
104,110,214
106,112,218
122,119,241
119,118,237
124,121,245
121,125,246
122,123,245
125,120,245
122,133,255
126,133,259
123,137,260
117,132,249
121,132,253
123,141,264
126,141,267
124,139,263
120,140,260
124,136,260
123,131,254
129,148,277
125,149,274
123,153,276
122,156,278
117,159,276
120,154,274
126,150,276
121,164,285
123,181,304
116,180,296
123,175,298
130,162,292
149,139,288
178,111,289
166,96,262
158,96,254
141,131,272
136,125,261
152,121,273
168,94,262
156,117,273
171,115,286
168,129,297
195,132,327
193,121,314
180,122,302
139,143,282
128,156,284
124,161,285
129,148,277
140,145,285
143,139,282
132,140,272
130,169,299
137,182,319
127,190,317
128,193,321
133,182,315
144,161,305
152,149,301
142,153,295
132,294,426
135,315,450
141,318,459
197,278,475
261,208,469
268,182,450
163,182,345
186,145,331
173,131,304
173,121,294
139,109,248
155,104,259
160,112,272
161,110,271
146,99,245
132,86,218
146,105,251
148,103,251
145,100,245
145,88,233
138,99,237
134,93,227
141,81,222
139,111,250
140,116,256
138,110,248
140,113,253
140,108,248
132,103,235
124,93,217
137,81,218
140,112,252
160,85,245
156,112,268
148,108,256
126,102,228
126,96,222
129,87,216
134,79,213
132,97,229
134,86,220
145,89,234
144,83,227
132,106,238
129,114,243
127,110,237
123,107,230
121,101,222
126,93,219
125,88,213
125,111,236
131,107,238
133,105,238
133,108,241
121,109,230
127,105,232
127,97,224
124,91,215
126,95,221
122,121,243
134,114,248
145,112,257
146,123,269
126,122,248
125,119,244
127,106,233
138,93,231
135,91,226
137,104,241
136,103,239
138,93,231
133,84,217
126,78,204
121,91,212
127,117,244
146,99,245
151,95,246
143,91,234
136,113,249
140,109,249
143,114,257
146,100,246
137,100,237
134,128,262
145,111,256
153,127,280
155,133,288
136,131,267
133,133,266
124,133,257
123,135,258
123,134,257
109,131,240
123,127,250
130,114,244
134,109,243
131,107,238
123,102,225
120,99,219
123,93,216
120,92,212
123,99,222
125,93,218
122,94,216
131,85,216
127,89,216
134,88,222
126,87,213
116,87,203
120,88,208
127,78,205
123,91,214
111,93,204
121,91,212
118,89,207
117,102,219
123,103,226
114,107,221
124,103,227
124,101,225
126,100,226
123,113,236
126,108,234
123,103,226
127,98,225
108,96,204
118,95,213
107,96,203
124,96,220
126,97,223
130,92,222
128,92,220
125,87,212
124,88,212
120,86,206
115,85,200
124,89,213
121,91,212
116,91,207
124,87,211
128,116,244
136,115,251
128,114,242
124,113,237
114,114,228
121,123,244
122,124,246
123,121,244
112,116,228
116,113,229
122,107,229
123,112,235
122,120,242
122,126,248
117,128,245
119,130,249
122,136,258
132,129,261
128,133,261
130,149,279
121,153,274
125,153,278
115,150,265
109,146,255
124,144,268
124,140,264
122,134,256
107,140,247
123,141,264
119,139,258
122,136,258
121,135,256
119,133,252
124,134,258
113,147,260
122,163,285
119,182,301
115,191,306
122,202,324
138,204,342
154,201,355
155,204,359
143,210,353
154,211,365
155,216,371
149,206,355
164,168,332
162,146,308
172,134,306
154,117,271
134,110,244
139,100,239
133,96,229
132,88,220
137,105,242
134,95,229
142,109,251
136,103,239
140,109,249
140,98,238
143,83,226
147,126,273
139,125,264
150,124,274
174,93,267
164,93,257
165,94,259
130,92,222
123,86,209
124,84,208
122,146,268
138,239,377
267,119,386
286,129,415
260,124,384
166,94,260
163,82,245
152,94,246
133,97,230
130,96,226
131,109,240
134,107,241
149,122,271
158,131,289
153,121,274
151,112,263
152,142,294
169,117,286
181,98,279
173,93,266
148,107,255
146,104,250
126,102,228
129,90,219
130,94,224
134,94,228
115,97,212
127,90,217
125,92,217
130,106,236
126,97,223
131,100,231
128,95,223
116,93,209
124,86,210
120,87,207
124,86,210
121,84,205
129,109,238
121,125,246
130,145,275
127,168,295
125,168,293
134,156,290
139,148,287
148,135,283
139,135,274
133,134,267
122,132,254
129,134,263
135,127,262
135,125,260
128,125,253
126,131,257
125,131,256
127,128,255
130,132,262
132,128,260
130,132,262
130,128,258
131,126,257
128,130,258
128,133,261
127,146,273
124,153,277
138,143,281
148,132,280
147,133,280
138,133,271
126,128,254
129,122,251
136,117,253
133,116,249
131,117,248
125,116,241
128,115,243
127,114,241
130,112,242
127,120,247
129,117,246
127,116,243
127,118,245
124,117,241
123,117,240
124,115,239
127,113,240
125,121,246
129,119,248
127,119,246
124,121,245
123,119,242
122,118,240
124,117,241
128,111,239
126,113,239
131,115,246
129,116,245
130,114,244
137,103,240
141,158,299
174,122,296
174,108,282
179,101,280
136,91,227
144,126,270
145,116,261
145,105,250
142,99,241
136,85,221
145,128,273
148,130,278
156,116,272
158,100,258
150,91,241
150,119,269
142,131,273
165,136,301
184,113,297
181,115,296
177,118,295
161,130,291
145,134,279
147,129,276
144,133,277
144,146,290
132,145,277
134,142,276
125,134,259
129,118,247
136,110,246
131,93,224
139,81,220
140,116,256
127,129,256
127,134,261
122,135,257
129,136,265
120,139,259
135,139,274
140,136,276
162,118,280
185,135,320
188,135,323
167,161,328
152,171,323
144,182,326
175,183,358
191,158,349
208,126,334
202,108,310
200,113,313
175,122,297
165,116,281
168,193,361
172,188,360
152,193,345
156,188,344
94,191,285
126,196,322
131,210,341
147,193,340
164,178,342
169,171,340
148,174,322
121,167,288
138,166,304
141,177,318
121,188,309
106,181,287
138,188,326
142,172,314
127,188,315
148,208,356
141,228,369
126,221,347
159,181,340
150,147,297
184,168,352
144,173,317
167,147,314
169,132,301
166,129,295
155,120,275
162,149,311
169,133,302
176,122,298
180,120,300
168,116,284
177,107,284
147,101,248
157,116,273
143,104,247
155,89,244
147,128,275
139,133,272
123,133,256
128,148,276
117,135,252
139,130,269
148,113,261
155,99,254
167,117,284
147,120,267
152,105,257
155,148,303
178,104,282
174,129,303
192,116,308
156,101,257
144,88,232
124,81,205
123,94,217
126,93,219
133,82,215
140,116,256
138,111,249
143,95,238
140,108,248
135,108,243
166,118,284
183,99,282
180,128,308
161,125,286
151,114,265
148,117,265
146,116,262
130,121,251
107,115,222
130,103,233
143,103,246
141,111,252
152,240,392
140,265,405
132,277,409
152,250,402
219,186,405
259,148,407
241,131,372
189,130,319
158,118,276
151,107,258
143,112,255
136,91,227
150,95,245
149,89,238
141,124,265
120,112,232
137,101,238
144,88,232
127,129,256
116,136,252
155,138,293
140,148,288
122,166,288
127,173,300
130,181,311
133,181,314
135,174,309
119,169,288
159,131,290
172,120,292
179,114,293
143,106,249
130,153,283
173,115,288
181,103,284
181,98,279
144,132,276
158,128,286
162,123,285
149,122,271
128,117,245
95,109,204
105,112,217
115,118,233
111,139,250
119,159,278
100,176,276
116,178,294
136,170,306
132,171,303
131,179,310
134,179,313
136,182,318
133,196,329
136,187,323
136,185,321
139,193,332
153,166,319
162,152,314
148,153,301
135,148,283
107,141,248
121,138,259
117,142,259
96,144,240
125,149,274
118,153,271
119,153,272
103,151,254
123,156,279
116,166,282
121,178,299
123,182,305
127,176,303
128,184,312
107,172,279
140,173,313
126,174,300
150,145,295
152,147,299
143,147,290
104,149,253
128,143,271
127,146,273
126,146,272
123,152,275
122,150,272
120,153,273
128,145,273
130,140,270
123,133,256
124,132,256
118,130,248
122,129,251
121,126,247
117,127,244
122,127,249
119,126,245
123,120,243
114,115,229
122,112,234
119,107,226
109,110,219
122,110,232
118,108,226
126,111,237
126,112,238
124,111,235
122,105,227
113,108,221
125,100,225
125,95,220
124,95,219
122,90,212
122,89,211
122,87,209
123,89,212
120,88,208
130,129,259
137,158,295
140,167,307
131,171,302
115,181,296
123,176,299
124,169,293
141,152,293
141,161,302
146,165,311
141,162,303
151,145,296
161,125,286
158,106,264
160,93,253
148,110,258
141,110,251
155,105,260
163,98,261
164,100,264
147,109,256
149,118,267
137,125,262
142,130,272
136,137,273
143,137,280
145,123,268
148,104,252
152,103,255
149,138,287
165,110,275
180,97,277
186,108,294
161,105,266
160,90,250
151,102,253
151,92,243
151,93,244
149,102,251
151,89,240
147,105,252
141,87,228
153,109,262
160,98,258
142,109,251
158,96,254
154,92,246
148,104,252
145,96,241
145,93,238
138,105,243
144,107,251
159,111,270
154,104,258
154,102,256
149,100,249
120,101,221
135,95,230
136,90,226
140,86,226
135,77,212
132,96,228
128,99,227
125,97,222
134,95,229
136,111,247
151,107,258
141,112,253
134,122,256
124,130,254
127,131,258
129,130,259
124,130,254
125,129,254
146,115,261
141,113,254
141,107,248
137,103,240
131,98,229
130,94,224
128,94,222
138,113,251
151,108,259
150,119,269
131,123,254
125,126,251
127,126,253
127,123,250
127,116,243
128,107,235
135,104,239
131,125,256
118,129,247
125,123,248
128,118,246
127,113,240
115,110,225
124,107,231
122,104,226
128,102,230
138,94,232
134,95,229
134,94,228
121,90,211
121,92,213
120,97,217
122,122,244
123,143,266
137,206,343
221,201,422
327,97,424
331,120,451
236,110,346
157,96,253
152,115,267
151,115,266
165,101,266
168,101,269
146,100,246
129,110,239
136,105,241
138,91,229
149,93,242
133,93,226
139,88,227
140,104,244
145,106,251
149,108,257
137,108,245
130,104,234
134,100,234
132,95,227
127,104,231
130,101,231
125,109,234
127,112,239
121,116,237
124,113,237
121,113,234
119,119,238
123,115,238
121,122,243
123,125,248
133,119,252
139,115,254
151,106,257
147,96,243
134,94,228
132,101,233
132,110,242
125,109,234
123,110,233
124,111,235
128,105,233
133,96,229
135,118,253
163,96,259
168,100,268
165,107,272
140,110,250
120,118,238
127,150,277
122,141,263
153,118,271
167,134,301
166,137,303
132,119,251
150,97,247
155,97,252
101,91,192
124,127,251
126,137,263
135,118,253
158,99,257
157,131,288
112,140,252
133,154,287
151,139,290
151,142,293
146,103,249
149,100,249
99,95,194
119,94,213
124,92,216
121,91,212
118,94,212
122,92,214
125,87,212
125,113,238
134,111,245
130,115,245
129,123,252
121,138,259
124,146,270
123,149,272
124,152,276
122,148,270
123,158,281
122,172,294
116,175,291
122,181,303
125,185,310
138,173,311
142,183,325
141,270,411
125,307,432
140,291,431
200,239,439
245,224,469
264,185,449
217,164,381
170,129,299
183,116,299
126,103,229
137,97,234
138,89,227
140,107,247
147,111,258
146,103,249
138,95,233
143,86,229
140,96,236
139,116,255
135,131,266
147,121,268
135,106,241
147,92,239
164,116,280
163,128,291
154,120,274
144,103,247
141,99,240
135,100,235
134,93,227
131,84,215
136,106,242
131,101,232
134,100,234
136,92,228
135,111,246
144,106,250
140,135,275
158,126,284
167,114,281
189,165,354
172,146,318
199,114,313
171,148,319
139,149,288
139,137,276
159,105,264
167,99,266
145,81,226
138,142,280
142,143,285
161,100,261
164,97,261
143,92,235
120,90,210
125,87,212
121,82,203
122,139,261
131,153,284
147,136,283
155,110,265
156,117,273
118,121,239
127,118,245
125,117,242
120,119,239
121,126,247
126,130,256
123,129,252
123,125,248
124,118,242
118,118,236
129,119,248
115,118,233
124,153,277
123,152,275
139,134,273
156,116,272
156,175,331
117,185,302
127,194,321
144,157,301
164,152,316
113,153,266
126,147,273
117,147,264
124,163,287
122,172,294
123,219,342
124,277,401
125,317,442
180,261,441
216,223,439
275,165,440
240,149,389
194,149,343
166,128,294
149,128,277
145,129,274
125,123,248
127,125,252
132,130,262
129,124,253
130,127,257
129,132,261
118,137,255
125,141,266
130,135,265
121,131,252
125,131,256
127,127,254
128,128,256
132,135,267
129,137,266
131,143,274
133,139,272
124,140,264
128,142,270
133,134,267
127,131,258
138,124,262
129,131,260
130,132,262
122,131,253
123,139,262
120,142,262
115,159,274
123,310,433
117,327,444
121,340,461
233,234,467
285,187,472
306,204,510
196,184,380
175,175,350
208,125,333
189,129,318
163,123,286
135,125,260
127,127,254
124,125,249
117,185,302
125,270,395
130,267,397
162,267,429
195,274,469
240,263,503
193,261,454
185,219,404
224,149,373
210,134,344
229,149,378
215,116,331
197,106,303
157,98,255
139,97,236
138,98,236
148,114,262
154,112,266
161,95,256
160,87,247
149,111,260
149,120,269
156,116,272
175,96,271
175,129,304
172,129,301
146,126,272
148,141,289
130,144,274
125,150,275
127,144,271
139,133,272
137,124,261
134,117,251
132,119,251
124,122,246
130,128,258
113,144,257
130,143,273
121,143,264
125,130,255
150,107,257
143,100,243
150,109,259
152,98,250
142,134,276
167,110,277
165,102,267
175,106,281
151,96,247
156,110,266
148,109,257
151,117,268
164,101,265
158,104,262
154,105,259
133,100,233
137,99,236
132,100,232
135,138,273
147,111,258
169,101,270
176,120,296
152,113,265
161,108,269
164,136,300
186,113,299
174,99,273
187,103,290
172,107,279
164,111,275
164,122,286
166,118,284
189,104,293
190,111,301
162,96,258
157,118,275
159,117,276
157,160,317
190,138,328
192,143,335
197,142,339
168,144,312
169,143,312
167,145,312
165,148,313
167,155,322
169,161,330
169,185,354
166,195,361
159,202,361
160,188,348
169,167,336
211,122,333
227,94,321
207,97,304
164,98,262
137,98,235
136,102,238
132,111,243
155,104,259
166,84,250
168,102,270
149,101,250
150,88,238
156,112,268
160,87,247
161,101,262
166,105,271
160,121,281
169,99,268
172,109,281
168,97,265
161,128,289
153,134,287
174,118,292
166,121,287
163,128,291
134,130,264
127,131,258
130,138,268
132,139,271
133,143,276
128,150,278
130,156,286
130,160,290
127,169,296
127,172,299
123,181,304
122,191,313
134,179,313
141,181,322
141,185,326
143,179,322
144,177,321
146,186,332
131,219,350
145,206,351
148,213,361
146,221,367
167,180,347
180,171,351
193,161,354
164,142,306
172,127,299
164,132,296
136,138,274
133,141,274
131,136,267
133,137,270
132,156,288
117,188,305
121,207,328
113,216,329
143,221,364
154,208,362
210,150,360
219,118,337
234,146,380
218,111,329
203,94,297
176,96,272
131,102,233
113,129,242
121,144,265
132,142,274
147,132,279
142,137,279
128,146,274
121,154,275
117,160,277
125,158,283
120,168,288
113,174,287
117,186,303
125,196,321
124,196,320
142,182,324
146,186,332
159,182,341
135,199,334
137,207,344
142,197,339
132,200,332
151,189,340
158,183,341
150,185,335
141,181,322
135,184,319
138,176,314
139,161,300
140,167,307
162,137,299
168,122,290
170,129,299
147,131,278
126,139,265
129,154,283
130,153,283
120,146,266
126,143,269
139,159,298
116,159,275
127,156,283
128,139,267
124,144,268
131,183,314
117,199,316
121,204,325
126,200,326
160,170,330
159,160,319
171,162,333
133,176,309
122,193,315
128,195,323
126,199,325
143,179,322
173,145,318
198,112,310
202,90,292
171,114,285
153,115,268
156,102,258
150,149,299
177,124,301
186,109,295
172,133,305
163,121,284
168,265,433
287,114,401
311,129,440
311,105,416
186,108,294
172,101,273
160,134,294
177,121,298
183,117,300
174,124,298
143,134,277
123,131,254
119,127,246
136,109,245
151,86,237
150,123,273
143,131,274
148,131,279
158,113,271
166,101,267
160,114,274
148,121,269
129,131,260
132,139,271
107,151,258
130,173,303
134,179,313
143,192,335
137,198,335
132,203,335
153,176,329
161,165,326
176,174,350
142,206,348
136,208,344
142,214,356
140,211,351
165,200,365
176,188,364
181,191,372
154,193,347
145,181,326
141,188,329
144,185,329
152,176,328
159,205,364
150,227,377
130,247,377
128,241,369
173,199,372
199,171,370
215,147,362
186,127,313
170,134,304
144,127,271
128,125,253
132,129,261
130,134,264
133,132,265
122,147,269
139,142,281
133,145,278
126,151,277
125,145,270
124,154,278
134,149,283
134,150,284
140,154,294
133,153,286
134,156,290
130,158,288
140,141,281
135,139,274
137,139,276
123,140,263
131,132,263
150,114,264
177,88,265
173,141,314
174,139,313
152,172,324
150,194,344
125,233,358
147,227,374
180,235,415
199,243,442
206,265,471
204,280,484
208,265,473
191,252,443
199,250,449
231,201,432
247,182,429
228,175,403
204,158,362
202,146,348
192,145,337
177,152,329
160,153,313
170,157,327
170,161,331
171,159,330
171,157,328
178,185,363
178,194,372
189,191,380
190,195,385
191,190,381
195,161,356
208,136,344
229,159,388
232,157,389
237,162,399
204,158,362
183,155,338
195,170,365
247,137,384
255,167,422
235,177,412
197,167,364
191,152,343
195,142,337
210,165,375
206,185,391
208,221,429
236,215,451
242,207,449
243,220,463
270,177,447
318,157,475
348,130,478
316,162,478
275,178,453
284,208,492
240,213,453
247,163,410
252,198,450
301,172,473
262,160,422
202,150,352
183,138,321
216,193,409
222,180,402
220,183,403
202,223,425
208,209,417
228,219,447
234,233,467
215,231,446
202,251,453
236,256,492
260,266,526
294,229,523
266,232,498
300,166,466
230,145,375
276,165,441
257,163,420
245,178,423
210,179,389
172,186,358
189,200,389
180,204,384
185,217,402
207,265,472
218,259,477
214,248,462
257,195,452
251,202,453
214,196,410
200,190,390
191,180,371
246,154,400
243,135,378
238,138,376
179,149,328
199,164,363
238,145,383
261,138,399
261,133,394
222,127,349
234,166,400
249,116,365
220,123,343
213,115,328
170,123,293
172,103,275
166,145,311
172,156,328
158,160,318
181,152,333
187,163,350
194,167,361
195,151,346
172,153,325
154,147,301
154,148,302
177,137,314
163,336,499
173,380,553
147,420,567
170,426,596
319,281,600
334,261,595
363,215,578
251,206,457
202,221,423
219,188,407
223,167,390
201,176,377
176,167,343
151,169,320
154,202,356
147,230,377
141,248,389
143,245,388
165,222,387
221,167,388
253,134,387
227,145,372
160,162,322
128,168,296
134,193,327
131,223,354
134,225,359
136,231,367
170,200,370
203,179,382
201,192,393
172,185,357
149,194,343
153,214,367
134,228,362
149,229,378
169,198,367
179,198,377
192,183,375
212,146,358
222,121,343
210,102,312
201,161,362
177,187,364
163,186,349
183,160,343
197,120,317
233,98,331
212,115,327
178,109,287
156,138,294
171,170,341
195,159,354
234,123,357
216,124,340
202,122,324
160,119,279
145,128,273
149,129,278
153,119,272
175,138,313
182,146,328
182,135,317
173,134,307
165,141,306
168,136,304
151,138,289
149,144,293
150,138,288
158,147,305
155,187,342
150,198,348
135,202,337
131,205,336
153,182,335
160,171,331
164,160,324
147,165,312
137,180,317
127,202,329
127,210,337
123,220,343
152,241,393
165,236,401
182,233,415
214,189,403
239,161,400
243,141,384
200,136,336
161,140,301
142,150,292
141,178,319
135,226,361
132,265,397
146,283,429
160,301,461
185,291,476
242,249,491
268,237,505
278,230,508
225,253,478
203,254,457
178,250,428
206,265,471
201,290,491
206,294,500
204,283,487
219,280,499
230,272,502
250,230,480
251,183,434
237,142,379
229,108,337
204,134,338
191,140,331
169,129,298
166,129,295
154,135,289
147,156,303
153,164,317
147,159,306
150,151,301
159,133,292
172,116,288
156,111,267
159,109,268
158,97,255
161,186,347
171,201,372
195,163,358
227,123,350
180,132,312
211,165,376
214,132,346
202,129,331
181,152,333
131,170,301
140,177,317
147,176,323
158,166,324
177,155,332
183,147,330
175,140,315
191,187,378
210,178,388
249,130,379
233,147,380
218,148,366
163,146,309
168,140,308
146,146,292
150,154,304
138,165,303
150,161,311
156,164,320
160,162,322
157,162,319
156,162,318
144,168,312
148,170,318
143,180,323
154,183,337
189,142,331
206,133,339
217,118,335
176,127,303
173,122,295
159,125,284
169,154,323
168,156,324
173,190,363
173,209,382
167,207,374
164,222,386
146,222,368
187,192,379
210,158,368
216,144,360
195,136,331
217,183,400
260,132,392
257,145,402
215,149,364
146,188,334
149,188,337
151,184,335
172,167,339
189,146,335
200,115,315
187,125,312
187,147,334
150,156,306
148,160,308
138,195,333
149,187,336
152,181,333
160,185,345
155,191,346
154,196,350
166,194,360
182,193,375
191,191,382
189,212,401
166,234,400
170,233,403
180,275,455
187,292,479
255,261,516
284,219,503
290,186,476
271,163,434
215,174,389
197,177,374
163,191,354
195,168,363
204,175,379
228,163,391
204,145,349
180,141,321
177,155,332
191,142,333
204,142,346
193,147,340
156,164,320
161,190,351
141,199,340
152,191,343
154,190,344
181,188,369
198,179,377
213,151,364
203,127,330
217,157,374
216,157,373
200,191,391
181,206,387
149,228,377
152,250,402
150,265,415
173,232,405
200,194,394
220,178,398
228,156,384
209,156,365
203,157,360
194,145,339
220,154,374
238,179,417
225,212,437
218,201,419
222,182,404
235,181,416
223,176,399
206,185,391
218,184,402
216,178,394
214,187,401
227,176,403
223,178,401
218,176,394
207,169,376
209,548,757
593,197,790
628,158,786
638,168,806
231,174,405
211,168,379
256,140,396
264,178,442
265,160,425
246,174,420
242,173,415
215,168,383
194,165,359
211,153,364
212,148,360
233,157,390
240,140,380
258,134,392
232,127,359
228,146,374
228,146,374
221,145,366
224,140,364
189,148,337
200,124,324
184,115,299
182,98,280
166,139,305
166,146,312
174,153,327
193,143,336
202,136,338
214,157,371
214,152,366
197,162,359
173,183,356
138,197,335
156,189,345
168,184,352
169,185,354
156,193,349
140,211,351
140,247,387
140,243,383
165,233,398
182,221,403
191,211,402
184,215,399
149,230,379
174,223,397
169,213,382
186,188,374
183,176,359
191,164,355
199,136,335
204,110,314
209,166,375
190,161,351
211,118,329
196,108,304
155,153,308
181,200,381
197,171,368
198,253,451
248,226,474
267,191,458
306,160,466
229,199,428
246,217,463
247,195,442
239,182,421
268,215,483
219,205,424
247,186,433
218,218,436
216,215,431
184,189,373
186,192,378
166,189,355
145,188,333
149,183,332
155,212,367
195,179,374
199,176,375
212,156,368
190,143,333
161,129,290
157,144,301
146,151,297
123,159,282
121,174,295
125,174,299
132,175,307
133,174,307
129,184,313
137,169,306
185,132,317
188,136,324
178,140,318
133,153,286
120,172,292
122,191,313
126,216,342
130,278,408
146,282,428
167,270,437
196,247,443
225,230,455
232,213,445
194,202,396
184,192,376
173,195,368
153,208,361
144,201,345
145,212,357
155,202,357
156,192,348
168,198,366
171,208,379
165,241,406
148,289,437
158,262,420
166,252,418
255,172,427
268,175,443
269,150,419
197,161,358
215,111,326
203,101,304
156,148,304
177,146,323
177,162,339
182,186,368
141,200,341
140,215,355
137,220,357
147,208,355
159,249,408
179,245,424
177,241,418
185,213,398
199,172,371
216,150,366
193,132,325
207,186,393
212,177,389
233,130,363
202,118,320
178,117,295
175,143,318
187,165,352
174,142,316
207,166,373
220,180,400
244,151,395
202,144,346
156,129,285
176,133,309
203,123,326
196,150,346
233,144,377
215,146,361
201,146,347
157,160,317
148,149,297
164,140,304
198,121,319
195,137,332
206,142,348
162,145,307
149,154,303
145,156,301
143,165,308
144,172,316
151,175,326
151,176,327
162,162,324
167,160,327
162,152,314
157,163,320
163,148,311
161,158,319
176,177,353
169,193,362
177,314,491
169,539,708
184,533,717
190,517,707
499,205,704
507,184,691
505,171,676
214,147,361
188,131,319
172,137,309
170,133,303
164,133,297
168,117,285
170,102,272
173,107,280
171,194,365
180,184,364
183,160,343
209,126,335
208,108,316
173,114,287
171,116,287
151,118,269
161,107,268
157,103,260
169,136,305
158,133,291
164,122,286
184,199,383
196,181,377
229,148,377
205,143,348
131,133,264
153,128,281
180,124,304
192,131,323
212,102,314
184,172,356
193,191,384
189,166,355
233,112,345
209,104,313
209,136,345
181,122,303
183,117,300
195,124,319
179,114,293
183,170,353
172,169,341
165,162,327
169,153,322
178,143,321
170,141,311
165,138,303
152,133,285
164,123,287
149,117,266
158,117,275
154,111,265
158,121,279
150,120,270
147,124,271
147,119,266
143,118,261
149,158,307
146,163,309
175,129,304
187,110,297
201,111,312
167,121,288
164,119,283
154,110,264
160,109,269
147,120,267
154,133,287
155,147,302
159,142,301
164,140,304
172,127,299
170,127,297
171,119,290
176,107,283
176,122,298
169,144,313
162,147,309
167,142,309
168,123,291
174,109,283
179,150,329
170,181,351
173,173,346
197,125,322
176,116,292
195,117,312
174,157,331
196,135,331
203,145,348
203,122,325
172,123,295
164,129,293
141,156,297
155,157,312
155,194,349
164,180,344
214,146,360
242,123,365
243,126,369
184,153,337
157,173,330
206,119,325
211,119,330
216,144,360
158,138,296
169,132,301
155,158,313
193,196,389
237,205,442
239,223,462
214,234,448
214,184,398
213,171,384
163,162,325
161,150,311
162,143,305
163,127,290
164,123,287
152,124,276
155,121,276
151,130,281
176,169,345
206,140,346
209,142,351
167,145,312
144,160,304
153,183,336
156,182,338
144,190,334
167,169,336
174,165,339
178,165,343
171,158,329
172,152,324
182,141,323
180,127,307
199,134,333
207,130,337
208,115,323
185,91,276
163,216,379
188,189,377
236,122,358
271,138,409
212,130,342
217,128,345
176,129,305
138,146,284
137,151,288
126,163,289
133,164,297
136,174,310
133,182,315
133,196,329
124,208,332
135,205,340
144,200,344
166,208,374
155,211,366
161,191,352
169,168,337
188,145,333
180,131,311
168,119,287
157,157,314
162,147,309
163,143,306
190,152,342
176,240,416
248,155,403
269,111,380
262,105,367
139,104,243
128,113,241
131,118,249
146,96,242
163,122,285
173,119,292
172,113,285
169,130,299
174,122,296
170,159,329
163,165,328
178,148,326
176,153,329
178,152,330
152,147,299
170,131,301
177,134,311
178,133,311
166,118,284
160,113,273
167,123,290
163,131,294
171,131,302
153,131,284
163,138,301
162,136,298
163,176,339
155,175,330
164,165,329
187,138,325
191,133,324
151,142,293
154,155,309
155,150,305
153,152,305
154,156,310
147,156,303
157,158,315
155,162,317
163,152,315
165,154,319
177,155,332
168,152,320
153,158,311
190,167,357
209,163,372
220,163,383
185,169,354
170,167,337
167,167,334
155,176,331
146,182,328
141,193,334
148,194,342
155,203,358
164,198,362
173,202,375
184,201,385
174,207,381
168,239,407
157,255,412
162,238,400
187,209,396
224,162,386
223,130,353
197,106,303
185,210,395
184,180,364
223,130,353
210,119,329
117,113,230
152,136,288
160,156,316
157,182,339
146,214,360
139,198,337
222,136,358
249,165,414
208,208,416
187,199,386
215,148,363
242,127,369
217,112,329
203,154,357
201,150,351
188,155,343
174,172,346
166,155,321
180,165,345
191,194,385
165,206,371
194,171,365
230,121,351
240,156,396
247,151,398
228,156,384
261,210,471
309,195,504
369,149,518
340,180,520
244,185,429
206,165,371
222,143,365
229,114,343
198,140,338
189,123,312
186,152,338
199,162,361
179,161,340
175,167,342
165,181,346
148,203,351
144,229,373
148,235,383
147,238,385
166,219,385
190,197,387
226,157,383
236,155,391
253,175,428
251,140,391
229,143,372
190,141,331
160,145,305
176,133,309
194,218,412
232,194,426
229,195,424
219,200,419
172,198,370
206,190,396
188,198,386
186,178,364
175,175,350
173,172,345
162,146,308
192,139,331
211,145,356
206,138,344
216,129,345
199,152,351
201,154,355
203,147,350
203,140,343
203,145,348
198,142,340
206,137,343
213,144,357
198,149,347
199,144,343
198,122,320
183,152,335
201,164,365
208,159,367
195,171,366
179,179,358
202,140,342
238,172,410
258,163,421
248,157,405
237,142,379
210,134,344
234,155,389
219,163,382
208,161,369
218,163,381
212,164,376
227,164,391
255,163,418
261,151,412
254,168,422
234,160,394
249,281,530
273,231,504
248,240,488
272,191,463
157,188,345
205,179,384
203,172,375
193,165,358
209,150,359
182,152,334
186,156,342
167,161,328
161,176,337
160,172,332
155,179,334
187,163,350
206,148,354
226,121,347
222,198,420
239,160,399
242,124,366
222,135,357
171,150,321
190,165,355
233,116,349
209,125,334
219,114,333
170,129,299
169,121,290
154,116,270
159,106,265
153,189,342
182,198,380
220,152,372
222,174,396
157,156,313
214,139,353
237,141,378
256,124,380
208,197,405
216,151,367
242,221,463
286,187,473
259,186,445
232,156,388
165,156,321
119,172,291
138,182,320
127,186,313
129,183,312
139,162,301
177,185,362
182,174,356
164,184,348
183,144,327
175,148,323
182,155,337
130,183,313
138,184,322
138,179,317
166,158,324
180,163,343
142,191,333
144,241,385
128,259,387
126,263,389
192,192,384
224,177,401
238,165,403
201,147,348
180,158,338
176,153,329
148,154,302
158,157,315
161,159,320
162,167,329
152,185,337
136,189,325
132,192,324
131,195,326
139,189,328
147,187,334
150,193,343
160,185,345
160,195,355
157,328,485
137,346,483
150,349,499
256,279,535
302,254,556
297,238,535
206,225,431
205,219,424
222,193,415
215,184,399
192,190,382
161,200,361
137,228,365
141,235,376
159,226,385
232,168,400
243,154,397
229,166,395
173,163,336
165,149,314
159,141,300
158,123,281
152,106,258
157,121,278
155,120,275
163,107,270
162,102,264
167,180,347
178,168,346
215,133,348
189,132,321
125,132,257
126,134,260
127,157,284
137,184,321
129,209,338
135,248,383
143,244,387
151,252,403
207,187,394
208,175,383
215,189,404
167,188,355
158,196,354
173,220,393
157,221,378
169,222,391
166,215,381
184,192,376
186,187,373
153,199,352
153,204,357
162,261,423
210,228,438
233,205,438
287,132,419
275,211,486
309,156,465
244,201,445
216,213,429
180,190,370
195,198,393
203,191,394
147,209,356
145,221,366
139,221,360
155,207,362
173,183,356
178,164,342
171,152,323
193,136,329
224,140,364
245,122,367
221,118,339
185,127,312
147,132,279
156,123,279
169,107,276
177,156,333
174,154,328
199,111,310
199,96,295
194,180,374
184,180,364
204,161,365
191,166,357
147,157,304
142,158,300
151,172,323
179,173,352
183,184,367
197,175,372
179,162,341
207,135,342
192,147,339
189,135,324
169,139,308
169,123,292
169,137,306
188,177,365
185,178,363
252,116,368
230,108,338
222,144,366
174,132,306
174,164,338
170,169,339
196,118,314
200,104,304
204,167,371
156,165,321
202,137,339
194,153,347
152,164,316
163,161,324
189,132,321
178,121,299
183,158,341
162,167,329
165,171,336
171,185,356
161,209,370
156,205,361
145,223,368
160,234,394
160,244,404
163,235,398
186,204,390
200,179,379
205,163,368
190,158,348
170,165,335
155,159,314
155,140,295
152,126,278
174,107,281
168,126,294
175,118,293
172,107,279
174,114,288
161,138,299
162,163,325
187,129,316
206,98,304
208,92,300
134,135,269
141,134,275
137,163,300
161,142,303
190,143,333
215,149,364
197,158,355
136,160,296
120,157,277
126,154,280
143,137,280
150,141,291
148,143,291
137,146,283
132,151,283
133,158,291
130,172,302
137,161,298
145,161,306
150,155,305
137,156,293
140,156,296
136,157,293
134,164,298
139,169,308
143,194,337
143,210,353
144,220,364
157,258,415
162,270,432
158,285,443
217,233,450
265,184,449
262,181,443
186,218,404
156,207,363
182,169,351
237,110,347
241,149,390
234,143,377
190,141,331
186,138,324
149,155,304
166,148,314
156,156,312
147,164,311
132,163,295
118,173,291
134,170,304
138,177,315
142,176,318
142,166,308
133,171,304
135,169,304
150,148,298
148,153,301
148,155,303
129,147,276
138,145,283
142,136,278
155,123,278
154,166,320
152,169,321
132,172,304
170,131,301
181,116,297
181,118,299
139,131,270
135,139,274
127,146,273
130,148,278
124,147,271
132,144,276
164,119,283
167,120,287
169,118,287
171,132,303
171,163,334
187,138,325
208,199,407
219,231,450
236,193,429
188,195,383
167,157,324
198,149,347
134,167,301
141,188,329
137,209,346
132,223,355
141,229,370
156,216,372
194,185,379
192,184,376
174,207,381
140,222,362
149,233,382
168,229,397
179,231,410
176,222,398
191,197,388
196,194,390
214,171,385
194,177,371
185,177,362
164,163,327
178,155,333
204,156,360
209,171,380
213,182,395
189,169,358
191,160,351
197,147,344
181,147,328
173,137,310
160,130,290
157,128,285
153,142,295
165,131,296
173,133,306
173,126,299
165,122,287
174,115,289
178,115,293
181,131,312
181,131,312
171,133,304
143,159,302
142,167,309
148,169,317
177,143,320
175,137,312
177,133,310
145,130,275
142,144,286
153,157,310
144,173,317
137,169,306
144,163,307
223,131,354
235,133,368
260,110,370
182,108,290
166,104,270
148,115,263
148,117,265
135,116,251
138,121,259
150,124,274
152,121,273
146,125,271
132,120,252
134,124,258
138,115,253
138,217,355
233,206,439
305,151,456
337,128,465
234,166,400
186,141,327
166,126,292
180,110,290
158,175,333
174,168,342
230,155,385
265,115,380
238,113,351
191,109,300
146,112,258
144,123,267
134,131,265
129,138,267
155,123,278
168,110,278
175,107,282
147,110,257
132,121,253
131,141,272
143,157,300
139,165,304
157,163,320
161,191,352
159,232,391
148,279,427
146,334,480
163,321,484
192,300,492
295,191,486
301,171,472
282,171,453
160,175,335
149,191,340
140,207,347
139,208,347
140,212,352
166,203,369
191,184,375
206,175,381
176,190,366
151,233,384
133,228,361
134,236,370
194,182,376
229,131,360
273,113,386
223,107,330
177,114,291
157,146,303
144,167,311
153,174,327
170,178,348
225,128,353
227,119,346
216,109,325
180,122,302
172,126,298
170,108,278
176,131,307
176,134,310
186,132,318
168,134,302
164,130,294
166,125,291
164,124,288
177,102,279
182,191,373
206,160,366
223,129,352
207,127,334
144,120,264
149,113,262
162,102,264
163,124,287
164,133,297
158,170,328
152,186,338
142,189,331
156,180,336
160,170,330
174,146,320
162,133,295
176,113,289
169,97,266
173,121,294
162,129,291
156,133,289
165,139,304
146,152,298
164,152,316
158,151,309
157,151,308
163,148,311
156,165,321
147,174,321
147,172,319
155,175,330
153,190,343
168,204,372
166,208,374
204,170,374
222,128,350
231,149,380
206,139,345
218,150,368
226,144,370
211,151,362
186,151,337
171,153,324
181,151,332
169,157,326
177,159,336
172,167,339
164,180,344
160,187,347
160,189,349
167,194,361
172,196,368
175,194,369
172,202,374
162,210,372
157,221,378
155,233,388
157,240,397
169,253,422
183,251,434
186,241,427
201,211,412
212,185,397
241,145,386
235,125,360
227,151,378
217,149,366
220,136,356
198,144,342
177,146,323
163,153,316
171,156,327
168,378,546
167,411,578
160,438,598
180,441,621
351,273,624
369,250,619
369,200,569
246,175,421
245,155,400
210,132,342
209,148,357
219,137,356
225,152,377
227,142,369
195,147,342
185,150,335
156,153,309
176,152,328
185,145,330
186,155,341
185,164,349
198,142,340
221,128,349
232,132,364
206,127,333
179,133,312
164,119,283
165,113,278
169,119,288
160,138,298
157,136,293
158,130,288
161,113,274
161,102,263
156,104,260
144,101,245
138,119,257
132,122,254
129,117,246
139,118,257
143,115,258
140,106,246
149,133,282
179,120,299
212,138,350
227,173,400
201,187,388
241,140,381
213,115,328
225,131,356
159,128,287
155,132,287
160,130,290
160,127,287
163,158,321
156,183,339
206,143,349
227,130,357
236,117,353
202,126,328
180,135,315
169,134,303
158,128,286
141,138,279
145,179,324
157,168,325
181,142,323
192,124,316
189,138,327
183,123,306
184,148,332
204,126,330
210,92,302
210,119,329
165,123,288
134,125,259
159,101,260
169,206,375
183,228,411
242,147,389
244,121,365
204,97,301
153,101,254
153,93,246
147,119,266
148,104,252
149,85,234
145,171,316
152,154,306
203,101,304
217,139,356
179,119,298
168,112,280
153,187,340
164,180,344
201,171,372
205,163,368
130,152,282
153,148,301
142,162,304
136,152,288
130,168,298
140,209,349
119,217,336
125,217,342
139,194,333
171,157,328
186,156,342
141,156,297
135,158,293
96,168,264
131,170,301
132,174,306
145,196,341
144,227,371
139,219,358
133,212,345
204,127,331
232,185,417
264,161,425
233,107,340
214,106,320
152,98,250
145,92,237
144,138,282
150,126,276
157,104,261
154,116,270
156,126,282
185,97,282
189,123,312
183,114,297
148,100,248
153,96,249
148,122,270
155,119,274
160,155,315
151,185,336
153,196,349
173,176,349
178,176,354
183,171,354
163,185,348
158,175,333
145,164,309
149,152,301
151,146,297
152,142,294
154,139,293
148,134,282
147,157,304
153,161,314
158,164,322
158,160,318
151,166,317
158,161,319
143,211,354
143,209,352
138,208,346
159,206,365
185,179,364
180,206,386
148,222,370
144,216,360
151,256,407
198,203,401
201,203,404
194,239,433
189,215,404
193,207,400
156,191,347
170,174,344
169,173,342
174,174,348
189,161,350
202,152,354
198,157,355
186,149,335
167,147,314
169,146,315
153,145,298
148,146,294
146,215,361
143,229,372
161,215,376
191,183,374
207,175,382
195,167,362
155,177,332
150,194,344
139,203,342
144,213,357
140,216,356
142,215,357
172,201,373
167,212,379
173,201,374
151,199,350
161,216,377
154,222,376
152,225,377
156,226,382
178,192,370
210,171,381
193,182,375
165,177,342
138,171,309
138,179,317
140,206,346
136,220,356
131,230,361
133,233,366
186,182,368
194,178,372
194,197,391
140,201,341
141,197,338
174,169,343
182,162,344
179,172,351
146,163,309
135,162,297
134,176,310
136,190,326
141,192,333
143,188,331
140,190,330
144,184,328
168,168,336
177,201,378
162,207,369
142,208,350
135,218,353
172,191,363
174,190,364
132,186,318
141,180,321
159,167,326
179,148,327
174,149,323
160,171,331
139,194,333
134,203,337
138,218,356
142,224,366
167,197,364
183,183,366
199,160,359
202,139,341
227,105,332
231,231,462
261,170,431
266,128,394
251,123,374
128,127,255
130,130,260
133,130,263
128,131,259
128,127,255
132,120,252
134,111,245
140,120,260
129,135,264
127,162,289
130,157,287
174,163,337
184,167,351
191,202,393
187,174,361
220,143,363
178,142,320
174,135,309
134,129,263
139,156,295
127,180,307
173,182,355
180,166,346
230,173,403
210,159,369
212,123,335
164,111,275
172,99,271
135,144,279
133,167,300
161,147,308
168,166,334
171,197,368
142,213,355
143,212,355
189,174,363
198,149,347
191,152,343
128,164,292
113,216,329
141,206,347
200,137,337
230,110,340
247,101,348
174,158,332
163,159,322
195,127,322
171,138,309
146,145,291
124,155,279
125,160,285
122,167,289
117,174,291
127,181,308
113,192,305
135,230,365
141,268,409
134,277,411
199,207,406
240,172,412
257,203,460
135,245,380
138,258,396
139,381,520
399,125,524
428,212,640
457,174,631
243,172,415
224,220,444
146,209,355
185,209,394
212,225,437
180,219,399
179,222,401
201,183,384
204,184,388
198,156,354
156,158,314
123,153,276
127,154,281
165,116,281
165,116,281
161,117,278
127,108,235
128,152,280
127,153,280
112,190,302
156,158,314
152,155,307
157,112,269
162,121,283
116,123,239
116,161,277
122,171,293
167,128,295
161,161,322
169,159,328
122,155,277
161,116,277
169,128,297
129,137,266
115,181,296
123,226,349
131,228,359
147,228,375
181,210,391
204,217,421
165,211,376
129,212,341
167,178,345
196,143,339
208,132,340
153,138,291
142,136,278
127,142,269
138,177,315
148,226,374
182,264,446
184,293,477
217,237,454
228,212,440
242,160,402
208,154,362
235,180,415
214,170,384
253,174,427
186,184,370
127,184,311
166,144,310
174,138,312
180,133,313
135,131,266
124,138,262
127,135,262
130,141,271
146,130,276
136,156,292
128,154,282
144,188,332
146,183,329
143,187,330
167,179,346
172,181,353
158,180,338
168,174,342
188,199,387
185,185,370
196,163,359
212,170,382
178,201,379
139,227,366
169,209,378
198,182,380
215,200,415
186,189,375
136,202,338
175,164,339
158,156,314
169,148,317
138,135,273
129,126,255
143,124,267
139,173,312
136,173,309
200,105,305
206,130,336
226,139,365
186,129,315
186,129,315
157,113,270
152,97,249
159,157,316
161,178,339
203,151,354
215,153,368
218,162,380
177,155,332
153,153,306
163,150,313
163,138,301
177,122,299
186,109,295
180,112,292
176,144,320
163,175,338
188,154,342
219,128,347
192,108,300
213,108,321
179,149,328
134,282,416
217,218,435
254,176,430
295,169,464
236,261,497
258,245,503
236,224,460
205,208,413
200,158,358
198,123,321
225,94,319
195,185,380
171,184,355
186,147,333
177,139,316
88,136,224
122,169,291
131,157,288
170,114,284
168,136,304
169,137,306
147,113,260
167,118,285
168,225,393
169,185,354
220,128,348
180,115,295
106,109,215
123,98,221
82,92,174
114,81,195
128,126,254
142,129,271
143,131,274
135,136,271
122,156,278
131,153,284
149,152,301
148,148,296
145,149,294
132,142,274
122,136,258
120,141,261
129,148,277
130,153,283
112,156,268
136,155,291
125,168,293
139,152,291
155,139,294
150,122,272
161,106,267
153,121,274
138,145,283
125,159,284
112,181,293
139,182,321
159,175,334
151,200,351
155,189,344
139,179,318
155,183,338
143,201,344
138,207,345
133,216,349
136,209,345
180,175,355
176,169,345
171,177,348
132,169,301
130,159,289
141,140,281
145,139,284
130,129,259
121,120,241
143,101,244
144,99,243
131,108,239
117,105,222
139,99,238
142,140,282
161,107,268
183,104,287
198,162,360
169,141,310
192,122,314
177,109,286
150,133,283
183,138,321
162,142,304
146,134,280
149,114,263
140,110,250
127,105,232
135,96,231
128,101,229
143,169,312
168,141,309
188,125,313
179,131,310
127,131,258
124,134,258
127,147,274
131,155,286
127,162,289
122,159,281
133,152,285
163,131,294
170,119,289
160,112,272
165,97,262
154,105,259
153,106,259
130,108,238
129,112,241
130,105,235
136,134,270
131,146,277
123,148,271
138,138,276
145,134,279
142,125,267
148,126,274
133,122,255
139,103,242
138,109,247
137,109,246
135,100,235
139,96,235
141,95,236
128,94,222
115,92,207
120,96,216
124,109,233
139,102,241
145,98,243
134,117,251
142,111,253
143,103,246
159,94,253
148,84,232
147,99,246
123,93,216
137,102,239
130,105,235
132,101,233
138,124,262
160,105,265
153,116,269
160,121,281
146,104,250
176,143,319
177,156,333
174,166,340
159,171,330
132,171,303
141,170,311
137,175,312
127,181,308
128,181,309
136,178,314
139,180,319
137,185,322
129,192,321
141,191,332
150,189,339
149,193,342
150,184,334
138,188,326
154,183,337
142,193,335
139,196,335
145,186,331
147,185,332
155,185,340
140,190,330
147,180,327
150,190,340
150,186,336
139,198,337
132,207,339
150,193,343
165,179,344
165,181,346
145,186,331
141,182,323
140,183,323
141,190,331
142,182,324
144,182,326
144,193,337
145,187,332
145,186,331
148,193,341
138,192,330
149,179,328
151,201,352
138,247,385
141,240,381
143,231,374
220,160,380
234,134,368
232,131,363
164,134,298
132,137,269
132,143,275
135,143,278
134,143,277
139,141,280
134,142,276
132,136,268
130,140,270
133,133,266
134,130,264
135,128,263
132,124,256
133,119,252
133,120,253
133,119,252
129,116,245
129,116,245
127,121,248
128,130,258
127,140,267
132,141,273
135,140,275
146,128,274
142,130,272
157,112,269
170,130,300
177,139,316
169,133,302
161,111,272
156,91,247
153,85,238
146,108,254
146,107,253
160,122,282
172,152,324
155,168,323
156,146,302
153,145,298
162,131,293
167,127,294
153,119,272
149,123,272
137,127,264
127,126,253
146,110,256
148,110,258
144,113,257
130,110,240
134,105,239
136,112,248
132,108,240
136,106,242
144,123,267
176,109,285
170,91,261
180,90,270
140,80,220
135,107,242
125,105,230
140,91,231
156,116,272
155,111,266
148,133,281
149,124,273
147,109,256
142,105,247
154,137,291
176,115,291
191,104,295
174,137,311
169,117,286
160,116,276
148,133,281
120,151,271
134,155,289
157,150,307
165,150,315
160,152,312
163,137,300
166,141,307
150,176,326
154,187,341
131,220,351
122,240,362
138,219,357
157,196,353
188,157,345
216,108,324
207,92,299
178,119,297
158,123,281
149,113,262
150,101,251
142,96,238
113,91,204
134,120,254
148,111,259
167,135,302
185,128,313
187,127,314
183,107,290
168,118,286
177,120,297
181,164,345
207,140,347
196,140,336
171,135,306
145,138,283
172,133,305
185,129,314
174,144,318
155,169,324
150,200,350
175,175,350
200,143,343
208,131,339
207,123,330
179,120,299
199,130,329
182,113,295
159,111,270
160,91,251
144,139,283
163,126,289
156,117,273
172,116,288
172,101,273
147,142,289
180,120,300
174,127,301
165,124,289
145,117,262
144,115,259
148,103,251
149,154,303
169,236,405
265,110,375
281,103,384
239,96,335
127,97,224
133,93,226
139,80,219
135,107,242
128,118,246
90,126,216
121,133,254
122,135,257
111,137,248
125,142,267
139,136,275
141,126,267
140,146,286
135,160,295
126,171,297
133,167,300
136,169,305
135,181,316
125,193,318
126,190,316
125,190,315
147,162,309
198,116,314
215,96,311
197,107,304
162,97,259
152,85,237
153,129,282
158,137,295
168,134,302
150,137,287
127,144,271
125,145,270
152,124,276
157,125,282
152,120,272
144,124,268
152,113,265
157,98,255
160,90,250
145,155,300
178,120,298
204,139,343
203,125,328
173,100,273
168,108,276
146,132,278
179,114,293
182,113,295
181,103,284
139,101,240
139,93,232
130,89,219
131,140,271
132,143,275
128,136,264
129,135,264
109,146,255
121,159,280
123,162,285
130,178,308
137,173,310
138,169,307
119,172,291
138,147,285
147,141,288
134,146,280
123,168,291
133,178,311
146,171,317
151,164,315
151,166,317
181,135,316
182,121,303
189,113,302
149,117,266
127,113,240
140,123,263
131,119,250
150,104,254
154,102,256
148,105,253
156,132,288
157,128,285
152,127,279
151,127,278
153,108,261
159,98,257
135,97,232
131,96,227
111,101,212
123,128,251
127,155,282
134,183,317
128,187,315
116,193,309
140,170,310
149,167,316
153,171,324
127,175,302
128,189,317
134,198,332
164,165,329
178,167,345
201,156,357
166,255,421
158,343,501
129,358,487
117,371,488
247,256,503
316,191,507
357,143,500
195,118,313
210,102,312
175,98,273
160,98,258
143,137,280
129,135,264
132,135,267
137,130,267
123,117,240
124,119,243
132,111,243
132,108,240
134,103,237
120,104,224
122,134,256
123,149,272
129,163,292
141,164,305
154,184,338
151,179,330
138,172,310
142,154,296
142,136,278
141,139,280
136,134,270
121,133,254
120,132,252
124,129,253
121,129,250
128,123,251
120,128,248
123,130,253
112,128,240
137,107,244
137,113,250
125,112,237
117,112,229
119,122,241
121,119,240
124,111,235
122,105,227
129,107,236
121,114,235
124,114,238
126,114,240
128,113,241
113,107,220
123,110,233
103,106,209
121,90,211
131,87,218
109,94,203
122,99,221
136,84,220
140,125,265
136,149,285
114,152,266
122,147,269
111,145,256
128,146,274
91,149,240
127,135,262
146,150,296
122,170,292
135,179,314
144,179,323
151,176,327
139,193,332
131,215,346
133,210,343
132,205,337
192,138,330
201,116,317
204,101,305
147,94,241
132,83,215
133,112,245
131,126,257
141,115,256
139,106,245
147,92,239
145,114,259
131,139,270
135,135,270
135,143,278
174,101,275
180,100,280
174,156,330
176,133,309
184,122,306
187,144,331
182,102,284
187,151,338
194,122,316
166,105,271
158,99,257
127,91,218
141,95,236
140,97,237
126,101,227
132,138,270
155,151,306
197,135,332
188,131,319
143,131,274
139,127,266
128,134,262
126,142,268
124,147,271
133,150,283
161,143,304
189,137,326
191,146,337
171,141,312
141,130,271
149,116,265
155,106,261
153,121,274
139,116,255
146,145,291
174,114,288
169,108,277
185,170,355
186,155,341
188,155,343
166,153,319
119,154,273
140,157,297
139,149,288
124,148,272
121,144,265
112,139,251
120,135,255
120,135,255
123,140,263
121,146,267
122,157,279
132,149,281
159,136,295
144,136,280
145,151,296
128,147,275
130,169,299
135,183,318
134,190,324
132,187,319
141,177,318
154,161,315
167,168,335
176,150,326
173,134,307
167,122,289
143,115,258
130,113,243
136,201,337
187,162,349
192,165,357
191,155,346
144,164,308
192,157,349
190,156,346
186,158,344
173,157,330
163,178,341
174,183,357
171,180,351
192,159,351
180,150,330
197,126,323
198,100,298
189,155,344
196,136,332
193,108,301
199,124,323
171,120,291
149,125,274
153,135,288
155,137,292
161,127,288
149,118,267
165,93,258
164,94,258
156,125,281
157,130,287
150,130,280
152,122,274
146,115,261
157,124,281
156,121,277
152,112,264
162,94,256
141,127,268
141,146,287
143,143,286
144,144,288
156,139,295
141,141,282
147,144,291
136,165,301
152,187,339
164,190,354
153,206,359
148,206,354
152,186,338
152,166,318
191,125,316
188,108,296
186,92,278
151,83,234
130,103,233
134,104,238
137,128,265
157,118,275
179,137,316
195,137,332
186,155,341
166,143,309
147,135,282
148,127,275
138,115,253
142,106,248
141,89,230
148,116,264
152,115,267
156,117,273
169,123,292
160,138,298
170,134,304
148,122,270
151,101,252
91,96,187
115,131,246
149,115,264
165,144,309
164,132,296
156,150,306
158,162,320
114,168,282
158,150,308
155,145,300
135,145,280
132,145,277
132,140,272
134,155,289
133,166,299
147,156,303
144,167,311
163,162,325
135,181,316
133,190,323
145,174,319
166,149,315
191,126,317
175,104,279
168,100,268
160,156,316
164,152,316
164,152,316
149,154,303
93,165,258
119,202,321
102,210,312
131,205,336
148,174,322
166,152,318
147,149,296
168,135,303
156,125,281
148,116,264
157,104,261
159,122,281
156,118,274
141,107,248
151,118,269
154,91,245
163,129,292
179,121,300
160,117,277
160,108,268
151,96,247
123,97,220
145,93,238
129,93,222
129,126,255
145,130,275
146,129,275
147,133,280
125,143,268
137,144,281
132,156,288
123,161,284
135,159,294
131,164,295
136,182,318
127,201,328
118,218,336
130,225,355
145,215,360
162,218,380
177,210,387
142,205,347
172,189,361
162,186,348
157,187,344
145,177,322
141,169,310
143,161,304
142,162,304
144,153,297
145,143,288
138,124,262
146,103,249
141,95,236
145,140,285
152,112,264
194,96,290
183,114,297
166,122,288
170,115,285
182,107,289
170,113,283
160,113,273
175,169,344
175,169,344
177,157,334
167,147,314
150,126,276
178,101,279
178,121,299
181,107,288
171,117,288
165,104,269
152,95,247
155,139,294
148,136,284
162,122,284
166,110,276
155,98,253
161,131,292
162,123,285
154,119,273
156,115,271
143,107,250
154,224,378
280,134,414
289,140,429
320,153,473
256,187,443
212,198,410
222,180,402
210,166,376
230,156,386
225,141,366
214,163,377
230,159,389
242,182,424
284,152,436
255,155,410
276,111,387
233,97,330
184,111,295
150,97,247
150,144,294
150,144,294
149,129,278
159,112,271
145,104,249
149,100,249
147,88,235
143,140,283
150,163,313
146,162,308
175,119,294
164,112,276
175,115,290
138,142,280
127,159,286
124,158,282
143,155,298
144,149,293
145,133,278
167,92,259
186,117,303
170,116,286
160,114,274
162,144,306
190,148,338
184,136,320
183,127,310
170,107,277
153,108,261
153,185,338
184,159,343
190,167,357
195,161,356
113,163,276
155,153,308
154,144,298
142,144,286
146,137,283
141,121,262
143,119,262
138,116,254
129,134,263
128,136,264
115,144,259
128,143,271
122,167,289
123,185,308
129,191,320
126,198,324
132,198,330
152,171,323
168,144,312
165,133,298
146,124,270
132,110,242
135,114,249
134,115,249
127,113,240
138,109,247
130,108,238
127,110,237
154,99,253
151,107,258
98,111,209
123,113,236
115,108,223
103,116,219
114,133,247
122,136,258
125,124,249
138,126,264
132,138,270
124,183,307
143,173,316
156,167,323
179,149,328
172,150,322
163,223,386
158,298,456
147,301,448
124,308,432
197,232,429
275,165,440
312,125,437
264,127,391
224,109,333
195,98,293
176,128,304
159,146,305
161,146,307
158,152,310
151,160,311
153,174,327
160,179,339
162,194,356
169,201,370
158,228,386
154,233,387
170,202,372
189,185,374
201,149,350
205,124,329
214,101,315
191,94,285
164,100,264
140,96,236
140,132,272
145,144,289
154,140,294
154,139,293
146,136,282
132,142,274
119,146,265
127,147,274
128,143,271
131,147,278
130,163,293
131,162,293
135,160,295
137,162,299
128,162,290
141,142,283
149,128,277
126,118,244
122,114,236
128,105,233
133,101,234
136,97,233
146,86,232
148,104,252
135,100,235
131,98,229
136,122,258
149,125,274
182,132,314
185,132,317
190,124,314
186,143,329
177,130,307
185,133,318
175,127,302
164,183,347
196,140,336
187,131,318
182,140,322
111,154,265
120,154,274
132,153,285
137,153,290
128,168,296
127,184,311
126,193,319
121,191,312
126,184,310
156,150,306
175,130,305
213,119,332
198,117,315
180,134,314
191,118,309
180,109,289
193,130,323
166,135,301
158,137,295
132,139,271
125,147,272
142,176,318
136,197,333
134,212,346
148,195,343
143,189,332
152,181,333
153,148,301
165,130,295
155,115,270
153,106,259
144,111,255
142,100,242
151,96,247
141,109,250
143,106,249
157,101,258
155,109,264
155,104,259
147,105,252
149,118,267
170,115,285
181,104,285
173,91,264
150,90,240
142,89,231
129,112,241
144,97,241
151,146,297
176,118,294
171,108,279
172,133,305
158,114,272
184,132,316
194,123,317
173,122,295
182,96,278
172,91,263
162,105,267
144,100,244
132,100,232
137,96,233
122,98,220
127,104,231
124,107,231
124,105,229
124,104,228
125,105,230
121,138,259
129,142,271
135,140,275
155,129,284
149,122,271
143,140,283
133,171,304
125,197,322
117,206,323
115,215,330
128,184,312
159,175,334
172,159,331
144,159,303
139,159,298
124,159,283
131,174,305
139,182,321
118,187,305
128,193,321
136,183,319
139,177,316
153,189,342
136,202,338
130,210,340
130,206,336
160,170,330
190,155,345
189,147,336
163,145,308
139,131,270
168,142,310
191,123,314
187,119,306
163,114,277
156,92,248
162,97,259
148,95,243
131,85,216
130,116,246
131,132,263
135,139,274
134,146,280
126,179,305
150,151,301
169,129,298
180,108,288
158,100,258
156,95,251
137,88,225
146,116,262
140,128,268
138,122,260
145,121,266
135,125,260
125,127,252
114,136,250
132,131,263
132,130,262
136,117,253
143,122,265
163,116,279
187,97,284
184,101,285
150,127,277
148,140,288
152,150,302
151,156,307
140,164,304
129,170,299
159,157,316
160,153,313
162,152,314
158,136,294
180,119,299
193,143,336
200,135,335
209,96,305
194,108,302
177,110,287
138,98,236
153,120,273
149,121,270
150,113,263
149,145,294
174,125,299
175,114,289
166,105,271
134,97,231
132,95,227
129,126,255
141,135,276
143,146,289
138,160,298
127,174,301
128,186,314
123,189,312
127,183,310
131,187,318
149,163,312
162,151,313
190,121,311
174,115,289
166,115,281
134,106,240
137,104,241
139,130,269
139,125,264
144,113,257
145,94,239
132,91,223
141,88,229
130,124,254
140,108,248
146,113,259
148,129,277
161,149,310
187,125,312
199,120,319
152,123,275
126,150,276
127,171,298
148,158,306
155,145,300
142,141,283
129,138,267
112,122,234
141,124,265
137,121,258
113,119,232
131,114,245
137,115,252
129,106,235
126,107,233
110,132,242
114,132,246
124,125,249
134,117,251
133,113,246
123,116,239
127,113,240
130,113,243
138,122,260
141,141,282
135,152,287
126,152,278
107,162,269
142,171,313
136,181,317
120,191,311
139,210,349
148,215,363
130,209,339
157,190,347
163,192,355
170,200,370
162,198,360
144,204,348
156,176,332
172,178,350
176,179,355
150,167,317
148,154,302
142,146,288
136,135,271
142,127,269
135,119,254
163,127,290
190,98,288
194,134,328
196,128,324
163,116,279
162,113,275
134,112,246
119,122,241
126,139,265
128,146,274
138,137,275
162,114,276
173,149,322
187,135,322
205,123,328
201,108,309
177,120,297
171,108,279
165,119,284
163,104,267
156,92,248
149,119,268
154,122,276
152,115,267
146,98,244
153,109,262
155,98,253
151,121,272
162,106,268
158,116,274
165,114,279
150,170,320
185,138,323
169,127,296
186,109,295
121,89,210
160,111,271
154,112,266
148,105,253
145,100,245
145,112,257
144,113,257
153,99,252
156,111,267
158,148,306
185,122,307
185,126,311
190,122,312
167,169,336
188,164,352
183,171,354
188,163,351
175,161,336
193,223,416
285,115,400
282,114,396
255,110,365
143,97,240
145,93,238
138,99,237
130,99,229
129,101,230
130,100,230
122,94,216
130,94,224
134,101,235
132,111,243
127,111,238
136,100,236
145,83,228
141,102,243
120,111,231
128,113,241
126,149,275
127,160,287
142,180,322
148,190,338
140,196,336
150,173,323
154,164,318
128,159,287
138,162,300
116,168,284
126,175,301
126,172,298
126,193,319
130,207,337
117,220,337
131,215,346
171,190,361
173,198,371
172,184,356
148,177,325
142,164,306
155,128,283
180,100,280
180,91,271
152,132,284
158,126,284
155,113,268
159,108,267
162,93,255
159,99,258
155,100,255
134,116,250
148,109,257
148,99,247
145,87,232
145,147,292
141,142,283
145,151,296
145,154,299
128,155,283
120,153,273
144,143,287
139,148,287
145,155,300
140,145,285
138,135,273
134,137,271
133,127,260
153,99,252
169,119,288
172,107,279
158,105,263
144,105,249
138,106,244
147,90,237
153,114,267
136,119,255
142,131,273
136,125,261
131,117,248
132,103,235
130,102,232
132,97,229
123,86,209
126,87,213
132,156,288
152,130,282
162,116,278
165,110,275
124,125,249
153,122,275
178,255,433
171,276,447
138,272,410
151,251,402
254,145,399
264,123,387
185,138,323
167,134,301
175,109,284
165,95,260
162,116,278
150,103,253
148,130,278
170,120,290
172,134,306
200,122,322
183,109,292
167,98,265
153,86,239
147,119,266
146,112,258
158,88,246
168,112,280
153,107,260
146,104,250
148,127,275
162,116,278
184,152,336
199,134,333
168,116,284
167,115,282
138,128,266
126,134,260
121,140,261
132,157,289
133,170,303
131,168,299
118,179,297
117,187,304
129,161,290
146,148,294
166,132,298
147,122,269
117,111,228
151,90,241
140,82,222
141,150,291
130,155,285
130,157,287
132,164,296
103,175,278
134,234,368
151,250,401
143,250,393
131,255,386
199,197,396
240,181,421
251,180,431
194,177,371
160,179,339
155,164,319
159,145,304
171,125,296
153,128,281
136,136,272
121,138,259
119,133,252
117,139,256
126,137,263
133,143,276
129,160,289
129,175,304
122,169,291
142,164,306
157,152,309
153,147,300
117,147,264
150,154,304
138,153,291
131,146,277
149,143,292
151,141,292
150,150,300
119,168,287
126,186,312
107,183,290
110,177,287
120,154,274
171,122,293
188,110,298
179,94,273
146,165,311
149,144,293
154,156,310
149,163,312
102,166,268
135,157,292
118,151,269
129,136,265
144,117,261
150,101,251
167,139,306
149,151,300
172,134,306
161,131,292
155,136,291
149,131,280
143,136,279
143,130,273
137,131,268
138,134,272
157,121,278
159,122,281
157,125,282
139,130,269
136,134,270
137,132,269
136,136,272
139,137,276
146,134,280
145,129,274
142,133,275
137,136,273
142,132,274
142,137,279
140,139,279
143,128,271
143,134,277
144,140,284
141,136,277
140,139,279
142,139,281
138,140,278
139,141,280
142,141,283
142,140,282
143,140,283
142,140,282
142,141,283
142,140,282
142,141,283
142,139,281
142,140,282
142,139,281
141,140,281
141,139,280
141,135,276
141,136,277
143,137,280
147,133,280
144,131,275
142,139,281
136,137,273
144,133,277
143,136,279
148,133,281
142,129,271
141,134,275
136,137,273
142,133,275
142,130,272
141,132,273
136,136,272
142,133,275
142,152,294
140,178,318
135,199,334
147,206,353
180,200,380
208,170,378
218,134,352
197,118,315
172,106,278
145,96,241
128,86,214
98,119,217
129,125,254
142,112,254
144,141,285
167,140,307
147,150,297
177,170,347
141,173,314
117,184,301
134,190,324
122,201,323
129,211,340
130,203,333
148,198,346
157,179,336
159,157,316
171,146,317
156,151,307
117,148,265
119,151,270
106,171,277
113,197,310
100,200,300
127,190,317
122,177,299
220,145,365
248,115,363
260,179,439
210,196,406
196,202,398
186,208,394
123,222,345
153,215,368
169,202,371
195,194,389
180,187,367
173,192,365
137,192,329
158,170,328
167,163,330
172,179,351
155,177,332
142,165,307
136,149,285
147,127,274
146,124,270
154,115,269
157,107,264
149,95,244
131,84,215
105,138,243
120,168,288
115,166,281
154,156,310
141,159,300
128,149,277
155,142,297
156,127,283
157,121,278
161,139,300
178,123,301
173,123,296
146,126,272
116,131,247
92,127,219
124,127,251
107,141,248
126,158,284
125,162,287
119,162,281
103,157,260
166,108,274
162,112,274
159,140,299
153,124,277
167,185,352
201,159,360
178,160,338
151,178,329
89,181,270
118,185,303
106,188,294
165,130,295
212,87,299
215,120,335
148,149,297
137,156,293
140,167,307
122,162,284
126,169,295
117,169,286
200,123,323
214,124,338
229,107,336
163,105,268
145,94,239
142,127,269
125,113,238
149,98,247
141,103,244
133,111,244
145,120,265
151,118,269
161,109,270
159,129,288
157,122,279
154,119,273
154,114,268
172,85,257
142,114,256
143,133,276
125,128,253
144,128,272
128,128,256
124,133,257
132,145,277
132,151,283
148,129,277
153,115,268
157,99,256
142,92,234
127,130,257
141,112,253
140,106,246
131,95,226
116,81,197
144,101,245
134,96,230
134,88,222
114,99,213
126,103,229
152,143,295
171,129,300
164,139,303
147,149,296
115,152,267
124,163,287
115,185,300
115,184,299
109,182,291
127,181,308
149,142,291
174,117,291
163,107,270
155,98,253
152,102,254
155,97,252
145,87,232
145,124,269
144,116,260
125,104,229
161,93,254
140,98,238
123,123,246
157,98,255
164,100,264
168,103,271
153,88,241
151,110,261
157,92,249
148,119,267
152,105,257
149,90,239
157,117,274
150,106,256
152,101,253
147,91,238
133,104,237
138,105,243
145,104,249
158,116,274
160,104,264
161,126,287
132,144,276
126,164,290
138,166,304
132,156,288
132,158,290
144,165,309
158,159,317
188,173,361
209,156,365
219,139,358
228,112,340
204,191,395
275,182,457
317,148,465
348,130,478
267,149,416
228,117,345
207,103,310
196,147,343
176,116,292
175,129,304
190,105,295
173,161,334
186,167,353
189,138,327
195,121,316
177,124,301
195,157,352
207,146,353
197,158,355
174,172,346
138,177,315
146,180,326
163,156,319
164,150,314
167,148,315
133,146,279
154,135,289
157,127,284
156,134,290
134,139,273
119,143,262
117,147,264
120,153,273
116,165,281
118,174,292
122,174,296
124,168,292
137,151,288
156,125,281
167,112,279
162,100,262
153,98,251
160,108,268
170,103,273
148,96,244
149,89,238
144,101,245
138,99,237
126,96,222
121,94,215
113,89,202
124,92,216
124,102,226
106,105,211
127,107,234
118,115,233
120,119,239
121,127,248
117,128,245
121,129,250
124,126,250
103,125,228
118,135,253
126,147,273
125,151,276
122,150,272
127,177,304
131,182,313
111,186,297
115,188,303
128,176,304
138,171,309
148,157,305
134,152,286
127,141,268
128,135,263
136,118,254
150,106,256
165,93,258
146,109,255
144,94,238
145,135,280
148,276,424
160,270,430
168,253,421
191,238,429
232,199,431
218,175,393
201,166,367
159,165,324
134,185,319
123,204,327
119,203,322
127,197,324
148,168,316
178,151,329
170,141,311
159,131,290
139,119,258
166,118,284
166,109,275
170,97,267
147,86,233
127,96,223
118,87,205
142,100,242
143,88,231
131,118,249
127,110,237
137,99,236
122,101,223
131,116,247
163,83,246
143,119,262
189,95,284
165,81,246
165,108,273
151,103,254
165,106,271
171,140,311
192,130,322
205,99,304
203,96,299
161,114,275
141,132,273
145,148,293
148,147,295
151,156,307
180,143,323
181,149,330
196,154,350
191,158,349
204,135,339
192,115,307
173,106,279
166,102,268
159,108,267
157,146,303
187,168,355
231,130,361
250,133,383
239,148,387
213,124,337
229,138,367
218,127,345
198,115,313
189,108,297
174,106,280
168,131,299
183,116,299
176,118,294
172,134,306
152,136,288
157,130,287
151,146,297
139,150,289
133,143,276
137,134,271
142,122,264
136,112,248
141,99,240
130,92,222
131,83,214
130,112,242
137,105,242
147,107,254
128,102,230
139,100,239
138,99,237
117,100,217
128,92,220
131,91,222
131,82,213
135,92,227
135,97,232
126,93,219
128,95,223
124,99,223
126,95,221
135,110,245
136,110,246
141,98,239
159,98,257
137,98,235
146,93,239
129,84,213
134,98,232
131,104,235
130,107,237
131,119,250
129,121,250
128,122,250
130,124,254
127,119,246
127,116,243
114,108,222
118,103,221
123,103,226
119,103,222
126,97,223
120,92,212
127,84,211
137,100,237
137,98,235
132,101,233
126,101,227
128,95,223
133,92,225
133,95,228
134,92,226
127,103,230
144,93,237
138,95,233
138,90,228
131,95,226
134,87,221
131,103,234
127,106,233
135,100,235
126,95,221
129,93,222
128,90,218
129,101,230
135,101,236
139,102,241
130,99,229
137,103,240
141,94,235
142,82,224
129,96,225
134,89,223
122,81,203
139,94,233
132,85,217
126,100,226
144,115,259
166,106,272
179,99,278
155,89,244
147,109,256
147,117,264
146,119,265
147,117,264
148,115,263
140,119,259
124,117,241
134,116,250
151,96,247
155,93,248
149,143,292
133,151,284
155,141,296
159,136,295
130,125,255
147,115,262
136,105,241
136,105,241
134,97,231
142,102,244
152,86,238
148,121,269
141,124,265
143,116,259
141,115,256
123,117,240
108,129,237
129,135,264
129,143,272
122,133,255
142,122,264
135,113,248
132,104,236
138,99,237
134,110,244
139,108,247
146,106,252
147,124,271
164,109,273
174,95,269
170,114,284
139,116,255
117,114,231
129,101,230
122,114,236
108,119,227
124,147,271
141,136,277
127,137,264
169,124,293
158,110,268
159,115,274
157,127,284
150,127,277
149,149,298
147,184,331
141,179,320
194,130,324
201,122,323
220,169,389
208,148,356
217,165,382
201,179,380
184,171,355
190,170,360
192,154,346
205,122,327
205,105,310
173,197,370
194,184,378
169,189,358
156,194,350
71,202,273
132,186,318
169,193,362
138,193,331
131,200,331
124,171,295
142,166,308
143,183,326
129,163,292
150,147,297
156,135,291
141,128,269
128,121,249
128,113,241
122,106,228
124,99,223
117,98,215
124,100,224
130,105,235
144,86,230
148,88,236
128,84,212
122,106,228
121,112,233
124,109,233
125,104,229
118,101,219
123,104,227
114,101,215
124,97,221
120,91,211
119,83,202
130,103,233
131,110,241
129,125,254
120,127,247
122,123,245
140,103,243
142,101,243
140,99,239
122,99,221
122,100,222
122,99,221
121,99,220
121,98,219
124,95,219
130,94,224
134,85,219
134,77,211
134,90,224
126,90,216
122,88,210
128,87,215
126,88,214
125,91,216
136,104,240
135,100,235
155,116,271
159,106,265
162,101,263
154,89,243
146,115,261
157,105,262
152,104,256
151,144,295
168,140,308
160,145,305
150,155,305
118,175,293
133,174,307
134,175,309
117,172,289
111,158,269
139,151,290
127,150,277
124,145,269
116,139,255
121,133,254
118,127,245
124,127,251
121,122,243
113,119,232
122,113,235
119,112,231
122,108,230
123,103,226
122,104,226
111,98,209
116,97,213
122,95,217
121,91,212
123,86,209
121,84,205
122,84,206
120,82,202
121,82,203
121,79,200
124,95,219
117,93,210
124,89,213
121,88,209
115,85,200
133,107,240
132,117,249
130,121,251
121,130,251
120,133,253
117,119,236
137,125,262
135,141,276
106,149,255
130,157,287
131,160,291
136,169,305
136,175,311
130,172,302
129,167,296
127,166,293
117,164,281
138,160,298
140,162,302
135,159,294
135,163,298
159,144,303
153,137,290
148,145,293
129,144,273
119,140,259
128,126,254
139,109,248
141,102,243
132,105,237
121,104,225
122,101,223
121,127,248
123,139,262
135,141,276
146,135,281
144,129,273
147,142,289
147,156,303
127,180,307
172,168,340
197,147,344
230,131,361
219,251,470
311,260,571
419,130,549
431,158,589
328,141,469
209,121,330
198,116,314
175,111,286
176,133,309
177,139,316
182,143,325
169,156,325
155,170,325
149,188,337
137,212,349
141,230,371
139,235,374
167,210,377
194,184,378
205,175,380
173,178,351
143,173,316
134,177,311
135,180,315
135,182,317
141,180,321
142,180,322
140,179,319
136,180,316
154,163,317
162,153,315
164,149,313
147,147,294
140,148,288
141,146,287
141,146,287
140,146,286
138,148,286
135,149,284
137,147,284
132,147,279
136,145,281
136,146,282
136,148,284
134,147,281
136,148,284
136,150,286
134,147,281
136,147,283
135,150,285
137,148,285
136,147,283
135,147,282
135,148,283
135,147,282
137,146,283
137,148,285
144,140,284
143,142,285
142,146,288
136,149,285
136,149,285
134,158,292
177,293,470
205,294,499
238,251,489
255,191,446
241,179,420
184,156,340
169,118,287
191,87,278
189,193,382
234,119,353
214,101,315
225,148,373
143,152,295
121,154,275
154,134,288
114,125,239
161,106,267
153,108,261
148,138,286
139,117,256
167,102,269
157,89,246
141,81,222
103,107,210
116,121,237
118,116,234
136,113,249
135,120,255
110,116,226
162,127,289
174,114,288
163,102,265
155,95,250
149,128,277
142,123,265
148,114,262
160,105,265
157,113,270
127,115,242
149,98,247
154,115,269
179,126,305
180,103,283
165,86,251
148,125,273
138,129,267
141,126,267
145,126,271
148,118,266
127,108,235
159,106,265
144,83,227
147,154,301
146,157,303
172,142,314
166,144,310
152,135,287
155,144,299
150,151,301
136,152,288
107,146,253
119,155,274
103,156,259
123,152,275
91,193,284
121,190,311
103,189,292
188,130,318
198,110,308
163,148,311
175,113,288
183,162,345
180,177,357
172,174,346
181,175,356
192,172,364
217,159,376
222,170,392
190,174,364
168,181,349
162,188,350
197,149,346
215,127,342
214,145,359
177,168,345
171,138,309
189,111,300
215,156,371
209,147,356
186,134,320
167,137,304
113,140,253
123,140,263
123,139,262
120,136,256
130,128,258
131,134,265
129,152,281
119,163,282
119,172,291
117,175,292
115,173,288
112,152,264
149,175,324
143,192,335
130,212,342
127,211,338
152,187,339
174,175,349
173,160,333
189,139,328
179,145,324
169,143,312
157,133,290
166,143,309
166,171,337
169,169,338
169,183,352
173,190,363
180,167,347
188,170,358
203,166,369
205,128,333
192,120,312
184,105,289
126,102,228
136,108,244
112,103,215
114,103,217
119,132,251
101,158,259
108,163,271
125,161,286
128,163,291
127,162,289
115,168,283
119,168,287
92,162,254
119,162,281
119,176,295
135,179,314
116,181,297
122,183,305
159,143,302
174,136,310
194,115,309
167,118,285
152,113,265
125,102,227
134,91,225
97,90,187
122,92,214
135,83,218
118,139,257
142,114,256
145,111,256
144,102,246
111,84,195
138,114,252
125,119,244
145,130,275
171,109,280
173,101,274
158,87,245
143,136,279
144,131,275
136,126,262
146,112,258
159,96,255
152,90,242
124,135,259
132,149,281
117,152,269
121,146,267
98,146,244
123,148,271
112,159,271
125,170,295
133,170,303
117,170,287
155,161,316
159,151,310
141,158,299
129,150,279
119,163,282
125,170,295
115,173,288
104,176,280
137,153,290
124,141,265
150,130,280
140,135,275
108,174,282
116,181,297
118,191,309
168,149,317
194,124,318
209,95,304
188,82,270
164,137,301
140,118,258
146,110,256
149,109,258
146,139,285
161,152,313
147,143,290
138,138,276
125,136,261
153,124,277
177,149,326
186,124,310
175,111,286
161,90,251
126,127,253
155,120,275
145,121,266
151,137,288
166,92,258
203,122,325
206,121,327
172,104,276
165,114,279
159,159,318
161,161,322
182,175,357
208,143,351
211,127,338
213,148,361
175,145,320
151,149,300
151,166,317
147,182,329
153,188,341
163,176,339
164,157,321
195,144,339
210,174,384
260,152,412
290,180,470
281,151,432
214,148,362
179,147,326
153,153,306
166,153,319
205,124,329
224,149,373
239,124,363
209,148,357
205,124,329
206,97,303
202,114,316
155,111,266
151,99,250
143,87,230
154,123,277
153,112,265
150,109,259
136,121,257
124,116,240
115,101,216
163,104,267
148,114,262
132,128,260
120,146,266
122,151,273
106,161,267
126,169,295
126,180,306
129,178,307
129,180,309
109,176,285
139,140,279
179,119,298
185,139,324
168,144,312
166,160,326
171,142,313
137,152,289
191,157,348
181,150,331
168,131,299
168,107,275
170,98,268
164,101,265
142,136,278
160,97,257
174,84,258
172,100,272
127,106,233
106,144,250
175,126,301
170,132,302
154,136,290
136,138,274
148,131,279
147,123,270
148,118,266
137,116,253
123,116,239
113,118,231
116,126,242
131,118,249
133,120,253
131,117,248
130,141,271
120,166,286
126,176,302
147,167,314
147,167,314
129,159,288
129,150,279
134,138,272
138,126,264
101,114,215
143,88,231
155,118,273
155,110,265
149,104,253
154,128,282
163,103,266
161,106,267
144,108,252
110,115,225
95,127,222
123,127,250
111,123,234
90,128,218
119,132,251
110,125,235
128,117,245
104,107,211
130,105,235
137,105,242
128,94,222
132,99,231
128,103,231
105,101,206
130,100,230
116,99,215
112,99,211
127,96,223
116,86,202
126,86,212
124,119,243
106,129,235
133,127,260
134,133,267
133,159,292
112,173,285
118,168,286
116,169,285
129,162,291
131,159,290
128,206,334
127,237,364
97,268,365
123,274,397
170,209,379
233,183,416
242,203,445
171,209,380
141,225,366
145,235,380
171,236,407
180,244,424
206,214,420
209,198,407
222,185,407
216,167,383
209,147,356
233,109,342
220,94,314
196,164,360
182,166,348
165,194,359
181,171,352
145,156,301
199,140,339
195,137,332
187,146,333
168,140,308
157,140,297
141,137,278
141,131,272
133,126,259
159,113,272
151,105,256
137,107,244
125,95,220
117,99,216
122,104,226
97,99,196
115,98,213
105,98,203
101,102,203
122,107,229
116,102,218
122,107,229
124,107,231
102,109,211
118,104,222
97,107,204
127,124,251
139,372,511
402,131,533
399,132,531
389,145,534
111,146,257
96,146,242
128,152,280
102,150,252
110,152,262
118,147,265
120,141,261
120,131,251
124,125,249
124,121,245
120,121,241
119,128,247
98,152,250
127,172,299
122,177,299
128,177,305
131,172,303
126,166,292
139,137,276
147,131,278
147,125,272
121,120,241
126,111,237
120,106,226
121,110,231
115,115,230
119,117,236
118,112,230
119,113,232
146,121,267
154,111,265
167,124,291
149,141,290
132,151,283
139,134,273
139,118,257
164,108,272
176,109,285
176,113,289
148,131,279
165,204,369
165,236,401
168,223,391
159,204,363
198,149,347
214,106,320
248,153,401
210,147,357
178,134,312
155,135,290
119,117,236
156,109,265
157,121,278
156,116,272
152,128,280
174,133,307
199,108,307
183,92,275
156,111,267
130,111,241
126,119,245
148,112,260
145,138,283
159,112,271
159,121,280
155,111,266
138,103,241
121,101,222
103,96,199
124,87,211
110,88,198
120,83,203
123,114,237
110,112,222
122,111,233
116,116,232
115,136,251
113,147,260
113,153,266
127,146,273
135,146,281
130,143,273
123,143,266
111,144,255
128,140,268
108,150,258
124,178,302
100,199,299
142,192,334
167,163,330
200,124,324
225,122,347
215,110,325
189,100,289
142,148,290
191,107,298
201,124,325
202,116,318
168,123,291
165,127,292
165,144,309
177,149,326
185,147,332
190,138,328
201,156,357
227,132,359
217,131,348
172,132,304
158,146,304
157,120,277
186,103,289
172,116,288
166,129,295
185,163,348
223,147,370
217,152,369
187,151,338
139,164,303
136,180,316
129,179,308
131,174,305
128,180,308
148,151,299
177,128,305
191,125,316
167,147,314
139,158,297
124,166,290
130,162,292
138,162,300
141,166,307
133,189,322
128,199,327
108,205,313
141,194,335
158,184,342
140,209,349
142,211,353
142,195,337
144,178,322
188,129,317
207,93,300
199,109,308
175,102,277
146,90,236
147,102,249
150,90,240
148,137,285
148,124,272
146,113,259
141,107,248
135,97,232
152,104,256
155,95,250
146,93,239
142,81,223
133,142,275
135,129,264
154,116,270
147,116,263
135,114,249
129,108,237
136,100,236
137,100,237
137,103,240
137,104,241
142,104,246
134,94,228
144,96,240
154,90,244
149,99,248
146,85,231
141,116,257
145,105,250
134,93,227
139,111,250
143,99,242
155,109,264
159,90,249
168,102,270
155,113,268
139,109,248
141,93,234
152,128,280
151,118,269
153,115,268
158,95,253
151,88,239
153,85,238
136,98,234
126,94,220
116,117,233
144,121,265
152,120,272
150,118,268
141,122,263
147,94,241
148,98,246
157,94,251
131,92,223
128,100,228
133,92,225
135,100,235
140,98,238
140,85,225
142,114,256
134,125,259
131,121,252
129,130,259
123,139,262
121,144,265
125,149,274
129,148,277
129,152,281
132,153,285
135,158,293
136,161,297
132,169,301
130,171,301
126,179,305
127,186,313
139,177,316
143,174,317
145,180,325
131,178,309
137,173,310
138,171,309
138,178,316
126,178,304
134,183,317
135,183,318
136,189,325
126,190,316
145,177,322
145,177,322
153,179,332
134,179,313
139,180,319
133,181,314
141,178,319
136,176,312
141,175,316
134,174,308
136,178,314
128,222,350
137,229,366
135,235,370
141,236,377
181,193,374
188,193,381
197,185,382
135,215,350
148,236,384
143,243,386
150,245,395
184,224,408
204,205,409
247,158,405
216,157,373
193,163,356
152,157,309
163,137,300
185,119,304
184,111,295
172,109,281
151,109,260
139,111,250
140,118,258
141,124,265
148,126,274
176,108,284
179,109,288
179,116,295
158,122,280
155,130,285
154,135,289
154,136,290
156,126,282
160,131,291
158,151,309
180,114,294
181,95,276
181,184,365
158,179,337
138,180,318
138,161,299
122,113,235
189,122,311
202,126,328
164,125,289
118,146,264
113,160,273
126,162,288
139,155,294
138,159,297
129,162,291
128,186,314
118,190,308
114,187,301
117,184,301
193,94,287
223,91,314
210,97,307
140,112,252
126,124,250
122,139,261
113,163,276
123,166,289
142,171,313
155,169,324
149,175,324
141,185,326
125,192,317
102,180,282
134,185,319
147,191,338
148,192,340
149,185,334
139,185,324
156,165,321
163,179,342
186,171,357
192,147,339
210,113,323
202,104,306
196,96,292
158,104,262
146,97,243
136,102,238
144,161,305
162,141,303
189,127,316
199,185,384
215,155,370
258,126,384
252,122,374
185,106,291
155,92,247
156,95,251
143,89,232
115,131,246
130,152,282
133,150,283
135,146,281
119,138,257
102,125,227
119,114,233
131,106,237
139,89,228
128,89,217
124,151,275
161,137,298
152,125,277
167,112,279
148,101,249
156,140,296
167,126,293
158,112,270
155,123,278
150,108,258
155,110,265
146,138,284
153,144,297
147,135,282
174,106,280
181,111,292
186,117,303
168,109,277
134,106,240
137,95,232
150,150,300
152,166,318
138,158,296
126,162,288
108,156,264
124,164,288
108,179,287
121,194,315
103,197,300
156,179,335
160,187,347
156,186,342
119,196,315
140,194,334
143,195,338
139,205,344
141,184,325
157,173,330
148,227,375
134,252,386
213,185,398
233,169,402
235,176,411
196,141,337
196,132,328
200,130,330
205,148,353
211,187,398
209,190,399
197,194,391
187,176,363
208,157,365
210,154,364
176,167,343
162,167,329
158,162,320
171,146,317
177,136,313
192,158,350
216,138,354
220,127,347
203,127,330
169,134,303
175,115,290
186,164,350
193,164,357
193,138,331
187,119,306
196,144,340
196,129,325
217,162,379
222,155,377
202,148,350
198,204,402
179,198,377
239,157,396
232,157,389
226,198,424
157,188,345
210,179,389
360,233,593
116,240,356
190,252,442
247,258,505
258,190,448
275,145,420
319,142,461
168,174,342
225,194,419
254,219,473
276,175,451
274,151,425
250,166,416
196,140,336
231,126,357
196,171,367
175,131,306
195,123,318
211,138,349
164,139,303
170,141,311
168,154,322
161,153,314
169,147,316
156,155,311
148,276,424
314,141,455
344,138,482
346,153,499
183,153,336
206,171,377
230,158,388
216,149,365
175,169,344
136,187,323
150,194,344
162,164,326
160,170,330
176,180,356
135,321,456
133,397,530
106,396,502
177,378,555
306,295,601
322,223,545
263,203,466
229,178,407
191,169,360
175,154,329
186,122,308
186,153,339
196,165,361
190,148,338
210,120,330
205,113,318
171,117,288
176,183,359
197,134,331
249,149,398
267,147,414
215,141,356
177,137,314
171,114,285
182,101,283
187,144,331
181,147,328
186,149,335
192,154,346
208,123,331
200,146,346
234,141,375
199,165,364
247,166,413
236,135,371
227,182,409
231,214,445
257,186,443
248,224,472
217,255,472
178,287,465
226,260,486
256,240,496
197,233,430
255,283,538
220,280,500
309,192,501
302,172,474
313,155,468
185,131,316
208,142,350
213,125,338
202,108,310
189,101,290
158,197,355
170,185,355
190,167,357
168,182,350
111,181,292
135,186,321
128,182,310
137,200,337
145,199,344
178,157,335
191,137,328
197,118,315
172,106,278
160,189,349
185,153,338
194,141,335
188,129,317
147,109,256
178,185,363
166,168,334
211,147,358
189,165,354
135,153,288
187,111,298
167,180,347
237,142,379
204,146,350
202,142,344
145,145,290
177,134,311
172,185,357
175,189,364
222,149,371
230,139,369
236,128,364
167,142,309
181,142,323
205,138,343
178,146,324
183,148,331
182,138,320
195,124,319
174,109,283
183,168,351
180,150,330
194,137,331
203,113,316
142,116,258
185,128,313
167,133,300
171,116,287
160,127,287
167,136,303
168,124,292
178,107,285
177,98,275
151,136,287
176,104,280
182,121,303
188,116,304
162,107,269
171,110,281
163,109,272
151,116,267
161,117,278
158,121,279
169,158,327
188,141,329
166,157,323
191,151,342
146,148,294
156,134,290
165,107,272
178,107,285
167,98,265
157,140,297
156,143,299
150,139,289
184,113,297
167,111,278
181,117,298
154,126,280
153,123,276
139,130,269
158,120,278
159,163,322
199,155,354
229,150,379
241,153,394
228,142,370
174,196,370
251,175,426
267,118,385
302,202,504
242,197,439
212,172,384
233,163,396
187,147,334
199,154,353
196,173,369
143,217,360
226,197,423
182,175,357
256,169,425
261,134,395
255,158,413
226,171,397
187,169,356
203,164,367
229,178,407
234,206,440
226,226,452
205,225,430
212,207,419
222,172,394
253,141,394
224,170,394
249,151,400
237,186,423
211,195,406
209,233,442
213,220,433
204,181,385
188,196,384
320,158,478
108,158,266
164,154,318
195,156,351
195,173,368
253,148,401
268,177,445
243,172,415
223,165,388
255,173,428
284,154,438
277,119,396
266,149,415
210,151,361
168,132,300
207,152,359
208,148,356
193,164,357
171,173,344
150,205,355
237,154,391
265,129,394
235,114,349
188,152,340
183,159,342
186,172,358
179,162,341
155,167,322
194,160,354
229,126,355
265,157,422
253,140,393
205,129,334
194,173,367
190,153,343
224,127,351
220,135,355
185,165,350
226,125,351
243,186,429
241,206,447
193,217,410
198,257,455
193,270,463
213,270,483
213,283,496
188,281,469
226,234,460
225,231,456
245,197,442
217,189,406
210,195,405
179,202,381
217,142,359
223,149,372
227,135,362
195,135,330
205,135,340
201,158,359
211,160,371
191,190,381
177,212,389
165,214,379
195,201,396
197,210,407
190,242,432
165,253,418
200,239,439
216,233,449
266,194,460
320,297,617
311,297,608
162,356,518
254,268,522
135,239,374
259,172,431
320,195,515
290,150,440
226,183,409
263,206,469
278,222,500
294,266,560
319,160,479
330,207,537
298,170,468
270,160,430
243,170,413
265,178,443
255,155,410
216,184,400
250,153,403
246,161,407
244,152,396
213,169,382
209,166,375
197,201,398
195,204,399
185,204,389
196,199,395
203,205,408
215,197,412
207,189,396
206,189,395
209,196,405
212,191,403
211,191,402
205,197,402
204,189,393
208,186,394
192,174,366
217,139,356
243,179,422
260,158,418
243,158,401
231,137,368
206,127,333
216,137,353
192,139,331
144,154,298
212,141,353
136,177,313
220,179,399
235,191,426
234,212,446
200,198,398
212,212,424
308,217,525
286,192,478
161,186,347
210,178,388
180,170,350
187,156,343
189,150,339
197,138,335
200,209,409
246,200,446
281,157,438
320,143,463
252,146,398
208,165,373
111,197,308
141,196,337
196,188,384
201,178,379
160,165,325
216,215,431
204,176,380
213,168,381
227,143,370
186,110,296
173,86,259
168,80,248
222,231,453
110,220,330
172,282,454
232,290,522
184,296,480
212,304,516
269,274,543
246,297,543
230,322,552
156,316,472
232,294,526
234,268,502
237,268,505
218,259,477
202,256,458
216,234,450
226,212,438
253,174,427
280,197,477
267,196,463
263,190,453
193,194,387
140,183,323
228,268,496
275,340,615
268,346,614
215,325,540
190,304,494
347,183,530
205,162,367
349,182,531
133,178,311
194,154,348
188,143,331
163,142,305
182,131,313
177,116,293
163,109,272
170,149,319
172,154,326
183,154,337
171,142,313
158,123,281
179,106,285
184,106,290
172,139,311
153,137,290
167,154,321
157,158,315
160,140,300
184,119,303
204,130,334
195,133,328
172,165,337
164,152,316
203,144,347
233,116,349
226,120,346
191,144,335
201,121,322
210,107,317
192,201,393
175,195,370
213,190,403
243,167,410
176,167,343
234,154,388
233,155,388
231,141,372
249,205,454
223,200,423
230,196,426
289,230,519
302,222,524
238,218,456
235,218,453
178,251,429
189,250,439
164,256,420
167,249,416
218,243,461
221,267,488
161,258,419
148,258,406
233,174,407
247,165,412
249,157,406
172,158,330
170,144,314
177,135,312
204,153,357
220,141,361
211,145,356
190,141,331
187,142,329
193,152,345
229,144,373
211,145,356
194,187,381
176,207,383
182,247,429
196,256,452
232,201,433
259,164,423
238,150,388
179,151,330
155,169,324
168,157,325
118,366,484
160,366,526
193,346,539
325,222,547
337,211,548
287,203,490
253,185,438
273,172,445
300,140,440
248,172,420
235,448,683
367,257,624
406,393,799
560,262,822
339,259,598
497,173,670
255,151,406
305,153,458
198,165,363
164,174,338
222,229,451
243,203,446
250,230,480
226,241,467
165,275,440
168,278,446
169,270,439
203,260,463
231,227,458
232,223,455
234,213,447
199,219,418
204,213,417
208,206,414
231,181,412
228,173,401
225,173,398
214,180,394
234,128,362
253,142,395
258,114,372
192,104,296
192,159,351
175,167,342
188,174,362
175,184,359
173,176,349
191,167,358
243,196,439
276,166,442
280,169,449
211,190,401
190,206,396
194,205,399
205,192,397
208,187,395
227,159,386
233,127,360
226,118,344
186,166,352
192,161,353
184,169,353
184,165,349
138,186,324
166,205,371
155,232,387
170,229,399
177,226,403
192,219,411
184,224,408
187,210,397
187,194,381
187,201,388
182,218,400
175,228,403
200,216,416
209,201,410
246,168,414
249,150,399
266,207,473
261,215,476
232,209,441
172,214,386
159,222,381
167,225,392
112,264,376
175,266,441
181,261,442
212,270,482
203,264,467
214,257,471
214,252,466
206,257,463
191,242,433
211,232,443
212,218,430
206,217,423
191,219,410
189,200,389
185,188,373
184,183,367
184,171,355
168,183,351
157,204,361
143,249,392
136,263,399
151,292,443
183,265,448
227,239,466
235,249,484
209,230,439
202,243,445
177,228,405
195,222,417
223,203,426
249,142,391
263,243,506
265,228,493
236,223,459
235,218,453
214,195,409
270,173,443
269,183,452
257,151,408
221,143,364
217,164,381
225,137,362
243,161,404
257,144,401
260,137,397
236,160,396
248,122,370
231,135,366
210,156,366
175,152,327
195,125,320
180,114,294
180,96,276
166,114,280
163,118,281
151,123,274
152,117,269
152,168,320
180,159,339
186,154,340
181,172,353
131,177,308
143,175,318
146,215,361
150,224,374
154,217,371
155,213,368
182,177,359
177,169,346
184,161,345
161,162,323
166,161,327
163,165,328
176,152,328
186,130,316
167,123,290
171,126,297
186,109,295
183,122,305
185,120,305
154,143,297
137,171,308
140,192,332
152,193,345
189,164,353
209,157,366
213,164,377
181,175,356
172,182,354
158,210,368
154,239,393
149,302,451
158,312,470
168,300,468
253,208,461
274,178,452
290,152,442
195,147,342
182,126,308
175,138,313
190,137,327
193,122,315
180,112,292
155,105,260
164,101,265
159,133,292
168,115,283
176,118,294
183,156,339
181,141,322
174,134,308
173,136,309
149,144,293
153,162,315
150,183,333
139,194,333
154,185,339
194,146,340
211,124,335
200,137,337
200,161,361
215,137,352
212,135,347
176,139,315
138,143,281
131,148,279
140,147,287
158,131,289
175,112,287
168,129,297
180,111,291
199,228,427
225,199,424
263,136,399
244,138,382
167,131,298
157,126,283
170,135,305
182,196,378
262,119,381
258,120,378
240,132,372
158,210,368
147,216,363
157,215,372
157,223,380
186,197,383
228,176,404
261,188,449
301,188,489
299,192,491
323,155,478
275,141,416
186,193,379
194,176,370
227,185,412
256,160,416
227,181,408
243,199,442
198,205,403
231,196,427
221,192,413
216,179,395
204,163,367
191,160,351
185,150,335
172,142,314
172,143,315
173,130,303
182,116,298
182,113,295
155,117,272
159,140,299
167,140,307
180,141,321
160,137,297
169,136,305
169,137,306
171,138,309
158,146,304
147,155,302
150,153,303
152,148,300
166,148,314
156,154,310
157,146,303
145,150,295
166,141,307
178,135,313
183,136,319
174,128,302
178,110,288
186,161,347
199,175,374
184,173,357
176,161,337
161,148,309
172,138,310
175,120,295
172,122,294
172,114,286
180,184,364
241,145,386
245,130,375
236,133,369
173,166,339
141,173,314
164,171,335
207,123,330
211,165,376
194,142,336
211,134,345
212,125,337
169,128,297
171,128,299
180,111,291
173,158,331
169,155,324
164,163,327
182,149,331
190,124,314
197,112,309
203,108,311
165,115,280
165,100,265
164,172,336
165,179,344
200,150,350
195,156,351
174,163,337
148,178,326
152,194,346
186,167,353
217,162,379
215,168,383
198,197,395
168,219,387
159,220,379
163,217,380
167,218,385
178,212,390
206,177,383
208,175,383
191,169,360
183,181,364
184,170,354
176,161,337
166,155,321
166,142,308
162,134,296
175,121,296
170,100,270
166,106,272
156,123,279
162,116,278
171,169,340
192,132,324
193,122,315
190,122,312
170,126,296
176,115,291
170,108,278
147,103,250
159,132,291
164,129,293
179,134,313
181,144,325
199,174,373
221,180,401
232,197,429
214,203,417
210,198,408
240,218,458
244,206,450
264,197,461
245,197,442
179,194,373
207,189,396
225,151,376
230,157,387
254,156,410
225,184,409
238,172,410
222,179,401
244,183,427
276,149,425
259,135,394
231,142,373
189,129,318
201,112,313
194,109,303
161,108,269
160,110,270
159,106,265
168,142,310
164,149,313
174,144,318
162,147,309
170,130,300
183,124,307
188,121,309
180,93,273
170,98,268
146,126,272
130,141,271
118,149,267
180,143,323
181,131,312
182,125,307
203,114,317
200,147,347
192,151,343
184,141,325
175,148,323
152,173,325
235,158,393
264,138,402
180,154,334
234,160,394
196,153,349
208,161,369
185,159,344
169,158,327
168,186,354
261,161,422
106,146,252
162,147,309
205,155,360
162,163,325
166,171,337
161,199,360
160,256,416
160,270,430
163,286,449
171,308,479
192,286,478
208,300,508
254,289,543
226,327,553
215,297,512
238,290,528
143,298,441
254,263,517
310,214,524
343,169,512
310,167,477
284,287,571
247,330,577
206,313,519
208,303,511
255,199,454
247,183,430
357,158,515
293,153,446
237,152,389
181,158,339
168,172,340
171,189,360
172,194,366
177,193,370
188,184,372
205,176,381
217,165,382
208,177,385
224,166,390
219,185,404
197,214,411
159,230,389
180,233,413
194,248,442
186,260,446
176,299,475
217,283,500
241,265,506
262,276,538
238,336,574
226,310,536
246,319,565
166,328,494
268,313,581
211,329,540
262,324,586
216,311,527
260,250,510
265,229,494
268,213,481
237,186,423
304,183,487
334,157,491
288,164,452
211,164,375
175,168,343
212,511,723
551,173,724
544,145,689
533,136,669
173,126,299
211,189,400
208,211,419
234,216,450
208,223,431
162,218,380
193,213,406
194,198,392
177,180,357
192,177,369
183,184,367
168,196,364
161,215,376
160,223,383
149,215,364
163,203,366
179,186,365
186,164,350
180,159,339
185,139,324
173,139,312
170,144,314
156,142,298
178,159,337
206,131,337
209,120,329
203,114,317
154,118,272
168,175,343
159,184,343
199,153,352
199,155,354
202,142,344
156,141,297
168,137,305
161,181,342
217,187,404
256,189,445
321,132,453
279,148,427
266,179,445
263,173,436
268,140,408
231,110,341
111,85,196
125,89,214
245,162,407
136,109,245
180,105,285
190,108,298
161,112,273
166,124,290
163,143,306
160,166,326
168,167,335
175,151,326
202,139,341
203,139,342
200,134,334
213,111,324
181,99,280
169,112,281
130,137,267
132,168,300
84,183,267
130,208,338
159,218,377
157,219,376
156,241,397
158,233,391
173,217,390
195,187,382
194,183,377
179,178,357
165,175,340
167,181,348
168,179,347
202,137,339
215,217,432
267,168,435
268,176,444
300,139,439
217,140,357
247,154,401
186,174,360
191,162,353
206,188,394
225,185,410
291,173,464
296,166,462
303,177,480
283,209,492
279,196,475
263,164,427
255,141,396
233,163,396
250,191,441
275,145,420
263,126,389
222,152,374
189,158,347
195,155,350
187,175,362
174,177,351
161,176,337
159,172,331
173,154,327
174,154,328
160,156,316
139,166,305
189,128,317
201,131,332
220,125,345
194,181,375
202,172,374
181,158,339
204,137,341
195,128,323
204,110,314
196,131,327
189,119,308
181,158,339
195,151,346
172,154,326
161,145,306
148,149,297
165,145,310
159,152,311
153,156,309
159,154,313
154,167,321
160,175,335
153,166,319
170,149,319
184,141,325
190,125,315
177,126,303
167,118,285
155,137,292
153,157,310
147,168,315
154,192,346
154,199,353
155,201,356
153,191,344
156,175,331
177,168,345
171,166,337
184,192,376
169,202,371
157,216,373
166,218,384
171,249,420
161,239,400
152,235,387
235,161,396
249,169,418
247,214,461
174,249,423
165,261,426
163,272,435
203,229,432
213,223,436
226,218,444
190,207,397
185,208,393
182,203,385
160,228,388
163,224,387
112,226,338
151,214,365
183,203,386
185,203,388
204,168,372
220,175,395
226,181,407
202,180,382
241,157,398
247,134,381
249,130,379
201,131,332
155,135,290
160,137,297
163,140,303
154,154,308
147,178,325
132,200,332
124,204,328
146,225,371
139,225,364
181,193,374
191,172,363
195,150,345
213,119,332
211,108,319
217,98,315
171,196,367
174,180,354
207,191,398
214,199,413
122,219,341
134,231,365
140,238,378
189,244,433
229,222,451
219,251,470
210,250,460
176,278,454
239,231,470
260,202,462
279,202,481
270,224,494
193,231,424
202,250,452
188,247,435
215,237,452
204,282,486
233,317,550
210,327,537
271,268,539
270,256,526
303,212,515
203,157,360
282,192,474
263,143,406
266,165,431
247,168,415
203,211,414
189,222,411
176,209,385
193,182,375
205,156,361
205,121,326
204,101,305
193,163,356
176,160,336
210,105,315
202,104,306
137,109,246
148,142,290
177,133,310
171,122,293
172,125,297
171,118,289
185,103,288
190,120,310
176,111,287
164,104,268
163,124,287
163,119,282
157,109,266
160,124,284
175,136,311
177,123,300
186,113,299
165,200,365
188,213,401
224,200,424
212,182,394
147,162,309
175,163,338
129,174,303
153,175,328
166,170,336
166,185,351
158,187,345
159,188,347
155,190,345
177,158,335
208,158,366
223,155,378
257,175,432
232,195,427
236,181,417
198,178,376
215,160,375
181,151,332
192,131,323
178,209,387
202,223,425
239,200,439
259,181,440
271,140,411
203,155,358
219,118,337
203,124,327
220,119,339
166,157,323
147,253,400
215,204,419
264,156,420
273,149,422
174,114,288
197,174,371
180,181,361
203,187,390
194,198,392
222,153,375
211,159,370
215,148,363
167,167,334
153,188,341
156,229,385
167,210,377
193,246,439
208,244,452
192,257,449
187,235,422
203,213,416
201,218,419
163,217,380
168,245,413
176,310,486
167,325,492
162,356,518
218,326,544
268,292,560
288,338,626
237,315,552
259,289,548
219,269,488
245,256,501
210,256,466
225,235,460
199,253,452
207,245,452
191,240,431
206,231,437
195,226,421
201,217,418
196,212,408
177,203,380
198,195,393
192,183,375
183,166,349
174,154,328
170,152,322
179,134,313
170,117,287
171,113,284
168,106,274
160,163,323
181,137,318
177,144,321
177,141,318
165,134,299
167,125,292
144,138,282
164,152,316
186,211,397
243,182,425
279,184,463
243,190,433
171,171,342
218,148,366
224,175,399
224,171,395
260,171,431
280,134,414
262,133,395
203,142,345
163,139,302
172,136,308
180,135,315
178,172,350
175,212,387
233,141,374
251,109,360
242,93,335
168,190,358
243,129,372
248,136,384
234,156,390
179,129,308
203,141,344
215,137,352
150,191,341
155,215,370
137,268,405
173,618,791
195,632,827
206,673,879
578,263,841
623,229,852
670,180,850
272,167,439
240,160,400
218,146,364
226,137,363
215,138,353
156,150,306
160,148,308
201,149,350
215,149,364
221,153,374
166,174,340
160,167,327
76,170,246
119,189,308
204,161,365
220,153,373
234,146,380
192,152,344
162,169,331
583,190,773
123,212,335
234,533,767
344,482,826
289,504,793
465,289,754
105,271,376
179,245,424
154,234,388
198,238,436
182,231,413
191,223,414
184,229,413
163,225,388
170,213,383
174,196,370
168,194,362
186,164,350
204,133,337
220,150,370
213,161,374
205,155,360
188,175,363
161,204,365
150,224,374
170,224,394
185,223,408
188,237,425
176,243,419
163,229,392
198,186,384
219,173,392
274,174,448
259,199,458
266,192,458
268,179,447
264,150,414
280,206,486
231,183,414
240,159,399
240,161,401
199,149,348
192,172,364
161,183,344
185,175,360
231,154,385
256,151,407
232,140,372
212,134,346
188,143,331
184,126,310
176,164,340
211,139,350
237,118,355
232,125,357
187,145,332
196,137,333
219,153,372
232,448,680
532,147,679
519,175,694
505,170,675
192,159,351
199,147,346
182,152,334
201,127,328
213,177,390
219,170,389
206,162,368
207,158,365
196,157,353
181,145,326
195,183,378
231,168,399
222,174,396
247,157,404
232,155,387
251,152,403
232,137,369
244,203,447
232,170,402
244,160,404
211,183,394
125,209,334
164,213,377
189,203,392
211,211,422
204,209,413
208,199,407
208,179,387
185,177,362
151,168,319
140,155,295
158,154,312
179,131,310
190,163,353
200,167,367
190,170,360
212,137,349
224,204,428
265,495,760
309,431,740
286,411,697
543,127,670
272,185,457
344,194,538
75,219,294
133,263,396
220,246,466
110,217,327
161,336,497
312,242,554
319,281,600
323,272,595
294,220,514
186,216,402
269,308,577
142,296,438
257,229,486
173,220,393
339,255,594
125,250,375
305,289,594
129,276,405
184,271,455
198,250,448
162,199,361
221,173,394
270,189,459
235,219,454
217,258,475
182,263,445
202,259,461
175,275,450
209,248,457
252,192,444
273,146,419
250,136,386
179,161,340
168,180,348
133,137,270
187,166,353
247,180,427
190,170,360
195,138,333
199,125,324
200,135,335
186,187,373
200,194,394
193,196,389
178,195,373
134,207,341
162,198,360
166,184,350
172,195,367
173,199,372
161,212,373
169,232,401
169,240,409
183,235,418
178,248,426
189,241,430
203,225,428
221,212,433
193,209,402
153,185,338
93,194,287
156,166,322
188,146,334
202,134,336
129,157,286
184,184,368
162,231,393
170,221,391
208,153,361
225,130,355
250,207,457
198,211,409
250,174,424
257,147,404
171,151,322
182,151,333
136,190,326
157,184,341
202,159,361
203,167,370
249,142,391
190,150,340
195,138,333
129,131,260
156,113,269
155,112,267
164,169,333
196,163,359
207,159,366
216,153,369
161,157,318
188,150,338
188,148,336
197,144,341
184,226,410
234,175,409
252,185,437
294,165,459
230,171,401
212,142,354
200,138,338
233,103,336
156,135,291
158,142,300
188,200,388
208,179,387
225,189,414
178,201,379
145,188,333
188,179,367
198,162,360
178,135,313
171,118,289
179,104,283
178,124,302
164,146,310
170,133,303
177,98,275
191,236,427
155,241,396
194,203,397
225,154,379
165,146,311
190,137,327
164,116,280
175,114,289
167,147,314
172,143,315
186,145,331
196,124,320
217,162,379
227,163,390
221,194,415
221,207,428
197,207,404
199,218,417
148,238,386
191,240,431
173,234,407
183,259,442
197,252,449
174,255,429
169,270,439
225,221,446
235,225,460
246,170,416
229,172,401
216,217,433
162,215,377
158,198,356
207,153,360
225,147,372
245,142,387
190,207,397
194,212,406
236,196,432
244,186,430
237,167,404
235,133,368
210,145,355
214,141,355
170,138,308
199,142,341
207,199,406
248,170,418
252,168,420
230,166,396
178,139,317
225,123,348
232,166,398
211,153,364
217,177,394
244,193,437
222,192,414
179,192,371
148,200,348
163,196,359
167,222,389
156,213,369
181,209,390
169,266,435
177,319,496
181,333,514
213,330,543
278,260,538
272,256,528
241,227,468
244,206,450
173,235,408
158,226,384
169,268,437
200,271,471
182,268,450
191,248,439
218,239,457
210,231,441
207,207,414
252,114,366
257,139,396
245,142,387
187,138,325
182,119,301
157,104,261
170,122,292
165,133,298
175,143,318
182,136,318
212,158,370
236,148,384
226,137,363
237,175,412
249,118,367
238,107,345
210,108,318
148,93,241
153,205,358
159,214,373
246,143,389
254,161,415
214,214,428
281,148,429
300,191,491
304,189,493
210,180,390
200,167,367
203,155,358
305,205,510
164,178,342
223,184,407
206,195,401
168,204,372
175,190,365
161,182,343
171,170,341
174,155,329
181,130,311
174,126,300
186,112,298
185,116,301
181,118,299
152,130,282
147,133,280
139,132,271
150,163,313
164,146,310
212,206,418
219,226,445
252,192,444
209,196,405
181,211,392
122,202,324
137,206,343
175,163,338
191,130,321
226,127,353
208,118,326
188,114,302
173,102,275
164,106,270
176,185,361
182,171,353
207,145,352
190,145,335
108,151,259
126,155,281
138,149,287
140,150,290
144,145,289
142,147,289
140,175,315
140,223,363
142,247,389
146,248,394
195,195,390
188,196,384
212,177,389
176,165,341
186,159,345
163,157,320
159,140,299
150,123,273
148,109,257
157,113,270
165,121,286
162,118,280
161,109,270
162,121,283
160,302,462
178,302,480
195,281,476
195,279,474
253,206,459
158,188,346
199,211,410
184,204,388
154,196,350
186,185,371
197,175,372
254,132,386
201,160,361
195,173,368
150,178,328
149,185,334
148,193,341
138,239,377
137,272,409
152,263,415
155,252,407
218,223,441
237,249,486
181,242,423
187,222,409
190,241,431
200,203,403
195,206,401
211,147,358
223,128,351
238,180,418
214,204,418
248,183,431
311,116,427
242,139,381
212,137,349
194,163,357
216,161,377
212,161,373
202,149,351
198,156,354
216,148,364
198,154,352
181,160,341
163,165,328
160,185,345
161,190,351
157,201,358
160,213,373
161,227,388
155,240,395
165,247,412
163,244,407
205,195,400
229,180,409
267,165,432
267,129,396
272,180,452
255,186,441
255,145,400
248,140,388
224,177,401
240,160,400
246,135,381
231,142,373
181,150,331
169,188,357
154,193,347
158,193,351
189,154,343
208,122,330
224,150,374
214,142,356
215,134,349
220,146,366
202,138,340
204,135,339
214,145,359
203,138,341
205,133,338
213,146,359
202,140,342
202,137,339
212,144,356
201,138,339
201,133,334
212,145,357
202,139,341
204,136,340
212,144,356
202,137,339
206,133,339
213,145,358
202,141,343
195,147,342
195,156,351
169,158,327
149,167,316
145,181,326
138,206,344
146,215,361
146,229,375
169,244,413
192,207,399
200,254,454
174,231,405
194,202,396
198,196,394
189,141,330
186,121,307
187,154,341
211,143,354
223,111,334
207,92,299
162,109,271
151,113,264
162,178,340
177,171,348
235,118,353
226,114,340
195,186,381
193,165,358
217,144,361
231,294,525
367,150,517
337,161,498
248,164,412
158,167,325
182,177,359
194,174,368
202,172,374
181,176,357
168,175,343
151,170,321
171,151,322
182,136,318
187,133,320
171,117,288
162,123,285
172,153,325
192,146,338
203,134,337
199,160,359
212,143,355
207,126,333
190,156,346
182,123,305
181,200,381
217,174,391
248,227,475
294,198,492
239,170,409
244,140,384
199,139,338
209,161,370
164,195,359
174,180,354
168,177,345
243,96,339
243,146,389
223,151,374
174,147,321
171,156,327
155,155,310
166,151,317
167,149,316
157,174,331
144,176,320
137,173,310
151,153,304
159,139,298
191,99,290
193,224,417
254,156,410
278,99,377
272,225,497
210,247,457
183,243,426
225,194,419
190,186,376
225,223,448
194,210,404
157,194,351
166,181,347
178,144,322
190,113,303
205,194,399
192,275,467
216,247,463
231,220,451
150,221,371
204,180,384
166,176,342
160,161,321
179,153,332
178,152,330
161,188,349
150,210,360
163,243,406
182,218,400
198,189,387
199,170,369
195,127,322
208,149,357
195,149,344
210,186,396
215,244,459
226,234,460
220,197,417
256,129,385
202,126,328
153,174,327
140,177,317
200,119,319
210,116,326
211,110,321
169,178,347
171,191,362
182,173,355
187,162,349
174,159,333
141,177,318
167,156,323
211,148,359
204,122,326
226,141,367
173,133,306
169,151,320
195,126,321
201,148,349
194,151,345
181,127,308
231,124,355
206,112,318
191,119,310
181,140,321
157,140,297
136,146,282
125,144,269
143,140,283
145,136,281
143,142,285
144,150,294
136,151,287
136,163,299
150,175,325
133,184,317
131,196,327
142,187,329
154,177,331
161,163,324
160,193,353
183,158,341
223,121,344
234,149,383
212,155,367
224,153,377
226,138,364
229,118,347
189,103,292
159,113,272
147,123,270
135,117,252
104,108,212
155,116,271
169,218,387
191,208,399
244,173,417
234,190,424
177,151,328
208,115,323
214,154,368
193,167,360
169,169,338
172,201,373
144,200,344
173,258,431
170,250,420
158,254,412
217,229,446
244,196,440
292,152,444
232,160,392
201,174,375
174,137,311
202,103,305
212,140,352
167,170,337
163,172,335
105,164,269
168,139,307
215,135,350
225,143,368
224,168,392
217,193,410
206,219,425
196,216,412
216,189,405
229,181,410
225,171,396
207,146,353
232,136,368
254,111,365
230,136,366
195,139,334
192,143,335
210,123,333
189,136,325
187,138,325
141,166,307
164,159,323
159,159,318
171,156,327
164,160,324
165,164,329
155,160,315
162,148,310
172,138,310
162,125,287
170,126,296
171,134,305
164,144,308
168,142,310
156,156,312
152,168,320
144,184,328
142,206,348
140,224,364
140,224,364
149,222,371
168,211,379
189,192,381
182,187,369
170,199,369
160,185,345
195,161,356
228,188,416
262,202,464
294,140,434
295,103,398
248,106,354
168,159,327
162,159,321
175,166,341
171,172,343
135,170,305
161,157,318
195,127,322
214,138,352
189,205,394
243,160,403
211,161,372
224,155,379
169,148,317
196,253,449
277,186,463
281,157,438
277,170,447
146,172,318
174,155,329
180,137,317
181,120,301
180,103,283
176,219,395
186,206,392
233,147,380
222,131,353
135,151,286
205,188,393
144,175,319
200,173,373
218,151,369
215,178,393
220,183,403
206,187,393
277,194,471
242,180,422
204,177,381
176,157,333
184,140,324
182,140,322
161,130,291
147,141,288
157,142,299
132,154,286
136,164,300
134,192,326
147,196,343
150,192,342
152,204,356
142,196,338
150,177,327
161,168,329
173,167,340
153,186,339
163,198,361
72,196,268
119,200,319
156,208,364
153,225,378
149,233,382
166,228,394
187,198,385
190,193,383
183,186,369
181,164,345
177,150,327
190,129,319
194,145,339
198,133,331
194,132,326
182,130,312
168,149,317
169,173,342
156,184,340
170,173,343
174,160,334
184,142,326
179,123,302
153,112,265
158,129,287
166,115,281
172,118,290
173,119,292
166,103,269
176,133,309
164,142,306
148,144,292
157,142,299
156,112,268
176,92,268
181,127,308
164,132,296
179,111,290
181,111,292
176,140,316
165,120,285
172,147,319
174,148,322
168,124,292
199,167,366
192,179,371
197,132,329
194,117,311
173,171,344
173,242,415
231,298,529
243,303,546
215,305,520
192,324,516
242,258,500
246,229,475
230,210,440
213,189,402
220,145,365
178,110,288
212,94,306
158,152,310
167,135,302
167,120,287
174,194,368
179,181,360
229,136,365
219,142,361
155,131,286
178,105,283
189,166,355
184,167,351
207,124,331
217,114,331
184,159,343
214,149,363
193,153,346
182,144,326
166,128,294
170,116,286
169,147,316
203,116,319
219,133,352
198,136,334
176,136,312
160,129,289
175,101,276
180,120,300
181,116,297
181,118,299
171,120,291
172,117,289
156,111,267
160,112,272
165,108,273
154,134,288
163,137,300
151,133,284
143,140,283
133,151,284
133,150,283
155,131,286
164,140,304
161,149,310
155,129,284
164,131,295
192,105,297
191,127,318
185,127,312
165,120,285
158,114,272
157,199,356
180,196,376
219,162,381
221,147,368
180,124,304
208,132,340
193,135,328
184,137,321
171,147,318
157,159,316
162,147,309
163,144,307
171,129,300
178,122,300
169,132,301
155,141,296
172,126,298
173,117,290
171,115,286
163,206,369
189,183,372
232,157,389
231,157,388
154,184,338
161,181,342
162,173,335
175,141,316
176,127,303
166,119,285
161,164,325
198,154,352
208,151,359
204,165,369
174,174,348
187,256,443
191,254,445
235,221,456
220,225,445
213,230,443
173,232,405
185,256,441
187,266,453
196,257,453
232,212,444
246,187,433
237,182,419
180,220,400
161,227,388
188,201,389
242,148,390
267,125,392
273,150,423
231,146,377
215,145,360
227,192,419
229,141,370
259,114,373
215,177,392
162,170,332
235,132,367
224,117,341
231,127,358
185,141,326
154,146,300
150,170,320
158,167,325
172,147,319
166,149,315
153,148,301
152,145,297
144,142,286
154,140,294
181,116,297
193,111,304
190,114,304
158,205,363
253,202,455
340,119,459
352,157,509
283,129,412
213,163,376
200,160,360
202,124,326
189,114,303
145,98,243
164,148,312
171,148,319
175,127,302
181,118,299
186,211,397
212,187,399
253,149,402
285,188,473
249,175,424
263,233,496
235,247,482
189,261,450
195,254,449
212,245,457
186,252,438
189,270,459
199,261,460
220,252,472
195,268,463
212,271,483
208,285,493
214,265,479
213,235,448
207,208,415
223,171,394
226,133,359
221,140,361
229,160,389
246,133,379
145,133,278
192,135,327
165,144,309
164,184,348
158,198,356
169,217,386
189,208,397
192,212,404
193,215,408
162,225,387
168,233,401
148,253,401
180,239,419
181,248,429
207,253,460
184,262,446
201,237,438
182,227,409
213,185,398
220,162,382
234,143,377
214,135,349
208,152,360
223,264,487
250,231,481
204,306,510
204,332,536
97,335,432
154,374,528
254,378,632
265,378,643
270,341,611
276,273,549
298,204,502
297,171,468
287,149,436
236,162,398
250,187,437
296,287,583
361,213,574
341,183,524
301,180,481
169,191,360
195,163,358
217,145,362
218,132,350
198,186,384
193,201,394
193,190,383
188,172,360
200,167,367
217,131,348
245,216,461
260,188,448
244,165,409
213,148,361
181,119,300
190,161,351
193,165,358
197,158,355
238,109,347
217,138,355
168,135,303
154,133,287
166,122,288
173,109,282
174,99,273
169,183,352
178,170,348
206,118,324
219,107,326
154,153,307
171,179,350
189,177,366
187,213,400
191,239,430
195,240,435
202,230,432
208,215,423
212,206,418
237,177,414
246,182,428
235,222,457
201,251,452
194,258,452
205,263,468
205,256,461
190,252,442
195,232,427
188,223,411
196,204,400
189,196,385
210,183,393
212,183,395
205,187,392
176,183,359
158,181,339
157,174,331
165,175,340
159,175,334
171,174,345
171,167,338
186,153,339
213,179,392
236,151,387
245,134,379
224,149,373
189,170,359
193,167,360
209,164,373
190,169,359
192,168,360
178,172,350
191,162,353
209,191,400
252,185,437
230,195,425
233,193,426
182,223,405
176,224,400
164,213,377
155,206,361
188,189,377
190,184,374
204,177,381
194,164,358
181,161,342
177,152,329
163,147,310
195,101,296
199,143,342
231,178,409
205,180,385
212,173,385
176,157,333
140,146,286
181,114,295
187,149,336
224,117,341
199,110,309
194,144,338
182,174,356
223,200,423
232,207,439
203,215,418
186,191,377
222,153,375
251,134,385
240,129,369
231,112,343
203,144,347
190,169,359
190,178,368
203,166,369
218,145,363
251,179,430
262,169,431
260,162,422
288,161,449
244,160,404
217,169,386
223,155,378
183,147,330
189,151,340
175,155,330
179,151,330
183,187,370
237,140,377
247,126,373
240,166,406
181,185,366
199,195,394
212,241,453
192,273,465
189,275,464
202,258,460
209,250,459
204,224,428
208,200,408
202,199,401
201,210,411
200,190,390
202,181,383
193,177,370
177,163,340
164,168,332
170,197,367
171,243,414
168,248,416
199,235,434
206,226,432
200,214,414
190,205,395
194,191,385
200,182,382
191,180,371
169,188,357
169,183,352
166,179,345
167,171,338
169,168,337
168,165,333
159,166,325
146,161,307
160,157,317
165,158,323
155,156,311
161,139,300
160,128,288
162,118,280
167,168,335
197,210,407
270,140,410
282,121,403
264,107,371
184,104,288
171,110,281
150,130,280
162,139,301
160,149,309
146,147,293
162,129,291
180,130,310
187,186,373
165,191,356
173,198,371
192,193,385
184,199,383
167,207,374
156,202,358
161,188,349
176,174,350
202,147,349
198,170,368
250,151,401
263,146,409
262,142,404
223,131,354
189,109,298
186,171,357
207,141,348
214,114,328
202,115,317
170,185,355
175,167,342
237,137,374
252,146,398
189,148,337
161,141,302
172,122,294
185,115,300
182,113,295
168,121,289
156,164,320
141,189,330
152,194,346
159,190,349
162,194,356
160,187,347
192,158,350
197,144,341
198,136,334
158,149,307
167,141,308
160,144,304
206,158,364
240,135,375
235,124,359
207,155,362
176,155,331
188,312,500
185,321,506
152,326,478
236,260,496
307,200,507
260,184,444
158,174,332
214,159,373
181,137,318
172,163,335
194,156,350
190,172,362
156,180,336
116,188,304
141,229,370
151,244,395
168,249,417
190,245,435
198,221,419
209,198,407
192,193,385
174,207,381
148,215,363
154,206,360
192,181,373
202,181,383
191,189,380
166,208,374
142,205,347
134,197,331
168,217,385
167,247,414
153,251,404
137,288,425
177,252,429
201,283,484
190,297,487
170,284,454
240,221,461
228,172,400
277,182,459
178,197,375
140,213,353
176,173,349
238,124,362
214,189,403
185,203,388
138,191,329
207,149,356
223,205,428
235,199,434
300,151,451
327,157,484
245,189,434
231,196,427
182,228,410
205,193,398
155,233,388
205,204,409
174,228,402
196,235,431
163,269,432
160,282,442
152,264,416
203,283,486
229,268,497
191,312,503
240,203,443
271,213,484
323,209,532
234,171,405
276,109,385
240,104,344
197,123,320
123,145,268
172,148,320
177,171,348
132,193,325
156,164,320
172,154,326
171,184,355
124,202,326
109,260,369
126,252,378
148,274,422
226,203,429
210,217,427
252,217,469
251,140,391
289,96,385
255,136,391
187,133,320
166,110,276
171,130,301
190,118,308
175,149,324
179,174,353
169,193,362
225,134,359
275,153,428
213,184,397
206,204,410
243,160,403
189,203,392
227,216,443
193,182,375
135,225,360
204,204,408
158,221,379
137,210,347
177,177,354
200,173,373
172,224,396
145,241,386
199,209,408
251,176,427
265,172,437
216,185,401
164,244,408
150,301,451
158,313,471
153,342,495
265,216,481
281,183,464
358,110,468
254,200,454
229,209,438
211,161,372
239,148,387
255,130,385
225,165,390
195,159,354
217,118,335
198,203,401
214,190,404
243,143,386
230,191,421
173,232,405
132,247,379
159,244,403
185,240,425
175,246,421
242,141,383
272,160,432
300,273,573
253,212,465
274,170,444
267,236,503
396,114,510
331,171,502
348,237,585
286,124,410
262,155,417
290,132,422
206,145,351
221,160,381
209,144,353
200,118,318
225,139,364
227,182,409
208,209,417
255,157,412
268,92,360
240,203,443
251,215,466
241,222,463
252,206,458
215,149,364
234,137,371
196,122,318
154,127,281
134,142,276
127,166,293
121,204,325
135,192,327
157,172,329
196,178,374
160,175,335
126,168,294
143,168,311
158,179,337
156,221,377
106,255,361
156,228,384
161,217,378
152,187,339
196,163,359
162,163,325
109,163,272
123,169,292
118,222,340
121,237,358
123,280,403
172,242,414
185,257,442
244,266,510
206,291,497
235,248,483
227,201,428
250,167,417
235,181,416
173,214,387
160,192,352
159,189,348
200,189,389
156,200,356
179,181,360
177,163,340
178,181,359
117,175,292
130,164,294
178,141,319
190,245,435
216,194,410
247,184,431
254,162,416
203,158,361
237,190,427
199,216,415
170,230,400
163,219,382
184,189,373
177,170,347
146,213,359
95,285,380
126,275,401
132,312,444
266,208,474
291,203,494
310,168,478
265,161,426
269,221,490
283,168,451
277,118,395
250,94,344
164,84,248
125,113,238
129,135,264
122,166,288
119,238,357
150,235,385
181,230,411
237,209,446
212,200,412
182,200,382
155,198,353
180,181,361
179,194,373
174,207,381
139,231,370
146,242,388
151,250,401
171,246,417
190,243,433
210,230,440
214,226,440
221,202,423
216,177,393
226,138,364
229,167,396
242,152,394
245,165,410
256,148,404
246,132,378
236,127,363
196,133,329
175,150,325
189,149,338
205,166,371
231,158,389
262,149,411
247,169,416
273,153,426
256,138,394
256,148,404
226,171,397
230,150,380
228,148,376
207,152,359
169,158,327
176,158,334
177,168,345
173,179,352
164,201,365
159,200,359
160,196,356
174,175,349
212,134,346
219,174,393
236,162,398
227,209,436
231,214,445
213,201,414
243,191,434
243,182,425
241,169,410
230,177,407
236,151,387
224,167,391
259,170,429
255,167,422
295,154,449
273,165,438
235,175,410
255,143,398
234,198,432
249,202,451
250,188,438
235,174,409
235,155,390
247,149,396
245,152,397
254,167,421
262,162,424
263,154,417
281,167,448
281,204,485
280,164,444
251,157,408
220,169,389
182,166,348
188,188,376
174,217,391
198,225,423
234,211,445
269,158,427
278,151,429
266,149,415
232,152,384
205,208,413
188,240,428
183,241,424
243,184,427
272,132,404
297,190,487
271,191,462
235,190,425
227,197,424
211,196,407
220,192,412
219,181,400
236,168,404
229,159,388
227,162,389
225,165,390
247,171,418
259,158,417
261,169,430
235,157,392
249,160,409
261,141,402
255,121,376
232,107,339
197,140,337
193,125,318
194,108,302
186,143,329
179,171,350
203,153,356
214,160,374
242,125,367
222,182,404
249,181,430
237,148,385
227,144,371
211,107,318
193,127,320
195,172,367
193,174,367
196,169,365
192,179,371
158,192,350
148,195,343
168,178,346
194,145,339
244,133,377
236,141,377
211,143,354
168,142,310
163,141,304
168,138,306
174,148,322
181,143,324
187,134,321
179,126,305
165,127,292
155,110,265
161,142,303
161,131,292
167,134,301
186,120,306
173,123,296
189,114,303
170,115,285
182,139,321
174,146,320
157,156,313
158,180,338
152,173,325
160,149,309
166,134,300
167,114,281
173,96,269
169,159,328
191,122,313
200,142,342
212,129,341
195,106,301
193,100,293
168,105,273
148,113,261
157,130,287
164,144,308
160,181,341
142,199,341
120,219,339
129,231,360
147,213,360
180,199,379
190,185,375
164,182,346
158,160,318
180,125,305
198,116,314
195,102,297
168,94,262
159,87,246
148,140,288
153,165,318
155,156,311
178,137,315
163,150,313
174,143,317
162,144,306
160,144,304
146,137,283
157,127,284
162,125,287
152,143,295
149,173,322
139,338,477
165,329,494
177,331,508
197,311,508
354,165,519
327,153,480
318,129,447
202,141,343
222,108,330
222,127,349
206,136,342
179,138,317
154,134,288
161,136,297
160,147,307
160,167,327
164,170,334
162,170,332
168,158,326
153,155,308
154,156,310
154,131,285
171,122,293
150,135,285
155,133,288
140,129,269
150,145,295
143,143,286
152,138,290
149,145,294
148,148,296
168,132,300
188,120,308
201,106,307
184,130,314
172,140,312
183,113,296
187,154,341
202,128,330
201,108,309
195,92,287
164,103,267
144,115,259
128,128,256
147,110,257
171,158,329
177,162,339
173,117,290
184,109,293
172,117,289
154,136,290
160,126,286
181,103,284
173,105,278
143,96,239
148,142,290
199,144,343
211,127,338
225,119,344
196,118,314
170,110,280
173,144,317
174,182,356
162,166,328
199,151,350
197,143,340
171,143,314
177,107,284
181,95,276
141,186,327
169,168,337
199,134,333
224,141,365
200,127,327
165,131,296
155,147,302
136,139,275
131,137,268
129,135,264
127,126,253
135,115,250
139,106,245
147,106,253
161,88,249
159,82,241
135,188,323
129,187,316
212,134,346
217,133,350
234,130,364
177,128,305
182,130,312
161,137,298
186,120,306
166,130,296
170,132,302
174,106,280
165,135,300
195,96,291
167,156,323
169,205,374
161,211,372
232,169,401
244,128,372
245,124,369
192,105,297
150,96,246
156,157,313
174,158,332
218,172,390
230,184,414
227,153,380
193,140,333
176,124,300
176,144,320
208,175,383
235,179,414
246,142,388
235,160,395
231,132,363
196,140,336
210,164,374
197,193,390
241,148,389
233,139,372
240,195,435
245,123,368
246,110,356
205,102,307
144,206,350
187,172,359
206,153,359
198,158,356
116,157,273
133,187,320
129,193,322
129,198,327
152,164,316
163,176,339
157,234,391
127,301,428
124,299,423
183,235,418
264,149,413
315,129,444
263,119,382
196,116,312
160,110,270
135,100,235
142,106,248
139,107,246
123,118,241
138,133,271
137,133,270
185,164,349
199,177,376
192,160,352
181,237,418
313,150,463
324,144,468
333,162,495
169,208,377
161,198,359
184,179,363
224,150,374
243,131,374
255,98,353
210,92,302
171,123,294
140,195,335
179,187,366
222,163,385
272,115,387
204,99,303
210,84,294
147,147,294
150,181,331
178,145,323
194,157,351
198,147,345
221,109,330
191,137,328
184,133,317
188,201,389
181,217,398
235,168,403
223,133,356
224,121,345
161,133,294
158,137,295
144,139,283
132,174,306
129,182,311
125,178,303
138,169,307
164,150,314
166,142,308
126,137,263
134,134,268
124,138,262
126,139,265
116,145,261
129,143,272
138,142,280
134,138,272
145,129,274
144,124,268
138,121,259
127,117,244
127,112,239
135,106,241
131,142,273
115,143,258
138,132,270
161,114,275
163,105,268
117,138,255
117,132,249
125,144,269
160,188,348
148,239,387
153,210,363
192,188,380
212,163,375
157,213,370
142,237,379
123,283,406
162,251,413
180,242,422
254,170,424
226,162,388
207,253,460
133,283,416
124,282,406
137,299,436
242,262,504
277,275,552
318,225,543
241,213,454
262,153,415
227,140,367
186,166,352
130,163,293
125,198,323
164,149,313
168,156,324
170,166,336
154,271,425
124,287,411
161,293,454
248,213,461
208,220,428
187,256,443
174,224,398
163,228,391
194,192,386
177,225,402
179,249,428
139,249,388
160,263,423
176,270,446
212,258,470
167,260,427
164,223,387
219,166,385
182,179,361
193,200,393
143,285,428
148,320,468
168,300,468
206,266,472
235,237,472
222,217,439
185,221,406
166,178,344
172,166,338
174,170,344
135,208,343
121,244,365
126,252,378
119,251,370
183,221,404
208,183,391
202,171,373
197,127,324
198,128,326
220,167,387
194,140,334
223,97,320
171,101,272
160,148,308
161,155,316
166,154,320
168,162,330
172,144,316
174,203,377
217,156,373
248,156,404
239,121,360
175,159,334
156,223,379
160,236,396
206,229,435
280,177,457
308,118,426
252,130,382
194,159,353
130,160,290
166,137,303
168,136,304
167,128,295
136,122,258
147,148,295
138,142,280
171,102,273
166,110,276
167,151,318
120,152,272
146,165,311
174,145,319
208,110,318
169,146,315
158,157,315
121,193,314
162,201,363
173,211,384
188,185,373
198,163,361
142,188,330
163,179,342
126,169,295
133,157,290
163,115,278
172,116,288
113,130,243
129,136,265
145,114,259
181,198,379
151,225,376
221,166,387
211,132,343
201,125,326
159,116,275
137,107,244
134,102,236
147,101,248
144,110,254
136,108,244
154,103,257
153,100,253
144,110,254
138,123,261
129,139,268
139,142,281
127,138,265
155,140,295
146,159,305
157,160,317
154,157,311
148,154,302
161,146,307
157,150,307
144,141,285
138,134,272
144,114,258
136,109,245
149,83,232
172,151,323
172,163,335
132,155,287
147,167,314
98,176,274
128,172,300
124,169,293
133,158,291
123,160,283
151,150,301
160,145,305
161,139,300
149,132,281
165,109,274
171,105,276
170,97,267
156,137,293
154,121,275
155,109,264
153,98,251
150,128,278
156,127,283
164,116,280
174,143,317
188,125,313
196,98,294
192,103,295
162,109,271
132,115,247
135,120,255
138,117,255
135,126,261
134,132,266
129,136,265
129,136,265
151,105,256
159,99,258
165,94,259
134,94,228
135,90,225
131,90,221
133,105,238
153,130,283
153,131,284
168,114,282
156,96,252
162,124,286
155,123,278
164,108,272
152,106,258
144,101,245
134,102,236
137,96,233
138,93,231
138,161,299
172,142,314
184,131,315
193,117,310
164,103,267
166,118,284
164,103,267
161,114,275
161,115,276
152,102,254
163,118,281
162,103,265
165,110,275
161,96,257
149,121,270
155,107,262
156,119,275
162,106,268
161,123,284
161,117,278
147,253,400
157,255,412
156,228,384
181,208,389
205,162,367
184,132,316
193,102,295
203,135,338
187,125,312
177,134,311
171,155,326
190,132,322
205,126,331
225,145,370
206,138,344
209,115,324
181,108,289
177,121,298
166,107,273
162,102,264
146,90,236
139,132,271
145,139,284
145,146,291
145,147,292
152,145,297
157,148,305
161,156,317
183,148,331
184,154,338
204,148,352
192,124,316
192,111,303
180,134,314
171,126,297
172,117,289
156,115,271
149,99,248
147,158,305
156,154,310
163,141,304
140,128,268
125,134,259
157,118,275
154,122,276
160,107,267
155,94,249
158,96,254
141,124,265
153,121,274
151,105,256
140,114,254
144,114,258
138,120,258
152,111,263
157,93,250
165,150,315
161,159,320
149,153,302
148,137,285
131,118,249
166,110,276
166,163,329
187,143,330
177,156,333
160,179,339
110,200,310
128,189,317
131,186,317
144,163,307
180,127,307
199,106,305
192,161,353
175,161,336
173,159,332
172,140,312
169,147,316
188,132,320
204,120,324
201,104,305
196,140,336
164,141,305
154,158,312
189,142,331
197,120,317
211,106,317
186,157,343
197,153,350
211,168,379
233,171,404
213,164,377
205,147,352
187,151,338
193,155,348
170,160,330
162,158,320
166,150,316
177,134,311
188,142,330
191,137,328
185,155,340
162,175,337
145,189,334
148,200,348
158,193,351
163,189,352
151,197,348
144,197,341
143,188,331
163,178,341
191,158,349
196,144,340
184,159,343
159,159,318
160,154,314
163,160,323
201,156,357
222,121,343
214,119,333
148,145,293
160,134,294
167,138,305
200,133,333
201,106,307
203,113,316
173,120,293
134,125,259
128,131,259
119,131,250
120,143,263
126,143,269
128,165,293
124,173,297
124,176,300
170,154,324
197,176,373
234,144,378
232,133,365
221,147,368
174,174,348
194,161,355
224,137,361
239,137,376
217,188,405
215,174,389
240,174,414
286,185,471
286,180,466
273,171,444
253,143,396
258,155,413
261,143,404
242,171,413
245,150,395
242,145,387
224,146,370
215,216,431
261,181,442
312,128,440
279,137,416
182,162,344
154,173,327
191,121,312
186,118,304
198,119,317
165,136,301
161,144,305
153,143,296
136,157,293
130,171,301
132,160,292
133,160,293
140,156,296
106,152,258
124,167,291
122,202,324
212,187,399
288,113,401
308,113,421
225,106,331
140,109,249
156,143,299
183,114,297
190,91,281
194,97,291
169,103,272
132,100,232
129,130,259
152,131,283
152,137,289
142,135,277
131,158,289
123,172,295
131,188,319
124,193,317
147,171,318
155,156,311
155,144,299
148,139,287
132,135,267
131,126,257
136,121,257
126,112,238
136,106,242
142,92,234
132,84,216
136,98,234
134,93,227
133,95,228
135,110,245
137,105,242
146,99,245
145,130,275
144,138,282
132,152,284
132,158,290
123,165,288
127,160,287
141,157,298
138,162,300
130,166,296
135,162,297
167,128,295
161,130,291
192,103,295
178,115,293
180,119,299
154,115,269
142,116,258
141,110,251
137,106,243
133,103,236
154,129,283
157,124,281
157,108,265
163,88,251
149,87,236
145,118,263
134,145,279
137,144,281
134,151,285
129,148,277
136,144,280
156,116,272
162,127,289
145,134,279
134,132,266
132,132,264
139,120,259
144,126,270
128,130,258
125,149,274
128,169,297
120,172,292
140,171,311
135,180,315
128,191,319
147,169,316
158,176,334
156,174,330
125,178,303
138,164,302
134,157,291
156,152,308
137,161,298
120,162,282
167,140,307
174,122,296
198,104,302
172,139,311
189,136,325
181,135,316
204,110,314
192,156,348
214,140,354
215,111,326
202,101,303
162,95,257
139,105,244
125,128,253
125,140,265
129,139,268
128,127,255
153,109,262
153,109,262
164,106,270
157,91,248
151,128,279
151,123,274
160,109,269
164,91,255
147,139,286
157,133,290
180,104,284
173,105,278
169,125,294
149,111,260
149,109,258
125,124,249
128,167,295
130,206,336
155,194,349
168,182,350
192,158,350
192,152,344
219,125,344
202,121,323
207,120,327
158,116,274
154,104,258
161,130,291
168,122,290
152,111,263
153,112,265
147,106,253
149,116,265
172,101,273
164,128,292
158,132,290
154,142,296
162,145,307
162,145,307
154,138,292
136,126,262
166,117,283
167,159,326
185,134,319
190,121,311
188,118,306
154,111,265
171,125,296
178,127,305
182,111,293
171,109,280
157,109,266
132,125,257
123,132,255
131,131,262
148,122,270
205,139,344
191,143,334
180,140,320
183,127,310
145,121,266
158,111,269
152,108,260
137,108,245
135,115,250
141,110,251
153,131,284
142,137,279
155,143,298
148,140,288
131,135,266
139,124,263
148,107,255
150,94,244
147,115,262
153,106,259
141,112,253
146,107,253
145,100,245
129,105,234
149,131,280
139,129,268
150,116,266
141,116,257
132,115,247
128,117,245
138,118,256
134,123,257
145,119,264
139,111,250
129,117,246
138,115,253
134,108,242
139,102,241
137,106,243
144,112,256
141,104,245
149,90,239
149,100,249
138,126,264
149,120,269
155,109,264
140,106,246
135,124,259
132,116,248
139,124,263
149,120,269
134,144,278
137,160,297
125,175,300
134,173,307
155,156,311
148,154,302
166,142,308
167,132,299
172,117,289
165,126,291
154,125,279
134,123,257
128,126,254
116,127,243
123,132,255
123,134,257
129,137,266
127,140,267
113,139,252
128,152,280
124,154,278
119,165,284
121,167,288
136,160,296
134,166,300
139,165,304
123,169,292
149,157,306
149,159,308
154,155,309
141,157,298
132,158,290
148,143,291
148,143,291
152,133,285
143,131,274
144,138,282
131,163,294
124,170,294
138,162,300
138,166,304
141,155,296
131,155,286
132,153,285
113,150,263
116,164,280
121,169,290
121,184,305
105,207,312
127,284,411
134,364,498
163,370,533
177,372,549
275,293,568
294,259,553
325,249,574
199,230,429
206,201,407
214,199,413
215,179,394
191,156,347
188,123,311
184,109,293
180,90,270
160,100,260
148,116,264
135,116,251
144,111,255
142,118,260
132,132,264
117,136,253
126,138,264
115,144,259
120,148,268
129,153,282
114,168,282
120,172,292
119,173,292
108,175,283
143,160,303
172,137,309
187,125,312
186,121,307
179,113,292
163,115,278
143,135,278
172,106,278
183,116,299
181,118,299
140,110,250
149,193,342
170,166,336
174,167,341
176,155,331
100,153,253
133,158,291
109,170,279
127,168,295
134,163,297
136,161,297
121,159,280
146,143,289
157,175,332
178,175,353
190,160,350
166,151,317
159,155,314
143,154,297
136,161,297
141,145,286
139,133,272
148,112,260
142,104,246
127,99,226
130,88,218
138,120,258
127,149,276
131,187,318
142,184,326
147,193,340
155,178,333
137,175,312
153,153,306
158,132,290
182,119,301
178,122,300
165,117,282
144,107,251
153,102,255
141,111,252
149,102,251
151,88,239
151,108,259
146,122,268
139,147,286
140,172,312
138,186,324
136,182,318
160,171,331
193,145,338
194,145,339
174,133,307
141,131,272
174,97,271
162,91,253
162,83,245
138,83,221
134,113,247
132,108,240
136,119,255
165,91,256
164,123,287
184,112,296
173,134,307
177,119,296
162,120,282
146,135,281
121,176,297
131,173,304
160,142,302
200,120,320
224,108,332
202,116,318
156,129,285
129,126,255
131,122,253
117,125,242
138,126,264
113,136,249
133,133,266
140,125,265
153,115,268
148,124,272
136,133,269
115,147,262
128,127,255
163,109,272
181,97,278
167,135,302
147,148,295
131,154,285
126,168,294
116,175,291
124,180,304
110,184,294
127,192,319
132,194,326
147,198,345
139,194,333
156,175,331
149,175,324
163,162,325
161,151,312
165,154,319
139,152,291
156,120,276
163,129,292
151,160,311
132,170,302
125,176,301
135,171,306
170,145,315
191,129,320
189,139,328
198,166,364
224,133,357
224,103,327
228,131,359
193,141,334
176,140,316
153,135,288
129,137,266
136,155,291
118,171,289
137,172,309
137,167,304
142,164,306
140,166,306
119,165,284
125,163,288
127,164,291
128,163,291
124,175,299
122,194,316
124,204,328
159,173,332
200,136,336
208,134,342
183,133,316
133,150,283
127,162,289
132,165,297
150,159,309
171,141,312
177,142,319
159,149,308
143,149,292
148,146,294
158,134,292
158,136,294
156,137,293
148,141,289
147,151,298
167,246,413
280,148,428
305,127,432
299,130,429
210,111,321
191,109,300
156,121,277
131,126,257
144,123,267
143,129,272
144,127,271
127,136,263
131,134,265
138,133,271
137,141,278
136,152,288
125,156,281
131,165,296
132,171,303
131,174,305
130,174,304
126,175,301
137,162,299
149,145,294
164,123,287
167,101,268
169,116,285
166,103,269
162,114,276
159,97,256
149,113,262
155,103,258
151,88,239
159,133,292
156,125,281
165,127,292
161,136,297
184,147,331
206,118,324
204,117,321
171,155,326
177,129,306
182,109,291
191,129,320
174,133,307
196,113,309
181,97,278
173,80,253
147,106,253
123,108,231
130,104,234
134,102,236
131,98,229
131,101,232
124,95,219
135,83,218
138,88,226
132,142,274
161,124,285
171,121,292
189,114,303
162,109,271
169,96,265
160,118,278
156,115,271
150,104,254
170,96,266
165,128,293
155,133,288
160,120,280
157,103,260
152,124,276
160,121,281
155,118,273
157,114,271
147,119,266
171,128,299
185,117,302
183,116,299
153,113,266
139,113,252
139,108,247
134,122,256
127,117,244
112,124,236
118,118,236
117,116,233
123,118,241
122,120,242
127,125,252
129,123,252
131,127,258
130,129,259
121,124,245
126,127,253
121,187,308
110,195,305
161,157,318
167,171,338
182,160,342
134,170,304
163,200,363
180,175,355
208,153,361
201,148,349
234,103,337
213,81,294
204,142,346
169,146,315
160,108,268
184,124,308
167,114,281
188,121,309
180,140,320
159,155,314
156,139,295
168,119,287
199,94,293
183,102,285
163,113,276
111,141,252
148,146,294
149,143,292
128,162,290
123,175,298
112,184,296
148,165,313
189,126,315
200,127,327
206,123,329
200,132,332
191,121,312
179,114,293
165,167,332
193,124,317
209,134,343
217,142,359
184,128,312
198,141,339
197,113,310
194,99,293
185,115,300
150,105,255
157,95,252
137,106,243
150,97,247
151,122,273
153,116,269
155,110,265
148,103,251
149,109,258
153,96,249
151,86,237
154,131,285
147,136,283
155,131,286
149,125,274
147,100,247
158,112,270
164,164,328
193,154,347
216,132,348
199,126,325
162,90,252
164,106,270
167,96,263
142,92,234
141,137,278
145,131,276
162,119,281
171,127,298
149,129,278
155,117,272
148,110,258
145,118,263
164,97,261
155,98,253
150,88,238
143,102,245
153,112,265
159,93,252
153,110,263
150,91,241
154,127,281
149,147,296
151,147,298
158,129,287
166,120,286
152,131,283
146,125,271
132,137,269
140,136,276
129,136,265
144,130,274
129,144,273
128,163,291
121,179,300
133,172,305
143,161,304
130,162,292
156,148,304
171,144,315
208,99,307
199,101,300
181,103,284
141,113,254
151,146,297
168,125,293
187,99,286
186,99,285
153,94,247
129,99,228
138,99,237
134,91,225
138,106,244
123,125,248
134,121,255
133,141,274
128,137,265
149,112,261
162,125,287
204,80,284
191,129,320
162,131,293
137,125,262
143,149,292
131,161,292
149,144,293
154,131,285
153,121,274
143,128,271
144,126,270
132,124,256
134,121,255
151,114,265
165,134,299
181,143,324
197,134,331
201,152,353
221,145,366
227,148,375
222,187,409
227,145,372
212,151,363
201,133,334
163,169,332
234,176,410
280,105,385
286,79,365
219,131,350
145,140,285
111,159,270
159,134,293
179,117,296
196,85,281
188,226,414
172,284,456
149,281,430
161,274,435
202,221,423
255,164,419
242,151,393
165,155,320
137,153,290
137,144,281
134,139,273
139,134,273
136,128,264
137,128,265
133,118,251
129,107,236
130,111,241
120,106,226
131,96,227
134,100,234
106,95,201
125,86,211
123,85,208
118,118,236
126,130,256
128,141,269
134,139,273
139,153,292
140,155,295
128,152,280
127,150,277
145,136,281
132,138,270
137,144,281
117,173,290
121,189,310
130,180,310
137,175,312
136,176,312
155,158,313
174,137,311
181,138,319
155,129,284
157,146,303
191,119,310
190,104,294
184,132,316
162,129,291
147,128,275
164,111,275
168,111,279
166,92,258
162,87,249
123,82,205
123,97,220
118,110,228
127,107,234
125,108,233
135,103,238
141,93,234
143,82,225
141,113,254
142,109,251
124,102,226
132,94,226
127,84,211
131,109,240
135,115,250
137,120,257
135,119,254
138,129,267
131,133,264
116,132,248
116,135,251
118,134,252
123,124,247
168,105,273
174,87,261
177,99,276
145,84,229
140,101,241
139,104,243
130,124,254
121,116,237
145,100,245
140,116,256
151,100,251
146,92,238
145,127,272
155,129,284
155,126,281
147,137,284
146,142,288
129,138,267
135,126,261
144,115,259
148,104,252
145,88,233
150,136,286
178,126,304
192,128,320
176,155,331
135,157,292
120,152,272
124,148,272
127,159,286
121,169,290
125,169,294
119,187,306
116,214,330
130,219,349
161,189,350
174,185,359
191,171,362
165,167,332
145,172,317
132,167,299
126,171,297
111,164,275
137,142,279
157,136,293
170,127,297
194,103,297
172,106,278
171,122,293
140,136,276
148,135,283
137,121,258
161,100,261
179,141,320
194,119,313
189,135,324
184,138,322
183,109,292
182,100,282
195,144,339
190,128,318
192,130,322
165,131,296
147,122,269
185,110,295
180,97,277
175,143,318
145,137,282
144,119,263
159,100,259
151,95,246
148,112,260
152,109,261
144,107,251
146,96,242
135,168,303
140,183,323
148,193,341
167,180,347
119,171,290
149,164,313
156,150,306
149,141,290
173,104,277
185,122,307
186,118,304
185,89,274
160,105,265
146,111,257
134,112,246
151,139,290
172,130,302
161,130,291
162,121,283
142,106,248
139,101,240
146,101,247
136,94,230
143,109,252
133,115,248
137,144,281
128,151,279
134,163,297
130,170,300
129,174,303
127,181,308
123,178,301
114,189,303
138,169,307
166,161,327
149,158,307
155,147,302
153,164,317
145,179,324
127,189,316
105,192,297
138,192,330
142,194,336
177,184,361
158,179,337
133,182,315
158,168,326
171,186,357
166,214,380
138,233,371
128,239,367
147,211,358
180,181,361
203,145,348
184,143,327
156,158,314
128,165,293
124,171,295
126,199,325
127,211,338
260,155,415
296,145,441
304,131,435
173,126,299
128,128,256
125,129,254
132,130,262
134,133,267
124,135,259
131,127,258
134,115,249
138,115,253
135,120,255
132,127,259
137,120,257
151,103,254
149,104,253
130,96,226
136,101,237
147,89,236
139,133,272
156,126,282
150,136,286
142,146,288
115,144,259
126,140,266
129,136,265
158,112,270
155,114,269
141,115,256
119,130,249
127,134,261
137,137,274
137,141,278
142,139,281
134,138,272
119,145,264
136,145,281
118,155,273
139,154,293
142,150,292
135,149,284
133,159,292
123,172,295
130,174,304
128,162,290
154,138,292
159,145,304
173,121,294
152,105,257
156,92,248
147,127,274
138,132,270
136,135,271
128,132,260
127,134,261
134,144,278
130,163,293
122,163,285
154,126,280
184,106,290
186,142,328
176,120,296
160,118,278
188,146,334
196,133,329
225,208,433
230,169,399
178,174,352
175,173,348
78,162,240
114,146,260
143,154,297
111,151,262
125,145,270
116,141,257
121,136,257
99,138,237
124,134,258
118,128,246
98,131,229
123,137,260
109,142,251
126,132,258
115,149,264
131,152,283
129,156,285
113,153,266
124,151,275
124,141,265
119,153,272
107,173,280
121,178,299
115,167,282
127,166,293
147,140,287
146,121,267
129,108,237
147,102,249
127,95,222
130,94,224
146,134,280
144,149,293
136,150,286
132,159,291
141,148,289
116,156,272
129,177,306
119,195,314
110,207,317
123,214,337
128,191,319
163,184,347
166,178,344
133,180,313
135,156,291
150,166,316
143,172,315
112,174,286
140,158,298
151,146,297
162,139,301
171,103,274
171,109,280
147,115,262
137,117,254
147,116,263
135,122,257
117,124,241
122,143,265
123,155,278
123,187,310
137,177,314
143,193,336
144,199,343
148,160,308
135,146,281
169,136,305
131,127,258
109,123,232
129,117,246
111,98,209
146,85,231
146,133,279
145,114,259
145,99,244
161,94,255
141,115,256
148,111,259
155,105,260
150,98,248
147,92,239
149,97,246
144,95,239
137,103,240
138,85,223
139,123,262
143,118,261
145,137,282
173,110,283
169,93,262
153,117,270
138,126,264
120,131,251
132,121,253
131,116,247
142,120,262
132,123,255
116,125,241
122,130,252
122,142,264
121,146,267
146,131,277
147,131,278
152,140,292
137,142,279
129,147,276
121,133,254
124,131,255
129,130,259
121,132,253
120,123,243
125,122,247
125,114,239
126,124,250
129,133,262
130,151,281
142,142,284
154,133,287
160,128,288
150,132,282
136,133,269
128,137,265
131,132,263
133,135,268
129,135,264
132,135,267
131,135,266
130,134,264
132,134,266
137,134,271
132,134,266
131,129,260
135,125,260
137,120,257
134,118,252
132,120,252
126,117,243
125,117,242
126,115,241
127,109,236
127,111,238
132,106,238
128,109,237
129,114,243
128,113,241
129,110,239
128,111,239
124,110,234
126,110,236
126,116,242
129,114,243
127,120,247
127,127,254
124,132,256
130,129,259
143,133,276
153,123,276
155,120,275
158,113,271
150,126,276
160,153,313
195,114,309
210,123,333
194,111,305
169,99,268
159,112,271
148,104,252
149,220,369
145,270,415
143,294,437
166,292,458
180,284,464
240,220,460
226,200,426
210,203,413
172,194,366
160,182,342
159,174,333
152,160,312
150,143,293
153,135,288
148,126,274
142,118,260
151,109,260
152,100,252
148,93,241
144,126,270
153,110,263
151,149,300
175,121,296
174,107,281
176,118,294
145,123,268
136,125,261
131,126,257
100,156,256
160,139,299
166,145,311
158,149,307
130,141,271
149,148,297
144,155,299
121,164,285
126,171,297
125,179,304
122,186,308
124,186,310
127,178,305
134,176,310
135,187,322
126,195,321
120,199,319
137,197,334
144,208,352
149,210,359
144,220,364
158,214,372
170,187,357
176,164,340
185,144,329
166,127,293
167,108,275
152,105,257
152,107,259
163,89,252
166,120,286
153,131,284
146,134,280
150,129,279
150,134,284
138,139,277
137,146,283
141,151,292
161,133,294
171,115,286
184,158,342
187,138,325
185,136,321
159,139,298
143,138,281
135,129,264
139,121,260
127,121,248
121,126,247
123,129,252
126,123,249
130,106,236
137,106,243
131,116,247
120,115,235
121,119,240
135,106,241
145,118,263
160,120,280
167,103,270
158,98,256
163,136,299
158,125,283
161,114,275
173,103,276
152,94,246
157,140,297
151,140,291
154,140,294
170,138,308
162,142,304
161,125,286
151,114,265
162,116,278
166,116,282
162,136,298
156,135,291
174,124,298
164,111,275
151,101,252
141,139,280
174,125,299
179,104,283
183,103,286
160,120,280
148,115,263
144,111,255
142,127,269
149,122,271
155,122,277
157,119,276
162,100,262
134,146,280
187,140,327
169,144,313
173,132,305
176,119,295
196,103,299
167,127,294
151,131,282
140,120,260
161,119,280
163,113,276
162,108,270
149,121,270
152,117,269
152,146,298
174,151,325
211,124,335
230,143,373
214,129,343
190,125,315
173,118,291
156,115,271
157,107,264
152,153,305
155,149,304
153,145,298
165,137,302
163,125,288
182,166,348
229,132,361
225,127,352
194,141,335
160,148,308
139,173,312
134,190,324
135,191,326
141,180,321
145,163,308
155,169,324
152,157,309
142,171,313
128,170,298
177,128,305
192,117,309
183,109,292
134,105,239
135,124,259
155,109,264
153,101,254
140,103,243
122,113,235
126,117,243
132,131,263
142,155,297
134,182,316
133,187,320
124,193,317
134,186,320
140,181,321
152,175,327
176,144,320
181,193,374
192,198,390
157,188,345
159,168,327
156,164,320
136,164,300
139,163,302
142,148,290
140,140,280
135,137,272
141,128,269
137,110,247
152,91,243
143,105,248
145,111,256
142,109,251
133,101,234
142,101,243
135,146,281
156,138,294
158,133,291
167,113,280
176,101,277
178,100,278
154,106,260
157,90,247
148,96,244
147,123,270
158,111,269
177,138,315
186,144,330
167,131,298
151,126,277
162,115,277
168,94,262
170,105,275
147,97,244
154,105,259
143,124,267
155,170,325
191,225,416
349,119,468
358,99,457
301,126,427
177,121,298
179,122,301
181,118,299
149,108,257
147,94,241
148,104,252
157,94,251
147,135,282
172,106,278
157,101,258
171,90,261
122,103,225
140,106,246
153,92,245
151,117,268
142,127,269
135,130,265
154,120,274
161,111,272
149,109,258
138,110,248
118,111,229
128,111,239
128,113,241
163,131,294
181,122,303
188,114,302
160,117,277
143,116,259
146,106,252
139,105,244
130,126,256
119,147,266
123,159,282
132,151,283
134,158,292
122,156,278
143,147,290
144,148,292
160,131,291
151,136,287
149,133,282
120,138,258
120,144,264
136,146,282
145,149,294
156,161,317
145,184,329
151,197,348
150,216,366
148,227,375
159,221,380
168,235,403
175,237,412
209,218,427
236,190,426
242,181,423
212,188,400
191,183,374
181,176,357
185,161,346
181,140,321
205,128,333
212,148,360
226,140,366
225,170,395
237,155,392
231,123,354
234,96,330
185,142,327
155,147,302
160,157,317
164,186,350
168,201,369
180,203,383
177,194,371
170,184,354
159,166,325
153,158,311
150,151,301
143,142,285
145,131,276
146,117,263
149,109,258
142,107,249
140,102,242
133,167,300
170,139,309
198,121,319
191,122,313
155,137,292
144,135,279
142,121,263
159,103,262
150,94,244
145,86,231
141,122,263
134,121,255
147,108,255
150,94,244
144,84,228
130,103,233
133,101,234
129,103,232
130,131,261
152,115,267
186,107,293
186,164,350
173,153,326
169,161,330
192,129,321
174,119,293
170,114,284
143,117,260
118,123,241
134,117,251
144,122,266
143,132,275
139,121,260
138,148,286
125,153,278
123,160,283
126,167,293
123,171,294
124,175,299
123,174,297
133,169,302
126,175,301
135,171,306
143,174,317
135,184,319
123,190,313
125,196,321
143,195,338
145,205,350
150,202,352
123,191,314
158,191,349
155,192,347
160,177,337
162,161,323
157,168,325
134,169,303
113,171,284
126,174,300
143,207,350
160,221,381
158,229,387
160,227,387
172,196,368
183,181,364
181,188,369
152,189,341
134,181,315
141,176,317
157,167,324
132,164,296
143,167,310
136,166,302
132,164,296
130,174,304
124,199,323
123,201,324
135,190,325
159,170,329
176,157,333
170,156,326
146,141,287
175,142,317
182,132,314
208,117,325
173,110,283
167,136,303
174,125,299
172,105,277
166,119,285
149,120,269
157,119,276
177,137,314
186,121,307
186,113,299
164,163,327
174,155,329
223,113,336
225,113,338
210,166,376
187,171,358
197,169,366
191,189,380
176,172,348
217,151,368
232,177,409
271,147,418
247,131,378
238,162,400
217,160,377
247,136,383
253,173,426
236,161,397
188,173,361
198,183,381
177,180,357
193,178,371
180,206,386
157,232,389
135,234,369
137,235,372
170,194,364
196,169,365
178,173,351
163,141,304
179,122,301
187,102,289
176,123,299
177,116,293
168,105,273
161,113,274
150,116,266
152,147,299
175,134,309
177,124,301
158,131,289
138,137,275
142,154,296
155,321,476
153,323,476
133,333,466
188,279,467
298,181,479
316,167,483
181,146,327
171,125,296
169,104,273
153,89,242
152,129,281
143,124,267
145,125,270
150,111,261
140,108,248
152,90,242
147,126,273
151,128,279
147,123,270
137,132,269
153,122,275
165,115,280
165,100,265
153,99,252
143,88,231
133,111,244
138,104,242
144,94,238
139,86,225
138,106,244
148,92,240
146,178,324
152,174,326
162,152,314
164,133,297
165,112,277
150,96,246
151,124,275
151,148,299
154,154,308
158,166,324
148,165,313
157,137,294
182,127,309
197,108,305
176,110,286
172,121,293
168,113,281
169,108,277
161,106,267
136,107,243
151,102,253
138,105,243
137,107,244
125,113,238
128,121,249
125,129,254
124,140,264
127,147,274
125,143,268
143,128,271
148,123,271
183,141,324
187,142,329
187,132,319
178,117,295
168,138,306
189,119,308
191,95,286
166,126,292
157,118,275
146,117,263
156,99,255
141,90,231
146,107,253
142,128,270
170,117,287
155,118,273
155,111,266
141,110,251
146,113,259
144,130,274
150,123,273
151,120,271
149,107,256
164,143,307
166,166,332
158,175,333
156,173,329
154,160,314
155,164,319
152,159,311
155,174,329
163,164,327
176,139,315
215,142,357
218,128,346
231,133,364
228,157,385
230,149,379
233,186,419
236,166,402
216,198,414
199,212,411
180,211,391
231,170,401
256,132,388
256,117,373
213,114,327
179,120,299
172,141,313
177,134,311
205,146,351
205,135,340
189,154,343
164,164,328
136,180,316
137,196,333
145,195,340
144,199,343
150,203,353
154,202,356
141,202,343
175,162,337
169,156,325
165,171,336
131,180,311
123,176,299
135,179,314
135,185,320
129,207,336
129,215,344
162,189,351
194,166,360
220,133,353
216,139,355
174,150,324
155,140,295
158,155,313
145,190,335
141,232,373
142,235,377
148,239,387
139,228,367
176,181,357
194,188,382
164,181,345
136,188,324
134,197,331
140,175,315
137,177,314
154,161,315
174,128,302
202,146,348
215,155,370
223,135,358
231,97,328
204,114,318
185,133,318
171,114,285
176,102,278
176,132,308
166,123,289
178,110,288
167,97,264
155,126,281
167,110,277
171,105,276
169,99,268
154,96,250
154,122,276
150,109,259
150,102,252
157,124,281
159,113,272
166,108,274
162,97,259
152,96,248
155,119,274
158,109,267
164,99,263
170,145,315
166,156,322
169,150,319
163,155,318
141,150,291
153,147,300
156,138,294
156,131,287
152,117,269
156,109,265
164,96,260
159,120,279
168,108,276
170,129,299
169,123,292
163,120,283
157,115,272
139,112,251
157,106,263
153,106,259
158,100,258
156,118,274
157,116,273
152,112,264
151,116,267
146,117,263
150,117,267
147,120,267
145,115,260
152,125,277
157,122,279
158,107,265
159,119,278
166,110,276
160,122,282
162,147,309
184,132,316
209,170,379
248,140,388
223,126,349
188,124,312
135,116,251
140,112,252
133,121,254
123,132,255
116,135,251
127,148,275
133,153,286
137,161,298
139,161,300
157,146,303
119,151,270
189,303,492
357,147,504
361,167,528
341,162,503
168,173,341
179,181,360
152,180,332
143,207,350
158,196,354
194,157,351
224,150,374
249,126,375
248,147,395
246,160,406
237,135,372
235,140,375
230,118,348
189,116,305
176,123,299
173,127,300
170,123,293
151,114,265
173,122,295
181,117,298
166,108,274
151,100,251
147,121,268
146,133,279
147,136,283
145,128,273
141,114,255
141,124,265
137,133,270
158,106,264
168,180,348
186,201,387
171,199,370
169,201,370
129,215,344
163,232,395
157,245,402
159,256,415
185,231,416
190,244,434
209,235,444
193,216,409
189,191,380
196,161,357
192,157,349
179,154,333
181,183,364
221,149,370
231,151,382
198,152,350
133,156,289
137,150,287
143,142,285
151,137,288
129,136,265
123,143,266
139,133,272
147,138,285
140,149,289
126,160,286
116,174,290
122,179,301
128,169,297
139,160,299
142,158,300
144,154,298
134,162,296
132,167,299
133,157,290
134,154,288
121,161,282
118,171,289
116,178,294
130,182,312
124,220,344
155,207,362
149,232,381
176,232,408
167,241,408
150,246,396
199,183,382
189,180,369
212,169,381
175,161,336
191,134,325
200,97,297
197,121,318
180,122,302
166,115,281
157,107,264
161,135,296
165,130,295
152,127,279
164,109,273
154,93,247
155,140,295
160,128,288
156,126,282
166,122,288
147,119,266
141,126,267
123,112,235
149,108,257
159,115,274
152,110,262
148,123,271
150,113,263
152,109,261
154,162,316
146,160,306
140,169,309
165,140,305
159,146,305
165,156,321
138,149,287
129,155,284
134,166,300
114,170,284
124,189,313
121,212,333
127,227,354
122,236,358
165,203,368
203,173,376
208,181,389
179,214,393
170,206,376
164,227,391
157,227,384
162,211,373
166,220,386
184,192,376
220,149,369
258,156,414
262,141,403
247,162,409
242,140,382
216,132,348
200,127,327
163,132,295
179,122,301
181,116,297
189,103,292
156,123,279
156,117,273
167,109,276
178,152,330
162,158,320
159,166,325
158,167,325
143,172,315
157,166,323
146,172,318
142,165,307
144,156,300
152,153,305
148,150,298
145,154,299
142,154,296
141,162,303
140,163,303
133,171,304
150,172,322
143,187,330
150,197,347
134,212,346
132,226,358
153,205,358
154,204,358
180,191,371
183,175,358
189,168,357
177,165,342
168,157,325
170,152,322
167,150,317
139,140,279
155,131,286
161,117,278
155,121,276
153,114,267
149,115,264
127,113,240
143,110,253
162,144,306
171,129,300
188,122,310
207,109,316
183,114,297
170,141,311
175,121,296
164,121,285
154,126,280
123,128,251
112,131,243
124,137,261
125,152,277
122,154,276
124,163,287
145,297,442
139,438,577
152,459,611
145,470,615
396,210,606
411,202,613
429,189,618
166,173,339
160,176,336
156,171,327
161,168,329
164,162,326
155,159,314
157,152,309
151,151,302
142,156,298
144,161,305
160,153,313
165,139,304
154,132,286
153,123,276
158,109,267
156,99,255
140,95,235
136,95,231
115,91,206
123,88,211
126,93,219
115,132,247
138,143,281
148,153,301
148,179,327
133,195,328
132,199,331
138,194,332
145,191,336
153,185,338
155,179,334
159,180,339
148,186,334
134,185,319
135,188,323
147,175,322
180,155,335
172,145,317
173,138,311
153,145,298
151,147,298
148,129,277
161,113,274
175,124,299
184,117,301
186,115,301
179,107,286
156,109,265
146,104,250
152,96,248
152,102,254
149,120,269
144,126,270
149,124,273
163,109,272
166,94,260
171,111,282
158,107,265
171,150,321
179,143,322
162,155,317
171,173,344
188,151,339
196,149,345
192,157,349
173,166,339
154,184,338
155,215,370
162,238,400
153,229,382
168,204,372
182,183,365
209,154,363
220,135,355
232,113,345
212,135,347
215,129,344
202,120,322
198,108,306
174,107,281
159,144,303
162,160,322
172,145,317
171,123,294
168,108,276
162,91,253
145,124,269
140,140,280
163,111,274
180,110,290
183,98,281
158,111,269
170,105,275
153,95,248
159,119,278
150,138,288
179,114,293
169,123,292
168,112,280
150,102,252
160,167,327
152,161,313
166,154,320
145,160,305
86,166,252
114,177,291
130,172,302
131,188,319
133,208,341
126,224,350
127,241,368
178,194,372
206,173,379
207,168,375
179,168,347
129,172,301
123,165,288
137,161,298
140,163,303
139,167,306
128,162,290
134,153,287
133,144,277
132,144,276
136,146,282
138,140,278
140,129,269
144,109,253
137,104,241
143,94,237
138,131,269
146,137,283
141,161,302
150,152,302
140,152,292
155,158,313
146,150,296
147,149,296
145,145,290
135,145,280
133,143,276
131,141,272
134,146,280
124,157,281
127,154,281
138,148,286
154,141,295
148,130,278
150,126,276
151,127,278
142,138,280
135,128,263
139,123,262
147,110,257
137,110,247
145,106,251
140,107,247
144,103,247
136,99,235
135,97,232
143,98,241
135,95,230
148,84,232
130,110,240
141,120,261
145,126,271
148,147,295
158,144,302
152,141,293
158,143,301
144,141,285
151,131,282
155,121,276
155,130,285
145,147,292
139,147,286
137,140,277
149,133,282
144,162,306
137,173,310
130,167,297
143,160,303
151,150,301
143,160,303
148,149,297
131,150,281
125,149,274
137,137,274
136,131,267
150,129,279
132,125,257
139,124,263
133,118,251
136,118,254
134,117,251
139,112,251
137,113,250
144,108,252
130,113,243
145,138,283
143,148,291
149,143,292
136,145,281
149,148,297
150,134,284
167,129,296
182,117,299
179,117,296
174,151,325
165,162,327
166,160,326
162,165,327
160,156,316
154,158,312
178,147,325
189,123,312
205,126,331
205,134,339
185,127,312
182,116,298
178,145,323
182,148,330
184,144,328
182,148,330
159,140,299
169,136,305
166,130,296
150,149,299
157,167,324
124,185,309
136,197,333
130,198,328
141,193,334
131,192,323
156,184,340
143,183,326
143,179,322
142,185,327
137,191,328
136,188,324
130,184,314
158,160,318
171,147,318
169,132,301
165,114,279
153,99,252
151,112,263
146,114,260
153,110,263
157,112,269
156,103,259
155,110,265
164,107,271
152,125,277
167,117,284
177,93,270
175,204,379
253,182,435
292,135,427
298,125,423
194,112,306
145,89,234
155,131,286
163,147,310
154,146,300
158,139,297
147,147,294
146,141,287
152,139,291
166,135,301
161,129,290
160,117,277
144,104,248
146,104,250
139,94,233
135,84,219
139,123,262
137,128,265
154,137,291
164,126,290
164,114,278
168,117,285
165,127,292
152,127,279
137,134,271
133,120,253
144,103,247
150,96,246
139,86,225
143,123,266
142,124,266
152,127,279
153,115,268
138,105,243
147,90,237
148,121,269
154,122,276
155,120,275
152,128,280
148,130,278
152,126,278
144,158,302
190,106,296
204,109,313
196,92,288
165,118,283
163,109,272
155,93,248
161,124,285
181,92,273
168,117,285
159,122,281
141,117,258
147,120,267
148,119,267
148,119,267
137,119,256
131,126,257
118,129,247
124,133,257
131,128,259
137,130,267
141,122,263
148,126,274
131,153,284
138,162,300
134,166,300
138,161,299
149,156,305
153,139,292
137,129,266
146,118,264
146,106,252
146,97,243
134,85,219
135,98,233
126,98,224
132,95,227
135,87,222
135,125,260
130,126,256
147,113,260
153,99,252
161,143,304
159,154,313
159,163,322
158,220,378
141,227,368
156,236,392
173,229,402
198,195,393
205,154,359
260,155,415
272,163,435
249,142,391
231,133,364
205,117,322
174,143,317
194,125,319
187,131,318
192,119,311
163,131,294
174,150,324
186,150,336
231,155,386
254,142,396
235,126,361
211,126,337
181,120,301
168,129,297
164,135,299
161,135,296
149,137,286
147,138,285
145,140,285
148,143,291
151,143,294
146,138,284
148,139,287
146,142,288
153,132,285
167,110,277
178,115,293
186,114,300
184,105,289
176,106,282
166,120,286
139,124,263
149,117,266
151,113,264
148,113,261
143,122,265
146,123,269
145,142,287
147,136,283
161,112,273
173,125,298
179,117,296
173,101,274
165,136,301
170,132,302
174,163,337
174,174,348
159,184,343
191,152,343
208,120,328
206,107,313
181,132,313
163,125,288
164,108,272
157,100,257
149,115,264
160,101,261
166,124,290
164,116,280
155,110,265
156,105,261
151,108,259
155,105,260
149,106,255
145,113,258
147,153,300
177,135,312
212,112,324
221,110,331
185,97,282
145,90,235
144,124,268
148,121,269
165,96,261
167,129,296
163,117,280
155,107,262
151,103,254
146,93,239
150,113,263
151,107,258
143,103,246
142,206,348
145,286,431
131,291,422
159,272,431
176,247,423
240,159,399
270,107,377
284,115,399
219,161,380
205,141,346
199,136,335
188,124,312
164,111,275
170,120,290
173,132,305
167,125,292
151,113,264
160,102,262
160,120,280
158,110,268
142,117,259
141,124,265
124,140,264
123,149,272
113,150,263
134,141,275
138,137,275
154,118,272
180,126,306
189,121,310
175,117,292
163,110,273
151,96,247
167,146,313
188,140,328
184,139,323
184,130,314
171,109,280
168,173,341
215,127,342
201,114,315
197,113,310
160,101,261
165,163,328
184,143,327
199,140,339
196,181,377
197,167,364
225,141,366
221,150,371
199,151,350
176,147,323
191,149,340
208,132,340
190,144,334
164,162,326
150,177,327
163,176,339
191,172,363
210,158,368
225,128,353
207,105,312
181,136,317
173,149,322
194,139,333
222,97,319
208,147,355
193,170,363
158,172,330
156,160,316
135,149,284
163,125,288
150,108,258
174,93,267
153,138,291
162,129,291
165,110,275
170,152,322
182,143,325
190,118,308
177,105,282
155,103,258
144,95,239
153,126,279
158,121,279
153,111,264
171,96,267
170,133,303
167,143,310
164,143,307
148,138,286
137,123,260
159,116,275
159,109,268
173,139,312
172,132,304
165,119,284
154,101,255
157,130,287
164,134,298
160,142,302
181,122,303
191,127,318
193,123,316
156,104,260
158,97,255
151,105,256
148,97,245
150,137,287
169,119,288
168,114,282
171,107,278
152,113,265
159,107,266
154,95,249
159,131,290
161,127,288
162,108,270
163,117,280
163,124,287
160,157,317
168,141,309
159,135,294
174,113,287
171,132,303
182,123,305
175,103,278
159,129,288
157,127,284
165,113,278
171,157,328
181,142,323
175,132,307
185,123,308
185,96,281
175,87,262
147,85,232
115,90,205
126,113,239
132,128,260
140,125,265
137,142,279
132,178,310
126,188,314
122,181,303
136,184,320
129,180,309
142,175,317
132,184,316
148,180,328
164,195,359
206,186,392
202,177,379
190,160,350
178,144,322
179,116,295
185,108,293
176,112,288
168,173,341
184,162,346
199,148,347
215,127,342
177,115,292
201,171,372
196,158,354
195,144,339
169,130,299
145,109,254
163,105,268
164,132,296
160,159,319
163,160,323
179,148,327
197,131,328
233,153,386
249,149,398
225,158,383
214,145,359
187,135,322
172,148,320
153,228,381
223,168,391
256,128,384
253,128,381
202,127,329
167,124,291
187,139,326
192,133,325
192,115,307
179,161,340
179,137,316
193,142,335
175,141,316
144,123,267
165,111,276
171,93,264
167,113,280
169,135,304
181,115,296
172,110,282
169,116,285
148,126,274
152,135,287
163,131,294
170,114,284
170,113,283
163,104,267
149,96,245
154,100,254
141,104,245
138,102,240
142,113,255
138,111,249
138,107,245
129,132,261
125,143,268
122,144,266
132,144,276
143,141,284
141,147,288
138,144,282
132,138,270
144,203,347
150,208,358
163,216,379
198,181,379
220,156,376
208,154,362
177,148,325
158,162,320
145,183,328
134,196,330
122,194,316
136,186,322
143,176,319
149,171,320
164,156,320
162,146,308
150,145,295
165,126,291
161,112,273
181,105,286
177,140,317
154,127,281
166,115,281
172,124,296
167,120,287
192,141,333
184,134,318
183,119,302
164,121,285
174,118,292
182,103,285
160,111,271
157,109,266
149,107,256
153,94,247
151,102,253
163,150,313
174,135,309
193,119,312
182,112,294
180,103,283
165,106,271
165,103,268
136,111,247
139,107,246
145,95,240
157,118,275
143,131,274
138,141,279
122,144,266
118,149,267
131,148,279
162,145,307
207,284,491
382,110,492
359,116,475
330,148,478
172,129,301
176,130,306
170,128,298
132,136,268
136,136,272
138,155,293
142,141,283
161,123,284
164,113,277
154,101,255
148,154,302
159,169,328
159,176,335
155,170,325
139,166,305
148,190,338
148,230,378
147,226,373
166,220,386
167,221,388
201,181,382
226,145,371
260,115,375
210,130,340
181,144,325
152,160,312
153,158,311
158,176,334
207,174,381
219,176,395
237,168,405
204,171,375
180,169,349
172,158,330
172,147,319
211,148,359
222,133,355
252,140,392
224,130,354
226,146,372
207,151,358
188,132,320
174,119,293
157,116,273
153,107,260
145,98,243
148,90,238
150,104,254
146,106,252
144,127,271
148,141,289
159,149,308
157,145,302
151,136,287
157,141,298
169,117,286
155,139,294
161,148,309
152,140,292
145,149,294
172,120,292
186,97,283
188,95,283
154,101,255
129,104,233
119,103,222
124,102,226
133,101,234
126,104,230
130,113,243
125,127,252
126,126,252
139,116,255
136,114,250
117,115,232
120,113,233
131,101,232
133,99,232
122,96,218
133,97,230
124,99,223
125,99,224
123,102,225
132,119,251
136,117,253
146,131,277
141,136,277
128,134,262
122,121,243
139,126,265
137,122,259
125,122,247
123,107,230
141,98,239
143,96,239
132,126,258
142,130,272
137,131,268
154,131,285
149,142,291
149,145,294
144,161,305
148,170,318
122,180,302
135,186,321
141,179,320
133,177,310
134,187,321
133,188,321
128,195,323
143,191,334
137,199,336
143,196,339
139,203,342
146,197,343
194,144,338
222,119,341
229,137,366
173,144,317
151,133,284
163,121,284
165,120,285
160,115,275
145,119,264
125,131,256
124,151,275
128,154,282
142,147,289
142,146,288
149,141,290
142,137,279
145,128,273
146,126,272
147,116,263
133,132,265
125,132,257
126,141,267
128,142,270
143,130,273
143,121,264
150,110,260
163,114,277
169,113,282
174,133,307
153,124,277
165,121,286
158,116,274
152,151,303
169,159,328
155,159,314
146,170,316
126,179,305
122,197,319
121,219,340
150,199,349
166,185,351
166,184,350
162,181,343
156,174,330
155,176,331
142,177,319
129,163,292
131,167,298
139,162,301
137,176,313
131,185,316
121,193,314
112,211,323
155,325,480
194,319,513
211,346,557
199,334,533
282,240,522
314,195,509
241,168,409
235,175,410
178,159,337
195,118,313
190,134,324
165,160,325
147,165,312
140,175,315
167,167,334
184,155,339
194,172,366
189,147,336
192,127,319
179,127,306
153,128,281
127,128,255
124,124,248
128,126,254
126,123,249
127,118,245
123,118,241
122,115,237
127,114,241
143,89,232
140,87,227
126,92,218
125,116,241
127,112,239
134,114,248
128,104,232
134,110,244
137,101,238
140,99,239
133,104,237
121,98,219
123,101,224
116,95,211
125,94,219
129,102,231
132,140,272
160,139,299
179,129,308
179,157,336
151,151,302
157,125,282
167,116,283
170,100,270
159,117,276
164,104,268
170,141,311
168,144,312
169,129,298
159,115,274
155,101,256
159,121,280
165,105,270
165,115,280
161,97,258
150,124,274
168,101,269
165,86,251
169,117,286
156,103,259
161,122,283
158,105,263
162,115,277
162,103,265
151,127,278
164,105,269
159,95,254
148,147,295
151,137,288
166,113,279
168,98,266
160,115,275
165,110,275
165,95,260
159,114,273
146,106,252
150,98,248
149,115,264
152,103,255
163,122,285
161,108,269
154,99,253
159,130,289
152,140,292
168,143,311
166,147,313
165,150,315
168,154,322
169,157,326
173,177,350
170,194,364
162,210,372
193,183,376
208,181,389
242,158,400
226,150,376
249,95,344
229,107,336
184,101,285
128,97,225
141,144,285
152,184,336
203,159,362
210,150,360
188,140,328
135,128,263
152,119,271
157,113,270
158,107,265
158,95,253
156,102,258
149,91,240
145,127,272
159,119,278
167,102,269
159,105,264
162,101,263
157,141,298
156,128,284
152,121,273
152,139,291
177,117,294
178,117,295
164,121,285
140,124,264
133,180,313
128,190,318
129,194,323
129,185,314
145,194,339
151,189,340
176,167,343
207,150,357
201,146,347
202,155,357
200,158,358
223,154,377
239,113,352
224,121,345
212,132,344
202,126,328
161,117,278
161,125,286
154,133,287
156,141,297
157,166,323
168,182,350
165,198,363
174,194,368
157,186,343
184,175,359
178,181,359
189,175,364
168,185,353
155,191,346
142,189,331
127,194,321
160,167,327
171,149,320
183,143,326
151,158,309
134,157,291
153,151,304
155,152,307
147,151,298
147,152,299
151,150,301
154,138,292
158,117,275
156,107,263
164,94,258
164,120,284
162,102,264
155,96,251
152,125,277
139,134,273
150,142,292
151,133,284
142,143,285
152,151,303
149,143,292
156,128,284
167,114,281
163,148,311
190,117,307
170,140,310
166,163,329
125,151,276
151,138,289
169,96,265
173,96,269
164,104,268
135,113,248
133,118,251
144,116,260
132,106,238
145,95,240
150,124,274
154,119,273
153,113,266
146,118,264
153,133,286
171,109,280
180,115,295
184,99,283
157,113,270
151,143,294
174,155,329
210,134,344
215,138,353
169,141,310
151,127,278
152,111,263
158,103,261
153,105,258
150,136,286
153,128,281
164,108,272
157,109,266
138,102,240
142,104,246
144,96,240
150,107,257
157,107,264
149,139,288
160,139,299
147,145,292
159,135,294
139,144,283
149,144,293
154,127,281
159,106,265
171,120,291
172,117,289
176,98,274
167,94,261
164,164,328
161,140,301
172,136,308
164,136,300
127,130,257
142,134,276
142,137,279
153,135,288
151,143,294
142,135,277
148,128,276
172,91,263
188,118,306
181,129,310
162,137,299
177,126,303
196,133,329
191,130,321
172,122,294
172,107,279
167,143,310
172,167,339
151,194,345
150,199,349
136,191,327
172,191,363
162,198,360
139,268,407
136,269,405
161,286,447
161,291,452
226,230,456
236,243,479
239,250,489
199,280,479
216,275,491
217,292,509
240,263,503
261,257,518
266,282,548
226,341,567
191,337,528
211,314,525
386,153,539
399,143,542
376,153,529
231,120,351
228,127,355
204,140,344
159,152,311
153,142,295
144,144,288
140,152,292
133,156,289
146,159,305
144,169,313
145,164,309
131,169,300
145,166,311
164,143,307
156,167,323
146,196,342
121,230,351
134,249,383
143,267,410
157,265,422
196,237,433
203,217,420
199,203,402
185,160,345
188,149,337
169,147,316
169,132,301
162,133,295
184,107,291
177,101,278
168,107,275
151,101,252
141,87,228
146,87,233
143,136,279
142,137,279
144,175,319
130,193,323
123,195,318
129,199,328
143,192,335
143,183,326
150,179,329
169,137,306
167,119,286
200,110,310
172,106,278
165,140,305
170,131,301
188,130,318
191,122,313
172,119,291
152,120,272
130,116,246
161,114,275
176,103,279
159,103,262
134,120,254
163,137,300
176,138,314
182,126,308
160,116,276
168,122,290
168,124,292
166,149,315
180,125,305
172,118,290
160,119,279
169,181,350
200,167,367
216,176,392
201,194,395
196,167,363
206,133,339
229,111,340
204,136,340
188,142,330
178,150,328
170,141,311
167,138,305
184,183,367
211,182,393
232,175,407
224,162,386
191,123,314
234,127,361
222,117,339
187,118,305
153,102,255
143,95,238
145,99,244
129,104,233
126,107,233
126,111,237
132,103,235
143,88,231
141,87,228
121,93,214
134,137,271
142,140,282
140,145,285
140,141,281
135,138,273
131,148,279
138,181,319
123,186,309
146,167,313
154,162,316
141,178,319
123,195,318
113,202,315
119,206,325
155,185,340
186,169,355
206,154,360
191,158,349
180,151,331
166,184,350
182,184,366
211,171,382
225,176,401
222,199,421
186,183,369
178,185,363
177,185,362
177,188,365
174,192,366
169,203,372
159,201,360
153,204,357
152,210,362
155,204,359
157,193,350
176,180,356
181,208,389
189,194,383
167,194,361
167,183,350
162,182,344
149,190,339
152,191,343
150,202,352
158,222,380
148,231,379
152,227,379
186,210,396
193,236,429
196,230,426
216,195,411
245,319,564
246,329,575
190,362,552
198,357,555
286,253,539
301,237,538
238,183,421
228,177,405
189,182,371
148,182,330
159,164,323
166,155,321
177,118,295
166,116,282
147,128,275
118,128,246
126,131,257
129,122,251
133,116,249
131,117,248
130,118,248
138,118,256
146,106,252
146,105,251
142,97,239
143,79,222
142,104,246
124,107,231
119,103,222
122,102,224
108,98,206
123,98,221
118,117,235
120,146,266
129,167,296
136,198,334
132,216,348
134,219,353
125,219,344
177,176,353
192,182,374
194,182,376
143,182,325
138,175,313
144,182,326
170,148,318
178,132,310
188,125,313
191,94,285
183,120,303
177,123,300
149,114,263
161,118,279
151,117,268
152,115,267
145,118,263
128,124,252
121,129,250
136,144,280
153,126,279
161,122,283
155,127,282
132,127,259
133,138,271
144,141,285
138,160,298
136,165,301
119,164,283
123,163,286
126,164,290
124,168,292
128,162,290
132,175,307
127,181,308
126,190,316
127,191,318
137,181,318
125,176,301
150,193,343
156,185,341
153,182,335
138,200,338
167,172,339
175,177,352
187,166,353
159,154,313
157,150,307
143,140,283
138,134,272
141,113,254
143,101,244
126,100,226
131,93,224
128,140,268
143,148,291
143,146,289
139,151,290
120,150,270
128,141,269
141,134,275
145,127,272
136,112,248
145,106,251
159,153,312
207,119,326
213,121,334
215,128,343
176,189,365
197,191,388
192,184,376
191,173,364
179,155,334
194,142,336
204,110,314
198,155,353
213,143,356
227,154,381
242,123,365
218,135,353
228,138,366
194,144,338
176,142,318
181,130,311
201,116,317
208,100,308
181,146,327
166,145,311
157,145,302
140,146,286
132,150,282
136,149,285
138,150,288
139,148,287
141,153,294
136,157,293
130,156,286
137,152,289
144,148,292
157,130,287
144,126,270
143,122,265
127,119,246
131,131,262
140,139,279
143,142,285
152,147,299
143,147,290
140,143,283
138,171,309
137,197,334
134,208,342
137,196,333
157,199,356
144,210,354
150,213,363
153,227,380
182,223,405
193,216,409
203,208,411
188,205,393
164,217,381
155,207,362
170,181,351
165,165,330
182,132,314
190,95,285
184,89,273
165,141,306
147,139,286
149,143,292
155,132,287
170,130,300
152,125,277
132,123,255
139,121,260
146,126,272
156,113,269
162,127,289
185,110,295
174,104,278
177,127,304
157,164,321
157,171,328
138,165,303
138,197,335
135,204,339
129,211,340
126,221,347
176,168,344
188,167,355
181,170,351
154,160,314
137,169,306
139,190,329
135,200,335
125,192,317
151,173,324
159,150,309
190,112,302
202,134,336
200,150,350
196,134,330
176,122,298
169,127,296
144,135,279
147,133,280
140,131,271
158,108,266
174,105,279
165,106,271
141,110,251
129,132,261
129,125,254
136,125,261
153,110,263
176,133,309
178,150,328
166,153,319
147,153,300
159,148,307
169,147,316
173,149,322
158,168,326
159,201,360
158,218,376
170,230,400
164,244,408
160,242,402
143,206,349
182,191,373
211,151,362
193,131,324
191,112,303
163,113,276
157,158,315
188,121,309
184,187,371
186,192,378
137,184,321
146,177,323
166,153,319
169,156,325
174,163,337
161,183,344
169,189,358
177,195,372
189,196,385
222,160,382
231,138,369
232,119,351
217,138,355
202,145,347
196,133,329
189,175,364
221,148,369
222,149,371
212,134,346
176,125,301
188,116,304
168,118,286
171,173,344
188,147,335
207,133,340
210,121,331
175,125,300
175,136,311
153,142,295
156,152,308
160,153,313
159,146,305
171,130,301
168,119,287
167,104,271
161,98,259
162,121,283
159,117,276
162,112,274
166,100,266
156,124,280
165,110,275
154,105,259
156,102,258
156,121,277
163,130,293
168,128,296
162,118,280
163,113,276
164,110,274
151,108,259
161,104,265
157,102,259
155,102,257
148,107,255
148,121,269
146,118,264
151,115,266
153,108,261
156,100,256
154,121,275
162,111,273
168,101,269
168,114,282
160,108,268
165,137,302
168,121,289
171,107,278
173,164,337
186,227,413
346,131,477
361,104,465
282,145,427
196,141,337
168,129,297
172,117,289
142,102,244
160,95,255
162,126,288
169,131,300
156,136,292
146,129,275
161,105,266
160,114,274
151,110,261
133,107,240
140,102,242
126,108,234
134,102,236
128,98,226
134,99,233
122,100,222
132,95,227
144,129,273
148,136,284
150,128,278
151,111,262
144,113,257
137,114,251
124,121,245
124,119,243
126,121,247
131,118,249
135,121,256
133,122,255
128,116,244
132,111,243
117,117,234
129,111,240
133,123,256
144,118,262
134,123,257
127,135,262
123,143,266
125,141,266
152,124,276
176,121,297
171,127,298
148,127,275
128,131,259
113,132,245
129,154,283
121,174,295
134,197,331
128,205,333
147,197,344
150,193,343
181,158,339
178,155,333
198,149,347
169,140,309
176,120,296
179,110,289
196,172,368
182,170,352
163,170,333
140,173,313
87,175,262
117,186,303
124,195,319
128,196,324
142,195,337
147,203,350
150,224,374
158,248,406
156,277,433
168,303,471
189,299,488
244,244,488
266,202,468
293,152,445
247,132,379
219,139,358
194,148,342
191,155,346
188,163,351
165,160,325
152,160,312
159,148,307
157,159,316
198,135,333
213,141,354
238,146,384
224,136,360
199,127,326
162,126,288
132,120,252
133,118,251
130,124,254
131,134,265
128,138,266
124,154,278
114,184,298
135,189,324
140,192,332
148,188,336
154,185,339
185,159,344
162,145,307
188,139,327
154,143,297
160,139,299
144,138,282
143,145,288
131,147,278
159,118,277
185,108,293
166,104,270
142,99,241
119,95,214
114,89,203
122,88,210
126,109,235
126,108,234
156,190,346
172,183,355
170,213,383
169,331,500
100,352,452
119,363,482
239,275,514
312,218,530
342,190,532
175,199,374
168,193,361
159,170,329
148,172,320
156,176,332
136,171,307
132,170,302
110,176,286
196,111,307
213,131,344
214,120,334
170,111,281
154,101,255
141,119,260
153,125,278
153,124,277
153,106,259
150,92,242
161,114,275
160,115,275
159,120,279
164,127,291
160,123,283
182,124,306
187,100,287
188,131,319
168,134,302
132,121,253
159,101,260
163,127,290
162,118,280
162,114,276
133,106,239
140,101,241
142,142,284
148,126,274
158,122,280
151,117,268
127,123,250
129,111,240
132,116,248
137,122,259
110,131,241
118,136,254
120,144,264
126,165,291
121,182,303
130,180,310
186,154,340
190,159,349
186,145,331
157,125,282
158,118,276
137,110,247
138,106,244
125,101,226
125,103,228
130,95,225
138,117,255
153,111,264
158,96,254
155,127,282
151,129,280
175,111,286
180,102,282
179,155,334
186,138,324
180,141,321
212,118,330
219,130,349
223,121,344
211,127,338
203,141,344
202,115,317
194,119,313
203,115,318
174,121,295
181,139,320
180,166,346
206,159,365
204,148,352
208,115,323
211,118,329
198,101,299
179,117,296
153,118,271
131,113,244
147,121,268
143,120,263
138,113,251
125,106,231
124,97,221
132,87,219
134,141,275
139,152,291
155,152,307
151,171,322
136,188,324
121,185,306
134,179,313
135,172,307
158,148,306
153,146,299
183,145,328
159,138,297
160,131,291
155,124,279
172,114,286
180,108,288
170,106,276
139,107,246
129,98,227
134,98,232
131,108,239
114,112,226
122,112,234
123,118,241
118,123,241
122,117,239
133,124,257
127,139,266
122,149,271
124,153,277
133,145,278
138,138,276
140,138,278
155,121,276
170,101,271
179,105,284
157,113,270
134,114,248
120,117,237
118,120,238
117,122,239
118,123,241
123,131,254
120,140,260
126,154,280
124,164,288
125,187,312
138,184,322
139,190,329
131,201,332
135,178,313
143,178,321
150,197,347
151,195,346
163,237,400
172,229,401
166,240,406
156,225,381
220,163,383
191,154,345
193,130,323
155,113,268
177,127,304
168,143,311
173,169,342
160,175,335
145,173,318
151,154,305
149,142,291
143,132,275
134,126,260
101,117,218
135,103,238
134,96,230
124,89,213
134,107,241
131,109,240
136,104,240
140,105,245
149,110,259
147,107,254
147,113,260
140,121,261
150,116,266
165,110,275
152,125,277
164,156,320
146,194,340
171,175,346
170,183,353
174,205,379
162,185,347
193,145,338
216,102,318
212,127,339
195,119,314
163,118,281
177,116,293
179,128,307
179,118,297
144,109,253
138,98,236
134,89,223
140,130,270
140,117,257
147,104,251
147,96,243
124,88,212
144,103,247
149,106,255
139,142,281
140,166,306
143,155,298
148,147,295
143,150,293
144,144,288
149,128,277
130,117,247
147,100,247
147,99,246
144,105,249
142,101,243
152,92,244
151,160,311
156,147,303
143,146,289
184,101,285
139,122,261
188,124,312
171,142,313
172,140,312
171,130,301
183,134,317
201,122,323
214,97,311
213,102,315
175,100,275
144,105,249
151,100,251
151,95,246
151,108,259
162,148,310
163,154,317
144,154,298
136,163,299
110,166,276
131,166,297
146,154,300
150,164,314
161,153,314
161,151,312
139,156,295
116,166,282
119,174,293
135,175,310
137,188,325
140,195,335
129,197,326
117,200,317
165,178,343
167,179,346
168,185,353
130,186,316
132,177,309
145,147,292
174,125,299
184,117,301
191,112,303
194,100,294
179,140,319
167,128,295
169,121,290
181,127,308
161,117,278
158,124,282
132,129,261
105,137,242
115,156,271
124,159,283
113,165,278
127,168,295
139,158,297
131,160,291
135,163,298
123,161,284
112,168,280
121,210,331
116,209,325
121,204,325
121,194,315
186,128,314
201,104,305
197,97,294
146,84,230
130,117,247
136,105,241
140,102,242
134,101,235
143,131,274
155,132,287
154,128,282
157,114,271
154,105,259
142,111,253
183,123,306
174,114,288
183,95,278
162,122,284
156,132,288
177,123,300
191,101,292
189,101,290
170,110,280
151,109,260
135,113,248
135,110,245
128,113,241
131,121,252
129,121,250
135,122,257
129,125,254
123,122,245
128,124,252
132,123,255
125,118,243
132,119,251
138,104,242
138,96,234
138,99,237
122,96,218
118,110,228
121,139,260
119,160,279
141,262,403
304,131,435
333,116,449
332,98,430
152,128,280
170,119,289
158,123,281
145,125,270
119,120,239
124,110,234
140,104,244
138,110,248
145,99,244
140,94,234
130,99,229
139,86,225
135,99,234
124,95,219
129,90,219
123,90,213
115,100,215
125,103,228
131,96,227
134,96,230
128,91,219
134,149,283
165,144,309
186,129,315
186,112,298
155,96,251
167,141,308
158,145,303
163,138,301
156,139,295
143,134,277
178,141,319
211,119,330
197,112,309
179,110,289
170,162,332
211,149,360
241,123,364
247,175,422
234,175,409
213,180,393
201,177,378
209,159,368
243,103,346
239,96,335
189,105,294
171,131,302
198,97,295
205,116,321
180,126,306
160,116,276
150,123,273
132,128,260
119,121,240
129,124,253
127,121,248
128,123,251
140,122,262
132,132,264
145,132,277
134,131,265
134,130,264
127,138,265
121,136,257
109,139,248
130,134,264
135,150,285
129,155,284
127,171,298
117,175,292
139,160,299
131,181,312
139,183,322
125,189,314
143,187,330
120,186,306
130,179,309
146,148,294
171,129,300
182,121,303
162,140,302
186,93,279
182,107,289
173,140,313
167,118,285
169,115,284
163,123,286
174,89,263
165,94,259
149,126,275
127,146,273
146,162,308
142,161,303
126,176,302
123,320,443
126,325,451
118,322,440
229,248,477
292,211,503
311,201,512
233,158,391
97,147,244
128,137,265
157,142,299
132,134,266
125,123,248
160,86,246
168,111,279
166,121,287
139,118,257
150,94,244
159,122,281
163,118,281
154,111,265
147,99,246
138,84,222
141,105,246
121,107,228
124,103,227
130,94,224
137,116,253
143,134,277
164,125,289
182,108,290
165,120,285
150,118,268
118,126,244
136,130,266
123,140,263
118,142,260
123,151,274
133,142,275
136,140,276
129,137,266
128,141,269
118,153,271
138,151,289
136,141,277
143,139,282
142,153,295
125,146,271
133,137,270
173,91,264
179,136,315
176,133,309
164,110,274
157,100,257
155,104,259
152,126,278
166,107,273
163,98,261
147,149,296
155,140,295
171,117,288
165,107,272
155,127,282
165,110,275
168,94,262
171,141,312
151,135,286
167,117,284
169,98,267
155,125,280
165,113,278
167,93,260
163,120,283
154,111,265
158,99,257
157,134,291
158,129,287
169,106,275
169,173,342
201,138,339
216,142,358
211,149,360
155,159,314
158,173,331
153,173,326
180,169,349
204,157,361
227,161,388
240,132,372
243,152,395
245,136,381
229,114,343
215,98,313
181,129,310
168,115,283
152,106,258
148,96,244
135,87,222
145,112,257
144,106,250
142,95,237
142,106,248
145,98,243
151,82,233
148,138,286
145,134,279
148,118,266
152,105,257
141,96,237
140,88,228
143,135,278
150,136,286
167,124,291
188,148,336
198,148,346
192,152,344
192,139,331
164,128,292
159,109,268
165,102,267
146,103,249
138,145,283
153,119,272
179,110,289
174,106,280
138,111,249
158,103,261
150,119,269
161,108,269
157,98,255
159,131,290
153,137,290
159,127,286
154,118,272
158,107,265
155,133,288
177,116,293
182,124,306
184,123,307
163,116,279
145,128,273
130,135,265
120,138,258
131,129,260
138,133,271
135,145,280
134,160,294
129,162,291
131,178,309
133,168,301
143,151,294
146,132,278
171,119,290
193,122,315
204,150,354
209,132,341
190,114,304
182,106,288
145,109,254
147,98,245
141,89,230
124,82,206
130,152,282
123,168,291
134,163,297
134,156,290
101,158,259
141,152,293
138,159,297
142,144,286
159,120,279
165,130,295
187,96,283
182,119,301
178,106,284
169,148,317
169,144,313
161,132,293
174,113,287
165,134,299
175,131,306
167,135,302
195,98,293
186,98,284
159,98,257
133,101,234
131,109,240
122,109,231
125,106,231
120,112,232
125,116,241
120,115,235
129,121,250
128,125,253
126,156,282
126,174,300
126,175,301
134,188,322
134,199,333
130,223,353
114,243,357
161,214,375
167,214,381
211,169,380
187,170,357
189,166,355
146,164,310
152,158,310
134,163,297
131,173,304
128,180,308
128,192,320
137,206,343
136,209,345
136,226,362
155,222,377
154,212,366
183,210,393
175,216,391
171,212,383
139,223,362
172,179,351
207,171,378
194,145,339
227,110,337
212,143,355
235,147,382
231,132,363
222,138,360
214,143,357
199,129,328
205,115,320
155,110,265
130,109,239
126,115,241
121,122,243
97,120,217
118,127,245
127,133,260
132,143,275
140,121,261
156,124,280
160,129,289
147,152,299
145,152,297
139,165,304
145,185,330
153,199,352
148,200,348
159,213,372
182,212,394
196,205,401
195,202,397
217,172,389
233,125,358
233,107,340
209,117,326
172,109,281
165,102,267
158,136,294
166,124,290
165,106,271
179,132,311
166,122,288
178,146,324
162,147,309
157,141,298
177,109,286
180,125,305
188,112,300
173,104,277
162,99,261
136,98,234
123,88,211
139,115,254
130,147,277
132,158,290
95,159,254
130,148,278
129,150,279
129,158,287
123,158,281
129,176,305
143,169,312
147,167,314
144,157,301
132,166,298
125,174,299
133,166,299
125,190,315
128,198,326
126,198,324
125,201,326
159,160,319
157,156,313
157,160,317
125,172,297
119,178,297
123,180,303
122,200,322
156,170,326
174,154,328
188,137,325
155,124,279
161,105,266
162,116,278
167,114,281
162,102,264
150,127,277
144,125,269
159,111,270
165,148,313
188,115,303
179,118,297
162,111,273
141,111,252
133,118,251
129,146,275
127,163,290
147,144,291
153,162,315
128,157,285
161,128,289
171,107,278
178,99,277
166,143,309
168,131,299
179,116,295
173,143,316
175,123,298
174,113,287
174,97,271
155,120,275
167,134,301
145,148,293
143,137,280
142,124,266
148,109,257
150,95,245
134,88,222
128,102,230
133,114,247
138,115,253
151,91,242
155,107,262
149,113,262
138,112,250
136,208,344
171,175,346
172,170,342
147,175,322
127,125,252
175,107,282
211,87,298
151,109,260
138,111,249
148,104,252
151,109,260
170,108,278
180,120,300
190,111,301
160,123,283
143,141,284
162,275,437
288,140,428
330,133,463
333,104,437
205,157,362
209,134,343
198,129,327
188,117,305
174,109,283
171,99,270
158,102,260
140,102,242
125,132,257
129,167,296
112,196,308
120,204,324
119,202,321
143,194,337
165,168,333
154,160,314
150,150,300
97,148,245
108,150,258
131,158,289
103,180,283
124,195,319
105,194,299
118,194,312
129,176,305
151,168,319
168,156,324
148,155,303
148,151,299
133,152,285
119,145,264
157,134,291
160,138,298
173,134,307
156,123,279
140,118,258
138,117,255
136,123,259
119,118,237
128,111,239
123,101,224
134,103,237
122,100,222
125,122,247
122,128,250
132,139,271
130,144,274
114,151,265
139,148,287
137,164,301
135,188,323
130,198,328
131,196,327
127,190,317
163,148,311
195,119,314
204,105,309
191,105,296
168,107,275
166,95,261
157,117,274
158,118,276
161,117,278
151,113,264
155,112,267
134,128,262
116,140,256
121,161,282
120,190,310
129,227,356
138,331,469
127,352,479
150,340,490
246,236,482
302,191,493
315,173,488
186,162,348
175,165,340
145,176,321
126,179,305
115,173,288
127,163,290
156,130,286
171,110,281
171,106,277
136,124,260
133,136,269
124,132,256
137,143,280
122,154,276
118,156,274
124,164,288
136,163,299
128,166,294
143,170,313
114,175,289
134,173,307
131,173,304
136,201,337
130,215,345
124,217,341
138,210,348
183,167,350
186,173,359
174,166,340
150,152,302
147,147,294
145,155,300
111,158,269
119,155,274
133,161,294
135,184,319
137,189,326
130,194,324
127,194,321
179,141,320
200,115,315
213,123,336
191,125,316
188,109,297
171,106,277
135,123,258
119,139,258
130,136,266
122,128,250
141,107,248
142,98,240
142,112,254
154,132,286
167,111,278
164,104,268
139,107,246
123,96,219
142,124,266
150,124,274
128,121,249
125,122,247
137,131,268
147,128,275
186,118,304
172,121,293
157,113,270
163,126,289
150,149,299
162,161,323
200,104,304
209,90,299
171,83,254
146,106,252
141,115,256
146,126,272
160,103,263
170,100,270
167,108,275
133,115,248
140,108,248
145,115,260
155,106,261
157,140,297
182,111,293
175,95,270
178,155,333
180,135,315
196,142,338
183,173,356
130,179,309
135,189,324
141,205,346
155,217,372
154,227,381
171,219,390
164,216,380
181,216,397
181,215,396
207,179,386
235,127,362
243,110,353
194,99,293
193,84,277
157,119,276
137,145,282
136,155,291
172,114,286
201,123,324
223,109,332
184,113,297
153,110,263
135,104,239
143,98,241
138,143,281
156,139,295
165,138,303
146,145,291
126,141,267
134,137,271
139,129,268
133,117,250
144,112,256
151,92,243
154,105,259
154,102,256
121,97,218
143,113,256
160,113,273
161,106,267
166,126,292
151,111,262
160,106,266
149,95,244
149,146,295
151,152,303
165,141,306
159,144,303
146,151,297
135,147,282
141,150,291
139,151,290
141,155,296
136,180,316
168,171,339
187,158,345
207,145,352
199,132,331
207,139,346
206,143,349
213,132,345
194,123,317
141,127,268
131,140,271
120,161,281
118,185,303
125,211,336
124,206,330
126,212,338
167,179,346
194,151,345
198,150,348
169,152,321
145,164,309
163,138,301
182,128,310
174,139,313
146,154,300
131,160,291
102,158,260
123,156,279
127,148,275
129,161,290
118,181,299
126,183,309
126,179,305
127,184,311
165,140,305
181,126,307
194,110,304
161,105,266
153,101,254
154,114,268
157,107,264
163,136,299
178,103,281
170,100,270
155,128,283
148,133,281
162,137,299
157,151,308
143,149,292
146,147,293
144,144,288
143,138,281
138,128,266
138,130,268
137,156,293
123,173,296
123,177,300
130,192,322
137,243,380
126,253,379
119,274,393
143,261,404
214,220,434
239,213,452
223,227,450
170,247,417
156,247,403
166,239,405
199,202,401
238,162,400
236,151,387
193,156,349
145,153,298
149,152,301
148,155,303
148,152,300
141,156,297
146,153,299
147,152,299
143,158,301
149,153,302
139,156,295
146,153,299
150,143,293
149,146,295
152,138,290
148,138,286
151,142,293
154,138,292
144,138,282
146,139,285
148,133,281
153,131,284
164,119,283
157,113,270
151,115,266
148,121,269
149,121,270
155,120,275
147,123,270
148,123,271
141,123,264
142,118,260
145,115,260
153,109,262
154,109,263
151,110,261
144,106,250
143,100,243
143,103,246
147,99,246
146,104,250
145,104,249
140,114,254
139,116,255
149,105,254
149,107,256
151,104,255
142,99,241
143,104,247
146,99,245
146,126,272
146,138,284
153,122,275
190,124,314
201,118,319
192,110,302
171,127,298
163,128,291
183,114,297
178,143,321
196,116,312
160,113,273
183,119,302
159,115,274
143,114,257
177,117,294
195,103,298
195,149,344
189,142,331
163,123,286
186,154,340
202,138,340
184,147,331
156,155,311
138,156,294
144,133,277
165,144,309
153,137,290
139,138,277
138,140,278
127,145,272
123,143,266
122,145,267
125,141,266
118,143,261
118,152,270
120,151,271
116,152,268
122,151,273
122,153,275
101,157,258
122,164,286
121,171,292
116,204,320
124,208,332
121,204,325
142,184,326
169,161,330
187,150,337
195,112,307
198,144,342
207,120,327
180,110,290
161,105,266
124,108,232
123,116,239
123,119,242
124,114,238
126,115,241
127,122,249
115,133,248
120,156,276
137,158,295
148,153,301
166,146,312
175,141,316
166,142,308
168,145,313
167,130,297
183,114,297
176,109,285
161,110,271
168,96,264
137,92,229
134,93,227
127,88,215
130,91,221
129,94,223
128,126,254
138,145,283
145,147,292
136,154,290
124,157,281
139,156,295
142,147,289
147,128,275
169,127,296
188,120,308
180,121,301
162,123,285
149,127,276
167,109,276
172,159,331
186,139,325
182,132,314
190,110,300
159,93,252
150,88,238
136,101,237
131,122,253
137,136,273
151,151,302
150,153,303
133,150,283
142,133,275
160,134,294
201,103,304
193,87,280
171,110,281
144,134,278
130,145,275
126,152,278
139,151,290
128,144,272
142,129,271
149,136,285
141,198,339
222,191,413
320,105,425
321,103,424
227,105,332
134,108,242
138,105,243
150,112,262
154,108,262
142,91,233
134,85,219
120,88,208
117,89,206
121,96,217
117,118,235
128,118,246
142,131,273
138,141,279
122,146,268
136,137,273
143,134,277
164,118,282
163,121,284
187,97,284
175,132,307
172,153,325
192,124,316
195,176,371
248,128,376
225,167,392
248,132,380
195,125,320
195,134,329
142,130,272
119,130,249
171,121,292
181,105,286
172,100,272
154,84,238
136,119,255
142,128,270
141,136,277
131,151,282
136,176,312
132,185,317
128,196,324
145,185,330
189,140,329
195,118,313
225,129,354
192,151,343
214,108,322
208,184,392
221,201,422
192,350,542
199,350,549
179,328,507
223,292,515
328,199,527
312,210,522
254,216,470
195,205,400
211,184,395
211,152,363
191,151,342
160,155,315
152,145,297
159,160,319
154,184,338
135,182,317
137,179,316
139,175,314
141,170,311
139,170,309
140,176,316
129,191,320
124,199,323
125,211,336
148,238,386
153,233,386
159,230,389
168,196,364
216,138,354
233,126,359
225,94,319
182,158,340
189,199,388
187,236,423
184,228,412
195,182,377
209,153,362
203,130,333
202,131,333
196,124,320
194,124,318
177,114,291
176,108,284
177,95,272
173,121,294
159,167,326
196,133,329
206,128,334
209,140,349
184,121,305
195,157,352
235,126,361
213,167,380
216,165,381
175,158,333
166,158,324
162,145,307
176,133,309
210,104,314
195,107,302
171,102,273
132,106,238
137,96,233
139,144,283
164,124,288
157,120,277
197,132,329
173,131,304
188,132,320
163,130,293
178,106,284
192,140,332
150,149,299
161,158,319
146,169,315
165,172,337
193,173,366
219,152,371
183,157,340
166,167,333
154,157,311
150,168,318
144,168,312
161,151,312
156,156,312
159,159,318
150,148,298
146,150,296
154,142,296
145,138,283
144,141,285
140,133,273
142,136,278
136,142,278
127,158,285
143,154,297
145,155,300
142,156,298
135,165,300
139,160,299
144,154,298
144,146,290
166,121,287
158,119,277
158,121,279
138,141,279
144,149,293
143,144,287
130,142,272
130,143,273
136,144,280
130,136,266
140,130,270
151,121,272
149,121,270
136,122,258
125,125,250
122,129,251
113,151,264
116,154,270
137,132,269
157,114,271
148,105,253
134,103,237
124,107,231
119,108,227
125,104,229
128,104,232
129,99,228
129,99,228
132,87,219
141,98,239
122,91,213
151,119,270
138,143,281
136,161,297
129,177,306
130,188,318
132,187,319
136,205,341
129,204,333
144,194,338
150,189,339
207,123,330
219,111,330
221,108,329
162,96,258
140,109,249
134,101,235
132,104,236
130,110,240
125,104,229
133,97,230
135,90,225
134,85,219
129,86,215
130,105,235
128,113,241
129,130,259
132,150,282
134,151,285
140,162,302
132,173,305
141,171,312
153,168,321
147,171,318
136,171,307
136,172,308
149,157,306
138,162,300
148,163,311
175,135,310
174,133,307
172,140,312
135,142,277
138,143,281
148,130,278
145,136,281
146,126,272
155,107,262
173,104,277
172,100,272
141,100,241
137,101,238
119,109,228
128,108,236
123,102,225
125,114,239
126,117,243
117,107,224
128,114,242
117,119,236
119,123,242
115,135,250
128,141,269
120,148,268
167,125,292
169,124,293
157,124,281
170,102,272
181,155,336
181,166,347
164,162,326
176,151,327
168,149,317
228,122,350
226,112,338
205,116,321
164,109,273
137,107,244
123,123,246
114,142,256
120,146,266
132,141,273
137,136,273
149,115,264
171,124,295
178,116,294
182,114,296
168,117,285
170,110,280
169,101,270
154,101,255
143,153,296
174,118,292
173,107,280
189,126,315
167,114,281
159,122,281
156,114,270
125,123,248
130,137,267
133,151,284
130,158,288
128,153,281
142,134,276
142,115,257
148,103,251
124,105,229
130,129,259
153,109,262
173,123,296
181,122,303
155,139,294
198,107,305
192,104,296
183,106,289
137,105,242
144,183,327
148,188,336
172,178,350
176,180,356
141,187,328
165,180,345
160,190,350
204,165,369
198,148,346
212,168,380
164,165,329
179,152,331
189,139,328
219,130,349
220,99,319
205,144,349
183,135,318
183,114,297
194,99,293
183,87,270
153,149,302
136,144,280
179,133,312
201,108,309
182,104,286
189,122,311
150,125,275
154,120,274
159,103,262
185,120,305
174,119,293
159,104,263
147,89,236
135,84,219
135,155,290
138,168,306
164,151,315
181,124,305
180,116,296
177,116,293
158,113,271
149,112,261
137,105,242
147,97,244
153,109,262
144,100,244
155,105,260
160,99,259
152,131,283
143,140,283
157,138,295
151,129,280
141,130,271
139,133,272
161,133,294
189,138,327
208,121,329
202,131,333
177,129,306
145,138,283
122,139,261
121,140,261
132,133,265
141,132,273
140,130,270
127,134,261
132,130,262
131,145,276
143,149,292
136,148,284
133,154,287
140,159,299
141,172,313
138,199,337
133,200,333
146,188,334
167,179,346
153,191,344
120,200,320
140,178,318
143,171,314
161,149,310
155,131,286
166,161,327
200,115,315
196,144,340
213,121,334
181,117,298
177,112,289
164,165,329
194,143,337
218,104,322
203,104,307
175,118,293
136,124,260
145,126,271
137,121,258
137,126,263
118,121,239
121,123,244
145,139,284
176,117,293
177,121,298
149,131,280
119,135,254
109,138,247
133,147,280
129,159,288
131,153,284
152,135,287
148,136,284
144,142,286
116,158,274
123,173,296
115,183,298
123,189,312
135,184,319
137,184,321
146,171,317
142,162,304
138,159,297
127,161,288
128,157,285
128,159,287
129,163,292
119,166,285
118,162,280
126,167,293
122,176,298
123,186,309
127,204,331
119,219,338
138,200,338
145,193,338
164,155,319
181,121,302
191,106,297
168,103,271
142,94,236
143,128,271
151,122,273
156,109,265
162,94,256
149,119,268
154,110,264
147,101,248
151,86,237
150,141,291
152,136,288
149,133,282
153,116,269
120,106,226
144,93,237
144,121,265
136,125,261
159,111,270
153,147,300
146,156,302
142,164,306
136,181,317
142,182,324
145,184,329
126,203,329
140,184,324
166,238,404
298,112,410
290,100,390
274,107,381
160,97,257
153,103,256
159,106,265
163,103,266
167,99,266
156,111,267
150,99,249
163,94,257
155,160,315
144,182,326
151,180,331
144,174,318
171,134,305
189,115,304
197,132,329
175,120,295
172,110,282
167,319,486
152,462,614
176,443,619
185,426,611
425,170,595
423,123,546
422,111,533
198,97,295
166,151,317
164,139,303
168,116,284
166,104,270
153,134,287
169,126,295
171,112,283
170,91,261
157,150,307
167,153,320
166,141,307
161,126,287
140,113,253
146,98,244
165,126,291
169,111,280
169,98,267
168,147,315
160,135,295
166,122,288
158,119,277
143,105,248
154,98,252
161,108,269
169,122,291
170,108,278
164,97,261
164,153,317
154,165,319
160,175,335
181,169,350
184,153,337
222,144,366
222,136,358
216,164,380
231,130,361
230,98,328
203,115,318
172,99,271
159,129,288
159,125,284
163,124,287
163,123,286
164,118,282
154,138,292
172,104,276
176,103,279
179,114,293
147,125,272
149,139,288
144,132,276
141,130,271
154,118,272
151,112,263
145,108,253
132,104,236
122,104,226
123,117,240
119,151,270
123,168,291
126,186,312
138,170,308
147,174,321
143,188,331
150,171,321
136,164,300
152,165,317
135,173,308
124,174,298
113,177,290
120,176,296
139,174,313
145,179,324
138,175,313
136,187,323
130,191,321
135,187,322
129,187,316
132,180,312
147,177,324
153,194,347
146,194,340
181,144,325
197,128,325
218,105,323
176,166,342
198,152,350
236,123,359
235,110,345
208,101,309
159,109,268
153,128,281
178,97,275
175,128,303
176,115,291
152,120,272
159,129,288
151,120,271
165,158,323
188,133,321
196,121,317
186,171,357
139,171,310
162,171,333
174,151,325
174,148,322
155,147,302
164,167,331
162,176,338
166,166,332
175,162,337
176,153,329
174,143,317
176,136,312
176,136,312
195,122,317
186,137,323
201,138,339
179,128,307
167,114,281
157,99,256
147,140,287
169,141,310
166,138,304
157,145,302
130,148,278
128,146,274
155,141,296
156,141,297
155,124,279
146,116,262
137,119,256
132,107,239
145,89,234
141,88,229
145,147,292
172,134,306
183,129,312
183,118,301
144,106,250
156,85,241
161,112,273
162,117,279
160,111,271
167,122,289
155,122,277
152,122,274
168,114,282
176,103,279
172,88,260
146,83,229
133,78,211
112,97,209
124,110,234
119,120,239
125,127,252
126,141,267
125,146,271
134,145,279
134,134,268
140,136,276
169,94,263
174,112,286
170,109,279
143,103,246
149,99,248
153,107,260
171,90,261
169,169,338
169,135,304
194,147,341
190,148,338
153,176,329
171,157,328
204,124,328
215,153,368
214,153,367
192,143,335
179,134,313
166,125,291
193,126,319
191,142,333
209,101,310
200,124,324
173,130,303
138,123,261
130,136,266
126,145,271
128,140,268
132,143,275
133,149,282
116,150,266
127,159,286
130,168,298
121,165,286
137,154,291
133,153,286
120,156,276
138,156,294
150,118,268
174,101,275
178,89,267
150,96,246
142,84,226
140,104,244
146,133,279
164,131,295
178,129,307
168,147,315
144,154,298
137,147,284
163,136,299
156,144,300
142,142,284
128,142,270
131,133,264
123,134,257
121,135,256
107,132,239
118,130,248
120,129,249
135,111,246
139,112,251
147,113,260
114,121,235
142,96,238
164,122,286
158,123,281
147,119,266
155,94,249
156,111,267
183,102,285
180,108,288
183,91,274
149,149,298
144,144,288
174,123,297
163,128,291
140,133,273
120,128,248
130,127,257
129,129,258
122,131,253
130,124,254
133,109,242
145,101,246
136,104,240
141,116,257
133,102,235
160,95,255
150,130,280
177,100,277
170,104,274
180,90,270
153,107,260
153,108,261
147,99,246
141,110,251
145,103,248
153,93,246
147,105,252
146,105,251
145,96,241
151,107,258
151,115,266
161,126,287
159,133,292
143,128,271
139,128,267
124,135,259
147,146,293
155,158,313
160,154,314
134,153,287
156,138,294
140,145,285
109,160,269
127,164,291
131,185,316
141,184,325
126,182,308
143,181,324
147,161,308
163,145,308
179,132,311
154,126,280
154,119,273
161,97,258
157,95,252
142,95,237
126,94,220
120,90,210
115,90,205
125,91,216
142,105,247
149,96,245
145,89,234
138,103,241
135,95,230
144,84,228
142,120,262
133,128,261
141,124,265
144,127,271
138,138,276
125,146,271
125,147,272
138,137,275
137,145,282
138,142,280
125,156,281
119,171,290
128,172,300
137,158,295
147,151,298
154,134,288
149,124,273
178,128,306
198,166,364
250,128,378
249,143,392
233,125,358
190,119,309
177,147,324
184,122,306
203,142,345
231,135,366
210,107,317
207,116,323
174,104,278
154,98,252
145,112,257
147,108,255
164,133,297
174,128,302
171,133,304
169,128,297
140,129,269
136,122,258
135,124,259
127,144,271
126,155,281
116,153,269
129,160,289
144,163,307
131,185,316
124,200,324
183,133,316
199,110,309
215,105,320
171,109,280
178,100,278
169,92,261
153,81,234
118,90,208
123,86,209
124,124,248
133,131,264
139,125,264
147,133,280
136,139,275
123,139,262
114,143,257
116,147,263
136,137,273
144,134,278
181,112,293
187,100,287
165,113,278
154,115,269
153,108,261
157,98,255
161,108,269
163,98,261
150,98,248
144,121,265
152,111,263
160,92,252
162,110,272
154,114,268
150,99,249
152,118,270
158,116,274
155,99,254
171,109,280
161,88,249
164,120,284
150,99,249
146,117,263
181,87,268
158,107,265
167,92,259
143,86,229
137,123,260
145,122,267
156,120,276
160,108,268
148,96,244
148,86,234
142,95,237
126,86,212
133,113,246
136,132,268
152,136,288
158,125,283
180,103,283
177,149,326
166,157,323
166,170,336
154,193,347
118,202,320
154,191,345
164,177,341
174,180,354
202,146,348
231,159,390
273,159,432
258,131,389
236,118,354
197,135,332
150,140,290
160,133,293
142,194,336
152,283,435
140,291,431
135,301,436
194,244,438
255,179,434
289,123,412
203,101,304
203,91,294
150,93,243
146,108,254
153,93,246
157,113,270
159,93,252
155,147,302
167,231,398
278,105,383
273,97,370
263,100,363
159,86,245
158,102,260
147,115,262
124,129,253
131,128,259
140,123,263
147,107,254
161,99,260
138,98,236
118,98,216
115,94,209
122,116,238
121,172,293
124,182,306
172,142,314
179,143,322
201,130,331
150,134,284
153,141,294
131,158,289
121,160,281
135,162,297
152,200,352
167,197,364
205,157,362
207,150,357
220,120,340
183,116,299
175,156,331
186,158,344
196,137,333
196,106,302
196,108,304
183,160,343
201,142,343
215,130,345
231,111,342
201,110,311
163,101,264
154,142,296
163,129,292
163,113,276
151,106,257
138,92,230
142,125,267
138,120,258
154,109,263
143,108,251
141,125,266
173,96,269
166,114,280
147,135,282
123,138,261
141,145,286
140,142,282
135,152,287
135,162,297
137,177,314
129,164,293
139,147,286
138,146,284
127,148,275
123,146,269
117,142,259
121,145,266
121,158,279
114,182,296
124,190,314
126,194,320
122,193,315
156,172,328
164,168,332
162,173,335
124,176,300
125,188,313
130,181,311
121,185,306
149,181,330
127,186,313
148,154,302
154,143,297
161,133,294
130,126,256
104,122,226
128,113,241
127,102,229
124,93,217
130,94,224
123,138,261
153,112,265
163,95,258
182,118,300
159,111,270
167,95,262
155,86,241
158,122,280
172,98,270
184,118,302
182,112,294
157,103,260
147,98,245
141,111,252
158,95,253
162,104,266
163,101,264
152,86,238
145,118,263
149,111,260
155,98,253
164,112,276
150,116,266
137,118,255
139,121,260
144,117,261
137,126,263
114,143,257
125,149,274
123,150,273
125,140,265
126,140,266
133,135,268
129,143,272
128,141,269
143,122,265
176,100,276
175,100,275
163,102,265
137,111,248
139,109,248
130,105,235
133,105,238
137,90,227
128,91,219
111,89,200
126,99,225
129,110,239
128,103,231
136,99,235
137,99,236
117,99,216
118,102,220
125,98,223
122,101,223
124,100,224
125,98,223
120,97,217
127,105,232
128,103,231
135,102,237
137,105,242
123,111,234
149,127,276
162,138,300
172,121,293
175,113,288
170,117,287
175,121,296
150,127,277
134,137,271
133,136,269
133,132,265
138,128,266
132,125,257
142,129,271
180,104,284
173,100,273
175,143,318
159,133,292
164,122,286
183,140,323
183,143,326
193,135,328
215,118,333
211,149,360
229,161,390
210,169,379
188,172,360
167,168,335
164,163,327
167,171,338
168,171,339
166,174,340
162,198,360
172,196,368
170,198,368
165,211,376
160,214,374
150,217,367
162,213,375
168,203,371
156,204,360
174,185,359
170,177,347
150,169,319
137,161,298
137,148,285
148,142,290
150,125,275
163,124,287
189,103,292
194,124,318
198,95,293
155,89,244
137,90,227
118,91,209
127,90,217
131,103,234
139,163,302
165,140,305
186,117,303
172,117,289
124,116,240
121,117,238
124,124,248
128,120,248
128,122,250
128,127,255
124,128,252
122,132,254
124,133,257
129,135,264
132,137,269
134,134,268
135,137,272
131,137,268
128,140,268
132,134,266
133,136,269
133,141,274
134,127,261
139,123,262
138,117,255
139,106,245
139,103,242
131,104,235
124,99,223
131,98,229
134,98,232
134,98,232
133,94,227
133,96,229
132,92,224
132,90,222
133,111,244
138,135,273
164,113,277
162,108,270
152,106,258
126,106,232
125,101,226
129,110,239
134,106,240
131,108,239
128,107,235
128,105,233
128,107,235
130,107,237
130,125,255
129,129,258
157,161,318
180,144,324
189,136,325
161,138,299
124,133,257
133,131,264
131,132,263
131,136,267
129,142,271
131,136,267
134,135,269
136,132,268
134,130,264
133,131,264
128,132,260
127,167,294
131,196,327
128,197,325
147,176,323
157,161,318
164,148,312
146,149,295
130,145,275
122,145,267
124,137,261
132,136,268
130,141,271
122,153,275
125,155,280
116,165,281
120,180,300
114,191,305
128,215,343
122,233,355
151,218,369
162,215,377
195,192,387
201,160,361
188,150,338
189,152,341
163,168,331
154,167,321
153,168,321
157,164,321
155,174,329
147,167,314
131,154,285
144,159,303
149,169,318
137,185,322
163,180,343
196,148,344
197,153,350
186,158,344
163,147,310
161,150,311
174,150,324
179,137,316
195,143,338
212,156,368
218,178,396
212,178,390
198,191,389
178,193,371
218,180,398
271,181,452
299,170,469
249,186,435
207,204,411
209,209,418
208,201,409
208,197,405
208,201,409
205,213,418
191,199,390
209,185,394
216,184,400
193,190,383
214,182,396
233,170,403
226,168,394
199,172,371
161,186,347
148,196,344
157,202,359
161,210,371
147,216,363
149,232,381
153,234,387
157,239,396
211,201,412
227,194,421
236,190,426
185,199,384
172,209,381
149,205,354
146,193,339
165,174,339
179,153,332
183,158,341
189,147,336
178,149,327
169,145,314
155,127,282
162,112,274
164,131,295
164,137,301
173,136,309
172,141,313
160,148,308
167,138,305
181,118,299
193,127,320
201,159,360
208,178,386
194,196,390
190,212,402
180,194,374
206,186,392
218,191,409
189,195,384
175,197,372
193,177,370
189,187,376
159,198,357
154,208,362
158,203,361
151,205,356
173,193,366
191,162,353
203,157,360
217,130,347
197,132,329
199,112,311
191,112,303
184,122,306
180,134,314
201,126,327
196,157,353
186,155,341
173,134,307
189,165,354
227,147,374
225,138,363
221,131,352
180,119,299
166,161,327
193,117,310
207,141,348
216,149,365
190,138,328
201,153,354
210,143,353
195,152,347
173,155,328
155,160,315
173,146,319
164,146,310
204,115,319
192,111,303
210,149,359
188,151,339
170,168,338
156,184,340
136,195,331
149,355,504
166,353,519
172,368,540
249,296,545
323,264,587
337,234,571
278,194,472
305,191,496
295,168,463
276,198,474
220,208,428
199,259,458
219,243,462
209,228,437
270,218,488
261,180,441
186,177,363
242,171,413
210,156,366
212,145,357
218,135,353
195,150,345
197,155,352
210,146,356
197,139,336
203,131,334
207,151,358
216,138,354
206,133,339
219,162,381
200,157,357
214,153,367
199,133,332
195,124,319
206,118,324
188,128,316
172,145,317
188,199,387
205,263,468
336,179,515
332,182,514
300,173,473
182,147,329
181,132,313
177,130,307
164,139,303
166,114,280
168,172,340
209,145,354
215,145,360
216,150,366
206,165,371
219,138,357
230,132,362
207,120,327
169,126,295
188,151,339
177,150,327
190,149,339
176,142,318
179,121,300
202,110,312
203,138,341
186,159,345
170,195,365
202,176,378
214,149,363
246,116,362
220,116,336
186,115,301
173,101,274
167,126,293
171,108,279
175,109,284
174,108,282
158,190,348
184,170,354
205,142,347
206,172,378
189,173,362
188,175,363
218,166,384
240,184,424
254,189,443
244,215,459
233,191,424
256,175,431
254,174,428
262,184,446
236,204,440
271,206,477
259,188,447
267,165,432
276,214,490
257,212,469
251,191,442
241,167,408
246,129,375
227,145,372
186,147,333
198,151,349
165,162,327
167,151,318
175,141,316
208,127,335
204,108,312
196,134,330
187,120,307
173,149,322
188,158,346
197,153,350
184,190,374
172,185,357
194,179,373
202,184,386
212,184,396
216,162,378
206,158,364
207,149,356
204,141,345
209,149,358
213,180,393
185,182,367
213,174,387
200,171,371
205,163,368
236,169,405
252,144,396
267,209,476
274,186,460
240,178,418
234,172,406
173,167,340
195,167,362
179,165,344
175,170,345
189,160,349
202,148,350
209,138,347
200,141,341
180,177,357
170,181,351
215,143,358
215,149,364
204,158,362
195,130,325
198,135,333
203,137,340
175,146,321
166,155,321
183,125,308
205,124,329
217,116,333
167,126,293
174,130,304
168,167,335
201,128,329
203,123,326
211,140,351
180,133,313
180,133,313
187,160,347
216,143,359
233,136,369
214,133,347
185,139,324
169,143,312
188,123,311
192,130,322
192,166,358
190,153,343
199,149,348
193,165,358
158,176,334
170,175,345
190,163,353
222,133,355
214,143,357
201,146,347
165,151,316
170,157,327
164,162,326
163,170,333
160,174,334
155,187,342
185,168,353
204,152,356
231,137,368
204,147,351
195,142,337
172,147,319
177,151,328
182,145,327
184,147,331
193,145,338
191,136,327
186,144,330
178,148,326
165,156,321
162,163,325
171,161,332
170,164,334
176,159,335
202,145,347
204,147,351
221,124,345
194,134,328
185,141,326
162,144,306
167,153,320
172,153,325
190,172,362
191,167,358
217,126,343
218,162,380
237,148,385
214,126,340
188,137,325
198,166,364
222,128,350
245,124,369
207,122,329
158,130,288
172,118,290
179,122,301
186,121,307
165,179,344
169,197,366
159,187,346
178,172,350
187,142,329
224,175,399
222,168,390
232,166,398
230,166,396
228,176,404
242,161,403
243,174,417
256,158,414
238,164,402
247,177,424
226,160,386
228,155,383
201,141,342
200,141,341
205,169,374
230,140,370
239,168,407
240,144,384
228,137,365
228,146,374
204,145,349
206,139,345
193,143,336
177,140,317
161,149,310
167,153,320
168,152,320
170,145,315
172,145,317
167,149,316
173,142,315
178,142,320
190,138,328
181,143,324
177,135,312
171,191,362
165,200,365
230,126,356
245,153,398
268,147,415
215,144,359
208,135,343
182,120,302
176,109,285
175,150,325
198,114,312
200,98,298
187,138,325
163,137,300
167,140,307
170,143,313
160,138,298
169,129,298
166,118,284
168,94,262
168,162,330
166,164,330
209,120,329
212,110,322
169,135,304
171,135,306
181,121,302
181,177,358
197,153,350
234,171,405
262,147,409
232,145,377
245,161,406
211,160,371
204,141,345
229,153,382
255,171,426
249,191,440
232,189,421
307,182,489
311,212,523
297,174,471
269,156,425
235,189,424
249,134,383
100,171,271
152,169,321
225,145,370
124,134,258
284,138,422
139,172,311
209,152,361
194,159,353
188,162,350
152,160,312
175,163,338
173,169,342
164,189,353
165,200,365
164,222,386
162,239,401
154,255,409
150,267,417
188,242,430
213,231,444
233,222,455
213,217,430
212,208,420
214,216,430
213,210,423
216,201,417
216,185,401
222,177,399
215,180,395
214,173,387
210,190,400
213,188,401
211,181,392
216,168,384
223,163,386
182,154,336
195,153,348
180,163,343
189,176,365
226,158,384
251,140,391
232,161,393
192,180,372
180,169,349
198,186,384
232,155,387
215,164,379
161,189,350
142,194,336
170,167,337
186,166,352
190,150,340
172,143,315
165,146,311
160,142,302
151,145,296
149,151,300
148,147,295
167,156,323
183,150,333
184,146,330
175,157,332
168,183,351
176,165,341
214,106,320
213,164,377
240,154,394
211,120,331
236,110,346
171,121,292
167,149,316
155,142,297
194,145,339
199,128,327
216,107,323
173,117,290
163,101,264
177,127,304
160,154,314
171,179,350
157,172,329
172,168,340
207,272,479
285,185,470
281,157,438
261,156,417
253,229,482
206,202,408
233,156,389
191,134,325
141,98,239
180,136,316
137,129,266
174,140,314
211,179,390
221,162,383
214,167,381
162,173,335
193,176,369
158,184,342
160,199,359
136,200,336
154,211,365
158,216,374
114,213,327
165,183,348
171,210,381
175,216,391
142,252,394
161,206,367
167,219,386
191,220,411
188,174,362
248,154,402
201,162,363
188,208,396
169,260,429
202,375,577
189,369,558
168,371,539
172,332,504
345,174,519
376,146,522
245,143,388
164,132,296
140,129,269
127,128,255
120,129,249
116,150,266
113,165,278
117,203,320
174,181,355
257,172,429
295,138,433
258,135,393
214,115,329
174,117,291
134,150,284
130,153,283
129,163,292
168,137,305
165,139,304
141,144,285
162,138,300
198,141,339
206,140,346
200,141,341
168,164,332
165,184,349
177,181,358
210,140,350
241,202,443
273,179,452
297,123,420
309,137,446
215,128,343
183,113,296
161,134,295
181,102,283
184,102,286
180,119,299
156,140,296
159,149,308
165,145,310
155,139,294
159,171,330
186,152,338
228,126,354
235,148,383
242,123,365
196,140,336
191,149,340
160,161,321
176,159,335
178,151,329
186,147,333
174,128,302
158,112,270
173,95,268
164,84,248
156,216,372
143,264,407
184,216,400
232,173,405
218,203,421
169,224,393
129,233,362
195,311,506
389,151,540
408,139,547
367,112,479
191,164,355
164,154,318
201,107,308
188,92,280
167,87,254
137,146,283
140,151,291
157,159,316
178,151,329
226,188,414
234,205,439
285,188,473
263,149,412
248,125,373
214,144,358
207,122,329
198,158,356
192,180,372
209,107,316
209,94,303
173,120,293
124,222,346
161,211,372
216,171,387
218,164,382
135,195,330
150,210,360
146,192,338
170,151,321
193,167,360
150,198,348
103,221,324
131,238,369
192,231,423
248,180,428
224,136,360
232,128,360
189,136,325
152,146,298
196,135,331
212,147,359
197,190,387
146,198,344
133,204,337
173,185,358
186,176,362
182,229,411
266,150,416
258,108,366
244,118,362
184,104,288
174,132,306
151,215,366
191,164,355
226,162,388
170,179,349
125,176,301
181,137,318
190,142,332
146,161,307
149,161,310
148,160,308
156,174,330
168,197,365
160,227,387
173,220,393
238,150,388
227,154,381
252,175,427
222,192,414
249,182,431
266,148,414
230,216,446
263,206,469
281,154,435
279,146,425
230,143,373
212,124,336
193,112,305
165,148,313
168,131,299
199,120,319
193,120,313
182,181,363
192,170,362
194,177,371
195,233,428
119,296,415
170,270,440
195,265,460
220,235,455
220,247,467
181,321,502
165,333,498
194,342,536
219,334,553
305,319,624
282,315,597
267,253,520
234,193,427
241,148,389
211,134,345
158,126,284
140,150,290
134,136,270
142,124,266
172,81,253
173,186,359
110,233,343
178,185,363
230,130,360
214,165,379
164,211,375
172,165,337
205,123,328
208,118,326
170,143,313
131,136,267
166,98,264
166,187,353
187,185,372
224,123,347
238,134,372
177,162,339
193,229,422
227,201,428
234,172,406
208,136,344
214,111,325
190,103,293
194,169,363
159,157,316
210,107,317
211,102,313
186,94,280
146,139,285
182,95,277
175,101,276
178,106,284
133,195,328
194,153,347
191,192,383
210,252,462
147,258,405
171,209,380
234,155,389
212,151,363
171,150,321
118,157,275
122,157,279
123,155,278
120,150,270
123,165,288
118,172,290
123,209,332
123,204,327
136,193,329
182,139,321
203,159,362
192,177,369
152,166,318
203,105,308
207,193,400
207,191,398
208,181,389
247,133,380
179,149,328
224,191,415
225,213,438
234,173,407
238,122,360
203,108,311
168,103,271
139,142,281
136,150,286
185,345,530
203,350,553
209,326,535
262,257,519
275,245,520
263,226,489
214,235,449
194,295,489
186,286,472
189,279,468
186,281,467
270,205,475
270,191,461
286,173,459
192,190,382
181,220,401
174,223,397
176,244,420
183,233,416
176,248,424
165,253,418
192,247,439
181,236,417
200,222,422
203,193,396
188,197,385
180,247,427
170,242,412
179,228,407
166,225,391
219,156,375
215,159,374
187,161,348
146,163,309
149,180,329
149,189,338
132,199,331
128,194,322
127,196,323
169,170,339
193,149,342
195,140,335
183,137,320
169,138,307
184,112,296
190,103,293
175,113,288
142,115,257
129,114,243
122,119,241
116,119,235
115,130,245
122,148,270
121,156,277
123,165,288
140,157,297
155,146,301
167,155,322
178,152,330
168,147,315
149,154,303
117,161,278
121,169,290
122,185,307
127,196,323
129,202,331
122,210,332
154,190,344
183,168,351
188,179,367
153,178,331
126,160,286
139,154,293
124,150,274
120,140,260
129,135,264
123,132,255
94,131,225
128,130,258
116,133,249
124,127,251
124,124,248
136,119,255
135,134,269
124,143,267
124,144,268
130,166,296
140,160,300
129,162,291
125,160,285
119,167,286
116,178,294
121,174,295
116,171,287
131,165,296
146,146,292
161,130,291
178,109,287
169,103,272
161,124,285
152,113,265
157,104,261
159,95,254
151,127,278
159,122,281
152,126,278
161,127,288
150,130,280
159,128,287
156,126,282
172,99,271
162,113,275
166,116,282
146,126,272
137,117,254
133,111,244
140,104,244
135,112,247
153,107,260
146,111,257
128,114,242
141,133,274
156,120,276
175,107,282
162,98,260
153,147,300
169,137,306
163,119,282
168,129,297
177,150,327
206,129,335
209,118,327
187,158,345
174,131,305
180,128,308
178,124,302
155,108,263
160,111,271
146,109,255
135,103,238
115,108,223
131,113,244
144,110,254
152,102,254
137,127,264
137,141,278
141,153,294
155,152,307
163,161,324
157,187,344
153,177,330
149,176,325
157,168,325
191,122,313
205,127,332
220,128,348
204,155,359
218,133,351
194,130,324
203,154,357
203,135,338
205,128,333
179,121,300
166,112,278
175,159,334
185,148,333
194,120,314
182,120,302
146,126,272
139,138,277
143,139,282
144,130,274
141,130,271
139,148,287
128,147,275
129,135,264
141,116,257
137,108,245
130,99,229
119,94,213
134,86,220
138,102,240
140,135,275
140,153,293
137,159,296
134,167,301
102,166,268
139,153,292
141,134,275
165,129,294
178,114,292
190,106,296
165,121,286
142,122,264
128,130,258
135,132,267
136,132,268
137,139,276
133,153,286
146,158,304
138,291,429
147,309,456
133,322,455
183,262,445
261,202,463
254,190,444
185,205,390
171,241,412
148,253,401
131,256,387
180,209,389
214,193,407
227,167,394
198,164,362
166,159,325
172,120,292
172,109,281
186,120,306
171,105,276
169,118,287
164,105,269
153,99,252
155,158,313
149,161,310
169,142,311
162,139,301
146,127,273
151,111,262
164,95,259
170,146,316
170,138,308
170,119,289
172,107,279
160,131,291
167,116,283
165,142,307
178,128,306
159,130,289
163,137,300
130,135,265
135,139,274
139,137,276
148,132,280
149,134,283
152,135,287
146,140,286
148,132,280
142,136,278
144,142,286
150,136,286
151,136,287
153,139,292
143,142,285
142,145,287
142,147,289
156,142,298
168,131,299
168,129,297
160,128,288
149,128,277
144,130,274
141,132,273
138,134,272
138,136,274
138,133,271
139,135,274
138,137,275
146,134,280
144,136,280
143,131,274
138,132,270
139,137,276
143,128,271
142,134,276
140,134,274
140,126,266
169,119,288
182,105,287
182,96,278
160,111,271
145,178,323
185,308,493
342,163,505
367,148,515
332,148,480
173,150,323
161,156,317
165,173,338
174,178,352
166,178,344
157,172,329
171,162,333
181,137,318
186,169,355
206,150,356
231,162,393
245,127,372
226,183,409
246,155,401
226,151,377
195,167,362
144,171,315
176,134,310
209,108,317
218,104,322
203,130,333
162,135,297
163,123,286
150,130,280
155,114,269
136,124,260
149,126,275
106,131,237
140,123,263
142,120,262
139,120,259
145,121,266
135,128,263
140,148,288
147,138,285
159,123,282
160,116,276
145,112,257
133,111,244
125,118,243
134,112,246
131,105,236
127,107,234
131,108,239
121,117,238
130,110,240
133,114,247
144,109,253
146,108,254
147,112,259
134,108,242
143,105,248
149,98,247
145,98,243
134,95,229
138,129,267
135,145,280
139,166,305
139,176,315
147,162,309
168,149,317
200,120,320
195,132,327
209,129,338
188,151,339
165,141,306
162,120,282
166,97,263
154,126,280
145,171,316
184,154,338
235,106,341
244,159,403
196,164,360
167,148,315
157,142,299
145,144,289
154,133,287
171,125,296
165,134,299
167,122,289
146,111,257
164,105,269
158,109,267
158,98,256
157,107,264
158,92,250
147,177,324
185,139,324
198,110,308
207,89,296
158,145,303
147,153,300
153,143,296
150,131,281
145,109,254
157,92,249
155,116,271
160,115,275
153,105,258
146,111,257
157,131,288
157,141,298
165,142,307
151,141,292
156,166,322
149,186,335
142,175,317
139,182,321
143,192,335
131,202,333
117,236,353
149,219,368
153,208,361
168,189,357
182,162,344
168,161,329
153,152,305
135,140,275
140,141,281
128,142,270
121,133,254
124,138,262
116,139,255
120,142,262
118,132,250
145,128,273
147,121,268
141,122,263
145,104,249
139,104,243
137,100,237
119,96,215
121,90,211
121,106,227
120,138,258
122,162,284
138,177,315
124,202,326
166,185,351
200,160,360
262,146,408
260,156,416
271,127,398
241,96,337
206,132,338
163,148,311
127,154,281
144,131,275
151,108,259
165,92,257
151,82,233
142,84,226
132,118,250
137,126,263
148,124,272
139,128,267
140,128,268
124,131,255
121,133,254
138,119,257
148,112,260
152,97,249
140,89,229
121,96,217
129,159,288
146,148,294
198,163,361
230,149,379
247,137,384
228,124,352
187,117,304
173,142,315
193,118,311
205,152,357
242,114,356
202,105,307
200,117,317
159,130,289
165,132,297
152,135,287
142,129,271
132,123,255
138,148,286
124,155,279
139,148,287
139,158,297
144,177,321
135,184,319
129,193,322
128,204,332
127,203,330
135,194,329
167,168,335
174,169,343
164,176,340
128,184,312
126,190,316
121,189,310
136,176,312
131,173,304
149,166,315
141,164,305
137,165,302
121,175,296
118,181,299
124,192,316
124,201,325
141,181,322
149,178,327
165,167,332
153,155,308
167,154,321
150,161,311
146,162,308
135,170,305
124,178,302
122,184,306
128,197,325
138,183,321
143,169,312
160,150,310
148,147,295
131,158,289
122,163,285
122,168,290
125,168,293
122,166,288
120,161,281
125,161,286
132,160,292
131,170,301
128,168,296
120,171,291
139,149,288
148,149,297
141,164,305
133,161,294
119,165,284
126,161,287
129,156,285
116,154,270
140,151,291
116,142,258
155,122,277
186,168,354
195,160,355
223,120,343
201,128,329
180,110,290
151,134,285
176,114,290
152,124,276
150,146,296
126,152,278
137,160,297
130,174,304
119,205,324
115,224,339
129,225,354
146,205,351
169,181,350
194,166,360
193,136,329
191,110,301
194,86,280
164,118,282
148,109,257
149,95,244
150,124,274
134,126,260
147,122,269
143,124,267
134,134,268
127,141,268
136,144,280
135,145,280
145,134,279
143,129,272
152,173,325
166,162,328
181,157,338
184,171,355
161,180,341
154,183,337
167,165,332
174,165,339
172,159,331
169,166,335
156,167,323
158,170,328
158,185,343
149,191,340
170,166,336
150,169,319
165,160,325
135,158,293
145,150,295
147,131,278
155,112,267
143,121,264
133,118,251
154,139,293
177,118,295
192,106,298
168,135,303
152,131,283
163,111,274
156,111,267
142,122,264
166,120,286
175,97,272
171,125,296
166,136,302
151,126,277
143,111,254
124,103,227
135,102,237
127,93,220
143,111,254
142,121,263
140,120,260
124,124,248
129,104,233
152,90,242
151,106,257
137,109,246
135,100,235
139,87,226
141,136,277
129,126,255
145,118,263
185,131,316
187,132,319
226,121,347
191,148,339
204,156,360
195,135,330
204,133,337
171,123,294
167,116,283
178,145,323
190,145,335
192,117,309
190,117,307
187,139,326
188,137,325
203,139,342
211,138,349
197,151,348
223,135,358
226,138,364
252,144,396
227,118,345
204,102,306
188,236,424
168,306,474
171,306,477
207,268,475
208,260,468
276,196,472
229,181,410
171,181,352
176,159,335
178,145,323
165,142,307
147,137,284
132,129,261
144,117,261
148,112,260
146,112,258
143,110,253
112,106,218
115,113,228
126,109,235
125,118,243
128,111,239
123,114,237
128,106,234
128,108,236
132,104,236
113,110,223
131,115,246
132,112,244
133,122,255
150,102,252
167,137,304
167,154,321
170,151,321
172,149,321
160,163,323
143,176,319
151,165,316
155,171,326
170,180,350
177,177,354
185,148,333
211,133,344
200,130,330
182,132,314
171,141,312
164,130,294
165,132,297
161,126,287
163,162,325
195,130,325
205,147,352
194,150,344
156,145,301
145,141,286
152,129,281
153,150,303
175,135,310
198,115,313
201,127,328
161,133,294
154,145,299
172,160,332
197,177,374
247,130,377
257,206,463
251,204,455
231,181,412
211,173,384
240,164,404
147,169,316
230,135,365
260,162,422
254,150,404
235,197,432
254,209,463
248,202,450
239,183,422
203,171,374
213,130,343
120,171,291
172,170,342
128,178,306
200,189,389
205,202,407
229,214,443
198,231,429
224,212,436
252,183,435
261,166,427
257,150,407
246,137,383
222,189,411
241,156,397
256,134,390
260,145,405
220,162,382
231,147,378
241,156,397
231,145,376
220,155,375
210,156,366
206,135,341
218,148,366
193,138,331
180,115,295
169,131,300
179,228,407
286,204,490
358,171,529
368,190,558
291,179,470
233,188,421
229,219,448
203,213,416
237,207,444
256,190,446
257,163,420
210,167,377
208,136,344
189,126,315
211,118,329
196,117,313
182,116,298
180,176,356
175,184,359
197,163,360
207,127,334
177,108,285
198,90,288
150,83,233
123,170,293
141,154,295
148,148,296
176,142,318
152,174,326
226,137,363
233,121,354
228,125,353
186,119,305
168,111,279
136,109,245
116,110,226
129,116,245
132,112,244
134,111,245
132,108,240
128,107,235
125,109,234
126,111,237
128,116,244
131,116,247
128,117,245
125,127,252
123,130,253
123,133,256
126,129,255
127,130,257
129,133,262
128,133,261
132,133,265
131,135,266
137,128,265
132,155,287
129,168,297
129,172,301
132,186,318
133,198,331
123,217,340
138,222,360
154,207,361
160,212,372
191,171,362
200,156,356
204,158,362
158,163,321
141,170,311
129,169,298
132,166,298
129,176,305
165,140,305
189,119,308
216,171,387
211,140,351
229,168,397
244,139,383
229,148,377
252,143,395
245,100,345
215,124,339
180,111,291
155,105,260
165,135,300
162,118,280
166,104,270
164,128,292
144,139,283
184,149,333
217,113,330
220,155,375
203,141,344
159,134,293
148,140,288
96,135,231
126,139,265
172,101,273
183,118,301
190,121,311
160,145,305
144,171,315
145,176,321
143,189,332
153,188,341
143,186,329
128,196,324
142,185,327
171,160,331
215,135,350
189,136,325
175,138,313
138,139,277
137,141,278
145,129,274
151,128,279
145,125,270
149,133,282
142,130,272
154,113,267
155,107,262
145,96,241
149,124,273
150,142,292
148,135,283
159,127,286
159,133,292
168,137,305
162,143,305
137,143,280
133,131,264
141,116,257
151,98,249
154,85,239
139,90,229
143,160,303
140,163,303
141,150,291
138,150,288
104,165,269
132,176,308
140,187,327
146,186,332
151,183,334
153,175,328
136,178,314
147,165,312
169,166,335
179,171,350
192,162,354
220,135,355
236,122,358
222,116,338
189,109,298
167,105,272
144,97,241
151,133,284
154,141,295
159,181,340
177,173,350
174,188,362
179,194,373
152,224,376
192,203,395
226,178,404
222,183,405
227,160,387
211,141,352
216,165,381
240,146,386
230,126,356
183,136,319
169,133,302
169,121,290
188,108,296
179,100,279
150,87,237
138,138,276
136,140,276
142,139,281
149,135,284
118,131,249
146,143,289
141,135,276
144,143,287
142,142,284
136,146,282
127,148,275
127,147,274
131,148,279
142,150,292
151,141,292
163,122,285
145,116,261
147,105,252
128,101,229
122,98,220
118,106,224
123,115,238
124,118,242
129,114,243
137,93,230
142,85,227
131,128,259
145,139,284
149,133,282
158,116,274
162,105,267
175,157,332
193,160,353
213,155,368
258,120,378
232,155,387
219,128,347
179,103,282
147,100,247
144,97,241
155,126,281
155,132,287
156,138,294
155,130,285
157,118,275
159,113,272
152,108,260
150,100,250
148,83,231
153,123,276
141,149,290
142,158,300
156,152,308
191,144,335
202,138,340
187,144,331
144,140,284
130,141,271
121,171,292
148,146,294
170,117,287
191,102,293
168,92,260
144,95,239
130,91,221
147,106,253
151,105,256
148,135,283
162,118,280
152,123,275
137,120,257
134,99,233
137,94,231
137,122,259
124,149,273
135,162,297
137,184,321
138,188,326
130,203,333
144,213,357
147,233,380
160,224,384
169,236,405
188,247,435
205,223,428
235,195,430
240,169,409
239,139,378
201,121,322
178,108,286
151,102,253
148,87,235
153,111,264
141,119,260
151,126,277
149,112,261
148,98,246
152,103,255
145,89,234
147,115,262
152,121,273
146,118,264
161,92,253
165,129,294
163,135,298
151,134,285
157,125,282
161,131,292
153,131,284
164,103,267
153,157,310
169,160,329
154,146,300
162,138,300
141,122,263
147,111,258
149,102,251
156,102,258
153,105,258
155,95,250
146,131,277
155,151,306
159,149,308
160,143,303
136,143,279
151,143,294
144,145,289
141,149,290
133,189,322
126,206,332
126,205,331
157,179,336
176,167,343
180,165,345
153,164,317
134,165,299
133,159,292
159,152,311
162,151,313
155,141,296
167,103,270
169,92,261
176,120,296
145,118,263
156,126,282
175,122,297
183,109,292
173,96,269
137,88,225
132,108,240
140,105,245
127,102,229
149,96,245
142,87,229
142,106,248
146,103,249
141,146,287
159,129,288
161,120,281
150,124,274
129,148,277
124,301,425
116,313,429
127,324,451
282,204,486
338,151,489
358,142,500
252,131,383
215,134,349
175,142,317
160,137,297
190,163,353
208,148,356
226,114,340
204,103,307
178,98,276
147,98,245
123,106,229
129,100,229
133,93,226
133,97,230
127,142,269
143,142,285
154,154,308
156,170,326
139,173,312
135,166,301
134,159,293
131,168,299
117,174,291
123,187,310
130,185,315
144,174,318
140,187,327
164,166,330
164,158,322
189,138,327
179,123,302
151,113,264
157,101,258
153,103,256
163,98,261
160,105,265
158,93,251
145,144,289
161,134,295
165,116,281
165,111,276
141,110,251
127,114,241
123,127,250
129,125,254
139,110,249
144,103,247
146,94,240
144,127,271
153,132,285
140,131,271
144,135,279
137,134,271
136,138,274
132,138,270
139,134,273
139,133,272
137,131,268
143,117,260
139,110,249
145,104,249
144,90,234
141,95,236
135,88,223
131,124,255
137,137,274
138,130,268
145,124,269
138,122,260
173,129,302
178,114,292
182,96,278
157,105,262
151,91,242
160,129,289
151,126,277
156,116,272
173,161,334
182,127,309
198,114,312
174,117,291
165,119,284
172,139,311
216,125,341
226,107,333
206,110,316
177,106,283
148,107,255
144,94,238
154,126,280
158,130,288
164,107,271
158,91,249
149,110,259
148,130,278
136,140,276
133,148,281
133,151,284
146,149,295
160,135,295
147,137,284
156,140,296
144,150,294
139,151,290
142,144,286
155,123,278
178,101,279
181,122,303
195,118,313
189,100,289
188,119,307
168,110,278
143,100,243
155,85,240
155,81,236
148,178,326
235,154,389
269,138,407
278,131,409
169,130,299
138,125,263
135,133,268
134,142,276
125,144,269
155,123,278
170,121,291
174,131,305
150,132,282
136,152,288
132,169,301
125,176,301
123,167,290
121,174,295
124,176,300
131,175,306
126,200,326
122,201,323
156,191,347
198,151,349
194,140,334
177,129,306
145,127,272
188,127,315
208,119,327
217,115,332
177,112,289
162,112,274
172,138,310
171,152,323
192,121,313
187,107,294
185,149,334
163,152,315
176,152,328
168,146,314
129,134,263
169,118,287
166,107,273
159,91,250
154,137,291
155,133,288
162,115,277
160,146,306
170,120,290
184,108,292
186,97,283
166,103,269
157,103,260
143,134,277
164,105,269
155,95,250
159,83,242
132,102,234
131,107,238
126,93,219
145,91,236
130,84,214
132,108,240
126,123,249
133,116,249
134,114,248
135,115,250
127,122,249
135,126,261
133,125,258
147,120,267
146,118,264
117,129,246
156,122,278
154,121,275
145,129,274
144,120,264
146,131,277
135,142,277
125,143,268
128,128,256
170,103,273
179,92,271
170,126,296
147,128,275
142,136,278
151,125,276
141,110,251
154,101,255
152,96,248
155,120,275
143,121,264
153,131,284
181,131,312
203,122,325
201,114,315
167,106,273
133,106,239
139,98,237
142,122,264
159,110,269
151,102,253
164,97,261
133,111,244
166,88,254
165,92,257
148,86,234
134,106,240
145,104,249
158,92,250
161,114,275
138,111,249
141,102,243
147,131,278
156,144,300
168,128,296
165,109,274
162,101,263
167,120,287
167,115,282
158,111,269
148,106,254
155,125,280
164,117,281
163,109,272
144,137,281
168,114,282
170,116,286
151,121,272
118,127,245
126,124,250
133,120,253
145,111,256
129,111,240
134,110,244
123,112,235
125,109,234
122,104,226
137,99,236
135,122,257
130,146,276
130,153,283
132,159,291
129,163,292
136,163,299
129,175,304
130,194,324
123,211,334
124,212,336
140,196,336
183,143,326
203,123,326
190,109,299
151,97,248
145,84,229
142,117,259
145,106,251
146,94,240
149,112,261
150,112,262
144,119,263
139,145,284
168,130,298
180,121,301
161,139,300
134,156,290
130,162,292
134,167,301
136,161,297
130,158,288
128,236,364
138,242,380
142,244,386
188,206,394
203,197,400
148,196,344
175,219,394
204,194,398
243,161,404
249,152,401
219,149,368
181,151,332
184,154,338
172,155,327
174,159,333
178,157,335
171,185,356
163,197,360
151,206,357
155,212,367
162,215,377
159,220,379
173,213,386
171,200,371
169,194,363
180,169,349
196,163,359
217,152,369
233,162,395
233,157,390
215,162,377
183,171,354
164,186,350
159,211,370
176,200,376
164,221,385
178,219,397
180,210,390
208,207,415
213,199,412
213,190,403
212,180,392
212,172,384
215,163,378
214,154,368
212,148,360
211,142,353
213,134,347
215,148,363
217,137,354
217,149,366
218,142,360
211,135,346
209,172,381
219,180,399
214,188,402
182,193,375
139,207,346
136,210,346
150,204,354
153,210,363
166,203,369
152,202,354
163,216,379
185,192,377
190,180,370
212,170,382
177,164,341
227,121,348
189,162,351
221,138,359
172,168,340
181,181,362
139,182,321
157,170,327
178,152,330
192,149,341
178,140,318
168,154,322
151,155,306
156,142,298
162,118,280
171,202,373
195,166,361
243,116,359
240,112,352
147,113,260
139,125,264
163,154,317
188,154,342
220,134,354
232,152,384
215,157,372
190,135,325
203,114,317
182,204,386
205,230,435
223,202,425
275,161,436
202,171,373
227,218,445
163,251,414
160,290,450
172,298,470
209,262,471
214,244,458
240,224,464
225,182,407
157,176,333
163,172,335
143,175,318
146,169,315
98,163,261
159,128,287
157,130,287
101,178,279
124,273,397
116,385,501
145,420,565
179,420,599
275,383,658
375,352,727
373,332,705
271,322,593
323,230,553
272,216,488
331,177,508
265,122,387
260,186,446
241,186,427
217,178,395
180,173,353
116,178,294
173,179,352
185,163,348
167,154,321
219,219,438
196,234,430
228,219,447
237,131,368
265,80,345
239,170,409
186,195,381
234,128,362
240,142,382
228,231,459
195,304,499
235,347,582
289,316,605
243,331,574
275,290,565
205,259,464
250,212,462
289,187,476
286,130,416
240,147,387
222,136,358
178,191,369
206,142,348
221,103,324
183,82,265
149,164,313
164,139,303
173,120,293
169,109,278
134,98,232
98,88,186
130,150,280
130,162,292
149,168,317
179,126,305
177,125,302
156,165,321
188,126,314
198,137,335
215,117,332
183,102,285
177,122,299
164,134,298
166,132,298
196,142,338
179,179,358
166,168,334
149,184,333
165,190,355
175,172,347
186,163,349
182,156,338
167,149,316
161,142,303
166,126,292
169,120,289
160,124,284
165,134,299
167,125,292
179,109,288
166,84,250
155,88,243
123,116,239
125,129,254
118,132,250
119,127,246
112,128,240
121,137,258
115,152,267
122,146,268
127,136,263
109,141,250
149,134,283
137,141,278
132,158,290
116,179,295
105,195,300
115,191,306
106,190,296
165,138,303
207,104,311
211,98,309
167,138,305
144,136,280
128,141,269
136,148,284
109,148,257
126,149,275
129,139,268
149,119,268
185,125,310
182,121,303
178,122,300
176,144,320
200,160,360
241,182,423
237,191,428
206,186,392
143,186,329
168,171,339
170,178,348
163,185,348
172,158,330
196,129,325
198,121,319
178,115,293
136,116,252
122,107,229
147,96,243
134,99,233
127,94,221
119,94,213
115,110,225
94,121,215
115,130,245
128,133,261
126,147,273
113,154,267
143,167,310
202,107,309
227,170,397
226,154,380
166,152,318
164,149,313
105,141,246
171,105,276
167,105,272
164,99,263
130,93,223
115,96,211
106,115,221
120,113,233
133,108,241
133,103,236
115,111,226
118,123,241
115,129,244
119,146,265
101,157,258
132,159,291
124,151,275
129,141,270
163,96,259
183,139,322
185,152,337
146,271,417
290,119,409
273,108,381
284,125,409
138,112,250
147,132,279
174,124,298
181,109,290
161,105,266
163,95,258
154,146,300
160,136,296
178,181,359
226,126,352
218,112,330
183,101,284
125,102,227
152,97,249
148,133,281
150,123,273
146,120,266
143,126,269
130,113,243
146,112,258
150,102,252
118,100,218
104,96,200
108,99,207
119,94,213
97,100,197
125,98,223
105,93,198
123,99,222
107,99,206
114,105,219
119,118,237
109,115,224
124,113,237
108,107,215
98,108,206
126,104,230
105,97,202
108,92,200
122,87,209
108,84,192
121,78,199
120,112,232
114,122,236
122,116,238
133,109,242
124,110,234
99,114,213
117,116,233
133,108,241
132,101,233
133,106,239
125,108,233
151,114,265
162,102,264
165,109,274
189,82,271
148,114,262
161,100,261
140,85,225
148,113,261
138,107,245
144,100,244
146,89,235
141,136,277
141,148,289
137,152,289
134,152,286
125,154,279
158,151,309
162,126,288
160,106,266
159,92,251
148,83,231
136,105,241
125,121,246
133,147,280
137,143,280
140,147,287
138,139,277
121,138,259
156,101,257
161,93,254
142,96,238
118,112,230
122,114,236
101,122,223
153,100,253
148,98,246
130,95,225
97,100,197
121,107,228
103,119,222
127,125,252
109,129,238
113,136,249
120,139,259
124,149,273
132,137,269
141,180,321
129,190,319
128,191,319
135,192,327
138,221,359
142,232,374
124,246,370
144,251,395
197,195,392
235,148,383
248,146,394
196,159,355
160,162,322
153,179,332
178,155,333
189,139,328
170,144,314
141,145,286
119,157,276
127,166,293
111,174,285
104,181,285
109,190,299
143,165,308
159,151,310
160,140,300
158,128,286
147,116,263
161,92,253
151,103,254
145,111,256
139,105,244
131,130,261
150,137,287
144,139,283
152,140,292
146,145,291
140,140,280
145,125,270
148,109,257
153,95,248
145,91,236
138,90,228
135,121,256
129,114,243
146,101,247
149,87,236
146,101,247
152,87,239
132,126,258
128,116,244
145,107,252
137,99,236
121,88,209
123,91,214
125,140,265
148,110,258
160,104,264
168,160,328
150,150,300
173,146,319
155,142,297
127,142,269
126,135,261
110,134,244
113,136,249
125,129,254
119,135,254
120,165,285
114,175,289
120,189,309
121,195,316
140,156,296
135,154,289
171,142,313
140,129,269
129,114,243
158,99,257
157,111,268
155,118,273
146,118,264
124,112,236
115,104,219
111,96,207
122,86,208
139,117,256
134,110,244
121,117,238
130,108,238
121,95,216
107,83,190
115,141,256
112,148,260
149,144,293
151,121,272
170,110,280
149,102,251
125,134,259
138,109,247
146,103,249
157,111,268
144,89,233
155,83,238
138,108,246
150,122,272
166,108,274
175,102,277
151,96,247
146,149,295
162,139,301
153,146,299
150,147,297
138,126,264
149,112,261
156,108,264
145,150,295
194,90,284
190,104,294
189,111,300
160,99,259
156,90,246
147,83,230
118,90,208
123,96,219
126,89,215
129,108,237
138,108,246
147,101,248
136,87,223
142,124,266
125,124,249
137,120,257
124,111,235
135,93,228
113,86,199
134,119,253
138,135,273
126,132,258
149,134,283
133,125,258
116,127,243
139,121,260
124,119,243
129,113,242
130,103,233
113,94,207
136,97,233
126,102,228
119,106,225
122,110,232
125,105,230
130,95,225
134,93,227
112,134,246
160,118,278
156,104,260
150,92,242
157,120,277
154,125,279
178,162,340
200,144,344
192,132,324
188,108,296
137,102,239
142,96,238
123,141,264
140,143,283
131,150,281
114,141,255
108,126,234
142,112,254
144,99,243
136,90,226
128,85,213
126,77,203
114,98,212
117,91,208
145,115,260
131,121,252
137,115,252
125,119,244
115,115,230
116,117,233
118,127,245
125,152,277
130,166,296
126,181,307
141,176,317
169,161,330
164,161,325
159,191,350
134,191,325
119,188,307
122,187,309
163,142,305
176,123,299
189,108,297
156,100,256
155,93,248
153,102,255
159,101,260
160,107,267
158,102,260
161,101,262
160,218,378
155,260,415
172,242,414
186,217,403
177,223,400
150,172,322
198,139,337
214,122,336
202,109,311
171,118,289
146,122,268
129,121,250
127,125,252
124,132,256
123,144,267
127,148,275
125,160,285
129,167,296
127,174,301
126,180,306
134,173,307
135,180,315
136,185,321
138,173,311
139,180,319
139,182,321
135,180,315
135,180,315
145,179,324
135,179,314
142,180,322
133,182,315
141,180,321
134,179,313
142,176,318
138,174,312
138,182,320
129,182,311
136,178,314
136,179,315
146,177,323
134,178,312
139,179,318
130,180,310
140,180,320
135,181,316
142,201,343
132,220,352
143,208,351
136,212,348
179,162,341
198,130,328
211,109,320
174,105,279
156,127,283
163,113,276
166,109,275
160,112,272
140,110,250
132,107,239
139,110,249
139,101,240
151,109,260
141,132,273
175,103,278
172,100,272
163,91,254
124,129,253
141,132,273
145,133,278
132,130,262
128,120,248
133,102,235
128,93,221
131,154,285
132,144,276
158,138,296
176,120,296
138,115,253
143,129,272
130,153,283
122,158,280
127,152,279
160,122,282
165,113,278
172,100,272
138,104,242
135,108,243
109,102,211
141,105,246
123,115,238
132,127,259
164,143,307
193,110,303
201,94,295
167,128,295
146,117,263
133,107,240
167,115,282
149,117,266
146,109,255
140,106,246
130,118,248
153,92,245
157,158,315
147,153,300
132,160,292
144,155,299
99,167,266
129,187,316
125,193,318
106,195,301
134,174,308
154,165,319
152,145,297
158,132,290
153,120,273
137,118,255
119,111,230
130,100,230
128,87,215
138,78,216
133,106,239
126,118,244
127,114,241
122,123,245
123,143,266
125,141,266
104,133,237
128,125,253
125,122,247
111,112,223
133,104,237
124,94,218
137,138,275
152,133,285
132,132,264
143,134,277
120,130,250
133,117,250
131,111,242
132,104,236
124,95,219
126,89,215
122,106,228
139,116,255
127,113,240
143,104,247
136,94,230
131,88,219
126,92,218
113,162,275
138,253,391
274,147,421
307,162,469
288,145,433
177,144,321
159,138,297
135,125,260
159,97,256
161,110,271
135,122,257
132,121,253
114,135,249
118,144,262
98,148,246
109,162,271
160,122,282
159,123,282
160,123,283
125,119,244
119,109,228
135,96,231
95,88,183
121,146,267
132,157,289
152,157,309
169,163,332
140,177,317
143,179,322
130,173,303
131,162,293
145,138,283
148,99,247
170,94,264
152,91,243
99,97,196
126,95,221
120,90,210
120,85,205
109,79,188
123,101,224
102,102,204
134,100,234
135,94,229
133,92,225
133,91,224
118,91,209
129,89,218
127,86,213
116,92,208
121,102,223
118,111,229
120,138,258
138,128,266
145,127,272
122,123,245
112,126,238
121,151,272
111,171,282
118,175,293
123,177,300
119,188,307
149,156,305
164,160,324
183,163,346
160,154,314
191,108,299
209,134,343
196,130,326
171,114,285
145,112,257
150,102,252
152,94,246
150,88,238
141,108,249
145,110,255
163,126,289
165,109,274
168,94,262
156,105,261
138,96,234
124,99,223
149,92,241
141,81,222
133,130,263
143,129,272
167,122,289
149,131,280
133,129,262
132,133,265
133,128,261
136,137,273
131,137,268
127,140,267
114,136,250
132,125,257
162,142,304
199,106,305
196,97,293
165,91,256
129,118,247
133,130,263
140,128,268
138,123,261
138,106,244
140,99,239
139,99,238
123,100,223
122,100,222
125,95,220
126,97,223
129,94,223
129,97,226
133,97,230
133,93,226
127,91,218
134,89,223
132,91,223
140,107,247
127,110,237
128,121,249
121,131,252
114,141,255
121,142,263
136,136,272
134,137,271
125,134,259
123,128,251
125,135,260
153,113,266
147,107,254
145,100,245
124,99,223
123,97,220
120,92,212
124,87,211
121,81,202
121,76,197
123,101,224
123,114,237
130,109,239
145,116,261
145,118,263
142,153,295
126,162,288
108,166,274
111,177,288
124,181,305
122,182,304
111,176,287
145,149,294
154,139,293
155,132,287
130,127,257
123,128,251
120,129,249
117,130,247
123,127,250
121,122,243
120,117,237
118,115,233
122,110,232
118,105,223
124,101,225
121,104,225
124,100,224
120,95,215
116,93,209
122,96,218
121,91,212
121,84,205
129,80,209
121,99,220
115,101,216
121,100,221
125,100,225
130,92,222
135,93,228
135,78,213
137,110,247
135,124,259
127,135,262
121,145,266
123,153,276
116,160,276
135,154,289
128,162,290
126,176,302
118,173,291
114,181,295
108,190,298
176,142,318
188,119,307
205,120,325
155,129,284
123,148,271
118,150,268
135,147,282
134,141,275
120,138,258
117,141,258
125,139,264
122,138,260
125,137,262
125,131,256
133,119,252
134,115,249
129,108,237
124,102,226
122,103,225
115,100,215
127,90,217
126,100,226
124,117,241
121,116,237
122,114,236
122,111,233
124,105,229
123,99,222
123,100,223
117,96,213
123,89,212
122,88,210
115,85,200
124,80,204
120,94,214
122,89,211
128,80,208
134,92,226
127,88,215
122,91,213
119,90,209
116,120,236
137,116,253
139,118,257
137,129,266
120,132,252
123,130,253
117,125,242
127,115,242
125,109,234
125,102,227
116,99,215
115,103,218
121,99,220
124,95,219
127,94,221
128,94,222
123,91,214
125,91,216
123,92,215
120,88,208
125,86,211
121,85,206
120,85,205
128,100,228
128,109,237
129,104,233
121,102,223
126,99,225
127,97,224
119,102,221
124,105,229
122,113,235
115,120,235
109,121,230
122,125,247
123,124,247
122,123,245
126,121,247
116,115,231
125,107,232
122,102,224
116,111,227
118,122,240
130,113,243
151,85,236
164,92,256
155,86,241
141,100,241
132,114,246
127,118,245
122,134,256
121,152,273
123,282,405
117,302,419
124,306,430
191,248,439
265,181,446
259,162,421
234,138,372
176,131,307
172,119,291
159,115,274
153,101,254
117,99,216
135,117,252
139,96,235
165,116,281
164,116,280
157,113,270
163,147,310
186,125,311
180,141,321
156,155,311
140,159,299
155,153,308
159,139,298
162,133,295
161,123,284
148,127,275
138,145,283
120,165,285
155,166,321
164,191,355
161,205,366
189,172,361
194,157,351
223,117,340
187,104,291
185,84,269
161,118,279
142,120,262
142,114,256
127,114,241
132,102,234
137,100,237
128,105,233
123,99,222
148,106,254
141,112,253
139,110,249
132,112,244
127,113,240
124,118,242
124,128,252
127,134,261
124,128,252
132,116,248
133,100,233
145,98,243
148,109,257
148,111,259
146,110,256
137,112,249
132,113,245
131,107,238
134,96,230
145,100,245
148,89,237
139,81,220
138,90,228
124,83,207
133,96,229
124,87,211
138,105,243
142,98,240
136,89,225
134,91,225
124,108,232
130,112,242
134,109,243
136,110,246
138,113,251
135,110,245
134,104,238
132,98,230
137,86,223
143,96,239
147,91,238
135,82,217
132,106,238
134,100,234
139,98,237
123,93,216
129,108,237
142,121,263
139,117,256
137,108,245
141,95,236
146,109,255
152,109,261
147,109,256
147,105,252
140,108,248
145,105,250
139,94,233
141,108,249
149,111,260
145,105,250
135,97,232
136,85,221
145,117,262
147,112,259
149,140,289
185,107,292
188,98,286
190,124,314
149,122,271
155,118,273
145,115,260
145,102,247
142,102,244
139,117,256
121,130,251
132,140,272
149,117,266
147,111,258
145,103,248
130,91,221
122,110,232
140,111,251
139,102,241
130,97,227
144,113,257
141,125,266
134,127,261
135,129,264
131,138,269
130,136,266
131,127,258
128,118,246
129,106,235
143,90,233
134,86,220
139,93,232
113,84,197
137,134,271
130,134,264
130,137,267
125,143,268
106,135,241
130,132,262
153,107,260
177,88,265
175,90,265
147,91,238
118,91,209
122,88,210
125,86,211
130,88,218
128,85,213
129,85,214
127,82,209
129,104,233
126,112,238
137,103,240
133,111,244
136,107,243
124,110,234
130,140,270
122,147,269
120,147,267
119,145,264
125,144,269
117,146,263
115,146,261
126,155,281
126,151,277
128,150,278
130,147,277
127,158,285
111,168,279
124,170,294
119,181,300
123,192,315
150,184,334
157,175,332
289,99,388
272,99,371
258,121,379
190,115,305
147,111,258
138,117,255
135,103,238
146,85,231
133,88,221
128,92,220
134,135,269
152,109,261
163,93,256
175,107,282
151,99,250
134,108,242
154,92,246
151,83,234
152,81,233
132,106,238
123,106,229
129,106,235
131,113,244
129,115,244
137,111,248
137,107,244
126,110,236
131,102,233
130,93,223
131,94,225
126,96,222
128,105,233
123,101,224
118,99,217
134,94,228
128,105,233
134,97,231
125,100,225
117,97,214
113,101,214
124,99,223
119,93,212
131,87,218
130,88,218
133,88,221
127,95,222
125,92,217
130,136,266
151,122,273
146,113,259
140,112,252
111,106,217
124,109,233
117,122,239
123,122,245
121,116,237
124,109,233
126,99,225
131,94,225
128,89,217
128,89,217
132,82,214
134,104,238
128,109,237
129,104,233
130,102,232
120,109,229
124,109,233
122,104,226
121,98,219
127,90,217
124,83,207
130,92,222
131,88,219
132,82,214
135,90,225
129,85,214
132,113,245
130,122,252
126,127,253
131,127,258
127,129,256
137,123,260
137,130,267
132,131,263
126,134,260
120,128,248
128,127,255
128,124,252
127,118,245
128,115,243
125,114,239
121,114,235
122,117,239
125,111,236
131,109,240
129,111,240
124,103,227
127,98,225
115,100,215
119,99,218
123,93,216
124,85,209
125,77,202
130,109,239
128,108,236
128,101,229
131,96,227
130,84,214
138,104,242
133,120,253
131,129,260
133,136,269
177,114,291
195,91,286
189,111,300
152,96,248
153,108,261
154,96,250
152,105,257
151,96,247
149,106,255
152,94,246
150,108,258
153,98,251
151,108,259
153,94,247
153,107,260
154,99,253
149,86,235
151,105,256
152,94,246
153,107,260
151,94,245
149,105,254
150,93,243
147,106,253
152,94,246
149,104,253
150,97,247
148,127,275
172,95,267
171,106,277
172,93,265
151,107,258
150,94,244
150,107,257
150,95,245
149,114,263
156,95,251
156,106,262
156,107,263
149,97,246
150,109,259
153,97,250
153,116,269
160,97,257
157,107,264
161,95,256
151,117,268
161,95,256
159,108,267
158,94,252
150,107,257
149,95,244
149,108,257
150,92,242
159,108,267
159,94,253
159,108,267
152,95,247
150,117,267
151,114,265
175,172,347
183,156,339
178,159,337
139,165,304
72,166,238
107,171,278
126,172,298
104,193,297
108,180,288
138,180,318
110,183,293
147,159,306
169,139,308
181,127,308
149,111,260
151,94,245
141,103,244
134,178,312
171,170,341
152,167,319
143,168,311
92,166,258
140,165,305
157,162,319
158,155,313
147,157,304
169,156,325
152,176,328
155,192,347
114,191,305
129,185,314
129,190,319
130,162,292
159,159,318
157,155,312
156,152,308
167,124,291
158,117,275
146,110,256
101,106,207
125,102,227
117,101,218
123,97,220
123,99,222
122,105,227
125,102,227
123,105,228
126,111,237
107,116,223
115,151,266
121,165,286
121,171,292
124,178,302
126,208,334
105,221,326
144,218,362
148,203,351
179,184,363
157,204,361
176,160,336
174,142,316
162,125,287
140,121,261
123,122,245
175,142,317
187,113,300
177,99,276
153,94,247
118,85,203
131,159,290
140,146,286
175,118,293
167,125,292
120,125,245
109,140,249
129,138,267
119,144,263
106,146,252
128,140,268
113,144,257
134,146,280
103,152,255
125,152,277
117,150,267
134,172,306
134,303,437
116,299,415
95,309,404
217,214,431
264,170,434
296,154,450
169,150,319
161,140,301
144,148,292
159,123,282
159,117,276
143,98,241
131,96,227
133,91,224
122,93,215
114,100,214
118,129,247
137,134,271
145,140,285
154,149,303
158,157,315
164,168,332
160,195,355
145,203,348
146,221,367
154,226,380
159,231,390
167,225,392
179,200,379
187,187,374
177,180,357
160,155,315
182,128,310
174,122,296
155,117,272
122,121,243
124,141,265
103,144,247
115,146,261
145,125,270
136,126,262
127,128,255
99,119,218
129,122,251
124,144,268
117,159,276
119,157,276
128,145,273
135,145,280
124,140,264
106,146,252
130,152,282
121,158,279
127,165,292
120,181,301
124,185,309
107,187,294
130,184,314
142,159,301
139,153,292
140,150,290
127,148,275
123,154,277
118,179,297
120,195,315
99,196,295
108,194,302
152,155,307
172,131,303
191,100,291
166,94,260
146,150,296
135,156,291
112,153,265
135,151,286
96,145,241
140,121,261
166,98,264
167,121,288
172,107,279
147,95,242
138,104,242
137,93,230
116,81,197
140,118,258
133,112,245
120,107,227
128,103,231
121,93,214
104,85,189
134,105,239
127,115,242
120,114,234
135,105,240
146,92,238
127,83,210
103,121,224
145,117,262
134,116,250
128,120,248
106,117,223
123,110,233
128,97,225
130,92,222
132,96,228
119,110,229
119,153,272
127,157,284
133,151,284
142,122,264
171,114,285
163,136,299
180,132,312
176,119,295
148,112,260
142,114,256
127,121,248
122,129,251
121,132,253
119,139,258
115,148,263
118,167,285
122,165,287
95,160,255
116,156,272
151,122,273
182,100,282
180,102,282
166,117,283
150,107,257
155,107,262
158,105,263
160,98,258
168,135,303
152,126,278
148,128,276
138,127,265
97,149,246
126,147,273
122,144,266
109,139,248
122,132,254
101,137,238
118,139,257
119,134,253
118,121,239
126,124,250
121,122,243
109,127,236
125,131,256
119,138,257
111,134,245
130,126,256
122,120,242
128,117,245
117,118,235
124,124,248
122,128,250
103,125,228
125,125,250
117,130,247
114,133,247
115,121,236
134,126,260
132,128,260
108,131,239
106,118,224
125,115,240
125,110,235
131,106,237
124,102,226
105,102,207
123,100,223
122,101,223
122,98,220
126,95,221
132,92,224
131,92,223
127,93,220
124,91,215
124,92,216
121,91,212
132,102,234
137,105,242
134,104,238
132,91,223
129,98,227
114,101,215
124,104,228
120,99,219
114,95,209
126,93,219
124,97,221
124,98,222
121,98,219
124,103,227
123,115,238
120,138,258
122,150,272
140,135,275
145,139,284
160,136,296
167,214,381
272,123,395
249,129,378
235,127,362
121,130,251
131,127,258
132,129,261
132,129,261
125,126,251
124,131,255
127,123,250
129,119,248
134,105,239
131,108,239
128,111,239
121,105,226
121,100,221
122,104,226
121,102,223
123,98,221
122,96,218
122,93,215
122,92,214
123,112,235
127,122,249
133,119,252
133,130,263
125,146,271
125,156,281
121,159,280
125,161,286
130,163,293
138,169,307
123,165,288
120,165,285
123,161,284
132,150,282
141,135,276
133,129,262
119,128,247
125,122,247
122,119,241
120,108,228
129,103,232
127,103,230
115,104,219
124,99,223
123,95,218
117,89,206
116,94,210
122,96,218
120,86,206
131,90,221
135,93,228
124,88,212
116,99,215
118,113,231
120,126,246
127,124,251
128,120,248
128,118,246
118,115,233
119,114,233
124,112,236
117,109,226
127,104,231
125,99,224
129,98,227
121,97,218
130,93,223
127,88,215
126,84,210
124,78,202
121,92,213
123,90,213
118,88,206
123,86,209
118,81,199
117,89,206
126,92,218
123,88,211
125,75,200
126,91,217
130,85,215
121,79,200
124,94,218
118,127,245
117,131,248
123,126,249
123,121,244
130,112,242
126,109,235
124,103,227
116,98,214
123,97,220
119,96,215
126,86,212
125,80,205
126,91,217
115,94,209
123,103,226
119,104,223
126,103,229
137,122,259
160,116,276
144,121,265
149,121,270
128,127,255
126,139,265
125,144,269
116,144,260
110,140,250
122,143,265
119,143,262
125,141,266
121,142,263
124,143,267
120,141,261
123,136,259
123,129,252
127,128,255
124,123,247
115,119,234
121,113,234
122,106,228
121,101,222
122,94,216
121,90,211
119,84,203
121,84,205
123,103,226
125,101,226
129,103,232
126,100,226
115,101,216
124,98,222
121,103,224
125,110,235
127,114,241
129,120,249
120,116,236
124,118,242
115,124,239
116,133,249
119,140,259
123,168,291
123,186,309
123,189,312
129,178,307
149,157,306
161,133,294
156,129,285
144,127,271
127,112,239
145,139,284
163,117,280
166,107,273
165,104,269
145,104,249
145,133,278
173,101,274
170,105,275
178,86,264
148,125,273
148,118,266
159,144,303
174,118,292
169,122,291
198,126,324
170,115,285
177,107,284
139,101,240
117,94,211
119,86,205
127,78,205
126,91,217
126,86,212
135,96,231
133,98,231
134,91,225
127,87,214
123,101,224
134,99,233
133,95,228
132,93,225
124,99,223
134,92,226
133,86,219
135,79,214
130,103,233
120,105,225
120,102,222
124,126,250
151,103,254
159,96,255
160,100,260
144,100,244
145,107,252
157,89,246
149,88,237
147,104,251
125,100,225
134,90,224
128,81,209
124,89,213
128,84,212
128,91,219
125,98,223
128,98,226
130,96,226
126,87,213
133,78,211
133,94,227
132,83,215
132,89,221
136,86,222
125,81,206
123,103,226
127,110,237
131,108,239
128,103,231
128,95,223
131,93,224
123,93,216
125,93,218
121,94,215
124,93,217
125,96,221
131,92,223
138,109,247
145,101,246
143,90,233
136,80,216
125,92,217
127,96,223
133,243,376
138,261,399
156,258,414
161,259,420
206,207,413
138,175,313
190,145,335
191,132,323
184,110,294
156,107,263
154,116,270
144,119,263
138,129,267
120,144,264
112,153,265
119,152,271
126,148,274
121,146,267
120,145,265
127,133,260
128,127,255
128,121,249
125,117,242
120,109,229
125,117,242
120,119,239
123,115,238
123,109,232
120,105,225
123,101,224
124,105,229
121,99,220
121,94,215
123,90,213
122,91,213
122,91,213
119,89,208
120,85,205
132,107,239
131,108,239
128,103,231
125,104,229
119,108,227
125,104,229
125,95,220
127,87,214
129,85,214
120,87,207
120,81,201
117,109,226
123,160,283
132,201,333
127,238,365
160,213,373
193,181,374
204,171,375
131,185,316
156,186,342
120,197,317
122,258,380
156,279,435
152,314,466
107,312,419
250,186,436
311,118,429
285,116,401
180,130,310
128,152,280
123,163,286
126,161,287
127,150,277
117,145,262
124,126,250
135,121,256
136,109,245
132,101,233
130,93,223
127,87,214
131,149,280
132,175,307
186,169,355
201,160,361
202,152,354
185,113,298
165,107,272
120,102,222
127,92,219
123,90,213
127,82,209
126,145,271
125,184,309
168,151,319
168,140,308
181,146,327
151,148,299
138,122,260
162,114,276
160,121,281
121,180,301
122,252,374
122,263,385
174,218,392
192,262,454
192,260,452
146,264,410
124,250,374
224,162,386
226,150,376
195,149,344
127,142,269
117,136,253
124,136,260
127,131,258
125,142,267
128,142,270
125,142,267
122,136,258
128,138,266
126,142,268
123,139,262
123,132,255
125,125,250
127,120,247
119,119,238
126,110,236
129,105,234
126,103,229
121,99,220
122,95,217
122,95,217
121,91,212
121,87,208
123,86,209
121,82,203
124,106,230
125,152,277
144,138,282
160,159,319
161,212,373
104,223,327
149,221,370
162,241,403
149,225,374
157,221,378
186,149,335
180,140,320
204,126,330
135,119,254
134,111,245
132,96,228
131,90,221
130,94,224
124,88,212
127,134,261
133,151,284
150,130,280
158,107,265
159,106,265
127,116,243
135,133,268
133,127,260
143,117,260
170,115,285
175,101,276
178,90,268
159,108,267
153,98,251
157,105,262
152,94,246
151,108,259
154,95,249
151,108,259
152,97,249
151,106,257
154,94,248
151,107,258
153,95,248
150,106,256
151,96,247
149,105,254
151,96,247
151,105,256
151,95,246
149,106,255
152,95,247
150,106,256
151,94,245
150,107,257
151,97,248
150,105,255
151,94,245
150,107,257
155,94,249
151,105,256
151,95,246
149,107,256
152,95,247
152,106,258
151,95,246
151,108,259
150,102,252
146,98,244
141,97,238
138,95,233
140,95,235
141,96,237
139,93,232
136,95,231
138,93,231
135,94,229
135,96,231
136,97,233
135,97,232
136,98,234
136,97,233
134,96,230
138,96,234
137,96,233
134,96,230
135,95,230
138,101,239
138,102,240
149,144,293
152,177,329
160,167,327
171,150,321
186,144,330
207,184,391
236,141,377
219,145,364
165,249,414
227,241,468
360,122,482
326,100,426
266,88,354
145,133,278
142,120,262
144,115,259
138,105,243
109,114,223
153,91,244
173,103,276
138,100,238
143,114,257
134,120,254
155,128,283
139,131,270
155,117,272
143,104,247
138,93,231
105,84,189
123,176,299
167,140,307
183,124,307
182,117,299
130,118,248
122,132,254
127,132,259
120,140,260
136,143,279
139,138,277
159,135,294
157,141,298
154,154,308
140,157,297
138,145,283
150,145,295
163,179,342
171,180,351
168,172,340
193,137,330
206,139,345
210,140,350
187,136,323
156,130,286
115,125,240
135,107,242
128,106,234
131,113,244
142,159,301
176,140,316
195,141,336
208,186,394
189,164,353
173,174,347
167,171,338
124,170,294
127,171,298
117,181,298
127,174,301
139,185,324
138,197,335
128,198,326
131,186,317
215,100,315
223,93,316
212,89,301
125,94,219
123,102,225
117,92,209
113,98,211
123,91,214
104,90,194
116,90,206
110,85,195
116,89,205
116,85,201
119,81,200
117,109,226
100,132,232
115,152,267
134,161,295
137,178,315
133,206,339
123,224,347
120,242,362
166,219,385
191,217,408
244,172,416
213,159,372
197,141,338
135,130,265
124,128,252
122,126,248
110,108,218
147,94,241
138,89,227
136,149,285
117,144,261
140,140,280
130,134,264
106,116,222
164,169,333
166,162,328
164,171,335
138,163,301
91,149,240
132,132,264
160,123,283
166,173,339
163,169,332
181,179,360
159,176,335
146,133,279
199,112,311
194,93,287
176,103,279
130,105,235
147,93,240
144,149,293
146,142,288
148,131,279
135,132,267
121,117,238
126,110,236
164,117,281
167,119,286
175,115,290
163,99,262
158,91,249
159,160,319
154,174,328
144,173,317
147,165,312
113,162,275
155,170,325
144,169,313
157,159,316
154,157,311
169,119,288
162,131,293
175,107,282
181,124,305
185,104,289
169,147,316
167,129,296
150,121,271
129,112,241
100,82,182
140,130,270
157,134,291
144,131,275
154,105,259
144,90,234
151,118,269
123,114,237
142,104,246
136,92,228
121,145,266
172,123,295
167,101,268
168,98,266
141,106,247
115,102,217
132,106,238
109,120,229
111,134,245
114,137,251
104,139,243
124,140,264
119,144,263
117,145,262
116,144,260
114,143,257
112,148,260
112,146,258
130,146,276
116,146,262
123,146,269
104,161,265
114,157,271
121,152,273
121,158,279
120,160,280
113,172,285
121,211,332
123,223,346
97,230,327
158,197,355
182,173,355
171,170,341
154,143,297
167,124,291
179,108,287
142,102,244
131,100,231
122,110,232
123,107,230
123,102,225
127,97,224
129,98,227
124,110,234
127,101,228
128,93,221
135,102,237
136,178,314
128,255,383
139,267,406
152,268,420
163,243,406
214,184,398
110,173,283
178,149,327
188,165,353
169,178,347
133,180,313
119,179,298
133,173,306
134,202,336
141,201,342
122,196,318
158,143,301
176,125,301
191,99,290
172,120,292
200,101,301
190,106,296
177,112,289
160,134,294
181,114,295
175,110,285
156,102,258
130,89,219
140,80,220
108,147,255
163,106,269
171,99,270
172,99,271
127,100,227
122,121,243
147,135,282
131,169,300
179,134,313
184,124,308
206,96,302
184,164,348
191,145,336
184,128,312
174,138,312
125,136,261
132,146,278
135,134,269
161,104,265
147,101,248
145,99,244
119,103,222
127,114,241
104,121,225
126,131,257
107,134,241
126,148,274
128,144,272
129,150,279
125,151,276
149,145,294
144,159,303
148,154,302
124,155,279
121,151,272
123,156,279
103,145,248
134,135,269
117,135,252
129,133,262
110,133,243
120,130,250
118,133,251
103,129,232
120,127,247
102,123,225
124,125,249
108,122,230
124,117,241
135,108,243
132,124,256
119,138,257
122,145,267
125,143,268
131,138,269
130,145,275
139,167,306
124,172,296
127,174,301
117,179,296
151,159,310
158,139,297
169,133,302
136,121,257
136,109,245
137,97,234
143,83,226
141,101,242
132,107,239
133,101,234
129,104,233
136,99,235
137,89,226
137,108,245
140,103,243
143,98,241
140,85,225
139,105,244
146,111,257
151,125,276
181,140,321
198,137,335
201,136,337
194,121,315
167,135,302
201,123,324
199,119,318
218,113,331
192,110,302
155,118,273
139,118,257
128,120,248
126,131,257
123,143,266
124,145,269
117,142,259
133,128,261
136,118,254
120,111,231
125,111,236
121,106,227
123,101,224
121,101,222
121,97,218
126,87,213
125,88,213
126,86,212
121,85,206
124,112,236
123,116,239
132,119,251
132,117,249
125,127,252
122,137,259
117,138,255
117,142,259
129,135,264
130,131,261
131,132,263
119,138,257
122,148,270
135,150,285
134,165,299
113,179,292
118,190,308
121,201,322
140,190,330
141,186,327
160,166,326
149,153,302
162,144,306
143,147,290
132,147,279
123,150,273
126,155,281
123,155,278
125,164,289
128,163,291
120,157,277
125,146,271
128,139,267
119,134,253
120,126,246
132,114,246
135,103,238
131,97,228
132,87,219
131,105,236
136,109,245
136,113,249
133,114,247
136,110,246
135,106,241
118,101,219
130,91,221
130,92,222
129,95,224
124,87,211
128,85,213
126,87,213
122,85,207
125,107,232
146,108,254
173,83,256
175,101,276
145,112,257
131,107,238
129,100,229
127,95,222
144,102,246
149,93,242
157,101,258
151,99,250
141,97,238
142,86,228
138,105,243
144,101,245
143,97,240
148,112,260
159,111,270
168,94,262
155,87,242
135,92,227
117,88,205
126,93,219
130,96,226
130,94,224
125,88,213
122,86,208
124,105,229
121,105,226
122,100,222
125,106,231
119,108,227
124,105,229
113,100,213
117,94,211
123,93,216
120,90,210
129,79,208
128,93,221
130,97,227
121,107,228
127,108,235
124,103,227
118,100,218
123,95,218
122,89,211
123,84,207
119,84,203
115,80,195
120,103,223
118,116,234
122,124,246
120,123,243
124,118,242
125,115,240
121,110,231
120,107,227
122,107,229
121,106,227
121,108,229
122,102,224
122,101,223
123,104,227
121,102,223
124,171,295
193,172,365
264,115,379
276,129,405
201,146,347
145,140,285
149,124,273
150,108,258
120,101,221
134,89,223
130,82,212
128,76,204
120,101,221
124,116,240
137,109,246
152,170,322
151,168,319
144,160,304
142,139,281
146,128,274
139,119,258
124,116,240
129,108,237
130,128,258
157,152,309
177,139,316
197,126,323
204,124,328
191,117,308
201,117,318
183,121,304
155,122,277
142,113,255
129,107,236
130,100,230
122,95,217
120,93,213
129,81,210
122,94,216
126,95,221
132,85,217
132,115,247
139,124,263
141,119,260
138,107,245
130,102,232
134,95,229
129,87,216
131,81,212
127,88,215
120,85,205
130,96,226
128,98,226
129,98,227
126,99,225
139,107,246
156,95,251
153,94,247
134,109,243
121,105,226
127,104,231
115,112,227
115,113,228
124,111,235
120,106,226
124,101,225
120,101,221
124,102,226
122,98,220
127,93,220
127,90,217
126,88,214
125,88,213
122,84,206
126,94,220
134,89,223
142,80,222
133,102,235
128,120,248
120,142,262
116,149,265
116,146,262
122,145,267
115,159,274
120,159,279
127,152,279
126,152,278
125,151,276
120,146,266
121,142,263
119,140,259
121,136,257
121,158,279
120,161,281
123,155,278
125,147,272
127,141,268
125,137,262
125,131,256
119,129,248
120,127,247
120,132,252
122,128,250
130,115,245
130,113,243
119,109,228
118,104,222
119,98,217
120,93,213
121,89,210
114,86,200
120,85,205
119,82,201
121,76,197
117,92,209
122,117,239
121,125,246
123,138,261
118,158,276
121,156,277
123,154,277
117,148,265
115,143,258
124,140,264
119,138,257
121,136,257
122,134,256
123,133,256
121,153,274
123,158,281
120,159,279
120,167,287
121,174,295
120,170,290
122,168,290
134,153,287
144,137,281
143,129,272
135,127,262
126,126,252
124,120,244
129,121,250
128,119,247
116,116,232
123,118,241
123,123,246
121,128,249
116,124,240
124,122,246
116,136,252
125,137,262
119,133,252
132,116,248
137,126,263
133,143,276
121,147,268
131,166,297
132,172,304
194,162,356
232,123,355
250,133,383
195,178,373
183,128,311
213,96,309
173,102,275
146,96,242
139,83,222
139,174,313
138,169,307
191,116,307
209,114,323
196,124,320
149,173,322
178,163,341
223,119,342
212,91,303
203,97,300
134,130,264
146,163,309
172,175,347
228,128,356
244,97,341
213,121,334
189,150,339
176,166,342
212,144,356
241,162,403
271,191,462
257,265,522
310,192,502
297,264,561
297,308,605
170,302,472
165,298,463
211,233,444
270,186,456
290,154,444
197,120,317
211,93,304
192,112,304
177,116,293
170,103,273
164,137,301
179,149,328
193,145,338
198,147,345
178,138,316
178,118,296
178,120,298
167,123,290
138,128,266
134,131,265
133,128,261
134,132,266
134,136,270
143,129,272
142,128,270
142,133,275
132,138,270
139,134,273
139,139,278
140,140,280
136,139,275
136,143,279
137,145,282
136,145,281
136,150,286
135,161,296
134,161,295
134,162,296
144,153,297
155,142,297
144,156,300
145,155,300
137,154,291
134,151,285
137,149,286
137,150,287
140,144,284
139,148,287
136,144,280
150,142,292
148,137,285
155,131,286
181,93,274
182,93,275
175,95,270
138,95,233
136,97,233
134,100,234
133,110,243
133,114,247
148,296,444
188,261,449
240,202,442
234,180,414
157,181,338
178,203,381
121,187,308
175,170,345
206,158,364
226,134,360
185,120,305
224,168,392
174,162,336
207,138,345
167,146,313
152,128,280
191,237,428
195,220,415
237,191,428
227,166,393
197,121,318
194,180,374
211,205,416
170,199,369
216,172,388
192,191,383
191,195,386
160,206,366
153,180,333
248,203,451
252,173,425
263,146,409
213,149,362
125,175,300
185,153,338
225,216,441
235,170,405
219,148,367
199,143,342
155,146,301
131,112,243
141,147,288
155,154,309
119,177,296
153,206,359
164,253,417
144,275,419
183,334,517
167,332,499
163,319,482
263,262,525
259,217,476
238,249,487
251,278,529
216,280,496
215,263,478
226,184,410
246,177,423
233,173,406
138,181,319
112,194,306
153,157,310
151,153,304
129,181,310
158,212,370
109,252,361
171,242,413
196,283,479
201,308,509
155,282,437
196,312,508
263,190,453
255,168,423
311,125,436
188,124,312
147,189,336
122,222,344
125,208,333
210,159,369
228,139,367
203,120,323
137,98,235
157,91,248
104,88,192
119,122,241
120,122,242
152,124,276
160,147,307
175,144,319
175,169,344
183,137,320
162,165,327
168,127,295
149,123,272
135,103,238
150,120,270
157,110,267
147,146,293
190,129,319
141,167,308
153,172,325
121,268,389
157,311,468
161,342,503
180,308,488
203,358,561
303,279,582
303,242,545
334,200,534
257,149,406
250,240,490
221,222,443
251,172,423
241,171,412
162,212,374
167,201,368
175,242,417
178,206,384
182,192,374
169,177,346
201,119,320
197,120,317
168,115,283
167,113,280
162,160,322
173,141,314
180,145,325
197,134,331
161,164,325
210,123,333
198,201,399
300,133,433
223,125,348
256,147,403
185,207,392
214,140,354
249,127,376
259,172,431
204,206,410
221,216,437
180,251,431
138,266,404
183,246,429
161,251,412
252,164,416
251,140,391
280,178,458
238,135,373
224,182,406
223,154,377
207,129,336
225,140,365
182,211,393
167,205,372
183,222,405
217,183,400
169,199,368
167,178,345
137,282,419
149,354,503
150,459,609
168,484,652
254,414,668
359,424,783
411,367,778
326,342,668
355,283,638
317,227,544
276,222,498
179,253,432
185,209,394
191,188,379
197,207,404
168,186,354
155,184,339
123,198,321
147,187,334
152,226,378
107,224,331
143,187,330
165,170,335
122,150,272
152,155,307
109,182,291
118,196,314
119,207,326
168,153,321
223,157,380
257,119,376
227,107,334
160,96,256
93,91,184
122,81,203
129,115,244
130,110,240
134,122,256
131,131,262
134,121,255
108,117,225
122,112,234
127,110,237
117,121,238
125,124,249
121,116,237
128,119,247
126,114,240
133,132,265
132,151,283
146,240,386
271,123,394
283,115,398
249,117,366
137,106,243
155,93,248
148,105,253
133,111,244
112,108,220
134,92,226
132,90,222
118,97,215
81,95,176
108,94,202
117,90,207
101,92,193
115,98,213
117,109,226
105,104,209
116,99,215
121,96,217
114,105,219
120,102,222
100,97,197
128,95,223
110,120,230
127,125,252
137,119,256
122,126,248
132,133,265
116,144,260
105,152,257
125,150,275
163,104,267
172,111,283
178,92,270
163,141,304
168,134,302
160,132,292
169,112,281
144,95,239
139,97,236
109,90,199
123,88,211
121,81,202
117,95,212
106,102,208
125,98,223
115,92,207
123,93,216
116,100,216
111,105,216
120,114,234
121,122,243
106,127,233
119,141,260
113,144,257
117,151,268
129,177,306
117,175,292
104,175,279
126,160,286
159,132,291
163,115,278
165,104,269
152,106,258
141,101,242
126,101,227
124,102,226
116,108,224
121,117,238
122,122,244
122,139,261
120,140,260
112,137,249
111,145,256
113,151,264
125,147,272
129,154,283
131,172,303
124,186,310
108,201,309
117,235,352
143,216,359
164,197,361
193,172,365
190,144,334
154,137,291
145,129,274
110,132,242
121,134,255
120,131,251
141,138,279
133,148,281
153,149,302
132,145,277
134,141,275
127,142,269
119,138,257
113,133,246
111,134,245
120,143,263
108,145,253
118,140,258
109,169,278
129,175,304
113,168,281
162,119,281
199,150,349
183,151,334
197,142,339
202,168,370
221,133,354
245,124,369
230,105,335
190,122,312
174,104,278
147,163,310
154,159,313
150,167,317
142,146,288
104,134,238
144,114,258
137,106,243
148,138,286
135,119,254
176,139,315
190,119,309
170,105,275
177,103,280
147,119,266
168,94,262
151,126,277
172,121,293
162,117,279
166,168,334
183,146,329
167,158,325
154,170,324
105,177,282
131,172,303
120,174,294
144,152,296
156,142,298
147,144,291
133,139,272
111,127,238
125,119,244
113,115,228
118,111,229
102,116,218
112,122,234
115,127,242
116,133,249
121,135,256
105,144,249
125,140,265
104,135,239
129,140,269
116,149,265
104,142,246
129,149,278
127,145,272
135,140,275
120,150,270
143,144,287
127,144,271
123,142,265
118,144,262
106,141,247
120,132,252
128,132,260
130,130,260
98,137,235
124,151,275
104,152,256
120,147,267
119,146,265
119,149,268
95,150,245
123,144,267
123,161,284
117,272,389
105,283,388
115,297,412
258,160,418
291,122,413
311,99,410
188,186,374
188,179,367
180,183,363
168,191,359
101,207,308
136,189,325
138,169,307
182,148,330
167,129,296
146,116,262
180,151,331
178,180,358
173,192,365
128,187,315
104,186,290
149,165,314
160,137,297
159,129,288
147,132,279
106,133,239
116,137,253
124,134,258
120,133,253
135,140,275
124,161,285
143,136,279
165,115,280
189,140,329
181,160,341
180,147,327
145,131,276
148,120,268
150,151,301
185,149,334
166,144,310
134,133,267
107,125,232
152,105,257
160,119,279
168,120,288
157,116,273
135,107,242
140,91,231
141,173,314
157,173,330
153,152,305
177,127,304
144,116,260
154,105,259
141,111,252
142,154,296
174,112,286
184,103,287
175,112,287
152,118,270
147,122,269
121,131,252
117,137,254
93,157,250
136,156,292
132,163,295
128,181,309
111,205,316
126,215,341
117,221,338
137,204,341
170,200,370
176,206,382
157,188,345
150,187,337
169,196,365
200,179,379
224,169,393
223,205,428
240,185,425
246,160,406
271,135,406
237,118,355
220,135,355
226,147,373
235,142,377
216,140,356
174,146,320
150,147,297
144,142,286
164,150,314
188,124,312
209,126,335
213,107,320
212,115,327
184,112,296
173,124,297
188,114,302
188,94,282
185,115,300
156,100,256
159,111,270
158,97,255
153,135,288
169,129,298
168,134,302
166,154,320
127,195,322
114,216,330
129,223,352
137,239,376
175,219,394
214,197,411
260,185,445
255,177,432
239,152,391
214,150,364
217,127,344
216,176,392
219,166,385
209,167,376
208,191,399
216,192,408
265,150,415
267,150,417
254,159,413
214,161,375
133,171,304
178,187,365
166,223,389
175,223,398
181,223,404
173,229,402
151,251,402
194,243,437
208,234,442
230,226,456
230,201,431
253,176,429
239,140,379
245,109,354
201,147,348
215,139,354
195,146,341
214,140,354
199,138,337
217,134,351
185,147,332
173,163,336
176,164,340
185,156,341
202,147,349
211,138,349
214,151,365
214,143,357
190,161,351
159,180,339
130,196,326
134,208,342
134,226,360
153,210,363
164,211,375
177,208,385
180,197,377
196,185,381
208,164,372
208,176,384
205,177,382
209,151,360
210,122,332
208,149,357
202,150,352
185,163,348
193,142,335
177,138,315
203,128,331
196,244,440
234,217,451
297,144,441
245,140,385
282,162,444
198,162,360
243,140,383
208,143,351
207,105,312
180,171,351
186,154,340
172,181,353
171,190,361
155,166,321
161,174,335
120,159,279
153,150,303
194,131,325
217,106,323
217,162,379
206,153,359
183,142,325
173,146,319
139,171,310
120,189,309
157,196,353
199,161,360
195,163,358
194,159,353
150,173,323
140,190,330
151,180,331
163,186,349
180,172,352
174,190,364
167,192,359
156,186,342
148,182,330
152,165,317
173,156,329
182,149,331
170,158,328
162,152,314
203,107,310
204,129,333
209,123,332
181,107,288
175,153,328
176,139,315
176,132,308
186,124,310
155,136,291
153,145,298
156,149,305
156,145,301
151,134,285
165,131,296
191,158,349
207,149,356
208,158,366
176,186,362
117,214,331
130,221,351
150,215,365
166,218,384
170,253,423
158,261,419
172,256,428
204,247,451
207,232,439
219,187,406
196,167,363
196,158,354
185,175,360
223,148,371
231,149,380
223,145,368
198,141,339
195,128,323
217,115,332
177,108,285
167,135,302
167,148,315
185,150,335
190,139,329
186,153,339
161,179,340
172,144,316
183,177,360
225,172,397
237,148,385
263,144,407
255,124,379
226,107,333
197,94,291
159,99,258
157,96,253
140,115,255
139,123,262
134,148,282
134,145,279
136,151,287
145,149,294
149,168,317
133,199,332
164,171,335
185,178,363
212,323,535
375,156,531
388,142,530
393,178,571
234,757,991
280,718,998
264,1323,1587
854,680,1534
383,636,1019
873,218,1091
91,207,298
129,208,337
187,184,371
171,186,357
196,159,355
172,149,321
187,183,370
170,171,341
182,138,320
196,132,328
220,185,405
222,128,350
237,116,353
217,136,353
171,127,298
172,153,325
142,156,298
146,140,286
141,159,300
162,151,313
208,155,363
224,156,380
232,151,383
189,164,353
159,166,325
184,145,329
200,124,324
197,154,351
200,145,345
206,140,346
206,135,341
185,114,299
169,130,299
188,121,309
184,111,295
192,144,336
176,154,330
169,178,347
166,222,388
148,263,411
168,287,455
169,279,448
319,181,500
303,202,505
270,218,488
140,228,368
143,224,367
173,210,383
195,235,430
211,214,425
233,175,408
247,124,371
231,104,335
203,98,301
175,120,295
167,107,274
158,117,275
139,138,277
125,161,286
139,160,299
151,151,302
159,177,336
169,179,348
167,199,366
185,216,401
195,210,405
235,182,417
225,186,411
215,199,414
187,203,390
204,211,415
230,192,422
227,175,402
249,126,375
229,134,363
207,155,362
167,157,324
161,143,304
153,160,313
146,171,317
129,168,297
131,211,342
124,213,337
121,266,387
174,226,400
196,222,418
232,216,448
183,212,395
159,208,367
206,173,379
228,154,382
252,120,372
215,190,405
202,183,385
197,143,340
178,134,312
113,124,237
174,195,369
200,206,406
238,181,419
229,156,385
186,187,373
132,176,308
190,123,313
185,110,295
204,286,490
214,261,475
286,191,477
304,141,445
232,171,403
212,186,398
182,168,350
208,261,469
282,186,468
241,192,433
241,151,392
193,109,302
142,101,243
167,90,257
125,113,238
117,204,321
179,216,395
208,220,428
190,221,411
136,254,390
189,218,407
156,199,355
149,167,316
210,134,344
159,139,298
116,122,238
145,159,304
153,152,305
170,136,306
208,212,420
214,215,429
210,168,378
175,178,353
135,178,313
163,172,335
148,105,253
201,245,446
164,286,450
116,293,409
150,280,430
237,207,444
239,210,449
223,207,430
175,194,369
163,199,362
161,185,346
152,167,319
174,145,319
164,145,309
147,146,293
129,163,292
110,162,272
125,152,277
114,162,276
122,157,279
130,141,271
143,127,270
138,122,260
124,112,236
122,94,216
133,93,226
128,205,333
195,136,331
231,149,380
264,114,378
186,151,337
200,139,339
199,114,313
211,137,348
215,123,338
172,120,292
158,130,288
121,130,251
103,124,227
121,123,244
129,101,230
130,94,224
128,91,219
126,76,202
91,116,207
118,120,238
135,129,264
112,132,244
133,142,275
100,176,276
130,179,309
147,171,318
153,167,320
140,171,311
131,176,307
105,190,295
123,199,322
126,206,332
156,177,333
148,175,323
180,155,335
165,139,304
164,141,305
143,139,282
138,146,284
152,137,289
176,102,278
184,135,319
195,136,331
159,138,297
159,152,311
139,156,295
155,149,304
137,153,290
155,170,325
113,179,292
154,144,298
155,128,283
140,134,274
128,139,267
128,144,272
117,156,273
121,157,278
113,171,284
103,178,281
115,195,310
121,205,326
135,194,329
130,202,332
175,164,339
180,161,341
162,153,315
153,174,327
139,185,324
144,200,344
176,195,371
188,194,382
187,234,421
164,241,405
244,172,416
283,160,443
301,125,426
273,130,403
225,106,331
184,97,281
179,97,276
157,126,283
163,108,271
169,150,319
178,127,305
171,115,286
172,101,273
141,137,278
152,128,280
166,118,284
141,116,257
122,114,236
122,107,229
145,93,238
142,113,255
119,112,231
140,103,243
131,89,220
134,94,228
132,101,233
116,106,222
125,98,223
121,110,231
136,104,240
128,97,225
133,84,217
103,161,264
143,158,301
129,153,282
155,128,283
145,115,260
166,102,268
151,97,248
136,124,260
150,113,263
155,96,251
160,119,279
160,109,269
138,105,243
148,129,277
156,115,271
157,123,280
145,119,264
117,112,229
99,99,198
133,92,225
123,127,250
117,138,255
125,143,268
126,147,273
130,158,288
111,164,275
115,167,282
116,177,293
121,185,306
133,185,318
97,182,279
134,178,312
138,171,309
142,170,312
132,160,292
159,135,294
155,129,284
160,147,307
129,163,292
122,180,302
133,184,317
155,187,342
149,213,362
132,232,364
126,244,370
141,241,382
193,247,440
188,225,413
215,206,421
207,188,395
190,181,371
160,180,340
167,153,320
158,142,300
178,139,317
134,136,270
143,139,282
132,148,280
133,154,287
131,159,290
152,148,300
154,145,299
144,162,306
120,175,295
115,182,297
127,185,312
162,159,321
169,151,320
193,158,351
177,157,334
165,156,321
190,140,330
182,144,326
170,152,322
139,149,288
165,116,281
183,133,316
204,163,367
216,147,363
230,141,371
222,148,370
217,119,336
188,105,293
172,101,273
133,103,236
124,103,227
126,99,225
129,94,223
133,89,222
130,87,217
132,120,252
132,116,248
141,105,246
138,97,235
137,90,227
137,83,220
136,104,240
139,93,232
137,90,227
138,102,240
135,96,231
136,90,226
134,81,215
136,101,237
137,102,239
136,174,310
225,100,325
236,111,347
241,101,342
161,101,262
157,109,266
156,97,253
153,109,262
150,95,245
153,108,261
154,95,249
152,109,261
154,97,251
152,118,270
160,104,264
153,101,254
150,99,249
139,97,236
140,98,238
140,97,237
137,96,233
135,97,232
136,98,234
135,98,233
134,104,238
134,102,236
135,99,234
138,112,250
140,141,281
176,111,287
191,103,294
184,115,299
132,113,245
122,116,238
114,115,229
134,97,231
147,82,229
121,77,198
130,106,236
126,140,266
110,138,248
142,135,277
136,152,288
129,143,272
121,138,259
129,125,254
134,125,259
114,112,226
138,96,234
130,92,222
118,91,209
136,105,241
145,94,239
137,97,234
129,94,223
119,85,204
128,122,250
126,107,233
149,87,236
143,128,271
148,119,267
150,139,289
154,147,301
177,173,350
166,160,326
178,112,290
182,92,274
173,116,289
144,117,261
136,125,261
159,220,379
289,111,400
282,125,407
240,115,355
152,102,254
146,94,240
141,79,220
134,108,242
121,101,222
152,125,277
151,114,265
166,121,287
153,127,280
136,137,273
161,101,262
149,128,277
170,126,296
173,120,293
157,114,271
132,111,243
131,100,231
124,96,220
114,108,222
120,111,231
122,105,227
122,108,230
111,102,213
132,95,227
131,98,229
124,104,228
121,105,226
161,115,276
181,106,287
183,91,274
160,89,249
126,87,213
129,83,212
123,99,222
118,98,216
129,98,227
127,113,240
120,142,262
124,158,282
138,143,281
143,145,288
148,154,302
126,150,276
121,148,269
127,148,275
126,142,268
125,152,277
113,151,264
121,156,277
118,156,274
124,159,283
122,155,277
115,157,272
115,159,274
124,160,284
121,157,278
116,155,271
121,149,270
121,146,267
123,141,264
116,143,259
123,144,267
122,147,269
114,150,264
131,156,287
135,170,305
144,165,309
132,159,291
121,151,272
126,135,261
148,124,272
144,126,270
126,119,245
127,113,240
127,108,235
125,105,230
125,100,225
120,98,218
123,96,219
119,96,215
123,92,215
122,87,209
121,99,220
123,103,226
136,87,223
139,87,226
137,111,248
135,114,249
134,129,263
133,135,268
123,135,258
116,130,246
125,120,245
128,114,242
128,112,240
121,107,228
119,103,222
121,102,223
121,112,233
123,120,243
122,110,232
144,117,261
144,129,273
156,137,293
150,157,307
144,179,323
139,188,327
145,195,340
142,192,334
154,199,353
182,165,347
194,144,338
187,136,323
147,128,275
165,170,335
190,137,327
209,108,317
204,85,289
136,111,247
145,124,269
141,113,254
136,114,250
140,110,250
135,110,245
139,117,256
143,122,265
143,124,267
118,134,252
104,133,237
134,153,287
124,151,275
134,136,270
154,122,276
175,92,267
168,244,412
162,243,405
150,227,377
176,194,370
220,148,368
171,138,309
176,133,309
130,133,263
124,135,259
120,136,256
123,133,256
127,128,255
118,120,238
131,113,244
135,96,231
128,93,221
134,87,221
123,87,210
121,88,209
122,110,232
124,104,228
132,93,225
129,90,219
103,95,198
126,93,219
121,93,214
127,92,219
134,86,220
142,96,238
137,103,240
123,108,231
123,116,239
121,118,239
122,120,242
125,129,254
114,129,243
123,135,258
123,152,275
128,161,289
122,166,288
131,159,290
127,154,281
129,150,279
122,145,267
121,158,279
124,170,294
119,184,303
120,198,318
120,192,312
125,176,301
161,155,316
164,157,321
176,158,334
153,166,319
120,198,318
142,190,332
151,183,334
167,163,330
172,156,328
171,145,316
163,127,290
185,99,284
179,93,272
160,94,254
125,93,218
122,85,207
138,91,229
136,99,235
126,104,230
129,100,229
127,114,241
127,119,246
121,119,240
125,124,249
117,138,255
125,142,267
117,136,253
156,101,257
166,96,262
172,113,285
140,130,270
130,136,266
155,132,287
168,125,293
178,136,314
169,163,332
214,141,355
233,125,358
248,137,385
230,122,352
206,129,335
182,140,322
141,166,307
140,151,291
157,132,289
176,126,302
169,107,276
164,107,271
138,101,239
127,97,224
133,88,221
134,78,212
133,117,250
127,123,250
116,120,236
122,128,250
119,134,253
125,142,267
128,129,257
136,131,267
142,130,272
127,130,257
143,123,266
149,117,266
152,143,295
124,155,279
108,156,264
144,137,281
143,138,281
141,136,277
121,138,259
128,141,269
125,136,261
129,151,280
128,171,299
122,168,290
132,161,293
168,117,285
176,105,281
158,99,257
147,94,241
141,93,234
137,98,235
128,94,222
145,100,245
143,95,238
140,123,263
164,99,263
157,96,253
151,91,242
126,117,243
151,97,248
159,92,251
163,90,253
146,82,228
126,100,226
129,118,247
138,110,248
133,99,232
144,88,232
137,85,222
129,104,233
146,135,281
164,147,311
172,151,323
151,171,322
154,166,320
157,169,326
175,150,325
185,139,324
194,145,339
175,154,329
155,156,311
144,162,306
158,183,341
151,192,343
156,201,357
148,221,369
156,223,379
155,220,375
179,228,407
187,227,414
189,225,414
182,227,409
170,223,393
182,211,393
183,230,413
188,246,434
179,231,410
177,241,418
188,242,430
219,196,415
221,187,408
210,175,385
165,164,329
164,171,335
180,172,352
208,166,374
215,152,367
224,132,356
196,151,347
167,156,323
136,172,308
134,204,338
136,211,347
133,236,369
136,253,389
175,204,379
182,192,374
216,150,366
191,128,319
195,110,305
168,105,273
169,119,288
163,120,283
164,142,306
165,143,308
174,144,318
180,132,312
185,117,302
177,143,320
187,127,314
184,112,296
190,129,319
180,115,295
184,128,312
182,134,316
191,113,304
190,125,315
178,124,302
189,111,300
207,143,350
190,161,351
175,157,332
174,167,341
147,178,325
167,192,359
162,194,356
167,180,347
154,187,341
147,190,337
151,192,343
145,208,353
142,216,358
131,218,349
175,203,378
191,189,380
191,174,365
166,173,339
168,157,325
165,142,307
163,128,291
162,121,283
180,128,308
202,125,327
203,118,321
193,112,305
170,135,305
153,136,289
147,142,289
146,151,297
159,161,320
148,185,333
140,206,346
137,221,358
140,223,363
166,196,362
190,173,363
209,148,357
191,154,345
148,169,317
140,168,308
149,162,311
148,164,312
150,155,305
149,155,304
176,154,330
174,155,329
163,152,315
143,155,298
133,154,287
127,171,298
131,175,306
154,158,312
164,160,324
172,172,344
148,179,327
142,178,320
137,168,305
130,167,297
130,168,298
152,165,317
135,166,301
138,165,303
124,176,300
120,190,310
127,187,314
126,178,304
152,169,321
174,150,324
180,141,321
185,118,303
167,98,265
166,102,268
151,89,240
130,95,225
122,88,210
129,111,240
158,84,242
150,80,230
150,98,248
120,106,226
124,99,223
127,97,224
123,95,218
127,106,233
119,106,225
127,107,234
122,113,235
119,121,240
124,120,244
122,123,245
115,123,238
117,119,236
125,114,239
121,125,246
122,127,249
121,169,290
119,196,315
258,123,381
276,126,402
314,111,425
199,91,290
177,108,285
159,107,266
147,97,244
143,84,227
140,96,236
140,86,226
142,90,232
139,82,221
137,115,252
139,99,238
138,92,230
140,82,222
137,101,238
136,104,240
139,100,239
136,87,223
136,110,246
163,108,271
170,88,258
174,89,263
142,89,231
125,104,229
129,101,230
137,88,225
142,104,246
137,94,231
130,127,257
132,115,247
141,106,247
140,97,237
138,84,222
135,120,255
159,111,270
151,111,262
152,118,270
158,105,263
155,102,257
152,97,249
130,97,227
136,95,231
128,93,221
131,96,227
125,113,238
129,107,236
140,94,234
140,87,227
136,94,230
139,86,225
137,95,232
135,94,229
132,99,231
121,114,235
124,118,242
127,132,259
126,128,254
134,135,269
144,131,275
149,128,277
148,120,268
157,115,272
159,109,268
146,107,253
147,92,239
142,104,246
146,98,244
144,88,232
143,109,252
139,101,240
153,128,281
176,96,272
173,106,279
176,93,269
160,106,266
158,95,253
159,106,265
153,93,246
150,106,256
150,94,244
150,108,258
152,95,247
151,107,258
152,94,246
151,105,256
151,95,246
150,105,255
150,94,244
148,104,252
150,189,339
186,153,339
202,136,338
210,122,332
142,116,258
154,120,274
136,126,262
124,133,257
124,142,266
122,150,272
122,157,279
128,157,285
127,163,290
132,163,295
125,163,288
125,162,287
122,162,284
122,160,282
122,160,282
122,159,281
121,159,280
123,158,281
123,157,280
123,156,279
123,157,280
123,156,279
123,167,290
124,307,431
123,321,444
123,334,457
216,247,463
288,174,462
324,137,461
203,123,326
202,115,317
165,122,287
140,122,262
123,124,247
123,123,246
125,121,246
125,120,245
124,126,250
124,133,257
123,138,261
123,145,268
122,160,282
128,168,296
131,171,302
138,173,311
132,187,319
131,200,331
130,210,340
142,211,353
165,189,354
183,172,355
163,172,335
195,165,360
210,146,356
220,128,348
190,128,318
177,152,329
195,135,330
204,152,356
211,188,399
217,142,359
248,98,346
202,85,287
136,161,297
153,185,338
170,216,386
197,183,380
173,153,326
205,124,329
171,112,283
126,104,230
126,95,221
140,213,353
129,247,376
218,162,380
279,198,477
299,169,468
309,124,433
274,222,496
225,237,462
223,206,429
245,145,390
243,95,338
223,132,355
229,189,418
225,188,413
253,178,431
246,137,383
188,108,296
223,152,375
196,188,384
178,157,335
194,141,335
186,227,413
228,190,418
258,123,381
248,133,381
128,179,307
122,216,338
125,248,373
160,214,374
156,209,365
176,157,333
197,171,368
161,177,338
107,183,290
132,203,335
144,188,332
158,184,342
153,136,289
171,160,331
167,231,398
113,244,357
119,254,373
198,186,384
206,208,414
198,226,424
160,201,361
262,91,353
268,195,463
253,231,484
217,148,365
254,101,355
203,218,421
199,218,417
211,200,411
237,274,511
303,189,492
283,153,436
307,90,397
188,85,273
124,102,226
118,167,285
153,172,325
157,197,354
228,128,356
239,145,384
213,183,396
194,164,358
180,254,434
277,183,460
296,150,446
282,148,430
228,117,345
219,104,323
170,178,348
137,219,356
156,185,341
216,140,356
234,133,367
159,140,299
114,183,297
122,226,348
127,228,355
153,199,352
153,226,379
144,212,356
154,220,374
159,190,349
168,190,358
174,237,411
146,232,378
147,230,377
184,206,390
216,180,396
208,175,383
176,171,347
164,130,294
164,168,332
113,164,277
130,152,282
171,107,278
162,103,265
151,100,251
115,97,212
126,93,219
111,92,203
131,89,220
128,83,211
123,149,272
135,173,308
152,150,302
153,143,296
143,111,254
149,109,258
162,138,300
121,189,310
129,184,313
154,151,305
192,110,302
148,155,303
158,210,368
133,237,370
200,160,360
266,102,368
227,98,325
120,92,212
124,91,215
120,93,213
122,90,212
123,83,206
123,79,202
121,150,271
140,163,303
152,148,300
163,147,310
128,141,269
125,136,261
131,133,264
121,217,338
118,224,342
123,224,347
156,186,342
192,149,341
174,148,322
94,194,288
120,215,335
124,214,338
124,255,379
163,236,399
182,253,435
158,238,396
176,219,395
196,185,381
187,159,346
190,177,367
142,210,352
126,210,336
129,212,341
185,188,373
210,209,419
211,246,457
207,208,415
202,244,446
221,224,445
167,244,411
165,276,441
171,260,431
197,253,450
184,236,420
222,245,467
232,238,470
225,202,427
238,168,406
232,154,386
182,157,339
172,151,323
177,161,338
177,211,388
184,206,390
185,196,381
203,216,419
152,202,354
205,140,345
223,105,328
194,106,300
157,156,313
208,115,323
221,216,437
297,179,476
237,205,442
273,198,471
193,172,365
171,184,355
209,162,371
144,177,321
172,157,329
154,155,309
162,171,333
153,185,338
170,207,377
164,207,371
179,190,369
169,172,341
213,117,330
199,102,301
171,150,321
169,155,324
179,124,303
180,150,330
169,214,383
155,192,347
190,171,361
221,156,377
193,177,370
169,171,340
133,168,301
166,120,286
193,168,361
166,198,364
211,166,377
219,168,387
207,183,390
195,197,392
194,218,412
228,207,435
212,169,381
265,107,372
203,103,306
178,134,312
148,146,294
188,136,324
184,161,345
157,217,374
253,126,379
252,158,410
210,168,378
125,244,369
159,207,366
189,203,392
208,159,367
207,173,380
152,185,337
126,185,311
164,144,308
202,129,331
226,177,403
225,192,417
247,155,402
192,151,343
195,163,358
124,183,307
138,183,321
177,145,322
189,167,356
223,183,406
168,248,416
172,252,424
229,186,415
230,171,401
260,135,395
179,104,283
149,143,292
108,150,258
107,151,258
152,115,267
156,120,276
142,165,307
123,227,350
156,204,360
153,206,359
167,230,397
156,244,400
159,239,398
119,246,365
193,191,384
199,169,368
212,151,363
214,85,299
199,109,308
154,104,258
139,96,235
139,101,240
127,119,246
142,126,268
177,80,257
164,149,313
138,142,280
169,115,284
167,120,287
134,119,253
138,115,253
137,108,245
128,104,232
135,121,256
157,266,423
300,135,435
328,160,488
341,116,457
203,140,343
164,144,308
128,144,272
159,113,272
156,111,267
119,105,224
131,103,234
127,100,227
125,100,225
124,97,221
124,95,219
115,97,212
121,102,223
122,105,227
125,115,240
118,114,232
110,120,230
121,125,246
120,139,259
122,143,265
139,147,286
144,148,292
136,151,287
137,148,285
147,138,285
147,150,297
136,179,315
126,187,313
127,177,304
119,170,289
142,155,297
151,145,296
160,160,320
170,132,302
185,105,290
197,144,341
197,130,327
172,120,292
158,124,282
163,96,259
166,102,268
165,111,276
156,109,265
154,101,255
157,126,283
149,118,267
144,108,252
158,94,252
150,86,236
158,158,316
142,156,298
151,152,303
142,150,292
122,133,255
141,117,258
153,95,248
159,107,266
157,110,267
147,109,256
136,100,236
140,91,231
146,109,255
147,124,271
169,113,282
184,137,321
205,109,314
192,101,293
182,109,291
177,104,281
183,103,286
192,141,333
169,136,305
167,149,316
143,156,299
136,137,273
154,116,270
167,96,263
156,101,257
172,147,319
179,129,308
186,162,348
228,111,339
189,91,280
204,117,321
149,103,252
169,115,284
176,89,265
165,129,294
143,124,267
131,113,244
135,104,239
142,96,238
126,144,270
156,122,278
173,237,410
183,262,445
167,246,413
190,218,408
234,148,382
221,119,340
219,127,346
74,113,187
130,119,249
176,106,282
169,121,290
162,110,272
144,103,247
168,100,268
160,115,275
154,113,267
146,111,257
150,125,275
163,107,270
174,124,298
187,92,279
179,115,294
178,105,283
157,108,265
179,129,308
198,99,297
187,92,279
165,83,248
125,84,209
132,106,238
120,126,246
126,141,267
132,133,265
129,121,250
140,107,247
138,95,233
131,91,222
138,112,250
142,106,248
144,96,240
141,133,274
151,136,287
153,125,278
161,120,281
170,114,284
187,139,326
195,146,341
183,134,317
164,125,289
152,117,269
150,104,254
151,91,242
141,114,255
145,104,249
152,117,269
148,142,290
170,134,304
197,151,348
215,143,358
205,139,344
193,143,336
163,184,347
174,179,353
173,196,369
179,204,383
157,214,371
163,240,403
176,226,402
204,244,448
211,228,439
201,217,418
184,255,439
188,251,439
183,248,431
227,200,427
277,160,437
287,150,437
197,118,315
225,111,336
197,91,288
171,120,291
158,111,269
162,100,262
183,119,302
195,99,294
181,140,321
169,132,301
149,132,281
148,128,276
132,120,252
138,115,253
123,118,241
120,111,231
141,95,236
144,90,234
128,132,260
156,121,277
176,113,289
185,123,308
182,133,315
193,99,292
198,93,291
166,90,256
140,99,239
130,93,223
138,122,260
144,124,268
147,126,273
156,111,267
151,117,268
148,135,283
121,137,258
125,138,263
122,134,256
124,126,250
144,110,254
151,111,262
145,102,247
148,119,267
153,121,274
132,115,247
156,112,268
151,105,256
156,106,262
149,104,253
143,101,244
153,112,265
156,114,270
166,104,270
158,99,257
156,121,277
149,127,276
152,130,282
149,128,277
140,133,273
149,133,282
145,137,282
144,140,284
142,139,281
145,137,282
144,135,279
147,128,275
144,132,276
155,128,283
153,127,280
154,132,286
144,139,283
139,138,277
142,142,284
142,146,288
143,145,288
144,142,286
146,143,289
151,136,287
150,137,287
157,131,288
158,126,284
152,134,286
165,114,279
180,119,299
186,108,294
168,113,281
153,109,262
146,104,250
154,101,255
154,132,286
163,256,419
200,232,432
214,217,431
415,335,750
330,367,697
175,331,506
236,320,556
293,221,514
192,171,363
246,180,426
85,195,280
139,195,334
173,203,376
187,231,418
162,246,408
139,283,422
154,256,410
206,217,423
233,193,426
277,136,413
231,152,383
203,164,367
158,150,308
141,140,281
144,120,264
147,100,247
151,89,240
143,122,265
143,122,265
142,122,264
144,116,260
146,142,288
155,167,322
183,159,342
211,140,351
195,147,342
199,152,351
172,180,352
171,173,344
195,183,378
204,190,394
238,172,410
203,182,385
179,175,354
128,191,319
124,197,321
158,161,319
190,141,331
202,123,325
178,101,279
172,159,331
195,145,340
194,126,320
191,160,351
166,154,320
184,141,325
166,145,311
145,128,273
151,113,264
167,97,264
147,100,247
145,99,244
135,103,238
149,136,285
167,115,282
170,110,280
175,138,313
159,130,289
165,114,279
158,130,288
163,125,288
137,125,262
152,135,287
127,161,288
96,185,281
138,195,333
138,192,330
138,180,318
108,161,269
164,135,299
182,116,298
165,107,272
159,177,336
185,153,338
171,140,311
156,137,293
121,125,246
167,118,285
163,141,304
171,114,285
169,106,275
138,103,241
119,113,232
100,118,218
115,119,234
117,121,238
103,122,225
128,133,261
133,121,254
133,110,243
132,114,246
93,135,228
105,162,267
118,160,278
122,170,292
132,180,312
137,171,308
127,175,302
134,178,312
128,209,337
110,222,332
123,220,343
165,194,359
187,184,371
170,168,338
173,173,346
134,180,314
156,147,303
159,144,303
171,138,309
159,132,291
143,132,275
144,193,337
181,148,329
199,130,329
202,116,318
140,102,242
151,96,247
139,89,228
148,114,262
147,120,267
147,128,275
168,124,292
169,127,296
172,130,302
143,134,277
124,124,248
138,111,249
144,104,248
139,104,243
149,131,280
143,134,277
170,133,303
139,145,284
129,153,282
125,157,282
137,145,282
133,146,279
169,130,299
156,126,282
154,131,285
143,115,258
147,115,262
133,114,247
152,151,303
184,155,339
180,152,332
166,153,319
165,121,286
204,115,319
209,96,305
179,112,291
156,117,273
151,107,258
148,87,235
149,118,267
132,143,275
147,143,290
144,151,295
143,153,296
166,130,296
180,169,349
207,172,379
210,171,381
180,177,357
136,194,330
149,198,347
158,202,360
176,197,373
216,159,375
247,134,381
271,150,421
230,149,379
230,122,352
209,135,344
214,142,356
198,139,337
173,118,291
154,114,268
151,106,257
153,92,245
159,111,270
153,108,261
163,120,283
169,97,266
173,110,283
164,106,270
146,104,250
145,119,264
164,257,421
299,144,443
286,160,446
257,172,429
130,173,303
147,180,327
142,190,332
134,185,319
118,181,299
145,167,312
181,144,325
192,125,317
180,132,312
152,149,301
128,161,289
121,168,289
127,168,295
128,178,306
141,171,312
133,207,340
132,203,335
149,184,333
141,167,308
168,146,314
175,120,295
171,111,282
175,91,266
172,139,311
167,125,292
159,114,273
157,97,254
151,96,247
151,110,261
152,112,264
154,117,271
147,120,267
150,118,268
150,105,255
172,104,276
162,125,287
153,141,294
132,159,291
126,170,296
116,176,292
109,186,295
145,175,320
139,219,358
148,229,377
133,226,359
113,220,333
193,143,336
211,125,336
211,121,332
140,112,252
141,93,234
135,108,243
123,119,242
136,124,260
133,154,287
134,169,303
140,172,312
146,167,313
142,163,305
140,162,302
132,161,293
142,149,291
139,152,291
131,158,289
119,155,274
146,127,273
165,105,270
175,99,274
155,253,408
144,375,519
153,352,505
171,317,488
375,111,486
336,98,434
359,146,505
166,134,300
155,117,272
156,110,266
148,115,263
152,95,247
174,116,290
178,115,293
166,124,290
155,118,273
153,113,266
132,106,238
129,104,233
133,100,233
127,149,276
154,133,287
156,132,288
155,128,283
130,141,271
120,166,286
119,196,315
125,204,329
141,212,353
146,213,359
155,200,355
154,190,344
174,175,349
156,177,333
150,186,336
131,189,320
133,188,321
148,170,318
185,134,319
197,104,301
198,93,291
172,97,269
133,103,236
136,97,233
141,154,295
171,125,296
188,97,285
203,105,308
166,90,256
158,88,246
141,100,241
127,107,234
135,110,245
131,117,248
134,112,246
134,104,238
142,99,241
137,94,231
139,140,279
149,138,287
145,131,276
151,116,267
135,121,256
150,119,269
136,132,268
134,151,285
116,183,299
116,192,308
133,179,312
146,170,316
149,168,317
147,157,304
132,168,300
130,178,308
118,173,291
122,168,290
142,142,284
175,115,290
187,97,284
172,88,260
151,120,271
136,112,248
159,96,255
145,98,243
146,91,237
164,113,277
175,108,283
162,100,262
162,122,284
167,114,281
169,110,279
161,108,269
162,158,320
167,144,311
153,136,289
153,139,292
119,141,260
130,136,266
143,147,290
160,136,296
175,123,298
169,115,284
164,102,266
140,100,240
126,96,222
128,94,222
129,90,219
142,97,239
143,100,243
145,92,237
149,112,261
142,125,267
137,130,267
128,128,256
131,122,253
137,111,248
136,94,230
145,92,237
143,84,227
141,91,232
125,92,217
146,125,271
151,128,279
156,127,283
132,128,260
135,121,256
127,115,242
126,108,234
127,116,243
133,112,245
131,121,252
123,124,247
124,120,244
133,120,253
131,114,245
137,104,241
126,102,228
131,100,231
146,112,258
170,125,295
173,108,281
171,110,281
150,165,315
173,146,319
187,133,320
193,126,319
191,190,381
234,138,372
222,156,378
218,183,401
188,163,351
179,178,357
167,206,373
162,212,374
176,213,389
196,209,405
182,223,405
170,236,406
158,233,391
170,211,381
169,191,360
195,155,350
218,153,371
214,150,364
189,146,335
141,143,284
143,144,287
136,163,299
146,163,309
152,162,314
166,151,317
159,139,298
164,134,298
158,144,302
138,163,301
131,169,300
144,162,306
139,167,306
131,173,304
124,181,305
132,184,316
122,184,306
134,181,315
134,169,303
180,130,310
172,126,298
163,125,288
125,121,246
118,118,236
124,118,242
120,119,239
134,116,250
169,94,263
181,116,297
182,113,295
169,129,298
185,117,302
179,110,289
171,150,321
190,131,321
199,178,377
229,175,404
189,166,355
210,118,328
192,136,328
217,112,329
182,115,297
165,110,275
131,117,248
118,125,243
155,117,272
174,120,294
178,118,296
151,114,265
146,104,250
151,102,253
154,134,288
165,134,299
160,142,302
152,130,282
138,126,264
140,118,258
131,114,245
120,110,230
123,111,234
123,111,234
119,116,235
125,115,240
125,109,234
126,108,234
108,104,212
125,105,230
121,113,234
120,118,238
124,117,241
129,105,234
138,97,235
142,94,236
129,98,227
112,98,210
120,99,219
126,102,228
138,139,277
156,135,291
146,136,282
144,161,305
127,191,318
122,200,322
128,190,318
152,159,311
179,127,306
189,117,306
179,123,302
165,136,301
164,133,297
178,109,287
179,117,296
165,116,281
160,100,260
156,106,262
164,116,280
152,113,265
141,105,246
144,98,242
150,118,268
153,114,267
142,113,255
151,104,255
157,143,300
164,139,303
188,105,293
193,159,352
183,153,336
180,138,318
170,130,300
158,114,272
161,104,265
164,132,296
160,120,280
165,108,273
156,100,256
148,154,302
159,148,307
165,137,302
163,120,283
143,107,250
166,137,303
163,126,289
167,109,276
161,100,261
147,164,311
159,162,321
208,108,316
208,116,324
192,112,304
162,103,265
153,103,256
150,97,247
150,95,245
148,124,272
145,125,270
150,125,275
150,126,276
142,124,266
144,121,265
146,117,263
153,109,262
156,102,258
153,101,254
150,99,249
149,96,245
149,122,271
148,125,273
150,125,275
149,124,273
141,131,272
144,132,276
145,133,278
146,136,282
143,136,279
139,137,276
139,135,274
149,130,279
150,132,282
152,144,296
146,156,302
147,149,296
169,114,283
193,130,323
200,119,319
192,95,287
175,118,293
162,117,279
171,106,277
161,108,269
165,117,282
169,109,278
158,93,251
154,125,279
157,127,284
165,112,277
157,110,267
159,97,256
161,119,280
163,113,276
159,108,267
158,128,286
185,147,332
213,136,349
209,126,335
179,109,288
143,99,242
146,84,230
145,115,260
143,111,254
157,144,301
190,116,306
178,110,288
177,105,282
147,140,287
171,118,289
170,126,296
168,125,293
152,113,265
157,111,268
155,98,253
159,166,325
172,151,323
154,148,302
155,137,292
101,119,220
142,115,257
146,106,252
153,92,245
149,151,300
146,143,289
157,162,319
151,176,327
168,246,414
294,125,419
309,144,453
286,119,405
184,92,276
180,166,346
163,169,332
184,161,345
173,184,357
127,191,318
148,186,334
150,206,356
164,187,351
163,186,349
169,168,337
180,142,322
178,127,305
177,107,284
169,126,295
176,125,301
159,125,284
145,127,272
135,128,263
153,122,275
159,121,280
163,103,266
152,96,248
152,136,288
146,135,281
157,122,279
192,127,319
188,126,314
199,182,381
190,171,361
213,139,352
216,132,348
159,126,285
172,107,279
165,126,291
159,137,296
148,127,275
151,110,261
151,102,253
163,101,264
162,138,300
142,136,278
166,120,286
169,113,282
151,135,286
145,137,282
134,138,272
127,137,264
121,131,252
125,122,247
127,115,242
126,113,239
121,131,252
122,140,262
125,143,268
124,149,273
129,153,282
129,158,287
150,144,294
146,141,287
147,150,297
130,159,289
131,183,314
138,309,447
170,281,451
187,276,463
203,247,450
256,157,413
251,120,371
205,103,308
190,109,299
166,93,259
169,117,286
159,114,273
147,116,263
146,106,252
154,86,240
159,103,262
142,120,262
136,152,288
150,158,308
155,152,307
176,139,315
166,143,309
151,157,308
152,152,304
146,142,288
157,128,285
149,112,261
149,107,256
153,93,246
154,118,272
151,146,297
144,144,288
135,149,284
148,140,288
172,138,310
171,141,312
165,128,293
166,135,301
198,137,335
212,156,368
228,154,382
206,147,353
218,187,405
240,162,402
266,166,432
225,166,391
209,158,367
175,156,331
163,156,319
152,153,305
140,147,287
135,145,280
128,150,278
127,156,283
124,157,281
125,178,303
118,202,320
125,207,332
128,216,344
146,213,359
145,217,362
168,214,382
159,210,369
186,164,350
187,162,349
179,172,351
134,177,311
122,186,308
121,187,308
134,179,313
141,177,318
144,175,319
133,180,313
134,189,323
128,197,325
147,199,346
142,202,344
142,200,342
147,177,324
159,162,321
163,156,319
138,160,298
131,159,290
120,158,278
123,162,285
126,160,286
128,161,289
124,155,279
125,153,278
124,157,281
121,161,282
121,162,283
123,159,282
137,155,292
137,153,290
138,151,289
125,151,276
128,146,274
125,148,273
123,155,278
114,151,265
129,147,276
132,140,272
122,140,262
122,136,258
123,129,252
130,132,262
130,151,281
123,167,290
114,185,299
123,206,329
134,216,350
139,223,362
142,217,359
194,163,357
204,162,366
216,163,379
166,178,344
155,195,350
152,197,349
204,129,333
204,126,330
200,132,332
139,135,274
126,136,262
125,123,248
138,127,265
137,133,270
125,144,269
125,154,279
129,158,287
130,170,300
144,159,303
148,148,296
142,155,297
131,152,283
127,176,303
132,192,324
126,200,326
117,211,328
150,187,337
170,185,355
197,182,379
199,179,378
192,174,366
176,170,346
167,166,333
159,161,320
146,157,303
153,155,308
160,155,315
152,163,315
154,141,295
162,139,301
155,141,296
170,154,324
161,160,321
151,159,310
130,157,287
144,144,288
134,145,279
138,144,282
128,148,276
133,152,285
137,144,281
152,132,284
160,121,281
141,122,263
145,113,258
135,112,247
128,116,244
114,120,234
126,133,259
133,128,261
142,122,264
156,121,277
147,125,272
148,119,267
138,104,242
144,96,240
141,118,259
142,127,269
165,111,276
154,115,269
156,105,261
135,108,243
128,106,234
133,107,240
137,108,245
164,112,276
169,109,278
158,115,273
140,121,261
129,117,246
126,117,243
122,116,238
127,120,247
120,118,238
130,125,255
120,155,275
127,171,298
138,169,307
145,167,312
149,172,321
158,180,338
147,194,341
148,192,340
134,175,309
152,172,324
145,170,315
125,165,290
130,161,291
134,153,287
147,146,293
142,144,286
135,150,285
129,169,298
109,190,299
132,200,332
134,199,333
141,204,345
164,177,341
177,150,327
191,144,335
168,144,312
150,139,289
130,147,277
145,144,289
145,143,288
146,143,289
137,145,282
140,148,288
144,131,275
156,118,274
153,122,275
145,131,276
139,128,267
131,125,256
140,123,263
134,128,262
135,129,264
127,126,253
161,114,275
170,124,294
183,114,297
174,98,272
169,110,279
153,121,274
161,109,270
173,131,304
179,118,297
151,124,275
157,126,283
127,133,260
132,135,267
128,136,264
132,135,267
130,139,269
128,135,263
134,141,275
146,137,283
148,140,288
149,143,292
122,149,271
122,162,284
117,161,278
139,154,293
140,152,292
151,143,294
140,146,286
146,141,287
134,129,263
135,131,266
168,146,314
192,147,339
194,143,337
172,150,322
140,158,298
141,168,309
129,169,298
130,171,301
130,168,298
124,174,298
142,153,295
159,138,297
176,123,299
173,116,289
154,109,263
141,109,250
154,124,278
160,122,282
160,125,285
155,125,280
140,126,266
137,136,273
123,136,259
128,140,268
149,146,295
141,148,289
136,154,290
132,142,274
139,132,271
136,138,274
129,138,267
118,138,256
129,142,271
123,144,267
126,144,270
130,132,262
140,134,274
135,132,267
121,142,263
120,170,290
125,183,308
132,185,317
127,191,318
118,188,306
148,166,314
158,155,313
153,160,313
144,157,301
135,156,291
143,144,287
150,136,286
148,132,280
133,127,260
134,132,266
132,131,263
130,131,261
142,117,259
146,148,294
148,146,294
148,143,291
151,136,287
146,131,277
125,130,255
131,133,264
125,139,264
115,137,252
129,176,305
184,129,313
192,136,328
195,154,349
133,172,305
135,169,304
129,165,294
132,159,291
142,149,291
128,156,284
134,163,297
150,152,302
180,128,308
184,120,304
178,143,321
153,157,310
161,139,300
164,120,284
165,107,272
159,92,251
146,138,284
162,133,295
159,126,285
167,114,281
169,111,280
173,96,269
171,119,290
170,121,291
148,118,266
172,150,322
191,125,316
197,118,315
174,121,295
178,157,335
210,208,418
287,125,412
271,107,378
214,108,322
147,117,264
157,111,268
165,116,281
155,155,310
197,125,322
218,126,344
225,165,390
218,240,458
316,119,435
300,117,417
267,112,379
143,105,248
150,106,256
163,126,289
157,123,280
168,112,280
167,99,266
155,114,269
162,124,286
177,120,297
182,119,301
174,113,287
152,137,289
167,120,287
174,131,305
205,150,355
196,139,335
193,131,324
165,123,288
186,112,298
188,107,295
177,116,293
139,137,276
137,127,264
139,118,257
148,105,253
137,103,240
142,99,241
141,95,236
140,138,278
149,135,284
144,134,278
145,132,277
129,144,273
139,157,296
129,162,291
135,164,299
127,164,291
140,154,294
156,158,314
154,162,316
135,167,302
146,175,321
152,191,343
153,193,346
147,193,340
148,191,339
152,202,354
152,195,347
138,194,332
152,191,343
156,177,333
173,164,337
174,259,433
169,447,616
160,435,595
160,427,587
412,156,568
446,132,578
448,126,574
211,136,347
160,153,313
139,152,291
140,153,293
136,160,296
124,170,294
125,168,293
132,163,295
130,158,288
136,165,301
107,163,270
133,158,291
125,158,283
127,155,282
123,155,278
134,164,298
129,191,320
137,190,327
139,185,324
145,179,324
151,172,323
153,174,327
141,171,312
147,154,301
140,150,290
170,116,286
157,121,278
186,127,313
159,120,279
169,106,275
170,127,297
169,119,288
169,106,275
159,104,263
153,132,285
137,125,262
169,109,278
195,121,316
188,139,327
190,139,329
152,136,288
157,128,285
179,98,277
175,94,269
171,96,267
141,125,266
157,119,276
159,113,272
158,106,264
145,91,236
143,142,285
162,129,291
166,120,286
156,118,274
166,107,273
172,138,310
177,131,308
183,108,291
157,125,282
163,107,270
192,145,337
187,140,327
188,119,307
171,140,311
175,113,288
189,119,308
186,107,293
168,147,315
184,126,310
182,110,292
180,132,312
155,118,273
175,95,270
175,138,313
166,132,298
184,102,286
183,142,325
169,124,293
176,108,284
171,92,263
146,123,269
168,108,276
168,100,268
170,157,327
159,162,321
170,144,314
172,122,294
147,103,250
170,104,274
179,156,335
172,147,319
170,125,295
168,116,284
151,107,258
166,99,265
158,129,287
150,120,270
160,112,272
151,104,255
148,104,252
159,97,256
153,103,256
158,113,271
153,104,257
159,95,254
163,134,297
168,122,290
167,111,278
163,92,255
157,115,272
162,111,273
164,115,279
169,163,332
185,145,330
200,133,333
198,111,309
171,103,274
163,100,263
141,165,306
178,141,319
180,136,316
165,131,296
131,148,279
143,151,294
143,172,315
154,174,328
159,168,327
158,170,328
155,172,327
148,168,316
162,158,320
167,158,325
159,166,325
152,159,311
136,161,297
148,154,302
138,155,293
129,159,288
130,156,286
128,152,280
178,101,279
192,123,315
184,114,298
168,105,273
153,191,344
190,160,350
208,139,347
195,141,336
118,137,255
125,146,271
125,150,275
117,150,267
126,145,271
148,133,281
148,124,272
145,116,261
141,115,256
121,122,243
127,119,246
115,120,235
122,120,242
120,118,238
123,119,242
122,116,238
128,111,239
128,111,239
128,106,234
117,103,220
122,100,222
119,108,227
123,143,266
118,165,283
137,170,307
149,162,311
145,152,297
185,114,299
184,133,317
207,107,314
169,103,272
152,98,250
126,106,232
130,108,238
129,101,230
133,101,234
118,102,220
132,99,231
147,122,269
140,134,274
142,122,264
134,149,283
125,156,281
126,168,294
155,146,301
169,142,311
173,146,319
181,131,312
184,125,309
185,133,318
160,138,298
146,159,305
162,147,309
189,124,313
211,160,371
207,167,374
195,155,350
178,162,340
199,134,333
219,137,356
231,102,333
178,96,274
165,104,269
139,110,249
140,172,312
175,158,333
168,184,352
169,181,350
99,186,285
125,194,319
125,179,304
152,182,334
148,205,353
134,211,345
135,220,355
156,211,367
151,206,357
173,199,372
160,198,358
160,194,354
154,202,356
198,166,364
200,152,352
190,152,342
147,149,296
129,152,281
127,162,289
115,163,278
134,160,294
130,164,294
148,153,301
152,147,299
160,136,296
141,135,276
139,132,271
132,122,254
138,125,263
130,123,253
119,121,240
127,135,262
127,154,281
134,152,286
139,151,290
154,150,304
145,168,313
135,192,327
139,189,328
138,181,319
167,141,308
178,106,284
179,95,274
163,88,251
129,82,211
132,100,232
129,101,230
127,116,243
146,120,266
162,101,263
168,92,260
148,99,247
127,130,257
155,119,274
182,146,328
214,121,335
176,106,282
174,202,376
158,193,351
184,155,339
228,125,353
199,130,329
164,128,292
133,124,257
128,120,248
130,112,242
121,126,247
117,154,271
123,193,316
126,198,324
140,187,327
149,178,327
147,158,305
148,151,299
153,156,309
131,155,286
129,156,285
131,166,297
133,165,298
127,166,293
132,166,298
110,169,279
137,157,294
163,132,295
184,136,320
190,123,313
162,127,289
189,90,279
181,132,313
170,150,320
140,173,313
133,187,320
142,190,332
141,204,345
132,228,360
135,219,354
155,226,381
169,222,391
177,212,389
177,202,379
166,208,374
155,207,362
172,191,363
170,191,361
158,193,351
157,178,335
178,147,325
197,129,326
175,115,290
159,105,264
164,158,322
199,114,313
214,109,323
221,144,365
201,125,326
194,112,306
178,106,284
142,107,249
109,108,217
119,112,231
122,116,238
124,113,237
128,103,231
138,101,239
130,106,236
119,105,224
130,97,227
127,100,227
108,116,224
117,130,247
112,128,240
123,120,243
125,118,243
127,121,248
110,147,257
109,155,264
136,171,307
133,193,326
141,187,328
136,188,324
147,189,336
138,219,357
145,211,356
131,217,348
178,171,349
184,164,348
192,165,357
151,166,317
140,157,297
145,155,300
145,148,293
144,144,288
143,144,287
125,153,278
130,175,305
137,166,303
164,142,306
153,129,282
165,108,273
150,94,244
147,88,235
130,127,257
140,123,263
157,92,249
160,86,246
136,135,271
138,146,284
145,143,288
140,143,283
131,151,282
128,160,288
119,183,302
117,184,301
123,183,306
135,174,309
149,149,298
175,118,293
171,111,282
148,122,270
125,129,254
121,136,257
122,140,262
115,159,274
127,164,291
133,149,282
169,120,289
180,111,291
152,160,312
177,250,427
281,131,412
281,118,399
249,98,347
146,115,261
159,111,270
154,104,258
148,89,237
141,126,267
159,124,283
158,114,272
169,113,282
162,103,265
155,98,253
159,98,257
151,131,282
155,119,274
156,147,303
186,123,309
165,119,284
166,125,291
144,130,274
145,141,286
138,149,287
127,174,301
124,197,321
134,204,338
132,230,362
127,235,362
155,206,361
176,190,366
209,151,360
207,139,346
204,146,350
165,140,305
164,126,290
162,111,273
165,139,304
171,163,334
175,311,486
170,308,478
157,301,458
197,272,469
285,178,463
295,162,457
214,152,366
162,159,321
162,171,333
158,171,329
161,163,324
165,165,330
153,148,301
158,125,283
165,127,292
174,110,284
183,129,312
182,115,297
158,116,274
150,158,308
185,135,320
188,127,315
186,100,286
149,83,232
166,119,285
150,111,261
157,92,249
150,82,232
145,110,255
135,109,244
138,100,238
143,112,255
145,120,265
152,117,269
166,143,309
175,131,306
198,109,307
176,107,283
143,105,248
131,102,233
124,93,217
126,104,230
126,108,234
121,106,227
120,105,225
119,119,238
122,123,245
131,109,240
140,109,249
122,113,235
143,100,243
150,86,236
135,84,219
137,96,233
115,105,220
136,114,250
141,127,268
146,125,271
150,110,260
162,117,279
145,127,272
167,111,278
157,118,275
176,122,298
154,150,304
150,162,312
144,160,304
161,156,317
189,143,332
190,157,347
175,218,393
150,233,383
147,237,384
147,230,377
178,192,370
185,188,373
202,169,371
168,185,353
152,178,330
176,144,320
208,136,344
191,142,333
169,134,303
154,119,273
143,109,252
138,84,222
140,126,266
154,128,282
148,109,257
130,93,223
141,118,259
119,110,229
141,96,237
142,102,244
133,118,251
117,141,258
136,139,275
148,123,271
152,108,260
129,93,222
154,105,259
141,99,240
121,103,224
141,100,241
151,144,295
156,138,294
148,126,274
150,112,262
160,86,246
150,163,313
138,156,294
134,151,285
136,150,286
107,125,232
153,132,285
158,124,282
171,116,287
149,121,270
134,126,260
137,121,258
105,114,219
125,118,243
125,130,255
123,133,256
116,152,268
122,170,292
108,205,313
122,209,331
118,226,344
141,207,348
212,165,377
214,153,367
183,149,332
153,132,285
150,120,270
144,103,247
151,99,250
150,97,247
128,102,230
140,124,264
140,137,277
147,124,271
159,104,263
157,158,315
157,137,294
159,141,300
170,134,304
125,139,264
144,153,297
127,148,275
123,138,261
135,126,261
137,114,251
109,106,215
124,98,222
109,131,240
152,116,268
141,100,241
141,86,227
135,104,239
106,100,206
145,116,261
141,124,265
147,146,293
121,159,280
124,162,286
124,161,285
114,193,307
128,199,327
134,199,333
150,198,348
160,206,366
107,211,318
148,198,346
148,171,319
186,138,324
183,117,300
153,113,266
141,115,256
106,112,218
122,106,228
119,102,221
122,101,223
121,100,221
119,100,219
77,95,172
107,89,196
130,96,226
126,100,226
121,100,221
113,118,231
106,131,237
122,134,256
128,136,264
127,142,269
85,145,230
119,146,265
120,153,273
118,153,271
122,143,265
135,144,279
115,157,272
109,163,272
126,159,285
123,165,288
121,176,297
103,209,312
126,216,342
120,223,343
151,190,341
177,158,335
162,153,315
153,166,319
135,175,310
127,172,299
123,161,284
96,153,249
132,134,266
130,127,257
132,112,244
131,107,238
110,100,210
124,92,216
134,109,243
133,137,270
122,129,251
131,123,254
122,123,245
114,105,219
143,88,231
136,145,281
116,134,250
138,122,260
117,118,235
102,113,215
115,104,219
79,97,176
114,88,202
134,126,260
135,127,262
130,131,261
126,147,273
118,146,264
131,160,291
137,175,312
140,173,313
122,173,295
137,170,307
136,160,296
151,146,297
159,121,280
174,122,296
167,121,288
124,126,250
121,131,252
125,133,258
114,131,245
128,135,263
126,150,276
114,160,274
121,156,277
133,146,279
129,139,268
125,127,252
135,119,254
107,110,217
124,103,227
133,89,222
138,103,241
152,96,248
143,96,239
134,97,231
130,99,229
130,94,224
138,83,221
137,129,266
131,135,266
125,137,262
122,152,274
107,146,253
133,137,270
133,129,262
129,118,247
137,103,240
156,82,238
139,116,255
140,126,266
133,115,248
132,107,239
126,101,227
130,88,218
136,89,225
139,85,224
131,132,263
135,121,256
140,110,250
141,100,241
123,127,250
142,122,264
158,152,310
139,163,302
133,165,298
142,158,300
142,157,299
144,154,298
139,165,304
141,171,312
142,172,314
142,173,315
143,174,317
139,177,316
136,182,318
135,190,325
135,193,328
136,196,332
160,176,336
168,171,339
165,176,341
141,172,313
133,176,309
133,179,312
134,184,318
139,176,315
139,182,321
137,185,322
140,181,321
148,178,326
147,201,348
141,220,361
133,237,370
134,251,385
172,229,401
192,225,417
207,238,445
178,247,425
167,258,425
173,258,431
194,244,438
216,232,448
219,204,423
216,181,397
210,159,369
215,124,339
187,128,315
157,133,290
128,141,269
125,144,269
121,153,274
129,158,287
128,164,292
125,173,298
125,222,347
124,249,373
125,264,389
137,269,406
199,224,423
229,209,438
278,177,455
245,180,425
233,167,400
206,160,366
203,136,339
206,139,345
220,122,342
212,128,340
188,133,321
165,144,309
154,145,299
163,142,305
164,178,342
165,195,360
168,196,364
183,195,378
201,167,368
206,133,339
226,136,362
237,104,341
223,169,392
155,163,318
180,138,318
204,98,302
150,108,258
168,120,288
128,153,281
144,161,305
142,161,303
155,178,333
129,185,314
114,185,299
135,192,327
147,186,333
147,166,313
179,157,336
147,152,299
121,154,275
118,148,266
109,146,255
126,144,270
124,138,262
124,134,258
93,129,222
122,123,245
96,118,214
123,152,275
103,169,272
109,188,297
124,208,332
120,233,353
101,218,319
157,189,346
175,181,356
185,156,341
183,132,315
182,131,313
163,140,303
149,135,284
140,152,292
135,163,298
119,158,277
139,153,292
150,173,323
141,189,330
170,230,400
293,99,392
295,92,387
268,102,370
133,141,274
163,138,301
165,135,300
143,141,284
149,118,267
147,112,259
156,112,268
108,108,216
130,132,262
116,158,274
98,174,272
127,180,307
114,189,303
139,189,328
146,163,309
153,250,403
148,341,489
164,309,473
195,276,471
247,257,504
276,215,491
223,221,444
152,219,371
158,199,357
188,156,344
201,137,338
195,125,320
171,114,285
139,107,246
106,107,213
134,151,285
158,169,327
162,166,328
155,149,304
138,125,263
161,108,269
146,92,238
134,85,219
109,164,273
147,151,298
144,154,298
146,157,303
104,151,255
133,154,287
121,148,269
129,141,270
117,142,259
148,132,280
139,154,293
161,165,326
132,172,304
111,166,277
124,159,283
107,164,271
133,149,282
146,143,289
139,137,276
113,136,249
117,131,248
121,130,251
103,125,228
119,130,249
108,125,233
121,134,255
113,140,253
120,138,258
109,133,242
117,135,252
115,129,244
104,125,229
121,117,238
129,128,257
92,150,242
122,162,284
115,177,292
136,185,321
128,193,321
130,189,319
123,193,316
157,186,343
169,200,369
174,205,379
174,202,376
167,204,371
175,182,357
189,158,347
194,154,348
173,152,325
145,161,306
140,162,302
144,164,308
132,159,291
126,154,280
127,140,267
128,127,255
106,121,227
145,115,260
144,97,241
141,145,286
139,129,268
145,112,257
142,101,243
102,94,196
137,82,219
128,154,282
144,150,294
142,143,285
142,129,271
108,110,218
146,101,247
139,96,235
153,110,263
160,100,260
161,120,281
160,111,271
141,95,236
158,98,256
149,95,244
134,99,233
129,92,221
121,95,216
125,90,215
109,108,217
122,109,231
109,116,225
143,109,252
128,100,228
151,107,258
141,113,254
136,122,258
141,114,255
131,110,241
115,120,235
102,129,231
121,138,259
108,151,259
144,138,282
141,138,279
143,151,294
132,152,284
118,156,274
123,160,283
119,157,276
116,156,272
130,147,277
140,145,285
138,165,303
129,185,314
108,199,307
135,207,342
142,200,342
133,207,340
173,187,360
169,193,362
174,203,377
144,215,359
139,205,344
154,188,342
166,173,339
186,145,331
192,126,318
191,126,317
154,146,300
148,156,304
161,160,321
155,188,343
130,202,332
147,219,366
154,229,383
154,236,390
155,228,383
196,173,369
204,155,359
206,137,343
177,113,290
184,172,356
178,161,339
165,154,319
121,143,264
92,133,225
127,122,249
151,116,267
153,97,250
154,126,280
165,123,288
159,119,278
159,111,270
140,101,241
125,106,231
135,108,243
143,111,254
132,106,238
153,143,296
158,139,297
154,123,277
150,127,277
150,111,261
153,91,244
142,90,232
133,104,237
143,122,265
147,125,272
142,111,253
146,100,246
137,93,230
147,85,232
137,92,229
135,88,223
130,106,236
129,99,228
132,89,221
145,89,234
137,85,222
143,93,236
133,84,217
132,111,243
140,101,241
137,98,235
147,85,232
140,95,235
146,89,235
133,97,230
136,91,227
138,81,219
137,102,239
144,86,230
145,103,248
148,101,249
139,95,234
135,100,235
144,106,250
146,153,299
186,113,299
195,115,310
191,172,363
208,135,343
227,219,446
267,187,454
232,160,392
232,141,373
142,145,287
153,149,302
132,151,283
129,155,284
120,154,274
119,148,267
122,137,259
127,130,257
126,125,251
122,119,241
124,114,238
127,116,243
121,125,246
132,136,268
153,116,269
165,116,281
155,110,265
136,105,241
129,101,230
121,106,227
126,113,239
133,113,246
152,121,273
176,133,309
184,122,306
184,118,302
156,145,301
151,145,296
143,156,299
146,171,317
165,175,340
170,167,337
170,138,308
185,128,313
168,117,285
135,117,252
127,113,240
122,108,230
120,108,228
120,117,237
124,124,248
125,124,249
129,120,249
131,113,244
122,111,233
127,115,242
122,116,238
121,121,242
122,117,239
122,114,236
125,109,234
116,115,231
124,145,269
116,171,287
124,192,316
124,192,316
141,173,314
146,165,311
159,143,302
138,135,273
142,133,275
118,130,248
122,127,249
116,126,242
121,126,247
117,126,243
121,125,246
118,121,239
129,108,237
130,101,231
130,104,234
124,108,232
124,112,236
125,108,233
123,105,228
121,104,225
120,104,224
124,100,224
125,98,223
121,93,214
116,88,204
122,96,218
119,108,227
116,123,239
123,170,293
156,139,295
191,130,321
210,100,310
194,95,289
174,93,267
134,121,255
151,129,280
163,107,270
175,90,265
166,113,279
146,106,252
146,103,249
142,100,242
144,90,234
150,118,268
137,114,251
141,107,248
137,115,252
143,108,251
155,88,243
158,107,265
154,98,252
151,112,263
162,91,253
149,109,258
158,105,263
132,101,233
134,99,233
126,103,229
126,102,228
123,97,220
123,102,225
124,101,225
125,97,222
132,94,226
135,86,221
134,91,225
129,97,226
128,95,223
138,89,227
127,80,207
131,89,220
131,92,223
127,82,209
129,87,216
125,82,207
122,89,211
118,84,202
126,113,239
139,110,249
141,107,248
135,107,242
126,113,239
126,133,259
128,128,256
133,121,254
134,125,259
129,119,248
130,142,272
142,136,278
143,141,284
132,141,273
131,123,254
147,109,256
156,97,253
157,142,299
160,133,293
190,122,312
197,101,298
192,95,287
163,114,277
145,98,243
145,87,232
149,101,250
138,100,238
133,91,224
131,82,213
130,89,219
130,97,227
143,136,279
144,125,269
145,115,260
137,95,232
146,126,272
152,118,270
153,112,265
144,103,247
146,117,263
160,102,262
152,90,242
158,111,269
148,114,262
133,111,244
132,122,254
127,121,248
129,132,261
121,120,241
144,103,247
143,95,238
140,94,234
132,90,222
127,81,208
135,90,225
133,85,218
129,80,209
124,106,230
130,115,245
136,108,244
140,100,240
143,102,245
150,98,248
150,101,251
139,101,240
140,94,234
132,106,238
140,97,237
142,90,232
134,112,246
140,111,251
149,105,254
146,96,242
140,101,241
145,86,231
146,105,251
146,100,246
138,90,228
140,98,238
139,96,235
131,84,215
135,107,242
139,97,236
138,96,234
133,86,219
138,92,230
142,88,230
132,88,220
134,198,332
248,142,390
269,213,482
291,264,555
172,279,451
160,263,423
168,253,421
229,184,413
228,161,389
197,134,331
168,133,301
171,118,289
149,124,273
156,117,273
149,100,249
153,93,246
143,112,255
129,118,247
121,118,239
120,123,243
122,126,248
124,121,245
116,123,239
117,118,235
108,111,219
126,106,232
122,114,236
121,113,234
114,110,224
121,106,227
96,112,208
123,110,233
122,128,250
121,148,269
97,160,257
139,168,307
135,175,310
143,181,324
124,194,318
123,198,321
129,189,318
144,170,314
163,154,317
174,157,331
144,182,326
135,187,322
121,183,304
105,180,285
147,136,283
163,125,288
167,124,291
119,119,238
123,111,234
124,97,221
125,91,216
137,144,281
156,122,278
152,105,257
163,101,264
138,94,232
145,94,239
142,118,260
152,136,288
172,104,276
157,93,250
174,128,302
140,131,271
140,133,273
127,140,267
109,132,241
136,131,267
136,129,265
129,125,254
128,121,249
128,128,256
121,125,246
120,123,243
125,115,240
138,99,237
164,123,287
175,136,311
199,129,328
193,150,343
178,155,333
160,136,296
165,115,280
189,100,289
180,92,272
169,138,307
160,136,296
156,136,292
147,133,280
117,132,249
137,121,258
127,126,253
133,133,266
121,142,263
122,142,264
126,141,267
122,150,272
123,149,272
119,155,274
121,156,277
121,163,284
125,170,295
127,166,293
125,159,284
124,162,286
134,140,274
151,126,277
157,114,271
154,100,254
149,108,257
161,105,266
169,85,254
168,98,266
153,99,252
140,94,234
133,103,236
136,103,239
141,108,249
137,110,247
150,99,249
152,109,261
141,100,241
135,87,222
144,106,250
146,100,246
146,89,235
147,98,245
146,92,238
137,100,237
142,91,233
142,85,227
143,109,252
156,107,263
149,130,279
157,151,308
164,144,308
222,111,333
231,96,327
197,100,297
160,96,256
132,103,235
134,103,237
133,106,239
130,116,246
133,120,253
130,126,256
129,134,263
126,136,262
125,142,267
129,144,273
131,145,276
135,146,281
137,145,282
138,147,285
138,148,286
145,137,282
144,141,285
137,148,285
135,140,275
133,145,278
137,145,282
132,141,273
133,141,274
134,142,276
131,145,276
138,142,280
140,142,282
139,145,284
132,146,278
134,147,281
132,150,282
131,160,291
128,166,294
128,169,297
129,173,302
127,181,308
124,188,312
141,172,313
143,179,322
144,178,322
134,174,308
136,174,310
137,180,317
126,187,313
144,174,318
145,173,318
146,180,326
126,187,313
137,177,314
141,180,321
144,177,321
139,173,312
135,176,311
135,181,316
126,187,313
143,176,319
143,182,325
142,184,326
134,183,317
134,187,321
151,177,328
142,178,320
143,201,344
131,217,348
140,203,343
143,197,340
178,153,331
189,121,310
200,102,302
168,114,282
155,131,286
154,129,283
141,122,263
180,182,362
167,179,346
129,185,314
143,189,332
83,203,286
113,204,317
127,190,317
181,130,311
197,120,317
208,91,299
147,85,232
152,180,332
143,190,333
108,199,307
140,197,337
112,168,280
166,164,330
181,175,356
159,187,346
149,166,315
168,133,301
213,135,348
233,141,374
235,145,380
182,145,327
183,169,352
174,137,311
196,170,366
232,156,388
228,149,377
206,136,342
179,132,311
160,135,295
170,140,310
157,158,315
140,177,317
115,192,307
109,189,298
116,204,320
116,198,314
175,161,336
176,156,332
145,143,288
122,137,259
127,104,231
166,165,331
193,172,365
173,175,348
116,167,283
79,166,245
106,171,277
119,153,272
155,151,306
160,127,287
146,130,276
136,162,298
118,191,309
120,207,327
133,243,376
163,224,387
151,195,346
178,192,370
175,134,309
192,109,301
199,105,304
133,90,223
144,105,249
130,98,228
144,94,238
150,78,228
141,118,259
143,112,255
129,101,230
135,116,251
147,95,242
154,145,299
167,127,294
175,115,290
160,108,268
147,122,269
164,112,276
165,103,268
151,133,284
175,114,289
159,99,258
168,108,276
154,156,310
170,148,318
160,134,294
165,118,283
128,105,233
156,96,252
145,90,235
120,109,229
149,100,249
143,119,262
149,108,257
162,109,271
155,94,249
159,140,299
168,139,307
159,165,324
191,148,339
220,170,390
255,150,405
218,157,375
174,176,350
135,201,336
147,215,362
147,253,400
155,280,435
160,275,435
173,262,435
219,219,438
227,203,430
218,196,414
169,206,375
156,202,358
156,185,341
160,171,331
155,172,327
143,173,316
141,183,324
135,193,328
135,198,333
137,186,323
140,166,306
164,140,304
162,124,286
150,114,264
137,104,241
131,95,226
129,80,209
138,117,255
123,135,258
99,141,240
130,147,277
135,133,268
161,116,277
156,131,287
147,137,284
132,137,269
121,143,264
109,140,249
125,141,266
131,149,280
141,130,271
157,106,263
165,114,279
147,132,279
118,131,249
112,123,235
129,116,245
124,111,235
123,104,227
114,103,217
119,105,224
112,121,233
119,134,253
122,140,262
153,107,260
156,109,265
156,121,277
146,115,261
148,95,243
147,90,237
140,96,236
135,83,218
140,111,251
135,118,253
138,121,259
158,139,297
185,135,320
222,128,350
225,135,360
218,111,329
191,150,341
209,135,344
190,133,323
205,119,324
195,144,339
208,166,374
202,191,393
178,212,390
179,178,357
196,137,333
235,114,349
223,103,326
160,91,251
152,149,301
153,160,313
128,159,287
134,155,289
87,159,246
130,139,269
139,130,269
166,116,282
165,131,296
192,103,295
164,91,255
159,85,244
138,119,257
138,128,266
125,127,252
138,136,274
130,144,274
134,134,268
129,127,256
139,109,248
138,115,253
130,109,239
125,101,226
151,104,255
159,99,258
169,128,297
157,115,272
155,111,266
151,102,253
144,87,231
148,81,229
141,81,222
117,118,235
122,131,253
129,122,251
151,124,275
157,130,287
147,146,293
147,146,293
146,157,303
154,152,306
151,177,328
182,325,507
191,338,529
192,336,528
212,281,493
323,223,546
367,164,531
344,153,497
251,102,353
196,179,375
228,158,386
186,148,334
185,152,337
138,162,300
134,159,293
124,159,283
129,169,298
128,180,308
120,179,299
111,197,308
133,171,304
164,145,309
176,133,309
154,126,280
116,121,237
107,108,215
132,101,233
126,95,221
131,113,244
147,110,257
151,106,257
136,94,230
140,98,238
144,86,230
146,108,254
144,129,273
135,124,259
124,126,250
121,114,235
115,101,216
134,100,234
144,90,234
140,100,240
149,103,252
141,100,241
131,103,234
122,101,223
108,101,209
117,115,232
103,132,235
127,130,257
106,126,232
105,117,222
133,117,250
139,101,240
141,91,232
142,79,221
118,98,216
139,111,250
144,96,240
143,120,263
158,104,262
167,102,269
168,113,281
156,106,262
146,90,236
145,96,241
148,84,232
138,97,235
135,95,230
130,97,227
124,107,231
128,102,230
129,111,240
128,112,240
123,103,226
134,99,233
143,112,255
146,125,271
158,123,281
145,127,272
146,123,269
142,123,265
155,129,284
132,131,263
160,168,328
160,170,330
191,142,333
223,131,354
240,128,368
222,136,358
219,122,341
213,142,355
200,136,336
206,126,332
183,133,316
161,145,306
144,130,274
165,131,296
196,120,316
186,129,315
163,134,297
125,141,266
131,157,288
127,163,290
130,154,284
128,155,283
136,142,278
131,139,270
110,142,252
117,143,260
120,140,260
124,142,266
122,138,260
116,137,253
112,139,251
118,138,256
117,146,263
120,148,268
124,145,269
125,142,267
128,144,272
109,149,258
115,152,267
120,169,289
134,168,302
148,153,301
131,161,292
138,158,296
122,167,289
120,164,284
124,163,287
115,161,276
126,168,294
111,179,290
119,192,311
100,198,298
115,199,314
154,174,328
163,166,329
160,164,324
132,165,297
122,159,281
123,152,275
124,152,276
116,208,324
124,229,353
113,236,349
130,230,360
180,175,355
217,154,371
217,148,365
171,131,302
172,122,294
173,101,274
163,101,264
152,92,244
137,121,258
154,103,257
150,100,250
146,97,243
123,86,209
131,109,240
139,107,246
140,107,247
134,102,236
126,104,230
137,105,242
128,102,230
133,104,237
121,100,221
121,114,235
121,118,239
127,132,259
137,121,258
145,119,264
169,107,276
162,134,296
164,145,309
158,144,302
168,140,308
166,153,319
203,116,319
219,104,323
209,155,364
177,160,337
173,141,314
167,129,296
149,131,280
167,109,276
175,127,302
190,122,312
172,116,288
171,142,313
180,116,296
194,106,300
183,96,279
157,131,288
165,120,285
168,100,268
177,118,295
169,120,289
170,114,284
158,126,284
145,120,265
169,164,333
204,131,335
202,119,321
187,154,341
169,135,304
192,147,339
191,175,366
164,176,340
180,168,348
178,159,337
186,180,366
173,171,344
165,233,398
169,234,403
179,226,405
182,260,442
180,264,444
174,273,447
189,273,462
214,237,451
245,232,477
248,267,515
227,266,493
237,227,464
277,172,449
288,153,441
232,160,392
231,156,387
252,140,392
249,133,382
224,157,381
200,157,357
201,190,391
220,162,382
212,143,355
234,129,363
191,118,309
183,137,320
203,129,332
192,127,319
166,147,313
135,155,290
132,194,326
144,209,353
162,201,363
178,201,379
153,268,421
147,272,419
155,325,480
166,322,488
226,267,493
253,250,503
268,217,485
255,204,459
231,191,422
247,170,417
220,148,368
222,139,361
207,182,389
236,163,399
247,153,400
251,165,416
239,159,398
232,176,408
261,163,424
262,192,454
293,179,472
245,171,416
243,152,395
209,146,355
244,140,384
235,128,363
230,146,376
213,160,373
216,192,408
243,175,418
249,151,400
236,156,392
178,169,347
176,180,356
182,170,352
188,148,336
208,163,371
235,139,374
247,163,410
241,170,411
189,195,384
179,210,389
156,221,377
176,212,388
198,203,401
219,193,412
212,176,388
206,163,369
203,148,351
232,164,396
225,159,384
191,173,364
216,190,406
260,153,413
275,104,379
266,99,365
187,115,302
141,186,327
173,150,323
225,110,335
230,109,339
157,130,287
176,155,331
191,153,344
219,151,370
206,127,333
182,108,290
172,113,285
153,123,276
154,111,265
164,110,274
184,165,349
204,148,352
193,153,346
189,154,343
122,156,278
180,125,305
171,131,302
206,169,375
207,158,365
219,162,381
189,164,353
154,174,328
168,176,344
168,195,363
172,215,387
166,227,393
162,231,393
181,232,413
191,219,410
235,202,437
240,222,462
263,198,461
259,186,445
269,183,452
249,172,421
230,154,384
225,275,500
288,182,470
341,221,562
370,187,557
263,170,433
191,183,374
285,233,518
127,233,360
178,231,409
110,225,335
176,294,470
330,193,523
136,163,299
185,213,398
191,209,400
113,200,313
167,192,359
171,156,327
514,239,753
135,220,355
289,199,488
168,227,395
275,190,465
274,189,463
254,220,474
220,184,404
259,170,429
278,129,407
240,144,384
235,173,408
179,167,346
199,177,376
196,184,380
205,197,402
224,183,407
198,182,380
220,164,384
219,146,365
235,161,396
242,144,386
230,146,376
227,147,374
195,168,363
196,177,373
194,178,372
180,183,363
187,195,382
180,226,406
177,236,413
175,232,407
184,235,419
190,233,423
196,232,428
182,229,411
228,180,408
243,167,410
254,154,408
230,182,412
262,170,432
262,176,438
220,199,419
187,228,415
237,192,429
262,164,426
265,186,451
233,196,429
219,219,438
275,158,433
298,172,470
314,124,438
247,345,592
413,178,591
407,140,547
426,131,557
244,138,382
160,150,310
172,176,348
186,158,344
212,259,471
226,337,563
203,328,531
192,329,521
292,240,532
308,213,521
304,166,470
244,141,385
226,145,371
199,134,333
215,161,376
230,145,375
212,139,351
182,134,316
166,115,281
176,125,301
200,147,347
210,140,350
190,147,337
172,127,299
163,140,303
168,171,339
151,184,335
140,198,338
149,248,397
153,254,407
139,270,409
203,244,447
216,258,474
219,255,474
170,223,393
205,171,376
233,132,365
193,107,300
203,142,345
193,145,338
194,148,342
177,143,320
179,142,321
188,267,455
321,139,460
304,175,479
264,186,450
126,201,327
147,193,340
183,167,350
150,171,321
170,206,376
138,215,353
134,224,358
166,195,361
172,209,381
172,237,409
147,264,411
151,319,470
183,315,498
251,262,513
282,244,526
281,230,511
235,221,456
224,217,441
203,249,452
212,262,474
205,275,480
185,328,513
175,336,511
219,333,552
252,308,560
324,240,564
291,219,510
277,219,496
213,220,433
196,221,417
184,272,456
166,292,458
207,270,477
218,279,497
239,283,522
216,280,496
248,274,522
257,255,512
236,242,478
219,245,464
270,170,440
270,168,438
283,164,447
223,164,387
226,157,383
206,153,359
168,150,318
137,150,287
130,140,270
132,145,277
133,148,281
122,164,286
125,162,287
120,166,286
125,182,307
123,189,312
137,180,317
141,186,327
149,224,373
140,212,352
135,216,351
182,206,388
267,182,449
326,149,475
303,139,442
230,143,373
218,115,333
214,144,358
223,146,369
182,197,379
238,163,401
216,150,366
235,141,376
197,174,371
248,158,406
258,130,388
246,158,404
227,149,376
225,125,350
211,120,331
194,112,306
181,131,312
193,147,340
203,133,336
197,160,357
161,193,354
124,239,363
135,225,360
140,216,356
209,139,348
229,107,336
240,150,390
183,140,323
153,126,279
160,110,270
148,209,357
175,219,394
221,173,394
226,162,388
204,122,326
178,126,304
178,135,313
144,151,295
155,148,303
168,143,311
184,138,322
180,135,315
193,114,307
188,100,288
174,147,321
176,146,322
184,137,321
178,142,320
174,134,308
168,143,311
169,144,313
168,156,324
156,168,324
144,163,307
135,186,321
119,197,316
162,186,348
184,174,358
200,167,367
178,178,356
150,172,322
171,139,310
192,146,338
194,168,362
154,166,320
120,173,293
132,196,328
133,190,323
146,169,315
203,110,313
221,106,327
169,104,273
156,102,258
135,102,237
136,97,233
134,98,232
126,102,228
128,119,247
124,141,265
125,160,285
128,164,292
124,170,294
137,177,314
132,187,319
133,218,351
131,226,357
135,220,355
150,198,348
191,149,340
201,130,331
200,109,309
164,99,263
156,122,278
147,122,269
140,122,262
151,113,264
156,115,271
160,109,269
151,112,263
161,139,300
161,137,298
165,137,302
152,149,301
125,210,335
140,220,360
152,228,380
165,296,461
180,275,455
165,274,439
240,181,421
263,140,403
269,124,393
158,108,266
164,215,379
178,204,382
242,166,408
261,145,406
191,140,331
201,129,330
166,134,300
189,240,429
255,187,442
280,173,453
269,168,437
189,285,474
356,162,518
351,181,532
335,221,556
238,209,447
246,179,425
259,177,436
220,167,387
197,223,420
283,196,479
134,204,338
196,202,398
228,188,416
183,187,370
210,185,395
214,164,378
202,181,383
233,146,379
225,141,366
242,216,458
216,159,375
253,180,433
211,179,390
154,189,343
215,202,417
179,220,399
202,249,451
212,269,481
249,267,516
252,268,520
234,293,527
236,308,544
206,326,532
207,366,573
249,333,582
265,317,582
233,313,546
274,253,527
283,225,508
292,208,500
245,195,440
258,155,413
247,148,395
237,126,363
207,156,363
206,160,366
201,171,372
195,173,368
200,180,380
169,230,399
170,270,440
130,305,435
207,299,506
233,328,561
231,321,552
250,314,564
275,305,580
266,313,579
227,322,549
235,330,565
268,273,541
336,270,606
186,258,444
285,219,504
252,186,438
308,334,642
279,301,580
229,290,519
237,272,509
134,228,362
200,212,412
255,183,438
211,179,390
193,184,377
177,181,358
198,165,363
247,202,449
162,181,343
224,179,403
175,187,362
198,161,359
223,136,359
241,218,459
243,197,440
257,189,446
275,172,447
142,223,365
395,546,941
252,619,871
1001,513,1514
248,466,714
646,324,970
302,323,625
547,158,705
108,155,263
155,153,308
245,183,428
215,285,500
259,252,511
202,248,450
191,254,445
124,245,369
251,165,416
131,297,428
514,189,703
144,175,319
224,214,438
268,179,447
256,141,397
164,140,304
221,152,373
88,215,303
196,210,406
304,207,511
300,204,504
245,219,464
199,306,505
184,307,491
185,295,480
162,828,990
459,554,1013
469,536,1005
764,240,1004
212,189,401
456,168,624
165,135,300
227,124,351
144,193,337
207,183,390
226,136,362
244,235,479
384,274,658
198,276,474
463,544,1007
154,609,763
601,211,812
177,184,361
239,164,403
443,297,740
202,251,453
259,290,549
201,567,768
143,547,690
593,145,738
307,213,520
645,267,912
202,253,455
362,291,653
139,276,415
429,161,590
150,163,313
203,169,372
185,165,350
217,159,376
260,163,423
242,250,492
286,202,488
279,189,468
278,172,450
214,164,378
250,163,413
205,157,362
198,151,349
196,154,350
186,147,333
186,135,321
167,103,270
160,95,255
263,167,430
122,157,279
174,153,327
199,157,356
201,149,350
210,164,374
198,181,379
182,207,389
180,228,408
192,236,428
207,234,441
211,226,437
182,221,403
198,215,413
163,206,369
215,195,410
291,255,546
339,283,622
235,287,522
237,280,517
209,267,476
244,207,451
210,193,403
269,240,509
225,158,383
278,177,455
231,271,502
206,451,657
210,498,708
178,516,694
444,520,964
521,477,998
313,470,783
162,462,624
497,174,671
342,153,495
461,276,737
248,233,481
521,186,707
223,155,378
242,608,850
190,631,821
237,621,858
593,170,763
655,422,1077
729,273,1002
439,206,645
579,220,799
180,196,376
274,150,424
104,136,240
157,130,287
346,177,523
133,181,314
281,274,555
180,307,487
358,242,600
172,186,358
253,203,456
345,182,527
241,246,487
195,277,472
209,279,488
203,265,468
199,275,474
229,249,478
202,240,442
175,235,410
318,192,510
451,157,608
322,149,471
296,182,478
197,153,350
228,181,409
251,237,488
163,234,397
207,230,437
286,172,458
185,151,336
259,152,411
263,167,430
240,133,373
249,189,438
282,137,419
251,118,369
211,155,366
188,158,346
151,252,403
162,326,488
132,366,498
156,394,550
258,314,572
338,303,641
358,313,671
319,291,610
281,255,536
334,314,648
450,184,634
455,169,624
435,194,629
289,171,460
260,171,431
215,167,382
159,152,311
212,128,340
240,139,379
261,196,457
286,356,642
324,318,642
279,309,588
340,204,544
158,180,338
228,180,408
442,224,666
156,216,372
234,172,406
155,140,295
575,284,859
341,303,644
721,332,1053
153,316,469
465,317,782
191,310,501
387,149,536
94,125,219
129,173,302
175,180,355
207,228,435
214,222,436
173,240,413
205,259,464
208,273,481
196,306,502
229,302,531
228,278,506
245,269,514
234,253,487
246,215,461
236,209,445
260,177,437
270,157,427
291,144,435
261,218,479
188,217,405
202,215,417
205,332,537
230,271,501
143,242,385
398,151,549
227,169,396
285,159,444
251,181,432
255,167,422
248,168,416
225,195,420
175,237,412
184,236,420
192,236,428
206,239,445
195,241,436
215,191,406
231,179,410
242,158,400
194,145,339
164,146,310
173,154,327
169,151,320
181,144,325
185,131,316
181,132,313
201,156,357
218,173,391
204,195,399
199,198,397
182,212,394
203,214,417
210,213,423
217,201,418
218,171,389
216,168,384
213,172,385
183,177,360
170,201,371
161,216,377
144,223,367
163,194,357
182,198,380
202,250,452
184,250,434
190,272,462
188,258,446
193,231,424
212,192,404
230,184,414
207,175,382
168,170,338
170,152,322
174,153,327
206,138,344
231,146,377
235,141,376
191,145,336
172,133,305
158,131,289
195,235,430
214,208,422
282,128,410
300,147,447
204,189,393
248,153,401
246,141,387
237,203,440
275,189,464
292,170,462
310,149,459
256,144,400
272,186,458
250,189,439
252,175,427
233,167,400
201,183,384
211,186,397
225,200,425
220,228,448
192,226,418
216,230,446
148,245,393
183,248,431
178,251,429
178,241,419
203,264,467
254,215,469
300,146,446
317,136,453
274,184,458
294,130,424
245,129,374
230,119,349
177,110,287
170,111,281
160,118,278
154,120,274
138,144,282
141,144,285
153,171,324
159,181,340
154,184,338
144,202,346
154,194,348
152,203,355
152,216,368
175,200,375
196,189,385
205,181,386
209,174,383
178,158,336
199,144,343
181,165,346
219,186,405
243,209,452
233,244,477
210,260,470
197,236,433
217,224,441
286,210,496
176,246,422
218,267,485
194,279,473
189,271,460
198,236,434
209,223,432
209,202,411
203,189,392
216,153,369
199,139,338
227,137,364
192,128,320
200,124,324
184,114,298
161,136,297
184,117,301
175,124,299
172,179,351
196,170,366
235,143,378
205,171,376
196,161,357
190,160,350
182,155,337
172,153,325
158,147,305
167,134,301
168,135,303
174,141,315
180,127,307
201,119,320
208,120,328
200,135,335
188,140,328
181,130,311
192,126,318
182,101,283
179,139,318
169,130,299
164,124,288
183,161,344
209,147,356
205,151,356
166,153,319
146,161,307
155,154,309
161,158,319
168,176,344
161,186,347
161,199,360
167,209,376
178,208,386
182,206,388
195,206,401
241,169,410
269,145,414
264,177,441
268,149,417
258,165,423
285,156,441
244,143,387
236,184,420
245,168,413
227,167,394
241,182,423
179,216,395
204,271,475
210,257,467
226,228,454
254,188,442
247,157,404
232,177,409
257,158,415
179,146,325
224,126,350
191,123,314
193,132,325
189,125,314
177,120,297
157,106,263
151,130,281
173,126,299
162,126,288
152,117,269
161,98,259
164,152,316
180,147,327
176,134,310
174,145,319
176,165,341
198,164,362
209,157,366
196,151,347
164,146,310
180,145,325
185,140,325
195,159,354
209,161,370
206,167,373
154,179,333
183,171,354
204,171,375
210,179,389
217,184,401
188,197,385
181,206,387
176,215,391
210,228,438
192,243,435
186,268,454
169,257,426
187,234,421
190,214,404
256,132,388
259,182,441
295,166,461
224,182,406
194,200,394
152,204,356
179,184,363
184,169,353
201,149,350
187,140,327
181,144,325
175,126,301
181,130,311
179,138,317
165,138,303
168,131,299
178,120,298
193,133,326
189,206,395
184,212,396
174,204,378
170,221,391
188,235,423
102,259,361
208,206,414
130,201,331
189,192,381
208,179,387
201,182,383
160,204,364
283,162,445
109,178,287
154,193,347
206,198,404
168,201,369
204,206,410
214,210,424
199,227,426
199,227,426
185,245,430
192,243,435
168,235,403
184,224,408
182,222,404
199,186,385
233,158,391
252,130,382
246,157,403
240,135,375
225,131,356
179,160,339
304,203,507
192,279,471
269,283,552
133,299,432
267,226,493
143,230,373
211,209,420
280,171,451
240,158,398
237,169,406
232,201,433
374,165,539
399,471,870
370,439,809
252,429,681
298,288,586
274,181,455
164,184,348
245,154,399
305,156,461
261,136,397
225,128,353
181,124,305
164,116,280
168,111,279
186,146,332
199,140,339
191,154,345
173,160,333
152,155,307
155,166,321
157,170,327
144,184,328
157,173,330
158,180,338
160,188,348
168,163,331
167,148,315
186,134,320
176,122,298
164,109,273
168,158,326
182,148,330
185,141,326
185,138,323
190,128,318
193,125,318
193,126,319
161,130,291
148,140,288
151,144,295
145,155,300
146,179,325
154,189,343
167,198,365
186,195,381
183,196,379
186,184,370
191,171,362
196,172,368
182,146,328
206,126,332
198,139,337
210,141,351
212,130,342
215,140,355
193,129,322
175,168,343
211,144,355
200,136,336
195,132,327
173,225,398
201,229,430
257,169,426
237,152,389
217,154,371
212,133,345
231,112,343
206,107,313
166,135,301
167,119,286
180,143,323
193,181,374
204,161,365
217,143,360
216,130,346
181,163,344
177,150,327
204,154,358
177,164,341
140,190,330
156,195,351
154,203,357
161,202,363
170,201,371
177,202,379
178,210,388
160,213,373
153,219,372
176,206,382
200,191,391
216,179,395
248,130,378
243,120,363
227,188,415
203,203,406
207,196,403
210,199,409
198,173,371
218,159,377
212,178,390
213,193,406
220,167,387
153,181,334
250,166,416
279,183,462
250,188,438
204,194,398
167,225,392
170,237,407
175,228,403
194,215,409
190,190,380
208,190,398
187,194,381
201,178,379
243,139,382
259,113,372
223,163,386
214,148,362
195,169,364
198,152,350
221,183,404
246,278,524
375,151,526
352,161,513
308,124,432
233,138,371
227,140,367
172,172,344
165,179,344
157,179,336
182,160,342
176,158,334
185,168,353
166,184,350
165,193,358
171,181,352
187,202,389
179,189,368
200,157,357
231,101,332
237,149,386
205,133,338
171,154,325
173,144,317
172,131,303
176,120,296
182,105,287
172,129,301
179,116,295
177,129,306
183,110,293
173,145,318
196,135,331
188,120,308
193,116,309
178,110,288
161,137,298
168,124,292
180,107,287
170,110,280
147,111,258
163,125,288
171,123,294
163,122,285
160,138,298
156,151,307
160,143,303
167,125,292
166,120,286
158,153,311
175,129,304
185,153,338
181,185,366
151,195,346
176,190,366
196,183,379
206,206,412
194,209,403
209,190,399
202,175,377
212,159,371
191,157,348
195,147,342
196,145,341
204,130,334
186,180,366
239,129,368
231,167,398
274,145,419
250,138,388
247,125,372
208,120,328
183,124,307
158,121,279
142,135,277
148,138,286
166,148,314
188,166,354
222,175,397
226,158,384
205,154,359
191,147,338
174,141,315
202,391,593
248,340,588
237,325,562
335,267,602
175,306,481
360,167,527
355,141,496
359,131,490
179,124,303
147,197,344
175,196,371
165,210,375
116,240,356
165,241,406
160,323,483
131,330,461
122,327,449
553,295,848
412,244,656
564,220,784
164,186,350
246,219,465
323,179,502
246,187,433
214,180,394
173,235,408
162,231,393
234,228,462
181,203,384
254,157,411
251,147,398
177,136,313
218,124,342
199,144,343
204,130,334
175,131,306
182,115,297
168,90,258
167,262,429
168,281,449
103,277,380
159,274,433
247,191,438
305,154,459
267,131,398
213,183,396
209,225,434
217,173,390
188,163,351
184,100,284
198,154,352
162,159,321
178,156,334
239,173,412
245,160,405
244,140,384
205,169,374
132,219,351
148,215,363
153,195,348
198,149,347
188,182,370
138,189,327
139,212,351
174,177,351
218,164,382
181,152,333
192,131,323
169,115,284
162,111,273
109,118,227
120,123,243
121,122,243
123,123,246
128,125,253
130,128,258
133,138,271
136,127,263
143,116,259
135,151,286
135,198,333
118,200,318
164,156,320
199,158,357
203,210,413
138,225,363
161,207,368
201,167,368
192,217,409
171,265,436
131,276,407
142,292,434
220,213,433
230,191,421
238,140,378
192,125,317
194,111,305
176,139,315
176,158,334
177,173,350
192,155,347
210,164,374
170,155,325
155,159,314
177,142,319
191,133,324
166,103,269
184,105,289
150,99,249
156,160,316
159,153,312
198,123,321
231,199,430
238,172,410
254,183,437
226,192,418
153,209,362
153,232,385
158,227,385
168,242,410
201,216,417
212,187,399
215,187,402
248,128,376
232,152,384
259,164,423
255,131,386
238,179,417
225,150,375
223,101,324
220,105,325
151,105,256
152,133,285
159,179,338
161,171,332
252,136,388
255,206,461
283,182,465
266,106,372
214,120,334
207,126,333
161,127,288
197,81,278
185,157,342
174,156,330
168,124,292
159,123,282
124,119,243
143,143,286
139,141,280
158,116,274
176,94,270
176,93,269
125,140,265
135,161,296
181,179,360
213,142,355
236,141,377
207,143,350
168,180,348
220,107,327
216,96,312
183,110,293
132,139,271
149,172,321
199,199,398
247,173,420
282,168,450
273,135,408
200,132,332
238,134,372
213,113,326
174,228,402
251,152,403
250,109,359
244,96,340
125,87,212
140,122,262
134,157,291
138,150,288
161,138,299
184,116,300
193,105,298
154,97,251
147,87,234
145,114,259
144,108,252
141,101,242
148,88,236
143,162,305
150,163,313
178,133,311
170,130,300
135,107,242
160,124,284
169,111,280
155,103,258
151,124,275
140,107,247
151,97,248
147,111,258
134,102,236
150,91,241
148,129,277
142,120,262
144,110,254
145,101,246
142,84,226
153,106,259
175,175,350
218,143,361
219,152,371
212,135,347
166,116,282
172,118,290
139,115,254
126,118,244
123,115,238
126,116,242
127,112,239
129,112,241
126,120,246
129,321,450
128,483,611
128,509,637
123,533,656
429,245,674
468,234,702
496,235,731
214,235,449
203,216,419
213,201,414
226,158,384
236,160,396
233,167,400
209,143,352
218,158,376
222,145,367
201,144,345
187,152,339
168,176,344
184,203,387
241,177,418
294,122,416
281,247,528
223,255,478
218,234,452
259,214,473
302,166,468
198,183,381
247,150,397
219,135,354
230,147,377
210,157,367
203,168,371
159,161,320
166,143,309
183,111,294
185,123,308
205,136,341
202,150,352
195,155,350
171,141,312
158,162,320
159,162,321
135,146,281
151,178,329
169,265,434
175,228,403
186,207,393
203,180,383
191,148,339
150,147,297
113,141,254
124,178,302
124,176,300
115,175,290
153,141,294
146,136,282
141,147,288
123,168,291
121,222,343
135,230,365
155,208,363
194,159,353
185,129,314
147,125,272
101,120,221
124,165,289
117,172,289
124,214,338
157,179,336
164,210,374
200,180,380
160,173,333
157,142,299
175,134,309
169,207,376
143,263,406
150,258,408
190,198,388
237,166,403
205,243,448
123,288,411
124,317,441
128,317,445
250,227,477
297,210,507
302,165,467
237,181,418
218,204,422
172,232,404
218,189,407
288,213,501
304,208,512
331,138,469
236,174,410
245,136,381
205,96,301
206,141,347
176,150,326
180,117,297
196,141,337
161,156,317
136,142,278
167,141,308
162,147,309
119,137,256
130,127,257
134,155,289
134,146,280
144,136,280
173,91,264
182,189,371
137,243,380
187,240,427
242,194,436
215,284,499
177,284,461
159,267,426
269,180,449
242,180,422
259,196,455
172,201,373
160,201,361
159,200,359
155,191,346
157,191,348
168,161,329
209,122,331
210,108,318
199,167,366
189,166,355
233,143,376
241,148,389
209,126,335
200,143,343
221,126,347
201,132,333
196,112,308
182,126,308
185,148,333
152,178,330
145,183,328
173,177,350
175,173,348
174,166,340
162,129,291
168,151,319
172,155,327
139,171,310
166,154,320
168,144,312
153,122,275
157,112,269
164,360,524
377,148,525
403,107,510
423,145,568
250,219,469
225,203,428
262,188,450
228,165,393
182,142,324
163,125,288
165,123,288
118,128,246
139,124,263
139,123,262
165,107,272
173,211,384
180,245,425
200,255,455
211,229,440
231,202,433
203,164,367
188,167,355
125,167,292
122,176,298
124,172,296
122,167,289
132,149,281
161,149,310
145,186,331
143,227,370
141,231,372
163,221,384
196,184,380
170,171,341
119,205,324
151,179,330
153,165,318
169,138,307
185,97,282
179,125,304
132,118,250
163,195,358
162,196,358
184,140,324
212,136,348
161,133,294
135,125,260
155,92,247
157,96,253
105,104,209
122,141,263
137,171,308
166,150,316
169,173,342
188,179,367
139,183,322
139,191,330
136,186,322
146,192,338
140,191,331
139,190,329
151,200,351
152,212,364
134,224,358
148,207,355
164,203,367
181,214,395
184,224,408
197,217,414
186,220,406
175,213,388
156,207,363
190,193,383
212,157,369
207,140,347
205,113,318
175,112,287
172,93,265
155,131,286
162,143,305
186,99,285
203,133,336
160,145,305
161,134,295
153,121,274
144,105,249
150,101,251
153,89,242
147,194,341
152,197,349
145,209,354
162,177,339
117,168,285
164,160,324
157,165,322
176,163,339
177,155,332
186,127,313
173,138,311
195,149,344
201,132,333
210,160,370
192,173,365
180,181,361
197,167,364
171,157,328
204,146,350
223,118,341
217,108,325
214,139,353
183,153,336
206,136,342
218,145,363
201,149,350
162,150,312
171,126,297
173,122,295
182,105,287
150,143,293
206,139,345
204,127,331
210,112,322
157,105,262
153,113,266
133,117,250
157,123,280
157,170,327
190,126,316
186,117,303
166,103,269
154,122,276
164,128,292
159,126,285
162,142,304
152,166,318
154,234,388
164,240,404
156,268,424
149,283,432
194,251,445
230,231,461
274,190,464
262,134,396
253,110,363
218,99,317
170,103,273
151,94,245
138,88,226
129,88,217
129,83,212
130,107,237
128,119,247
135,106,241
151,86,237
151,116,267
116,126,242
122,139,261
126,144,270
131,139,270
143,142,285
156,142,298
149,146,295
147,177,324
139,166,305
138,164,302
123,161,284
138,152,290
140,149,289
133,159,292
120,169,289
130,172,302
125,179,304
120,181,301
112,174,286
150,176,326
149,181,330
132,178,310
131,181,312
130,186,316
134,208,342
141,212,353
148,209,357
153,209,362
161,202,363
156,196,352
168,187,355
151,188,339
150,171,321
161,143,304
209,154,363
227,156,383
211,167,378
193,162,355
178,154,332
185,154,339
158,157,315
152,145,297
182,132,314
186,134,320
173,147,320
119,155,274
121,165,286
128,170,298
127,178,305
122,217,339
118,253,371
139,262,401
142,252,394
206,199,405
211,194,405
219,196,415
163,212,375
151,217,368
141,202,343
175,173,348
180,175,355
171,165,336
165,163,328
169,160,329
157,152,309
126,141,267
143,123,266
158,115,273
162,114,276
138,110,248
157,104,261
155,133,288
155,126,281
170,130,300
166,127,293
150,137,287
156,138,294
204,162,366
228,141,369
256,112,368
227,153,380
176,167,343
157,165,322
156,160,316
123,156,279
157,140,297
164,121,285
189,135,324
200,131,331
197,116,313
159,111,270
158,141,299
168,137,305
173,132,305
164,134,298
148,149,297
108,164,272
127,178,305
122,192,314
105,197,302
128,206,334
134,215,349
162,199,361
155,197,352
144,194,338
171,154,325
189,147,336
182,147,329
145,144,289
97,141,238
126,151,277
131,151,282
136,148,284
136,141,277
139,128,267
144,109,253
156,96,252
150,140,290
161,132,293
143,131,274
141,136,277
123,137,260
129,149,278
141,147,288
141,151,292
134,153,287
132,146,278
135,142,277
147,135,282
134,130,264
136,128,264
134,122,256
132,117,249
139,110,249
135,104,239
133,106,239
131,100,231
129,101,230
131,116,247
130,259,389
128,268,396
124,265,389
161,255,416
239,175,414
275,141,416
295,151,446
237,147,384
192,141,333
142,130,272
115,108,223
160,89,249
155,142,297
169,108,277
167,96,263
161,79,240
130,96,226
109,130,239
149,102,251
156,180,336
172,172,344
142,174,316
139,154,293
96,141,237
137,132,269
153,113,266
153,112,265
145,96,241
155,134,289
165,124,289
153,118,271
159,105,264
150,101,251
142,141,283
163,135,298
160,150,310
147,167,314
122,190,312
121,204,325
107,227,334
141,201,342
149,207,356
157,204,361
181,160,341
195,136,331
192,123,315
151,107,258
151,94,245
138,80,218
133,122,255
113,119,232
158,104,262
158,90,248
151,124,275
160,124,284
132,120,252
145,137,282
121,147,268
124,143,267
145,124,269
140,113,253
132,96,228
135,90,225
143,126,269
129,137,266
139,138,277
146,138,284
130,129,259
140,125,265
167,119,286
183,144,327
205,122,327
187,131,318
195,132,327
166,121,287
177,108,285
150,165,315
207,128,335
229,109,338
234,96,330
189,122,311
163,126,289
150,116,266
149,120,269
143,121,264
105,111,216
146,105,251
140,90,230
123,133,256
161,127,288
155,129,284
141,133,274
123,135,258
125,133,258
130,140,270
127,145,272
151,141,292
152,152,304
146,165,311
118,189,307
122,209,331
116,206,322
121,190,311
159,160,319
198,129,327
216,103,319
188,109,297
157,114,271
126,119,245
109,115,224
130,114,244
102,107,209
115,107,222
120,127,247
127,143,270
131,152,283
135,157,292
112,169,281
127,177,304
133,177,310
136,169,305
152,158,310
137,163,300
115,164,279
108,171,279
130,161,291
166,144,310
187,123,310
194,113,307
176,110,286
148,122,270
141,133,274
136,154,290
150,173,323
178,233,411
253,173,426
230,182,412
226,155,381
172,148,320
185,119,304
157,104,261
171,113,284
162,109,271
163,156,319
189,124,313
193,106,299
173,102,275
137,102,239
125,100,225
128,99,227
128,111,239
156,138,294
178,115,293
201,110,311
202,198,400
181,257,438
319,142,461
316,131,447
264,96,360
199,103,302
177,95,272
150,84,234
137,103,240
136,93,229
137,84,221
135,101,236
135,97,232
137,91,228
135,81,216
135,100,235
135,96,231
133,90,223
136,81,217
136,100,236
136,96,232
139,81,220
140,122,262
140,121,261
147,101,248
150,98,248
149,95,244
137,91,228
134,87,221
133,120,253
132,115,247
132,110,242
128,107,235
112,104,216
122,102,224
123,122,245
122,130,252
129,124,253
146,107,253
150,101,251
147,94,241
135,89,224
129,87,216
130,82,212
126,82,208
126,82,208
124,119,243
129,122,251
159,115,274
185,114,299
189,113,302
170,122,292
145,122,267
133,116,249
137,104,241
144,186,330
220,133,353
247,171,418
269,178,447
202,195,397
185,179,364
187,120,307
204,98,302
212,124,336
165,157,322
148,146,294
143,133,276
134,116,250
117,105,222
145,111,256
168,144,312
201,114,315
152,100,252
149,93,242
124,106,230
139,115,254
131,121,252
110,116,226
126,115,241
113,135,248
138,139,277
154,135,289
142,133,275
132,132,264
107,122,229
138,121,259
121,122,243
126,123,249
120,135,255
119,140,259
128,133,261
121,116,237
145,112,257
146,115,261
133,118,251
120,120,240
98,145,243
130,140,270
134,177,311
129,167,296
167,136,303
159,121,280
162,101,263
146,106,252
140,83,223
147,130,277
155,118,273
146,115,261
128,110,238
120,122,242
122,131,253
124,138,262
129,130,259
113,115,228
139,108,247
131,97,228
136,82,218
143,137,280
167,114,281
169,109,278
171,109,280
155,103,258
151,99,250
130,94,224
115,90,205
107,96,203
112,107,219
119,118,237
120,123,243
110,127,237
95,139,234
129,169,298
117,173,290
119,180,299
116,190,306
143,174,317
140,173,313
165,183,348
135,179,314
107,177,284
136,159,295
166,136,302
167,143,310
150,140,290
121,145,266
114,142,256
119,141,260
109,147,256
80,151,231
96,146,242
124,147,271
105,148,253
103,153,256
114,159,273
125,169,294
123,170,293
158,153,311
139,155,294
173,117,290
192,126,318
195,136,331
173,132,305
130,151,281
130,150,280
132,164,296
143,149,292
146,131,277
140,114,254
138,154,292
147,164,311
154,135,289
172,116,288
202,141,343
196,119,315
198,100,298
180,116,296
153,107,260
138,95,233
151,129,280
155,123,278
157,115,272
164,132,296
156,123,279
179,118,297
170,136,306
146,139,285
123,160,283
112,171,283
125,181,306
115,184,299
111,191,302
121,172,293
145,169,314
141,169,310
149,142,291
172,122,294
170,120,290
135,128,263
107,129,236
129,125,254
126,128,254
129,125,254
128,121,249
135,124,259
136,118,254
123,119,242
120,118,238
116,114,230
124,109,233
123,116,239
127,117,244
124,157,281
172,118,290
199,131,330
230,135,365
181,143,324
174,161,335
166,163,329
161,163,324
161,168,329
135,172,307
122,175,297
120,174,294
126,178,304
158,152,310
158,154,312
161,154,315
130,152,282
129,148,277
131,136,267
132,127,259
109,112,221
138,106,244
120,100,220
126,91,217
126,82,208
127,97,224
131,87,218
132,81,213
125,107,232
128,106,234
132,102,234
135,94,229
134,87,221
139,84,223
130,96,226
119,97,216
119,96,215
135,83,218
137,88,225
139,83,222
127,103,230
125,108,233
132,108,240
136,105,241
135,99,234
135,97,232
136,94,230
129,91,220
132,88,220
132,89,221
134,85,219
130,95,225
127,98,225
119,100,219
131,98,229
134,137,271
170,103,273
171,157,328
191,132,323
168,122,290
183,99,282
143,96,239
149,96,245
121,98,219
123,107,230
126,132,258
129,136,265
135,140,275
123,160,283
137,170,307
120,169,289
122,161,283
141,149,290
139,147,286
137,152,289
120,155,275
123,163,286
120,170,290
132,168,300
121,167,288
122,177,299
102,270,372
128,342,470
113,352,465
122,373,495
286,239,525
319,217,536
332,229,561
189,215,404
174,192,366
167,190,357
187,172,359
198,144,342
206,140,346
211,147,358
214,128,342
209,114,323
182,102,284
144,120,264
139,125,264
131,140,271
131,150,281
116,150,266
116,143,259
124,139,263
125,132,257
133,119,252
134,108,242
137,101,238
127,97,224
119,95,214
128,91,219
127,85,212
119,93,212
132,83,215
136,110,246
133,117,250
132,110,242
130,104,234
126,97,223
129,90,219
125,85,210
127,96,223
125,106,231
122,114,236
127,105,232
136,91,227
142,81,223
134,98,232
139,109,248
168,95,263
171,105,276
141,100,241
123,92,215
132,84,216
131,86,217
132,82,214
128,98,226
127,121,248
127,115,242
132,106,238
129,99,228
130,91,221
125,89,214
130,78,208
128,101,229
132,122,254
134,116,250
137,102,239
133,96,229
135,90,225
126,86,212
129,79,208
126,92,218
126,84,210
132,111,243
137,113,250
145,128,273
153,124,277
159,133,292
136,160,296
144,177,321
140,173,313
149,155,304
152,140,292
168,112,280
164,98,262
165,99,264
156,95,251
156,117,273
148,142,290
188,103,291
192,134,326
208,118,326
164,104,268
166,132,298
153,131,284
157,128,285
152,108,260
158,102,260
149,91,240
139,95,234
144,93,237
138,104,242
141,107,248
139,105,244
135,109,244
126,106,232
132,100,232
126,93,219
138,80,218
138,98,236
137,92,229
129,84,213
135,105,240
133,100,233
139,90,229
137,84,221
121,106,227
131,103,234
131,99,230
135,92,227
129,95,224
140,103,243
144,94,238
142,84,226
138,95,233
134,96,230
131,91,222
130,95,225
133,84,217
144,87,231
137,83,220
136,96,232
138,84,222
139,108,247
137,104,241
139,98,237
146,116,262
147,109,256
161,98,259
156,84,240
150,95,245
146,85,231
145,88,233
136,84,220
136,91,227
133,82,215
132,116,248
135,112,247
130,103,233
135,96,231
138,96,234
150,107,257
151,107,258
142,102,244
140,97,237
134,91,225
144,97,241
148,88,236
146,95,241
130,86,216
130,98,228
129,107,236
152,104,256
156,99,255
157,112,269
139,110,249
150,101,251
154,87,241
151,107,258
149,106,255
148,94,242
145,105,250
138,101,239
138,198,336
241,161,402
291,104,395
305,122,427
210,117,327
168,99,267
158,100,258
146,88,234
149,139,288
161,118,279
153,120,273
142,118,260
110,112,222
120,121,241
123,130,253
123,133,256
117,131,248
124,125,249
123,118,241
127,113,240
156,114,270
175,107,282
173,106,279
151,97,248
136,98,234
154,95,249
146,97,243
141,100,241
117,116,233
121,124,245
122,120,242
124,117,241
119,118,237
124,117,241
117,122,239
128,109,237
130,104,234
123,109,232
116,108,224
123,103,226
119,98,217
112,97,209
121,94,215
119,92,211
123,99,222
121,96,217
123,96,219
121,94,215
125,90,215
128,92,220
120,90,210
122,93,215
122,93,215
125,88,213
132,80,212
134,90,224
133,104,237
122,105,227
122,108,230
119,108,227
121,110,231
124,114,238
122,115,237
116,109,225
123,104,227
119,98,217
120,100,220
123,94,217
121,94,215
120,97,217
123,94,217
120,93,213
122,88,210
114,93,207
122,89,211
124,94,218
121,89,210
123,88,211
121,86,207
128,77,205
125,94,219
127,121,248
125,142,267
124,147,271
131,135,266
133,131,264
149,113,262
141,111,252
136,105,241
119,117,236
121,128,249
122,139,261
118,140,258
124,140,264
126,150,276
120,155,275
131,153,284
129,152,281
123,152,275
119,149,268
125,159,284
122,161,283
119,152,271
125,152,277
131,148,279
121,144,265
123,131,254
131,130,261
127,130,257
124,134,258
122,134,256
124,129,253
122,121,243
129,116,245
128,115,243
123,113,236
115,111,226
123,114,237
122,109,231
125,121,246
119,121,240
125,116,241
129,108,237
126,103,229
127,96,223
115,92,207
120,93,213
122,87,209
110,81,191
109,76,185
121,88,209
122,84,206
129,107,236
137,100,237
136,92,228
134,88,222
125,82,207
121,77,198
118,103,221
122,101,223
122,107,229
122,113,235
119,109,228
125,112,237
115,107,222
117,109,226
123,105,228
121,109,230
123,106,229
121,106,227
122,104,226
122,100,222
122,100,222
113,104,217
127,103,230
130,126,256
127,138,265
123,138,261
169,173,342
196,150,346
196,144,340
146,127,273
96,114,210
129,109,238
132,103,235
78,87,165
111,83,194
129,80,209
78,107,185
120,95,215
111,105,216
130,101,231
120,95,215
119,87,206
108,81,189
116,76,192
117,89,206
108,87,195
124,75,199
127,96,223
126,101,227
72,96,168
112,82,194
128,145,273
133,130,263
133,124,257
124,112,236
83,107,190
117,101,218
122,93,215
129,82,211
122,109,231
136,95,231
133,91,224
117,131,248
157,100,257
160,90,250
160,89,249
129,85,214
121,80,201
78,103,181
114,110,224
118,99,217
134,93,227
134,85,219
134,92,226
132,95,227
131,86,217
118,82,200
132,92,224
130,90,220
131,87,218
116,102,218
139,87,226
145,79,224
138,96,234
128,88,216
124,87,211
128,83,211
130,98,228
131,95,226
131,92,223
113,97,210
134,87,221
135,82,217
125,92,217
126,83,209
130,87,217
131,100,231
130,87,217
128,108,236
134,98,232
130,94,224
133,86,219
124,112,236
134,106,240
130,100,230
132,93,225
122,92,214
128,83,211
133,90,223
135,86,221
137,93,230
130,92,222
135,79,214
130,99,229
134,87,221
129,81,210
131,96,227
129,87,216
134,94,228
142,99,241
140,91,231
137,82,219
134,90,224
131,89,220
133,79,212
129,96,225
132,88,220
126,89,215
127,85,212
130,95,225
132,92,224
135,85,220
119,272,391
139,273,412
143,295,438
135,322,457
288,166,454
241,158,399
223,164,387
142,161,303
125,162,287
120,158,278
120,155,275
120,152,272
128,150,278
121,149,270
121,150,271
125,147,272
125,143,268
127,140,267
123,151,274
124,149,273
124,143,267
123,136,259
122,129,251
122,122,244
124,116,240
123,110,233
124,104,228
124,107,231
140,86,226
148,90,238
147,88,235
141,89,230
88,85,173
132,85,217
87,100,187
132,85,217
103,90,193
136,85,221
136,101,237
96,92,188
138,78,216
133,93,226
144,160,304
93,117,210
156,80,236
194,101,295
142,109,251
75,91,166
111,78,189
142,82,224
146,118,264
79,86,165
121,88,209
155,97,252
137,85,222
96,85,181
130,102,232
141,85,226
103,82,185
137,102,239
139,87,226
93,75,168
129,83,212
140,136,276
75,118,193
140,163,303
191,144,335
230,88,318
215,103,318
190,90,280
107,77,184
142,121,263
153,102,255
74,153,227
116,144,260
209,178,387
226,161,387
198,123,321
195,132,327
165,123,288
174,98,272
190,85,275
148,140,288
140,145,285
184,184,368
191,215,406
200,162,362
227,112,339
245,96,341
165,134,299
119,124,243
141,99,240
160,126,286
156,131,287
129,111,240
165,144,309
167,217,384
218,141,359
277,95,372
267,90,357
170,83,253
123,88,211
128,83,211
129,100,229
122,94,216
130,83,213
136,123,259
132,126,258
155,153,308
181,143,324
213,103,316
200,157,357
206,198,404
227,130,357
252,120,372
246,120,366
171,129,300
159,170,329
174,169,343
205,150,355
185,140,325
162,168,330
152,162,314
160,145,305
131,120,251
194,97,291
152,98,250
110,102,212
115,118,233
139,126,265
158,122,280
183,210,393
169,181,350
203,149,352
210,122,332
202,115,317
143,212,355
223,156,379
200,107,307
228,99,327
151,91,242
138,77,215
131,119,250
146,142,288
140,139,279
178,88,266
179,78,257
176,179,355
134,173,307
168,114,282
195,92,287
173,87,260
118,155,273
128,150,278
173,143,316
162,135,297
124,117,241
159,97,256
154,90,244
113,84,197
125,80,205
119,172,291
139,156,295
175,141,316
167,134,301
93,128,221
150,90,240
146,85,231
104,79,183
117,208,325
126,235,361
193,189,382
248,133,381
201,114,315
189,93,282
151,88,239
101,151,252
153,128,281
168,98,266
176,81,257
119,76,195
133,133,266
121,127,248
161,94,255
171,86,257
132,211,343
148,205,353
228,138,366
296,109,405
229,101,330
184,96,280
115,97,212
121,100,221
122,86,208
142,115,257
143,142,285
172,223,395
303,117,420
312,103,415
280,111,391
167,104,271
170,93,263
148,131,279
143,116,259
162,81,243
162,151,313
145,154,299
131,142,273
158,114,272
116,95,211
143,91,234
135,106,241
81,97,178
120,106,226
139,103,242
130,94,224
134,81,215
140,90,230
131,88,219
135,96,231
89,97,186
122,91,213
122,96,218
133,93,226
125,134,259
98,120,218
166,111,277
176,91,267
138,84,222
127,170,297
133,170,303
145,128,273
190,109,299
166,101,267
158,85,243
147,100,247
121,101,222
120,97,217
77,89,166
110,91,201
121,87,208
70,78,148
106,95,201
123,105,228
83,89,172
132,103,235
148,105,253
160,98,258
153,89,242
154,105,259
123,109,232
152,107,259
147,117,264
180,91,271
164,76,240
146,102,248
132,102,234
117,97,214
90,94,184
128,119,247
152,97,249
94,95,189
136,82,218
124,130,254
123,119,242
148,100,248
145,98,243
153,139,292
165,116,281
192,132,324
193,109,302
177,93,270
172,95,267
154,104,258
126,144,270
174,128,302
181,115,296
193,108,301
157,153,310
173,143,316
218,116,334
221,138,359
210,114,324
194,167,361
203,132,335
195,106,301
197,105,302
144,100,244
165,87,252
142,131,273
153,120,273
163,99,262
164,86,250
150,120,270
142,118,260
148,106,254
164,102,266
161,139,300
183,121,304
172,157,329
198,128,326
184,96,280
184,136,320
139,129,268
172,101,273
170,174,344
160,154,314
150,147,297
162,123,285
93,106,199
121,93,214
144,86,230
134,98,232
129,141,270
156,117,273
173,92,265
178,115,293
160,123,283
176,113,289
194,155,349
200,119,319
190,93,283
168,89,257
135,95,230
136,89,225
142,94,236
129,163,292
201,179,380
235,140,375
251,108,359
208,115,323
146,153,299
198,139,337
211,176,387
222,134,356
205,103,308
183,90,273
122,103,225
145,107,252
140,103,243
143,83,226
145,106,251
133,103,236
136,102,238
150,131,281
147,123,270
184,128,312
202,156,358
200,143,343
225,151,376
223,117,340
201,117,318
198,110,308
142,98,240
160,120,280
161,102,263
173,106,279
180,119,299
159,116,275
184,163,347
195,145,340
210,118,328
192,104,296
144,106,250
149,133,282
168,102,270
181,102,283
177,144,321
174,124,298
184,151,335
204,138,342
189,111,300
181,95,276
164,108,272
149,138,287
155,106,261
178,124,302
176,122,298
157,120,277
110,103,213
149,90,239
156,121,277
147,144,291
167,137,304
206,122,328
232,129,361
224,123,347
206,104,310
181,110,291
161,132,293
162,115,277
184,126,310
198,132,330
202,117,319
186,122,308
180,140,320
173,105,278
169,97,266
167,82,249
137,142,279
149,135,284
148,136,284
151,149,300
129,139,268
175,105,280
199,112,311
195,99,294
178,108,286
154,132,286
164,112,276
168,165,333
185,160,345
176,168,344
163,183,346
134,170,304
147,148,295
174,118,292
145,126,271
170,116,286
158,103,261
163,88,251
153,124,277
153,114,267
169,146,315
187,119,306
192,121,313
195,128,323
166,102,268
179,114,293
170,110,280
165,105,270
159,90,249
149,147,296
167,116,283
188,92,280
192,104,296
147,99,246
163,134,297
178,119,297
181,103,284
166,109,275
149,112,261
144,271,415
147,264,411
149,244,393
192,200,392
199,137,336
221,108,329
196,126,322
184,108,292
176,94,270
141,111,252
151,86,237
157,131,288
163,115,278
151,100,251
140,94,234
134,113,247
150,141,291
188,108,296
196,120,316
205,137,342
208,116,324
216,142,358
207,143,350
213,110,323
200,99,299
165,144,309
140,156,296
172,144,316
177,134,311
214,124,338
217,135,352
218,105,323
193,137,330
185,121,306
182,126,308
185,113,298
167,123,290
182,102,284
181,131,312
195,107,302
174,97,271
177,112,289
155,147,302
184,129,313
193,159,352
230,159,389
253,156,409
276,145,421
277,169,446
282,171,453
274,140,414
297,136,433
259,112,371
230,122,352
193,165,358
230,109,339
236,109,345
235,111,346
184,114,298
176,122,298
202,117,319
202,133,335
225,163,388
206,149,355
195,127,322
178,109,287
179,150,329
190,147,337
220,109,329
222,128,350
195,118,313
203,112,315
182,110,292
172,96,268
151,115,266
153,129,282
191,117,308
207,121,328
232,104,336
202,88,290
184,97,281
155,84,239
144,114,258
165,116,281
180,121,301
187,121,308
192,134,326
187,111,298
203,138,341
196,127,323
183,123,306
187,100,287
185,110,295
186,104,290
172,129,301
183,97,280
188,120,308
198,132,330
188,118,306
205,120,325
214,144,358
206,120,326
221,108,329
201,135,336
200,127,327
210,106,316
211,114,325
183,111,294
171,110,281
187,119,306
189,127,316
219,112,331
214,116,330
206,107,313
169,124,293
194,118,312
182,103,285
170,121,291
156,100,256
184,117,301
198,150,348
218,107,325
209,90,299
190,142,332
188,131,319
212,143,355
208,126,334
205,116,321
196,115,311
186,92,278
193,157,350
191,117,308
193,109,302
222,130,352
176,109,285
202,109,311
199,109,308
178,92,270
184,130,314
177,135,312
200,135,335
230,105,335
222,127,349
198,134,332
195,154,349
225,106,331
224,142,366
229,141,370
221,142,363
229,144,373
218,125,343
227,134,361
225,180,405
245,186,431
262,171,433
243,185,428
228,173,401
214,174,388
243,161,404
256,138,394
247,116,363
208,155,363
186,164,350
183,175,358
190,181,371
182,186,368
194,188,382
211,191,402
201,184,385
185,194,379
164,193,357
174,189,363
191,174,365
205,146,351
200,141,341
178,139,317
164,145,309
157,152,309
162,160,322
157,160,317
152,154,306
151,152,303
154,141,295
175,124,299
189,145,334
201,147,348
201,143,344
188,164,352
166,180,346
159,190,349
154,201,355
160,207,367
163,228,391
175,224,399
176,230,406
179,233,412
170,229,399
195,193,388
246,140,386
273,153,426
266,145,411
227,136,363
216,141,357
210,120,330
189,101,290
191,139,330
174,146,320
168,151,319
171,157,328
160,165,325
158,174,332
155,186,341
158,188,346
159,189,348
154,195,349
162,201,363
163,205,368
165,206,371
177,203,380
174,209,383
180,207,387
178,201,379
183,202,385
173,209,382
171,205,376
174,201,375
176,212,388
164,222,386
176,271,447
318,137,455
342,139,481
346,133,479
225,164,389
223,157,380
250,171,421
271,140,411
274,148,422
272,149,421
233,125,358
206,128,334
240,139,379
256,153,409
269,121,390
241,103,344
183,130,313
150,158,308
207,144,351
240,133,373
226,143,369
225,129,354
212,169,381
247,140,387
249,118,367
229,119,348
189,131,320
198,163,361
224,144,368
234,120,354
215,188,403
214,171,385
265,119,384
285,143,428
236,141,377
214,143,357
179,152,331
181,152,333
239,153,392
297,151,448
296,151,447
253,136,389
229,156,385
235,160,395
256,132,388
227,128,355
196,128,324
178,113,291
192,136,328
189,154,343
202,150,352
211,142,353
226,159,385
224,150,374
215,165,380
204,171,375
183,187,370
196,184,380
197,182,379
201,182,383
198,176,374
198,159,357
215,153,368
191,155,346
194,189,383
251,169,420
303,172,475
326,133,459
252,114,366
209,154,363
199,133,332
206,139,345
218,155,373
222,135,357
228,123,351
228,150,378
236,190,426
235,171,406
253,151,404
244,138,382
225,153,378
236,181,417
297,180,477
313,142,455
308,184,492
266,161,427
273,120,393
250,127,377
244,133,377
210,125,335
219,191,410
217,239,456
307,155,462
355,150,505
374,188,562
324,119,443
294,183,477
303,134,437
252,120,372
239,130,369
209,189,398
212,188,400
238,192,430
294,147,441
252,106,358
247,158,405
226,158,384
226,180,406
288,121,409
248,123,371
261,156,417
273,128,401
287,160,447
303,162,465
253,130,383
234,107,341
206,174,380
186,189,375
201,145,346
224,113,337
188,118,306
212,164,376
220,178,398
245,115,360
243,133,376
218,133,351
171,154,325
195,143,338
214,172,386
239,137,376
231,101,332
198,155,353
232,190,422
296,145,441
332,95,427
268,260,528
279,241,520
318,204,522
400,226,626
398,211,609
404,154,558
404,159,563
369,139,508
281,154,435
219,223,442
302,117,419
293,143,436
371,162,533
247,197,444
324,106,430
274,106,380
235,208,443
236,143,379
288,173,461
292,153,445
245,210,455
289,156,445
304,206,510
291,167,458
260,162,422
273,183,456
271,185,456
287,317,604
341,248,589
356,214,570
349,160,509
228,241,469
355,184,539
429,194,623
412,184,596
353,161,514
376,155,531
313,98,411
269,164,433
234,164,398
222,182,404
291,169,460
295,175,470
297,204,501
286,165,451
222,219,441
330,162,492
293,201,494
379,152,531
340,115,455
296,111,407
246,215,461
192,203,395
284,144,428
290,171,461
314,118,432
259,149,408
288,99,387
226,216,442
250,243,493
249,223,472
401,153,554
373,250,623
386,251,637
353,200,553
386,173,559
361,120,481
348,214,562
296,146,442
265,122,387
318,163,481
221,168,389
245,120,365
218,176,394
181,184,365
298,134,432
282,135,417
236,151,387
239,278,517
233,349,582
290,299,589
290,267,557
313,223,536
258,215,473
177,203,380
178,199,377
225,152,377
236,124,360
229,110,339
195,124,319
196,158,354
195,143,338
229,189,418
207,175,382
214,217,431
256,178,434
222,154,376
255,116,371
210,114,324
199,131,330
196,137,333
174,173,347
208,146,354
243,109,352
234,137,371
210,134,344
224,167,391
225,172,397
200,199,399
169,203,372
138,173,311
177,161,338
177,133,310
183,135,318
200,128,328
197,133,330
209,151,360
224,141,365
225,116,341
212,158,370
199,124,323
180,125,305
196,141,337
165,114,279
204,157,361
191,160,351
206,150,356
241,134,375
216,107,323
229,118,347
184,141,325
197,147,344
211,147,358
239,136,375
235,152,387
224,137,361
221,156,377
222,119,341
217,136,353
224,138,362
201,116,317
205,106,311
190,182,372
195,150,345
187,142,329
193,137,330
153,141,294
233,170,403
250,127,377
237,133,370
230,167,397
184,128,312
216,115,331
206,100,306
156,123,279
170,124,294
166,165,331
198,175,373
237,171,408
261,144,405
210,126,336
202,144,346
197,124,321
225,135,360
231,174,405
245,131,376
255,135,390
244,140,384
236,115,351
203,126,329
198,111,309
192,119,311
187,171,358
192,133,325
235,172,407
256,144,400
197,138,335
192,115,307
117,121,238
164,137,301
188,113,301
191,118,309
210,160,370
196,142,338
225,122,347
202,117,319
180,116,296
203,130,333
208,128,336
233,136,369
244,167,411
232,162,394
230,156,386
185,170,355
195,134,329
225,112,337
221,116,337
204,119,323
171,164,335
206,122,328
214,118,332
220,167,387
201,140,341
219,107,326
206,123,329
164,133,297
188,126,314
195,105,300
180,109,289
172,131,303
164,144,308
196,105,301
210,138,348
208,130,338
187,132,319
219,138,357
208,183,391
246,118,364
214,167,381
214,147,361
169,127,296
204,172,376
205,139,344
206,121,327
202,87,289
136,138,274
173,126,299
185,168,353
195,153,348
154,150,304
167,149,316
144,108,252
192,113,305
207,110,317
172,93,265
155,146,301
154,159,313
175,137,312
194,182,376
207,156,363
247,141,388
254,151,405
229,146,375
221,140,361
249,118,367
207,143,350
223,144,367
218,122,340
218,110,328
199,97,296
167,111,278
155,141,296
170,233,403
213,218,431
265,200,465
258,209,467
209,218,427
182,217,399
183,201,384
189,220,409
212,205,417
202,220,422
181,213,394
155,192,347
159,185,344
166,174,340
189,162,351
203,147,350
205,145,350
215,111,326
201,117,318
231,181,412
221,146,367
224,122,346
210,135,345
156,146,302
177,137,314
176,196,372
206,168,374
223,154,377
234,145,379
192,104,296
204,115,319
186,114,300
171,199,370
181,190,371
158,250,408
151,260,411
70,250,320
120,246,366
215,177,392
224,176,400
184,172,356
178,178,356
189,164,353
198,167,365
196,151,347
176,164,340
164,188,352
150,200,350
171,177,348
183,186,369
183,199,382
164,200,364
155,192,347
170,183,353
197,144,341
199,148,347
214,125,339
208,131,339
167,153,320
200,117,317
174,145,319
166,148,314
144,142,286
187,150,337
176,171,347
200,159,359
209,135,344
208,140,348
238,210,448
245,315,560
411,186,597
379,228,607
285,224,509
184,234,418
178,235,413
191,215,406
189,208,397
180,209,389
173,193,366
168,202,370
168,185,353
167,176,343
156,194,350
160,172,332
190,121,311
214,95,309
212,186,398
226,155,381
207,142,349
226,135,361
161,127,288
203,137,340
185,147,332
184,129,313
202,159,361
227,135,362
243,117,360
194,150,344
195,117,312
180,106,286
186,145,331
178,147,325
244,149,393
214,167,381
212,173,385
214,162,376
180,163,343
203,150,353
189,162,351
180,153,333
184,144,328
192,152,344
189,138,327
202,135,337
198,128,326
180,124,304
143,125,268
122,139,261
132,143,275
145,152,297
135,197,332
170,200,370
162,210,372
155,247,402
153,262,415
134,289,423
179,267,446
228,219,447
250,258,508
214,322,536
167,305,472
194,273,467
264,231,495
258,230,488
215,252,467
185,243,428
172,278,450
200,269,469
188,249,437
192,252,444
210,241,451
202,269,471
156,286,442
156,269,425
219,267,486
225,262,487
261,202,463
224,206,430
255,182,437
190,167,357
194,167,361
179,196,375
161,218,379
161,221,382
158,240,398
170,261,431
224,190,414
259,205,464
259,229,488
180,246,426
146,294,440
154,291,445
207,246,453
207,237,444
251,215,466
183,208,391
227,212,439
171,244,415
150,250,400
155,270,425
180,266,446
204,261,465
202,255,457
222,241,463
186,246,432
227,231,458
205,227,432
183,252,435
185,240,425
185,236,421
181,241,422
193,199,392
199,191,390
197,217,414
151,247,398
158,309,467
152,349,501
179,335,514
213,322,535
285,280,565
294,258,552
256,279,535
243,232,475
196,266,462
212,283,495
185,258,443
187,259,446
236,246,482
216,291,507
227,289,516
162,304,466
191,292,483
271,208,479
264,245,509
245,261,506
220,218,438
208,232,440
204,233,437
184,212,396
200,192,392
213,191,404
207,189,396
173,208,381
182,192,374
192,210,402
189,227,416
197,205,402
195,187,382
202,188,390
169,197,366
153,176,329
154,192,346
144,214,358
140,202,342
161,213,374
162,228,390
168,214,382
168,260,428
202,236,438
203,208,411
224,217,441
206,204,410
165,186,351
154,186,340
174,179,353
151,177,328
158,193,351
139,194,333
122,211,333
142,202,344
155,212,367
192,258,450
217,242,459
194,262,456
184,250,434
182,248,430
160,276,436
224,255,479
228,250,478
236,254,490
194,288,482
157,268,425
187,285,472
222,265,487
206,274,480
227,265,492
205,250,455
194,268,462
221,247,468
226,235,461
222,262,484
207,235,442
190,237,427
222,221,443
188,237,425
180,268,448
206,232,438
207,275,482
244,397,641
234,370,604
238,370,608
354,253,607
328,225,553
333,190,523
294,136,430
280,143,423
276,132,408
222,122,344
218,166,384
204,147,351
211,126,337
203,163,366
217,121,338
227,167,394
242,146,388
200,160,360
200,159,359
196,139,335
233,154,387
248,157,405
250,134,384
237,164,401
228,163,391
233,160,393
229,173,402
211,223,434
215,225,440
246,235,481
296,191,487
281,191,472
254,205,459
242,210,452
237,174,411
246,155,401
271,147,418
246,123,369
244,103,347
211,96,307
185,116,301
161,157,318
181,139,320
192,171,363
204,158,362
213,122,335
243,157,400
233,122,355
236,140,376
230,158,388
253,151,404
248,116,364
272,132,404
244,125,369
218,130,348
236,160,396
214,134,348
200,133,333
196,166,362
176,156,332
195,174,369
170,174,344
133,166,299
200,124,324
229,143,372
243,107,350
200,143,343
179,141,320
162,148,310
229,161,390
232,153,385
272,90,362
225,126,351
191,165,356
204,143,347
194,127,321
178,107,285
154,158,312
191,147,338
210,121,331
220,131,351
194,105,299
163,116,279
187,127,314
167,128,295
199,121,320
183,199,382
204,162,366
189,193,382
196,158,354
133,135,268
200,150,350
197,178,375
186,159,345
211,112,323
205,116,321
204,122,326
209,126,335
177,135,312
189,130,319
193,169,362
200,164,364
200,143,343
202,132,334
181,123,304
188,127,315
162,137,299
191,118,309
156,140,296
186,120,306
178,173,351
208,138,346
222,153,375
244,153,397
217,140,357
238,115,353
189,100,289
160,139,299
176,119,295
177,202,379
199,188,387
173,174,347
199,135,334
160,129,289
249,144,393
236,132,368
225,114,339
220,146,366
191,161,352
170,167,337
241,139,380
245,140,385
229,152,381
222,130,352
233,145,378
235,148,383
221,122,343
233,120,353
199,160,359
187,136,323
196,104,300
223,154,377
194,152,346
192,144,336
179,154,333
168,124,292
180,153,333
235,159,394
222,118,340
222,145,367
209,147,356
191,122,313
190,118,308
212,129,341
222,125,347
207,110,317
203,140,343
163,156,319
163,156,319
174,148,322
149,135,284
173,122,295
181,156,337
201,125,326
183,170,353
224,127,351
198,112,310
211,105,316
151,184,335
165,182,347
173,216,389
171,228,399
196,171,367
226,159,385
276,121,397
249,138,387
223,146,369
191,127,318
194,110,304
188,139,327
189,126,315
178,115,293
174,120,294
187,153,340
209,134,343
201,150,351
203,156,359
194,138,332
219,117,336
204,94,298
165,136,301
178,171,349
201,125,326
204,131,335
193,154,347
165,166,331
159,146,305
187,149,336
210,127,337
211,181,392
261,145,406
214,141,355
217,131,348
181,125,306
183,140,323
198,121,319
192,160,352
202,140,342
192,121,313
212,147,359
185,136,321
212,146,358
223,116,339
203,99,302
188,121,309
161,119,280
158,143,301
183,156,339
212,125,337
245,143,388
207,125,332
200,119,319
192,133,325
173,117,290
198,137,335
177,128,305
187,109,296
169,98,267
145,111,256
155,106,261
152,187,339
178,160,338
194,131,325
193,126,319
155,121,276
145,120,265
138,109,247
140,112,252
149,123,272
148,121,269
167,105,272
174,112,286
126,109,235
172,127,299
163,152,315
142,157,299
172,138,310
170,123,293
213,155,368
204,136,340
200,134,334
196,101,297
182,105,287
184,145,329
173,181,354
236,139,375
239,144,383
257,128,385
225,147,372
227,129,356
218,145,363
219,151,370
209,167,376
217,155,372
250,150,400
246,145,391
232,181,413
250,250,500
316,137,453
355,147,502
332,134,466
278,146,424
234,159,393
253,136,389
228,176,404
249,137,386
263,131,394
230,137,367
219,137,356
191,128,319
192,140,332
191,113,304
201,149,350
211,138,349
203,147,350
248,121,369
220,103,323
209,105,314
160,133,293
159,130,289
180,170,350
207,168,375
226,137,363
242,135,377
213,140,353
236,180,416
237,193,430
225,188,413
249,129,378
233,158,391
250,177,427
270,121,391
238,140,378
214,122,336
215,161,376
219,142,361
229,149,378
226,118,344
210,176,386
246,132,378
209,139,348
222,109,331
177,141,318
202,161,363
218,130,348
230,178,408
224,187,411
184,197,381
187,199,386
177,153,330
257,109,366
263,141,404
253,109,362
200,139,339
210,145,355
212,178,390
227,137,364
202,129,331
207,110,317
200,131,331
206,150,356
228,163,391
223,137,360
207,131,338
212,151,363
209,127,336
229,132,361
231,113,344
209,146,355
219,130,349
209,130,339
228,111,339
221,156,377
318,125,443
326,170,496
341,146,487
305,126,431
242,163,405
255,176,431
256,145,401
263,126,389
254,153,407
206,134,340
220,143,363
204,117,321
196,126,322
248,150,398
241,147,388
261,129,390
237,134,371
236,123,359
232,130,362
251,132,383
232,118,350
241,110,351
203,139,342
223,123,346
197,124,321
217,133,350
211,145,356
224,110,334
240,103,343
216,146,362
207,112,319
241,113,354
234,152,386
230,140,370
233,132,365
238,134,372
242,127,369
237,161,398
249,133,382
221,122,343
217,147,364
216,161,377
246,131,377
248,157,405
255,119,374
214,143,357
234,120,354
211,171,382
243,146,389
251,166,417
270,159,429
265,161,426
241,150,391
237,164,401
250,124,374
254,144,398
243,154,397
228,156,384
254,127,381
238,135,373
225,132,357
216,138,354
226,127,353
222,147,369
224,124,348
231,115,346
227,148,375
209,140,349
238,129,367
231,111,342
222,140,362
201,128,329
197,117,314
197,149,346
180,133,313
210,117,327
202,100,302
193,141,334
208,136,344
200,108,308
195,124,319
182,124,306
211,147,358
212,138,350
236,116,352
219,147,366
214,124,338
194,149,343
203,132,335
198,153,351
239,114,353
233,128,361
217,148,365
219,129,348
220,126,346
224,136,360
212,264,476
265,273,538
273,276,549
274,262,536
213,277,490
185,288,473
189,251,440
255,223,478
248,212,460
207,197,404
183,192,375
151,184,335
146,155,301
150,158,308
134,163,297
106,178,284
124,192,316
120,214,334
119,222,341
134,217,351
160,229,389
168,220,388
171,212,383
160,225,385
171,195,366
160,200,360
149,213,362
150,200,350
196,178,374
212,151,363
223,118,341
228,146,374
216,161,377
217,136,353
193,128,321
205,180,385
210,143,353
224,189,413
234,155,389
190,182,372
174,201,375
92,220,312
133,219,352
191,167,358
182,165,347
221,123,344
191,109,300
156,132,288
130,140,270
154,143,297
131,152,283
151,132,283
146,126,272
148,152,300
132,126,258
161,135,296
185,121,306
172,98,270
184,99,283
144,107,251
134,93,227
121,91,212
121,92,213
140,104,244
132,132,264
157,141,298
182,128,310
187,126,313
154,117,271
141,135,276
134,102,236
180,115,295
169,99,268
154,117,271
157,100,257
152,88,240
160,122,282
143,137,280
150,133,283
162,121,283
144,105,249
135,113,248
161,110,271
179,116,295
170,119,289
166,126,292
162,137,299
174,121,295
193,104,297
167,157,324
185,133,318
176,140,316
191,117,308
165,115,280
167,140,307
157,121,278
187,153,340
211,125,336
189,120,309
189,112,301
157,93,250
160,141,301
163,109,272
158,153,311
188,132,320
163,118,281
163,146,309
129,147,276
136,144,280
127,150,277
130,157,287
127,149,276
161,136,297
205,127,332
193,138,331
207,100,307
185,124,309
170,137,307
169,114,283
177,100,277
173,118,291
158,106,264
161,128,289
155,113,268
164,94,258
174,181,355
163,171,334
118,185,303
137,195,332
79,214,293
124,224,348
152,237,389
166,245,411
171,268,439
173,274,447
196,254,450
211,243,454
216,263,479
234,315,549
250,304,554
257,300,557
280,293,573
288,248,536
285,256,541
260,257,517
230,279,509
199,254,453
211,271,482
227,291,518
233,310,543
243,295,538
234,291,525
232,279,511
252,263,515
231,272,503
239,280,519
202,297,499
210,291,501
185,281,466
238,306,544
236,303,539
233,295,528
253,280,533
263,255,518
280,215,495
236,204,440
233,190,423
223,175,398
213,173,386
196,152,348
187,148,335
209,141,350
211,145,356
217,157,374
214,167,381
232,145,377
231,126,357
196,143,339
130,145,275
122,150,272
139,143,282
150,144,294
143,142,285
140,145,285
216,162,378
214,165,379
222,130,352
203,107,310
157,95,252
200,124,324
186,206,392
220,166,386
232,161,393
215,149,364
175,156,331
208,165,373
230,143,373
234,160,394
244,180,424
229,135,364
203,124,327
144,118,262
152,141,293
170,165,335
199,167,366
227,173,400
225,184,409
215,176,391
202,163,365
212,117,329
194,107,301
186,102,288
172,100,272
160,100,260
131,106,237
146,109,255
147,111,258
141,130,271
143,129,272
156,157,313
151,201,352
157,193,350
183,240,423
225,241,466
244,233,477
234,246,480
178,237,415
203,290,493
182,294,476
181,280,461
232,219,451
271,184,455
260,188,448
212,177,389
176,148,324
200,130,330
199,205,404
202,205,407
209,197,406
180,200,380
166,199,365
145,195,340
144,193,337
181,190,371
165,187,352
204,172,376
137,162,299
190,154,344
185,147,332
190,143,333
195,137,332
188,112,300
190,167,357
194,172,366
183,164,347
204,157,361
198,147,345
207,140,347
189,168,357
211,158,369
199,170,369
187,160,347
193,150,343
214,142,356
188,135,323
213,158,371
217,151,368
211,149,360
186,164,350
149,195,344
122,203,325
105,230,335
130,257,387
185,221,406
203,219,422
235,238,473
203,233,436
206,221,427
213,201,414
215,194,409
206,191,397
225,187,412
199,177,376
190,193,383
165,199,364
154,205,359
164,226,390
162,244,406
175,285,460
325,168,493
365,142,507
317,130,447
207,145,352
186,161,347
151,209,360
169,230,399
134,274,408
123,284,407
155,271,426
186,239,425
234,213,447
244,202,446
223,183,406
182,208,390
152,230,382
152,239,391
161,249,410
148,298,446
182,256,438
222,237,459
206,252,458
222,256,478
195,251,446
178,230,408
192,222,414
206,213,419
203,218,421
197,235,432
155,256,411
168,255,423
173,267,440
192,246,438
200,245,445
207,285,492
205,301,506
193,313,506
191,302,493
239,274,513
255,284,539
260,285,545
211,291,502
210,294,504
226,284,510
226,303,529
227,287,514
214,255,469
234,236,470
254,206,460
233,212,445
197,243,440
141,261,402
150,242,392
175,212,387
223,200,423
191,219,410
162,292,454
144,324,468
152,372,524
211,336,547
265,293,558
286,270,556
283,222,505
247,225,472
201,253,454
153,294,447
168,278,446
180,280,460
233,266,499
219,272,491
235,260,495
220,245,465
225,240,465
200,264,464
202,260,462
186,271,457
222,257,479
202,272,474
217,299,516
199,315,514
217,341,558
217,329,546
256,329,585
257,375,632
261,342,603
234,351,585
313,296,609
295,273,568
266,318,584
255,262,517
245,296,541
256,303,559
217,285,502
218,298,516
242,267,509
244,257,501
257,294,551
208,341,549
186,362,548
242,311,553
226,303,529
298,252,550
271,237,508
264,226,490
195,224,419
174,226,400
186,247,433
182,320,502
154,367,521
183,333,516
253,286,539
311,248,559
270,299,569
229,304,533
177,292,469
186,280,466
248,299,547
249,291,540
227,296,523
230,243,473
245,258,503
245,333,578
167,399,566
212,388,600
234,419,653
312,365,677
318,312,630
356,302,658
322,289,611
257,316,573
192,337,529
250,331,581
247,395,642
262,447,709
250,394,644
319,358,677
381,345,726
332,335,667
282,352,634
266,291,557
284,298,582
262,353,615
217,331,548
221,362,583
255,304,559
265,304,569
290,302,592
252,409,661
223,530,753
211,520,731
232,529,761
483,352,835
445,406,851
472,396,868
245,391,636
354,319,673
344,339,683
330,366,696
264,331,595
253,369,622
308,333,641
266,386,652
287,338,625
252,331,583
331,305,636
283,343,626
254,392,646
235,366,601
295,321,616
301,350,651
312,380,692
271,418,689
261,449,710
319,353,672
354,308,662
406,285,691
316,337,653
271,382,653
210,370,580
252,320,572
325,242,567
318,249,567
271,291,562
189,297,486
183,308,491
217,300,517
245,291,536
245,282,527
237,257,494
229,231,460
241,213,454
209,232,441
176,249,425
158,273,431
161,289,450
196,258,454
216,248,464
232,279,511
211,273,484
187,263,450
225,224,449
224,205,429
211,220,431
177,243,420
158,248,406
164,271,435
192,248,440
202,273,475
202,274,476
193,277,470
209,265,474
230,254,484
211,262,473
191,253,444
195,267,462
192,260,452
196,265,461
205,255,460
207,257,464
216,269,485
194,284,478
203,283,486
197,296,493
250,254,504
253,286,539
223,326,549
219,276,495
234,255,489
261,267,528
221,260,481
201,299,500
194,299,493
205,295,500
253,274,527
230,299,529
247,278,525
211,289,500
246,262,508
222,257,479
209,263,472
224,235,459
192,261,453
215,252,467
190,280,470
206,286,492
193,286,479
205,277,482
225,303,528
236,314,550
219,308,527
216,302,518
258,267,525
257,264,521
249,296,545
199,298,497
207,280,487
221,271,492
249,279,528
229,298,527
202,309,511
195,288,483
242,242,484
273,242,515
237,242,479
181,254,435
176,249,425
211,227,438
220,264,484
189,268,457
187,248,435
177,256,433
226,243,469
198,269,467
185,288,473
153,329,482
215,296,511
227,287,514
233,282,515
252,239,491
220,261,481
225,235,460
193,242,435
209,247,456
187,252,439
178,263,441
186,253,439
193,292,485
219,286,505
201,314,515
200,328,528
228,286,514
246,283,529
251,238,489
234,264,498
233,270,503
182,278,460
192,280,472
209,252,461
217,253,470
228,249,477
198,261,459
203,260,463
191,255,446
212,237,449
202,250,452
218,244,462
193,225,418
196,244,440
190,235,425
191,219,410
185,229,414
183,243,426
173,264,437
174,282,456
173,299,472
204,274,478
225,269,494
241,241,482
226,242,468
217,236,453
187,244,431
179,232,411
190,226,416
181,246,427
191,235,426
178,237,415
197,241,438
185,244,429
184,247,431
193,249,442
188,288,476
195,290,485
190,295,485
207,287,494
236,263,499
237,289,526
215,320,535
210,298,508
208,295,503
239,281,520
263,248,511
223,239,462
218,242,460
206,210,416
200,242,442
183,258,441
177,249,426
183,249,432
196,254,450
199,248,447
199,233,432
184,233,417
196,216,412
189,254,443
185,291,476
158,297,455
179,304,483
232,273,505
240,296,536
227,308,535
217,298,515
216,316,532
254,288,542
231,289,520
232,305,537
238,296,534
235,280,515
224,281,505
236,258,494
227,249,476
223,273,496
184,291,475
188,285,473
216,263,479
219,251,470
233,254,487
212,267,479
201,281,482
183,280,463
217,258,475
223,227,450
229,225,454
192,249,441
240,184,424
219,184,403
221,192,413
148,211,359
130,244,374
148,264,412
158,273,431
178,267,445
194,227,421
224,217,441
213,230,443
177,239,416
149,263,412
180,234,414
193,262,455
206,277,483
183,287,470
192,292,484
215,260,475
253,224,477
238,249,487
211,255,466
170,282,452
208,248,456
193,276,469
216,254,470
203,235,438
209,240,449
209,224,433
176,241,417
187,255,442
174,256,430
180,272,452
204,260,464
212,265,477
231,272,503
191,299,490
205,289,494
197,283,480
243,279,522
238,260,498
221,283,504
214,271,485
212,261,473
224,253,477
219,243,462
205,230,435
207,221,428
195,229,424
177,237,414
174,238,412
164,263,427
189,237,426
198,225,423
199,224,423
211,221,432
200,238,438
180,283,463
158,284,442
183,252,435
220,239,459
235,246,481
210,230,440
168,224,392
195,184,379
197,172,369
191,174,365
151,179,330
136,240,376
135,252,387
230,225,455
324,156,480
344,157,501
277,137,414
199,121,320
173,128,301
156,128,284
133,133,266
126,136,262
128,137,265
135,127,262
138,129,267
143,129,272
129,131,260
135,140,275
128,143,271
117,144,261
126,149,275
131,163,294
135,167,302
142,168,310
133,169,302
132,175,307
124,174,298
132,173,305
137,176,313
135,182,317
133,186,319
137,190,327
137,191,328
139,196,335
158,180,338
158,177,335
163,176,339
147,177,324
140,174,314
140,171,311
138,171,309
139,166,305
140,162,302
137,162,299
137,166,303
132,164,296
131,167,298
132,175,307
129,193,322
139,193,332
140,197,337
166,175,341
173,177,350
178,203,381
157,207,364
159,211,370
160,227,387
160,244,404
175,261,436
171,272,443
189,279,468
207,295,502
208,309,517
215,293,508
212,290,502
243,258,501
235,274,509
235,283,518
198,286,484
221,256,477
227,261,488
235,258,493
176,291,467
203,315,518
192,320,512
229,295,524
222,281,503
262,229,491
255,216,471
239,209,448
194,207,401
189,200,389
188,214,402
177,243,420
163,273,436
147,316,463
177,311,488
215,293,508
245,284,529
248,258,506
241,244,485
226,239,465
213,220,433
200,230,430
197,259,456
178,285,463
175,281,456
190,257,447
226,247,473
254,261,515
231,284,515
188,333,521
189,327,516
227,281,508
254,270,524
279,243,522
254,243,497
228,278,506
178,299,477
169,279,448
213,271,484
241,261,502
224,275,499
217,264,481
196,288,484
228,278,506
230,300,530
216,331,547
217,315,532
213,303,516
273,272,545
276,239,515
247,255,502
215,248,463
176,246,422
195,245,440
194,231,425
186,241,427
198,234,432
190,238,428
188,247,435
180,250,430
198,279,477
206,284,490
191,317,508
190,328,518
227,276,503
246,267,513
241,238,479
277,181,458
281,193,474
257,204,461
172,206,378
164,201,365
158,205,363
193,168,361
210,145,355
230,295,525
186,341,527
169,381,550
166,420,586
277,327,604
301,293,594
219,268,487
257,247,504
246,259,505
217,287,504
176,292,468
202,271,473
208,277,485
222,234,456
228,231,459
217,225,442
255,157,412
222,193,415
198,221,419
137,238,375
128,276,404
159,278,437
151,292,443
205,276,481
224,257,481
212,277,489
209,273,482
211,268,479
214,271,485
211,270,481
209,269,478
216,264,480
197,290,487
219,283,502
193,326,519
228,312,540
220,301,521
237,302,539
251,269,520
231,294,525
242,280,522
210,280,490
222,267,489
217,265,482
221,268,489
208,304,512
180,317,497
217,295,512
199,342,541
261,353,614
232,360,592
242,348,590
239,299,538
305,239,544
284,265,549
242,249,491
194,249,443
172,271,443
197,258,455
199,252,451
207,289,496
174,307,481
213,279,492
227,286,513
228,299,527
209,305,514
233,316,549
234,342,576
247,314,561
233,291,524
258,240,498
266,185,451
298,182,480
259,195,454
229,170,399
196,181,377
199,174,373
189,171,360
151,183,334
115,226,341
125,258,383
110,268,378
179,240,419
172,256,428
222,234,456
176,253,429
192,271,463
185,291,476
187,300,487
185,302,487
229,278,507
251,259,510
218,285,503
226,273,499
204,278,482
217,287,504
223,262,485
213,287,500
217,285,502
206,299,505
229,296,525
216,293,509
232,288,520
250,278,528
240,284,524
220,259,479
217,249,466
221,230,451
221,251,472
189,278,467
180,324,504
173,349,522
217,327,544
227,338,565
273,309,582
280,296,576
276,302,578
239,278,517
243,249,492
230,256,486
220,238,458
193,265,458
211,272,483
208,285,493
205,310,515
193,318,511
211,293,504
215,262,477
257,238,495
244,235,479
217,243,460
175,264,439
186,248,434
194,252,446
198,295,493
196,285,481
193,282,475
195,286,481
244,240,484
220,264,484
209,252,461
175,235,410
192,206,398
235,157,392
244,166,410
218,184,402
147,207,354
93,226,319
143,217,360
139,258,397
191,243,434
214,207,421
212,213,425
158,226,384
144,228,372
160,238,398
193,220,413
161,247,408
192,249,441
169,286,455
174,300,474
185,261,446
225,216,441
258,197,455
239,203,442
192,217,409
154,231,385
150,263,413
168,273,441
180,293,473
198,295,493
220,285,505
211,287,498
237,256,493
230,268,498
227,296,523
200,322,522
181,320,501
213,300,513
246,295,541
296,243,539
243,251,494
243,240,483
198,240,438
180,256,436
185,234,419
180,242,422
197,228,425
179,275,454
192,300,492
170,310,480
192,301,493
232,266,498
254,236,490
241,248,489
208,234,442
193,234,427
178,252,430
186,267,453
172,289,461
202,291,493
194,294,488
213,273,486
237,250,487
232,270,502
216,280,496
191,274,465
198,279,477
214,272,486
219,268,487
207,283,490
208,270,478
198,288,486
216,276,492
212,274,486
234,285,519
214,296,510
212,283,495
231,248,479
226,235,461
231,218,449
197,234,431
193,244,437
142,288,430
166,274,440
199,278,477
193,285,478
218,262,480
220,240,460
232,232,464
163,240,403
204,211,415
200,211,411
201,216,417
158,236,394
183,203,386
185,228,413
171,260,431
156,266,422
176,261,437
181,293,474
211,283,494
192,303,495
209,294,503
229,279,508
237,284,521
245,286,531
211,299,510
240,268,508
208,257,465
231,245,476
222,216,438
235,198,433
196,233,429
181,248,429
148,248,396
170,255,425
187,244,431
197,247,444
198,267,465
182,278,460
186,276,462
205,252,457
211,249,460
199,243,442
210,253,463
191,272,463
185,253,438
187,244,431
215,247,462
206,260,466
201,282,483
166,332,498
208,309,517
220,299,519
225,307,532
245,290,535
236,289,525
240,291,531
218,293,511
229,286,515
218,326,544
228,325,553
212,314,526
242,307,549
240,322,562
256,317,573
251,308,559
252,272,524
250,261,511
284,223,507
260,217,477
205,236,441
169,247,416
155,264,419
183,254,437
194,266,460
212,259,471
199,292,491
203,281,484
203,277,480
228,269,497
226,281,507
211,282,493
209,258,467
219,224,443
199,235,434
224,226,450
190,258,448
189,286,475
159,303,462
160,265,425
239,225,464
227,263,490
213,275,488
178,295,473
300,177,477
284,192,476
370,124,494
256,138,394
269,114,383
207,138,345
201,116,317
175,156,331
208,171,379
213,190,403
246,176,422
213,182,395
168,179,347
171,182,353
162,178,340
166,167,333
156,151,307
172,130,302
194,115,309
199,117,316
194,95,289
177,133,310
165,132,297
175,115,290
187,93,280
168,95,263
158,92,250
135,119,254
144,110,254
144,112,256
155,101,256
145,99,244
151,109,260
144,101,245
161,162,323
168,175,343
207,124,331
216,110,326
180,125,305
181,150,331
196,114,310
200,101,301
182,94,276
158,105,263
155,106,261
152,98,250
146,93,239
143,113,256
150,116,266
163,167,330
177,159,336
185,154,339
195,156,351
201,139,340
221,137,358
209,129,338
181,136,317
195,108,303
208,167,375
203,141,344
178,129,307
186,123,309
170,116,286
205,148,353
213,114,327
197,120,317
186,135,321
175,162,337
215,175,390
229,153,382
250,159,409
241,121,362
221,146,367
226,133,359
204,118,322
201,140,341
199,119,318
204,149,353
219,134,353
195,133,328
191,112,303
165,128,293
159,129,288
159,157,316
165,216,381
169,212,381
183,182,365
174,171,345
188,159,347
190,138,328
185,148,333
205,145,350
197,127,324
212,133,345
173,153,326
182,166,348
162,196,358
163,202,365
151,200,351
126,188,314
161,172,333
196,157,353
231,146,377
217,167,384
205,157,362
191,130,321
235,141,376
222,144,366
210,131,341
222,138,360
180,127,307
236,146,382
198,139,337
180,129,309
180,160,340
184,138,322
229,104,333
225,133,358
168,158,326
203,151,354
215,171,386
266,125,391
253,101,354
210,135,345
165,117,282
164,118,282
174,155,329
168,226,394
207,199,406
201,185,386
237,154,391
269,152,421
276,154,430
256,244,500
243,302,545
275,271,546
270,251,521
299,219,518
318,135,453
82,126,208
122,120,242
157,154,311
140,170,310
131,167,298
144,177,321
152,181,333
147,198,345
133,244,377
127,271,398
155,259,414
199,223,422
230,194,424
218,163,381
212,137,349
220,153,373
206,163,369
202,164,366
216,156,372
227,134,361
223,122,345
227,111,338
203,133,336
194,161,355
226,180,406
260,131,391
244,106,350
229,158,387
197,139,336
186,123,309
160,145,305
163,122,285
227,181,408
245,143,388
253,148,401
250,144,394
214,139,353
238,123,361
208,143,351
208,131,339
206,117,323
199,125,324
195,189,384
213,184,397
198,159,357
210,131,341
217,138,355
229,127,356
235,159,394
197,175,372
228,171,399
222,167,389
224,161,385
187,183,370
153,183,336
205,133,338
229,126,355
246,182,428
237,154,391
241,177,418
227,185,412
191,177,368
204,162,366
201,157,358
244,162,406
264,151,415
246,161,407
288,165,453
273,136,409
291,161,452
263,189,452
228,209,437
299,217,516
316,188,504
323,171,494
300,112,412
225,116,341
239,149,388
203,150,353
184,155,339
209,167,376
227,171,398
259,125,384
260,140,400
227,130,357
219,168,387
219,154,373
193,145,338
191,122,313
196,127,323
203,119,322
219,128,347
181,215,396
228,161,389
230,135,365
241,114,355
163,131,294
211,145,356
211,185,396
230,148,378
250,128,378
207,151,358
202,157,359
202,147,349
216,153,369
214,144,358
223,132,355
204,129,333
200,151,351
181,171,352
174,172,346
185,142,327
187,120,307
208,112,320
196,122,318
186,120,306
194,123,317
207,137,344
181,152,333
197,141,338
203,201,404
215,189,404
207,168,375
254,123,377
250,161,411
243,152,395
203,147,350
192,135,327
189,125,314
213,118,331
204,129,333
193,117,310
197,124,321
210,134,344
216,135,351
215,143,358
186,131,317
201,134,335
219,135,354
221,124,345
216,115,331
190,120,310
169,135,304
175,166,341
202,141,343
198,120,318
180,146,326
151,104,255
193,142,335
192,129,321
181,164,345
196,146,342
199,152,351
231,167,398
190,161,351
196,143,339
162,122,284
183,120,303
174,150,324
215,150,365
237,168,405
230,177,407
219,176,395
186,194,380
125,214,339
185,202,387
195,190,385
224,151,375
237,139,376
237,130,367
220,170,390
229,138,367
257,129,386
224,127,351
202,131,333
203,147,350
217,121,338
248,154,402
241,138,379
231,96,327
220,134,354
174,159,333
214,126,340
233,144,377
200,136,336
191,160,351
207,125,332
213,109,322
199,135,334
156,139,295
182,199,381
207,138,345
204,113,317
236,106,342
164,139,303
208,185,393
237,124,361
216,141,357
214,153,367
182,111,293
213,146,359
230,165,395
224,128,352
226,158,384
237,120,357
184,135,319
223,153,376
202,121,323
202,151,353
196,127,323
243,147,390
254,153,407
275,173,448
246,167,413
183,148,331
203,134,337
161,152,313
231,122,353
221,142,363
204,159,363
200,155,355
242,150,392
234,144,378
218,139,357
175,151,326
181,133,314
165,146,311
201,106,307
197,121,318
201,107,308
188,85,273
159,180,339
141,165,306
181,165,346
187,142,329
186,112,298
220,148,368
213,155,368
206,148,354
215,130,345
212,126,338
196,155,351
191,142,333
217,143,360
242,157,399
236,136,372
261,126,387
259,104,363
223,136,359
207,114,321
171,153,324
201,119,320
194,145,339
198,117,315
216,151,367
214,125,339
198,127,325
200,141,341
227,131,358
228,146,374
248,137,385
243,105,348
190,147,337
173,157,330
244,133,377
270,143,413
259,139,398
229,138,367
227,131,358
231,113,344
215,142,357
204,157,361
212,146,358
241,164,405
247,132,379
255,134,389
238,135,373
230,125,355
226,135,361
255,129,384
229,171,400
234,136,370
176,142,318
203,129,332
155,158,313
239,173,412
240,155,395
217,161,378
223,118,341
201,173,374
256,128,384
274,137,411
268,132,400
232,150,382
231,116,347
235,118,353
228,103,331
201,144,345
203,101,304
214,133,347
227,141,368
232,120,352
213,148,361
210,150,360
206,132,338
223,158,381
240,141,381
248,129,377
275,137,412
256,140,396
276,152,428
257,153,410
255,138,393
257,167,424
279,122,401
258,156,414
210,151,361
187,153,340
191,160,351
202,151,353
211,135,346
214,104,318
194,145,339
181,143,324
180,172,352
190,146,336
214,384,598
474,116,590
466,95,561
438,123,561
158,128,286
131,127,258
158,117,275
159,141,300
179,138,317
176,147,323
172,151,323
151,158,309
153,164,317
153,160,313
161,165,326
148,176,324
153,184,337
157,190,347
148,199,347
158,192,350
177,161,338
173,152,325
183,148,331
148,151,299
137,163,300
120,163,283
154,138,292
189,167,356
214,163,377
203,163,366
207,155,362
185,142,327
214,132,346
184,145,329
159,155,314
119,168,287
152,173,325
167,152,319
174,161,335
189,152,341
181,138,319
178,125,303
146,113,259
163,121,284
162,125,287
144,131,275
145,134,279
135,139,274
152,128,280
144,134,278
140,131,271
137,133,270
140,134,274
143,135,278
141,139,280
137,134,271
144,124,268
142,129,271
140,144,284
127,157,284
147,153,300
142,159,301
155,144,299
154,141,295
159,132,291
148,129,277
142,132,274
130,131,261
122,138,260
141,126,267
140,125,265
147,127,274
133,128,261
142,126,268
135,130,265
136,128,264
124,123,247
136,112,248
134,116,250
133,115,248
135,113,248
142,110,252
148,107,255
149,104,253
125,95,220
128,98,226
130,105,235
107,108,215
115,98,213
143,102,245
128,111,239
127,110,237
145,150,295
148,158,306
117,168,285
132,174,306
133,175,308
137,172,309
158,184,342
154,179,333
158,197,355
163,207,370
170,204,374
168,196,364
158,182,340
165,162,327
174,153,327
158,144,302
143,311,454
126,338,464
137,335,472
139,333,472
293,190,483
308,169,477
319,152,471
192,139,331
178,132,310
168,124,292
143,126,269
144,120,264
140,123,263
143,126,269
152,125,277
161,111,272
167,107,274
169,157,326
171,155,326
186,148,334
183,137,320
164,121,285
168,114,282
178,139,317
176,148,324
186,153,339
194,126,320
196,140,336
219,148,367
215,142,357
217,121,338
185,160,345
153,180,333
126,208,334
127,236,363
129,298,427
162,309,471
167,371,538
227,319,546
246,284,530
276,254,530
274,239,513
240,292,532
199,307,506
148,321,469
214,274,488
261,241,502
266,248,514
217,242,459
188,258,446
199,264,463
179,303,482
196,291,487
201,277,478
242,258,500
238,301,539
240,291,531
191,317,508
207,311,518
240,286,526
250,300,550
253,340,593
221,326,547
236,311,547
239,279,518
274,215,489
253,210,463
182,250,432
171,277,448
153,302,455
180,280,460
220,239,459
246,237,483
234,244,478
200,284,484
174,311,485
186,313,499
206,310,516
264,293,557
233,314,547
259,313,572
224,335,559
253,324,577
231,333,564
253,322,575
260,337,597
272,317,589
263,283,546
254,290,544
265,261,526
229,290,519
228,315,543
199,299,498
224,288,512
258,248,506
262,246,508
236,279,515
186,291,477
173,303,476
198,301,499
240,316,556
244,323,567
231,350,581
221,343,564
277,324,601
295,313,608
273,328,601
242,331,573
260,296,556
273,289,562
273,261,534
235,266,501
227,247,474
219,261,480
188,295,483
200,305,505
198,337,535
228,338,566
248,334,582
260,340,600
254,320,574
278,281,559
259,303,562
277,251,528
267,295,562
249,336,585
197,358,555
209,343,552
277,283,560
284,278,562
282,245,527
234,257,491
209,280,489
191,264,455
206,248,454
221,238,459
212,244,456
207,255,462
194,267,461
169,293,462
198,283,481
202,289,491
239,268,507
220,244,464
232,232,464
211,247,458
200,270,470
188,302,490
173,331,504
201,311,512
246,277,523
251,284,535
274,267,541
236,285,521
204,320,524
210,322,532
229,311,540
229,300,529
240,269,509
271,238,509
248,246,494
208,260,468
166,254,420
200,229,429
201,209,410
210,210,420
190,233,423
172,268,440
144,311,455
181,312,493
203,302,505
236,298,534
240,304,544
255,293,548
226,356,582
217,345,562
237,329,566
260,304,564
251,267,518
266,243,509
260,215,475
219,190,409
203,212,415
177,247,424
138,271,409
156,282,438
177,283,460
223,254,477
208,255,463
232,242,474
196,234,430
203,231,434
195,239,434
188,278,466
177,289,466
185,271,456
213,246,459
229,224,453
218,215,433
208,218,426
184,242,426
154,261,415
167,263,430
182,273,455
200,268,468
204,248,452
204,224,428
220,215,435
220,228,448
209,232,441
185,250,435
164,279,443
186,278,464
191,313,504
229,319,548
218,329,547
232,323,555
251,286,537
266,272,538
259,262,521
238,250,488
198,278,476
217,256,473
185,275,460
212,263,475
202,265,467
212,280,492
208,290,498
196,310,506
229,296,525
233,275,508
254,244,498
229,240,469
231,210,441
214,226,440
186,241,427
168,255,423
153,282,435
189,252,441
209,244,453
204,294,498
229,257,486
245,237,482
240,253,493
216,256,472
168,265,433
186,253,439
212,251,463
220,248,468
207,275,482
185,290,475
198,276,474
198,290,488
236,260,496
209,292,501
211,288,499
209,275,484
218,282,500
232,267,499
229,272,501
214,274,488
218,239,457
225,229,454
217,215,432
204,196,400
177,215,392
182,221,403
157,244,401
154,254,408
164,257,421
188,253,441
211,236,447
221,220,441
199,225,424
195,217,412
190,245,435
179,273,452
176,282,458
176,290,466
204,282,486
223,271,494
237,248,485
218,247,465
221,248,469
214,262,476
196,266,462
182,266,448
208,259,467
215,273,488
198,278,476
202,263,465
205,271,476
229,280,509
199,298,497
210,285,495
206,293,499
249,286,535
214,299,513
236,268,504
232,249,481
239,251,490
219,238,457
190,257,447
194,250,444
191,266,457
178,295,473
200,282,482
194,306,500
228,308,536
229,288,517
237,285,522
226,263,489
229,264,493
232,251,483
205,261,466
203,294,497
206,311,517
199,337,536
198,340,538
230,354,584
275,335,610
283,309,592
248,295,543
276,251,527
269,264,533
227,288,515
190,293,483
195,285,480
242,283,525
229,303,532
227,294,521
203,297,500
239,288,527
240,269,509
232,258,490
219,233,452
230,212,442
210,218,428
184,225,409
163,221,384
170,238,408
185,244,429
169,278,447
178,272,450
192,268,460
214,274,488
230,263,493
203,273,476
219,320,539
204,317,521
219,326,545
194,337,531
298,217,515
286,240,526
282,245,527
177,218,395
191,235,426
211,233,444
213,221,434
248,175,423
231,202,433
225,186,411
256,116,372
230,114,344
249,154,403
214,123,337
241,127,368
214,170,384
228,129,357
261,155,416
245,151,396
169,177,346
198,153,351
173,119,292
252,122,374
236,125,361
243,123,366
220,172,392
239,133,372
263,137,400
262,118,380
220,128,348
187,135,322
220,130,350
223,116,339
219,144,363
202,150,352
223,106,329
217,133,350
208,120,328
198,130,328
222,134,356
219,116,335
234,134,368
213,124,337
193,122,315
224,147,371
197,150,347
214,147,361
186,172,358
164,186,350
178,174,352
175,157,332
210,131,341
215,133,348
228,132,360
217,159,376
224,131,355
235,125,360
219,118,337
192,107,299
179,116,295
170,120,290
184,137,321
206,136,342
213,106,319
196,129,325
184,120,304
182,88,270
178,164,342
148,167,315
168,140,308
194,113,307
148,119,267
192,184,376
217,168,385
239,142,381
272,128,400
223,143,366
188,139,327
201,137,338
198,167,365
201,143,344
211,129,340
223,150,373
220,112,332
229,145,374
203,328,531
194,337,531
272,251,523
297,240,537
267,270,537
182,268,450
174,280,454
208,223,431
217,215,432
236,190,426
222,149,371
218,126,344
200,119,319
168,107,275
165,98,263
165,108,273
165,95,260
167,116,283
164,104,268
159,98,257
155,114,269
151,118,269
183,133,316
191,152,343
237,108,345
248,127,375
222,164,386
216,123,339
249,109,358
238,134,372
213,115,328
198,139,337
207,153,360
218,150,368
239,117,356
228,137,365
211,134,345
211,151,362
232,127,359
224,91,315
209,111,320
150,144,294
168,128,296
192,141,333
216,107,323
193,153,346
221,121,342
211,133,344
215,119,334
189,136,325
200,158,358
222,110,332
207,130,337
187,141,328
202,162,364
228,115,343
206,131,337
228,116,344
196,145,341
261,133,394
266,118,384
255,167,422
252,123,375
248,124,372
248,144,392
224,123,347
218,133,351
219,179,398
212,175,387
201,162,363
207,164,371
180,140,320
203,160,363
215,151,366
209,160,369
189,155,344
163,162,325
170,155,325
210,131,341
219,135,354
226,133,359
212,133,345
213,151,364
221,143,364
232,123,355
229,147,376
218,125,343
211,143,354
247,136,383
259,147,406
275,149,424
252,132,384
217,156,373
203,136,339
208,154,362
241,170,411
243,144,387
282,152,434
266,106,372
243,133,376
227,117,344
205,121,326
203,145,348
187,157,344
213,135,348
210,116,326
208,123,331
221,117,338
236,124,360
187,123,310
168,136,304
208,131,339
217,120,337
216,152,368
234,131,365
233,146,379
248,125,373
211,125,336
216,145,361
202,134,336
228,190,418
198,222,420
179,215,394
188,231,419
201,227,428
186,224,410
180,239,419
188,217,405
235,146,381
249,125,374
227,137,364
164,140,304
143,122,265
176,102,278
202,176,378
233,183,416
239,179,418
205,205,410
184,225,409
171,261,432
184,254,438
173,259,432
188,233,421
209,214,423
212,213,425
220,195,415
177,193,370
183,194,377
219,179,398
235,151,386
226,153,379
199,134,333
206,125,331
218,155,373
226,134,360
215,128,343
236,173,409
226,126,352
283,136,419
264,121,385
221,133,354
219,132,351
238,118,356
198,126,324
185,122,307
184,120,304
195,136,331
194,121,315
213,120,333
211,142,353
194,143,337
215,138,353
240,128,368
245,160,405
278,116,394
268,119,387
260,146,406
219,115,334
216,156,372
215,132,347
214,151,365
229,124,353
220,167,387
237,133,370
221,168,389
224,137,361
216,147,363
231,144,375
199,126,325
222,129,351
201,129,330
206,151,357
217,161,378
202,270,472
165,290,455
180,294,474
186,303,489
246,257,503
192,288,480
271,249,520
228,246,474
241,224,465
213,212,425
242,174,416
265,165,430
236,179,415
199,175,374
168,166,334
196,147,343
206,150,356
189,172,361
185,148,333
209,128,337
213,130,343
235,124,359
229,149,378
229,130,359
188,104,292
192,137,329
176,139,315
195,143,338
226,107,333
193,123,316
201,117,318
193,121,314
210,97,307
202,105,307
194,132,326
187,122,309
202,149,351
220,119,339
221,145,366
237,157,394
243,135,378
239,126,365
223,192,415
229,181,410
200,195,395
206,213,419
155,252,407
190,244,434
211,229,440
217,236,453
241,200,441
259,150,409
248,164,412
260,160,420
246,158,404
275,157,432
259,138,397
250,140,390
238,144,382
214,146,360
239,148,387
240,175,415
229,163,392
265,166,431
274,181,455
268,152,420
271,165,436
278,149,427
256,156,412
269,181,450
259,161,420
241,144,385
224,145,369
250,146,396
296,168,464
323,144,467
282,139,421
281,120,401
223,135,358
222,191,413
223,145,368
242,133,375
242,164,406
215,123,338
226,158,384
237,137,374
233,186,419
224,163,387
229,159,388
247,116,363
207,124,331
243,109,352
192,153,345
192,139,331
182,112,294
217,133,350
226,132,358
261,116,377
268,153,421
258,142,400
246,207,453
245,184,429
267,181,448
286,207,493
269,177,446
351,162,513
296,274,570
774,186,960
758,189,947
778,152,930
444,185,629
277,158,435
251,192,443
276,157,433
231,168,399
272,135,407
233,167,400
247,146,393
215,209,424
239,216,455
241,204,445
250,190,440
226,193,419
266,188,454
265,182,447
266,157,423
286,127,413
267,123,390
241,127,368
199,149,348
233,147,380
243,140,383
288,163,451
278,173,451
260,173,433
238,173,411
229,191,420
296,185,481
318,181,499
379,161,540
309,208,517
316,186,502
349,173,522
334,163,497
324,133,457
281,153,434
297,139,436
278,125,403
258,163,421
280,131,411
249,174,423
268,186,454
326,138,464
335,157,492
340,112,452
297,137,434
286,122,408
243,103,346
263,119,382
231,151,382
228,127,355
240,162,402
237,127,364
229,140,369
282,138,420
261,154,415
290,149,439
278,181,459
291,137,428
287,133,420
241,175,416
219,167,386
255,180,435
289,161,450
299,148,447
286,150,436
256,134,390
221,309,530
417,156,573
433,148,581
464,168,632
266,135,401
246,127,373
201,161,362
211,152,363
226,159,385
260,141,401
222,141,363
205,164,369
214,139,353
230,177,407
256,138,394
259,140,399
263,108,371
268,155,423
296,145,441
286,138,424
286,135,421
289,166,455
290,164,454
246,200,446
240,203,443
236,182,418
292,142,434
286,175,461
253,189,442
199,198,397
190,201,391
187,224,411
196,252,448
199,252,451
183,265,448
183,290,473
201,282,483
263,232,495
303,167,470
306,131,437
265,129,394
239,173,412
232,130,362
258,142,400
262,159,421
247,217,464
275,183,458
264,191,455
265,186,451
208,192,400
258,187,445
219,180,399
225,168,393
207,149,356
208,129,337
203,119,322
199,135,334
195,123,318
195,149,344
203,156,359
202,297,499
324,283,607
442,168,610
465,164,629
417,157,574
315,165,480
298,132,430
277,116,393
228,152,380
208,145,353
241,128,369
228,230,458
227,184,411
258,157,415
242,355,597
139,372,511
287,285,572
319,269,588
349,258,607
203,236,439
266,228,494
259,207,466
272,200,472
258,230,488
250,242,492
216,256,472
223,227,450
234,194,428
274,142,416
246,158,404
282,161,443
241,135,376
277,130,407
214,146,360
188,115,303
208,137,345
237,192,429
230,180,410
246,141,387
238,134,372
210,113,323
210,124,334
192,163,355
194,120,314
225,118,343
230,106,336
181,127,308
178,164,342
202,133,335
214,137,351
238,161,399
260,153,413
291,159,450
300,166,466
285,143,428
275,147,422
259,132,391
227,158,385
264,137,401
245,186,431
274,195,469
303,156,459
300,145,445
258,159,417
245,177,422
280,168,448
267,191,458
247,197,444
179,202,381
199,180,379
210,182,392
236,175,411
269,118,387
258,214,472
289,164,453
295,142,437
305,162,467
272,158,430
255,149,404
244,171,415
258,220,478
294,206,500
306,203,509
294,197,491
267,172,439
299,160,459
286,154,440
285,146,431
231,124,355
218,157,375
203,141,344
192,136,328
222,168,390
216,152,368
241,123,364
224,181,405
216,165,381
222,156,378
230,147,377
212,121,333
209,168,377
224,126,350
232,152,384
224,152,376
199,218,417
251,184,435
297,158,455
313,155,468
275,167,442
306,117,423
264,175,439
239,176,415
241,173,414
268,193,461
266,158,424
270,121,391
232,129,361
215,170,385
231,172,403
310,190,500
326,154,480
344,164,508
290,125,415
234,159,393
215,152,367
210,115,325
207,109,316
199,142,341
195,143,338
218,157,375
274,136,410
302,132,434
282,195,477
299,136,435
257,138,395
238,163,401
187,175,362
208,154,362
218,154,372
213,153,366
258,152,410
257,122,379
267,165,432
230,153,383
217,186,403
276,133,409
244,134,378
245,118,363
215,151,366
241,160,401
250,180,430
236,248,484
198,295,493
196,302,498
246,262,508
251,250,501
272,225,497
218,246,464
278,209,487
247,212,459
282,197,479
244,222,466
222,231,453
225,229,454
252,211,463
320,152,472
350,200,550
363,143,506
303,117,420
244,120,364
180,139,319
207,161,368
237,190,427
251,157,408
250,157,407
261,157,418
237,134,371
268,154,422
251,171,422
260,138,398
277,212,489
287,178,465
270,156,426
256,149,405
197,156,353
192,165,357
178,184,362
193,175,368
199,152,351
216,166,382
252,160,412
311,147,458
309,153,462
285,141,426
245,175,420
245,157,402
275,163,438
280,133,413
272,139,411
252,162,414
225,194,419
254,152,406
262,133,395
246,121,367
186,123,309
184,175,359
199,150,349
220,163,383
263,116,379
247,131,378
246,130,376
220,154,374
223,149,372
242,147,389
268,166,434
245,171,416
221,190,411
204,206,410
190,226,416
229,218,447
235,218,453
224,234,458
238,200,438
238,283,521
270,268,538
248,250,498
237,287,524
229,277,506
232,253,485
254,240,494
246,266,512
234,228,462
237,237,474
249,242,491
260,217,477
325,164,489
303,146,449
305,174,479
245,150,395
259,158,417
257,123,380
225,192,417
249,167,416
222,154,376
233,127,360
200,136,336
212,166,378
217,168,385
207,176,383
195,214,409
246,171,417
243,168,411
247,185,432
184,235,419
176,234,410
182,218,400
195,233,428
220,233,453
209,243,452
225,211,436
211,232,443
207,230,437
212,200,412
247,152,399
248,132,380
232,137,369
186,171,357
200,201,401
199,238,437
216,261,477
230,264,494
239,285,524
232,285,517
257,277,534
257,298,555
247,319,566
225,301,526
257,270,527
254,270,524
244,248,492
235,242,477
222,257,479
194,261,455
203,287,490
222,264,486
241,273,514
255,248,503
285,194,479
280,182,462
254,182,436
221,193,414
206,207,413
237,181,418
229,175,404
223,229,452
249,197,446
251,162,413
282,174,456
288,189,477
259,165,424
256,164,420
252,147,399
218,158,376
199,158,357
176,161,337
199,152,351
183,190,373
217,165,382
206,147,353
219,121,340
192,135,327
196,129,325
215,142,357
226,105,331
252,132,384
236,140,376
236,168,404
257,197,454
282,141,423
296,192,488
292,178,470
277,128,405
310,148,458
257,145,402
234,179,413
230,187,417
209,187,396
212,171,383
185,177,362
223,160,383
269,187,456
306,171,477
309,167,476
271,165,436
239,145,384
247,205,452
242,177,419
319,232,551
360,242,602
390,165,555
390,239,629
321,210,531
320,118,438
320,117,437
245,188,433
299,202,501
318,171,489
347,161,508
280,161,441
212,215,427
272,164,436
288,201,489
293,141,434
276,140,416
224,166,390
215,162,377
277,175,452
309,135,444
287,164,451
245,181,426
197,196,393
176,202,378
210,171,381
210,171,381
212,201,413
162,206,368
166,253,419
162,263,425
200,238,438
205,237,442
250,222,472
265,174,439
294,187,481
301,176,477
315,206,521
352,154,506
313,228,541
371,158,529
354,149,503
391,190,581
370,157,527
452,161,613
497,223,720
472,238,710
473,177,650
376,180,556
319,209,528
365,142,507
334,164,498
324,147,471
308,191,499
304,153,457
289,144,433
261,137,398
222,114,336
191,110,301
156,156,312
165,160,325
217,163,380
243,121,364
275,160,435
230,158,388
208,147,355
198,162,360
171,207,378
239,275,514
377,187,564
396,221,617
334,237,571
204,294,498
215,279,494
205,252,457
258,185,443
274,140,414
274,128,402
242,153,395
243,143,386
266,139,405
257,163,420
237,116,353
246,128,374
237,191,428
219,148,367
262,122,384
244,112,356
168,101,269
172,114,286
160,110,270
163,100,263
157,113,270
150,120,270
153,126,279
155,145,300
140,165,305
214,131,345
265,176,441
282,177,459
274,113,387
245,124,369
179,145,324
151,140,291
153,298,451
321,162,483
374,142,516
396,143,539
248,165,413
243,138,381
260,122,382
247,154,401
245,163,408
275,208,483
289,183,472
305,162,467
298,167,465
292,176,468
317,106,423
256,177,433
262,142,404
241,191,432
259,165,424
272,169,441
314,393,707
300,372,672
348,291,639
346,299,645
330,270,600
257,234,491
326,150,476
299,210,509
310,207,517
307,169,476
380,155,535
348,114,462
298,194,492
334,224,558
347,158,505
400,193,593
340,269,609
308,186,494
354,287,641
303,236,539
358,196,554
373,215,588
323,158,481
318,173,491
285,130,415
240,117,357
249,212,461
299,150,449
296,240,536
423,197,620
325,236,561
401,297,698
300,309,609
466,241,707
473,303,776
469,283,752
418,308,726
488,303,791
454,222,676
439,207,646
375,161,536
264,144,408
258,110,368
192,109,301
149,118,267
142,151,293
162,158,320
176,137,313
210,119,329
200,170,370
202,169,371
210,140,350
215,119,334
185,105,290
160,105,265
127,107,234
135,102,237
129,104,233
133,118,251
130,137,267
131,141,272
174,111,285
175,110,285
168,100,268
140,106,246
118,112,230
128,144,272
124,142,266
136,131,267
150,139,289
162,162,324
154,189,343
184,169,353
224,127,351
202,125,327
172,181,353
133,180,313
167,146,313
205,146,351
200,147,347
168,128,296
159,128,287
156,155,311
115,165,280
158,141,299
152,129,281
169,130,299
149,123,272
140,130,270
126,154,280
128,143,271
147,131,278
162,117,279
162,115,277
147,114,261
120,113,233
123,119,242
132,111,243
133,122,255
131,127,258
108,130,238
120,136,256
109,145,254
126,151,277
119,146,265
126,161,287
124,162,286
120,165,285
106,164,270
136,175,311
134,200,334
124,221,345
118,222,340
147,207,354
186,175,361
201,165,366
187,159,346
168,154,322
168,130,298
174,102,276
179,116,295
170,113,283
166,125,291
174,109,283
153,99,252
152,95,247
141,87,228
141,101,242
138,97,235
129,89,218
139,162,301
147,149,296
151,158,309
144,159,303
94,151,245
136,144,280
156,132,288
148,129,277
138,134,272
135,135,270
125,135,260
139,124,263
138,114,252
142,113,255
133,114,247
143,104,247
143,106,249
148,101,249
134,97,231
136,94,230
115,99,214
116,100,216
126,102,228
136,92,228
143,95,238
138,139,277
131,182,313
131,197,328
170,159,329
187,142,329
187,151,338
150,158,308
130,150,280
125,152,277
125,147,272
111,147,258
114,152,266
138,135,273
137,151,288
135,159,294
122,173,295
113,173,286
122,176,298
112,180,292
133,181,314
138,178,316
130,174,304
123,157,280
139,155,294
138,160,298
123,165,288
118,162,280
118,161,279
125,165,290
129,160,289
116,157,273
122,165,287
122,175,297
116,178,294
118,182,300
140,171,311
166,158,324
174,144,318
150,144,294
164,116,280
157,117,274
152,120,272
126,127,253
127,124,251
128,128,256
128,120,248
133,114,247
140,91,231
153,90,243
139,89,228
124,83,207
125,87,212
104,87,191
119,88,207
122,96,218
123,95,218
119,94,213
125,87,212
122,88,210
130,98,228
123,102,225
126,102,228
118,102,220
115,103,218
96,107,203
129,104,233
136,97,233
140,103,243
121,103,224
129,96,225
139,89,228
130,91,221
123,81,204
123,126,249
118,149,267
133,160,293
149,168,317
152,166,318
156,172,328
151,205,356
126,227,353
136,212,348
193,188,381
226,181,407
226,179,405
205,178,383
183,168,351
212,136,348
231,117,348
233,101,334
196,120,316
169,104,273
161,93,254
154,119,273
147,104,251
141,93,234
146,130,276
148,120,268
149,114,263
146,102,248
136,84,220
145,108,253
144,108,252
132,101,233
139,91,230
143,112,255
143,116,259
147,106,253
138,94,232
134,111,245
152,102,254
140,98,238
156,114,270
162,113,275
167,108,275
138,99,237
139,98,237
142,85,227
142,142,284
149,135,284
143,124,267
147,108,255
114,96,210
144,95,239
141,84,225
136,107,243
140,97,237
140,92,232
146,102,248
139,92,231
147,128,275
143,115,258
148,96,244
153,112,265
148,111,259
146,117,263
161,109,270
153,103,256
148,88,236
144,117,261
154,104,258
156,82,238
151,106,257
146,103,249
135,132,267
155,108,263
160,100,260
169,173,342
178,178,356
234,125,359
253,151,404
213,146,359
194,154,348
212,130,342
205,119,324
205,119,324
154,111,265
156,98,254
154,99,253
136,94,230
148,115,263
145,107,252
138,92,230
140,96,236
142,97,239
148,115,263
156,98,254
149,118,267
152,106,258
152,84,236
158,131,289
152,127,279
138,117,255
147,106,253
134,108,242
146,97,243
154,105,259
153,106,259
140,109,249
149,137,286
162,109,271
162,98,260
174,116,290
144,119,263
156,101,257
148,87,235
144,112,256
131,97,228
152,126,278
156,113,269
161,99,260
163,100,263
147,100,247
145,97,242
140,95,235
146,100,246
144,95,239
149,84,233
146,110,256
144,106,250
140,96,236
139,133,272
147,115,262
150,107,257
151,98,249
127,90,217
149,105,254
145,103,248
146,101,247
136,103,239
141,88,229
153,98,251
138,88,226
142,124,266
145,131,276
144,142,286
179,138,317
177,151,328
216,136,352
180,138,318
186,129,315
172,122,294
177,98,275
174,102,276
161,105,266
155,105,260
143,102,245
141,88,229
147,102,249
148,90,238
146,104,250
142,96,238
137,94,231
142,112,254
143,105,248
145,105,250
149,100,249
138,90,228
154,148,302
186,112,298
198,138,336
193,119,312
175,116,291
153,128,281
129,138,267
126,151,277
138,174,312
148,174,322
149,162,311
145,161,306
150,164,314
137,164,301
137,164,301
122,177,299
127,190,317
124,195,319
225,199,424
271,172,443
283,167,450
201,146,347
138,146,284
161,149,310
142,154,296
127,156,283
122,159,281
116,161,277
121,178,299
121,181,302
125,178,303
122,183,305
145,155,300
164,151,315
158,156,314
139,154,293
122,155,277
126,154,280
115,151,266
118,169,287
131,319,450
129,341,470
130,359,489
208,280,488
297,204,501
323,190,513
192,189,381
166,205,371
141,222,363
126,215,341
167,210,377
181,215,396
183,215,398
206,214,420
211,202,413
209,230,439
188,218,406
188,193,381
195,160,355
180,145,325
159,144,303
141,133,274
144,121,265
143,107,250
148,93,241
147,100,247
143,92,235
144,115,259
145,97,242
158,103,261
154,96,250
149,119,268
150,120,270
152,102,254
147,88,235
147,107,254
147,96,243
148,94,242
148,129,277
146,131,277
144,120,264
141,111,252
137,105,242
141,111,252
143,148,291
195,102,297
185,92,277
179,122,301
141,109,250
147,104,251
141,90,231
147,112,259
155,107,262
145,95,240
142,123,265
146,124,270
161,116,277
169,133,302
178,107,285
163,138,301
181,128,309
166,109,275
157,103,260
125,98,223
121,101,222
121,99,220
123,101,224
129,97,226
132,96,228
133,97,230
123,97,220
126,98,224
131,99,230
130,104,234
130,115,245
115,128,243
125,129,254
161,122,283
177,112,289
193,108,301
176,151,327
169,131,300
164,124,288
152,123,275
138,121,259
162,102,264
165,151,316
190,134,324
189,117,306
202,108,310
173,98,271
167,113,280
153,108,261
148,103,251
156,131,287
159,156,315
204,105,309
203,120,323
199,110,309
165,135,300
167,126,293
165,109,274
162,124,286
150,147,297
175,161,336
208,156,364
220,148,368
215,145,360
214,163,377
230,171,401
233,168,401
203,173,376
213,155,368
234,170,404
225,134,359
219,123,342
198,119,317
138,125,263
155,117,272
157,120,277
164,124,288
169,110,279
169,100,269
165,112,277
166,105,271
174,135,309
187,122,309
182,113,295
175,115,290
156,141,297
189,103,292
194,112,306
207,169,376
201,154,355
218,135,353
220,118,338
192,161,353
216,139,355
231,161,392
245,157,402
259,108,367
246,146,392
220,147,367
176,157,333
167,174,341
150,192,342
153,202,355
156,212,368
158,224,382
146,240,386
165,262,427
176,250,426
182,262,444
222,201,423
237,194,431
257,187,444
220,189,409
221,157,378
197,147,344
175,147,322
166,125,291
181,100,281
183,199,382
208,165,373
192,167,359
184,167,351
126,151,277
160,148,308
174,138,312
155,141,296
149,136,285
153,138,291
146,142,288
134,148,282
129,160,289
128,205,333
150,219,369
149,227,376
157,212,369
167,200,367
182,197,379
189,186,375
199,182,381
200,172,372
188,167,355
155,168,323
154,159,313
152,155,307
152,162,314
149,155,304
169,145,314
171,153,324
165,163,328
168,147,315
189,126,315
205,114,319
189,133,322
195,124,319
189,123,312
199,175,374
200,167,367
218,159,377
220,153,373
205,148,353
187,167,354
196,168,364
193,144,337
206,134,340
201,136,337
191,143,334
190,136,326
184,126,310
170,163,333
177,161,338
194,164,358
192,187,379
183,197,380
180,221,401
193,220,413
205,227,432
215,225,440
208,230,438
187,256,443
159,294,453
170,300,470
210,259,469
238,228,466
248,217,465
224,212,436
186,214,400
201,195,396
200,188,388
185,182,367
188,172,360
197,146,343
208,117,325
200,134,334
200,148,348
199,148,347
179,160,339
160,188,348
150,191,341
128,181,309
177,191,368
187,194,381
172,203,375
177,215,392
168,205,373
172,202,374
176,230,406
160,241,401
176,219,395
186,193,379
209,164,373
188,160,348
173,157,330
162,135,297
171,124,295
184,123,307
173,175,348
204,166,370
239,147,386
254,143,397
233,131,364
193,126,319
163,132,295
170,193,363
196,174,370
218,168,386
220,176,396
188,169,357
195,169,364
200,153,353
214,162,376
209,150,359
206,139,345
191,170,361
188,174,362
188,169,357
216,166,382
206,155,361
217,155,372
215,150,365
200,164,364
219,143,362
216,135,351
225,131,356
205,174,379
205,144,349
217,118,335
197,140,337
148,184,332
200,201,401
257,159,416
278,144,422
262,151,413
256,177,433
267,158,425
231,164,395
191,167,358
169,180,349
172,182,354
196,141,337
214,110,324
218,146,364
198,153,351
184,140,324
187,114,301
175,112,287
185,149,334
186,147,333
189,146,335
176,158,334
166,147,313
166,147,313
177,159,336
163,166,329
174,187,361
176,184,360
216,148,364
232,127,359
219,149,368
212,163,375
198,176,374
199,150,349
200,151,351
210,135,345
193,119,312
175,112,287
169,169,338
189,162,351
203,163,366
210,151,361
175,152,327
187,179,366
196,163,359
213,146,359
241,123,364
214,188,402
232,171,403
231,168,399
237,163,400
207,154,361
224,145,369
207,139,346
195,156,351
212,150,362
204,152,356
205,155,360
191,150,341
218,144,362
213,135,348
201,176,377
205,175,380
203,175,378
211,170,381
188,163,351
200,152,352
203,150,353
211,165,376
206,178,384
188,183,371
173,183,356
203,166,369
227,151,378
241,147,388
223,136,359
223,179,402
217,189,406
219,170,389
215,160,375
184,143,327
228,144,372
190,166,356
226,144,370
260,178,438
283,141,424
227,131,358
212,124,336
194,126,320
190,135,325
167,153,320
167,167,334
158,172,330
167,173,340
186,169,355
178,191,369
189,204,393
178,226,404
177,231,408
167,240,407
168,245,413
190,240,430
187,249,436
185,271,456
178,260,438
195,241,436
193,249,442
215,205,420
229,183,412
242,161,403
210,152,362
197,145,342
198,121,319
198,113,311
193,142,335
182,156,338
188,160,348
183,167,350
172,171,343
176,210,386
182,215,397
168,231,399
171,250,421
165,256,421
161,260,421
173,267,440
215,231,446
234,218,452
239,206,445
223,198,421
223,183,406
211,200,411
226,178,404
207,184,391
205,207,412
183,222,405
173,262,435
186,270,456
178,290,468
154,294,448
219,253,472
229,247,476
244,236,480
206,230,436
200,227,427
199,210,409
201,178,379
232,145,377
233,168,401
226,155,381
216,151,367
215,207,422
223,285,508
375,174,549
382,173,555
371,188,559
213,286,499
214,344,558
232,323,555
242,304,546
307,241,548
214,255,469
271,231,502
221,229,450
255,188,443
222,179,401
209,163,372
200,151,351
194,149,343
185,140,325
178,126,304
177,138,315
185,118,303
193,123,316
196,112,308
173,98,271
165,125,290
162,103,265
184,124,308
173,109,282
162,94,256
167,115,282
148,110,258
149,102,251
154,128,282
152,117,269
166,211,377
212,170,382
223,167,390
241,161,402
164,167,331
197,154,351
196,149,345
200,139,339
206,131,337
192,137,329
171,143,314
150,156,306
144,170,314
150,175,325
149,193,342
151,199,350
148,198,346
157,195,352
159,204,363
155,215,370
153,218,371
150,231,381
164,241,405
174,240,414
192,240,432
190,234,424
196,220,416
201,226,427
188,228,416
185,216,401
189,210,399
195,187,382
181,177,358
165,191,356
172,194,366
180,180,360
207,162,369
215,152,367
215,125,340
203,115,318
199,179,378
201,206,407
221,201,422
198,203,401
208,163,371
202,150,352
164,205,369
138,210,348
139,205,344
141,195,336
192,135,327
201,100,301
204,88,292
167,115,282
139,121,260
145,105,250
142,98,240
148,118,266
151,109,260
155,95,250
145,126,271
152,125,277
157,141,298
147,140,287
127,142,269
131,131,262
144,151,295
148,138,286
192,94,286
199,160,359
187,165,352
178,127,305
176,120,296
126,111,237
164,123,287
172,99,271
166,90,256
157,199,356
144,212,356
188,178,366
190,171,361
148,157,305
173,163,336
137,188,325
141,191,332
182,140,322
184,136,320
195,130,325
152,118,270
166,105,271
172,116,288
167,107,274
164,116,280
158,128,286
157,102,259
173,124,297
156,120,276
153,117,270
147,114,261
146,121,267
153,115,268
178,125,303
179,123,302
196,153,349
180,143,323
211,121,332
201,107,308
195,112,307
160,153,313
168,165,333
215,146,361
226,140,366
200,134,334
165,123,288
174,147,321
189,146,335
199,154,353
217,139,356
201,147,348
177,152,329
167,149,316
182,164,346
210,146,356
231,147,378
239,150,389
222,166,388
243,146,389
225,158,383
179,182,361
132,199,331
132,225,357
139,215,354
133,208,341
202,137,339
240,191,431
273,178,451
247,157,404
239,141,380
189,116,305
200,123,323
182,135,317
158,149,307
150,153,303
154,162,316
152,174,326
138,192,330
132,207,339
138,204,342
149,192,341
149,196,345
166,162,328
196,125,321
225,192,417
268,127,395
260,135,395
252,109,361
173,101,274
165,95,260
144,140,284
162,132,294
182,126,308
197,103,300
185,101,286
176,133,309
159,141,300
179,137,316
189,147,336
208,140,348
213,135,348
214,136,350
211,110,321
212,139,351
201,142,343
193,139,332
199,147,346
205,119,324
194,116,310
179,159,338
161,176,337
173,157,330
182,144,326
154,152,306
164,149,313
169,116,285
156,144,300
167,174,341
135,157,292
212,130,342
233,167,400
217,191,408
209,150,359
180,132,312
212,132,344
170,151,321
136,140,276
164,114,278
168,140,308
130,144,274
169,107,276
170,105,275
168,114,282
112,175,287
125,176,301
172,126,298
202,91,293
158,133,291
136,131,267
162,96,258
168,123,291
127,145,272
132,158,290
167,140,307
179,125,304
162,86,248
169,151,320
130,135,265
165,106,271
167,105,272
113,131,244
123,165,288
129,168,297
151,179,330
198,132,330
196,125,321
150,126,276
137,143,280
155,163,318
196,123,319
184,123,307
152,135,287
177,198,375
194,192,386
202,202,404
211,162,373
203,156,359
198,140,338
165,137,302
139,230,369
202,205,407
194,193,387
170,167,337
120,175,295
183,148,331
180,127,307
174,136,310
196,165,361
173,155,328
159,122,281
197,117,314
169,161,330
120,169,289
180,176,356
228,136,364
260,119,379
189,115,304
166,132,298
194,241,435
255,203,458
264,154,418
235,171,406
121,154,275
150,173,323
184,143,327
174,148,322
154,239,393
218,228,446
226,180,406
268,144,412
192,172,364
247,147,394
189,126,315
171,114,285
140,114,254
114,157,271
136,153,289
153,138,291
176,127,303
178,138,316
152,220,372
154,213,367
195,153,348
229,108,337
221,110,331
99,146,245
148,139,287
164,164,328
206,146,352
168,148,316
142,135,277
183,107,290
156,134,290
114,168,282
141,181,322
186,140,326
188,166,354
158,133,291
177,116,293
125,151,276
161,174,335
164,154,318
197,132,329
215,148,363
195,139,334
149,143,292
183,139,322
167,142,309
145,149,294
180,145,325
163,132,295
144,129,273
185,194,379
201,152,353
203,118,321
225,99,324
163,97,260
137,124,261
139,117,256
153,79,232
156,128,284
98,132,230
140,120,260
154,114,268
151,137,288
123,132,255
158,98,256
155,116,271
99,131,230
137,125,262
167,93,260
162,128,290
114,133,247
161,103,264
149,133,282
132,142,274
116,139,255
156,103,259
157,106,263
100,105,205
132,102,234
129,132,261
127,136,263
124,135,259
153,109,262
154,110,264
97,137,234
124,140,264
120,143,263
152,110,262
156,137,293
97,144,241
144,163,307
159,146,305
175,130,305
136,107,243
166,95,261
128,95,223
130,96,226
121,94,215
124,109,233
126,160,286
122,211,333
174,172,346
189,154,343
212,117,329
151,143,294
98,146,244
165,97,262
171,124,295
174,126,300
135,104,239
155,84,239
153,102,255
119,167,286
130,169,299
144,152,296
177,108,285
183,136,319
154,126,280
161,104,265
178,179,357
169,216,385
173,178,351
213,169,382
246,147,393
232,125,357
176,211,387
211,218,429
235,144,379
238,98,336
175,130,305
198,111,309
165,104,269
160,93,253
146,197,343
196,159,355
231,117,348
250,92,342
195,172,367
179,155,334
221,108,329
210,96,306
155,138,293
171,145,316
213,142,355
203,138,341
185,147,332
173,117,290
204,156,360
192,118,310
213,112,325
174,103,277
136,96,232
138,105,243
132,137,269
150,156,306
170,132,302
180,106,286
165,162,327
192,161,353
177,202,379
194,270,464
143,314,457
177,308,485
145,285,430
248,201,449
233,177,410
230,178,408
212,176,388
179,181,360
209,165,374
195,145,340
250,178,428
195,245,440
287,144,431
280,145,425
239,129,368
145,137,282
151,142,293
146,164,310
141,164,305
131,154,285
148,134,282
149,176,325
119,226,345
123,248,371
136,261,397
217,176,393
268,137,405
285,96,381
190,102,292
154,131,285
119,133,252
129,141,270
149,125,274
151,134,285
109,137,246
122,146,268
134,128,262
166,99,265
176,94,270
162,98,260
138,101,239
119,96,215
128,110,238
124,138,262
130,148,278
158,118,276
162,137,299
121,130,251
148,126,274
153,118,271
146,127,273
120,133,253
124,130,254
131,124,255
143,106,249
168,112,280
167,113,280
161,114,275
138,112,250
126,109,235
124,108,232
109,116,225
119,111,230
119,123,242
131,112,243
129,115,244
131,129,260
123,135,258
131,123,254
135,115,250
138,118,256
126,112,238
120,113,233
127,108,235
125,101,226
129,96,225
126,93,219
125,107,232
123,111,234
125,118,243
125,115,240
127,125,252
128,130,258
123,136,259
122,138,260
123,142,265
124,150,274
122,151,273
120,150,270
119,156,275
119,155,274
118,159,277
128,149,277
128,143,271
131,140,271
127,140,267
125,142,267
120,146,266
121,141,262
122,136,258
125,137,262
123,143,266
114,144,258
70,156,226
102,150,252
130,150,280
131,151,282
136,148,284
128,148,276
133,162,295
122,178,300
107,190,297
125,186,311
121,190,311
133,192,325
154,183,337
143,180,323
140,185,325
138,180,318
151,173,324
152,178,330
134,183,317
122,185,307
140,176,316
146,184,330
146,195,341
119,194,313
135,186,321
147,193,340
158,191,349
143,188,331
124,191,315
143,204,347
155,195,350
151,190,341
143,198,341
147,192,339
165,186,351
166,191,357
132,188,320
131,160,291
169,136,305
178,117,295
182,97,279
178,122,300
163,121,284
162,186,348
185,187,372
176,197,373
159,196,355
94,204,298
140,201,341
151,210,361
167,212,379
175,199,374
180,193,373
181,201,382
158,220,378
147,217,364
153,216,369
165,216,381
191,197,388
216,164,380
223,148,371
201,154,355
164,164,328
147,165,312
140,173,313
139,171,310
137,166,303
140,161,301
153,159,312
149,162,311
139,163,302
153,189,342
164,189,353
165,191,356
151,180,331
163,181,344
176,169,345
164,174,338
136,190,326
144,212,356
142,211,353
140,234,374
147,225,372
176,202,378
186,194,380
181,190,371
152,190,342
142,192,334
146,192,338
150,178,328
164,176,340
154,177,331
143,183,326
127,185,312
141,177,318
141,183,324
153,169,322
151,165,316
154,163,317
154,159,313
153,145,298
167,145,312
154,144,298
153,144,297
152,146,298
144,144,288
146,148,294
141,141,282
124,148,272
131,148,279
133,145,278
153,133,286
154,133,287
148,127,275
135,134,269
138,147,285
127,154,281
128,162,290
91,163,254
140,171,311
157,180,337
158,208,366
148,209,357
133,204,337
150,197,347
165,151,316
186,143,329
177,126,303
157,122,279
147,123,270
159,116,275
171,122,293
170,150,320
162,144,306
169,125,294
179,109,288
163,96,259
130,100,230
128,101,229
98,105,203
128,110,238
103,102,205
129,104,233
124,102,226
92,105,197
112,100,212
116,100,216
117,96,213
99,110,209
111,123,234
134,123,257
125,125,250
134,125,259
114,130,244
97,133,230
128,135,263
132,130,262
133,140,273
135,147,282
126,135,261
137,145,282
152,151,303
136,159,295
136,171,307
90,176,266
157,174,331
206,182,388
261,171,432
280,192,472
291,148,439
253,124,377
223,91,314
188,84,272
142,83,225
133,100,233
127,96,223
130,93,223
133,96,229
133,92,225
133,81,214
133,133,266
137,138,275
150,123,273
154,124,278
155,119,274
111,120,231
142,121,263
132,120,252
135,123,258
133,122,255
131,124,255
131,127,258
129,132,261
131,127,258
132,129,261
135,129,264
142,125,267
141,124,265
135,121,256
133,121,254
130,125,255
127,124,251
127,126,253
95,126,221
130,128,258
132,128,260
95,129,224
139,122,261
142,124,266
132,123,255
131,123,254
132,124,256
131,128,259
130,130,260
134,125,259
120,120,240
138,125,263
130,127,257
126,130,256
128,130,258
103,124,227
135,125,260
135,128,263
145,116,261
145,118,263
145,121,266
132,123,255
129,124,253
131,120,251
132,121,253
129,150,279
126,186,312
128,187,315
110,162,272
176,125,301
167,121,288
167,105,272
154,87,241
152,159,311
126,162,288
137,154,291
138,136,274
93,129,222
121,122,243
110,105,215
153,88,241
146,131,277
139,133,272
144,110,254
159,97,256
157,91,248
153,126,279
151,118,269
155,103,258
154,99,253
150,118,268
143,115,258
133,106,239
133,183,316
200,133,333
199,126,325
186,112,298
146,101,247
159,114,273
154,117,271
157,114,271
153,102,255
146,109,255
143,96,239
142,136,278
151,128,279
155,111,266
157,102,259
150,83,233
136,132,268
152,127,279
149,111,260
157,105,262
148,109,257
161,95,256
159,113,272
150,120,270
141,120,261
148,107,255
154,99,253
160,122,282
161,113,274
153,98,251
151,135,286
152,117,269
168,102,270
170,120,290
157,106,263
165,88,253
168,145,313
154,145,299
155,145,300
152,130,282
128,112,240
150,99,249
148,85,233
135,129,264
158,118,276
161,108,269
166,92,258
147,151,298
166,132,298
170,110,280
164,96,260
128,89,217
144,118,262
150,114,264
153,99,252
145,133,278
154,142,296
154,129,283
151,115,266
137,104,241
147,85,232
150,126,276
156,115,271
141,105,246
159,104,263
147,146,293
153,141,294
161,132,293
157,121,278
157,115,272
152,102,254
146,89,235
152,103,255
138,99,237
145,88,233
137,124,261
138,126,264
160,98,258
165,99,264
159,89,248
145,134,279
149,129,278
151,120,271
160,128,288
150,274,424
169,275,444
178,282,460
170,275,445
232,218,450
239,208,447
220,209,429
178,176,354
180,151,331
196,141,337
221,137,358
229,113,342
224,105,329
185,94,279
149,131,280
154,124,278
139,117,256
157,93,250
148,107,255
161,93,254
147,106,253
148,97,245
136,88,224
139,98,237
141,92,233
142,207,349
283,140,423
303,117,420
331,162,493
210,139,349
203,140,343
181,152,333
124,159,283
138,151,289
153,144,297
173,125,298
164,143,307
162,156,318
140,175,315
132,175,307
138,199,337
146,208,354
174,220,394
161,222,383
167,206,373
142,200,342
185,152,337
193,128,321
203,108,311
165,99,264
130,102,232
142,101,243
143,100,243
147,102,249
146,101,247
148,127,275
156,105,261
154,101,255
148,99,247
147,93,240
150,115,265
146,105,251
144,93,237
145,132,277
142,141,283
147,127,274
144,113,257
149,99,248
156,85,241
148,118,266
139,117,256
138,111,249
140,105,245
144,93,237
154,105,259
155,98,253
143,95,238
146,102,248
143,97,240
140,107,247
150,100,250
145,89,234
148,119,267
149,114,263
155,111,266
148,105,253
149,90,239
151,132,283
154,120,274
153,99,252
163,124,287
146,118,264
152,103,255
149,93,242
141,115,256
152,107,259
155,93,248
157,112,269
147,116,263
155,106,261
157,96,253
155,91,246
140,108,248
137,98,235
137,91,228
142,111,253
140,120,260
143,142,285
167,119,286
176,118,294
180,109,289
146,118,264
131,132,263
123,139,262
121,142,263
129,142,271
131,137,268
120,134,254
133,153,286
130,164,294
125,189,314
123,191,314
137,180,317
154,159,313
142,162,304
140,157,297
124,156,280
116,153,269
134,148,282
133,158,291
130,171,301
126,185,311
137,192,329
144,195,339
150,191,341
148,183,331
165,167,332
150,168,318
161,159,320
155,139,294
160,133,293
173,106,279
182,137,319
199,114,313
196,164,360
210,157,367
188,145,333
191,126,317
143,127,270
144,128,272
132,131,263
124,135,259
127,142,269
120,153,273
122,159,281
122,154,276
124,143,267
129,142,271
112,147,259
113,150,263
122,155,277
126,168,294
128,171,299
135,169,304
147,152,299
147,146,293
141,126,267
140,129,269
125,129,254
125,134,259
122,132,254
114,140,254
129,130,259
132,122,254
130,120,250
121,119,240
123,119,242
117,125,242
128,116,244
133,110,243
139,97,236
142,96,238
102,94,196
112,93,205
134,139,273
137,148,285
155,141,296
151,141,292
153,125,278
150,120,270
149,118,267
134,114,248
124,113,237
128,110,238
133,103,236
134,111,245
130,111,241
129,112,241
129,112,241
129,119,248
131,122,253
125,125,250
136,104,240
152,96,248
148,95,243
134,98,232
128,100,228
130,105,235
132,110,242
139,125,264
134,118,252
130,122,252
129,119,248
124,123,247
119,136,255
124,144,268
121,137,258
130,149,279
127,165,292
134,174,308
137,169,306
155,164,319
151,160,311
159,159,318
144,154,298
137,153,290
143,149,292
138,145,283
138,147,285
133,146,279
114,159,273
111,166,277
114,165,279
126,161,287
131,159,290
126,157,283
114,160,274
121,160,281
116,162,278
123,166,289
123,168,291
121,173,294
121,171,292
135,167,302
136,168,304
128,165,293
135,168,303
142,160,302
122,167,289
132,164,296
125,169,294
126,178,304
123,180,303
122,194,316
127,188,315
141,180,321
141,178,319
155,158,313
151,148,299
172,143,315
151,138,289
153,126,279
150,115,265
152,105,257
138,111,249
131,103,234
128,101,229
139,98,237
136,100,236
139,93,232
134,91,225
139,108,247
148,105,253
145,109,254
134,119,253
123,122,245
120,120,240
137,110,247
138,111,249
132,107,239
127,106,233
121,99,220
125,103,228
125,106,231
138,109,247
149,99,248
134,95,229
138,92,230
128,107,235
141,98,239
136,88,224
140,77,217
132,97,229
125,96,221
131,84,215
145,129,274
140,124,264
156,99,255
146,87,233
164,100,264
139,96,235
154,127,281
155,115,270
160,95,255
165,89,254
151,85,236
147,98,245
140,98,238
138,102,240
142,94,236
149,106,255
150,123,273
155,114,269
159,105,264
138,96,234
140,83,223
143,92,235
136,85,221
135,115,250
131,124,255
139,132,271
177,90,267
183,136,319
187,122,309
159,103,262
161,86,247
136,95,231
142,90,232
136,109,245
140,105,245
140,101,241
146,124,270
153,106,259
164,86,250
157,99,256
147,97,244
138,97,235
148,136,284
152,134,286
151,128,279
138,130,268
122,132,254
151,120,271
159,100,259
174,104,278
167,102,269
154,90,244
148,100,248
146,84,230
144,144,288
167,131,298
172,133,305
176,115,291
161,106,267
174,125,299
169,111,280
168,103,271
151,89,240
150,97,247
150,120,270
148,121,269
169,92,261
166,144,310
159,172,331
174,147,321
194,157,351
180,159,339
224,120,344
197,117,314
180,110,290
137,108,245
125,108,233
121,116,237
124,124,248
116,122,238
111,121,232
127,118,245
135,106,241
138,103,241
142,98,240
128,92,220
121,95,216
130,92,222
126,97,223
125,96,221
120,93,213
126,92,218
134,93,227
129,101,230
135,84,219
137,77,214
132,96,228
116,139,255
146,129,275
143,131,274
147,132,279
116,126,242
134,120,254
134,125,259
133,128,261
125,133,258
123,146,269
124,155,279
126,170,296
128,170,298
134,167,301
115,167,282
132,173,305
117,184,301
122,221,343
128,243,371
141,233,374
173,206,379
184,192,376
190,182,372
160,187,347
142,184,326
136,186,322
138,180,318
136,173,309
124,181,305
138,192,330
139,185,324
130,184,314
161,167,328
196,121,317
210,108,318
165,123,288
161,122,283
189,113,302
186,101,287
177,129,306
153,114,267
163,101,264
173,99,272
160,145,305
167,166,333
166,179,345
153,180,333
127,179,306
143,169,312
146,177,323
133,180,313
132,169,301
132,180,312
154,354,508
170,353,523
176,345,521
229,266,495
302,205,507
339,151,490
235,133,368
203,117,320
165,103,268
142,98,240
134,90,224
135,115,250
142,121,263
144,142,286
149,125,274
154,118,272
165,106,271
155,102,257
174,136,310
167,149,316
167,156,323
144,154,298
121,164,285
137,155,292
142,149,291
194,127,321
215,110,325
191,107,298
162,103,265
131,91,222
144,96,240
137,92,229
119,89,208
120,95,215
118,117,235
134,134,268
149,139,288
142,159,301
136,203,339
116,216,332
272,140,412
287,116,403
323,124,447
213,139,352
193,123,316
185,111,296
152,90,242
137,120,257
141,128,269
138,124,262
145,110,255
132,107,239
136,95,231
131,91,222
137,126,263
139,138,277
145,132,277
137,124,261
119,116,235
137,101,238
136,96,232
131,88,219
133,126,259
134,165,299
136,170,306
156,154,310
152,153,305
145,165,310
142,180,322
131,186,317
120,198,318
138,186,324
129,193,322
147,189,336
141,199,340
150,195,345
154,186,340
155,187,342
148,198,346
149,189,338
156,196,352
157,202,359
145,203,348
160,181,341
166,180,346
170,182,352
156,188,344
153,189,342
152,183,335
143,184,327
143,191,334
142,190,332
148,186,334
148,187,335
146,187,333
143,185,328
141,188,329
144,192,336
142,191,333
148,187,335
147,189,336
143,193,336
143,189,332
148,185,333
147,191,338
145,194,339
142,189,331
147,186,333
144,206,350
155,197,352
162,192,354
165,186,351
154,188,342
144,197,341
160,181,341
163,179,342
162,180,342
143,184,327
136,185,321
141,190,331
146,188,334
150,191,341
150,195,345
141,203,344
142,198,340
154,191,345
166,186,352
169,185,354
162,182,344
151,188,339
145,193,338
147,187,334
150,202,352
150,212,362
139,211,350
144,221,365
179,187,366
198,173,371
203,157,360
168,143,311
157,125,282
154,107,261
163,160,323
173,153,326
177,160,337
157,135,292
150,129,279
170,115,285
174,121,295
176,121,297
175,104,279
148,98,246
151,125,276
155,112,267
161,95,256
156,121,277
155,110,265
168,93,261
160,109,269
137,121,258
140,102,242
147,84,231
138,108,246
125,102,227
140,93,233
144,129,273
148,118,266
154,118,272
171,112,283
155,135,290
179,117,296
158,111,269
158,119,277
137,130,267
135,133,268
142,131,273
141,136,277
140,175,315
143,161,304
142,155,297
164,125,289
171,98,269
194,122,316
170,150,320
159,154,313
156,144,300
158,133,291
164,125,289
164,122,286
149,132,281
164,116,280
156,121,277
149,123,272
128,124,252
111,137,248
126,156,282
124,166,290
124,179,303
117,190,307
126,194,320
144,191,335
148,194,342
152,184,336
144,191,335
162,187,349
192,174,366
237,147,384
249,188,437
279,184,463
267,180,447
248,165,413
205,137,342
208,92,300
198,146,344
183,203,386
158,214,372
139,236,375
125,224,349
164,194,358
189,185,374
217,143,360
230,110,340
210,96,306
194,115,309
155,124,279
158,129,287
141,128,269
162,105,267
173,101,274
176,88,264
166,96,262
142,101,243
126,92,218
135,99,234
133,105,238
134,102,236
131,103,234
140,111,251
128,154,282
174,158,332
200,144,344
221,128,349
213,119,332
175,111,286
168,107,275
149,114,263
134,137,271
140,142,282
124,154,278
131,158,289
122,160,282
114,187,301
128,214,342
129,227,356
129,224,353
162,182,344
200,137,337
218,120,338
209,149,358
206,159,365
206,157,363
195,138,333
162,126,288
143,131,274
140,130,270
143,119,262
137,130,267
167,125,292
190,107,297
195,123,318
176,141,317
152,134,286
151,142,293
165,122,287
163,123,286
168,123,291
178,139,317
180,149,329
179,160,339
139,171,310
142,168,310
150,167,317
162,162,324
154,159,313
151,172,323
158,175,333
153,162,315
154,232,386
199,217,416
286,124,410
326,136,462
280,138,418
181,130,311
156,128,284
147,129,276
133,141,274
133,137,270
148,134,282
144,129,273
154,129,283
143,130,273
145,128,273
138,143,281
141,148,289
145,128,273
162,114,276
172,129,301
195,127,322
194,121,315
177,115,292
138,119,257
134,120,254
143,133,276
131,158,289
138,173,311
128,172,300
137,166,303
142,158,300
145,161,306
147,155,302
130,149,279
147,137,284
140,130,270
141,124,265
161,112,273
181,99,280
168,90,258
150,121,271
145,143,288
149,140,289
152,123,275
140,118,258
134,131,265
128,142,270
123,170,293
127,192,319
133,210,343
123,217,340
124,224,348
165,205,370
170,195,365
176,185,361
179,145,324
185,125,310
207,128,335
199,132,331
190,125,315
163,119,282
168,128,296
174,131,305
169,133,302
146,134,280
142,130,272
149,124,273
175,142,317
185,143,328
179,149,328
157,146,303
151,140,291
149,146,295
145,137,282
146,118,264
179,100,279
179,104,283
163,106,269
147,112,259
155,115,270
162,104,266
145,113,258
146,108,254
154,115,269
163,113,276
160,108,268
161,134,295
168,124,292
168,131,299
152,132,284
128,150,278
119,176,295
147,167,314
154,167,321
156,180,336
138,187,325
126,186,312
137,178,315
124,207,331
147,184,331
159,166,325
167,147,314
158,131,289
166,114,280
165,104,269
152,90,242
156,132,288
164,120,284
166,109,275
158,157,315
176,111,287
179,95,274
181,83,264
128,103,231
138,98,236
147,119,266
147,115,262
167,110,277
184,110,294
193,94,287
178,89,267
137,93,230
130,100,230
128,91,219
122,90,212
128,93,221
116,91,207
121,125,246
144,120,264
166,102,268
179,125,304
170,125,295
165,118,283
157,151,308
164,166,330
224,112,336
204,117,321
171,128,299
118,139,257
123,141,264
124,130,254
134,217,351
125,280,405
127,270,397
133,270,403
258,145,403
283,105,388
290,102,392
163,106,269
141,101,242
136,97,233
143,116,259
133,132,265
138,132,270
133,143,276
127,150,277
126,156,282
131,151,282
121,162,283
132,169,301
134,168,302
155,154,309
148,162,310
143,154,297
135,154,289
137,151,288
132,155,287
132,154,286
146,152,298
139,156,295
131,166,297
123,180,303
122,179,301
124,178,302
128,172,300
142,166,308
145,157,302
134,157,291
143,145,288
137,157,294
133,163,296
119,167,286
125,167,292
124,173,297
117,171,288
118,168,286
127,177,304
130,171,301
135,165,300
126,198,324
128,212,340
125,235,360
121,238,359
145,193,338
199,166,365
178,166,344
140,171,311
127,176,303
123,172,295
135,158,293
137,174,311
139,160,299
156,250,406
277,127,404
296,107,403
293,136,429
160,133,293
163,130,293
146,133,279
163,121,284
148,120,268
152,136,288
140,139,279
148,171,319
163,175,338
178,174,352
202,172,374
206,160,366
198,165,363
181,176,357
154,185,339
152,170,322
141,198,339
156,203,359
159,225,384
212,187,399
204,219,423
188,214,402
196,181,377
203,172,375
207,154,361
173,132,305
161,121,282
156,107,263
152,95,247
157,103,260
153,103,256
140,99,239
144,83,227
138,96,234
134,86,220
134,104,238
130,91,221
142,100,242
147,130,277
146,118,264
152,104,256
156,95,251
146,99,245
141,103,244
140,89,229
145,101,246
143,96,239
141,118,259
162,126,288
196,116,312
201,110,311
203,128,331
172,118,290
169,115,284
163,150,313
171,132,303
193,115,308
183,105,288
146,98,244
147,100,247
131,106,237
135,144,279
155,137,292
177,137,314
154,133,287
141,133,274
138,136,274
135,129,264
136,135,271
135,142,277
130,154,284
123,156,279
131,169,300
126,202,328
130,205,335
130,203,333
139,191,330
182,146,328
195,132,327
180,118,298
164,128,292
195,110,305
184,103,287
191,105,296
162,115,277
169,94,263
166,167,333
161,161,322
159,138,297
160,120,280
107,123,230
143,127,270
150,119,269
142,115,257
152,110,262
143,108,251
171,140,311
181,145,326
181,150,331
170,149,319
139,145,284
127,136,263
169,115,284
187,145,332
216,139,355
202,146,348
195,141,336
159,153,312
159,180,339
168,176,344
181,159,340
206,121,327
191,105,296
189,107,296
164,108,272
153,147,300
163,125,288
189,134,323
205,142,347
179,128,307
174,115,289
159,95,254
168,123,291
165,131,296
150,120,270
136,119,255
160,125,285
174,110,284
184,94,278
155,117,272
160,111,271
162,102,264
147,92,239
151,113,264
149,112,261
157,103,260
160,126,286
162,114,276
154,103,257
152,87,239
147,114,261
170,91,261
161,80,241
153,108,261
139,102,241
144,104,248
154,116,270
158,116,274
163,131,294
147,135,282
136,144,280
134,146,280
127,143,270
139,132,271
150,128,278
149,127,276
147,126,273
149,117,266
146,109,255
149,99,248
140,98,238
144,132,276
158,113,271
155,115,270
162,118,280
132,127,259
139,145,284
130,164,294
130,175,305
130,177,307
150,159,309
159,151,310
162,147,309
162,142,304
154,154,308
154,151,305
132,139,271
142,122,264
152,109,261
141,104,245
134,117,251
159,108,267
151,103,254
147,92,239
128,106,234
122,111,233
144,104,248
141,109,250
134,114,248
135,99,234
148,95,243
133,139,272
154,123,277
184,97,281
188,96,284
156,123,279
143,126,269
140,136,276
136,131,267
138,134,272
137,134,271
138,136,274
131,131,262
132,141,273
140,136,276
137,128,265
156,109,265
156,112,268
154,128,282
132,129,261
138,117,255
146,105,251
146,96,242
135,94,229
136,129,265
155,137,292
173,129,302
171,129,300
149,141,290
130,149,279
128,150,278
117,151,268
127,147,274
135,146,281
132,147,279
136,143,279
140,136,276
134,137,271
126,147,273
128,140,268
143,137,280
138,145,283
140,133,273
140,137,277
143,139,282
127,141,268
139,136,275
137,149,286
135,160,295
130,165,295
128,169,297
123,162,285
139,160,299
147,158,305
148,149,297
142,141,283
148,126,274
145,111,256
150,97,247
148,119,267
151,103,254
148,100,248
149,94,243
138,112,250
153,96,249
152,98,250
150,83,233
147,110,257
151,94,245
142,92,234
149,115,264
152,98,250
158,86,244
152,105,257
143,94,237
143,88,231
144,103,247
142,109,251
146,116,262
155,107,262
168,82,250
170,93,263
146,111,257
148,94,242
150,107,257
144,92,236
141,103,244
144,95,239
138,90,228
141,104,245
140,96,236
145,81,226
144,107,251
145,97,242
146,90,236
149,110,259
152,96,248
146,87,233
152,103,255
143,98,241
144,89,233
142,84,226
143,108,251
147,98,245
153,79,232
152,104,256
147,94,241
139,115,254
149,98,247
149,108,257
153,99,252
146,83,229
150,102,252
144,94,238
141,116,257
147,108,255
144,100,244
147,84,231
140,106,246
151,99,250
142,101,243
146,133,279
179,115,294
191,116,307
192,117,309
157,112,269
155,103,258
149,180,329
170,167,337
172,167,339
175,167,342
118,165,283
142,190,332
127,205,332
122,211,333
115,214,329
167,192,359
201,166,367
209,165,374
200,135,335
211,161,372
224,156,380
211,133,344
179,122,301
122,128,250
131,132,263
125,138,263
121,158,279
122,173,295
124,192,316
127,223,350
133,241,374
130,258,388
167,225,392
182,188,370
201,170,371
178,159,337
163,142,305
154,123,277
171,128,299
185,139,324
182,146,328
167,133,300
196,129,325
197,135,332
187,132,319
160,107,267
143,94,237
139,90,229
129,84,213
132,129,261
138,138,276
143,143,286
145,146,291
135,135,270
130,130,260
126,132,258
106,130,236
111,136,247
123,151,274
121,150,271
124,148,272
141,140,281
147,141,288
156,146,302
143,154,297
143,146,289
170,124,294
191,104,295
180,105,285
151,110,261
119,187,306
118,311,429
130,329,459
152,312,464
236,256,492
284,224,508
260,205,465
187,194,381
176,177,353
162,156,318
161,147,308
154,129,283
150,119,269
156,111,267
156,98,254
154,118,272
147,121,268
137,121,258
150,109,259
159,87,246
157,101,258
150,95,245
141,141,282
143,143,286
152,154,306
164,160,324
152,153,305
184,123,307
201,111,312
194,146,340
193,112,305
189,138,327
201,171,372
202,179,381
219,160,379
236,128,364
230,176,406
242,154,396
226,140,366
187,155,342
138,156,294
125,153,278
132,150,282
129,138,267
131,132,263
153,100,253
166,137,303
192,123,315
166,116,282
155,126,281
136,116,252
139,114,253
122,121,243
113,124,237
123,127,250
137,123,260
140,118,258
134,120,254
126,112,238
130,118,248
129,123,252
126,130,256
136,125,261
140,154,294
147,156,303
151,152,303
143,168,311
123,171,294
115,182,297
118,184,302
125,190,315
133,200,333
135,200,335
151,209,360
155,219,374
235,171,406
286,113,399
282,107,389
211,92,303
156,128,284
157,133,290
157,140,297
156,142,298
152,134,286
139,131,270
137,144,281
123,150,273
142,133,275
138,129,267
141,122,263
135,117,252
126,120,246
126,115,241
127,120,247
113,118,231
115,132,247
127,144,271
129,154,283
130,159,289
138,179,317
133,187,320
135,186,321
129,201,330
145,205,350
148,239,387
133,248,381
172,199,371
222,153,375
232,161,393
185,161,346
142,164,306
121,166,287
133,178,311
120,184,304
123,183,306
133,190,323
141,191,332
134,198,332
142,194,336
133,207,340
158,195,353
157,199,356
162,197,359
153,186,339
139,169,308
156,183,339
161,204,365
158,192,350
143,190,333
141,202,343
159,183,342
210,148,358
240,118,358
229,109,338
179,111,290
123,118,241
124,123,247
123,124,247
123,129,252
125,135,260
120,143,263
128,153,281
131,153,284
146,152,298
155,162,317
159,158,317
135,163,298
136,155,291
106,152,258
135,149,284
122,144,266
122,168,290
120,171,291
129,163,292
134,158,292
144,141,285
142,140,282
129,140,269
119,141,260
123,140,263
120,144,264
118,154,272
125,155,280
130,154,284
143,154,297
136,162,298
133,165,298
115,172,287
142,167,309
163,156,319
167,143,310
166,123,289
158,126,284
163,137,300
156,126,282
150,127,277
169,135,304
200,108,308
189,103,292
163,137,300
159,132,291
172,114,286
180,127,307
162,161,323
199,146,345
198,143,341
175,142,317
148,159,307
141,169,310
143,179,322
134,203,337
143,216,359
137,239,376
139,251,390
173,234,407
210,193,403
225,175,400
200,155,355
173,130,303
196,173,369
219,145,364
217,120,337
193,107,300
144,92,236
156,173,329
163,168,331
167,148,315
173,123,296
151,114,265
204,148,352
198,141,339
185,122,307
163,108,271
145,127,272
173,131,304
186,136,322
180,134,314
156,137,293
148,136,284
166,142,308
154,135,289
155,132,287
160,132,292
170,134,304
198,196,394
217,179,396
233,192,425
215,176,391
151,159,310
182,139,321
173,172,345
173,167,340
212,125,337
225,198,423
240,158,398
234,120,354
233,157,390
220,149,369
218,152,370
200,229,429
250,185,435
272,172,444
286,154,440
248,174,422
277,161,438
265,161,426
248,150,398
198,158,356
205,132,337
201,122,323
170,152,322
211,149,360
219,128,347
239,141,380
217,116,333
209,157,366
223,140,363
240,113,353
230,138,368
179,147,326
135,160,295
145,142,287
139,156,295
160,169,329
132,185,317
128,195,323
121,205,326
138,186,324
147,197,344
150,191,341
145,192,337
143,217,360
153,206,359
144,209,353
181,208,389
185,218,403
205,212,417
221,168,389
218,149,367
209,154,363
170,148,318
144,141,285
163,126,289
183,135,318
192,125,317
179,133,312
159,154,313
151,174,325
189,125,314
203,122,325
204,134,338
163,139,302
143,127,270
146,122,268
135,115,250
140,119,259
137,104,241
137,102,239
127,97,224
105,103,208
112,141,253
127,146,273
131,155,286
145,132,277
142,155,297
138,179,317
117,201,318
132,200,332
146,202,348
132,219,351
164,194,358
167,177,344
184,165,349
171,146,317
171,135,306
155,129,284
181,106,287
165,137,302
185,120,305
167,138,305
156,153,309
160,144,304
165,112,277
204,157,361
217,137,354
191,132,323
192,145,337
185,108,293
214,119,333
205,154,359
198,135,333
186,130,316
185,125,310
174,116,290
154,120,274
130,130,260
123,130,253
129,127,256
143,132,275
147,130,277
181,149,330
206,118,324
203,112,315
179,101,280
143,129,272
162,124,286
173,110,283
173,107,280
162,93,255
146,84,230
135,79,214
123,128,251
115,138,253
135,137,272
136,138,274
141,125,266
143,130,273
134,153,287
122,158,280
128,151,279
138,150,288
135,176,311
129,178,307
124,179,303
159,133,292
169,121,290
170,109,279
147,161,308
182,127,309
196,106,302
192,87,279
145,107,252
140,120,260
138,114,252
137,117,254
133,119,252
126,133,259
122,141,263
116,147,263
129,151,280
147,144,291
156,141,297
135,143,278
148,139,287
136,147,283
138,181,319
141,172,313
160,175,335
160,171,331
140,177,317
129,185,314
134,186,320
128,188,316
134,188,322
136,206,342
137,223,360
145,240,385
150,239,389
175,204,379
188,196,384
210,157,367
192,153,345
180,152,332
153,139,292
157,146,303
164,142,306
162,133,295
167,150,317
177,119,296
185,120,305
162,115,277
132,110,242
128,114,242
121,118,239
108,125,233
130,114,244
129,112,241
146,101,247
149,105,254
143,109,252
125,106,231
119,108,227
123,107,230
106,114,220
122,112,234
112,116,228
120,121,241
119,130,249
116,137,253
124,145,269
132,169,301
135,190,325
141,336,477
117,332,449
173,304,477
239,245,484
302,179,481
289,151,440
187,144,331
180,127,307
173,97,270
167,87,254
146,130,276
152,129,281
150,128,278
145,130,275
129,151,280
124,169,293
130,158,288
148,160,308
165,137,302
149,131,280
155,117,272
159,118,277
162,201,363
188,167,355
180,164,344
167,156,323
90,149,239
118,149,267
130,147,277
123,148,271
123,148,271
124,144,268
127,141,268
133,137,270
133,142,275
141,132,273
138,127,265
138,126,264
127,127,254
122,137,259
124,137,261
157,205,362
197,167,364
197,165,362
184,142,326
110,124,234
156,106,262
163,95,258
159,121,280
156,111,267
159,97,256
157,124,281
152,113,265
154,104,258
154,92,246
149,168,317
157,166,323
144,168,312
156,147,303
105,132,237
146,116,262
158,102,260
159,92,251
159,169,328
162,162,324
149,166,315
156,149,305
101,135,236
142,120,262
157,104,261
159,91,250
158,166,324
156,162,318
143,165,308
151,148,299
99,134,233
141,118,259
157,103,260
160,92,252
158,179,337
156,184,340
142,206,348
149,201,350
117,168,285
197,126,323
236,109,345
215,117,332
175,113,288
153,182,335
179,155,334
172,167,339
172,166,338
134,159,293
166,149,315
155,172,327
144,168,312
115,184,299
115,250,365
270,227,497
363,163,526
372,165,537
288,120,408
206,161,367
237,146,383
200,146,346
152,155,307
122,166,288
147,157,304
155,142,297
151,125,276
151,106,257
150,94,244
136,85,221
147,157,304
150,150,300
157,152,309
142,165,307
96,184,280
154,169,323
149,171,320
159,168,327
131,200,331
126,220,346
103,216,319
138,186,324
172,170,342
244,104,348
224,173,397
230,165,395
149,173,322
147,168,315
77,166,243
106,159,265
131,156,287
126,161,287
131,166,297
107,171,278
122,179,301
102,243,345
120,250,370
130,246,376
144,227,371
266,133,399
252,137,389
237,132,369
130,136,266
118,132,250
119,130,249
106,136,242
120,142,262
113,175,288
102,206,308
122,207,329
165,181,346
206,157,363
229,160,389
259,114,373
225,102,327
180,168,348
163,142,305
162,164,326
154,168,322
147,132,279
204,108,312
210,128,338
179,129,308
157,142,299
152,141,293
148,139,287
122,127,249
176,188,364
189,178,367
184,197,381
161,201,362
107,188,295
162,170,332
200,160,360
161,165,326
161,173,334
154,197,351
165,218,383
176,234,410
170,233,403
181,210,391
186,189,375
176,195,371
197,165,362
168,167,335
173,174,347
129,190,319
127,191,318
127,181,308
146,165,311
162,138,300
155,115,270
176,93,269
160,145,305
173,130,303
168,132,300
143,141,284
117,152,269
125,177,302
125,170,295
134,177,311
129,172,301
166,122,288
193,121,314
208,125,333
186,109,295
154,94,248
135,101,236
116,191,307
171,162,333
233,107,340
219,99,318
176,102,278
141,161,302
142,152,294
156,174,330
147,187,334
109,191,300
144,201,345
150,195,345
115,192,307
168,163,331
160,153,313
170,155,325
131,160,291
122,174,296
107,173,280
124,170,294
123,165,288
152,125,277
168,114,282
131,96,227
145,149,294
152,138,290
135,132,267
135,128,263
110,123,233
145,100,245
138,99,237
153,145,298
150,130,280
128,124,252
138,117,255
92,105,197
138,141,279
184,112,296
176,100,276
161,107,268
152,96,248
159,134,293
155,133,288
151,145,296
160,148,308
136,161,297
138,165,303
98,170,268
125,174,299
120,181,301
131,177,308
129,175,304
123,182,305
168,139,307
169,144,313
176,135,311
128,136,264
145,118,263
157,99,256
164,91,255
144,95,239
136,125,261
132,152,284
142,139,281
148,127,275
122,113,235
170,116,286
166,115,281
169,108,277
164,90,254
161,141,302
157,129,286
147,122,269
155,94,249
103,140,243
157,129,286
171,124,295
172,127,299
139,135,274
101,139,240
126,150,276
121,157,278
123,159,282
123,170,293
113,172,285
105,172,277
126,164,290
125,148,273
141,143,284
136,137,273
113,134,247
122,138,260
119,139,258
120,141,261
121,137,258
120,140,260
107,142,249
124,149,273
103,180,283
118,182,300
106,183,289
125,174,299
144,146,290
147,153,300
145,151,296
111,148,259
121,143,264
120,138,258
99,134,233
125,132,257
124,128,252
122,135,257
119,135,254
113,131,244
120,135,255
120,133,253
107,138,245
114,132,246
133,137,270
113,135,248
124,129,253
123,127,250
121,127,248
104,139,243
122,166,288
128,188,316
126,184,310
125,182,307
129,181,310
190,117,307
156,108,264
198,104,302
158,154,312
168,125,293
164,109,273
151,109,260
123,105,228
121,113,234
128,129,257
119,161,280
118,183,301
137,171,308
161,133,294
188,113,301
187,111,298
171,111,282
144,98,242
146,120,266
152,127,279
176,105,281
173,112,285
178,116,294
151,107,258
151,130,281
169,112,281
161,108,269
171,101,272
139,112,251
127,109,236
113,95,208
146,146,292
141,140,281
159,140,299
152,133,285
120,136,256
141,136,277
135,133,268
138,140,278
136,130,266
139,118,257
165,94,259
170,95,265
141,92,233
103,98,201
118,94,212
112,89,201
120,90,210
110,90,200
123,98,221
121,97,218
117,92,209
128,88,216
125,86,211
120,99,219
120,96,216
140,98,238
101,98,199
122,98,220
124,93,217
110,97,207
114,101,215
106,101,207
124,99,223
107,94,201
129,105,234
118,96,214
134,94,228
121,98,219
118,91,209
133,81,214
133,84,217
128,81,209
119,79,198
121,109,230
119,114,233
120,112,232
126,121,247
120,118,238
136,102,238
128,105,233
132,111,243
124,117,241
119,119,238
118,119,237
114,244,358
117,285,402
123,346,469
227,259,486
272,238,510
343,186,529
269,165,434
258,169,427
224,294,518
229,293,522
224,269,493
200,245,445
229,171,400
252,138,390
192,128,320
180,108,288
157,95,252
156,94,250
145,131,276
148,126,274
141,115,256
144,110,254
121,99,220
142,93,235
135,83,218
136,118,254
139,136,275
137,143,280
148,144,292
146,152,298
138,145,283
128,161,289
136,174,310
134,171,305
132,164,296
145,149,294
154,136,290
153,122,275
144,110,254
139,101,240
128,127,255
152,130,282
174,116,290
181,114,295
164,106,270
159,96,255
157,110,267
147,118,265
122,115,237
124,114,238
127,110,237
124,108,232
120,105,225
122,134,256
105,151,256
133,151,284
149,140,289
149,150,299
156,162,318
145,185,330
144,190,334
156,189,345
152,184,336
139,191,330
165,171,336
190,148,338
211,149,360
198,133,331
205,96,301
183,91,274
157,94,251
111,92,203
123,86,209
123,81,204
123,75,198
114,109,223
128,110,238
141,116,257
143,133,276
122,138,260
124,139,263
120,135,255
129,124,253
136,118,254
139,108,247
131,122,253
121,118,239
121,117,238
152,116,268
146,119,265
162,124,286
137,148,285
125,165,290
126,195,321
137,195,332
156,206,362
180,186,366
174,182,356
179,155,334
168,133,301
173,129,302
156,127,283
135,127,262
127,117,244
127,110,237
126,103,229
123,98,221
127,89,216
124,87,211
127,84,211
128,84,212
131,93,224
128,93,221
131,105,236
135,110,245
127,120,247
123,125,248
117,126,243
123,138,261
124,140,264
127,134,261
118,136,254
117,132,249
117,136,253
120,135,255
121,143,264
121,142,263
120,148,268
122,146,268
129,145,274
128,166,294
126,166,292
143,225,368
256,128,384
256,117,373
261,111,372
149,101,250
140,96,236
132,102,234
126,118,244
135,109,244
151,92,243
154,109,263
139,117,256
140,119,259
142,116,258
143,111,254
133,123,256
123,128,251
131,133,264
137,135,272
119,120,239
151,101,252
153,94,247
128,94,222
132,115,247
140,111,251
146,105,251
142,96,238
137,85,222
137,114,251
141,109,250
145,102,247
146,99,245
139,82,221
144,92,236
137,83,220
132,101,233
149,82,231
139,120,259
141,130,271
124,117,241
133,114,247
129,107,236
124,101,225
122,101,223
122,99,221
115,99,214
124,90,214
125,90,215
108,89,197
123,90,213
117,89,206
118,91,209
120,89,209
112,94,206
122,113,235
120,123,243
128,120,248
126,122,248
118,123,241
120,122,242
127,128,255
123,140,263
124,155,279
127,165,292
132,181,313
132,178,310
127,173,300
139,166,305
166,144,310
171,145,316
173,128,301
161,149,310
146,156,302
133,163,296
119,160,279
120,158,278
129,160,289
128,159,287
121,154,275
128,161,289
127,159,286
124,153,277
136,140,276
127,139,266
125,137,262
126,141,267
134,140,274
123,138,261
127,138,265
114,136,250
127,128,255
134,124,258
133,122,255
130,124,254
123,124,247
123,121,244
130,113,243
125,112,237
128,113,241
115,114,229
116,114,230
122,129,251
127,134,261
133,155,288
128,151,279
131,150,281
142,175,317
135,186,321
143,180,323
148,173,321
145,175,320
126,182,308
125,186,311
139,175,314
139,178,317
140,185,325
138,216,354
136,243,379
138,268,406
147,271,418
180,256,436
210,261,471
220,249,469
212,221,433
214,188,402
214,181,395
204,177,381
190,164,354
208,117,325
201,100,301
199,163,362
173,157,330
154,160,314
151,149,300
102,141,243
145,126,271
151,118,269
153,105,258
149,92,241
158,172,330
155,170,325
143,171,314
150,155,305
97,151,248
137,140,277
158,128,286
151,119,270
151,106,257
152,93,245
158,172,330
157,167,324
143,168,311
150,148,298
99,133,232
139,120,259
157,106,263
169,178,347
171,170,341
157,170,327
149,153,302
96,149,245
137,142,279
157,127,284
150,118,268
152,103,255
151,92,243
159,170,329
157,175,332
144,186,330
180,150,330
132,133,265
179,115,294
187,121,308
182,130,312
168,139,307
148,134,282
142,124,266
141,142,283
160,134,294
140,159,299
155,166,321
117,180,297
106,178,284
134,182,316
129,180,309
123,152,275
176,125,301
195,130,325
192,104,296
183,131,314
169,113,282
166,94,260
159,160,319
165,136,301
159,122,281
158,114,272
142,179,321
175,175,350
154,175,329
178,171,349
172,175,347
138,180,318
130,189,319
126,187,313
106,209,315
137,223,360
144,195,339
159,173,332
158,151,309
155,145,300
141,147,288
135,142,277
138,135,273
167,130,297
185,122,307
190,118,308
155,131,286
151,118,269
150,102,252
153,88,241
147,154,301
137,157,294
145,142,287
162,125,287
186,152,338
207,128,335
206,112,318
194,108,302
158,99,257
169,122,291
156,129,285
181,195,376
207,163,370
201,158,359
191,150,341
150,135,285
159,141,300
167,153,320
154,148,302
148,144,292
159,182,341
207,166,373
229,152,381
213,141,354
174,157,331
187,155,342
173,144,317
199,117,316
195,152,347
234,126,360
219,161,380
240,128,368
226,143,369
243,173,416
260,135,395
252,114,366
233,102,335
178,148,326
180,129,309
194,163,357
207,158,365
199,131,330
200,118,318
171,127,298
172,102,274
168,108,276
174,99,273
150,112,262
133,110,243
135,90,225
128,82,210
110,133,243
116,130,246
149,128,277
138,126,264
124,128,252
129,147,276
126,163,289
123,181,304
143,175,318
139,172,311
117,196,313
136,236,372
122,247,369
120,243,363
178,199,377
200,197,397
218,157,375
193,148,341
176,138,314
152,126,278
126,108,234
168,175,343
206,158,364
191,169,360
163,180,343
115,203,318
130,211,341
125,209,334
149,189,338
168,154,322
171,154,325
160,159,319
128,156,284
122,159,281
124,160,284
105,166,271
137,166,303
129,162,291
121,159,280
112,148,260
141,154,295
134,153,287
121,152,273
131,143,274
137,136,273
125,257,382
130,318,448
138,343,481
144,354,498
284,227,511
290,209,499
242,207,449
174,192,366
189,179,368
200,178,378
156,201,357
140,206,346
123,231,354
145,205,350
179,175,354
172,169,341
188,128,316
179,115,294
182,144,326
176,117,293
177,103,280
173,160,333
165,142,307
153,155,308
127,163,290
98,174,272
119,173,292
116,173,289
128,159,287
133,155,288
85,162,247
103,176,279
123,177,300
116,174,290
110,177,287
148,147,295
143,150,293
140,139,279
121,167,288
102,173,275
120,208,328
108,218,326
142,214,356
158,188,346
174,138,312
211,108,319
175,88,263
167,137,304
150,146,296
141,138,279
138,125,263
120,110,230
144,98,242
142,84,226
140,135,275
164,118,282
168,109,277
167,102,269
163,137,300
154,123,277
170,108,278
178,95,273
146,84,230
127,92,219
130,85,215
124,77,201
127,88,215
118,86,204
120,132,252
131,122,253
129,117,246
134,111,245
102,105,207
125,104,229
123,98,221
148,149,297
149,161,310
142,170,312
141,156,297
111,137,248
150,129,279
127,140,267
123,147,270
122,153,275
132,146,278
149,136,285
173,162,335
196,138,334
217,122,339
204,137,341
172,138,310
180,147,327
196,132,328
217,143,360
194,146,340
172,130,302
184,124,308
198,150,348
193,144,337
192,146,338
157,166,323
121,197,318
156,178,334
169,167,336
191,131,322
203,117,320
199,103,302
172,116,288
152,113,265
127,107,234
125,102,227
124,92,216
129,85,214
122,77,199
127,101,228
124,131,255
123,135,258
136,125,261
131,124,255
125,124,249
129,116,245
131,113,244
126,108,234
129,125,254
117,140,257
123,155,278
128,154,282
142,145,287
154,139,293
173,126,299
200,144,344
209,128,337
206,106,312
194,119,313
190,96,286
180,97,277
152,123,275
121,125,246
133,125,258
136,126,262
133,119,252
129,117,246
120,102,222
126,104,230
131,102,233
110,104,214
126,108,234
121,108,229
127,104,231
124,202,326
252,104,356
259,128,387
294,131,425
191,101,292
197,92,289
163,88,251
136,88,224
134,89,223
124,146,270
140,146,286
151,162,313
150,175,325
129,153,282
176,127,303
141,126,267
146,126,272
132,122,254
125,117,242
123,107,230
136,101,237
123,96,219
130,93,223
132,94,226
120,113,233
134,129,263
141,135,276
147,123,270
121,120,241
112,128,240
120,130,250
122,138,260
122,157,279
106,168,274
116,164,280
119,159,278
115,158,273
115,143,258
133,136,269
134,139,273
117,136,253
120,136,256
98,132,230
125,139,264
117,141,258
121,136,257
119,134,253
123,137,260
104,136,240
106,135,241
118,132,250
122,130,252
104,130,234
114,139,253
138,144,282
140,155,295
137,173,310
124,178,302
132,176,308
130,177,307
138,167,305
157,144,301
150,148,298
151,147,298
137,141,278
131,145,276
144,140,284
154,134,288
164,146,310
151,148,299
130,152,282
124,167,291
128,167,295
126,161,287
164,130,294
188,121,309
189,136,325
177,152,329
172,146,318
191,168,359
276,166,442
154,228,382
273,169,442
285,177,462
320,203,523
249,174,423
208,239,447
227,246,473
370,158,528
127,182,309
216,142,358
139,176,315
176,187,363
177,177,354
197,168,365
169,161,330
343,145,488
128,150,278
163,161,324
156,163,319
175,134,309
205,289,494
303,198,501
307,137,444
177,158,335
226,434,660
197,382,579
254,397,651
347,335,682
173,298,471
253,412,665
279,401,680
258,372,630
252,378,630
331,311,642
132,302,434
272,241,513
139,236,375
193,223,416
105,224,329
178,204,382
232,208,440
226,227,453
226,209,435
221,187,408
239,170,409
116,157,273
195,264,459
119,234,353
186,206,392
239,221,460
139,242,381
310,143,453
133,161,294
195,166,361
162,157,319
204,152,356
196,141,337
216,141,357
219,165,384
205,159,364
164,158,322
183,190,373
198,194,392
203,201,404
204,197,401
220,186,406
219,168,387
194,152,346
200,133,333
190,127,317
185,146,331
184,168,352
182,175,357
190,171,361
186,167,353
194,163,357
185,160,345
197,143,340
213,123,336
218,148,366
202,137,339
212,127,339
206,154,360
207,150,357
193,168,361
210,169,379
218,199,417
262,142,404
279,116,395
256,117,373
184,130,314
176,195,371
216,223,439
215,245,460
238,239,477
197,227,424
211,237,448
186,222,408
237,214,451
245,211,456
250,244,494
280,174,454
295,167,462
231,147,378
199,134,333
220,145,365
216,155,371
228,140,368
230,152,382
222,145,367
197,140,337
207,169,376
224,149,373
227,171,398
247,160,407
238,143,381
238,149,387
217,183,400
209,192,401
192,196,388
181,190,371
194,182,376
187,171,358
206,161,367
213,148,361
215,136,351
216,136,352
215,164,379
214,177,391
211,188,399
197,213,410
171,238,409
180,241,421
184,251,435
193,248,441
187,262,449
194,262,456
193,254,447
196,277,473
210,268,478
206,264,470
215,256,471
212,244,456
215,237,452
213,208,421
211,179,390
206,155,361
210,135,345
194,129,323
158,134,292
145,136,281
134,133,267
135,135,270
139,136,275
146,132,278
144,129,273
140,132,272
134,137,271
142,133,275
142,137,279
145,129,274
138,133,271
140,135,275
142,133,275
141,138,279
139,140,279
133,155,288
137,156,293
149,148,297
150,150,300
148,173,321
135,202,337
133,267,400
151,251,402
173,228,401
194,203,397
203,162,365
222,147,369
176,141,317
173,142,315
155,143,298
139,146,285
137,144,281
142,184,326
176,156,332
227,119,346
223,153,376
219,131,350
190,199,389
221,182,403
222,150,372
196,149,345
113,159,272
157,169,326
155,190,345
151,215,366
149,202,351
150,208,358
155,241,396
157,219,376
181,220,401
230,170,400
204,162,366
202,141,343
155,165,320
180,305,485
226,271,497
234,256,490
221,244,465
405,128,533
77,112,189
118,126,244
167,128,295
161,131,292
191,147,338
203,187,390
217,160,377
263,200,463
281,179,460
259,171,430
235,161,396
221,144,365
178,156,334
182,165,347
171,155,326
180,161,341
178,183,361
176,180,356
192,167,359
175,166,341
213,142,355
224,110,334
227,111,338
190,117,307
155,120,275
154,153,307
178,141,319
192,155,347
187,181,368
197,190,387
212,199,411
216,215,431
224,182,406
213,168,381
161,169,330
183,175,358
180,175,355
178,158,336
171,143,314
159,163,322
136,167,303
127,166,293
136,179,315
144,183,327
162,176,338
204,130,334
228,213,441
256,211,467
234,189,423
274,123,397
198,134,332
251,116,367
199,117,316
188,107,295
155,154,309
154,144,298
156,136,292
158,119,277
135,110,245
141,117,258
128,187,315
174,172,346
183,177,360
183,217,400
164,186,350
218,155,373
219,152,371
195,139,334
149,166,315
147,151,298
189,93,282
179,150,329
206,145,351
149,174,323
146,190,336
121,191,312
142,211,353
155,196,351
158,199,357
169,186,355
162,182,344
188,149,337
183,150,333
168,155,323
159,141,300
170,120,290
185,147,332
191,124,315
195,205,400
203,212,415
220,153,373
240,119,359
238,168,406
195,177,372
269,104,373
234,103,337
186,124,310
146,128,274
173,107,280
171,102,273
155,120,275
128,118,246
122,126,248
129,124,253
131,128,259
134,132,266
128,177,305
141,174,315
154,201,355
183,169,352
222,123,345
208,131,339
177,132,309
131,124,255
150,114,264
149,120,269
136,139,275
124,148,272
122,147,269
121,150,271
126,146,272
138,139,277
142,160,302
140,175,315
131,185,316
139,180,319
163,160,323
198,185,383
214,241,455
275,181,456
300,147,447
283,150,433
205,138,343
173,130,303
174,167,341
218,129,347
220,195,415
286,137,423
251,142,393
246,143,389
187,145,332
170,179,349
191,164,355
210,141,351
222,113,335
199,109,308
178,111,289
154,141,295
169,142,311
166,171,337
167,167,334
150,167,317
192,128,320
202,106,308
200,126,326
179,125,304
182,141,323
195,140,335
198,141,339
181,230,411
222,203,425
362,159,521
399,129,528
276,141,417
194,132,326
164,142,306
178,235,413
224,212,436
235,210,445
208,166,374
187,144,331
218,161,379
193,175,368
181,171,352
181,199,380
135,187,322
192,149,341
219,175,394
262,250,512
301,198,499
307,149,456
271,141,412
144,127,271
167,219,386
141,190,331
208,223,431
189,189,378
241,183,424
199,187,386
206,257,463
173,268,441
189,264,453
180,356,536
272,288,560
261,283,544
262,289,551
276,188,464
272,138,410
286,118,404
213,226,439
170,222,392
213,222,435
192,184,376
128,216,344
203,168,371
171,185,356
165,137,302
180,139,319
175,171,346
167,182,349
171,151,322
191,172,363
211,166,377
163,173,336
132,194,326
178,181,359
169,182,351
196,162,358
172,204,376
147,374,521
184,338,522
274,242,516
270,242,512
269,182,451
194,244,438
128,242,370
142,251,393
198,196,394
207,189,396
208,166,374
201,126,327
195,174,369
202,274,476
264,273,537
416,165,581
420,147,567
276,139,415
181,143,324
161,154,315
180,168,348
183,164,347
176,211,387
173,200,373
213,183,396
213,172,385
240,135,375
220,104,324
216,124,340
191,120,311
186,143,329
190,142,332
178,127,305
166,212,378
208,163,371
254,117,371
256,113,369
159,166,325
155,195,350
233,111,344
258,108,366
265,119,384
200,159,359
174,163,337
214,140,354
223,121,344
221,189,410
200,174,374
216,148,364
208,155,363
149,210,359
234,188,422
191,172,363
230,121,351
146,109,255
185,98,283
150,173,323
150,198,348
183,164,347
214,135,349
153,210,363
226,209,435
216,168,384
216,135,351
160,268,428
234,255,489
239,247,486
270,227,497
222,216,438
214,213,427
226,193,419
212,209,421
136,229,365
192,209,401
198,190,388
193,190,383
216,200,416
194,211,405
226,154,380
202,175,377
204,182,386
162,195,357
169,155,324
186,144,330
199,122,321
151,118,269
145,104,249
167,128,295
120,183,303
210,253,463
278,171,449
293,161,454
266,201,467
264,195,459
285,205,490
335,150,485
248,151,399
192,113,305
149,137,286
94,138,232
124,139,263
154,117,271
153,119,272
95,146,241
126,138,264
160,110,270
140,123,263
160,149,309
156,112,268
195,178,373
199,147,346
236,117,353
223,85,308
163,301,464
113,364,477
202,320,522
229,303,532
278,238,516
231,210,441
280,234,514
185,225,410
161,244,405
181,243,424
191,238,429
210,202,412
209,186,395
207,183,390
207,185,392
193,195,388
209,171,380
185,176,361
173,187,360
157,184,341
176,182,358
182,170,352
189,145,334
174,128,302
174,103,277
163,84,247
148,112,260
141,117,258
152,211,363
170,193,363
211,147,358
226,103,329
168,90,258
115,85,200
129,114,243
118,182,300
195,110,305
210,134,344
186,133,319
130,137,267
150,107,257
153,107,260
104,135,239
137,139,276
146,145,291
168,136,304
146,123,269
184,123,307
168,138,306
114,127,241
145,122,267
136,129,265
124,162,286
124,171,295
121,179,300
125,183,308
136,181,317
136,188,324
151,177,328
144,176,320
146,203,349
129,204,333
141,197,338
145,201,346
171,180,351
163,178,341
161,179,340
134,184,318
132,180,312
140,180,320
140,180,320
141,178,319
134,180,314
141,178,319
134,186,320
139,181,320
134,187,321
141,194,335
152,178,330
152,184,336
145,188,333
141,179,320
140,187,327
157,170,327
143,177,320
142,178,320
133,178,311
132,178,310
140,178,318
133,178,311
141,176,317
134,177,311
140,179,319
131,183,314
142,174,316
137,178,315
137,185,322
135,176,311
137,180,317
139,179,318
138,178,316
136,179,315
142,260,402
132,326,458
140,315,455
134,327,461
284,176,460
311,137,448
338,210,548
225,177,402
182,173,355
193,144,337
106,148,254
136,141,277
158,133,291
179,108,287
171,124,295
148,147,295
116,144,260
121,139,260
126,128,254
95,137,232
124,146,270
136,141,277
140,149,289
140,149,289
133,146,279
151,128,279
152,119,271
154,105,259
142,113,255
140,108,248
149,168,317
156,150,306
149,135,284
156,117,273
101,111,212
137,114,251
141,108,249
155,88,243
153,151,304
147,144,291
138,144,282
143,136,279
135,179,314
188,165,353
178,189,367
173,180,353
95,182,277
123,189,312
145,171,316
192,198,390
204,219,423
251,162,413
226,142,368
262,168,430
220,147,367
233,118,351
220,178,398
181,186,367
198,192,390
172,196,368
124,196,320
166,205,371
189,175,364
206,139,345
220,120,340
212,153,365
209,132,341
186,125,311
196,101,297
166,107,273
169,112,281
143,140,283
184,105,289
188,90,278
171,145,316
144,132,276
148,109,257
153,144,297
183,147,330
183,140,323
162,128,290
152,108,260
171,136,307
172,135,307
178,115,293
186,124,310
186,138,324
187,144,331
198,144,342
182,151,333
180,156,336
157,153,310
178,117,295
186,138,324
188,141,329
177,132,309
176,190,366
165,203,368
198,184,382
214,162,376
220,148,368
178,160,338
152,140,292
158,124,282
166,118,284
180,145,325
191,156,347
203,148,351
199,123,322
194,99,293
186,112,298
160,120,280
153,131,284
156,112,268
168,154,322
200,149,349
205,174,379
205,187,392
191,205,396
204,214,418
201,208,409
188,214,402
178,205,383
175,195,370
171,196,367
160,188,348
141,203,344
153,199,352
139,199,338
147,179,326
170,147,317
177,133,310
137,120,257
154,151,305
172,154,326
187,127,314
175,112,287
169,183,352
188,163,351
180,163,343
157,154,311
116,132,248
158,114,272
165,91,256
164,155,319
159,150,309
124,140,264
134,136,270
95,135,230
134,120,254
114,105,219
154,101,255
142,158,300
164,124,288
195,88,283
200,128,328
143,147,290
155,153,308
157,142,299
169,141,310
188,133,321
189,146,335
192,129,321
172,144,316
180,132,312
188,129,317
190,137,327
176,145,321
154,136,290
168,108,276
192,150,342
205,163,368
218,138,356
207,161,368
217,161,378
222,133,355
192,150,342
229,117,346
186,130,316
177,133,310
133,123,256
163,130,293
192,131,323
195,135,330
155,128,283
161,133,294
182,177,359
260,237,497
356,134,490
327,125,452
255,111,366
145,109,254
181,101,282
131,91,222
124,86,210
101,85,186
129,135,264
133,123,256
132,113,245
139,105,244
116,126,242
120,138,258
128,132,260
132,135,267
125,149,274
97,183,280
122,176,298
148,161,309
152,149,301
137,143,280
124,147,271
88,141,229
127,124,251
105,120,225
144,105,249
151,87,238
138,140,278
147,106,253
181,150,331
180,144,324
158,133,291
136,126,262
114,118,232
160,102,262
154,125,279
156,117,273
141,97,238
161,148,309
151,151,302
107,142,249
161,119,280
124,108,232
150,108,258
140,100,240
104,102,206
125,98,223
123,88,211
128,89,217
128,96,224
107,121,228
144,138,282
182,133,315
209,148,357
229,139,368
205,188,393
236,156,392
236,153,389
242,151,393
191,144,335
192,138,330
179,158,337
171,174,345
172,176,348
183,166,349
198,141,339
184,125,309
174,119,293
154,99,253
165,107,272
153,109,262
127,111,238
97,122,219
123,143,266
126,152,278
127,147,274
128,138,266
119,145,264
127,157,284
100,161,261
133,165,298
135,162,297
129,154,283
121,163,284
118,185,303
110,191,301
120,206,326
139,202,341
156,211,367
152,234,386
148,221,369
170,195,365
206,151,357
205,147,352
189,156,345
163,154,317
161,149,310
151,147,298
127,159,286
117,175,292
111,170,281
119,160,279
125,154,279
125,129,254
146,119,265
148,110,258
139,105,244
145,123,268
136,143,279
137,160,297
126,177,303
121,191,312
140,204,344
149,187,336
149,174,323
164,153,317
154,144,298
146,138,284
133,131,264
148,117,265
166,98,264
171,129,300
169,123,292
175,108,283
173,141,314
171,143,314
163,144,307
164,170,334
153,194,347
184,171,355
190,185,375
195,168,363
194,178,372
215,143,358
203,119,322
211,90,301
186,136,322
173,142,315
151,156,307
174,170,344
183,168,351
215,175,390
201,181,382
175,195,370
180,191,371
187,172,359
193,170,363
182,158,340
180,139,319
156,141,297
168,135,303
194,179,373
251,152,403
241,161,402
201,176,377
143,172,315
151,204,355
160,218,378
152,225,377
167,243,410
177,223,400
206,217,423
221,211,432
203,215,418
208,177,385
200,162,362
229,167,396
226,169,395
232,163,395
219,145,364
182,149,331
177,124,301
166,119,285
144,109,253
174,96,270
164,95,259
142,96,238
127,95,222
122,113,235
126,127,253
136,129,265
154,105,259
150,100,250
145,93,238
100,108,208
114,120,234
120,133,253
118,147,265
120,192,312
120,199,319
118,212,330
118,221,339
155,193,348
173,184,357
132,182,314
128,212,340
134,204,338
144,208,352
143,214,357
148,194,342
172,179,351
163,178,341
158,158,316
153,139,292
149,123,272
156,111,267
150,97,247
139,82,221
140,108,248
116,110,226
99,106,205
138,115,253
156,100,256
125,172,297
181,133,314
171,113,284
147,106,253
128,86,214
145,103,248
150,91,241
148,125,273
148,126,274
142,120,262
147,122,269
152,106,258
148,111,259
137,118,255
122,122,244
122,119,241
120,111,231
123,119,242
108,125,233
116,130,246
122,121,243
135,123,258
132,121,253
130,127,257
135,155,290
193,115,308
216,99,315
200,94,294
147,90,237
132,90,222
111,88,199
121,78,199
126,116,242
124,119,243
112,241,353
104,538,642
130,543,673
121,547,668
479,195,674
542,141,683
557,133,690
206,127,333
178,148,326
204,150,354
202,137,339
183,135,318
175,164,339
185,171,356
233,139,372
209,128,337
173,124,297
170,126,296
201,127,328
206,109,315
203,119,322
166,129,295
155,113,268
168,184,352
187,192,379
157,196,353
151,221,372
109,241,350
152,224,376
137,220,357
192,221,413
192,207,399
210,197,407
196,189,385
191,169,360
171,150,321
176,117,293
181,88,269
186,122,308
172,114,286
156,113,269
165,98,263
160,142,302
165,152,317
180,126,306
211,103,314
180,97,277
154,135,289
127,131,258
153,155,308
198,140,338
199,135,334
179,116,295
166,116,282
147,132,279
166,123,289
155,110,265
134,104,238
121,97,218
100,92,192
127,83,210
132,108,240
140,103,243
143,98,241
144,107,251
150,103,253
156,104,260
151,106,257
146,96,242
144,81,225
138,94,232
137,89,226
123,129,252
135,116,251
143,102,245
129,97,226
117,94,211
125,102,227
139,85,224
147,141,288
185,141,326
198,136,334
183,137,320
140,146,286
136,121,257
162,110,272
177,131,308
157,141,298
167,128,295
159,111,270
145,98,243
172,136,308
173,123,296
168,109,277
158,102,260
150,151,301
160,142,302
170,126,296
168,108,276
147,122,269
167,109,276
168,103,271
168,124,292
157,160,317
202,154,356
220,138,358
223,143,366
191,148,339
156,159,315
159,165,324
154,171,325
183,157,340
189,159,348
195,186,381
172,177,349
154,162,316
158,149,307
156,133,289
152,122,274
152,109,261
143,105,248
140,102,242
143,84,227
145,140,285
150,141,291
159,116,275
165,98,263
147,94,241
154,119,273
151,107,258
148,102,250
148,91,239
134,112,246
146,105,251
144,92,236
145,87,232
146,130,276
142,129,271
154,108,262
153,99,252
138,98,236
143,106,249
150,157,307
173,153,326
178,159,337
175,165,340
146,170,316
160,174,334
176,182,358
181,181,362
205,155,360
192,143,335
198,155,353
175,127,302
194,120,314
209,158,367
210,166,376
243,154,397
270,160,430
261,141,402
227,139,366
207,124,331
184,116,300
186,97,283
176,145,321
173,170,343
147,185,332
143,196,339
113,199,312
138,189,327
176,167,343
181,170,351
166,182,348
130,230,360
107,263,370
139,254,393
151,259,410
221,210,431
239,164,403
278,122,400
215,121,336
178,132,310
176,115,291
179,118,297
177,114,291
151,105,256
152,151,303
172,166,338
220,124,344
240,180,420
265,154,419
239,132,371
235,122,357
168,143,311
142,182,324
127,195,322
152,180,332
164,171,335
196,127,323
199,113,312
196,203,399
207,303,510
360,172,532
386,150,536
262,158,420
142,161,303
154,167,321
150,179,329
146,185,331
142,187,329
140,195,335
146,209,355
129,224,353
160,194,354
175,203,378
189,221,410
198,194,392
196,177,373
200,162,362
197,122,319
194,154,348
213,126,339
204,106,310
197,146,343
183,130,313
179,127,306
161,132,293
162,159,321
184,150,334
209,123,332
173,109,282
143,163,306
156,155,311
169,153,322
158,140,298
159,155,314
167,134,301
169,120,289
166,120,286
166,124,290
173,145,318
182,132,314
166,106,272
163,144,307
175,151,326
170,142,312
167,125,292
177,100,277
196,186,382
194,186,380
217,140,357
239,105,344
201,141,342
215,120,335
187,107,294
190,106,296
160,94,254
150,150,300
152,154,306
160,142,302
161,129,290
154,107,261
163,94,257
135,137,272
173,120,293
180,191,371
224,161,385
208,176,384
211,179,390
165,201,366
177,204,381
186,234,420
196,230,426
213,230,443
190,185,375
222,210,432
213,204,417
198,223,421
253,170,423
244,135,379
234,117,351
193,108,301
170,107,277
166,143,309
173,163,336
187,170,357
175,174,349
146,180,326
152,184,336
143,181,324
163,173,336
174,164,338
169,164,333
150,166,316
141,166,307
145,160,305
154,153,307
154,148,302
151,143,294
137,156,293
137,163,300
126,167,293
130,165,295
125,168,293
111,192,303
153,217,370
172,218,390
191,248,439
185,266,451
202,250,452
194,249,443
187,241,428
223,179,402
241,126,367
243,112,355
216,175,391
191,155,346
192,141,333
156,137,293
125,123,248
132,123,255
135,107,242
171,138,309
177,129,306
196,120,316
194,126,320
167,128,295
177,119,296
158,143,301
178,131,309
153,152,305
136,196,332
128,176,304
188,134,322
196,149,345
210,123,333
192,123,315
170,115,285
170,161,331
182,149,331
156,133,289
157,123,280
116,104,220
170,130,300
164,127,291
152,143,295
162,144,306
186,145,331
199,142,341
210,128,338
164,108,272
160,86,246
152,82,234
145,109,254
117,142,259
139,139,278
140,146,286
127,176,303
125,192,317
110,191,301
128,189,317
141,191,332
145,220,365
145,238,383
154,229,383
152,232,384
214,174,388
201,171,372
197,206,403
156,205,361
145,202,347
167,181,348
197,152,349
210,158,368
194,165,359
215,115,330
221,136,357
226,106,332
181,90,271
165,83,248
127,98,225
124,122,246
135,107,242
150,86,236
150,114,264
121,107,228
122,94,216
139,79,218
141,111,252
113,124,237
120,117,237
140,102,242
131,139,270
137,115,252
162,106,268
155,127,282
164,123,287
181,147,328
216,151,367
231,139,370
248,111,359
210,155,365
224,164,388
233,123,356
235,103,338
175,100,275
146,130,276
165,127,292
170,124,294
162,131,293
164,102,266
168,127,295
188,143,331
183,157,340
179,184,363
159,185,344
155,170,325
169,167,336
171,188,359
139,202,341
154,204,358
146,217,363
168,220,388
163,223,386
172,238,410
152,253,405
177,253,430
187,250,437
230,270,500
228,277,505
232,271,503
205,254,459
210,230,440
219,196,415
227,168,395
198,149,347
179,154,333
194,135,329
192,147,339
211,152,363
207,116,323
216,197,413
211,255,466
193,251,444
222,220,442
199,245,444
187,237,424
132,220,352
191,222,413
203,215,418
210,199,409
216,155,371
209,153,362
177,153,330
168,146,314
162,146,308
154,155,309
160,161,321
163,135,298
196,151,347
215,142,357
189,134,323
178,122,300
153,151,304
199,130,329
216,157,373
227,155,382
209,152,361
211,142,353
205,137,342
212,150,362
213,145,358
196,154,350
211,153,364
215,112,327
217,161,378
218,135,353
217,143,360
207,135,342
165,135,300
136,140,276
148,141,289
121,147,268
140,160,300
155,126,281
158,135,293
191,109,300
173,112,285
173,109,282
148,119,267
137,115,252
126,114,240
116,115,231
129,116,245
130,118,248
126,152,278
134,165,299
155,148,303
175,150,325
162,150,312
155,144,299
212,194,406
229,189,418
215,203,418
155,216,371
84,206,290
128,201,329
155,220,375
162,239,401
178,239,417
169,252,421
174,244,418
199,217,416
211,238,449
184,258,442
173,227,400
178,216,394
217,178,395
213,177,390
201,189,390
201,188,389
195,202,397
196,210,406
210,170,380
232,133,365
242,112,354
214,171,385
222,142,364
225,154,379
234,147,381
228,169,397
239,156,395
205,155,360
189,147,336
170,145,315
176,138,314
165,138,303
158,135,293
157,111,268
163,120,283
172,105,277
162,107,269
166,133,299
163,158,321
165,143,308
175,121,296
174,136,310
191,182,373
234,151,385
227,156,383
210,161,371
155,188,343
143,193,336
145,191,336
172,161,333
207,153,360
244,135,379
224,136,360
191,133,324
145,144,289
151,180,331
141,198,339
135,212,347
153,225,378
147,233,380
170,217,387
188,186,374
193,177,370
184,161,345
158,148,306
156,153,309
148,145,293
155,127,282
137,110,247
162,104,266
159,117,276
163,120,283
171,111,282
163,128,291
168,118,286
162,110,272
172,147,319
183,148,331
201,178,379
265,112,377
254,94,348
231,141,372
171,134,305
166,120,286
162,139,301
174,114,288
193,113,306
185,110,295
148,108,256
157,157,314
160,171,331
176,184,360
154,194,348
109,192,301
135,193,328
141,191,332
170,169,339
184,155,339
171,164,335
176,140,316
182,128,310
186,136,322
160,144,304
140,139,279
114,143,257
164,120,284
163,123,286
161,135,296
152,138,290
160,147,307
185,180,365
219,137,356
207,139,346
234,116,350
167,162,329
212,163,375
185,155,340
225,103,328
191,148,339
194,142,336
165,126,291
176,93,269
155,138,293
188,113,301
179,119,298
178,109,287
167,131,298
165,134,299
160,138,298
161,144,305
152,163,315
152,175,327
148,209,357
153,221,374
156,220,376
177,221,398
171,221,392
189,256,445
194,255,449
207,267,474
208,260,468
229,255,484
240,238,478
222,227,449
209,240,449
205,211,416
215,207,422
220,193,413
203,175,378
200,145,345
200,122,322
206,178,384
237,158,395
237,158,395
214,148,362
189,146,335
169,155,324
224,276,500
353,156,509
371,146,517
271,171,442
250,121,371
234,120,354
206,128,334
128,129,257
136,133,269
132,151,283
151,146,297
152,171,323
180,168,348
196,149,345
207,149,356
186,168,354
199,152,351
229,108,337
248,184,432
202,174,376
212,121,333
221,154,375
184,147,331
218,136,354
223,150,373
216,139,355
215,135,350
213,152,365
209,146,355
209,143,352
210,137,347
202,151,353
211,148,359
192,153,345
179,159,338
157,173,330
158,181,339
150,197,347
149,225,374
149,215,364
158,198,356
159,191,350
187,146,333
205,115,320
221,146,367
211,139,350
209,136,345
209,149,358
208,147,355
209,149,358
212,132,344
193,123,316
185,117,302
161,121,282
146,123,269
137,126,263
138,130,268
135,133,268
137,129,266
135,133,268
136,136,272
142,132,274
142,129,271
141,135,276
135,139,274
140,128,268
140,133,273
141,135,276
142,132,274
141,148,289
141,147,288
134,147,281
136,147,283
138,158,296
141,184,325
140,242,382
139,270,409
209,201,410
234,198,432
264,196,460
185,214,399
134,225,359
154,209,363
165,201,366
190,176,366
185,178,363
180,175,355
144,178,322
135,172,307
126,184,310
136,180,316
152,160,312
154,159,313
150,156,306
141,153,294
137,164,301
162,142,304
175,169,344
222,138,360
212,145,357
198,194,392
161,197,358
167,201,368
162,228,390
181,209,390
178,205,383
179,191,370
202,192,394
203,194,397
155,192,347
172,182,354
219,157,376
228,157,385
226,161,387
216,170,386
210,142,352
208,124,332
213,166,379
234,169,403
253,136,389
243,156,399
205,159,364
179,174,353
183,180,363
174,190,364
167,194,361
184,181,365
205,170,375
195,179,374
211,156,367
218,225,443
292,169,461
317,150,467
310,139,449
217,139,356
206,128,334
207,126,333
208,108,316
172,107,279
166,117,283
142,115,257
139,142,281
156,114,270
184,105,289
189,156,345
176,147,323
163,143,306
188,143,331
181,139,320
190,166,356
219,133,352
232,139,371
226,148,374
195,144,339
177,141,318
190,195,385
250,155,405
242,193,435
253,156,409
174,157,331
176,150,326
149,138,287
148,119,267
157,97,254
159,213,372
164,204,368
193,161,354
201,189,390
133,188,321
158,179,337
184,131,315
173,123,296
172,112,284
138,102,240
139,103,242
136,264,400
148,293,441
241,218,459
277,179,456
238,139,377
156,151,307
183,135,318
174,219,393
222,175,397
246,170,416
206,156,362
160,147,307
183,155,338
184,146,330
177,153,330
176,152,328
179,123,302
185,117,302
182,94,276
160,146,306
159,133,292
145,122,267
147,109,256
130,110,240
150,116,266
161,155,316
159,170,329
196,130,326
190,136,326
196,218,414
145,226,371
146,221,367
199,154,353
190,135,325
237,104,341
193,193,386
208,201,409
226,146,372
221,234,455
221,146,367
263,109,372
223,192,415
199,143,342
225,105,330
223,85,308
147,289,436
313,150,463
313,162,475
320,163,483
167,176,343
185,176,361
198,172,370
225,139,364
194,157,351
259,178,437
264,159,423
248,295,543
235,303,538
245,262,507
240,255,495
248,231,479
236,266,502
169,277,446
203,282,485
210,262,472
209,251,460
229,205,434
209,199,408
205,190,395
186,162,348
189,136,325
218,147,365
203,126,329
222,173,395
203,164,367
232,114,346
232,128,360
203,132,335
170,139,309
178,164,342
177,217,394
210,194,404
275,145,420
296,123,419
263,133,396
186,127,313
152,116,268
152,132,284
156,117,273
168,102,270
171,147,318
159,148,307
190,196,386
216,180,396
237,169,406
204,167,371
119,185,304
141,200,341
141,217,358
131,222,353
156,264,420
164,276,440
188,261,449
193,248,441
223,261,484
235,257,492
162,261,423
226,219,445
213,212,425
215,198,413
174,189,363
163,198,361
184,176,360
174,202,376
169,256,425
132,290,422
130,286,416
226,185,411
276,128,404
291,103,394
199,95,294
162,125,287
155,121,276
169,143,312
167,139,306
187,186,373
226,194,420
251,174,425
257,187,444
183,206,389
243,165,408
195,212,407
246,196,442
257,136,393
260,143,403
233,152,385
152,160,312
167,165,332
178,160,338
178,163,341
185,162,347
176,200,376
188,187,375
217,170,387
221,142,363
244,102,346
217,125,342
194,131,325
161,147,308
142,144,286
190,168,358
207,154,361
174,117,291
173,121,294
105,164,269
116,192,308
134,205,339
156,196,352
158,220,378
137,216,353
167,207,374
181,232,413
183,248,431
180,288,468
166,287,453
195,271,466
202,299,501
243,267,510
240,260,500
247,238,485
216,213,429
215,229,444
165,228,393
180,226,406
193,250,443
211,234,445
203,246,449
250,190,440
242,211,453
269,194,463
261,162,423
277,148,425
260,156,416
207,168,375
204,143,347
201,147,348
207,147,354
166,153,319
169,162,331
154,180,334
149,191,340
142,200,342
163,207,370
166,211,377
169,221,390
161,265,426
165,264,429
169,269,438
252,178,430
276,140,416
287,114,401
210,108,318
183,104,287
166,111,277
176,177,353
181,169,350
231,111,342
236,154,390
185,132,317
207,113,320
191,101,292
150,192,342
166,184,350
238,135,373
281,197,478
218,204,422
223,196,419
179,228,407
122,244,366
163,238,401
232,151,383
239,129,368
250,116,366
190,301,491
287,219,506
309,168,477
297,156,453
191,173,364
262,162,424
242,151,393
264,108,372
193,145,338
215,127,342
173,143,316
174,152,326
141,178,319
138,191,329
138,190,328
145,192,337
142,207,349
144,215,359
164,189,353
183,166,349
181,157,338
180,146,326
177,134,311
172,153,325
163,151,314
151,165,316
173,159,332
176,195,371
152,196,348
148,198,346
149,213,362
184,213,397
179,273,452
181,271,452
154,254,408
227,170,397
232,166,398
231,143,374
165,126,291
167,115,282
156,193,349
185,188,373
184,223,407
188,244,432
151,235,386
175,247,422
180,263,443
178,261,439
208,246,454
203,254,457
223,244,467
221,213,434
220,178,398
214,127,341
217,125,342
204,126,330
167,136,303
187,124,311
182,130,312
186,134,320
174,138,312
179,138,317
183,142,325
157,118,275
176,111,287
166,116,282
139,130,269
120,148,268
149,232,381
305,136,441
324,123,447
312,138,450
171,135,306
159,132,291
183,102,285
168,103,271
169,105,274
137,137,274
163,130,293
174,117,291
183,110,293
174,98,272
167,134,301
165,115,280
161,111,272
169,127,296
155,129,284
158,119,277
160,103,263
160,127,287
174,110,284
170,154,324
189,138,327
182,138,320
171,159,330
157,173,330
166,176,342
181,169,350
188,176,364
200,186,386
166,186,352
156,172,328
152,158,310
174,146,320
171,139,310
180,180,360
205,141,346
231,126,357
200,119,319
181,159,340
214,149,363
225,122,347
214,112,326
188,114,302
175,104,279
162,127,289
148,135,283
179,150,329
209,141,350
231,136,367
215,148,363
211,141,352
215,136,351
218,146,364
213,139,352
213,133,346
217,146,363
210,157,367
210,156,366
214,144,358
208,138,346
214,146,360
215,134,349
199,150,349
183,162,345
165,168,333
186,156,342
186,160,346
183,160,343
163,172,335
153,190,343
151,202,353
150,209,359
153,250,403
157,261,418
158,272,430
159,282,441
218,247,465
223,253,476
222,262,484
232,206,438
234,212,446
233,225,458
153,242,395
162,237,399
172,242,414
196,234,430
204,223,427
217,217,434
217,209,426
216,200,416
218,189,407
219,179,398
216,214,430
216,215,431
206,204,410
203,184,387
189,178,367
169,199,368
144,225,369
153,221,374
172,207,379
206,190,396
211,161,372
196,131,327
184,119,303
163,104,267
142,97,239
139,91,230
128,133,261
143,141,284
150,148,298
145,149,294
126,149,275
140,154,294
142,163,305
145,154,299
131,150,281
127,138,265
127,138,265
127,132,259
129,125,254
154,140,294
182,112,294
183,98,281
164,204,368
146,193,339
191,149,340
200,123,323
142,100,242
160,90,250
153,155,308
145,156,301
181,111,292
187,94,281
176,122,298
159,170,329
151,203,354
142,235,377
158,215,373
165,268,433
119,318,437
174,340,514
226,284,510
191,306,497
348,148,496
309,130,439
325,153,478
206,123,329
206,106,312
193,103,296
162,155,317
176,149,325
200,148,348
199,157,356
183,159,342
188,151,339
193,136,329
196,118,314
194,138,332
195,134,329
202,150,352
224,122,346
223,164,387
246,146,392
224,126,350
225,206,431
214,200,414
245,182,427
250,188,438
155,197,352
164,237,401
189,187,376
253,134,387
263,128,391
219,115,334
169,222,391
191,212,403
228,157,385
243,160,403
217,141,358
208,195,403
253,150,403
264,117,381
227,99,326
156,173,329
165,190,355
164,201,365
193,168,361
206,144,350
259,132,391
229,141,370
184,163,347
140,198,338
134,187,321
147,185,332
201,151,352
194,168,362
204,181,385
160,186,346
154,186,340
146,184,330
140,171,311
156,377,533
159,410,569
162,441,603
168,469,637
371,296,667
373,279,652
415,233,648
239,208,447
248,171,419
205,179,384
224,252,476
294,183,477
325,160,485
304,216,520
152,305,457
245,262,507
327,184,511
359,160,519
296,158,454
224,218,442
282,145,427
292,217,509
279,234,513
207,203,410
207,180,387
185,135,320
204,114,318
182,129,311
189,119,308
192,98,290
177,124,301
161,126,287
187,153,340
207,197,404
228,170,398
268,124,392
226,125,351
191,133,324
137,142,279
130,151,281
132,154,286
135,167,302
158,157,315
163,184,347
174,181,355
171,183,354
159,216,375
145,214,359
140,216,356
189,175,364
212,156,368
205,169,374
151,178,329
145,166,311
148,168,316
146,182,328
133,188,321
143,179,322
152,202,354
146,236,382
137,238,375
150,218,368
186,182,368
193,177,370
185,192,377
165,193,358
159,220,379
159,230,389
143,255,398
159,243,402
182,218,400
204,228,432
187,216,403
173,202,375
161,188,349
228,121,349
237,109,346
242,132,374
173,124,297
165,105,270
172,147,319
151,153,304
172,148,320
150,146,296
124,134,258
136,127,263
175,150,325
183,137,320
204,113,317
169,89,258
152,204,356
167,210,377
150,214,364
156,194,350
94,177,271
144,166,310
216,122,338
195,103,298
203,131,334
204,178,382
223,177,400
196,184,380
160,213,373
96,251,347
141,241,382
151,223,374
192,176,368
199,147,346
207,118,325
197,149,346
185,147,332
171,149,320
163,131,294
165,114,279
181,105,286
165,104,269
160,163,323
161,172,333
187,156,343
172,158,330
110,186,296
129,197,326
152,185,337
194,144,338
202,133,335
205,128,333
182,133,315
180,230,410
228,170,398
243,162,405
236,166,402
124,168,292
157,156,313
172,154,326
179,147,326
169,158,327
147,173,320
141,191,332
125,225,350
132,228,360
149,220,369
161,219,380
190,189,379
219,166,385
225,160,385
195,155,350
172,139,311
160,159,319
177,155,332
191,157,348
202,166,368
198,152,350
188,138,326
205,119,324
197,109,306
187,117,304
170,151,321
185,121,306
204,173,377
220,173,393
190,183,373
183,197,380
156,190,346
196,176,372
227,137,364
209,125,334
227,140,367
203,142,345
208,154,362
219,110,329
212,142,354
207,139,346
166,134,300
178,155,333
179,151,330
188,159,347
168,156,324
167,145,312
165,151,316
172,130,302
168,174,342
199,168,367
220,137,357
233,108,341
181,119,300
186,125,311
155,123,278
147,119,266
139,125,264
142,138,280
151,145,296
159,157,316
164,162,326
156,175,331
164,171,335
192,159,351
199,148,347
179,162,341
165,158,323
159,142,301
170,173,343
197,133,330
222,137,359
227,121,348
187,116,303
166,160,326
177,124,301
192,108,300
195,117,312
165,131,296
183,125,308
176,139,315
162,144,306
144,172,316
150,181,331
155,200,355
159,206,365
150,219,369
150,214,364
157,190,347
166,181,347
165,184,349
189,165,354
202,169,371
191,186,377
175,169,344
176,147,323
168,157,325
174,171,345
168,152,320
175,132,307
164,116,280
164,94,258
148,134,282
152,135,287
144,137,281
136,134,270
144,100,244
159,90,249
171,127,298
138,128,266
131,115,246
135,108,243
137,92,229
135,88,223
147,110,257
140,107,247
114,109,223
150,173,323
163,144,307
168,154,322
154,150,304
102,137,239
146,126,272
152,217,369
199,281,480
369,183,552
389,157,546
350,122,472
185,109,294
109,100,209
134,100,234
113,107,220
124,100,224
152,134,286
158,143,301
139,145,284
128,154,282
115,152,267
117,151,268
116,153,269
119,160,279
103,165,268
119,164,283
102,170,272
123,175,298
125,181,306
128,212,340
122,230,352
132,220,352
155,203,358
176,184,360
179,173,352
153,181,334
130,183,313
137,202,339
148,198,346
148,199,347
108,216,324
201,173,374
207,189,396
201,190,391
158,197,355
147,193,340
135,192,327
136,185,321
195,120,315
213,96,309
207,138,345
161,149,310
137,172,309
179,164,343
177,164,341
202,156,358
187,155,342
172,180,352
169,188,357
174,181,355
188,171,359
221,144,365
218,173,391
220,172,392
214,158,372
208,179,387
196,193,389
197,173,370
218,152,370
229,165,394
215,174,389
220,172,392
259,160,419
278,144,422
246,147,393
190,140,330
168,139,307
186,166,352
220,128,348
204,133,337
183,142,325
126,143,269
128,153,281
136,151,287
142,150,292
154,143,297
141,162,303
125,188,313
128,200,328
124,202,326
122,218,340
161,174,335
188,164,352
200,160,360
168,151,319
164,174,338
162,209,371
153,225,378
153,239,392
166,234,400
184,228,412
180,230,410
188,223,411
200,204,404
223,172,395
183,163,346
179,153,332
158,175,333
152,179,331
155,170,325
169,142,311
190,117,307
194,154,348
193,154,347
179,168,347
158,182,340
134,187,321
147,201,348
147,212,359
145,219,364
156,226,382
164,238,402
163,256,419
176,260,436
179,271,450
201,264,465
194,260,454
211,252,463
213,251,464
212,244,456
226,236,462
235,230,465
273,183,456
293,158,451
250,146,396
339,169,508
111,323,434
195,291,486
255,282,537
331,218,549
148,213,361
238,175,413
109,186,295
173,179,352
261,191,452
283,148,431
259,171,430
251,147,398
256,147,403
235,148,383
225,172,397
222,142,364
237,206,443
228,181,409
227,174,401
226,166,392
170,170,340
204,145,349
237,162,399
241,171,412
227,171,398
191,171,362
170,176,346
167,186,353
158,191,349
156,202,358
171,190,361
192,181,373
217,166,383
220,158,378
223,190,413
256,155,411
266,159,425
279,172,451
241,157,398
250,158,408
243,134,377
200,140,340
198,179,377
152,188,340
168,199,367
191,165,356
216,131,347
218,137,355
207,145,352
214,184,398
245,156,401
239,122,361
214,107,321
182,178,360
202,139,341
212,113,325
205,110,315
154,143,297
182,129,311
187,123,310
185,183,368
186,169,355
196,205,401
164,215,379
121,266,387
146,414,560
188,390,578
195,402,597
308,304,612
342,219,561
373,185,558
248,167,415
103,165,268
159,171,330
207,166,373
210,149,359
185,154,339
152,168,320
139,173,312
169,149,318
185,135,320
196,159,355
212,116,328
223,153,376
220,143,363
167,132,299
162,122,284
150,99,249
170,123,293
173,123,296
168,109,277
164,124,288
162,129,291
171,122,293
169,107,276
162,152,314
160,151,311
169,157,326
172,158,330
168,162,330
196,130,326
216,161,377
230,142,372
201,141,342
169,158,327
144,161,305
136,171,307
134,183,317
120,213,333
130,213,343
134,213,347
151,197,348
179,174,353
190,161,351
208,123,331
189,118,307
180,115,295
144,125,269
165,144,309
183,152,335
180,163,343
156,160,316
141,176,317
139,187,326
135,213,348
135,218,353
135,223,358
150,217,367
183,187,370
214,167,381
214,175,389
180,180,360
166,150,316
208,115,323
224,162,386
221,153,374
194,128,322
174,113,287
129,124,253
162,122,284
159,178,337
200,153,353
198,138,336
212,125,337
188,138,326
207,143,350
219,147,366
197,148,345
187,155,342
185,173,358
165,197,362
169,220,389
161,232,393
180,223,403
194,223,417
209,229,438
212,242,454
189,250,439
179,241,420
176,219,395
203,208,411
256,171,427
259,170,429
272,157,429
283,156,439
266,165,431
234,176,410
214,180,394
188,205,393
193,240,433
205,241,446
246,213,459
243,228,471
207,245,452
249,217,466
245,200,445
275,188,463
240,184,424
254,160,414
254,195,449
286,157,443
281,216,497
270,189,459
288,110,398
266,119,385
219,118,337
173,148,321
173,127,300
160,129,289
188,102,290
176,166,342
190,164,354
208,117,325
213,99,312
165,176,341
174,223,397
199,188,387
185,180,365
194,132,326
193,122,315
209,161,370
197,136,333
207,134,341
198,110,308
167,107,274
174,104,278
142,104,246
144,102,246
136,91,227
141,127,268
133,138,271
137,156,293
135,170,305
122,186,308
137,191,328
137,237,374
140,243,383
171,210,381
233,156,389
269,118,387
235,101,336
176,108,284
144,121,265
143,109,252
139,114,253
133,103,236
137,110,247
154,146,300
167,134,301
198,100,298
205,123,328
186,130,316
184,173,357
215,143,358
205,163,368
189,155,344
130,149,279
127,149,276
128,160,288
127,167,294
127,199,326
126,209,335
129,232,361
136,239,375
166,227,393
186,215,401
190,203,393
168,193,361
171,163,334
196,127,323
198,117,315
186,112,298
175,140,315
182,135,317
179,165,344
168,163,331
178,166,344
202,156,358
205,156,361
218,165,383
231,159,390
253,170,423
265,137,402
238,188,426
263,153,416
218,181,399
196,185,381
106,194,300
141,200,341
141,200,341
148,196,344
172,205,377
168,221,389
162,216,378
138,220,358
176,174,350
181,176,357
191,164,355
160,162,322
182,167,349
230,124,354
239,173,412
241,152,393
195,163,358
198,153,351
159,190,349
157,199,356
137,216,353
145,205,350
158,193,351
195,166,361
182,186,368
168,199,367
134,208,342
130,221,351
155,226,381
175,245,420
172,260,432
166,276,442
184,257,441
203,270,473
242,219,461
223,234,457
217,248,465
180,240,420
184,212,396
202,183,385
216,138,354
183,134,317
180,122,302
156,106,262
160,162,322
174,162,336
172,150,322
182,128,310
185,112,297
187,133,320
179,126,305
169,128,297
163,130,293
150,128,278
174,120,294
180,156,336
202,604,806
669,122,791
651,149,800
633,139,772
167,120,287
185,99,284
174,136,310
169,137,306
161,125,286
173,126,299
163,126,289
166,134,300
162,144,306
156,139,295
172,113,285
176,107,283
174,106,280
163,127,290
177,110,287
181,111,292
183,133,316
159,146,305
151,157,308
156,160,316
161,145,306
156,144,300
161,149,310
149,184,333
158,189,347
204,144,348
219,136,355
224,148,372
178,146,324
161,160,321
167,155,322
164,151,315
181,148,329
171,148,319
157,147,304
156,142,298
153,157,310
163,143,306
169,132,301
188,129,317
178,131,309
172,139,311
159,144,303
146,129,275
166,117,283
183,97,280
182,110,292
175,101,276
166,116,282
164,113,277
147,109,256
160,131,291
149,131,280
178,135,313
171,196,367
166,222,388
167,207,374
205,166,371
206,156,362
159,148,307
155,132,287
159,128,287
157,134,291
164,144,308
171,150,321
171,149,320
177,150,327
173,163,336
173,174,347
174,216,390
187,227,414
238,185,423
225,197,422
205,204,409
204,151,355
199,152,351
204,158,362
157,162,319
163,168,331
161,169,330
159,182,341
168,197,365
172,201,373
175,205,380
171,189,360
159,196,355
159,199,358
143,203,346
148,211,359
143,212,355
167,182,349
185,169,354
191,167,358
183,170,353
174,169,343
171,173,344
165,159,324
190,122,312
198,105,303
192,96,288
168,132,300
156,141,297
160,142,302
155,161,316
126,166,292
145,180,325
154,203,357
171,215,386
176,211,387
187,189,376
189,182,371
175,178,353
181,187,368
194,169,363
192,208,400
176,209,385
162,251,413
168,241,409
208,207,415
240,182,422
258,174,432
239,143,382
240,190,430
285,130,415
265,110,375
233,131,364
173,121,294
178,130,308
174,146,320
175,136,311
198,110,308
192,104,296
148,100,248
153,144,297
174,129,303
187,113,300
183,130,313
184,111,295
155,122,277
176,213,389
212,181,393
244,168,412
229,175,404
136,191,327
150,205,355
154,209,363
161,209,370
166,201,367
170,204,374
173,191,364
163,187,350
166,189,355
167,187,354
159,208,367
161,241,402
148,243,391
175,223,398
186,209,395
193,183,376
222,138,360
222,175,397
213,188,401
174,179,353
170,213,383
171,250,421
224,189,413
279,114,393
266,152,418
190,165,355
173,142,315
171,197,368
186,194,380
162,169,331
191,146,337
178,214,392
152,196,348
169,194,363
227,145,372
217,134,351
185,224,409
168,329,497
172,362,534
185,354,539
204,352,556
312,210,522
266,237,503
233,219,452
174,206,380
167,204,371
179,168,347
164,165,329
141,168,309
128,195,323
129,191,320
130,225,355
124,220,344
196,146,342
249,93,342
243,90,333
167,104,271
131,150,281
130,180,310
150,206,356
183,210,393
241,149,390
209,136,345
208,104,312
157,113,270
143,111,254
121,113,234
116,110,226
125,119,244
125,141,266
121,192,313
125,247,372
123,251,374
121,258,379
178,244,422
220,220,440
191,268,459
187,223,410
180,213,393
216,222,438
183,224,407
188,222,410
162,201,363
176,216,392
177,224,401
186,205,391
183,228,411
183,284,467
160,291,451
135,269,404
288,131,419
290,115,405
265,120,385
174,93,267
169,98,267
168,95,263
138,96,234
142,90,232
133,122,255
138,118,256
143,110,253
144,106,250
136,103,239
139,98,237
144,88,232
149,121,270
149,119,268
141,119,260
141,117,258
129,118,247
133,116,249
129,120,249
134,118,252
131,118,249
130,120,250
126,128,254
131,129,260
133,126,259
133,125,258
128,124,252
129,123,252
133,128,261
131,126,257
126,126,252
131,123,254
142,112,254
143,116,259
135,115,250
125,113,238
123,121,244
128,117,245
128,119,247
129,115,244
126,120,246
125,120,245
127,118,245
128,115,243
127,120,247
123,118,241
133,112,245
134,117,251
135,121,256
127,115,242
126,120,246
127,115,242
128,113,241
130,117,247
131,119,250
127,117,244
126,117,243
124,121,245
129,115,244
130,116,246
130,116,246
126,117,243
125,116,241
131,108,239
130,112,242
134,108,242
127,111,238
126,120,246
123,120,243
125,143,268
156,116,272
185,192,377
190,220,410
206,180,386
223,139,362
247,195,442
236,199,435
176,188,364
228,134,362
187,122,309
200,132,332
209,143,352
193,146,339
210,109,319
190,126,316
201,105,306
178,80,258
164,94,258
118,90,208
119,88,207
119,86,205
118,123,241
121,119,240
156,99,255
160,133,293
120,164,284
171,233,404
224,184,408
270,172,442
230,143,373
171,188,359
227,227,454
284,183,467
235,154,389
230,130,360
183,190,373
164,278,442
292,192,484
280,180,460
341,167,508
265,135,400
259,164,423
213,142,355
211,81,292
208,140,348
126,185,311
162,169,331
236,119,355
243,112,355
222,112,334
177,225,402
198,248,446
252,185,437
259,174,433
205,154,359
175,133,308
179,142,321
176,178,354
217,137,354
219,139,358
222,128,350
165,149,314
155,136,291
147,122,269
183,190,373
223,158,381
223,122,345
243,164,407
173,182,355
197,248,445
262,195,457
241,222,463
222,210,432
185,266,451
153,271,424
166,280,446
124,307,431
221,249,470
251,227,478
298,168,466
258,157,415
255,270,525
270,265,535
332,195,527
338,170,508
230,167,397
162,171,333
119,164,283
120,172,292
131,182,313
137,184,321
129,184,313
159,149,308
165,142,307
112,141,253
128,135,263
120,133,253
122,134,256
122,161,283
120,169,289
121,169,290
113,201,314
124,201,325
125,211,336
138,231,369
161,209,370
161,207,368
148,179,327
186,151,337
185,157,342
151,143,294
142,151,293
151,179,330
139,194,333
140,269,409
140,275,415
160,246,406
209,197,406
205,156,361
126,145,271
154,162,316
137,181,318
136,186,322
138,211,349
170,169,339
189,141,330
234,176,410
211,190,401
222,158,380
194,141,335
163,122,285
182,145,327
176,161,337
185,120,305
199,201,400
216,174,390
223,108,331
223,130,353
149,145,294
189,96,285
189,156,345
172,168,340
190,161,351
220,141,361
216,156,372
154,149,303
165,149,314
160,151,311
161,147,308
164,131,295
184,188,372
223,186,409
262,164,426
242,165,407
212,120,332
193,198,391
330,129,459
310,142,452
325,128,453
205,127,332
190,161,351
180,175,355
243,224,467
252,183,435
314,117,431
235,109,344
185,154,339
174,171,345
205,134,339
215,133,348
189,252,441
204,201,405
247,158,405
234,159,393
98,165,263
126,168,294
125,166,291
126,172,298
132,210,342
118,208,326
130,215,345
160,228,388
176,258,434
180,264,444
160,256,416
198,200,398
230,203,433
193,208,401
138,213,351
119,214,333
165,181,346
176,173,349
149,166,315
150,166,316
132,206,338
124,248,372
129,284,413
142,277,419
188,236,424
223,238,461
209,217,426
177,207,384
179,166,345
168,214,382
165,278,443
125,283,408
120,313,433
199,233,432
254,173,427
284,153,437
171,142,313
185,176,361
205,145,350
231,171,402
166,168,334
174,153,327
186,132,318
130,127,257
175,131,306
152,171,323
110,170,280
157,179,336
188,140,328
168,142,310
146,193,339
218,216,434
231,216,447
276,149,425
342,225,567
304,206,510
235,198,433
225,191,416
165,161,326
277,233,510
258,220,478
233,264,497
191,315,506
143,329,472
210,310,520
187,310,497
251,286,537
219,280,499
249,268,517
201,223,424
173,204,377
209,213,422
189,176,365
151,202,353
91,200,291
148,178,326
142,202,344
164,214,378
152,225,377
97,228,325
155,228,383
190,219,409
153,219,372
121,203,324
154,216,370
186,256,442
149,278,427
116,307,423
242,175,417
262,179,441
307,146,453
159,129,288
171,107,278
154,115,269
107,104,211
128,98,226
121,99,220
111,98,209
88,124,212
115,149,264
106,158,264
123,186,309
109,205,314
119,226,345
127,243,370
158,238,396
131,231,362
188,190,378
171,190,361
186,181,367
158,171,329
179,129,308
194,107,301
168,170,338
189,152,341
175,156,331
155,155,310
109,156,265
128,169,297
112,190,302
109,199,308
114,202,316
143,187,330
157,197,354
169,193,362
141,198,339
148,188,336
159,177,336
157,184,341
142,186,328
145,158,303
170,141,311
164,145,309
137,140,277
120,155,275
112,172,284
106,178,284
127,193,320
125,197,322
122,209,331
147,184,331
159,178,337
162,184,346
160,172,332
145,163,308
148,166,314
108,323,431
136,340,476
130,374,504
213,318,531
282,245,527
284,218,502
218,210,428
198,202,400
210,154,364
193,140,333
187,130,317
141,135,276
133,138,271
125,134,259
114,140,254
131,125,256
134,114,248
124,117,241
140,115,255
128,123,251
120,143,263
101,139,240
118,139,257
163,90,253
166,77,243
164,136,300
127,149,276
114,147,261
128,157,285
155,146,301
112,163,275
160,158,318
171,128,299
191,107,298
196,143,339
178,132,310
157,156,313
149,169,318
134,156,290
168,166,334
160,167,327
162,154,316
145,152,297
148,149,297
131,166,297
153,154,307
152,136,288
151,148,299
152,155,307
159,138,297
155,119,274
139,169,308
176,134,310
177,116,293
169,115,284
148,82,230
169,137,306
161,147,308
118,184,302
134,195,329
112,186,298
131,188,319
164,143,307
157,140,297
165,139,304
129,133,262
117,132,249
166,106,272
178,136,314
199,116,315
153,130,283
144,147,291
112,148,260
129,146,275
126,147,273
108,146,254
122,154,276
104,179,283
110,182,292
119,177,296
140,144,284
164,123,287
196,98,294
180,110,290
160,114,274
145,103,248
143,94,237
147,123,270
161,101,262
164,79,243
160,128,288
119,133,252
138,130,268
148,124,272
133,123,256
125,116,241
142,102,244
161,157,318
168,151,319
165,159,324
148,155,303
114,148,262
129,142,271
131,130,261
142,115,257
121,102,223
146,91,237
130,118,248
122,111,233
139,127,266
159,98,257
167,116,283
159,108,267
139,172,311
163,155,318
156,149,305
150,150,300
124,144,268
100,141,241
122,134,256
96,145,241
124,146,270
106,141,247
119,133,252
121,151,272
119,162,281
119,170,289
125,167,292
127,183,310
130,188,318
112,182,294
135,172,307
158,141,299
157,137,294
151,143,294
126,152,278
118,169,287
96,174,270
123,169,292
103,165,268
146,144,290
144,141,285
148,156,304
122,153,275
115,147,262
95,151,246
117,151,268
104,146,250
126,152,278
118,152,270
127,146,273
130,150,280
131,158,289
129,154,283
132,177,309
140,192,332
120,200,320
122,199,321
128,229,357
144,215,359
165,214,379
170,212,382
153,186,339
168,189,357
172,178,350
141,181,322
130,182,312
146,167,313
150,160,310
156,155,311
134,156,290
134,157,291
139,158,297
143,155,298
142,152,294
133,144,277
141,133,274
147,119,266
150,114,264
153,123,276
174,91,265
163,110,273
166,114,280
131,122,253
133,142,275
130,155,285
134,149,283
144,153,297
135,167,302
137,158,295
132,155,287
132,148,280
126,146,272
125,146,271
121,151,272
121,150,271
122,152,274
129,140,269
133,129,262
144,109,253
149,106,255
122,107,229
111,108,219
123,106,229
119,107,226
120,105,225
119,105,224
120,101,221
115,97,212
122,98,220
123,94,217
121,95,216
116,93,209
117,96,213
121,103,224
123,100,223
133,86,219
132,85,217
117,103,220
124,103,227
127,109,236
124,112,236
121,109,230
130,103,233
117,98,215
122,100,222
133,95,228
127,94,221
130,98,228
126,94,220
119,99,218
125,101,226
123,107,230
123,131,254
114,156,270
129,181,310
143,196,339
146,193,339
159,192,351
170,181,351
194,149,343
179,160,339
161,166,327
134,170,304
132,173,305
129,177,306
129,183,312
127,187,314
149,176,325
152,178,330
150,186,336
133,199,332
150,176,326
153,173,326
157,176,333
133,188,321
128,195,323
129,200,329
150,180,330
155,183,338
150,185,335
146,174,320
148,171,319
150,177,327
130,185,315
132,187,319
146,174,320
146,182,328
136,192,328
143,177,320
148,180,328
148,184,332
136,184,320
134,189,323
147,177,324
150,175,325
146,182,328
134,200,334
126,202,328
155,185,340
154,185,339
178,168,346
155,173,328
155,189,344
131,214,345
124,223,347
279,155,434
316,153,469
348,123,471
214,96,310
192,164,356
178,165,343
164,147,311
158,133,291
141,114,255
158,96,254
174,127,301
175,120,295
175,113,288
171,122,293
170,137,307
202,93,295
188,100,288
175,94,269
137,128,265
138,128,266
156,108,264
167,138,305
171,134,305
163,120,283
187,169,356
212,150,362
229,123,352
209,115,324
175,115,290
186,137,323
183,127,310
180,116,296
166,102,268
155,118,273
150,161,311
139,158,297
154,181,335
145,229,374
172,236,408
213,190,403
229,168,397
225,146,371
178,135,313
167,119,286
157,101,258
140,90,230
151,166,317
166,149,315
164,164,328
162,176,338
113,171,284
148,169,317
145,177,322
132,182,314
141,173,314
146,187,333
141,220,361
138,238,376
125,239,364
155,240,395
194,216,410
192,203,395
189,178,367
181,186,367
189,176,365
181,153,334
182,153,335
156,159,315
136,164,300
127,174,301
122,190,312
112,187,299
128,185,313
142,164,306
153,155,308
147,163,310
132,165,297
115,187,302
123,193,316
122,203,325
125,211,336
146,194,340
161,205,366
156,220,376
147,224,371
148,217,365
193,155,348
191,139,330
196,128,324
130,118,248
140,104,244
151,105,256
156,119,275
153,110,263
162,107,269
166,110,276
161,133,294
192,190,382
245,144,389
237,150,387
195,154,349
111,151,262
166,157,323
205,124,329
216,121,337
179,144,323
138,155,293
129,157,286
143,170,313
153,174,327
181,148,329
205,129,334
237,133,370
220,136,356
168,136,304
151,138,289
137,142,279
119,146,265
145,141,286
163,119,282
177,108,285
178,104,282
166,115,281
145,146,291
145,148,293
129,167,296
128,184,312
136,190,326
142,203,345
157,192,349
153,190,343
156,189,345
159,194,353
163,211,374
182,232,414
165,238,403
153,242,395
199,196,395
243,145,388
270,127,397
261,102,363
215,112,327
194,97,291
159,124,283
156,114,270
164,135,299
175,105,280
178,94,272
175,121,296
158,111,269
136,115,251
154,141,295
176,135,311
218,112,330
197,127,324
169,154,323
137,304,441
129,305,434
132,327,459
203,264,467
318,136,454
322,114,436
247,115,362
201,94,295
185,87,272
153,161,314
138,173,311
131,174,305
141,162,303
98,143,241
142,123,265
147,113,260
158,114,272
178,139,317
185,140,325
184,128,312
141,109,250
136,103,239
132,97,229
130,90,220
131,104,235
143,115,258
138,125,263
138,125,263
123,126,249
114,135,249
129,143,272
130,147,277
137,170,307
133,194,327
133,196,329
138,189,327
150,176,326
156,201,357
158,211,369
127,249,376
137,266,403
167,218,385
189,198,387
227,160,387
215,129,344
219,205,424
248,148,396
216,150,366
198,161,359
117,171,288
131,181,312
115,193,308
108,217,325
141,208,349
145,191,336
173,172,345
188,148,336
174,153,327
153,145,298
150,118,268
173,92,265
165,87,252
149,89,238
130,78,208
120,103,223
127,150,277
150,129,279
170,115,285
177,100,277
143,134,277
156,131,287
159,129,288
182,103,285
162,106,268
169,108,277
136,130,266
155,130,285
172,111,283
197,105,302
172,112,284
138,119,257
129,114,243
136,116,252
126,130,256
120,136,256
131,147,278
132,151,283
140,158,298
144,168,312
139,193,332
132,221,353
132,228,360
127,230,357
173,201,374
203,177,380
215,162,377
174,163,337
159,145,304
141,138,279
145,121,266
137,109,246
144,135,279
168,134,302
198,98,296
199,106,305
170,125,295
131,138,269
138,138,276
135,143,278
140,153,293
127,167,294
139,161,300
138,167,305
141,182,323
144,183,327
144,198,342
147,198,345
153,179,332
170,158,328
191,142,333
215,140,355
237,101,338
227,155,382
198,156,354
162,152,314
161,154,315
140,148,288
156,143,299
141,131,272
141,118,259
153,109,262
162,98,260
161,99,260
152,87,239
155,126,281
142,116,258
151,102,253
153,117,270
151,101,252
148,96,244
158,126,284
160,136,296
161,146,307
153,135,288
152,139,291
207,139,346
234,142,376
249,121,370
202,107,309
162,104,266
137,104,241
123,109,232
120,115,235
123,122,245
126,118,244
128,146,274
124,170,294
147,145,292
184,117,301
203,161,364
232,116,348
210,93,303
191,134,325
163,130,293
177,123,300
177,128,305
158,130,288
156,102,258
165,204,369
195,175,370
184,177,361
181,170,351
106,174,280
150,137,287
200,114,314
199,97,296
166,133,299
155,124,279
162,115,277
164,101,265
140,102,242
125,108,233
117,114,231
115,111,226
122,103,225
128,130,258
112,133,245
127,131,258
134,138,272
118,134,252
121,146,267
164,107,271
177,112,289
187,105,292
159,156,315
172,134,306
177,143,320
214,139,353
188,127,315
169,112,281
155,108,263
128,107,235
160,174,334
163,182,345
156,191,347
147,195,342
112,196,308
151,202,353
134,243,377
149,244,393
167,219,386
170,199,369
200,160,360
184,142,326
185,124,309
163,112,275
165,126,291
167,113,280
176,118,294
152,116,268
142,131,273
147,134,281
163,131,294
191,108,299
188,112,300
185,120,305
169,110,279
157,144,301
186,131,317
189,117,306
177,99,276
160,97,257
156,136,292
155,118,273
167,109,276
167,107,274
166,92,258
157,133,290
195,115,310
187,104,291
190,132,322
182,105,287
167,107,274
167,89,256
156,157,313
159,147,306
156,146,302
170,129,299
184,161,345
212,151,363
195,151,346
172,172,344
139,183,322
151,167,318
158,147,305
168,130,298
163,118,281
147,138,285
135,161,296
123,160,283
122,146,268
143,136,279
141,138,279
139,143,282
143,109,252
170,138,308
191,142,333
169,134,303
150,117,267
150,108,258
154,142,296
191,143,334
210,124,334
220,131,351
192,136,328
173,136,309
147,132,279
134,117,251
142,101,243
136,100,236
138,93,231
138,136,274
142,131,273
145,111,256
154,96,250
155,79,234
144,86,230
131,109,240
134,117,251
140,115,255
144,127,271
132,140,272
124,143,267
123,139,262
131,124,255
147,105,252
154,94,248
152,101,253
140,113,253
147,130,277
150,123,273
149,138,287
153,252,405
305,167,472
355,159,514
387,130,517
264,147,411
238,125,363
223,131,354
210,117,327
166,125,291
138,120,258
124,119,243
128,116,244
124,114,238
132,113,245
123,118,241
131,111,242
132,104,236
134,105,239
121,110,231
128,108,236
119,117,236
128,113,241
132,108,240
133,98,231
123,93,216
129,89,218
129,83,212
125,82,207
124,78,202
118,98,216
117,96,213
125,102,227
116,134,250
116,168,284
130,174,304
135,179,314
140,183,323
124,186,310
133,202,335
133,201,334
147,179,326
152,176,328
167,144,311
155,128,283
169,118,287
144,106,250
127,97,224
140,80,220
137,147,284
142,145,287
135,148,283
141,146,287
103,141,244
147,136,283
147,136,283
156,122,278
175,109,284
174,97,271
175,113,288
161,104,265
151,99,250
148,119,267
152,108,260
181,140,321
204,133,337
163,144,307
151,149,300
109,170,279
115,172,287
115,169,284
114,167,281
143,138,281
167,112,279
186,110,296
179,108,287
162,108,270
150,102,252
148,117,265
157,111,268
144,163,307
174,135,309
182,120,302
196,106,302
165,127,292
180,110,290
175,102,277
152,92,244
145,109,254
147,105,252
152,107,259
151,122,273
158,110,268
151,113,264
170,87,257
164,121,285
160,130,290
135,127,262
145,120,265
138,128,266
134,131,265
119,128,247
158,125,283
178,120,298
200,105,305
176,108,284
166,97,263
149,115,264
160,109,269
149,107,256
139,109,248
131,112,243
118,125,243
129,145,274
116,152,268
130,151,281
126,156,282
137,171,308
136,177,313
142,177,319
139,206,345
141,208,349
136,196,332
146,179,325
167,155,322
162,147,309
157,156,313
134,164,298
137,167,304
136,160,296
150,171,321
140,161,301
147,151,298
140,136,276
153,118,271
140,101,241
142,92,234
149,114,263
143,111,254
144,110,254
139,126,265
138,242,380
133,338,471
145,351,496
150,366,516
220,300,520
301,261,562
311,272,583
293,274,567
217,289,506
200,280,480
223,273,496
220,264,484
261,230,491
269,181,450
234,173,407
205,217,422
164,215,379
165,206,371
188,159,347
208,136,344
251,135,386
229,122,351
223,204,427
231,159,390
238,161,399
200,165,365
128,158,286
156,175,331
155,172,327
151,170,321
157,163,320
155,191,346
139,205,344
157,204,361
175,186,361
218,130,348
222,113,335
219,97,316
164,115,279
156,117,273
172,114,286
171,134,305
162,137,299
167,109,276
156,109,265
166,111,277
139,108,247
145,124,269
144,131,275
145,135,280
138,145,283
136,156,292
127,179,306
130,178,308
129,182,311
133,177,310
135,174,309
136,175,311
161,164,325
171,182,353
183,172,355
212,125,337
214,100,314
205,119,324
154,103,257
171,118,289
174,104,278
160,92,252
167,143,310
160,177,337
172,193,365
190,169,359
197,138,335
205,142,347
164,140,304
151,124,275
157,116,273
174,129,303
196,136,332
205,130,335
186,135,321
141,144,285
150,134,284
149,141,290
155,146,301
147,148,295
145,146,291
151,143,294
157,147,304
155,142,297
160,147,307
164,139,303
165,129,294
188,126,314
194,114,308
184,126,310
193,134,327
188,116,304
201,126,327
180,127,307
155,150,305
193,150,343
224,111,335
215,120,335
184,108,292
141,104,245
137,105,242
131,102,233
119,101,220
129,95,224
126,99,225
127,147,274
140,148,288
157,151,308
141,154,295
142,161,303
133,159,292
127,153,280
123,158,281
126,179,305
126,180,306
129,187,316
128,187,315
175,138,313
195,117,312
206,131,337
168,155,323
158,162,320
162,158,320
151,149,300
154,129,283
167,115,282
173,87,260
166,86,252
149,82,231
140,103,243
130,125,255
127,132,259
132,135,267
136,133,269
146,126,272
157,161,318
186,156,342
202,134,336
217,113,330
195,109,304
183,124,307
169,142,311
164,143,307
153,148,301
185,189,374
228,166,394
246,152,398
214,154,368
130,155,285
137,149,286
148,144,292
144,147,291
142,134,276
144,127,271
143,140,283
142,153,295
140,152,292
142,179,321
146,197,343
142,216,358
140,210,350
147,209,356
147,232,379
172,210,382
172,199,371
194,173,367
178,163,341
158,160,318
153,147,300
158,133,291
158,126,284
155,118,273
141,125,266
146,124,270
138,117,255
139,112,251
146,100,246
141,102,243
135,101,236
148,132,280
152,145,297
154,159,313
145,168,313
137,161,298
173,134,307
175,119,294
173,114,287
155,119,274
151,104,255
158,126,284
160,125,285
166,120,286
164,133,297
195,97,292
194,117,311
191,123,314
143,126,269
155,106,261
155,92,247
146,95,241
115,90,205
138,175,313
146,180,326
131,181,312
142,187,329
98,205,303
133,216,349
133,210,343
165,198,363
179,185,364
172,180,352
144,181,325
143,183,326
162,168,330
160,169,329
156,175,331
125,179,304
137,177,314
149,194,343
148,205,353
143,210,353
145,199,344
162,174,336
151,153,304
171,146,317
156,154,310
146,150,296
154,124,278
158,117,275
149,125,274
121,126,247
128,126,254
129,123,252
131,117,248
121,123,244
130,128,258
128,125,253
134,131,265
140,133,273
132,124,256
130,128,258
136,110,246
142,110,252
135,122,257
127,122,249
145,121,266
155,113,268
146,115,261
154,98,252
144,94,238
139,91,230
126,89,215
122,82,204
127,125,252
132,134,266
129,122,251
136,120,256
125,107,232
139,112,251
140,113,253
125,118,243
143,106,249
152,139,291
159,131,290
143,127,270
154,133,287
139,133,272
144,132,276
114,130,244
118,122,240
134,112,246
128,121,249
126,135,261
122,158,280
131,196,327
135,221,356
135,228,363
126,234,360
167,201,368
184,188,372
209,162,371
207,135,342
220,128,348
233,138,371
218,121,339
215,93,308
203,143,346
172,148,320
196,176,372
231,134,365
222,125,347
228,106,334
164,106,270
153,120,273
137,133,270
122,141,263
139,142,281
145,140,285
152,132,284
150,140,290
135,148,283
120,148,268
121,143,264
133,142,275
135,159,294
136,166,302
160,221,381
278,101,379
295,149,444
281,144,425
174,127,301
161,152,313
134,156,290
127,156,283
126,162,288
143,162,305
132,162,294
148,154,302
137,151,288
149,144,293
176,104,280
189,131,320
185,122,307
170,105,275
166,92,258
144,122,266
140,133,273
187,134,321
198,123,321
192,109,301
141,107,248
144,101,245
155,151,306
154,150,304
166,125,291
168,112,280
135,105,240
152,99,251
141,110,251
127,106,233
154,90,244
148,117,265
155,123,278
155,116,271
164,133,297
159,128,287
147,126,273
146,113,259
153,101,254
165,117,282
164,114,278
161,107,268
126,100,226
142,130,272
176,104,280
176,130,306
175,120,295
153,108,261
153,198,351
177,146,323
197,129,326
183,120,303
146,98,244
154,101,255
163,101,264
152,135,287
167,121,288
190,127,317
200,113,313
188,143,331
195,112,307
186,105,291
177,110,287
146,109,255
163,93,256
144,104,248
145,93,238
133,84,217
142,91,233
138,103,241
128,107,235
124,105,229
134,123,257
174,129,303
187,121,308
197,121,318
190,114,304
175,126,301
175,160,335
187,133,320
193,137,330
226,132,358
201,137,338
196,138,334
149,132,281
126,127,253
143,113,256
138,117,255
137,120,257
123,121,244
126,121,247
113,120,233
132,117,249
121,115,236
131,127,258
129,148,277
133,166,299
135,201,336
134,202,336
133,196,329
133,186,319
175,140,315
207,192,399
251,159,410
229,160,389
214,159,373
145,154,299
157,166,323
175,185,360
185,173,358
182,163,345
225,115,340
223,123,346
223,131,354
168,134,302
158,129,287
141,142,283
134,148,282
122,150,272
127,189,316
133,352,485
136,366,502
138,371,509
233,278,511
329,191,520
349,171,520
258,160,418
169,146,315
177,124,301
168,93,261
190,123,313
174,123,297
155,123,278
157,112,269
161,126,287
175,110,285
185,112,297
171,111,282
152,115,267
136,120,256
124,126,250
122,130,252
125,130,255
146,100,246
169,98,267
164,103,267
150,97,247
153,143,296
150,143,293
153,128,281
155,119,274
141,106,247
134,98,232
146,125,271
142,144,286
160,140,300
145,136,281
150,130,280
152,120,272
152,115,267
152,101,253
147,98,245
145,83,228
138,126,264
139,138,277
131,135,266
137,132,269
127,136,263
138,148,286
134,144,278
142,133,275
171,113,284
177,104,281
165,102,267
149,137,286
167,108,275
175,99,274
180,132,312
162,132,294
159,126,285
159,111,270
166,113,279
167,107,274
158,107,265
156,111,267
159,104,263
157,92,249
152,121,273
146,111,257
154,97,251
150,126,276
153,129,282
163,113,276
166,111,277
158,121,279
153,112,265
153,104,257
116,120,236
144,101,245
142,116,258
155,122,277
148,117,265
153,102,255
163,100,263
162,117,279
142,124,266
138,124,262
131,124,255
124,133,257
129,141,270
138,133,271
154,136,290
144,145,289
128,146,274
129,144,273
148,150,298
137,165,302
133,187,320
119,197,316
124,212,336
120,222,342
161,215,376
177,211,388
181,197,378
163,185,348
171,179,350
178,171,349
171,164,335
155,157,312
172,125,297
176,105,281
170,120,290
170,126,296
154,121,275
136,132,268
129,135,264
134,127,261
141,123,264
121,118,239
146,108,254
141,128,269
173,97,270
166,99,265
165,103,268
115,100,215
128,100,228
113,100,213
119,92,211
124,98,222
123,104,227
122,103,225
127,100,227
117,98,215
113,102,215
124,112,236
131,129,260
112,144,256
118,143,261
108,148,256
178,162,340
200,152,352
211,136,347
212,147,359
205,127,332
241,175,416
234,161,395
205,162,367
164,168,332
133,205,338
110,209,319
146,199,345
128,201,329
169,177,346
155,188,343
155,197,352
142,181,323
162,174,336
168,177,345
169,159,328
161,156,317
156,172,328
146,194,340
137,208,345
147,203,350
148,204,352
144,209,353
164,193,357
159,198,357
146,204,350
152,192,344
170,172,342
170,181,351
141,186,327
132,178,310
136,188,324
139,194,333
143,195,338
143,199,342
147,200,347
156,194,350
152,198,350
150,202,352
155,190,345
174,171,345
169,179,348
139,191,330
134,183,317
136,188,324
150,177,327
142,184,326
143,185,328
138,188,326
138,222,360
142,208,350
145,205,350
145,209,354
226,131,357
225,125,350
229,131,360
140,137,277
144,127,271
141,134,275
139,145,284
130,149,279
127,167,294
130,170,300
130,179,309
133,176,309
135,180,315
133,189,322
139,188,327
148,174,322
150,181,331
138,190,328
145,178,323
150,185,335
149,190,339
129,198,327
151,178,329
156,175,331
157,183,340
130,191,321
139,180,319
143,194,337
144,210,354
144,219,363
141,227,368
176,196,372
207,150,357
217,130,347
200,127,327
193,116,309
190,110,300
186,109,295
159,157,316
176,126,302
177,118,295
180,151,331
178,144,322
188,142,330
170,137,307
142,127,269
160,124,284
175,127,302
187,119,306
162,133,295
150,156,306
133,170,303
147,143,290
193,107,300
208,138,346
205,131,336
166,132,298
173,114,287
174,104,278
178,135,313
177,142,319
197,138,335
193,137,330
187,134,321
196,145,341
192,158,350
164,149,313
148,147,295
157,129,286
168,179,347
215,134,349
222,104,326
202,123,325
135,127,262
149,142,291
190,163,353
202,159,361
226,130,356
210,155,365
226,127,353
200,106,306
196,112,308
149,138,287
139,140,279
146,130,276
151,157,308
143,199,342
142,210,352
144,214,358
156,204,360
159,195,354
137,206,343
154,176,330
174,165,339
166,161,327
177,149,326
155,176,331
150,176,326
147,180,327
152,182,334
139,189,328
127,195,322
155,173,328
162,182,344
158,206,364
129,211,340
137,209,346
169,178,347
202,147,349
208,148,356
180,160,340
143,157,300
141,152,293
164,129,293
169,126,295
176,118,294
148,117,265
132,114,246
126,119,245
119,131,250
116,143,259
122,156,278
126,162,288
146,157,303
158,173,331
161,173,334
159,154,313
182,127,309
200,147,347
211,135,346
224,123,347
216,103,319
200,98,298
160,95,255
111,105,216
126,126,252
142,139,281
176,288,464
332,138,470
329,137,466
305,128,433
169,85,254
170,127,297
159,145,304
136,157,293
123,157,280
131,171,302
99,191,290
132,195,327
120,212,332
155,203,358
160,212,372
153,215,368
160,183,343
183,164,347
162,161,323
157,161,318
157,146,303
159,142,301
157,139,296
144,145,289
135,138,273
127,133,260
128,129,257
127,120,247
138,116,254
171,125,296
183,118,301
220,139,359
180,135,315
175,141,316
169,146,315
152,117,269
208,141,349
208,166,374
177,170,347
137,179,316
116,191,307
128,195,323
124,195,319
147,180,327
172,185,357
181,183,364
159,173,332
155,163,318
139,157,296
142,149,291
141,135,276
116,134,250
134,123,257
135,132,267
163,97,260
177,152,329
186,147,333
163,135,298
184,129,313
175,105,280
192,119,311
187,95,282
158,117,275
161,114,275
144,115,259
132,113,245
131,107,238
141,99,240
134,131,265
140,133,273
151,126,277
155,113,268
157,116,273
157,108,265
156,137,293
172,142,314
204,102,306
213,122,335
192,138,330
180,181,361
213,171,384
235,140,375
230,125,355
202,162,364
192,169,361
181,168,349
202,141,343
191,135,326
197,118,315
194,131,325
178,142,320
155,149,304
166,149,315
194,122,316
218,138,356
227,118,345
203,110,313
188,94,282
156,162,318
173,160,333
184,152,336
175,158,333
129,189,318
148,346,494
160,347,507
170,339,509
224,294,518
300,187,487
310,155,465
310,111,421
227,125,352
210,109,319
161,98,259
165,178,343
158,185,343
151,186,337
167,170,337
132,154,286
180,143,323
185,151,336
217,149,366
229,140,369
262,104,366
214,136,350
176,132,308
154,148,302
138,166,304
128,195,323
163,176,339
169,178,347
191,154,345
181,166,347
168,182,350
128,188,316
133,189,322
141,181,322
155,180,335
130,184,314
133,185,318
131,179,310
136,198,334
149,201,350
129,210,339
127,210,337
160,179,339
178,171,349
195,149,344
171,137,308
155,148,303
124,148,272
119,168,287
135,171,306
142,169,311
147,164,311
146,163,309
152,159,311
153,167,320
156,186,342
147,194,341
130,194,324
128,195,323
134,180,314
156,174,330
151,189,340
135,204,339
128,216,344
117,206,323
176,195,371
184,181,365
187,173,360
175,166,341
167,158,325
153,152,305
160,157,317
153,179,332
159,174,333
161,163,324
168,180,348
177,185,362
194,180,374
200,174,374
216,154,370
225,168,393
235,165,400
240,157,397
214,126,340
213,100,313
186,114,300
149,149,298
176,131,307
173,131,304
173,127,300
136,115,251
152,96,248
151,126,277
157,117,274
146,131,277
142,160,302
127,190,317
145,191,336
175,196,371
181,186,367
181,178,359
186,148,334
221,121,342
231,114,345
227,113,340
181,92,273
164,139,303
170,139,309
169,140,309
195,125,320
201,105,306
198,144,342
182,138,320
151,131,282
158,116,274
173,118,291
166,128,294
170,141,311
152,140,292
142,138,280
134,140,274
126,138,264
128,142,270
118,157,275
118,154,272
120,149,269
119,152,271
121,148,269
113,148,261
125,139,264
161,127,288
145,139,284
170,127,297
153,137,290
155,122,277
194,107,301
202,114,316
166,128,294
142,129,271
130,141,271
126,149,275
117,180,297
134,176,310
155,149,304
193,116,309
195,97,292
194,98,292
147,96,243
129,88,217
130,78,208
126,95,221
131,91,222
126,82,208
129,95,224
125,92,217
132,111,243
132,101,233
138,136,274
167,111,278
169,95,264
176,142,318
170,141,311
184,134,318
179,117,296
166,123,289
168,112,280
136,119,255
127,128,255
121,138,259
112,147,259
129,150,279
126,154,280
135,148,283
151,125,276
164,109,273
172,97,269
155,86,241
137,121,258
165,96,261
166,122,288
171,109,280
135,137,272
148,136,284
136,138,274
135,153,288
130,170,300
124,206,330
123,229,352
118,277,395
135,265,400
187,234,421
221,205,426
254,163,417
233,156,389
180,161,341
142,167,309
118,175,293
111,185,296
124,190,314
127,192,319
126,198,324
152,187,339
156,178,334
148,173,321
141,178,319
129,201,330
130,216,346
134,216,350
152,195,347
170,201,371
173,203,376
146,199,345
128,202,330
160,174,334
190,148,338
178,130,308
194,153,347
200,123,323
196,134,330
201,140,341
186,129,315
193,145,338
160,138,298
159,124,283
178,103,281
159,88,247
155,92,247
151,98,249
139,119,258
139,139,278
146,164,310
168,148,316
173,129,302
185,138,323
186,142,328
213,112,325
223,85,308
182,96,278
149,95,244
129,81,210
141,114,255
144,114,258
144,143,287
164,127,291
167,127,294
174,128,302
149,125,274
143,120,263
147,113,260
152,110,262
164,121,285
173,108,281
168,100,268
148,100,248
127,109,236
152,131,283
164,137,301
161,148,309
153,158,311
132,158,290
137,157,294
124,150,274
134,135,269
154,137,291
130,135,265
121,127,248
143,147,290
146,166,312
149,167,316
151,146,297
152,150,302
152,146,298
122,147,269
115,148,263
121,146,267
129,140,269
125,142,267
127,144,271
112,143,255
121,141,262
108,148,256
124,148,272
127,150,277
125,150,275
132,137,269
140,141,281
130,143,273
124,144,268
130,135,265
131,129,260
130,129,259
116,130,246
120,128,248
117,133,250
127,138,265
128,130,258
131,131,262
121,134,255
139,119,258
137,111,248
137,110,247
130,104,234
119,106,225
114,102,216
117,89,206
129,94,223
111,109,220
126,112,238
127,140,267
125,145,270
137,140,277
146,158,304
138,157,295
124,157,281
119,161,280
115,174,289
107,185,292
122,188,310
133,179,312
141,170,311
150,154,304
146,137,283
149,140,289
132,145,277
119,149,268
129,156,285
143,143,286
162,121,283
181,99,280
185,86,271
176,129,305
160,117,277
155,111,266
176,139,315
167,143,310
164,141,305
146,146,292
116,186,302
134,174,308
134,172,306
140,161,301
146,146,292
139,164,303
133,203,336
113,226,339
130,242,372
147,242,389
162,233,395
183,219,402
191,204,395
184,180,364
177,167,344
178,171,349
166,171,337
175,257,432
327,116,443
347,129,476
321,115,436
183,107,290
163,107,270
158,104,262
155,111,266
156,131,287
177,99,276
177,107,284
166,107,273
146,103,249
145,105,250
150,90,240
143,142,285
145,154,299
154,146,300
152,163,315
153,167,320
150,153,303
159,147,306
156,153,309
167,128,295
172,108,280
169,100,269
138,128,266
148,166,314
192,141,333
209,139,348
226,161,387
206,152,358
229,167,396
274,104,378
254,94,348
228,149,377
159,154,313
162,136,298
166,124,290
149,117,266
160,107,267
157,143,300
164,155,319
172,159,331
167,175,342
159,169,328
161,161,322
164,147,311
163,134,297
155,122,277
158,108,266
157,98,255
167,122,289
166,111,277
165,99,264
160,126,286
155,126,281
158,129,287
152,126,278
142,129,271
141,128,269
138,128,266
145,133,278
151,133,284
150,137,287
150,135,285
140,138,278
146,139,285
146,133,279
149,132,281
153,135,288
151,144,295
152,164,316
202,144,346
217,122,339
223,124,347
176,119,295
142,118,260
157,117,274
147,119,266
149,120,269
145,131,276
144,128,272
165,134,299
193,119,312
200,117,317
183,101,284
158,166,324
170,219,389
168,295,463
165,291,456
131,292,423
215,215,430
297,114,411
296,105,401
214,84,298
166,121,287
154,131,285
141,130,271
140,127,267
161,102,263
174,84,258
164,98,262
136,104,240
122,100,222
133,90,223
129,118,247
141,129,270
137,128,265
141,134,275
130,134,264
148,129,277
143,129,272
125,116,241
139,101,240
150,107,257
146,125,271
133,123,256
143,100,243
145,100,245
131,99,230
131,122,253
146,115,261
151,137,288
177,98,275
179,112,291
179,102,281
145,170,315
173,158,331
173,154,327
177,144,321
140,142,282
151,127,278
136,126,262
142,129,271
136,125,261
140,133,273
161,105,266
165,124,289
177,134,311
162,122,284
164,115,279
166,107,273
175,164,339
186,156,342
184,150,334
172,147,319
122,148,270
138,147,285
143,140,283
138,136,274
171,115,286
167,120,287
175,133,308
165,148,313
171,143,314
184,124,308
198,107,305
143,126,269
166,146,312
158,179,337
213,127,340
212,141,353
216,135,351
158,136,294
171,145,316
157,158,315
153,142,295
166,116,282
171,136,307
177,153,330
203,123,326
197,112,309
137,100,237
134,100,234
117,96,213
127,100,227
126,95,221
137,95,232
131,100,231
121,112,233
119,112,231
118,114,232
121,115,236
123,112,235
127,102,229
113,99,212
119,133,252
128,138,266
141,131,272
149,134,283
134,143,277
130,157,287
146,125,271
165,110,275
169,99,268
148,88,236
134,106,240
133,111,244
140,97,237
136,89,225
141,122,263
148,115,263
172,98,270
179,97,276
160,119,279
151,125,276
153,109,262
149,111,260
135,112,247
144,132,276
177,140,317
203,119,322
193,131,324
145,152,297
120,162,282
122,169,291
115,172,287
121,175,296
130,161,291
141,177,318
140,200,340
125,211,336
114,218,332
160,200,360
175,192,367
190,182,372
184,148,332
176,151,327
187,140,327
165,135,300
168,118,286
156,131,287
164,122,286
163,111,274
176,154,330
201,117,318
210,152,362
226,130,356
201,141,342
219,121,340
186,149,335
184,129,313
174,117,291
178,126,304
178,126,304
146,125,271
142,120,262
162,117,279
178,106,284
162,148,310
186,128,314
176,126,302
165,133,298
135,144,279
122,148,270
138,146,284
161,152,313
161,150,311
150,142,292
150,117,267
161,123,284
149,123,272
176,112,288
186,101,287
139,117,256
157,119,276
179,177,356
192,169,361
183,167,350
176,174,350
94,197,291
124,209,333
109,222,331
136,225,361
173,204,377
185,203,388
167,210,377
152,204,356
165,201,366
154,209,363
160,194,354
151,191,342
154,191,345
151,165,316
169,159,328
160,160,320
132,173,305
120,178,298
119,177,296
116,184,300
139,174,313
149,170,319
137,175,312
127,171,298
126,172,298
134,162,296
153,156,309
148,160,308
142,165,307
127,182,309
126,188,314
119,192,311
111,195,306
174,156,330
208,146,354
219,183,402
227,113,340
214,165,379
235,138,373
181,128,309
190,137,327
156,122,278
170,113,283
179,129,308
185,111,296
183,110,293
173,138,311
165,138,303
179,131,310
174,117,291
154,106,260
141,168,309
153,171,324
143,190,333
129,205,334
97,224,321
148,206,354
156,203,359
167,201,368
170,194,364
170,194,364
163,198,361
160,190,350
170,182,352
167,178,345
159,170,329
183,150,333
170,163,333
171,179,350
154,158,312
157,157,314
162,157,319
155,158,313
141,165,306
146,171,317
141,163,304
154,156,310
157,153,310
145,155,300
139,154,293
128,165,293
126,183,309
111,190,301
117,202,319
139,190,329
152,178,330
157,168,325
149,161,310
135,153,288
133,160,293
110,163,273
123,159,282
125,149,274
140,124,264
147,92,239
170,115,285
177,123,300
139,116,255
147,136,283
173,109,282
171,101,272
177,134,311
156,120,276
180,145,325
203,125,328
175,135,310
173,128,301
139,118,257
142,120,262
122,120,242
125,117,242
123,138,261
118,154,272
106,165,271
127,156,283
155,135,290
186,105,291
173,116,289
164,113,277
141,111,252
140,111,251
135,128,263
140,151,291
134,153,287
146,130,276
142,120,262
129,116,245
147,110,257
147,156,303
180,125,305
167,113,280
171,108,279
148,98,246
145,96,241
148,94,242
109,98,207
131,93,224
138,97,235
143,94,237
137,90,227
139,102,241
128,119,247
122,124,246
120,141,261
104,146,250
129,174,303
126,192,318
122,193,315
127,184,311
168,146,314
177,130,307
197,91,288
179,148,327
182,143,325
163,122,285
150,112,262
98,105,203
133,97,230
89,94,183
120,110,230
122,112,234
131,100,231
138,92,230
145,103,248
142,98,240
133,95,228
150,108,258
161,115,276
167,102,269
179,88,267
150,114,264
145,119,264
129,136,265
120,137,257
121,132,253
132,118,250
142,111,253
156,92,248
159,148,307
155,148,303
160,123,283
155,112,267
107,110,217
127,113,240
79,107,186
120,100,220
140,102,242
138,100,238
134,86,220
140,102,242
122,104,226
144,138,282
169,119,288
178,108,286
177,190,367
167,258,425
289,140,429
300,131,431
222,140,362
148,131,279
158,116,274
177,106,283
192,118,310
170,125,295
163,137,300
152,117,269
161,109,270
170,104,274
144,132,276
157,107,264
160,100,260
151,102,253
127,91,218
151,139,290
158,136,294
138,126,264
163,122,285
153,112,265
168,113,281
161,106,267
144,93,237
153,123,276
162,117,279
185,94,279
174,147,321
162,148,310
137,149,286
141,145,286
119,145,264
149,132,281
133,134,267
139,143,282
126,168,294
134,171,305
126,161,287
146,147,293
139,141,280
126,144,270
139,129,268
141,118,259
137,103,240
142,101,243
126,118,244
148,106,254
159,96,255
146,141,287
183,112,295
186,117,303
196,93,289
155,83,238
150,108,258
131,106,237
131,107,238
144,107,251
144,104,248
161,135,296
177,127,304
188,134,322
178,138,316
143,138,281
136,129,265
148,140,288
183,116,299
203,254,457
193,265,458
160,283,443
161,272,433
253,195,448
217,194,411
236,183,419
153,183,336
143,190,333
151,193,344
153,209,362
144,228,372
128,228,356
156,194,350
185,153,338
193,147,340
167,143,310
129,138,267
126,141,267
123,141,264
123,144,267
118,145,263
126,148,274
125,144,269
135,144,279
128,163,291
114,174,288
143,205,348
148,205,353
148,193,341
140,191,331
169,158,327
176,150,326
194,115,309
181,107,288
163,106,269
123,101,224
115,112,227
122,117,239
120,122,242
133,174,307
171,144,315
213,149,362
189,136,325
173,122,295
163,98,261
153,93,246
145,91,236
125,94,219
118,100,218
124,131,255
153,114,267
176,96,272
199,109,308
182,98,280
159,86,245
146,121,267
152,122,274
145,124,269
131,128,259
145,122,267
148,125,273
145,131,276
136,134,270
122,140,262
121,142,263
113,165,278
123,164,287
133,161,294
149,140,289
169,115,284
153,103,256
139,93,232
124,85,209
126,146,272
151,140,291
164,121,285
162,107,269
153,106,259
169,94,263
146,107,253
146,128,274
120,141,261
147,136,283
129,135,264
115,137,252
127,153,280
141,155,296
144,172,316
146,161,307
166,164,330
163,163,326
149,162,311
154,132,286
164,115,279
170,97,267
158,109,267
155,99,254
151,84,235
150,109,259
146,97,243
144,119,263
151,107,258
142,103,245
139,94,233
135,109,244
141,101,242
151,109,260
157,99,256
151,98,249
152,141,293
164,138,302
171,146,317
179,148,327
160,157,317
166,162,328
158,161,319
166,161,327
181,148,329
185,135,320
177,133,310
176,123,299
183,135,318
201,119,320
207,124,331
187,144,331
202,117,319
186,127,313
168,134,302
166,103,269
176,140,316
190,136,326
188,122,310
166,116,282
167,99,266
166,117,283
164,108,272
169,170,339
175,173,348
182,152,334
179,139,318
155,143,298
162,123,285
160,107,267
172,111,283
168,104,272
161,95,256
161,156,317
157,151,308
164,141,305
157,128,285
144,112,256
160,97,257
167,128,295
167,156,323
166,150,316
200,138,338
214,102,316
232,116,348
187,115,302
147,110,257
142,92,234
143,155,298
152,153,305
161,130,291
173,108,281
160,101,261
164,115,279
193,136,329
187,147,334
174,156,330
155,167,322
154,181,335
160,179,339
174,173,347
155,167,322
149,185,334
129,212,341
113,215,328
115,214,329
160,181,341
197,144,341
197,128,325
181,112,293
178,134,312
172,133,305
175,132,307
149,126,275
152,145,297
164,136,300
169,116,285
152,102,254
132,97,229
140,98,238
143,96,239
151,123,274
165,98,263
161,86,247
156,123,279
139,106,245
151,91,242
153,123,276
150,124,274
151,122,273
138,131,269
144,124,268
141,130,271
160,119,279
157,148,305
152,204,356
127,242,369
131,239,370
153,252,405
169,252,421
175,230,405
199,210,409
222,166,388
201,155,356
194,150,344
162,136,298
152,125,277
152,114,266
151,112,263
155,99,254
150,91,241
153,126,279
155,120,275
158,117,275
139,107,246
156,126,282
185,139,324
210,116,326
194,132,326
174,136,310
174,135,309
175,150,325
162,130,292
190,129,319
198,121,319
205,113,318
193,109,302
170,148,318
174,138,312
178,122,300
186,118,304
166,125,291
169,144,313
191,153,344
209,134,343
227,139,366
209,141,350
206,137,343
201,137,338
202,152,354
219,137,356
222,137,359
216,132,348
198,124,322
192,147,339
201,142,343
214,151,365
226,177,403
246,144,390
239,124,363
229,144,373
203,156,359
191,161,352
192,138,330
211,157,368
232,148,380
218,153,371
201,143,344
204,120,324
210,137,347
205,126,331
201,153,354
216,149,365
221,149,370
225,157,382
228,147,375
229,137,366
208,114,322
201,147,348
191,135,326
177,128,305
173,133,306
161,136,297
177,130,307
186,130,316
190,128,318
187,136,323
181,153,334
205,201,406
247,180,427
279,149,428
257,140,397
263,211,474
277,194,471
277,204,481
231,209,440
189,199,388
190,196,386
199,176,375
200,166,366
189,166,355
188,158,346
193,147,340
190,153,343
212,136,348
207,145,352
236,136,372
228,124,352
223,148,371
202,142,344
193,135,328
204,125,329
187,120,307
194,149,343
192,150,342
207,144,351
189,130,319
189,108,297
189,141,330
201,135,336
210,140,350
213,123,336
211,135,346
198,130,328
199,120,319
198,146,344
193,148,341
188,145,333
181,150,331
196,130,326
203,132,335
218,126,344
200,134,334
188,133,321
181,141,322
194,137,331
216,144,360
201,141,342
184,146,330
173,145,318
172,144,316
192,141,333
195,126,321
208,144,352
205,143,348
214,138,352
202,133,335
184,133,317
176,140,316
168,129,297
181,123,304
195,137,332
196,133,329
187,118,305
182,145,327
185,136,321
190,140,330
202,154,356
212,140,352
230,141,371
219,140,359
206,139,345
205,130,335
207,119,326
191,129,320
193,121,314
191,141,332
195,130,325
195,159,354
203,161,364
196,153,349
201,158,359
207,144,351
226,154,380
227,140,367
227,133,360
206,110,316
200,141,341
195,139,334
181,144,325
166,157,323
162,150,312
188,121,309
215,301,516
377,149,526
382,150,532
384,143,527
233,140,373
216,149,365
184,156,340
181,154,335
160,169,329
181,159,340
184,155,339
194,154,348
202,142,344
202,143,345
194,151,345
178,161,339
176,159,335
178,161,339
172,154,326
179,154,333
188,155,343
178,164,342
167,173,340
178,167,345
188,166,354
191,156,347
181,138,319
172,149,321
175,156,331
188,151,339
195,351,546
195,341,536
201,334,535
205,330,535
306,211,517
306,191,497
308,175,483
175,181,356
136,184,320
127,182,309
131,223,354
137,241,378
141,249,390
147,243,390
190,198,388
222,182,404
238,177,415
191,192,383
171,185,356
151,176,327
173,146,319
179,138,317
183,130,313
201,160,361
237,118,355
235,101,336
204,153,357
175,148,323
163,148,311
172,135,307
159,131,290
148,131,279
150,260,410
157,281,438
155,288,443
161,294,455
234,236,470
282,207,489
287,179,466
223,165,388
194,155,349
155,156,311
125,156,281
130,156,286
137,153,290
141,152,293
137,161,298
129,174,303
125,175,300
136,178,314
138,190,328
150,176,326
152,181,333
145,189,334
129,205,334
140,196,336
144,198,342
167,222,389
162,219,381
160,225,385
195,171,366
204,149,353
211,144,355
166,139,305
147,150,297
145,151,296
152,127,279
169,107,276
177,121,298
174,123,297
174,112,286
182,207,389
176,242,418
236,180,416
248,165,413
255,110,365
183,113,296
158,99,257
135,104,239
134,148,282
123,160,283
124,195,319
151,183,334
168,181,349
184,165,349
159,170,329
114,170,284
129,171,300
133,220,353
125,257,382
142,273,415
179,245,424
190,310,500
228,261,489
189,243,432
213,209,422
205,176,381
213,192,405
150,175,325
192,166,358
179,164,343
240,138,378
237,119,356
240,142,382
192,215,407
193,179,372
242,171,413
267,125,392
237,186,423
241,186,427
215,160,375
240,169,409
191,142,333
230,176,406
211,158,369
204,160,364
227,107,334
215,186,401
174,195,369
177,153,330
203,138,341
195,135,330
206,92,298
177,183,360
193,179,372
186,162,348
273,182,455
246,220,466
255,201,456
211,172,383
186,150,336
141,112,253
166,126,292
136,141,277
123,148,271
161,119,280
184,226,410
157,236,393
212,196,408
199,152,351
214,152,366
215,152,367
227,132,359
210,145,355
200,182,382
162,171,333
184,107,291
218,156,374
173,166,339
159,123,282
165,147,312
165,157,322
138,169,307
196,105,301
214,192,406
170,206,376
171,153,324
212,162,374
196,177,373
114,217,331
172,195,367
162,219,381
142,206,348
180,146,326
227,110,337
174,118,292
148,164,312
170,142,312
207,93,300
179,110,289
172,130,302
138,144,282
156,113,269
187,128,315
183,138,321
143,141,284
173,198,371
233,170,403
272,123,395
267,245,512
257,251,508
238,251,489
224,244,468
178,203,381
156,197,353
213,164,377
188,152,340
154,142,296
166,123,289
160,117,277
181,197,378
219,219,438
234,229,463
243,214,457
221,211,432
232,214,446
210,180,390
205,188,393
208,162,370
181,134,315
193,95,288
145,97,242
149,170,319
164,164,328
180,137,317
195,149,344
140,125,265
153,121,274
139,111,250
161,187,348
142,173,315
226,118,344
186,93,279
201,94,295
111,94,205
117,178,295
120,187,307
156,195,351
191,172,363
207,174,381
127,158,285
166,144,310
139,156,295
156,166,322
107,216,323
153,213,366
182,174,356
165,148,313
224,128,352
173,155,328
168,157,325
186,141,327
161,126,287
187,133,320
168,115,283
162,100,262
128,109,237
167,152,319
135,139,274
209,88,297
177,116,293
136,115,251
158,152,310
178,163,341
163,133,296
204,124,328
166,125,291
110,126,236
123,125,248
123,123,246
127,124,251
125,123,248
125,131,256
125,136,261
129,140,269
128,155,283
129,160,289
137,153,290
141,153,294
138,162,300
136,165,301
129,171,300
128,188,316
123,201,324
123,211,334
150,186,336
192,152,344
200,150,350
183,147,330
138,155,293
137,160,297
126,169,295
129,170,299
125,178,303
126,184,310
137,174,311
140,178,318
140,181,321
132,179,311
132,181,313
142,178,320
133,180,313
139,182,321
131,188,319
141,177,318
136,184,320
140,187,327
140,182,322
147,173,320
146,180,326
133,187,320
143,172,315
144,177,321
144,185,329
142,167,309
142,166,308
144,165,309
124,167,291
122,170,292
124,178,302
123,184,307
141,167,308
142,165,307
142,172,314
124,174,298
123,181,304
124,183,307
137,178,315
138,183,321
156,172,328
144,210,354
142,277,419
124,284,408
136,309,445
238,284,522
254,274,528
246,304,550
211,315,526
228,313,541
218,304,522
220,293,513
281,231,512
263,219,482
241,232,473
168,240,408
157,225,382
156,224,380
170,258,428
213,264,477
196,279,475
152,283,435
204,304,508
200,318,518
194,288,482
207,241,448
197,186,383
249,197,446
167,238,405
113,247,360
134,273,407
177,229,406
205,206,411
176,195,371
185,145,330
204,159,363
173,150,323
148,150,298
143,143,286
141,136,277
155,117,272
146,117,263
159,103,262
138,102,240
123,96,219
104,91,195
115,87,202
111,89,200
101,93,194
125,99,224
120,116,236
105,131,236
140,129,269
133,136,269
127,143,270
123,137,260
135,154,289
133,166,299
117,172,289
121,167,288
108,160,268
134,181,315
149,198,347
147,213,360
129,236,365
142,218,360
148,193,341
177,182,359
165,157,322
193,129,322
174,121,295
146,124,270
127,127,254
122,134,256
116,128,244
116,153,269
126,170,296
134,164,298
135,170,305
120,165,285
135,151,286
127,158,285
137,160,297
120,172,292
121,183,304
125,182,307
97,176,273
140,144,284
176,117,293
179,109,288
167,144,311
157,117,274
176,103,279
168,163,331
145,172,317
142,175,317
138,155,293
105,140,245
147,128,275
133,118,251
149,110,259
156,142,298
172,135,307
162,158,320
151,160,311
120,168,288
126,171,297
152,145,297
159,136,295
179,126,305
193,154,347
211,138,349
208,146,354
171,148,319
130,143,273
125,148,273
126,138,264
125,138,263
134,204,338
199,208,407
298,147,445
301,139,440
230,140,370
157,149,306
148,146,294
142,148,290
151,143,294
147,156,303
152,170,322
138,181,319
127,199,326
128,204,332
135,200,335
134,200,334
192,150,342
190,130,320
202,111,313
157,141,298
171,114,285
169,97,266
165,108,273
144,109,253
127,115,242
147,119,266
155,106,261
158,90,248
160,117,277
133,124,257
151,113,264
146,100,246
153,126,279
174,100,274
188,131,319
179,119,298
165,164,329
178,159,337
174,192,366
169,213,382
135,216,351
128,235,363
168,191,359
145,168,313
178,177,355
205,123,328
226,122,348
218,137,355
167,132,299
132,194,326
126,486,612
116,496,612
122,512,634
472,169,641
499,137,636
506,129,635
197,140,337
188,141,329
215,161,376
219,168,387
216,155,371
206,128,334
192,112,304
173,115,288
147,127,274
133,165,298
119,165,284
105,155,260
129,157,286
121,155,276
101,153,254
122,159,281
100,175,275
124,174,298
108,168,276
122,162,284
168,113,281
190,166,356
205,149,354
169,146,315
158,168,326
120,165,285
131,151,282
131,141,272
133,148,281
103,137,240
133,130,263
151,86,237
173,108,281
176,107,283
147,102,249
147,91,238
144,111,255
133,99,232
155,153,308
161,145,306
151,140,291
138,130,268
92,114,206
132,95,227
150,154,304
216,123,339
218,112,330
193,105,298
134,106,240
128,94,222
150,100,250
149,92,241
146,94,240
141,87,228
120,77,197
123,120,243
125,142,267
128,145,273
147,145,292
125,152,277
118,153,271
110,152,262
130,153,283
131,151,282
126,153,279
132,157,289
124,166,290
115,159,274
137,152,289
122,152,274
128,144,272
129,146,275
100,139,239
134,129,263
123,116,239
132,110,242
130,104,234
138,132,270
167,115,282
188,103,291
195,86,281
171,94,265
144,113,257
153,100,253
152,101,253
153,96,249
139,90,229
142,94,236
137,89,226
129,98,227
130,92,222
135,132,267
146,116,262
145,101,246
135,127,262
154,102,256
164,82,246
157,105,262
145,94,239
147,144,291
141,126,267
161,107,268
151,98,249
132,94,226
134,138,272
147,153,300
153,153,306
144,150,294
120,142,262
110,138,248
126,128,254
131,119,250
98,112,210
129,105,234
125,100,225
128,90,218
137,98,235
140,95,235
145,94,239
134,87,221
129,91,220
133,82,215
133,93,226
136,112,248
138,103,241
132,94,226
138,83,221
138,88,226
137,97,234
144,81,225
136,100,236
132,105,237
134,103,237
127,103,230
134,97,231
137,89,226
137,108,245
158,117,275
157,109,266
166,92,258
151,113,264
151,115,266
157,108,265
150,97,247
150,104,254
154,115,269
152,99,251
151,93,244
154,101,255
145,96,241
150,110,260
159,94,253
149,94,243
146,85,231
121,81,202
127,94,221
125,96,221
130,97,227
129,93,222
126,87,213
127,86,213
122,84,206
120,82,202
122,79,201
116,80,196
123,109,232
124,109,233
114,106,220
123,101,224
118,100,218
124,95,219
128,86,214
126,98,224
126,104,230
121,100,221
125,93,218
124,88,212
125,90,215
121,86,207
127,103,230
132,102,234
135,96,231
127,116,243
123,120,243
126,126,252
127,123,250
123,127,250
126,132,258
123,150,273
121,176,297
120,178,298
117,183,300
128,183,311
150,156,306
150,153,303
146,146,292
122,148,270
124,144,268
116,144,260
117,140,257
121,134,255
121,128,249
123,126,249
124,121,245
121,116,237
123,113,236
125,108,233
122,106,228
113,100,213
124,96,220
123,96,219
124,85,209
132,84,216
131,78,209
116,91,207
118,88,206
122,87,209
122,88,210
121,79,200
125,98,223
127,99,226
122,97,219
115,100,215
120,100,220
124,98,222
121,114,235
122,119,241
117,110,227
120,107,227
124,102,226
124,97,221
123,97,220
120,93,213
123,87,210
122,82,204
127,91,218
131,90,221
127,87,214
121,86,207
116,85,201
125,79,204
128,96,224
122,97,219
114,96,210
124,92,216
125,92,217
131,86,217
131,107,238
137,100,237
134,96,230
133,96,229
121,106,227
123,111,234
126,131,257
124,155,279
122,174,296
152,149,301
171,130,301
211,144,355
208,126,334
220,102,322
185,100,285
147,96,243
134,95,229
132,92,224
119,91,210
129,83,212
125,101,226
134,109,243
123,112,235
126,112,238
118,116,234
118,119,237
124,123,247
121,135,256
121,142,263
125,139,264
120,138,258
118,136,254
116,135,251
122,132,254
121,132,253
123,131,254
122,130,252
124,124,248
115,122,237
133,106,239
131,101,232
135,95,230
121,92,213
123,93,216
119,88,207
116,90,206
121,92,213
122,88,210
124,81,205
128,79,207
127,102,229
117,105,222
120,104,224
118,99,217
121,87,208
131,84,215
126,111,237
127,127,254
131,142,273
131,146,277
125,141,266
120,137,257
122,132,254
118,142,260
125,147,272
122,149,271
121,154,275
125,155,280
121,166,287
123,173,296
121,172,293
113,168,281
138,150,288
136,142,278
131,156,287
123,154,277
121,165,286
122,194,316
142,198,340
150,208,358
172,200,372
160,208,368
167,215,382
157,224,381
160,241,401
175,227,402
179,241,420
182,257,439
179,231,410
190,204,394
200,174,374
205,131,336
196,109,305
166,94,260
145,91,236
138,138,276
134,149,283
132,147,279
166,118,284
157,124,281
137,135,272
110,141,251
118,149,267
131,142,273
135,152,287
139,148,287
134,153,287
136,152,288
138,169,307
136,164,300
142,154,296
147,145,292
144,143,287
164,133,297
153,132,285
147,130,277
122,133,255
130,126,256
130,128,258
130,131,261
125,132,257
123,125,248
131,121,252
125,121,246
125,115,240
116,110,226
124,103,227
123,102,225
118,99,217
124,99,223
127,93,220
125,91,216
126,91,217
121,90,211
125,85,210
123,85,208
113,89,202
121,90,211
115,95,210
119,102,221
121,100,221
125,103,228
119,96,215
118,98,216
128,99,227
122,97,219
123,93,216
126,100,226
123,101,224
119,105,224
123,126,249
127,130,257
132,132,264
122,137,259
119,158,277
130,159,289
131,224,355
123,237,360
154,283,437
313,148,461
331,144,475
311,123,434
170,104,274
171,92,263
159,110,269
156,101,257
154,90,244
153,108,261
151,97,248
154,98,252
153,110,263
154,97,251
155,98,253
149,108,257
154,95,249
155,106,261
148,95,243
149,109,258
152,96,248
152,107,259
153,192,345
152,275,427
163,261,424
181,230,411
188,209,397
181,150,331
141,115,256
182,99,281
180,102,282
156,98,254
150,110,260
149,98,247
154,108,262
158,96,254
153,97,250
153,109,262
153,96,249
155,107,262
148,96,244
151,105,256
149,103,252
146,98,244
140,98,238
138,96,234
138,96,234
137,94,231
137,109,246
145,95,240
150,109,259
158,97,255
153,97,250
153,107,260
154,96,250
153,107,260
148,95,243
150,109,259
149,96,245
150,160,310
150,153,303
176,119,295
199,125,324
200,150,350
166,157,323
168,176,344
155,184,339
102,192,294
117,192,309
151,195,346
158,196,354
107,219,326
156,229,385
162,253,415
172,267,439
158,248,406
195,200,395
177,211,388
221,178,399
156,207,363
117,191,308
163,180,343
149,195,344
138,226,364
171,245,416
143,275,418
196,244,440
196,274,470
181,242,423
150,289,439
258,235,493
227,267,494
274,256,530
231,219,450
285,148,433
292,86,378
253,128,381
154,141,295
125,142,267
124,132,256
132,152,284
137,144,281
145,161,306
158,159,317
161,209,370
125,262,387
156,339,495
170,308,478
172,301,473
212,210,422
283,163,446
247,189,436
193,161,354
153,159,312
132,113,245
195,232,427
235,201,436
297,128,425
279,190,469
233,164,397
215,138,353
190,142,332
149,146,295
115,163,278
152,141,293
154,173,327
139,191,330
158,209,367
177,153,330
229,150,379
201,145,346
151,172,323
162,143,305
162,155,317
161,194,355
206,190,396
247,137,384
190,179,369
196,207,403
108,219,327
158,179,337
182,214,396
185,290,475
103,326,429
111,322,433
243,224,467
292,199,491
386,179,565
297,144,441
271,121,392
208,179,387
192,137,329
162,161,323
204,220,424
243,147,390
212,132,344
180,141,321
137,131,268
133,125,258
136,126,262
131,140,271
139,128,267
157,110,267
159,116,275
161,177,338
161,130,291
184,218,402
204,190,394
173,200,373
176,173,349
146,170,316
146,169,315
130,211,341
132,255,387
133,265,398
126,283,409
188,262,450
217,248,465
238,256,494
193,283,476
206,264,470
170,254,424
236,165,401
248,200,448
224,234,458
144,259,403
133,255,388
171,202,373
229,139,368
229,107,336
201,110,311
140,114,254
156,117,273
134,124,258
156,108,264
158,96,254
161,86,247
151,145,296
143,134,277
149,133,282
144,132,276
124,130,254
141,115,256
153,99,252
153,104,257
156,103,259
145,97,242
144,102,246
133,106,239
121,145,266
115,163,278
114,190,304
135,199,334
140,209,349
154,202,356
152,202,354
162,207,369
157,215,372
155,206,361
156,193,349
172,187,359
212,163,375
209,169,378
203,163,366
191,169,360
241,108,349
230,88,318
164,118,282
140,122,262
130,125,255
126,122,248
139,111,250
141,99,240
133,121,254
149,135,284
160,126,286
143,112,255
143,103,246
141,92,233
132,89,221
141,136,277
136,135,271
126,133,259
133,125,258
129,122,251
174,146,320
199,113,312
186,102,288
163,97,260
134,110,244
146,145,291
174,134,308
180,112,292
190,137,327
167,133,300
178,125,303
154,109,263
129,102,231
142,102,244
150,99,249
154,125,279
155,122,277
152,130,282
178,120,298
166,126,292
154,124,278
115,116,231
112,108,220
123,122,245
154,98,252
166,95,261
163,95,258
138,96,234
131,93,224
134,90,224
140,97,237
136,92,228
143,116,259
145,114,259
143,110,253
163,113,276
161,105,266
170,97,267
154,129,283
152,123,275
155,116,271
145,108,253
125,104,229
141,98,239
144,122,266
161,119,280
168,149,317
175,134,309
174,107,281
191,136,327
197,111,308
185,96,281
172,113,285
145,113,258
131,111,242
125,120,245
119,131,250
97,133,230
127,126,253
118,112,230
165,106,271
171,88,259
170,105,275
145,103,248
137,99,236
137,90,227
145,113,258
154,101,255
144,90,234
143,99,242
145,94,239
141,86,227
145,98,243
143,93,236
141,87,228
140,105,245
141,105,246
139,102,241
138,116,254
161,105,266
178,107,285
179,95,274
159,125,284
137,122,259
137,127,264
134,135,269
111,140,251
126,145,271
125,137,262
126,127,253
135,113,248
137,104,241
129,93,222
140,77,217
109,118,227
134,136,270
132,122,254
157,99,256
161,81,242
151,131,282
158,110,268
155,107,262
158,94,252
145,98,243
147,101,248
79,96,175
106,99,205
119,96,215
100,92,192
124,113,237
107,123,230
130,123,253
127,155,282
129,165,294
106,171,277
121,177,298
121,190,311
102,212,314
141,193,334
129,186,315
164,159,323
159,143,302
159,139,298
92,133,225
121,132,253
123,127,250
122,122,244
117,116,233
123,113,236
122,109,231
125,102,227
123,96,219
122,94,216
116,91,207
123,89,212
122,90,212
120,92,212
121,87,208
126,79,205
124,90,214
127,85,212
121,81,202
127,79,206
124,98,222
119,112,231
121,104,225
126,99,225
120,93,213
124,95,219
122,122,244
125,129,254
133,130,263
129,130,259
121,130,251
125,138,263
117,146,263
122,164,286
125,168,293
125,171,296
133,182,315
120,201,321
124,216,340
140,205,345
149,191,340
161,184,345
165,161,326
158,163,321
149,154,303
122,158,280
133,147,280
130,133,263
136,143,279
132,151,283
126,146,272
134,150,284
138,148,286
139,154,293
135,146,281
134,142,276
122,139,261
132,133,265
121,133,254
127,127,254
119,127,246
143,97,240
158,91,249
157,92,249
130,99,229
129,97,226
127,94,221
132,95,227
123,94,217
122,98,220
123,97,220
123,97,220
129,93,222
126,86,212
127,89,216
121,93,214
121,90,211
121,96,217
118,98,216
123,99,222
122,96,218
121,102,223
126,95,221
126,97,223
126,97,223
114,102,216
120,109,229
119,110,229
123,116,239
121,117,238
129,110,239
126,111,237
122,114,236
124,121,245
120,122,242
125,124,249
124,141,265
118,168,286
125,259,384
273,134,407
302,238,540
296,308,604
135,340,475
124,354,478
252,233,485
285,195,480
301,174,475
192,161,353
150,161,311
134,154,288
129,150,279
132,148,280
125,143,268
125,144,269
122,150,272
123,146,269
124,162,286
129,158,287
130,153,283
127,147,274
123,141,264
122,144,266
124,138,262
123,126,249
130,116,246
132,128,260
141,127,268
143,133,276
138,170,308
119,179,298
123,178,301
121,182,303
130,182,312
145,178,323
145,217,362
140,214,354
127,207,334
143,179,322
177,145,322
183,136,319
163,136,299
133,127,260
130,116,246
134,106,240
137,100,237
129,96,225
132,87,219
130,80,210
133,92,225
120,85,205
133,99,232
128,106,234
132,103,235
122,108,230
129,105,234
125,105,230
127,118,245
123,175,298
129,191,320
142,169,311
163,146,309
183,125,308
150,113,263
178,149,327
196,131,327
200,123,323
180,140,320
153,155,308
152,157,309
187,164,351
182,154,336
164,136,300
205,117,322
217,105,322
198,96,294
170,85,255
138,119,257
144,114,258
165,105,270
170,100,270
142,96,238
131,107,238
143,138,281
157,134,291
156,129,285
141,124,265
114,118,232
129,110,239
127,106,233
125,102,227
122,98,220
123,100,223
122,96,218
119,87,206
125,86,211
125,86,211
120,107,227
124,114,238
120,113,233
118,114,232
121,123,244
123,152,275
118,163,281
121,172,293
121,185,306
113,181,294
121,176,297
130,161,291
158,138,296
157,132,289
161,116,277
153,117,270
141,118,259
124,124,248
118,138,256
122,140,262
124,135,259
123,139,262
120,136,256
124,133,257
110,160,270
120,181,301
119,184,303
121,182,303
133,168,301
141,146,287
152,139,291
140,136,276
121,139,260
123,139,262
126,134,260
124,129,253
131,124,255
138,108,246
126,102,228
134,100,234
122,100,222
122,100,222
122,105,227
123,104,227
124,104,228
129,112,241
116,115,231
123,115,238
120,129,249
124,138,262
123,143,266
124,143,267
129,133,262
129,134,263
125,144,269
115,155,270
127,163,290
130,169,299
122,168,290
118,174,292
124,173,297
132,175,307
150,158,308
163,139,302
169,124,293
161,95,256
174,131,305
178,103,281
169,124,293
181,120,301
156,116,272
153,124,277
134,125,259
127,127,254
123,142,265
115,143,258
145,127,272
143,118,261
153,123,276
135,122,257
125,123,248
125,128,253
125,128,253
120,128,248
126,131,257
128,133,261
127,128,255
128,123,251
134,116,250
126,120,246
133,127,260
119,122,241
126,122,248
129,120,249
122,121,243
129,124,253
126,128,254
131,120,251
130,112,242
138,95,233
135,89,224
133,83,216
129,112,241
133,110,243
146,104,250
140,112,252
134,125,259
134,130,264
130,139,269
132,133,265
131,131,262
133,136,269
128,133,261
120,134,254
124,148,272
136,137,273
134,138,272
131,137,268
124,132,256
123,122,245
139,115,254
149,127,276
175,97,272
173,109,282
171,98,269
155,105,260
155,94,249
151,110,261
156,98,254
153,105,258
157,94,251
150,109,259
155,96,251
152,105,257
153,93,246
150,107,257
154,96,250
151,104,255
151,95,246
150,106,256
153,96,249
150,106,256
150,95,245
149,105,254
152,95,247
150,115,265
160,93,253
159,105,264
159,94,253
150,107,257
151,96,247
149,105,254
150,95,245
149,105,254
152,95,247
149,106,255
149,95,244
149,108,257
152,97,249
150,116,266
159,95,254
159,107,266
160,96,256
151,111,262
152,103,255
149,99,248
143,99,242
138,96,234
138,98,236
146,90,236
146,91,237
143,93,236
134,93,227
135,93,228
135,93,228
134,95,229
134,98,232
135,99,234
134,97,231
133,97,230
135,98,233
135,110,245
136,113,249
138,118,256
137,135,272
138,140,278
135,162,297
148,187,335
146,180,326
143,175,318
122,168,290
140,112,252
201,125,326
199,143,342
202,114,316
191,102,293
155,142,297
151,128,279
165,147,312
153,148,301
127,155,282
120,153,273
165,139,304
173,124,297
160,118,278
146,117,263
156,109,265
163,116,279
162,110,272
176,152,328
172,151,323
168,148,316
141,159,300
127,181,308
161,167,328
153,157,310
160,127,287
163,113,276
172,106,278
170,99,269
155,102,257
148,103,251
124,99,223
104,94,198
121,88,209
100,93,193
124,106,230
118,112,230
113,105,218
117,101,218
124,99,223
112,104,216
120,100,220
120,96,216
125,106,231
124,117,241
122,134,256
126,140,266
129,150,279
105,148,253
119,139,258
126,135,261
107,129,236
119,132,251
120,140,260
111,147,258
124,143,267
109,148,257
143,134,277
139,141,280
134,139,273
98,139,237
126,134,260
111,132,243
108,133,241
117,129,246
118,126,244
107,125,232
116,131,247
97,134,231
125,136,261
112,131,243
127,127,254
133,136,269
113,152,265
129,140,269
126,138,264
167,113,280
168,109,277
183,114,297
140,122,262
135,147,282
121,145,266
137,132,269
127,116,243
155,104,259
148,89,237
157,154,311
158,159,317
138,171,309
132,171,303
93,170,263
149,148,297
144,152,296
162,153,315
155,131,286
161,152,313
159,142,301
148,137,285
145,132,277
151,112,263
155,82,237
166,138,304
156,136,292
149,111,260
185,110,295
164,110,274
178,101,279
154,106,260
143,96,239
128,101,229
121,96,217
114,95,209
107,105,212
103,150,253
119,177,296
151,169,320
157,171,328
175,155,330
158,171,329
178,153,331
163,153,316
165,166,331
159,152,311
152,183,335
150,208,358
146,236,382
158,249,407
168,269,437
162,273,435
195,256,451
224,212,436
234,198,432
215,164,379
203,130,333
190,112,302
175,97,272
149,89,238
125,148,273
148,157,305
143,163,306
121,178,299
91,174,265
116,168,284
102,161,263
183,134,317
203,197,400
259,155,414
205,160,365
166,300,466
106,302,408
129,298,427
123,296,419
295,120,415
337,114,451
352,116,468
185,105,290
148,100,248
140,142,282
142,139,281
126,126,252
140,115,255
118,94,212
148,90,238
137,143,280
135,209,344
273,120,393
286,110,396
248,97,345
142,136,278
150,150,300
154,166,320
147,184,331
125,179,304
139,163,302
128,160,288
175,110,285
170,87,257
196,163,359
165,159,324
141,162,303
131,157,288
81,153,234
111,164,275
96,162,258
128,167,295
125,171,296
120,191,311
94,196,290
126,197,323
122,209,331
160,219,379
177,204,381
167,190,357
164,170,334
176,142,318
183,138,321
168,151,319
147,136,283
151,123,274
165,100,265
160,89,249
149,84,233
136,116,252
109,126,235
144,121,265
141,111,252
135,99,234
145,82,227
144,122,266
139,134,273
134,137,271
150,126,276
141,140,281
141,152,293
129,148,277
119,155,274
134,147,281
131,139,270
131,144,275
124,154,278
118,170,288
123,176,299
136,175,311
134,189,323
113,213,326
130,202,332
143,189,332
153,175,328
161,154,315
146,148,294
142,148,290
122,157,279
117,158,275
123,161,284
122,159,281
121,153,274
121,147,268
122,144,266
124,145,269
122,144,266
116,153,269
124,148,272
120,144,264
127,141,268
109,136,245
123,133,256
123,132,255
121,133,254
121,132,253
122,134,256
112,130,242
125,126,251
123,115,238
127,112,239
127,104,231
127,97,224
110,92,202
115,87,202
120,90,210
123,85,208
118,85,203
107,84,191
124,100,224
114,106,220
124,111,235
125,111,236
120,117,237
120,118,238
124,117,241
120,112,232
121,108,229
123,103,226
120,110,230
122,113,235
123,112,235
124,103,227
124,97,221
124,94,218
122,93,215
120,101,221
123,103,226
120,109,229
122,115,237
137,100,237
140,100,240
127,90,217
116,91,207
122,117,239
108,123,231
124,139,263
121,150,271
110,152,262
128,165,293
134,148,282
139,145,284
139,137,276
126,139,265
106,141,247
129,137,266
111,127,238
134,123,257
127,115,242
127,110,237
123,111,234
122,106,228
121,106,227
122,110,232
120,104,224
123,99,222
120,96,216
123,98,221
126,92,218
130,84,214
132,86,218
126,83,209
113,78,191
120,92,212
120,90,210
118,83,201
124,85,209
121,84,205
119,89,208
131,81,212
122,80,202
128,100,228
122,94,216
118,93,211
127,91,218
116,91,207
121,93,214
124,91,215
128,80,208
131,94,225
128,103,231
121,101,222
122,105,227
120,110,230
121,105,226
124,99,223
122,94,216
120,90,210
124,86,210
111,87,198
114,87,201
123,89,212
124,86,210
126,85,211
123,83,206
122,95,217
126,95,221
125,88,213
121,87,208
114,100,214
121,103,224
121,99,220
123,108,231
121,114,235
124,109,233
116,103,219
125,97,222
120,96,216
124,94,218
124,89,213
128,85,213
130,77,207
129,102,231
121,108,229
121,103,224
125,106,231
120,104,224
124,113,237
121,116,237
124,121,245
125,122,247
124,126,250
125,127,252
116,123,239
122,119,241
121,117,238
121,111,232
124,111,235
121,110,231
124,105,229
121,101,222
121,101,222
121,103,224
124,98,222
125,98,223
125,96,221
121,99,220
126,98,224
124,99,223
126,103,229
120,100,220
121,94,215
123,95,218
121,95,216
122,97,219
127,93,220
128,88,216
134,103,237
123,112,235
122,116,238
121,110,231
120,106,226
122,101,223
120,98,218
122,99,221
116,98,214
120,98,218
121,93,214
121,86,207
123,80,203
121,76,197
123,89,212
123,90,213
120,90,210
122,85,207
121,89,210
129,86,215
126,86,212
118,81,199
118,81,199
123,116,239
122,123,245
127,137,264
131,160,291
122,168,290
142,167,309
146,174,320
159,167,326
131,179,310
146,173,319
140,183,323
139,187,326
130,187,317
144,174,318
135,184,319
136,196,332
129,196,325
138,184,322
176,155,331
182,166,348
177,162,339
136,158,294
148,134,282
167,112,279
178,130,308
199,112,311
189,107,296
183,103,286
141,118,259
154,120,274
182,104,286
182,109,291
168,134,302
172,154,326
227,115,342
232,152,384
231,115,346
188,98,286
171,95,266
139,91,230
135,84,219
135,131,266
131,135,266
158,115,273
173,118,291
182,125,307
165,115,280
147,107,254
139,98,237
131,92,223
102,98,200
124,99,223
114,99,213
130,96,226
122,114,236
117,124,241
129,121,250
130,113,243
113,107,220
133,95,228
129,96,225
129,93,222
132,81,213
138,110,248
137,123,260
134,109,243
139,90,229
143,90,233
139,83,222
126,119,245
133,139,272
143,123,266
148,106,254
143,100,243
141,89,230
133,80,213
137,92,229
126,91,217
126,83,209
125,96,221
121,91,212
129,109,238
130,114,244
134,108,242
139,97,236
130,93,223
133,84,217
130,93,223
131,114,245
128,110,238
131,99,230
130,95,225
133,84,217
131,94,225
132,93,225
127,96,223
135,81,216
139,103,242
141,110,251
136,112,248
137,119,256
131,118,249
128,111,239
127,102,229
133,93,226
128,88,216
129,79,208
127,110,237
119,119,238
122,105,227
146,91,237
146,82,228
143,88,231
131,83,214
128,95,223
131,85,216
131,81,212
134,101,235
124,105,229
132,101,233
130,96,226
133,91,224
139,95,234
137,116,253
159,115,274
147,125,272
143,129,272
117,130,247
118,131,249
131,133,264
137,128,265
136,136,272
130,136,266
122,139,261
124,147,271
115,152,267
119,152,271
110,148,258
115,151,266
103,159,262
124,165,289
119,166,285
121,166,287
122,159,281
129,155,284
149,140,289
149,136,285
130,133,263
123,134,257
121,143,264
108,142,250
120,155,275
122,154,276
126,147,273
125,142,267
120,140,260
108,146,254
124,152,276
120,152,272
121,151,272
121,150,271
122,153,275
116,153,269
116,150,266
124,161,285
130,162,292
114,178,292
129,265,394
130,313,443
130,312,442
197,238,435
286,161,447
299,140,439
237,104,341
179,86,265
164,82,246
142,107,249
129,116,245
144,103,247
147,147,294
165,127,292
152,111,263
161,104,265
115,99,214
128,92,220
128,85,213
131,79,210
130,120,250
126,127,253
120,128,248
127,123,250
124,119,243
126,113,239
126,122,248
126,146,272
125,164,289
117,161,278
142,149,291
143,142,285
140,131,271
136,131,267
131,142,273
152,227,379
287,102,389
295,99,394
278,108,386
155,101,256
155,86,241
158,89,247
138,89,227
131,85,216
126,105,231
131,101,232
130,93,223
138,84,222
135,103,238
134,106,240
137,103,240
125,101,226
122,97,219
116,98,214
123,98,221
125,107,232
121,105,226
126,100,226
124,98,222
115,97,212
126,105,231
148,96,244
157,119,276
155,128,283
133,115,248
163,99,262
143,96,239
140,95,235
133,87,220
129,94,223
131,111,242
124,111,235
124,108,232
123,112,235
124,112,236
116,113,229
122,117,239
106,135,241
124,154,278
121,164,285
127,174,301
129,188,317
132,202,334
113,206,319
115,198,313
156,178,334
182,157,339
153,150,303
174,146,320
149,146,295
139,146,285
137,146,283
137,147,284
137,146,283
137,147,284
137,147,284
136,148,284
137,149,286
139,148,287
139,146,285
139,145,284
140,145,285
139,143,282
139,144,283
140,144,284
141,142,283
137,143,280
135,144,279
134,143,277
135,143,278
136,145,281
136,144,280
137,143,280
138,144,282
136,146,282
134,144,278
135,142,277
133,143,276
133,142,275
137,156,293
138,157,295
140,155,295
136,151,287
137,145,282
140,145,285
153,135,288
160,130,290
156,129,285
139,132,271
134,136,270
147,126,273
149,129,278
147,132,279
135,129,264
135,132,267
135,137,272
142,127,269
142,131,273
140,134,274
142,130,272
142,133,275
143,130,273
136,133,269
137,137,274
142,132,274
140,170,310
141,173,314
135,177,312
135,174,309
135,178,313
123,181,304
133,194,327
142,211,353
142,226,368
141,241,382
159,214,373
181,183,364
199,155,354
170,136,306
156,128,284
137,121,258
137,103,240
142,89,231
124,83,207
124,76,200
120,184,304
118,194,312
142,192,334
162,181,343
142,191,333
123,177,300
154,162,316
156,147,303
140,151,291
138,144,282
95,139,234
139,113,252
166,89,255
153,121,274
153,114,267
155,93,248
158,111,269
133,108,241
146,91,237
144,119,263
148,121,269
154,148,302
180,121,301
184,136,320
179,138,317
166,149,315
157,147,304
145,142,287
127,131,258
123,118,241
145,98,243
134,96,230
130,99,229
138,112,250
152,113,265
156,164,320
189,155,344
195,156,351
203,146,349
178,125,303
184,147,331
193,126,319
198,121,319
201,122,323
158,120,278
177,145,322
190,132,322
180,153,333
164,176,340
164,161,325
177,162,339
166,181,347
140,180,320
122,175,297
128,162,290
134,145,279
167,141,308
152,131,283
139,152,291
186,115,301
180,121,301
135,118,253
131,133,264
126,169,295
102,179,281
125,186,311
150,155,305
162,142,304
170,135,305
156,127,283
168,92,260
168,97,265
160,100,260
125,125,250
133,114,247
139,141,280
138,148,286
151,142,293
137,151,288
110,155,265
143,149,292
133,163,296
136,181,317
123,208,331
128,238,366
140,230,370
144,222,366
173,185,358
191,158,349
183,127,310
165,117,282
167,176,343
177,152,329
177,143,320
159,127,286
127,108,235
158,127,285
188,85,273
174,129,303
144,130,274
128,117,245
131,110,241
115,99,214
136,88,224
116,82,198
131,79,210
104,94,198
133,86,219
116,79,195
125,94,219
120,96,216
122,91,213
111,92,203
124,92,216
110,137,247
114,156,270
130,150,280
157,118,275
161,119,280
158,109,267
130,97,227
144,86,230
127,121,248
144,114,258
140,111,251
145,103,248
150,131,281
180,101,281
172,100,272
140,99,239
129,108,237
129,98,227
131,80,211
148,118,266
121,119,240
131,129,260
135,132,267
127,147,274
132,153,285
130,174,304
128,176,304
114,180,294
117,181,298
141,172,313
147,179,326
152,207,359
131,223,354
117,235,352
134,241,375
178,199,377
183,186,369
154,177,331
176,135,311
184,109,293
187,86,273
165,101,266
166,121,287
165,111,276
156,101,257
135,102,237
120,138,258
157,114,271
182,93,275
164,104,268
165,114,279
139,110,249
147,92,239
158,108,266
164,98,262
142,99,241
144,91,235
133,89,222
130,86,216
105,85,190
117,85,202
119,102,221
122,109,231
149,114,263
173,94,267
170,89,259
138,92,230
125,109,234
120,124,244
123,135,258
124,159,283
117,161,278
127,161,288
124,161,285
162,117,279
179,93,272
190,127,317
165,115,280
151,103,254
140,95,235
123,83,206
132,101,233
143,83,226
144,94,238
135,82,217
132,92,224
118,99,217
125,99,224
130,102,232
129,99,228
132,84,216
134,126,260
126,115,241
135,101,236
139,86,225
118,81,199
123,139,262
144,113,257
153,107,260
152,100,252
139,78,217
146,146,292
122,171,293
124,183,307
123,185,308
92,185,277
145,166,311
129,164,293
145,172,317
123,172,295
100,168,268
118,174,292
141,153,294
145,136,281
158,131,289
144,112,256
157,91,248
152,112,264
165,97,262
151,84,235
148,96,244
140,94,234
140,92,232
138,113,251
154,101,255
154,92,246
142,103,245
142,129,271
153,114,267
147,128,275
142,131,273
124,136,260
125,141,266
125,137,262
124,140,264
123,137,260
129,127,256
136,127,263
133,140,273
127,141,268
124,140,264
130,133,263
133,128,261
128,122,250
108,116,224
123,113,236
120,107,227
117,101,218
123,107,230
120,119,239
124,121,245
128,114,242
132,106,238
138,116,254
131,251,382
126,264,390
127,279,406
152,266,418
221,203,424
179,221,400
219,217,436
156,213,369
155,199,354
175,163,338
181,156,337
169,170,339
137,181,318
120,183,303
123,196,319
140,193,333
144,188,332
148,185,333
143,163,306
146,150,296
148,148,296
125,145,270
116,145,261
117,142,259
122,145,267
127,142,269
132,141,273
135,133,268
134,132,266
130,131,261
118,134,252
125,138,263
118,143,261
124,146,270
128,142,270
134,139,273
129,143,272
119,147,266
115,146,261
119,141,260
122,139,261
128,133,261
131,143,274
123,154,277
129,158,287
128,155,283
129,159,288
121,162,283
126,171,297
121,186,307
124,201,325
122,202,324
137,184,321
150,182,332
162,186,348
139,197,336
134,215,349
138,196,334
301,115,416
311,126,437
304,120,424
174,113,287
174,97,271
177,95,272
141,91,232
112,91,203
124,90,214
119,87,206
129,81,210
130,92,222
129,102,231
125,106,231
123,119,242
120,141,261
121,150,271
139,141,280
149,124,273
170,137,307
185,122,307
171,136,307
169,131,300
148,121,269
157,134,291
181,128,309
204,138,342
223,155,378
193,166,359
165,165,330
159,144,303
174,126,300
170,128,298
144,134,278
118,167,285
127,164,291
124,160,284
124,150,274
138,139,277
140,136,276
123,133,256
121,134,255
116,134,250
122,132,254
125,126,251
126,119,245
129,133,262
120,146,266
124,149,273
140,138,278
135,142,277
145,127,272
134,135,269
140,123,263
131,147,278
164,124,288
185,124,309
192,111,303
161,123,284
177,143,320
191,123,314
195,109,304
160,104,264
130,96,226
129,97,226
127,99,226
125,98,223
124,99,223
118,99,217
124,103,227
127,119,246
122,123,245
122,120,242
126,114,240
124,110,234
126,106,232
116,101,217
121,101,222
132,89,221
130,89,219
131,89,220
124,85,209
130,90,220
131,89,220
121,94,215
117,88,205
116,87,203
123,102,225
116,112,228
129,112,241
131,107,238
131,105,236
126,107,233
121,103,224
124,100,224
119,96,215
122,115,237
122,117,239
121,112,233
124,114,238
120,110,230
123,104,227
122,98,220
118,97,215
121,107,228
127,103,230
128,97,225
138,88,226
132,88,220
129,89,218
122,86,208
123,83,206
120,107,227
128,102,230
127,100,227
129,98,227
123,95,218
121,91,212
119,88,207
121,87,208
121,114,235
130,123,253
134,120,254
142,112,254
126,109,235
126,101,227
136,86,222
132,87,219
123,86,209
125,117,242
121,139,260
117,147,264
120,148,268
121,153,274
122,152,274
122,154,276
114,169,283
117,193,310
122,197,319
124,198,322
149,178,327
182,154,336
192,155,347
172,162,334
136,199,335
136,201,337
155,195,350
190,169,359
188,159,347
170,148,318
134,145,279
133,144,277
132,141,273
134,130,264
142,122,264
136,109,245
152,97,249
142,144,286
147,147,294
196,96,292
189,105,294
181,100,281
135,96,231
133,94,227
132,85,217
136,101,237
130,109,239
132,104,236
131,107,238
122,119,241
115,132,247
125,138,263
124,137,261
125,138,263
126,140,266
126,135,261
118,134,252
123,133,256
121,134,255
119,132,251
117,135,252
130,130,260
135,133,268
136,137,273
130,133,263
128,137,265
119,156,275
124,157,281
129,157,286
135,165,300
126,164,290
121,171,292
128,204,332
118,207,325
119,214,333
143,247,390
176,244,420
176,277,453
192,246,438
200,230,430
250,201,451
225,208,433
193,184,377
220,119,339
221,117,338
188,131,319
137,118,255
173,160,333
192,185,377
176,156,332
210,145,355
180,134,314
220,91,311
176,106,282
187,96,283
134,94,228
134,86,220
130,150,280
141,174,315
186,117,303
221,89,310
207,124,331
154,113,267
169,96,265
168,86,254
138,139,277
138,129,267
170,90,260
174,222,396
157,222,379
200,165,365
224,130,354
191,132,323
161,163,324
141,187,328
152,178,330
214,119,333
216,113,329
178,120,298
131,123,254
120,163,283
127,158,285
142,133,275
165,103,268
167,94,261
143,203,346
187,155,342
225,119,344
228,115,343
150,107,257
168,94,262
164,91,255
141,90,231
131,88,219
125,89,214
136,97,233
129,110,239
136,112,248
135,145,280
131,150,281
126,184,310
163,145,308
186,133,319
155,124,279
176,108,284
151,80,231
165,149,314
130,161,291
168,124,292
171,124,295
129,125,254
129,127,256
129,124,253
132,122,254
129,120,249
134,147,281
128,173,301
129,198,327
226,133,359
255,108,363
258,100,358
140,88,228
137,104,241
142,98,240
141,87,228
134,116,250
131,114,245
135,105,240
129,106,235
124,105,229
126,105,231
123,106,229
114,105,219
113,106,219
119,108,227
127,105,232
132,96,228
135,105,240
129,110,239
131,113,244
141,100,241
143,97,240
152,91,243
137,98,235
137,105,242
130,97,227
128,100,228
130,109,239
135,121,256
141,129,270
140,118,258
139,133,272
177,124,301
190,109,299
197,98,295
161,116,277
164,106,270
166,103,269
162,107,269
159,92,251
161,118,279
154,106,260
150,125,275
170,104,274
166,112,278
174,101,275
159,128,287
160,129,289
164,122,286
177,107,284
168,101,269
169,102,271
154,101,255
144,106,250
141,119,260
163,96,259
172,107,279
173,96,269
148,114,262
152,99,251
155,113,268
163,99,262
155,110,265
161,98,259
154,113,267
160,100,260
154,114,268
160,101,261
154,102,256
160,113,273
158,97,255
165,98,263
156,113,269
159,96,255
161,115,276
155,103,258
159,118,277
161,106,267
157,103,260
164,113,277
156,97,253
164,98,262
158,112,270
162,96,258
160,98,258
155,112,267
160,98,258
159,110,269
155,96,251
156,111,267
157,115,272
154,118,272
156,118,274
175,130,305
188,119,307
176,163,339
146,154,300
168,107,275
177,117,294
174,131,305
153,134,287
187,94,281
181,153,334
140,166,306
156,177,333
173,146,319
207,101,308
178,210,388
185,258,443
154,259,413
157,238,395
180,211,391
235,228,463
189,238,427
190,240,430
222,178,400
275,119,394
269,120,389
228,132,360
179,124,303
174,121,295
137,128,265
138,136,274
125,136,261
125,126,251
141,109,250
140,113,253
139,127,266
130,202,332
209,129,338
239,100,339
214,158,372
163,153,316
202,112,314
194,108,302
167,125,292
163,109,272
166,115,281
172,149,321
132,151,283
140,141,281
171,92,263
171,83,254
125,126,251
138,122,260
146,108,254
162,108,270
161,89,250
156,135,291
148,122,270
165,94,259
161,123,284
129,212,341
191,175,366
227,125,352
262,157,419
225,159,384
192,152,344
200,152,352
202,118,320
206,119,325
172,119,291
106,128,234
141,154,295
137,150,287
180,112,292
197,152,349
211,150,361
181,168,349
193,162,355
222,378,600
462,133,595
446,138,584
421,110,531
180,127,307
199,225,424
194,167,361
208,155,363
215,132,347
195,173,368
209,189,398
219,150,369
219,108,327
219,88,307
185,162,347
176,136,312
197,90,287
197,164,361
160,146,306
231,209,440
289,156,445
271,113,384
249,92,341
176,114,290
156,101,257
144,147,291
150,136,286
161,131,292
192,130,322
193,107,300
166,114,280
190,128,318
171,103,274
189,115,304
173,107,280
155,113,268
167,95,262
166,122,288
167,109,276
161,130,291
192,133,325
186,134,320
211,123,334
190,126,316
189,122,311
142,125,267
134,128,262
123,134,257
115,137,252
124,144,268
125,152,277
125,151,276
139,148,287
143,145,288
136,144,280
142,139,281
135,140,275
139,146,285
125,149,274
127,141,268
122,142,264
129,153,282
127,174,301
137,174,311
145,183,328
148,183,331
177,154,331
193,124,317
195,113,308
193,137,330
180,134,314
168,147,315
160,158,318
171,152,323
196,168,364
236,133,369
236,134,370
225,120,345
195,101,296
188,128,316
182,106,288
165,118,283
177,94,271
132,85,217
160,106,266
131,118,249
133,113,246
139,104,243
117,100,217
124,95,219
108,103,211
117,121,238
135,97,232
161,138,299
173,125,298
156,112,268
154,98,252
131,118,249
148,111,259
170,92,262
158,96,254
146,99,245
112,101,213
118,108,226
126,102,228
133,103,236
126,106,232
122,120,242
117,133,250
121,141,262
121,152,273
121,162,283
105,161,266
114,165,279
106,157,263
126,158,284
112,160,272
163,121,284
177,107,284
184,97,281
160,122,282
156,115,271
162,110,272
155,112,267
146,130,276
142,135,277
128,143,271
136,159,295
128,185,313
104,201,305
126,191,317
133,195,328
164,181,345
185,147,332
204,172,376
183,175,358
152,171,323
166,141,307
185,139,324
156,133,289
173,109,282
163,127,290
174,118,292
152,104,256
150,102,252
155,158,313
191,111,302
197,106,303
191,104,295
131,104,235
136,103,239
137,99,236
136,127,263
149,116,265
147,114,261
144,104,248
139,112,251
130,136,266
129,151,280
142,140,282
157,133,290
177,130,307
194,122,316
192,120,312
195,159,354
198,135,333
215,118,333
213,135,348
174,132,306
191,142,333
200,118,318
199,94,293
172,113,285
152,134,286
176,145,321
189,122,311
194,118,312
158,136,294
148,141,289
145,126,271
133,121,254
139,115,254
134,117,251
129,123,252
123,120,243
123,119,242
129,126,255
123,128,251
124,141,265
122,158,280
129,171,300
137,168,305
143,164,307
145,150,295
119,145,264
127,147,274
126,141,267
121,149,270
124,147,271
123,142,265
122,125,247
139,113,252
129,110,239
127,105,232
130,91,221
129,112,241
123,128,251
120,132,252
146,118,264
142,122,264
145,129,274
169,109,278
178,91,269
180,114,294
146,122,268
143,114,257
146,118,264
149,114,263
144,112,256
133,105,238
145,92,237
146,82,228
144,107,251
133,98,231
132,89,221
120,92,212
124,139,263
111,137,248
131,134,265
132,142,274
101,150,251
126,160,286
133,154,287
150,144,294
162,131,293
154,133,287
144,134,278
132,133,265
126,128,254
127,130,257
125,136,261
130,140,270
145,129,274
141,119,260
144,112,256
132,103,235
142,92,234
132,126,258
158,128,286
180,107,287
191,118,309
188,110,298
163,99,262
157,96,253
139,97,236
139,113,252
151,99,250
149,93,242
152,116,268
150,117,267
172,124,296
178,123,301
162,125,287
163,117,280
163,101,264
171,130,301
182,142,324
160,149,309
152,154,306
132,168,300
114,192,306
125,196,321
109,193,302
130,178,308
159,171,330
166,178,344
159,180,339
151,166,317
137,162,299
121,152,273
125,153,278
113,150,263
127,144,271
111,140,251
121,140,261
110,142,252
119,145,264
131,136,267
135,132,267
122,129,251
129,124,253
127,123,250
124,120,244
123,117,240
106,115,221
132,121,253
111,128,239
121,125,246
124,119,243
121,118,239
122,115,237
110,128,238
119,138,257
125,146,271
138,144,282
132,155,287
130,156,286
118,173,291
117,199,316
121,252,373
111,259,370
142,231,373
184,187,371
230,144,374
211,139,350
169,166,335
136,153,289
140,145,285
133,131,264
127,128,255
111,124,235
122,138,260
123,151,274
118,158,276
128,160,288
142,155,297
173,136,309
167,131,298
158,149,307
138,159,297
139,152,291
142,142,284
143,123,266
148,108,256
144,94,238
141,109,250
149,97,246
141,89,230
138,97,235
141,89,230
145,102,247
140,117,257
137,105,242
146,124,270
160,124,284
162,117,279
162,110,272
150,118,268
172,113,285
178,104,282
189,112,301
161,109,270
159,107,266
162,133,295
157,129,286
181,99,280
172,115,287
160,110,270
160,98,258
145,105,250
149,97,246
137,84,221
136,104,240
141,98,239
139,96,235
123,92,215
136,119,255
144,114,258
168,106,274
166,104,270
161,105,266
148,110,258
156,96,252
150,134,284
157,136,293
155,140,295
162,122,284
149,108,257
158,91,249
147,119,266
142,133,275
142,152,294
141,167,308
124,171,295
135,170,305
121,180,301
135,188,323
129,287,416
146,322,468
153,333,486
146,345,491
249,241,490
290,210,500
321,189,510
270,124,394
72,117,189
108,124,232
136,136,272
126,147,273
128,169,297
126,210,336
156,190,346
154,195,349
166,188,354
148,179,327
145,183,328
147,164,311
140,162,302
123,159,282
170,111,281
175,113,288
208,145,353
201,122,323
180,121,301
176,111,287
151,91,242
141,105,246
144,116,260
144,110,254
146,100,246
140,98,238
129,132,261
139,136,275
140,126,266
162,99,261
150,94,244
153,83,236
140,101,241
142,102,244
142,94,236
139,120,259
135,119,254
143,149,292
172,118,290
183,116,299
179,106,285
170,107,277
165,93,258
151,109,260
152,107,259
141,110,251
153,108,261
155,105,260
165,99,264
144,122,266
177,130,307
174,125,299
176,110,286
139,99,238
142,106,248
149,101,250
153,87,240
149,135,284
151,125,276
146,128,274
144,120,264
119,103,222
154,131,285
158,217,375
295,145,440
285,155,440
277,153,430
135,148,283
139,142,281
147,138,285
153,142,295
131,150,281
139,161,300
143,156,299
162,135,297
166,121,287
162,113,275
151,107,258
136,116,252
124,118,242
125,113,238
131,105,236
133,114,247
126,124,250
120,131,251
119,179,298
107,199,306
182,172,354
230,145,375
170,172,342
213,168,381
180,158,338
180,144,324
165,148,313
152,133,285
151,137,288
157,140,297
151,137,288
147,138,285
138,133,271
143,121,264
150,109,259
177,124,301
171,146,317
163,146,309
148,159,307
126,182,308
120,209,329
124,222,346
125,228,353
146,216,362
213,138,351
240,124,364
263,115,378
205,103,308
180,100,280
153,103,256
146,96,242
159,133,292
160,138,298
169,178,347
207,150,357
188,137,325
193,123,316
155,110,265
159,97,256
168,129,297
169,115,284
166,105,271
164,126,290
150,129,279
160,131,291
163,121,284
158,107,265
171,103,274
166,98,264
155,101,256
149,101,250
141,102,243
141,104,245
141,106,247
144,101,245
145,103,248
142,102,244
139,98,237
141,101,242
145,97,242
143,108,251
144,105,249
142,96,238
147,115,262
146,116,262
149,120,269
144,126,270
139,127,266
141,131,272
141,137,278
140,140,280
146,140,286
143,142,285
148,138,286
146,135,281
145,142,287
142,142,284
145,135,280
147,139,286
146,154,300
148,147,295
161,136,297
162,136,298
159,136,295
148,137,285
147,139,286
142,135,277
144,137,281
143,139,282
145,142,287
148,140,288
156,139,295
149,147,296
148,143,291
140,148,288
148,148,296
154,161,315
194,132,326
207,109,316
200,103,303
135,104,239
141,144,285
149,101,250
195,108,303
180,127,307
151,138,289
156,151,307
150,147,297
136,155,291
131,156,287
112,150,262
122,147,269
126,146,272
109,146,255
123,142,265
132,142,274
112,141,253
112,141,253
116,142,258
125,142,267
106,144,250
132,133,265
132,140,272
140,150,290
132,163,295
128,163,291
130,160,290
146,143,289
149,128,277
123,127,250
129,134,263
122,137,259
123,131,254
130,112,242
136,152,288
122,164,286
115,165,280
113,168,281
119,165,284
93,146,239
152,111,263
176,112,288
169,150,319
169,118,287
181,115,296
174,96,270
170,82,252
165,114,279
140,126,266
126,136,262
137,131,268
133,143,276
139,139,278
132,162,294
148,173,321
133,181,314
146,175,321
145,167,312
156,186,342
157,197,354
151,196,347
144,193,337
157,185,342
158,177,335
160,177,337
141,178,319
116,204,320
142,198,340
147,200,347
148,192,340
153,194,347
153,189,342
147,186,333
148,187,335
146,179,325
142,178,320
142,183,325
132,192,324
139,197,336
136,211,347
138,222,360
154,211,365
174,181,355
187,170,357
159,183,342
156,173,329
163,162,325
175,175,350
165,186,351
168,165,333
184,151,335
180,164,344
190,145,335
162,151,313
149,147,296
128,138,266
131,121,252
135,116,251
129,117,246
125,149,274
116,166,282
122,194,316
124,213,337
127,220,347
149,228,377
161,210,371
172,188,360
189,159,348
187,144,331
182,141,323
170,137,307
204,152,356
211,153,364
235,158,393
232,127,359
228,99,327
206,113,319
165,106,271
147,98,245
135,118,253
144,119,263
144,130,274
134,130,264
134,118,252
146,109,255
156,97,253
136,87,223
128,115,243
125,132,257
153,129,282
149,120,269
133,119,252
116,126,242
126,138,264
131,144,275
127,150,277
127,151,278
128,160,288
131,161,292
131,158,289
119,153,272
122,157,279
114,153,267
132,144,276
144,131,275
145,122,267
133,105,238
144,96,240
134,134,268
158,116,274
161,102,263
172,89,261
156,150,306
159,129,288
175,129,304
167,140,307
113,166,279
124,185,309
125,197,322
133,190,323
140,173,313
168,143,311
168,128,296
166,118,284
155,102,257
140,105,245
140,104,244
135,147,282
159,158,317
154,184,338
136,185,321
105,181,286
140,159,299
152,150,302
155,149,304
144,157,301
149,158,307
159,158,317
146,180,326
136,200,336
121,212,333
124,215,339
158,241,399
178,250,428
178,253,431
139,258,397
220,186,406
208,201,409
219,200,419
137,197,334
134,193,327
161,166,327
181,170,351
173,196,369
164,215,379
171,196,367
194,185,379
181,189,370
191,170,361
196,146,342
194,167,361
218,160,378
224,145,369
255,144,399
213,160,373
234,128,362
196,131,327
174,124,298
136,113,249
124,114,238
121,136,257
124,155,279
146,152,298
165,136,301
185,116,301
179,91,270
175,126,301
164,128,292
161,129,290
146,115,261
152,98,250
150,97,247
147,122,269
149,114,263
152,131,283
181,96,277
184,117,301
181,103,284
145,96,241
150,173,323
168,156,324
163,156,319
152,152,304
112,138,250
140,141,281
135,140,275
125,139,264
142,138,280
137,138,275
136,140,276
141,130,271
130,129,259
144,130,274
126,151,277
121,151,272
130,141,271
146,124,270
154,109,263
145,104,249
134,95,229
155,101,256
150,170,320
170,155,325
172,264,436
166,322,488
131,325,456
136,319,455
287,160,447
317,128,445
325,109,434
174,104,278
159,139,298
176,120,296
182,105,287
173,141,314
143,142,285
154,149,303
147,155,302
111,149,260
143,158,301
145,167,312
144,175,319
131,167,298
130,159,289
129,161,290
122,154,276
137,152,289
129,184,313
129,187,316
130,200,330
118,218,336
134,226,360
150,216,366
153,196,349
195,140,335
212,104,316
224,102,326
176,126,302
157,125,282
149,132,281
178,91,269
178,122,300
188,124,312
136,109,245
147,96,243
140,116,256
146,108,254
153,102,255
152,114,266
138,116,254
151,108,259
152,104,256
160,128,288
164,134,298
148,141,289
135,149,284
113,154,267
141,148,289
146,150,296
136,152,288
128,157,285
127,163,290
149,162,311
156,163,319
174,155,329
160,138,298
137,120,257
154,106,260
143,105,248
146,107,253
135,177,312
178,155,333
183,143,326
177,131,308
134,115,249
156,111,267
156,109,265
160,111,271
157,113,270
158,103,261
156,104,260
165,99,264
166,89,255
153,113,266
140,141,281
138,173,311
164,224,388
282,124,406
267,126,393
276,144,420
155,127,282
143,124,267
149,106,255
145,94,239
148,131,279
143,140,283
151,137,288
138,152,290
127,149,276
128,139,267
125,136,261
132,141,273
122,136,258
122,126,248
151,96,247
167,125,292
178,124,302
169,113,282
166,98,264
161,82,243
141,124,265
141,118,259
140,112,252
139,119,258
151,95,246
161,105,266
145,117,262
136,114,250
128,121,249
151,122,273
137,124,261
154,120,274
124,117,241
120,113,233
117,119,236
126,120,246
122,118,240
115,121,236
123,141,264
119,159,278
121,165,286
137,161,298
142,162,304
146,150,296
136,154,290
138,164,302
119,163,282
129,160,289
131,177,308
132,199,331
122,225,347
125,245,370
141,232,373
166,213,379
206,194,400
198,195,393
188,197,385
159,196,355
148,200,348
157,191,348
183,153,336
198,140,338
185,127,312
156,116,272
162,98,260
173,105,278
166,101,267
159,134,293
167,142,309
157,144,301
142,155,297
130,175,305
134,173,307
130,155,285
155,140,295
155,127,282
153,111,264
154,100,254
157,124,281
161,121,282
155,122,277
157,202,359
174,199,373
183,207,390
194,235,429
115,280,395
159,295,454
167,294,461
211,244,455
243,206,449
272,176,448
247,167,414
226,158,384
204,161,365
204,149,353
227,149,376
232,153,385
206,133,339
129,211,340
186,169,355
233,168,401
167,134,301
219,152,371
211,166,377
204,187,391
173,206,379
145,223,368
142,228,370
156,247,403
166,266,432
186,277,463
190,292,482
206,312,518
209,299,508
232,274,506
250,234,484
233,201,434
227,171,398
210,161,371
200,150,350
184,142,326
163,149,312
145,157,302
148,158,306
159,178,337
154,203,357
144,193,337
139,219,358
159,233,392
190,202,392
202,192,394
193,202,395
150,185,335
134,179,313
169,147,316
190,125,315
225,121,346
221,99,320
194,165,359
164,150,314
160,145,305
170,132,302
133,141,274
137,150,287
133,151,284
146,134,280
156,118,274
190,126,316
195,125,320
195,120,315
160,153,313
182,138,320
189,126,315
193,138,331
187,110,297
186,151,337
206,124,330
179,108,287
170,92,262
147,101,248
150,99,249
140,96,236
143,111,254
144,117,261
163,112,275
172,110,282
176,142,318
184,120,304
186,92,278
183,103,286
157,100,257
139,97,236
125,91,216
116,98,214
115,120,235
120,136,256
129,150,279
130,171,301
122,178,300
121,179,300
137,187,324
135,189,324
122,191,313
146,172,318
146,169,315
145,176,321
117,192,309
139,188,327
155,183,338
184,174,358
184,183,367
199,161,360
192,127,319
185,113,298
175,102,277
160,122,282
159,108,267
148,105,253
160,147,307
174,129,303
188,126,314
155,130,285
120,137,257
127,142,269
129,143,272
124,164,288
119,195,314
128,194,322
126,185,311
139,174,313
157,142,299
167,134,301
142,126,268
153,120,273
176,106,282
175,93,268
161,123,284
147,133,280
167,115,282
181,155,336
179,145,324
177,153,330
145,165,310
117,152,269
148,134,282
159,119,278
173,123,296
176,128,304
168,130,298
156,118,274
154,108,262
157,99,256
153,106,259
134,115,249
134,129,263
124,127,251
129,125,254
130,118,248
122,111,233
124,117,241
127,113,240
123,111,234
134,114,248
130,125,255
132,130,262
127,121,248
136,113,249
140,112,252
137,112,249
132,111,243
119,137,256
155,147,302
165,167,332
163,164,327
173,130,303
207,124,331
212,168,380
222,164,386
241,112,353
224,103,327
176,92,268
139,107,246
146,95,241
147,103,250
142,96,238
142,110,252
150,93,243
144,106,250
148,96,244
140,89,229
147,103,250
144,112,256
143,115,258
144,123,267
157,117,274
169,124,293
185,98,283
173,101,274
168,81,249
143,106,249
149,93,242
136,107,243
145,97,242
139,91,230
144,107,251
143,98,241
148,85,233
143,108,251
146,91,237
143,103,246
145,94,239
137,84,221
141,105,246
139,98,237
145,83,228
145,103,248
143,91,234
140,85,225
139,88,227
139,103,242
141,96,237
144,92,236
145,103,248
144,98,242
147,105,252
143,97,240
149,84,233
146,107,253
144,102,246
140,91,231
147,111,258
148,98,246
150,89,239
147,105,252
137,96,233
138,88,226
142,106,248
138,97,235
140,92,232
139,111,250
135,124,259
141,142,283
179,120,299
192,113,305
194,106,300
152,98,250
147,114,261
156,109,265
151,102,253
165,119,284
160,114,274
161,112,273
154,95,249
154,140,294
181,125,306
178,121,299
182,117,299
144,115,259
157,119,276
157,115,272
148,114,262
154,114,268
135,136,271
120,140,260
114,146,260
135,128,263
139,123,262
132,127,259
117,121,238
116,127,243
152,135,287
176,115,291
178,113,291
157,96,253
153,117,270
155,118,273
153,143,296
142,159,301
201,104,305
201,113,314
203,245,448
139,246,385
154,247,401
159,254,413
203,201,404
114,190,304
157,189,346
161,225,386
149,226,375
137,218,355
159,207,366
190,182,372
211,170,381
192,178,370
163,180,343
154,180,334
146,191,337
152,196,348
149,194,343
146,182,328
159,141,300
176,165,341
170,178,348
122,179,301
90,172,262
126,173,299
138,152,290
153,152,305
151,154,305
132,151,283
120,153,273
115,161,276
116,172,288
122,179,301
134,177,311
141,172,313
145,171,316
132,167,299
126,173,299
119,174,293
122,190,312
128,206,334
137,209,346
149,196,345
157,179,336
155,165,320
162,136,298
153,122,275
165,115,280
139,111,250
113,85,198
149,118,267
142,127,269
139,115,254
143,104,247
141,109,250
131,104,235
139,98,237
134,93,227
128,87,215
143,101,244
140,104,244
134,102,236
139,101,240
124,137,261
165,116,281
174,108,282
185,116,301
162,125,287
160,166,326
205,140,345
199,155,354
197,154,351
160,171,331
168,160,328
184,140,324
222,160,382
244,137,381
244,118,362
223,136,359
193,123,316
175,112,287
162,139,301
167,115,282
178,94,272
189,142,331
182,117,299
170,104,274
169,89,258
131,103,234
103,97,200
137,88,225
131,194,325
209,171,380
271,118,389
292,158,450
238,144,382
183,136,319
193,137,330
153,136,289
162,129,291
160,140,300
165,139,304
166,128,294
185,145,330
212,137,349
231,157,388
251,115,366
214,124,338
216,157,373
199,148,347
208,140,348
174,150,324
128,153,281
127,153,280
126,155,281
133,152,285
134,158,292
111,154,265
122,156,278
121,155,276
122,162,284
113,154,267
137,136,273
171,99,270
159,94,253
162,86,248
137,97,234
134,103,237
126,125,251
148,99,247
181,108,289
186,135,321
190,115,305
164,98,262
161,108,269
156,105,261
145,97,242
154,136,290
158,130,288
165,123,288
169,108,277
156,101,257
171,109,280
154,113,267
152,111,263
158,104,262
146,100,246
148,94,242
140,94,234
143,113,256
151,117,268
154,114,268
146,110,256
153,101,254
157,151,308
177,139,316
177,153,330
167,165,332
114,163,277
126,154,280
130,157,287
130,163,293
116,160,276
120,155,275
114,154,268
122,170,292
131,180,311
132,182,314
125,190,315
129,187,316
152,185,337
161,176,337
152,168,320
141,166,307
145,155,300
170,134,304
199,145,344
213,135,348
209,128,337
168,130,298
163,120,283
157,113,270
151,109,260
140,113,253
119,140,259
118,159,277
140,159,299
146,158,304
147,194,341
128,208,336
113,228,341
147,218,365
173,193,366
156,192,348
183,160,343
178,150,328
180,140,320
160,132,292
162,119,281
154,122,276
157,123,280
143,120,263
137,123,260
138,126,264
146,112,258
137,120,257
137,118,255
126,129,255
115,190,305
106,199,305
117,210,327
128,213,341
162,176,338
182,178,360
196,174,370
189,174,363
179,182,361
180,186,366
176,179,355
187,188,375
199,169,368
192,141,333
189,147,336
170,150,320
142,173,315
133,180,313
127,179,306
127,180,307
141,167,308
135,160,295
156,144,300
148,142,290
142,158,300
113,164,277
124,186,310
131,199,330
141,200,341
130,193,323
162,183,345
136,173,309
160,160,320
148,149,297
145,132,277
166,100,266
186,109,295
180,104,284
156,105,261
137,143,280
181,125,306
201,109,310
196,98,294
155,109,264
158,114,272
161,107,268
152,110,262
149,102,251
149,96,245
148,99,247
162,100,262
164,96,260
164,105,269
154,101,255
143,88,231
137,105,242
138,115,253
133,127,260
123,133,256
116,129,245
129,128,257
137,127,264
140,128,268
126,124,250
119,127,246
127,132,259
131,127,258
133,121,254
137,110,247
134,104,238
130,98,228
123,97,220
120,106,226
120,107,227
129,101,230
140,87,227
142,147,289
128,166,294
145,163,308
136,157,293
129,150,279
122,142,264
127,133,260
125,113,238
148,95,243
146,90,236
128,79,207
134,132,266
120,144,264
132,160,292
135,162,297
110,167,277
133,158,291
146,140,286
154,122,276
148,101,249
146,138,284
159,126,285
153,121,274
142,129,271
122,148,270
125,153,278
129,160,289
143,155,298
136,153,289
147,148,295
139,158,297
140,172,312
122,188,310
135,181,316
132,172,304
132,176,308
158,163,321
175,147,322
184,128,312
179,112,291
173,114,287
165,125,290
146,131,277
141,142,283
147,140,287
148,141,289
131,129,260
145,113,258
167,84,251
164,99,263
156,120,276
158,101,259
153,115,268
135,123,258
134,121,255
131,126,257
132,136,268
126,157,283
132,173,305
125,188,313
118,193,311
131,193,324
135,193,328
142,196,338
148,197,345
143,199,342
147,210,357
148,194,342
159,191,350
165,192,357
152,192,344
141,194,335
141,189,330
166,175,341
197,150,347
194,223,417
177,232,409
150,241,391
140,244,384
187,205,392
214,188,402
246,174,420
202,199,401
194,210,404
190,204,394
189,215,404
179,226,405
202,213,415
208,197,405
213,169,382
222,149,371
219,157,376
208,138,346
179,155,334
155,154,309
134,153,287
115,165,280
123,168,291
130,167,297
129,195,324
133,213,346
123,240,363
132,253,385
176,213,389
186,226,412
213,202,415
168,206,374
171,212,383
157,207,364
160,221,381
150,230,380
163,227,390
175,221,396
176,221,397
179,192,371
192,152,344
225,119,344
208,116,324
201,106,307
173,128,301
172,126,298
178,103,281
174,164,338
179,143,322
189,118,307
185,109,294
178,119,297
174,122,296
191,174,365
208,164,372
216,153,369
210,149,359
162,146,308
166,146,312
173,171,344
184,167,351
204,172,376
205,172,377
210,167,377
196,172,368
185,173,358
185,170,355
183,168,351
209,142,351
226,139,365
241,151,392
235,119,354
217,139,356
208,157,365
214,221,435
270,175,445
269,205,474
225,217,442
161,245,406
180,247,427
182,272,454
193,252,445
198,261,459
184,253,437
216,211,427
201,380,581
214,384,598
197,397,594
214,395,609
365,241,606
370,217,587
311,210,521
218,202,420
205,181,386
199,166,365
187,158,345
179,153,332
167,152,319
163,140,303
188,142,330
201,138,339
197,161,358
178,157,335
173,140,313
170,130,300
173,187,360
209,139,348
214,152,366
216,175,391
170,190,360
206,170,376
221,153,374
208,157,365
190,175,365
178,174,352
204,140,344
225,130,355
226,110,336
197,97,294
173,92,265
141,153,294
159,132,291
191,129,320
191,137,328
180,150,330
162,176,338
191,167,358
199,174,373
196,173,369
179,180,359
175,179,354
162,162,324
170,157,327
183,126,309
178,125,303
169,136,305
136,155,291
110,174,284
130,166,296
143,160,303
150,157,307
141,168,309
137,163,300
132,171,303
126,172,298
130,179,309
116,197,313
119,209,328
144,191,335
136,187,323
181,148,329
184,123,307
183,118,301
148,116,264
125,111,236
121,106,227
123,113,236
127,108,235
117,122,239
121,129,250
132,130,262
162,137,299
165,137,302
165,138,303
130,149,279
121,141,262
120,147,267
137,144,281
124,178,302
128,183,311
129,183,312
139,192,331
150,199,349
140,216,356
141,226,367
154,234,388
168,233,401
187,215,402
211,148,359
237,119,356
255,99,354
193,104,297
149,155,304
160,136,296
167,137,304
186,135,321
176,140,316
202,117,319
186,127,313
192,103,295
162,194,356
183,180,363
166,480,646
495,168,663
441,186,627
494,178,672
166,167,333
169,160,329
159,161,320
156,153,309
172,128,300
190,114,304
199,160,359
198,159,357
193,164,357
184,170,354
152,172,324
169,181,350
166,188,354
190,150,340
208,119,327
223,133,356
206,122,328
177,108,285
163,129,292
161,108,269
173,99,272
173,125,298
156,124,280
155,130,285
147,132,279
134,138,272
141,138,279
143,135,278
147,140,287
150,141,291
150,141,291
148,137,285
143,139,282
144,134,278
152,132,284
151,135,286
156,133,289
147,136,283
145,141,286
137,145,282
142,144,286
143,140,283
146,140,286
148,138,286
143,144,287
139,149,288
134,154,288
137,155,292
141,172,313
141,168,309
146,156,302
149,137,286
159,116,275
150,105,255
157,218,375
168,194,362
173,230,403
177,233,410
87,261,348
139,271,410
186,258,444
210,263,473
245,218,463
236,186,422
290,129,419
246,122,368
214,127,341
156,129,285
158,119,277
169,116,285
168,140,308
156,153,309
144,153,297
146,173,319
140,175,315
151,180,331
149,195,344
149,196,345
137,191,328
127,190,317
215,115,330
238,103,341
247,98,345
173,153,326
176,144,320
161,152,313
150,168,318
114,181,295
139,188,327
166,179,345
195,167,362
176,201,377
183,171,354
166,172,338
140,175,315
118,173,291
115,181,296
134,166,300
148,157,305
154,160,314
144,158,302
118,157,275
137,150,287
133,165,298
124,198,322
128,219,347
140,228,368
151,225,376
156,225,381
184,214,398
181,214,395
175,219,394
163,242,405
160,251,411
170,229,399
172,201,373
204,151,355
213,119,332
220,139,359
193,131,324
178,113,291
166,93,259
153,141,294
169,137,306
174,119,293
165,108,273
144,99,243
154,139,293
157,132,289
166,117,283
171,102,273
164,136,300
140,132,272
173,104,277
153,103,256
140,121,261
112,128,240
150,136,286
131,154,285
130,182,312
139,191,330
151,184,335
148,175,323
151,167,318
133,180,313
140,183,323
130,183,313
135,191,326
144,173,317
154,153,307
180,124,304
182,111,293
179,98,277
158,117,275
155,120,275
159,111,270
158,146,304
173,138,311
192,133,325
226,131,357
214,146,360
177,151,328
158,142,300
153,134,287
150,134,284
145,129,274
135,129,264
139,135,274
130,149,279
138,162,300
141,168,309
142,173,315
134,168,302
144,151,295
178,136,314
172,146,318
153,153,306
131,156,287
139,151,290
168,121,289
174,128,302
166,130,296
133,133,266
129,160,289
123,168,291
176,111,287
187,137,324
217,123,340
179,111,290
176,92,268
156,136,292
156,121,277
192,134,326
213,107,320
197,97,294
169,126,295
128,143,271
120,149,269
141,134,275
148,129,277
154,112,266
169,134,303
172,134,306
174,128,302
170,132,302
166,148,314
174,152,326
180,143,323
169,151,320
134,160,294
126,162,288
126,165,291
126,178,304
126,175,301
131,170,301
146,169,315
153,173,326
133,165,298
153,149,302
147,140,287
125,130,255
135,125,260
108,120,228
133,103,236
135,94,229
130,97,227
134,90,224
136,117,253
137,126,263
136,130,266
133,133,266
126,132,258
127,134,261
129,139,268
125,140,265
129,146,275
126,145,271
128,144,272
135,146,281
134,138,272
137,135,272
141,138,279
135,138,273
130,139,269
130,143,273
131,139,270
122,139,261
129,172,301
136,181,317
148,177,325
149,169,318
138,172,310
143,181,324
134,180,314
134,177,311
131,170,301
151,142,293
158,136,294
165,122,287
142,116,258
136,108,244
147,85,232
151,138,289
164,136,300
154,136,290
145,150,295
123,151,274
125,151,276
120,146,266
127,155,282
129,167,296
137,162,299
136,151,287
136,144,280
130,150,280
123,150,273
137,153,290
142,145,287
148,125,273
179,111,290
169,99,268
157,106,263
131,87,218
149,145,294
157,139,296
162,113,275
172,108,280
156,109,265
127,107,234
132,109,241
132,114,246
157,152,309
179,137,316
185,114,299
173,117,290
162,110,272
168,103,271
183,142,325
173,146,319
173,139,312
162,143,305
138,169,307
123,166,289
126,165,291
134,154,288
128,150,278
121,153,274
124,158,282
121,161,282
126,157,283
131,151,282
115,140,255
138,131,269
132,130,262
131,133,264
123,132,255
116,134,250
129,122,251
127,119,246
133,113,246
127,114,241
128,121,249
148,102,250
167,135,302
170,135,305
157,123,280
150,124,274
163,156,319
183,146,329
198,124,322
167,113,280
140,110,250
125,98,223
128,93,221
132,84,216
124,100,224
127,273,400
131,284,415
142,293,435
161,284,445
220,204,424
109,212,321
157,188,345
203,153,356
208,138,346
185,127,312
157,116,273
162,130,292
174,110,284
166,118,284
167,125,292
152,154,306
157,154,311
143,156,299
132,161,293
119,147,266
171,153,324
176,145,321
207,172,379
223,162,385
239,143,382
223,129,352
176,132,308
156,136,292
124,143,267
127,147,274
136,157,293
136,154,290
129,145,274
129,144,273
131,145,276
119,151,270
125,182,307
114,193,307
118,189,307
111,191,302
149,171,320
158,159,317
177,155,332
144,157,301
127,156,283
124,154,278
117,162,279
135,168,303
127,176,303
125,182,307
129,169,298
140,156,296
126,155,281
138,145,283
133,144,277
117,139,256
124,141,265
126,142,268
125,146,271
133,142,275
143,112,255
165,98,263
175,125,300
164,125,289
161,160,321
189,131,320
178,128,306
196,126,322
183,113,296
199,121,320
174,124,298
169,107,276
159,103,262
161,88,249
153,123,276
155,133,288
145,142,287
155,136,291
152,130,282
154,127,281
151,113,264
157,101,258
146,91,237
150,110,260
145,107,252
142,101,243
132,112,244
131,108,239
148,103,251
152,113,265
157,110,267
155,100,255
155,102,257
146,90,236
149,112,261
142,104,246
135,138,273
165,134,299
161,138,299
157,132,289
129,126,255
144,117,261
158,96,254
184,97,281
143,109,252
144,109,253
130,101,231
144,87,231
145,100,245
135,98,233
133,102,235
138,116,254
155,116,271
169,115,284
165,111,276
154,99,253
146,94,240
148,134,282
153,135,288
162,119,281
171,140,311
181,143,324
170,213,383
302,146,448
270,133,403
310,114,424
180,93,273
160,97,257
154,88,242
155,132,287
155,134,289
156,129,285
159,125,284
155,138,293
152,133,285
162,120,282
156,102,258
161,117,278
160,123,283
161,132,293
145,124,269
143,124,267
166,118,284
192,114,306
203,97,300
175,122,297
159,122,281
144,111,255
148,100,248
151,101,252
127,149,276
177,150,327
165,188,353
153,213,366
152,196,348
177,183,360
182,187,369
175,189,364
166,181,347
159,183,342
165,199,364
185,176,361
201,177,378
222,154,376
203,161,364
186,153,339
168,165,333
157,190,347
161,174,335
140,171,311
134,165,299
151,127,278
187,87,274
196,126,322
179,123,302
167,107,274
152,108,260
139,131,270
125,147,272
133,140,273
134,146,280
108,153,261
119,145,264
138,128,266
152,126,278
156,143,299
135,154,289
138,165,303
128,173,301
137,156,293
143,160,303
132,154,286
135,147,282
118,155,273
121,158,279
103,176,279
143,143,286
171,117,288
177,95,272
166,90,256
155,97,252
140,117,257
144,111,255
156,102,258
155,92,247
127,121,248
151,120,271
163,101,264
167,86,253
151,133,284
143,135,278
140,131,271
137,135,272
126,144,270
114,147,261
151,129,280
150,135,285
145,140,285
128,173,301
138,184,322
129,202,331
134,199,333
138,193,331
135,195,330
170,161,331
173,159,332
173,155,328
159,138,297
156,120,276
163,106,269
164,99,263
171,111,282
163,97,260
158,93,251
152,105,257
140,120,260
147,110,257
146,100,246
138,95,233
147,110,257
152,114,266
147,109,256
148,111,259
162,101,263
155,114,269
163,101,264
147,116,263
144,121,265
115,109,224
133,118,251
107,126,233
115,132,247
124,123,247
131,121,252
130,121,251
116,118,234
125,133,258
124,147,271
120,143,263
135,133,268
138,124,262
141,124,265
127,119,246
123,111,234
123,104,227
115,102,217
116,99,215
121,93,214
123,91,214
116,106,222
123,112,235
128,110,238
131,131,262
163,110,273
154,109,263
158,110,268
136,116,252
137,116,253
136,123,259
128,124,252
115,121,236
129,131,260
129,137,266
129,134,263
137,133,270
140,128,268
127,138,265
131,135,266
128,129,257
133,125,258
123,120,243
146,148,294
167,133,300
178,114,292
173,98,271
144,90,234
137,126,263
154,125,279
149,132,281
151,142,293
163,120,283
151,121,272
143,133,276
121,142,263
124,153,277
125,158,283
134,152,286
153,141,294
142,156,298
132,168,300
122,198,320
115,220,335
117,230,347
135,223,358
179,197,376
184,215,399
203,227,430
159,265,424
164,274,438
174,260,434
205,244,449
221,230,451
203,235,438
189,238,427
190,244,434
182,257,439
178,247,425
193,241,434
201,245,446
199,229,428
207,212,419
217,206,423
201,222,423
166,233,399
166,208,374
180,188,368
181,211,392
200,210,410
216,177,393
239,155,394
215,126,341
201,108,309
197,135,332
193,133,326
178,143,321
165,159,324
145,183,328
169,173,342
189,183,372
213,174,387
210,155,365
199,135,334
206,164,370
228,137,365
223,145,368
225,139,364
215,147,362
238,128,366
236,143,379
209,145,354
182,153,335
147,156,303
129,169,298
147,183,330
156,187,343
189,168,357
215,159,374
230,162,392
214,158,372
214,167,381
201,173,374
203,160,363
206,152,358
223,145,368
214,139,353
217,156,373
216,159,375
234,155,389
234,145,379
211,141,352
163,134,297
160,127,287
183,159,342
219,139,358
207,148,355
170,169,339
131,184,315
142,203,345
184,184,368
197,189,386
200,211,411
159,232,391
145,242,387
145,248,393
181,245,426
192,261,453
193,251,444
211,202,413
212,210,422
234,212,446
191,199,390
200,197,397
204,164,368
187,131,318
198,121,319
189,121,310
207,114,321
198,128,326
179,158,337
151,155,306
141,170,311
175,181,356
187,177,364
181,183,364
175,185,360
190,182,372
194,200,394
183,215,398
169,232,401
164,233,397
148,252,400
166,233,399
214,220,434
237,215,452
216,228,444
184,230,414
187,231,418
188,262,450
186,271,457
189,273,462
207,259,466
216,229,445
238,224,462
222,367,589
220,375,595
199,375,574
221,360,581
323,258,581
327,241,568
273,236,509
196,246,442
191,231,422
188,238,426
194,285,479
183,283,466
178,291,469
235,215,450
249,183,432
255,166,421
217,144,361
221,160,381
242,156,398
221,146,367
198,149,347
175,134,309
162,128,290
175,189,364
207,166,373
221,174,395
221,160,381
148,179,327
150,189,339
165,180,345
192,150,342
216,142,358
229,147,376
225,138,363
202,138,340
155,147,302
156,145,301
198,121,319
204,114,318
200,184,384
206,142,348
214,108,322
216,143,359
166,148,314
182,152,334
188,186,374
175,174,349
214,136,350
217,143,360
214,137,351
192,128,320
197,178,375
223,156,379
208,173,381
186,174,360
213,161,374
252,121,373
267,168,435
232,147,379
197,178,375
231,150,381
245,112,357
232,171,403
201,167,368
233,162,395
261,113,374
215,105,320
195,94,289
152,132,284
161,116,277
155,110,265
161,140,301
160,144,304
165,156,321
156,158,314
149,158,307
150,166,316
154,185,339
148,189,337
152,197,349
155,194,349
162,205,367
172,199,371
169,186,355
178,159,337
194,134,328
189,116,305
193,143,336
208,141,349
241,116,357
244,124,368
219,133,352
198,130,328
182,163,345
176,157,333
179,152,331
197,144,341
203,159,362
222,210,432
277,175,452
288,155,443
272,179,451
259,157,416
246,162,408
220,173,393
236,144,380
232,124,356
267,140,407
228,172,400
235,181,416
255,177,432
277,165,442
262,159,421
282,148,430
223,146,369
228,153,381
237,121,358
257,137,394
226,151,377
173,162,335
166,158,324
163,160,323
196,133,329
214,142,356
218,144,362
207,141,348
180,143,323
175,129,304
194,133,327
201,137,338
194,148,342
165,150,315
152,155,307
162,175,337
170,195,365
199,187,386
242,136,378
250,135,385
218,120,338
198,124,322
175,127,302
169,152,321
173,144,317
197,179,376
234,143,377
222,122,344
229,145,374
183,140,323
188,127,315
155,153,308
171,271,442
308,170,478
305,187,492
311,137,448
212,104,316
258,182,440
214,192,406
191,183,374
207,164,371
180,206,386
186,231,417
218,190,408
201,187,388
208,145,353
190,140,330
168,127,295
164,93,257
176,157,333
180,161,341
138,168,306
141,158,299
111,129,240
147,124,271
148,137,285
152,144,296
164,149,313
165,144,309
167,127,294
211,183,394
225,159,384
223,129,352
186,115,301
145,105,250
150,151,301
170,149,319
171,146,317
169,149,318
168,157,325
171,171,342
185,160,345
186,157,343
171,145,316
166,159,325
150,174,324
160,163,323
200,183,383
242,168,410
232,206,438
227,184,411
168,207,375
185,210,395
170,192,362
188,167,355
175,169,344
184,162,346
179,160,339
205,133,338
236,150,386
237,172,409
231,172,403
208,167,375
184,167,351
179,166,345
155,172,327
163,172,335
173,163,336
171,157,328
162,151,313
183,151,334
211,156,367
207,147,354
235,125,360
212,164,376
213,149,362
224,145,369
245,138,383
229,156,385
227,147,374
217,165,382
226,135,361
222,125,347
229,115,344
175,202,377
215,167,382
202,154,356
202,147,349
138,130,268
148,122,270
167,97,264
169,161,330
168,155,323
153,149,302
140,141,281
102,131,233
143,117,260
158,107,265
157,142,299
177,129,306
182,149,331
198,122,320
186,126,312
184,133,317
174,130,304
187,137,324
205,144,349
183,147,330
145,158,303
130,160,290
120,164,284
138,168,306
123,179,302
102,183,285
119,194,313
142,184,326
152,176,328
152,178,330
150,171,321
152,175,327
136,187,323
142,189,331
134,186,320
127,180,307
167,133,300
193,95,288
219,131,350
184,131,315
165,118,283
160,109,269
157,101,258
162,113,275
164,111,275
168,119,287
166,129,295
153,131,284
138,140,278
125,175,300
140,173,313
144,188,332
164,182,346
157,183,340
154,200,354
135,219,354
133,212,345
142,198,340
195,147,342
205,127,332
208,147,355
173,139,312
179,141,320
199,128,327
192,121,313
176,118,294
160,97,257
161,135,296
167,132,299
168,120,288
175,130,305
161,136,297
161,156,317
152,156,308
157,135,292
171,99,270
170,95,265
156,97,253
125,97,222
115,120,235
126,130,256
135,159,294
144,192,336
138,194,332
150,188,338
151,186,337
171,173,344
153,168,321
151,155,306
151,123,274
177,112,289
192,97,289
160,134,294
147,167,314
152,174,326
180,145,325
167,148,315
165,176,341
148,173,321
139,176,315
141,181,322
146,167,313
131,181,312
137,187,324
127,193,320
145,190,335
155,191,346
151,185,336
143,173,316
152,164,316
189,126,315
196,113,309
202,149,351
187,215,402
231,170,401
234,178,412
223,184,407
142,185,327
163,189,352
164,200,364
182,187,369
189,209,398
212,180,392
212,189,401
207,203,410
181,214,395
185,204,389
207,185,392
229,164,393
217,142,359
193,143,336
180,133,313
162,138,300
190,99,289
194,155,349
184,157,341
145,160,305
155,136,291
125,111,236
158,108,266
157,100,257
140,116,256
154,109,263
145,110,255
153,93,246
154,153,307
190,150,340
208,123,331
211,105,316
170,100,270
143,94,237
141,122,263
139,121,260
138,126,264
140,145,285
148,167,315
155,155,310
148,152,300
167,125,292
193,99,292
166,113,279
148,127,275
129,141,270
119,156,275
159,116,275
180,104,284
189,93,282
161,137,298
146,142,288
154,131,285
151,117,268
152,124,276
176,115,291
172,107,279
167,108,275
150,118,268
175,115,290
173,121,294
144,144,288
143,147,290
131,135,266
127,136,263
137,131,268
128,133,261
125,126,251
134,125,259
150,109,259
137,105,242
131,98,229
122,106,228
123,101,224
129,88,217
130,88,218
110,148,258
158,126,284
174,115,289
195,89,284
161,111,272
144,127,271
159,119,278
178,98,276
175,128,303
172,141,313
163,139,302
177,112,289
182,137,319
182,134,316
177,146,323
161,296,457
137,304,441
113,305,418
180,283,463
266,211,477
237,169,406
286,129,415
246,106,352
226,146,372
195,159,354
202,167,369
207,150,357
200,167,367
191,182,373
203,146,349
211,121,332
223,134,357
213,155,368
217,123,340
207,114,321
175,118,293
166,136,302
189,110,299
191,99,290
178,141,319
177,130,307
206,189,395
228,163,391
215,159,374
183,147,330
145,127,272
166,104,270
160,98,258
146,101,247
138,100,238
155,181,336
164,181,345
152,189,341
195,135,330
159,145,304
228,145,373
211,128,339
205,162,367
193,173,366
192,186,378
211,140,351
195,138,333
223,161,384
213,167,380
235,147,382
234,133,367
211,125,336
181,104,285
197,93,290
174,131,305
152,148,300
152,163,315
147,179,326
142,194,336
146,202,348
145,199,344
141,199,340
162,182,344
158,191,349
148,199,347
148,202,350
155,212,367
155,222,377
137,222,359
167,191,358
200,168,368
199,168,367
164,171,335
146,175,321
140,173,313
133,184,317
129,192,321
142,178,320
148,182,330
148,192,340
143,177,320
144,180,324
144,190,334
146,177,323
148,179,327
148,181,329
129,189,318
147,175,322
152,171,323
153,179,332
135,189,324
136,179,315
140,181,321
140,192,332
145,175,320
146,177,323
148,178,326
137,199,336
135,217,352
136,218,354
133,207,340
166,177,343
181,177,358
195,167,362
172,161,333
167,156,323
147,144,291
143,146,289
128,169,297
108,179,287
128,176,304
145,159,304
153,157,310
135,149,284
144,129,273
143,120,263
144,117,261
140,107,247
120,93,213
142,149,291
155,139,294
151,136,287
149,131,280
136,130,266
136,135,271
143,129,272
136,126,262
139,134,273
126,137,263
126,147,273
141,139,280
143,128,271
138,126,264
146,108,254
145,93,238
149,136,285
176,126,302
192,141,333
162,152,314
141,151,292
133,155,288
131,146,277
124,143,267
119,138,257
106,135,241
107,135,242
121,130,251
102,126,228
124,122,246
109,130,239
118,127,245
106,133,239
116,130,246
87,131,218
116,132,248
120,152,272
118,212,330
249,118,367
254,112,366
284,151,435
181,137,318
179,134,313
208,125,333
195,121,316
179,129,308
159,118,277
138,141,279
131,166,297
122,187,309
131,203,334
126,216,342
132,225,357
138,193,331
166,169,335
173,148,321
145,143,288
138,145,283
117,144,261
122,158,280
131,194,325
116,197,313
170,192,362
205,185,390
210,175,385
206,164,370
213,158,371
237,159,396
236,192,428
242,169,411
222,142,364
200,123,323
188,141,329
186,130,316
182,144,326
212,134,346
214,194,408
232,171,403
237,152,389
224,147,371
180,144,324
162,141,303
154,142,296
149,137,286
167,158,325
187,154,341
217,147,364
211,154,365
216,105,321
203,139,342
211,112,323
161,105,266
173,103,276
144,105,249
156,100,256
142,104,246
147,106,253
115,113,228
136,110,246
122,119,241
117,147,264
109,155,264
114,160,274
117,153,270
127,151,278
112,143,255
124,139,263
108,133,241
112,138,250
116,141,257
114,137,251
110,136,246
123,128,251
120,138,258
122,144,266
106,139,245
120,135,255
124,142,266
114,143,257
116,143,259
118,139,257
120,140,260
104,144,248
109,140,249
115,136,251
101,135,236
114,135,249
99,136,235
116,143,259
116,138,254
111,132,243
119,140,259
109,193,302
109,218,327
115,231,346
119,226,345
154,185,339
168,167,335
202,187,389
181,177,358
169,172,341
113,171,284
131,210,341
163,168,331
197,160,357
184,150,334
114,146,260
142,128,270
146,107,253
124,99,223
135,92,227
122,117,239
129,133,262
140,134,274
131,138,269
129,168,297
126,179,305
122,194,316
134,212,346
130,224,354
144,224,368
157,207,364
183,186,369
174,183,357
165,173,338
130,175,305
140,181,321
136,195,331
145,187,332
127,187,314
147,168,315
161,138,299
174,123,297
168,108,276
148,100,248
141,130,271
154,116,270
162,103,265
175,84,259
138,87,225
122,97,219
121,116,237
98,127,225
125,130,255
118,136,254
124,147,271
129,154,283
135,157,292
136,166,302
153,149,302
186,123,309
199,121,320
195,115,310
183,154,337
200,145,345
207,135,342
195,156,351
197,146,343
221,155,376
244,130,374
183,135,318
212,135,347
187,147,334
169,153,322
145,170,315
130,173,303
167,154,321
194,154,348
177,175,352
134,184,318
150,159,309
189,105,294
204,110,314
196,106,302
164,152,316
184,132,316
194,109,303
196,102,298
165,98,263
147,106,253
143,104,247
123,101,224
145,97,242
127,156,283
149,173,322
139,169,308
132,162,294
99,166,265
143,157,300
128,166,294
138,155,293
150,151,301
144,158,302
168,142,310
164,129,293
160,127,287
150,120,270
139,119,258
132,127,259
124,119,243
130,120,250
124,126,250
117,122,239
123,121,244
125,122,247
126,125,251
124,123,247
127,120,247
129,115,244
126,115,241
125,114,239
120,119,239
133,110,243
132,98,230
137,90,227
104,83,187
126,152,278
174,111,285
179,120,299
180,134,314
127,162,289
123,180,303
153,147,300
168,148,316
151,148,299
135,146,281
106,145,251
121,153,274
117,148,265
117,147,264
131,142,273
125,140,265
122,128,250
127,129,256
112,137,249
121,148,269
123,143,266
115,143,258
133,134,267
130,127,257
114,122,236
90,123,213
106,136,242
124,170,294
115,176,291
124,171,295
128,184,312
132,171,303
150,159,309
154,161,315
134,152,286
111,146,257
127,150,277
117,131,248
136,131,267
136,142,278
124,145,269
115,150,265
125,151,276
134,141,275
129,136,265
123,137,260
112,131,243
112,133,245
107,143,250
120,148,268
121,149,270
111,154,265
118,164,282
121,164,285
85,164,249
114,173,287
94,184,278
110,194,304
121,218,339
143,195,338
161,187,348
157,185,342
213,162,375
213,139,352
245,113,358
175,106,281
115,166,281
121,328,449
97,358,455
115,381,496
195,302,497
332,187,519
268,187,455
265,183,448
189,201,390
201,174,375
198,177,375
232,153,385
226,138,364
241,121,362
223,176,399
216,155,371
203,145,348
195,137,332
161,139,300
148,164,312
144,165,309
147,159,306
157,159,316
148,176,324
132,184,316
115,224,339
104,223,327
159,188,347
184,171,355
199,159,358
153,164,317
163,147,310
136,152,288
130,189,319
123,191,314
113,187,300
109,188,297
160,150,310
182,125,307
179,106,285
166,87,253
158,159,317
161,157,318
151,146,297
143,153,296
132,132,264
168,120,288
179,159,338
204,132,336
239,132,371
230,141,371
229,108,337
210,118,328
190,118,308
177,175,352
201,158,359
207,160,367
219,143,362
180,137,317
181,169,350
143,186,329
157,178,335
158,175,333
164,173,337
158,170,328
163,176,339
198,165,363
177,199,376
192,175,367
168,172,340
172,158,330
163,149,312
148,149,297
140,156,296
118,152,270
98,152,250
128,159,287
113,181,294
86,199,285
106,199,305
123,194,317
153,146,299
199,113,312
206,122,328
181,124,305
159,114,273
155,111,266
164,187,351
177,173,350
178,169,347
157,169,326
102,172,274
141,166,307
135,156,291
142,159,301
116,155,271
130,172,302
154,155,309
154,153,307
150,137,287
144,129,273
138,131,269
178,122,300
176,110,286
156,88,244
141,137,278
156,152,308
153,153,306
157,153,310
170,108,278
189,84,273
170,125,295
148,119,267
120,114,234
139,106,245
135,128,263
142,142,284
144,157,301
143,158,301
123,155,278
128,173,301
108,180,288
132,193,325
134,172,306
180,112,292
204,95,299
197,132,329
155,118,273
158,110,268
149,93,242
148,120,268
142,105,247
158,99,257
151,140,291
156,122,278
159,109,268
160,164,324
160,157,317
190,139,329
164,146,310
180,133,313
135,141,276
168,150,318
157,176,333
152,197,349
161,206,367
182,188,370
209,154,363
239,134,373
229,136,365
222,131,353
181,122,303
159,161,320
203,147,350
225,145,370
247,183,430
238,156,394
234,176,410
270,130,400
245,148,393
248,157,405
226,152,378
227,130,357
223,104,327
197,123,320
178,129,307
157,225,382
302,143,445
314,125,439
334,105,439
215,134,349
168,134,302
157,128,285
145,139,284
130,140,270
124,136,260
132,125,257
142,113,255
171,114,285
165,131,296
153,137,290
115,154,269
121,168,289
92,179,271
121,204,325
134,194,328
137,195,332
160,182,342
130,180,310
136,183,319
141,166,307
150,150,300
154,147,301
139,145,284
126,143,269
127,141,268
131,134,265
130,135,265
131,130,261
131,127,258
130,133,263
127,133,260
128,128,256
130,126,256
130,126,256
125,132,257
125,128,253
126,133,259
126,133,259
130,127,257
128,125,253
126,126,252
123,125,248
122,130,252
125,128,253
126,132,258
126,132,258
126,129,255
122,129,251
124,128,252
127,126,253
126,131,257
127,129,256
127,128,255
127,125,252
125,126,251
122,126,248
121,131,252
124,127,251
125,127,252
125,126,251
125,126,251
122,125,247
124,130,254
125,128,253
126,125,251
125,126,251
124,127,251
123,132,255
126,131,257
127,132,259
127,137,264
133,129,262
131,128,259
128,135,263
130,128,258
128,125,253
128,126,254
125,141,266
124,144,268
126,146,272
129,147,276
133,146,279
127,139,266
135,141,276
135,139,274
135,140,275
129,156,285
131,195,326
128,207,335
137,213,350
147,204,351
157,198,355
167,186,353
163,180,343
149,194,343
138,204,342
140,195,335
149,205,354
157,183,340
167,175,342
160,176,336
142,177,319
129,173,302
136,190,326
122,212,334
129,225,354
141,206,347
146,274,420
182,258,440
247,191,438
250,183,433
223,184,407
150,173,323
161,184,345
162,186,348
162,201,363
193,173,366
201,155,356
190,140,330
214,153,367
243,163,406
240,153,393
231,141,372
186,137,323
183,118,301
166,121,287
176,131,307
165,128,293
171,129,300
167,161,328
186,138,324
196,136,332
190,138,328
145,141,286
143,148,291
133,156,289
127,150,277
132,146,278
140,146,286
144,136,280
132,128,260
141,128,269
125,123,248
122,125,247
123,125,248
106,118,224
122,110,232
115,112,227
126,110,236
120,111,231
121,116,237
119,122,241
116,126,242
125,132,257
128,158,286
130,164,294
130,152,282
144,149,293
147,151,298
137,152,289
126,150,276
123,150,273
113,166,279
132,172,304
114,166,280
149,137,286
164,132,296
161,130,291
122,136,258
117,139,256
122,132,254
147,121,268
140,115,255
150,108,258
130,111,241
132,146,278
125,151,276
137,153,290
153,142,295
161,126,287
167,116,283
179,144,323
180,136,316
194,199,393
212,170,382
201,160,361
191,160,351
158,153,311
165,151,316
149,165,314
142,163,305
138,165,303
139,191,330
172,167,339
193,141,334
169,131,300
192,122,314
180,215,395
201,178,379
206,174,380
231,139,370
153,121,274
194,113,307
169,108,277
167,105,272
161,114,275
151,114,265
133,108,241
136,136,272
137,137,274
140,148,288
146,132,278
128,122,250
144,109,253
131,111,242
136,104,240
120,93,213
148,92,240
129,138,267
142,187,329
211,135,346
218,135,353
180,155,335
177,150,327
177,191,368
181,191,372
170,222,392
163,213,376
192,183,375
189,184,373
204,184,388
177,190,367
191,184,375
181,175,356
162,173,335
143,167,310
131,161,292
131,166,297
129,169,298
124,169,293
128,169,297
142,153,295
156,152,308
150,142,292
150,143,293
138,140,278
134,141,275
133,133,266
122,147,269
123,159,282
122,161,283
154,138,292
167,137,304
204,164,368
228,135,363
233,145,378
189,152,341
151,141,292
170,140,310
167,145,312
174,133,307
156,142,298
153,130,283
152,132,284
164,117,281
135,130,265
136,136,272
127,160,287
133,175,308
132,186,318
125,197,322
123,212,335
154,188,342
158,217,375
170,219,389
175,294,469
193,370,563
166,374,540
160,346,506
265,234,499
342,159,501
353,125,478
208,111,319
197,174,371
179,168,347
168,170,338
166,164,330
150,154,304
184,129,313
207,154,361
217,161,378
208,160,368
204,175,379
213,142,355
242,164,406
263,114,377
209,99,308
214,134,348
162,133,295
182,101,283
182,101,283
151,133,284
140,117,257
160,110,270
161,117,278
150,146,296
147,144,291
153,141,294
148,138,286
132,142,274
128,148,276
116,147,263
123,156,279
131,147,278
132,153,285
133,155,288
129,158,287
131,163,294
129,166,295
120,160,280
132,175,307
130,173,303
133,169,302
138,180,318
132,182,314
127,187,314
123,187,310
139,178,317
151,166,317
154,161,315
152,146,298
133,143,276
138,145,283
125,145,270
124,149,273
132,155,287
156,136,292
165,136,301
160,167,327
137,188,325
129,199,328
147,186,333
152,188,340
165,207,372
152,208,360
158,216,374
165,227,392
162,215,377
165,223,388
192,188,380
197,175,372
195,164,359
161,154,315
161,149,310
156,134,290
157,115,272
157,124,281
160,134,294
182,98,280
182,105,287
179,133,312
155,127,282
163,128,291
160,119,279
121,135,256
167,182,349
208,166,374
208,166,374
161,160,321
92,151,243
134,134,268
143,120,263
141,112,253
142,97,239
148,122,270
153,136,289
157,138,295
139,150,289
160,147,307
190,115,305
195,107,302
178,106,284
162,86,248
160,104,264
148,114,262
131,123,254
132,126,258
127,148,275
128,167,295
134,155,289
157,135,292
152,128,280
149,137,286
133,140,273
125,140,265
131,134,265
133,151,284
128,173,301
115,171,286
130,151,281
138,155,293
137,157,294
107,152,259
120,156,276
125,158,283
144,140,284
149,145,294
145,133,278
133,143,276
129,142,271
124,145,269
129,142,271
127,148,275
137,151,288
131,160,291
128,175,303
136,185,321
140,212,352
140,228,368
129,227,356
137,212,349
186,159,345
227,116,343
197,111,308
178,158,336
177,140,317
180,133,313
179,107,286
164,100,264
158,97,255
143,92,235
141,94,235
136,109,245
127,114,241
139,113,252
141,110,251
139,125,264
131,132,263
126,136,262
122,132,254
128,121,249
137,106,243
141,93,234
146,123,269
149,135,284
149,215,364
299,144,443
298,165,463
306,160,466
150,164,314
138,150,288
160,138,298
194,97,291
189,107,296
176,102,278
149,137,286
153,129,282
159,121,280
166,106,272
164,124,288
162,123,285
180,120,300
186,102,288
175,97,272
148,110,258
119,119,238
121,118,239
129,107,236
124,133,257
106,148,254
128,143,271
134,145,279
143,132,275
154,130,284
167,133,300
161,120,281
143,135,278
142,148,290
122,158,280
125,163,288
131,156,287
130,163,293
136,161,297
139,176,315
131,175,306
135,178,313
132,165,297
132,168,300
144,177,321
133,174,307
120,174,294
142,154,296
160,135,295
175,155,330
216,116,332
204,139,343
211,146,357
158,163,321
162,170,332
156,161,317
183,132,315
182,122,304
164,126,290
137,129,266
129,135,264
124,138,262
125,143,268
125,149,274
130,145,275
132,149,281
137,146,283
127,147,274
124,145,269
116,156,272
141,149,290
137,154,291
153,164,317
145,183,328
132,187,319
131,214,345
132,212,344
134,193,327
166,171,337
183,142,325
195,129,324
185,116,301
147,104,251
155,123,278
163,120,283
149,160,309
194,161,355
203,154,357
221,137,358
185,116,301
186,140,326
189,129,318
194,154,348
203,148,351
195,165,360
203,141,344
173,134,307
188,110,298
161,117,278
150,123,273
141,117,258
137,115,252
132,113,245
129,112,241
127,113,240
122,119,241
127,113,240
124,123,247
128,123,251
125,129,254
133,130,263
133,135,268
144,122,266
141,120,261
129,123,252
121,123,244
127,123,250
164,172,336
196,154,350
208,132,340
185,110,295
162,135,297
179,150,329
184,140,324
169,131,300
168,128,296
153,129,282
141,143,284
128,157,285
126,152,278
135,146,281
141,145,286
142,162,304
124,158,282
184,138,322
215,158,373
247,132,379
205,148,353
183,142,325
166,142,308
174,133,307
161,122,283
168,108,276
167,125,292
171,121,292
187,153,340
185,146,331
194,144,338
191,144,335
165,136,301
166,140,306
171,128,299
165,126,291
182,116,298
178,143,321
187,149,336
219,173,392
224,169,393
227,170,397
174,175,349
142,186,328
143,185,328
147,183,330
157,189,346
161,181,342
180,155,335
221,158,379
248,145,393
253,146,399
240,126,366
208,124,332
176,170,346
183,134,317
192,133,325
184,145,329
124,146,270
154,147,301
152,146,298
155,178,333
149,195,344
150,204,354
146,208,354
170,208,378
158,215,373
143,213,356
162,211,373
179,210,389
179,207,386
155,207,362
171,171,342
174,152,326
181,131,312
162,103,265
167,107,274
160,138,298
158,139,297
168,169,337
165,175,340
144,187,331
135,193,328
145,179,324
143,174,317
161,144,305
186,114,300
197,111,308
202,87,289
173,100,273
151,135,286
145,148,293
168,147,315
166,171,337
197,118,315
216,111,327
222,135,357
188,131,319
165,132,297
135,152,287
125,159,284
121,151,272
148,129,277
165,119,284
158,114,272
143,109,252
104,112,216
128,113,241
128,110,238
128,102,230
141,89,230
140,99,239
126,99,225
130,101,231
125,148,273
123,176,299
132,177,309
137,189,326
143,202,345
142,197,339
142,196,338
141,209,350
181,166,347
210,144,354
213,154,367
154,170,324
132,178,310
134,182,316
136,185,321
137,186,323
137,199,336
141,200,341
143,197,340
161,181,342
188,155,343
180,154,334
173,158,331
141,161,302
141,165,306
139,174,313
137,181,318
136,350,486
138,373,511
136,380,516
178,337,515
328,186,514
364,145,509
355,122,477
221,153,374
198,166,364
194,142,336
167,132,299
148,110,258
160,124,284
170,118,288
162,109,271
167,135,302
163,118,281
173,107,280
168,118,286
150,109,259
166,122,288
152,110,262
163,105,268
163,109,272
156,108,264
156,111,267
148,98,246
163,140,303
169,142,311
177,145,322
168,142,310
141,147,288
159,147,306
157,149,306
159,143,302
171,147,318
156,151,307
185,126,311
191,108,299
187,116,303
168,135,303
183,154,337
214,144,358
235,158,393
211,168,379
197,176,373
207,160,367
229,544,773
213,612,825
312,505,817
632,183,815
656,171,827
285,170,455
193,195,388
177,206,383
190,189,379
193,189,382
216,175,391
218,140,358
229,156,385
230,154,384
187,162,349
187,163,350
194,141,335
214,167,381
238,187,425
212,188,400
234,141,375
212,123,335
232,131,363
189,195,384
204,208,412
213,173,386
248,141,389
218,137,355
193,155,348
154,163,317
140,173,313
179,122,301
195,109,304
189,101,290
155,86,241
145,151,296
134,192,326
172,155,327
174,144,318
172,103,275
191,81,272
149,209,358
192,182,374
227,140,367
260,149,409
241,162,403
233,158,391
234,179,413
234,140,374
233,123,356
217,120,337
184,121,305
178,132,310
163,145,308
185,136,321
184,175,359
186,177,363
180,148,328
193,132,325
200,106,306
191,111,302
181,108,289
170,96,266
147,125,272
147,146,293
152,172,324
211,228,439
240,195,435
295,142,437
264,164,428
163,175,338
159,144,303
177,141,318
175,144,319
135,148,283
128,156,284
136,197,333
144,188,332
143,186,329
174,145,319
164,142,306
137,139,276
137,137,274
140,198,338
162,192,354
166,242,408
202,257,459
176,245,421
168,241,409
236,175,411
245,167,412
255,128,383
212,173,385
223,176,399
248,131,379
242,123,365
208,138,346
162,160,322
168,178,346
165,178,343
163,175,338
165,165,330
165,182,347
154,191,345
144,184,328
147,194,341
153,208,361
164,188,352
214,148,362
241,112,353
221,97,318
192,122,314
172,133,305
169,128,297
193,121,314
186,125,311
182,115,297
158,115,273
163,134,297
179,142,321
221,112,333
218,182,400
192,177,369
212,123,335
199,149,348
235,176,411
218,139,357
247,112,359
226,141,367
207,162,369
208,172,380
213,165,378
223,159,382
243,138,381
254,164,418
240,167,407
219,155,374
202,165,367
178,173,351
194,178,372
196,183,379
197,188,385
206,190,396
185,207,392
177,194,371
195,169,364
181,172,353
174,155,329
156,137,293
174,102,276
173,89,262
168,130,298
148,129,277
149,111,260
152,94,246
148,111,259
145,176,321
171,230,401
273,190,463
355,144,499
334,158,492
256,136,392
219,110,329
209,102,311
176,163,339
205,153,358
204,157,361
227,134,361
202,131,333
222,118,340
196,102,298
179,124,303
165,115,280
166,106,272
155,146,301
161,127,288
171,121,292
201,108,309
168,93,261
177,119,296
139,117,256
147,143,290
175,116,291
180,104,284
181,138,319
149,149,298
155,156,311
160,138,298
161,135,296
167,135,302
171,108,279
167,107,274
145,105,250
131,102,233
134,134,268
177,115,292
190,112,302
186,112,298
155,112,267
148,102,250
151,86,237
152,148,300
143,164,307
148,156,304
153,141,294
132,122,254
155,125,280
143,124,267
134,127,261
130,134,264
127,138,265
133,163,296
131,182,313
127,192,319
137,186,323
156,183,339
154,200,354
142,192,334
131,196,327
154,176,330
178,162,340
205,141,346
197,127,324
181,108,289
174,103,277
165,105,270
135,105,240
137,138,275
167,105,272
190,117,307
180,121,301
154,120,274
144,116,260
152,106,258
152,108,260
156,143,299
162,134,296
194,100,294
196,149,345
185,152,337
158,142,300
148,155,303
171,126,297
190,110,300
192,120,312
180,159,339
178,144,322
185,137,322
179,119,298
183,148,331
210,122,332
227,131,358
207,160,367
218,149,367
229,166,395
257,124,381
239,117,356
186,108,294
165,119,284
175,149,324
164,164,328
170,147,317
165,139,304
185,130,315
200,123,323
221,171,392
258,122,380
242,120,362
230,98,328
168,178,346
183,147,330
197,133,330
190,132,322
136,120,256
158,103,261
167,120,287
177,101,278
174,127,301
171,134,305
157,132,289
151,127,278
140,130,270
133,147,280
142,149,291
140,141,281
145,142,287
146,139,285
153,129,282
155,109,264
169,107,276
169,108,277
161,136,297
173,117,290
162,115,277
164,105,269
144,116,260
154,116,270
153,117,270
150,111,261
131,96,227
151,120,271
141,138,279
151,146,297
140,157,297
155,152,307
200,146,346
228,154,382
221,168,389
230,146,376
227,161,388
240,164,404
203,167,370
192,169,361
170,174,344
174,169,343
160,167,327
190,145,335
207,147,354
219,131,350
228,117,345
215,161,376
204,148,352
193,136,329
180,137,317
144,146,290
145,137,282
138,147,285
135,150,285
124,152,276
133,163,296
135,165,300
134,181,315
134,191,325
135,210,345
138,221,359
129,219,348
166,178,344
179,159,338
195,147,342
158,148,306
147,147,294
117,154,271
133,156,289
137,149,286
144,170,314
142,174,316
140,173,313
164,157,321
163,168,331
162,163,325
146,161,307
148,162,310
171,131,302
178,123,301
175,130,305
174,93,267
171,120,291
171,131,302
150,147,297
150,171,321
149,165,314
170,151,321
185,124,309
190,113,303
178,101,279
173,146,319
175,141,316
177,141,318
174,123,297
147,177,324
170,167,337
173,198,371
191,208,399
182,221,403
175,235,410
163,253,416
180,227,407
197,197,394
225,144,369
197,127,324
190,110,300
142,108,250
146,105,251
137,125,262
164,99,263
176,122,298
179,127,306
167,113,280
174,102,276
174,105,279
152,104,256
162,136,298
162,124,286
165,129,294
150,294,444
167,286,453
190,269,459
192,254,446
234,204,438
121,188,309
149,180,329
160,185,345
147,180,327
131,182,313
147,179,326
153,170,323
154,170,324
148,167,315
133,172,305
119,174,293
125,178,303
123,182,305
136,177,313
130,199,329
144,218,362
133,228,361
143,214,357
166,210,376
184,205,389
195,195,390
221,155,376
210,142,352
210,114,324
188,110,298
180,113,293
157,113,270
134,110,244
129,105,234
139,93,232
129,89,218
107,92,199
118,133,251
125,155,280
130,149,279
130,152,282
129,155,284
125,153,278
117,152,269
121,169,290
116,181,297
110,194,304
122,209,331
134,200,334
142,200,342
155,202,357
160,223,383
141,256,397
183,225,408
184,203,387
194,189,383
186,159,345
198,138,336
196,126,322
181,112,293
178,149,327
174,173,347
163,165,328
176,118,294
164,106,270
174,94,268
143,180,323
151,189,340
152,189,341
148,205,353
107,207,314
151,195,346
196,171,367
208,176,384
195,173,368
154,163,317
152,149,301
128,144,272
117,150,267
119,150,269
121,164,285
148,141,289
160,133,293
174,125,299
155,108,263
161,97,258
160,138,298
159,132,291
174,112,286
165,96,261
169,130,299
163,123,286
166,101,267
160,126,286
145,140,285
149,153,302
139,150,289
130,168,298
136,192,328
137,185,322
149,172,321
155,167,322
156,154,310
170,172,342
179,180,359
182,178,360
198,149,347
210,130,340
200,142,342
168,145,313
139,162,301
135,159,294
135,154,289
124,152,276
139,143,282
145,120,265
167,100,267
161,101,262
141,97,238
148,119,267
149,135,284
156,143,299
140,166,306
137,171,308
143,162,305
169,143,312
190,138,328
186,140,326
163,140,303
148,136,284
152,128,280
149,136,285
139,132,271
150,111,261
168,116,284
187,113,300
180,96,276
169,110,279
160,104,264
159,147,306
186,112,298
192,108,300
194,121,315
160,145,305
180,134,314
188,129,317
191,131,322
168,138,306
170,140,310
205,150,355
232,171,403
265,143,408
236,139,375
212,152,364
167,158,325
177,160,337
178,156,334
192,168,360
230,141,371
239,149,388
238,152,390
195,157,352
186,160,346
157,166,323
169,167,336
173,169,342
194,151,345
198,152,350
193,153,346
173,166,339
172,183,355
177,207,384
188,219,407
195,218,413
203,212,415
212,204,416
215,198,413
207,212,419
219,190,409
198,180,378
171,187,358
142,184,326
130,189,319
135,188,323
148,186,334
153,182,335
160,180,340
153,179,332
149,183,332
143,190,333
132,190,322
142,191,333
144,199,343
143,204,347
161,182,343
163,195,358
168,205,373
139,212,351
138,209,347
165,187,352
165,188,353
178,177,355
152,179,331
151,183,334
141,182,323
142,188,330
143,197,340
142,209,351
146,233,379
156,242,398
160,237,397
190,222,412
196,201,397
212,180,392
219,144,363
225,110,335
207,154,361
213,129,342
199,124,323
218,124,342
185,143,328
184,144,328
152,153,305
155,154,309
146,166,312
192,131,323
174,138,312
176,158,334
150,176,326
149,209,358
271,147,418
269,153,422
283,152,435
174,163,337
170,164,334
163,164,327
156,160,316
153,159,312
148,162,310
132,171,303
137,200,337
140,206,346
143,213,356
158,210,368
148,218,366
171,195,366
173,195,368
189,186,375
169,178,347
178,173,351
170,193,363
166,215,381
200,178,378
219,162,381
223,154,377
193,176,369
172,180,352
183,187,370
171,190,361
176,180,356
177,241,418
196,219,415
218,197,415
246,134,380
225,131,356
206,126,332
136,111,247
138,94,232
147,91,238
149,138,287
146,146,292
157,149,306
153,160,313
142,186,328
145,186,331
149,191,340
156,204,360
154,209,363
160,224,384
169,227,396
177,213,390
136,234,370
190,210,400
183,203,386
188,206,394
162,238,400
154,250,404
159,234,393
175,213,388
202,198,400
198,192,390
193,216,409
162,231,393
154,239,393
159,227,386
179,203,382
188,190,378
191,174,365
159,166,325
155,168,323
132,167,299
122,168,290
124,172,296
139,161,300
141,161,302
140,157,297
130,159,289
133,161,294
115,176,291
161,156,317
217,119,336
238,96,334
213,124,337
173,121,294
163,129,292
153,123,276
135,111,246
160,90,250
157,148,305
178,152,330
191,145,336
193,131,324
150,133,283
154,121,275
153,115,268
148,126,274
147,117,264
163,97,260
160,125,285
132,119,251
143,115,258
140,123,263
130,135,265
130,134,264
146,118,264
129,122,251
135,108,243
148,111,259
168,96,264
170,125,295
157,123,280
138,128,266
135,117,252
133,116,249
137,106,243
133,113,246
125,116,241
108,119,227
125,122,247
128,126,254
128,131,259
127,121,248
135,118,253
138,116,254
130,116,246
132,116,248
143,130,273
166,98,264
192,113,305
180,123,303
135,140,275
135,140,275
134,141,275
131,138,269
104,133,237
113,133,246
118,139,257
118,136,254
135,137,272
133,136,269
135,141,276
121,141,262
130,140,270
131,150,281
126,156,282
135,149,284
133,160,293
127,158,285
121,164,285
102,176,278
121,172,293
110,177,287
117,174,291
142,167,309
134,160,294
135,158,293
124,165,289
136,166,302
152,165,317
163,167,330
152,156,308
163,134,297
166,121,287
183,89,272
168,122,290
169,111,280
162,117,279
172,127,299
181,109,290
186,133,319
182,137,319
149,145,294
136,150,286
119,140,259
170,168,338
194,125,319
205,108,313
183,142,325
146,149,295
168,140,308
175,121,296
200,95,295
214,156,370
195,146,341
168,163,331
167,181,348
113,183,296
139,188,327
169,156,325
169,165,334
168,170,338
137,167,304
128,176,304
122,186,308
129,179,308
124,178,302
139,174,313
136,168,304
143,167,310
137,195,332
135,344,479
125,352,477
136,357,493
292,216,508
311,220,531
340,200,540
186,181,367
185,172,357
160,176,336
171,147,318
184,134,318
205,118,323
187,152,339
204,128,332
193,106,299
196,123,319
165,128,293
164,135,299
167,157,324
149,168,317
189,135,324
192,117,309
209,104,313
172,109,281
167,110,277
159,111,270
167,135,302
169,146,315
165,146,311
188,134,322
172,137,309
166,143,309
156,149,305
156,171,327
162,184,346
158,208,366
179,201,380
176,211,387
175,228,403
167,256,423
196,238,434
272,177,449
302,142,444
283,141,424
209,151,360
173,162,335
154,193,347
136,210,346
149,227,376
182,204,386
227,178,405
237,177,414
206,166,372
172,151,323
189,115,304
175,115,290
168,164,332
187,167,354
195,149,344
216,143,359
188,138,326
214,157,371
228,151,379
214,151,365
218,127,345
186,118,304
188,100,288
167,122,289
159,132,291
152,131,283
154,138,292
168,126,294
189,124,313
202,112,314
190,130,320
180,139,319
190,113,303
189,147,336
197,117,314
173,116,289
166,124,290
152,116,268
148,120,268
161,121,282
174,156,330
170,179,349
151,197,348
148,189,337
130,183,313
174,184,358
159,181,340
165,179,344
153,199,352
126,216,342
135,213,348
150,213,363
158,206,364
187,171,358
203,152,355
211,142,353
187,158,345
167,163,330
155,152,307
167,139,306
176,164,340
189,153,342
200,149,349
222,126,348
208,122,330
178,155,333
174,150,324
186,188,374
255,155,410
271,129,400
277,196,473
229,174,403
191,157,348
204,130,334
134,137,271
175,134,309
187,111,298
199,104,303
187,127,314
163,127,290
162,115,277
159,109,268
159,108,267
152,113,265
161,114,275
161,112,273
158,121,279
150,113,263
148,131,279
167,116,283
167,128,295
170,134,304
149,131,280
130,126,256
146,119,265
145,119,264
143,134,277
153,142,295
161,146,307
166,154,320
137,165,302
128,156,284
139,163,302
143,152,295
146,150,296
142,169,311
127,176,303
134,178,312
116,182,298
132,181,313
144,183,327
138,173,311
170,164,334
164,155,319
173,123,296
171,119,290
164,117,281
146,115,261
142,101,243
139,108,247
125,137,262
123,154,277
129,145,274
129,137,266
135,120,255
127,113,240
131,104,235
137,107,244
130,135,265
164,112,276
169,97,266
165,119,284
146,130,276
153,198,351
206,124,330
220,99,319
204,96,300
118,103,221
79,101,180
117,89,206
122,134,256
134,137,271
149,131,280
143,137,280
120,138,258
150,137,287
172,149,321
178,151,329
165,160,325
164,159,323
154,156,310
157,154,311
170,141,311
172,136,308
159,165,324
147,196,343
158,189,347
168,192,360
162,208,370
155,219,374
163,229,392
199,201,400
219,161,380
241,109,350
213,90,303
188,101,289
154,141,295
150,137,287
157,138,295
153,124,277
150,122,272
174,121,295
179,118,297
185,117,302
156,123,279
126,138,264
130,134,264
153,147,300
196,103,299
201,96,297
175,122,297
148,119,267
149,147,296
179,122,301
210,107,317
185,115,300
190,142,332
175,109,284
185,97,282
183,165,348
157,153,310
148,159,307
143,145,288
92,133,225
135,122,257
148,126,274
170,122,292
161,131,292
171,125,296
143,133,276
147,131,278
137,126,263
127,122,249
126,112,238
120,112,232
124,109,233
117,111,228
119,117,236
120,119,239
123,124,247
126,143,269
125,160,285
124,188,312
130,180,310
134,174,308
121,178,299
151,157,308
169,145,314
187,125,312
168,107,275
168,179,347
212,238,450
315,136,451
320,126,446
239,122,361
165,113,278
163,116,279
167,126,293
151,120,271
143,132,275
133,126,259
120,121,241
133,126,259
131,177,308
139,187,326
155,180,335
186,183,369
188,194,382
194,190,384
195,183,378
208,174,382
215,165,380
212,155,367
213,147,360
216,148,364
217,149,366
218,124,342
224,135,359
202,130,332
176,131,307
160,130,290
139,135,274
141,133,274
138,136,274
142,136,278
146,137,283
147,147,294
147,162,309
141,177,318
191,145,336
216,138,354
242,151,393
217,144,361
219,135,354
221,161,382
213,152,365
213,143,356
187,164,351
137,162,299
191,120,311
198,122,320
197,134,331
148,137,285
134,140,274
129,142,271
120,143,263
133,139,272
130,134,264
134,131,265
129,127,256
134,122,256
132,121,253
132,121,253
126,120,246
127,127,254
125,130,255
126,153,279
126,155,281
126,153,279
137,144,281
137,162,299
128,188,316
133,202,335
136,228,364
143,242,385
170,231,401
197,216,413
246,179,425
244,169,413
221,173,394
180,179,359
163,186,349
162,192,354
163,197,360
145,181,326
162,170,332
159,157,316
183,118,301
180,108,288
177,109,286
143,99,242
132,98,230
126,98,224
122,94,216
111,93,204
121,92,213
120,90,210
124,110,234
132,122,254
120,122,242
151,115,266
148,131,279
133,142,275
123,143,266
120,151,271
131,140,271
142,125,267
145,112,257
140,115,255
132,134,266
127,145,272
144,145,289
157,162,319
188,189,377
200,213,413
244,188,432
232,183,415
241,180,421
199,178,377
210,181,391
214,174,388
215,174,389
231,144,375
235,128,363
238,121,359
221,112,333
191,109,300
159,132,291
144,148,292
171,139,310
186,159,345
229,222,451
244,211,455
229,213,442
233,164,397
216,124,340
214,127,341
197,120,317
172,109,281
167,163,330
185,115,300
189,95,284
156,95,251
122,91,213
97,113,210
136,110,246
114,103,217
141,91,232
117,82,199
127,76,203
116,144,260
127,144,271
123,136,259
130,159,289
111,145,256
145,137,282
162,93,255
162,92,254
158,94,252
121,100,221
117,95,212
122,92,214
133,99,232
116,103,219
129,127,256
135,289,424
138,299,437
120,297,417
126,263,389
228,141,369
258,118,376
239,116,355
173,109,282
135,126,261
129,139,268
116,151,267
96,162,258
113,179,292
138,176,314
128,169,297
128,168,296
173,119,292
191,151,342
235,98,333
194,169,363
204,174,378
164,177,341
147,179,326
94,166,260
125,160,285
130,162,292
141,169,310
146,158,304
137,147,284
177,94,271
186,167,353
193,137,330
169,146,315
133,146,279
94,160,254
120,165,285
111,161,272
126,170,296
123,183,306
125,199,324
115,206,321
159,167,326
175,190,365
178,181,359
126,173,299
137,166,303
209,167,376
224,158,382
210,163,373
142,146,288
90,133,223
146,100,246
158,155,313
165,147,312
145,143,288
139,130,269
127,110,237
183,102,285
173,103,276
137,101,238
122,103,225
126,105,231
108,121,229
120,122,242
106,136,242
120,160,280
110,173,283
112,182,294
131,177,308
124,173,297
126,178,304
166,143,309
173,142,315
199,119,318
189,111,300
206,120,326
182,131,313
192,116,308
183,124,307
160,132,292
136,138,274
151,124,275
144,124,268
136,125,261
113,131,244
123,144,267
123,156,279
115,164,279
132,152,284
142,149,291
147,140,287
139,142,281
140,146,286
132,142,274
129,139,268
123,141,264
137,113,250
160,143,303
143,151,294
120,151,271
124,153,277
112,147,259
130,149,279
125,172,297
112,175,287
101,176,277
122,183,305
144,149,293
175,167,342
176,168,344
143,160,303
161,140,301
156,134,290
165,105,270
146,100,246
158,100,258
140,111,251
142,99,241
155,98,253
156,151,307
178,134,312
182,118,300
194,109,303
149,91,240
159,114,273
140,107,247
133,123,256
135,119,254
132,106,238
148,141,289
167,143,310
162,149,311
148,150,298
155,126,281
179,110,289
177,133,310
193,142,335
173,153,326
188,151,339
204,133,337
244,146,390
236,131,367
227,156,383
215,157,372
225,158,383
221,139,360
222,140,362
209,121,330
210,119,329
181,149,330
171,139,310
188,127,315
209,119,328
192,104,296
159,120,279
178,127,305
174,141,315
186,122,308
164,128,292
181,125,306
189,146,335
198,156,354
171,168,339
181,152,333
222,151,373
244,172,416
245,136,381
244,138,382
230,129,359
194,126,320
194,129,323
149,137,286
139,150,289
129,164,293
133,167,300
131,171,302
138,168,306
120,172,292
123,171,294
124,172,296
121,164,285
157,128,285
168,114,282
165,108,273
154,129,283
160,135,295
160,143,303
145,138,283
134,148,282
135,156,291
198,159,357
232,139,371
268,126,394
244,110,354
203,106,309
175,108,283
156,120,276
145,127,272
149,115,264
159,97,256
165,128,293
186,114,300
191,85,276
182,84,266
137,81,218
115,93,208
124,101,225
125,98,223
115,93,208
127,104,231
130,117,247
126,128,254
120,145,265
133,162,295
123,167,290
137,159,296
139,158,297
150,150,300
132,157,289
129,176,305
125,183,308
122,189,311
133,183,316
136,190,326
144,177,321
141,185,326
123,186,309
150,174,324
148,180,328
145,184,329
110,184,294
137,168,305
139,171,310
142,175,317
133,181,314
126,178,304
128,168,296
148,158,306
186,120,306
182,121,303
182,121,303
141,118,259
127,124,251
134,122,256
134,147,281
129,169,298
112,170,282
134,158,292
155,146,301
158,129,287
168,132,300
190,103,293
194,142,336
203,122,325
176,119,295
179,116,295
159,132,291
159,164,323
170,164,334
191,151,342
243,139,382
247,116,363
224,107,331
165,100,265
142,134,276
144,147,291
172,138,310
180,159,339
223,141,364
217,145,362
201,168,369
157,185,342
156,181,337
163,180,343
161,175,336
164,168,332
153,167,320
141,156,297
132,149,281
133,143,276
132,143,275
139,128,267
147,113,260
143,105,248
138,95,233
133,88,221
134,100,234
133,115,248
141,107,248
136,119,255
138,119,257
140,115,255
135,109,244
127,98,225
140,81,221
145,108,253
146,107,253
143,109,252
165,109,274
168,109,277
169,113,282
145,109,254
131,214,345
285,140,425
296,143,439
310,118,428
198,137,335
204,138,342
200,133,333
173,126,299
164,116,280
164,104,268
165,150,315
191,155,346
216,130,346
224,143,367
183,169,352
161,171,332
204,135,339
217,123,340
196,119,315
154,109,263
116,105,221
96,102,198
115,96,211
121,119,240
121,133,254
128,156,284
132,157,289
130,152,282
112,146,258
111,154,265
120,148,268
112,143,255
120,142,262
121,141,262
99,147,246
108,145,253
118,143,261
122,146,268
121,140,261
109,143,252
129,139,268
132,129,261
131,115,246
124,109,233
125,102,227
121,97,218
110,92,202
122,86,208
120,91,211
120,90,210
104,88,192
124,91,215
104,95,199
120,96,216
128,97,225
131,91,222
127,83,210
122,80,202
109,99,208
124,100,224
114,95,209
123,96,219
114,96,210
123,100,223
120,102,222
106,97,203
127,87,214
110,94,204
129,89,218
121,90,211
124,89,213
120,90,210
120,90,210
128,80,208
128,82,210
131,80,211
125,92,217
120,115,235
123,129,252
124,134,258
124,138,262
147,128,275
139,144,283
141,154,295
109,151,260
128,145,273
130,141,271
122,137,259
127,136,263
123,133,256
125,129,254
121,125,246
121,119,240
119,113,232
126,106,232
132,106,238
126,102,228
123,97,220
121,91,212
123,86,209
123,85,208
122,88,210
118,87,205
114,84,198
119,98,217
123,89,212
126,88,214
125,85,210
120,77,197
130,112,242
123,124,247
119,127,246
122,127,249
118,132,250
125,131,256
121,129,250
134,137,271
128,142,270
121,143,264
124,139,263
120,134,254
124,132,256
128,133,261
124,134,258
114,133,247
128,132,260
121,141,262
128,155,283
130,155,285
127,160,287
124,168,292
123,180,303
110,196,306
126,212,338
132,214,346
154,206,360
174,172,346
197,150,347
199,245,444
169,282,451
163,278,441
171,288,459
256,218,474
232,219,451
210,211,421
165,182,347
180,170,350
199,152,351
195,138,333
177,138,315
170,120,290
179,110,289
177,121,298
142,128,270
149,131,280
153,126,279
160,152,312
177,154,331
200,149,349
217,127,344
209,156,365
232,163,395
252,145,397
238,139,377
228,145,373
214,139,353
219,149,368
218,141,359
214,134,348
218,146,364
210,141,351
211,135,346
215,147,362
210,142,352
214,137,351
208,161,369
224,143,367
240,160,400
252,140,392
233,104,337
194,89,283
174,165,339
157,157,314
144,162,306
154,135,289
104,118,222
142,106,248
153,98,251
151,117,268
152,103,255
155,88,243
152,165,317
148,160,308
141,161,302
148,139,287
100,122,222
142,105,247
153,97,250
154,184,338
160,190,350
152,213,365
182,185,367
145,189,334
225,158,383
243,152,395
219,159,378
179,167,346
163,178,341
160,186,346
158,200,358
157,210,367
156,220,376
159,228,387
161,215,376
172,194,366
173,228,401
268,120,388
274,96,370
264,108,372
154,132,286
94,159,253
138,174,312
146,180,326
156,175,331
160,153,313
171,130,301
177,140,317
182,137,319
191,155,346
164,150,314
148,131,279
164,102,266
171,126,297
172,135,307
162,139,301
173,134,307
179,123,302
190,152,342
204,133,337
201,131,332
235,153,388
235,122,357
232,132,364
223,128,351
178,121,299
172,116,288
168,130,298
181,168,349
170,170,340
186,159,345
193,135,328
215,113,328
190,178,368
198,193,391
188,205,393
182,202,384
161,181,342
195,187,382
186,187,373
169,152,321
224,94,318
232,148,380
203,145,348
155,133,288
135,117,252
100,112,212
133,148,281
136,118,254
181,99,280
154,147,301
156,185,341
218,126,344
206,104,310
217,91,308
155,162,317
169,149,318
174,146,320
163,145,308
125,139,264
182,135,317
197,132,329
198,175,373
215,151,366
187,142,329
168,134,302
128,156,284
177,148,325
185,134,319
157,125,282
148,116,264
135,130,265
164,126,290
158,129,287
140,142,282
111,167,278
126,187,313
115,189,304
127,188,315
134,179,313
158,167,325
169,155,324
160,157,317
145,156,301
137,166,303
116,162,278
120,158,278
120,149,269
128,140,268
93,139,232
105,133,238
124,127,251
118,126,244
120,132,252
103,128,231
122,135,257
107,150,257
116,147,263
112,134,246
122,130,252
128,137,265
107,132,239
117,141,258
121,155,276
106,151,257
121,139,260
149,128,277
168,107,275
151,106,257
147,108,255
118,102,220
111,100,211
104,100,204
116,107,223
122,107,229
121,106,227
121,107,228
96,105,201
121,97,218
125,88,213
120,86,206
108,91,199
124,87,211
107,88,195
112,124,236
109,118,227
122,109,231
130,112,242
126,118,244
126,118,244
119,120,239
121,124,245
125,121,246
103,127,230
121,134,255
120,143,263
107,137,244
119,142,261
127,136,263
110,136,246
107,134,241
119,133,252
103,132,235
117,133,250
123,136,259
133,134,267
133,128,261
134,115,249
144,97,241
127,97,224
125,96,221
121,98,219
128,103,231
119,100,219
130,99,229
129,106,235
121,100,221
121,97,218
132,99,231
115,94,209
133,89,222
134,84,218
115,80,195
123,114,237
115,116,231
110,114,224
130,121,251
130,151,281
127,183,310
120,192,312
115,185,300
131,183,314
155,157,312
155,153,308
159,142,301
149,147,296
127,160,287
107,187,294
124,195,319
108,192,300
117,185,302
155,148,303
178,123,301
173,116,289
170,98,268
166,135,301
163,138,301
154,131,285
145,127,272
134,109,243
147,89,236
165,144,309
148,145,293
158,138,296
130,128,258
116,117,233
148,103,251
153,154,307
161,168,329
160,177,337
154,162,316
158,135,293
174,116,290
166,109,275
165,159,324
177,149,326
173,169,342
202,149,351
195,141,336
253,131,384
228,137,365
244,105,349
200,131,331
187,131,318
170,125,295
181,108,289
191,125,316
183,123,306
145,131,276
155,159,314
178,148,326
207,132,339
215,132,347
207,140,347
221,120,341
210,120,330
175,124,299
148,129,277
152,145,297
150,144,294
162,123,285
184,169,353
204,151,355
208,132,340
208,113,321
193,127,320
183,129,312
163,166,329
182,154,336
188,157,345
208,220,428
329,151,480
325,161,486
316,156,472
144,159,303
127,167,294
120,170,290
128,175,303
126,191,317
120,194,314
136,179,315
156,170,326
154,177,331
137,171,308
116,233,349
128,227,355
160,219,379
195,185,380
214,163,377
202,167,369
169,166,335
137,178,315
121,202,323
118,211,329
114,212,326
137,195,332
237,116,353
242,110,352
232,113,345
138,125,263
109,130,239
118,131,249
122,135,257
110,145,255
117,160,277
115,180,295
117,185,302
113,182,295
117,226,343
128,220,348
177,218,395
200,203,403
221,159,380
212,158,370
218,158,376
165,184,349
149,184,333
132,174,306
170,149,319
179,153,332
184,133,317
168,126,294
158,115,273
157,96,253
142,88,230
117,81,198
118,132,250
121,136,257
130,155,285
125,184,309
131,174,305
159,162,321
174,153,327
166,157,323
161,153,314
146,158,304
136,156,292
150,129,279
153,134,287
135,143,278
134,153,287
137,178,315
127,184,311
131,176,307
141,190,331
157,178,335
145,168,313
162,151,313
146,131,277
175,155,330
187,141,328
180,144,324
163,149,312
115,149,264
116,156,272
117,163,280
120,173,293
105,177,282
119,190,309
117,203,320
151,190,341
157,185,342
164,200,364
136,216,352
149,214,363
153,199,352
181,158,339
191,145,336
200,118,318
178,101,279
178,135,313
176,135,311
183,125,308
177,122,299
170,159,329
192,129,321
222,118,340
221,136,357
203,117,320
199,117,316
196,206,402
198,196,394
218,178,396
229,163,392
190,149,339
193,171,364
162,188,350
154,322,476
153,319,472
162,310,472
155,318,473
335,132,467
347,102,449
343,117,460
179,121,300
167,104,271
155,136,291
183,109,292
181,106,287
172,115,287
163,176,339
194,194,388
230,185,415
203,179,382
167,176,343
155,151,306
207,170,377
251,135,386
252,117,369
238,126,364
183,120,303
176,119,295
158,157,315
178,139,317
156,138,294
144,148,292
120,156,276
133,164,297
132,160,292
167,123,290
204,118,322
209,121,330
189,116,305
145,110,255
155,104,259
151,127,278
173,98,271
182,90,272
175,118,293
140,121,261
136,122,258
143,111,254
163,146,309
176,139,315
183,152,335
172,144,316
156,128,284
143,115,258
165,95,260
157,107,264
139,103,242
134,109,243
144,122,266
130,132,262
119,154,273
133,169,302
134,167,301
143,150,293
148,140,288
139,132,271
141,118,259
140,112,252
154,97,251
151,145,296
144,130,274
163,115,278
137,151,288
140,154,294
135,170,305
148,168,316
138,151,289
161,151,312
152,145,297
136,156,292
122,168,290
125,159,284
137,154,291
129,162,291
131,158,289
109,156,265
124,152,276
128,163,291
125,182,307
115,218,333
140,213,353
147,207,354
178,188,366
172,187,359
158,198,356
144,200,344
140,206,346
155,226,381
140,228,368
160,214,374
182,179,361
189,178,367
172,160,332
155,141,296
162,137,299
145,143,288
113,151,264
119,168,287
120,177,297
125,182,307
123,196,319
128,196,324
138,178,316
151,179,330
138,182,320
166,155,321
185,134,319
186,152,338
149,187,336
122,199,321
128,212,340
127,205,332
171,163,334
191,123,314
183,108,291
163,101,264
125,93,218
126,85,211
125,97,222
128,86,214
141,154,295
147,156,303
160,143,303
153,157,310
129,168,297
152,172,324
154,176,330
149,172,321
155,171,326
128,181,309
130,169,299
150,162,312
150,150,300
148,132,280
147,123,270
135,112,247
152,127,279
170,124,294
179,114,293
167,116,283
170,112,282
173,111,284
132,113,245
129,103,232
145,87,232
142,94,236
141,127,268
142,126,268
150,134,284
166,146,312
180,142,322
176,166,342
174,154,328
165,139,304
169,140,309
166,154,320
153,166,319
136,186,322
131,205,336
140,229,369
168,207,375
211,157,368
246,112,358
234,158,392
224,123,347
202,111,313
198,119,317
160,132,292
200,154,354
197,168,365
205,169,374
172,187,359
150,178,328
176,158,334
197,136,333
216,117,333
214,121,335
194,129,323
162,135,297
162,126,288
158,119,277
162,123,285
156,119,275
172,120,292
181,107,288
184,111,295
156,102,258
134,105,239
137,111,248
133,107,240
137,99,236
138,117,255
134,138,272
127,163,290
134,208,342
179,207,386
235,189,424
270,163,433
274,144,418
245,131,376
216,143,359
234,124,358
224,130,354
215,118,333
173,141,314
200,141,341
232,161,393
228,139,367
219,119,338
202,103,305
159,95,254
156,97,253
138,95,233
131,140,271
168,115,283
172,100,272
182,138,320
147,159,306
149,170,319
138,203,341
136,237,373
129,259,388
141,281,422
177,275,452
187,264,451
207,273,480
219,263,482
212,240,452
220,242,462
243,197,440
251,164,415
240,165,405
209,133,342
189,106,295
192,128,320
181,112,293
167,96,263
165,137,302
156,135,291
181,134,315
194,144,338
210,129,339
209,129,338
190,133,323
171,132,303
170,141,311
170,146,316
165,148,313
168,151,319
170,154,324
173,154,327
167,167,334
165,171,336
156,172,328
175,153,328
188,158,346
185,154,339
198,138,336
204,126,330
204,139,343
189,136,325
199,128,327
193,117,310
188,114,302
169,172,341
188,145,333
210,118,328
225,185,410
221,164,385
191,173,364
167,174,341
94,179,273
123,184,307
127,194,321
140,179,319
146,184,330
146,193,339
150,188,338
148,202,350
148,227,375
149,224,373
171,204,375
196,181,377
184,175,359
170,169,339
155,157,312
160,155,315
148,159,307
149,145,294
152,137,289
155,126,281
147,130,277
142,128,270
136,131,267
134,140,274
127,154,281
129,155,284
147,149,296
137,152,289
152,164,316
145,169,314
132,165,297
128,156,284
142,151,293
137,155,292
146,142,288
126,129,255
161,103,264
140,96,236
132,102,234
120,96,216
134,82,216
131,115,246
121,112,233
122,95,217
130,123,253
144,138,282
153,137,290
162,139,301
155,135,290
161,161,322
165,143,308
185,141,326
158,145,303
111,144,255
136,139,275
124,137,261
129,139,268
130,133,263
133,128,261
142,123,265
140,123,263
142,123,265
141,106,247
145,93,238
144,176,320
192,207,399
262,156,418
274,150,424
207,141,348
108,135,243
146,143,289
133,147,280
134,141,275
131,143,274
151,124,275
146,122,268
144,121,265
125,129,254
123,141,264
122,153,275
145,140,285
154,150,304
149,150,299
150,136,286
148,137,285
133,140,273
138,128,266
135,121,256
129,125,254
124,129,253
121,138,259
123,133,256
126,132,258
132,126,258
131,123,254
126,131,257
124,165,289
131,178,309
131,210,341
153,225,378
159,249,408
166,261,427
162,242,404
185,214,399
214,158,372
215,138,353
219,113,332
170,107,277
169,91,260
160,130,290
161,150,311
176,121,297
187,92,279
179,82,261
143,124,267
132,153,285
137,160,297
151,160,311
142,164,306
134,159,293
148,175,323
147,169,316
143,171,314
169,127,296
188,102,290
185,123,308
182,106,288
164,99,263
170,119,289
161,133,294
167,147,314
162,141,303
160,145,305
161,136,297
157,125,282
169,111,280
169,117,286
177,97,274
162,149,311
166,138,304
153,132,285
155,112,267
184,118,302
190,114,304
166,146,312
144,156,300
139,156,295
147,148,295
118,159,277
130,161,291
123,164,287
130,168,298
124,182,306
122,195,317
116,344,460
139,346,485
149,355,504
242,275,517
312,201,513
322,181,503
206,151,357
202,127,329
207,143,350
201,135,336
208,150,358
206,163,369
204,173,377
261,142,403
244,144,388
270,127,397
194,141,335
200,129,329
191,116,307
197,137,334
188,126,314
185,113,298
193,132,325
172,122,294
176,108,284
166,99,265
168,161,329
165,153,318
162,148,310
159,156,315
140,145,285
153,129,282
178,120,298
183,135,318
203,121,324
182,117,299
168,114,282
165,92,257
165,128,293
165,124,289
150,161,311
163,162,325
173,142,315
179,178,357
170,171,341
156,154,310
155,144,299
163,146,309
163,143,306
193,133,326
205,174,379
250,160,410
210,174,384
223,159,382
184,143,327
196,132,328
194,171,365
224,147,371
209,140,349
211,128,339
209,154,363
187,141,328
192,119,311
174,98,272
136,100,236
141,91,232
139,106,245
141,117,258
144,112,256
168,127,295
172,147,319
173,126,299
174,107,281
175,130,305
173,126,299
166,109,275
163,130,293
175,129,304
164,119,283
161,116,277
147,116,263
137,103,240
158,86,244
153,137,290
154,135,289
164,122,286
152,119,271
146,148,294
183,121,304
172,116,288
191,114,305
144,156,300
176,130,306
173,118,291
176,99,275
142,123,265
164,140,304
179,109,288
200,159,359
201,149,350
195,134,329
176,147,323
196,165,361
206,139,345
226,139,365
201,162,363
213,167,380
242,187,429
289,146,435
265,165,430
264,158,422
246,165,411
271,143,414
244,149,393
198,168,366
161,162,323
166,140,306
202,101,303
194,105,299
188,125,313
172,108,280
169,121,290
173,102,275
160,125,285
158,163,321
184,121,305
186,127,313
197,117,314
153,114,267
156,105,261
151,101,252
151,101,252
149,123,272
156,122,278
167,157,324
188,147,335
174,153,327
168,144,312
118,146,264
147,145,292
151,131,282
150,121,271
160,105,265
152,138,290
173,109,282
176,91,267
174,119,293
149,119,268
158,98,256
168,144,312
190,138,328
176,134,310
158,120,278
154,90,244
135,78,213
142,92,234
129,87,216
133,98,231
124,108,232
134,125,259
137,126,263
181,94,275
187,111,298
178,123,301
169,139,308
204,110,314
198,125,323
206,94,300
163,87,250
149,87,236
114,94,208
125,101,226
120,114,234
120,124,244
116,126,242
122,112,234
133,113,246
129,121,250
131,134,265
143,134,277
137,140,277
137,176,313
126,180,306
143,174,317
139,169,308
104,166,270
143,145,288
135,147,282
136,148,284
120,143,263
123,147,270
128,139,267
119,139,258
125,135,260
132,130,262
120,121,241
130,120,250
125,116,241
124,112,236
116,118,234
124,115,239
126,118,244
123,118,241
123,120,243
149,91,240
159,117,276
150,124,274
125,130,255
114,125,239
122,119,241
122,118,240
134,120,254
126,122,248
141,109,250
140,115,255
139,135,274
124,148,272
122,158,280
124,165,289
122,173,295
128,174,302
141,186,327
129,203,332
125,200,325
152,163,315
160,155,315
167,144,311
136,161,297
132,162,294
118,161,279
119,161,280
142,146,288
138,143,281
142,150,292
130,160,290
145,143,288
142,147,289
151,146,297
146,130,276
131,124,255
141,112,253
132,120,252
136,140,276
130,144,274
116,165,281
135,161,296
129,174,303
132,201,333
127,214,341
112,222,334
132,217,349
184,175,359
178,190,368
169,200,369
121,221,342
152,193,345
155,173,328
180,153,333
159,141,300
138,144,282
147,114,261
177,126,303
191,115,306
169,116,285
154,137,291
147,152,299
154,159,313
158,138,296
175,110,285
192,114,306
195,121,316
185,138,323
196,111,307
182,101,283
177,94,271
130,90,220
126,80,206
126,99,225
125,109,234
112,119,231
143,111,254
153,110,263
147,135,282
178,120,298
176,143,319
184,146,330
170,131,301
160,131,291
159,137,296
142,157,299
135,173,308
132,185,317
127,207,334
157,205,362
176,188,364
183,222,405
202,206,408
190,241,431
209,216,425
253,156,409
263,123,386
251,108,359
207,102,309
172,107,279
164,113,277
150,133,283
168,134,302
196,146,342
193,132,325
200,126,326
183,120,303
176,113,289
179,100,279
174,138,312
178,151,329
179,150,329
176,139,315
164,126,290
166,141,307
175,139,314
173,151,324
171,174,345
171,174,345
199,133,332
224,186,410
248,158,406
220,136,356
208,123,331
140,117,257
142,120,262
124,132,256
120,131,251
126,129,255
126,147,273
124,169,293
124,179,303
168,183,351
204,199,403
251,150,401
269,114,383
252,99,351
195,142,337
166,164,330
176,157,333
203,134,337
169,143,312
186,144,330
168,135,303
172,132,304
155,130,285
161,121,282
161,128,289
160,135,295
142,142,284
155,154,309
150,168,318
170,161,331
159,178,337
166,172,338
151,174,325
144,167,311
134,175,309
138,184,322
144,209,353
145,220,365
147,209,356
148,205,353
164,169,333
215,147,362
240,137,377
244,267,511
376,154,530
377,143,520
380,135,515
238,124,362
230,108,338
189,103,292
165,101,266
151,101,252
151,104,255
148,110,258
155,129,284
152,150,302
160,155,315
162,164,326
167,173,340
169,179,348
172,187,359
170,198,368
173,203,376
168,207,375
169,216,385
163,234,397
157,262,419
156,263,419
190,230,420
210,238,448
220,240,460
218,229,447
212,215,427
219,209,428
195,241,436
193,225,418
181,208,389
181,189,370
176,158,334
173,170,343
173,192,365
158,193,351
189,162,351
195,147,342
180,148,328
151,142,293
133,147,280
131,152,283
122,153,275
120,154,274
121,154,275
122,158,280
122,164,286
123,167,290
123,194,317
122,214,336
121,217,338
139,204,343
176,166,342
188,166,354
179,157,336
150,149,299
141,304,445
137,495,632
137,489,626
134,490,624
478,136,614
497,108,605
504,97,601
165,86,251
144,128,272
139,128,267
143,127,270
140,134,274
130,144,274
128,154,282
148,164,312
159,161,320
159,162,321
160,168,328
156,196,352
163,198,361
154,194,348
157,187,344
151,184,335
148,184,332
162,168,330
169,178,347
169,182,351
170,176,346
179,193,372
184,184,368
177,186,363
182,180,362
182,156,338
215,114,329
217,107,324
201,114,315
155,117,272
139,109,248
157,121,278
171,176,347
185,157,342
175,176,351
149,179,328
95,186,281
127,188,315
141,182,323
140,186,326
154,169,323
140,167,307
153,168,321
136,162,298
132,163,295
140,151,291
149,146,295
152,142,294
169,119,288
186,124,310
197,117,314
225,132,357
180,134,314
170,136,306
139,136,275
150,99,249
179,123,302
190,114,304
159,100,259
157,110,267
157,102,259
151,117,268
155,104,259
161,109,270
157,101,258
138,126,264
153,112,265
162,95,257
150,112,262
141,103,244
151,129,280
159,137,296
177,115,292
186,108,294
170,105,275
131,108,239
133,110,243
114,111,225
116,130,246
124,145,269
120,153,273
130,153,283
113,155,268
131,156,287
125,162,287
151,135,286
162,123,285
132,129,261
138,135,273
119,144,263
122,140,262
142,145,287
143,158,301
163,134,297
164,120,284
156,119,275
129,117,246
125,123,248
126,117,243
138,110,248
146,101,247
150,96,246
145,121,266
138,128,266
141,122,263
162,126,288
156,133,289
193,116,309
173,111,284
186,102,288
168,137,305
169,125,294
166,119,285
168,120,288
173,119,292
178,117,295
179,111,290
169,90,259
163,124,287
172,109,281
172,155,327
189,145,334
172,153,325
164,180,344
141,191,332
133,197,330
147,203,350
156,225,381
161,229,390
162,242,404
166,256,422
187,250,437
202,251,453
249,219,468
232,216,448
219,201,420
162,195,357
179,187,366
160,190,350
172,173,345
177,170,347
168,179,347
156,176,332
141,177,318
141,176,317
154,170,324
162,169,331
186,148,334
188,144,332
183,151,334
164,156,320
193,107,300
206,119,325
215,145,360
165,160,325
193,128,321
184,113,297
188,100,288
164,115,279
164,105,269
155,143,298
178,126,304
169,127,296
167,132,299
146,115,261
151,106,257
153,101,254
162,149,311
175,129,304
183,107,290
170,126,296
159,129,288
162,115,277
166,111,277
151,119,270
159,110,269
164,123,287
166,174,340
178,169,347
196,169,365
208,156,364
205,131,336
244,145,389
220,158,378
200,162,362
177,154,331
165,156,321
160,171,331
149,207,356
164,223,387
174,213,387
196,183,379
195,183,378
186,181,367
156,187,343
167,193,360
163,209,372
172,227,399
158,217,375
173,223,396
192,241,433
247,186,433
278,156,434
284,129,413
246,159,405
236,131,367
247,170,417
238,174,412
222,127,349
255,118,373
220,117,337
149,119,268
162,149,311
175,129,304
201,98,299
195,130,325
184,124,308
174,117,291
175,158,333
188,135,323
195,143,338
201,148,349
154,147,301
170,137,307
171,122,293
186,157,343
215,132,347
203,142,345
205,131,336
189,116,305
200,161,361
219,126,345
196,128,324
209,174,383
193,146,339
231,125,356
237,147,384
224,132,356
220,122,342
198,91,289
178,108,286
180,130,310
167,112,279
166,107,273
162,156,318
172,151,323
187,140,327
184,145,329
142,169,311
139,166,305
138,163,301
131,155,286
123,147,270
140,141,281
139,160,299
142,173,315
140,180,320
149,171,320
167,150,317
189,116,305
178,112,290
174,118,292
146,111,257
131,110,241
135,105,240
134,101,235
128,113,241
123,118,241
114,131,245
114,131,245
141,122,263
148,121,269
141,124,265
125,125,250
154,149,303
181,148,329
185,148,333
164,149,313
135,155,290
135,168,303
116,188,304
127,194,321
127,191,318
140,178,318
159,154,313
174,125,299
180,126,306
167,123,290
152,127,279
141,134,275
119,144,263
124,148,272
126,155,281
137,143,280
132,148,280
137,158,295
129,173,302
142,171,313
138,181,319
148,171,319
140,176,316
140,168,308
137,158,295
141,152,293
147,136,283
160,115,275
142,127,269
158,115,273
157,100,257
154,99,253
119,148,267
178,112,290
190,102,292
190,103,293
144,102,246
154,125,279
153,130,283
177,167,344
191,165,356
216,138,354
191,130,321
159,138,297
132,142,274
151,132,283
175,130,305
169,138,307
158,139,297
149,128,277
163,115,278
163,113,276
151,114,265
150,105,255
149,82,231
143,127,270
130,126,256
141,119,260
156,114,270
157,107,264
160,95,255
153,82,235
141,126,267
145,119,264
146,122,268
158,115,273
161,135,296
185,103,288
186,103,289
180,126,306
169,98,267
185,129,314
179,134,313
140,138,278
154,122,276
140,120,260
154,145,299
151,137,288
155,124,279
163,122,285
175,100,275
173,119,292
174,115,289
157,117,274
157,116,273
150,114,264
154,107,261
161,125,286
169,117,286
162,107,269
151,119,270
157,142,299
157,137,294
175,129,304
178,138,316
201,138,339
187,162,349
215,125,340
204,102,306
217,138,355
174,130,304
146,119,265
157,99,256
142,115,257
149,133,282
147,140,287
148,134,282
158,114,272
149,106,255
150,96,246
141,95,236
143,137,280
146,135,281
141,136,277
164,165,329
187,237,424
342,140,482
349,126,475
311,157,468
201,188,389
222,164,386
224,182,406
198,174,372
185,161,346
182,170,352
196,152,348
202,138,340
210,143,353
198,124,322
180,116,296
178,109,287
168,138,306
170,138,308
191,116,307
192,119,311
179,122,301
167,132,299
155,128,283
144,137,281
166,128,294
166,126,292
172,126,298
170,142,312
180,137,317
186,119,305
166,110,276
154,128,282
178,136,314
193,147,340
225,118,343
199,114,313
179,109,288
141,95,236
157,122,279
153,133,286
146,155,301
124,341,465
142,343,485
152,369,521
287,248,535
292,231,523
307,217,524
216,216,432
195,215,410
155,219,374
179,172,351
206,148,354
212,149,361
162,165,327
183,152,335
215,172,387
268,126,394
271,139,410
249,108,357
205,132,337
196,141,337
168,141,309
169,131,300
161,117,278
169,115,284
166,146,312
179,140,319
169,152,321
160,145,305
145,126,271
155,110,265
156,105,261
158,92,250
154,108,262
150,129,279
149,135,284
148,133,281
148,134,282
148,135,283
145,129,274
146,130,276
141,134,275
153,125,278
148,135,283
151,175,326
126,190,316
138,190,328
156,172,328
162,161,323
160,146,306
144,151,295
113,141,254
125,144,269
135,151,286
130,155,285
118,151,269
126,159,285
130,165,295
126,178,304
120,178,298
152,180,332
166,181,347
175,199,374
169,199,368
171,172,343
201,147,348
193,135,328
187,116,303
179,135,314
186,122,308
184,120,304
186,134,320
181,124,305
186,156,342
201,123,324
207,135,342
212,121,333
174,117,291
179,130,309
148,142,290
178,160,338
200,154,354
221,156,377
220,152,372
170,160,330
183,129,312
184,126,310
182,156,338
197,155,352
197,204,401
187,218,405
171,216,387
167,207,374
194,176,370
187,168,355
224,131,355
238,129,367
258,117,375
239,130,369
185,141,326
171,131,302
196,154,350
238,121,359
230,109,339
193,111,304
145,104,249
136,108,244
147,97,244
137,98,235
134,105,239
124,106,230
136,95,231
153,115,268
126,137,263
140,145,285
131,159,290
140,154,294
134,158,292
140,172,312
127,214,341
136,211,347
140,212,352
173,173,346
183,171,354
184,191,375
144,217,361
130,237,367
144,232,376
155,225,380
197,195,392
221,165,386
221,161,382
175,162,337
153,165,318
130,175,305
140,176,316
140,171,311
143,184,327
142,185,327
140,190,330
148,182,330
143,184,327
136,191,327
150,170,320
171,151,322
174,148,322
156,153,309
138,154,292
141,145,286
143,146,289
144,145,289
146,139,285
150,144,294
143,147,290
141,146,287
145,147,292
142,146,288
135,149,284
140,148,288
148,149,297
149,147,296
142,145,287
132,156,288
130,157,287
138,153,291
143,153,296
141,151,292
131,151,282
136,155,291
144,148,292
144,154,298
149,150,299
142,147,289
141,146,287
145,142,287
152,136,288
150,139,289
148,136,284
142,134,276
140,138,278
146,130,276
136,141,277
140,146,286
139,143,282
140,150,290
139,150,289
130,153,283
135,156,291
132,155,287
139,164,303
140,169,309
138,166,304
129,164,293
143,152,295
174,123,297
177,119,296
183,120,303
153,128,281
145,130,275
128,141,269
118,150,268
119,168,287
137,162,299
131,163,294
129,162,291
138,151,289
135,156,291
132,162,294
135,153,288
144,150,294
151,159,310
142,154,296
147,136,283
172,113,285
189,157,346
194,147,341
207,173,380
165,180,345
133,173,306
148,166,314
157,148,305
146,148,294
153,136,289
146,122,268
155,109,264
157,103,260
146,130,276
153,124,277
150,114,264
133,107,240
125,96,221
135,90,225
145,109,254
143,130,273
146,138,284
133,144,277
164,113,277
174,113,287
189,126,315
176,115,291
161,118,279
157,131,288
171,180,351
209,136,345
198,152,350
169,164,333
90,171,261
125,180,305
126,211,337
129,219,348
121,214,335
159,187,346
191,157,348
241,113,354
225,115,340
203,116,319
170,119,289
168,152,320
179,147,326
168,160,328
163,162,325
143,178,321
167,192,359
173,201,374
187,181,368
196,159,355
208,132,340
201,113,314
190,112,302
169,155,324
188,121,309
195,112,307
185,121,306
150,116,266
148,124,272
157,123,280
152,127,279
171,111,282
170,163,333
186,154,340
163,154,317
170,146,316
159,127,286
168,116,284
152,112,264
158,100,258
169,188,357
207,148,355
233,104,337
227,82,309
159,128,287
134,136,270
124,124,248
149,117,266
143,126,269
114,135,249
131,141,272
141,177,318
192,143,335
206,146,352
212,135,347
161,135,296
149,134,283
131,150,281
131,176,307
129,208,337
142,233,375
172,225,397
192,208,400
222,182,404
244,158,402
243,151,394
227,135,362
205,146,351
208,215,423
264,174,438
318,159,477
315,132,447
237,122,359
210,103,313
168,100,268
151,103,254
135,143,278
162,113,275
181,83,264
181,100,281
157,105,262
138,93,231
151,108,259
148,111,259
149,129,278
141,139,280
140,169,309
128,177,305
131,167,298
144,168,312
152,162,314
148,160,308
157,150,307
149,153,302
156,167,323
140,169,309
135,166,301
131,184,315
138,203,341
109,202,311
151,196,347
164,170,334
193,136,329
183,115,298
185,101,286
156,97,253
141,112,253
149,115,264
164,109,273
180,127,307
177,137,314
168,164,332
188,132,320
195,146,341
200,133,333
162,115,277
174,96,270
168,123,291
153,117,270
164,129,293
180,113,293
179,129,308
176,161,337
167,156,323
174,171,345
180,210,390
178,210,388
187,211,398
210,191,401
225,166,391
244,125,369
245,142,387
240,141,381
236,120,356
197,113,310
184,169,353
199,136,335
191,118,309
174,115,289
121,120,241
134,121,255
169,144,313
197,137,334
196,140,336
158,134,292
131,138,269
105,139,244
137,148,285
125,156,281
131,162,293
106,194,300
123,195,318
111,194,305
147,169,316
176,147,323
184,161,345
161,165,326
127,172,299
112,168,280
123,168,291
126,170,296
138,162,300
132,166,298
133,170,303
122,177,299
124,174,298
124,174,298
140,152,292
156,152,308
150,165,315
154,242,396
298,122,420
315,105,420
291,111,402
158,107,265
156,108,264
157,143,300
166,119,285
170,113,283
162,101,263
165,128,293
162,136,298
155,133,288
154,121,275
136,119,255
149,261,410
155,256,411
164,247,411
174,220,394
234,145,379
239,150,389
267,110,377
196,103,299
186,119,305
153,96,249
169,116,285
155,130,285
136,129,265
137,122,259
163,126,289
193,125,318
195,114,309
186,101,287
154,101,255
149,105,254
127,108,235
130,112,242
133,106,239
127,106,233
142,96,238
143,129,272
152,146,298
153,148,301
141,144,285
127,135,262
141,116,257
150,101,251
140,93,233
132,128,260
143,115,258
153,113,266
155,107,262
154,96,250
147,146,293
161,144,305
162,137,299
178,128,306
160,135,295
155,155,310
154,150,304
172,136,308
159,135,294
144,151,295
124,153,277
127,150,277
144,140,284
148,144,292
135,153,288
135,162,297
153,193,346
158,202,360
172,193,365
177,176,353
186,166,352
164,177,341
147,186,333
121,189,310
125,192,317
147,188,335
166,169,335
164,162,326
145,154,299
133,144,277
134,145,279
141,131,272
160,123,283
178,86,264
183,134,317
176,126,302
151,104,255
162,121,283
148,107,255
161,91,252
161,97,258
146,89,235
143,103,246
144,130,274
149,126,275
158,127,285
163,136,299
171,115,286
182,105,287
171,91,262
135,140,275
159,122,281
159,114,273
173,117,290
160,115,275
187,85,272
164,106,270
150,116,266
113,119,232
123,124,247
116,132,248
121,144,265
114,149,263
127,159,286
135,160,295
136,163,299
132,176,308
128,178,306
116,177,293
124,184,308
134,178,312
152,165,317
172,177,349
165,186,351
159,184,343
144,191,335
156,193,349
162,175,337
204,156,360
196,159,355
192,133,325
175,200,375
204,182,386
211,164,375
192,167,359
100,176,276
154,175,329
168,163,331
202,140,342
194,140,334
177,165,342
160,163,323
160,160,320
158,189,347
147,207,354
152,207,359
153,214,367
155,218,373
163,197,360
165,170,335
184,147,331
210,107,317
203,122,325
197,131,328
192,142,334
209,117,326
210,115,325
197,137,334
174,162,336
177,156,333
145,152,297
159,111,270
156,89,245
175,92,267
133,124,257
143,137,280
141,121,262
150,121,271
148,123,271
112,118,230
132,155,287
168,147,315
171,152,323
190,174,364
196,163,359
233,123,356
247,124,371
226,123,349
194,138,332
196,114,310
183,106,289
170,136,306
164,119,283
170,121,291
175,142,317
149,139,288
159,111,270
160,105,265
167,91,258
128,90,218
114,90,204
126,89,215
119,145,264
137,144,281
140,148,288
150,151,301
125,154,279
153,156,309
134,170,304
159,136,295
162,145,307
158,145,303
132,151,283
125,142,267
133,126,259
168,132,300
180,127,307
187,112,299
173,142,315
156,147,303
170,151,321
149,166,315
135,194,329
150,198,348
148,210,358
127,207,334
129,188,317
169,190,359
176,175,351
145,206,351
144,219,363
115,231,346
124,236,360
155,184,339
181,186,367
180,185,365
175,174,349
180,180,360
187,170,357
165,180,345
182,163,345
153,160,313
169,161,330
169,147,316
167,131,298
183,121,304
181,114,295
194,144,338
190,139,329
207,114,321
203,145,348
194,129,323
187,111,298
195,104,299
176,134,310
182,160,342
202,125,327
211,171,382
218,132,350
214,130,344
232,163,395
201,172,373
204,147,351
238,130,368
225,137,362
201,141,342
149,155,304
123,161,284
122,135,257
160,109,269
178,89,267
163,136,299
143,139,282
151,137,288
143,146,289
131,159,290
136,175,311
155,158,313
150,166,316
190,134,324
182,126,308
168,111,279
155,102,257
147,130,277
159,155,314
160,139,299
169,140,309
173,149,322
138,173,311
156,178,334
131,203,334
113,216,329
96,212,308
160,173,333
177,168,345
177,167,344
161,168,329
155,155,310
144,168,312
160,159,319
150,151,301
148,131,279
154,115,269
177,98,275
181,177,358
190,181,371
189,151,340
164,145,309
119,139,258
151,107,258
159,126,285
170,111,281
180,104,284
153,162,315
163,145,308
151,152,303
154,158,312
103,154,257
127,165,292
114,176,290
126,171,297
119,173,292
133,146,279
155,111,266
198,132,330
174,144,318
154,139,293
147,139,286
132,142,274
132,145,277
139,137,276
139,141,280
138,139,277
141,134,275
132,154,286
123,167,290
122,186,308
122,199,321
121,206,327
143,190,333
166,178,344
162,176,338
149,181,330
136,174,310
152,168,320
150,167,317
132,166,298
131,157,288
130,151,281
112,146,258
140,139,279
145,136,281
150,122,272
147,128,275
169,119,288
188,106,294
183,103,286
160,96,256
141,117,258
144,125,269
141,128,269
145,124,269
161,92,253
171,121,292
195,169,364
182,153,335
193,135,328
167,121,288
157,110,267
170,95,265
161,141,302
161,126,287
159,113,272
163,100,263
150,120,270
165,122,287
164,106,270
159,99,258
151,152,303
158,144,302
162,134,296
165,123,288
146,104,250
162,98,260
159,150,309
157,145,302
154,142,296
157,129,286
114,118,232
159,103,262
163,137,300
166,133,299
166,116,282
157,108,265
147,96,243
159,131,290
163,147,310
196,107,303
190,111,301
187,104,291
147,99,246
145,101,246
148,108,256
152,127,279
161,161,322
194,121,315
202,104,306
202,99,301
149,160,309
155,152,307
165,133,298
162,119,281
143,104,247
163,114,277
167,105,272
165,102,267
163,119,282
156,114,270
154,112,266
151,109,260
142,108,250
151,112,263
144,142,286
150,130,280
157,117,274
168,104,272
173,146,319
177,131,308
188,122,310
179,168,347
196,157,353
222,156,378
251,152,403
246,142,388
241,160,401
220,150,370
205,163,368
229,161,390
236,132,368
265,150,415
240,139,379
228,162,390
207,160,367
190,155,345
183,150,333
171,156,327
194,140,334
193,124,317
205,103,308
180,171,351
185,167,352
189,162,351
182,156,338
128,155,283
164,150,314
166,205,371
175,221,396
169,209,378
211,156,367
243,100,343
239,153,392
202,163,365
208,124,332
215,122,337
204,119,323
152,108,260
153,118,271
145,149,294
135,331,466
140,346,486
143,382,525
198,346,544
295,250,545
398,209,607
435,147,582
338,134,472
228,129,357
172,123,295
181,139,320
183,141,324
161,123,284
148,114,262
147,150,297
181,186,367
217,155,372
218,149,367
179,161,340
145,170,315
136,172,308
141,165,306
147,169,316
163,157,320
153,152,305
173,133,306
165,140,305
171,121,292
150,125,275
144,135,279
142,121,263
136,145,281
135,153,288
136,158,294
163,139,302
176,139,315
157,158,315
142,170,312
143,167,310
145,167,312
151,163,314
137,192,329
175,175,350
199,163,362
222,134,356
208,137,345
201,148,349
199,118,317
204,124,328
199,127,326
168,121,289
167,116,283
168,109,277
170,104,274
160,149,309
169,167,336
169,165,334
178,156,334
152,158,310
175,157,332
173,165,338
172,182,354
182,181,363
189,199,388
191,184,375
209,140,349
210,114,324
192,113,305
152,120,272
162,117,279
171,110,281
178,201,379
184,176,360
168,179,347
188,151,339
117,131,248
178,89,267
172,143,315
166,139,305
176,97,273
170,97,267
126,85,211
137,108,245
138,114,252
135,112,247
152,145,297
175,139,314
173,142,315
159,135,294
136,146,282
129,158,287
128,166,294
127,179,306
121,179,300
117,175,292
139,149,288
181,108,289
191,135,326
185,121,306
165,107,272
159,91,250
143,133,276
145,141,286
154,133,287
146,124,270
138,121,259
145,111,256
153,96,249
143,162,305
153,151,304
153,145,298
158,142,300
141,140,281
148,145,293
153,152,305
148,150,298
157,149,306
154,155,309
155,161,316
147,162,309
140,196,336
144,212,356
140,207,347
137,199,336
169,176,345
190,173,363
166,175,341
195,144,339
191,129,320
191,154,345
182,133,315
206,151,357
226,119,345
190,105,295
192,175,367
204,124,328
228,133,361
228,135,363
200,188,388
216,168,384
263,122,385
249,110,359
194,118,312
144,110,254
133,106,239
129,94,223
135,95,230
132,97,229
121,98,219
132,101,233
115,101,216
121,100,221
119,98,217
123,124,247
128,148,276
141,150,291
143,154,297
136,152,288
149,134,283
179,101,280
177,91,268
172,145,317
166,140,306
148,138,286
148,143,291
118,138,256
139,147,286
136,170,306
166,146,312
180,135,315
198,127,325
176,114,290
190,112,302
180,103,283
184,142,326
177,153,330
172,150,322
159,147,306
146,147,293
141,154,295
135,148,283
134,132,266
147,115,262
144,103,247
137,103,240
132,137,269
166,113,279
177,110,287
185,102,287
154,130,284
169,120,289
165,99,264
161,125,286
152,120,272
153,104,257
153,93,246
148,120,268
152,113,265
150,107,257
145,90,235
145,140,285
152,148,300
193,109,302
194,137,331
166,122,288
164,107,271
158,105,263
157,165,322
211,114,325
230,124,354
221,159,380
160,178,338
149,198,347
139,201,340
137,190,327
140,175,315
182,128,310
178,130,308
183,125,308
148,121,269
161,156,317
189,126,315
207,97,304
198,141,339
172,118,290
186,110,296
185,102,287
147,135,282
173,122,295
162,158,320
201,131,332
217,165,382
242,150,392
201,160,361
184,157,341
153,142,295
160,126,286
174,120,294
176,146,322
212,139,351
218,124,342
210,104,314
179,134,313
168,158,326
167,167,334
178,154,332
160,176,336
163,191,354
162,255,417
188,239,427
194,237,431
192,230,422
193,209,402
189,211,400
176,211,387
176,197,373
167,190,357
172,186,358
181,156,337
193,143,336
181,141,322
156,136,292
129,141,270
127,143,270
128,148,276
127,184,311
138,197,335
132,203,335
144,198,342
151,202,353
157,206,363
168,199,367
168,186,354
166,199,365
171,219,390
181,212,393
172,225,397
181,213,394
188,194,382
210,173,383
230,137,367
214,155,369
182,149,331
170,134,304
164,143,307
150,161,311
134,170,304
128,164,292
142,163,305
152,161,313
139,159,298
123,160,283
116,193,309
119,203,322
126,208,334
145,187,332
190,153,343
193,150,343
205,121,326
172,115,287
174,131,305
155,144,299
130,159,289
141,158,299
141,176,317
134,176,310
141,171,312
142,185,327
137,181,318
151,167,318
170,168,338
171,165,336
144,189,333
156,214,370
146,234,380
154,234,388
161,224,385
172,215,387
222,179,401
239,169,408
240,133,373
200,114,314
192,173,365
181,173,354
193,156,349
194,143,337
168,137,305
158,135,293
150,131,281
154,116,270
164,193,357
188,182,370
180,174,354
178,160,338
113,156,269
183,162,345
212,165,377
219,179,398
190,185,375
133,190,323
155,178,333
175,140,315
192,134,326
182,141,323
140,145,285
136,148,284
120,153,273
130,153,283
130,151,281
147,152,299
159,138,297
164,138,302
158,132,290
149,127,276
149,113,262
170,154,324
190,154,344
172,157,329
171,160,331
140,145,285
155,136,291
192,113,305
186,100,286
175,123,298
157,120,277
150,109,259
150,96,246
144,121,265
156,112,268
148,113,261
144,99,243
139,137,276
138,138,276
154,135,289
158,141,299
134,151,285
134,145,279
142,119,261
136,116,252
154,111,265
137,107,244
148,102,250
137,95,232
139,118,257
144,116,260
150,172,322
181,164,345
188,160,348
166,163,329
132,167,299
142,173,315
153,162,315
155,179,334
148,197,345
139,195,334
126,192,318
132,184,316
155,170,325
157,176,333
148,174,322
129,171,300
130,161,291
138,143,281
136,132,268
146,120,266
137,109,246
134,103,237
120,96,216
128,84,212
133,120,253
141,112,253
145,101,246
145,134,279
148,131,279
135,130,265
162,126,288
150,123,273
165,106,271
156,107,263
149,124,273
154,116,270
149,119,268
147,130,277
121,132,253
112,142,254
137,135,272
134,139,273
129,142,271
135,139,274
149,136,285
147,162,309
140,171,311
104,178,282
127,182,309
122,185,307
132,201,333
133,194,327
135,188,323
148,183,331
137,176,313
142,186,328
137,185,322
115,190,305
137,254,391
143,326,469
144,340,484
132,340,472
285,195,480
321,165,486
313,156,469
175,159,334
153,152,305
158,162,320
188,152,340
174,156,330
164,149,313
162,113,275
189,167,356
222,138,360
213,127,340
171,120,291
120,113,233
141,117,258
151,177,328
172,222,394
289,117,406
283,150,433
267,138,405
187,121,308
192,107,299
176,116,292
171,132,303
162,125,287
157,125,282
132,134,266
121,142,263
136,141,277
132,159,291
137,162,299
132,164,296
137,164,301
134,171,305
142,168,310
152,166,318
162,161,323
157,177,334
152,166,318
143,162,305
142,161,303
160,131,291
174,112,286
187,96,283
174,145,319
185,135,320
204,187,391
244,161,405
256,134,390
265,165,430
253,154,407
254,165,419
246,154,400
215,162,377
182,162,344
148,176,324
167,195,362
156,213,369
153,216,369
145,210,355
152,207,359
184,177,361
209,158,367
224,148,372
211,158,369
223,135,358
230,131,361
223,174,397
224,144,368
225,141,366
203,151,354
145,179,324
152,197,349
142,229,371
146,242,388
138,257,395
176,243,419
198,233,431
221,223,444
216,204,420
215,168,383
213,142,355
219,107,326
198,96,294
169,133,302
163,154,317
169,145,314
172,128,300
162,138,300
167,145,312
179,122,301
180,111,291
182,103,285
161,90,251
159,158,317
198,110,308
197,106,303
196,97,293
137,96,233
144,126,270
143,115,258
157,105,262
160,100,260
136,105,241
141,95,236
141,101,242
129,101,230
133,98,231
133,179,312
174,158,332
225,138,363
236,145,381
204,146,350
224,110,334
224,135,359
199,163,362
218,138,356
207,142,349
228,105,333
204,158,362
239,146,385
226,128,354
219,115,334
159,106,265
152,90,242
136,102,238
147,99,246
141,143,284
147,148,295
177,127,304
180,136,316
172,135,307
145,146,291
144,158,302
139,159,298
146,155,301
143,164,307
145,158,303
132,168,300
118,162,280
125,152,277
132,157,289
139,159,298
147,144,291
158,129,287
155,119,274
170,141,311
171,132,303
186,98,284
185,168,353
160,165,325
159,156,315
141,142,283
143,125,268
162,110,272
174,108,282
181,126,307
177,135,312
191,168,359
220,154,374
238,157,395
241,116,357
203,128,331
212,112,324
165,106,271
156,103,259
152,191,343
192,173,365
199,164,363
202,153,355
173,142,315
174,137,311
207,131,338
192,143,335
185,137,322
165,154,319
165,172,337
167,198,365
172,179,351
185,152,337
174,135,309
179,128,307
162,119,281
146,142,288
138,169,307
113,185,298
129,198,327
135,199,334
139,198,337
121,203,324
143,177,320
156,177,333
149,165,314
151,164,315
179,146,325
185,139,324
160,140,300
141,156,297
146,147,293
155,134,289
161,126,287
165,124,289
165,118,283
172,113,285
166,121,287
150,131,281
143,150,293
140,167,307
141,184,325
138,216,354
134,237,371
137,249,386
153,265,418
201,245,446
203,241,444
205,222,427
186,189,375
212,163,375
203,151,354
178,147,325
159,134,293
179,103,282
172,100,272
166,84,250
140,105,245
132,107,239
122,106,228
129,100,229
133,98,231
128,93,221
144,78,222
129,127,256
124,135,259
132,136,268
148,132,280
148,125,273
146,118,264
139,130,269
115,131,246
119,137,256
137,124,261
137,120,257
144,125,269
131,158,289
132,189,321
128,203,331
141,202,343
154,194,348
151,193,344
153,192,345
147,195,342
157,195,352
147,201,348
150,205,355
144,199,343
158,188,346
166,178,344
153,176,329
132,175,307
143,167,310
134,172,306
142,167,309
144,163,307
146,175,321
135,176,311
132,180,312
131,174,305
144,164,308
144,153,297
154,147,301
137,138,275
132,133,265
134,131,265
132,130,262
125,131,256
145,128,273
176,98,274
187,138,325
171,137,308
157,130,287
149,133,282
139,134,273
125,134,259
131,127,258
129,128,257
141,127,268
125,136,261
125,137,262
120,128,248
134,119,253
147,116,263
171,140,311
198,105,303
175,90,265
171,119,290
137,138,275
129,139,268
136,147,283
142,147,289
119,148,267
121,151,272
118,156,274
122,156,278
126,153,279
133,148,281
138,144,282
141,153,294
135,154,289
135,157,292
145,149,294
146,154,300
129,153,282
127,158,285
123,166,289
121,157,278
127,155,282
145,146,291
143,151,294
135,142,277
136,127,263
183,132,315
199,106,305
193,90,283
165,90,255
136,91,227
126,144,270
149,121,270
174,104,278
177,98,275
148,100,248
138,139,277
164,152,316
203,140,343
234,108,342
207,104,311
180,100,280
159,125,284
163,122,285
167,119,286
157,103,260
153,114,267
153,121,274
157,116,273
153,106,259
152,89,241
152,123,275
147,117,264
164,100,264
165,103,268
159,90,249
146,163,309
177,137,314
174,131,305
190,116,306
161,104,265
177,138,315
187,160,347
178,177,355
165,184,349
136,178,314
150,155,305
149,151,300
167,166,333
168,176,344
170,168,338
177,154,331
175,153,328
172,146,318
142,151,293
154,144,298
162,147,309
171,149,320
186,134,320
175,142,317
182,131,313
166,143,309
169,153,322
155,151,306
160,133,293
165,159,324
185,145,330
189,142,331
199,130,329
197,136,333
210,134,344
197,170,367
159,171,330
153,161,314
198,137,335
198,128,326
179,161,340
157,174,331
174,172,346
197,170,367
211,178,389
210,204,414
204,215,419
203,211,414
204,201,405
179,196,375
182,185,367
185,175,360
199,159,358
189,148,337
163,143,306
157,149,306
156,128,284
156,150,306
195,124,319
202,144,346
194,194,388
168,177,345
182,154,336
189,150,339
171,174,345
209,144,353
221,117,338
219,111,330
164,113,277
135,115,250
118,118,236
117,119,236
124,144,268
116,170,286
130,172,302
137,190,327
132,211,343
113,221,334
144,202,346
173,196,369
183,203,386
154,203,357
157,185,342
152,169,321
167,328,495
134,338,472
127,347,474
121,347,468
356,113,469
364,115,479
368,108,476
137,103,240
128,100,228
123,94,217
125,119,244
125,135,260
145,124,269
156,126,282
156,135,291
157,144,301
156,145,301
146,145,291
148,148,296
142,152,294
137,163,300
135,169,304
146,165,311
150,167,317
151,162,313
143,160,303
149,166,315
136,168,304
159,158,317
174,188,362
188,177,365
195,144,339
222,115,337
217,111,328
180,103,283
160,119,279
160,99,259
152,147,299
159,139,298
160,121,281
159,108,267
145,172,317
182,156,338
206,138,344
218,112,330
175,85,260
169,179,348
151,183,334
224,176,400
272,149,421
236,147,383
193,152,345
128,158,286
134,167,301
133,174,307
143,172,315
135,184,319
145,156,301
161,134,295
181,122,303
172,116,288
160,119,279
148,125,273
133,123,256
116,122,238
130,135,265
126,143,269
110,166,276
133,179,312
137,181,318
136,181,317
135,180,315
126,181,307
142,177,319
170,161,331
182,167,349
158,161,319
130,153,283
133,140,273
137,133,270
128,125,253
120,119,239
134,107,241
142,96,238
140,85,225
141,108,249
138,130,268
128,137,265
132,139,271
134,138,272
143,128,271
127,125,252
150,110,260
138,111,249
133,110,243
145,117,262
158,105,263
172,122,294
161,119,280
161,123,284
154,127,281
155,121,276
161,116,277
161,105,266
148,99,247
155,114,269
156,106,262
165,141,306
175,121,296
172,118,290
185,115,300
170,98,268
178,113,291
152,115,267
148,106,254
150,96,246
153,133,286
153,130,283
177,97,274
178,130,308
174,119,293
166,150,316
182,118,300
165,130,295
171,123,294
153,113,266
150,100,250
142,94,236
150,125,275
142,130,272
146,122,268
151,111,262
154,110,264
145,118,263
134,118,252
125,113,238
132,127,259
140,117,257
176,162,338
184,153,337
148,148,296
149,145,294
103,162,265
143,159,302
143,150,293
143,135,278
151,127,278
151,114,265
175,95,270
166,119,285
165,118,283
155,111,266
136,104,240
135,92,227
142,134,276
138,133,271
148,134,282
154,132,286
143,125,268
138,118,256
150,107,257
151,106,257
154,112,266
145,103,248
160,138,298
156,138,294
162,149,311
171,131,302
151,134,285
149,131,280
117,136,253
121,142,263
123,143,266
135,136,271
133,130,263
119,131,250
132,119,251
133,119,252
121,120,241
123,118,241
118,151,269
127,143,270
140,139,279
137,139,276
125,140,265
113,150,263
121,150,271
129,146,275
134,141,275
126,150,276
161,123,284
193,94,287
209,121,330
178,128,306
155,140,295
146,146,292
156,143,299
153,135,288
184,144,328
206,134,340
212,130,342
192,120,312
163,107,270
147,148,295
167,131,298
162,121,283
173,127,300
149,125,274
164,129,293
159,128,287
148,145,293
177,120,297
194,151,345
211,137,348
179,139,318
174,122,296
153,134,287
165,143,308
149,141,290
152,155,307
148,144,292
158,135,293
189,108,297
196,134,330
199,131,330
181,115,296
177,195,372
216,152,368
222,138,360
235,132,367
162,131,293
168,116,284
164,115,279
167,124,291
148,125,273
148,129,277
150,125,275
141,125,266
146,130,276
143,128,271
159,150,309
181,122,303
183,125,308
201,110,311
180,131,311
166,143,309
130,144,274
134,154,288
132,152,284
135,158,293
139,166,305
134,173,307
128,182,310
128,194,322
124,230,354
139,226,365
142,221,363
158,206,364
183,176,359
182,218,400
167,225,392
202,153,355
218,129,347
217,131,348
142,128,270
123,128,251
123,126,249
124,127,251
122,124,246
121,131,252
121,130,251
122,148,270
125,175,300
127,200,327
137,212,349
165,205,370
195,196,391
216,186,402
207,176,383
214,176,390
210,154,364
209,135,344
182,141,323
154,152,306
123,160,283
126,166,292
126,184,310
123,183,306
123,176,299
123,170,293
203,129,332
233,95,328
237,84,321
167,102,269
141,92,233
141,81,222
134,102,236
134,93,227
135,84,219
137,101,238
137,114,251
137,130,267
155,126,281
163,133,296
169,142,311
154,149,303
158,155,313
160,164,324
159,184,343
159,208,367
156,201,357
175,169,344
176,161,337
192,143,335
173,127,300
175,150,325
177,146,323
205,211,416
239,199,438
258,159,417
250,155,405
197,156,353
166,169,335
144,181,325
141,188,329
138,224,362
126,240,366
144,217,361
191,179,370
203,173,376
164,174,338
133,176,309
128,183,311
135,184,319
133,178,311
148,153,301
157,131,288
168,115,283
147,108,255
134,101,235
134,83,217
137,101,238
135,109,244
125,105,230
123,96,219
131,102,233
127,102,229
125,109,234
123,99,222
116,93,209
124,86,210
121,91,212
122,92,214
126,84,210
130,77,207
127,100,227
124,100,224
144,105,249
163,121,284
170,116,286
153,101,254
144,100,244
145,124,269
150,112,262
150,98,248
155,96,251
142,126,268
146,115,261
157,100,257
161,127,288
162,114,276
157,97,254
154,127,281
156,138,294
165,115,280
176,131,307
145,149,294
127,166,293
118,181,299
99,199,298
126,223,349
121,240,361
140,226,366
180,185,365
190,180,370
185,160,345
168,155,323
162,155,317
148,156,304
141,154,295
136,167,303
128,177,305
107,194,301
125,183,308
137,172,309
153,149,302
158,141,299
153,134,287
135,127,262
149,87,236
169,149,318
180,157,337
151,160,311
160,144,304
135,152,287
149,141,290
118,132,250
145,117,262
154,117,271
163,121,284
150,130,280
130,136,266
126,141,267
137,122,259
148,114,262
156,120,276
144,111,255
134,116,250
116,123,239
82,136,218
114,157,271
121,174,295
116,182,298
112,191,303
111,193,304
147,160,307
205,122,327
204,122,326
158,119,277
97,115,212
130,107,237
123,119,242
117,136,253
113,149,262
120,154,274
110,173,283
139,179,318
121,205,326
118,228,346
111,241,352
133,212,345
171,199,370
207,166,373
202,142,344
171,146,317
159,152,311
135,278,413
135,277,412
149,259,408
177,202,379
252,146,398
336,109,445
72,91,163
91,88,179
133,91,224
131,99,230
131,112,243
129,110,239
132,106,238
139,88,227
127,81,208
113,104,217
124,111,235
113,107,220
129,106,235
130,108,238
154,134,288
168,139,307
162,132,294
148,138,286
131,133,264
130,121,251
138,94,232
158,115,273
150,127,277
132,123,255
129,120,249
125,119,244
130,110,240
139,101,240
145,90,235
137,119,256
160,115,275
164,118,282
164,125,289
183,89,272
167,114,281
170,123,293
138,114,252
139,103,242
142,87,229
138,125,263
141,133,274
165,103,268
163,84,247
164,121,285
139,129,268
149,118,267
156,101,257
145,96,241
135,124,259
174,88,262
168,111,279
164,107,271
125,116,241
137,125,262
124,182,306
211,151,362
271,123,394
290,167,457
244,162,406
208,153,361
197,153,350
154,173,327
124,174,298
156,163,319
165,157,322
175,150,325
173,143,316
164,140,304
159,139,298
154,150,304
153,164,317
147,176,323
147,171,318
151,168,319
158,185,343
163,191,354
163,205,368
155,225,380
155,223,378
168,203,371
178,202,380
133,236,369
157,240,397
168,254,422
198,222,420
209,210,419
231,181,412
227,134,361
207,119,326
187,104,291
155,93,248
153,108,261
149,115,264
140,116,256
141,104,245
142,85,227
148,105,253
131,110,241
143,106,249
143,119,262
173,92,265
159,153,312
181,149,330
144,142,286
136,156,292
133,149,282
139,145,284
150,165,315
151,161,312
148,168,316
178,136,314
188,136,324
217,114,331
198,144,342
218,152,370
207,118,325
212,99,311
169,98,267
150,111,261
157,110,267
153,100,253
143,99,242
145,110,255
152,109,261
140,105,245
153,95,248
144,108,252
138,96,234
149,170,319
192,120,312
206,107,313
200,107,307
155,132,287
144,146,290
162,135,297
182,133,315
217,162,379
208,166,374
218,176,394
195,176,371
182,170,352
186,187,373
184,190,374
190,199,389
192,202,394
178,196,374
192,183,375
184,182,366
165,189,354
145,192,337
144,214,358
155,225,380
147,234,381
152,245,397
176,230,406
175,232,407
191,224,415
187,233,420
184,243,427
167,243,410
185,225,410
209,239,448
238,243,481
229,244,473
213,247,460
214,231,445
199,209,408
247,176,423
237,144,381
223,123,346
197,116,313
194,188,382
207,159,366
178,165,343
153,177,330
106,174,280
159,164,323
165,170,335
177,147,324
182,136,318
207,123,330
201,122,323
190,116,306
167,183,350
183,176,359
212,175,387
195,193,388
170,186,356
149,198,347
157,196,353
136,195,331
157,184,341
173,175,348
195,160,355
177,178,355
191,156,347
213,125,338
237,147,384
232,122,354
210,152,362
210,158,368
191,167,358
187,164,351
181,148,329
157,144,301
192,125,317
183,114,297
176,111,287
158,112,270
158,135,293
184,127,311
202,180,382
221,179,400
216,190,406
247,175,422
204,169,373
224,187,411
216,182,398
225,167,392
231,157,388
223,151,374
213,172,385
213,223,436
213,228,441
223,223,446
226,243,469
221,253,474
241,233,474
240,224,464
272,183,455
250,182,432
223,206,429
187,211,398
245,172,417
281,155,436
288,202,490
264,153,417
222,160,382
266,150,416
216,158,374
224,159,383
225,146,371
200,162,362
199,169,368
162,176,338
187,172,359
182,172,354
182,171,353
189,145,334
198,128,326
208,144,352
210,152,362
187,164,351
155,189,344
152,215,367
177,212,389
209,182,391
224,172,396
215,181,396
217,180,397
220,164,384
208,162,370
226,130,356
218,168,386
223,155,378
187,192,379
203,187,390
195,171,366
199,157,356
210,147,357
213,120,333
206,109,315
206,131,337
166,134,300
169,152,321
139,181,320
131,179,310
142,181,323
136,185,321
125,185,310
134,169,303
154,159,313
147,153,300
142,158,300
122,161,283
127,156,283
140,146,286
142,148,290
115,143,258
124,163,287
126,160,286
134,153,287
114,151,265
59,149,208
84,144,228
113,158,271
121,160,281
123,168,291
119,198,317
112,219,331
122,227,349
127,226,353
172,181,353
183,168,351
187,157,344
171,145,316
168,123,291
163,107,270
170,127,297
169,123,292
164,106,270
158,166,324
154,160,314
182,139,321
184,140,324
148,122,270
165,105,270
154,94,248
147,138,285
155,145,300
160,138,298
166,130,296
174,105,279
189,115,304
189,124,313
173,147,320
163,153,316
155,156,311
157,172,329
169,166,335
184,153,337
186,150,336
219,182,401
220,173,393
226,186,412
172,216,388
136,242,378
152,256,408
178,235,413
215,207,422
201,201,402
226,172,398
215,157,372
204,140,344
193,143,336
181,145,326
200,132,332
201,137,338
215,109,324
193,97,290
165,153,318
149,185,334
161,193,354
151,188,339
161,177,338
162,169,331
157,169,326
138,162,300
147,165,312
144,177,321
160,150,310
157,154,311
158,152,310
116,148,264
133,145,278
146,130,276
131,129,260
131,128,259
123,149,272
117,167,284
122,171,293
131,164,295
150,151,301
176,132,308
197,130,327
214,159,373
218,152,370
202,137,339
184,139,323
160,137,297
138,136,274
147,155,302
142,172,314
124,193,317
133,189,322
136,187,323
133,188,321
149,182,331
159,166,325
163,175,338
137,170,307
147,157,304
145,151,296
150,153,303
123,155,278
127,167,294
127,188,315
129,189,318
130,191,321
155,172,327
179,143,322
181,135,316
181,141,322
152,131,283
146,120,266
147,114,261
137,101,238
158,129,287
172,131,303
173,120,293
177,105,282
152,88,240
137,113,250
154,104,258
138,95,233
141,107,248
142,110,252
139,106,245
139,111,250
146,117,263
133,137,270
142,134,276
182,117,299
195,120,315
207,106,313
178,101,279
164,102,266
153,133,286
146,196,342
183,292,475
267,313,580
309,313,622
311,271,582
228,211,439
273,150,423
245,121,366
252,154,406
221,125,346
193,139,332
168,150,318
150,118,268
162,110,272
148,116,264
134,111,245
128,110,238
127,112,239
126,114,240
126,120,246
130,115,245
128,116,244
127,116,243
124,110,234
125,113,238
130,114,244
127,120,247
129,117,246
124,116,240
123,121,244
125,136,261
128,146,274
134,160,294
135,163,298
159,143,302
182,127,309
202,151,353
193,130,323
205,157,362
207,139,346
219,166,385
248,151,399
232,127,359
210,109,319
173,95,268
165,132,297
167,118,285
163,107,270
165,101,266
148,159,307
166,155,321
165,143,308
157,129,286
142,114,256
167,100,267
166,124,290
163,127,290
156,132,288
152,128,280
137,132,269
147,136,283
145,141,286
146,158,304
143,159,302
164,134,298
181,110,291
178,114,292
167,152,319
170,132,302
180,115,295
175,141,316
157,136,293
150,113,263
161,103,264
149,104,253
101,106,207
125,121,246
115,138,253
122,158,280
119,173,292
121,205,326
123,231,354
118,250,368
142,229,371
196,191,387
211,199,410
196,215,411
286,129,415
276,134,410
283,130,413
189,134,323
147,135,282
140,141,281
143,164,307
133,193,326
143,196,339
151,206,357
147,230,377
139,239,378
175,206,381
188,182,370
202,165,367
170,144,314
159,127,286
157,110,267
139,101,240
137,120,257
149,118,267
158,110,268
162,100,262
161,127,288
148,125,273
153,120,273
156,101,257
157,130,287
169,121,290
166,130,296
149,137,286
152,128,280
139,122,261
143,120,263
157,149,306
188,132,320
173,134,307
186,119,305
172,129,301
174,139,313
169,135,304
149,113,262
160,114,274
164,101,265
163,113,276
153,128,281
125,134,259
148,131,279
155,111,266
160,102,262
171,92,263
157,133,290
162,129,291
160,114,274
157,105,262
159,92,251
147,131,278
159,128,287
159,120,279
161,113,274
157,101,258
131,125,256
163,137,300
160,126,286
193,142,335
191,120,311
195,115,310
189,111,300
155,133,288
152,168,320
131,156,287
156,118,274
179,115,294
177,109,286
151,122,273
173,155,328
182,144,326
186,159,345
155,157,312
138,162,300
147,157,304
149,145,294
170,137,307
188,130,318
195,149,344
206,159,365
202,166,368
185,172,357
180,165,345
186,186,372
190,181,371
202,167,369
193,164,357
179,166,345
165,167,332
158,180,338
151,194,345
144,188,332
146,186,332
156,191,347
187,161,348
186,158,344
193,155,348
164,148,312
153,145,298
149,130,279
174,150,324
183,178,361
203,167,370
203,139,342
189,144,333
200,145,345
195,147,342
195,151,346
169,142,311
150,125,275
140,110,250
145,105,250
138,107,245
140,97,237
144,138,282
164,119,283
178,101,279
159,112,271
147,101,248
137,125,262
121,141,262
124,146,270
134,148,282
132,148,280
135,153,288
131,140,271
137,142,279
131,146,277
129,160,289
125,176,301
120,189,309
167,164,331
179,182,361
211,164,375
193,163,356
175,168,343
146,158,304
174,120,294
198,106,304
210,106,316
192,121,313
181,122,303
185,113,298
181,140,321
170,112,282
156,108,264
148,94,242
155,117,272
162,126,288
151,122,273
152,115,267
160,103,263
158,99,257
155,102,257
146,96,242
139,130,269
140,119,259
147,108,255
139,103,242
132,111,243
120,114,234
118,125,243
117,124,241
129,125,254
127,121,248
140,112,252
141,104,245
129,105,234
130,120,250
126,120,246
130,131,261
125,129,254
134,115,249
137,110,247
145,94,239
140,91,231
140,125,265
140,139,279
154,153,307
183,126,309
186,114,300
188,106,294
158,177,335
187,161,348
199,156,355
206,175,381
168,182,350
209,146,355
202,161,363
211,163,374
199,185,384
222,164,386
235,148,383
217,145,362
161,147,308
167,131,298
147,141,288
142,142,284
122,146,268
131,148,279
135,152,287
132,154,286
150,150,300
155,146,301
153,145,298
184,103,287
186,105,291
183,91,274
156,121,277
148,123,271
143,129,272
131,128,259
122,132,254
120,177,297
127,201,328
118,208,326
159,184,343
181,170,351
195,162,357
158,166,324
151,195,346
153,183,336
150,191,341
164,187,351
154,162,316
197,138,335
203,121,324
180,119,299
169,107,276
147,123,270
155,104,259
177,104,281
175,120,295
133,125,258
141,122,263
138,127,265
127,133,260
121,126,247
119,121,240
125,111,236
121,101,222
127,94,221
127,91,218
130,90,220
130,107,237
136,107,243
142,96,238
144,84,228
139,133,272
135,135,270
148,126,274
139,121,260
136,118,254
139,132,271
129,133,262
141,117,258
139,105,244
133,106,239
133,148,281
150,129,279
162,112,274
149,95,244
151,129,280
152,130,282
146,121,267
132,125,257
127,129,256
127,127,254
123,127,250
128,122,250
129,121,250
136,115,251
130,114,244
119,116,235
123,119,242
122,129,251
125,142,267
125,169,294
136,161,297
165,120,285
173,100,273
173,106,279
163,94,257
141,157,298
195,112,307
189,107,296
190,133,323
169,119,288
184,109,293
183,94,277
159,130,289
159,121,280
158,128,286
176,100,276
167,99,266
159,100,259
129,104,233
121,109,230
122,125,247
135,137,272
145,125,270
146,115,261
135,116,251
143,112,255
142,117,259
114,144,258
127,144,271
127,151,278
123,148,271
151,125,276
132,120,252
153,105,258
145,111,256
129,137,266
117,145,262
133,143,276
134,149,283
127,154,281
125,167,292
120,180,300
121,203,324
119,215,334
135,201,336
152,177,329
173,175,348
153,190,343
138,203,341
124,201,325
131,208,339
156,213,369
191,190,381
185,205,390
179,208,387
140,213,353
156,211,367
169,183,352
172,163,335
168,157,325
144,162,306
126,165,291
128,159,287
133,159,292
140,154,294
130,275,405
140,338,478
134,323,457
144,315,459
286,175,461
304,152,456
319,131,450
191,106,297
162,100,262
159,85,244
147,136,283
167,117,284
166,119,285
157,120,277
129,115,244
141,94,235
158,117,275
173,95,268
151,87,238
140,112,252
128,174,302
141,194,335
146,199,345
173,160,333
186,157,343
184,162,346
173,165,338
171,166,337
190,144,334
186,133,319
196,117,313
153,124,277
132,131,263
135,126,261
143,122,265
148,147,295
141,160,301
121,165,286
128,159,287
141,166,307
155,177,332
180,158,338
181,151,332
199,125,324
202,144,346
219,123,342
198,124,322
166,147,313
151,152,303
157,150,307
163,149,312
163,135,298
168,151,319
202,149,351
203,146,349
201,156,357
161,156,317
151,176,327
152,190,342
135,210,345
142,216,358
148,213,361
162,203,365
161,194,355
171,173,344
194,138,332
183,126,309
159,121,280
135,128,263
120,127,247
131,117,248
131,112,243
128,108,236
120,110,230
124,115,239
127,106,233
132,98,230
133,117,250
127,134,261
129,133,262
147,119,266
150,123,273
143,118,261
124,122,246
130,128,258
108,138,246
121,159,280
118,179,297
114,182,296
126,193,319
121,223,344
144,257,401
133,287,420
157,265,422
198,229,427
246,183,429
251,147,398
230,143,373
198,128,326
183,116,299
174,133,307
192,108,300
192,98,290
156,111,267
141,124,265
132,141,273
124,156,280
118,169,287
131,160,291
130,175,305
133,168,301
264,129,393
281,119,400
294,146,440
199,128,327
194,144,338
196,146,342
153,150,303
143,142,285
143,136,279
150,133,283
152,126,278
151,120,271
147,111,258
146,112,258
160,101,261
174,87,261
174,119,293
154,107,261
150,106,256
155,119,274
150,110,260
165,125,290
177,120,297
188,136,324
206,142,348
207,154,361
158,155,313
160,139,299
153,141,294
184,130,314
198,148,346
226,136,362
210,132,342
189,136,325
158,142,300
191,150,341
201,164,365
243,189,432
266,152,418
283,123,406
264,151,415
229,124,353
206,199,405
252,181,433
268,143,411
261,146,407
189,149,338
140,159,299
151,179,330
150,192,342
151,196,347
159,200,359
188,181,369
209,171,380
192,151,343
184,154,338
176,148,324
177,158,335
180,157,337
146,160,306
188,145,333
178,159,337
182,149,331
149,144,293
150,163,313
140,163,303
127,160,287
125,151,276
129,153,282
128,147,275
125,139,264
126,142,268
125,143,268
115,138,253
131,130,261
137,135,272
124,146,270
153,148,301
182,136,318
203,121,324
188,133,321
197,101,298
186,134,320
187,128,315
144,118,262
152,118,270
148,110,258
154,99,253
144,90,234
147,100,247
138,100,238
159,84,243
155,88,243
143,87,230
127,98,225
134,102,236
117,103,220
135,92,227
129,98,227
116,90,206
138,82,220
140,76,216
130,92,222
113,109,222
130,137,267
141,145,286
137,162,299
125,166,291
111,170,281
122,192,314
130,193,323
133,201,334
135,203,338
151,180,331
158,163,321
165,167,332
141,173,314
124,172,296
124,170,294
132,166,298
136,160,296
135,162,297
132,165,297
127,163,290
132,156,288
130,166,296
130,165,295
132,156,288
130,157,287
130,162,292
130,158,288
130,157,287
129,160,289
124,159,283
125,161,286
123,167,290
124,181,305
128,181,309
129,186,315
128,186,314
143,173,316
146,168,314
147,170,317
129,168,297
145,148,293
146,152,298
150,154,304
131,160,291
129,161,290
128,159,287
130,156,286
138,144,282
141,140,281
142,137,279
136,133,269
135,136,271
138,130,268
131,130,261
141,117,258
138,115,253
127,116,243
124,118,242
126,117,243
127,115,242
126,121,247
124,121,245
125,127,252
125,132,257
125,141,266
127,137,264
128,143,271
139,132,271
141,125,266
138,123,261
133,116,249
129,115,244
131,116,247
128,117,245
130,121,251
124,127,251
127,121,248
124,122,246
146,130,276
167,105,272
183,93,276
171,129,300
160,127,287
147,119,266
151,112,263
162,128,290
171,133,304
175,122,297
167,106,273
165,96,261
156,129,285
158,127,285
159,117,276
165,120,285
175,142,317
198,144,342
193,154,347
162,195,357
210,150,360
218,152,370
212,156,368
143,179,322
186,144,330
196,128,324
216,172,388
221,150,371
240,112,352
226,158,384
211,146,357
207,135,342
191,127,318
157,136,293
165,135,300
161,125,286
157,123,280
167,112,279
174,119,293
171,116,287
193,154,347
209,145,354
193,145,338
173,150,323
145,144,289
153,136,289
164,139,303
189,109,298
194,116,310
187,131,318
150,128,278
148,121,269
163,126,289
179,136,315
193,129,322
195,118,313
202,96,298
147,147,294
179,142,321
181,141,322
178,160,338
145,162,307
147,144,291
153,138,291
149,132,281
133,131,264
117,127,244
122,138,260
119,153,272
123,182,305
117,203,320
135,206,341
135,210,345
132,209,341
158,197,355
164,201,365
162,203,365
153,193,346
166,167,333
166,170,336
161,167,328
131,170,301
126,178,304
129,189,318
129,193,322
120,193,313
148,162,310
150,164,314
153,166,319
118,179,297
124,178,302
124,183,307
131,174,305
171,138,309
198,140,338
204,140,344
177,120,297
153,115,268
170,100,270
172,113,285
164,121,285
174,136,310
192,99,291
202,99,301
191,115,306
163,95,258
150,122,272
154,124,278
149,128,277
134,123,257
138,121,259
124,115,239
98,129,227
118,168,286
118,188,306
120,189,309
143,186,329
144,198,342
130,201,331
142,178,320
156,176,332
152,172,324
145,171,316
137,177,314
127,179,306
120,187,307
136,201,337
142,193,335
142,189,331
138,167,305
163,136,299
206,105,311
199,149,348
209,137,346
187,131,318
167,131,298
141,120,261
139,121,260
170,96,266
163,97,260
139,127,266
127,130,257
153,101,254
170,140,310
189,123,312
177,116,293
178,105,283
149,148,297
168,159,327
157,189,346
160,206,366
158,221,379
162,229,391
199,209,408
192,203,395
195,193,388
152,196,348
152,190,342
185,253,438
186,337,523
190,372,562
203,364,567
232,336,568
320,264,584
296,217,513
253,177,430
240,133,373
223,94,317
202,114,316
172,116,288
151,110,261
131,110,241
158,112,270
155,111,266
153,108,261
164,124,288
163,118,281
165,119,284
147,117,264
138,113,251
145,121,266
165,99,264
151,109,260
159,123,282
169,117,286
176,95,271
173,77,250
156,110,266
125,126,251
127,131,258
127,133,260
128,136,264
127,138,265
129,137,266
127,136,263
139,117,256
142,119,261
134,117,251
113,109,222
126,108,234
121,111,232
125,107,232
137,103,240
132,120,252
117,126,243
134,127,261
129,135,264
125,139,264
123,138,261
121,145,266
111,155,266
113,167,280
126,185,311
135,188,323
116,200,316
122,213,335
149,193,342
143,202,345
160,193,353
151,186,337
152,185,337
145,192,337
138,201,339
137,199,336
128,204,332
178,157,335
179,166,345
172,167,339
133,162,295
113,161,274
135,147,282
142,146,288
149,139,288
161,117,278
182,137,319
186,180,366
181,182,363
173,191,364
161,187,348
153,183,336
144,161,305
159,152,311
149,144,293
137,140,277
144,143,287
141,134,275
136,125,261
137,115,252
136,104,240
141,135,276
157,137,294
153,141,294
137,136,273
134,129,263
135,107,242
170,102,272
171,97,268
154,97,251
153,90,243
124,107,231
152,89,241
146,138,284
152,118,270
178,154,332
191,159,350
167,143,310
164,134,298
157,123,280
163,165,328
214,195,409
336,127,463
331,110,441
252,109,361
171,97,268
162,106,268
167,98,265
158,121,279
154,124,278
150,112,262
177,106,283
172,141,313
121,156,277
125,165,290
133,165,298
137,146,283
164,137,301
153,127,280
157,126,283
132,127,259
128,126,254
139,118,257
146,112,258
163,104,267
150,101,251
127,118,245
123,152,275
117,167,284
149,157,306
149,162,311
148,204,352
134,208,342
135,220,355
162,243,405
171,252,423
167,267,434
175,268,443
205,233,438
250,188,438
234,178,412
202,160,362
158,164,322
134,181,315
115,188,303
116,181,297
126,179,305
134,176,310
175,138,313
182,126,308
177,117,294
153,101,254
149,155,304
158,152,310
180,148,328
185,133,318
187,117,304
159,118,277
167,135,302
186,128,314
198,120,318
181,114,295
157,106,263
161,208,369
184,182,366
175,194,369
166,208,374
84,225,309
127,225,352
153,240,393
168,242,410
181,240,421
185,235,420
189,225,414
179,206,385
197,173,370
202,147,349
212,122,334
192,135,327
198,127,325
181,131,312
190,138,328
180,129,309
202,116,318
174,108,282
161,140,301
179,121,300
184,109,293
177,107,284
155,114,269
153,117,270
166,97,263
177,99,276
155,94,249
138,97,235
133,134,267
138,131,269
155,133,288
148,147,295
131,154,285
140,160,300
131,172,303
133,194,327
125,217,342
130,210,340
144,211,355
163,173,336
198,125,323
213,117,330
188,111,299
159,122,281
167,97,264
163,117,280
171,144,315
138,149,287
138,162,300
133,186,319
131,213,344
126,279,405
135,313,448
140,312,452
223,225,448
245,193,438
274,152,426
206,135,341
186,124,310
157,105,262
159,125,284
164,122,286
164,107,271
163,93,256
149,84,233
153,135,288
157,121,278
159,114,273
172,124,296
170,94,264
180,112,292
166,112,278
127,103,230
150,188,338
188,173,361
184,189,373
171,194,365
97,184,281
126,179,305
157,156,313
159,142,301
150,132,282
167,147,314
189,123,312
210,101,311
182,161,343
138,166,304
155,160,315
156,153,309
156,137,293
143,113,256
175,127,302
168,186,354
219,133,352
206,172,378
238,143,381
190,119,309
230,181,411
237,156,393
272,186,458
301,147,448
272,163,435
239,166,405
177,176,353
155,165,320
156,158,314
154,176,330
175,154,329
189,141,330
200,151,351
196,166,362
184,154,338
212,126,338
200,112,312
185,107,292
165,141,306
160,183,343
188,164,352
217,132,349
219,116,335
184,115,299
140,110,250
122,116,238
120,133,253
121,153,274
120,163,283
122,170,292
151,138,289
172,114,286
183,113,296
153,114,267
136,111,247
120,109,229
111,107,218
122,105,227
123,107,230
119,106,225
128,98,226
132,91,223
126,95,221
126,110,236
127,108,235
99,114,213
126,125,251
113,125,238
152,96,248
145,151,296
162,159,321
163,161,324
158,170,328
137,178,315
151,180,331
150,170,320
147,177,324
153,182,335
160,175,335
177,175,352
179,180,359
149,195,344
133,201,334
141,187,328
148,182,330
168,183,351
143,178,321
138,177,315
148,158,306
175,125,300
175,120,295
161,126,287
125,143,268
112,167,279
128,172,300
134,165,299
145,160,305
142,163,305
127,169,296
146,137,283
160,138,298
209,125,334
196,128,324
196,120,316
156,135,291
139,161,300
131,172,303
167,140,307
193,120,313
186,120,306
174,121,295
156,121,277
147,126,273
118,136,254
123,142,265
127,146,273
134,149,283
134,157,291
134,157,291
133,164,297
130,174,304
131,175,306
127,186,313
129,194,323
144,180,324
152,182,334
152,183,335
146,180,326
142,182,324
141,184,325
137,178,315
135,185,320
145,178,323
142,188,330
141,206,347
133,213,346
136,210,346
167,191,358
187,176,363
183,174,357
152,181,333
133,192,325
140,177,317
144,182,326
145,184,329
142,173,315
141,179,320
140,188,328
144,172,316
141,182,323
138,183,321
134,181,315
134,186,320
151,172,323
144,177,321
142,186,328
143,169,312
142,172,314
142,178,320
126,184,310
137,172,309
139,216,355
138,235,373
136,247,383
135,267,402
185,240,425
208,225,433
234,229,463
214,225,439
214,239,453
218,218,436
201,245,446
207,236,443
201,224,425
213,220,433
212,218,430
212,195,407
224,162,386
183,149,332
161,157,318
138,161,299
111,166,277
117,162,279
160,118,278
158,103,261
160,171,331
168,173,341
133,324,457
142,319,461
94,341,435
199,305,504
305,197,502
336,148,484
322,130,452
206,133,339
175,140,315
161,151,312
157,167,324
155,153,308
148,158,306
147,196,343
150,210,360
180,199,379
209,187,396
216,164,380
217,135,352
205,157,362
190,178,368
191,177,368
222,152,374
229,160,389
242,140,382
216,133,349
218,134,352
183,137,320
211,116,327
194,106,300
193,107,300
148,115,263
139,129,268
162,167,329
196,159,355
194,167,361
186,193,379
140,207,347
143,204,347
137,213,350
162,210,372
155,220,375
174,205,379
161,208,369
168,212,380
159,210,369
165,197,362
164,181,345
172,151,323
174,132,306
162,128,290
141,125,266
130,111,241
119,108,227
151,169,320
163,154,317
165,163,328
156,152,308
96,140,236
137,122,259
151,103,254
152,173,325
173,145,318
169,133,302
140,133,273
105,125,230
130,123,253
134,106,240
127,88,215
134,81,215
133,158,291
120,156,276
149,154,303
128,169,297
99,190,289
136,199,335
134,210,344
175,163,338
221,119,340
238,154,392
224,125,349
201,112,313
184,113,297
170,131,301
186,119,305
172,120,292
161,122,283
134,128,262
125,126,251
117,135,252
118,122,240
157,108,265
140,112,252
142,108,250
121,105,226
119,108,227
123,109,232
123,118,241
119,123,242
101,130,231
119,132,251
130,142,272
120,140,260
138,145,283
131,163,294
126,161,287
121,170,291
124,161,285
131,154,285
123,149,272
170,127,297
191,144,335
219,146,365
187,150,337
162,159,321
147,187,334
147,197,344
175,193,368
181,212,393
199,182,381
184,197,381
192,180,372
193,163,356
214,143,357
201,140,341
185,127,312
177,124,301
167,124,291
161,124,285
150,124,274
155,223,378
304,155,459
346,128,474
357,174,531
234,136,370
209,119,328
188,117,305
143,127,270
160,115,275
169,96,265
167,165,332
170,149,319
165,132,297
147,127,274
139,110,249
184,148,332
184,133,317
168,123,291
143,168,311
177,136,313
183,128,311
190,134,324
135,164,299
127,171,298
114,167,281
120,161,281
125,145,270
157,161,318
167,151,318
183,111,294
163,107,270
180,83,263
144,157,301
145,164,309
137,167,304
139,149,288
109,135,244
176,93,269
173,107,280
159,132,291
112,153,265
134,153,287
125,140,265
144,137,281
162,118,280
171,155,326
194,135,329
168,138,306
157,154,311
106,163,269
118,180,298
123,198,321
138,190,328
120,195,315
171,178,349
184,172,356
138,173,311
133,168,301
122,153,275
132,153,285
136,162,298
127,170,297
142,171,313
166,170,336
160,174,334
133,173,306
126,174,300
119,210,329
156,160,316
191,147,338
188,142,330
136,141,277
118,143,261
107,147,254
118,155,273
104,174,278
125,207,332
111,207,318
132,225,357
148,226,374
164,219,383
194,207,401
180,228,408
157,224,381
160,200,360
178,204,382
178,217,395
167,198,365
198,145,343
206,114,320
209,96,305
182,115,297
145,159,304
143,160,303
146,145,291
159,123,282
151,113,264
143,117,260
168,137,305
173,121,294
175,109,284
145,96,241
123,90,213
138,152,290
150,142,292
139,138,277
133,125,258
90,106,196
126,98,224
138,93,231
121,85,206
123,144,267
146,128,274
176,98,274
181,125,306
173,156,329
202,102,304
183,110,293
190,120,310
132,121,253
145,125,270
166,123,289
161,142,303
188,124,312
193,163,356
218,149,367
188,145,333
187,140,327
195,123,318
217,126,343
217,107,324
179,97,276
151,95,246
124,94,218
121,102,223
130,103,233
129,103,232
138,92,230
117,98,215
113,102,215
91,97,188
119,95,214
111,100,211
107,102,209
122,98,220
120,96,216
104,105,209
112,105,217
119,106,225
122,102,224
123,101,224
127,103,230
106,106,212
113,109,222
135,121,256
137,144,281
130,141,271
115,145,260
120,153,273
123,151,274
126,149,275
129,149,278
125,146,271
103,146,249
110,152,262
120,155,275
119,159,278
123,168,291
113,165,278
137,147,284
145,131,276
159,116,275
127,102,229
158,107,265
156,117,273
154,112,266
155,95,250
151,128,279
142,134,276
168,132,300
202,93,295
210,130,340
176,137,313
134,136,270
125,152,277
108,154,262
131,147,278
128,143,271
130,141,271
127,145,272
123,146,269
123,153,276
109,145,254
127,158,285
111,151,262
127,155,282
106,161,267
132,145,277
162,114,276
185,136,321
190,121,311
194,126,320
192,129,321
179,119,298
162,125,287
159,135,294
155,136,291
146,132,278
166,144,310
198,136,334
220,172,392
237,140,377
215,151,366
204,143,347
191,158,349
209,165,374
214,162,376
182,186,368
213,130,343
234,111,345
240,148,388
187,123,310
188,108,296
161,146,307
163,102,265
184,96,280
178,87,265
137,119,256
147,107,254
149,120,269
153,100,253
150,96,246
165,82,247
143,132,275
159,114,273
151,114,265
131,109,240
115,116,231
123,116,239
107,141,248
165,134,299
180,115,295
203,141,344
201,130,331
184,147,331
181,153,334
165,137,302
181,125,306
181,113,294
154,118,272
137,117,254
146,99,245
147,126,273
139,158,297
128,163,291
129,188,317
111,184,295
138,190,328
144,172,316
175,146,321
168,133,301
185,113,298
177,130,307
193,140,333
220,110,330
223,144,367
211,162,373
215,139,354
231,122,353
207,115,322
191,104,295
167,103,270
169,105,274
150,117,267
147,132,279
158,124,282
137,127,264
117,121,238
119,109,228
132,101,233
154,127,281
152,120,272
164,108,272
147,90,237
170,111,281
171,114,285
179,107,286
166,106,272
141,129,270
155,136,291
171,122,293
192,125,317
196,106,302
199,108,307
166,106,272
159,106,265
162,117,279
167,117,284
179,149,328
188,151,339
187,178,365
226,139,365
245,117,362
252,116,368
206,96,302
174,103,277
156,114,270
143,138,281
170,127,297
172,132,304
168,131,299
128,123,251
127,115,242
117,186,303
119,259,378
119,261,380
121,263,384
171,206,377
233,144,377
236,118,354
167,122,289
204,106,310
192,102,294
181,97,278
140,115,255
152,113,265
152,111,263
150,101,251
138,96,234
144,108,252
146,94,240
150,123,273
151,110,261
147,98,245
135,82,217
130,98,228
108,94,202
132,86,218
123,110,233
124,104,228
112,96,208
128,93,221
125,107,232
120,120,240
143,121,264
140,116,256
132,116,248
133,117,250
127,125,252
119,124,243
126,124,250
134,132,266
136,137,273
133,142,275
138,129,267
127,122,249
138,106,244
138,103,241
142,91,233
137,108,245
148,107,255
152,155,307
168,143,311
170,143,313
152,153,305
105,174,279
126,177,303
123,171,294
118,173,291
119,152,271
161,141,302
160,140,300
133,136,269
131,130,261
122,123,245
137,116,253
124,112,236
125,108,233
125,105,230
128,101,229
128,98,226
134,92,226
119,92,211
130,85,215
132,84,216
130,117,247
129,113,242
140,103,243
144,97,241
131,94,225
132,87,219
130,87,217
134,82,216
130,107,237
125,109,234
127,103,230
127,111,238
118,111,229
124,111,235
125,110,235
127,109,236
127,107,234
127,107,234
125,106,231
125,113,238
124,149,273
124,175,299
126,195,321
150,193,343
195,171,366
224,160,384
227,152,379
218,135,353
221,165,386
241,122,363
231,109,340
206,113,319
161,140,301
184,118,302
194,95,289
184,108,292
156,98,254
155,98,253
156,108,264
153,100,253
152,90,242
148,106,254
152,95,247
155,106,261
154,95,249
149,109,258
154,96,250
154,107,261
158,94,252
153,107,260
154,94,248
155,105,260
156,98,254
155,105,260
155,97,252
154,107,261
158,95,253
158,105,263
155,97,252
153,110,263
156,95,251
153,112,265
159,101,260
152,99,251
146,97,243
139,96,235
139,96,235
139,134,273
164,124,288
172,111,283
198,125,323
177,135,312
177,124,301
157,118,275
162,131,293
164,128,292
195,304,499
342,134,476
334,105,439
314,97,411
107,91,198
129,82,211
101,124,225
128,148,276
141,150,291
146,140,286
151,137,288
135,139,274
121,145,266
124,156,280
127,182,309
135,193,328
140,200,340
145,190,335
144,176,320
159,142,301
194,92,286
150,120,270
185,119,304
149,116,265
145,116,261
138,112,250
136,107,243
149,154,303
169,154,323
162,152,314
160,155,315
149,122,271
173,127,300
188,130,318
168,139,307
153,146,299
149,148,297
155,158,313
158,157,315
161,149,310
150,157,307
152,186,338
147,191,338
153,189,342
148,212,360
144,213,357
139,220,359
167,197,364
204,153,357
188,156,344
183,168,351
146,171,317
157,174,331
195,152,347
198,155,353
192,148,340
181,110,291
170,119,289
196,105,301
168,99,267
165,125,290
152,132,284
155,127,282
147,118,265
144,95,239
157,131,288
165,135,300
152,140,292
141,147,288
142,136,278
166,113,279
194,105,299
191,90,281
170,126,296
151,129,280
166,119,285
163,124,287
183,129,312
165,141,306
152,152,304
156,210,366
156,226,382
165,223,388
171,203,374
170,209,379
179,204,383
160,214,374
160,208,368
171,172,343
203,160,363
214,141,355
212,131,343
222,138,360
253,134,387
241,136,377
212,140,352
167,136,303
128,143,271
114,151,265
123,157,280
119,158,277
139,146,285
122,138,260
122,130,252
116,129,245
113,145,258
113,160,273
120,157,277
137,135,272
138,141,279
138,145,283
115,145,260
118,146,264
125,140,265
126,131,257
136,146,282
140,172,312
121,171,292
123,171,294
140,170,310
132,174,306
132,177,309
120,172,292
125,175,300
137,167,304
134,160,294
134,152,286
126,150,276
134,138,272
94,132,226
140,112,252
176,98,274
171,85,256
169,134,303
153,128,281
146,120,266
167,140,307
172,124,296
205,118,323
202,128,330
189,173,362
198,180,378
200,190,390
195,188,383
159,194,353
190,174,364
214,183,397
204,186,390
206,175,381
203,153,356
203,127,330
212,125,337
194,130,324
176,128,304
142,134,276
117,163,280
129,172,301
119,173,292
117,178,295
127,199,326
130,208,338
141,202,343
144,193,337
160,168,328
187,121,308
182,107,289
148,89,237
162,122,284
139,128,267
132,138,270
142,134,276
135,122,257
142,103,245
154,89,243
138,103,241
146,108,254
131,123,254
137,123,260
139,111,250
154,119,273
152,114,266
149,109,258
157,88,245
148,83,231
121,106,227
131,109,240
125,118,243
127,147,274
117,148,265
126,144,270
117,148,265
129,140,269
134,131,265
138,126,264
138,126,264
122,122,244
117,116,233
122,109,231
127,106,233
122,103,225
116,107,223
122,116,238
113,107,220
126,103,229
109,97,206
104,91,195
106,91,197
125,85,210
118,79,197
120,97,217
118,111,229
122,108,230
127,112,239
141,107,248
117,107,224
143,116,259
127,124,251
138,111,249
137,104,241
136,100,236
97,97,194
126,93,219
119,87,206
121,92,213
121,140,261
152,120,272
165,106,271
169,93,262
149,121,270
132,114,246
161,98,259
145,122,267
159,96,255
145,169,314
189,147,336
165,138,303
172,170,342
155,162,317
178,141,319
193,133,326
191,120,311
192,148,340
202,125,327
209,118,327
205,145,350
193,127,320
203,131,334
207,123,330
211,111,322
202,97,299
173,101,274
156,112,268
139,110,249
135,99,234
133,99,232
134,98,232
125,97,222
132,88,220
126,136,262
155,120,275
152,126,278
143,127,270
115,141,256
140,142,282
137,143,280
141,146,287
130,142,272
128,135,263
131,131,262
127,129,256
120,128,248
122,136,258
113,144,257
123,139,262
118,129,247
128,140,268
126,145,271
116,147,263
127,152,279
128,145,273
121,140,261
131,129,260
119,133,252
116,134,250
122,127,249
118,123,241
124,113,237
129,108,237
125,104,229
114,101,215
122,97,219
122,111,233
121,113,234
124,114,238
122,117,239
110,127,237
82,158,240
119,165,284
111,166,277
124,170,294
123,166,289
124,139,263
166,112,278
187,103,290
177,198,375
174,386,560
170,379,549
164,346,510
352,155,507
297,138,435
326,142,468
140,143,283
129,162,291
115,173,288
129,177,306
149,156,305
147,145,292
152,139,291
144,137,281
129,152,281
127,160,287
101,167,268
126,166,292
107,167,274
126,171,297
138,161,299
141,159,300
145,168,313
132,166,298
118,162,280
124,155,279
138,136,274
160,118,278
176,94,270
158,82,240
148,105,253
125,118,243
113,122,235
169,122,291
170,123,293
175,120,295
159,99,258
153,114,267
165,105,270
166,118,284
160,122,282
158,117,275
149,120,269
149,142,291
180,107,287
195,99,294
188,110,298
169,142,311
192,125,317
198,111,309
195,132,327
171,155,326
195,127,322
189,150,339
165,155,320
132,172,304
154,175,329
161,169,330
163,183,346
155,172,327
147,154,301
145,146,291
138,140,278
126,130,256
132,120,252
123,115,238
128,112,240
121,106,227
119,101,220
125,96,221
123,92,215
130,83,213
107,85,192
128,80,208
121,113,234
123,129,252
148,105,253
180,116,296
178,111,289
189,165,354
190,159,349
236,156,392
252,131,383
256,115,371
195,133,328
173,149,322
137,175,312
126,211,337
122,222,344
133,208,341
162,169,331
189,137,326
190,124,314
157,116,273
131,110,241
132,100,232
121,140,261
151,121,272
158,105,263
148,91,239
139,125,264
133,125,258
123,143,266
139,161,300
118,161,279
130,148,278
134,149,283
123,153,276
103,158,261
122,152,274
122,159,281
105,161,266
117,149,266
133,138,271
126,152,278
127,150,277
92,146,238
128,147,275
124,143,267
123,138,261
103,132,235
133,132,265
108,128,236
120,128,248
125,120,245
127,119,246
124,108,232
119,105,224
127,130,257
110,149,259
128,151,279
130,151,281
101,141,242
159,128,287
186,157,343
206,159,365
206,163,369
199,152,351
183,156,339
195,148,343
170,151,321
190,138,328
180,156,336
159,143,302
173,147,320
183,338,521
391,130,521
424,151,575
441,116,557
216,98,314
195,122,317
155,150,305
176,112,288
186,105,291
182,94,276
146,92,238
141,121,262
140,116,256
156,98,254
158,147,305
154,159,313
139,183,322
228,134,362
222,136,358
203,141,344
127,136,263
90,131,221
120,129,249
121,129,250
116,134,250
124,135,259
121,133,254
131,128,259
137,121,258
135,123,258
136,115,251
119,115,234
119,114,233
111,112,223
123,119,242
125,119,244
109,112,221
131,112,243
143,99,242
133,122,255
130,132,262
124,133,257
129,148,277
131,155,286
132,176,308
154,173,327
174,166,340
171,157,328
151,157,308
134,163,297
101,163,264
113,155,268
131,154,285
117,151,268
131,147,278
125,145,270
121,147,268
124,155,279
123,156,279
111,151,262
120,156,276
127,158,285
95,168,263
128,176,304
109,190,299
99,185,284
121,173,294
155,165,320
152,180,332
137,177,314
116,182,298
113,177,290
170,155,325
170,160,330
170,171,341
130,181,311
145,182,327
180,144,324
194,134,328
193,156,349
177,165,342
166,175,341
189,178,367
188,173,361
177,175,352
198,134,332
203,123,326
227,105,332
190,131,321
195,111,306
177,102,279
172,99,271
139,98,237
135,98,233
139,95,234
140,96,236
139,97,236
134,96,230
138,96,234
137,96,233
138,98,236
138,97,235
139,97,236
139,95,234
137,95,232
140,96,236
137,97,234
135,96,231
134,97,231
134,98,232
138,96,234
138,96,234
136,97,233
133,98,231
134,98,232
135,96,231
137,96,233
136,97,233
137,97,234
138,96,234
136,95,231
135,99,234
134,99,233
138,96,234
134,95,229
134,96,230
137,109,246
139,104,243
141,104,245
140,102,242
142,100,242
143,101,244
138,102,240
139,99,238
137,99,236
137,97,234
138,98,236
139,99,238
140,97,237
136,99,235
138,100,238
135,101,236
137,100,237
134,100,234
134,98,232
137,102,239
139,99,238
138,99,237
138,101,239
134,100,234
136,98,234
136,111,247
136,110,246
137,109,246
145,99,244
143,110,253
144,186,330
172,168,340
191,169,360
190,173,363
126,194,320
144,196,340
162,175,337
162,163,325
168,147,315
145,145,290
131,157,288
128,166,294
115,185,300
137,172,309
134,172,306
138,172,310
137,166,303
126,173,299
136,196,332
127,216,343
115,219,334
127,234,361
177,219,396
175,215,390
172,212,384
154,176,330
181,142,323
212,102,314
195,106,301
178,131,309
150,126,276
159,112,271
151,98,249
139,103,242
101,99,200
108,103,211
137,87,224
114,88,202
121,86,207
110,117,227
122,135,257
136,124,260
155,140,295
180,144,324
203,151,354
195,150,345
156,156,312
138,148,286
169,163,332
191,149,340
183,162,345
156,178,334
126,180,306
127,184,311
131,183,314
146,195,341
155,193,348
171,179,350
176,161,337
188,149,337
199,128,327
207,121,328
190,113,303
182,174,356
191,161,352
225,204,429
242,177,419
204,170,374
205,149,354
179,142,321
169,147,316
152,148,300
143,150,293
165,155,320
169,169,338
167,202,369
144,211,355
163,172,335
195,172,367
193,183,376
175,170,345
158,170,328
165,171,336
159,169,328
148,167,315
127,179,306
105,213,318
122,228,350
111,246,357
159,219,378
190,201,391
210,184,394
195,178,373
206,169,375
204,182,386
195,186,381
201,184,385
221,168,389
224,148,372
216,127,343
188,151,339
214,119,333
195,169,364
223,170,393
202,163,365
198,193,391
203,149,352
236,157,393
256,145,401
238,140,378
217,125,342
182,124,306
175,200,375
201,182,383
227,143,370
198,147,345
144,123,267
184,132,316
197,146,343
159,136,295
189,114,303
191,119,310
180,130,310
176,116,292
174,101,275
171,134,305
159,124,283
155,123,278
174,107,281
162,98,260
157,120,277
152,120,272
142,111,253
168,151,319
181,177,358
197,166,363
175,189,364
164,202,366
146,201,347
216,166,382
245,173,418
281,133,414
211,138,349
239,125,364
194,124,318
197,218,415
190,254,444
186,232,418
197,223,420
217,193,410
222,154,376
197,129,326
246,112,358
208,128,336
167,137,304
131,157,288
134,170,304
132,208,340
149,219,368
154,232,386
162,230,392
154,245,399
188,229,417
200,205,405
198,195,393
176,188,364
175,165,340
194,146,340
225,113,338
199,104,303
196,162,358
172,146,318
183,129,312
211,158,369
212,134,346
202,110,312
222,135,357
191,147,338
171,136,307
158,147,305
144,162,306
158,164,322
164,191,355
158,264,422
132,274,406
205,259,464
224,252,476
324,158,482
123,411,534
196,428,624
802,522,1324
552,588,1140
1122,443,1565
244,444,688
805,187,992
222,189,411
324,219,543
286,167,453
330,179,509
299,199,498
277,173,450
282,203,485
247,188,435
209,183,392
223,185,408
176,175,351
217,167,384
235,142,377
233,154,387
243,157,400
220,163,383
201,156,357
198,155,353
214,169,383
229,162,391
255,123,378
244,122,366
194,136,330
159,149,308
154,159,313
164,164,328
168,173,341
173,167,340
182,163,345
179,165,344
193,154,347
212,150,362
222,142,364
223,154,377
219,150,369
222,142,364
200,169,369
212,152,364
235,136,371
232,131,363
200,205,405
242,158,400
231,160,391
248,156,404
182,152,334
193,135,328
181,141,322
185,160,345
210,136,346
233,144,377
232,139,371
204,131,335
202,144,346
198,136,334
207,147,354
211,141,352
203,135,338
187,128,315
176,155,331
196,136,332
196,131,327
201,150,351
174,160,334
176,194,370
184,181,365
197,156,353
203,148,351
199,133,332
178,128,306
177,118,295
180,101,281
181,176,357
213,159,372
200,160,360
201,187,388
147,208,355
142,221,363
144,263,407
154,319,473
184,338,522
205,354,559
235,340,575
283,290,573
286,300,586
283,256,539
262,219,481
265,210,475
212,207,419
250,159,409
216,152,368
208,160,368
169,162,331
178,165,343
210,176,386
235,147,382
228,141,369
215,147,362
172,172,344
200,163,363
220,316,536
361,217,578
434,173,607
443,161,604
255,175,430
199,157,356
174,144,318
196,161,357
192,163,355
219,149,368
240,182,422
256,146,402
226,118,344
240,167,407
232,159,391
233,157,390
231,155,386
190,186,376
176,197,373
184,859,1043
186,888,1074
231,838,1069
868,193,1061
955,148,1103
868,139,1007
245,146,391
172,148,320
149,165,314
146,198,344
152,222,374
155,225,380
200,213,413
206,218,424
224,197,421
199,182,381
229,154,383
215,157,372
211,161,372
215,154,369
222,168,390
243,129,372
247,168,415
269,159,428
229,221,450
276,235,511
326,170,496
353,178,531
280,174,454
210,177,387
206,203,409
230,192,422
248,187,435
296,189,485
317,192,509
266,226,492
281,239,520
260,249,509
305,189,494
328,229,557
315,212,527
342,166,508
319,210,529
294,163,457
284,155,439
276,189,465
248,165,413
260,232,492
259,216,475
322,192,514
335,217,552
337,175,512
286,216,502
309,154,463
281,181,462
239,187,426
232,171,403
240,168,408
256,173,429
267,169,436
258,145,403
227,198,425
243,209,452
268,176,444
302,129,431
278,180,458
259,204,463
287,192,479
299,188,487
286,156,442
260,214,474
275,153,428
289,177,466
287,216,503
290,323,613
349,287,636
338,361,699
290,358,648
245,309,554
318,306,624
320,298,618
228,289,517
278,209,487
328,151,479
316,166,482
255,172,427
270,201,471
255,207,462
288,183,471
211,192,403
130,198,328
147,222,369
147,240,387
147,233,380
154,231,385
212,168,380
223,158,381
248,137,385
184,144,328
163,154,317
119,170,289
128,184,312
126,208,334
133,202,335
138,193,331
157,165,322
187,128,315
208,115,323
208,106,314
184,139,323
183,109,292
185,121,306
210,128,338
187,110,297
188,128,316
197,179,376
219,140,359
243,122,365
228,179,407
183,170,353
243,181,424
255,165,420
201,200,401
202,199,401
162,219,381
204,203,407
217,200,417
215,196,411
214,208,422
215,227,442
230,219,449
255,164,419
276,201,477
287,190,477
280,183,463
235,205,440
181,205,386
172,197,369
166,195,361
200,155,355
189,134,323
198,139,337
190,203,393
237,145,382
270,142,412
288,181,469
232,184,416
236,257,493
251,235,486
286,183,469
279,180,459
253,189,442
185,167,352
197,161,358
208,164,372
168,168,336
178,168,346
172,177,349
163,221,384
172,213,385
203,201,404
216,213,429
229,222,451
196,276,472
184,336,520
188,325,513
214,362,576
234,341,575
259,290,549
143,247,390
199,218,417
257,219,476
205,226,431
173,225,398
166,223,389
167,220,387
183,198,381
174,204,378
185,179,364
156,181,337
159,183,342
138,184,322
137,190,327
133,201,334
143,227,370
148,218,366
149,209,358
166,186,352
194,151,345
202,141,343
163,127,290
154,122,276
140,118,258
145,104,249
148,95,243
148,159,307
153,160,313
146,189,335
177,180,357
167,284,451
255,202,457
268,196,464
286,160,446
220,251,471
248,239,487
280,188,468
207,187,394
175,148,323
170,155,325
158,206,364
123,206,329
137,196,333
172,195,367
191,174,365
192,177,369
174,158,332
168,154,322
157,123,280
152,121,273
95,123,218
133,123,256
127,129,256
123,131,254
140,128,268
127,123,250
151,132,283
143,151,294
133,177,310
136,185,321
147,195,342
161,198,359
160,203,363
157,203,360
151,209,360
150,223,373
169,218,387
173,229,402
165,243,408
180,232,412
183,225,408
193,220,413
201,218,419
216,207,423
237,187,424
249,140,389
253,108,361
198,133,331
190,343,533
211,297,508
226,270,496
262,240,502
246,211,457
270,192,462
188,226,414
195,228,423
170,429,599
168,456,624
195,403,598
285,313,598
421,187,608
382,188,570
290,178,468
164,199,363
139,218,357
171,211,382
203,193,396
230,182,412
244,160,404
217,145,362
225,185,410
253,151,404
285,207,492
293,205,498
274,173,447
272,148,420
246,135,381
228,167,395
195,181,376
189,171,360
165,166,331
194,169,363
185,187,372
180,211,391
191,168,359
199,168,367
213,155,368
167,158,325
124,168,292
135,182,317
181,156,337
231,225,456
249,216,465
292,154,446
213,144,357
195,151,346
238,120,358
212,182,394
234,202,436
243,204,447
265,165,430
263,175,438
177,168,345
151,170,321
175,132,307
175,119,294
150,104,254
144,93,237
142,119,261
137,227,364
176,282,458
249,220,469
271,190,461
292,123,415
265,145,410
215,232,447
208,204,412
249,122,371
218,105,323
180,189,369
178,199,377
207,169,376
213,156,369
142,127,269
164,164,328
130,198,328
148,226,374
209,166,375
197,174,371
192,176,368
161,157,318
163,150,313
205,82,287
187,137,324
147,147,294
118,189,307
154,154,308
170,182,352
136,165,301
160,165,325
153,140,293
158,134,292
141,132,273
130,164,294
114,163,277
107,165,272
147,133,280
147,129,276
135,128,263
122,126,248
117,213,330
121,267,388
113,274,387
169,274,443
196,320,516
203,317,520
164,316,480
246,218,464
269,189,458
275,207,482
202,210,412
199,190,389
250,201,451
295,186,481
238,161,399
270,124,394
243,157,400
171,168,339
202,133,335
215,154,369
204,162,366
215,152,367
219,150,369
190,133,323
210,138,348
211,142,353
205,130,335
193,155,348
185,159,344
179,174,353
179,180,359
211,173,384
293,141,434
290,166,456
278,148,426
223,167,390
252,115,367
219,110,329
220,109,329
166,144,310
145,277,422
238,232,470
328,154,482
366,159,525
286,174,460
243,100,343
228,133,361
210,192,402
159,184,343
141,233,374
195,188,383
184,185,369
275,216,491
253,172,425
251,112,363
245,95,340
133,89,222
156,109,265
142,131,273
140,135,275
163,233,396
221,203,424
236,164,400
254,150,404
148,157,305
184,154,338
162,147,309
201,101,302
205,130,335
172,116,288
145,104,249
154,125,279
148,109,257
162,97,259
160,156,316
149,182,331
195,219,414
256,150,406
259,165,424
237,202,439
147,194,341
181,195,376
206,172,378
163,183,346
167,164,331
163,209,372
145,260,405
116,301,417
138,281,419
215,217,432
236,216,452
262,182,444
210,301,511
311,223,534
311,239,550
292,225,517
151,246,397
170,280,450
154,244,398
172,225,397
209,185,394
236,153,389
205,193,398
184,190,374
148,190,338
192,153,345
189,152,341
194,129,323
189,120,309
185,116,301
165,116,281
164,103,267
169,116,285
167,143,310
162,155,317
196,122,318
191,163,354
216,176,392
227,125,352
251,197,448
263,169,432
280,240,520
270,219,489
272,171,443
269,150,419
222,192,414
200,171,371
217,152,369
191,146,337
168,158,326
202,130,332
218,152,370
205,173,378
196,180,376
221,154,375
245,165,410
241,165,406
222,171,393
201,174,375
170,203,373
175,214,389
193,203,396
202,185,387
218,143,361
237,164,401
249,162,411
250,122,372
241,98,339
198,120,318
163,126,289
144,124,268
144,113,257
144,108,252
140,99,239
139,100,239
146,91,237
144,89,233
138,89,227
129,105,234
133,105,238
129,100,229
133,90,223
136,78,214
139,107,246
134,130,264
118,151,269
135,158,293
126,158,284
139,152,291
128,157,285
135,177,312
126,176,302
139,170,309
135,165,300
127,168,295
135,149,284
150,134,284
177,93,270
180,130,310
175,121,296
165,105,270
162,150,312
177,122,299
176,114,290
179,112,291
139,115,254
138,128,266
132,129,261
120,144,264
122,146,268
118,141,259
134,137,271
138,142,280
136,142,278
127,147,274
126,151,277
113,151,264
123,149,272
119,184,303
119,192,311
120,203,323
119,214,333
152,180,332
140,174,314
175,153,328
153,139,292
162,128,290
149,116,265
171,168,339
183,162,345
182,169,351
138,152,290
141,121,262
184,113,297
168,118,286
145,108,253
141,106,247
133,101,234
140,120,260
132,117,249
134,104,238
153,101,254
139,136,275
171,108,279
171,107,278
176,109,285
150,105,255
151,108,259
151,97,248
138,126,264
145,118,263
139,98,237
157,129,286
142,147,289
143,157,300
137,158,295
125,156,281
140,142,282
141,165,306
140,200,340
155,183,338
157,171,328
155,160,315
141,150,291
147,128,275
156,120,276
176,123,299
171,120,291
168,142,310
179,110,289
177,90,267
181,129,310
159,128,287
152,124,276
149,111,260
157,125,282
156,138,294
188,112,300
182,122,304
169,151,320
129,176,305
136,174,310
143,168,311
147,179,326
149,183,332
131,191,322
159,192,351
159,207,366
196,184,380
205,170,375
216,146,362
189,162,351
205,147,352
191,140,331
201,141,342
183,135,318
195,134,329
180,151,331
173,166,339
185,157,342
198,146,344
218,143,361
229,155,384
227,147,374
234,125,359
202,125,327
178,125,303
159,104,263
153,88,241
145,84,229
139,77,216
123,130,253
107,159,266
156,146,302
213,99,312
212,194,406
244,150,394
243,107,350
245,121,366
169,134,303
159,127,286
169,199,368
212,176,388
215,167,382
210,197,407
195,173,368
207,161,368
186,157,343
206,137,343
204,143,347
201,163,364
163,165,328
150,184,334
174,195,369
172,184,356
194,140,334
205,131,336
204,142,346
175,137,312
148,129,277
134,122,256
123,116,239
132,106,238
129,101,230
134,89,223
132,116,248
138,119,257
138,112,250
155,110,265
147,111,258
130,124,254
158,143,301
183,116,299
201,95,296
188,126,314
150,117,267
158,122,280
161,221,382
145,276,421
137,296,433
173,281,454
212,206,418
171,161,332
187,114,301
218,110,328
172,102,274
126,100,226
132,94,226
130,95,225
134,89,223
134,105,239
138,113,251
145,104,249
147,149,296
170,135,305
166,137,303
166,136,302
125,150,275
140,158,298
151,145,296
165,133,298
171,117,288
144,113,257
138,110,248
127,104,231
131,103,234
132,102,234
130,105,235
132,98,230
129,98,227
137,94,231
134,110,244
136,111,247
136,133,269
156,116,272
157,119,276
148,116,264
128,122,250
131,128,259
125,130,255
129,137,266
138,132,270
138,134,272
135,138,273
126,133,259
130,135,265
129,140,269
132,139,271
131,139,270
133,138,271
132,142,274
134,145,279
136,148,284
129,155,284
131,162,293
127,166,293
130,165,295
125,168,293
125,176,301
123,181,304
127,184,311
126,184,310
142,175,317
141,190,331
143,199,342
131,201,332
144,189,333
179,190,369
192,206,398
226,203,429
222,201,423
225,186,411
210,176,386
203,158,361
187,171,358
180,169,349
165,165,330
201,143,344
200,149,349
233,145,378
226,136,362
233,190,423
253,161,414
259,128,387
289,132,421
233,106,339
199,92,291
167,119,286
155,123,278
160,120,280
154,110,264
164,116,280
163,126,289
164,120,284
140,120,260
147,110,257
159,101,260
152,102,254
137,98,235
145,102,247
152,174,326
173,160,333
180,160,340
177,158,335
139,129,268
184,111,295
179,106,285
163,111,274
129,95,224
143,99,242
136,100,236
124,106,230
128,116,244
118,109,227
144,92,236
143,82,225
111,112,223
127,132,259
126,140,266
138,135,273
140,168,308
147,170,317
144,173,317
155,163,318
163,146,309
167,126,293
151,117,268
132,109,241
121,103,224
120,95,215
124,93,217
129,85,214
132,128,260
134,144,278
134,150,284
138,155,293
131,164,295
146,150,296
145,142,287
152,139,291
143,141,284
139,128,267
133,121,254
157,139,296
192,117,309
195,115,310
180,136,316
150,148,298
159,179,338
152,204,356
150,198,348
114,180,294
154,170,324
155,148,303
175,117,292
175,104,279
171,124,295
181,133,314
197,120,317
200,112,312
178,115,293
163,142,305
176,146,322
179,155,334
172,150,322
146,154,300
146,150,296
140,149,289
136,143,279
148,139,287
149,135,284
149,135,284
157,126,283
154,132,286
166,141,307
157,140,297
161,140,301
143,154,297
128,154,282
115,153,268
105,162,267
117,157,274
106,163,269
126,156,282
145,138,283
153,132,285
133,131,264
128,131,259
113,134,247
119,129,248
106,128,234
122,128,250
125,147,272
124,153,277
126,150,276
132,175,307
135,198,333
131,211,342
123,212,335
144,188,332
176,160,336
190,139,329
173,149,322
148,150,298
154,148,302
169,137,306
207,126,333
216,128,344
213,166,379
225,348,573
415,143,558
411,161,572
387,154,541
203,134,337
221,175,396
222,155,377
250,178,428
259,162,421
246,148,394
226,155,381
174,154,328
164,170,334
161,175,336
164,198,362
164,210,374
157,220,377
170,218,388
172,215,387
213,199,412
255,153,408
254,128,382
251,162,413
228,143,371
214,123,337
190,126,316
154,123,277
167,118,285
188,138,326
186,147,333
182,201,383
212,185,397
216,179,395
245,157,402
197,169,366
229,153,382
223,133,356
221,134,355
179,161,340
152,179,331
143,200,343
163,238,401
201,208,409
254,171,425
253,155,408
180,219,399
265,197,462
262,199,461
276,205,481
238,178,416
278,130,408
278,161,439
267,139,406
250,103,353
230,96,326
182,148,330
155,155,310
164,158,322
169,143,312
151,121,272
165,107,272
168,107,275
162,95,257
154,135,289
152,126,278
152,119,271
157,109,266
149,165,314
171,166,337
170,162,332
172,142,314
150,126,276
168,138,306
190,102,292
194,155,349
193,180,373
209,142,351
221,146,367
194,148,342
159,149,308
166,160,326
154,168,322
171,155,326
202,125,327
185,133,318
162,166,328
131,180,311
133,196,329
144,222,366
152,219,371
144,217,361
176,184,360
204,151,355
199,150,349
174,158,332
156,167,323
163,237,400
173,216,389
164,223,387
171,184,355
183,166,349
180,156,336
165,142,307
172,118,290
176,101,277
180,147,327
169,163,332
165,171,336
159,192,351
157,202,359
161,232,393
185,251,436
223,263,486
251,255,506
245,266,511
234,282,516
232,274,506
286,229,515
286,211,497
293,171,464
248,152,400
247,160,407
227,164,391
216,164,380
214,189,403
234,180,414
282,202,484
340,178,518
289,193,482
275,168,443
219,147,366
206,136,342
217,148,365
205,151,356
222,117,339
213,156,369
232,132,364
210,164,374
228,136,364
205,116,321
204,145,349
185,137,322
202,135,337
181,141,322
174,133,307
180,157,337
200,143,343
215,114,329
183,107,290
153,102,255
135,112,247
127,117,244
127,112,239
120,116,236
103,114,217
125,112,237
128,102,230
121,117,238
123,122,245
114,131,245
122,139,261
127,143,270
138,130,268
132,124,256
167,115,282
164,113,277
173,120,293
151,126,277
149,124,273
152,119,271
167,100,267
165,98,263
176,111,287
152,134,286
157,134,291
162,124,286
168,128,296
151,138,289
132,140,272
114,142,256
114,142,256
123,153,276
121,184,305
125,208,333
125,210,335
165,164,329
189,122,311
229,84,313
195,109,304
162,97,259
148,135,283
158,129,287
166,116,282
163,108,271
152,145,297
178,123,301
175,115,290
149,120,269
123,119,242
122,118,240
145,117,262
147,113,260
142,117,259
135,107,242
133,96,229
148,99,247
118,150,268
150,128,278
186,95,281
188,89,277
154,88,242
122,93,215
117,84,201
136,115,251
132,133,265
127,135,262
134,137,271
127,143,270
123,151,274
125,146,271
129,133,262
154,122,276
142,118,260
148,114,262
142,113,255
140,120,260
130,129,259
124,128,252
119,132,251
120,150,270
117,162,279
114,177,291
137,181,318
137,322,459
141,462,603
130,457,587
143,433,576
428,137,565
455,114,569
428,96,524
162,168,330
157,170,327
187,157,344
184,153,337
182,136,318
183,124,307
192,106,298
186,103,289
173,126,299
149,121,270
163,113,276
157,148,305
168,143,311
176,136,312
211,198,409
207,200,407
227,218,445
204,230,434
188,206,394
216,207,423
202,201,403
197,171,368
194,148,342
229,142,371
196,148,344
185,168,353
137,195,332
129,198,327
125,208,333
145,193,338
153,192,345
169,199,368
144,205,349
145,208,353
139,198,337
178,166,344
190,144,334
189,128,317
168,116,284
168,154,322
199,122,321
214,111,325
209,138,347
165,163,328
139,162,301
131,155,286
133,149,282
136,173,309
140,172,312
136,178,314
148,165,313
165,145,310
185,127,312
175,149,324
211,105,316
193,104,297
186,97,283
129,88,217
129,87,216
120,109,229
120,107,227
131,108,239
127,133,260
127,158,285
128,165,293
148,155,303
144,147,291
167,162,329
174,164,338
202,128,330
233,95,328
218,128,346
211,113,324
180,145,325
197,140,337
176,134,310
170,127,297
138,134,272
136,141,277
125,140,265
121,150,271
135,141,276
131,142,273
127,141,268
122,148,270
123,147,270
148,118,266
161,103,264
179,141,320
175,126,301
153,112,265
150,124,274
139,135,274
122,132,254
135,121,256
131,136,267
131,147,278
123,151,274
120,156,276
129,174,303
155,153,308
162,142,304
198,116,314
192,103,295
178,102,280
138,128,266
122,124,246
128,110,238
145,92,237
153,140,293
151,140,291
143,129,272
143,108,251
140,99,239
159,147,306
175,126,301
179,100,279
190,109,299
169,109,278
168,103,271
163,127,290
165,114,279
164,114,278
185,133,318
188,124,312
206,127,333
182,118,300
180,150,330
183,139,322
158,136,294
157,155,312
125,190,315
128,210,338
143,207,350
163,204,367
161,194,355
203,206,409
206,196,402
165,202,367
184,165,349
202,140,342
223,119,342
208,139,347
198,138,336
197,146,343
206,125,331
176,127,303
176,140,316
176,118,294
194,123,317
208,178,386
198,155,353
213,127,340
225,164,389
206,170,376
201,177,378
165,178,343
133,172,305
154,151,305
167,122,289
171,107,278
161,99,260
146,95,241
141,140,281
173,156,329
195,146,341
227,127,354
192,131,323
168,127,295
139,134,273
115,142,257
124,174,298
129,178,307
135,183,318
139,194,333
136,217,353
105,256,361
143,664,807
180,1027,1207
216,1054,1270
500,770,1270
663,597,1260
984,281,1265
141,267,408
166,226,392
250,194,444
274,189,463
230,178,408
214,171,385
214,172,386
251,160,411
264,132,396
210,132,342
186,141,327
165,269,434
215,226,441
268,158,426
287,125,412
231,167,398
194,151,345
214,148,362
199,194,393
174,183,357
212,172,384
247,140,387
245,158,403
247,170,417
201,214,415
201,201,402
191,174,365
253,553,806
646,136,782
630,109,739
590,111,701
149,197,346
185,179,364
241,151,392
261,125,386
208,124,332
184,144,328
149,150,299
159,182,341
158,194,352
206,142,348
231,105,336
230,99,329
203,113,316
154,113,267
158,104,262
165,90,255
158,196,354
169,203,372
193,184,377
218,155,373
183,126,309
192,123,315
179,177,356
201,187,388
205,183,388
246,169,415
222,153,375
256,152,408
227,134,361
218,109,327
189,138,327
166,180,346
185,189,374
215,207,422
224,190,414
214,182,396
202,170,372
184,163,347
163,148,311
196,130,326
219,91,310
211,122,333
187,119,306
140,119,259
126,114,240
137,88,225
144,95,239
148,87,235
137,182,319
146,189,335
145,193,338
152,191,343
147,190,337
112,202,314
148,186,334
162,166,328
188,161,349
186,138,324
187,135,322
198,125,323
211,96,307
197,123,320
175,158,333
160,166,326
156,172,328
148,166,314
154,167,321
158,180,338
162,170,332
150,165,315
163,153,316
165,166,331
178,169,347
176,176,352
170,197,367
201,173,374
231,140,371
237,163,400
222,145,367
196,127,323
197,110,307
180,144,324
164,162,326
161,141,302
155,126,281
163,105,268
150,92,242
131,93,224
132,106,238
136,96,232
133,87,220
120,119,239
128,158,286
139,163,302
149,158,307
157,143,300
160,125,285
185,153,338
206,131,337
219,110,329
215,102,317
173,102,275
156,95,251
152,97,249
142,117,259
141,116,257
139,98,237
145,78,223
150,131,281
136,138,274
138,138,276
137,142,279
120,141,261
124,136,260
125,139,264
129,130,259
131,120,251
166,161,327
174,161,335
213,122,335
180,124,304
131,139,270
129,145,274
133,159,292
125,164,289
130,160,290
128,161,289
130,170,300
121,174,295
113,177,290
121,175,296
144,161,305
144,171,315
139,178,317
106,181,287
109,217,326
146,226,372
153,228,381
148,229,377
179,170,349
185,159,344
194,148,342
154,133,287
160,108,268
166,106,272
167,92,259
151,145,296
151,155,306
157,138,295
155,124,279
130,112,242
149,99,248
144,147,291
146,163,309
190,124,314
201,127,328
204,140,344
184,133,317
164,169,333
209,148,357
212,129,341
229,154,383
189,152,341
200,145,345
190,136,326
199,162,361
238,146,384
225,145,370
191,166,357
142,173,315
150,171,321
150,174,324
157,171,328
147,188,335
148,196,344
167,178,345
177,177,354
192,194,386
203,178,381
212,194,406
240,178,418
223,174,397
233,150,383
227,134,361
214,133,347
219,133,352
204,129,333
203,143,346
194,132,326
186,105,291
184,118,302
158,118,276
163,100,263
163,154,317
140,148,288
176,117,293
175,119,294
190,127,317
178,121,299
164,112,276
166,104,270
156,132,288
174,175,349
212,158,370
229,136,365
229,98,327
178,167,345
188,188,376
181,197,378
209,162,371
230,122,352
222,140,362
188,141,329
141,144,285
129,161,290
127,164,291
141,151,292
150,146,296
148,167,315
137,337,474
123,353,476
115,356,471
226,254,480
322,161,483
353,151,504
254,170,424
89,160,249
144,131,275
189,114,303
169,127,296
193,122,315
169,123,292
148,120,268
127,138,265
130,170,300
137,190,327
138,193,331
150,179,329
140,172,312
146,161,307
143,152,295
145,159,304
131,213,344
118,243,361
121,250,371
124,255,379
199,196,395
235,170,405
250,183,433
177,194,371
133,199,332
104,203,307
162,175,337
161,177,338
167,164,331
153,162,315
151,173,324
132,183,315
119,206,325
126,222,348
128,220,348
164,194,358
170,192,362
169,176,345
155,170,325
145,173,318
139,161,300
128,157,285
148,135,283
177,127,304
194,171,365
226,145,371
215,131,346
202,114,316
173,117,290
177,120,297
160,108,268
165,128,293
167,177,344
170,170,340
119,182,301
148,172,320
178,155,333
199,140,339
194,190,384
154,207,361
135,210,345
165,211,376
181,209,390
179,211,390
209,182,391
218,181,399
209,157,366
221,173,394
232,176,408
269,158,427
234,138,372
211,133,344
195,104,299
196,120,316
162,141,303
131,139,270
150,153,303
186,138,324
198,132,330
189,129,318
152,118,270
157,119,276
148,134,282
120,150,270
110,147,257
137,150,287
135,149,284
129,155,284
130,162,292
135,159,294
139,157,296
151,154,305
155,143,298
160,148,308
150,169,319
153,173,326
150,165,315
152,169,321
141,183,324
152,183,335
187,145,332
180,137,317
190,119,309
172,141,313
201,115,316
194,125,319
179,108,287
162,134,296
164,132,296
172,118,290
176,126,302
181,113,294
182,106,288
150,100,250
142,129,271
173,126,299
175,134,309
178,132,310
148,121,269
151,117,268
159,128,287
167,114,281
171,107,278
152,133,285
167,121,288
190,93,283
174,114,288
168,119,287
161,147,308
152,158,310
140,161,301
145,169,314
166,165,331
190,199,389
198,213,411
221,226,447
228,210,438
205,211,416
196,229,425
173,218,391
154,257,411
157,248,405
197,198,395
234,200,434
231,208,439
222,174,396
219,144,363
242,139,381
240,116,356
243,95,338
189,114,303
162,103,265
147,94,241
146,116,262
146,112,258
153,121,274
170,107,277
181,103,284
178,104,282
145,90,235
144,123,267
176,123,299
192,109,301
190,102,292
139,135,274
162,119,281
161,149,310
189,116,305
162,102,264
161,102,263
131,105,236
101,131,232
165,98,263
177,115,292
166,131,297
150,136,286
152,136,288
160,123,283
177,141,318
194,126,320
199,153,352
205,134,339
178,169,347
151,170,321
140,182,322
139,183,322
174,167,341
189,146,335
200,131,331
195,148,343
218,146,364
218,136,354
228,174,402
213,208,421
202,227,429
184,245,429
186,235,421
184,270,454
203,272,475
184,274,458
218,238,456
229,232,461
231,209,440
209,195,404
229,150,379
231,118,349
239,142,381
222,137,359
183,149,332
159,165,324
145,157,302
145,153,298
193,119,312
192,167,359
218,137,355
187,132,319
184,120,304
146,110,256
146,101,247
135,92,227
133,118,251
124,117,241
140,113,253
134,122,256
133,133,266
119,134,253
133,138,271
137,138,275
128,158,286
138,157,295
126,181,307
139,195,334
137,190,327
163,243,406
301,111,412
323,145,468
332,155,487
229,125,354
210,126,336
183,133,316
134,144,278
136,142,278
144,140,284
137,143,280
143,137,280
132,141,273
134,141,275
138,137,275
141,130,271
136,131,267
135,134,269
129,131,260
132,123,255
145,118,263
149,133,282
143,149,292
175,167,342
208,138,346
223,122,345
177,120,297
130,113,243
127,118,245
139,104,243
141,98,239
145,98,243
136,96,232
136,90,226
136,88,224
137,88,225
132,86,218
130,87,217
130,85,215
126,87,213
131,82,213
130,101,231
133,103,236
134,98,232
134,99,233
123,98,221
125,100,225
126,95,221
127,97,224
130,105,235
133,122,255
140,124,264
147,114,261
145,113,258
139,112,251
129,112,241
123,111,234
125,107,232
125,110,235
130,113,243
128,112,240
128,107,235
129,109,238
136,116,252
136,137,273
141,135,276
178,90,268
185,112,297
184,119,303
175,136,311
170,134,304
181,113,294
164,96,260
169,126,295
163,123,286
184,132,316
195,134,329
210,99,309
200,100,300
170,98,268
140,99,239
136,97,233
134,98,232
133,107,240
127,105,232
128,111,239
130,116,246
127,134,261
123,161,284
133,179,312
154,186,340
151,185,336
161,195,356
168,223,391
165,235,400
170,248,418
173,268,441
174,265,439
205,227,432
226,212,438
227,201,428
200,210,410
165,226,391
171,255,426
162,260,422
169,289,458
196,247,443
233,218,451
229,229,458
207,243,450
184,244,428
167,243,410
188,208,396
201,183,384
208,176,384
174,175,349
151,172,323
148,162,310
146,158,304
156,151,307
146,145,291
141,158,299
138,156,294
142,153,295
134,145,279
139,133,272
149,114,263
160,98,258
157,136,293
157,130,287
158,128,286
162,175,337
186,138,324
200,114,314
166,101,267
169,152,321
164,152,316
133,144,277
156,127,283
160,127,287
174,131,305
155,135,290
159,128,287
163,126,289
148,143,291
136,155,291
138,161,299
135,171,306
131,172,303
124,168,292
134,182,316
150,177,327
179,149,328
185,148,333
170,156,326
133,150,283
127,167,294
131,177,308
131,184,315
113,195,308
124,193,317
149,171,320
149,161,310
157,150,307
159,139,298
155,142,297
192,125,317
187,120,307
179,139,318
158,123,281
162,106,268
168,156,324
188,158,346
213,136,349
242,153,395
231,152,383
207,172,379
170,182,352
155,187,342
208,142,350
233,107,340
231,203,434
203,193,396
186,174,360
196,153,349
183,121,304
197,112,309
187,130,317
189,143,332
188,139,327
184,124,308
150,107,257
143,88,231
163,137,300
159,170,329
151,233,384
145,323,468
155,375,530
180,375,555
246,306,552
328,227,555
325,222,547
246,199,445
186,173,359
198,152,350
237,131,368
210,131,341
212,125,337
176,113,289
180,110,290
156,115,271
165,111,276
149,99,248
157,91,248
129,98,227
128,98,226
125,91,216
124,88,212
125,90,215
111,97,208
124,100,224
114,107,221
120,107,227
150,163,313
170,178,348
204,139,343
236,169,405
220,162,382
242,128,370
212,104,316
211,135,346
191,147,338
167,136,303
173,139,312
160,168,328
167,247,414
185,235,420
204,212,416
255,148,403
254,133,387
233,130,363
196,144,340
199,129,328
191,116,307
187,107,294
176,94,270
165,92,257
141,103,244
138,103,241
126,126,252
140,123,263
142,136,278
158,136,294
150,147,297
185,117,302
191,100,291
195,140,335
158,138,296
144,151,295
159,150,309
189,127,316
216,162,378
216,165,381
190,173,363
162,192,354
146,231,377
171,232,403
185,232,417
179,250,429
184,252,436
178,239,417
182,220,402
198,186,384
219,163,382
202,152,354
164,153,317
127,162,289
122,159,281
133,162,295
144,169,313
144,165,309
151,193,344
151,210,361
154,211,365
148,216,364
161,206,367
173,190,363
160,203,363
147,188,335
151,188,339
164,185,349
157,180,337
154,174,328
182,145,327
190,128,318
199,126,325
164,127,291
142,131,273
134,132,266
131,141,272
126,141,267
127,138,265
129,147,276
143,145,288
150,153,303
143,174,317
150,160,310
141,155,296
147,161,308
125,177,302
133,183,316
123,189,312
144,180,324
162,166,328
168,164,332
156,170,326
132,171,303
151,165,316
147,161,308
152,163,315
143,160,303
134,160,294
142,172,314
131,191,322
146,197,343
147,196,343
142,208,350
154,182,336
161,171,332
161,164,325
147,152,299
141,137,278
147,126,273
150,111,261
148,96,244
146,89,235
147,160,307
150,160,310
153,153,306
145,146,291
112,138,250
166,89,255
181,147,328
182,149,331
163,140,303
158,142,300
150,147,297
135,149,284
150,144,294
148,173,321
149,189,338
138,184,322
188,136,324
213,116,329
214,155,369
217,125,342
214,133,347
233,117,350
209,185,394
236,148,384
248,152,400
256,186,442
258,141,399
238,158,396
194,165,359
150,160,310
169,178,347
193,186,379
204,197,401
210,196,406
209,175,384
228,127,355
224,108,332
211,123,334
167,112,279
176,89,265
160,81,241
151,131,282
136,139,275
134,133,267
131,131,262
132,146,278
137,153,290
129,187,316
128,222,350
138,236,374
139,247,386
161,241,402
196,223,419
197,209,406
190,202,392
195,139,334
208,111,319
230,91,321
177,130,307
151,142,293
151,140,291
163,117,280
180,107,287
187,103,290
148,124,272
136,132,268
133,137,270
129,144,273
113,149,262
129,170,299
126,185,311
154,166,320
176,153,329
183,156,339
168,159,327
158,150,308
157,147,304
154,134,288
161,112,273
171,115,286
171,106,277
165,124,289
153,113,266
157,103,260
157,111,268
156,131,287
170,110,280
162,103,265
164,108,272
152,101,253
160,106,266
169,119,288
167,116,283
174,150,324
179,119,298
193,141,334
202,117,319
165,105,270
164,129,293
160,135,295
192,103,295
175,124,299
163,136,299
109,143,252
123,151,274
125,156,281
133,158,291
121,167,288
123,183,306
119,191,310
111,191,302
130,198,328
164,159,323
186,142,328
197,120,317
183,93,276
175,114,289
172,102,274
153,89,242
153,107,260
144,95,239
159,140,299
165,129,294
181,122,303
188,124,312
162,140,302
187,120,307
186,120,306
187,128,315
167,131,298
163,182,345
191,246,437
320,149,469
327,152,479
309,155,464
172,162,334
193,153,346
208,132,340
231,127,358
212,127,339
194,131,325
176,136,312
176,160,336
189,177,366
185,158,343
184,144,328
189,131,320
168,132,300
139,139,278
139,135,274
149,129,278
157,132,289
161,132,293
165,126,291
151,163,314
189,148,337
202,131,333
223,120,343
188,146,334
195,144,339
190,138,328
202,161,363
236,161,397
269,175,444
275,189,464
282,177,459
292,146,438
247,158,405
208,159,367
165,148,313
171,145,316
151,149,300
149,151,300
139,174,313
148,178,326
138,181,319
151,174,325
137,187,324
144,186,330
122,186,308
150,188,338
174,178,352
189,175,364
184,161,345
157,149,306
171,120,291
168,115,283
178,114,292
175,110,285
160,101,261
149,115,264
142,106,248
151,99,250
157,145,302
156,142,298
191,102,293
201,94,295
157,104,261
144,100,244
131,102,233
130,106,236
118,103,221
122,98,220
130,105,235
133,158,291
177,112,289
194,91,285
192,157,349
162,157,319
166,135,301
170,111,281
142,100,242
163,131,294
160,120,280
161,114,275
166,100,266
146,135,281
159,126,285
162,106,268
162,98,260
153,133,286
156,129,285
160,122,282
169,127,296
173,117,290
190,149,339
208,116,324
203,104,307
183,102,285
155,153,308
145,141,286
172,121,293
171,111,282
148,114,262
130,114,244
103,117,220
120,128,248
143,111,254
156,96,252
158,87,245
135,83,218
121,121,242
122,144,266
126,161,287
129,165,294
134,167,301
132,172,304
127,176,303
117,181,298
131,186,317
120,195,315
152,175,327
161,182,343
159,197,356
132,233,365
126,242,368
163,213,376
189,186,375
194,187,381
170,187,357
144,185,329
129,184,313
133,175,308
142,181,323
129,193,322
131,196,327
125,204,329
148,194,342
141,185,326
154,178,332
136,178,314
164,142,306
165,130,295
193,149,342
194,122,316
201,101,302
176,98,274
143,100,243
133,96,229
134,88,222
125,98,223
139,90,229
125,93,218
125,97,222
127,89,216
124,90,214
124,97,221
120,96,216
130,94,224
137,107,244
140,107,247
147,387,534
173,380,553
193,372,565
227,362,589
373,183,556
388,174,562
445,182,627
307,161,468
277,159,436
251,169,420
253,166,419
261,144,405
271,143,414
264,138,402
194,119,313
184,111,295
184,138,322
202,104,306
200,102,302
171,96,267
140,122,262
151,118,269
149,111,260
143,104,247
141,98,239
146,106,252
153,92,245
155,127,282
152,131,283
142,132,274
139,139,278
124,143,267
133,149,282
136,157,293
134,165,299
135,169,304
140,172,312
138,177,315
136,173,309
133,183,316
134,198,332
131,203,334
133,199,332
149,184,333
164,164,328
164,158,322
149,154,303
138,152,290
149,142,291
146,137,283
148,134,282
142,131,273
147,124,271
144,124,268
139,119,258
139,132,271
133,152,285
168,162,330
217,133,350
244,143,387
244,128,372
181,120,301
173,119,292
153,123,276
140,131,271
143,135,278
129,146,275
138,148,286
143,141,284
140,152,292
142,153,295
135,171,306
142,178,320
141,172,313
144,173,317
177,145,322
201,126,327
195,116,311
162,142,304
165,129,294
140,124,264
154,121,275
117,121,238
126,124,250
131,122,253
123,124,247
121,123,244
124,130,254
123,126,249
121,124,245
132,123,255
139,121,260
137,116,253
138,124,262
136,120,256
125,122,247
144,99,243
151,99,250
150,96,246
117,98,215
114,111,225
123,128,251
131,130,261
139,119,258
150,112,262
148,108,256
111,106,217
129,105,234
132,92,224
137,90,227
137,96,233
125,100,225
120,109,229
120,109,229
120,124,244
130,119,249
133,126,259
130,127,257
109,133,242
139,136,275
128,148,276
117,150,267
129,153,282
123,150,273
132,157,289
122,167,289
131,160,291
121,173,294
124,170,294
122,166,288
119,171,290
145,157,302
159,141,300
171,126,297
174,120,294
189,96,285
185,94,279
173,113,286
140,114,254
159,100,259
153,107,260
148,119,267
144,145,289
152,156,308
160,136,296
161,133,294
155,131,286
142,129,271
138,135,273
135,138,273
132,136,268
141,151,292
144,159,303
131,163,294
137,161,298
131,162,293
149,155,304
148,150,298
144,144,288
133,142,275
126,162,288
128,161,289
136,147,283
145,137,282
142,134,276
122,126,248
133,113,246
137,106,243
137,104,241
146,139,285
160,138,298
183,122,305
186,111,297
184,114,298
152,135,287
131,153,284
121,158,279
131,164,295
139,171,310
147,166,313
145,157,302
157,143,300
164,134,298
153,129,282
138,133,271
154,103,257
160,103,263
168,144,312
173,105,278
191,107,298
182,100,282
143,103,246
132,111,243
122,116,238
127,107,234
124,115,239
146,109,255
154,112,266
184,140,324
164,143,307
159,151,310
141,147,288
123,143,266
126,146,272
128,149,277
114,158,272
124,161,285
124,164,288
131,163,294
153,142,295
154,145,299
153,147,300
130,175,305
130,177,307
128,167,295
135,176,311
132,187,319
122,186,308
156,173,329
176,166,342
176,169,345
169,168,337
168,164,332
168,158,326
173,149,322
168,134,302
172,134,306
201,150,351
204,159,363
196,185,381
163,206,369
192,187,379
219,147,366
229,118,347
225,135,360
183,138,321
178,158,336
141,167,308
117,172,289
134,164,298
153,150,303
174,147,321
187,132,319
162,143,305
140,153,293
140,145,285
146,148,294
163,154,317
151,177,328
150,170,320
142,161,303
141,167,308
127,179,306
110,191,301
127,186,313
126,193,319
157,185,342
186,153,339
198,127,325
180,113,293
152,102,254
148,90,238
157,110,267
147,121,268
149,120,269
149,128,277
184,91,275
179,95,274
154,99,253
126,118,244
130,154,284
172,140,312
182,143,325
150,135,285
130,132,262
137,117,254
131,112,243
125,111,236
117,117,234
127,118,245
141,133,274
141,187,328
125,210,335
140,213,353
128,223,351
152,213,365
162,208,370
173,204,377
158,207,365
156,214,370
166,225,391
168,209,377
181,195,376
208,164,372
212,127,339
232,167,399
209,154,363
216,121,337
203,111,314
148,109,257
150,104,254
141,169,310
156,158,314
175,156,331
157,170,327
110,169,279
164,247,411
293,127,420
295,129,424
277,113,390
157,101,258
155,97,252
152,92,244
137,89,226
137,118,255
128,117,245
134,117,251
148,93,241
153,118,271
151,126,277
139,110,249
143,94,237
111,89,200
138,117,255
135,109,244
137,100,237
145,87,232
143,92,235
142,90,232
141,145,286
144,140,284
150,140,290
150,136,286
132,140,272
148,141,289
145,154,299
151,157,308
144,151,295
143,157,300
138,140,278
147,128,275
135,115,250
151,104,255
152,156,308
186,117,303
192,148,340
190,146,336
182,113,295
202,122,324
182,107,289
163,100,263
159,116,275
147,112,259
158,99,257
155,131,286
146,122,268
165,106,271
158,105,263
144,113,257
171,98,269
175,114,289
159,133,292
144,123,267
148,121,269
158,128,286
164,121,285
162,131,293
148,141,289
134,151,285
134,168,302
142,177,319
135,193,328
129,193,322
115,198,313
168,158,326
194,134,328
199,136,335
164,139,303
146,138,284
142,137,279
152,133,285
141,130,271
136,128,264
130,142,272
146,141,287
148,151,299
148,149,297
165,126,291
152,117,269
159,101,260
163,97,260
151,158,309
166,149,315
165,138,303
165,150,315
129,187,316
120,189,309
112,190,302
125,187,312
164,151,315
166,139,305
176,130,306
133,135,268
130,134,264
131,136,267
126,137,263
131,134,265
134,168,302
131,186,317
130,184,314
141,169,310
157,154,311
132,146,278
135,137,272
132,137,269
134,122,256
157,98,255
165,101,266
167,102,269
150,132,282
165,109,274
163,136,299
185,131,316
165,129,294
182,109,291
171,107,278
159,116,275
151,138,289
183,107,290
176,130,306
188,115,303
169,136,305
173,250,423
193,286,479
223,277,500
277,256,533
262,228,490
201,220,421
166,222,388
218,198,416
199,219,418
210,199,409
183,190,373
228,162,390
245,127,372
244,132,376
209,145,354
200,120,320
191,109,300
175,118,293
141,124,265
123,139,262
124,155,279
117,167,284
134,158,292
155,148,303
168,141,309
167,132,299
159,110,269
154,102,256
150,91,241
135,125,260
150,129,279
159,138,297
148,129,277
166,115,281
167,175,342
195,153,348
192,130,322
187,96,283
153,141,294
201,116,317
210,103,313
172,91,263
144,117,261
142,107,249
147,101,248
143,95,238
141,115,256
145,102,247
140,118,258
155,125,280
166,114,280
162,109,271
167,95,262
155,143,298
176,123,299
178,96,274
181,121,302
154,118,272
120,115,235
159,135,294
164,114,278
170,120,290
150,124,274
114,131,245
126,155,281
122,164,286
151,140,291
178,127,305
178,130,308
144,127,271
133,133,266
138,136,274
139,140,279
145,140,285
138,133,271
150,95,245
176,110,286
175,102,277
174,151,325
170,145,315
171,134,305
165,138,303
162,123,285
170,130,300
149,151,300
136,157,293
134,159,293
131,158,289
149,145,294
156,138,294
151,135,286
144,144,288
132,148,280
122,151,273
117,163,280
123,171,294
124,174,298
135,194,329
140,210,350
113,219,332
134,204,338
159,164,323
187,135,322
197,110,307
165,110,275
155,96,251
139,86,225
141,135,276
129,147,276
154,136,290
148,155,303
133,168,301
130,175,305
123,180,303
122,178,300
114,185,299
154,165,319
163,164,327
176,165,341
141,178,319
136,176,312
136,175,311
124,177,301
129,182,311
122,188,310
131,182,313
164,169,333
172,180,352
168,187,355
147,184,331
132,176,308
145,151,296
152,143,295
157,137,294
141,143,284
138,186,324
189,138,327
215,125,340
223,118,341
175,121,296
171,133,304
196,161,357
202,164,366
227,130,357
213,132,345
206,192,398
252,193,445
294,138,432
301,141,442
264,108,372
210,122,332
197,111,308
160,121,281
157,181,338
184,177,361
225,156,381
226,139,365
194,161,355
159,175,334
221,191,412
257,156,413
289,128,417
232,146,378
210,140,350
220,153,373
231,124,355
202,111,313
171,118,289
148,139,287
143,168,311
159,185,344
195,177,372
267,110,377
263,111,374
179,108,287
147,114,261
140,115,255
132,122,254
134,118,252
151,93,244
151,94,245
143,139,282
167,121,288
173,109,282
176,96,272
151,112,263
154,91,245
153,136,289
149,121,270
154,103,257
150,108,258
148,106,254
149,102,251
159,117,276
161,100,261
165,97,262
150,94,244
125,89,214
125,79,204
126,121,247
112,140,252
120,153,273
123,156,279
127,155,282
129,159,288
133,162,295
125,161,286
114,167,281
124,186,310
119,195,314
122,211,333
131,216,347
169,175,344
168,163,331
177,148,325
153,133,286
176,92,268
174,108,282
167,113,280
144,123,267
156,130,286
162,137,299
167,126,293
185,146,331
203,127,330
170,122,292
151,128,279
126,128,254
138,128,266
135,122,257
140,112,252
129,111,240
134,115,249
121,115,236
122,115,237
121,111,232
127,109,236
131,110,241
132,148,280
134,186,320
143,193,336
160,215,375
185,204,389
133,187,320
168,179,347
153,162,315
149,153,302
158,150,308
143,152,295
142,144,286
140,143,283
141,141,282
139,139,278
136,138,274
135,139,274
131,139,270
126,142,268
129,139,268
135,138,273
134,135,269
135,137,272
130,139,269
132,131,263
131,134,265
135,134,269
130,132,262
132,135,267
129,139,268
138,130,268
136,132,268
134,132,266
126,132,258
125,143,268
126,162,288
127,183,310
137,191,328
144,198,342
147,206,353
160,217,377
158,238,396
164,243,407
160,241,401
172,229,401
214,182,396
208,170,378
205,172,377
163,178,341
136,179,315
131,188,319
129,186,315
142,180,322
149,178,327
143,189,332
130,193,323
147,180,327
151,181,332
158,174,332
139,177,316
151,164,315
172,146,318
177,150,327
152,162,314
140,168,308
128,178,306
131,176,307
128,185,313
132,189,321
138,180,318
145,181,326
141,221,362
147,231,378
147,233,380
149,227,376
173,184,357
196,149,345
227,111,338
194,100,294
163,116,279
152,136,288
157,130,287
148,122,270
147,108,255
144,91,235
154,108,262
146,110,256
140,99,239
146,115,261
138,131,269
149,125,274
152,124,276
157,221,378
238,201,439
303,131,434
309,109,418
239,143,382
191,121,312
192,111,303
183,137,320
182,105,287
184,87,271
168,104,272
118,107,225
134,103,237
138,116,254
155,111,266
151,106,257
156,137,293
158,129,287
157,145,302
170,149,319
171,149,320
166,154,320
159,158,317
143,163,306
148,156,304
144,148,292
149,144,293
142,135,277
170,142,312
190,120,310
210,108,318
193,104,297
158,96,254
143,94,237
138,98,236
143,94,237
142,92,234
131,130,261
143,147,290
146,152,298
158,141,299
160,128,288
191,129,320
185,150,335
185,176,361
164,188,352
163,173,336
191,132,323
193,115,308
187,106,293
159,122,281
151,146,297
175,124,299
191,123,314
184,141,325
161,141,302
136,152,288
119,163,282
122,171,293
107,186,293
117,196,313
122,199,321
136,182,318
141,188,329
154,184,338
152,178,330
153,182,335
154,182,336
134,173,307
144,160,304
146,140,286
141,123,264
151,117,268
146,105,251
138,94,232
146,119,265
149,122,271
151,108,259
154,91,245
155,102,257
148,109,257
139,91,230
136,110,246
155,145,300
159,152,311
169,146,315
160,144,304
139,151,290
143,150,293
148,161,309
176,150,326
181,149,330
183,134,317
148,136,284
150,117,267
136,127,263
134,127,261
129,125,254
133,130,263
134,152,286
135,166,301
131,176,307
135,174,309
133,177,310
144,174,318
137,179,316
137,181,318
122,190,312
122,191,313
145,171,316
145,177,322
133,175,308
135,240,375
140,317,457
134,315,449
125,317,442
227,201,428
288,140,428
329,106,435
180,97,277
187,138,325
159,133,292
175,105,280
180,133,313
176,137,313
165,136,301
158,148,306
142,141,283
139,129,268
140,118,258
158,124,282
178,111,289
179,114,293
155,113,268
161,129,290
169,119,288
170,110,280
157,133,290
167,111,278
171,132,303
182,111,293
162,119,281
152,119,271
127,101,228
143,92,235
126,91,217
121,91,212
117,97,214
123,95,218
125,82,207
133,81,214
125,116,241
120,120,240
120,137,257
124,147,271
112,160,272
133,177,310
151,175,326
159,163,322
148,167,315
133,169,302
131,168,299
130,188,318
125,196,321
121,193,314
122,191,313
168,147,315
181,126,307
171,114,285
172,90,262
167,121,288
161,137,298
143,134,277
154,135,289
147,142,289
130,153,283
123,157,280
122,169,291
127,173,300
131,182,313
131,185,316
129,199,328
131,222,353
131,207,338
138,211,349
175,173,348
191,137,328
198,125,323
168,110,278
149,96,245
140,84,224
130,116,246
138,114,252
142,109,251
151,141,292
146,152,298
154,142,296
150,131,281
122,124,246
120,113,233
143,95,238
147,83,230
143,118,261
144,112,256
141,102,243
140,104,244
132,115,247
166,149,315
184,166,350
204,149,353
170,148,318
156,153,309
121,143,264
131,175,306
127,187,314
121,191,312
133,196,329
142,214,356
143,215,358
128,216,344
165,185,350
164,171,335
160,182,342
161,165,326
172,152,324
166,152,318
179,119,298
167,107,274
165,107,272
136,127,263
129,127,256
135,114,249
131,112,243
125,112,237
142,101,243
155,119,274
156,124,280
171,101,272
178,130,308
187,151,338
206,118,324
205,108,313
187,99,286
167,100,267
172,99,271
150,137,287
150,124,274
168,107,275
163,100,263
154,126,280
146,115,261
179,109,288
171,95,266
162,125,287
148,134,282
134,144,278
153,134,287
154,133,287
152,137,289
136,141,277
146,122,268
170,132,302
160,146,306
134,156,290
126,152,278
127,151,278
131,154,285
135,152,287
131,150,281
142,141,283
131,143,274
145,143,288
134,140,274
141,128,269
143,122,265
142,127,269
132,129,261
126,119,245
138,110,248
146,135,281
143,139,282
149,138,287
151,133,284
141,131,272
139,140,279
137,136,273
137,135,272
127,134,261
144,141,285
137,145,282
134,130,264
136,122,258
150,103,253
148,95,243
142,90,232
127,130,257
170,99,269
176,119,295
182,119,301
151,106,257
170,104,274
166,106,272
155,97,252
155,124,279
165,101,266
169,119,288
158,142,300
139,156,295
145,150,295
138,155,293
136,156,292
137,153,290
136,165,301
136,167,303
138,167,305
139,161,300
134,155,289
143,131,274
151,122,273
147,108,255
135,105,240
137,164,301
167,129,296
185,103,288
184,102,286
147,99,246
118,154,272
124,171,295
139,165,304
151,161,312
143,156,299
126,156,282
134,161,295
111,168,279
122,165,287
127,162,289
123,160,283
126,154,280
126,162,288
130,165,295
116,157,273
134,151,285
199,168,367
218,153,371
238,145,383
188,132,320
150,136,286
157,126,283
151,110,261
148,101,249
139,130,269
146,119,265
153,103,256
163,103,266
160,97,257
159,103,262
147,83,230
144,103,247
139,90,229
145,134,279
154,124,278
152,121,273
144,127,271
143,109,252
148,93,241
160,114,274
162,117,279
182,108,290
181,95,276
165,123,288
137,119,256
146,109,255
152,105,257
151,93,244
154,124,278
155,116,271
153,171,324
193,145,338
208,132,340
218,133,351
170,148,318
178,158,336
187,154,341
200,138,338
176,148,324
161,153,314
137,171,308
162,151,313
149,166,315
176,159,335
145,162,307
153,159,312
138,159,297
138,162,300
123,170,293
123,176,299
124,186,310
109,211,320
134,220,354
133,235,368
155,213,368
170,197,367
179,188,367
174,177,351
146,184,330
143,185,328
139,174,313
128,169,297
157,133,290
163,121,284
174,105,279
156,91,247
146,99,245
138,114,252
139,123,262
133,131,264
139,130,269
146,119,265
142,117,259
146,119,265
134,131,265
146,127,273
152,119,271
164,99,263
160,105,265
168,86,254
163,102,265
160,109,269
144,104,248
146,95,241
145,118,263
145,115,260
154,107,261
148,130,278
183,101,284
181,131,312
183,121,304
149,119,268
160,105,265
135,112,247
124,122,246
121,121,242
125,113,238
125,108,233
116,104,220
112,106,218
118,112,230
97,114,211
134,109,243
126,111,237
131,114,245
130,99,229
147,103,250
135,107,242
111,101,212
124,103,227
116,110,226
133,101,234
138,103,241
124,104,228
126,106,232
126,105,231
120,96,216
119,128,247
127,137,264
135,147,282
137,194,331
219,176,395
299,118,417
313,126,439
246,118,364
176,107,283
169,110,279
141,120,261
137,121,258
128,125,253
122,126,248
121,128,249
136,112,248
166,126,292
175,119,294
160,107,267
154,102,256
163,131,294
168,120,288
154,110,264
151,103,254
125,99,224
124,91,215
125,84,209
124,84,208
115,100,215
121,104,225
102,96,198
138,117,255
135,125,260
146,127,273
117,131,248
126,165,291
135,164,299
141,152,293
146,152,298
137,157,294
121,162,283
126,177,303
120,174,294
122,173,295
118,174,292
145,139,284
164,134,298
166,133,299
141,140,281
131,140,271
136,134,270
136,137,273
132,145,277
119,142,261
125,146,271
135,132,267
139,138,277
135,135,270
126,129,255
128,122,250
144,93,237
140,99,239
145,132,277
147,103,250
158,95,253
153,88,241
127,138,265
161,119,280
169,124,293
149,108,257
181,148,329
192,174,366
178,172,350
187,140,327
178,116,294
203,98,301
172,100,272
142,101,243
116,98,214
122,92,214
125,94,219
123,95,218
124,89,213
127,102,229
127,109,236
125,102,227
127,89,216
132,88,220
130,122,252
158,126,284
174,110,284
205,130,335
191,124,315
174,115,289
179,116,295
153,265,418
155,266,421
169,248,417
182,234,416
202,176,378
190,162,352
199,156,355
142,153,295
157,129,286
161,125,286
156,126,282
136,118,254
131,107,238
133,111,244
124,131,255
113,145,258
127,156,283
138,196,334
126,210,336
122,210,332
140,201,341
179,161,340
189,152,341
176,166,342
144,184,328
125,185,310
140,168,308
147,157,304
154,152,306
121,146,267
136,152,288
134,140,274
135,132,267
144,111,255
153,108,261
138,118,256
123,123,246
114,129,243
123,166,289
115,163,278
157,144,301
155,151,306
153,143,296
130,140,270
155,147,302
151,154,305
144,172,316
129,174,303
126,180,306
126,186,312
123,197,320
146,177,323
150,182,332
149,187,336
140,179,319
140,182,322
141,188,329
139,178,317
139,184,323
138,194,332
141,191,332
139,192,331
150,184,334
141,187,328
151,182,333
140,180,320
151,179,330
138,176,314
138,185,323
131,186,317
139,189,328
141,192,333
139,207,346
138,198,336
149,192,341
157,190,347
150,180,330
156,178,334
143,191,334
142,182,324
135,200,335
136,203,339
144,195,339
144,193,337
163,182,345
152,186,338
149,188,337
140,185,325
138,191,329
148,182,330
148,180,328
146,189,335
144,192,336
141,199,340
144,223,367
153,232,385
145,249,394
169,245,414
186,242,428
209,231,440
219,223,442
219,217,436
220,218,438
211,232,443
216,209,425
193,212,405
184,212,396
179,196,375
186,192,378
234,128,362
213,117,330
216,102,318
165,125,290
182,124,306
174,117,291
191,104,295
176,113,289
171,116,287
163,109,272
149,165,314
196,117,313
207,102,309
212,114,326
159,114,273
163,118,281
157,118,275
161,148,309
188,125,313
184,113,297
192,122,314
177,108,285
174,106,280
156,86,242
153,104,257
153,101,254
150,118,268
178,96,274
175,86,261
183,115,298
144,132,276
141,131,272
144,131,275
158,112,270
157,112,269
172,104,276
159,91,250
162,118,280
144,114,258
141,107,248
153,128,281
150,134,284
157,146,303
166,136,302
167,131,298
169,122,291
146,113,259
141,111,252
142,99,241
135,105,240
150,114,264
141,124,265
126,130,256
132,127,259
150,147,297
150,148,298
161,165,326
145,176,321
126,182,308
138,184,322
139,192,331
142,190,332
138,187,325
145,180,325
143,167,310
142,165,307
130,161,291
129,153,282
127,147,274
132,146,278
116,143,259
122,146,268
120,145,265
118,143,261
122,145,267
121,154,275
114,154,268
122,158,280
125,150,275
129,146,275
108,139,247
126,128,254
128,120,248
126,129,255
120,127,247
121,127,248
135,107,242
130,112,242
130,126,256
124,133,257
128,168,296
132,171,303
130,179,309
135,182,317
143,188,331
143,201,344
141,199,340
156,195,351
164,178,342
193,154,347
172,142,314
164,136,300
132,124,256
148,121,269
150,119,269
156,100,256
157,103,260
153,100,253
129,99,228
126,96,222
131,79,210
140,107,247
129,116,245
129,113,242
139,102,241
141,95,236
112,89,201
120,85,205
119,86,205
118,106,224
121,128,249
126,137,263
136,150,286
134,161,295
116,173,289
120,176,296
126,186,312
118,197,315
116,191,307
138,173,311
157,163,320
155,160,315
138,175,313
128,186,314
117,185,302
123,195,318
152,187,339
188,154,342
198,153,351
170,147,317
169,137,306
184,137,321
191,133,324
160,137,297
128,137,265
122,133,255
120,150,270
116,159,275
118,167,285
105,172,277
138,154,292
131,148,279
133,148,281
116,146,262
122,148,270
126,146,272
124,140,264
131,136,267
128,148,276
130,165,295
135,168,303
174,132,306
180,136,316
181,143,324
142,162,304
143,152,295
145,146,291
180,115,295
186,95,281
180,133,313
160,123,283
150,114,264
153,98,251
153,121,274
156,109,265
151,110,261
159,124,283
169,115,284
188,140,328
185,134,319
165,144,309
147,155,302
110,164,274
136,167,303
141,186,327
138,200,338
135,217,352
135,210,345
149,201,350
155,209,364
181,178,359
166,182,348
163,206,369
134,199,333
135,196,331
156,166,322
155,144,299
157,142,299
136,146,282
124,156,280
123,155,278
130,149,279
146,134,280
130,133,263
122,129,251
132,118,250
121,113,234
129,109,238
123,105,228
119,99,218
121,93,214
114,98,212
114,106,220
121,106,227
117,102,219
110,106,216
113,106,219
120,110,230
121,119,240
123,133,256
126,141,267
127,152,279
127,162,289
127,166,293
112,165,277
121,168,289
104,172,276
139,178,317
133,176,309
126,176,302
126,179,305
128,145,273
158,138,296
150,134,284
112,141,253
122,139,261
123,144,267
135,129,264
135,129,264
136,111,247
132,115,247
131,106,237
124,134,258
154,110,264
158,130,288
186,97,283
180,139,319
185,130,315
147,123,270
149,111,260
145,103,248
148,107,255
138,110,248
114,109,223
117,105,222
99,123,222
133,221,354
239,129,368
254,139,393
224,140,364
134,151,285
125,157,282
133,162,295
125,168,293
105,164,269
115,171,286
118,180,298
127,175,302
126,178,304
135,166,301
135,175,310
134,187,321
123,192,315
117,212,329
148,186,334
155,174,329
166,151,317
155,143,298
161,118,279
147,113,260
149,95,244
157,116,273
156,114,270
156,100,256
128,102,230
144,99,243
138,95,233
142,96,238
127,170,297
155,162,317
165,154,319
162,150,312
131,169,300
148,147,295
160,145,305
150,148,298
154,135,289
135,129,264
179,123,302
189,106,295
183,98,281
153,93,246
143,138,281
172,118,290
181,175,356
214,135,349
207,104,311
205,108,313
152,104,256
162,109,271
149,117,266
143,256,399
150,253,403
159,237,396
210,194,404
214,180,394
237,178,415
213,192,405
254,156,410
268,155,423
227,160,387
241,133,374
210,117,327
198,153,351
199,127,326
188,111,299
174,102,276
136,103,239
118,168,286
178,130,308
207,213,420
217,297,514
167,298,465
168,302,470
213,219,432
270,184,454
234,181,415
173,172,345
154,167,321
140,160,300
133,151,284
128,138,266
93,131,224
100,124,224
120,123,243
122,115,237
125,111,236
132,101,233
141,80,221
144,158,302
155,145,300
169,116,285
165,103,268
137,98,235
146,103,249
140,93,233
123,147,270
159,121,280
166,122,288
138,115,253
122,111,233
126,110,236
114,118,232
112,112,224
123,106,229
130,107,237
119,107,226
148,108,256
147,100,247
140,98,238
148,94,242
142,160,302
155,161,316
145,185,330
143,185,328
89,184,273
115,184,299
142,138,280
167,125,292
169,121,290
171,84,255
169,121,290
171,133,304
145,128,273
132,126,258
123,171,294
191,119,310
192,107,299
215,156,371
162,139,301
166,130,296
140,120,260
110,113,223
160,149,309
182,120,302
181,113,294
164,111,275
153,117,270
152,139,291
136,149,285
133,144,277
132,159,291
121,164,285
126,180,306
119,193,312
116,194,310
113,201,314
150,176,326
181,144,325
188,133,321
148,131,279
127,138,265
117,141,258
130,137,267
109,141,250
124,159,283
116,171,287
113,201,314
121,203,324
116,202,318
120,185,305
161,147,308
160,144,304
145,138,283
112,131,243
129,137,266
124,135,259
122,129,251
109,146,255
119,157,276
114,156,270
117,156,273
156,115,271
172,94,266
164,147,311
153,133,286
141,126,267
124,118,242
112,103,215
149,100,249
145,89,234
149,119,268
153,110,263
149,99,248
141,89,230
135,123,258
140,142,282
140,134,274
132,124,256
120,115,235
109,114,223
137,106,243
157,95,252
160,92,252
132,90,222
123,88,211
122,95,217
116,100,216
109,103,212
119,129,248
117,154,271
105,164,269
145,154,299
151,176,327
170,171,341
169,174,343
155,163,318
183,136,319
213,89,302
205,103,308
179,108,287
112,106,218
142,95,237
135,96,231
135,92,227
115,98,213
134,91,225
125,107,232
128,110,238
114,105,219
125,106,231
122,92,214
148,130,278
143,139,282
140,153,293
127,153,280
113,147,260
117,137,254
124,128,252
131,121,252
110,102,212
143,96,239
128,90,218
111,84,195
131,122,253
128,124,252
135,125,260
132,132,264
120,149,269
138,155,293
139,166,305
139,170,309
156,149,305
149,156,305
165,136,301
167,113,280
174,110,284
149,116,265
136,110,246
111,103,214
155,146,301
157,161,318
154,180,334
131,182,313
85,185,270
113,191,304
143,155,298
171,143,314
167,139,306
151,154,305
143,150,293
147,136,283
144,119,263
149,110,259
140,89,229
137,87,224
126,83,209
103,82,185
124,119,243
125,116,241
116,113,229
127,109,236
115,103,218
120,104,224
115,99,214
129,91,220
120,91,211
123,86,209
102,89,191
123,93,216
119,88,207
106,97,203
120,98,218
103,92,195
120,87,207
117,85,202
101,90,191
120,97,217
100,104,204
118,94,212
120,100,220
115,98,213
108,101,209
125,101,226
108,113,221
126,129,255
109,140,249
129,154,283
122,157,279
129,159,288
129,163,292
123,167,290
116,159,275
121,160,281
123,157,280
113,169,282
119,171,290
116,167,283
123,170,293
141,156,297
159,133,292
160,122,282
152,112,264
134,102,236
138,94,232
137,85,222
137,115,252
140,120,260
143,126,269
137,123,260
153,104,257
157,94,251
156,108,264
138,129,267
141,129,270
139,122,261
113,116,229
154,123,277
176,103,279
178,140,318
161,132,293
150,118,268
143,113,256
156,103,259
147,103,250
136,110,246
121,114,235
117,111,228
117,108,225
95,103,198
113,103,216
122,97,219
115,106,221
124,122,246
121,129,250
127,126,253
116,138,254
115,137,252
135,137,272
118,132,250
129,121,250
125,128,253
126,121,247
122,127,249
122,122,244
123,119,242
122,119,241
124,135,259
107,145,252
121,150,271
128,140,268
122,156,278
140,153,293
135,160,295
138,162,300
145,134,279
171,116,287
181,106,287
167,108,275
159,112,271
163,120,283
173,105,278
175,94,269
153,159,312
178,153,331
206,127,333
223,107,330
194,98,292
165,87,252
151,133,284
157,120,277
156,112,268
171,152,323
179,157,336
185,171,356
185,189,374
209,135,344
222,112,334
220,99,319
166,98,264
142,91,233
123,89,212
120,114,234
116,122,238
119,122,241
156,111,267
168,99,267
179,110,289
157,101,258
153,89,242
157,162,319
153,157,310
146,154,300
157,123,280
111,105,216
147,96,243
150,120,270
149,110,259
155,101,256
153,88,241
149,164,313
157,160,317
145,158,303
148,136,284
100,118,218
138,105,243
150,100,250
150,118,268
149,105,254
157,88,245
159,160,319
141,161,302
142,163,305
141,142,283
101,125,226
140,111,251
159,96,255
158,116,274
157,104,261
156,89,245
155,164,319
148,155,303
144,155,299
150,134,284
100,126,226
141,114,255
165,93,258
165,138,303
166,169,335
167,166,333
173,163,336
151,163,314
157,150,307
167,121,288
167,105,272
179,129,308
174,252,426
315,124,439
325,119,444
312,113,425
175,93,268
161,136,297
147,143,290
158,129,287
150,125,275
137,130,267
145,124,269
140,125,265
136,132,268
125,141,266
126,142,268
128,143,271
141,134,275
156,118,274
173,101,274
170,99,269
162,114,276
152,113,265
142,108,250
153,104,257
149,93,242
144,105,249
142,94,236
144,129,273
154,159,313
145,169,314
159,145,304
168,120,288
180,99,279
180,211,391
186,197,383
179,196,375
182,177,359
125,140,265
162,128,290
175,106,281
143,107,250
153,95,248
141,137,278
156,150,306
160,141,301
165,123,288
152,108,260
154,101,255
126,93,219
143,150,293
161,146,307
170,141,311
165,148,313
134,148,282
148,137,285
165,163,328
162,200,362
180,206,386
180,199,379
188,183,371
183,187,370
198,334,532
190,313,503
204,294,498
241,226,467
296,150,446
294,128,422
196,120,316
170,105,275
144,112,256
142,109,251
129,112,241
133,108,241
110,106,216
121,107,228
121,107,228
115,123,238
128,133,261
129,144,273
131,136,267
128,149,277
129,168,297
121,182,303
116,182,298
118,175,293
133,150,283
146,134,280
112,133,245
140,156,296
121,189,310
127,199,326
110,211,321
136,211,347
150,174,324
179,157,336
174,142,316
160,134,294
123,117,240
151,99,250
143,85,228
139,109,248
135,120,255
117,112,229
133,111,244
127,122,249
119,129,248
128,155,283
148,126,274
179,121,300
175,136,311
134,184,318
127,198,325
121,201,322
125,202,327
149,162,311
187,131,318
199,121,320
198,122,320
170,128,298
166,116,282
155,105,260
143,167,310
154,151,305
166,128,294
155,133,288
108,127,235
126,131,257
84,142,226
115,172,287
123,182,305
118,177,295
127,187,314
150,175,325
177,170,347
178,166,344
183,153,336
179,144,323
187,121,308
164,109,273
144,102,246
119,92,211
134,91,225
124,171,295
152,149,301
155,139,294
162,129,291
93,137,230
132,141,273
135,147,282
139,154,293
134,163,297
145,164,309
143,160,303
139,144,283
149,135,284
137,124,261
137,152,289
147,130,277
178,124,302
196,161,357
167,151,318
183,130,313
162,135,297
117,130,247
121,124,245
122,139,261
123,148,271
106,152,258
115,159,274
131,145,276
126,165,291
129,186,315
129,189,318
130,203,333
140,214,354
130,212,342
173,161,334
171,158,329
168,162,330
135,177,312
123,181,304
128,176,304
111,178,289
149,158,307
166,154,320
163,150,313
153,131,284
140,121,261
143,102,245
150,85,235
139,136,275
152,133,285
167,115,282
164,102,266
146,93,239
146,85,231
137,125,262
134,130,264
122,132,254
132,134,266
109,139,248
144,99,243
169,111,280
182,112,294
164,104,268
153,102,255
149,124,273
162,111,273
164,114,278
176,112,288
166,115,281
179,126,305
177,109,286
176,107,283
159,111,270
150,104,254
160,139,299
169,123,292
193,92,285
182,97,279
159,93,252
143,105,248
142,94,236
141,100,241
148,90,238
148,108,256
150,98,248
147,92,239
142,111,253
142,128,270
134,135,269
139,155,294
158,156,314
159,163,322
153,159,312
150,171,321
156,182,338
163,184,347
157,196,353
155,206,361
143,214,357
153,225,378
169,235,404
165,244,409
188,231,419
178,217,395
211,183,394
188,177,365
180,177,357
166,157,323
148,153,301
150,142,292
130,136,266
137,127,264
121,114,235
138,105,243
128,99,227
131,137,268
145,124,269
161,109,270
162,103,265
131,90,221
138,109,247
141,107,248
141,103,244
135,94,229
136,87,223
137,105,242
135,109,244
132,94,226
143,106,249
151,101,252
145,126,271
166,93,259
169,90,259
154,95,249
136,84,220
147,106,253
149,91,240
136,104,240
156,122,278
166,105,271
173,99,272
158,83,241
140,139,279
164,116,280
156,105,261
158,103,261
120,96,216
122,99,221
127,101,228
107,102,209
127,96,223
112,99,211
126,102,228
104,99,203
126,100,226
117,97,214
138,95,233
135,97,232
125,96,221
123,95,218
137,105,242
123,100,223
132,91,223
132,81,213
100,91,191
131,88,219
128,79,207
120,99,219
129,123,252
130,125,255
134,123,257
125,130,255
124,140,264
127,158,285
128,161,289
132,166,298
129,211,340
128,235,363
132,228,360
131,224,355
186,168,354
193,154,347
187,150,337
153,158,311
149,157,306
137,144,281
148,132,280
158,102,260
178,108,286
181,90,271
171,121,292
156,136,292
153,134,287
148,121,269
140,109,249
140,119,259
125,122,247
158,113,271
166,96,262
171,113,284
155,103,258
154,89,243
151,91,242
144,94,238
138,85,223
130,113,243
135,115,250
128,125,253
130,122,252
121,116,237
124,113,237
118,115,233
124,120,244
120,119,239
123,112,235
123,106,229
126,102,228
121,99,220
120,99,219
122,107,229
130,108,238
136,101,237
131,101,232
138,94,232
127,91,218
134,89,223
128,88,216
120,93,213
126,88,214
128,85,213
133,98,231
130,100,230
134,98,232
125,95,220
122,92,214
119,93,212
129,89,218
129,86,215
132,82,214
125,86,211
125,89,214
123,94,217
125,106,231
126,108,234
121,108,229
122,104,226
116,99,215
123,98,221
116,96,212
127,90,217
130,91,221
130,88,218
129,90,219
129,86,215
127,112,239
138,122,260
145,104,249
162,89,251
156,85,241
136,87,223
119,91,210
109,91,200
116,93,209
123,89,212
119,86,205
117,82,199
116,77,193
125,90,215
119,90,209
121,84,205
125,79,204
121,88,209
120,91,211
120,84,204
126,92,218
126,89,215
126,88,214
115,84,199
116,82,198
120,121,241
129,111,240
125,115,240
130,111,241
124,108,232
128,110,238
124,105,229
127,101,228
119,99,218
122,94,216
122,90,212
105,99,204
124,95,219
122,95,217
122,85,207
129,88,217
130,87,217
125,84,209
118,79,197
120,93,213
123,97,220
117,100,217
123,97,220
125,101,226
127,110,237
122,113,235
124,122,246
115,125,240
116,139,255
125,137,262
119,135,254
125,131,256
119,128,247
121,131,252
124,131,255
128,123,251
131,116,247
130,115,245
123,165,288
265,129,394
292,132,424
314,134,448
217,137,354
160,128,288
142,126,268
151,110,261
141,126,267
139,145,284
128,147,275
133,159,292
120,154,274
141,150,291
144,168,312
149,173,322
129,178,307
144,158,302
146,150,296
150,136,286
142,130,272
133,122,255
129,117,246
126,114,240
125,105,230
134,95,229
133,89,222
128,139,267
149,129,278
163,110,273
170,103,273
151,90,241
136,102,238
143,120,263
139,134,273
130,136,266
135,126,261
134,128,262
128,133,261
132,133,265
128,149,277
115,171,286
121,247,368
122,295,417
139,299,438
130,312,442
217,237,454
275,192,467
311,158,469
252,105,357
91,80,171
102,106,208
131,140,271
128,131,259
140,114,254
136,104,240
137,99,236
122,93,215
126,89,215
128,181,309
200,128,328
220,119,339
234,111,345
170,158,328
173,144,317
169,135,304
175,124,299
157,117,274
152,127,279
139,134,273
123,148,271
121,161,282
122,165,287
120,183,303
122,193,315
112,192,304
119,195,314
138,187,325
162,170,332
172,167,339
168,166,334
159,160,319
164,141,305
179,114,293
167,102,269
165,116,281
153,128,281
148,125,273
146,107,253
147,96,243
150,87,237
130,79,209
129,112,241
133,112,245
141,107,248
142,116,258
156,94,250
160,91,251
155,97,252
122,99,221
131,99,230
133,126,259
149,130,279
157,132,289
151,129,280
154,114,268
167,104,271
165,115,280
156,115,271
145,113,258
166,126,292
183,111,294
177,118,295
150,133,283
162,161,323
220,106,326
216,102,318
184,97,281
139,85,224
143,103,246
139,151,290
163,121,284
177,126,303
197,108,305
163,113,276
154,132,286
126,138,264
125,146,271
126,150,276
129,152,281
132,156,288
130,163,293
132,167,299
132,170,302
133,170,303
129,175,304
127,178,305
128,182,310
129,188,317
145,170,315
143,175,318
144,174,318
135,171,306
134,170,304
136,176,312
125,181,306
135,172,307
135,177,312
135,180,315
135,186,321
135,187,322
147,183,330
136,181,317
151,171,322
141,171,312
130,177,307
124,183,307
134,180,314
135,182,317
146,177,323
136,178,314
144,177,321
133,180,313
140,179,319
133,182,315
142,179,321
135,179,314
141,180,321
132,183,315
141,179,320
135,181,316
142,180,322
133,182,315
142,178,320
136,178,314
141,179,320
132,181,313
140,178,318
134,180,314
140,180,320
131,181,312
140,178,318
135,186,321
142,182,324
133,189,322
141,195,336
146,197,343
158,186,344
158,177,335
159,163,322
163,157,320
179,134,313
171,124,295
166,114,280
146,104,250
97,100,197
121,85,206
133,106,239
123,106,229
119,104,223
122,97,219
125,103,228
129,109,238
125,110,235
121,121,242
115,123,238
130,114,244
134,104,238
129,127,256
138,94,232
164,165,329
177,159,336
133,163,296
142,146,288
95,128,223
176,123,299
207,109,316
212,110,322
166,114,280
152,132,284
157,142,299
168,137,305
196,170,366
172,166,338
172,171,343
139,168,307
78,169,247
109,166,275
145,144,289
142,137,279
122,146,268
115,149,264
121,160,281
83,165,248
123,163,286
136,182,318
135,184,319
110,177,287
146,148,294
161,118,279
172,100,272
178,151,329
164,144,308
147,145,292
143,144,287
130,123,253
171,112,283
158,117,275
140,132,272
122,143,265
122,139,261
123,184,307
187,138,325
178,138,316
179,163,342
118,173,291
124,165,289
108,168,276
145,148,293
152,127,279
150,123,273
178,101,279
157,101,258
154,115,269
130,118,248
148,105,253
143,112,255
138,109,247
118,112,230
132,116,248
106,123,229
110,165,275
122,168,290
122,173,295
120,170,290
126,153,279
125,138,263
146,131,277
135,131,266
123,127,250
122,122,244
101,127,228
117,124,241
122,118,240
123,115,238
126,124,250
118,132,250
120,132,252
119,147,266
124,147,271
110,142,252
118,135,253
120,133,253
112,141,253
120,176,296
122,193,315
127,213,340
132,225,357
134,244,378
160,229,389
187,207,394
212,195,407
234,161,395
251,148,399
235,160,395
214,163,377
171,175,346
167,190,357
152,207,359
191,171,362
214,149,363
240,163,403
238,148,386
225,135,360
215,113,328
171,126,297
187,120,307
193,133,326
199,133,332
176,137,313
166,126,292
163,156,319
190,133,323
197,118,315
195,142,337
191,116,307
198,130,328
184,131,315
152,126,278
167,148,315
188,147,335
191,141,332
177,139,316
144,153,297
148,168,316
134,181,315
138,189,327
126,217,343
141,225,366
157,214,371
175,208,383
176,207,383
144,195,339
156,205,361
156,203,359
158,204,362
169,202,371
161,210,371
139,236,375
144,222,366
168,216,384
174,208,382
186,179,365
208,162,370
208,153,361
185,139,324
164,131,295
190,161,351
234,129,363
231,134,365
203,156,359
166,152,318
173,160,333
198,150,348
225,158,383
237,146,383
212,145,357
160,177,337
112,178,290
126,179,305
124,176,300
150,154,304
178,117,295
188,99,287
169,106,275
135,116,251
124,126,250
120,146,266
105,147,252
117,144,261
127,143,270
128,141,269
120,137,257
121,142,263
117,141,258
119,136,255
159,146,305
181,125,306
196,123,319
184,135,319
184,134,318
206,108,314
194,123,317
185,132,317
165,141,306
153,136,289
174,143,317
194,146,340
192,162,354
174,156,330
168,156,324
179,172,351
160,182,342
174,174,348
194,166,360
213,161,374
198,152,350
213,142,355
214,140,354
215,154,369
213,156,369
195,153,348
177,174,351
165,172,337
153,173,326
152,170,322
138,161,299
137,163,300
138,168,306
121,162,283
120,157,277
121,150,271
159,111,270
177,89,266
191,125,316
165,113,278
164,97,261
169,124,293
172,102,274
186,120,306
183,110,293
160,114,274
187,114,301
164,129,293
160,149,309
122,160,282
128,161,289
130,159,289
130,159,289
128,166,294
128,165,293
127,170,297
129,175,304
123,190,313
120,196,316
136,188,324
158,172,330
179,170,349
187,149,336
197,117,314
208,229,437
343,132,475
330,140,470
314,136,450
169,142,311
179,131,310
176,136,312
187,142,329
176,124,300
177,114,291
154,112,266
143,96,239
155,155,310
160,158,318
197,133,330
197,140,337
168,141,309
190,116,306
191,133,324
188,133,321
163,131,294
156,145,301
162,133,295
161,158,319
160,183,343
181,176,357
189,318,507
235,277,512
183,297,480
190,296,486
254,213,467
226,180,406
280,151,431
226,106,332
200,178,378
175,191,366
159,209,368
154,228,382
166,221,387
187,222,409
168,230,398
174,259,433
156,269,425
209,224,433
244,186,430
254,185,439
209,187,396
177,192,369
161,195,356
167,192,359
192,164,356
184,168,352
198,153,351
177,137,314
181,121,302
159,146,305
194,125,319
206,147,353
229,121,350
199,116,315
181,116,297
148,202,350
181,183,364
187,180,367
173,187,360
102,198,300
140,211,351
142,229,371
140,239,379
151,237,388
175,199,374
199,183,382
209,171,380
207,135,342
206,119,325
207,121,328
175,140,315
170,141,311
165,145,310
151,157,308
159,153,312
167,151,318
179,149,328
167,143,310
165,122,287
163,121,284
148,127,275
132,142,274
125,157,282
136,161,297
146,159,305
152,154,306
140,166,306
153,162,315
167,162,329
177,167,344
174,154,328
173,124,297
203,132,335
211,118,329
196,109,305
182,158,340
177,158,335
183,150,333
154,162,316
123,154,277
145,150,295
145,143,288
150,136,286
176,98,274
188,135,323
194,117,311
172,152,324
202,130,332
184,131,315
185,136,321
146,141,287
133,148,281
126,155,281
133,150,283
144,152,296
153,174,327
152,177,329
157,181,338
153,171,324
157,187,344
161,185,346
162,184,346
166,177,343
160,191,351
154,185,339
180,156,336
191,135,326
192,118,310
173,133,306
167,140,307
157,145,302
146,153,299
151,136,287
179,106,285
187,90,277
177,129,306
163,136,299
154,154,308
166,152,318
150,134,284
162,137,299
193,101,294
190,147,337
201,134,335
191,113,304
184,113,297
171,138,309
183,104,287
185,139,324
187,141,328
164,121,285
167,111,278
158,123,281
164,112,276
164,112,276
164,105,269
169,160,329
182,159,341
188,155,343
169,166,335
132,195,327
161,194,355
137,196,333
164,188,352
165,162,327
188,152,340
194,142,336
186,132,318
185,143,328
189,142,331
155,163,318
215,176,391
238,152,390
233,136,369
205,148,353
199,149,348
183,172,355
231,140,371
248,154,402
243,131,374
223,149,372
181,157,338
202,146,348
203,137,340
184,135,319
165,139,304
146,137,283
134,156,290
140,168,308
130,180,310
130,206,336
135,197,332
137,190,327
155,166,321
165,144,309
177,124,301
175,104,279
169,131,300
167,143,310
173,120,293
181,117,298
174,136,310
170,108,278
169,101,270
171,139,310
144,142,286
186,151,337
208,132,340
197,151,348
147,163,310
138,157,295
158,156,314
162,191,353
142,203,345
124,205,329
124,207,331
171,147,318
207,119,326
233,130,363
190,147,337
192,145,337
192,148,340
208,125,333
205,153,358
218,163,381
222,158,380
227,147,374
200,139,339
205,169,374
233,168,401
217,167,384
270,137,407
246,129,375
239,116,355
171,148,319
149,157,306
126,175,301
127,178,305
140,174,314
143,184,327
154,187,341
149,175,324
153,177,330
158,168,326
185,161,346
196,153,349
191,140,331
174,122,296
159,119,278
157,140,297
179,123,302
205,144,349
206,143,349
171,159,330
165,150,315
146,155,301
166,153,319
151,170,321
151,183,334
154,197,351
155,203,358
160,202,362
162,199,361
166,194,360
165,193,358
153,231,384
165,218,383
161,217,378
171,226,397
188,203,391
190,201,391
177,211,388
144,210,354
149,209,358
173,193,366
174,196,370
169,218,387
152,236,388
154,263,417
150,262,412
202,203,405
210,178,388
225,156,381
183,138,321
172,133,305
185,144,329
186,140,326
199,177,376
219,133,352
219,123,342
225,124,349
173,144,317
179,141,320
202,142,344
227,154,381
242,144,386
222,151,373
216,142,358
202,149,351
217,157,374
231,159,390
241,147,388
232,151,383
216,168,384
224,137,361
241,121,362
231,137,368
194,134,328
157,140,297
168,140,308
156,131,287
166,114,280
166,103,269
166,91,257
159,137,296
158,150,308
172,146,318
171,156,327
152,166,318
140,181,321
135,182,317
174,137,311
197,110,307
220,178,398
187,170,357
170,179,349
150,178,328
86,176,262
114,180,294
132,183,315
134,186,320
141,197,338
142,214,356
140,233,373
147,237,384
179,227,406
206,218,424
217,210,427
213,203,416
213,197,410
215,186,401
214,178,392
213,169,382
212,161,373
212,155,367
213,147,360
213,138,351
214,146,360
216,137,353
193,150,343
162,147,309
134,150,284
150,138,288
158,137,295
166,153,319
153,140,293
157,134,291
187,134,321
205,115,320
186,124,310
174,127,301
151,142,293
150,149,299
147,159,306
148,155,303
170,135,305
170,127,297
178,112,290
175,143,318
190,128,318
184,170,354
173,185,358
158,188,346
154,180,334
160,182,342
155,175,330
148,194,342
159,195,354
158,202,360
149,207,356
159,201,360
161,208,369
155,211,366
176,190,366
171,185,356
178,169,347
194,128,322
198,114,312
197,153,350
164,182,346
151,201,352
172,193,365
168,189,357
164,181,345
158,202,360
165,192,357
196,148,344
190,138,328
194,119,313
168,106,274
168,184,352
187,172,359
209,148,357
208,154,362
174,133,307
180,125,305
181,124,305
168,111,279
170,131,301
180,130,310
175,127,302
178,193,371
187,172,359
204,197,401
183,220,403
100,240,340
133,254,387
155,237,392
191,241,432
207,267,474
186,297,483
184,301,485
201,301,502
238,274,512
235,296,531
246,294,540
235,305,540
234,293,527
237,280,517
254,264,518
228,251,479
246,222,468
265,182,447
265,171,436
228,160,388
193,139,332
166,134,300
157,117,274
153,135,288
179,147,326
205,110,315
204,108,312
168,104,272
133,134,267
131,212,343
219,210,429
315,133,448
343,155,498
273,131,404
206,153,359
224,164,388
214,146,360
243,133,376
202,143,345
172,164,336
148,186,334
145,205,350
141,223,364
152,234,386
165,240,405
177,249,426
171,256,427
199,227,426
224,217,441
249,228,477
216,252,468
204,261,465
198,360,558
210,422,632
210,415,625
214,444,658
363,301,664
388,282,670
385,293,678
231,301,532
215,300,515
231,290,521
244,268,512
239,265,504
241,234,475
210,219,429
221,186,407
236,170,406
233,173,406
184,168,352
201,163,364
206,158,364
243,191,434
255,173,428
255,192,447
275,185,460
242,179,421
192,174,366
178,166,344
212,157,369
210,187,397
214,182,396
214,177,391
217,162,379
211,172,383
216,170,386
216,170,386
215,159,374
203,154,357
202,138,340
224,160,384
257,150,407
258,160,418
253,129,382
219,152,371
230,136,366
215,169,384
226,179,405
236,153,389
265,169,434
244,164,408
228,180,408
241,143,384
251,127,378
256,187,443
241,170,411
281,154,435
296,145,441
248,170,418
235,204,439
270,160,430
282,145,427
241,138,379
192,149,341
209,164,373
208,228,436
244,231,475
261,248,509
237,249,486
222,216,438
171,201,372
309,168,477
279,162,441
270,163,433
201,142,343
179,128,307
205,148,353
211,163,374
208,158,366
194,164,358
202,170,372
205,170,375
200,169,369
194,163,357
191,148,339
193,159,352
171,162,333
168,170,338
165,182,347
164,190,354
177,181,358
192,185,377
215,179,394
200,190,390
195,182,377
193,191,384
200,195,395
193,216,409
207,203,410
215,190,405
251,183,434
233,183,416
234,167,401
216,159,375
241,183,424
253,171,424
296,146,442
263,144,407
239,169,408
243,165,408
231,158,389
258,173,431
254,173,427
236,174,410
217,178,395
205,144,349
243,177,420
273,146,419
247,123,370
239,157,396
194,143,337
210,143,353
208,132,340
193,105,298
198,176,374
203,180,383
216,170,386
209,166,375
168,165,333
193,176,369
216,141,357
216,177,393
218,165,383
218,174,392
248,159,407
237,160,397
210,168,378
166,168,334
167,174,341
152,208,360
154,218,372
161,227,388
176,236,412
166,248,414
170,249,419
185,241,426
207,235,442
212,256,468
214,251,465
213,244,457
248,206,454
228,255,483
208,265,473
147,280,427
179,264,443
223,263,486
240,264,504
217,281,498
215,272,487
236,249,485
236,239,475
279,211,490
257,191,448
268,182,450
212,173,385
216,167,383
174,154,328
219,175,394
196,191,387
173,214,387
172,247,419
180,273,453
159,305,464
205,310,515
236,305,541
150,347,497
224,341,565
273,313,586
273,264,537
272,230,502
261,232,493
204,220,424
188,215,403
192,208,400
186,201,387
185,198,383
191,186,377
172,187,359
184,180,364
188,168,356
199,157,356
218,137,355
228,186,414
249,170,419
255,189,444
232,193,425
187,190,377
211,186,397
199,173,372
192,156,348
195,150,345
203,146,349
201,142,343
200,150,350
193,165,358
179,184,363
200,179,379
169,150,319
234,128,362
210,153,363
271,141,412
155,164,319
207,166,373
156,186,342
190,179,369
245,135,380
198,147,345
264,198,462
221,177,398
247,154,401
239,154,393
205,164,369
196,183,379
161,200,361
198,208,406
172,232,404
184,304,488
191,311,502
226,268,494
244,257,501
240,255,495
177,250,427
188,267,455
204,262,466
175,260,435
252,204,456
230,195,425
219,182,401
187,179,366
196,171,367
155,183,338
165,177,342
202,162,364
232,160,392
244,178,422
284,177,461
279,171,450
260,150,410
228,144,372
207,181,388
236,189,425
245,163,408
271,191,462
222,203,425
196,211,407
220,193,413
232,217,449
226,257,483
204,264,468
193,281,474
205,281,486
214,256,470
238,292,530
249,323,572
220,302,522
200,296,496
259,274,533
264,229,493
241,229,470
222,203,425
257,172,429
274,202,476
268,188,456
229,199,428
223,192,415
208,177,385
197,158,355
204,171,375
196,178,374
179,178,357
191,160,351
231,176,407
259,157,416
290,163,453
281,132,413
233,132,365
234,152,386
220,193,413
273,145,418
272,147,419
242,129,371
168,126,294
196,150,346
187,165,352
202,158,360
189,141,330
190,149,339
209,115,324
211,162,373
220,183,403
208,173,381
220,190,410
216,194,410
209,198,407
206,215,421
214,194,408
212,181,393
210,185,395
224,157,381
227,144,371
254,163,417
238,143,381
232,153,385
212,137,349
223,155,378
234,131,365
230,137,367
219,160,379
201,158,359
184,156,340
169,150,319
170,147,317
182,143,325
201,130,331
215,126,341
215,156,371
217,150,367
207,164,371
207,168,375
179,187,366
198,183,381
192,188,380
191,186,377
189,170,359
194,167,361
197,179,376
190,172,362
204,160,364
199,137,336
196,140,336
204,141,345
198,145,343
225,160,385
208,172,380
226,166,392
224,145,369
204,139,343
211,131,342
206,116,322
206,137,343
194,122,316
150,114,264
198,169,367
176,158,334
206,148,354
206,153,359
268,187,455
130,153,283
217,179,396
277,179,456
246,189,435
244,189,433
215,195,410
200,209,409
149,214,363
208,217,425
113,213,326
169,206,375
89,200,289
153,183,336
326,167,493
129,189,318
189,198,387
145,226,371
202,246,448
183,282,465
224,261,485
249,228,477
188,194,382
262,179,441
258,167,425
250,149,399
197,142,339
141,131,272
138,126,264
194,106,300
194,173,367
202,189,391
202,214,416
199,248,447
164,248,412
171,239,410
169,235,404
208,167,375
249,135,384
269,171,440
244,149,393
245,192,437
241,184,425
214,187,401
218,210,428
166,232,398
176,244,420
191,243,434
170,257,427
201,257,458
198,249,447
194,257,451
180,278,458
206,246,452
231,256,487
236,252,488
203,225,428
186,225,411
224,167,391
242,130,372
269,157,426
257,116,373
232,101,333
205,116,321
162,136,298
155,152,307
165,157,322
157,158,315
170,135,305
215,159,374
233,150,383
223,151,374
213,144,357
160,150,310
182,152,334
198,134,332
212,188,400
236,184,420
224,191,415
207,303,510
346,199,545
377,202,579
392,212,604
221,200,421
201,219,420
212,215,427
210,223,433
184,235,419
212,283,495
194,300,494
211,294,505
208,281,489
248,243,491
246,314,560
255,413,668
224,406,630
207,396,603
366,218,584
405,168,573
349,147,496
282,141,423
233,144,377
219,150,369
201,145,346
216,149,365
216,162,378
222,130,352
228,155,383
214,137,351
178,161,339
184,175,359
191,166,357
236,192,428
279,179,458
272,179,451
227,208,435
171,224,395
184,229,413
193,237,430
195,289,484
202,334,536
181,348,529
221,326,547
286,283,569
339,218,557
265,206,471
248,164,412
243,145,388
210,156,366
163,159,322
148,163,311
152,167,319
158,160,318
170,152,322
165,143,308
172,124,296
179,243,422
243,200,443
279,146,425
274,136,410
171,119,290
173,146,319
189,127,316
197,131,328
216,113,329
180,154,334
196,155,351
163,168,331
158,204,362
150,206,356
157,213,370
165,208,373
164,202,366
152,198,350
173,171,344
221,131,352
244,179,423
245,174,419
237,157,394
219,166,385
191,168,359
191,185,376
180,193,373
172,204,376
180,246,426
193,230,423
193,232,425
181,259,440
193,259,452
223,241,464
259,214,473
235,218,453
197,226,423
162,241,403
182,217,399
177,208,385
189,200,389
176,190,366
167,208,375
161,233,394
163,212,375
170,209,379
190,191,381
189,173,362
199,153,352
216,110,326
216,125,341
202,124,326
175,111,286
168,113,281
152,125,277
158,119,277
147,109,256
165,106,271
158,153,311
191,172,363
195,189,384
244,152,396
236,113,349
240,145,385
194,143,337
168,148,316
161,149,310
151,142,293
167,135,302
180,117,297
177,129,306
179,124,303
149,130,279
160,129,289
152,140,292
148,170,318
148,171,319
159,200,359
153,209,362
169,204,373
158,215,373
175,203,378
153,207,360
178,193,371
201,171,372
226,172,398
205,180,385
187,188,375
170,221,391
177,225,402
176,244,420
157,272,429
174,309,483
190,317,507
183,318,501
212,306,518
271,255,526
284,240,524
295,197,492
255,231,486
208,267,475
212,274,486
254,189,443
288,160,448
283,150,433
257,147,404
242,127,369
199,134,333
186,151,337
185,202,387
188,224,412
221,198,419
268,138,406
287,126,413
243,143,386
213,149,362
226,160,386
239,129,368
233,111,344
203,134,337
167,134,301
186,124,310
184,109,293
170,109,279
165,113,278
153,161,314
192,136,328
184,137,321
185,134,319
140,137,277
158,144,302
155,149,304
150,145,295
196,121,317
219,95,314
218,189,407
188,163,351
228,119,347
245,150,395
200,155,355
192,143,335
206,142,348
212,115,327
224,143,367
204,133,337
178,110,288
172,172,344
174,160,334
201,118,319
201,100,301
174,134,308
164,134,298
157,138,295
197,98,295
169,122,291
181,134,315
136,144,280
152,135,287
152,143,295
154,158,312
146,198,344
148,216,364
198,174,372
194,171,365
174,168,342
131,164,295
133,162,295
160,149,309
163,143,306
164,138,302
150,139,289
150,160,310
159,164,323
182,139,321
175,182,357
180,165,345
201,117,318
207,105,312
201,148,349
169,132,301
169,130,299
174,145,319
179,138,317
208,112,320
206,161,367
180,185,365
172,188,360
171,186,357
157,188,345
179,177,356
189,179,368
172,211,383
176,225,401
221,195,416
251,158,409
294,126,420
265,206,471
253,197,450
216,200,416
262,169,431
278,151,429
254,160,414
220,164,384
175,165,340
212,136,348
228,167,395
255,173,428
262,133,395
257,167,424
236,147,383
201,164,365
177,181,358
172,176,348
190,166,356
197,164,361
189,176,365
169,204,373
162,204,366
198,153,351
225,166,391
245,170,415
231,176,407
276,191,467
302,151,453
289,140,429
258,121,379
204,175,379
250,134,384
221,132,353
218,144,362
179,130,309
201,100,301
192,137,329
220,233,453
268,164,432
326,146,472
294,138,432
186,151,337
177,133,310
167,121,288
179,106,285
167,118,285
170,103,273
169,191,360
197,172,369
226,128,354
221,196,417
184,166,350
194,183,377
199,172,371
152,164,316
157,145,302
160,123,283
196,162,358
196,145,341
229,180,409
204,184,388
190,135,325
203,115,318
172,94,266
170,179,349
200,144,344
225,112,337
229,127,356
175,128,303
179,119,298
191,181,372
188,231,419
285,123,408
267,116,383
246,173,419
196,166,362
195,148,343
184,127,311
154,119,273
168,104,272
157,119,276
161,105,266
169,117,286
193,195,388
190,191,381
228,157,385
211,151,362
166,134,300
177,122,299
203,154,357
206,131,337
220,116,336
189,128,317
178,105,283
187,129,316
189,126,315
169,114,283
176,110,286
171,122,293
175,152,327
177,140,317
170,117,287
175,127,302
179,122,301
179,112,291
177,130,307
180,117,297
187,128,315
173,133,306
152,135,287
138,149,287
148,140,288
144,141,285
164,128,292
151,219,370
154,270,424
139,277,416
205,222,427
255,182,437
252,201,453
147,228,375
150,267,417
141,275,416
163,264,427
194,248,442
235,217,452
259,174,433
230,167,397
202,195,397
181,198,379
166,220,386
198,219,417
188,222,410
175,220,395
173,213,386
171,231,402
185,224,409
195,193,388
226,149,375
232,128,360
219,120,339
185,122,307
183,123,306
182,116,298
174,111,285
170,148,318
170,141,311
185,123,308
193,120,313
197,209,406
252,134,386
257,104,361
251,162,413
197,134,331
211,154,365
224,125,349
176,113,289
190,116,306
164,103,267
169,110,279
162,99,261
159,127,286
172,121,293
161,113,274
152,159,311
175,126,301
204,95,299
205,125,330
170,123,293
160,117,277
164,122,286
157,126,283
150,123,273
142,128,270
141,129,270
141,138,279
143,147,290
134,154,288
139,152,291
134,154,288
160,139,299
152,141,293
152,153,305
133,167,300
135,159,294
142,161,303
142,156,298
144,153,297
141,158,299
146,161,307
142,163,305
140,166,306
119,174,293
123,184,307
126,183,309
133,172,305
145,166,311
146,187,333
160,193,353
159,209,368
148,213,361
144,210,354
152,209,361
184,190,374
210,295,505
356,148,504
344,153,497
327,155,482
159,146,305
181,137,318
182,136,318
177,283,460
165,368,533
199,339,538
191,358,549
272,286,558
317,202,519
382,138,520
294,181,475
274,179,453
250,176,426
249,172,421
194,191,385
194,200,394
173,211,384
190,203,393
209,207,416
212,226,438
181,251,432
171,263,434
147,296,443
178,315,493
216,282,498
230,271,501
235,306,541
249,259,508
278,225,503
301,191,492
293,199,492
300,175,475
307,165,472
246,204,450
188,214,402
238,163,401
136,134,270
194,134,328
207,116,323
190,110,300
189,215,404
229,189,418
269,188,457
316,148,464
246,140,386
243,145,388
177,145,322
195,165,360
222,139,361
241,149,390
243,146,389
214,155,369
204,138,342
163,136,299
196,153,349
205,148,353
230,141,371
214,130,344
190,136,326
179,141,320
152,155,307
152,164,316
153,191,344
155,204,359
152,225,377
151,228,379
144,248,392
175,241,416
197,221,418
243,186,429
217,185,402
208,180,388
184,162,346
176,141,317
174,133,307
163,114,277
161,98,259
174,130,304
169,139,308
156,161,317
144,175,319
131,187,318
144,204,348
141,232,373
156,227,383
157,218,375
155,229,384
205,185,390
213,183,396
214,182,396
174,170,344
162,166,328
146,166,312
146,160,306
166,148,314
171,135,306
191,118,309
192,154,346
211,126,337
214,150,364
231,124,355
214,132,346
208,136,344
187,116,303
177,111,288
160,91,251
164,129,293
166,147,313
153,149,302
157,143,300
152,142,294
173,132,305
152,141,293
162,134,296
165,133,298
154,136,290
159,144,303
154,148,302
155,154,309
147,164,311
139,174,313
148,177,325
189,153,342
198,183,381
203,176,379
182,171,353
181,165,346
168,172,340
154,202,356
152,198,350
196,156,352
198,161,359
229,132,361
182,136,318
189,140,329
163,133,296
159,129,288
153,132,285
141,146,287
141,144,285
145,142,287
150,146,296
153,143,296
158,139,297
155,148,303
150,155,305
144,154,298
151,151,302
159,161,320
152,186,338
138,294,432
132,346,478
133,342,475
149,336,485
326,167,493
351,138,489
375,113,488
211,161,372
218,119,337
196,181,377
230,184,414
239,146,385
270,136,406
244,159,403
214,154,368
241,183,424
255,165,420
236,166,402
187,161,348
161,156,317
183,134,317
196,134,330
196,153,349
189,151,340
198,153,351
200,156,356
214,165,379
198,170,368
187,178,365
183,162,345
210,131,341
214,109,323
204,170,374
212,162,374
234,158,392
224,182,406
181,182,363
169,167,336
181,148,329
198,128,326
206,165,371
223,151,374
234,143,377
254,134,388
219,129,348
201,165,366
193,169,362
216,165,381
236,131,367
236,155,391
267,149,416
237,162,399
242,141,383
228,136,364
224,128,352
222,162,384
228,128,356
211,139,350
206,141,347
179,142,321
161,133,294
157,122,279
190,101,291
180,109,289
173,113,286
137,119,256
130,132,262
147,136,283
152,150,302
171,147,318
158,144,302
157,165,322
145,165,310
134,173,307
139,179,318
141,181,322
136,190,326
139,187,326
143,188,331
150,216,366
148,258,406
138,274,412
150,292,442
227,237,464
259,244,503
259,256,515
252,184,436
261,171,432
266,190,456
217,209,426
256,148,404
252,137,389
222,124,346
164,110,274
175,129,304
183,152,335
207,128,335
211,118,329
206,132,338
181,118,299
202,191,393
193,177,370
209,121,330
208,109,317
140,167,307
191,137,328
217,96,313
218,145,363
197,123,320
196,101,297
183,116,299
150,103,253
183,123,306
191,114,305
199,180,379
201,190,391
209,181,390
219,179,398
227,205,432
209,221,430
256,212,468
273,209,482
313,160,473
278,132,410
231,155,386
216,161,377
199,162,361
190,166,356
203,147,350
245,121,366
261,166,427
234,167,401
223,176,399
255,147,402
246,159,405
251,163,414
236,172,408
176,175,351
178,171,349
173,171,344
170,200,370
152,206,358
152,206,358
139,220,359
184,198,382
197,178,375
216,165,381
213,146,359
174,140,314
174,133,307
156,124,280
167,119,286
165,123,288
152,135,287
143,133,276
148,123,271
169,126,295
175,129,304
172,127,299
160,124,284
155,124,279
164,114,278
163,117,280
153,126,279
144,139,283
165,113,278
177,102,279
181,146,327
168,127,295
174,133,307
171,115,286
164,117,281
159,121,280
144,142,286
156,141,297
169,136,305
175,134,309
170,151,321
158,152,310
164,157,321
173,156,329
160,149,309
164,142,306
151,206,357
165,191,356
207,157,364
222,151,373
217,129,346
169,120,289
172,107,279
163,141,304
171,134,305
164,123,287
177,127,304
179,147,326
207,139,346
203,134,337
184,126,310
172,122,294
163,122,285
145,131,276
147,145,292
137,157,294
141,171,312
139,176,315
147,166,313
147,169,316
163,155,318
158,159,317
160,163,323
171,148,319
177,131,308
205,215,420
213,217,430
244,177,421
211,195,406
171,159,330
193,152,345
165,161,326
152,169,321
134,192,326
133,225,358
137,241,378
137,238,375
162,216,378
196,171,367
216,142,358
197,139,336
163,130,293
161,114,275
165,101,266
164,135,299
159,129,288
156,113,269
149,102,251
157,175,332
161,207,368
178,196,374
211,179,390
209,189,398
181,197,378
184,196,380
201,189,390
211,200,411
214,196,410
208,186,394
186,179,365
215,155,370
241,186,427
290,147,437
297,161,458
245,175,420
183,180,363
165,182,347
209,202,411
212,189,401
228,163,391
242,116,358
238,138,376
200,129,329
215,115,330
187,132,319
192,112,304
177,112,289
178,150,328
158,149,307
164,144,308
168,129,297
151,136,287
152,154,306
135,154,289
149,144,293
177,132,309
195,114,309
202,142,344
192,144,336
178,142,320
193,155,348
226,126,352
240,147,387
219,160,379
182,156,338
174,137,311
177,125,302
197,148,345
204,133,337
195,172,367
235,210,445
237,188,425
269,190,459
287,175,462
256,328,584
232,332,564
197,328,525
196,306,502
297,208,505
229,214,443
199,226,425
220,204,424
220,197,417
238,173,411
213,142,355
203,147,350
192,142,334
175,131,306
179,238,417
273,206,479
330,153,483
349,167,516
260,151,411
218,147,365
204,145,349
175,147,322
165,160,325
158,197,355
154,193,347
208,145,353
207,142,349
200,145,345
163,132,295
162,119,281
168,127,295
153,122,275
145,112,257
148,202,350
157,185,342
176,173,349
208,120,328
183,110,293
189,90,279
169,166,335
187,195,382
189,190,379
233,158,391
186,157,343
201,136,337
156,118,274
167,104,271
167,132,299
170,120,290
164,113,277
167,184,351
191,152,343
229,147,376
227,139,366
202,120,322
185,98,283
154,155,309
175,155,330
184,127,311
198,115,313
199,137,336
196,186,382
233,152,385
250,164,414
247,159,406
233,239,472
264,187,451
276,150,426
256,164,420
186,140,326
212,139,351
219,140,359
193,139,332
189,165,354
203,199,402
233,203,436
271,152,423
257,139,396
242,172,414
212,143,355
200,135,335
192,134,326
146,149,295
146,150,296
148,144,292
153,156,309
143,167,310
135,169,304
134,183,317
141,181,322
128,190,318
138,199,337
136,211,347
136,223,359
150,209,359
179,184,363
208,163,371
215,140,355
195,129,324
184,161,345
160,171,331
205,159,364
196,153,349
215,125,340
169,128,297
186,107,293
172,104,276
164,119,283
152,106,258
153,115,268
151,122,273
149,111,260
149,103,252
146,138,284
158,129,287
164,126,290
173,119,292
144,128,272
152,140,292
136,169,305
132,186,318
142,207,349
148,205,353
158,209,367
154,189,343
186,167,353
189,183,372
146,198,344
145,214,359
158,235,393
167,224,391
168,215,383
176,197,373
195,178,373
212,155,367
228,133,361
204,127,331
178,138,316
172,154,326
205,156,361
238,123,361
238,157,395
237,147,384
219,143,362
224,138,362
191,151,342
160,165,325
133,201,334
134,238,372
139,241,380
160,221,381
159,206,365
202,169,371
190,160,350
193,146,339
172,137,309
167,131,298
158,113,271
157,102,259
176,143,319
171,148,319
190,151,341
199,144,343
204,136,340
214,146,360
199,140,339
205,133,338
211,145,356
207,137,344
208,136,344
212,154,366
200,146,346
180,159,339
172,174,346
138,189,327
153,206,359
161,212,373
161,256,417
147,275,422
156,275,431
232,230,462
240,231,471
272,215,487
211,226,437
214,222,436
228,200,428
241,177,418
239,197,436
209,211,420
197,200,397
224,173,397
285,173,458
303,159,462
290,165,455
271,188,459
251,182,433
225,182,407
201,177,378
174,171,345
183,148,331
185,125,310
200,155,355
203,156,359
205,143,348
210,114,324
174,101,275
172,91,263
158,123,281
151,131,282
142,136,278
175,136,311
177,135,312
187,136,323
151,123,274
138,113,251
144,102,246
144,166,310
166,157,323
228,109,337
226,114,340
160,118,278
136,138,274
136,142,278
157,131,288
167,133,300
181,119,300
180,132,312
197,154,351
209,139,348
208,126,334
198,122,320
179,136,315
184,134,318
197,134,331
200,138,338
172,143,315
187,136,323
186,146,332
222,159,381
240,151,391
213,164,377
195,156,351
195,145,340
215,143,358
213,137,350
213,142,355
217,157,374
226,141,367
234,159,393
235,124,359
231,163,394
227,166,393
195,177,372
206,165,371
208,128,336
249,165,414
223,153,376
230,114,344
193,125,318
147,163,310
163,152,315
172,126,298
199,103,302
194,125,319
163,112,275
165,103,268
158,151,309
181,132,313
207,138,345
216,146,362
168,143,311
153,134,287
136,162,298
152,153,305
199,206,405
221,190,411
290,128,418
237,129,366
154,117,271
150,125,275
158,117,275
137,128,265
144,137,281
127,163,290
130,194,324
129,199,328
135,192,327
137,191,328
158,182,340
162,183,345
155,191,346
136,201,337
122,200,322
155,182,337
160,191,351
158,232,390
137,235,372
134,243,377
182,212,394
201,208,409
222,185,407
190,180,370
170,175,345
161,162,323
186,109,295
199,92,291
190,113,303
147,149,296
129,170,299
147,170,317
180,161,341
206,200,406
221,206,427
275,184,459
296,226,522
266,187,453
267,180,447
299,130,429
229,132,361
210,136,346
170,140,310
164,131,295
147,113,260
170,119,289
173,147,320
181,140,321
178,151,329
179,141,320
169,161,330
207,150,357
241,123,364
250,139,389
251,136,387
207,168,375
227,149,376
222,141,363
212,171,383
185,153,338
216,102,318
207,92,299
186,135,321
131,141,272
122,142,264
158,102,260
175,92,267
148,87,235
134,84,218
125,92,217
112,102,214
119,102,221
114,108,222
124,111,235
136,114,250
145,121,266
140,169,309
122,171,293
124,166,290
169,127,296
170,133,303
135,118,253
135,116,251
137,152,289
122,154,276
125,165,290
163,133,296
160,129,289
165,137,302
127,142,269
124,150,274
126,164,290
119,238,357
122,287,409
113,286,399
137,268,405
252,184,436
255,227,482
210,246,456
163,306,469
200,275,475
205,259,464
201,258,459
229,175,404
232,176,408
239,188,427
165,188,353
159,190,349
157,188,345
160,205,365
160,235,395
139,248,387
140,250,390
188,190,378
233,144,377
257,187,444
240,148,388
236,141,377
258,115,373
185,193,378
216,171,387
232,153,385
268,194,462
256,144,400
315,134,449
290,103,393
221,145,366
183,132,315
153,117,270
186,128,314
172,151,323
187,160,347
159,162,321
133,179,312
144,171,315
144,177,321
145,186,331
131,197,328
125,204,329
142,206,348
148,218,366
164,277,441
159,270,429
157,264,421
221,198,419
258,145,403
264,147,411
221,158,379
220,138,358
236,158,394
236,150,386
210,149,359
214,164,378
226,165,391
261,140,401
268,189,457
257,175,432
276,136,412
277,130,407
230,152,382
197,166,363
195,148,343
244,122,366
214,144,358
197,114,311
188,93,281
194,151,345
177,136,313
196,307,503
186,314,500
136,363,499
158,362,520
287,252,539
314,235,549
172,231,403
210,198,408
205,197,402
207,178,385
165,182,347
155,243,398
132,266,398
147,260,407
204,214,418
233,234,467
220,251,471
164,285,449
163,288,451
303,132,435
335,147,482
333,160,493
208,142,350
230,180,410
246,139,385
270,119,389
224,127,351
191,123,314
186,131,317
150,139,289
126,144,270
135,144,279
154,132,286
160,146,306
143,166,309
135,176,311
137,190,327
145,200,345
146,208,354
136,204,340
157,228,385
165,227,392
179,207,386
180,209,389
184,217,401
168,226,394
158,220,378
160,211,371
181,195,376
218,160,378
217,158,375
204,168,372
193,155,348
216,120,336
224,177,401
219,187,406
205,181,386
205,175,380
179,158,337
189,175,364
167,188,355
152,188,340
152,183,335
146,198,344
141,198,339
135,237,372
148,242,390
152,269,421
184,270,454
195,305,500
206,294,500
197,258,455
261,196,457
263,170,433
265,145,410
194,124,318
179,112,291
166,96,262
172,172,344
177,163,340
202,119,321
195,118,313
155,145,300
175,140,315
193,115,308
183,109,292
174,116,290
168,111,279
166,107,273
167,94,261
157,171,328
164,173,337
209,125,334
223,114,337
173,104,277
163,117,280
174,127,301
167,121,288
186,137,323
181,166,347
231,144,375
232,141,373
238,139,377
201,152,353
214,157,371
213,173,386
250,147,397
242,118,360
246,150,396
215,137,352
193,155,348
194,151,345
155,154,309
159,152,311
156,147,303
160,153,313
183,129,312
176,128,304
190,117,307
184,135,319
186,130,316
215,122,337
196,151,347
220,153,373
210,147,357
214,146,360
195,182,377
166,188,354
183,162,345
196,159,355
195,163,358
177,149,326
196,119,315
199,225,424
215,211,426
266,128,394
259,120,379
208,115,323
168,114,282
163,106,269
146,130,276
156,119,275
154,164,318
162,144,306
194,104,298
203,124,327
189,176,365
142,185,327
153,167,320
178,139,317
179,183,362
134,197,331
127,203,330
165,216,381
172,246,418
170,325,495
126,319,445
178,284,462
274,196,470
291,174,465
269,180,449
177,172,349
139,174,313
144,168,312
161,155,316
160,158,318
174,143,317
150,137,287
157,136,293
174,113,287
171,127,298
193,142,335
211,116,327
210,130,340
178,139,317
147,155,302
159,149,308
166,160,326
159,164,323
142,173,315
142,168,310
144,167,311
148,171,319
148,165,313
158,169,327
149,171,320
144,178,322
140,183,323
144,185,329
133,193,326
146,197,343
183,169,352
191,179,370
179,188,367
146,271,417
138,282,420
132,289,421
160,241,401
228,167,395
253,144,397
239,117,356
205,131,336
207,117,324
196,98,294
182,107,289
151,103,254
135,128,263
153,193,346
146,235,381
208,182,390
211,170,381
249,140,389
191,150,341
139,156,295
161,126,287
163,121,284
168,122,290
150,115,265
150,107,257
142,126,268
159,149,308
191,156,347
195,154,349
214,149,363
205,159,364
222,169,391
206,173,379
253,132,385
239,156,395
266,169,435
213,182,395
248,145,393
230,199,429
261,188,449
236,154,390
217,146,363
205,127,332
210,138,348
195,141,336
149,143,292
135,177,312
145,178,323
153,197,350
184,183,367
180,186,366
134,193,327
148,194,342
141,215,356
144,217,361
154,189,343
168,167,335
182,147,329
177,121,298
176,101,277
184,168,352
176,170,346
204,128,332
202,106,308
168,177,345
180,177,357
205,160,365
197,159,356
152,144,296
167,136,303
185,171,356
209,153,362
201,177,378
167,179,346
126,187,313
129,202,331
138,211,349
135,246,381
150,255,405
163,256,419
252,166,418
252,156,408
272,113,385
213,166,379
212,174,386
211,145,356
187,147,334
182,147,329
170,147,317
170,148,318
173,147,320
174,151,325
175,149,324
170,179,349
202,145,347
210,168,378
255,138,393
227,156,383
242,141,383
223,165,388
242,148,390
244,152,396
239,139,378
230,112,342
216,141,357
173,147,320
195,142,337
182,153,335
164,167,331
148,177,325
148,191,339
146,265,411
141,274,415
138,272,410
207,206,413
236,177,413
263,152,415
204,125,329
214,149,363
219,137,356
227,151,378
227,148,375
199,152,351
185,158,343
165,162,327
167,168,335
177,165,342
177,169,346
175,192,367
158,198,356
159,196,355
160,194,354
166,196,362
168,194,362
172,190,362
170,187,357
169,191,360
164,192,356
163,193,356
164,193,357
167,204,371
252,170,422
281,138,419
300,109,409
210,171,381
189,167,356
174,168,342
195,188,383
202,165,367
240,137,377
260,169,429
231,180,411
237,162,399
222,142,364
234,148,382
222,120,342
224,164,388
232,155,387
193,161,354
180,172,352
126,175,301
136,176,312
130,182,312
144,180,324
139,181,320
148,173,321
156,178,334
145,184,329
141,183,324
128,187,315
139,187,326
138,194,332
147,195,342
141,208,349
160,207,367
159,207,366
168,204,372
145,202,347
148,190,338
172,181,353
175,183,358
145,178,323
157,162,319
161,158,319
185,172,357
181,173,354
183,179,362
169,172,341
149,159,308
153,143,296
171,140,311
190,140,330
194,150,344
182,133,315
156,120,276
155,115,270
158,100,258
163,121,284
161,107,268
143,109,252
147,91,238
142,175,317
163,161,324
189,147,336
194,172,366
189,147,336
207,148,355
196,188,384
146,192,338
197,140,337
211,114,325
230,180,410
227,135,362
223,123,346
206,113,319
157,106,263
159,87,246
154,162,316
176,139,315
198,109,307
197,103,300
145,96,241
148,114,262
150,112,262
142,98,240
152,125,277
156,113,269
158,97,255
160,119,279
147,106,253
159,119,278
165,117,282
161,105,266
159,94,253
160,110,270
157,104,261
149,133,282
163,120,283
168,106,274
168,96,264
150,159,309
157,177,334
181,360,541
180,380,560
170,382,552
262,251,513
333,183,516
324,148,472
205,114,319
206,171,377
191,195,386
255,129,384
251,115,366
232,110,342
137,92,229
151,139,290
165,139,304
158,135,293
166,106,272
155,99,254
161,176,337
159,179,338
186,142,328
188,136,324
182,185,367
141,185,326
140,201,341
140,208,348
154,188,342
162,176,338
163,182,345
160,207,367
168,211,379
164,217,381
194,193,387
180,199,379
206,208,414
191,204,395
207,197,404
186,226,412
192,232,424
206,185,391
253,134,387
262,152,414
237,129,366
230,97,327
210,139,349
179,140,319
162,242,404
322,139,461
331,146,477
360,142,502
209,124,333
182,110,292
166,95,261
157,121,278
166,158,324
163,158,321
194,166,360
185,180,365
195,167,362
177,145,322
184,136,320
160,123,283
159,111,270
163,99,262
161,166,327
168,157,325
201,110,311
199,132,331
160,142,302
171,144,315
171,126,297
148,147,295
178,122,300
181,112,293
184,99,283
159,132,291
167,124,291
169,125,294
174,163,337
181,137,318
203,138,341
198,127,325
152,112,264
174,106,280
171,126,297
171,128,299
166,135,301
155,154,309
149,178,327
252,136,388
253,136,389
255,117,372
162,106,268
148,126,274
161,147,308
173,145,318
169,153,322
165,152,317
146,152,298
151,148,299
154,144,298
151,144,295
152,139,291
155,126,281
160,135,295
175,115,290
182,133,315
213,151,364
217,136,353
219,115,334
209,123,332
183,105,288
166,94,260
175,135,310
175,130,305
193,132,325
193,154,347
181,151,332
177,153,330
171,147,318
178,146,324
183,138,321
202,154,356
201,142,343
225,225,450
267,139,406
295,142,437
283,116,399
193,114,307
190,131,321
172,121,293
175,122,297
171,106,277
170,100,270
176,168,344
145,199,344
231,117,348
250,105,355
240,97,337
154,134,288
156,159,315
162,164,326
196,175,371
179,178,357
177,192,369
152,176,328
161,168,329
171,171,342
176,149,325
184,147,331
185,139,324
181,124,305
179,131,310
169,141,310
186,211,397
224,181,405
275,151,426
250,183,433
174,175,349
180,160,340
192,137,329
182,128,310
208,144,352
207,143,350
199,158,357
151,172,323
131,166,297
137,169,306
136,180,316
124,185,309
121,193,314
143,181,324
195,133,328
189,144,333
174,148,322
125,155,280
122,170,292
140,160,300
140,167,307
150,174,324
131,181,312
133,175,308
134,207,341
133,218,351
143,223,366
151,251,402
193,229,422
215,193,408
226,203,429
187,195,382
163,176,339
181,116,297
212,214,426
242,187,429
271,123,394
270,98,368
209,126,335
168,111,279
154,93,247
166,127,293
163,134,297
157,143,300
144,146,290
124,152,276
141,147,288
140,155,295
177,131,308
206,106,312
204,106,310
189,142,331
148,162,310
185,123,308
178,134,312
173,140,313
114,139,253
133,123,256
135,124,259
153,160,313
142,169,311
142,173,315
171,136,307
171,134,305
151,131,282
125,123,248
136,108,244
137,106,243
131,103,234
116,109,225
127,119,246
149,97,246
154,117,271
158,141,299
140,140,280
168,97,265
183,117,300
170,129,299
144,133,277
130,132,262
131,129,260
132,128,260
134,123,257
139,123,262
139,138,277
132,144,276
125,144,269
128,161,289
137,158,295
133,177,310
133,176,309
132,180,312
135,182,317
133,186,319
139,181,320
132,209,341
147,201,348
137,197,334
185,148,333
184,146,330
193,138,331
133,147,280
136,153,289
125,167,292
129,165,294
122,190,312
128,182,310
130,183,313
130,180,310
168,149,317
179,149,328
188,144,332
145,142,287
136,147,283
124,158,282
130,164,294
146,150,296
149,154,303
154,163,317
142,174,316
142,172,314
137,174,311
131,170,301
118,167,285
147,150,297
152,152,304
139,159,298
137,170,307
138,179,317
143,190,333
147,183,330
169,166,335
163,151,314
203,137,340
188,131,319
201,137,338
200,154,354
210,144,354
238,134,372
222,158,380
196,138,334
190,162,352
222,142,364
210,144,354
225,127,352
217,142,359
215,102,317
196,91,287
175,83,258
148,111,259
142,105,247
147,93,240
150,138,288
154,156,310
149,187,336
148,188,336
142,196,338
167,194,361
176,181,357
133,181,314
148,185,333
172,150,322
184,139,323
191,129,320
159,150,309
142,151,293
191,107,298
174,111,285
190,104,294
144,104,248
144,99,243
139,110,249
139,201,340
179,167,346
225,133,358
213,131,344
126,126,252
139,112,251
162,92,254
160,146,306
168,138,306
144,136,280
146,134,280
136,138,274
148,137,285
143,144,287
141,152,293
133,202,335
136,217,353
131,224,355
168,200,368
164,206,370
177,196,373
135,193,328
161,173,334
166,170,336
185,160,345
184,147,331
178,133,311
160,134,294
153,134,287
149,130,279
145,129,274
151,122,273
140,134,274
145,127,272
136,120,256
133,114,247
128,124,252
119,126,245
126,123,249
127,139,266
136,155,291
133,173,306
143,185,328
130,207,337
128,228,356
120,237,357
169,221,390
185,218,403
184,226,410
163,249,412
177,232,409
215,226,441
237,194,431
211,210,421
191,191,382
182,170,352
183,178,361
127,189,316
128,184,312
139,168,307
152,150,302
177,131,308
184,153,337
184,151,335
216,126,342
212,117,329
213,161,374
173,161,334
170,156,326
159,141,300
151,138,289
161,142,303
169,152,321
192,140,332
199,139,338
195,130,325
168,133,301
170,146,316
198,139,337
224,150,374
211,188,399
222,167,389
254,124,378
226,120,346
197,105,302
146,124,270
164,113,277
168,95,263
163,313,476
253,281,534
391,170,561
429,133,562
332,120,452
209,139,348
167,131,298
186,160,346
211,157,368
238,132,370
224,129,353
203,152,355
204,168,372
195,173,368
182,137,319
214,157,371
230,158,388
169,168,337
179,167,346
172,167,339
155,174,329
151,172,323
131,184,315
123,196,319
139,185,324
155,169,324
163,175,338
165,228,393
162,323,485
177,332,509
181,325,506
185,320,505
288,218,506
246,208,454
283,204,487
213,194,407
225,172,397
226,163,389
223,155,378
213,145,358
214,137,351
220,150,370
220,144,364
219,151,370
222,121,343
215,157,372
230,144,374
216,139,355
220,155,375
208,160,368
212,155,367
212,141,353
210,131,341
220,150,370
217,143,360
218,139,357
208,160,368
237,154,391
246,130,376
262,204,466
283,163,446
261,137,398
248,141,389
189,142,331
170,137,307
169,121,290
175,117,292
173,120,293
183,103,286
171,103,274
170,103,273
148,105,253
144,105,249
147,129,276
153,129,282
156,127,283
153,127,280
140,130,270
138,136,274
143,138,281
147,137,284
150,139,289
143,143,286
142,142,284
139,147,286
139,144,283
155,133,288
156,134,290
160,219,379
241,175,416
302,140,442
307,144,451
205,156,361
159,167,326
163,168,331
171,146,317
180,128,308
191,104,295
181,124,305
175,123,298
160,113,273
149,102,251
155,220,375
158,231,389
193,208,401
208,170,378
212,109,321
248,160,408
249,121,370
217,130,347
203,112,315
166,97,263
173,228,401
257,126,383
294,151,445
317,149,466
209,154,363
183,154,337
173,127,300
178,132,310
199,160,359
204,120,324
222,183,405
230,175,405
191,182,373
180,193,373
150,193,343
170,196,366
179,170,349
178,166,344
201,136,337
195,147,342
215,127,342
185,151,336
174,155,329
145,154,299
143,168,311
145,189,334
154,183,337
182,152,334
180,157,337
180,157,337
148,151,299
150,156,306
153,152,305
144,149,293
154,179,333
153,179,332
203,136,339
194,142,336
190,145,335
135,147,282
154,145,299
159,141,300
159,140,299
149,143,292
152,169,321
156,170,326
163,169,332
186,133,319
186,132,318
145,133,278
146,142,288
143,140,283
143,168,311
144,174,318
180,137,317
175,136,311
181,139,320
126,146,272
150,137,287
148,131,279
157,133,290
164,120,284
165,111,276
174,116,290
169,108,277
173,105,278
163,141,304
161,142,303
168,138,306
158,144,302
150,139,289
157,137,294
169,132,301
164,117,281
164,112,276
168,98,266
157,115,272
162,110,272
157,131,288
168,132,300
162,142,304
148,142,290
149,137,286
172,111,283
177,143,320
184,134,318
163,166,329
160,204,364
197,147,344
246,102,348
245,98,343
183,105,288
148,218,366
155,226,381
188,204,392
191,208,399
118,213,331
148,209,357
177,186,363
201,184,385
204,183,387
181,185,366
156,204,360
150,199,349
159,189,348
176,178,354
180,164,344
167,166,333
154,171,325
139,161,300
144,165,309
152,160,312
168,155,323
180,149,329
178,146,324
172,150,322
156,162,318
169,148,317
170,152,322
165,152,317
152,156,308
158,153,311
163,154,317
161,169,330
179,154,333
182,182,364
194,198,392
173,224,397
179,212,391
194,203,397
230,184,414
262,184,446
270,163,433
284,143,427
247,133,380
214,120,334
209,136,345
203,165,368
182,191,373
221,161,382
243,138,381
274,142,416
223,132,355
196,134,330
189,159,348
207,156,363
235,141,376
225,121,346
202,105,307
169,125,294
153,130,283
171,121,292
173,106,279
163,96,259
171,132,303
167,137,304
157,138,295
157,145,302
149,143,292
162,126,288
164,118,282
161,100,261
170,130,300
166,132,298
167,123,290
171,111,282
160,105,265
170,118,288
166,105,271
157,131,288
155,131,286
165,112,277
177,130,307
169,116,285
175,116,291
176,103,279
165,141,306
172,130,302
167,123,290
169,108,277
167,128,295
176,112,288
184,161,345
177,155,332
200,122,322
205,103,308
184,125,309
172,122,294
154,107,261
156,101,257
144,171,315
164,160,324
205,112,317
214,105,319
147,143,290
174,145,319
176,163,339
176,146,322
200,94,294
202,165,367
216,169,385
224,155,379
233,173,406
201,172,373
183,159,342
202,149,351
200,150,350
197,142,339
189,126,315
181,128,309
177,156,333
206,140,346
215,148,363
197,163,360
181,157,338
191,164,355
222,162,384
207,153,360
173,153,326
138,155,293
137,158,295
142,153,295
137,165,302
149,162,311
139,156,295
145,170,315
142,175,317
135,174,309
166,152,318
181,141,322
190,118,308
191,130,321
195,141,336
179,135,314
165,147,312
147,148,295
149,162,311
145,193,338
155,186,341
204,138,342
201,144,345
198,147,345
151,142,293
151,154,305
143,169,312
140,170,310
140,177,317
143,180,323
144,189,333
143,191,334
143,229,372
152,237,389
163,244,407
174,230,404
190,219,409
200,200,400
189,244,433
178,243,421
145,241,386
159,244,403
226,177,403
253,141,394
274,139,413
206,136,342
168,132,300
192,147,339
203,157,360
241,117,358
228,140,368
202,142,344
177,137,314
155,127,282
149,114,263
153,103,256
149,95,244
143,141,284
157,153,310
163,144,307
159,137,296
188,152,340
237,98,335
246,134,380
200,131,331
161,124,285
175,103,278
162,126,288
176,122,298
160,117,277
157,103,260
147,166,313
169,184,353
202,147,349
199,134,333
141,118,259
170,127,297
172,115,287
175,101,276
162,158,320
146,145,291
197,113,310
198,117,315
146,123,269
160,113,273
139,105,244
150,98,248
140,119,259
158,103,261
163,112,275
167,124,291
170,103,273
170,103,273
140,96,236
142,126,268
146,148,294
139,152,291
148,155,303
139,144,283
150,130,280
152,116,268
171,108,279
178,142,320
176,127,303
171,113,284
158,101,259
147,125,272
166,106,272
164,174,338
183,163,346
202,107,309
203,96,299
152,167,319
153,172,325
207,117,324
211,106,317
219,162,381
182,151,333
211,105,316
200,136,336
150,127,277
161,117,278
148,107,255
140,124,264
168,107,275
167,131,298
177,136,313
153,128,281
169,122,291
162,103,265
157,90,247
165,125,290
154,130,284
153,123,276
168,282,450
155,293,448
174,305,479
185,295,480
243,206,449
190,171,361
177,167,344
193,149,342
174,132,306
177,121,298
173,103,276
172,172,344
176,176,352
211,126,337
207,113,320
146,96,242
165,144,309
173,149,322
166,146,312
163,147,310
139,163,302
154,166,320
141,173,314
142,183,325
153,175,328
155,179,334
158,183,341
155,201,356
126,270,396
141,282,423
164,278,442
169,296,465
229,235,464
241,219,460
272,205,477
234,175,409
237,134,371
258,112,370
219,163,382
185,190,375
162,201,363
175,192,367
166,193,359
181,185,366
166,193,359
158,193,351
163,197,360
179,186,365
181,195,376
163,201,364
190,219,409
208,232,440
233,210,443
216,209,425
205,186,391
194,168,362
179,156,335
164,156,320
151,155,306
165,126,291
144,118,262
164,103,267
160,113,273
159,96,255
157,191,348
211,142,353
220,116,336
241,139,380
204,117,321
189,110,299
168,96,264
152,113,265
155,111,266
161,97,258
147,123,270
150,111,261
149,99,248
161,138,299
147,150,297
157,145,302
141,162,303
124,172,296
130,186,316
133,199,332
250,207,457
336,124,460
343,115,458
232,116,348
151,134,285
173,123,296
178,122,300
154,114,268
152,110,262
161,106,267
158,116,274
167,97,264
159,157,316
162,155,317
155,167,322
156,177,333
127,180,307
152,186,338
159,188,347
151,195,346
154,195,349
153,197,350
154,201,355
168,205,373
167,215,382
171,211,382
151,226,377
162,218,380
200,195,395
205,198,403
196,229,425
155,241,396
152,257,409
151,270,421
192,245,437
217,243,460
238,223,461
215,201,416
200,205,405
178,212,390
154,246,400
146,273,419
171,276,447
201,258,459
238,244,482
260,191,451
272,164,436
264,152,416
229,163,392
231,146,377
229,162,391
249,175,424
224,174,398
265,175,440
238,135,373
225,120,345
229,131,360
197,152,349
227,153,380
222,147,369
224,140,364
187,147,334
176,151,327
160,157,317
162,164,326
154,176,330
162,227,389
158,255,413
212,227,439
201,243,444
206,256,462
162,267,429
182,237,419
204,229,433
223,213,436
231,172,403
248,122,370
216,110,326
187,105,292
154,109,263
128,119,247
128,124,252
128,122,250
136,118,254
142,128,270
150,130,280
167,121,288
168,119,287
164,134,298
149,136,285
133,135,268
140,135,275
139,144,283
146,139,285
148,141,289
145,144,289
139,147,286
137,154,291
136,154,290
137,159,296
138,155,293
135,157,292
134,165,299
131,167,298
127,165,292
123,167,290
122,178,300
148,161,309
139,158,297
149,159,308
119,162,281
129,156,285
143,139,282
154,143,297
142,141,283
139,132,271
134,134,268
137,131,268
130,130,260
128,138,266
137,130,267
133,127,260
141,120,261
134,108,242
151,109,260
142,109,251
123,115,238
130,130,260
135,127,262
133,135,268
135,145,280
130,146,276
126,146,272
124,155,279
123,158,281
123,165,288
123,177,300
120,199,319
124,218,342
128,234,362
153,214,367
186,217,403
207,181,388
232,131,363
236,130,366
244,137,381
188,137,325
210,110,320
172,106,278
130,102,232
132,102,234
124,99,223
118,99,217
118,98,216
133,87,220
132,82,214
137,98,235
125,102,227
120,104,224
124,98,222
120,98,218
108,102,210
121,105,226
120,118,238
122,122,244
130,111,241
134,110,244
133,110,243
129,115,244
126,109,235
111,105,216
124,107,231
125,110,235
122,109,231
123,104,227
121,107,228
120,126,246
120,146,266
122,162,284
127,167,294
177,150,327
179,142,321
239,124,363
201,116,317
195,115,310
132,121,253
128,129,257
125,135,260
127,134,261
128,142,270
137,138,275
135,145,280
136,147,283
128,149,277
129,148,277
125,158,283
129,168,297
125,179,304
124,182,306
132,173,305
133,187,320
138,190,328
130,190,320
143,184,327
139,194,333
154,188,342
145,192,337
151,202,353
134,214,348
156,194,350
156,204,360
186,183,369
172,179,351
161,238,399
147,254,401
131,251,382
132,257,389
210,180,390
242,156,398
187,159,346
202,140,342
212,165,377
232,160,392
257,110,367
228,151,379
221,151,372
207,148,355
211,143,354
201,128,329
190,128,318
185,133,318
184,148,332
196,146,342
193,138,331
204,148,352
235,173,408
240,185,425
243,220,463
199,226,425
246,164,410
246,162,408
263,133,396
183,133,316
165,139,304
137,149,286
145,138,283
149,148,297
151,164,315
136,172,308
142,203,345
180,199,379
191,224,415
202,217,419
243,139,382
244,116,360
242,142,384
170,130,300
169,118,287
166,101,267
154,125,279
158,126,284
156,112,268
157,98,255
153,169,322
158,165,323
186,138,324
195,156,351
192,147,339
198,107,305
201,100,301
199,143,342
153,138,291
158,142,300
153,168,321
147,155,302
151,156,307
195,121,316
193,152,345
217,110,327
189,109,298
185,100,285
155,124,279
167,130,297
183,120,303
201,131,332
196,118,314
224,128,352
196,124,320
191,128,319
170,121,291
158,114,272
152,109,261
168,111,279
166,111,277
163,102,265
160,165,325
163,154,317
206,122,328
206,119,325
151,113,264
164,109,273
161,102,263
163,133,296
160,158,318
194,117,311
203,136,339
204,130,334
167,141,308
156,132,288
149,140,289
155,153,308
141,161,302
135,195,330
136,202,338
114,213,327
122,227,349
168,181,349
179,170,349
209,166,375
181,159,340
168,157,325
150,164,314
140,171,311
132,181,313
137,188,325
139,194,333
142,205,347
140,231,371
143,238,381
165,225,390
174,216,390
205,187,392
197,193,390
200,216,416
183,214,397
185,220,405
198,220,418
198,211,409
207,204,411
193,233,426
182,236,418
192,213,405
205,216,421
193,225,418
164,238,402
165,251,416
178,241,419
183,234,417
188,238,426
189,215,404
202,201,403
190,201,391
176,186,362
194,163,357
186,165,351
194,151,345
177,155,332
171,326,497
151,333,484
142,325,467
231,240,471
295,166,461
322,131,453
204,120,324
209,126,335
202,112,314
181,111,292
166,120,286
158,116,274
169,107,276
158,135,293
166,122,288
165,120,285
168,110,278
153,102,255
161,119,280
160,126,286
156,113,269
156,113,269
161,99,260
161,111,272
164,143,307
154,160,314
197,144,341
196,144,340
191,146,337
151,148,299
149,178,327
137,185,322
188,169,357
186,168,354
241,109,350
211,126,337
214,118,332
157,118,275
150,115,265
150,116,266
156,135,291
160,156,316
186,124,310
180,116,296
186,120,306
157,118,275
197,168,365
211,150,361
239,118,357
210,103,313
163,131,294
173,113,286
170,95,265
175,120,295
165,113,278
171,97,268
171,127,298
161,147,308
165,168,333
154,173,327
188,130,318
185,122,307
206,107,313
170,152,322
184,139,323
173,138,311
165,140,305
139,141,280
158,131,289
165,125,290
163,133,296
137,138,275
146,141,287
147,144,291
156,147,303
162,142,304
152,146,298
153,144,297
150,145,295
148,145,293
149,149,298
149,146,295
157,139,296
165,135,300
168,128,296
168,111,279
162,108,270
175,124,299
170,117,287
176,109,285
164,98,262
155,131,286
163,141,304
163,139,302
165,148,313
158,148,306
165,143,308
164,166,330
165,165,330
175,140,315
205,105,310
209,107,316
191,285,476
321,122,443
345,147,492
362,138,500
195,143,338
187,119,306
163,102,265
170,127,297
164,113,277
158,114,272
150,105,255
147,133,280
170,129,299
176,135,311
175,192,367
154,197,351
169,190,359
209,132,341
212,136,348
207,155,362
149,157,306
141,162,303
166,140,306
193,219,412
236,171,407
258,119,377
245,118,363
166,95,261
168,99,267
158,99,257
138,114,252
132,118,250
151,156,307
179,131,310
195,126,321
190,146,336
204,143,347
225,112,337
210,111,321
177,149,326
173,148,321
180,146,326
181,162,343
181,154,335
183,157,340
177,178,355
173,218,391
173,216,389
217,171,388
200,183,383
212,177,389
189,161,350
217,155,372
257,148,405
260,115,375
205,107,312
178,96,274
134,96,230
125,99,224
139,91,230
134,87,221
162,168,330
168,177,345
223,147,370
209,160,369
177,126,303
180,158,338
188,151,339
211,103,314
203,92,295
197,142,339
161,126,287
164,115,279
176,137,313
179,118,297
194,105,299
192,124,316
171,108,279
169,97,266
167,110,277
154,148,302
169,180,349
175,170,345
239,123,362
233,129,362
230,124,354
178,143,321
174,144,318
181,137,318
183,128,311
156,119,275
162,111,273
140,119,259
137,121,258
123,126,249
167,212,379
183,192,375
246,156,402
214,158,372
132,153,285
150,159,309
160,147,307
155,147,302
162,141,303
155,143,298
166,130,296
167,128,295
177,122,299
159,142,301
154,148,302
164,136,300
156,141,297
159,146,305
156,137,293
163,134,297
166,135,301
154,169,323
150,173,323
194,128,322
201,145,346
201,172,373
190,135,325
192,122,314
185,129,314
155,137,292
158,143,301
153,163,316
144,159,303
177,170,347
223,147,370
233,151,384
215,157,372
184,172,356
217,154,371
236,189,425
253,185,438
246,169,415
258,135,393
213,141,354
229,158,387
198,155,353
191,136,327
183,213,396
271,135,406
243,122,365
252,115,367
152,128,280
135,137,272
128,145,273
130,162,292
130,209,339
127,222,349
142,215,357
190,172,362
198,175,373
201,164,365
143,172,315
143,176,319
155,153,308
162,150,312
164,149,313
143,149,292
141,150,291
139,145,284
134,147,281
128,151,279
127,166,293
141,174,315
136,178,314
136,182,318
126,196,322
140,189,329
132,192,324
141,200,341
155,175,330
172,174,346
172,179,351
142,188,330
128,203,331
125,216,341
148,221,369
158,235,393
169,219,388
185,183,368
214,151,365
238,142,380
240,146,386
247,135,382
217,140,357
190,144,334
163,148,311
169,150,319
170,153,323
171,155,326
170,159,329
170,161,331
176,158,334
170,167,337
169,169,338
161,174,335
160,184,344
162,185,347
157,200,357
160,205,365
169,196,365
183,196,379
185,203,388
167,207,374
165,210,375
169,213,382
170,217,387
173,216,389
167,225,392
166,228,394
161,232,393
165,237,402
181,228,409
185,228,413
198,220,418
180,223,403
178,233,411
167,232,399
166,220,386
183,195,378
204,175,379
218,150,368
214,124,338
211,153,364
219,141,360
200,148,348
189,153,342
161,159,320
163,177,340
162,187,349
169,179,348
191,145,336
191,128,319
193,116,309
173,105,278
181,123,304
172,123,295
160,108,268
187,172,359
222,132,354
223,123,346
209,117,326
158,116,274
161,146,307
155,175,330
203,124,327
208,110,318
205,128,333
150,116,266
167,98,265
157,107,264
144,128,272
156,112,268
159,109,268
147,97,244
152,120,272
161,114,275
159,111,270
156,122,278
157,127,284
177,152,329
190,135,325
204,185,389
216,193,409
266,138,404
262,130,392
203,132,335
145,121,266
146,118,264
160,100,260
164,112,276
169,109,278
151,111,262
174,123,297
169,134,303
171,123,294
167,141,308
177,144,321
177,135,312
209,159,368
177,190,367
182,196,378
176,153,329
197,122,319
210,104,314
191,214,405
173,212,385
218,208,426
239,172,411
224,115,339
183,100,283
201,120,321
161,126,287
165,133,298
157,142,299
172,120,292
176,108,284
188,139,327
169,153,322
171,161,332
158,161,319
160,162,322
184,149,333
178,155,333
167,160,327
167,154,321
169,153,322
178,155,333
170,155,325
166,174,340
169,172,341
179,166,345
178,165,343
193,175,368
242,135,377
274,149,423
270,137,407
198,143,341
158,141,299
128,130,258
144,125,269
144,141,285
141,148,289
112,155,267
136,158,294
138,176,314
145,199,344
130,198,328
136,187,323
141,177,318
170,139,309
187,316,503
177,336,513
184,328,512
184,309,493
315,171,486
317,148,465
232,129,361
234,106,340
227,134,361
192,120,312
163,114,277
150,103,253
128,99,227
130,101,231
131,102,233
136,131,267
146,130,276
147,140,287
146,145,291
132,152,284
139,151,290
137,158,295
140,169,309
136,171,307
128,189,317
132,222,354
128,234,362
132,238,370
216,163,379
222,169,391
235,169,404
148,206,354
135,216,351
126,220,346
141,210,351
169,183,352
186,177,363
160,173,333
153,179,332
137,178,315
138,173,311
133,190,323
140,206,346
140,203,343
144,204,348
155,204,359
177,189,366
191,179,370
187,204,391
164,193,357
142,187,329
169,166,335
193,175,368
201,222,423
204,183,387
214,185,399
271,195,466
291,129,420
259,118,377
231,110,341
163,146,309
186,142,328
178,145,323
180,148,328
172,131,303
192,106,298
189,142,331
194,140,334
180,132,312
173,128,301
166,129,295
189,117,306
184,121,305
179,130,309
170,224,394
226,173,399
258,140,398
251,147,398
170,146,316
179,129,308
182,110,292
180,119,299
157,104,261
179,182,361
167,192,359
231,112,343
229,107,336
214,108,322
149,119,268
134,134,268
116,144,260
123,158,281
124,171,295
112,174,286
128,181,309
122,186,308
140,176,316
143,181,324
148,186,334
122,191,313
136,186,322
141,175,316
143,187,330
152,209,361
163,202,365
160,213,373
145,223,368
157,195,352
166,234,400
163,282,445
146,273,419
203,226,429
261,160,421
240,169,409
205,175,380
144,204,348
136,217,353
141,222,363
185,182,367
192,180,372
191,199,390
145,202,347
144,288,432
327,140,467
351,149,500
332,148,480
155,161,316
127,169,296
133,165,298
125,171,296
125,185,310
124,183,307
143,177,320
143,184,327
135,195,330
130,185,315
131,193,324
160,173,333
151,166,317
152,168,320
128,234,362
143,221,364
140,232,372
189,204,393
198,183,381
206,216,422
156,220,376
136,217,353
160,226,386
194,209,403
221,198,419
203,172,375
190,185,375
176,188,364
138,184,322
141,185,326
140,193,333
143,220,363
150,212,362
159,212,371
199,159,358
188,156,344
196,146,342
155,139,294
159,134,293
165,134,299
166,158,324
158,159,317
161,139,300
176,100,276
197,142,339
151,137,288
165,121,286
182,105,287
165,120,285
126,126,252
138,130,268
133,167,300
145,164,309
182,119,301
189,114,303
203,124,327
172,128,300
170,121,291
160,104,264
157,161,318
161,160,321
187,139,326
193,133,326
183,155,338
150,175,325
123,181,304
152,177,329
148,159,307
170,150,320
131,149,280
151,143,294
145,136,281
155,143,298
149,140,289
153,140,293
148,143,291
151,170,321
143,174,317
193,132,325
191,134,325
189,161,350
151,170,321
193,124,317
174,136,310
199,126,325
134,129,263
155,162,317
134,169,303
162,170,332
191,161,352
205,167,372
188,147,335
176,137,313
133,126,259
154,100,254
152,93,245
150,83,233
138,110,248
140,100,240
139,130,269
153,121,274
164,102,266
179,136,315
172,135,307
162,134,296
152,139,291
137,138,275
143,143,286
150,171,321
152,192,344
165,193,358
171,198,369
173,208,381
161,216,377
149,219,368
161,266,427
159,274,433
174,262,436
176,291,467
223,308,531
211,310,521
227,307,534
228,269,497
245,238,483
247,248,495
163,272,435
203,256,459
208,255,463
263,185,448
274,191,465
300,152,452
247,119,366
215,143,358
179,155,334
136,161,297
150,145,295
152,126,278
170,113,283
178,162,340
215,109,324
209,134,343
219,112,331
183,85,268
180,168,348
174,213,387
178,202,380
173,221,394
140,190,330
159,200,359
153,198,351
154,186,340
149,182,331
162,182,344
135,189,324
144,183,327
146,182,328
145,186,331
138,193,331
120,191,311
144,186,330
145,193,338
145,188,333
144,208,352
149,202,351
159,231,390
199,211,410
177,215,392
216,175,391
209,138,347
222,134,356
177,141,318
139,143,282
122,160,282
130,169,299
126,178,304
129,176,305
128,211,339
124,212,336
139,234,373
194,191,385
204,190,394
204,186,390
172,173,345
161,182,343
121,195,316
147,170,317
209,101,310
235,196,431
247,169,416
204,136,340
230,191,421
183,176,359
219,102,321
221,128,349
145,128,273
151,114,265
146,99,245
160,92,252
111,101,212
122,104,226
131,99,230
115,107,222
150,126,276
149,126,275
168,123,291
147,125,272
138,135,273
134,144,278
132,159,291
128,166,294
133,161,294
121,162,283
133,171,304
154,172,326
204,130,334
221,174,395
271,146,417
247,155,402
239,115,354
191,101,292
154,89,243
124,111,235
146,105,251
155,82,237
163,117,280
147,126,273
141,123,264
134,133,267
130,153,283
123,161,284
122,168,290
123,176,299
123,211,334
123,213,336
124,211,335
179,168,347
204,147,351
212,157,369
158,160,318
147,146,293
143,148,291
144,145,289
141,144,285
144,146,290
148,139,287
141,145,286
134,149,283
134,138,272
134,148,282
151,139,290
152,143,295
149,153,302
136,193,329
111,204,315
129,209,338
132,213,345
169,182,351
171,187,358
155,199,354
144,191,335
148,190,338
148,191,339
149,179,328
142,180,322
154,179,333
162,179,341
174,213,387
168,229,397
150,235,385
156,234,390
198,191,389
215,161,376
220,121,341
232,142,374
230,141,371
196,143,339
176,148,324
158,152,310
163,159,322
173,155,328
172,161,333
172,167,339
162,177,339
159,187,346
157,197,354
155,203,358
155,210,365
159,216,375
159,228,387
162,246,408
163,262,425
176,257,433
184,257,441
205,244,449
208,236,444
216,233,449
227,211,438
228,204,432
229,194,423
216,185,401
219,172,391
217,164,381
217,154,371
213,147,360
213,140,353
216,302,518
215,307,522
207,311,518
204,309,513
249,250,499
197,237,434
245,242,487
215,232,447
210,225,435
213,215,428
213,208,421
212,199,411
215,191,406
217,181,398
216,173,389
215,173,388
212,167,379
213,146,359
206,131,337
212,111,323
194,116,310
130,114,244
144,108,252
152,140,292
154,131,285
156,110,266
168,101,269
149,125,274
166,119,285
162,112,274
167,92,259
166,123,289
167,111,278
156,95,251
158,148,306
152,150,302
156,161,317
138,163,301
121,166,287
141,163,304
182,126,308
204,96,300
198,93,291
152,91,243
113,92,205
122,87,209
121,102,223
120,109,229
136,95,231
123,96,219
137,92,229
126,91,217
128,87,215
124,83,207
131,122,253
125,135,260
130,136,266
128,147,275
131,146,277
136,160,296
135,167,302
131,178,309
138,189,327
146,188,334
148,185,333
139,181,320
157,154,311
170,134,304
166,117,283
168,96,264
164,138,302
163,140,303
165,141,306
186,114,300
177,143,320
215,157,372
205,146,351
201,147,348
156,146,302
133,147,280
142,134,276
151,109,260
170,92,262
167,108,275
143,115,258
136,122,258
157,120,277
162,116,278
178,152,330
183,149,332
168,149,317
170,166,336
146,190,336
124,222,346
129,219,348
145,204,349
151,198,349
203,132,335
204,132,336
228,168,396
209,148,357
212,144,356
241,131,372
213,132,345
236,177,413
231,156,387
241,148,389
196,143,339
166,155,321
129,171,300
136,168,304
136,169,305
135,195,330
123,202,325
124,235,359
141,231,372
155,242,397
157,244,401
199,217,416
235,174,409
243,182,425
187,193,380
169,161,330
158,159,317
158,156,314
130,157,287
132,154,286
127,168,295
120,210,330
109,211,320
120,259,379
153,233,386
162,193,355
202,169,371
194,131,325
185,131,316
164,151,315
129,146,275
131,142,273
134,156,290
134,235,369
286,118,404
298,124,422
324,102,426
170,95,265
164,161,325
193,140,333
207,170,377
243,115,358
204,93,297
209,173,382
175,155,330
201,114,315
194,101,295
144,86,230
146,175,321
150,197,347
159,155,314
189,133,322
150,108,258
180,102,282
147,94,241
121,199,320
149,191,340
176,155,331
175,138,313
98,120,218
140,108,248
163,94,257
156,88,244
152,130,282
147,123,270
149,109,258
151,97,248
145,133,278
160,153,313
182,136,318
212,153,365
224,150,374
214,141,355
192,135,327
187,141,328
176,139,315
180,135,315
179,133,312
184,146,330
215,154,369
209,161,370
228,134,362
194,127,321
200,117,317
174,94,268
169,110,279
171,149,320
167,177,344
169,164,333
198,115,313
178,98,276
192,168,360
153,175,328
172,184,356
188,153,341
219,121,340
192,99,291
204,192,396
155,219,374
178,178,356
212,133,345
166,91,257
204,116,320
154,113,267
157,96,253
166,117,283
160,108,268
157,90,247
156,163,319
150,153,303
187,104,291
195,176,371
172,153,325
205,119,324
197,97,294
145,167,312
189,143,332
208,111,319
204,95,299
147,176,323
158,197,355
192,164,356
225,201,426
200,146,346
238,124,362
231,122,353
176,239,415
197,188,385
211,153,364
255,112,367
179,95,274
164,228,392
203,187,390
216,173,389
250,129,379
205,104,309
147,139,286
173,133,306
154,116,270
171,216,387
238,229,467
229,240,469
268,192,460
185,189,374
210,157,367
153,190,343
116,228,344
122,237,359
138,229,367
172,231,403
189,221,410
171,221,392
149,195,344
193,159,352
229,100,329
197,132,329
152,229,381
205,170,375
218,145,363
245,97,342
173,139,312
175,138,313
154,125,279
151,109,260
145,99,244
151,105,256
157,97,254
163,160,323
156,160,316
152,156,308
140,160,300
105,143,248
140,140,280
154,129,283
152,116,268
159,96,255
168,149,317
157,150,307
160,123,283
168,111,279
148,110,258
154,105,259
162,112,274
159,103,262
156,114,270
152,110,262
151,103,254
156,123,279
156,122,278
156,128,284
145,123,268
149,106,255
156,123,279
154,120,274
162,112,274
159,103,262
158,120,278
158,123,281
143,120,263
156,102,258
157,113,270
155,114,269
146,116,262
155,97,252
157,140,297
172,122,294
166,112,278
148,101,249
149,112,261
154,116,270
148,103,251
154,89,243
150,122,272
145,128,273
150,118,268
154,102,256
149,82,231
143,105,248
147,93,240
142,109,251
149,95,244
146,110,256
155,101,256
149,125,274
160,125,285
180,130,310
184,130,314
183,132,315
155,139,294
135,134,269
133,176,309
142,174,316
137,177,314
151,172,323
146,177,323
142,180,322
125,183,308
139,179,318
149,178,327
149,175,324
145,173,318
116,180,296
130,186,316
138,184,322
134,189,323
148,180,328
154,178,332
151,180,331
145,177,322
119,174,293
134,196,330
136,199,335
147,200,347
149,207,356
148,210,358
140,210,350
159,199,358
162,191,353
165,177,342
162,168,330
179,158,337
168,150,318
178,124,302
176,115,291
174,142,316
185,125,310
185,113,298
183,144,327
165,134,299
179,119,298
165,118,283
153,158,311
197,149,346
232,152,384
249,133,382
227,139,366
212,110,322
189,93,282
181,116,297
153,103,256
151,93,244
148,116,264
144,111,255
156,128,284
159,127,286
163,166,329
211,111,322
222,111,333
212,120,332
148,123,271
129,144,273
139,141,280
132,144,276
127,149,276
136,143,279
143,138,281
122,140,262
132,135,267
126,137,263
133,139,272
126,150,276
130,151,281
132,147,279
140,150,290
130,158,288
126,166,292
120,172,292
124,182,306
134,186,320
124,185,309
111,192,303
144,169,313
156,161,317
155,164,319
132,177,309
122,184,306
123,191,314
131,196,327
145,190,335
172,174,346
152,178,330
142,183,325
118,188,306
131,180,311
140,181,321
144,177,321
126,182,308
137,177,314
141,174,315
144,179,323
129,176,305
142,174,316
150,160,310
159,160,319
147,160,307
138,163,301
128,173,301
161,165,326
202,167,369
208,229,437
198,365,563
163,369,532
156,369,525
267,266,533
337,225,562
352,217,569
255,177,432
221,162,383
205,162,367
169,148,317
159,152,311
167,142,309
152,136,288
147,160,307
147,177,324
147,196,343
152,190,342
163,179,342
172,200,372
191,185,376
195,185,380
200,176,376
165,190,355
155,191,346
134,234,368
150,213,363
162,199,361
167,190,357
206,117,323
208,101,309
194,104,298
136,100,236
124,99,223
123,100,223
124,99,223
118,97,215
120,96,216
116,87,203
129,99,228
132,111,243
119,107,226
117,118,235
118,119,237
117,120,237
120,118,238
112,113,225
109,111,220
122,113,235
118,108,226
123,106,229
88,109,197
119,105,224
111,104,215
122,108,230
120,105,225
121,95,216
127,88,215
113,96,209
119,98,217
122,94,216
128,103,231
123,100,223
112,100,212
114,95,209
111,94,205
109,99,208
121,103,224
98,97,195
126,90,216
124,86,210
136,90,226
124,86,210
115,88,203
125,82,207
127,109,236
128,124,252
113,137,250
130,140,270
141,134,275
136,140,276
151,153,304
136,157,293
122,163,285
122,162,284
120,164,284
125,171,296
127,185,312
111,195,306
136,184,320
138,195,333
155,180,335
149,178,327
149,181,330
143,207,350
122,208,330
129,209,338
154,167,321
196,134,330
206,112,318
171,110,281
155,105,260
157,118,275
164,106,270
148,95,243
152,125,277
148,118,266
156,129,285
154,128,282
167,121,288
180,118,298
181,94,275
183,127,310
159,123,282
159,108,267
158,102,260
135,103,238
145,99,244
154,124,278
153,114,267
149,113,262
158,96,254
147,133,280
159,156,315
150,155,305
151,147,298
137,129,266
156,109,265
161,105,266
154,96,250
147,140,287
147,128,275
149,115,264
152,111,263
129,100,229
155,121,276
155,119,274
141,109,250
150,93,243
154,146,300
153,150,303
162,132,294
153,121,274
150,107,257
157,122,279
175,262,437
290,151,441
285,152,437
260,164,424
108,173,281
113,174,287
132,178,310
133,190,323
150,194,344
145,190,335
144,184,328
148,159,307
148,148,296
158,133,291
152,116,268
150,105,255
163,111,274
158,98,256
153,93,246
145,110,255
149,103,252
156,96,252
148,87,235
145,107,252
144,95,239
140,90,230
143,105,248
140,95,235
142,89,231
144,100,244
142,96,238
146,108,254
145,96,241
148,83,231
146,107,253
144,94,238
140,88,228
145,104,249
140,97,237
144,90,234
141,86,227
139,104,243
140,98,238
140,118,258
147,106,253
146,96,242
147,106,253
133,95,228
148,88,236
147,130,277
178,102,280
187,106,293
189,98,287
154,108,262
143,90,233
146,97,243
145,117,262
137,120,257
150,119,269
148,140,288
161,132,293
154,135,289
142,147,289
132,152,284
125,162,287
130,164,294
130,174,304
129,180,309
128,199,327
131,197,328
144,189,333
157,181,338
154,181,335
160,181,341
146,195,341
147,196,343
131,196,327
154,176,330
171,164,335
202,131,333
193,126,319
197,116,313
168,118,286
164,113,277
155,107,262
158,135,293
175,123,298
187,106,293
193,131,324
178,132,310
169,131,300
151,153,304
152,165,317
141,181,322
159,178,337
154,211,365
156,247,403
143,249,392
157,228,385
179,209,388
207,174,381
183,172,355
179,162,341
169,143,312
173,140,313
149,138,287
138,149,287
116,153,269
136,145,281
123,157,280
129,177,306
124,181,305
139,175,314
156,170,326
188,137,325
201,157,358
188,171,359
146,166,312
143,164,307
136,176,312
128,192,320
118,204,322
120,218,338
153,190,343
150,199,349
164,188,352
143,190,333
123,191,314
148,172,320
134,179,313
153,168,321
153,161,314
152,178,330
132,181,313
110,179,289
121,178,299
157,145,302
170,135,305
170,137,307
153,133,286
145,126,271
143,123,266
141,125,266
126,127,253
130,129,259
120,127,247
131,124,255
134,118,252
131,119,250
132,115,247
128,116,244
132,114,246
127,113,240
131,113,244
124,117,241
130,104,234
132,108,240
129,112,241
122,114,236
126,112,238
114,116,230
122,115,237
128,116,244
125,144,269
122,144,266
133,135,268
128,124,252
156,98,254
180,90,270
169,150,319
167,150,317
153,144,297
134,144,278
113,140,253
114,139,253
142,132,274
143,127,270
141,136,277
127,139,266
128,139,267
127,136,263
138,123,261
148,116,264
142,131,273
127,133,260
117,129,246
138,109,247
152,95,247
160,116,276
159,118,277
161,125,286
151,133,284
139,131,270
139,126,265
145,134,279
157,145,302
176,143,319
191,127,318
200,178,378
182,182,364
185,158,343
173,161,334
164,163,327
134,171,305
112,169,281
123,174,297
120,177,297
124,173,297
133,169,302
131,177,308
95,179,274
166,147,313
166,153,319
164,166,330
108,178,286
119,193,312
116,197,313
102,193,295
141,195,336
160,169,329
161,167,328
145,175,320
109,179,288
81,178,259
121,165,286
149,153,302
143,154,297
130,160,290
104,177,281
119,188,307
130,183,313
137,181,318
139,183,322
146,165,311
144,163,307
137,163,300
130,163,293
124,169,293
122,170,292
131,163,294
116,168,284
130,172,302
126,173,299
125,166,291
134,164,298
136,169,305
121,166,287
123,174,297
125,194,319
128,197,325
134,187,321
141,181,322
155,148,303
170,121,291
184,104,288
160,99,259
151,97,248
147,85,232
138,93,231
138,116,254
151,110,261
155,98,253
156,82,238
148,99,247
153,93,246
155,96,251
148,85,233
145,100,245
134,90,224
142,110,252
148,102,250
148,114,262
149,118,267
146,105,251
152,106,258
147,166,313
212,121,333
239,93,332
231,94,325
157,85,242
130,97,227
134,125,259
150,149,299
177,121,298
197,109,306
159,150,309
167,130,297
166,138,304
145,140,285
118,143,261
127,146,273
118,150,268
118,152,270
120,158,278
126,160,286
122,162,284
123,162,285
122,163,285
124,301,425
123,310,433
124,320,444
123,320,443
300,146,446
312,131,443
340,106,446
168,86,254
173,103,276
158,96,254
139,112,251
141,103,244
143,90,233
147,100,247
144,101,245
146,99,245
150,102,252
147,99,246
146,94,240
144,84,228
142,96,238
145,84,229
143,103,246
140,98,238
138,92,230
144,83,227
133,109,242
138,101,239
141,94,235
150,89,239
144,109,253
152,98,250
148,91,239
137,105,242
142,95,237
139,106,245
148,95,243
150,83,233
144,99,243
146,91,237
149,96,245
148,84,232
147,99,246
133,95,228
137,86,223
134,101,235
136,95,231
141,85,226
137,102,239
137,103,240
134,100,234
141,94,235
138,86,224
143,106,249
143,105,248
148,99,247
145,86,231
144,99,243
149,84,233
146,106,252
137,102,239
140,95,235
146,82,228
144,99,243
146,93,239
142,107,249
139,102,241
140,91,231
144,107,251
144,107,251
149,125,274
170,88,258
173,98,271
172,92,264
139,83,222
143,100,243
144,89,233
142,83,225
136,137,273
163,108,271
175,98,273
171,87,258
144,106,250
143,95,238
151,82,233
145,108,253
145,103,248
141,98,239
147,103,250
144,90,234
152,111,263
147,112,259
141,126,267
179,121,300
189,105,294
195,122,317
167,115,282
161,115,276
163,111,274
141,108,249
149,120,269
157,116,273
168,101,269
156,89,245
138,123,261
158,116,274
158,108,266
162,110,272
164,92,256
172,121,293
155,152,307
166,156,322
181,149,330
195,148,343
200,120,320
178,108,286
164,99,263
140,91,231
129,82,211
125,98,223
127,105,232
129,109,238
124,110,234
129,110,239
132,111,243
129,113,242
120,130,250
122,148,270
126,146,272
134,130,264
167,103,270
171,94,265
167,95,262
146,110,256
147,105,252
138,101,239
144,96,240
140,92,232
139,106,245
144,101,245
145,95,240
145,140,285
157,156,313
189,131,320
218,88,306
200,108,308
178,103,281
145,93,238
149,90,239
146,110,256
153,98,251
148,86,234
139,99,238
145,95,240
135,91,226
146,97,243
144,115,259
153,99,252
154,91,245
149,84,233
138,97,235
140,92,232
138,87,225
141,96,237
140,84,224
143,101,244
137,91,228
139,101,240
149,185,334
210,184,394
282,114,396
283,108,391
210,101,311
147,94,241
147,91,238
140,93,233
128,91,219
128,93,221
141,100,241
138,102,240
141,97,238
141,103,244
135,98,233
138,148,286
162,131,293
167,122,289
170,146,316
113,147,260
127,146,273
155,115,270
155,110,265
100,104,204
121,100,221
121,132,253
121,128,249
117,136,253
163,104,267
162,179,341
173,189,362
166,168,334
171,170,341
141,144,285
156,159,315
121,175,296
131,174,305
139,179,318
133,190,323
135,192,327
141,183,324
141,193,334
149,193,342
139,208,347
158,224,382
150,251,401
171,244,415
170,223,393
189,207,396
191,177,368
185,173,358
168,179,347
135,196,331
134,194,328
136,181,317
127,175,302
171,129,300
178,114,292
188,99,287
159,91,250
154,153,307
147,148,295
184,102,286
174,96,270
137,113,250
151,109,260
152,101,253
148,126,274
148,120,268
159,105,264
169,96,265
152,95,247
149,89,238
140,118,258
149,107,256
136,104,240
133,106,239
123,105,228
130,98,228
129,98,227
128,109,237
126,128,254
144,111,255
158,97,255
163,100,263
103,137,240
130,131,261
163,98,261
167,95,262
104,92,196
137,86,223
131,87,218
133,106,239
131,127,258
144,106,250
164,138,302
162,192,354
150,154,304
163,143,306
159,105,264
162,93,255
122,84,206
129,76,205
129,137,266
138,144,282
156,123,279
165,122,287
133,125,258
127,130,257
119,132,251
127,142,269
127,149,276
134,152,286
131,146,277
136,151,287
125,149,274
124,148,272
122,162,284
133,160,293
131,164,295
134,162,296
132,162,294
130,168,298
132,176,308
123,177,300
134,182,316
134,178,312
132,214,346
151,245,396
149,238,387
151,238,389
177,202,379
209,169,378
220,163,383
164,163,327
143,174,317
133,178,311
121,178,299
127,181,308
140,169,309
143,171,314
138,176,314
130,178,308
119,173,292
125,207,332
138,196,334
154,182,336
166,203,369
183,183,366
173,197,370
171,177,348
176,178,354
153,218,371
181,196,377
181,209,390
187,191,378
196,192,388
165,173,338
174,147,321
185,117,302
175,107,282
130,100,230
144,117,261
148,199,347
184,178,362
216,138,354
229,139,368
169,146,315
194,160,354
216,120,336
172,124,296
179,128,307
124,135,259
143,129,272
131,134,265
133,135,268
128,139,267
130,139,269
144,129,273
147,120,267
155,114,269
146,110,256
136,113,249
128,117,245
124,125,249
127,121,248
132,129,261
132,133,265
124,165,289
124,206,330
146,198,344
199,168,367
211,163,374
210,154,364
161,147,308
161,168,329
154,176,330
170,139,309
164,175,339
173,204,377
149,188,337
212,136,348
204,127,331
197,178,375
128,202,330
174,162,336
203,127,330
211,124,335
180,116,296
145,110,255
138,150,288
132,156,288
131,160,291
176,129,305
175,145,320
139,156,295
126,160,286
162,119,281
173,105,278
170,91,261
155,175,330
151,181,332
189,134,323
216,99,315
200,129,329
136,131,267
184,152,336
204,145,349
228,131,359
208,167,375
194,157,351
222,127,349
185,123,308
193,111,304
162,134,296
177,149,326
173,165,338
180,175,355
184,178,362
219,174,393
219,175,394
196,176,372
174,148,322
203,133,336
183,139,322
163,143,306
145,139,284
150,136,286
147,140,287
154,138,292
152,140,292
154,146,300
147,140,287
148,142,290
148,145,293
151,145,296
155,146,301
151,148,299
145,143,288
152,137,289
154,137,291
157,139,296
151,138,289
149,138,287
142,142,284
149,133,282
151,131,282
153,132,285
150,132,282
148,134,282
149,134,283
145,136,281
146,139,285
146,139,285
145,139,284
145,142,287
147,139,286
151,243,394
152,328,480
150,348,498
155,354,509
231,288,519
296,221,517
261,194,455
236,157,393
211,145,356
188,143,331
162,138,300
154,138,292
147,138,285
144,137,281
151,131,282
151,129,280
149,130,279
152,122,274
160,113,273
163,109,272
157,105,262
151,111,262
147,140,287
146,150,296
150,133,283
180,172,352
199,181,380
217,136,353
217,106,323
193,175,368
202,194,396
182,164,346
204,174,378
191,247,438
283,216,499
264,157,421
261,137,398
170,152,322
160,199,359
128,225,353
187,161,348
247,98,345
248,123,371
199,144,343
149,152,301
180,201,381
194,186,380
219,148,367
207,104,311
206,93,299
111,86,197
125,114,239
130,185,315
159,166,325
200,134,334
219,88,307
195,177,372
194,166,360
195,148,343
197,136,333
142,119,261
159,108,267
159,89,248
156,226,382
196,202,398
255,142,397
264,128,392
203,123,326
163,203,366
216,165,381
243,137,380
245,168,413
176,134,310
197,107,304
182,227,409
209,188,397
238,120,358
260,123,383
188,218,406
179,179,358
217,144,361
220,95,315
171,167,338
182,151,333
193,117,310
189,106,295
140,96,236
156,141,297
169,119,288
192,118,310
189,133,322
152,167,319
183,144,327
214,102,316
173,106,279
181,211,392
168,169,337
229,110,339
249,183,432
193,189,382
194,154,348
224,208,432
260,200,460
247,139,386
237,114,351
210,170,380
182,183,365
202,169,371
232,126,358
198,140,338
224,131,355
218,87,305
180,128,308
208,152,360
176,146,322
180,152,332
183,202,385
207,223,430
269,207,476
207,211,418
202,184,386
195,175,370
194,163,357
202,162,364
185,229,414
252,145,397
239,108,347
269,223,492
171,193,364
255,126,381
263,126,389
198,183,381
176,146,322
215,162,377
199,154,353
203,197,400
207,205,412
242,162,404
198,139,337
203,141,344
133,177,310
134,173,307
136,204,340
180,203,383
192,180,372
212,121,333
212,152,364
195,163,358
188,140,328
201,127,328
200,114,314
156,113,269
119,109,228
130,97,227
137,139,276
138,166,304
204,138,342
197,146,343
167,169,336
158,141,299
185,135,320
181,110,291
164,108,272
130,149,279
116,150,266
122,157,279
160,121,281
157,123,280
121,163,284
124,171,295
166,138,304
164,141,305
169,141,310
129,180,309
132,193,325
126,218,344
166,205,371
157,220,377
200,198,398
156,198,354
164,166,330
161,176,337
123,192,315
123,198,321
127,198,325
146,191,337
153,204,357
157,205,362
150,207,357
163,277,440
279,173,452
302,154,456
275,148,423
137,156,293
158,137,295
153,137,290
148,153,301
127,159,286
128,161,289
134,166,300
130,169,299
127,174,301
130,184,314
129,197,326
132,184,316
140,187,327
141,198,339
149,182,331
142,190,332
160,200,360
140,207,347
139,206,345
158,193,351
151,197,348
170,186,356
161,173,334
150,180,330
144,185,329
133,179,312
127,180,307
149,174,323
134,178,312
139,187,326
122,194,316
140,185,325
149,187,336
155,188,343
140,197,337
144,186,330
145,183,328
148,185,333
144,187,331
134,175,309
156,165,321
161,165,326
155,166,321
139,161,300
142,154,296
141,148,289
146,139,285
136,144,280
140,142,282
138,139,277
144,129,273
157,128,285
153,127,280
156,131,287
156,125,281
154,118,272
157,105,262
143,103,246
153,88,241
146,103,249
143,98,241
132,96,228
136,95,231
135,101,236
133,94,227
141,99,240
138,105,243
119,109,228
132,102,234
117,98,215
144,93,237
142,93,235
137,97,234
125,97,222
128,97,225
138,95,233
136,91,227
140,104,244
140,99,239
142,119,261
152,117,269
150,113,263
151,102,253
144,100,244
146,89,235
141,89,230
139,92,231
126,94,220
129,91,220
133,95,228
136,95,231
130,96,226
129,95,224
117,93,210
135,88,223
137,104,241
136,108,244
134,110,244
135,107,242
131,100,231
135,96,231
136,93,229
131,105,236
145,94,239
145,81,226
129,111,240
134,122,256
98,117,215
126,114,240
136,118,254
130,142,272
121,139,260
129,132,261
151,97,248
151,118,269
173,122,295
158,112,270
139,108,247
155,90,245
159,112,271
160,104,264
149,90,239
143,143,286
151,145,296
187,148,335
193,125,318
212,130,342
184,117,301
155,105,260
166,116,282
166,110,276
162,125,287
166,128,294
163,123,286
186,134,320
189,162,351
240,132,372
242,103,345
224,97,321
182,101,283
159,82,241
157,112,269
135,108,243
155,108,263
162,89,251
167,108,275
164,91,255
152,92,244
137,133,270
146,129,275
153,117,270
152,102,254
139,95,234
145,85,230
147,104,251
149,95,244
146,80,226
146,125,271
138,119,257
148,110,258
144,104,248
128,101,229
139,98,237
140,88,228
144,127,271
149,136,285
148,133,281
144,120,264
144,101,245
146,89,235
152,124,276
148,119,267
146,105,251
151,90,241
143,139,282
133,125,258
135,115,250
139,120,259
130,98,228
155,97,252
155,93,248
144,105,249
147,92,239
143,109,252
138,107,245
140,103,243
139,99,238
140,114,254
135,110,245
147,99,246
148,92,240
132,106,238
146,97,243
139,88,227
142,106,248
146,96,242
134,102,236
150,85,235
147,106,253
145,96,241
146,87,233
147,105,252
143,91,234
145,115,260
145,110,255
141,97,238
154,98,252
151,94,245
153,98,251
138,86,224
142,110,252
146,103,249
144,91,235
147,102,249
141,101,242
142,94,236
144,97,241
142,87,229
144,99,243
145,86,231
147,109,256
152,100,252
148,94,242
137,85,222
137,114,251
152,107,259
148,102,250
149,100,249
139,88,227
142,108,250
146,103,249
146,95,241
136,83,219
141,106,247
145,103,248
140,97,237
143,86,229
139,108,247
144,103,247
139,96,235
144,103,247
143,104,247
146,98,244
143,84,227
145,101,246
149,99,248
138,95,233
128,104,232
144,104,248
145,101,246
146,93,239
141,100,241
149,94,243
152,98,250
144,95,239
142,93,235
135,222,357
137,217,354
161,192,353
169,177,346
186,155,341
149,152,301
150,137,287
162,113,275
159,100,259
150,89,239
148,99,247
146,86,232
146,109,255
147,108,255
140,100,240
144,97,241
142,88,230
143,98,241
146,86,232
142,108,250
149,104,253
144,102,246
147,93,240
142,105,247
148,103,251
147,92,239
146,109,255
146,104,250
146,96,242
142,84,226
141,113,254
150,107,257
147,101,248
148,90,238
141,96,237
143,90,233
139,112,251
151,100,251
151,95,246
154,82,236
143,100,243
146,91,237
144,99,243
144,87,231
141,107,248
139,106,245
135,105,240
144,93,237
146,95,241
149,112,261
147,107,254
132,101,233
140,89,229
142,113,255
155,103,258
155,96,251
150,84,234
145,104,249
147,106,253
140,101,241
136,92,228
141,120,261
156,126,282
177,103,280
176,89,265
170,109,279
151,107,258
147,99,246
150,107,257
150,96,246
151,89,240
141,100,241
139,88,227
142,98,240
135,89,224
142,98,240
138,94,232
136,83,219
138,95,233
144,100,244
146,85,231
150,99,249
136,85,221
141,96,237
136,111,247
142,103,245
151,94,245
149,104,253
146,96,242
146,86,232
145,98,243
142,95,237
141,91,232
146,95,241
143,86,229
143,106,249
145,97,242
139,91,230
147,97,244
142,88,230
145,108,253
146,101,247
140,93,233
144,92,236
144,97,241
151,83,234
142,109,251
131,103,234
141,96,237
148,99,247
146,89,235
150,113,263
152,100,252
152,113,265
148,134,282
170,113,283
173,96,269
175,113,288
163,97,260
158,110,268
157,101,258
150,99,249
144,97,241
143,94,237
144,92,236
143,92,235
137,93,230
136,93,229
138,94,232
137,94,231
138,92,230
137,92,229
136,93,229
136,93,229
136,93,229
136,93,229
135,94,229
134,94,228
134,94,228
136,94,230
136,98,234
145,117,262
159,97,256
164,109,273
166,99,265
149,99,248
141,99,240
136,105,241
137,103,240
136,102,238
138,97,235
139,119,258
163,104,267
173,89,262
173,107,280
153,96,249
147,112,259
157,117,274
167,96,263
165,99,264
167,108,275
157,96,253
154,118,272
152,105,257
158,91,249
160,108,268
148,96,244
153,98,251
156,107,263
155,96,251
152,118,270
152,134,286
177,103,280
179,92,271
178,109,287
155,96,251
156,135,291
153,146,299
168,121,289
177,101,278
183,144,327
180,190,370
197,189,386
265,211,476
258,227,485
226,215,441
189,208,397
172,195,367
142,208,350
153,190,343
186,205,391
219,168,387
180,170,350
199,151,350
163,166,329
143,167,310
215,397,612
351,233,584
414,215,629
368,172,540
216,98,314
249,129,378
193,161,354
157,239,396
228,152,380
244,119,363
214,123,337
132,193,325
182,168,350
224,143,367
213,186,399
208,160,368
199,145,344
165,132,297
139,182,321
191,165,356
214,141,355
203,107,310
177,113,290
131,197,328
159,177,336
222,121,343
206,92,298
166,192,358
134,174,308
211,138,349
206,128,334
152,96,248
173,113,286
178,112,290
139,133,272
135,176,311
180,200,380
246,161,407
258,154,412
260,124,384
207,186,393
211,200,411
224,166,390
228,133,361
239,153,392
202,118,320
198,90,288
173,143,316
141,136,277
175,101,276
174,86,260
135,155,290
143,179,322
171,168,339
184,144,328
159,103,262
198,110,308
162,104,266
135,94,229
140,82,222
140,131,271
146,127,273
171,91,262
167,105,272
130,125,255
140,138,278
179,100,279
174,97,271
141,84,225
146,130,276
144,158,302
168,130,298
182,104,286
183,111,294
169,110,279
144,101,245
144,97,241
145,92,237
142,106,248
146,105,251
145,100,245
144,89,233
142,106,248
125,104,229
138,97,235
141,95,236
139,86,225
131,116,247
142,101,243
156,85,241
136,104,240
147,98,245
138,88,226
146,119,265
152,109,261
147,100,247
132,87,219
147,99,246
151,91,242
135,97,232
138,99,237
136,94,230
139,84,223
142,100,242
149,85,234
144,108,252
143,104,247
143,101,244
149,93,242
140,89,229
146,101,247
144,93,237
144,83,227
141,103,244
145,99,244
146,93,239
142,107,249
146,87,233
145,109,254
150,103,253
144,93,237
145,106,251
141,101,242
146,87,233
147,96,243
146,88,234
144,94,238
135,91,226
138,97,235
140,90,230
141,105,246
139,105,244
140,96,236
146,87,233
148,95,243
148,89,237
143,106,249
138,103,241
141,98,239
148,87,235
145,107,252
149,99,248
146,96,242
136,85,221
141,109,250
146,96,242
149,88,237
153,95,248
139,91,230
138,83,221
140,98,238
139,92,231
142,111,253
142,103,245
144,98,242
144,93,237
141,101,242
137,98,235
143,94,237
137,94,231
134,97,231
142,86,228
145,104,249
142,106,248
140,101,241
143,87,230
143,105,248
149,103,252
151,90,241
157,109,266
154,107,261
169,109,278
163,109,272
164,94,258
158,122,280
164,113,277
159,100,259
168,124,292
155,141,296
196,102,298
179,111,290
180,151,331
176,134,310
196,121,317
198,140,338
188,110,298
189,100,289
173,86,259
144,100,244
151,86,237
145,104,249
150,102,252
144,97,241
137,88,225
142,102,244
144,104,248
144,100,244
140,88,228
140,113,253
148,106,254
140,104,244
144,94,238
140,95,235
144,110,254
149,105,254
149,98,247
147,88,235
144,107,251
143,106,249
143,101,244
146,86,232
146,111,257
151,104,255
143,101,244
150,90,240
143,95,238
146,92,238
148,91,239
146,103,249
136,100,236
140,90,230
132,108,240
146,100,246
144,92,236
142,86,228
142,106,248
147,95,242
149,98,247
144,106,250
145,97,242
137,84,221
144,96,240
141,94,235
135,84,219
143,108,251
147,99,246
151,92,243
139,84,223
137,108,245
148,108,256
142,101,243
149,88,237
145,100,245
152,84,236
140,254,394
140,253,393
153,237,390
164,216,380
240,126,366
231,118,349
186,116,302
178,120,298
171,160,331
202,113,315
213,98,311
209,106,315
142,114,256
127,108,235
118,107,225
143,101,244
155,114,269
152,160,312
123,154,277
139,135,274
155,111,266
155,147,302
109,142,251
134,129,263
185,124,309
198,117,315
186,121,307
189,118,307
194,130,324
182,108,290
170,112,282
140,110,250
138,112,250
136,114,250
133,116,249
126,117,243
125,119,244
121,123,244
125,128,253
122,127,249
125,129,254
123,136,259
129,133,262
125,136,261
135,152,287
130,160,290
152,128,280
186,104,290
195,137,332
186,127,313
166,117,283
155,118,273
144,106,250
154,103,257
164,145,309
157,155,312
171,166,337
155,183,338
153,192,345
152,205,357
170,190,360
159,190,349
132,229,361
160,191,351
155,186,341
104,168,272
193,109,302
196,104,300
158,98,256
129,92,221
125,98,223
131,96,227
120,124,244
129,119,248
152,89,241
163,116,279
126,125,251
170,136,306
165,141,306
141,138,279
177,130,307
208,113,321
185,111,296
164,134,298
153,142,295
115,146,261
152,118,270
150,146,296
105,145,250
138,129,267
141,143,284
157,175,332
101,170,271
136,152,288
162,147,309
163,140,303
118,133,251
167,122,289
168,146,314
155,111,266
167,117,284
108,120,228
122,124,246
123,128,251
123,130,253
134,129,263
131,133,264
133,138,271
124,136,260
131,131,262
122,137,259
130,139,269
128,134,262
134,137,271
133,131,264
127,130,257
136,128,264
135,122,257
135,120,255
135,120,255
120,122,242
124,121,245
129,118,247
132,117,249
140,112,252
136,108,244
135,106,241
120,105,225
126,111,237
128,115,243
130,115,245
135,117,252
131,119,250
130,116,246
130,117,247
128,118,246
126,121,247
117,122,239
124,121,245
130,123,253
129,123,252
125,124,249
129,124,253
126,129,255
122,134,256
125,138,263
130,137,267
129,142,271
126,138,264
118,134,252
117,139,256
132,135,267
128,131,259
130,133,263
127,137,264
132,136,268
141,134,275
133,137,270
124,140,264
120,143,263
129,138,267
131,137,268
136,141,277
134,137,271
134,135,269
137,137,274
131,135,266
124,134,258
125,142,267
131,139,270
129,137,266
128,135,263
122,135,257
121,138,259
130,140,270
135,136,271
136,133,269
132,135,267
123,128,251
130,132,262
126,137,263
125,138,263
120,139,259
125,138,263
125,140,265
128,143,271
130,147,277
142,138,280
137,138,275
141,142,283
129,138,267
137,132,269
145,134,279
140,130,270
137,132,269
135,129,264
127,126,253
121,130,251
133,125,258
128,129,257
130,125,255
127,123,250
135,112,247
133,110,243
135,109,244
131,115,246
130,113,243
131,115,246
127,105,232
133,101,234
123,103,226
133,96,229
133,98,231
135,103,238
123,103,226
127,104,231
133,106,239
131,109,240
127,111,238
116,115,231
123,115,238
125,117,242
120,124,244
125,146,271
150,340,490
339,172,511
365,148,513
379,109,488
140,102,242
161,98,259
122,89,211
129,86,215
125,85,210
118,81,199
114,121,235
120,118,238
149,120,269
151,116,267
167,81,248
152,79,231
106,184,290
124,197,321
159,189,348
186,152,338
155,186,341
134,155,289
172,183,355
134,190,324
162,173,335
139,188,327
184,153,337
157,145,302
144,122,266
152,164,316
106,163,269
158,148,306
162,146,308
160,145,305
145,103,248
161,99,260
105,94,199
109,121,230
121,132,253
153,131,284
153,127,280
154,159,313
138,126,264
164,142,306
136,121,257
162,108,270
148,93,241
151,107,258
105,140,245
121,154,275
161,138,299
189,117,306
191,132,323
135,125,260
189,143,332
150,157,307
129,164,293
155,191,346
153,153,306
177,133,310
209,142,351
174,166,340
128,131,259
191,103,294
171,138,309
101,166,267
147,152,299
158,159,317
185,123,308
166,133,299
130,109,239
184,110,294
132,124,256
141,112,253
190,212,402
170,220,390
229,183,412
225,141,366
181,143,324
181,130,311
139,133,272
169,199,368
187,224,411
193,181,374
215,186,401
228,184,412
179,185,364
214,130,344
194,113,307
183,152,335
100,157,257
151,161,312
153,160,313
174,177,351
162,188,350
184,172,356
166,173,339
204,146,350
161,229,390
148,269,417
199,265,464
150,272,422
236,228,464
207,216,423
224,197,421
211,148,359
181,134,315
151,139,290
154,129,283
173,198,371
214,163,377
224,112,336
205,96,301
155,127,282
162,116,278
161,105,266
160,91,251
150,183,333
159,180,339
184,150,334
182,147,329
121,139,260
156,139,295
146,138,284
139,137,276
141,137,278
141,136,277
140,136,276
140,135,275
139,136,275
138,136,274
138,136,274
139,136,275
140,136,276
139,135,274
140,135,275
139,136,275
138,137,275
137,137,274
139,136,275
139,137,276
139,136,275
139,136,275
139,138,277
139,134,273
138,127,265
138,116,254
145,102,247
152,123,275
158,112,270
159,100,259
159,116,275
144,106,250
154,94,248
153,120,273
150,109,259
156,100,256
153,113,266
152,100,252
157,110,267
155,101,256
150,91,241
154,172,326
150,167,317
141,168,309
150,153,303
100,138,238
152,112,264
172,97,269
172,119,291
159,112,271
164,129,293
170,108,278
163,98,261
166,114,280
149,106,255
157,96,253
155,124,279
149,116,265
157,147,304
178,123,301
181,117,298
173,129,302
138,130,268
125,135,260
138,125,263
144,128,272
134,138,272
119,152,271
126,169,295
109,176,285
146,159,305
148,162,310
144,166,310
134,173,307
123,183,306
117,186,303
134,180,314
131,176,307
164,155,319
165,135,300
162,132,294
127,131,258
140,136,276
140,148,288
144,136,280
145,138,283
160,125,285
128,125,253
144,125,269
136,138,274
149,274,423
182,322,504
228,286,514
305,225,530
230,230,460
230,210,440
119,211,330
174,191,365
146,192,338
187,165,352
173,168,341
189,168,357
179,165,344
162,166,328
152,161,313
146,159,305
132,175,307
126,183,309
134,174,308
150,169,319
155,179,334
112,177,289
115,191,306
124,198,322
124,186,310
162,170,332
174,170,344
156,181,337
134,187,321
124,191,315
146,188,334
152,186,338
155,189,344
143,200,343
142,203,345
144,199,343
147,203,350
134,195,329
204,129,333
204,122,326
200,134,334
125,138,263
121,138,259
123,138,261
128,145,273
128,140,268
138,140,278
129,149,278
125,148,273
123,151,274
123,146,269
114,150,264
112,145,257
130,150,280
109,160,269
124,159,283
108,160,268
124,164,288
129,148,277
146,145,291
145,144,289
128,144,272
130,142,272
135,144,279
135,142,277
134,138,272
134,140,274
123,140,263
123,144,267
131,141,272
133,148,281
131,156,287
132,154,286
127,157,284
132,166,298
125,172,297
116,173,289
125,172,297
124,171,295
140,160,300
143,142,285
144,151,295
130,156,286
123,150,273
133,146,279
139,150,289
127,150,277
131,151,282
129,155,284
126,153,279
116,166,282
127,168,295
126,171,297
126,175,301
126,179,305
124,179,303
137,168,305
141,164,305
141,162,303
118,163,281
127,166,293
124,166,290
134,155,289
131,158,289
131,162,293
121,164,285
115,168,283
123,170,293
112,174,286
117,186,303
126,202,328
130,208,338
144,203,347
148,201,349
164,210,374
156,220,376
159,232,391
144,227,371
159,187,346
200,155,355
208,147,355
163,167,330
137,178,315
106,175,281
130,181,311
115,189,304
140,175,315
143,171,314
143,167,310
130,166,296
158,180,338
157,194,351
136,242,378
171,214,385
207,187,394
219,167,386
187,143,330
157,149,306
137,141,278
129,137,266
137,137,274
92,130,222
126,124,250
149,113,262
157,101,258
143,107,250
135,104,239
123,97,220
119,88,207
113,88,201
133,99,232
132,101,233
124,98,222
127,92,219
118,97,215
105,98,203
115,100,215
119,105,224
111,100,211
122,116,238
129,120,249
139,115,254
145,123,268
145,117,262
138,110,248
112,106,218
100,111,211
124,124,248
117,137,254
119,138,257
104,128,232
137,122,259
122,113,235
117,109,226
131,104,235
117,101,218
122,106,228
124,107,231
131,119,250
129,121,250
112,118,230
130,119,249
122,125,247
122,126,248
125,130,255
125,132,257
130,132,262
132,133,265
130,139,269
121,145,266
126,153,279
128,156,284
126,159,285
115,157,272
126,160,286
132,154,286
126,158,284
125,164,289
124,162,286
126,164,290
128,171,299
119,166,285
127,173,300
140,166,306
138,170,308
135,171,306
122,171,293
113,175,288
129,167,296
144,158,302
147,165,312
131,205,336
120,238,358
123,261,384
122,281,403
194,216,410
211,201,412
224,177,401
175,167,342
177,159,336
161,159,320
147,156,303
142,165,307
123,182,305
133,188,321
138,210,348
187,189,376
186,184,370
199,166,365
198,157,355
195,168,363
182,202,384
165,219,384
167,252,419
179,257,436
179,299,478
214,264,478
218,224,442
206,246,452
193,194,387
213,171,384
204,145,349
169,134,303
154,126,280
126,119,245
126,112,238
137,94,231
149,119,268
136,144,280
144,273,417
293,150,443
299,142,441
260,150,410
116,141,257
145,133,278
145,134,279
147,140,287
131,145,276
112,153,265
122,153,275
102,148,250
128,150,278
99,155,254
107,152,259
122,149,271
115,163,278
120,172,292
119,178,297
118,173,291
116,172,288
149,147,296
143,159,302
150,153,303
110,149,259
103,152,255
112,148,260
99,144,243
124,149,273
81,148,229
99,144,243
125,150,275
78,145,223
99,146,245
126,139,265
129,139,268
114,137,251
121,145,266
135,140,275
132,139,271
138,140,278
117,137,254
115,138,253
109,133,242
110,134,244
113,137,250
122,138,260
117,138,255
120,134,254
122,134,256
121,139,260
117,147,264
126,146,272
124,154,278
125,157,282
121,153,274
115,155,270
118,150,268
106,146,252
120,151,271
121,154,275
120,150,270
121,152,273
119,148,267
128,142,270
122,139,261
123,137,260
103,141,244
124,147,271
105,147,252
129,141,270
125,141,266
121,150,271
110,146,256
124,147,271
123,145,268
120,150,270
101,161,262
120,167,287
114,167,281
121,172,293
99,175,274
121,168,289
115,162,277
123,152,275
135,152,287
122,155,277
120,153,273
116,155,271
94,155,249
126,155,281
120,151,271
123,148,271
90,142,232
119,139,258
115,137,252
116,135,251
124,137,261
122,135,257
120,133,253
122,134,256
122,137,259
122,143,265
122,143,265
123,138,261
127,133,260
125,132,257
123,132,255
116,132,248
120,138,258
124,137,261
126,138,264
126,135,261
120,137,257
123,139,262
124,140,264
131,132,263
128,136,264
128,142,270
109,145,254
122,143,265
127,140,267
126,138,264
125,136,261
123,137,260
123,135,258
121,134,255
125,136,261
121,132,253
119,133,252
119,133,252
123,136,259
121,143,264
122,146,268
126,144,270
130,145,275
128,140,268
119,140,259
123,139,262
122,142,264
131,137,268
127,137,264
127,131,258
129,127,256
135,118,253
129,126,255
132,138,270
125,145,270
124,151,275
138,145,283
127,157,284
137,154,291
133,171,304
135,181,316
123,202,325
129,224,353
120,226,346
143,228,371
170,201,371
189,165,354
199,164,363
177,148,325
151,147,298
145,132,277
136,119,255
144,102,246
149,92,241
136,104,240
111,103,214
137,90,227
142,107,249
146,102,248
150,100,250
139,99,238
135,100,235
136,102,238
140,98,238
132,109,241
137,100,237
123,97,220
134,94,228
134,93,227
136,105,241
133,101,234
132,95,227
142,95,237
142,101,243
136,113,249
131,110,241
126,108,234
135,173,308
128,273,401
119,284,403
149,284,433
172,272,444
249,212,461
243,201,444
196,176,372
181,174,355
171,174,345
175,152,327
166,152,318
156,154,310
117,165,282
101,169,270
110,178,288
120,182,302
116,182,298
131,180,311
139,172,311
136,174,310
125,186,311
129,182,311
131,191,322
125,197,322
147,179,326
170,177,347
168,167,335
170,156,326
159,152,311
151,158,309
136,159,295
129,162,291
132,163,295
129,172,301
129,172,301
126,180,306
130,177,307
132,180,312
122,186,308
141,172,313
147,170,317
146,171,317
130,173,303
118,179,297
132,173,305
131,171,302
137,177,314
126,182,308
131,178,309
130,179,309
139,170,309
146,164,310
135,170,305
131,168,299
115,173,288
129,180,309
120,184,304
126,191,317
145,182,327
162,170,332
166,178,344
147,181,328
129,185,314
124,194,318
143,172,315
159,162,321
161,161,322
122,166,288
127,165,292
124,172,296
131,179,310
133,179,312
145,174,319
134,184,318
121,196,317
138,181,319
150,176,326
152,179,331
132,183,315
134,178,312
133,179,312
138,183,321
134,178,312
131,169,300
137,170,307
139,159,298
152,148,300
156,144,300
147,144,291
138,141,279
142,136,278
145,135,280
142,134,276
142,129,271
141,126,267
140,138,278
138,130,268
132,132,264
144,126,270
138,127,265
135,123,258
134,117,251
134,116,250
135,120,255
131,118,249
128,118,246
125,115,240
122,112,234
136,109,245
141,131,272
137,146,283
134,149,283
157,130,287
173,102,275
197,159,356
225,120,345
204,104,308
202,112,314
181,132,313
185,131,316
199,162,361
202,146,348
197,148,345
217,121,338
209,101,310
215,120,335
166,100,266
162,112,274
158,93,251
153,114,267
156,100,256
153,111,264
159,97,256
154,117,271
161,112,273
167,118,285
158,101,259
165,106,271
167,102,269
149,117,266
160,98,258
160,96,256
161,116,277
159,103,262
158,113,271
156,98,254
154,114,268
157,103,260
158,118,276
161,98,259
163,112,275
167,93,260
156,110,266
164,95,259
159,114,273
155,102,257
157,108,265
164,95,259
158,115,273
152,98,250
153,95,248
151,114,265
155,104,259
158,112,270
154,124,278
172,103,275
169,94,263
164,112,276
156,96,252
157,122,279
156,106,262
158,114,272
161,102,263
153,96,249
160,112,272
155,98,253
160,93,253
147,113,260
155,98,253
157,112,269
154,97,251
157,112,269
157,107,264
153,124,277
163,104,267
184,131,315
189,129,318
187,113,300
185,89,274
174,92,266
155,96,251
129,105,234
127,119,246
136,110,246
147,105,252
149,105,254
147,98,245
150,104,254
134,102,236
121,103,224
139,97,236
143,99,242
146,110,256
152,104,256
147,95,242
141,84,225
125,136,261
137,138,275
146,137,283
148,139,287
135,140,275
142,144,286
135,156,291
131,159,290
121,158,279
128,156,284
119,163,282
117,173,290
113,174,287
119,180,299
130,177,307
132,173,305
141,178,319
132,168,300
152,163,315
137,163,300
132,172,304
121,175,296
120,177,297
128,173,301
131,179,310
128,182,310
124,175,299
147,165,312
153,162,315
147,159,306
136,157,293
136,157,293
131,163,294
127,163,290
138,163,301
138,163,301
135,168,303
134,170,304
112,174,286
124,186,310
133,178,311
140,169,309
140,174,314
127,181,308
124,182,306
122,178,300
140,179,319
144,177,321
143,179,322
130,183,313
135,183,318
136,190,326
126,194,320
140,190,330
143,184,327
156,165,321
171,176,347
161,172,333
137,191,328
133,239,372
150,231,381
299,149,448
333,156,489
329,165,494
214,146,360
201,122,323
207,163,370
192,151,343
225,114,339
209,106,315
162,91,253
158,102,260
159,92,251
147,100,247
148,91,239
137,127,264
132,117,249
140,117,257
149,95,244
145,107,252
151,94,245
156,108,264
141,109,250
148,91,239
142,103,245
155,95,250
154,107,261
152,108,260
160,100,260
157,86,243
154,104,258
147,111,258
133,108,241
130,128,258
134,125,259
143,118,261
140,121,261
129,130,259
122,134,256
121,139,260
125,138,263
135,145,280
136,137,273
146,137,283
150,129,279
149,125,274
148,125,273
146,128,274
144,127,271
151,110,261
147,116,263
166,127,293
158,129,287
178,120,298
178,99,277
171,155,326
183,157,340
170,152,322
152,166,318
134,180,314
145,185,330
157,223,380
150,249,399
139,263,402
159,238,397
194,198,392
228,171,399
209,162,371
195,151,346
157,156,313
143,164,307
131,163,294
133,172,305
123,173,296
124,178,302
130,181,311
131,181,312
130,187,317
147,157,304
204,112,316
220,96,316
186,100,286
124,97,221
138,99,237
142,100,242
150,109,259
152,111,263
143,102,245
137,102,239
133,91,224
137,82,219
133,122,255
133,128,261
139,126,265
139,130,269
134,129,263
132,120,252
141,125,266
146,117,263
144,114,258
145,118,263
141,109,250
140,103,243
131,102,233
132,101,233
132,98,230
134,94,228
142,119,261
150,114,264
143,107,250
153,85,238
147,116,263
143,122,265
145,128,273
151,113,264
147,90,237
155,107,262
118,110,228
130,114,244
134,112,246
151,104,255
147,101,248
138,100,238
139,109,248
141,109,250
147,100,247
140,96,236
134,112,246
159,116,275
183,130,313
175,126,301
169,126,295
128,130,258
119,154,273
128,191,319
125,211,336
133,210,343
178,164,342
177,197,374
173,219,392
106,220,326
135,210,345
167,180,347
214,145,359
223,174,397
193,193,386
160,214,374
183,211,394
189,203,392
224,173,397
205,170,375
189,167,356
148,170,318
131,170,301
104,165,269
114,158,272
121,154,275
122,149,271
118,150,268
117,164,281
116,178,294
121,173,294
124,177,301
148,151,299
177,125,302
192,103,295
170,99,269
154,104,258
154,85,239
154,107,261
143,114,257
140,105,245
153,147,300
183,132,315
199,116,315
209,104,313
159,103,262
142,119,261
127,126,253
129,155,284
133,305,438
132,312,444
131,361,492
271,221,492
298,204,502
320,192,512
216,162,378
212,144,356
201,137,338
176,145,321
188,124,312
193,114,307
188,114,302
168,112,280
138,118,256
128,123,251
129,125,254
128,128,256
124,138,262
128,139,267
116,133,249
136,145,281
125,157,282
122,158,280
125,160,285
134,159,293
121,164,285
118,170,288
115,181,296
113,187,300
121,188,309
141,171,312
157,163,320
150,164,314
142,163,305
126,162,288
128,164,292
128,172,300
132,175,307
133,180,313
143,175,318
144,164,308
156,159,315
152,151,303
147,152,299
141,143,284
132,148,280
145,142,287
137,137,274
138,136,274
138,138,276
132,140,272
143,130,273
156,121,277
149,126,275
135,124,259
125,124,249
125,125,250
129,126,255
140,126,266
137,122,259
154,114,268
147,115,262
129,115,244
120,116,236
117,119,236
124,129,253
127,127,254
134,126,260
150,114,264
147,102,249
157,99,256
146,91,237
144,113,257
133,112,245
144,101,245
156,105,261
151,96,247
154,84,238
146,133,279
150,124,274
142,122,264
157,116,273
138,118,256
142,118,260
130,123,253
119,120,239
131,136,267
119,143,262
140,139,279
149,126,275
159,123,282
148,128,276
141,123,264
143,117,260
143,125,268
135,125,260
128,123,251
135,122,257
144,116,260
141,111,252
146,105,251
138,100,238
137,99,236
127,102,229
135,95,230
136,90,226
139,92,231
138,96,234
138,91,229
139,131,270
139,141,280
137,144,281
139,153,292
144,163,307
147,164,311
158,156,314
153,163,316
154,168,322
160,166,326
202,149,351
220,128,348
199,108,307
168,103,271
146,97,243
126,91,217
103,88,191
121,100,221
119,101,220
126,97,223
122,99,221
120,102,222
112,106,218
119,98,217
139,86,225
138,89,227
119,84,203
113,80,193
119,104,223
122,103,225
124,94,218
126,87,213
121,87,208
120,84,204
115,77,192
119,109,228
129,120,249
125,110,235
161,101,262
158,93,251
142,78,220
126,104,230
132,113,245
98,126,224
124,147,271
123,166,289
128,163,291
137,156,293
152,164,316
142,166,308
121,176,297
115,179,294
119,179,298
135,163,298
159,143,302
156,157,313
140,167,307
137,167,304
132,164,296
153,140,293
128,140,268
137,149,286
111,148,259
126,147,273
137,144,281
131,148,279
120,143,263
126,142,268
124,152,276
131,141,272
135,146,281
128,149,277
130,144,274
124,139,263
138,140,278
129,143,272
131,139,270
119,136,255
135,128,263
142,119,261
142,115,257
139,112,251
131,108,239
110,112,222
127,113,240
122,115,237
117,113,230
117,113,230
122,113,235
128,111,239
122,110,232
131,114,245
131,113,244
142,101,243
141,101,242
117,91,208
112,94,206
125,99,224
121,96,217
136,96,232
136,96,232
125,95,220
131,100,231
137,98,235
125,132,257
145,123,268
126,132,258
141,137,278
125,141,266
140,133,273
137,134,271
141,131,272
127,137,264
133,143,276
120,138,258
139,124,263
143,126,269
142,132,274
134,130,264
143,131,274
138,138,276
126,140,266
131,142,273
120,148,268
129,141,270
127,134,261
143,125,268
146,119,265
144,130,274
137,128,265
134,127,261
132,135,267
130,143,273
140,128,268
142,128,270
140,125,265
156,125,281
146,118,264
136,124,260
150,107,257
148,116,264
151,115,266
142,114,256
134,107,241
109,105,214
121,115,236
123,121,244
122,134,256
127,136,263
133,136,269
133,144,277
130,151,281
110,159,269
121,163,284
136,167,303
133,174,307
126,174,300
136,171,307
168,141,309
168,133,301
164,136,300
143,176,319
139,173,312
159,167,326
165,152,317
170,151,321
161,147,308
166,146,312
162,156,318
157,214,371
178,201,379
198,278,476
360,122,482
349,112,461
297,113,410
155,125,280
152,115,267
157,99,256
157,86,243
142,127,269
158,115,273
160,105,265
143,104,247
152,139,291
165,137,302
170,126,296
172,115,287
158,99,257
164,111,275
162,112,274
156,101,257
147,92,239
146,155,301
151,163,314
143,197,340
134,200,334
117,164,281
147,168,315
170,177,347
124,172,296
136,183,319
123,179,302
116,181,297
151,161,312
181,145,326
200,141,341
188,138,326
173,117,290
168,109,277
166,90,256
156,89,245
139,95,234
134,103,237
130,105,235
139,99,238
132,106,238
126,101,227
134,101,235
138,93,231
136,98,234
137,95,232
128,108,236
145,94,239
144,119,263
154,121,275
146,116,262
141,115,256
133,125,258
125,132,257
111,133,244
122,136,258
120,137,257
128,139,267
127,143,270
136,138,274
129,143,272
135,149,284
124,155,279
130,152,282
150,137,287
165,130,295
152,136,288
137,136,273
122,135,257
150,122,272
160,102,262
165,117,282
143,122,265
126,121,247
131,123,254
116,132,248
121,143,264
121,152,273
123,153,276
122,155,277
129,162,291
123,165,288
130,159,289
142,158,300
155,146,301
132,151,283
132,152,284
125,160,285
120,171,291
120,176,296
128,179,307
135,178,313
122,181,303
125,183,308
139,163,302
164,148,312
160,165,325
149,179,328
140,180,320
137,183,320
151,180,331
148,178,326
149,174,323
134,184,318
147,179,326
149,164,313
157,165,322
154,163,317
156,152,308
157,156,313
150,155,305
141,157,298
138,157,295
144,153,297
145,155,300
143,159,302
148,158,306
147,159,306
147,158,305
139,158,297
139,157,296
141,158,299
140,155,295
141,153,294
141,155,296
141,158,299
141,161,302
146,153,299
148,154,302
147,153,300
143,146,289
144,151,295
156,142,298
150,136,286
152,137,289
147,136,283
137,140,277
145,137,282
145,183,328
153,186,339
147,190,337
151,183,334
162,174,336
166,169,335
167,176,343
169,192,361
165,200,365
198,182,380
203,173,376
201,155,356
170,145,315
168,140,308
167,285,452
176,296,472
190,289,479
188,289,477
228,231,459
240,202,442
210,171,381
203,157,360
183,145,328
165,153,318
163,151,314
172,144,316
171,142,313
172,144,316
157,148,305
159,138,297
146,131,277
146,118,264
147,106,253
152,94,246
150,125,275
144,126,270
157,112,269
154,103,257
152,132,284
158,121,279
168,116,284
161,102,263
140,108,248
141,129,270
161,114,275
164,113,277
164,91,255
155,123,278
155,119,274
158,107,265
164,144,308
179,124,303
184,99,283
183,111,294
164,111,275
159,110,269
154,104,258
157,111,268
155,111,266
154,100,254
149,126,275
156,111,267
169,129,298
160,129,289
166,115,281
154,145,299
183,112,295
171,102,273
181,112,293
152,98,250
159,133,292
146,130,276
154,119,273
156,100,256
157,111,268
160,104,264
151,113,264
158,104,262
161,115,276
164,111,275
174,117,291
180,123,303
164,117,281
152,99,251
148,136,284
164,140,304
170,128,298
186,139,325
187,127,314
202,122,324
179,118,297
163,112,275
151,116,267
152,113,265
156,113,269
154,133,287
149,129,278
172,104,276
177,136,313
176,148,324
192,174,366
225,141,366
232,133,365
191,132,323
150,133,283
152,121,273
143,126,269
139,147,286
127,154,281
109,163,272
114,180,294
125,189,314
120,210,330
121,224,345
147,198,345
150,199,349
185,176,361
176,157,333
180,159,339
166,150,316
158,147,305
146,148,294
135,160,295
134,162,296
144,157,301
136,160,296
120,170,290
134,161,295
134,167,301
139,166,305
134,165,299
137,168,305
128,176,304
124,181,305
111,186,297
133,178,311
159,161,320
153,175,328
161,203,364
149,203,352
155,197,352
129,196,325
188,153,341
215,135,350
210,134,344
192,121,313
170,114,284
179,126,305
164,157,321
161,146,307
187,133,320
202,130,332
209,119,328
174,106,280
153,87,240
140,169,309
151,162,313
141,154,295
141,136,277
112,107,219
150,99,249
152,92,244
143,112,255
109,99,208
143,106,249
147,93,240
144,83,227
122,82,204
127,142,269
82,146,228
119,127,246
189,124,313
178,131,309
158,141,299
149,135,284
137,137,274
144,124,268
182,112,294
186,108,294
159,104,263
142,106,248
117,118,235
123,121,244
107,122,229
115,123,238
98,133,231
120,156,276
124,160,284
122,159,281
171,149,320
171,162,333
163,159,322
157,141,298
143,130,273
158,117,275
169,91,260
182,148,330
169,146,315
161,154,315
156,180,336
131,180,311
172,173,345
174,175,349
225,110,335
216,118,334
224,116,340
172,120,292
151,121,272
157,176,333
191,146,337
167,163,330
177,156,333
127,127,254
155,123,278
129,116,245
93,112,205
118,105,223
120,95,215
128,134,262
134,133,267
140,127,267
124,134,258
109,140,249
104,134,238
127,126,253
129,134,263
128,144,272
118,153,271
96,166,262
130,159,289
126,165,291
119,169,288
109,175,284
107,179,286
123,173,296
137,165,302
149,146,295
146,140,286
136,142,278
116,149,265
115,150,265
117,158,275
125,150,275
120,147,267
129,146,275
133,147,280
110,149,259
125,155,280
117,154,271
104,149,253
120,154,274
124,146,270
128,149,277
112,153,265
124,154,278
100,153,253
111,157,268
99,146,245
131,140,271
132,135,267
127,133,260
114,128,242
101,120,221
126,122,248
121,122,243
123,119,242
92,113,205
119,114,233
124,112,236
123,102,225
137,88,225
141,90,231
132,87,219
126,78,204
131,116,247
129,124,253
128,126,254
133,139,272
129,138,267
122,137,259
127,141,268
123,140,263
120,150,270
125,142,267
133,150,283
127,151,278
123,156,279
117,165,282
121,173,294
110,176,286
123,173,296
112,171,283
129,171,300
133,178,311
133,181,314
124,219,343
138,245,383
144,254,398
150,254,404
182,214,396
244,146,390
276,138,414
233,150,383
170,156,326
158,181,339
131,197,328
175,168,343
181,152,333
190,151,341
138,154,292
120,153,273
118,158,276
107,178,285
120,177,297
113,288,401
306,106,412
319,116,435
336,143,479
164,134,298
157,123,280
140,124,264
148,99,247
122,127,249
168,115,283
156,103,259
143,96,239
155,89,244
151,147,298
151,146,297
152,133,285
153,121,274
124,103,227
150,96,246
151,107,258
151,94,245
160,153,313
163,137,300
157,123,280
151,116,267
114,110,224
154,101,255
154,125,279
142,115,257
153,106,259
150,109,259
145,95,240
150,124,274
153,111,264
155,99,254
140,92,232
149,111,260
143,104,247
134,98,232
145,87,232
140,117,257
129,115,244
139,101,240
143,90,233
138,102,240
143,98,241
146,85,231
145,125,270
139,121,260
145,111,256
147,98,245
133,101,234
147,86,233
152,99,251
152,83,235
144,117,261
146,109,255
148,132,280
173,105,278
172,96,268
178,93,271
142,106,248
131,106,237
129,104,233
127,100,227
125,94,219
136,93,229
131,89,220
132,102,234
138,92,230
137,105,242
144,94,238
140,80,220
147,110,257
142,106,248
148,92,240
133,105,238
150,89,239
137,135,272
142,120,262
148,108,256
140,98,238
115,91,206
127,100,227
132,100,232
122,92,214
135,79,214
135,102,237
136,102,238
137,130,267
101,123,224
142,118,260
153,117,270
129,118,247
128,117,245
128,120,248
129,121,250
116,123,239
121,125,246
129,131,260
128,133,261
124,133,257
124,138,262
128,135,263
128,141,269
129,141,270
134,132,266
133,132,265
137,126,263
127,120,247
138,118,256
132,120,252
129,120,249
126,121,247
135,117,252
127,115,242
130,117,247
128,120,248
123,118,241
127,118,245
130,119,249
122,114,236
131,114,245
134,126,260
120,134,254
124,144,268
139,137,276
156,122,278
167,117,284
145,117,262
140,115,255
125,122,247
132,167,299
134,174,308
134,184,318
129,198,327
148,186,334
153,183,336
155,199,354
152,344,496
159,354,513
179,365,544
175,371,546
295,235,530
347,216,563
310,237,547
193,240,433
168,230,398
179,212,391
192,194,386
195,177,372
196,165,361
174,163,337
158,162,320
146,160,306
143,158,301
137,157,294
136,160,296
122,162,284
118,168,286
126,175,301
130,172,302
134,174,308
134,173,307
132,173,305
132,175,307
135,163,298
139,165,304
147,158,305
136,159,295
134,161,295
136,166,302
131,160,291
136,165,301
138,168,306
127,166,293
134,167,301
130,172,302
128,173,301
139,161,300
134,177,311
134,170,304
142,158,300
145,159,304
155,149,304
148,142,290
149,143,292
146,134,280
139,168,307
133,176,309
136,172,308
135,166,301
144,159,303
133,182,315
139,198,337
128,195,323
130,193,323
150,158,308
191,116,307
205,92,297
171,111,282
154,108,262
138,105,243
130,100,230
131,91,222
130,94,224
128,96,224
133,98,231
131,98,229
119,92,211
143,109,252
134,136,270
125,143,268
125,147,272
129,151,280
127,157,284
123,170,293
122,168,290
125,177,302
126,179,305
128,185,313
124,189,313
140,183,323
141,185,326
139,187,326
132,181,313
140,177,317
140,173,313
139,179,318
128,184,312
136,193,329
130,197,327
140,188,328
131,197,328
148,174,322
157,166,323
152,163,315
133,168,301
125,169,294
131,162,293
131,175,306
139,174,313
145,168,313
152,163,315
154,153,307
144,147,291
151,151,302
127,156,283
136,156,292
127,154,281
145,151,296
132,155,287
134,138,272
139,141,280
125,154,279
121,158,279
133,157,290
131,162,293
133,164,297
122,169,291
118,172,290
122,182,304
115,189,304
140,170,310
162,156,318
160,153,313
171,146,317
151,157,308
150,152,302
142,145,287
149,143,292
147,146,293
137,138,275
150,134,284
158,137,295
154,148,302
141,151,292
125,207,332
133,212,345
127,214,341
249,144,393
262,124,386
277,118,395
165,125,290
126,131,257
131,176,307
129,183,312
134,187,321
128,182,310
128,189,317
142,187,329
160,194,354
172,189,361
172,191,363
162,228,390
204,199,403
223,186,409
240,155,395
214,141,355
189,147,336
176,139,315
194,180,374
223,181,404
207,172,379
190,160,350
180,160,340
181,155,336
155,153,308
149,151,300
144,141,285
140,147,287
147,149,296
137,140,277
131,145,276
130,145,275
103,146,249
128,138,266
135,140,275
117,142,259
131,144,275
135,149,284
136,158,294
131,150,281
127,155,282
127,155,282
129,155,284
137,145,282
140,145,285
111,167,278
126,164,290
123,164,287
132,156,288
130,147,277
122,144,266
124,145,269
120,148,268
117,140,257
132,142,274
174,97,271
172,91,263
171,94,265
125,103,228
125,114,239
113,122,235
121,125,246
105,137,242
124,143,267
113,150,263
118,161,279
130,171,301
139,160,299
135,168,303
136,172,308
120,166,286
152,169,321
139,193,332
113,203,316
128,217,345
131,225,356
163,193,356
168,200,368
196,173,369
196,147,343
192,155,347
164,160,324
131,167,298
134,186,320
136,192,328
139,190,329
135,197,332
152,192,344
151,190,341
151,196,347
149,184,333
148,184,332
158,181,339
145,180,325
139,193,332
129,193,322
144,181,325
146,188,334
156,182,338
142,183,325
138,194,332
146,195,341
146,192,338
148,199,347
161,179,340
160,181,341
160,189,349
135,192,327
143,182,325
143,195,338
142,197,339
142,193,335
149,184,333
157,183,340
148,188,336
145,180,325
143,183,326
140,191,331
141,182,323
141,185,326
143,190,333
143,184,327
142,190,332
152,181,333
148,173,321
145,181,326
135,180,315
132,180,312
140,179,319
137,186,323
142,192,334
138,203,341
136,206,342
143,197,340
157,206,363
166,209,375
154,208,362
160,182,342
198,129,327
209,105,314
200,103,303
168,107,275
162,111,273
142,99,241
156,105,261
155,107,262
148,99,247
145,89,234
149,116,265
146,113,259
152,104,256
152,92,244
147,127,274
146,166,312
207,108,315
207,106,313
183,108,291
133,109,242
139,107,246
148,114,262
151,108,259
155,114,269
167,135,302
181,148,329
223,162,385
241,236,477
364,177,541
408,155,563
430,119,549
279,107,386
196,144,340
163,129,292
172,117,289
160,111,271
150,110,260
156,104,260
146,89,235
144,122,266
143,130,273
150,127,277
151,116,267
144,98,242
144,99,243
136,91,227
144,112,256
147,137,284
146,141,287
153,139,292
158,126,284
142,126,268
147,127,274
131,124,255
134,123,257
142,123,265
126,130,256
127,138,265
128,141,269
124,143,267
132,143,275
136,143,279
139,148,287
146,139,285
148,142,290
144,138,282
143,131,274
149,127,276
145,132,277
142,133,275
136,129,265
145,121,266
138,127,265
150,131,281
146,131,277
147,134,281
141,129,270
144,131,275
137,130,267
137,126,263
135,123,258
131,133,264
132,129,261
143,126,269
153,117,270
153,111,264
136,118,254
148,115,263
135,111,246
136,107,243
150,101,251
146,103,249
144,111,255
143,109,252
150,104,254
147,110,257
143,110,253
153,101,254
156,103,259
151,109,260
153,103,256
154,106,260
161,140,301
160,137,297
170,131,301
168,124,292
161,120,281
163,149,312
195,126,321
200,144,344
209,130,339
199,127,326
198,119,317
197,116,313
147,108,255
149,84,233
150,111,261
147,99,246
138,125,263
152,125,277
142,133,275
146,134,280
134,134,268
151,122,273
148,125,273
149,121,270
133,118,251
141,121,262
138,121,259
132,123,255
134,126,260
123,129,252
121,133,254
136,136,272
131,140,271
134,137,271
132,140,272
133,134,267
123,134,257
130,139,269
135,139,274
145,128,273
146,127,273
140,124,264
131,130,261
128,138,266
127,153,280
131,163,294
136,156,292
139,147,286
148,143,291
150,137,287
153,129,282
154,123,277
145,122,267
147,132,279
140,138,278
136,134,270
139,138,277
121,194,315
123,191,314
128,178,306
144,188,332
164,153,317
163,131,294
185,109,294
181,147,328
170,308,478
174,312,486
176,300,476
187,289,476
262,205,467
257,185,442
180,183,363
199,168,367
189,167,356
184,170,354
177,157,334
175,164,339
228,159,387
253,125,378
256,108,364
205,100,305
166,135,301
160,130,290
166,110,276
163,107,270
151,108,259
148,107,255
151,104,255
149,99,248
148,117,265
153,113,266
145,102,247
148,87,235
139,136,275
140,136,276
159,120,279
165,106,271
150,106,256
142,93,235
155,131,286
150,131,281
153,116,269
167,122,289
153,138,291
168,132,300
150,120,270
149,123,272
148,111,259
153,100,253
154,158,312
167,138,305
172,122,294
181,108,289
150,89,239
164,137,301
156,134,290
171,119,290
171,99,270
153,113,266
165,100,265
164,110,274
153,97,250
151,110,261
149,97,246
146,111,257
162,103,265
154,111,265
162,99,261
161,124,285
154,110,264
156,125,281
163,137,300
152,149,301
157,144,301
156,127,283
163,107,270
158,100,258
155,93,248
147,115,262
147,101,248
153,97,250
163,139,302
162,131,293
184,107,291
176,100,276
157,95,252
148,89,237
149,105,254
155,124,279
161,111,272
163,105,268
147,87,234
152,110,262
161,92,253
163,119,282
151,117,268
153,113,266
152,106,258
150,93,243
154,119,273
155,127,282
152,122,274
165,94,259
157,113,270
169,98,267
148,86,234
145,117,262
138,113,251
156,95,251
157,114,271
153,101,254
187,132,319
187,136,323
175,139,314
150,138,288
142,136,278
160,124,284
152,129,281
156,132,288
133,135,268
142,142,284
138,146,284
152,135,287
155,127,282
156,123,279
157,114,271
143,124,267
137,141,278
135,137,272
134,126,260
139,115,254
139,100,239
157,120,277
159,110,269
161,102,263
154,111,265
147,108,255
153,110,263
152,112,264
149,159,308
144,169,313
141,173,314
141,169,310
154,167,321
170,150,320
163,144,307
160,145,305
163,141,304
177,139,316
170,175,345
182,162,344
211,128,339
218,125,343
212,144,356
204,146,350
207,129,336
223,144,367
213,148,361
214,141,355
207,126,333
182,120,302
168,152,320
184,124,308
193,108,301
201,95,296
163,134,297
146,140,286
146,137,283
157,139,296
139,144,283
151,143,294
149,136,285
150,139,289
145,148,293
139,141,280
143,142,285
154,144,298
157,131,288
146,124,270
159,116,275
144,110,254
147,112,259
140,112,252
147,105,252
140,109,249
113,111,224
134,107,241
134,119,253
143,110,253
158,104,262
162,100,262
149,117,266
154,108,262
151,104,255
148,95,243
145,100,245
147,100,247
151,109,260
150,91,241
152,96,248
150,116,266
158,105,263
152,102,254
143,109,252
144,96,240
153,88,241
145,109,254
142,108,250
137,104,241
138,100,238
140,124,264
155,154,309
194,113,307
199,111,310
187,106,293
150,105,255
156,90,246
154,125,279
151,121,272
162,103,265
161,126,287
152,134,286
171,128,299
177,111,288
173,122,295
168,104,272
165,87,252
158,107,265
147,105,252
155,133,288
165,111,276
167,108,275
177,88,265
158,108,266
162,93,255
151,101,252
156,91,247
154,109,263
153,106,259
149,110,259
156,108,264
147,103,250
155,123,278
160,142,302
146,132,278
157,119,276
157,93,250
171,131,302
166,126,292
154,112,266
164,98,262
162,111,273
154,109,263
162,92,254
152,135,287
162,126,288
164,117,281
163,111,274
144,104,248
153,100,253
157,96,253
157,110,267
152,114,266
139,110,249
144,100,244
154,119,273
164,107,271
163,88,251
164,109,273
162,93,255
145,113,258
149,106,255
152,94,246
157,119,276
155,169,324
199,125,324
196,111,307
198,131,329
160,123,283
172,124,296
175,123,298
165,112,277
170,115,285
183,151,334
193,147,340
205,151,356
189,155,344
157,164,321
167,160,327
181,147,328
181,139,320
181,139,320
183,119,302
190,106,296
190,100,290
173,125,298
172,109,281
170,93,263
163,98,261
136,93,229
139,95,234
152,116,268
153,121,274
144,115,259
142,94,236
154,111,265
151,104,255
143,92,235
140,105,245
143,94,237
152,101,253
147,93,240
140,81,221
138,147,285
137,153,290
146,148,294
139,154,293
108,156,264
126,156,282
135,159,294
144,159,303
143,160,303
140,168,308
127,176,303
137,174,311
138,179,317
149,175,324
140,179,319
140,172,312
140,164,304
140,172,312
129,174,303
130,186,316
140,182,322
160,240,400
268,136,404
284,147,431
249,132,381
151,118,269
162,107,269
162,90,252
153,94,247
149,86,235
130,122,252
137,118,255
145,104,249
149,91,240
147,144,291
141,140,281
156,119,275
156,112,268
129,104,233
145,92,237
148,113,261
145,118,263
156,107,263
164,135,299
168,132,300
172,127,299
161,126,287
156,116,272
156,110,266
160,109,269
148,119,267
135,117,252
140,118,258
156,99,255
156,97,253
150,96,246
142,107,249
144,110,254
142,122,264
147,120,267
147,114,261
153,107,260
147,109,256
162,98,260
150,94,244
143,91,234
136,141,277
150,138,288
155,123,278
164,114,278
154,99,253
170,128,298
165,130,295
141,143,284
139,147,286
129,144,273
134,142,276
153,131,284
160,127,287
158,126,284
161,120,281
148,124,272
147,122,269
135,133,268
139,132,271
141,132,273
150,124,274
155,120,275
151,117,268
134,114,248
135,117,252
145,114,259
155,138,293
170,122,292
158,104,262
155,95,250
140,92,232
149,124,273
145,112,257
158,105,263
164,104,268
147,107,254
163,89,252
155,125,280
148,174,322
141,194,335
148,195,343
157,199,356
165,206,371
163,206,369
164,220,384
157,236,393
154,247,401
159,239,398
183,210,393
190,205,395
187,199,386
176,212,388
162,229,391
156,245,401
159,230,389
186,207,393
220,173,393
212,182,394
210,185,395
188,173,361
249,158,407
266,153,419
275,124,399
226,95,321
197,119,316
178,279,457
162,281,443
180,258,438
190,234,424
241,164,405
145,129,274
201,129,330
209,105,314
191,94,285
174,124,298
160,126,286
152,132,284
145,134,279
135,137,272
134,148,282
137,150,287
133,158,291
133,164,297
133,175,308
133,182,315
137,191,328
131,200,331
134,212,346
149,192,341
155,192,347
172,169,341
158,161,319
159,157,316
138,158,296
142,144,286
143,141,284
145,140,285
136,141,277
142,134,276
140,136,276
134,129,263
135,125,260
147,123,270
147,117,264
138,114,252
134,115,249
135,121,256
135,117,252
130,116,246
133,114,247
134,116,250
133,112,245
138,107,245
138,103,241
140,99,239
144,93,237
144,96,240
137,132,269
147,116,263
176,149,325
180,150,330
176,147,323
159,149,308
144,151,295
122,158,280
129,176,305
139,173,312
129,184,313
144,172,316
141,174,315
134,184,318
130,186,316
118,191,309
131,182,313
140,182,322
156,169,325
160,162,322
154,163,317
150,174,324
148,187,335
147,179,326
150,166,316
155,155,310
161,141,302
163,124,287
179,99,278
184,111,295
177,123,300
171,110,281
170,134,304
178,122,300
174,136,310
170,139,309
155,124,279
179,108,287
176,104,280
180,101,281
144,112,256
137,117,254
129,112,241
148,106,254
138,116,254
134,114,248
133,127,260
127,133,260
122,134,256
131,145,276
123,136,259
138,142,280
142,150,292
132,165,297
144,160,304
138,147,285
147,138,285
140,136,276
121,132,253
127,121,248
127,126,253
117,128,245
119,126,245
110,101,211
150,86,236
143,86,229
132,115,247
130,130,260
118,125,243
131,113,244
151,121,272
143,146,289
192,158,350
162,170,332
163,168,331
189,158,347
195,164,359
208,159,367
183,158,341
182,169,351
157,184,341
145,178,323
146,167,313
151,166,317
176,140,316
184,134,318
222,123,345
212,154,366
224,143,367
211,134,345
201,118,319
153,113,266
165,106,271
158,99,257
150,110,260
151,112,263
144,109,253
146,109,255
153,101,254
157,100,257
155,101,256
141,104,245
135,104,239
140,103,243
135,100,235
147,121,268
141,135,276
132,129,261
132,110,242
138,106,244
140,105,245
141,87,228
147,144,291
138,149,287
154,139,293
134,129,263
122,119,241
136,123,259
139,123,262
134,111,245
145,88,233
146,105,251
143,112,255
119,105,224
131,95,226
144,115,259
148,118,266
137,110,247
143,89,232
140,92,232
139,86,225
137,138,275
141,148,289
143,148,291
150,128,278
155,112,267
153,96,249
160,110,270
152,104,256
102,93,195
138,90,228
130,118,248
145,104,249
156,84,240
152,152,304
149,150,299
132,145,277
134,142,276
91,134,225
134,116,250
155,108,263
161,89,250
161,137,298
153,134,287
147,128,275
150,126,276
131,126,257
137,127,264
135,132,267
131,126,257
146,124,270
147,111,258
151,103,254
160,96,256
152,93,245
147,99,246
140,106,246
138,98,236
143,100,243
141,133,274
150,117,267
152,96,248
159,92,251
127,94,221
135,134,269
145,126,271
152,127,279
157,112,269
144,113,257
169,92,261
147,112,259
159,101,260
145,115,260
164,95,259
161,117,278
138,104,242
150,87,237
151,150,301
147,158,305
151,162,313
132,166,298
113,162,275
129,160,289
133,162,295
131,167,298
132,172,304
129,192,321
138,188,326
142,183,325
153,175,328
149,173,322
139,188,327
132,190,322
140,174,314
154,160,314
154,187,341
159,187,346
145,182,327
149,170,319
158,149,307
160,136,296
160,122,282
151,109,260
161,89,250
140,133,273
142,123,265
147,114,261
155,117,272
142,114,256
157,106,263
174,112,286
170,94,264
158,112,270
154,109,263
148,98,246
144,115,259
143,149,292
156,142,298
161,136,297
171,121,292
168,116,284
169,134,303
166,145,311
166,136,302
168,129,297
177,132,309
169,134,303
172,148,320
201,108,309
204,133,337
205,118,323
173,94,267
170,130,300
153,124,277
157,123,280
150,115,265
146,105,251
146,109,255
154,91,245
158,107,265
149,95,244
152,129,281
160,118,278
157,106,263
158,94,252
144,111,255
151,104,255
154,90,244
146,163,309
154,146,300
151,152,303
146,140,286
103,127,230
149,107,256
142,102,244
146,113,259
153,107,260
159,106,265
150,95,245
148,118,266
143,123,266
152,109,261
154,109,263
159,121,280
162,114,276
163,112,275
158,94,252
151,129,280
157,122,279
153,112,265
151,92,243
143,108,251
154,103,257
144,114,258
159,98,257
142,162,304
157,162,319
160,191,351
154,178,332
126,163,289
164,153,317
153,131,284
157,114,271
156,101,257
156,88,244
152,121,273
150,114,264
153,173,326
171,232,403
290,106,396
293,105,398
250,99,349
139,148,287
146,146,292
143,152,295
146,145,291
115,129,244
145,122,267
142,118,260
115,117,232
117,114,231
112,106,218
116,108,224
120,109,229
117,102,219
127,96,223
123,98,221
122,103,225
119,154,273
159,121,280
145,111,256
189,97,286
151,122,273
155,120,275
146,109,255
149,101,250
141,115,256
154,107,261
155,120,275
151,141,292
187,91,278
189,133,322
190,132,322
156,130,286
140,134,274
132,137,269
136,143,279
139,148,287
146,139,285
154,135,289
149,138,287
144,138,282
128,135,263
148,133,281
152,122,274
155,121,276
156,122,278
150,113,263
148,105,253
145,95,240
135,92,227
142,103,245
141,93,234
140,87,227
137,117,254
136,113,249
133,111,244
139,97,236
136,127,263
145,120,265
158,107,265
162,107,269
149,139,288
158,136,294
172,112,284
180,103,283
166,129,295
168,170,338
160,168,328
181,139,320
176,164,340
159,180,339
157,168,325
166,153,319
167,175,342
161,180,341
141,219,360
149,228,377
146,238,384
147,273,420
189,240,429
191,241,432
221,230,451
193,242,435
186,242,428
170,226,396
186,211,397
201,304,505
188,337,525
159,358,517
211,287,498
280,224,504
312,199,511
243,190,433
84,161,245
114,166,280
148,169,317
127,178,305
125,183,308
120,194,314
134,191,325
135,195,330
150,177,327
152,163,315
155,162,317
144,171,315
138,173,311
141,166,307
140,169,309
134,166,300
133,157,290
136,154,290
139,149,288
140,146,286
142,143,285
142,141,283
140,144,284
141,147,288
139,142,281
141,142,283
139,142,281
131,135,266
136,127,263
143,130,273
137,132,269
130,127,257
132,129,261
132,131,263
128,132,260
132,132,264
130,133,263
128,135,263
129,134,263
139,134,273
140,129,269
142,122,264
133,121,254
142,114,256
131,116,247
132,119,251
119,123,242
124,126,250
126,125,251
118,126,244
128,124,252
138,119,257
135,121,256
131,122,253
123,121,244
129,123,252
131,127,258
123,122,245
130,116,246
131,120,251
125,116,241
132,110,242
136,111,247
125,110,235
135,106,241
141,100,241
134,101,235
139,97,236
145,91,236
138,89,227
138,89,227
132,91,223
129,87,216
134,119,253
140,115,255
141,113,254
125,114,239
113,116,229
133,109,242
133,111,244
132,109,241
121,111,232
129,105,234
134,109,243
130,112,242
127,113,240
130,109,239
127,112,239
127,113,240
129,110,239
127,111,238
130,116,246
124,108,232
135,106,241
137,107,244
124,106,230
127,114,241
131,112,243
137,111,248
133,115,248
129,108,237
128,107,235
129,103,232
132,102,234
135,105,240
141,103,244
136,108,244
126,110,236
127,104,231
131,99,230
137,90,227
136,93,229
133,87,220
127,114,241
136,112,248
135,98,233
140,89,229
136,100,236
140,109,249
148,96,244
136,82,218
141,98,239
140,84,224
136,111,247
135,108,243
145,105,250
163,111,274
159,107,266
162,97,259
163,140,303
168,166,334
174,188,362
160,192,352
153,195,348
152,199,351
149,213,362
139,229,368
156,218,374
183,200,383
204,180,384
195,178,373
189,153,342
180,159,339
159,167,326
159,154,313
165,131,296
160,120,280
152,112,264
133,103,236
136,99,235
146,83,229
150,127,277
137,114,251
147,101,248
137,93,230
123,86,209
118,103,221
130,116,246
128,108,236
137,101,238
149,86,235
146,121,267
123,120,243
133,116,249
117,110,227
139,92,231
138,83,221
140,108,248
132,103,235
142,92,234
139,83,222
140,98,238
131,96,227
133,98,231
130,92,222
130,84,214
134,94,228
137,86,223
133,92,225
135,96,231
130,88,218
128,91,219
135,82,217
141,92,233
137,84,221
139,91,230
137,82,219
130,114,244
135,110,245
132,101,233
134,93,227
131,97,228
142,84,226
147,106,253
145,101,246
142,99,241
144,93,237
139,98,237
141,92,233
143,96,239
137,99,236
135,98,233
131,103,234
124,101,225
126,93,219
139,91,230
138,86,224
137,105,242
137,98,235
133,97,230
136,93,229
135,81,216
137,105,242
132,110,242
134,105,239
137,100,237
140,103,243
146,94,240
142,95,237
145,90,235
126,91,217
138,89,227
141,88,229
131,90,221
120,99,219
133,93,226
139,95,234
137,95,232
134,97,231
141,91,232
136,90,226
145,83,228
133,98,231
131,90,221
129,84,213
133,105,238
132,101,233
139,96,235
139,81,220
143,91,234
137,103,240
129,121,250
129,125,254
128,126,254
134,130,264
152,106,258
160,103,263
164,97,261
136,93,229
133,95,228
134,95,229
134,92,226
125,86,211
126,82,208
127,102,229
121,103,224
134,93,227
147,107,254
153,97,250
157,110,267
159,96,255
155,109,264
152,96,248
152,108,260
152,95,247
151,108,259
150,96,246
149,135,284
151,150,301
182,133,315
203,145,348
226,135,361
196,142,338
182,148,330
156,154,310
166,156,322
165,163,328
167,180,347
180,179,359
212,182,394
219,153,372
247,107,354
211,99,310
140,97,237
152,110,262
152,155,307
181,154,335
211,135,346
232,152,384
236,138,374
225,162,387
244,152,396
232,137,369
228,119,347
196,97,293
172,126,298
160,137,297
160,148,308
157,146,303
155,141,296
154,140,294
146,143,289
135,143,278
138,145,283
137,147,284
136,148,284
135,149,284
133,149,282
135,151,286
137,148,285
136,158,294
136,177,313
136,199,335
135,203,338
182,149,331
193,132,325
196,137,333
148,148,296
127,148,275
120,155,275
139,141,280
136,146,282
130,146,276
92,156,248
120,158,278
125,156,281
110,159,269
124,154,278
129,140,269
165,119,284
167,110,277
159,117,276
120,125,245
123,121,244
94,117,211
123,113,236
103,106,209
126,116,242
118,115,233
119,127,246
115,140,255
96,137,233
126,139,265
120,145,265
114,154,268
115,163,278
107,162,269
118,168,286
113,164,277
115,156,271
107,161,268
122,168,290
114,176,290
118,174,292
121,170,291
136,152,288
137,140,277
147,136,283
128,145,273
83,196,279
189,211,400
290,140,430
276,129,405
190,130,320
93,142,235
122,145,267
115,148,263
119,152,271
114,159,273
110,170,280
114,166,280
100,169,269
115,166,281
123,132,255
169,110,279
186,117,303
180,97,277
172,101,273
155,88,243
148,142,290
149,125,274
152,108,260
167,172,339
145,157,302
141,160,301
146,142,288
96,131,227
140,122,262
155,100,255
155,85,240
154,135,289
135,121,256
156,106,262
153,93,246
129,108,237
135,115,250
124,105,229
149,95,244
136,81,217
138,114,252
142,117,259
143,102,245
144,92,236
146,105,251
127,99,226
146,117,263
149,121,270
146,120,266
142,111,253
141,106,247
144,96,240
119,85,204
140,109,249
138,106,244
146,98,244
146,86,232
149,98,247
144,91,235
138,104,242
143,99,242
141,106,247
148,92,240
150,105,255
155,93,248
143,103,246
147,150,297
184,112,296
186,102,288
189,106,295
153,100,253
156,111,267
157,147,304
173,148,321
194,162,356
190,171,361
177,154,331
157,183,340
169,312,481
147,320,467
137,343,480
280,215,495
308,199,507
358,146,504
232,121,353
226,95,321
186,124,310
182,107,289
176,88,264
163,100,263
153,87,240
143,111,254
147,102,249
145,96,241
149,95,244
144,97,241
151,92,243
145,111,256
129,106,235
147,94,241
146,106,252
142,105,247
144,102,246
145,101,246
141,118,259
152,103,255
156,124,280
155,112,267
159,94,253
159,109,268
154,93,247
156,83,239
141,105,246
146,102,248
148,97,245
139,112,251
139,103,242
148,93,241
142,106,248
145,96,241
148,84,232
150,105,255
151,90,241
147,96,243
142,85,227
144,104,248
143,108,251
145,103,248
138,99,237
142,93,235
146,102,248
141,94,235
139,85,224
144,103,247
147,91,238
148,107,255
143,103,246
142,99,241
144,92,236
141,106,247
145,104,249
144,99,243
141,89,230
142,106,248
145,103,248
143,100,243
142,87,229
140,107,247
145,100,245
142,96,238
143,85,228
143,106,249
148,104,252
144,97,241
146,87,233
138,110,248
145,103,248
147,95,242
143,94,237
139,92,231
144,101,245
137,96,233
141,86,227
142,99,241
135,94,229
138,106,244
143,103,246
143,100,243
141,97,238
143,90,233
141,89,230
145,110,255
144,120,264
151,102,253
152,83,235
151,104,255
148,99,247
141,86,227
148,107,255
148,106,254
138,100,238
147,88,235
143,103,246
146,94,240
151,87,238
145,111,256
148,104,252
143,101,244
143,91,234
140,99,239
144,89,233
144,105,249
142,105,247
143,102,245
142,99,241
143,90,233
150,97,247
149,87,236
144,99,243
136,111,247
150,90,240
150,97,247
156,90,246
144,96,240
132,86,218
141,95,236
143,110,253
144,100,244
132,96,228
145,102,247
142,98,240
147,98,245
146,160,306
182,124,306
193,116,309
202,111,313
169,135,304
174,143,317
163,131,294
182,159,341
174,172,346
182,171,353
199,172,371
207,178,385
223,143,366
228,132,360
232,111,343
201,144,345
209,128,337
188,141,329
188,121,309
160,121,281
175,108,283
162,147,309
175,134,309
168,115,283
164,109,273
144,130,274
172,131,303
173,199,372
201,182,383
208,180,388
216,175,391
206,178,384
211,187,398
202,188,390
189,170,359
193,142,335
201,118,319
166,106,272
161,120,281
161,118,279
170,108,278
159,111,270
136,109,245
121,117,238
108,132,240
125,122,247
161,92,253
153,105,258
104,127,231
123,124,247
143,91,234
153,90,243
108,86,194
124,80,204
120,152,272
119,170,289
151,174,325
151,184,335
120,208,328
161,170,331
161,167,328
153,143,296
156,144,300
113,152,265
123,149,272
125,148,273
127,160,287
127,173,300
116,169,285
126,168,294
147,138,285
161,128,289
106,122,228
124,120,244
127,122,249
117,158,275
112,164,276
133,178,311
155,148,303
164,149,313
145,152,297
152,165,317
103,186,289
147,158,305
161,183,344
184,141,325
180,136,316
136,123,259
183,166,349
154,161,315
216,106,322
187,123,310
185,138,323
115,137,252
132,152,284
132,165,297
124,201,325
125,205,330
123,189,312
139,200,339
170,177,347
165,174,339
111,180,291
161,147,308
163,135,298
105,132,237
129,124,253
114,119,233
127,113,240
124,143,267
120,148,268
136,130,266
156,131,287
155,132,287
112,134,246
153,128,281
153,134,287
116,115,231
156,104,260
158,118,276
135,137,272
148,135,283
172,122,294
132,127,259
138,95,233
148,96,244
107,90,197
124,106,230
124,126,250
121,128,249
157,94,251
160,104,264
123,114,237
142,132,274
149,115,264
170,86,256
133,109,242
114,123,237
154,103,257
175,104,279
129,147,276
152,208,360
202,144,346
223,118,341
232,131,363
208,110,318
164,122,286
209,126,335
178,135,313
183,142,325
153,163,316
144,176,320
159,188,347
186,155,341
207,136,343
218,123,341
210,110,320
197,122,319
174,123,297
165,130,295
156,140,296
152,163,315
158,171,329
160,186,346
182,154,336
212,100,312
225,129,354
203,164,367
166,167,333
181,123,304
183,107,290
123,133,256
133,126,259
135,108,243
157,114,271
155,219,374
185,186,371
202,196,398
174,159,333
187,153,340
187,126,313
187,130,317
168,102,270
189,120,309
178,132,310
136,133,269
146,135,281
149,133,282
149,130,279
155,120,275
163,110,273
163,107,270
157,104,261
147,108,255
151,100,251
150,95,245
152,123,275
157,116,273
172,121,293
165,158,323
203,130,333
206,120,326
216,131,347
174,197,371
226,154,380
265,105,370
232,101,333
159,90,249
139,84,223
141,147,288
133,152,285
176,106,282
175,95,270
149,90,239
134,82,216
136,164,300
142,182,324
176,188,364
223,205,428
254,160,414
290,102,392
236,123,359
182,135,317
149,151,300
180,180,360
226,141,367
197,138,335
212,127,339
161,125,286
186,191,377
179,236,415
243,197,440
314,180,494
285,230,515
284,213,497
188,226,414
134,198,332
192,163,355
167,158,325
128,135,263
157,162,319
108,152,260
118,148,266
160,116,276
156,112,268
142,136,278
126,133,259
124,260,384
307,174,481
350,221,571
296,224,520
199,261,460
151,255,406
190,252,442
153,277,430
156,246,402
215,231,446
217,234,451
185,392,577
193,385,578
172,380,552
198,376,574
352,185,537
345,167,512
319,169,488
169,192,361
178,193,371
182,194,376
175,201,376
153,204,357
175,168,343
202,154,356
189,138,327
184,125,309
185,100,285
182,101,283
153,114,267
147,110,257
141,139,280
164,126,290
184,180,364
208,171,379
191,176,367
178,155,333
172,125,297
171,159,330
176,152,328
184,129,313
189,118,307
172,123,295
120,164,284
136,186,322
173,180,353
203,158,361
223,162,385
129,162,291
173,164,337
142,166,308
157,198,355
141,186,327
183,147,330
193,146,339
167,161,328
117,162,279
141,154,295
141,183,324
149,177,326
132,223,355
146,349,495
162,332,494
178,320,498
254,225,479
304,179,483
238,178,416
135,178,313
152,155,307
165,163,328
165,151,316
168,126,294
177,92,269
172,114,286
142,195,337
188,170,358
216,138,354
242,97,339
176,86,262
177,169,346
153,158,311
177,113,290
211,125,336
182,132,314
151,120,271
179,210,389
200,169,369
186,126,312
248,114,362
197,110,307
135,141,276
169,128,297
163,122,285
155,130,285
122,133,255
125,141,266
125,148,273
122,154,276
128,163,291
132,166,298
132,172,304
127,182,309
124,181,305
124,176,300
143,155,298
155,137,292
167,120,287
162,100,262
163,110,273
158,100,258
155,87,242
155,106,261
150,96,246
153,107,260
153,95,248
150,108,258
151,94,245
150,108,258
150,95,245
151,108,259
151,94,245
149,108,257
151,94,245
151,108,259
150,95,245
148,109,257
151,94,245
150,108,258
150,95,245
150,109,259
151,94,245
152,107,259
149,95,244
150,109,259
151,94,245
149,107,256
148,96,244
148,107,255
152,96,248
150,107,257
149,94,243
149,108,257
152,95,247
150,109,259
150,96,246
151,107,258
150,95,245
149,108,257
152,149,301
192,156,348
222,138,360
244,159,403
221,166,387
195,167,362
181,180,361
140,188,328
150,201,351
165,177,342
199,134,333
205,170,375
182,173,355
142,172,314
159,171,330
165,206,371
168,209,377
197,184,381
221,146,367
258,111,369
226,118,344
190,135,325
146,137,283
151,126,277
151,115,266
136,106,242
126,101,227
131,100,231
82,88,170
120,155,275
156,146,302
170,117,287
180,89,269
156,117,273
147,122,269
118,114,232
127,112,239
141,91,232
148,80,228
145,112,257
139,101,240
146,85,231
137,82,219
137,125,262
160,101,261
138,99,237
173,99,272
143,90,233
132,105,237
162,151,313
161,144,305
179,106,285
176,95,271
150,119,269
164,97,261
170,121,291
156,115,271
143,99,242
157,124,281
151,119,270
152,109,261
158,99,257
162,127,289
171,109,280
174,91,265
167,129,296
154,134,288
161,135,296
151,132,283
155,116,271
164,157,321
186,145,331
183,143,326
201,111,312
171,167,338
194,140,334
171,127,298
160,118,278
105,98,203
139,130,269
141,130,271
123,134,257
140,142,282
131,142,273
139,143,282
131,144,275
140,149,289
118,150,268
152,135,287
140,125,265
157,111,268
150,116,266
140,121,261
119,124,243
132,131,263
106,138,244
132,135,267
118,134,252
152,121,273
125,123,248
135,123,258
126,125,251
123,126,249
128,124,252
129,127,256
127,129,256
125,134,259
126,136,262
129,138,267
126,140,266
133,139,272
133,138,271
125,135,260
134,131,265
141,128,269
140,138,278
139,148,287
140,147,287
154,128,282
160,120,280
154,122,276
130,128,258
124,128,252
123,130,253
124,130,254
124,132,256
116,132,248
133,123,256
140,118,258
136,123,259
135,124,259
127,128,255
131,128,259
121,131,252
133,131,264
133,129,262
131,131,262
126,132,258
119,130,249
117,124,241
129,121,250
129,119,248
131,117,248
120,118,238
128,123,251
134,119,253
136,117,253
134,114,248
126,114,240
117,153,270
131,184,315
133,186,319
149,181,330
172,170,342
204,139,343
198,146,344
184,142,326
190,100,290
190,143,333
207,164,371
217,127,344
215,146,361
169,157,326
149,159,308
169,154,323
177,154,331
194,134,328
202,150,352
197,180,377
195,166,361
190,167,357
208,161,369
179,169,348
154,173,327
129,185,314
133,191,324
148,185,333
148,192,340
154,190,344
130,190,320
153,192,345
134,198,332
167,187,354
146,216,362
160,232,392
154,262,416
152,264,416
202,224,426
201,224,425
216,234,450
195,214,409
196,204,400
198,200,398
193,181,374
192,165,357
154,171,325
146,175,321
136,165,301
140,181,321
137,195,332
123,195,318
125,186,311
161,143,304
174,131,305
179,126,305
152,107,259
154,92,246
162,124,286
162,116,278
156,100,256
145,92,237
122,84,206
123,101,224
122,99,221
129,82,211
136,126,262
145,112,257
146,97,243
134,88,222
123,99,222
129,86,215
96,120,216
129,110,239
153,95,248
154,99,253
150,85,235
145,93,238
139,114,253
137,100,237
141,90,231
139,84,223
122,98,220
132,88,220
135,106,241
143,101,244
134,97,231
142,99,241
148,87,235
150,99,249
144,88,232
135,99,234
144,92,236
137,84,221
134,92,226
129,87,216
132,104,236
134,104,238
137,94,231
140,83,223
138,89,227
133,84,217
135,89,224
129,87,216
137,90,227
130,85,215
141,93,234
135,93,228
137,88,225
126,103,229
138,93,231
140,83,223
134,95,229
125,99,224
137,93,230
137,91,228
144,105,249
135,103,238
139,101,240
140,92,232
139,93,232
140,83,223
140,90,230
130,86,216
128,106,234
133,98,231
135,90,225
135,79,214
132,94,226
134,92,226
134,90,224
134,105,239
135,95,230
135,88,223
132,82,214
126,95,221
131,94,225
135,86,221
138,106,244
137,103,240
135,99,234
130,94,224
128,88,216
133,80,213
137,103,240
139,99,238
128,98,226
130,89,219
134,80,214
130,92,222
137,84,221
140,92,232
136,86,222
133,98,231
134,90,224
143,124,267
150,127,277
155,127,282
152,136,288
144,134,278
146,136,282
159,126,285
161,133,294
182,314,496
319,183,502
317,211,528
260,243,503
106,245,351
160,216,376
177,206,383
197,180,377
202,147,349
196,124,320
184,113,297
168,135,303
172,119,291
168,101,269
145,90,235
136,130,266
151,126,277
150,117,267
143,109,252
130,96,226
144,87,231
141,124,265
147,121,268
150,113,263
151,105,256
152,103,255
149,99,248
146,88,234
142,105,247
130,98,228
140,86,226
144,134,278
144,271,415
149,279,428
150,287,437
151,270,421
232,188,420
236,174,410
235,151,386
172,136,308
161,139,300
144,137,281
126,140,266
128,142,270
118,144,262
136,131,267
134,125,259
136,121,257
127,111,238
125,104,229
127,100,227
112,100,212
122,111,233
126,114,240
137,125,262
166,97,263
169,96,265
175,93,268
132,93,225
128,94,222
126,96,222
132,98,230
128,97,225
135,89,224
140,83,223
130,102,232
129,102,231
145,86,231
148,78,226
144,104,248
130,106,236
124,98,222
130,95,225
126,96,222
133,84,217
134,109,243
135,133,268
137,132,269
142,130,272
148,131,279
148,122,270
152,113,265
149,121,270
140,121,261
130,119,249
122,121,243
125,127,252
123,130,253
124,130,254
126,127,253
126,127,253
129,122,251
137,120,257
133,121,254
130,120,250
128,114,242
130,116,246
124,125,249
119,128,247
126,125,251
118,127,245
124,129,253
133,127,260
132,127,259
132,126,258
132,126,258
122,130,252
129,133,262
126,135,261
121,135,256
126,132,258
120,134,254
128,134,262
133,126,259
133,122,255
141,116,257
129,117,246
132,118,250
135,126,261
136,131,267
118,134,252
126,133,259
138,127,265
139,128,267
133,131,264
129,130,259
125,130,255
134,125,259
135,123,258
133,121,254
134,119,253
131,118,249
134,116,250
132,115,247
130,119,249
118,119,237
127,114,241
131,113,244
135,108,243
131,108,239
133,108,241
127,105,232
135,95,230
138,93,231
125,92,217
125,92,217
130,138,268
133,138,271
133,139,272
126,140,266
137,116,253
157,107,264
166,125,291
167,119,286
165,127,292
175,113,288
167,132,299
146,150,296
179,117,296
185,104,289
194,136,330
159,150,309
171,136,307
175,126,301
189,154,343
193,147,340
204,141,345
201,122,323
186,101,287
187,120,307
164,108,272
160,103,263
153,106,259
137,118,255
130,130,260
119,126,245
123,120,243
134,104,238
131,103,234
121,109,230
118,107,225
124,116,240
124,113,237
104,109,213
118,103,221
98,110,208
124,106,230
119,103,222
120,100,220
107,106,213
117,103,220
121,109,230
99,116,215
112,112,224
132,110,242
149,101,250
125,101,226
143,109,252
149,117,266
163,113,276
184,129,313
164,154,318
146,167,313
153,204,357
186,182,368
212,140,352
241,127,368
221,127,348
211,113,324
165,102,267
141,165,306
177,126,303
204,99,303
198,115,313
158,114,272
152,101,253
148,83,231
152,142,294
152,133,285
141,118,259
144,106,250
130,97,227
136,83,219
136,128,264
141,121,262
151,107,258
149,99,248
135,90,225
141,134,275
133,121,254
154,102,256
151,87,238
129,112,241
142,136,278
149,132,281
172,103,275
177,126,303
188,106,294
164,92,256
149,87,236
119,145,264
110,145,255
143,145,288
131,152,283
114,143,257
123,140,263
130,145,275
121,138,259
126,142,268
129,134,263
126,141,267
127,149,276
125,150,275
109,152,261
124,158,282
123,162,285
104,161,265
126,162,288
116,166,282
102,168,270
124,173,297
125,170,295
129,168,297
130,170,300
132,160,292
134,160,294
134,162,296
124,163,287
124,164,288
124,162,286
124,165,289
124,168,292
131,165,296
128,170,298
129,172,301
112,169,281
117,173,290
140,155,295
149,150,299
146,155,301
142,144,286
141,141,282
135,139,274
140,138,278
130,132,262
127,129,256
134,128,262
142,121,263
137,120,257
137,122,259
120,126,246
125,125,250
132,126,258
129,127,256
125,131,256
127,131,258
131,129,260
130,126,256
130,174,304
128,171,299
129,168,297
130,178,308
142,170,312
172,136,308
183,113,296
180,152,332
176,142,318
172,146,318
148,163,311
145,177,322
159,167,326
162,184,346
149,194,343
143,186,329
142,178,320
149,181,330
146,165,311
176,175,351
220,155,375
233,128,361
227,114,341
189,103,292
161,126,287
170,116,286
178,97,275
167,120,287
160,103,263
161,98,259
150,119,269
148,139,287
138,125,263
137,122,259
131,107,238
160,136,296
163,133,296
125,135,260
140,138,278
125,144,269
136,138,274
146,133,279
148,135,283
151,133,284
140,137,277
139,134,273
134,136,270
139,138,277
146,133,279
147,131,278
143,134,277
136,137,273
142,127,269
140,132,272
140,135,275
138,133,271
139,134,273
139,139,278
135,133,268
141,131,272
144,132,276
146,132,278
139,128,267
138,133,271
133,136,269
140,136,276
139,138,277
140,137,277
137,139,276
141,139,280
149,132,281
155,129,284
151,126,277
139,131,270
133,129,262
138,129,267
140,133,273
145,131,276
138,134,272
138,132,270
132,135,267
136,136,272
143,137,280
143,140,283
142,139,281
137,140,277
138,140,278
138,142,280
137,145,282
134,146,280
136,144,280
136,145,281
131,147,278
139,143,282
141,144,285
142,145,287
133,148,281
133,164,297
132,170,302
135,162,297
133,170,303
134,187,321
168,164,332
198,134,332
214,120,334
196,99,295
157,95,252
134,120,254
127,121,248
150,114,264
149,102,251
152,123,275
154,127,281
155,126,281
133,123,256
146,115,261
161,90,251
168,150,318
161,138,299
154,128,282
156,116,272
118,98,216
155,95,250
145,113,258
148,121,269
151,127,278
146,116,262
148,102,250
153,89,242
152,101,253
148,91,239
154,137,291
151,137,288
164,110,274
156,105,261
123,99,222
147,116,263
150,113,263
143,99,242
147,120,267
152,116,268
157,107,264
140,105,245
150,96,246
139,95,234
148,86,234
138,125,263
152,122,274
159,111,270
151,92,243
154,148,302
167,143,310
167,162,329
205,114,319
190,99,289
195,129,324
163,131,294
174,125,299
168,151,319
208,124,332
213,135,348
243,138,381
215,119,334
202,98,300
178,125,303
151,118,269
162,121,283
165,127,292
161,117,278
179,132,311
199,175,374
225,333,558
353,271,624
347,248,595
293,236,529
166,222,388
263,108,371
175,111,286
218,94,312
158,97,255
151,100,251
137,110,247
153,89,242
154,77,231
141,108,249
128,105,233
94,92,186
118,126,244
153,114,267
154,100,254
148,84,232
138,133,271
119,163,282
146,182,328
172,163,335
174,145,319
177,147,324
159,145,304
136,157,293
97,165,262
126,165,291
106,160,266
138,155,293
135,159,294
125,156,281
113,152,265
120,151,271
98,160,258
125,169,294
114,178,292
120,176,296
129,180,309
131,188,319
140,184,324
153,173,326
167,178,345
154,195,349
127,200,327
126,190,316
149,180,329
174,170,344
179,157,336
178,159,337
159,186,345
154,195,349
176,177,353
220,134,354
218,110,328
212,104,316
171,109,280
148,114,262
139,104,243
133,106,239
134,103,237
134,102,236
141,96,237
130,95,225
145,88,233
139,149,288
152,144,296
149,138,287
149,130,279
113,121,234
164,100,264
161,97,258
141,98,239
147,117,264
152,111,263
154,103,257
154,89,243
139,125,264
124,133,257
146,119,265
143,109,252
134,104,238
146,100,246
146,91,237
142,116,258
134,108,242
151,94,245
158,104,262
154,110,264
147,103,250
140,91,231
147,102,249
144,99,243
144,102,246
139,108,247
153,88,241
158,116,274
152,118,270
149,114,263
151,99,250
155,103,258
156,99,255
141,96,237
139,115,254
145,116,261
148,107,255
145,95,240
139,128,267
150,113,263
153,106,259
157,98,255
154,104,258
156,90,246
150,114,264
149,104,253
144,102,246
141,94,235
141,93,234
140,86,226
144,110,254
139,105,244
145,142,287
178,214,392
266,129,395
273,113,386
258,105,363
155,96,251
156,88,244
142,125,267
159,126,285
153,130,283
178,193,371
218,136,354
268,135,403
267,124,391
225,140,365
202,158,360
157,178,335
173,172,345
172,177,349
197,169,366
206,158,364
204,149,353
194,126,320
178,115,293
174,108,282
169,103,272
158,97,255
154,101,255
148,95,243
147,129,276
156,127,283
155,142,297
159,131,290
142,126,268
143,113,256
145,103,248
147,100,247
144,91,235
141,81,222
140,122,262
138,110,248
142,99,241
136,103,239
124,94,218
141,87,228
144,103,247
145,101,246
144,132,276
149,117,266
153,105,258
158,91,249
134,81,215
139,113,252
141,104,245
143,94,237
144,84,228
134,118,252
145,108,253
147,98,245
157,121,278
158,109,267
163,94,257
141,87,228
132,121,253
142,111,253
149,96,245
149,124,273
140,111,251
129,102,231
129,95,224
147,102,249
154,90,244
149,109,258
154,98,252
148,88,236
141,112,253
144,101,245
151,109,260
152,97,249
148,124,272
164,119,283
157,119,276
168,98,266
157,108,265
158,118,276
136,106,242
151,101,252
141,118,259
144,97,241
155,86,241
153,108,261
142,101,243
146,86,232
140,121,261
148,106,254
142,98,240
147,89,236
132,120,252
149,108,257
143,100,243
142,103,245
132,97,229
144,111,255
149,102,251
149,88,237
147,107,254
150,94,244
138,102,240
152,102,254
147,92,239
148,91,239
144,101,245
149,93,242
144,85,229
143,101,244
147,92,239
144,102,246
142,89,231
146,106,252
147,103,250
137,106,243
148,114,262
158,107,265
161,113,274
152,109,261
131,101,232
130,108,238
101,102,203
125,94,219
127,87,214
126,82,208
123,88,211
121,82,203
120,78,198
120,108,228
105,129,234
113,139,252
124,141,265
115,146,261
129,143,272
134,139,273
131,139,270
129,136,265
105,136,241
114,135,249
114,181,295
122,217,339
122,232,354
119,242,361
161,216,377
185,209,394
163,198,361
179,204,383
161,222,383
154,212,366
161,201,362
190,176,366
220,147,367
206,190,396
183,188,371
149,229,378
164,230,394
141,247,388
161,238,399
191,211,402
218,188,406
194,200,394
151,198,349
143,186,329
168,152,320
189,124,313
186,108,294
156,102,258
132,106,238
124,101,225
125,95,220
125,100,225
98,105,203
119,103,222
118,98,216
115,89,204
117,98,215
122,95,217
119,95,214
121,94,215
102,94,196
127,91,218
120,90,210
113,96,209
122,93,215
115,93,208
122,94,216
125,96,221
129,93,222
135,81,216
127,76,203
127,106,233
120,115,235
130,109,239
134,104,238
127,118,245
123,113,236
103,106,209
113,107,220
122,112,234
125,120,245
125,119,244
124,113,237
116,106,222
128,107,235
115,101,216
117,98,215
120,95,215
123,92,215
114,91,205
119,120,239
133,114,247
169,146,315
196,125,321
203,123,326
177,126,303
147,126,273
143,124,267
148,110,258
159,124,283
156,122,278
166,142,308
191,135,326
216,149,365
225,126,351
194,108,302
153,100,253
136,88,224
141,163,304
151,192,343
196,144,340
218,115,333
185,99,284
164,98,262
148,97,245
113,91,204
112,91,203
122,96,218
120,97,217
117,102,219
120,98,218
112,92,204
119,99,218
106,101,207
115,108,223
115,117,232
110,121,231
113,127,240
103,139,242
124,128,252
130,121,251
120,116,236
123,124,247
118,120,238
116,116,232
82,119,201
94,113,207
123,108,231
80,112,192
99,107,206
121,103,224
70,104,174
88,102,190
124,112,236
72,110,182
94,113,207
135,110,245
113,105,218
142,117,259
122,126,248
114,122,236
115,119,234
115,118,233
118,131,249
119,139,258
123,145,268
119,138,257
139,120,259
138,118,256
143,136,279
129,147,276
98,162,260
146,150,296
148,132,280
148,118,266
152,110,262
153,98,251
154,113,267
154,114,268
144,106,250
124,90,214
145,115,260
127,110,237
149,93,242
148,167,315
155,153,308
133,150,283
146,141,287
100,126,226
142,108,250
139,90,229
150,150,300
157,136,293
147,166,313
205,113,318
165,120,285
208,116,324
157,102,259
162,126,288
160,247,407
171,296,467
187,282,469
203,253,456
267,173,440
217,177,394
238,161,399
226,152,378
220,179,399
206,180,386
234,153,387
234,121,355
241,112,353
196,118,314
163,128,291
155,111,266
165,99,264
171,112,283
159,116,275
171,142,313
178,141,319
180,141,321
146,153,299
143,195,338
229,188,417
290,139,429
304,126,430
204,124,328
144,114,258
114,109,223
124,113,237
121,119,240
129,119,248
108,113,221
132,118,250
119,120,239
120,126,246
121,140,261
84,136,220
103,133,236
130,130,260
124,134,258
116,152,268
114,176,290
119,182,301
121,188,309
136,168,304
128,167,295
115,167,282
127,151,278
131,153,284
137,158,295
127,154,281
124,152,276
123,153,276
101,157,258
126,154,280
120,156,276
123,154,277
122,147,269
114,150,264
124,148,272
114,162,276
117,163,280
130,153,283
127,160,287
128,160,288
105,157,262
124,157,281
128,149,277
131,154,285
120,158,278
126,160,286
127,166,293
121,165,286
99,166,265
117,159,276
128,158,286
125,156,281
125,152,277
120,157,277
129,153,282
131,149,280
116,144,260
124,143,267
103,143,246
114,135,249
122,129,251
124,137,261
121,140,261
121,150,271
117,147,264
129,135,264
126,141,267
122,144,266
112,144,256
119,143,262
125,135,260
118,136,254
129,133,262
130,133,263
128,132,260
122,130,252
121,137,258
115,131,246
126,122,248
125,126,251
124,128,252
115,126,241
74,131,205
96,144,240
126,146,272
123,148,271
133,145,278
131,140,271
124,143,267
118,147,265
125,146,271
112,147,259
130,153,283
123,154,277
109,153,262
125,151,276
103,151,254
121,147,268
124,145,269
119,158,277
120,168,288
123,176,299
125,174,299
127,182,309
129,186,315
140,175,315
143,178,321
142,181,323
133,180,313
133,182,315
142,180,322
134,183,317
141,182,323
134,181,315
142,170,312
138,174,312
139,185,324
129,194,323
127,200,327
147,188,335
152,190,342
152,196,348
144,214,358
152,213,365
151,207,358
149,223,372
169,208,377
208,166,374
224,135,359
221,128,349
203,160,363
200,153,353
215,132,347
202,170,372
204,156,360
200,151,351
220,125,345
215,110,325
200,106,306
167,104,271
144,99,243
140,194,334
170,175,345
167,180,347
170,180,350
92,190,282
119,191,310
133,185,318
144,167,311
154,154,308
165,138,303
159,121,280
161,106,267
162,92,254
157,110,267
157,99,256
153,96,249
153,108,261
151,96,247
154,109,263
149,95,244
151,108,259
152,96,248
152,104,256
152,93,245
156,110,266
161,94,255
154,108,262
159,96,255
152,123,275
169,113,282
174,130,304
198,93,291
179,117,296
172,95,267
156,106,262
154,101,255
149,92,241
141,114,255
150,109,259
142,107,249
147,140,287
167,112,279
167,99,266
165,84,249
138,121,259
129,128,257
156,116,272
160,106,266
154,137,291
142,123,265
162,117,279
167,164,331
209,133,342
215,122,337
206,120,326
161,102,263
166,112,278
162,118,280
161,112,273
152,124,276
140,152,292
167,134,301
183,145,328
201,143,344
201,182,383
230,144,374
210,120,330
189,113,302
136,102,238
137,91,228
127,82,209
125,119,244
133,115,248
143,99,242
153,139,292
165,135,300
154,123,277
165,124,289
139,132,271
126,130,256
123,135,258
133,124,257
128,130,258
137,130,267
138,133,271
132,134,266
129,123,252
134,127,261
133,129,262
112,137,249
131,140,271
137,133,270
136,136,272
145,130,275
137,125,262
134,122,256
136,117,253
138,117,255
142,107,249
138,103,241
138,103,241
130,103,233
134,98,232
140,98,238
130,94,224
134,94,228
127,88,215
132,93,225
131,93,224
120,94,214
132,96,228
131,90,221
139,106,245
137,103,240
142,100,242
136,98,234
135,93,228
141,86,227
145,104,249
140,96,236
135,86,221
134,117,251
127,103,230
144,101,245
142,120,262
160,113,273
164,105,269
164,113,277
165,147,312
186,159,345
214,143,357
236,121,357
206,128,334
166,140,306
152,178,330
140,196,336
153,191,344
164,191,355
215,177,392
243,153,396
184,149,333
191,142,333
153,139,292
153,136,289
148,136,284
139,130,269
136,122,258
128,116,244
129,111,240
120,105,225
73,106,179
92,102,194
126,107,233
121,101,222
125,97,222
126,91,217
108,90,198
124,93,217
115,98,213
120,93,213
121,95,216
119,104,223
106,109,215
117,113,230
125,109,234
116,106,222
131,112,243
131,114,245
118,114,232
113,116,229
102,109,211
129,100,229
127,98,225
115,98,213
118,95,213
120,94,214
118,103,221
120,99,219
118,106,224
121,107,228
110,106,216
128,91,219
121,94,215
137,97,234
128,104,232
77,106,183
99,102,201
125,101,226
111,107,218
119,100,219
131,101,232
126,98,224
114,94,208
116,89,205
128,88,216
125,95,220
114,97,211
120,101,221
126,99,225
124,98,222
125,92,217
119,97,216
110,94,204
127,85,212
137,144,281
132,152,284
129,153,282
126,152,278
100,160,260
125,164,289
128,163,291
133,170,303
121,175,296
97,178,275
131,184,315
130,190,320
125,190,315
153,186,339
155,179,334
144,185,329
145,171,316
137,173,310
133,178,311
139,161,300
144,160,304
141,161,302
123,166,289
124,170,294
126,168,294
123,170,293
123,170,293
135,162,297
128,160,288
135,162,297
121,162,283
122,164,286
124,165,289
122,167,289
129,159,288
130,156,286
131,160,291
123,161,284
121,158,279
124,162,286
123,168,291
122,168,290
130,158,288
132,164,296
133,176,309
125,179,304
113,180,293
124,182,306
138,164,302
147,158,305
149,159,308
126,161,287
111,164,275
118,166,284
126,166,292
123,171,294
130,168,298
127,175,302
130,187,317
113,193,306
138,194,332
144,198,342
148,191,339
136,185,321
138,188,326
167,157,324
181,139,320
181,148,329
153,148,301
133,139,272
134,141,275
126,148,274
122,146,268
140,143,283
155,270,425
149,278,427
150,292,442
183,291,474
230,259,489
230,268,498
165,264,429
208,213,421
215,209,424
212,227,439
176,222,398
169,223,392
158,268,426
185,224,409
205,189,394
229,155,384
219,122,341
192,166,358
239,115,354
215,160,375
237,143,380
188,140,328
226,118,344
211,134,345
193,131,324
171,125,296
156,112,268
137,109,246
141,97,238
135,122,257
138,125,263
142,103,245
110,86,196
134,116,250
141,114,255
134,104,238
126,95,221
123,197,320
194,211,405
270,169,439
278,170,448
186,148,334
107,138,245
128,131,259
133,137,270
128,127,255
125,123,248
122,120,242
118,115,233
107,108,215
113,102,215
124,104,228
116,100,216
122,97,219
121,97,218
122,95,217
121,98,219
103,88,191
132,105,237
138,103,241
131,109,240
111,108,219
102,103,205
128,94,222
128,88,216
119,87,206
123,86,209
124,130,254
129,139,268
132,147,279
131,167,298
104,175,279
115,178,293
123,173,296
141,168,309
152,155,307
149,158,307
146,154,300
131,161,292
121,165,286
134,176,310
116,183,299
123,186,309
129,197,326
134,185,319
134,183,317
134,176,310
152,160,312
151,158,309
142,160,302
123,162,285
123,164,287
124,167,291
121,170,291
123,174,297
123,170,293
138,153,291
150,167,317
154,173,327
143,176,319
128,174,302
142,167,309
137,160,297
153,161,314
128,163,291
125,173,298
102,168,270
137,181,318
131,191,322
132,184,316
127,187,314
151,165,316
149,176,325
163,188,351
139,211,350
130,227,357
131,230,361
161,207,368
174,189,363
179,176,355
162,161,323
164,149,313
172,131,303
179,149,328
198,146,344
208,124,332
209,159,368
195,149,344
212,98,310
206,90,296
184,85,269
132,82,214
121,76,197
122,105,227
111,143,254
117,159,276
124,165,289
151,146,297
140,144,284
145,146,291
112,148,260
124,147,271
116,145,261
121,147,268
121,154,275
111,152,263
133,152,285
113,156,269
125,159,284
125,162,287
129,172,301
125,181,306
114,186,300
117,188,305
132,179,311
140,204,344
158,207,365
146,207,353
140,211,351
161,195,356
155,191,346
153,189,342
170,195,365
165,207,372
157,243,400
160,254,414
164,238,402
183,211,394
193,177,370
222,174,396
211,158,369
191,159,350
183,153,336
199,146,345
211,139,350
224,125,349
214,120,334
187,122,309
177,112,289
163,123,286
162,120,282
154,105,259
152,106,258
139,104,243
118,109,227
129,102,231
139,95,234
135,102,237
132,102,234
123,108,231
123,112,235
121,111,232
125,114,239
116,119,235
120,121,241
124,122,246
112,123,235
116,125,241
130,122,252
129,127,256
128,129,257
129,128,257
131,125,256
123,125,248
125,123,248
126,124,250
126,118,244
125,119,244
126,119,245
122,122,244
122,124,246
126,125,251
130,119,249
132,113,245
136,108,244
136,105,241
130,107,237
131,109,240
116,105,221
122,112,234
121,114,235
121,117,238
124,117,241
114,118,232
120,113,233
128,115,243
127,113,240
123,113,236
131,113,244
132,114,246
135,116,251
136,116,252
123,116,239
122,117,239
121,120,241
122,121,243
129,118,247
135,117,252
128,129,257
123,138,261
124,142,266
129,135,264
130,138,268
132,139,271
117,148,265
126,146,272
149,127,276
147,129,276
143,130,273
123,128,251
131,125,256
143,115,258
143,107,250
135,109,244
130,110,240
123,112,235
123,112,235
123,114,237
124,113,237
125,116,241
122,120,242
120,118,238
128,121,249
127,121,248
126,115,241
129,113,242
127,116,243
124,118,242
125,121,246
123,122,245
127,113,240
131,115,246
129,115,244
124,118,242
129,117,246
125,131,256
123,134,257
126,141,267
135,132,267
141,128,269
138,129,267
127,129,256
126,126,252
133,124,257
136,125,261
129,131,260
128,131,259
125,132,257
123,138,261
124,138,262
119,137,256
129,139,268
130,139,269
126,141,267
121,142,263
127,140,267
134,142,276
137,149,286
133,147,280
134,153,287
126,151,277
121,150,271
128,151,279
133,148,281
132,152,284
136,154,290
130,156,286
136,159,295
136,162,298
118,162,280
120,163,283
127,164,291
124,165,289
124,171,295
122,163,285
132,170,302
136,173,309
126,174,300
129,178,307
130,178,308
125,177,302
142,179,321
147,178,325
138,184,322
118,228,346
138,231,369
135,242,377
144,249,393
187,205,392
189,208,397
195,201,396
156,199,355
171,191,362
161,204,365
190,193,383
199,171,370
219,145,364
192,149,341
178,143,321
156,130,286
152,149,301
145,183,328
141,181,322
153,171,324
168,159,327
162,154,316
151,153,304
138,158,296
174,159,333
214,134,348
234,159,393
224,145,369
205,137,342
197,147,344
165,135,300
153,115,268
177,116,293
181,103,284
182,115,297
175,98,273
164,113,277
166,94,260
162,108,270
163,93,256
160,114,274
162,99,261
157,112,269
160,98,258
159,112,271
163,120,283
169,98,267
168,108,276
166,97,263
158,98,256
158,113,271
160,99,259
161,115,276
155,106,261
163,103,266
169,116,285
163,103,266
165,113,278
156,101,257
159,116,275
162,101,263
156,110,266
160,95,255
151,111,262
155,96,251
154,94,248
159,110,269
159,94,253
160,113,273
156,95,251
156,115,271
162,98,260
162,112,274
166,93,259
162,114,276
167,110,277
157,135,292
191,119,310
208,110,318
213,105,318
173,92,265
149,106,255
161,90,251
152,105,257
157,109,266
147,177,324
215,127,342
209,116,325
208,102,310
129,124,253
126,117,243
165,91,256
161,181,342
185,151,336
171,120,291
205,109,314
167,111,278
126,108,234
155,98,253
148,128,276
161,117,278
160,106,266
155,120,275
165,101,266
160,137,297
169,128,297
156,131,287
159,170,329
138,216,354
148,236,384
171,225,396
204,208,412
170,188,358
205,177,382
175,146,321
211,120,331
212,114,326
200,102,302
156,104,260
123,135,258
176,92,268
181,155,336
195,157,352
176,274,450
187,274,461
155,267,422
178,244,422
237,174,411
191,163,354
162,159,321
214,99,313
210,138,348
208,125,333
166,118,284
179,113,292
164,177,341
221,155,376
216,171,387
227,159,386
209,123,332
211,128,339
197,139,336
172,131,303
194,164,358
225,140,365
222,133,355
208,129,337
188,121,309
197,114,311
171,108,279
164,114,278
155,111,266
154,103,257
139,103,242
135,108,243
126,144,270
125,146,271
130,149,279
166,117,283
161,197,358
118,206,324
135,198,333
189,178,367
206,165,371
170,178,348
158,156,314
166,188,354
166,207,373
158,203,361
195,155,350
202,193,395
206,219,425
118,243,361
159,241,400
193,271,464
372,105,477
345,119,464
328,148,476
162,132,294
187,103,290
183,90,273
182,128,310
145,147,292
149,201,350
191,213,404
241,193,434
211,186,397
259,99,358
225,151,376
207,131,338
191,104,295
179,102,281
137,108,245
143,110,253
144,163,307
147,137,284
207,156,363
213,186,399
215,159,374
183,218,401
208,216,424
259,137,396
259,151,410
233,166,399
215,136,351
191,111,302
182,204,386
217,172,389
204,160,364
187,142,329
115,130,245
179,123,302
186,131,317
199,157,356
200,136,336
199,140,339
164,136,300
171,148,319
160,157,317
148,164,312
160,135,295
179,110,289
186,170,356
193,189,382
257,108,365
258,133,391
236,117,353
163,137,300
164,142,306
151,137,288
187,129,316
197,116,313
193,116,309
157,110,267
137,127,264
165,148,313
190,163,353
196,148,344
188,127,315
179,106,285
157,118,275
119,131,250
122,128,250
127,129,256
121,127,248
132,132,264
132,135,267
119,134,253
130,155,285
129,217,346
135,238,373
133,269,402
144,277,421
192,224,416
201,244,445
205,236,441
184,240,424
171,266,437
195,234,429
178,228,406
225,216,441
185,216,401
180,215,395
174,199,373
205,166,371
219,148,367
194,150,344
155,158,313
129,173,302
117,176,293
118,183,301
117,202,319
136,191,327
136,190,326
136,189,325
163,145,308
184,123,307
181,129,310
138,125,263
119,123,242
129,110,239
133,103,236
120,100,220
124,107,231
122,107,229
120,107,227
126,107,233
128,113,241
126,138,264
105,143,248
129,144,273
133,148,281
125,147,272
127,153,280
125,164,289
130,178,308
136,179,315
131,180,311
125,175,300
135,169,304
133,155,288
152,145,297
137,145,282
132,141,273
129,137,266
131,133,264
126,132,258
114,134,248
129,130,259
131,139,270
133,185,318
127,193,320
125,190,315
139,171,310
170,134,304
151,130,281
147,115,262
175,98,273
168,117,285
137,129,266
132,123,255
143,111,254
143,99,242
137,91,228
98,87,185
107,89,196
121,140,261
137,126,263
144,114,258
132,104,236
110,95,205
122,86,208
134,117,251
141,97,238
158,81,239
131,97,228
134,88,222
109,81,190
119,122,241
113,141,254
124,132,256
125,135,260
128,140,268
134,127,261
132,133,265
134,135,269
117,136,253
124,142,266
136,139,275
149,132,281
167,115,282
175,110,285
174,96,270
159,143,302
150,147,297
147,147,294
142,138,280
122,120,242
149,105,254
156,146,302
159,139,298
141,146,287
143,167,310
106,189,295
129,189,318
108,187,295
138,169,307
162,162,324
161,159,320
136,160,296
127,153,280
129,153,282
124,163,287
125,165,290
114,173,287
130,177,307
118,180,298
129,172,301
130,161,291
153,147,300
166,124,290
157,116,273
179,92,271
164,89,253
149,97,246
133,109,242
134,109,243
132,127,259
127,118,245
128,101,229
149,109,258
121,109,230
157,138,295
183,137,320
190,134,324
184,118,302
191,163,354
220,140,360
205,154,359
171,175,346
131,173,304
160,164,324
168,159,327
169,172,341
161,176,337
210,173,383
240,159,399
236,184,420
193,179,372
175,165,340
168,163,331
178,145,323
155,161,316
153,141,294
157,122,279
166,103,269
170,117,287
159,119,278
141,116,257
151,118,269
150,108,258
159,101,260
151,118,269
158,114,272
158,127,285
148,132,280
132,136,268
138,132,270
139,127,266
134,125,259
135,126,261
134,138,272
155,128,283
151,130,281
144,153,297
128,165,293
119,170,289
124,171,295
136,191,327
128,188,316
122,204,326
143,199,342
150,188,338
150,185,335
159,156,315
152,155,307
148,156,304
124,157,281
95,149,244
126,145,271
143,135,278
133,136,269
135,136,271
118,144,262
128,139,267
116,133,249
141,114,255
129,113,242
128,127,255
114,133,247
122,134,256
112,138,250
128,130,258
131,124,255
121,126,247
124,120,244
126,120,246
129,117,246
132,115,247
123,111,234
127,131,258
128,145,273
137,151,288
129,168,297
105,167,272
125,162,287
121,168,289
136,172,308
133,184,317
138,177,315
132,173,305
114,163,277
127,162,289
136,156,292
124,155,279
125,151,276
126,159,285
115,164,279
128,159,287
124,155,279
124,148,272
120,151,271
125,150,275
124,139,263
129,135,264
125,132,257
124,133,257
121,159,280
115,168,283
124,176,300
127,175,302
155,160,315
158,157,315
154,154,308
168,127,295
178,119,297
184,111,295
153,110,263
142,116,258
144,105,249
153,108,261
151,112,263
139,107,246
142,103,245
152,88,240
152,134,286
160,144,304
165,143,308
174,120,294
170,100,270
163,116,279
153,112,265
149,116,265
132,119,251
138,119,257
138,131,269
141,150,291
143,136,279
141,116,257
140,113,253
137,104,241
134,103,237
146,130,276
145,128,273
159,140,299
147,145,292
134,147,281
131,153,284
134,152,286
141,163,304
129,168,297
135,170,305
121,190,311
160,166,326
162,169,331
164,181,345
118,177,295
120,178,298
121,181,302
177,137,314
186,167,353
186,192,378
134,194,328
141,196,337
135,204,339
141,188,329
144,170,314
170,143,313
193,120,313
178,123,301
200,139,339
171,143,314
152,127,279
160,155,315
120,151,271
188,123,311
198,239,437
198,245,443
188,221,409
189,200,389
186,174,360
162,183,345
134,162,296
185,115,300
207,83,290
189,116,305
143,107,250
144,95,239
152,135,287
145,142,287
140,129,269
159,109,268
135,104,239
109,104,213
130,111,241
96,120,216
106,127,233
122,153,275
97,171,268
138,163,301
136,168,304
133,168,301
115,151,266
158,142,300
144,136,280
118,149,267
119,174,293
112,211,323
116,230,346
140,208,348
157,195,352
192,146,338
178,126,304
177,124,301
162,99,261
163,115,278
143,103,246
167,88,255
158,107,265
155,98,253
154,109,263
155,95,250
152,110,262
153,97,250
153,108,261
151,98,249
150,107,257
152,96,248
151,108,259
152,97,249
151,112,263
157,95,252
155,110,265
157,97,254
151,106,257
150,95,245
150,106,256
152,95,247
151,107,258
151,116,267
151,136,287
176,125,301
179,122,301
179,110,289
145,104,249
146,87,233
153,158,311
155,157,312
143,157,300
148,140,288
105,239,344
245,195,440
328,137,465
324,145,469
197,136,333
143,128,271
148,121,269
137,128,265
130,135,265
123,142,265
122,149,271
128,150,278
130,154,284
132,156,288
129,163,292
132,167,299
131,170,301
134,170,304
128,178,306
125,185,310
131,178,309
141,179,320
140,210,350
138,210,348
132,203,335
149,189,338
175,158,333
182,146,328
184,125,309
189,141,330
200,137,337
187,131,318
153,125,278
129,121,250
137,100,237
149,124,273
158,130,288
163,99,262
173,180,353
180,170,350
143,168,311
146,168,314
92,162,254
139,148,287
154,131,285
147,135,282
164,139,303
149,133,282
186,142,328
189,124,313
161,154,315
176,149,325
148,193,341
148,203,351
140,203,343
147,191,338
152,210,362
169,212,381
181,204,385
215,170,385
232,158,390
265,158,423
247,136,383
239,141,380
207,155,362
168,148,316
173,142,315
194,119,313
176,155,331
193,117,310
131,116,247
149,122,271
116,130,246
101,125,226
151,112,263
160,94,254
149,92,241
130,101,231
90,105,195
104,101,205
129,88,217
117,94,211
114,99,213
102,99,201
123,93,216
113,88,201
117,88,205
113,83,196
118,78,196
107,149,256
124,151,275
110,150,260
119,147,266
78,143,221
107,160,267
115,167,282
123,171,294
111,178,289
127,181,308
109,181,290
125,170,295
154,157,311
158,167,325
140,189,329
121,214,335
118,219,337
138,184,322
180,158,338
188,144,332
154,135,289
111,117,228
149,110,259
160,92,252
169,163,332
182,140,322
175,126,301
180,106,286
139,83,222
154,174,328
150,165,315
136,160,296
138,148,286
88,130,218
123,122,245
144,113,257
147,97,244
127,96,223
119,182,301
144,176,320
141,172,313
142,155,297
106,132,238
157,161,318
190,139,329
228,172,400
240,133,373
201,135,336
156,129,285
91,125,216
126,112,238
115,105,220
130,104,234
117,101,218
117,106,223
123,106,229
94,101,195
133,93,226
127,92,219
122,88,210
107,90,197
118,88,206
117,83,200
113,78,191
100,135,235
119,151,270
112,157,269
123,168,291
99,183,282
126,182,308
116,181,297
143,160,303
168,164,332
172,177,349
147,196,343
130,205,335
129,205,334
124,205,329
156,203,359
168,179,347
162,174,336
161,162,323
180,131,311
177,140,317
156,135,291
121,148,269
115,147,262
120,141,261
129,140,269
114,150,264
121,152,273
122,160,282
121,165,286
108,175,283
104,209,313
123,216,339
115,211,326
142,178,320
166,147,313
171,120,291
147,111,258
134,96,230
139,92,231
135,175,310
132,195,327
143,210,353
143,213,356
92,201,293
146,187,333
184,169,353
178,151,329
149,147,296
153,190,343
121,205,326
141,228,369
143,257,400
164,257,421
160,244,404
190,215,405
206,188,394
215,176,391
193,156,349
177,140,317
164,127,291
150,121,271
153,161,314
159,165,324
174,150,324
182,131,313
167,117,284
151,105,256
125,125,250
164,114,278
159,100,259
145,88,233
131,137,268
150,129,279
172,123,295
158,97,255
163,84,247
154,88,242
125,92,217
94,98,192
130,98,228
122,113,235
126,129,255
120,134,254
116,150,266
109,149,258
133,155,288
127,173,300
129,173,302
130,168,298
143,158,301
127,159,286
115,156,271
125,157,282
92,166,258
120,170,290
121,173,294
121,173,294
135,163,298
149,145,294
158,139,297
138,144,282
130,148,278
127,147,274
136,170,306
139,174,313
134,185,319
129,187,316
138,189,327
137,212,349
139,206,345
136,187,323
143,179,322
162,135,297
179,111,290
191,91,282
156,118,274
160,108,268
156,93,249
134,125,259
164,101,265
148,98,246
140,97,237
101,98,199
118,95,213
123,100,223
116,91,207
143,81,224
134,102,236
126,114,240
115,128,243
116,134,250
117,133,250
123,129,252
127,119,246
126,113,239
127,106,233
118,102,220
117,96,213
122,91,213
122,91,213
121,87,208
123,87,210
120,87,207
120,88,208
113,88,201
126,104,230
127,108,235
135,110,245
130,114,244
120,113,233
126,124,250
122,134,256
121,140,261
124,145,269
125,144,269
124,150,274
123,149,272
115,145,260
125,146,271
126,144,270
120,144,264
114,153,267
123,161,284
125,161,286
132,161,293
131,155,286
132,160,292
116,160,276
115,163,278
123,161,284
121,162,283
121,168,289
123,177,300
124,172,296
116,165,281
140,143,283
167,112,279
164,105,269
164,92,256
142,116,258
161,112,273
176,87,263
181,113,294
165,108,273
150,99,249
150,114,264
155,98,253
152,97,249
144,88,232
130,94,224
139,85,224
143,110,253
145,104,249
144,97,241
145,104,249
143,95,238
155,96,251
144,87,231
138,102,240
140,98,238
141,81,222
144,114,258
159,95,254
155,88,243
164,102,266
142,122,264
171,95,266
157,90,247
156,89,245
121,86,207
119,85,204
122,83,205
121,81,202
123,253,376
121,307,428
105,318,423
163,293,456
232,238,470
242,203,445
279,185,464
247,162,409
207,152,359
193,154,347
178,177,355
166,190,356
171,206,377
176,199,375
173,219,392
170,240,410
163,234,397
172,218,390
183,181,364
196,152,348
175,140,315
155,126,281
137,120,257
133,111,244
131,124,255
131,130,261
156,103,259
164,118,282
162,114,276
135,110,245
119,104,223
123,106,229
122,100,222
121,100,221
123,95,218
121,90,211
123,88,211
115,91,206
122,85,207
122,84,206
122,90,212
124,97,221
124,97,221
121,111,232
123,110,233
130,101,231
124,100,224
123,96,219
124,94,218
121,94,215
123,103,226
134,97,231
136,126,262
151,120,271
145,118,263
146,131,277
126,138,264
121,136,257
115,137,252
120,134,254
118,136,254
130,137,267
125,138,263
127,147,274
132,152,284
136,152,288
138,156,294
127,169,296
125,173,298
127,175,302
121,169,290
137,148,285
144,141,285
142,141,283
126,145,271
123,142,265
128,135,263
130,127,257
132,122,254
124,118,242
116,113,229
120,108,228
118,106,224
123,103,226
120,98,218
123,98,221
113,92,205
116,85,201
124,79,203
123,174,297
200,159,359
273,92,365
286,116,402
209,116,325
148,109,257
136,110,246
123,113,236
121,117,238
119,116,235
115,126,241
123,132,255
120,132,252
125,129,254
115,119,234
119,114,233
130,107,237
118,103,221
117,104,221
123,103,226
115,99,214
121,94,215
118,88,206
122,84,206
119,79,198
116,91,207
121,86,207
114,84,198
122,84,206
116,85,201
123,80,203
124,104,228
122,110,232
126,106,232
123,114,237
123,115,238
123,110,233
117,106,223
124,101,225
120,100,220
123,94,217
121,89,210
120,91,211
120,88,208
114,92,206
122,91,213
128,112,240
135,111,246
140,123,263
127,124,251
117,119,236
124,113,237
123,106,229
126,103,229
120,99,219
123,97,220
120,97,217
115,93,208
122,94,216
125,84,209
132,102,234
137,99,236
130,93,223
120,97,217
118,97,215
121,96,217
119,91,210
126,90,216
125,86,211
131,101,232
132,119,251
135,118,253
127,119,246
123,121,244
128,123,251
127,129,256
142,120,262
158,112,270
164,102,266
159,139,298
175,120,295
166,114,280
166,109,275
112,102,214
125,94,219
127,88,215
125,88,213
121,89,210
120,85,205
121,79,200
123,99,222
123,105,228
124,102,226
130,94,224
129,91,220
132,85,217
122,84,206
120,84,204
120,79,199
122,91,213
117,92,209
129,83,212
127,83,210
123,76,199
125,88,213
124,90,214
118,87,205
120,84,204
117,79,196
122,88,210
114,89,203
121,88,209
122,88,210
123,124,247
127,118,245
134,113,247
130,108,238
121,103,224
109,98,207
117,98,215
127,90,217
127,90,217
122,90,212
127,81,208
135,110,245
138,121,259
132,121,253
131,116,247
122,113,235
123,107,230
118,100,218
121,94,215
122,88,210
122,86,208
119,84,203
114,79,193
121,99,220
121,106,227
117,112,229
123,116,239
124,116,240
131,112,243
131,114,245
127,127,254
124,132,256
120,127,247
121,128,249
126,123,249
125,117,242
126,113,239
116,109,225
125,103,228
124,101,225
119,101,220
121,99,220
122,96,218
123,94,217
125,91,216
125,86,211
126,86,212
122,87,209
123,83,206
128,99,227
125,104,229
125,104,229
129,100,229
126,107,233
126,105,231
122,102,224
124,98,222
121,98,219
122,109,231
111,110,221
123,109,232
121,117,238
122,142,264
121,139,260
122,137,259
123,138,261
134,126,260
137,131,268
137,129,266
129,136,265
127,135,262
132,129,261
130,133,263
131,129,260
131,126,257
128,127,255
127,131,258
127,130,257
127,132,259
131,130,261
133,131,264
130,129,259
131,125,256
128,123,251
127,118,245
132,106,238
131,103,234
131,102,233
123,103,226
123,104,227
127,97,224
130,92,222
131,88,219
129,85,214
126,85,211
129,105,234
129,107,236
131,102,233
131,97,228
124,92,216
130,89,219
127,90,217
125,90,215
128,87,215
132,81,213
133,81,214
129,97,226
124,98,222
126,93,219
127,90,217
124,92,216
122,91,213
151,109,260
167,150,317
188,154,342
235,111,346
233,113,346
214,105,319
195,188,383
176,191,367
228,139,367
259,116,375
249,111,360
190,118,308
201,112,313
201,98,299
195,193,388
166,189,355
215,161,376
256,111,367
274,232,506
188,214,402
284,297,581
375,234,609
355,264,619
386,156,542
285,156,441
352,187,539
269,150,419
339,177,516
281,201,482
215,158,373
280,164,444
227,149,376
277,180,457
244,141,385
237,176,413
332,164,496
333,141,474
317,166,483
301,126,427
257,188,445
303,143,446
259,190,449
383,224,607
407,184,591
451,187,638
438,144,582
329,204,533
304,200,504
301,341,642
400,241,641
409,238,647
405,173,578
310,210,520
311,156,467
231,127,358
285,165,450
204,162,366
295,266,561
303,201,504
339,105,444
324,188,512
248,179,427
239,153,392
280,178,458
233,222,455
305,187,492
276,183,459
233,189,422
213,161,374
271,126,397
256,145,401
203,143,346
202,228,430
263,175,438
345,145,490
313,147,460
252,223,475
262,200,462
291,202,493
291,168,459
271,124,395
252,187,439
281,160,441
301,150,451
320,241,561
318,155,473
300,176,476
294,207,501
267,162,429
302,162,464
359,111,470
268,130,398
256,208,464
232,152,384
252,175,427
258,140,398
229,142,371
204,137,341
198,188,386
257,134,391
276,127,403
254,94,348
185,166,351
176,165,341
215,121,336
233,105,338
189,140,329
193,127,320
202,116,318
211,112,323
183,145,328
197,178,375
243,139,382
256,169,425
240,141,381
241,136,377
239,182,421
268,119,387
261,115,376
259,100,359
202,115,317
194,116,310
203,114,317
194,117,311
195,115,310
186,228,414
199,215,414
252,148,400
270,129,399
279,113,392
230,113,343
215,95,310
144,116,260
173,108,281
189,104,293
188,118,306
193,110,303
188,100,288
186,116,302
180,115,295
181,113,294
191,112,303
188,116,304
190,114,304
184,114,298
192,108,300
191,111,302
191,110,301
188,111,299
187,112,299
185,115,300
187,113,300
185,109,294
183,114,297
185,104,289
178,110,288
182,113,295
171,115,286
177,108,285
186,106,292
186,112,298
184,108,292
188,102,290
178,106,284
179,108,287
177,114,291
183,109,292
175,109,284
190,117,307
192,114,306
199,102,301
183,109,292
194,108,302
186,113,299
189,114,303
193,109,302
191,112,303
193,112,305
194,113,307
197,110,307
187,104,291
193,125,318
212,122,334
229,113,342
221,120,341
220,117,337
204,110,314
203,110,313
192,122,314
186,120,306
188,114,302
193,110,303
195,111,306
195,119,314
193,104,297
190,111,301
182,108,290
183,121,304
187,114,301
195,109,304
185,110,295
178,114,292
186,113,299
191,116,307
188,114,302
190,111,301
187,105,292
183,133,316
206,105,311
218,108,326
210,91,301
189,111,300
166,129,295
184,117,301
193,111,304
202,115,317
192,115,307
192,128,320
201,113,314
197,112,309
199,111,310
189,115,304
188,106,294
176,108,284
178,104,282
171,115,286
189,110,299
190,111,301
198,125,323
190,124,314
178,151,329
227,119,346
228,122,350
256,105,361
206,134,340
197,151,348
220,202,422
370,133,503
384,108,492
358,143,501
266,120,386
237,121,358
243,96,339
197,109,306
190,109,299
178,120,298
193,122,315
195,92,287
192,89,281
169,107,276
164,129,293
179,102,281
192,109,301
187,110,297
175,117,292
172,111,283
179,114,293
184,102,286
177,110,287
182,108,290
178,105,283
179,115,294
184,119,303
194,115,309
221,107,328
211,110,321
203,129,332
198,102,300
190,106,296
190,107,297
184,111,295
189,108,297
175,117,292
186,113,299
187,115,302
193,101,294
194,115,309
191,122,313
201,131,332
205,94,299
196,115,311
186,96,282
170,109,279
186,117,303
183,109,292
193,108,301
181,125,306
181,105,286
185,111,296
197,113,310
198,119,317
212,91,303
202,100,302
191,111,302
180,108,288
193,126,319
190,97,287
205,111,316
198,93,291
193,108,301
190,120,310
179,109,288
184,116,300
182,133,315
200,107,307
202,132,334
215,104,319
199,123,322
209,121,330
197,101,298
209,108,317
178,117,295
188,107,295
182,118,300
182,120,302
178,121,299
191,113,304
190,117,307
208,110,318
200,110,310
206,109,315
188,109,297
181,125,306
185,130,315
203,113,316
203,105,308
208,112,320
188,120,308
197,120,317
194,105,299
196,113,309
200,125,325
203,118,321
205,113,318
196,126,322
196,129,325
202,95,297
210,116,326
195,113,308
184,115,299
190,122,312
202,119,321
198,129,327
215,110,325
199,104,303
202,121,323
181,107,288
191,110,301
193,111,304
198,111,309
192,119,311
185,116,301
188,110,298
187,121,308
194,105,299
186,115,301
187,119,306
185,110,295
201,127,328
208,115,323
205,121,326
217,109,326
194,121,315
204,121,325
221,102,323
206,120,326
210,109,319
204,112,316
215,118,333
195,116,311
190,111,301
200,119,319
206,119,325
206,111,317
193,114,307
189,116,305
189,127,316
202,118,320
207,108,315
205,117,322
199,110,309
195,117,312
192,118,310
186,113,299
189,108,297
181,119,300
187,124,311
193,98,291
211,115,326
196,130,326
203,114,317
208,123,331
216,109,325
201,114,315
199,120,319
192,100,292
191,114,305
207,99,306
190,113,303
201,112,313
185,107,292
194,125,319
206,111,317
203,117,320
203,125,328
222,113,335
223,106,329
208,109,317
183,124,307
189,110,299
202,110,312
195,121,316
194,130,324
206,108,314
207,115,322
211,126,337
205,125,330
209,117,326
204,127,331
226,110,336
205,109,314
208,111,319
185,110,295
178,121,299
186,120,306
199,109,308
210,106,316
196,90,286
181,111,292
163,114,277
174,116,290
194,126,320
208,118,326
208,123,331
210,130,340
215,103,318
209,104,313
197,119,316
180,124,304
182,100,282
195,126,321
209,111,320
200,116,316
212,117,329
199,115,314
206,119,325
204,113,317
202,140,342
222,109,331
233,102,335
220,124,344
205,103,308
210,111,321
191,108,299
195,123,318
206,109,315
218,118,336
215,126,341
220,110,330
206,136,342
215,125,340
213,120,333
220,121,341
216,123,339
216,121,337
211,126,337
215,148,363
217,124,341
212,91,303
191,103,294
155,105,260
161,104,265
163,86,249
157,109,266
154,126,280
175,113,288
186,130,316
218,99,317
195,104,299
194,104,298
168,104,272
163,120,283
172,123,295
208,114,322
216,122,338
225,124,349
187,109,296
202,105,307
188,110,298
169,124,293
180,130,310
197,121,318
226,113,339
225,120,345
214,122,336
183,122,305
212,118,330
208,120,328
214,122,336
212,120,332
213,109,322
207,107,314
188,106,294
173,117,290
164,137,301
190,121,311
201,158,359
270,106,376
252,216,468
270,251,521
304,239,543
325,188,513
348,198,546
284,171,455
371,119,490
299,170,469
268,168,436
256,248,504
350,173,523
333,214,547
377,239,616
322,179,501
384,158,542
332,177,509
308,148,456
265,224,489
294,134,428
299,155,454
312,142,454
236,124,360
242,122,364
215,122,337
196,213,409
243,155,398
268,137,405
296,111,407
217,200,417
263,189,452
279,176,455
357,101,458
302,169,471
296,140,436
269,107,376
250,113,363
219,120,339
199,119,318
208,171,379
226,132,358
235,156,391
237,180,417
226,148,374
275,155,430
267,152,419
241,118,359
246,122,368
208,97,305
200,149,349
210,146,356
238,129,367
249,111,360
225,115,340
196,156,352
209,181,390
258,131,389
273,111,384
287,131,418
195,122,317
194,111,305
199,164,363
201,135,336
236,203,439
267,184,451
307,187,494
315,131,446
290,315,605
301,258,559
296,173,469
316,153,469
267,136,403
189,123,312
232,108,340
204,114,318
189,117,306
193,121,314
204,107,311
200,117,317
204,108,312
200,100,300
193,113,306
180,117,297
182,117,299
183,131,314
203,118,321
216,112,328
207,127,334
211,109,320
201,123,324
204,112,316
195,131,326
202,138,340
212,143,355
233,114,347
226,136,362
225,138,363
230,123,353
229,113,342
199,102,301
170,142,312
192,120,312
221,118,339
218,157,375
237,135,372
271,108,379
259,121,380
226,110,336
206,116,322
206,110,316
201,106,307
185,112,297
173,111,284
175,125,300
182,122,304
192,106,298
211,118,329
207,118,325
203,108,311
192,106,298
180,124,304
192,108,300
204,113,317
194,122,316
205,99,304
208,114,322
200,106,306
199,117,316
187,120,307
192,103,295
197,125,322
195,105,300
205,110,315
202,105,307
214,116,330
200,104,304
197,130,327
202,114,316
191,118,309
202,116,318
184,115,299
197,102,299
187,109,296
183,116,299
175,118,293
188,121,309
200,110,310
198,113,311
184,123,307
183,124,307
194,115,309
203,115,318
207,127,334
198,113,311
192,103,295
190,122,312
195,158,353
213,121,334
228,117,345
223,136,359
216,112,328
211,116,327
227,114,341
205,113,318
219,111,330
213,106,319
193,118,311
181,121,302
181,109,290
208,101,309
191,112,303
187,129,316
188,111,299
186,121,307
195,129,324
205,115,320
209,109,318
189,107,296
173,137,310
191,145,336
211,146,357
251,140,391
229,143,372
233,131,364
224,136,360
236,138,374
244,156,400
278,144,422
269,205,474
360,153,513
346,128,474
336,154,490
280,113,393
228,111,339
229,109,338
186,118,304
196,115,311
193,107,300
188,114,302
184,112,296
181,133,314
192,112,304
200,116,316
211,107,318
193,117,310
187,124,311
189,114,303
198,109,307
193,118,311
183,115,298
184,125,309
204,117,321
194,115,309
198,118,316
188,117,305
191,103,294
181,116,297
180,121,301
176,115,291
197,121,318
193,115,308
201,110,311
193,106,299
218,114,332
209,96,305
204,105,309
194,105,299
181,122,303
194,115,309
190,89,279
183,117,300
184,113,297
189,109,298
199,102,301
182,116,298
183,112,295
200,112,312
191,129,320
200,111,311
200,114,314
205,99,304
200,110,310
188,129,317
189,104,293
206,99,305
192,89,281
169,117,286
175,121,296
188,108,296
208,130,338
206,97,303
192,104,296
183,109,292
165,110,275
178,122,300
191,116,307
185,108,293
198,112,310
205,113,318
204,114,318
213,105,318
203,129,332
219,122,341
217,116,333
248,115,363
246,101,347
234,120,354
236,118,354
210,129,339
204,103,307
198,112,310
206,132,338
214,116,330
218,133,351
217,113,330
204,126,330
218,124,342
202,121,323
244,112,356
224,115,339
224,114,338
214,117,331
225,128,353
235,97,332
216,117,333
211,120,331
217,117,334
235,97,332
212,118,330
193,135,328
215,110,325
233,132,365
238,104,342
237,124,361
236,122,358
235,146,381
241,112,353
234,152,386
240,152,392
264,152,416
299,172,471
294,153,447
256,136,392
211,140,351
199,137,336
213,157,370
216,155,371
207,127,334
206,131,337
218,124,342
197,115,312
181,151,332
205,120,325
223,167,390
261,146,407
264,148,412
307,143,450
289,151,440
286,140,426
271,153,424
290,138,428
281,146,427
269,154,423
258,154,412
263,125,388
262,135,397
265,134,399
269,130,399
270,144,414
249,144,393
260,127,387
275,174,449
295,157,452
276,140,416
276,163,439
252,215,467
331,145,476
324,168,492
321,126,447
274,142,416
307,158,465
290,152,442
325,158,483
280,165,445
323,156,479
313,130,443
295,135,430
282,128,410
237,140,377
255,126,381
213,117,330
196,128,324
198,112,310
209,114,323
231,114,345
209,155,364
246,144,390
257,153,410
266,153,419
270,144,414
264,124,388
262,127,389
244,114,358
220,139,359
239,140,379
231,113,344
232,109,341
191,129,320
217,144,361
214,132,346
224,118,342
213,127,340
223,133,356
234,106,340
221,112,333
188,125,313
182,168,350
221,158,379
271,111,382
258,107,365
205,102,307
155,94,249
146,107,253
149,106,255
152,91,243
151,124,275
169,140,309
243,114,357
246,125,371
260,106,366
199,117,316
194,110,304
161,114,275
183,111,294
179,97,276
173,111,284
173,87,260
157,110,267
146,93,239
153,117,270
170,133,303
208,116,324
232,140,372
284,112,396
250,122,372
232,132,364
217,122,339
206,109,315
207,141,348
189,148,337
246,122,368
257,134,391
275,117,392
248,111,359
226,99,325
193,100,293
152,97,249
146,117,263
179,127,306
199,127,326
215,110,325
225,106,331
181,103,284
157,96,253
152,86,238
146,113,259
138,123,261
161,125,286
184,112,296
189,114,303
186,128,314
190,115,305
225,144,369
256,123,379
258,132,390
242,105,347
213,100,313
188,180,368
246,117,363
249,122,371
263,110,373
207,127,334
226,115,341
210,196,406
314,148,462
297,268,565
390,149,539
333,192,525
381,157,538
282,113,395
281,106,387
192,175,367
194,164,358
236,128,364
268,118,386
257,118,375
214,148,362
240,172,412
238,177,415
284,117,401
299,103,402
274,154,428
227,159,386
269,140,409
263,161,424
315,159,474
259,161,420
271,124,395
254,106,360
248,123,371
251,115,366
212,120,332
243,120,363
216,152,368
221,113,334
234,143,377
273,107,380
233,99,332
242,121,363
197,118,315
198,166,364
263,103,366
283,122,405
269,116,385
220,141,361
253,133,386
219,112,331
233,172,405
208,147,355
229,156,385
257,155,412
252,118,370
269,143,412
242,112,354
272,154,426
253,178,431
261,191,452
297,224,521
294,195,489
361,131,492
334,110,444
273,116,389
204,232,436
243,220,463
309,142,451
370,143,513
414,155,569
311,197,508
312,184,496
296,166,462
344,178,522
301,219,520
322,144,466
288,179,467
303,229,532
371,114,485
381,121,502
336,162,498
232,171,403
232,157,389
274,161,435
266,139,405
238,169,407
243,139,382
258,172,430
286,157,443
257,171,428
263,117,380
240,108,348
232,108,340
205,103,308
201,110,311
190,92,282
187,113,300
178,97,275
173,122,295
193,123,316
198,107,305
214,120,334
188,102,290
185,134,319
203,142,345
215,121,336
221,130,351
195,107,302
203,103,306
221,113,334
208,136,344
222,120,342
232,128,360
219,153,372
222,117,339
212,137,349
211,114,325
200,128,328
205,118,323
203,130,333
184,141,325
212,124,336
230,106,336
212,112,324
200,121,321
207,122,329
209,108,317
209,126,335
199,105,304
223,107,330
218,137,355
253,102,355
245,126,371
239,142,381
240,120,360
246,100,346
242,129,371
222,109,331
214,136,350
206,167,373
260,102,362
238,129,367
266,92,358
190,121,311
188,138,326
193,121,314
229,115,344
229,117,346
216,126,342
213,111,324
215,128,343
229,108,337
244,103,347
190,129,319
216,112,328
222,106,328
222,120,342
188,129,317
193,147,340
207,128,335
235,94,329
230,153,383
222,139,361
241,133,374
243,125,368
201,142,343
228,143,371
214,156,370
241,155,396
272,172,444
271,144,415
263,106,369
229,117,346
179,127,306
204,129,333
221,120,341
245,155,400
219,135,354
231,119,350
222,122,344
195,127,322
198,123,321
204,144,348
200,119,319
197,132,329
196,153,349
209,142,351
241,127,368
244,109,353
226,140,366
216,112,328
249,99,348
219,129,348
224,116,340
216,134,350
190,141,331
202,108,310
211,116,327
196,155,351
225,100,325
239,120,359
227,103,330
196,120,316
172,140,312
199,124,323
225,109,334
214,143,357
222,102,324
210,108,318
202,114,316
175,138,313
209,105,314
206,129,335
214,108,322
187,124,311
196,130,326
217,119,336
223,106,329
210,112,322
191,107,298
185,122,307
183,108,291
177,129,306
170,129,299
184,113,297
206,217,423
312,120,432
331,147,478
368,105,473
264,120,384
257,112,369
214,104,318
219,104,323
174,143,317
193,113,306
213,131,344
227,115,342
198,101,299
181,102,283
170,117,287
185,125,310
201,113,314
186,111,297
200,140,340
192,149,341
211,126,337
190,128,318
193,105,298
197,107,304
213,103,316
216,101,317
203,125,328
223,123,346
233,151,384
233,122,355
236,113,349
202,120,322
168,124,292
191,127,318
208,119,327
199,121,320
224,108,332
199,100,299
194,96,290
168,120,288
184,130,314
209,117,326
215,146,361
218,114,332
193,95,288
186,122,308
161,120,281
220,103,323
205,103,308
200,133,333
205,110,315
180,121,301
181,138,319
188,142,330
214,117,331
222,144,366
229,122,351
240,115,355
218,127,345
204,107,311
184,134,318
187,100,287
200,108,308
201,93,294
183,123,306
181,138,319
199,100,299
236,134,370
230,108,338
209,134,343
235,136,371
223,118,341
234,119,353
213,111,324
204,125,329
209,106,315
212,138,350
200,129,329
184,118,302
211,120,331
205,132,337
223,121,344
250,104,354
220,122,342
222,107,329
213,107,320
193,125,318
174,128,302
201,140,341
225,113,338
211,105,316
177,133,310
185,116,301
202,133,335
212,129,341
214,133,347
231,124,355
226,116,342
220,137,357
212,110,322
198,121,319
202,156,358
217,126,343
244,113,357
236,98,334
219,129,348
198,130,328
213,126,339
208,120,328
218,136,354
219,110,329
215,134,349
231,120,351
220,112,332
240,110,350
209,120,329
198,108,306
202,132,334
209,124,333
203,116,319
200,120,320
210,100,310
212,128,340
215,124,339
205,120,325
224,106,330
214,136,350
220,115,335
224,121,345
221,117,338
208,113,321
202,130,332
202,121,323
212,124,336
212,98,310
196,109,305
179,108,287
173,135,308
191,129,320
209,126,335
222,119,341
207,152,359
212,123,335
217,158,375
234,166,400
238,104,342
235,116,351
207,128,335
191,159,350
216,149,365
265,127,392
262,121,383
226,120,346
247,154,401
223,132,355
250,128,378
241,147,388
223,154,377
251,140,391
273,145,418
250,165,415
270,146,416
259,163,422
244,160,404
260,138,398
288,136,424
254,114,368
277,96,373
245,143,388
226,156,382
237,126,363
232,150,382
199,147,346
222,130,352
253,112,365
232,147,379
218,161,379
237,112,349
230,112,342
207,119,326
180,129,309
195,135,330
205,143,348
214,136,350
248,140,388
241,184,425
253,155,408
220,139,359
201,116,317
187,107,294
212,146,358
231,231,462
274,153,427
309,132,441
297,147,444
292,130,422
266,90,356
252,172,424
211,142,353
219,202,421
285,159,444
288,115,403
271,126,397
228,121,349
181,172,353
250,135,385
253,132,385
283,138,421
240,122,362
231,127,358
219,122,341
225,116,341
203,109,312
190,124,314
221,160,381
247,123,370
253,119,372
237,124,361
206,129,335
228,134,362
223,139,362
221,111,332
227,112,339
221,94,315
197,137,334
191,148,339
211,189,400
232,144,376
252,151,403
254,160,414
247,134,381
263,129,392
215,119,334
196,115,311
174,122,296
171,131,302
210,125,335
222,124,346
209,154,363
214,118,332
219,158,377
226,144,370
245,115,360
240,153,393
215,112,327
233,191,424
241,190,431
276,118,394
271,111,382
235,131,366
187,129,316
209,123,332
228,142,370
231,110,341
234,151,385
246,119,365
228,119,347
261,114,375
212,144,356
244,133,377
239,150,389
307,140,447
275,145,420
298,113,411
248,157,405
294,106,400
243,187,430
247,176,423
244,143,387
257,119,376
200,99,299
185,166,351
187,219,406
247,158,405
325,122,447
270,131,401
224,111,335
224,134,358
200,109,309
198,266,464
282,177,459
335,193,528
436,128,564
296,139,435
317,145,462
233,183,416
222,146,368
252,201,453
292,220,512
291,335,626
324,290,614
275,254,529
225,256,481
246,186,432
273,120,393
215,124,339
228,117,345
193,151,344
204,146,350
179,151,330
175,149,324
155,176,331
151,206,357
172,185,357
172,188,360
180,172,352
174,144,318
182,127,309
181,163,344
167,178,345
160,175,335
185,205,390
180,264,444
218,212,430
253,171,424
250,194,444
197,194,391
166,210,376
186,196,382
189,283,472
172,300,472
176,327,503
258,252,510
282,222,504
260,221,481
205,182,387
223,182,405
251,194,445
272,127,399
241,140,381
261,188,449
217,187,404
217,174,391
278,223,501
320,172,492
385,123,508
328,127,455
253,98,351
214,142,356
225,169,394
239,167,406
268,158,426
255,135,390
226,135,361
203,204,407
227,131,358
293,113,406
306,165,471
243,135,378
227,135,362
244,142,386
245,132,377
236,130,366
219,153,372
228,136,364
200,149,349
230,165,395
247,165,412
275,149,424
314,162,476
283,135,418
272,205,477
312,153,465
296,127,423
331,115,446
239,153,392
269,129,398
243,152,395
255,126,381
225,122,347
222,168,390
201,154,355
247,155,402
239,127,366
244,115,359
210,129,339
189,117,306
177,149,326
181,162,343
254,112,366
248,120,368
217,138,355
193,105,298
221,113,334
205,103,308
195,173,368
278,137,415
266,171,437
347,123,470
260,164,424
260,146,406
275,147,422
313,105,418
269,175,444
253,130,383
229,122,351
245,136,381
203,138,341
232,168,400
234,197,431
293,150,443
301,132,433
288,142,430
207,175,382
241,124,365
241,158,399
257,124,381
240,95,335
256,189,445
254,178,432
262,174,436
314,114,428
249,119,368
262,117,379
213,118,331
213,129,342
206,111,317
206,109,315
218,121,339
205,166,371
219,236,455
295,135,430
290,177,467
350,159,509
287,128,415
304,110,414
247,119,366
214,106,320
183,160,343
256,126,382
253,114,367
273,128,401
225,134,359
203,205,408
282,156,438
309,112,421
301,143,444
231,155,386
197,198,395
265,170,435
257,154,411
297,97,394
247,125,372
214,108,322
192,181,373
222,142,364
238,115,353
268,138,406
243,109,352
269,139,408
233,198,431
244,149,393
262,106,368
275,138,413
201,137,338
231,101,332
221,187,408
245,134,379
262,111,373
256,126,382
194,236,430
338,130,468
359,124,483
386,119,505
249,93,342
238,106,344
193,127,320
189,129,318
218,117,335
223,128,351
228,136,364
217,115,332
209,113,322
221,127,348
209,135,344
247,125,372
221,122,343
215,118,333
211,122,333
200,102,302
191,108,299
183,122,305
210,114,324
208,118,326
212,108,320
180,119,299
189,122,311
199,111,310
222,100,322
181,137,318
203,143,346
205,197,402
250,192,442
269,167,436
268,145,413
261,125,386
257,151,408
253,137,390
239,124,363
255,107,362
215,145,360
207,134,341
223,124,347
229,124,353
221,112,333
210,127,337
209,116,325
208,108,316
214,121,335
232,131,363
228,120,348
211,86,297
212,111,323
177,116,293
181,107,288
200,117,317
211,124,335
249,113,362
242,114,356
230,121,351
189,143,332
203,101,304
200,118,318
189,140,329
203,127,330
230,113,343
223,111,334
194,121,315
199,134,333
206,129,335
222,111,333
206,136,342
212,125,337
210,149,359
239,104,343
246,109,355
216,118,334
202,122,324
231,110,341
232,107,339
213,120,333
185,129,314
218,110,328
215,97,312
241,121,362
203,122,325
227,131,358
223,116,339
188,134,322
202,135,337
192,133,325
234,131,365
228,118,346
251,98,349
251,93,344
239,116,355
230,102,332
239,106,345
206,143,349
234,144,378
240,116,356
232,105,337
190,127,317
176,108,284
194,114,308
240,119,359
263,110,373
248,120,368
245,120,365
210,119,329
203,125,328
245,113,358
213,99,312
182,129,311
182,92,274
169,124,293
186,125,311
178,109,287
181,118,299
211,107,318
208,129,337
220,127,347
190,128,318
199,114,313
201,89,290
164,131,295
187,112,299
195,107,302
211,108,319
232,134,366
222,121,343
221,96,317
200,118,318
176,105,281
211,105,316
233,126,359
229,124,353
247,116,363
241,134,375
271,104,375
245,124,369
255,112,367
207,132,339
203,130,333
225,101,326
249,134,383
237,153,390
252,134,386
224,132,356
225,140,365
240,119,359
249,112,361
229,97,326
193,144,337
206,142,348
222,121,343
227,103,330
181,101,282
163,99,262
142,93,235
147,131,278
153,131,284
186,111,297
205,108,313
205,97,302
170,86,256
161,102,263
144,115,259
146,128,274
179,145,324
243,114,357
238,154,392
276,112,388
232,103,335
215,98,313
172,110,282
157,111,268
156,103,259
156,94,250
151,110,261
152,105,257
144,99,243
141,99,240
135,109,244
149,91,240
162,116,278
164,106,270
171,128,299
198,102,300
204,130,334
222,166,388
221,149,370
252,119,371
229,102,331
214,110,324
186,100,286
164,211,375
255,118,373
253,116,369
266,112,378
185,150,335
269,123,392
277,136,413
278,120,398
200,148,348
210,190,400
260,115,375
296,137,433
277,116,393
220,157,377
261,115,376
259,153,412
275,137,412
265,119,384
240,114,354
222,129,351
217,165,382
292,113,405
269,122,391
282,163,445
261,131,392
271,129,400
274,113,387
225,186,411
261,165,426
271,167,438
306,125,431
267,131,398
277,149,426
297,101,398
281,112,393
235,100,335
187,164,351
198,149,347
260,110,370
250,118,368
189,132,321
207,150,357
223,150,373
257,146,403
277,135,412
249,158,407
295,128,423
279,129,408
297,134,431
259,166,425
274,155,429
261,142,403
301,119,420
250,153,403
309,95,404
253,132,385
289,108,397
240,120,360
258,155,413
274,111,385
268,162,430
267,145,412
232,133,365
255,145,400
250,210,460
271,188,459
290,193,483
312,202,514
326,125,451
283,129,412
281,139,420
198,130,328
252,196,448
263,236,499
335,169,504
356,138,494
284,208,492
361,111,472
293,119,412
277,127,404
203,124,327
212,166,378
291,129,420
258,127,385
268,109,377
237,147,384
210,269,479
227,235,462
298,169,467
268,149,417
264,201,465
201,183,384
317,147,464
295,137,432
290,187,477
249,164,413
273,166,439
283,165,448
239,116,355
263,167,430
240,189,429
251,139,390
283,110,393
204,119,323
176,207,383
236,142,378
268,117,385
263,120,383
195,124,319
220,136,356
245,134,379
253,155,408
245,130,375
202,142,344
208,150,358
220,196,416
260,200,460
315,151,466
285,164,449
360,180,540
302,152,454
309,167,476
295,146,441
264,121,385
253,201,454
199,200,399
291,122,413
305,213,518
327,129,456
297,192,489
342,176,518
316,105,421
316,131,447
266,106,372
188,195,383
229,146,375
246,179,425
317,116,433
254,144,398
285,141,426
243,121,364
273,133,406
277,184,461
294,156,450
304,115,419
283,127,410
238,138,376
227,152,379
239,115,354
260,112,372
245,139,384
227,109,336
196,103,299
198,135,333
195,94,289
232,121,353
221,105,326
201,121,322
207,126,333
208,134,342
215,125,340
238,95,333
208,126,334
196,149,345
221,121,342
211,118,329
237,129,366
218,102,320
227,117,344
200,135,335
200,123,323
212,129,341
227,113,340
213,142,355
231,134,365
233,115,348
230,145,375
213,135,348
232,102,334
241,142,383
227,128,355
238,127,365
238,110,348
203,123,326
224,110,334
217,122,339
222,101,323
196,122,318
193,121,314
203,110,313
216,124,340
224,126,350
224,136,360
230,129,359
238,125,363
228,107,335
208,123,331
201,100,301
180,128,308
195,138,333
198,103,301
242,108,350
214,126,340
213,99,312
210,115,325
200,118,318
194,130,324
201,96,297
198,128,326
205,148,353
244,119,363
242,106,348
233,113,346
206,111,317
193,135,328
190,114,304
186,118,304
181,133,314
189,118,307
231,105,336
218,116,334
220,121,341
181,104,285
199,149,348
230,107,337
232,104,336
227,121,348
186,131,317
190,112,302
200,136,336
204,104,308
204,116,320
193,133,326
191,125,316
218,128,346
224,114,338
209,115,324
199,122,321
211,114,325
208,137,345
216,131,347
216,130,346
228,115,343
228,136,364
212,151,363
230,121,351
233,109,342
192,142,334
211,125,336
219,127,346
223,109,332
185,92,277
177,132,309
185,109,294
189,120,309
201,161,362
213,114,327
231,107,338
220,115,335
202,117,319
208,115,323
204,134,338
215,163,378
225,114,339
236,141,377
229,130,359
201,117,318
215,126,341
192,164,356
297,137,434
357,125,482
351,111,462
286,118,404
233,128,361
216,126,342
214,132,346
229,116,345
248,106,354
241,113,354
231,131,362
222,130,352
208,115,323
217,104,321
187,116,303
190,111,301
179,136,315
206,135,341
216,106,322
207,99,306
178,150,328
187,99,286
213,113,326
216,125,341
227,126,353
226,135,361
274,110,384
261,112,373
224,86,310
178,110,288
167,121,288
166,116,282
201,136,337
208,124,332
206,111,317
204,107,311
184,134,318
185,139,324
214,106,320
208,121,329
254,101,355
253,115,368
253,99,352
252,113,365
188,127,315
200,120,320
224,108,332
234,113,347
200,107,307
213,99,312
192,117,309
221,121,342
226,115,341
213,138,351
221,120,341
241,104,345
243,133,376
233,123,356
223,115,338
212,125,337
206,116,322
208,132,340
193,117,310
193,110,303
179,127,306
203,135,338
216,115,331
218,121,339
221,127,348
240,117,357
238,107,345
203,123,326
213,133,346
212,107,319
218,113,331
196,125,321
193,119,312
204,120,324
217,118,335
215,132,347
220,114,334
227,100,327
221,107,328
222,135,357
213,140,353
215,147,362
240,115,355
229,133,362
267,142,409
231,156,387
264,141,405
260,129,389
288,133,421
270,152,422
269,103,372
208,113,321
193,101,294
158,116,274
167,107,274
173,128,301
217,97,314
203,138,341
210,117,327
228,135,363
249,106,355
221,107,328
196,97,293
174,90,264
138,107,245
145,116,261
141,121,262
147,116,263
138,110,248
146,105,251
148,98,246
158,90,248
154,106,260
150,94,244
142,114,256
154,147,301
210,123,333
227,132,359
266,132,398
241,166,407
241,129,370
238,101,339
202,113,315
169,148,317
171,119,290
223,126,349
239,151,390
215,186,401
253,150,403
269,157,426
262,122,384
209,150,359
222,122,344
218,120,338
244,122,366
213,117,330
206,124,330
193,141,334
218,161,379
218,153,371
243,122,365
239,180,419
256,114,370
260,128,388
278,110,388
218,119,337
225,108,333
221,194,415
223,186,409
245,124,369
232,114,346
202,127,329
213,117,330
218,107,325
209,161,370
200,135,335
232,129,361
249,111,360
200,117,317
218,123,341
205,125,330
224,92,316
197,152,349
260,99,359
238,98,336
223,125,348
219,191,410
212,174,386
279,97,376
262,116,378
228,127,355
204,121,325
200,109,309
209,99,308
178,125,303
184,128,312
204,139,343
231,117,348
230,111,341
244,159,403
278,110,388
275,124,399
281,103,384
216,179,395
270,127,397
250,184,434
289,152,441
229,153,382
230,135,365
167,179,346
202,179,381
208,168,376
249,141,390
297,149,446
293,125,418
271,185,456
259,118,377
275,126,401
271,124,395
226,153,379
224,122,346
244,121,365
254,97,351
211,117,328
196,161,357
217,124,341
255,161,416
269,175,444
257,159,416
291,121,412
256,150,406
239,193,432
233,159,392
267,161,428
256,230,486
277,127,404
321,138,459
331,147,478
235,106,341
220,127,347
228,155,383
252,105,357
261,158,419
298,104,402
229,102,331
258,138,396
211,130,341
257,173,430
283,162,445
277,176,453
295,126,421
219,216,435
275,150,425
257,126,383
266,119,385
195,179,374
219,193,412
287,180,467
333,146,479
321,135,456
321,145,466
264,152,416
252,117,369
242,187,429
238,116,354
262,175,437
265,159,424
253,101,354
249,304,553
240,279,519
285,199,484
311,149,460
327,116,443
260,148,408
223,155,378
225,144,369
252,137,389
211,184,395
243,149,392
242,147,389
274,121,395
241,232,473
346,148,494
347,147,494
354,120,474
235,144,379
274,115,389
229,164,393
247,129,376
234,111,345
240,114,354
201,119,320
207,118,325
193,117,310
219,141,360
196,151,347
279,115,394
260,128,388
255,105,360
207,152,359
249,159,408
224,200,424
291,119,410
252,170,422
238,153,391
237,185,422
297,120,417
286,109,395
227,130,357
190,147,337
196,130,326
209,118,327
219,116,335
200,134,334
240,114,354
234,108,342
250,112,362
216,125,341
222,143,365
213,191,404
240,144,384
274,115,389
256,120,376
191,113,304
224,132,356
193,179,372
244,112,356
241,120,361
254,142,396
196,118,314
219,140,359
200,128,328
187,101,288
204,157,361
194,188,382
263,126,389
257,105,362
242,127,369
204,117,321
197,122,319
192,122,314
204,115,319
194,112,306
190,127,317
178,112,290
189,115,304
190,125,315
191,151,342
217,156,373
252,119,371
272,116,388
248,155,403
217,158,375
236,156,392
238,191,429
252,128,380
297,98,395
290,105,395
243,135,378
242,194,436
261,201,462
296,150,446
313,184,497
335,144,479
272,152,424
313,99,412
250,155,405
220,123,343
200,109,309
209,130,339
191,173,364
268,137,405
321,110,431
308,101,409
241,193,434
204,221,425
269,143,412
322,108,430
295,99,394
221,132,353
230,106,336
222,121,343
238,138,376
202,128,330
223,136,359
214,115,329
217,140,357
207,173,380
240,105,345
251,177,428
278,168,446
286,157,443
344,136,480
279,174,453
275,124,399
264,133,397
284,115,399
214,159,373
285,187,472
276,128,404
311,105,416
268,158,426
202,214,416
316,104,420
314,146,460
313,126,439
220,122,342
218,132,350
206,133,339
211,137,348
223,119,342
210,162,372
241,146,387
237,111,348
236,128,364
194,123,317
204,112,316
225,113,338
216,113,329
203,131,334
210,124,334
225,127,352
219,142,361
218,121,339
240,112,352
217,155,372
210,119,329
201,84,285
191,125,316
169,156,325
193,122,315
215,97,312
217,109,326
187,111,298
204,117,321
227,107,334
224,103,327
217,118,335
184,131,315
201,125,326
210,125,335
232,128,360
257,143,400
264,117,381
242,88,330
197,121,318
160,111,271
185,118,303
188,127,315
198,109,307
209,123,332
228,135,363
216,110,326
245,110,355
223,106,329
200,127,327
188,123,311
200,130,330
210,118,328
201,145,346
206,106,312
201,138,339
204,116,320
189,116,305
202,156,358
212,125,337
242,122,364
232,115,347
199,143,342
195,109,304
206,95,301
222,90,312
184,125,309
216,104,320
205,108,313
211,120,331
187,122,309
186,122,308
200,138,338
212,120,332
205,116,321
248,118,366
225,93,318
220,125,345
186,179,365
311,123,434
320,104,424
299,91,390
222,115,337
146,95,241
158,82,240
131,110,241
132,116,248
130,115,245
131,115,246
130,112,242
130,114,244
127,108,235
130,110,240
137,103,240
140,98,238
147,82,229
149,119,268
138,130,268
135,142,277
132,150,282
96,170,266
131,194,325
138,205,343
137,221,358
125,232,357
167,199,366
178,191,369
191,184,375
169,219,388
148,239,387
174,217,391
192,203,395
203,200,403
161,208,369
148,201,349
162,199,361
168,220,388
162,250,412
139,292,431
165,253,418
185,242,427
268,173,441
252,161,413
253,161,414
190,176,366
173,178,351
188,159,347
198,141,339
194,129,323
174,118,292
159,105,264
153,96,249
155,96,251
154,130,284
172,124,296
209,98,307
214,122,336
211,127,338
215,114,329
211,123,334
203,122,325
203,115,318
206,125,331
205,128,333
199,131,330
211,175,386
212,146,358
203,123,326
203,107,310
149,96,245
171,111,282
157,120,277
164,138,302
207,128,335
212,102,314
217,126,343
198,101,299
168,121,289
176,127,303
175,98,273
191,121,312
168,112,280
183,132,315
187,131,318
201,107,308
193,89,282
184,108,292
179,110,289
192,131,323
222,159,381
228,150,378
246,155,401
217,161,378
223,128,351
212,135,347
259,129,388
229,112,341
221,112,333
172,117,289
179,120,299
209,118,327
211,119,330
203,134,337
200,129,329
177,162,339
177,137,314
183,135,318
189,183,372
182,176,358
174,182,356
183,191,374
190,194,384
185,203,388
179,212,391
165,231,396
138,238,376
162,275,437
168,269,437
192,301,493
254,275,529
255,270,525
237,314,551
224,299,523
236,289,525
288,258,546
256,249,505
226,257,483
196,238,434
235,185,420
255,172,427
240,169,409
193,174,367
183,189,372
174,189,363
160,193,353
171,188,359
188,242,430
213,281,494
204,277,481
238,234,472
283,190,473
270,192,462
216,203,419
169,192,361
192,239,431
210,244,454
242,256,498
260,230,490
256,227,483
225,235,460
202,210,412
177,232,409
208,218,426
214,206,420
221,203,424
218,180,398
210,167,377
204,269,473
191,282,473
205,266,471
293,222,515
304,204,508
309,125,434
255,117,372
223,111,334
147,121,268
142,122,264
142,108,250
133,126,259
147,159,306
154,186,340
209,156,365
209,132,341
223,119,342
194,109,303
164,107,271
184,152,336
206,144,350
238,148,386
234,189,423
245,118,363
211,118,329
214,119,333
132,137,269
134,156,290
136,184,320
137,200,337
145,186,331
155,178,333
159,192,351
157,198,355
146,215,361
158,201,359
154,237,391
170,251,421
173,227,400
184,240,424
241,230,471
222,234,456
253,201,454
237,241,478
296,225,521
274,217,491
260,228,488
198,240,438
225,259,484
221,239,460
198,268,466
242,237,479
233,195,428
247,163,410
238,153,391
221,134,355
183,131,314
172,128,300
148,151,299
148,185,333
136,203,339
167,186,353
183,169,352
207,156,363
173,206,379
170,213,383
153,240,393
167,232,399
187,374,561
195,373,568
210,367,577
317,253,570
327,240,567
321,219,540
218,220,438
209,270,479
223,249,472
243,186,429
283,108,391
254,114,368
183,145,328
123,150,273
199,111,310
205,119,324
164,144,308
140,141,281
132,152,284
162,133,295
207,149,356
166,190,356
180,179,359
146,160,306
194,124,318
155,148,303
149,175,324
160,140,300
199,107,306
200,121,321
181,108,289
156,93,249
151,87,238
115,87,202
113,86,199
131,86,217
124,84,208
129,98,227
127,100,227
131,94,225
127,88,215
124,83,207
125,84,209
116,154,270
126,152,278
171,135,306
184,121,305
194,127,321
155,175,330
192,173,365
152,182,334
150,144,294
156,133,289
163,128,291
145,151,296
128,207,335
156,174,330
187,146,333
227,127,354
192,138,330
172,157,329
154,129,283
164,115,279
136,106,242
148,98,246
132,100,232
135,86,221
133,80,213
131,79,210
120,101,221
119,100,219
124,96,220
116,90,206
115,85,200
127,80,207
127,106,233
127,98,225
135,96,231
141,111,252
129,112,241
142,114,256
134,115,249
109,106,215
131,127,258
136,123,259
131,122,253
123,114,237
128,112,240
125,114,239
120,114,234
121,113,234
124,113,237
127,108,235
131,108,239
132,102,234
132,105,237
126,107,233
124,113,237
124,114,238
126,111,237
125,116,241
127,109,236
129,117,246
132,110,242
131,108,239
132,107,239
124,108,232
126,99,225
125,100,225
121,96,217
130,98,228
137,95,232
145,78,223
144,97,241
135,96,231
119,87,206
115,80,195
119,102,221
126,98,224
133,96,229
133,100,233
109,95,204
136,93,229
139,85,224
133,92,225
130,88,218
135,91,226
135,88,223
129,84,213
128,109,237
136,103,239
147,96,243
148,85,233
135,81,216
133,96,229
125,98,223
128,103,231
125,111,236
120,108,228
120,109,229
125,104,229
122,104,226
123,104,227
122,108,230
127,100,227
128,100,228
124,100,224
123,101,224
127,93,220
128,89,217
126,89,215
116,89,205
122,91,213
132,83,215
130,112,242
133,109,242
120,103,223
126,93,219
105,96,201
130,91,221
131,83,214
134,104,238
134,98,232
136,101,237
121,102,223
126,106,232
126,120,246
128,121,249
135,116,251
134,111,245
132,108,240
126,111,237
123,108,231
123,107,230
124,104,228
122,109,231
118,107,225
121,105,226
128,97,225
128,99,227
134,87,221
137,80,217
134,123,257
123,120,243
129,106,235
135,103,238
99,105,204
110,98,208
131,91,222
131,88,219
131,78,209
125,91,216
124,92,216
127,103,230
134,92,226
134,86,220
127,86,213
120,100,220
130,92,222
118,85,203
126,102,228
146,86,232
155,107,262
152,100,252
136,99,235
133,99,232
101,95,196
135,91,226
133,87,220
133,83,216
128,84,212
123,82,205
119,89,208
124,92,216
125,87,212
131,93,224
122,96,218
134,106,240
134,93,227
137,85,222
135,95,230
120,93,213
132,91,223
135,84,219
124,105,229
140,94,234
117,87,204
131,83,214
121,181,302
205,194,399
272,128,400
284,124,408
203,112,315
108,101,209
125,97,222
130,91,221
126,87,213
123,105,228
130,102,232
134,105,239
135,107,242
123,104,227
122,111,233
109,111,220
125,115,240
128,116,244
122,115,237
128,118,246
114,119,233
125,121,246
122,127,249
116,127,243
119,131,250
122,131,253
119,131,250
135,121,256
135,128,263
134,132,266
123,136,259
125,130,255
129,126,255
125,120,245
128,117,245
124,120,244
119,130,249
124,133,257
132,124,256
135,121,256
129,122,251
120,117,237
121,111,232
121,113,234
122,115,237
118,111,229
120,107,227
123,106,229
122,105,227
124,108,232
120,108,228
123,106,229
130,94,224
134,97,231
133,99,232
126,90,216
123,136,259
120,138,258
132,135,267
137,136,273
105,140,245
118,134,252
124,128,252
124,136,260
122,131,253
122,129,251
118,125,243
132,138,270
129,144,273
68,142,210
95,139,234
131,129,260
125,133,258
119,129,248
127,128,255
125,127,252
126,135,261
113,131,244
121,133,254
127,130,257
129,123,252
130,113,243
130,95,225
136,93,229
122,99,221
81,99,180
113,103,216
117,98,215
109,99,208
124,94,218
119,88,207
119,88,207
106,118,224
69,133,202
109,128,237
130,123,253
132,110,242
101,104,205
114,106,220
123,101,224
123,94,217
123,96,219
123,91,214
119,85,204
119,84,203
118,106,224
116,103,219
111,119,230
127,123,250
106,118,224
137,105,242
140,98,238
137,104,241
125,99,224
136,87,223
139,81,220
126,105,231
122,110,232
140,91,231
125,92,217
116,85,201
118,87,205
118,82,200
113,77,190
124,93,217
120,102,222
133,95,228
134,91,225
141,94,235
139,102,241
137,98,235
91,106,197
133,88,221
142,78,220
138,93,231
126,93,219
119,96,215
76,97,173
114,86,200
134,80,214
125,92,217
115,87,202
73,90,163
107,89,196
113,85,198
129,89,218
123,91,214
120,84,204
127,101,228
115,125,240
133,129,262
124,124,248
127,128,255
123,132,255
125,142,267
122,166,288
128,165,293
134,154,288
133,150,283
128,146,274
117,150,267
124,146,270
122,150,272
122,150,272
123,147,270
122,143,265
124,138,262
122,142,264
123,137,260
121,151,272
121,158,279
123,164,287
122,164,286
125,160,285
124,152,276
122,150,272
122,147,269
123,152,275
120,151,271
125,146,271
121,139,260
125,152,277
124,145,269
125,140,265
120,133,253
122,154,276
125,170,295
122,169,291
125,182,307
130,211,341
133,234,367
128,257,385
159,253,412
186,257,443
197,241,438
188,214,402
201,184,385
218,153,371
204,154,358
167,149,316
133,153,286
129,155,284
131,156,287
130,152,282
126,152,278
126,149,275
121,145,266
123,139,262
123,140,263
123,140,263
120,158,278
122,234,356
120,282,402
112,289,401
124,299,423
255,172,427
279,151,430
310,119,429
216,119,335
218,114,332
205,113,318
184,118,302
187,97,284
155,127,282
164,112,276
180,102,282
192,97,289
159,101,260
166,102,268
150,114,264
152,109,261
167,85,252
166,114,280
147,102,249
158,111,269
176,112,288
166,97,263
171,105,276
162,94,256
155,86,241
133,124,257
120,120,240
151,121,272
120,120,240
124,121,245
130,127,257
127,124,251
131,118,249
132,123,255
133,128,261
124,129,253
128,143,271
124,150,274
124,146,270
163,120,283
174,120,294
178,128,306
154,129,283
153,149,302
166,156,322
179,137,316
190,115,305
205,103,308
182,109,291
181,113,294
171,94,265
169,88,257
146,98,244
133,92,225
140,103,243
140,93,233
142,103,245
149,92,241
142,101,243
148,90,238
141,101,242
148,89,237
140,102,242
147,89,236
140,102,242
147,89,236
140,101,241
146,89,235
140,101,241
146,93,239
140,101,241
147,89,236
140,101,241
147,88,235
140,103,243
147,90,237
140,102,242
147,91,238
138,103,241
147,90,237
139,102,241
146,91,237
140,111,251
148,99,247
140,91,231
146,102,248
142,93,235
156,98,254
147,96,243
137,91,228
140,108,248
140,100,240
154,88,242
149,111,260
146,120,266
184,121,305
213,117,330
224,135,359
204,115,319
184,86,270
180,119,299
158,127,285
170,143,313
192,125,317
201,135,336
237,145,382
236,127,363
230,115,345
192,98,290
173,157,330
212,147,359
198,146,344
208,144,352
173,129,302
187,127,314
174,131,305
179,159,338
195,158,353
187,143,330
184,150,334
184,128,312
183,143,326
194,109,303
185,128,313
201,130,331
193,93,286
192,148,340
185,148,333
166,116,282
191,98,289
163,128,291
160,108,268
182,119,301
180,161,341
170,125,295
187,106,293
189,128,317
160,142,302
203,145,348
227,131,358
236,118,354
180,131,311
184,143,327
197,119,316
193,140,333
188,185,373
175,178,353
181,188,369
179,195,374
175,212,387
177,211,388
208,191,399
212,193,405
181,208,389
177,198,375
158,222,380
145,234,379
160,200,360
167,209,376
189,189,378
167,196,363
153,210,363
154,210,364
151,235,386
166,238,404
143,248,391
166,248,414
227,189,416
268,165,433
276,156,432
231,174,405
213,168,381
181,178,359
158,167,325
161,165,326
171,159,330
164,189,353
155,205,360
151,234,385
151,265,416
157,280,437
162,311,473
198,299,497
262,238,500
265,224,489
244,221,465
190,231,421
195,235,430
182,243,425
184,234,418
190,228,418
180,225,405
198,202,400
200,185,385
216,185,401
208,196,404
193,275,468
195,267,462
169,297,466
202,297,499
208,287,495
257,253,510
271,261,532
280,235,515
257,246,503
239,273,512
230,274,504
211,283,494
208,311,519
213,299,512
219,281,500
259,309,568
251,285,536
231,289,520
253,212,465
249,191,440
250,193,443
174,204,378
148,197,345
178,177,355
175,209,384
189,201,390
194,168,362
213,155,368
191,168,359
181,146,327
169,127,296
174,140,314
160,141,301
146,137,283
153,141,294
166,136,302
161,149,310
168,151,319
158,137,295
172,210,382
281,196,477
369,113,482
353,136,489
219,128,347
130,133,263
164,124,288
185,133,318
200,127,327
202,116,318
183,109,292
177,107,284
154,126,280
159,124,283
160,118,278
200,130,330
185,126,311
190,132,322
181,92,273
158,144,302
220,119,339
205,109,314
183,142,325
171,168,339
148,180,328
192,155,347
192,147,339
175,145,320
168,146,314
179,148,327
176,194,370
156,202,358
192,155,347
209,153,362
200,178,378
154,198,352
174,196,370
199,192,391
226,193,419
199,227,426
203,212,415
196,205,401
190,222,412
163,238,401
153,220,373
167,214,381
196,199,395
178,199,377
169,216,385
139,250,389
157,243,400
162,243,405
209,204,413
196,210,406
215,203,418
162,212,374
159,203,362
176,191,367
169,222,391
156,206,362
166,213,379
189,202,391
171,215,386
170,231,401
154,236,390
152,217,369
177,188,365
189,183,372
205,166,371
187,169,356
212,130,342
199,138,337
210,167,377
193,154,347
203,143,346
198,139,337
206,117,323
203,159,362
192,147,339
207,139,346
176,157,333
135,152,287
148,147,295
164,148,312
157,141,298
150,132,282
151,128,279
184,128,312
185,132,317
178,129,307
145,134,279
131,146,277
132,161,293
142,173,315
136,184,320
157,174,331
168,167,335
203,146,349
194,159,353
161,179,340
138,183,321
159,159,318
188,134,322
209,111,320
192,144,336
164,154,318
191,131,322
203,131,334
200,127,327
166,128,294
146,133,279
195,145,340
204,147,351
193,160,353
169,168,337
148,166,314
152,168,320
167,186,353
161,189,350
165,191,356
171,191,362
202,160,362
193,189,382
171,199,370
144,207,351
152,201,353
152,191,343
144,195,339
163,197,360
159,202,361
151,217,368
141,209,350
190,163,353
200,160,360
201,164,365
175,156,331
170,155,325
175,146,321
179,167,346
167,191,358
154,196,350
229,108,337
257,106,363
269,118,387
224,123,347
199,113,312
212,116,328
182,125,307
204,105,309
189,132,321
191,114,305
176,115,291
178,106,284
172,121,293
158,106,264
156,129,285
191,116,307
185,128,313
182,105,287
171,110,281
193,127,320
184,121,305
191,114,305
184,113,297
193,121,314
167,110,277
187,130,317
186,109,295
189,122,311
190,119,309
212,127,339
205,106,311
193,103,296
181,138,319
173,107,280
171,109,280
175,112,287
158,131,289
190,127,317
207,122,329
212,129,341
201,148,349
202,109,311
215,147,362
187,127,314
165,118,283
164,88,252
105,128,233
168,153,321
201,147,348
192,170,362
168,184,352
137,197,334
142,209,351
142,218,360
155,226,381
159,255,414
160,269,429
167,249,416
192,242,434
237,200,437
223,194,417
209,190,399
183,320,503
162,323,485
155,321,476
136,315,451
329,123,452
374,151,525
416,130,546
250,133,383
224,101,325
213,141,354
199,118,317
218,121,339
228,107,335
213,127,340
200,123,323
202,133,335
203,117,320
208,191,399
283,103,386
271,112,383
257,135,392
217,129,346
231,151,382
304,121,425
279,116,395
260,106,366
185,121,306
224,99,323
232,132,364
208,128,336
236,102,338
236,131,367
236,149,385
223,113,336
211,137,348
223,108,331
225,124,349
218,117,335
197,104,301
181,126,307
173,111,284
189,117,306
195,145,340
194,114,308
196,114,310
196,114,310
169,121,290
174,106,280
183,122,305
194,121,315
194,117,311
187,125,312
192,112,304
184,94,278
172,115,287
172,135,307
168,124,292
187,123,310
182,104,286
182,121,303
202,119,321
195,113,308
201,92,293
170,92,262
153,128,281
167,124,291
191,108,299
208,127,335
213,117,330
203,127,330
215,111,326
211,107,318
220,102,322
182,105,287
175,120,295
180,117,297
197,109,306
196,132,328
201,125,326
221,127,348
228,123,351
220,110,330
210,110,320
181,125,306
180,120,300
198,120,318
212,130,342
209,105,314
204,110,314
183,124,307
190,120,310
189,110,299
198,115,313
193,117,310
186,102,288
185,117,302
187,117,304
190,117,307
188,112,300
182,111,293
181,111,292
174,109,283
178,120,298
188,109,297
194,116,310
195,126,321
189,120,309
190,112,302
188,106,294
183,121,304
186,116,302
212,106,318
200,120,320
213,118,331
194,123,317
193,116,309
202,106,308
206,115,321
205,121,326
196,113,309
209,117,326
212,109,321
212,115,327
206,115,321
182,98,280
168,106,274
159,117,276
161,132,293
177,103,280
202,103,305
194,85,279
175,107,282
157,105,262
157,86,243
159,110,269
166,106,272
164,125,289
190,108,298
182,107,289
187,98,285
165,93,258
177,121,298
178,120,298
200,117,317
204,123,327
190,121,311
187,134,321
197,111,308
199,109,308
186,108,294
186,106,292
175,100,275
186,111,297
189,122,311
182,118,300
190,105,295
190,98,288
194,97,291
171,87,258
160,95,255
169,106,275
173,104,277
189,117,306
187,102,289
176,121,297
174,99,273
170,113,283
178,139,317
196,108,304
190,124,314
196,103,299
178,115,293
183,111,294
201,101,302
189,124,313
204,133,337
208,129,337
212,117,329
230,99,329
206,109,315
188,118,306
190,113,303
196,127,323
196,105,301
208,117,325
213,126,339
211,146,357
218,139,357
246,130,376
240,113,353
219,112,331
198,113,311
179,109,288
182,115,297
202,109,311
196,125,321
194,120,314
181,124,305
193,101,294
180,130,310
176,113,289
202,110,312
212,114,326
218,125,343
221,102,323
197,105,302
197,112,309
190,130,320
202,101,303
215,110,325
202,108,310
196,97,293
162,114,276
168,107,275
168,123,291
192,107,299
211,98,309
188,119,307
196,119,315
191,119,310
206,120,326
205,100,305
204,105,309
206,109,315
193,129,322
208,127,335
202,106,308
204,108,312
181,122,303
190,110,300
184,114,298
194,109,303
176,113,289
186,114,300
184,119,303
186,109,295
204,102,306
191,125,316
187,111,298
183,118,301
196,112,308
191,105,296
186,113,299
170,115,285
175,114,289
179,107,286
179,119,298
180,97,277
183,111,294
184,124,308
194,104,298
187,118,305
185,106,291
179,160,339
236,183,419
328,108,436
331,121,452
316,138,454
217,142,359
212,135,347
222,123,345
229,118,347
221,141,362
221,129,350
221,134,355
227,135,362
248,136,384
276,117,393
250,115,365
230,106,336
203,112,315
196,111,307
226,112,338
222,117,339
219,104,323
229,110,339
197,121,318
196,139,335
196,125,321
216,108,324
214,114,328
190,109,299
189,110,299
178,103,281
188,125,313
185,109,294
236,88,324
215,118,333
211,115,326
225,104,329
200,99,299
206,117,323
203,105,308
215,104,319
201,111,312
182,137,319
200,113,313
227,110,337
223,87,310
227,102,329
200,120,320
201,96,297
192,117,309
182,119,301
185,135,320
230,106,336
220,100,320
214,120,334
193,111,304
197,115,312
200,111,311
199,117,316
185,99,284
204,105,309
193,104,297
193,110,303
185,114,299
188,116,304
190,102,292
176,111,287
174,116,290
197,132,329
209,157,366
251,112,363
230,108,338
221,106,327
181,100,281
184,123,307
189,120,309
198,105,303
200,117,317
199,121,320
201,103,304
208,108,316
196,121,317
195,115,310
193,122,315
204,120,324
199,118,317
205,117,322
197,100,297
189,122,311
186,121,307
194,117,311
196,112,308
201,115,316
194,107,301
191,111,302
170,118,288
174,101,275
174,118,292
195,128,323
201,127,328
227,104,331
232,108,340
217,101,318
211,98,309
193,120,313
190,131,321
206,103,309
228,111,339
246,120,366
236,92,328
226,114,340
188,107,295
180,112,292
184,105,289
183,122,305
188,109,297
188,88,276
177,106,283
166,115,281
170,108,278
174,107,281
206,90,296
197,113,310
200,123,323
203,112,315
219,117,336
215,113,328
206,122,328
191,119,310
193,116,309
203,113,316
199,119,318
202,105,307
212,109,321
199,112,311
191,105,296
199,105,304
182,98,280
180,119,299
201,111,312
188,115,303
220,115,335
216,102,318
211,109,320
172,97,269
174,111,285
177,92,269
190,111,301
180,132,312
190,118,308
191,95,286
198,115,313
196,103,299
189,113,302
190,129,319
210,109,319
205,115,320
211,105,316
187,114,301
196,118,314
197,111,308
198,116,314
201,114,315
195,108,303
187,110,297
189,115,304
192,122,314
201,102,303
193,109,302
229,106,335
198,122,320
219,110,329
211,139,350
213,106,319
188,110,298
203,110,313
193,96,289
222,109,331
218,108,326
195,120,315
190,126,316
184,241,425
219,199,418
265,140,405
266,116,382
228,112,340
188,114,302
186,117,303
196,114,310
194,104,298
179,131,310
191,102,293
197,105,302
197,113,310
174,129,303
182,115,297
224,103,327
210,94,304
194,108,302
182,97,279
170,123,293
184,92,276
208,102,310
208,118,326
205,109,314
182,113,295
182,117,299
181,101,282
178,105,283
178,111,289
173,89,262
169,101,270
172,94,266
164,116,280
170,120,290
177,99,276
176,131,307
198,115,313
196,115,311
212,109,321
174,94,268
184,109,293
174,110,284
218,114,332
208,97,305
212,104,316
195,109,304
167,99,266
166,104,270
168,99,267
166,117,283
171,107,278
175,107,282
202,134,336
190,119,309
203,106,309
198,123,321
206,101,307
185,120,305
190,105,295
197,115,312
208,111,319
209,118,327
211,104,315
197,118,315
200,115,315
197,100,297
185,106,291
178,108,286
167,113,280
181,116,297
175,119,294
184,116,300
229,104,333
222,115,337
222,113,335
191,119,310
185,118,303
191,120,311
205,112,317
194,117,311
202,102,304
191,99,290
195,104,299
184,122,306
221,119,340
230,116,346
242,129,371
220,99,319
214,114,328
215,118,333
211,105,316
237,99,336
200,125,325
210,128,338
238,111,349
234,132,366
232,122,354
205,114,319
202,111,313
189,125,314
223,107,330
216,118,334
220,122,342
212,102,314
192,119,311
201,120,321
199,123,322
208,125,333
202,138,340
219,129,348
221,116,337
241,152,393
232,123,355
221,154,375
251,109,360
226,138,364
247,120,367
208,138,346
217,114,331
223,129,352
235,98,333
230,110,340
213,108,321
192,116,308
204,117,321
186,107,293
203,122,325
206,122,328
202,136,338
216,121,337
229,121,350
231,119,350
230,121,351
216,124,340
217,104,321
231,117,348
214,130,344
219,140,359
228,106,334
220,119,339
220,119,339
238,115,353
240,121,361
259,118,377
233,110,343
216,126,342
196,135,331
198,119,317
232,117,349
223,135,358
246,96,342
220,108,328
216,136,352
228,134,362
247,127,374
271,115,386
241,127,368
224,137,361
219,113,332
233,113,346
225,123,348
196,114,310
182,102,284
160,95,255
150,106,256
147,124,271
174,111,285
175,124,299
203,117,320
193,115,308
204,136,340
210,133,343
220,121,341
218,136,354
216,158,374
227,147,374
237,123,360
230,110,340
211,110,321
181,124,305
223,114,337
217,121,338
227,100,327
185,107,292
166,124,290
198,104,302
222,112,334
226,135,361
218,114,332
199,123,322
228,114,342
204,123,327
219,108,327
199,114,313
184,122,306
203,101,304
189,114,303
193,129,322
182,144,326
207,140,347
237,130,367
253,112,365
218,121,339
224,103,327
201,101,302
190,91,281
158,105,263
147,107,254
156,93,249
162,110,272
154,160,314
212,127,339
230,113,343
246,161,407
209,176,385
258,201,459
339,125,464
310,133,443
307,159,466
209,158,367
247,123,370
241,128,369
241,183,424
222,152,374
263,142,405
272,118,390
214,113,327
216,149,365
239,135,374
257,136,393
271,107,378
227,168,395
257,134,391
257,130,387
288,115,403
231,127,358
273,139,412
242,137,379
275,121,396
259,128,387
245,128,373
234,124,358
224,154,378
279,141,420
304,130,434
333,125,458
276,122,398
265,152,417
230,215,445
268,137,405
292,159,451
318,156,474
266,108,374
271,103,374
223,120,343
206,108,314
199,127,326
219,126,345
246,110,356
231,118,349
233,115,348
220,113,333
208,115,323
217,108,325
197,100,297
191,114,305
186,112,298
184,114,298
193,116,309
191,187,378
204,173,377
263,140,403
298,124,422
255,177,432
314,136,450
294,144,438
318,191,509
317,141,458
328,154,482
330,139,469
267,150,417
255,130,385
255,114,369
235,168,403
209,168,377
254,118,372
249,128,377
246,112,358
214,185,399
310,213,523
413,129,542
432,139,571
358,169,527
238,213,451
315,134,449
299,113,412
296,118,414
217,145,362
227,192,419
253,158,411
282,129,411
285,107,392
232,123,355
225,126,351
214,119,333
213,185,398
281,115,396
290,117,407
271,122,393
220,147,367
252,125,377
247,159,406
305,122,427
250,176,426
297,138,435
258,135,393
270,121,391
217,165,382
284,117,401
263,114,377
270,111,381
219,141,360
206,142,348
227,111,338
224,130,354
220,105,325
201,157,358
246,132,378
256,155,411
309,108,417
258,137,395
231,107,338
175,142,317
203,129,332
213,102,315
229,108,337
178,156,334
171,182,353
238,136,374
263,107,370
262,113,375
203,105,308
192,168,360
202,158,360
236,116,352
244,109,353
240,170,410
202,156,358
271,148,419
300,96,396
238,132,370
238,118,356
206,135,341
261,127,388
262,123,385
257,136,393
216,131,347
221,118,339
217,128,345
206,153,359
253,118,371
247,129,376
262,120,382
212,132,344
211,167,378
244,119,363
261,110,371
256,151,407
257,118,375
251,120,371
262,127,389
250,99,349
241,150,391
305,122,427
264,103,367
280,117,397
205,123,328
216,158,374
254,103,357
242,144,386
258,155,413
240,117,357
236,133,369
234,150,384
224,115,339
237,121,358
241,128,369
214,133,347
239,115,354
226,157,383
265,131,396
257,112,369
261,156,417
247,151,398
286,120,406
296,115,411
275,129,404
228,161,389
223,216,439
327,156,483
350,140,490
321,132,453
287,144,431
262,161,423
287,148,435
235,161,396
290,106,396
260,185,445
372,111,483
310,129,439
318,124,442
235,121,356
215,117,332
237,124,361
228,116,344
201,151,352
223,141,364
271,109,380
259,138,397
217,129,346
200,122,322
208,119,327
216,128,344
203,123,326
244,106,350
230,153,383
279,137,416
250,186,436
273,174,447
281,109,390
268,149,417
260,106,366
241,158,399
317,161,478
248,158,406
294,120,414
231,103,334
179,120,299
200,198,398
248,144,392
320,124,444
297,115,412
225,207,432
251,282,533
283,231,514
316,166,482
276,117,393
255,111,366
175,117,292
207,115,322
206,122,328
211,137,348
212,169,381
223,173,396
267,144,411
263,109,372
256,222,478
202,205,407
238,127,365
259,187,446
232,152,384
244,128,372
243,107,350
158,131,289
194,135,329
223,115,338
229,152,381
209,161,370
249,102,351
244,117,361
214,132,346
192,144,336
208,170,378
259,107,366
246,109,355
220,131,351
191,126,317
201,200,401
228,153,381
277,109,386
270,141,411
212,119,331
215,179,394
260,117,377
249,105,354
272,144,416
229,163,392
241,130,371
248,110,358
243,125,368
228,122,350
222,145,367
199,206,405
310,121,431
308,120,428
303,135,438
206,126,332
187,123,310
235,115,350
199,173,372
229,196,425
254,137,391
288,106,394
303,113,416
219,114,333
212,175,387
241,128,369
238,117,355
226,125,351
195,113,308
205,159,364
217,149,366
261,124,385
267,113,380
238,119,357
203,148,351
192,120,312
207,160,367
249,132,381
248,121,369
237,135,372
192,133,325
224,148,372
233,130,363
262,124,386
254,94,348
198,137,335
198,134,332
198,129,327
221,111,332
208,124,332
219,122,341
210,168,378
196,150,346
236,155,391
250,159,409
216,135,351
230,130,360
226,167,393
226,163,389
253,131,384
229,136,365
263,139,402
236,123,359
225,162,387
209,151,360
266,176,442
288,163,451
330,85,415
264,160,424
235,122,357
241,137,378
252,170,422
279,125,404
279,143,422
311,117,428
234,125,359
210,158,368
197,162,359
251,122,373
254,138,392
280,124,404
216,128,344
211,143,354
207,139,346
233,116,349
216,123,339
195,99,294
185,126,311
186,114,300
175,102,277
166,99,265
155,110,265
158,132,290
216,118,334
235,149,384
239,149,388
229,111,340
202,95,297
167,114,281
164,130,294
179,122,301
197,140,337
215,110,325
204,113,317
204,97,301
167,87,254
160,109,269
146,125,271
157,123,280
186,95,281
181,110,291
170,108,278
163,90,253
160,107,267
159,118,277
152,103,255
183,120,303
183,115,298
233,133,366
217,129,346
206,110,316
164,102,266
163,113,276
170,98,268
163,99,262
167,130,297
158,161,319
193,141,334
234,129,363
249,145,394
272,125,397
235,132,367
239,120,359
231,136,367
205,158,363
235,131,366
254,123,377
246,146,392
241,154,395
244,134,378
259,132,391
252,101,353
238,146,384
210,121,331
195,144,339
211,123,334
195,152,347
236,123,359
224,130,354
211,113,324
206,119,325
180,131,311
185,127,312
233,140,373
237,115,352
225,115,340
195,121,316
184,125,309
205,123,328
194,135,329
214,89,303
199,123,322
176,128,304
178,97,275
187,158,345
208,121,329
212,95,307
200,112,312
151,122,273
211,156,367
224,142,366
217,130,347
226,133,359
212,113,325
212,129,341
186,128,314
216,139,355
237,109,346
259,136,395
234,136,370
216,140,356
255,125,380
235,131,366
251,146,397
230,133,363
220,125,345
227,120,347
204,126,330
256,110,366
237,132,369
230,143,373
225,118,343
209,148,357
220,151,371
232,137,369
233,119,352
221,114,335
225,151,376
233,123,356
245,133,378
268,131,399
225,174,399
248,161,409
303,134,437
287,152,439
261,132,393
247,141,388
266,98,364
216,127,343
211,136,347
199,112,311
214,116,330
213,119,332
210,145,355
226,138,364
228,150,378
253,141,394
252,104,356
233,129,362
203,140,343
180,143,323
234,151,385
247,130,377
250,116,366
249,125,374
230,96,326
208,107,315
192,124,316
175,129,304
225,129,354
223,116,339
228,114,342
215,143,358
213,118,331
214,158,372
231,129,360
204,110,314
223,119,342
194,140,334
207,139,346
217,106,323
201,115,316
178,132,310
183,108,291
230,126,356
214,124,338
211,139,350
219,143,362
194,119,313
238,119,357
220,122,342
203,169,372
226,138,364
222,125,347
224,125,349
184,137,321
202,118,320
216,140,356
198,156,354
195,104,299
235,147,382
215,111,326
197,128,325
217,146,363
195,110,305
235,118,353
203,150,353
229,116,345
214,143,357
232,127,359
203,142,345
227,115,342
209,117,326
229,133,362
206,139,345
233,103,336
222,168,390
224,111,335
218,110,328
199,133,332
176,169,345
202,203,405
314,190,504
397,159,556
410,118,528
341,144,485
268,133,401
221,94,315
199,118,317
196,133,329
203,115,318
200,97,297
197,166,363
193,142,335
241,130,371
252,117,369
210,137,347
205,131,336
201,114,315
210,126,336
193,115,308
211,120,331
211,124,335
214,137,351
216,137,353
220,126,346
232,98,330
217,126,343
195,117,312
210,140,350
232,117,349
217,132,349
256,111,367
228,112,340
226,149,375
215,127,342
225,130,355
244,119,363
221,133,354
223,129,352
212,148,360
242,130,372
231,163,394
236,143,379
225,160,385
266,123,389
243,106,349
249,139,388
211,99,310
202,115,317
190,128,318
215,117,332
251,118,369
245,123,368
271,126,397
260,129,389
251,101,352
240,131,371
209,129,338
204,112,316
210,146,356
231,152,383
234,116,350
224,141,365
205,108,313
203,114,317
186,153,339
195,134,329
218,142,360
233,123,356
204,127,331
219,156,375
208,136,344
209,126,335
231,149,380
239,137,376
256,136,392
232,123,355
206,126,332
188,123,311
193,111,304
189,125,314
183,121,304
216,111,327
216,132,348
216,133,349
240,110,350
216,131,347
212,115,327
203,128,331
205,115,320
225,110,335
215,117,332
207,116,323
237,128,365
213,109,322
210,127,337
231,136,367
216,132,348
260,135,395
240,129,369
211,142,353
213,162,375
230,118,348
255,144,399
237,129,366
207,137,344
248,135,383
229,144,373
218,126,344
220,124,344
217,133,350
196,119,315
233,117,350
241,106,347
224,120,344
225,119,344
208,124,332
242,110,352
223,133,356
235,150,385
227,124,351
237,112,349
231,125,356
200,213,413
205,246,451
298,138,436
303,130,433
292,143,435
325,141,466
245,142,387
222,139,361
257,136,393
232,138,370
239,134,373
237,109,346
244,110,354
229,143,372
229,138,367
267,121,388
258,144,402
262,99,361
229,125,354
221,146,367
226,118,344
215,144,359
252,133,385
242,108,350
238,128,366
251,136,387
211,110,321
220,137,357
244,96,340
210,108,318
207,125,332
197,122,319
239,107,346
248,128,376
237,143,380
217,152,369
251,143,394
238,138,376
251,143,394
220,166,386
238,119,357
238,116,354
216,116,332
170,142,312
200,141,341
227,113,340
249,107,356
207,122,329
212,120,332
196,111,307
205,135,340
213,125,338
214,131,345
204,125,329
192,125,317
198,150,348
238,100,338
245,140,385
266,128,394
226,121,347
223,116,339
210,116,326
196,137,333
204,131,335
206,115,321
236,112,348
224,137,361
211,134,345
213,120,333
216,112,328
205,119,324
201,119,320
203,115,318
207,125,332
196,115,311
199,122,321
203,126,329
214,114,328
209,113,322
210,125,335
190,134,324
204,126,330
216,122,338
226,108,334
201,122,323
196,147,343
204,124,328
219,126,345
231,131,362
215,108,323
191,114,305
178,104,282
174,110,284
188,110,298
180,122,302
195,143,338
209,143,352
233,119,352
238,125,363
220,110,330
205,123,328
202,123,325
194,118,312
200,126,326
200,120,320
231,114,345
214,114,328
214,113,327
211,131,342
195,120,315
193,107,300
179,104,283
127,104,231
147,120,267
158,149,307
194,116,310
211,149,360
235,127,362
210,154,364
237,140,377
238,144,382
258,114,372
223,101,324
204,132,336
172,139,311
188,110,298
191,114,305
185,111,296
171,118,289
172,127,299
171,172,343
220,148,368
225,112,337
238,122,360
210,124,334
183,133,316
196,107,303
177,111,288
192,133,325
186,132,318
247,111,358
249,93,342
204,126,330
172,143,315
204,128,332
228,98,326
207,114,321
176,141,317
171,151,322
233,151,384
278,110,388
266,129,395
225,130,355
201,128,329
206,142,348
218,118,336
233,129,362
237,124,361
218,149,367
230,152,382
247,119,366
250,156,406
262,118,380
239,138,377
240,142,382
207,121,328
263,113,376
217,155,372
246,135,381
230,137,367
201,139,340
206,119,325
201,138,339
226,142,368
244,112,356
214,131,345
231,103,334
199,124,323
226,87,313
172,100,272
175,124,299
185,108,293
209,132,341
221,160,381
237,135,372
241,128,369
249,97,346
204,105,309
175,122,297
177,125,302
204,115,319
203,122,325
208,128,336
192,112,304
208,117,325
189,152,341
229,104,333
196,134,330
236,118,354
205,120,325
214,121,335
202,135,337
211,112,323
231,129,360
210,126,336
215,117,332
236,127,363
226,127,353
266,104,370
239,129,368
241,118,359
215,99,314
204,126,330
196,109,305
217,125,342
249,113,362
234,111,345
218,126,344
189,126,315
195,115,310
197,128,325
192,123,315
184,140,324
209,158,367
196,179,375
218,160,378
213,143,356
244,130,374
253,136,389
252,131,383
260,138,398
258,121,379
216,121,337
197,164,361
211,147,358
228,120,348
241,126,367
218,117,335
188,121,309
219,124,343
221,100,321
206,145,351
218,116,334
204,111,315
193,116,309
176,122,298
203,101,304
192,134,326
211,124,335
228,105,333
217,141,358
216,112,328
224,118,342
215,116,331
191,131,322
211,122,333
227,119,346
236,128,364
240,110,350
221,116,337
213,120,333
209,147,356
214,100,314
200,119,319
200,148,348
207,125,332
223,118,341
230,137,367
218,111,329
202,137,339
204,107,311
190,111,301
192,90,282
180,120,300
195,103,298
197,121,318
200,128,328
219,121,340
225,129,354
259,98,357
216,102,318
205,111,316
173,115,288
191,110,301
202,160,362
211,153,364
260,132,392
273,116,389
260,96,356
212,122,334
206,122,328
211,125,336
199,122,321
197,128,325
212,141,353
219,114,333
196,104,300
176,121,297
170,105,275
193,134,327
201,132,333
215,112,327
223,109,332
189,116,305
195,134,329
197,125,322
202,114,316
190,143,333
198,128,326
195,143,338
224,122,346
212,113,325
221,129,350
197,117,314
193,117,310
186,133,319
184,132,316
215,125,340
216,131,347
199,133,332
184,121,305
228,109,337
209,127,336
231,109,340
203,112,315
199,130,329
189,108,297
191,106,297
202,137,339
201,123,324
204,106,310
195,131,326
184,106,290
194,103,297
157,145,302
185,133,318
191,121,312
240,114,354
223,110,333
238,126,364
210,121,331
200,189,389
311,136,447
319,148,467
336,143,479
279,130,409
232,93,325
216,123,339
185,115,300
198,131,329
211,104,315
208,142,350
223,124,347
204,140,344
255,109,364
228,165,393
258,141,399
243,127,370
265,90,355
209,112,321
203,127,330
206,105,311
183,140,323
190,109,299
203,112,315
196,98,294
180,102,282
157,121,278
160,125,285
185,141,326
228,116,344
229,112,341
214,125,339
196,114,310
181,132,313
199,137,336
196,126,322
241,114,355
217,112,329
223,110,333
220,107,327
205,120,325
219,130,349
186,120,306
209,115,324
221,127,348
202,131,333
234,124,358
214,129,343
203,117,320
203,142,345
209,144,353
224,120,344
226,118,344
194,130,324
194,116,310
206,115,321
202,98,300
193,117,310
201,104,305
190,128,318
200,124,324
243,105,348
232,119,351
220,139,359
205,117,322
224,132,356
213,132,345
217,121,338
202,102,304
174,143,317
187,122,309
195,115,310
205,126,331
220,110,330
219,149,368
224,134,358
212,131,343
221,126,347
195,121,316
191,130,321
199,119,318
189,100,289
215,127,342
199,122,321
196,124,320
200,127,327
186,98,284
223,118,341
217,114,331
202,120,322
231,108,339
213,122,335
232,147,379
216,162,378
220,133,353
234,116,350
231,112,343
215,111,326
208,128,336
227,119,346
211,141,352
257,132,389
247,118,365
239,102,341
220,124,344
192,313,505
194,305,499
254,250,504
275,194,469
278,167,445
271,113,384
260,115,375
266,120,386
205,112,317
199,104,303
204,116,320
195,119,314
201,133,334
210,121,331
226,130,356
226,104,330
222,118,340
205,123,328
198,129,327
233,106,339
238,112,350
222,115,337
198,115,313
191,131,322
224,107,331
227,122,349
238,126,364
206,121,327
225,126,351
221,115,336
240,109,349
212,125,337
203,133,336
211,125,336
222,101,323
222,122,344
209,117,326
195,139,334
210,119,329
217,118,335
213,136,349
213,128,341
214,120,334
222,127,349
218,126,344
224,118,342
216,124,340
218,108,326
194,113,307
192,126,318
190,118,308
218,121,339
223,102,325
210,111,321
191,107,298
176,121,297
185,126,311
190,132,322
207,127,334
243,120,363
249,96,345
229,113,342
205,115,320
215,107,322
218,121,339
240,115,355
214,94,308
227,115,342
194,116,310
197,129,326
224,118,342
227,102,329
213,106,319
191,124,315
199,119,318
190,117,307
194,123,317
189,132,321
218,120,338
211,130,341
220,130,350
217,109,326
226,118,344
220,124,344
220,115,335
210,111,321
200,118,318
187,97,284
189,117,306
217,114,331
208,134,342
248,106,354
222,132,354
249,125,374
237,118,355
235,119,354
201,139,340
237,124,361
238,100,338
225,122,347
210,117,327
195,107,302
191,127,318
197,121,318
199,124,323
211,119,330
209,120,329
233,135,368
223,109,332
242,113,355
229,122,351
220,121,341
242,113,355
219,137,356
228,138,366
216,106,322
222,115,337
210,139,349
207,126,333
222,118,340
215,139,354
214,129,343
226,110,336
228,132,360
221,119,340
207,120,327
203,106,309
183,132,315
197,106,303
196,125,321
213,109,322
204,118,322
198,130,328
205,124,329
204,126,330
212,122,334
208,115,323
193,128,321
218,119,337
211,127,338
222,117,339
199,128,327
203,99,302
193,120,313
203,107,310
201,117,318
202,95,297
199,104,303
192,120,312
203,110,313
200,121,321
203,119,322
199,131,330
214,134,348
212,112,324
230,119,349
212,124,336
240,121,361
228,120,348
236,107,343
205,110,315
188,105,293
175,117,292
187,112,299
216,109,325
212,100,312
215,126,341
215,127,342
189,112,301
197,107,304
182,94,276
170,116,286
172,122,294
191,119,310
198,116,314
180,124,304
204,125,329
208,127,335
235,112,347
205,119,324
196,118,314
197,106,303
184,105,289
175,126,301
185,124,309
199,99,298
187,114,301
181,124,305
183,119,302
195,117,312
199,106,305
188,126,314
204,115,319
201,137,338
218,135,353
220,105,325
218,117,335
202,124,326
193,118,311
201,116,317
197,121,318
197,110,307
190,113,303
205,102,307
186,107,293
179,112,291
166,143,309
201,117,318
216,128,344
262,113,375
240,113,353
225,169,394
288,146,434
276,129,405
315,114,429
237,136,373
224,133,357
229,148,377
242,148,390
266,155,421
243,157,400
271,133,404
279,141,420
298,120,418
280,138,418
251,131,382
226,138,364
240,139,379
235,144,379
259,141,400
271,129,400
252,153,405
241,165,406
266,132,398
255,126,381
261,126,387
224,130,354
225,145,370
235,137,372
225,242,467
286,238,524
351,191,542
378,191,569
402,115,517
299,175,474
297,156,453
249,116,365
263,114,377
231,112,343
202,129,331
239,102,341
206,109,315
228,109,337
215,110,325
190,160,350
249,99,348
235,152,387
250,158,408
268,127,395
272,121,393
235,107,342
196,101,297
171,123,294
205,140,345
217,139,356
276,201,477
357,113,470
332,117,449
312,111,423
201,139,340
199,166,365
239,118,357
237,118,355
249,105,354
191,140,331
204,103,307
201,224,425
329,129,458
323,197,520
372,216,588
304,138,442
320,157,477
270,129,399
231,117,348
251,148,399
226,104,330
221,142,363
268,122,390
245,114,359
242,145,387
246,117,363
233,141,374
270,131,401
247,114,361
235,151,386
239,131,370
224,151,375
257,157,414
254,113,367
282,135,417
267,179,446
227,187,414
288,130,418
276,105,381
287,130,417
251,211,462
259,159,418
313,100,413
273,138,411
212,149,361
216,139,355
245,136,381
253,152,405
268,145,413
289,120,409
248,202,450
220,202,422
301,122,423
302,144,446
315,108,423
218,168,386
250,118,368
217,160,377
275,115,390
233,127,360
258,135,393
212,151,363
233,147,380
248,123,371
270,110,380
230,121,351
209,131,340
219,120,339
231,111,342
233,122,355
218,98,316
219,140,359
204,122,326
217,121,338
246,118,364
237,113,350
248,136,384
225,128,353
245,125,370
251,134,385
265,101,366
227,119,346
235,104,339
200,135,335
218,124,342
206,124,330
225,123,348
239,112,351
226,105,331
215,122,337
214,105,319
205,111,316
217,116,333
191,96,287
188,106,294
180,121,301
185,114,299
187,111,298
180,138,318
199,210,409
289,156,445
342,98,440
298,97,395
189,101,290
132,129,261
160,116,276
167,113,280
151,120,271
126,118,244
132,103,235
146,106,252
140,107,247
130,119,249
127,122,249
111,136,247
123,139,262
125,144,269
120,141,261
129,141,270
117,142,259
134,141,275
134,144,278
141,137,278
133,139,272
131,141,272
116,145,261
122,148,270
136,138,274
138,142,280
130,155,285
124,155,279
132,152,284
128,154,282
129,161,290
123,163,286
125,169,294
125,164,289
128,169,297
122,170,292
124,169,293
120,171,291
134,158,292
153,145,298
148,142,290
148,139,287
141,128,269
146,128,274
137,130,267
132,134,266
136,135,271
139,133,272
153,122,275
149,120,269
149,121,270
130,114,244
136,163,299
143,155,298
144,145,289
191,112,303
194,108,302
146,108,254
144,103,247
138,101,239
135,106,241
141,100,241
139,97,236
152,97,249
141,97,238
140,112,252
128,112,240
128,113,241
129,118,247
130,115,245
131,116,247
136,117,253
140,106,246
150,102,252
157,112,269
154,263,417
151,302,453
152,345,497
170,376,546
243,329,572
246,310,556
288,236,524
264,255,519
245,259,504
182,297,479
209,313,522
188,334,522
241,281,522
237,271,508
286,225,511
222,216,438
229,208,437
169,224,393
173,234,407
161,239,400
161,255,416
187,239,426
174,255,429
208,243,451
178,270,448
201,277,478
185,278,463
210,280,490
221,269,490
226,259,485
212,262,474
215,255,470
202,258,460
204,255,459
205,255,460
200,254,454
192,258,450
194,237,431
215,230,445
196,265,461
182,299,481
169,311,480
198,297,495
254,243,497
255,239,494
241,228,469
187,239,426
186,225,411
169,242,411
183,248,431
181,244,425
186,245,431
200,235,435
188,240,428
207,215,422
184,224,408
192,215,407
168,232,400
166,252,418
172,248,420
167,266,433
178,300,478
204,270,474
205,269,474
245,218,463
205,226,431
231,197,428
158,199,357
182,212,394
153,228,381
151,239,390
162,238,400
180,238,418
181,255,436
188,239,427
185,235,420
190,231,421
195,220,415
190,219,409
168,229,397
167,222,389
169,232,401
169,240,409
172,233,405
173,227,400
185,213,398
192,205,397
183,205,388
173,207,380
153,221,374
158,215,373
160,207,367
176,210,386
166,214,380
161,208,369
155,200,355
163,194,357
168,182,350
163,185,348
150,186,336
140,202,342
138,211,349
147,210,357
150,215,365
162,262,424
154,257,411
168,236,404
170,214,384
211,157,368
197,151,348
183,184,367
122,183,305
122,178,300
124,174,298
154,138,292
158,132,290
111,132,243
121,132,253
124,169,293
125,169,294
121,163,284
158,165,323
152,158,310
114,153,267
156,111,267
144,149,293
135,148,283
128,130,258
152,106,258
156,111,267
120,108,228
123,106,229
118,104,222
120,101,221
118,94,212
125,91,216
126,90,216
122,95,217
120,91,211
124,88,212
122,139,261
124,163,287
156,128,284
199,84,283
182,101,283
121,120,241
154,85,239
150,83,233
157,117,274
124,119,243
146,88,234
152,87,239
107,139,246
138,140,278
164,139,303
161,132,293
155,117,272
164,93,257
160,107,267
107,123,230
136,110,246
162,106,268
157,125,282
124,103,227
173,183,356
225,136,361
231,84,315
223,179,402
176,205,381
185,147,332
248,100,348
249,132,381
195,111,306
153,157,310
217,119,336
183,109,292
176,98,274
138,85,223
139,197,336
135,213,348
174,170,344
186,144,330
131,113,244
168,101,269
142,138,280
153,130,283
182,125,307
185,105,290
189,129,318
149,117,266
170,141,311
167,140,307
164,137,301
176,116,292
214,155,369
189,135,324
218,98,316
179,84,263
136,180,316
139,179,318
190,179,369
215,168,383
251,106,357
198,151,349
172,170,342
161,126,287
215,109,324
215,100,315
143,112,255
157,98,255
166,153,319
189,137,326
175,103,278
175,97,272
136,179,315
149,175,324
184,131,315
208,130,338
207,124,331
173,216,389
208,199,407
202,172,374
241,134,375
211,115,326
188,103,291
187,97,284
149,86,235
136,191,327
146,196,342
177,162,339
182,135,317
131,137,268
174,129,303
172,89,261
174,150,324
175,158,333
181,137,318
181,222,403
184,180,364
231,142,373
251,171,422
203,205,408
215,189,404
182,193,375
208,146,354
207,162,369
215,205,420
196,171,367
185,146,331
217,115,332
173,122,295
142,161,303
130,157,287
176,111,287
183,112,295
183,107,290
142,113,255
136,123,259
134,125,259
130,127,257
131,156,287
155,150,305
175,133,308
192,117,309
166,126,292
113,128,241
124,141,265
125,141,266
132,133,265
129,135,264
133,131,264
129,129,258
126,128,254
126,138,264
124,134,258
140,126,266
175,148,323
199,149,348
212,143,355
206,136,342
204,143,347
225,147,372
227,137,364
225,151,376
210,145,355
198,158,356
183,162,345
209,115,324
221,81,302
212,115,327
156,115,271
139,140,279
140,137,277
131,139,270
141,128,269
116,130,246
141,136,277
129,134,263
127,135,262
129,133,262
130,131,261
134,128,262
134,127,261
139,122,261
138,128,266
136,134,270
126,136,262
126,136,262
136,127,263
148,113,261
146,115,261
132,114,246
122,110,232
126,110,236
131,107,238
128,110,238
126,112,238
122,114,236
123,118,241
122,117,239
123,120,243
122,121,243
130,118,248
130,116,246
130,125,255
120,129,249
129,130,259
129,157,286
133,162,295
132,161,293
142,146,288
141,157,298
146,173,319
134,177,311
148,160,308
171,133,304
176,130,306
132,121,253
135,126,261
134,120,254
114,120,234
130,157,287
124,154,278
138,143,281
160,126,286
157,163,320
125,176,301
138,167,305
154,154,308
158,149,307
125,150,275
121,146,267
120,153,273
122,188,310
124,192,316
129,191,320
141,177,318
164,161,325
157,158,315
114,155,269
119,149,268
142,147,289
149,161,310
154,159,313
175,159,334
180,151,331
207,123,330
160,117,277
166,113,279
131,151,282
132,151,283
126,179,305
179,131,310
191,121,312
194,102,296
164,100,264
142,85,227
140,217,357
303,120,423
306,106,412
316,94,410
161,84,245
143,112,255
135,116,251
139,138,277
136,144,280
145,121,266
172,96,268
171,132,303
125,143,268
138,137,275
154,154,308
155,197,352
131,225,356
172,198,370
201,208,409
200,196,396
166,220,386
186,201,387
186,207,393
186,188,374
151,244,395
177,217,394
162,207,369
142,194,336
181,163,344
175,196,371
118,236,354
124,239,363
133,264,397
174,263,437
196,242,438
177,261,438
196,215,411
223,216,439
255,174,429
178,210,388
182,197,379
143,182,325
216,163,379
165,168,333
195,186,381
165,232,397
175,215,390
166,182,348
222,131,353
202,130,332
203,157,360
150,155,305
150,138,288
165,114,279
167,114,281
129,107,236
126,111,237
131,147,278
124,145,269
130,146,276
173,146,319
171,144,315
167,126,293
168,111,279
171,142,313
152,122,274
172,112,284
179,125,304
144,109,253
173,84,257
169,98,267
119,293,412
137,304,441
140,307,447
167,295,462
268,197,465
258,189,447
233,219,452
153,207,360
146,233,379
143,272,415
168,239,407
201,230,431
219,167,386
277,143,420
211,145,356
211,145,356
157,148,305
186,123,309
148,139,287
154,141,295
114,146,260
126,155,281
146,133,279
157,122,279
170,143,313
144,144,288
194,160,354
191,157,348
235,110,345
175,138,313
153,128,281
176,163,339
175,191,366
211,178,389
213,154,367
195,146,341
165,148,313
148,153,301
159,156,315
151,120,271
163,152,315
140,146,286
197,139,336
238,96,334
227,88,315
191,94,285
122,126,248
137,114,251
151,105,256
147,105,252
138,104,242
129,104,233
134,101,235
141,120,261
152,114,266
153,115,268
163,95,258
161,106,267
165,106,271
148,105,253
142,110,252
130,107,237
127,128,255
148,107,255
155,106,261
165,105,270
150,122,272
154,129,283
145,138,283
148,125,273
137,116,253
151,94,245
143,94,237
139,101,240
123,94,217
134,77,211
138,106,244
129,110,239
125,109,234
128,108,236
125,106,231
105,104,209
126,98,224
138,84,222
143,82,225
134,89,223
126,93,219
123,92,215
127,88,215
120,87,207
122,103,225
128,98,226
129,92,221
150,115,265
146,115,261
138,114,252
121,120,241
118,127,245
130,128,258
125,134,259
125,130,255
116,134,250
135,128,263
153,108,261
163,104,267
151,101,252
126,93,219
129,94,223
121,98,219
129,96,225
131,90,221
129,102,231
108,97,205
136,91,227
133,90,223
121,110,231
134,107,241
118,121,239
130,134,264
140,120,260
153,109,262
166,123,289
169,110,279
173,91,264
178,119,297
170,117,287
167,112,279
153,118,271
145,125,270
138,120,258
158,105,263
169,123,292
172,141,313
155,150,305
195,131,326
209,125,334
243,93,336
193,96,289
166,119,285
140,107,247
137,113,250
135,111,246
125,117,242
117,116,233
104,114,218
120,128,248
127,131,258
131,131,262
130,139,269
133,135,268
133,132,265
136,129,265
136,124,260
143,123,266
135,118,253
134,114,248
132,115,247
129,113,242
125,111,236
109,112,221
122,124,246
117,123,240
130,108,238
152,92,244
137,88,225
140,100,240
122,96,218
127,90,217
124,98,222
107,100,207
123,94,217
128,84,212
124,85,209
128,90,218
107,106,213
115,111,226
128,105,233
123,109,232
118,118,236
116,118,234
118,111,229
125,110,235
128,119,247
134,125,259
132,125,257
119,127,246
131,121,252
131,114,245
133,115,248
124,109,233
122,107,229
122,106,228
120,109,229
126,104,230
133,103,236
135,112,247
126,116,242
137,103,240
139,97,236
151,85,236
142,112,254
141,110,251
131,113,244
137,123,260
137,109,246
158,82,240
151,104,255
137,104,241
133,98,231
137,97,234
132,101,233
128,93,221
141,106,247
151,127,278
180,101,281
185,129,314
174,123,297
148,113,261
146,114,260
151,113,264
171,90,261
168,104,272
158,104,262
146,118,264
158,117,275
151,113,264
147,100,247
153,136,289
141,133,274
151,120,271
168,104,272
164,105,269
157,97,254
148,93,241
139,126,265
156,120,276
161,107,268
160,97,257
160,113,273
158,112,270
151,108,259
154,92,246
142,114,256
160,102,262
154,109,263
145,101,246
142,101,243
155,111,266
148,112,260
155,108,263
159,127,286
155,125,280
152,124,276
142,109,251
136,107,243
139,99,238
153,147,300
161,141,302
171,128,299
138,119,257
131,105,236
139,105,244
154,93,247
149,108,257
152,103,255
126,93,219
144,114,258
146,132,278
152,116,268
162,101,263
149,91,240
144,119,263
149,112,261
149,101,250
160,112,272
148,104,252
158,86,244
148,109,257
146,110,256
150,94,244
158,109,267
153,102,255
145,113,258
153,100,253
148,124,272
165,141,306
148,149,297
148,146,294
158,145,303
167,126,293
171,109,280
161,113,274
155,101,256
147,94,241
147,107,254
149,94,243
146,112,258
146,102,248
145,93,238
140,110,250
150,103,253
135,104,239
150,91,241
141,134,275
155,133,288
150,118,268
168,111,279
148,92,240
171,130,301
163,138,301
148,138,286
154,128,282
159,105,264
161,95,256
154,121,275
157,108,265
162,92,254
170,111,281
150,105,255
147,94,241
155,126,281
150,118,268
149,118,267
159,112,271
159,95,254
164,123,287
153,126,279
140,115,255
140,104,244
142,87,229
153,128,281
148,119,267
151,102,253
154,111,265
147,101,248
160,110,270
153,100,253
161,135,296
152,130,282
153,122,275
149,102,251
145,94,239
152,109,261
145,102,247
154,129,283
156,132,288
157,119,276
154,107,261
161,151,312
168,150,318
169,138,307
161,119,280
128,108,236
154,94,248
146,98,244
146,96,242
143,121,264
144,128,272
145,130,275
147,121,268
141,111,252
139,96,235
142,86,228
150,129,279
153,117,270
149,107,256
159,84,243
142,115,257
156,111,267
151,115,266
158,108,266
157,101,258
157,97,254
136,92,228
139,105,244
147,108,255
145,98,243
154,133,287
157,120,277
167,218,385
296,150,446
286,153,439
305,149,454
165,141,306
139,128,267
157,111,268
153,100,253
155,120,275
146,124,270
149,126,275
153,131,284
156,112,268
170,100,270
155,90,245
157,109,266
145,101,246
153,106,259
150,98,248
156,117,273
152,117,269
146,123,269
154,112,266
159,100,259
155,113,268
128,113,241
152,102,254
150,97,247
142,110,252
150,110,260
153,112,265
149,101,250
151,114,265
152,106,258
148,93,241
158,140,298
149,143,292
167,152,319
196,122,318
183,105,288
199,139,338
189,105,294
198,95,293
181,123,304
148,133,281
186,113,299
245,147,392
277,176,453
253,122,375
240,133,373
205,121,326
180,168,348
252,93,345
229,166,395
220,174,394
173,180,353
187,164,351
186,173,359
186,156,342
188,160,348
190,164,354
191,147,338
185,159,344
192,151,343
198,129,327
205,119,324
193,236,429
181,326,507
181,307,488
187,283,470
225,244,469
270,178,448
222,182,404
166,187,353
153,188,341
137,197,334
143,185,328
144,188,332
143,208,351
144,188,332
168,168,336
180,153,333
142,138,280
158,117,275
159,104,263
177,127,304
164,132,296
158,135,293
148,138,286
146,141,287
151,135,286
153,120,273
153,103,256
147,91,238
156,119,275
155,111,266
151,94,245
151,109,260
149,111,260
144,128,272
169,120,289
173,113,286
192,104,296
166,97,263
161,123,284
155,110,265
159,100,259
161,108,269
158,98,256
163,133,296
165,122,287
162,102,264
165,90,255
151,127,278
140,131,271
160,116,276
160,110,270
151,100,251
154,126,280
163,112,275
165,97,262
161,113,274
151,106,257
152,94,246
154,127,281
149,122,271
163,107,270
167,112,279
168,98,266
155,115,270
149,109,258
140,102,242
152,113,265
151,120,271
152,117,269
147,113,260
148,103,251
154,87,241
149,137,286
151,138,289
163,123,286
161,116,277
158,101,259
126,95,221
154,112,266
151,122,273
152,124,276
145,127,272
141,129,270
131,134,265
136,134,270
135,134,269
140,127,267
137,131,268
143,125,268
141,122,263
140,121,261
130,120,250
134,116,250
137,109,246
137,110,247
149,99,248
149,102,251
147,117,264
135,116,251
140,127,267
151,157,308
188,147,335
227,112,339
252,147,399
215,143,358
185,133,318
161,134,295
137,120,257
150,114,264
162,109,271
167,90,257
171,128,299
167,125,292
160,117,277
151,100,251
157,130,287
161,140,301
162,133,295
152,129,281
154,116,270
148,102,250
152,92,244
136,130,266
140,126,266
146,118,264
146,100,246
137,135,272
142,116,258
151,98,249
167,133,300
160,130,290
157,116,273
144,115,259
142,110,252
152,92,244
163,148,311
150,149,299
156,141,297
156,131,287
139,129,268
158,109,267
162,101,263
167,123,290
151,127,278
160,120,280
156,106,262
149,116,265
162,96,258
162,112,274
160,107,267
149,115,264
161,101,262
160,111,271
159,104,263
155,119,274
156,107,263
154,91,245
150,137,287
152,132,284
171,105,276
171,118,289
155,107,262
163,96,259
154,103,257
149,98,247
152,139,291
154,137,291
152,134,286
155,123,278
149,103,252
152,96,248
161,107,268
150,97,247
159,120,279
157,112,269
149,103,252
146,87,233
143,111,254
148,115,263
147,107,254
159,130,289
169,106,275
172,99,271
161,120,281
152,116,268
157,108,265
158,105,263
149,97,246
149,152,301
155,157,312
158,142,300
150,130,280
144,125,269
165,112,277
171,93,264
164,116,280
148,118,266
144,111,255
154,91,245
146,84,230
138,119,257
146,109,255
143,107,250
152,107,259
155,100,255
153,114,267
153,117,270
153,106,259
152,99,251
149,97,246
143,93,236
144,107,251
143,102,245
152,96,248
152,108,260
147,98,245
148,122,270
154,112,266
153,121,274
157,113,270
144,123,267
144,115,259
146,101,247
147,90,237
150,120,270
149,109,258
146,97,243
150,113,263
152,101,253
155,89,244
139,111,250
133,104,237
148,83,231
149,105,254
142,100,242
137,95,232
141,107,248
142,89,231
155,109,264
155,107,262
147,105,252
146,105,251
140,104,244
146,92,238
149,105,254
142,99,241
149,94,243
148,101,249
141,89,230
152,128,280
154,117,271
155,103,258
157,93,250
149,108,257
154,101,255
148,92,240
152,112,264
146,110,256
169,110,279
172,99,271
165,95,260
150,123,273
140,118,258
137,124,261
145,128,273
123,199,322
201,138,339
220,113,333
216,115,331
114,115,229
125,115,240
119,114,233
122,122,244
123,119,242
124,124,248
126,124,250
115,129,244
128,131,259
142,127,269
179,112,291
173,115,288
182,125,307
141,133,274
144,139,283
144,151,295
146,146,292
160,138,298
156,165,321
152,182,334
148,185,333
162,198,360
169,189,358
159,201,360
155,201,356
173,182,355
187,166,353
188,154,342
171,140,311
157,148,305
141,148,289
114,142,256
142,127,269
158,121,279
168,116,284
139,121,260
136,119,255
133,112,245
143,110,253
139,116,255
121,122,243
122,124,246
123,124,247
124,125,249
122,125,247
134,119,253
136,120,256
144,111,255
148,96,244
155,94,249
148,95,243
136,108,244
128,109,237
136,95,231
149,86,235
138,85,223
126,114,240
127,113,240
137,102,239
148,89,237
145,101,246
145,94,239
142,112,254
139,116,255
139,112,251
147,112,259
144,106,250
131,124,255
128,125,253
123,122,245
130,131,261
128,140,268
133,117,250
158,103,261
161,105,266
163,111,274
141,103,244
123,102,225
142,93,235
136,95,231
142,113,255
138,109,247
146,107,253
152,102,254
150,90,240
149,96,245
145,103,248
131,110,241
133,117,250
132,120,252
119,131,250
125,145,270
127,158,285
127,167,294
148,152,300
147,156,303
135,152,287
116,157,273
120,196,316
142,200,342
147,210,357
166,195,361
161,179,340
170,170,340
159,154,313
154,160,314
142,171,313
118,175,293
120,179,299
122,179,301
143,164,307
144,182,326
127,212,339
119,225,344
122,226,348
165,189,354
178,165,343
181,167,348
150,169,319
138,169,307
141,163,304
141,160,301
141,156,297
138,162,300
141,177,318
144,172,316
167,239,406
288,149,437
335,168,503
348,140,488
282,147,429
265,130,395
225,142,367
221,119,340
203,116,319
196,127,323
188,140,328
203,106,309
226,107,333
240,104,344
217,135,352
219,116,335
209,140,349
195,141,336
221,154,375
254,149,403
271,131,402
270,117,387
246,141,387
240,128,368
258,130,388
252,125,377
252,118,370
227,117,344
235,127,362
232,138,370
251,132,383
248,112,360
252,117,369
221,158,379
222,150,372
231,111,342
248,134,382
234,140,374
234,156,390
293,120,413
270,152,422
275,148,423
278,131,409
305,116,421
285,131,416
269,152,421
285,151,436
282,131,413
278,126,404
272,113,385
248,116,364
250,131,381
248,279,527
220,267,487
311,149,460
350,127,477
366,112,478
251,105,356
275,130,405
164,144,308
229,148,377
241,113,354
248,136,384
231,152,383
268,123,391
252,173,425
302,103,405
263,152,415
243,139,382
206,118,324
199,132,331
216,152,368
233,112,345
238,128,366
277,130,407
259,134,393
252,130,382
220,138,358
212,128,340
231,130,361
236,128,364
231,141,372
233,138,371
261,140,401
276,117,393
270,147,417
256,135,391
239,106,345
245,120,365
228,115,343
216,142,358
224,131,355
226,138,364
254,124,378
237,128,365
247,121,368
259,123,382
233,120,353
226,124,350
203,133,336
208,123,331
230,139,369
265,111,376
248,112,360
245,135,380
217,117,334
222,146,368
242,108,350
236,113,349
250,125,375
226,112,338
244,121,365
217,121,338
202,142,344
224,122,346
222,120,342
218,119,337
205,139,344
203,133,336
226,115,341
225,131,356
218,124,342
204,112,316
223,113,336
206,115,321
203,144,347
233,120,353
233,152,385
273,111,384
233,125,358
236,105,341
199,119,318
201,130,331
217,114,331
205,101,306
195,115,310
172,150,322
197,128,325
218,125,343
260,123,383
235,151,386
281,151,432
274,153,427
296,166,462
255,126,381
250,134,384
236,137,373
255,122,377
243,133,376
225,159,384
228,119,347
217,104,321
205,116,321
169,125,294
182,136,318
210,109,319
208,122,330
223,108,331
202,112,314
194,127,321
189,145,334
203,134,337
225,130,355
243,103,346
219,120,339
212,123,335
209,103,312
202,114,316
206,135,341
197,120,317
213,121,334
220,120,340
209,109,318
213,117,330
213,108,321
218,115,333
216,110,326
202,134,336
208,144,352
215,125,340
227,144,371
248,122,370
228,122,350
247,123,370
230,132,362
238,117,355
239,111,350
212,122,334
216,139,355
209,117,326
265,123,388
258,134,392
260,124,384
212,136,348
223,99,322
228,101,329
204,124,328
211,123,334
211,114,325
202,122,324
213,131,344
207,113,320
230,105,335
207,134,341
208,122,330
228,119,347
207,141,348
219,117,336
218,101,319
192,125,317
179,121,300
190,116,306
205,125,330
195,125,320
195,112,307
192,152,344
214,110,324
243,111,354
228,119,347
227,143,370
225,128,353
213,123,336
203,147,350
206,125,331
239,127,366
229,113,342
234,111,345
221,111,332
209,102,311
190,108,298
165,122,287
182,118,300
214,119,333
229,112,341
211,132,343
225,116,341
216,104,320
207,97,304
172,108,280
160,125,285
174,129,303
198,132,330
213,141,354
234,131,365
230,119,349
229,131,360
217,141,358
241,129,370
253,135,388
255,119,374
219,125,344
211,121,332
199,122,321
209,108,317
196,116,312
178,110,288
172,141,313
204,103,307
200,146,346
233,141,374
237,125,362
238,143,381
266,136,402
237,138,375
233,122,355
157,108,265
170,123,293
177,138,315
197,171,368
242,142,384
258,124,382
250,151,401
241,135,376
230,134,364
240,121,361
215,91,306
188,135,323
200,119,319
212,115,327
225,109,334
210,109,319
178,126,304
204,146,350
201,115,316
217,139,356
220,129,349
212,138,350
247,127,374
257,138,395
252,146,398
262,150,412
273,117,390
247,125,372
225,147,372
211,152,363
233,145,378
304,118,422
277,114,391
274,108,382
261,118,379
231,136,367
219,109,328
242,124,366
239,123,362
245,129,374
230,125,355
264,108,372
255,128,383
233,125,358
204,102,306
188,115,303
179,125,304
182,139,321
223,108,331
237,120,357
233,142,375
252,137,389
237,142,379
251,129,380
224,111,335
202,133,335
211,133,344
211,144,355
228,116,344
228,112,340
206,142,348
213,125,338
205,140,345
214,124,338
244,133,377
238,126,364
226,114,340
190,104,294
180,131,311
175,122,297
194,113,307
210,133,343
208,121,329
213,155,368
222,128,350
201,131,332
242,137,379
224,154,378
297,130,427
260,163,423
277,124,401
236,125,361
228,134,362
201,155,356
244,136,380
257,139,396
244,130,374
253,124,377
239,133,372
252,133,385
243,137,380
265,145,410
262,152,414
273,125,398
267,129,396
250,109,359
241,167,408
221,141,362
227,138,365
253,121,374
211,130,341
225,89,314
196,120,316
196,113,309
181,117,298
192,107,299
214,118,332
213,126,339
206,108,314
193,122,315
211,109,320
218,111,329
218,139,357
204,113,317
227,109,336
226,138,364
232,128,360
215,103,318
228,128,356
211,118,329
223,174,397
250,167,417
353,104,457
328,124,452
304,113,417
239,120,359
202,118,320
188,150,338
239,117,356
250,124,374
255,110,365
213,123,336
237,114,351
225,122,347
231,125,356
227,115,342
235,118,353
246,124,370
230,132,362
231,141,372
263,115,378
226,122,348
242,144,386
206,124,330
222,120,342
218,156,374
199,130,329
222,116,338
228,118,346
211,116,327
214,135,349
238,123,361
224,130,354
231,123,354
228,135,363
227,140,367
235,119,354
230,115,345
221,120,341
198,145,343
210,143,353
245,121,366
251,131,382
238,115,353
214,135,349
230,134,364
218,159,377
233,107,340
223,121,344
227,120,347
213,135,348
220,133,353
216,122,338
196,136,332
216,137,353
249,112,361
257,101,358
228,114,342
211,117,328
195,153,348
209,114,323
251,111,362
256,133,389
240,117,357
214,106,320
193,122,315
173,131,304
179,136,315
229,108,337
220,127,347
225,121,346
232,107,339
252,130,382
247,115,362
246,127,373
223,118,341
209,131,340
223,106,329
222,120,342
218,100,318
192,140,332
202,111,313
197,123,320
207,196,403
269,164,433
335,151,486
362,115,477
290,127,417
245,120,365
229,127,356
246,108,354
232,138,370
239,125,364
230,132,362
237,123,360
247,116,363
231,113,344
229,114,343
194,138,332
212,116,328
203,154,357
231,102,333
217,111,328
245,123,368
212,102,314
218,114,332
212,110,322
183,117,300
169,108,277
185,115,300
193,218,411
264,143,407
317,130,447
340,140,480
252,111,363
217,107,324
192,127,319
211,118,329
215,115,330
199,115,314
210,118,328
205,116,321
207,110,317
193,132,325
207,123,330
239,110,349
224,125,349
245,123,368
237,119,356
227,127,354
199,122,321
222,117,339
228,113,341
230,137,367
221,98,319
205,121,326
197,119,316
182,130,312
213,118,331
201,119,320
205,118,323
188,112,300
191,121,312
212,106,318
212,134,346
233,109,342
249,125,374
245,123,368
254,118,372
223,115,338
232,118,350
205,124,329
216,104,320
192,114,306
189,114,303
181,123,304
190,120,310
194,115,309
193,124,317
202,130,332
205,116,321
229,113,342
227,131,358
220,109,329
211,135,346
210,98,308
204,121,325
195,154,349
210,145,355
229,160,389
266,145,411
254,137,391
263,142,405
247,129,376
237,139,376
258,175,433
279,126,405
298,132,430
280,144,424
252,141,393
239,125,364
233,121,354
213,119,332
240,120,360
217,129,346
225,125,350
216,129,345
224,112,336
220,118,338
215,106,321
187,112,299
182,125,307
189,102,291
190,94,284
184,101,285
157,117,274
161,135,296
185,139,324
214,138,352
266,110,376
250,108,358
227,111,338
195,106,301
191,126,317
210,120,330
201,136,337
212,108,320
200,115,315
222,104,326
186,117,303
189,127,316
199,108,307
200,115,315
194,121,315
180,119,299
222,102,324
209,102,311
200,127,327
209,104,313
182,110,292
205,108,313
184,128,312
199,134,333
225,113,338
221,118,339
212,118,330
189,114,303
191,140,331
202,132,334
225,110,335
217,101,318
195,116,311
196,113,309
205,140,345
223,117,340
209,118,327
239,111,350
216,121,337
229,127,356
207,148,355
227,117,344
236,103,339
234,115,349
216,127,343
221,101,322
202,122,324
213,110,323
219,101,320
210,110,320
198,135,333
208,123,331
205,130,335
219,127,346
214,124,338
221,106,327
201,130,331
200,121,321
221,118,339
234,104,338
235,119,354
225,119,344
221,131,352
207,124,331
228,116,344
240,111,351
232,109,341
214,111,325
181,126,307
180,132,312
196,111,307
209,91,300
195,115,310
179,113,292
189,131,320
219,123,342
236,120,356
234,116,350
248,122,370
245,112,357
219,117,336
194,137,331
206,128,334
218,123,341
222,131,353
217,124,341
212,133,345
219,106,325
215,106,321
206,113,319
188,107,295
189,120,309
194,101,295
188,106,294
197,113,310
187,118,305
188,94,282
189,116,305
188,126,314
199,124,323
214,130,344
216,119,335
212,123,335
216,128,344
228,111,339
226,134,360
221,107,328
237,117,354
237,108,345
271,119,390
278,114,392
256,113,369
201,95,296
184,125,309
195,130,325
190,164,354
237,139,376
240,112,352
240,115,355
199,112,311
178,97,275
159,90,249
149,116,265
149,103,252
180,107,287
192,106,298
184,115,299
176,118,294
173,113,286
176,110,286
176,108,284
176,107,283
171,92,263
168,104,272
152,124,276
170,118,288
179,113,292
187,130,317
189,105,294
212,117,329
212,116,328
201,110,311
191,114,305
193,113,306
183,140,323
210,123,333
221,115,336
227,122,349
197,134,331
206,132,338
211,122,333
209,123,332
205,118,323
191,144,335
216,118,334
238,119,357
232,137,369
235,113,348
223,112,335
210,115,325
195,110,305
214,116,330
207,118,325
205,119,324
203,104,307
185,120,305
196,116,312
196,130,326
202,155,357
219,139,358
240,164,404
253,174,427
283,137,420
280,172,452
285,221,506
363,108,471
335,104,439
296,153,449
214,112,326
218,170,388
280,114,394
258,115,373
292,107,399
230,138,368
234,109,343
246,106,352
247,179,426
239,223,462
316,109,425
307,149,456
345,147,492
280,116,396
287,138,425
260,116,376
225,156,381
270,133,403
256,123,379
251,135,386
246,122,368
234,149,383
242,140,382
222,171,393
255,150,405
259,139,398
297,121,418
244,169,413
290,115,405
259,130,389
263,135,398
280,124,404
272,107,379
247,119,366
217,142,359
217,126,343
247,145,392
247,143,390
248,201,449
265,168,433
304,114,418
284,131,415
215,128,343
242,159,401
241,162,403
304,113,417
274,105,379
234,120,354
204,145,349
222,119,341
221,133,354
238,122,360
212,124,336
213,168,381
226,170,396
281,126,407
327,185,512
284,162,446
302,107,409
254,100,354
156,159,315
161,169,330
234,120,354
241,154,395
243,210,453
242,149,391
297,115,412
255,125,380
240,142,382
288,102,390
282,114,396
252,121,373
193,151,344
213,181,394
284,120,404
289,129,418
289,98,387
221,110,331
206,131,337
229,154,383
234,140,374
263,118,381
270,135,405
233,209,442
257,139,396
284,114,398
274,113,387
201,110,311
199,141,340
222,102,324
206,207,413
260,164,424
281,125,406
327,115,442
248,113,361
224,131,355
218,122,340
212,206,418
307,110,417
297,124,421
301,203,504
248,155,403
292,148,440
287,135,422
216,124,340
220,132,352
225,142,367
230,203,433
270,157,427
315,119,434
304,114,418
256,114,370
239,111,350
216,134,350
201,119,320
194,137,331
225,115,340
227,109,336
238,130,368
219,146,365
242,103,345
235,140,375
295,147,442
262,145,407
309,162,471
253,155,408
260,116,376
274,126,400
251,114,365
219,123,342
204,136,340
215,112,327
230,169,399
270,132,402
258,107,365
276,124,400
229,105,334
238,122,360
229,116,345
223,114,337
230,102,332
224,125,349
221,127,348
227,103,330
233,164,397
257,126,383
262,124,386
265,116,381
206,114,320
212,125,337
214,123,337
209,113,322
212,128,340
206,114,320
200,120,320
200,125,325
198,153,351
195,155,350
228,125,353
257,148,405
288,115,403
280,122,402
274,113,387
217,93,310
215,108,323
197,130,327
214,163,377
213,145,358
261,118,379
250,142,392
225,110,335
217,207,424
254,159,413
319,117,436
315,112,427
278,118,396
257,130,387
260,260,520
238,240,478
273,157,430
241,203,444
365,179,544
329,98,427
363,128,491
236,121,357
203,121,324
241,128,369
225,111,336
233,143,376
236,129,365
263,172,435
297,116,413
273,110,383
268,167,435
210,162,372
257,147,404
247,167,414
270,121,391
264,127,391
289,119,408
245,134,379
234,108,342
219,118,337
221,138,359
208,174,382
239,138,377
275,159,434
284,128,412
290,116,406
269,161,430
229,159,388
267,125,392
262,133,395
249,128,377
239,169,408
253,137,390
259,148,407
274,121,395
229,135,364
224,152,376
219,114,333
244,134,378
237,133,370
233,180,413
240,234,474
314,192,506
360,149,509
328,113,441
289,116,405
206,112,318
195,154,349
182,151,333
228,145,373
251,118,369
219,131,350
225,120,345
201,134,335
219,131,350
207,207,414
229,221,450
313,150,463
318,229,547
352,163,515
335,152,487
401,159,560
313,165,478
324,120,444
275,114,389
259,117,376
202,159,361
219,143,362
253,107,360
285,146,431
258,141,399
274,120,394
295,101,396
247,160,407
214,154,368
245,127,372
275,99,374
221,126,347
228,128,356
220,106,326
242,111,353
228,115,343
220,134,354
228,117,345
231,143,374
295,110,405
279,113,392
270,104,374
197,114,311
202,106,308
234,108,342
227,114,341
245,111,356
219,116,335
244,102,346
214,117,331
216,131,347
223,105,328
210,215,425
311,113,424
294,186,480
309,158,467
243,111,354
267,137,404
256,115,371
265,111,376
255,112,367
199,113,312
222,117,339
215,139,354
227,106,333
215,110,325
211,160,371
216,137,353
274,117,391
264,131,395
216,115,331
211,145,356
260,131,391
281,110,391
264,121,385
209,183,392
211,171,382
266,133,399
284,119,403
255,136,391
225,146,371
227,116,343
234,157,391
267,113,380
244,147,391
267,135,402
240,123,363
234,121,355
212,122,334
219,128,347
218,133,351
218,106,324
226,119,345
217,128,345
228,128,356
239,148,387
246,119,365
226,122,348
246,121,367
217,112,329
240,127,367
231,100,331
212,123,335
235,123,358
231,111,342
231,121,352
220,126,346
210,123,333
250,117,367
251,109,360
233,112,345
191,122,313
194,117,311
192,117,309
212,111,323
197,130,327
256,111,367
234,127,361
249,131,380
238,116,354
224,131,355
220,109,329
204,132,336
217,147,364
228,118,346
232,135,367
243,127,370
208,124,332
231,127,358
222,128,350
233,98,331
219,122,341
197,111,308
190,131,321
212,111,323
224,132,356
223,105,328
209,126,335
203,123,326
199,132,331
216,126,342
219,126,345
239,130,369
236,94,330
217,136,353
210,115,325
198,143,341
227,113,340
227,129,356
239,124,363
253,123,376
260,149,409
268,99,367
232,150,382
251,147,398
238,121,359
251,110,361
205,105,310
162,102,264
154,114,268
161,143,304
201,153,354
260,120,380
258,121,379
260,114,374
216,134,350
217,172,389
227,137,364
225,111,336
209,103,312
170,139,309
199,138,337
233,120,353
242,122,364
246,121,367
221,122,343
208,128,336
205,121,326
211,129,340
222,120,342
221,129,350
248,110,358
223,117,340
259,106,365
239,138,377
232,132,364
242,143,385
250,142,392
258,111,369
231,106,337
202,122,324
181,157,338
226,143,369
264,119,383
259,97,356
208,108,316
184,113,297
166,115,281
174,95,269
172,123,295
197,122,319
201,116,317
224,132,356
217,140,357
237,116,353
253,130,383
237,172,409
272,145,417
277,126,403
276,114,390
218,117,335
191,124,315
192,102,294
201,132,333
224,135,359
225,114,339
221,129,350
252,125,377
229,110,339
243,140,383
229,149,378
236,133,369
271,123,394
275,124,399
245,137,382
246,139,385
288,115,403
261,139,400
257,144,401
272,123,395
252,115,367
244,140,384
246,127,373
231,128,359
258,133,391
235,161,396
240,128,368
240,135,375
247,122,369
216,140,356
285,120,405
263,112,375
267,127,394
209,121,330
209,133,342
210,139,349
212,127,339
221,150,371
232,128,360
250,156,406
240,158,398
234,124,358
238,166,404
240,254,494
385,105,490
353,132,485
331,115,446
262,120,382
270,95,365
237,128,365
225,123,348
227,126,353
238,135,373
245,121,366
256,114,370
241,132,373
246,118,364
215,134,349
216,117,333
212,122,334
222,133,355
206,110,316
211,121,332
206,141,347
219,117,336
225,113,338
217,146,363
212,108,320
206,136,342
212,143,355
216,116,332
237,121,358
233,129,362
227,128,355
226,124,350
232,126,358
211,141,352
232,126,358
230,108,338
223,125,348
215,126,341
208,119,327
218,130,348
218,129,347
234,102,336
236,112,348
242,115,357
218,130,348
216,125,341
223,95,318
191,123,314
224,130,354
218,136,354
235,127,362
218,118,336
227,115,342
210,138,348
233,133,366
249,120,369
243,130,373
228,128,356
258,121,379
240,126,366
251,141,392
235,141,376
254,123,377
250,119,369
235,145,380
218,156,374
238,160,398
270,148,418
248,129,377
264,147,411
277,139,416
292,117,409
286,142,428
225,116,341
215,129,344
226,141,367
217,133,350
249,116,365
237,133,370
229,126,355
244,133,377
242,97,339
247,138,385
217,127,344
250,111,361
255,137,392
289,119,408
245,115,360
232,131,363
221,129,350
248,118,366
252,122,374
261,113,374
226,112,338
247,172,419
269,186,455
300,163,463
342,139,481
307,186,493
326,131,457
300,131,431
283,153,436
262,154,416
250,148,398
269,158,427
263,129,392
261,144,405
255,138,393
266,129,395
263,124,387
239,128,367
241,128,369
232,142,374
253,121,374
243,131,374
223,124,347
219,125,344
243,118,361
240,134,374
240,111,351
250,117,367
234,126,360
236,115,351
205,152,357
226,111,337
229,143,372
253,129,382
227,115,342
228,114,342
215,124,339
239,133,372
260,146,406
266,173,439
269,169,438
298,135,433
294,151,445
290,174,464
288,326,614
305,421,726
356,330,686
324,282,606
360,196,556
303,150,453
276,127,403
184,114,298
147,106,253
148,89,237
148,106,254
152,99,251
154,118,272
152,110,262
148,102,250
144,87,231
144,115,259
155,107,262
150,101,251
154,89,243
147,101,248
153,92,245
150,99,249
155,88,243
158,97,255
158,115,273
159,105,264
160,189,349
234,186,420
305,128,433
318,117,435
221,106,327
159,113,272
173,105,278
165,96,261
158,117,275
152,113,265
153,107,260
160,92,252
154,113,267
155,102,257
153,108,261
160,98,258
145,110,255
157,98,255
158,122,280
158,110,268
152,101,253
147,89,236
142,113,255
150,108,258
154,105,259
162,108,270
157,102,259
163,118,281
154,107,261
156,95,251
153,104,257
152,89,241
154,103,257
153,93,246
146,107,253
146,91,237
148,108,256
148,102,250
139,88,227
145,110,255
148,104,252
151,100,251
133,110,243
152,99,251
155,116,271
159,100,259
160,103,263
151,93,244
148,114,262
154,114,268
147,111,258
149,106,255
148,95,243
156,102,258
159,91,250
146,108,254
154,101,255
143,91,234
150,117,267
159,97,256
166,95,261
154,113,267
141,106,247
148,93,241
147,117,264
155,107,262
158,99,257
144,95,239
143,104,247
147,108,255
148,96,244
155,118,273
161,120,281
148,108,256
157,95,252
155,111,266
162,110,272
153,100,253
152,110,262
152,97,249
154,114,268
155,102,257
143,105,248
152,95,247
146,115,261
153,112,265
146,104,250
153,94,247
147,110,257
156,99,255
150,104,254
156,89,245
150,106,256
151,103,254
150,99,249
153,112,265
154,103,257
153,94,247
145,107,252
145,93,238
154,111,265
152,108,260
156,97,253
154,103,257
153,113,266
155,108,263
157,131,288
164,116,280
175,101,276
183,107,290
158,112,270
158,108,266
144,101,245
146,102,248
150,96,246
159,113,272
157,103,260
152,95,247
148,113,261
151,106,257
161,101,262
160,115,275
159,99,258
164,128,292
161,114,275
158,105,263
157,92,249
153,106,259
153,101,254
147,116,263
141,106,247
157,104,261
155,109,264
150,97,247
163,103,266
152,103,255
151,92,243
158,102,260
143,104,247
149,122,271
158,96,254
165,114,279
173,110,283
147,107,254
155,95,250
150,102,252
154,96,250
149,99,248
146,95,241
144,120,264
147,115,262
147,104,251
152,91,243
149,114,263
153,109,262
152,105,257
164,123,287
157,124,281
152,116,268
144,107,251
144,98,242
152,116,268
158,115,273
158,99,257
154,83,237
144,104,248
146,98,244
143,103,246
154,90,244
147,121,268
164,97,261
165,109,274
174,127,301
155,120,275
153,108,261
161,118,279
170,97,267
170,154,324
168,143,311
187,127,314
171,131,302
132,127,259
136,152,288
134,146,280
153,127,280
182,102,284
191,93,284
150,102,252
155,88,243
132,95,227
147,90,237
139,114,253
142,107,249
148,94,242
151,152,303
160,125,285
184,93,277
181,106,287
133,113,246
140,115,255
139,115,254
149,109,258
135,115,250
127,113,240
132,112,244
146,103,249
128,102,230
141,100,241
141,99,240
142,104,246
136,103,239
137,135,272
147,132,279
174,113,287
186,106,292
176,126,302
164,119,283
161,119,280
150,139,289
152,148,300
142,171,313
148,155,303
154,103,257
210,127,337
208,136,344
177,136,313
158,128,286
149,121,270
140,112,252
139,105,244
149,100,249
159,113,272
166,101,267
162,90,252
148,111,259
142,153,295
171,120,291
178,110,288
173,112,285
131,116,247
137,113,250
138,109,247
133,115,248
130,112,242
131,114,245
131,120,251
135,116,251
133,136,269
134,140,274
146,123,269
185,114,299
193,102,295
195,123,318
176,102,278
159,128,287
182,114,296
167,118,285
168,118,286
146,127,273
133,132,265
129,146,275
131,148,279
128,156,284
135,158,293
136,154,290
142,169,311
142,170,312
146,164,310
144,171,315
142,176,318
143,173,316
143,190,333
159,180,339
158,170,328
155,179,334
156,181,337
133,181,314
141,180,321
144,182,326
144,188,332
137,187,324
140,194,334
142,200,342
137,205,342
184,196,380
311,238,549
372,258,630
459,139,598
392,186,578
326,217,543
345,221,566
338,216,554
414,182,596
321,206,527
350,258,608
370,181,551
395,159,554
405,232,637
398,149,547
406,227,633
398,166,564
377,199,576
418,154,572
314,161,475
324,173,497
216,196,412
259,202,461
347,106,453
321,193,514
292,272,564
278,348,626
432,197,629
477,178,655
468,222,690
357,197,554
354,172,526
326,202,528
283,229,512
354,222,576
431,201,632
512,194,706
485,211,696
432,200,632
355,257,612
317,177,494
345,151,496
319,183,502
276,112,388
257,107,364
217,156,373
241,158,399
310,112,422
288,136,424
285,101,386
221,151,372
283,182,465
321,169,490
398,199,597
433,133,566
336,166,502
361,215,576
324,165,489
406,159,565
397,147,544
377,226,603
405,137,542
393,178,571
405,176,581
388,237,625
384,184,568
380,131,511
270,142,412
185,223,408
272,161,433
298,160,458
302,271,573
408,131,539
408,151,559
368,130,498
290,234,524
384,187,571
436,163,599
501,121,622
353,123,476
298,127,425
219,120,339
200,154,354
256,176,432
272,129,401
288,144,432
261,171,432
223,225,448
291,192,483
330,236,566
311,278,589
434,120,554
412,239,651
387,162,549
349,118,467
337,137,474
237,203,440
226,255,481
371,140,511
368,120,488
369,195,564
281,214,495
333,154,487
359,129,488
348,207,555
334,195,529
364,274,638
433,219,652
391,140,531
407,149,556
341,116,457
271,175,446
266,113,379
252,158,410
250,219,469
229,240,469
381,193,574
392,146,538
417,123,540
326,151,477
232,201,433
300,148,448
336,184,520
394,107,501
316,124,440
272,194,466
273,139,412
291,112,403
280,159,439
255,278,533
245,277,522
318,212,530
297,174,471
292,144,436
250,152,402
279,181,460
275,188,463
303,128,431
302,178,480
312,152,464
320,179,499
309,238,547
328,185,513
331,164,495
353,203,556
343,231,574
361,173,534
360,153,513
362,168,530
262,223,485
369,140,509
332,128,460
296,136,432
256,131,387
253,120,373
271,121,392
239,108,347
222,115,337
179,113,292
229,102,331
213,120,333
243,131,374
239,154,393
240,139,379
240,123,363
230,128,358
219,144,363
213,132,345
247,156,403
263,119,382
248,122,370
264,116,380
234,147,381
257,119,376
238,126,364
241,144,385
231,108,339
238,132,370
238,147,385
225,145,370
238,128,366
276,141,417
268,120,388
260,131,391
247,203,450
329,162,491
381,138,519
390,152,542
290,162,452
300,119,419
271,137,408
255,122,377
227,141,368
214,158,372
261,99,360
249,136,385
240,147,387
218,131,349
204,120,324
201,140,341
231,120,351
264,112,376
261,116,377
195,112,307
205,123,328
214,118,332
231,124,355
258,107,365
220,158,378
226,151,377
240,147,387
266,151,417
270,122,392
234,159,393
243,111,354
235,134,369
323,129,452
310,96,406
305,131,436
246,150,396
238,146,384
276,121,397
267,139,406
300,130,430
256,130,386
282,144,426
243,109,352
246,131,377
238,118,356
237,113,350
234,122,356
228,132,360
220,127,347
221,107,328
216,114,330
199,121,320
202,119,321
205,127,332
204,124,328
226,111,337
239,123,362
266,114,380
237,115,352
249,118,367
198,116,314
198,129,327
244,109,353
249,103,352
236,89,325
190,114,304
175,117,292
180,136,316
207,111,318
205,144,349
234,105,339
216,121,337
230,131,361
211,116,327
222,125,347
224,128,352
209,145,354
229,129,358
247,121,368
256,106,362
218,115,333
234,112,346
199,116,315
218,105,323
193,139,332
199,139,338
228,149,377
254,111,365
244,134,378
240,102,342
206,135,341
207,111,318
206,133,339
229,108,337
230,122,352
238,130,368
227,128,355
261,93,354
231,113,344
239,134,373
246,114,360
218,131,349
207,117,324
216,128,344
229,104,333
234,117,351
253,136,389
235,120,355
251,128,379
249,119,368
231,105,336
216,131,347
199,128,327
212,121,333
226,118,344
203,135,338
216,137,353
259,126,385
267,132,399
260,122,382
228,100,328
193,113,306
179,145,324
198,127,325
230,114,344
215,129,344
192,115,307
186,114,300
184,142,326
198,130,328
234,120,354
239,118,357
233,125,358
223,146,369
225,145,370
242,95,337
234,115,349
210,123,333
202,114,316
206,105,311
187,116,303
169,106,275
172,140,312
206,124,330
228,111,339
219,98,317
193,107,300
169,128,297
193,116,309
197,107,304
211,112,323
181,112,293
184,94,278
170,110,280
164,113,277
160,131,291
179,134,313
204,121,325
217,175,392
247,113,360
240,125,365
227,110,337
166,108,274
162,97,259
156,110,266
170,94,264
170,129,299
191,150,341
221,160,381
266,135,401
265,101,366
233,122,355
207,135,342
205,146,351
225,175,400
247,176,423
289,129,418
309,116,425
267,136,403
248,126,374
242,119,361
227,103,330
217,124,341
202,113,315
207,128,335
259,115,374
234,126,360
265,116,381
256,115,371
238,99,337
196,132,328
199,135,334
220,125,345
238,119,357
226,104,330
200,135,335
212,119,331
205,126,331
219,130,349
219,122,341
218,121,339
226,121,347
225,137,362
224,115,339
230,123,353
227,118,345
202,129,331
237,116,353
227,129,356
241,123,364
221,122,343
203,119,322
218,119,337
215,132,347
258,110,368
232,113,345
220,155,375
206,142,348
231,124,355
250,137,387
240,129,369
236,127,363
268,117,385
230,115,345
220,136,356
216,113,329
210,118,328
214,156,370
210,121,331
234,118,352
240,119,359
203,116,319
202,125,327
194,118,312
221,128,349
219,128,347
230,112,342
224,123,347
211,135,346
241,146,387
235,122,357
235,137,372
222,141,363
206,146,352
245,120,365
248,119,367
229,126,355
212,127,339
209,113,322
205,128,333
196,138,334
199,165,364
231,120,351
226,121,347
255,108,363
224,118,342
233,139,372
255,116,371
248,117,365
245,116,361
209,124,333
202,109,311
193,103,296
187,121,308
211,98,309
204,128,332
218,135,353
225,137,362
252,126,378
250,114,364
229,127,356
216,147,363
225,150,375
274,136,410
268,144,412
267,143,410
244,161,405
256,126,382
237,162,399
241,159,400
263,153,416
294,199,493
339,148,487
324,141,465
297,149,446
254,129,383
252,110,362
238,115,353
215,124,339
191,147,338
199,120,319
206,120,326
204,163,367
195,147,342
245,108,353
255,122,377
232,127,359
201,123,324
238,114,352
230,127,357
238,138,376
267,117,384
243,120,363
227,140,367
206,138,344
237,99,336
245,146,391
243,123,366
225,136,361
221,137,358
258,112,370
285,113,398
268,111,379
217,112,329
195,145,340
202,95,297
251,107,358
233,143,376
218,116,334
235,111,346
199,136,335
224,121,345
241,100,341
222,129,351
233,117,350
223,119,342
230,125,355
234,139,373
217,140,357
248,118,366
227,133,360
235,108,343
209,119,328
216,116,332
212,122,334
222,125,347
227,111,338
202,115,317
197,121,318
208,102,310
199,91,290
173,112,285
161,126,287
184,121,305
208,115,323
224,126,350
217,120,337
206,115,321
199,117,316
213,148,361
256,127,383
255,157,412
297,123,420
251,133,384
245,153,398
223,139,362
261,133,394
255,141,396
246,123,369
227,128,355
213,112,325
198,120,318
206,142,348
212,124,336
221,126,347
249,119,368
227,111,338
237,140,377
225,115,340
216,139,355
241,123,364
233,101,334
205,123,328
209,120,329
199,130,329
224,122,346
216,121,337
221,117,338
211,108,319
206,134,340
212,112,324
205,118,323
218,117,335
201,114,315
200,122,322
191,140,331
209,254,463
218,230,448
277,145,422
281,96,377
266,124,390
193,111,304
182,116,298
205,104,309
186,116,302
197,146,343
205,116,321
219,115,334
232,123,355
204,107,311
206,116,322
192,126,318
221,112,333
237,97,334
237,109,346
218,117,335
196,124,320
215,103,318
229,113,342
216,115,331
226,113,339
212,113,325
212,133,345
203,117,320
226,105,331
236,135,371
243,134,377
234,116,350
233,112,345
209,117,326
197,108,305
210,127,337
212,119,331
197,123,320
226,128,354
242,130,372
275,117,392
245,100,345
218,121,339
231,110,341
219,110,329
213,113,326
193,117,310
191,107,298
192,130,322
206,117,323
197,115,312
220,120,340
204,124,328
233,129,362
216,109,325
212,121,333
191,112,303
167,115,282
156,129,285
174,108,282
155,101,256
157,100,257
130,90,220
143,79,222
138,110,248
140,98,238
127,92,219
137,84,221
129,96,225
124,95,219
128,85,213
127,96,223
130,92,222
130,83,213
129,102,231
125,110,235
136,103,239
134,131,265
137,138,275
159,238,397
292,120,412
286,127,413
248,129,377
132,132,264
134,133,267
140,120,260
141,127,268
141,137,278
135,132,267
133,123,256
138,112,250
139,97,236
135,87,222
145,115,260
132,129,261
136,140,276
128,147,275
125,145,270
137,137,274
135,130,265
144,126,270
137,123,260
138,114,252
141,118,259
132,122,254
130,125,255
136,117,253
138,114,252
130,121,251
122,125,247
121,121,242
132,127,259
134,128,262
142,119,261
146,106,252
144,106,250
151,96,247
147,89,236
153,98,251
143,96,239
135,94,229
132,90,222
130,88,218
136,102,238
134,106,240
136,105,241
137,106,243
135,103,238
134,105,239
132,113,245
127,111,238
130,109,239
134,104,238
143,94,237
139,93,232
133,94,227
136,105,241
140,104,244
151,105,256
152,93,245
150,95,245
147,113,260
137,115,252
144,108,252
125,105,230
129,100,229
132,116,248
139,107,246
141,99,240
144,90,234
153,138,291
170,121,291
179,106,285
181,100,281
148,91,239
146,97,243
139,106,245
146,90,236
155,116,271
149,117,266
162,144,306
193,100,293
179,124,303
195,104,299
147,92,239
167,154,321
151,162,313
147,162,309
192,109,301
184,103,287
167,101,268
155,102,257
154,108,262
147,123,270
183,106,289
165,148,313
173,147,320
155,120,275
179,131,310
194,189,383
153,191,344
225,113,338
217,153,370
210,158,368
185,115,300
181,109,290
139,126,265
167,106,273
181,89,270
172,92,264
139,108,247
128,128,256
123,129,252
167,119,286
163,153,316
170,113,283
164,117,281
128,173,301
117,183,300
134,169,303
147,184,331
176,176,352
143,167,310
188,114,302
182,105,287
133,100,233
124,108,232
123,132,255
114,160,274
125,157,282
123,152,275
137,159,296
141,152,293
141,151,292
138,155,293
139,148,287
145,145,290
145,145,290
139,141,280
142,147,289
142,136,278
148,118,266
170,111,281
181,138,319
187,118,305
169,106,275
164,89,253
146,109,255
158,98,256
152,111,263
149,98,247
150,90,240
154,117,271
149,114,263
179,106,285
171,109,280
172,124,296
167,99,266
163,123,286
159,109,268
144,101,245
150,90,240
134,113,247
148,107,255
153,91,244
152,111,263
143,103,246
151,90,241
149,101,250
146,95,241
144,116,260
147,105,252
146,95,241
149,110,259
148,100,248
152,110,262
156,102,258
148,104,252
152,96,248
150,85,235
151,169,320
140,164,304
192,111,303
196,102,298
158,130,288
164,115,279
169,104,273
158,96,254
146,126,272
150,120,270
151,108,259
149,103,252
140,102,242
149,98,247
148,87,235
150,159,309
167,146,313
171,155,326
168,164,332
144,153,297
148,179,327
152,166,318
133,156,289
179,106,285
176,94,270
136,87,223
138,153,291
137,158,295
181,151,332
175,146,321
159,151,310
160,116,276
169,114,283
137,118,255
142,161,303
142,178,320
200,225,425
249,209,458
270,180,450
229,234,463
274,150,424
255,170,425
246,190,436
220,197,417
240,151,391
265,112,377
223,103,326
145,123,268
139,232,371
176,197,373
227,135,362
229,147,376
215,150,365
194,119,313
206,156,362
140,173,313
181,123,304
187,116,303
193,103,296
148,126,274
150,194,344
183,164,347
222,166,388
180,156,336
201,221,422
224,208,432
283,143,426
238,135,373
181,124,305
151,104,255
152,134,286
171,124,295
158,162,320
151,160,311
142,152,294
162,125,287
165,163,328
125,164,289
125,168,293
152,167,319
162,164,326
125,183,308
152,178,330
159,188,347
115,200,315
165,186,351
174,212,386
159,229,388
128,251,379
175,223,398
183,215,398
148,223,371
191,173,364
206,159,365
246,107,353
195,90,285
192,153,345
155,173,328
147,200,347
181,163,344
185,181,366
191,197,388
206,157,363
199,134,333
228,165,393
188,152,340
160,158,318
186,135,321
198,111,309
195,164,359
207,147,354
186,127,313
182,131,313
123,135,258
143,128,271
148,115,263
154,103,257
142,87,229
146,190,336
153,184,337
199,131,330
226,98,324
201,92,293
141,119,260
137,141,278
143,138,281
183,97,280
191,164,355
225,124,349
219,105,324
222,99,321
158,97,255
133,96,229
122,97,219
122,108,230
123,152,275
143,147,290
166,126,292
167,203,370
113,257,370
132,289,421
141,317,458
176,314,490
216,318,534
227,288,515
206,261,467
274,152,426
267,129,396
289,105,394
206,99,305
184,156,340
190,145,335
196,131,327
197,111,308
168,202,370
210,208,418
238,206,444
268,173,441
213,137,350
253,133,386
231,164,395
168,153,321
178,137,315
200,98,298
195,95,290
142,95,237
132,98,230
126,100,226
121,111,232
122,153,275
108,156,264
138,180,318
160,184,344
173,221,394
168,289,457
190,327,517
233,323,556
197,304,501
218,259,477
299,160,459
284,136,420
233,119,352
169,152,321
156,251,407
223,181,404
283,126,409
278,170,448
136,168,304
199,116,315
213,187,400
207,179,386
197,123,320
216,109,325
222,127,349
163,192,355
148,208,356
170,165,335
212,110,322
170,102,272
169,95,264
150,216,366
172,242,414
225,223,448
243,210,453
202,166,368
236,130,366
194,134,328
160,178,338
134,193,327
128,246,374
168,222,390
188,272,460
223,261,484
205,254,459
160,306,466
151,315,466
217,256,473
244,210,454
261,166,427
230,152,382
199,136,335
180,102,282
176,140,316
166,163,329
178,183,361
180,175,355
170,181,351
179,174,353
197,150,347
194,150,344
209,176,385
219,131,350
245,176,421
260,154,414
238,126,364
192,114,306
134,112,246
126,106,232
126,108,234
123,115,238
122,133,255
133,143,276
133,147,280
143,138,281
144,138,282
165,126,291
172,141,313
184,159,343
173,180,353
162,255,417
171,244,415
182,276,458
222,244,466
245,294,539
247,275,522
206,318,524
229,262,491
227,268,495
302,208,510
226,241,467
256,219,475
192,216,408
179,189,368
185,152,337
185,140,325
138,134,272
145,120,265
142,111,253
135,104,239
130,109,239
127,141,268
154,170,324
178,144,322
213,150,363
163,148,311
194,135,329
174,105,279
178,133,311
148,261,409
290,251,541
375,182,557
395,154,549
245,201,446
133,202,335
140,197,337
136,200,336
164,161,325
161,190,351
146,198,344
124,197,321
117,201,318
153,173,326
174,160,334
192,147,339
164,140,304
157,131,288
151,135,286
151,149,300
180,195,375
200,203,403
232,195,427
192,178,370
240,124,364
207,118,325
174,125,299
140,123,263
137,115,252
141,144,285
132,143,275
122,142,264
159,100,259
166,99,265
153,132,285
129,131,260
162,91,253
167,120,287
173,144,317
135,159,294
166,144,310
162,158,320
161,131,292
182,183,365
181,161,342
189,149,338
205,122,327
177,117,294
142,107,249
129,104,233
130,92,222
134,82,216
138,94,232
143,140,283
153,160,313
156,157,313
147,144,291
130,136,266
132,132,264
144,129,273
141,125,266
147,106,253
145,96,241
145,140,285
143,139,282
140,125,265
167,111,278
147,119,266
138,109,247
131,108,239
135,91,226
141,96,237
141,123,264
152,106,258
158,107,265
155,119,274
133,119,252
130,126,256
122,125,247
129,120,249
145,118,263
158,109,267
171,106,277
160,109,269
140,110,250
141,109,250
136,111,247
132,102,234
137,100,237
142,104,246
135,98,233
139,118,257
136,129,265
145,118,263
153,134,287
165,117,282
179,119,298
206,86,292
183,85,268
153,83,236
119,81,200
119,119,238
132,129,261
136,132,268
135,139,274
126,159,285
138,168,306
140,172,312
135,180,315
118,207,325
154,183,337
172,175,347
178,170,348
173,166,339
149,191,340
148,194,342
138,193,331
131,196,327
155,179,334
160,177,337
150,180,330
137,170,307
132,167,299
146,154,300
166,122,288
188,100,288
182,103,285
160,112,272
153,103,256
152,133,285
201,150,351
205,128,333
215,107,322
186,99,285
147,126,273
165,115,280
160,135,295
161,136,297
153,122,275
153,118,271
151,128,279
152,141,293
147,143,290
168,133,301
160,131,291
174,121,295
128,123,251
130,116,246
147,105,252
137,105,242
142,96,238
132,92,224
132,89,221
130,90,220
116,90,206
123,122,245
128,128,256
135,126,261
137,122,259
124,124,248
147,113,260
153,124,277
164,119,283
150,106,256
136,102,238
129,104,233
136,102,238
138,88,226
144,111,255
134,114,248
131,120,251
138,120,258
141,120,261
137,116,253
139,114,253
132,110,242
144,121,265
156,113,269
151,112,263
138,111,249
122,110,232
121,116,237
124,127,251
122,145,267
128,166,294
127,183,310
128,179,307
147,173,320
147,182,329
143,188,331
154,178,332
168,159,327
181,154,335
166,139,305
159,126,285
149,112,261
148,108,256
145,103,248
150,122,272
162,133,295
175,124,299
171,121,292
179,132,311
208,101,309
204,95,299
165,97,262
125,98,223
123,100,223
128,95,223
113,94,207
128,91,219
121,96,217
122,92,214
123,100,223
125,118,243
129,133,262
136,131,267
150,119,269
130,117,247
146,103,249
146,106,252
151,122,273
149,137,286
150,152,302
152,154,306
159,146,305
162,138,300
162,135,297
157,134,291
180,102,282
184,136,320
189,151,340
157,156,313
164,140,304
166,137,303
169,139,308
158,134,292
153,131,284
151,132,283
146,136,282
148,132,280
153,131,284
159,132,291
157,141,298
160,153,313
156,154,310
188,120,308
194,115,309
189,109,298
161,106,267
149,101,250
150,158,308
175,152,327
193,146,339
202,123,325
186,114,300
174,108,282
159,104,263
157,102,259
151,100,251
148,104,252
151,99,250
152,115,267
157,106,263
154,102,256
156,98,254
152,109,261
157,101,258
146,129,275
153,128,281
151,125,276
160,118,278
154,110,264
159,109,268
156,110,266
153,109,262
150,109,259
153,111,264
156,109,265
155,107,262
156,105,261
151,109,260
154,108,262
145,107,252
148,110,258
147,108,255
149,113,262
151,107,258
147,105,252
150,103,253
152,113,265
155,128,283
158,119,277
157,135,292
179,108,287
174,99,273
187,136,323
167,127,294
173,98,271
180,89,269
151,137,288
151,146,297
147,159,306
139,160,299
136,149,285
140,159,299
137,155,292
126,161,287
120,169,289
134,168,302
127,165,292
180,118,298
190,104,294
199,103,302
172,151,323
166,147,313
183,127,310
183,121,304
174,121,295
149,113,262
138,108,246
147,121,268
160,127,287
178,101,279
177,90,267
170,127,297
145,129,274
149,118,267
160,108,268
164,99,263
151,126,277
157,128,285
157,130,287
159,121,280
156,112,268
154,114,268
152,105,257
147,99,246
130,117,247
136,243,379
146,314,460
147,315,462
164,298,462
272,181,453
285,169,454
248,170,418
153,163,316
150,189,339
140,201,341
144,200,344
138,214,352
173,181,354
170,164,334
195,150,345
161,150,311
145,148,293
134,144,278
135,145,280
140,142,282
129,140,269
131,146,277
131,148,279
127,147,274
130,144,274
132,149,281
125,152,277
126,151,277
134,150,284
153,128,281
151,125,276
150,123,273
128,133,261
127,129,256
129,128,257
139,111,250
141,114,255
137,117,254
140,105,245
142,104,246
123,111,234
142,109,251
132,118,250
125,122,247
128,149,277
124,168,292
124,181,305
119,191,310
127,204,331
119,209,328
151,197,348
145,201,346
161,187,348
159,184,343
150,195,345
140,183,323
148,175,323
146,178,324
144,166,310
149,169,318
145,172,317
139,162,301
123,167,290
130,162,292
136,174,310
138,183,321
130,177,307
111,180,291
133,157,290
172,125,297
201,179,380
231,131,362
199,125,324
175,123,298
120,125,245
129,127,256
130,131,261
125,136,261
149,133,282
149,125,274
155,124,279
147,136,283
143,161,304
141,165,306
144,160,304
158,149,307
166,149,315
167,146,313
160,146,306
154,152,306
140,160,300
141,150,291
165,132,297
189,120,309
179,122,301
154,112,266
137,123,260
140,117,257
127,124,251
127,141,268
129,130,259
138,126,264
132,120,252
100,162,262
128,194,322
103,206,309
144,212,356
147,213,360
159,191,350
167,168,335
181,163,344
186,126,312
191,116,307
194,122,316
182,103,285
168,157,325
178,141,319
169,162,331
197,161,358
205,153,358
241,126,367
235,109,344
190,97,287
174,94,268
148,101,249
130,123,253
140,116,256
158,229,387
316,109,425
322,109,431
307,107,414
148,99,247
138,114,252
141,117,258
148,121,269
149,122,271
144,108,252
144,100,244
131,97,228
110,105,215
117,104,221
120,104,224
121,104,225
118,100,218
121,99,220
119,90,209
129,91,220
121,93,214
124,103,227
128,127,255
165,123,288
178,116,294
179,116,295
178,131,309
179,108,287
188,134,322
177,146,323
173,129,302
166,157,323
158,154,312
139,156,295
143,171,314
134,178,312
126,176,302
135,175,310
134,172,306
126,179,305
123,189,312
126,229,355
132,243,375
137,256,393
156,250,406
198,206,404
202,216,418
209,216,425
168,205,373
168,193,361
168,181,349
169,169,338
173,164,337
167,157,324
159,147,306
157,139,296
153,140,293
136,179,315
159,169,328
236,96,332
242,90,332
211,95,306
120,90,210
125,91,216
121,95,216
127,135,262
142,118,260
155,144,299
178,130,308
183,119,302
185,113,298
147,107,254
131,110,241
131,104,235
144,87,231
146,91,237
123,91,214
128,124,252
139,120,259
183,142,325
185,137,322
164,117,281
173,114,287
135,113,248
175,123,298
171,123,294
166,108,274
150,134,284
148,135,283
143,122,265
158,106,264
167,105,272
173,129,302
165,133,298
163,135,298
164,127,291
163,127,290
189,154,343
204,144,348
222,173,395
230,137,367
238,137,375
213,148,361
167,159,326
140,194,334
123,194,317
143,192,335
167,168,335
166,179,345
175,167,342
163,159,322
152,158,310
152,160,312
165,140,305
171,142,313
167,153,320
150,163,313
142,178,320
142,173,315
145,179,324
153,175,328
140,181,321
138,182,320
139,174,313
138,189,327
174,161,335
174,181,355
193,170,363
183,150,333
205,132,337
205,145,350
171,151,322
141,153,294
137,153,290
135,149,284
133,152,285
134,150,284
135,148,283
143,147,290
142,154,296
129,154,283
118,166,284
119,177,296
138,171,309
139,171,310
146,171,317
136,164,300
153,156,309
153,157,310
154,170,324
156,169,325
156,168,324
140,161,301
151,150,301
146,166,312
142,168,310
129,166,295
144,156,300
152,144,296
167,115,282
177,108,285
174,98,272
155,101,256
125,101,226
142,97,239
146,96,242
141,120,261
150,116,266
153,102,255
163,113,276
159,94,253
167,144,311
184,117,301
172,105,277
173,176,349
180,136,316
202,116,318
203,114,317
126,115,241
149,109,258
146,123,269
143,118,261
133,109,242
141,105,246
130,110,240
135,106,241
121,107,228
134,109,243
126,110,236
132,109,241
130,108,238
133,108,241
123,106,229
131,104,235
121,110,231
126,108,234
127,110,237
134,108,242
136,130,266
132,124,256
134,120,254
143,114,257
136,110,246
136,108,244
130,111,241
133,106,239
123,112,235
122,104,226
139,137,276
162,129,291
149,134,283
144,146,290
130,154,284
121,163,284
118,168,286
129,162,291
131,158,289
111,148,259
131,143,274
123,140,263
110,139,249
116,139,255
121,140,261
122,140,262
125,138,263
119,143,262
120,145,265
126,139,265
137,124,261
151,111,262
142,107,249
132,113,245
122,140,262
122,145,267
131,146,277
132,141,273
110,136,246
133,130,263
133,131,264
116,131,247
117,129,246
128,118,246
131,117,248
126,114,240
123,110,233
122,103,225
115,98,213
121,93,214
120,94,214
121,90,211
121,84,205
117,80,197
118,109,227
121,132,253
116,141,257
117,159,276
132,162,294
135,163,298
129,180,309
145,201,346
131,196,327
122,202,324
140,163,303
197,133,330
190,129,319
152,126,278
127,114,241
121,111,232
113,116,229
117,118,235
121,128,249
118,188,306
95,201,296
125,211,336
135,225,360
159,219,378
180,223,403
169,225,394
165,212,377
175,172,347
195,150,345
183,129,312
154,109,263
155,104,259
118,110,228
139,119,258
144,106,250
152,100,252
152,85,237
147,124,271
138,132,270
155,113,268
152,108,260
165,140,305
159,121,280
157,112,269
150,104,254
110,86,196
149,106,255
161,141,302
160,138,298
168,129,297
149,126,275
153,96,249
160,127,287
179,113,292
149,99,248
152,83,235
134,116,250
131,96,227
153,79,232
142,105,247
129,121,250
148,121,269
164,96,260
182,114,296
158,120,278
147,115,262
142,119,261
131,120,251
128,126,254
130,296,426
132,318,450
125,322,447
194,272,466
271,200,471
282,170,452
180,143,323
194,109,303
196,111,307
199,117,316
188,141,329
184,126,310
166,117,283
153,106,259
124,120,244
96,118,214
120,117,237
163,114,277
171,104,275
188,138,326
179,134,313
174,128,302
171,129,300
155,126,281
159,114,273
160,106,266
171,162,333
171,158,329
165,184,349
150,183,333
96,189,285
132,190,322
130,187,317
129,191,320
142,185,327
136,178,314
159,158,317
157,150,307
167,136,303
155,141,296
156,151,307
141,165,306
126,167,293
124,172,296
123,182,305
126,192,318
116,195,311
141,179,320
141,182,323
140,180,320
133,172,305
131,171,302
146,178,324
153,174,327
156,165,321
147,155,302
156,150,306
155,134,289
143,124,267
152,105,257
152,128,280
158,127,285
148,121,269
162,107,269
148,108,256
170,118,288
167,115,282
169,120,289
176,111,287
151,116,267
162,118,280
145,113,258
139,112,251
140,108,248
151,93,244
154,124,278
148,130,278
144,126,270
168,120,288
165,119,284
163,122,285
146,115,261
130,123,253
130,134,264
129,141,270
135,143,278
138,152,290
142,159,301
141,162,303
131,166,297
137,157,294
137,150,287
125,143,268
134,140,274
116,143,259
132,153,285
125,161,286
140,154,294
141,156,297
134,150,284
139,145,284
133,138,271
126,140,266
118,145,263
130,154,284
114,159,273
132,152,284
135,144,279
146,138,284
141,157,298
137,168,305
127,168,295
133,151,284
136,145,281
151,120,271
154,94,248
171,115,286
173,118,291
156,120,276
143,120,263
132,125,257
137,131,268
135,138,273
128,154,282
120,187,307
134,191,325
147,197,344
176,177,353
168,174,342
160,179,339
132,181,313
140,178,318
142,182,324
144,182,326
131,191,322
135,186,321
143,194,337
147,211,358
139,219,358
219,223,442
324,137,461
353,131,484
283,133,416
213,111,324
196,110,306
145,120,265
121,121,242
123,130,253
122,140,262
125,147,272
125,157,282
127,161,288
129,167,296
134,169,303
134,171,305
129,180,309
125,183,308
137,177,314
136,178,314
145,177,322
131,180,311
140,177,317
133,180,313
138,179,317
130,182,312
139,178,317
134,179,313
143,177,320
133,179,312
140,177,317
131,180,311
139,177,316
133,179,312
140,178,318
132,179,311
139,178,317
133,184,317
141,177,318
133,184,317
140,178,318
138,179,317
138,179,317
142,179,321
133,180,313
142,179,321
133,189,322
142,181,323
134,187,321
143,189,332
142,180,322
142,193,335
140,196,336
157,169,326
189,138,327
187,128,315
168,115,283
140,101,241
132,99,231
104,101,205
115,98,213
121,91,212
98,99,197
112,103,215
120,103,223
120,97,217
114,93,207
109,93,202
120,137,257
107,154,261
132,146,278
121,164,285
139,165,304
121,178,299
122,199,321
115,197,312
107,199,306
151,181,332
178,155,333
187,149,336
162,152,314
162,142,304
179,105,284
195,92,287
162,87,249
128,108,236
134,151,285
151,129,280
167,114,281
164,112,276
131,110,241
115,99,214
157,92,249
133,140,273
169,111,280
168,96,264
166,82,248
134,106,240
124,102,226
140,88,228
137,124,261
173,106,279
179,100,279
172,90,262
126,81,207
136,130,266
139,132,271
145,132,277
141,135,276
117,140,257
121,138,259
127,139,266
127,139,266
129,140,269
127,143,270
125,156,281
121,156,277
133,150,283
124,148,272
132,130,262
126,149,275
115,152,267
148,126,274
153,144,297
138,158,296
128,162,290
127,155,282
134,135,269
161,101,262
168,128,296
158,125,283
161,111,272
160,93,253
154,94,248
122,91,213
136,144,280
137,147,284
145,144,289
167,132,299
149,142,291
153,149,302
158,136,294
157,154,311
172,149,321
122,146,268
158,147,305
148,143,291
136,143,279
148,142,290
172,123,295
179,137,316
205,147,352
217,119,336
232,118,350
208,100,308
174,175,349
180,152,332
171,150,321
142,148,290
108,156,264
129,161,290
123,171,294
112,176,288
136,168,304
130,164,294
147,142,289
152,143,295
147,165,312
140,165,305
136,141,277
149,135,284
143,121,264
134,123,257
123,111,234
136,100,236
131,91,222
117,138,255
159,120,279
176,91,267
177,106,283
163,119,282
138,111,249
146,97,243
138,101,239
148,95,243
150,104,254
145,125,270
157,109,266
170,106,276
189,128,317
170,114,284
184,138,322
176,116,292
176,101,277
154,152,306
177,129,306
177,140,317
168,146,314
123,144,267
96,167,263
124,170,294
103,172,275
118,178,296
153,153,306
124,147,271
155,140,295
129,134,263
130,120,250
135,132,267
114,119,233
135,121,256
135,116,251
136,85,221
159,89,248
151,134,285
139,134,273
131,136,267
129,141,270
108,134,242
136,148,284
135,183,318
131,188,319
174,150,324
184,136,320
192,119,311
183,114,297
175,116,291
170,103,273
148,92,240
143,94,237
128,96,224
98,95,193
130,94,224
119,108,227
134,106,240
121,94,215
117,85,202
102,114,216
144,98,242
142,88,230
134,110,244
137,111,248
139,107,246
127,109,236
127,112,239
126,118,244
127,118,245
115,150,265
164,116,280
165,105,270
177,104,281
146,94,240
146,108,254
149,98,247
137,132,269
160,127,287
163,122,285
173,110,283
159,92,251
161,134,295
167,133,300
157,142,299
158,152,310
191,195,386
252,157,409
253,146,399
219,127,346
193,95,288
187,138,325
179,118,297
161,104,265
158,132,290
148,121,269
158,101,259
153,94,247
131,88,219
98,101,199
138,135,273
153,122,275
166,149,315
154,157,311
121,160,281
121,157,278
118,157,275
100,160,260
131,157,288
126,161,287
129,152,281
132,148,280
116,144,260
125,146,271
104,150,254
119,150,269
121,146,267
119,147,266
124,146,270
126,142,268
120,140,260
120,140,260
126,139,265
105,134,239
124,134,258
104,147,251
104,283,387
122,302,424
142,282,424
204,226,430
246,174,420
255,145,400
245,100,345
209,131,340
194,131,325
157,120,277
168,98,266
151,92,243
153,90,243
131,103,234
128,88,216
142,94,236
141,80,221
134,89,223
118,114,232
130,108,238
140,97,237
123,91,214
134,113,247
142,108,250
110,100,210
132,93,225
121,89,210
129,102,231
136,87,223
141,78,219
129,112,241
128,112,240
121,119,240
129,128,257
124,133,257
100,143,243
131,138,269
125,132,257
128,125,253
133,118,251
134,107,241
142,98,240
138,93,231
131,78,209
129,90,219
123,83,206
123,96,219
126,97,223
126,96,222
131,96,227
128,91,219
125,89,214
130,91,221
127,91,218
129,101,230
133,91,224
139,85,224
139,106,245
137,108,245
142,101,243
133,97,230
135,90,225
137,119,256
132,126,258
133,122,255
129,127,256
134,126,260
137,131,268
133,133,266
131,136,267
126,136,262
121,128,249
125,121,246
128,113,241
131,99,230
131,93,224
130,100,230
135,129,264
158,116,274
168,103,271
157,96,253
137,94,231
142,82,224
143,115,258
138,114,252
141,99,240
144,139,283
154,127,281
148,114,262
133,117,250
133,103,236
146,132,278
180,112,292
179,87,266
178,113,291
161,104,265
146,101,247
138,100,238
125,99,224
128,99,227
130,93,223
135,84,219
139,112,251
133,120,253
137,115,252
130,120,250
124,135,259
121,139,260
120,138,258
126,138,264
134,136,270
129,140,269
131,135,266
125,133,258
151,131,282
185,107,292
184,104,288
168,105,273
138,101,239
132,105,237
125,108,233
121,109,230
125,102,227
122,96,218
130,88,218
127,83,210
129,107,236
121,107,228
124,108,232
134,104,238
129,108,237
132,107,239
129,100,229
132,87,219
135,79,214
130,90,220
127,118,245
133,128,261
133,123,256
132,117,249
126,110,236
130,100,230
126,97,223
133,85,218
130,114,244
132,122,254
130,120,250
138,116,254
128,108,236
133,104,237
139,95,234
146,116,262
154,114,268
150,103,253
139,98,237
118,100,218
121,97,218
125,93,218
126,91,217
133,111,244
139,114,253
139,111,250
142,181,323
215,163,378
290,121,411
297,99,396
227,113,340
160,113,273
150,126,276
148,118,266
141,98,239
145,135,280
142,133,275
160,149,309
141,150,291
143,134,277
156,121,277
150,115,265
138,109,247
136,105,241
143,97,240
151,102,253
150,102,252
140,98,238
126,98,224
112,96,208
122,93,215
125,92,217
125,93,218
128,93,221
122,90,212
124,91,215
122,108,230
116,117,233
127,130,257
127,134,261
118,135,253
124,136,260
114,132,246
127,127,254
121,126,247
124,124,248
119,124,243
131,117,248
127,115,242
129,109,238
118,103,221
123,100,223
127,91,218
123,85,208
127,84,211
125,79,204
119,104,223
124,106,230
118,102,220
119,100,219
115,95,210
119,87,206
126,86,212
125,85,210
116,79,195
122,123,245
124,121,245
126,131,257
126,136,262
116,134,250
126,125,251
144,135,279
135,146,281
129,154,283
136,149,285
126,146,272
128,147,275
117,149,266
112,149,261
117,147,264
127,169,296
131,176,307
129,189,318
140,175,315
146,163,309
138,158,296
138,145,283
126,147,273
128,153,281
121,157,278
119,151,270
122,150,272
120,144,264
124,141,265
121,136,257
124,134,258
121,132,253
120,131,251
121,132,253
120,143,263
122,155,277
122,156,278
120,159,279
125,154,279
122,150,272
126,150,276
124,148,272
125,145,270
124,154,278
123,165,288
120,184,304
127,201,328
123,221,344
136,215,351
157,200,357
157,186,343
183,163,346
177,151,328
174,142,316
159,132,291
134,133,267
123,141,264
128,129,257
142,126,268
139,127,266
161,131,292
172,107,279
188,101,289
166,151,317
173,137,310
179,128,307
172,119,291
139,117,256
123,119,242
125,118,243
123,116,239
120,116,236
122,120,242
126,119,245
133,122,255
131,127,258
129,130,259
123,133,256
125,133,258
120,138,258
128,137,265
134,140,274
130,141,271
130,158,288
129,153,282
124,148,272
132,146,278
126,142,268
128,147,275
123,143,266
120,136,256
126,133,259
126,129,255
127,125,252
128,130,258
120,129,249
126,140,266
122,159,281
131,156,287
123,158,281
135,148,283
125,147,272
136,145,281
136,141,277
138,138,276
134,137,271
131,127,258
128,119,247
156,88,244
146,105,251
151,115,266
127,118,245
133,133,266
122,135,257
121,142,263
107,141,248
134,131,265
116,136,252
139,136,275
133,134,267
129,148,277
132,148,280
121,150,271
128,143,271
118,137,255
122,133,255
126,126,252
125,121,246
121,114,235
120,111,231
120,105,225
123,106,229
118,107,225
126,99,225
128,97,225
127,94,221
125,88,213
123,81,204
122,77,199
116,92,208
123,94,217
121,85,206
125,80,205
120,102,222
116,121,237
130,123,253
127,122,249
123,117,240
123,113,236
117,109,226
119,109,228
125,112,237
127,104,231
132,98,230
125,98,223
127,109,236
127,114,241
124,122,246
125,130,255
115,131,246
124,134,258
123,143,266
125,155,280
115,156,271
111,155,266
117,149,266
120,146,266
123,140,263
121,140,261
123,134,257
118,133,251
115,128,243
122,126,248
122,129,251
122,127,249
118,127,245
114,120,234
127,112,239
122,108,230
118,106,224
119,101,220
121,99,220
124,92,216
121,87,208
122,86,208
115,87,202
123,86,209
123,85,208
121,81,202
122,77,199
122,90,212
122,102,224
118,106,224
123,122,245
119,122,241
118,117,235
125,116,241
122,110,232
126,104,230
123,98,221
109,92,201
123,86,209
118,79,197
116,95,211
122,111,233
114,118,232
121,132,253
120,135,255
124,171,295
124,182,306
130,183,313
130,181,311
145,174,319
141,176,317
137,181,318
127,188,315
144,173,317
145,171,316
145,176,321
127,184,311
134,174,308
137,181,318
138,187,325
141,273,414
142,335,477
143,356,499
135,350,485
259,224,483
313,168,481
340,144,484
207,118,325
211,120,331
192,101,293
177,93,270
161,166,327
153,158,311
145,157,302
146,135,281
98,118,216
143,102,245
164,86,250
162,159,321
156,152,308
151,142,293
151,123,274
112,104,216
148,98,246
153,120,273
151,112,263
160,98,258
157,121,278
150,110,260
158,97,255
153,116,269
148,105,253
155,90,245
156,166,322
145,162,307
142,163,305
147,142,289
102,118,220
145,101,246
169,108,277
159,133,292
170,111,281
168,99,267
169,121,290
151,123,274
158,112,270
161,183,344
171,174,345
173,177,350
184,144,328
115,139,254
177,111,288
190,158,348
195,144,339
158,138,296
140,134,274
94,140,234
128,130,258
108,123,231
147,106,253
175,165,340
180,166,346
172,170,342
151,155,306
116,147,263
148,148,296
127,154,281
118,153,271
120,152,272
127,176,303
137,182,319
132,190,322
140,192,332
132,202,334
112,199,311
159,184,343
147,184,331
145,177,322
146,153,299
162,142,304
173,129,302
181,135,316
171,145,316
158,146,304
133,160,293
116,169,285
130,183,313
131,187,318
131,182,313
133,186,319
143,160,303
180,150,330
179,140,319
174,127,301
150,123,273
164,100,264
151,171,322
183,143,326
162,145,307
123,157,280
80,166,246
107,176,283
121,186,307
120,200,320
112,216,328
134,208,342
156,185,341
168,178,346
169,166,335
137,164,301
137,158,295
132,155,287
124,159,283
140,147,287
129,147,276
127,148,275
108,156,264
122,157,279
118,152,270
120,151,271
126,141,267
129,146,275
118,146,264
112,157,269
117,162,279
119,161,280
103,162,265
115,164,279
105,165,270
132,173,305
126,179,305
115,197,312
123,196,319
142,202,344
148,195,343
161,197,358
164,193,357
157,190,347
144,205,349
192,155,347
176,140,316
225,116,341
166,107,273
160,120,280
138,109,247
164,96,260
154,140,294
173,119,292
151,117,268
153,126,279
119,137,256
99,146,245
119,159,278
125,159,284
128,161,289
132,157,289
135,172,307
142,172,314
121,157,278
132,149,281
124,138,262
126,145,271
110,130,240
138,121,259
117,117,234
159,86,245
161,135,296
183,156,339
198,137,335
189,125,314
175,103,278
144,94,238
134,111,245
140,106,246
146,104,250
137,101,238
151,126,277
149,136,285
138,135,273
132,147,279
126,157,283
120,179,299
114,192,306
119,211,330
127,251,378
272,149,421
263,146,409
282,144,426
209,136,345
206,129,335
189,117,306
169,137,306
174,147,321
176,151,327
161,172,333
139,202,341
148,212,360
193,168,361
222,128,350
226,127,353
229,125,354
187,134,321
146,172,318
122,174,296
111,171,282
115,165,280
159,127,286
155,97,252
186,96,282
161,109,270
136,119,255
133,123,256
142,141,283
132,141,273
130,135,265
136,120,256
142,106,248
152,93,245
158,139,297
164,142,306
151,146,297
151,130,281
136,117,253
148,153,301
180,116,296
182,98,280
178,105,283
151,92,243
152,129,281
149,121,270
144,122,266
144,121,265
149,138,287
161,108,269
179,113,292
156,118,274
118,129,247
117,135,252
105,130,235
136,121,257
144,98,242
141,93,234
137,79,216
126,110,236
116,98,214
140,102,242
132,83,215
145,128,273
136,121,257
129,124,253
128,132,260
102,148,250
122,146,268
122,153,275
131,140,271
129,132,261
118,114,232
144,96,240
147,113,260
150,127,277
134,149,283
124,164,288
114,189,303
104,181,285
130,174,304
126,167,293
153,138,291
154,130,284
142,114,256
123,164,287
119,153,272
181,113,294
188,112,300
185,96,281
182,110,292
172,111,283
182,118,300
178,115,293
162,108,270
136,128,264
169,135,304
191,112,303
170,98,268
167,132,299
165,117,282
140,124,264
148,119,267
120,111,231
120,104,224
90,103,193
100,103,203
125,98,223
122,92,214
107,112,219
120,126,246
125,129,254
136,130,266
141,135,276
118,142,260
142,153,295
140,159,299
143,163,306
124,166,290
116,160,276
107,165,272
119,188,307
116,188,304
123,182,305
121,176,297
153,141,294
157,141,298
139,136,275
116,138,254
131,128,259
124,125,249
132,116,248
117,113,230
122,112,234
115,108,223
119,116,235
123,112,235
117,107,224
131,94,225
133,110,243
115,123,238
124,129,253
112,137,249
134,143,277
135,145,280
121,143,264
155,106,261
157,107,264
150,113,263
125,114,239
127,108,235
120,103,223
116,96,212
122,90,212
127,78,205
129,113,242
136,104,240
149,116,265
146,109,255
145,98,243
143,83,226
127,84,211
116,81,197
124,106,230
117,134,251
133,130,263
128,131,259
134,135,269
130,148,278
118,156,274
127,154,281
128,157,285
107,160,267
136,167,303
120,177,297
117,178,295
116,172,288
142,146,288
155,134,289
159,123,282
150,107,257
152,85,237
154,133,287
146,119,265
142,121,263
136,118,254
106,104,210
134,95,229
121,112,233
147,119,266
148,116,264
148,148,296
169,132,301
171,133,304
139,127,266
106,117,223
136,101,237
146,99,245
137,111,248
144,105,249
149,128,277
160,131,291
162,123,285
164,108,272
143,106,249
136,102,238
136,89,225
142,78,220
133,101,234
131,97,228
147,119,266
161,107,268
158,101,259
155,102,257
145,94,239
132,101,233
145,98,243
142,152,294
169,127,296
166,114,280
163,106,269
138,156,294
160,152,312
153,159,312
136,172,308
97,183,280
135,179,314
133,176,309
118,192,310
144,165,309
144,149,293
171,142,313
148,148,296
110,142,252
119,133,252
113,122,235
119,117,236
111,112,223
108,105,213
109,107,216
124,104,228
125,96,221
127,94,221
125,95,220
124,93,217
120,93,213
122,88,210
120,87,207
124,94,218
123,91,214
125,121,246
134,127,261
130,121,251
129,118,247
115,256,371
129,285,414
121,332,453
152,302,454
246,212,458
259,180,439
236,121,357
221,99,320
216,86,302
156,98,254
116,91,207
143,114,257
139,114,253
149,106,255
160,113,273
163,106,269
142,99,241
144,94,238
137,84,221
141,120,261
139,117,256
145,107,252
149,93,242
143,98,241
151,87,238
137,101,238
139,96,235
129,88,217
139,97,236
143,87,230
135,115,250
141,113,254
133,104,237
141,96,237
136,96,232
130,93,223
131,93,224
132,94,226
128,132,260
155,113,268
151,114,265
143,120,263
104,122,226
126,122,248
121,121,242
123,133,256
118,135,253
120,146,266
130,153,283
131,172,303
120,175,295
137,175,312
134,190,324
131,188,319
125,181,306
148,153,301
164,133,297
168,119,287
148,105,253
161,93,254
155,85,240
155,104,259
130,111,241
131,103,234
123,97,220
125,96,221
125,97,222
124,115,239
125,133,258
122,147,269
138,128,266
176,104,280
183,99,282
177,151,328
161,149,310
161,135,296
164,127,291
150,121,271
143,124,267
136,128,264
126,128,254
120,122,242
118,117,235
129,109,238
122,105,227
126,104,230
129,110,239
123,106,229
127,102,229
124,101,225
125,99,224
130,98,228
126,102,228
125,117,242
122,141,263
122,141,263
142,135,277
146,135,281
144,131,275
135,131,266
132,124,256
129,118,247
132,117,249
128,117,245
123,121,244
122,115,237
122,114,236
126,106,232
118,104,222
126,106,232
117,103,220
127,100,227
139,85,224
143,89,232
143,105,248
131,101,232
131,99,230
134,104,238
133,104,237
137,110,247
143,99,242
141,92,233
142,84,226
135,104,239
131,110,241
129,138,267
128,143,271
122,149,271
141,140,281
135,139,274
136,141,277
125,143,268
123,142,265
132,138,270
142,134,276
134,135,269
126,151,277
115,159,274
122,154,276
133,153,286
127,149,276
132,161,293
128,160,288
125,155,280
128,144,272
130,137,267
119,135,254
121,125,246
128,119,247
137,103,240
136,95,231
136,88,224
123,83,206
125,93,218
128,88,216
131,107,238
134,105,239
136,92,228
140,82,222
136,93,229
138,98,236
130,99,229
123,98,221
124,92,216
124,96,220
124,101,225
125,93,218
127,91,218
132,109,241
129,113,242
142,110,252
133,118,251
126,124,250
125,123,248
127,115,242
129,111,240
129,103,232
121,100,221
135,92,227
124,82,206
133,95,228
131,92,223
129,83,212
127,89,216
127,85,212
131,92,223
129,93,222
132,87,219
137,82,219
137,108,245
129,106,235
127,97,224
132,86,218
131,92,223
137,84,221
132,95,227
127,92,219
129,83,212
133,97,230
126,110,236
126,110,236
126,117,243
123,113,236
123,109,232
125,102,227
117,185,302
192,165,357
260,110,370
269,103,372
194,120,314
158,103,261
165,104,269
158,114,272
132,105,237
126,100,226
109,99,208
115,101,216
121,105,226
122,102,224
115,112,227
113,131,244
120,155,275
119,172,291
126,179,305
133,189,322
130,193,323
114,188,302
157,153,310
158,146,304
175,151,326
149,132,281
170,129,299
180,135,315
165,144,309
147,158,305
129,171,300
123,178,301
109,187,296
127,193,320
127,198,325
140,191,331
144,192,336
146,180,326
142,171,313
147,165,312
127,157,284
139,143,282
142,132,274
139,136,275
130,130,260
123,132,255
139,115,254
169,95,264
172,86,258
155,78,233
130,90,220
124,92,216
121,95,216
125,96,221
122,98,220
124,97,221
127,96,223
130,98,228
131,96,227
133,96,229
128,98,226
125,97,222
138,96,234
139,116,255
154,93,247
159,116,275
163,103,266
146,89,235
150,88,238
140,101,241
139,93,232
137,83,220
134,99,233
136,97,233
137,89,226
146,99,245
145,95,240
146,90,236
138,101,239
138,102,240
141,117,258
141,128,269
146,134,280
164,136,300
165,138,303
177,127,304
169,112,281
154,96,250
153,88,241
146,101,247
135,92,227
136,82,218
134,102,236
135,92,227
135,83,218
138,101,239
139,94,233
139,89,228
138,80,218
136,101,237
138,91,229
136,81,217
138,102,240
137,92,229
138,80,218
137,100,237
135,98,233
137,90,227
137,94,231
138,111,249
175,117,292
189,94,283
185,83,268
159,102,261
139,100,239
137,90,227
135,80,215
137,101,238
137,91,228
138,82,220
134,100,234
134,94,228
135,89,224
136,102,238
137,98,235
137,93,230
134,83,217
134,98,232
132,95,227
135,91,226
136,81,217
138,100,238
139,96,235
139,90,229
137,134,271
140,127,267
146,120,266
150,109,259
138,104,242
137,106,243
129,141,270
127,148,275
118,176,294
155,133,288
191,174,365
149,192,341
218,195,413
187,190,377
221,170,391
135,178,313
165,190,355
154,149,303
165,129,294
133,102,235
168,141,309
117,196,313
202,134,336
219,113,332
212,122,334
155,184,339
178,206,384
214,160,374
220,220,440
239,222,461
254,162,416
210,129,339
204,105,309
178,173,351
158,176,334
212,140,352
207,214,421
182,174,356
270,127,397
216,130,346
181,198,379
197,168,365
219,142,361
171,154,325
159,145,304
178,142,320
122,134,256
184,107,291
182,118,300
154,108,262
154,107,261
146,115,261
154,106,260
154,109,263
157,113,270
163,194,357
179,221,400
207,188,395
192,215,407
155,177,332
170,169,339
152,118,270
194,170,364
198,154,352
220,267,487
267,245,512
298,237,535
284,161,445
178,162,340
244,129,373
182,182,364
197,146,343
211,147,358
174,244,418
163,229,392
198,196,394
188,157,345
213,179,392
189,162,351
137,156,293
201,95,296
185,88,273
159,93,252
115,93,208
119,104,223
111,105,216
115,112,227
117,112,229
87,121,208
119,127,246
97,121,218
128,119,247
156,127,283
157,107,264
189,91,280
157,158,315
155,155,310
152,178,330
148,186,334
110,181,291
125,213,338
132,329,461
160,329,489
146,334,480
241,251,492
259,189,448
310,152,462
182,143,325
155,146,301
133,132,265
131,137,268
130,134,264
133,134,267
119,130,249
141,131,272
138,159,297
102,182,284
136,186,322
119,181,300
143,187,330
162,142,304
184,129,313
183,136,319
139,132,271
126,124,250
132,121,253
140,100,240
140,94,234
139,84,223
126,122,248
130,126,256
145,109,254
158,113,271
174,113,287
172,108,280
154,103,257
133,108,241
113,99,212
138,87,225
136,79,215
126,146,272
116,127,243
129,122,251
129,111,240
78,100,178
118,130,248
145,135,280
154,131,285
130,139,269
126,149,275
115,145,260
120,160,280
120,153,273
131,138,269
138,127,265
112,123,235
124,114,238
117,105,222
131,99,230
126,89,215
139,131,270
133,130,263
147,128,275
129,119,248
116,112,228
118,100,218
88,96,184
110,82,192
132,125,257
114,128,242
136,128,264
132,124,256
116,121,237
114,122,236
131,121,252
125,142,267
129,155,284
135,152,287
126,145,271
139,152,291
126,157,283
145,149,294
158,144,302
151,172,323
139,176,315
136,165,301
135,165,300
128,163,291
143,135,278
157,119,276
160,106,266
150,97,247
152,104,256
155,104,259
147,113,260
151,115,266
143,170,313
175,142,317
170,145,315
155,151,306
106,149,255
121,144,265
133,173,306
123,178,301
109,179,288
120,185,305
150,154,304
157,142,299
184,152,336
149,153,302
137,146,283
146,143,289
151,134,285
146,134,280
158,121,279
136,138,274
138,157,295
115,166,281
112,185,297
123,188,311
117,184,301
130,170,300
171,124,295
181,109,290
188,88,276
168,125,293
165,100,265
153,133,286
164,116,280
161,111,272
164,137,301
170,110,280
170,98,268
141,110,251
124,125,249
106,151,257
120,150,270
113,171,284
117,179,296
135,185,320
135,194,329
166,196,362
169,181,350
163,178,341
137,176,313
198,124,322
219,106,325
232,111,343
157,113,270
148,105,253
166,154,320
180,142,322
179,131,310
162,130,292
126,127,253
135,118,253
134,113,247
131,119,250
117,133,250
124,132,256
127,130,257
129,127,256
132,116,248
137,99,236
135,89,224
122,133,255
135,112,247
160,100,260
167,86,253
144,119,263
151,107,258
142,99,241
135,93,228
140,114,254
142,111,253
148,99,247
156,124,280
146,131,277
131,126,257
118,123,241
104,118,222
126,118,244
115,128,243
124,156,280
125,179,304
121,176,297
127,169,296
108,164,272
155,132,287
168,112,280
165,99,264
150,88,238
144,106,250
148,99,247
146,129,275
151,133,284
149,140,289
138,143,281
124,140,264
127,133,260
132,122,254
133,126,259
127,124,251
125,119,244
133,103,236
135,106,241
123,102,225
108,103,211
125,98,223
121,95,216
124,89,213
115,91,206
123,93,216
118,100,218
123,108,231
137,108,245
162,107,269
180,93,273
166,83,249
145,91,236
135,102,237
138,97,235
134,97,231
135,93,228
131,89,220
131,142,273
143,211,354
235,131,366
253,135,388
197,142,339
130,140,270
142,130,272
150,118,268
148,105,253
138,96,234
136,87,223
125,86,211
126,103,229
133,91,224
149,103,252
162,85,247
145,105,250
136,108,244
135,97,232
133,92,225
141,99,240
147,86,233
152,101,253
139,88,227
147,126,273
139,121,260
147,101,248
144,90,234
127,85,212
138,109,247
136,99,235
139,89,228
138,81,219
124,100,224
135,86,221
142,93,235
143,88,231
141,97,238
138,109,247
141,122,263
142,122,264
139,119,258
135,129,264
132,127,259
113,122,235
124,108,232
141,98,239
149,84,233
151,89,240
142,84,226
130,88,218
126,83,209
126,109,235
127,116,243
136,105,241
142,95,237
142,83,225
143,96,239
143,108,251
136,125,261
139,118,257
144,107,251
160,113,273
156,107,263
156,106,262
150,103,253
139,98,237
146,96,242
137,99,236
126,96,222
134,96,230
136,101,237
137,93,230
141,100,241
140,88,228
141,102,243
150,93,243
137,117,254
155,101,256
149,103,252
144,100,244
115,95,210
126,99,225
121,100,221
125,103,228
123,104,227
119,106,225
123,111,234
124,112,236
122,119,241
121,121,242
127,125,252
124,132,256
119,141,260
124,139,263
121,134,255
120,135,255
126,132,258
112,133,245
131,116,247
132,113,245
131,114,245
120,119,239
118,120,238
119,117,236
124,118,242
116,119,235
114,117,231
119,117,236
122,131,253
125,137,262
115,138,253
123,136,259
121,126,247
132,134,266
129,131,260
126,125,251
121,117,238
122,111,233
112,105,217
110,102,212
122,103,225
110,103,213
122,96,218
126,89,215
123,85,208
122,80,202
120,76,196
120,91,211
121,112,233
118,123,241
130,116,246
124,123,247
130,137,267
114,135,249
119,137,256
144,123,267
151,116,267
145,110,255
137,114,251
112,127,239
124,141,265
108,152,260
133,157,290
143,154,297
137,160,297
134,164,298
128,174,302
125,180,305
126,184,310
132,180,312
137,175,312
143,179,322
134,179,313
139,164,303
148,178,326
146,186,332
120,184,304
124,178,302
139,165,304
164,139,303
151,130,281
151,140,291
130,158,288
122,162,284
115,159,274
124,156,280
124,151,275
122,150,272
116,150,266
115,152,267
122,156,278
123,149,272
121,154,275
116,155,271
121,150,271
124,145,269
121,144,265
122,138,260
122,136,258
124,130,254
121,127,248
120,133,253
123,134,257
121,130,251
122,129,251
118,127,245
121,121,242
127,112,239
130,111,241
126,108,234
121,103,224
121,106,227
121,102,223
124,96,220
124,96,220
120,92,212
121,90,211
122,84,206
122,84,206
121,85,206
118,97,215
118,100,218
128,95,223
127,95,222
130,85,215
134,106,240
138,114,252
134,109,243
122,121,243
119,118,237
123,112,235
116,113,229
121,125,246
117,131,248
116,137,253
122,213,335
126,278,404
128,290,418
131,292,423
187,225,412
246,161,407
284,124,408
193,99,292
184,92,276
150,97,247
136,87,223
136,110,246
148,116,264
148,125,273
151,121,272
153,112,265
140,107,247
148,128,276
151,124,275
169,111,280
162,106,268
144,114,258
138,117,255
126,115,241
117,125,242
106,122,228
140,136,276
141,152,293
142,150,292
140,145,285
149,153,302
150,136,286
153,129,282
151,117,268
148,101,249
149,112,261
159,102,261
159,96,255
158,108,266
151,99,250
156,105,261
150,114,264
158,100,258
161,93,254
160,108,268
155,95,250
157,109,266
155,95,250
153,108,261
151,96,247
151,98,249
151,108,259
153,96,249
152,111,263
153,96,249
155,106,261
157,93,250
152,107,259
151,96,247
151,109,260
153,96,249
152,107,259
153,96,249
151,107,258
151,96,247
151,107,258
154,94,248
152,105,257
150,96,246
150,106,256
149,114,263
157,95,252
158,108,266
159,95,254
151,109,260
151,96,247
149,107,256
153,95,248
149,108,257
152,96,248
150,107,257
152,95,247
149,109,258
150,96,246
148,97,245
150,108,258
154,94,248
155,109,264
151,95,246
153,119,272
152,144,296
177,136,313
201,141,342
238,140,378
219,113,332
201,97,298
166,83,249
137,158,295
139,161,300
127,166,293
146,150,296
104,136,240
140,131,271
153,128,281
161,106,267
161,110,271
120,101,221
123,111,234
117,118,235
109,136,245
115,135,250
112,128,240
161,119,280
194,116,310
181,123,304
175,107,282
134,98,232
141,103,244
110,100,210
123,104,227
120,109,229
103,96,199
134,98,232
116,92,208
103,89,192
120,89,209
111,94,205
127,100,227
118,95,213
135,89,224
127,97,224
123,95,218
89,91,180
126,87,213
116,103,219
129,108,237
127,98,225
138,107,245
140,101,241
121,94,215
128,88,216
114,88,202
113,93,206
125,85,210
111,79,190
128,100,228
122,107,229
97,105,202
125,99,224
121,97,218
123,99,222
123,103,226
123,100,223
123,94,217
122,88,210
115,83,198
125,104,229
118,109,227
126,109,235
123,105,228
117,99,216
122,129,251
108,150,258
122,152,274
120,165,285
129,166,295
146,163,309
154,156,310
161,171,332
149,184,333
141,205,346
139,207,346
149,205,354
155,208,363
182,180,362
185,169,354
194,152,346
175,139,314
179,135,314
153,146,299
142,152,294
127,155,282
128,175,303
133,169,302
132,179,311
124,181,305
110,185,295
136,171,307
144,160,304
168,160,328
150,169,319
128,168,296
134,161,295
133,164,297
181,138,319
164,137,301
162,147,309
126,151,277
113,158,271
128,153,281
123,149,272
126,148,274
128,152,280
126,152,278
124,148,272
122,143,265
121,144,265
124,141,265
114,146,260
121,143,264
124,139,263
122,146,268
123,154,277
121,149,270
131,149,280
131,160,291
122,178,300
115,203,318
122,210,332
122,216,338
143,199,342
157,176,333
162,160,322
157,162,319
149,155,304
132,151,283
118,144,262
122,145,267
101,139,240
125,143,268
94,142,236
126,143,269
120,146,266
124,151,275
115,148,263
107,144,251
131,141,272
117,143,260
121,138,259
114,145,259
129,154,283
147,187,334
241,161,402
290,129,419
272,122,394
183,115,298
164,136,300
188,125,313
184,125,309
153,150,303
123,159,282
134,170,304
139,162,301
133,148,281
146,106,252
171,99,270
160,93,253
121,88,209
129,117,246
146,106,252
167,129,296
176,115,291
159,105,264
152,100,252
128,100,228
123,108,231
122,116,238
124,127,251
122,136,258
131,129,260
143,110,253
156,99,255
141,126,267
140,139,279
134,140,274
134,133,267
119,130,249
136,118,254
123,108,231
129,100,229
127,93,220
126,84,210
127,79,206
124,92,216
122,97,219
127,110,237
149,88,237
148,83,231
147,136,283
115,151,266
131,169,300
128,181,309
116,176,292
113,170,283
136,160,296
128,160,288
134,155,289
119,163,282
120,171,291
124,170,294
121,170,291
123,175,298
145,155,300
180,120,300
191,106,297
171,107,278
134,114,248
126,111,237
124,110,234
138,97,235
117,92,209
136,93,229
130,94,224
129,89,218
132,103,235
144,92,236
137,92,229
139,84,223
129,82,211
125,76,201
126,89,215
126,89,215
124,107,231
150,85,235
148,108,256
147,107,254
119,101,220
128,102,230
120,97,217
124,91,215
120,86,206
121,96,217
121,99,220
120,97,217
128,99,227
123,105,228
128,106,234
123,102,225
121,96,217
123,94,217
122,88,210
125,91,216
121,90,211
120,91,211
123,91,214
120,92,212
124,91,215
129,83,212
137,89,226
134,83,217
127,83,210
121,81,202
118,96,214
128,102,230
125,110,235
121,110,231
121,106,227
121,99,220
123,99,222
121,95,216
120,100,220
123,95,218
121,89,210
121,82,203
119,80,199
123,95,218
122,91,213
122,88,210
125,86,211
123,78,201
127,91,218
120,88,208
117,84,201
124,79,203
121,100,221
115,113,228
124,115,239
120,128,248
123,129,252
122,129,251
121,128,249
127,119,246
124,114,238
124,107,231
122,105,227
113,99,212
124,94,218
123,88,211
115,89,204
122,94,216
123,91,214
129,86,215
119,84,203
123,83,206
124,79,203
120,109,229
123,114,237
123,122,245
114,124,238
120,122,242
126,125,251
124,129,253
124,132,256
121,134,255
123,143,266
126,152,278
122,160,282
125,166,291
128,167,295
130,169,299
137,161,298
134,168,302
132,167,299
115,173,288
123,174,297
129,168,297
129,164,293
132,159,291
123,166,289
131,159,290
139,165,304
177,162,339
162,169,331
154,166,320
165,147,312
177,135,312
155,134,289
150,130,280
138,135,273
137,146,283
128,154,282
133,140,273
138,132,270
151,124,275
143,121,264
145,115,260
136,112,248
132,110,242
128,112,240
125,104,229
126,97,223
133,91,224
130,91,221
135,84,219
128,94,222
131,98,229
124,97,221
127,103,230
127,100,227
131,90,221
130,92,222
113,98,211
117,232,349
121,243,364
142,221,363
156,212,368
298,122,420
76,103,179
109,96,205
144,98,242
124,91,215
138,81,219
140,91,231
136,90,226
129,81,210
131,86,217
130,88,218
128,79,207
126,97,223
129,96,225
122,98,220
131,93,224
134,83,217
137,91,228
134,97,231
135,88,223
138,102,240
133,102,235
130,102,232
129,100,229
127,119,246
154,114,268
181,97,278
184,97,281
150,92,242
124,80,204
131,91,222
131,98,229
120,102,222
127,91,218
124,83,207
140,104,244
136,116,252
139,112,251
155,120,275
154,121,275
156,126,282
128,137,265
124,153,277
120,179,299
125,184,309
123,192,315
135,195,330
124,203,327
133,190,323
138,193,331
155,181,336
150,169,319
152,157,309
145,169,314
131,173,304
124,167,291
121,164,285
130,150,280
134,153,287
134,160,294
113,159,272
120,155,275
126,146,272
116,139,255
121,133,254
125,132,257
119,138,257
121,145,266
114,151,265
122,148,270
127,145,272
125,152,277
129,156,285
128,156,284
127,158,285
125,163,288
124,171,295
121,166,287
116,161,277
139,143,282
144,131,275
143,130,273
149,115,264
144,115,259
135,120,255
125,115,240
111,118,229
115,118,233
123,117,240
117,112,229
122,111,233
124,107,231
120,102,222
120,105,225
122,108,230
125,100,225
125,95,220
126,90,216
122,92,214
122,94,216
118,93,211
123,123,246
123,142,265
115,181,296
133,202,335
143,223,366
199,176,375
221,149,370
208,147,355
165,142,307
116,124,240
136,101,237
150,99,249
114,97,211
125,96,221
116,103,219
122,116,238
135,118,253
145,135,280
162,143,305
155,106,261
182,82,264
142,118,260
109,118,227
151,85,236
150,81,231
109,76,185
125,100,225
121,101,222
120,99,219
122,101,223
120,103,223
122,107,229
115,113,228
122,115,237
124,114,238
121,110,231
120,106,226
124,112,236
116,122,238
123,123,246
128,112,240
125,107,232
120,101,221
122,103,225
124,97,221
122,99,221
120,96,216
127,87,214
126,81,207
126,95,221
116,90,206
122,90,212
118,88,206
122,106,228
133,112,245
134,128,262
128,143,271
123,152,275
125,158,283
127,157,284
130,154,284
127,149,276
125,147,272
114,141,255
125,140,265
122,140,262
120,143,263
124,141,265
123,149,272
117,155,272
117,153,270
115,152,267
123,160,283
117,167,284
115,166,281
123,170,293
117,164,281
127,160,287
129,163,292
123,166,289
116,162,278
125,155,280
121,152,273
124,148,272
124,143,267
125,141,266
117,145,262
123,145,268
122,147,269
122,144,266
123,138,261
121,139,260
125,135,260
124,139,263
125,143,268
126,145,271
127,145,272
132,143,275
132,160,292
117,162,279
121,157,278
127,151,278
126,158,284
124,150,274
127,145,272
124,172,296
124,170,294
118,165,283
135,147,282
154,123,277
153,118,271
102,112,214
127,104,231
122,97,219
123,93,216
120,92,212
120,87,207
121,123,244
120,174,294
152,147,299
153,187,340
145,196,341
159,212,371
157,172,329
196,160,356
159,155,314
105,159,264
108,154,262
117,158,275
122,162,284
124,175,299
120,207,327
122,202,324
122,197,319
194,151,345
210,151,361
224,148,372
166,120,286
212,171,383
184,153,337
187,109,296
216,168,384
225,142,367
216,112,328
234,86,320
177,118,295
132,131,263
159,91,250
164,143,307
164,199,363
204,344,548
405,147,552
433,121,554
359,111,470
179,104,283
163,102,265
162,86,248
147,92,239
143,91,234
120,91,211
129,90,219
129,81,210
131,94,225
133,95,228
124,94,218
129,104,233
137,97,234
137,101,238
136,95,231
135,87,222
140,88,228
135,92,227
125,106,231
117,106,223
126,95,221
129,94,223
133,87,220
131,98,229
130,91,221
131,85,216
125,103,228
116,120,236
131,131,262
127,134,261
129,140,269
131,148,279
152,125,277
144,116,260
150,112,262
121,107,228
124,101,225
115,101,216
120,99,219
127,99,226
131,99,230
132,97,229
134,95,229
131,87,218
126,86,212
128,81,209
124,94,218
126,95,221
126,91,217
117,86,203
123,88,211
124,104,228
122,116,238
125,141,266
119,162,281
141,145,286
147,147,294
139,140,279
136,139,275
132,142,274
122,141,263
120,142,262
126,136,262
127,127,254
139,114,253
144,105,249
139,113,252
134,115,249
121,110,231
116,107,223
124,103,227
121,104,225
124,99,223
120,95,215
122,96,218
123,97,220
132,116,248
147,104,251
151,98,249
136,99,235
125,96,221
124,92,216
127,91,218
127,88,215
130,102,232
134,97,231
136,91,227
132,90,222
126,91,217
131,102,233
136,95,231
140,89,229
133,87,220
131,81,212
130,99,229
130,97,227
129,91,220
128,89,217
124,87,211
124,88,212
129,82,211
129,82,211
131,97,228
125,95,220
129,89,218
126,88,214
125,116,241
129,136,265
150,139,289
180,120,300
208,88,296
192,110,302
160,104,264
133,101,234
129,100,229
122,93,215
127,92,219
131,88,219
133,82,215
133,82,215
130,104,234
123,101,224
126,95,221
132,96,228
125,96,221
138,85,223
139,100,239
139,98,237
131,92,223
128,89,217
124,92,216
122,113,235
126,129,255
140,133,273
150,143,293
155,148,303
159,154,313
161,160,321
161,167,328
159,173,332
151,168,319
149,154,303
166,140,306
184,152,336
198,158,356
214,134,348
210,151,361
209,139,348
173,122,295
137,114,251
149,106,255
134,104,238
138,165,303
150,160,310
144,153,297
178,130,308
168,116,284
199,107,306
171,94,265
157,76,233
130,140,270
125,150,275
95,151,246
116,137,253
97,122,219
143,113,256
141,105,246
141,88,229
136,79,215
111,137,248
106,119,225
142,104,246
158,157,315
155,157,312
167,158,325
138,147,285
96,132,228
142,112,254
131,104,235
141,97,238
125,92,217
138,174,312
143,256,399
138,252,390
177,227,404
146,220,366
220,144,364
207,128,335
210,93,303
169,116,285
193,101,294
180,129,309
166,136,302
151,123,274
156,106,262
144,103,247
148,89,237
157,116,273
155,95,250
151,110,261
165,113,278
166,102,268
167,98,265
128,127,255
151,123,274
154,123,277
141,125,266
129,127,256
130,126,256
133,156,289
147,152,299
141,161,302
153,152,305
146,158,304
130,162,292
116,159,275
138,163,301
133,156,289
111,157,268
124,145,269
135,136,271
100,129,229
123,119,242
136,101,237
134,88,222
124,81,205
104,137,241
133,150,283
126,152,278
133,148,281
126,126,252
140,114,254
145,105,250
122,100,222
126,90,216
134,113,247
155,117,272
161,95,256
169,108,277
159,115,274
140,112,252
140,102,242
136,94,230
139,81,220
139,119,258
158,96,254
159,133,292
179,123,302
163,124,287
148,131,279
114,141,255
126,150,276
114,156,270
127,152,279
134,146,280
135,149,284
130,149,279
122,138,260
132,149,281
113,155,268
124,151,275
123,153,276
124,152,276
108,149,257
122,149,271
103,137,240
132,132,264
120,132,252
94,126,220
108,130,238
120,146,266
111,158,269
122,162,284
99,192,291
112,206,318
114,208,322
99,208,307
164,155,319
189,150,339
178,152,330
148,149,297
131,154,285
130,161,291
116,161,277
118,156,274
121,166,287
123,178,301
134,156,290
172,127,299
161,111,272
137,101,238
146,94,240
128,93,221
113,88,201
121,90,211
120,94,214
121,90,211
122,95,217
120,95,215
115,117,232
142,117,259
162,110,272
193,106,299
182,118,300
159,117,276
172,101,273
171,90,261
152,104,256
131,100,231
138,123,261
127,134,261
143,123,266
142,110,252
148,94,242
123,89,212
134,107,241
133,101,234
125,104,229
113,98,211
134,100,234
133,103,236
134,97,231
141,93,234
131,93,224
138,94,232
133,109,242
129,110,239
129,123,252
138,127,265
119,130,249
136,123,259
133,111,244
143,94,237
138,86,224
135,113,248
135,99,234
138,91,229
123,123,246
141,123,264
117,124,241
139,124,263
126,139,265
131,150,281
130,154,284
137,144,281
128,134,262
131,120,251
135,112,247
129,103,232
126,93,219
137,85,222
137,143,280
145,124,269
145,113,258
138,103,241
121,99,220
135,90,225
138,128,266
139,131,270
118,126,244
135,120,255
111,128,239
137,128,265
132,123,255
132,114,246
126,97,223
134,93,227
129,87,216
119,91,210
121,124,245
140,120,260
149,113,262
143,105,248
127,100,227
125,91,216
124,136,260
146,117,263
157,125,282
171,130,301
147,143,290
152,144,296
154,127,281
153,112,265
149,101,250
151,89,240
137,116,253
143,135,278
140,130,270
142,118,260
143,105,248
129,97,226
135,96,231
121,116,237
149,135,284
161,112,273
181,114,295
148,110,258
124,105,229
103,100,203
118,94,212
96,86,182
123,81,204
121,85,206
120,85,205
121,79,200
117,103,220
126,119,245
123,143,266
123,144,267
119,159,278
98,158,256
125,153,278
110,150,260
129,151,280
94,147,241
125,138,263
126,138,264
124,131,255
124,161,285
113,165,278
121,175,296
130,183,313
129,185,314
129,185,314
141,177,318
154,154,308
183,145,328
181,130,311
147,122,269
175,104,279
169,104,273
167,107,274
142,108,250
140,100,240
131,99,230
139,105,244
119,107,226
113,114,227
130,138,268
114,147,261
129,146,275
145,130,275
153,115,268
141,109,250
147,91,238
147,102,249
142,105,247
159,137,296
186,109,295
187,103,290
152,101,253
124,86,210
142,159,301
157,248,405
318,110,428
311,143,454
288,124,412
173,140,313
200,135,335
175,155,330
159,176,335
132,201,333
150,211,361
157,221,378
160,222,382
190,180,370
221,148,369
215,139,354
180,133,313
148,119,267
150,114,264
160,117,277
179,92,271
172,87,259
159,106,265
136,101,237
137,96,233
133,91,224
131,94,225
139,83,222
132,96,228
129,103,232
123,108,231
133,105,238
131,104,235
124,98,222
139,83,222
133,76,209
135,95,230
135,85,220
130,110,240
138,105,243
129,94,223
141,84,225
134,97,231
135,87,222
136,109,245
134,111,245
131,125,256
122,132,254
121,140,261
132,135,267
137,129,266
138,129,267
133,119,252
132,130,262
141,134,275
127,133,260
130,126,256
135,117,252
137,117,254
125,125,250
126,123,249
130,127,257
132,122,254
123,123,246
134,136,270
129,147,276
135,144,279
151,130,281
173,111,284
160,103,263
160,96,256
142,90,232
135,90,225
123,105,228
134,88,222
144,92,236
147,87,234
122,103,225
134,113,247
135,130,265
134,139,273
137,127,264
129,136,265
116,143,259
120,140,260
108,157,265
116,171,287
121,175,296
112,202,314
144,183,327
153,168,321
190,129,319
187,106,293
179,89,268
176,101,277
154,104,258
141,99,240
135,118,253
137,115,252
151,115,266
139,135,274
136,144,280
141,124,265
145,110,255
143,98,241
135,94,229
136,86,222
133,120,253
132,128,260
143,114,257
143,119,262
168,112,280
168,107,275
160,97,257
134,87,221
132,109,241
133,113,246
132,111,243
132,117,249
119,119,238
126,115,241
119,118,237
122,111,233
126,109,235
127,112,239
124,109,233
128,103,231
121,96,217
126,93,219
124,91,215
131,81,212
138,106,244
129,122,251
132,115,247
130,109,239
127,105,232
135,98,233
135,92,227
138,84,222
133,96,229
126,97,223
130,92,222
129,93,222
131,101,232
123,98,221
138,89,227
136,80,216
131,97,228
130,105,235
133,101,234
132,117,249
132,108,240
133,103,236
129,92,221
128,91,219
132,85,217
131,90,221
136,128,264
156,114,270
157,108,265
158,99,257
142,113,255
152,104,256
148,90,238
155,282,437
153,324,477
157,323,480
139,327,466
278,165,443
320,127,447
330,112,442
168,104,272
135,100,235
116,104,220
124,99,223
121,101,222
124,98,222
125,89,214
127,87,214
125,86,211
123,81,204
119,77,196
124,119,243
123,140,263
127,133,260
140,123,263
171,131,302
173,124,297
180,110,290
143,96,239
154,98,252
151,98,249
153,133,286
166,103,269
167,98,265
170,123,293
161,101,262
170,84,254
157,128,285
147,113,260
149,108,257
122,101,223
127,120,247
156,114,270
174,89,263
176,87,263
144,87,231
128,86,214
131,86,217
127,99,226
118,114,232
120,111,231
128,104,232
131,106,237
130,103,233
128,107,235
122,104,226
126,106,232
128,104,232
125,110,235
131,103,234
126,100,226
122,106,228
122,101,223
125,92,217
131,89,220
122,87,209
129,86,215
121,85,206
124,77,201
124,91,215
126,95,221
121,99,220
130,92,222
127,95,222
129,97,226
126,95,221
132,89,221
129,91,220
127,108,235
123,114,237
135,110,245
132,114,246
120,109,229
128,110,238
134,112,246
133,112,245
120,106,226
127,98,225
129,88,217
129,87,216
127,83,210
125,109,234
132,113,245
134,121,255
128,122,250
121,126,247
129,135,264
128,143,271
135,143,278
114,139,253
132,131,263
129,120,249
133,109,242
132,103,235
126,96,222
127,84,211
137,94,231
147,82,229
141,105,246
136,117,253
128,109,237
130,102,232
125,96,221
127,86,213
127,113,240
134,106,240
128,110,238
130,130,260
122,130,252
147,106,253
152,93,245
146,90,236
125,86,211
127,100,227
134,94,228
138,90,228
137,89,226
131,111,242
163,112,275
173,97,270
177,107,284
152,95,247
152,108,260
155,97,252
152,106,258
152,95,247
152,108,260
154,99,253
162,134,296
163,130,293
181,104,285
170,87,257
174,107,281
157,97,254
156,106,262
151,99,250
150,85,235
154,107,261
154,93,247
156,106,262
154,93,247
150,106,256
151,93,244
150,104,254
151,96,247
150,124,274
185,103,288
182,91,273
179,82,261
137,103,240
138,93,231
141,82,223
138,100,238
136,91,227
136,82,218
136,98,234
134,95,229
137,115,252
137,119,256
163,118,281
171,138,309
207,131,338
200,108,308
190,111,301
149,105,254
130,99,229
136,92,228
132,90,222
127,92,219
123,89,212
127,119,246
132,136,268
136,151,287
143,156,299
149,163,312
159,172,331
158,185,343
157,195,352
154,196,350
175,189,364
195,169,364
191,171,362
174,188,362
145,213,358
139,257,396
134,282,416
157,256,413
178,228,406
231,160,391
239,152,391
230,149,379
190,126,316
147,136,283
157,144,301
198,94,292
207,155,362
207,150,357
152,153,305
144,161,305
96,179,275
125,175,300
109,170,279
120,164,284
152,134,286
161,124,285
161,136,297
150,140,290
143,151,294
119,153,272
97,161,258
130,162,292
118,168,286
126,168,294
116,174,290
122,191,313
146,175,321
169,160,329
173,156,329
148,151,299
116,155,271
117,163,280
101,169,270
119,167,286
112,179,291
107,176,283
133,170,303
134,163,297
132,164,296
136,171,307
143,156,299
132,153,285
125,148,273
106,136,242
133,137,270
121,144,265
124,137,261
123,129,252
110,137,247
129,135,264
118,135,253
127,133,260
130,124,254
129,130,259
119,127,246
122,119,241
120,124,244
109,133,242
118,138,256
113,132,245
116,140,256
116,141,257
113,140,253
121,134,255
131,143,274
124,164,288
125,180,305
119,177,296
120,170,290
128,164,292
192,106,298
181,111,292
206,172,378
174,139,313
169,137,306
154,132,286
111,148,259
145,141,286
138,136,274
125,116,241
138,107,245
130,100,230
125,95,220
138,137,275
149,136,285
149,131,280
145,134,279
128,128,256
119,111,230
129,106,235
131,109,240
115,102,217
117,107,224
119,107,226
116,114,230
123,115,238
111,113,224
130,217,347
210,191,401
321,94,415
322,122,444
249,102,351
165,92,257
119,150,269
146,142,288
139,151,290
129,143,272
107,124,231
160,103,263
167,92,259
150,91,241
128,86,214
120,81,201
116,99,215
118,116,234
120,114,234
139,129,268
137,151,288
129,148,277
128,143,271
131,148,279
124,144,268
117,146,263
109,156,265
122,159,281
119,161,280
110,161,271
123,178,301
127,177,304
114,172,286
128,170,298
197,88,285
205,128,333
202,153,355
121,169,290
114,173,287
108,180,288
116,172,288
135,176,311
114,184,298
123,184,307
126,183,309
152,158,310
173,133,306
162,118,280
181,94,275
160,100,260
126,99,225
99,101,200
116,118,234
109,128,237
114,131,245
105,143,248
125,149,274
110,150,260
116,161,277
114,166,280
122,189,311
117,204,321
124,216,340
100,220,320
167,171,338
186,198,384
213,178,391
162,188,350
157,200,357
134,213,347
140,201,341
139,189,328
180,165,345
177,154,331
164,149,313
159,144,303
148,142,290
130,147,277
117,151,268
117,155,272
122,137,259
173,102,275
170,144,314
177,141,318
164,124,288
165,115,280
144,177,321
195,146,341
184,136,320
160,127,287
108,114,222
151,98,249
146,84,230
142,131,273
130,135,265
137,145,282
130,146,276
101,139,240
137,136,273
136,125,261
142,107,249
172,134,306
172,129,301
168,126,294
150,102,252
146,83,229
166,109,275
144,109,253
117,109,226
130,101,231
126,99,225
127,101,228
98,111,209
128,114,242
112,112,224
136,102,238
135,120,255
144,122,266
147,113,260
169,129,298
171,114,285
173,106,279
148,121,269
128,150,278
104,163,267
125,154,279
128,147,275
125,141,266
124,156,280
113,158,271
115,162,277
122,164,286
122,158,280
133,156,289
129,166,295
95,170,265
125,165,290
120,158,278
159,116,275
171,106,277
177,99,276
163,84,247
143,82,225
137,77,214
123,99,222
119,128,247
125,131,256
126,135,261
130,136,266
113,144,257
126,166,292
120,183,303
126,179,305
119,176,295
127,159,286
126,146,272
148,143,291
127,295,422
125,337,462
125,369,494
122,369,491
295,197,492
319,175,494
353,140,493
194,127,321
199,126,325
192,112,304
179,115,294
153,107,260
137,88,225
148,135,283
147,133,280
142,122,264
138,113,251
113,105,218
133,101,234
121,95,216
125,93,218
128,83,211
133,125,258
167,89,256
166,134,300
179,128,307
150,115,265
145,105,250
135,102,237
157,89,246
159,125,284
143,152,295
138,151,289
133,159,292
119,159,278
118,150,268
162,111,273
175,93,268
162,86,248
145,125,270
143,130,273
149,127,276
132,123,255
139,98,237
162,138,300
158,144,302
157,143,300
132,149,281
94,147,241
138,131,269
151,108,259
166,139,305
162,121,283
163,111,274
169,110,279
159,101,260
170,88,258
151,105,256
144,138,282
146,139,285
154,142,296
151,143,294
164,151,315
203,144,347
203,170,373
196,169,365
172,163,335
178,170,348
155,170,325
125,169,294
105,170,275
128,177,305
133,171,304
159,154,313
145,145,290
142,142,284
125,137,262
131,127,258
136,116,252
134,111,245
131,100,231
122,98,220
124,92,216
130,98,228
137,103,240
138,96,234
129,84,213
134,91,225
131,82,213
133,90,223
132,81,213
127,95,222
132,103,235
125,120,245
124,123,247
122,120,242
128,115,243
126,110,236
130,110,240
128,112,240
128,126,254
131,122,253
132,112,244
137,110,247
149,100,249
132,93,225
127,83,210
127,77,204
130,99,229
123,102,225
129,95,224
137,89,226
135,88,223
139,86,225
135,104,239
131,101,232
133,90,223
129,83,212
125,78,203
127,92,219
121,94,215
127,85,212
132,91,223
132,84,216
126,102,228
131,111,242
129,108,237
130,111,241
129,99,228
136,96,232
135,94,229
135,92,227
136,93,229
122,97,219
121,99,220
120,101,221
125,101,226
128,94,222
142,88,230
139,109,248
155,88,243
143,94,237
146,91,237
115,112,227
124,123,247
148,136,284
182,131,313
197,131,328
157,116,273
139,104,243
124,113,237
146,132,278
144,123,267
135,121,256
147,98,245
143,88,231
134,106,240
135,100,235
139,96,235
146,84,230
137,115,252
127,133,260
132,137,269
135,132,267
131,122,253
138,103,241
153,125,278
163,145,308
158,139,297
139,130,269
139,117,256
141,107,248
132,103,235
141,92,233
146,83,229
142,111,253
138,119,257
143,112,255
134,107,241
141,94,235
144,92,236
132,133,265
160,116,276
155,110,265
151,109,260
121,104,225
94,104,198
126,98,224
121,99,220
132,88,220
131,84,215
139,87,226
130,87,217
123,90,213
126,92,218
130,88,218
128,92,220
131,85,216
118,89,207
123,93,216
118,90,208
115,93,208
122,98,220
124,94,218
127,101,228
129,96,225
121,102,223
125,102,227
114,100,214
123,107,230
123,112,235
124,115,239
127,116,243
125,120,245
125,126,251
116,124,240
121,131,252
130,131,261
129,151,280
110,159,269
131,170,301
124,178,302
133,177,310
132,174,306
123,180,303
147,143,290
175,124,299
177,106,283
163,109,272
168,90,258
140,141,281
142,136,278
140,135,275
162,111,273
137,100,237
152,102,254
127,100,227
125,95,220
119,91,210
123,97,220
118,95,213
121,97,218
125,92,217
128,102,230
141,91,232
136,93,229
132,89,221
118,87,205
124,84,208
113,106,219
122,121,243
129,124,253
134,119,253
135,131,266
120,135,255
122,146,268
127,153,280
124,163,287
137,153,290
128,155,283
132,144,276
124,145,269
104,143,247
115,146,261
120,141,261
123,135,258
117,116,233
136,114,250
119,109,228
114,108,222
122,105,227
121,100,221
116,93,209
91,89,180
122,87,209
119,86,205
114,81,195
120,79,199
116,107,223
117,113,230
119,107,226
124,106,230
122,100,222
122,95,217
121,89,210
125,92,217
123,97,220
120,95,215
130,99,229
130,94,224
131,99,230
120,100,220
119,111,230
121,116,237
124,115,239
126,114,240
113,119,232
119,113,232
122,112,234
123,117,240
121,122,243
124,135,259
116,149,265
144,209,353
253,138,391
278,125,403
279,128,407
168,110,278
159,95,254
160,137,297
155,132,287
151,116,267
143,112,255
146,104,250
145,95,240
148,85,233
142,92,234
133,96,229
128,88,216
139,114,253
148,103,251
150,99,249
152,127,279
146,116,262
136,105,241
146,89,235
141,122,263
132,113,245
154,101,255
146,120,266
156,105,261
167,107,274
183,98,281
159,110,269
153,113,266
135,123,258
134,138,272
133,142,275
131,151,282
129,144,273
150,124,274
140,150,290
146,151,297
141,134,275
148,117,265
152,111,263
141,121,262
155,139,294
176,113,289
184,99,283
173,89,262
139,106,245
144,107,251
166,88,254
160,113,273
146,114,260
146,108,254
141,124,265
152,108,260
174,112,286
177,105,282
159,93,252
153,86,239
136,107,243
143,101,244
139,133,272
157,115,272
159,106,265
162,101,263
134,110,244
140,112,252
154,91,245
153,89,242
158,95,253
133,99,232
127,100,227
126,104,230
111,100,211
124,108,232
151,96,247
151,91,242
139,104,243
126,136,262
127,159,286
149,148,297
167,149,316
164,166,330
148,170,318
148,176,324
174,152,326
180,148,328
178,161,339
164,181,345
156,190,346
146,191,337
148,192,340
170,177,347
196,156,352
194,130,324
186,111,297
191,165,356
231,107,338
225,99,324
202,100,302
139,100,239
139,102,241
138,100,238
138,99,237
139,99,238
140,97,237
140,99,239
140,101,241
136,98,234
137,98,235
137,98,235
136,99,235
137,99,236
137,99,236
135,97,232
134,96,230
135,97,232
135,100,235
135,98,233
134,98,232
135,98,233
134,99,233
136,96,232
135,96,231
135,98,233
134,96,230
134,98,232
135,98,233
135,98,233
137,96,233
136,98,234
135,99,234
133,99,232
135,97,232
135,113,248
136,120,256
160,99,259
163,100,263
164,97,261
138,104,242
133,110,243
125,118,243
129,123,252
125,130,255
125,137,262
123,142,265
123,149,272
127,166,293
129,324,453
131,332,463
126,334,460
209,260,469
295,186,481
329,149,478
274,121,395
215,110,325
191,120,311
182,157,339
189,116,305
197,98,295
186,130,316
142,147,289
150,135,285
149,129,278
184,124,308
169,141,310
170,135,305
153,136,289
130,141,271
129,131,260
137,130,267
163,105,268
169,95,264
168,110,278
161,92,253
146,141,287
151,151,302
158,131,289
170,137,307
181,104,285
181,108,289
149,104,253
105,107,212
116,111,227
101,116,217
114,124,238
117,129,246
121,141,262
119,146,265
125,148,273
121,159,280
124,157,281
113,160,273
120,185,305
110,196,306
120,202,322
132,199,331
177,152,329
188,129,317
201,106,307
154,115,269
158,106,264
156,119,275
158,119,277
155,103,258
161,164,325
163,152,315
141,148,289
121,135,256
106,116,222
147,105,252
145,95,240
157,119,276
164,121,285
178,169,347
197,144,341
182,127,309
180,118,298
145,107,252
168,88,256
156,142,298
136,154,290
146,155,301
142,139,281
124,125,249
148,111,259
147,115,262
167,90,257
169,121,290
167,110,277
144,95,239
136,87,223
126,102,228
140,116,256
150,104,254
140,91,231
152,110,262
170,102,272
164,122,286
170,110,280
155,108,263
159,88,247
144,106,250
154,88,242
140,138,278
152,133,285
153,123,276
146,126,272
136,113,249
144,107,251
147,94,241
140,145,285
137,111,248
180,126,306
185,104,289
186,94,280
166,113,279
142,108,250
167,121,288
177,108,285
179,97,276
167,101,268
146,100,246
145,118,263
161,94,255
159,99,258
166,85,251
130,111,241
139,112,251
130,115,245
123,118,241
124,131,255
130,150,280
100,172,272
131,175,306
151,154,305
154,139,293
183,105,288
174,96,270
174,85,259
157,138,295
150,137,287
144,130,274
138,126,264
124,115,239
125,108,233
127,110,237
180,81,261
173,107,280
146,114,260
129,105,234
137,105,242
131,113,244
108,109,217
124,101,225
128,101,229
102,105,207
120,107,227
124,92,216
136,93,229
114,89,203
108,86,194
116,90,206
119,87,206
120,86,206
124,101,225
118,99,217
123,106,229
126,100,226
122,102,224
141,94,235
120,91,211
122,85,207
116,80,196
129,75,204
112,100,212
120,111,231
118,112,230
125,117,242
123,128,251
126,136,262
115,140,255
121,133,254
128,129,257
124,129,253
124,129,253
126,128,254
125,127,252
122,129,251
120,125,245
129,110,239
127,109,236
130,106,236
115,106,221
122,100,222
121,91,212
126,94,220
124,89,213
124,96,220
121,109,230
119,114,233
122,130,252
121,133,254
123,135,258
121,134,255
128,131,259
129,125,254
134,122,256
124,120,244
123,119,242
122,120,242
124,114,238
122,109,231
121,99,220
129,97,226
128,96,224
123,91,214
123,91,214
114,90,204
122,94,216
120,95,215
127,103,230
139,98,237
146,95,241
136,94,230
128,88,216
117,94,211
115,88,203
121,91,212
121,94,215
114,98,212
122,97,219
119,103,222
121,106,227
128,102,230
126,104,230
117,122,239
114,123,237
124,119,243
128,108,236
131,102,233
122,102,224
123,95,218
111,90,201
115,83,198
121,78,199
121,90,211
122,84,206
114,79,193
121,88,209
115,86,201
124,84,208
121,91,212
126,112,238
155,110,265
160,124,284
174,117,291
160,124,284
178,113,291
177,101,278
155,90,245
141,117,258
154,109,263
158,92,250
151,99,250
154,111,265
163,122,285
176,100,276
172,129,301
191,104,295
160,127,287
186,122,308
155,118,273
150,127,277
142,122,264
145,116,261
154,124,278
143,139,282
137,141,278
134,134,268
171,196,367
202,179,381
232,155,387
222,141,363
201,105,306
191,89,280
172,101,273
152,115,267
149,113,262
173,89,262
165,139,304
163,136,299
140,133,273
121,127,248
102,120,222
130,109,239
128,102,230
124,95,219
124,91,215
126,86,212
130,95,225
126,121,247
134,126,260
131,120,251
147,103,250
159,89,248
147,93,240
136,100,236
106,102,208
128,101,229
122,107,229
120,105,225
133,102,235
138,93,231
138,93,231
131,100,231
132,141,273
146,129,275
143,186,329
288,124,412
271,120,391
290,122,412
188,122,310
128,118,246
132,129,261
131,131,262
125,138,263
131,143,274
137,145,282
137,145,282
132,142,274
122,140,262
122,137,259
134,130,264
130,123,253
155,102,257
151,99,250
144,100,244
124,106,230
127,110,237
132,105,237
130,106,236
107,105,212
107,109,216
121,116,237
121,103,224
136,101,237
122,97,219
110,101,211
125,97,222
113,98,211
122,99,221
115,99,214
123,101,224
123,94,217
123,97,220
124,134,258
116,144,260
123,156,279
132,148,280
167,117,284
146,123,269
153,124,277
128,127,255
127,123,250
134,110,244
135,102,237
134,97,231
121,92,213
121,105,226
137,98,235
140,98,238
142,97,239
132,94,226
133,91,224
131,94,225
126,92,218
133,92,225
140,99,239
134,93,227
136,90,226
129,82,211
131,93,224
130,97,227
127,88,215
128,78,206
130,94,224
126,100,226
124,100,224
128,100,228
129,97,226
130,94,224
137,93,230
138,102,240
125,97,222
134,95,229
129,94,223
131,85,216
133,92,225
122,82,204
124,92,216
135,88,223
128,79,207
133,101,234
129,116,245
133,119,252
121,115,236
126,111,237
126,108,234
116,106,222
129,101,230
122,110,232
125,110,235
121,105,226
122,97,219
129,87,216
126,81,207
127,114,241
124,117,241
124,118,242
124,114,238
117,114,231
126,108,234
116,104,220
118,102,220
122,106,228
121,107,228
122,102,224
122,94,216
123,92,215
127,80,207
131,99,230
127,114,241
118,117,235
131,119,250
129,120,249
136,119,255
127,115,242
126,128,254
127,133,260
120,130,250
122,119,241
136,104,240
136,95,231
134,88,222
130,87,217
130,109,239
129,262,391
158,242,400
184,236,420
194,232,426
209,227,436
200,201,401
183,177,360
183,149,332
164,145,309
136,139,275
127,131,258
129,121,250
129,114,243
132,106,238
133,100,233
148,141,289
156,138,294
168,123,291
153,116,269
127,102,229
135,98,233
135,93,228
124,89,213
130,89,219
135,106,241
136,101,237
134,93,227
143,100,243
143,83,226
152,112,264
144,109,253
138,115,253
158,100,258
150,100,250
153,98,251
120,124,244
122,134,256
118,131,249
120,144,264
158,123,281
172,112,284
177,104,281
154,100,254
143,117,260
164,104,268
173,88,261
165,87,252
136,99,235
121,98,219
119,94,213
122,89,211
119,88,207
117,96,213
120,103,223
121,103,224
124,108,232
121,104,225
116,103,219
126,117,243
101,117,218
123,125,248
121,134,255
122,150,272
120,161,281
124,151,275
131,144,275
125,138,263
117,132,249
121,152,273
117,154,271
118,160,278
114,160,274
123,166,289
124,186,310
122,201,323
120,212,332
116,210,326
151,179,330
176,152,328
194,125,319
170,109,279
158,104,262
141,96,237
134,114,248
149,110,259
154,104,258
160,101,261
150,104,254
147,93,240
157,107,264
151,102,253
148,99,247
138,86,224
145,120,265
146,126,272
148,120,268
138,115,253
126,103,229
136,115,251
164,115,279
153,108,261
146,124,270
147,119,266
172,132,304
195,105,300
174,92,266
163,103,266
139,96,235
145,83,228
144,94,238
138,87,225
130,99,229
128,96,224
134,87,221
134,96,230
136,96,232
135,94,229
138,112,250
148,102,250
148,97,245
149,103,252
128,100,228
137,87,224
146,101,247
150,94,244
150,103,253
147,106,253
149,111,260
147,107,254
137,94,231
143,102,245
143,95,238
143,85,228
133,102,235
141,94,235
141,82,223
146,104,250
159,123,282
154,142,296
160,142,302
127,157,284
151,156,307
148,166,314
148,163,311
144,153,297
151,141,292
160,148,308
168,159,327
190,155,345
198,151,349
194,164,358
172,170,342
177,157,334
218,96,314
213,81,294
190,117,307
111,131,242
124,144,268
121,142,263
119,142,261
149,134,283
168,118,286
187,122,309
164,120,284
138,121,259
121,133,254
118,150,268
124,153,277
123,147,270
124,145,269
121,137,258
130,132,262
128,123,251
125,116,241
125,112,237
123,103,226
122,98,220
124,92,216
117,87,204
123,86,209
122,84,206
121,80,201
118,96,214
119,101,220
122,97,219
125,91,216
123,97,220
128,100,228
122,100,222
126,98,224
130,91,221
131,100,231
126,97,223
119,99,218
127,96,223
128,90,218
135,97,232
131,100,231
125,96,221
118,97,215
124,98,222
116,101,217
122,106,228
126,101,227
129,111,240
117,113,230
117,110,227
123,105,228
114,103,217
115,105,220
124,110,234
123,109,232
117,104,221
122,103,225
124,102,226
121,101,222
125,108,233
121,124,245
124,124,248
127,120,247
126,115,241
123,111,234
126,111,237
124,104,228
123,98,221
126,99,225
114,98,212
120,90,210
126,91,217
128,87,215
118,88,206
125,88,213
124,83,207
133,102,235
131,104,235
127,119,246
121,125,246
117,124,241
126,123,249
124,130,254
122,135,257
125,138,263
123,137,260
123,140,263
119,134,253
126,132,258
124,144,268
132,141,273
135,141,276
147,127,274
139,126,265
138,133,271
126,133,259
128,129,257
129,133,262
133,127,260
129,125,254
127,131,258
126,131,257
126,134,260
129,137,266
134,134,268
135,134,269
137,128,265
135,126,261
131,126,257
128,130,258
126,128,254
126,124,250
127,125,252
126,129,255
125,128,253
126,126,252
126,124,250
126,129,255
124,127,251
124,124,248
124,129,253
126,125,251
125,124,249
126,129,255
126,127,253
125,126,251
126,124,250
126,124,250
124,120,244
124,115,239
128,108,236
129,104,233
128,103,231
128,94,222
128,93,221
128,89,217
123,94,217
123,94,217
127,89,216
131,107,238
138,102,240
136,96,232
131,95,226
125,92,217
123,92,215
123,91,214
128,93,221
134,86,220
135,85,220
133,179,312
130,178,308
167,144,311
165,141,306
96,136,232
126,132,258
128,132,260
125,132,257
124,133,257
127,130,257
132,133,265
130,152,282
129,154,283
127,158,285
192,143,335
211,174,385
211,223,434
167,212,379
135,195,330
154,194,348
145,200,345
155,211,366
118,289,407
139,281,420
176,282,458
224,240,464
233,235,468
220,285,505
158,246,404
209,239,448
167,257,424
145,221,366
181,313,494
307,164,471
354,164,518
330,190,520
143,203,346
230,103,333
229,127,356
192,210,402
186,147,333
214,123,337
224,129,353
131,144,275
176,132,308
188,123,311
172,151,323
178,169,347
188,147,335
194,160,354
202,144,346
171,137,308
178,225,403
223,198,421
212,192,404
191,170,361
146,138,284
200,114,314
152,126,278
103,150,253
166,294,460
224,242,466
206,240,446
211,266,477
151,216,367
226,177,403
195,172,367
202,177,379
109,196,305
157,187,344
174,180,354
160,141,301
200,111,311
139,131,270
163,128,291
150,99,249
145,106,251
104,119,223
127,101,228
143,110,253
152,114,266
137,159,296
175,195,370
128,236,364
166,290,456
128,290,418
168,290,458
201,204,405
271,152,423
226,189,415
134,216,350
120,219,339
136,255,391
138,246,384
192,231,423
216,213,429
157,258,415
213,245,458
164,242,406
245,160,405
259,240,499
260,218,478
147,212,359
184,189,373
183,165,348
175,159,334
118,172,290
156,152,308
151,155,306
129,139,268
157,199,356
93,210,303
134,211,345
156,234,390
191,211,402
156,216,372
144,186,330
200,149,349
136,160,296
149,158,307
113,152,265
109,185,294
118,213,331
110,257,367
132,245,377
158,257,415
221,225,446
190,233,423
160,330,490
186,344,530
207,326,533
175,340,515
257,285,542
324,189,513
372,169,541
250,163,413
165,158,323
175,134,309
152,148,300
158,159,317
116,165,281
104,164,268
138,159,297
128,159,287
133,146,279
139,137,276
167,122,289
167,114,281
171,115,286
162,129,291
151,136,287
128,150,278
139,140,279
158,118,276
186,144,330
190,157,347
191,145,336
199,153,352
192,121,313
221,107,328
191,104,295
159,128,287
153,129,282
160,153,313
194,121,315
182,113,295
146,107,253
129,99,228
135,133,268
158,130,288
162,115,277
143,107,250
150,156,306
163,145,308
155,144,299
130,135,265
77,127,204
119,112,231
148,101,249
136,94,230
107,139,246
156,133,289
168,122,290
161,112,273
163,122,285
165,113,278
162,107,269
145,95,240
141,141,282
170,123,293
180,105,285
178,111,289
153,114,267
149,109,258
135,140,275
145,130,275
154,114,268
148,101,249
148,94,242
144,99,243
140,94,234
142,158,300
141,142,283
140,187,327
134,180,314
118,156,274
171,126,297
186,93,279
171,81,252
160,116,276
126,110,236
117,99,216
138,84,222
127,91,218
114,76,190
142,107,249
109,130,239
132,130,262
135,131,266
136,140,276
124,139,263
128,147,275
132,158,290
143,157,300
120,174,294
145,183,328
165,140,305
199,130,329
177,130,307
141,145,286
104,157,261
129,155,284
113,165,278
128,160,288
129,154,283
129,139,268
147,124,271
128,118,246
116,121,237
144,138,282
170,139,309
177,122,299
167,115,282
161,105,266
152,153,305
165,148,313
149,144,293
162,128,290
115,114,229
155,102,257
146,98,244
133,139,272
116,129,245
134,117,251
130,114,244
110,128,238
126,127,253
130,116,246
135,100,235
158,129,287
143,127,270
145,136,281
126,130,256
117,122,239
132,108,240
134,138,272
170,128,298
192,130,322
171,145,316
137,154,291
156,131,287
157,128,285
167,111,278
149,112,261
144,116,260
127,114,241
137,106,243
159,111,270
154,102,256
147,100,247
149,127,276
146,135,281
154,136,290
139,139,278
117,135,252
130,126,256
131,117,248
135,115,250
136,116,252
129,123,252
122,123,245
129,117,246
121,110,231
129,107,236
133,110,243
122,105,227
121,105,226
125,100,225
130,90,220
139,113,252
125,112,237
141,104,245
130,100,230
123,101,224
122,96,218
126,98,224
129,98,227
130,95,225
133,87,220
136,78,214
133,96,229
120,103,223
124,107,231
146,121,267
165,104,269
165,99,264
145,100,245
117,100,217
120,102,222
119,105,224
105,105,210
131,101,232
132,103,235
127,97,224
105,95,200
125,95,220
104,102,206
131,96,227
129,93,222
128,87,215
113,86,199
125,113,238
121,128,249
104,134,238
132,136,268
124,138,262
133,131,264
121,134,255
129,140,269
131,131,262
151,135,286
147,135,282
156,103,259
145,97,242
145,96,241
121,91,212
124,85,209
124,85,209
124,81,205
122,85,207
120,122,242
129,123,252
134,109,243
142,111,253
123,117,240
103,121,224
127,131,258
126,129,255
120,122,242
133,110,243
130,103,233
124,106,230
118,99,217
125,93,218
121,93,214
111,94,205
127,113,240
124,112,236
128,106,234
127,101,228
123,98,221
124,96,220
124,92,216
121,88,209
124,82,206
123,106,229
125,103,228
126,97,223
121,94,215
116,88,204
121,89,210
114,89,203
134,101,235
135,110,245
136,117,253
126,115,241
121,132,253
124,138,262
121,140,261
126,144,270
127,141,268
130,138,268
132,139,271
120,140,260
116,138,254
126,132,258
134,127,261
139,122,261
133,122,255
125,119,244
127,122,249
125,116,241
124,113,237
116,107,223
129,101,230
128,103,231
126,102,228
127,100,227
116,100,216
121,101,222
118,102,220
120,110,230
122,109,231
126,106,232
127,101,228
121,97,218
124,96,220
125,94,219
127,91,218
131,87,218
126,87,213
121,88,209
122,90,212
122,88,210
122,85,207
125,83,208
128,84,212
129,82,211
127,99,226
120,103,223
129,99,228
122,101,223
119,100,219
123,95,218
128,87,215
130,83,213
131,77,208
126,102,228
118,119,237
126,121,247
123,116,239
124,110,234
124,104,228
120,102,222
127,98,225
123,98,221
126,102,228
123,108,231
151,139,290
163,146,309
170,139,309
138,138,276
131,140,271
143,157,300
125,164,289
138,152,290
148,144,292
154,146,300
159,138,297
157,130,287
155,122,277
150,105,255
143,96,239
138,135,273
146,115,261
166,101,267
167,150,317
164,136,300
198,121,319
203,101,304
182,121,303
173,121,294
163,134,297
181,127,308
168,140,308
165,136,301
172,125,297
194,147,341
227,116,343
222,124,346
215,112,327
189,109,298
193,108,301
139,103,242
123,97,220
117,92,209
121,101,222
121,119,240
143,97,240
143,90,233
151,83,234
130,138,268
153,216,369
282,124,406
279,136,415
273,120,393
154,113,267
161,95,256
161,102,263
158,85,243
142,88,230
136,92,228
130,129,259
153,109,262
168,89,257
178,113,291
161,100,261
152,87,239
144,108,252
137,118,255
142,108,250
140,100,240
137,92,229
138,101,239
142,94,236
147,82,229
140,91,231
138,83,221
131,90,221
131,88,219
127,80,207
133,104,237
133,95,228
139,85,224
139,96,235
138,92,230
144,82,226
135,95,230
131,95,226
127,97,224
133,91,224
136,82,218
138,90,228
133,82,215
127,93,220
125,104,229
147,132,279
174,111,285
184,96,280
159,96,255
130,104,234
129,106,235
122,114,236
122,112,234
115,110,225
123,105,228
115,106,221
123,109,232
119,106,225
123,113,236
121,112,233
128,101,229
130,109,239
105,105,210
116,105,221
120,102,222
102,107,209
125,111,236
127,112,239
130,108,238
117,95,212
125,99,224
108,95,203
114,97,211
128,99,227
119,97,216
107,101,208
127,92,219
120,95,215
139,83,222
136,171,307
134,283,417
119,301,420
143,297,440
187,267,454
258,205,463
234,183,417
168,174,342
162,160,322
156,139,295
165,120,285
161,104,265
154,95,249
154,101,255
151,101,252
159,102,261
160,99,259
158,102,260
162,99,261
157,98,255
157,99,256
155,97,252
156,101,257
160,98,258
158,102,260
160,93,253
156,100,256
155,99,254
153,102,255
152,100,252
156,100,256
156,103,259
155,101,256
156,109,265
157,96,253
154,115,269
157,115,272
171,87,258
164,86,250
154,84,238
123,82,205
128,107,235
125,112,237
128,107,235
127,104,231
124,102,226
122,102,224
122,100,222
125,96,221
129,92,221
130,88,218
126,86,212
124,86,210
129,82,211
130,82,212
129,80,209
127,107,234
126,109,235
127,105,232
129,119,248
127,148,275
127,156,283
145,141,286
179,107,286
181,112,293
161,110,271
132,116,248
118,120,238
122,114,236
125,112,237
135,108,243
110,99,209
133,114,247
136,109,245
143,100,243
130,92,222
139,137,276
163,130,293
152,120,272
164,108,272
145,93,238
134,106,240
148,100,248
136,108,244
146,131,277
167,121,288
183,135,318
194,142,336
172,131,303
156,132,288
137,140,277
122,155,277
130,150,280
119,148,267
141,149,290
129,153,282
119,156,275
138,145,283
140,147,287
142,148,290
144,150,294
142,156,298
129,169,298
114,170,284
130,166,296
120,169,289
164,144,308
182,141,323
178,140,318
156,134,290
143,131,274
144,146,290
136,165,301
123,181,304
136,196,332
142,193,335
140,202,342
144,193,337
202,122,324
226,110,336
227,131,358
200,98,298
178,90,268
160,104,264
133,103,236
132,94,226
132,98,230
126,105,231
117,108,225
132,147,279
160,130,290
169,121,290
159,117,276
129,126,255
131,152,283
124,158,282
130,155,285
142,153,295
134,147,281
140,143,283
132,145,277
147,134,281
148,135,283
146,122,268
158,123,281
152,139,291
138,147,285
133,149,282
130,144,274
146,146,292
135,181,316
123,206,329
124,207,331
148,204,352
146,209,355
165,191,356
156,184,340
163,158,321
173,137,310
193,119,312
172,111,283
164,134,298
184,118,302
197,138,335
221,122,343
210,104,314
203,88,291
172,125,297
188,102,290
183,138,321
176,145,321
154,133,287
151,120,271
137,111,248
135,104,239
154,126,280
159,122,281
154,109,263
156,93,249
150,128,278
146,135,281
151,132,283
169,117,286
160,112,272
172,114,286
155,109,264
148,114,262
172,110,282
190,100,290
203,119,322
175,128,303
143,131,274
156,117,273
156,103,259
145,86,231
153,118,271
139,130,269
143,118,261
150,120,270
160,102,262
165,119,284
161,122,283
148,133,281
147,126,273
138,126,264
154,123,277
152,118,270
166,126,292
161,131,292
157,134,291
165,103,268
157,110,267
165,117,282
136,134,270
137,134,271
138,138,276
136,147,283
152,137,289
157,133,290
168,131,299
153,147,300
193,132,325
207,111,318
216,129,345
183,117,300
176,169,345
194,158,352
188,150,338
186,166,352
162,169,331
185,151,336
187,151,338
201,112,313
181,109,290
181,94,275
157,117,274
141,128,269
144,129,273
150,120,270
147,136,283
138,153,291
135,165,300
133,172,305
135,176,311
132,168,300
121,168,289
134,148,282
173,114,287
187,99,286
192,117,309
167,147,314
162,145,307
152,132,284
156,120,276
154,112,266
156,124,280
168,116,284
162,129,291
155,136,291
153,126,279
172,113,285
178,107,285
168,138,306
184,132,316
206,108,314
191,98,289
179,120,299
147,115,262
170,109,279
165,104,269
148,118,266
157,112,269
158,123,281
154,127,281
161,105,266
151,98,249
153,126,279
165,117,282
164,105,269
162,138,300
159,123,282
163,123,286
172,130,302
151,117,268
160,108,268
160,98,258
156,118,274
151,119,270
154,109,263
161,108,269
152,107,259
160,135,295
178,117,295
169,129,298
163,129,292
131,181,312
138,170,308
139,153,292
176,124,300
172,124,296
181,106,287
156,93,249
158,137,295
143,124,267
168,105,273
157,97,254
137,123,260
141,119,260
149,111,260
148,157,305
177,122,299
192,103,295
203,121,324
160,112,272
167,156,323
176,133,309
167,147,314
148,165,313
142,158,300
146,149,295
152,146,298
143,142,285
130,143,273
114,139,253
119,134,253
134,144,278
112,154,266
119,168,287
129,164,293
132,168,300
136,175,311
121,181,302
129,185,314
123,188,311
150,162,312
165,150,315
183,141,324
163,137,300
146,137,283
139,134,273
143,132,275
148,125,273
129,123,252
138,116,254
141,103,244
148,94,242
147,115,262
141,115,256
143,110,253
155,128,283
169,117,286
187,115,302
180,103,283
180,117,297
161,131,292
161,136,297
145,141,286
147,125,272
156,109,265
169,110,279
155,143,298
144,169,313
136,174,310
130,186,316
127,182,309
137,168,305
141,157,298
139,148,287
127,143,270
127,144,271
121,139,260
119,139,258
123,147,270
111,147,258
120,146,266
96,142,238
133,157,290
120,163,283
125,169,294
123,181,304
128,192,320
118,187,305
153,232,385
270,107,377
288,139,427
287,122,409
157,108,265
159,90,249
147,125,272
156,115,271
157,97,254
146,113,259
138,101,239
139,90,229
140,122,262
138,113,251
145,99,244
152,103,255
148,97,245
129,92,221
140,125,265
143,131,274
144,122,266
150,109,259
158,90,248
149,80,229
150,94,244
125,101,226
151,155,306
167,129,296
203,133,336
199,129,328
150,129,279
144,125,269
134,130,264
125,123,248
145,103,248
158,87,245
166,97,263
160,90,250
137,95,232
121,86,207
140,106,246
130,98,228
137,86,223
140,98,238
130,103,233
113,113,226
128,146,274
136,158,294
142,157,299
162,152,314
160,160,320
134,164,298
117,165,282
127,174,301
132,182,314
117,336,453
130,355,485
120,368,488
221,275,496
313,187,500
321,192,513
234,120,354
82,112,194
117,106,223
148,109,257
118,111,229
125,114,239
126,117,243
124,127,251
131,157,288
132,174,306
128,174,302
132,186,318
134,195,329
131,190,321
127,172,299
169,132,301
204,101,305
200,96,296
180,86,266
151,108,259
153,107,260
149,109,258
154,133,287
150,133,283
142,121,263
157,108,265
157,88,245
159,138,297
163,114,277
177,107,284
179,129,308
165,120,285
157,119,276
149,111,260
150,98,248
155,83,238
137,113,250
152,141,293
148,148,296
159,135,294
164,110,274
159,114,273
144,113,257
126,124,250
121,143,264
119,163,282
127,177,304
132,181,313
127,165,292
142,154,296
118,148,266
130,147,277
121,143,264
123,144,267
105,146,251
126,139,265
122,136,258
117,130,247
116,130,246
125,123,248
124,125,249
128,117,245
115,117,232
126,113,239
118,109,227
115,104,219
118,97,215
122,93,215
120,90,210
121,94,215
114,103,217
129,160,289
161,156,317
168,155,323
188,151,339
167,151,318
161,153,314
159,147,306
149,151,300
147,155,302
150,145,295
151,145,296
160,150,310
154,148,302
156,185,341
173,178,351
231,118,349
240,106,346
218,103,321
178,171,349
166,189,355
182,191,373
173,198,371
114,179,293
151,177,328
168,166,334
154,151,305
158,132,290
163,123,286
142,125,267
137,122,259
125,120,245
140,113,253
147,105,252
145,111,256
139,106,245
129,105,234
124,113,237
125,106,231
140,104,244
134,129,263
159,109,268
162,96,258
144,85,229
133,111,244
133,121,254
132,137,269
132,131,263
126,126,252
138,115,253
144,109,253
144,91,235
135,90,225
129,147,276
145,125,270
164,118,282
162,116,278
144,109,253
152,101,253
150,112,262
145,122,267
148,117,265
157,130,287
183,100,283
180,120,300
178,145,323
156,171,327
157,161,318
166,147,313
171,130,301
170,121,291
173,127,300
173,134,307
204,134,338
211,110,321
210,99,309
165,87,252
141,119,260
144,140,284
132,145,277
133,152,285
124,149,273
128,166,294
157,134,291
164,123,287
171,111,282
160,99,259
153,110,263
136,101,237
131,103,234
134,93,227
138,133,271
139,130,269
136,110,246
143,99,242
140,92,232
123,80,203
129,94,223
133,105,238
107,108,215
146,119,265
167,113,280
182,109,291
178,98,276
155,113,268
163,99,262
157,109,266
184,119,303
159,129,288
160,125,285
137,129,266
132,128,260
129,131,260
127,122,249
126,120,246
156,169,325
189,141,330
196,132,328
165,118,283
126,114,240
130,116,246
125,129,254
127,133,260
136,138,274
138,141,279
115,139,254
136,136,272
143,119,262
147,119,266
149,107,256
143,95,238
136,97,233
107,104,211
117,103,220
130,100,230
133,93,226
144,89,233
125,104,229
124,116,240
126,110,236
134,98,232
127,109,236
129,114,243
124,110,234
123,119,242
137,101,238
137,103,240
134,98,232
117,95,212
123,94,217
121,93,214
122,94,216
122,96,218
125,96,221
116,104,220
125,98,223
128,117,245
120,134,254
124,132,256
139,133,272
139,135,274
126,140,266
134,127,261
132,127,259
131,129,260
127,135,262
128,139,267
121,152,273
123,179,302
131,194,325
152,185,337
151,187,338
153,177,330
136,187,323
140,183,323
149,179,328
160,182,342
153,174,327
138,183,321
137,186,323
137,193,330
143,194,337
143,194,337
147,186,333
148,206,354
155,205,360
141,218,359
152,214,366
166,199,365
171,199,370
172,190,362
166,176,342
161,189,350
143,198,341
144,178,322
155,175,330
155,178,333
134,187,321
123,189,312
148,175,323
150,173,323
151,180,331
132,189,321
135,180,315
138,184,322
139,184,323
143,179,322
141,179,320
141,186,327
130,192,322
147,175,322
151,180,331
150,183,333
148,174,322
148,172,320
149,180,329
132,182,314
135,180,315
134,187,321
143,181,324
143,178,321
144,190,334
141,197,338
140,196,336
146,202,348
164,192,356
172,181,353
175,179,354
153,183,336
132,188,320
140,174,314
141,196,337
142,220,362
139,210,349
137,207,344
175,166,341
203,130,333
217,115,332
209,118,327
190,120,310
174,120,294
145,121,266
141,113,254
131,130,261
128,144,272
131,146,277
136,143,279
139,140,279
135,165,300
112,176,288
129,194,323
124,198,322
134,207,341
152,199,351
172,193,365
161,206,367
149,213,362
136,208,344
176,172,348
183,170,353
220,129,349
191,120,311
194,107,301
176,136,312
186,123,309
167,125,292
155,140,295
120,151,271
139,136,275
137,143,280
145,162,307
148,179,327
126,170,296
142,160,302
155,156,311
169,132,301
172,117,289
198,157,355
208,143,351
204,134,338
197,109,306
177,97,274
161,88,249
155,108,263
134,113,247
133,101,234
147,112,259
148,116,264
164,158,322
186,136,322
200,126,326
192,114,306
152,113,265
171,124,295
164,122,286
164,127,291
154,129,283
148,155,303
132,177,309
110,182,292
134,182,316
138,179,317
142,179,321
125,177,302
144,169,313
157,185,342
176,168,344
214,114,328
202,91,293
204,128,332
172,161,333
191,183,374
245,141,386
224,138,362
230,128,358
187,128,315
190,115,305
175,112,287
171,111,282
168,168,336
207,184,391
239,182,421
229,202,431
192,224,416
154,242,396
151,236,387
244,190,434
312,118,430
325,114,439
223,107,330
167,134,301
174,126,300
168,113,281
148,100,248
123,99,222
132,99,231
128,97,225
136,83,219
119,109,228
129,123,252
128,134,262
124,136,260
129,155,284
127,161,288
126,163,289
119,181,300
117,177,294
120,170,290
131,183,314
141,177,318
139,183,322
154,178,332
137,175,312
141,186,327
112,195,307
134,228,362
132,240,372
152,219,371
145,228,373
187,166,353
223,120,343
237,108,345
187,244,431
153,270,423
145,290,435
163,275,438
223,218,441
264,194,458
239,171,410
198,166,364
150,163,313
155,160,315
175,158,333
198,144,342
193,156,349
161,162,323
121,170,291
137,176,313
128,190,318
131,191,322
124,194,318
126,185,311
177,135,312
190,113,303
194,95,289
163,138,301
162,154,316
165,155,320
200,113,313
205,122,327
211,107,318
147,106,253
134,112,246
118,122,240
120,136,256
122,143,265
127,151,278
132,154,286
141,159,300
134,160,294
136,158,294
118,163,281
150,137,287
171,112,283
204,115,319
183,121,304
137,117,254
141,116,257
129,124,253
132,137,269
123,143,266
126,141,267
133,130,263
139,122,261
123,113,236
127,109,236
120,111,231
120,110,230
127,113,240
121,105,226
132,100,232
133,106,239
120,105,225
124,102,226
133,104,237
128,106,234
136,116,252
145,123,268
139,129,268
147,132,279
139,145,284
122,155,277
116,156,272
130,140,270
130,136,266
125,138,263
121,142,263
115,138,253
113,138,251
125,134,259
123,123,246
133,114,247
136,110,246
130,129,259
121,151,272
123,161,284
131,161,292
140,181,321
144,179,323
129,173,302
122,177,299
145,163,308
145,154,299
144,154,298
114,157,271
122,153,275
114,164,278
121,175,296
121,186,307
120,182,302
128,172,300
142,166,308
162,141,303
183,118,301
180,113,293
149,129,278
137,133,270
133,139,272
115,146,261
120,158,278
136,158,294
142,154,296
152,158,310
137,177,314
123,195,318
107,202,309
120,209,329
143,191,334
177,165,342
192,156,348
179,153,332
140,176,316
144,176,320
143,170,313
151,161,312
164,135,299
154,129,283
164,121,285
147,115,262
153,109,262
148,103,251
138,93,231
150,114,264
143,115,258
153,105,258
157,94,251
154,131,285
144,128,272
150,122,272
157,106,263
169,137,306
169,132,301
177,122,299
170,150,320
182,133,315
177,136,313
169,133,302
137,114,251
128,135,263
165,106,271
173,116,289
181,111,292
155,109,264
181,126,307
188,120,308
199,99,298
184,109,293
150,103,253
147,89,236
153,112,265
141,130,271
135,134,269
129,143,272
118,167,285
116,171,287
123,175,298
103,170,273
138,162,300
135,170,305
134,178,312
113,191,304
125,205,330
103,193,296
139,194,333
146,197,343
200,147,347
205,125,330
200,112,312
162,112,274
155,99,254
161,145,306
169,128,297
166,123,289
175,100,275
160,94,254
155,95,250
125,102,227
119,101,220
128,102,230
125,112,237
111,121,232
117,133,250
115,149,264
126,169,295
131,187,318
139,224,363
149,209,358
144,204,348
144,183,327
172,130,302
206,103,309
204,121,325
167,119,286
157,106,263
146,100,246
142,96,238
123,100,223
146,88,234
142,78,220
129,99,228
134,94,228
132,140,272
161,123,284
177,118,295
183,117,300
158,111,269
140,126,266
126,130,256
115,130,245
127,120,247
134,110,244
122,104,226
121,97,218
123,96,219
114,96,210
125,99,224
121,98,219
124,95,219
120,114,234
124,144,268
146,133,279
204,127,331
232,109,341
225,118,343
189,98,287
166,106,272
159,118,277
151,115,266
154,111,265
158,116,274
164,135,299
164,145,309
128,149,277
131,166,297
137,162,299
153,143,296
156,137,293
154,129,283
146,130,276
139,121,260
133,127,260
138,121,259
130,119,249
134,110,244
119,102,221
128,103,231
116,104,220
123,101,224
129,104,233
133,124,257
165,163,328
177,156,333
191,135,326
154,118,272
124,103,227
178,111,289
186,141,327
192,152,344
180,143,323
148,134,282
147,133,280
157,137,294
161,137,298
153,129,282
141,117,258
148,108,256
145,96,241
159,140,299
160,151,311
162,133,295
166,130,296
184,157,341
205,149,354
207,133,340
195,122,317
173,123,296
154,129,283
142,128,270
163,158,321
186,149,335
194,142,336
187,133,320
188,106,294
206,110,316
179,112,291
141,101,242
156,104,260
156,96,252
148,140,288
169,129,298
173,120,293
178,122,300
155,120,275
141,126,267
158,112,270
165,97,262
170,140,310
157,132,289
160,113,273
151,112,263
175,108,283
167,95,262
169,134,303
167,126,293
187,105,292
183,97,280
167,110,277
140,108,248
122,101,223
125,108,233
118,114,232
121,129,250
120,138,258
121,145,266
117,148,265
128,149,277
126,165,291
135,178,313
152,175,327
150,183,333
148,173,321
138,177,315
131,180,311
133,168,301
138,172,310
145,187,332
122,211,333
142,190,332
162,161,323
170,159,329
162,140,302
137,131,268
147,109,256
142,111,253
125,121,246
141,173,314
175,144,319
170,139,309
159,143,302
112,145,257
138,138,276
143,139,282
170,116,286
180,115,295
177,109,286
139,104,243
145,95,240
127,118,245
138,128,266
133,129,262
133,129,262
133,134,267
126,136,262
130,144,274
145,120,265
154,105,259
153,100,253
139,91,230
142,138,280
146,137,283
150,129,279
147,122,269
133,125,258
127,124,251
128,130,258
125,131,256
127,132,259
127,152,279
136,174,310
141,165,306
154,161,315
149,153,302
138,143,281
129,128,257
145,114,259
127,113,240
125,118,243
158,171,329
195,159,354
198,158,356
173,153,326
148,151,299
145,151,296
145,147,292
148,150,298
161,150,311
143,147,290
150,151,301
181,118,299
174,124,298
171,126,297
134,126,260
128,124,252
130,117,247
144,121,265
141,118,259
137,109,246
130,105,235
132,105,237
137,89,226
149,93,242
151,90,241
133,124,257
165,95,260
162,132,294
183,134,317
153,136,289
141,135,276
127,126,253
143,109,252
158,98,256
159,124,283
155,112,267
160,90,250
164,139,303
178,235,413
298,124,422
307,131,438
279,123,402
141,120,261
153,100,253
157,121,278
166,111,277
149,100,249
150,90,240
132,93,225
121,137,258
155,127,282
172,132,304
173,137,310
137,133,270
120,130,250
134,107,241
135,105,240
150,195,345
149,248,397
133,246,379
153,225,378
155,245,400
245,157,402
247,142,389
230,144,374
158,143,301
141,145,286
143,152,295
144,147,291
123,147,270
136,164,300
130,189,319
120,209,329
115,211,326
131,199,330
161,181,342
183,159,342
181,147,328
159,144,303
147,141,288
137,135,272
136,123,259
135,111,246
131,100,231
131,93,224
125,98,223
125,138,263
158,104,262
173,86,259
176,134,310
159,122,281
165,129,294
167,112,279
157,100,257
141,109,250
152,114,266
170,86,256
158,129,287
177,111,288
160,135,295
184,110,294
156,105,261
161,98,259
134,95,229
134,92,226
135,87,222
135,84,219
136,81,217
129,108,237
125,109,234
128,107,235
129,107,236
129,101,230
130,99,229
133,96,229
133,93,226
134,88,222
134,82,216
132,115,247
129,112,241
128,108,236
127,105,232
115,110,225
125,107,232
124,105,229
124,102,226
128,93,221
132,89,221
133,86,219
130,82,212
126,82,208
127,81,208
124,113,237
124,115,239
127,109,236
126,108,234
112,105,217
123,102,225
124,102,226
124,105,229
126,99,225
129,95,224
133,92,225
130,90,220
132,87,219
131,82,213
131,82,213
126,81,207
126,126,252
126,127,253
138,112,250
152,97,249
163,175,338
167,173,340
168,169,337
155,172,327
95,174,269
120,172,292
125,166,291
138,150,288
154,130,284
160,118,278
151,105,256
142,93,235
138,83,221
139,114,253
139,107,246
138,96,234
135,93,228
129,84,213
138,151,289
172,120,292
188,110,298
195,215,410
187,186,373
173,179,352
182,148,330
103,132,235
148,113,261
162,97,259
166,198,364
159,217,376
142,222,364
172,183,355
117,156,273
165,144,309
151,141,292
140,136,276
111,127,238
118,120,238
108,127,235
113,131,244
120,125,245
119,122,241
133,116,249
130,111,241
124,114,238
137,107,244
136,102,238
125,106,231
101,105,206
113,99,212
129,88,217
112,101,213
124,104,228
128,95,223
127,151,278
147,126,273
170,104,274
171,186,357
152,188,340
154,201,355
147,178,325
112,156,268
144,156,300
143,154,297
102,150,252
127,152,279
101,159,260
120,162,282
109,177,286
111,174,285
92,182,274
123,203,326
170,146,316
192,122,314
186,106,292
159,128,287
147,119,266
137,116,253
169,100,269
156,159,315
160,142,302
168,116,284
163,114,277
115,115,230
113,115,228
124,131,255
127,139,266
123,142,265
113,137,250
95,131,226
145,95,240
158,167,325
171,165,336
139,168,307
142,154,296
94,162,256
162,153,315
182,123,305
177,119,296
165,123,288
128,134,262
122,144,266
117,140,257
135,124,259
148,106,254
144,108,252
115,112,227
95,125,220
115,134,249
121,135,256
117,136,253
150,107,257
164,139,303
191,112,303
172,136,308
159,131,290
145,115,260
127,106,233
94,101,195
148,100,248
101,119,220
146,204,350
204,154,358
214,155,369
203,155,358
103,159,262
128,162,290
133,158,291
124,146,270
135,136,271
125,128,253
130,118,248
111,93,204
141,87,228
130,121,251
134,121,255
133,112,245
129,111,240
114,106,220
136,111,247
111,106,217
129,103,232
128,95,223
132,84,216
101,120,221
141,120,261
118,124,242
126,131,257
106,136,242
127,138,265
127,144,271
147,120,267
149,121,270
155,133,288
124,148,272
130,152,282
120,162,282
132,165,297
136,165,301
141,179,320
134,184,318
150,170,320
179,139,318
178,140,318
157,140,297
137,132,269
144,128,272
160,105,265
158,115,273
180,140,320
158,156,314
169,153,322
151,163,314
158,168,326
145,173,318
143,180,323
134,189,323
146,195,341
142,200,342
123,191,314
142,174,316
146,155,301
166,120,286
174,94,268
186,134,320
165,140,305
155,146,301
143,142,285
134,132,266
164,102,266
177,119,296
171,123,294
160,116,276
150,104,254
146,119,265
147,109,256
161,101,262
168,103,271
164,112,276
155,133,288
168,108,276
180,110,290
186,126,312
169,96,265
181,128,309
181,122,303
163,114,277
162,98,260
156,91,247
151,109,260
146,107,253
143,98,241
149,111,260
143,108,251
154,99,253
151,97,248
151,105,256
139,87,226
156,104,260
150,113,263
142,106,248
138,103,241
148,119,267
136,119,255
140,115,255
154,101,255
159,117,276
178,166,344
195,135,330
189,130,319
163,137,300
120,145,265
130,156,286
144,168,312
168,167,335
176,169,345
183,187,370
171,181,352
173,170,343
167,169,336
157,150,307
177,131,308
184,139,323
210,151,361
225,157,382
231,151,382
200,132,332
172,116,288
191,108,299
178,105,283
161,98,259
146,114,260
145,125,270
160,110,270
169,126,295
173,121,294
154,125,279
140,134,274
122,135,257
130,140,270
126,143,269
127,165,292
113,189,302
123,202,325
126,209,335
127,211,338
152,183,335
165,181,346
172,179,351
151,169,320
132,183,315
137,182,319
128,170,298
140,164,304
154,163,317
162,149,311
174,130,304
179,107,286
161,92,253
147,96,243
139,155,294
157,140,297
181,127,308
180,113,293
149,100,249
151,114,265
160,117,277
151,112,263
154,94,248
157,106,263
157,97,254
167,104,271
158,104,262
148,103,251
149,129,278
161,110,271
161,105,266
176,115,291
165,119,284
149,121,270
131,115,246
131,113,244
123,120,243
106,119,225
123,127,250
125,126,251
122,132,254
121,133,254
123,132,255
132,127,259
147,124,271
161,116,277
176,97,273
181,85,266
147,91,238
128,130,258
117,166,283
172,132,304
185,127,312
182,134,316
131,147,278
114,168,282
116,194,310
117,198,315
129,206,335
140,213,353
149,200,349
150,187,337
149,171,320
177,135,312
168,121,289
155,115,270
141,108,249
139,102,241
149,125,274
155,124,279
150,119,269
151,120,271
145,111,256
136,130,266
146,116,262
161,101,262
166,92,258
155,163,318
159,276,435
168,290,458
165,294,459
160,280,440
264,180,444
237,150,387
246,140,386
225,213,438
355,158,513
339,167,506
342,146,488
201,131,332
203,107,310
181,107,288
166,112,278
158,138,296
161,134,295
179,107,286
184,106,290
146,118,264
134,130,264
128,122,250
136,98,234
134,91,225
133,90,223
112,95,207
123,91,214
127,77,204
130,100,230
120,116,236
120,136,256
125,138,263
127,136,263
131,144,275
123,144,267
125,145,270
122,144,266
123,155,278
152,147,299
167,146,313
168,147,315
137,138,275
139,125,264
169,105,274
186,83,269
170,91,261
139,95,234
127,119,246
150,87,237
158,113,271
173,112,285
153,102,255
156,97,253
148,120,268
147,117,264
162,95,257
161,98,259
156,98,254
126,124,250
127,140,267
135,166,301
158,154,312
165,147,312
169,133,302
161,116,277
153,108,261
151,110,261
149,110,259
167,111,278
168,101,269
151,89,240
146,104,250
137,100,237
140,89,229
146,125,271
148,127,275
144,128,272
137,129,266
135,127,262
155,105,260
168,96,264
153,104,257
137,102,239
140,120,260
145,103,248
149,90,239
161,112,273
152,134,286
143,136,279
148,138,286
145,136,281
134,141,275
139,145,284
141,139,280
138,127,265
163,112,275
150,106,256
150,107,257
130,103,233
127,97,224
127,100,227
104,105,209
132,99,231
125,93,218
114,87,201
119,87,206
116,87,203
120,110,230
121,127,248
124,130,254
129,140,269
128,144,272
136,131,267
150,129,279
142,135,277
120,144,264
127,144,271
121,145,266
112,162,274
125,175,300
117,181,298
110,186,296
118,186,304
128,176,304
157,172,329
155,181,336
133,194,327
116,209,325
148,176,324
158,169,327
169,154,323
152,143,295
156,126,282
159,108,267
137,99,236
130,93,223
133,104,237
136,115,251
120,118,238
133,111,244
131,106,237
114,101,215
134,112,246
133,128,261
124,124,248
130,113,243
143,112,255
146,97,243
157,93,250
142,86,228
121,116,237
126,121,247
156,109,265
152,116,268
150,125,275
123,134,257
118,141,259
117,148,265
135,137,272
125,143,268
133,140,273
124,131,255
140,135,275
150,155,305
147,170,317
148,153,301
167,128,295
173,117,290
146,112,258
135,123,258
115,129,244
124,131,255
128,131,259
103,132,235
125,127,252
132,128,260
118,135,253
132,141,273
124,151,275
134,144,278
148,132,280
147,134,281
143,127,270
137,123,260
130,119,249
128,132,260
120,156,276
125,174,299
118,176,294
143,186,329
145,191,336
137,186,323
129,190,319
153,164,317
156,157,313
151,155,306
132,152,284
123,153,276
128,149,277
119,153,272
132,149,281
123,147,270
126,146,272
123,142,265
115,142,257
118,140,258
123,143,266
121,139,260
121,139,260
122,139,261
105,140,245
119,135,254
121,133,254
122,135,257
123,131,254
108,123,231
133,115,248
126,112,238
124,138,262
121,152,273
117,165,282
135,163,298
144,161,305
145,162,307
141,169,310
128,175,303
116,186,302
120,201,321
130,211,341
132,208,340
146,219,365
179,171,350
186,148,334
193,130,323
153,121,274
115,114,229
131,97,228
142,89,231
133,82,215
117,78,195
127,105,232
125,111,236
132,123,255
143,124,267
148,116,264
154,129,283
175,100,275
182,124,306
175,113,288
156,104,260
151,127,278
157,109,266
167,99,266
171,120,291
135,132,267
144,110,254
134,108,242
132,106,238
120,115,235
123,121,244
117,129,246
124,130,254
113,137,250
137,124,261
136,133,269
145,118,263
130,125,255
138,117,255
136,119,255
129,140,269
120,146,266
126,143,269
126,135,261
140,151,291
122,166,288
124,191,315
128,177,305
136,185,321
134,176,310
139,158,297
129,162,291
147,140,287
149,119,268
167,109,276
169,95,264
158,139,297
155,139,294
156,126,282
151,121,272
137,102,239
143,104,247
145,110,255
145,118,263
147,125,272
154,114,268
159,98,257
164,123,287
161,117,278
148,119,267
149,115,264
168,152,320
189,155,344
213,129,342
222,100,322
200,111,311
176,118,294
141,126,267
153,120,273
160,142,302
200,134,334
192,111,303
207,96,303
175,116,291
156,128,284
146,141,287
138,150,288
180,106,286
194,85,279
192,112,304
146,100,246
144,90,234
148,118,266
142,111,253
147,102,249
146,86,232
142,121,263
148,116,264
152,100,252
154,90,244
143,137,280
151,142,293
177,108,285
190,85,275
182,121,303
153,109,262
153,91,244
156,146,302
144,137,281
146,122,268
146,107,253
144,96,240
146,123,269
158,111,269
160,98,258
153,123,276
146,113,259
151,99,250
150,95,245
131,88,219
140,106,246
139,98,237
142,86,228
145,129,274
146,134,280
160,113,273
174,137,311
182,114,296
171,101,272
166,90,256
143,126,269
148,115,263
156,96,252
153,86,239
142,113,255
146,102,248
148,93,241
151,112,263
147,105,252
149,96,245
146,115,261
146,108,254
144,100,244
137,122,259
152,115,267
178,114,292
190,103,293
176,123,299
169,105,274
155,102,257
156,104,260
155,119,274
171,158,329
195,123,318
192,112,304
168,102,270
116,94,210
130,90,220
122,119,241
149,114,263
159,170,329
180,154,334
193,129,322
210,109,319
180,100,280
176,169,345
178,153,331
163,177,340
152,195,347
121,195,316
135,194,329
158,190,348
149,180,329
140,188,328
148,177,325
138,184,322
140,216,356
127,223,350
145,214,359
150,208,358
187,174,361
174,166,340
176,146,322
153,141,294
132,148,280
117,161,278
112,179,291
125,194,319
134,194,328
148,190,338
140,184,324
146,162,308
143,157,300
152,154,306
131,157,288
131,144,275
133,141,274
112,137,249
128,142,270
121,137,258
121,142,263
118,149,267
124,152,276
109,147,256
160,102,262
171,113,284
173,116,289
174,96,270
158,174,332
143,257,400
136,271,407
146,275,421
159,267,426
225,191,416
216,172,388
183,173,356
169,149,318
147,150,297
147,146,293
127,141,268
127,123,250
145,130,275
124,136,260
131,137,268
125,158,283
151,154,305
159,157,316
158,180,338
173,178,351
238,187,425
303,114,417
302,105,407
231,141,372
181,134,315
166,136,302
153,137,290
135,144,279
131,144,275
131,149,280
135,161,296
146,166,312
148,157,305
151,145,296
146,132,278
152,111,263
148,95,243
148,88,236
136,103,239
135,95,230
144,96,240
147,94,241
145,107,252
141,105,246
139,118,257
170,108,278
162,116,278
162,118,280
147,103,250
160,100,260
149,109,258
128,115,243
115,131,246
118,146,264
123,156,279
132,150,282
154,145,299
157,145,302
153,128,281
139,123,262
145,113,258
133,122,255
132,124,256
82,125,207
132,107,239
147,113,260
152,125,277
134,120,254
133,123,256
140,124,264
145,127,272
140,134,274
134,139,273
142,133,275
143,127,270
160,136,296
162,141,303
167,172,339
170,161,331
166,170,336
173,186,359
154,221,375
159,233,392
171,204,375
168,194,362
190,159,349
197,129,326
204,136,340
223,118,341
202,108,310
169,106,275
153,122,275
153,107,260
159,104,263
161,114,275
164,149,313
197,116,313
189,114,303
161,117,278
132,111,243
142,125,267
166,124,290
195,131,326
206,132,338
186,144,330
154,133,287
139,134,273
135,133,268
120,138,258
120,144,264
150,122,272
160,109,269
166,117,283
152,127,279
155,136,291
156,149,305
145,149,294
129,151,280
120,158,278
127,172,299
102,180,282
112,204,316
121,214,335
136,200,336
140,195,335
171,162,333
173,147,320
197,121,318
193,142,335
192,153,345
181,148,329
149,142,291
140,128,268
142,111,253
158,95,253
163,120,283
186,109,295
185,107,292
171,107,278
143,106,249
140,108,248
159,114,273
177,97,274
165,95,260
158,92,250
131,92,223
118,102,220
121,110,231
122,136,258
135,165,300
130,160,290
170,100,270
196,119,315
200,121,321
159,117,276
158,99,257
149,110,259
164,112,276
152,108,260
158,107,265
142,100,242
138,94,232
142,103,245
133,95,228
142,87,229
149,114,263
145,125,270
148,114,262
143,105,248
130,98,228
135,86,221
134,76,210
133,111,244
128,112,240
126,118,244
137,111,248
135,118,253
135,156,291
127,176,303
133,186,319
124,194,318
155,171,326
178,149,327
207,128,335
204,164,368
206,167,373
197,191,388
176,217,393
159,200,359
176,221,397
211,214,425
198,192,390
207,169,376
225,118,343
201,119,320
159,115,274
142,108,250
114,121,235
155,111,266
149,113,262
173,109,282
156,98,254
171,114,285
164,106,270
161,95,256
152,115,267
144,124,268
144,154,298
139,161,300
147,151,298
163,143,306
145,144,289
153,142,295
139,136,275
143,136,279
134,145,279
130,141,271
122,149,271
123,145,268
112,142,254
117,133,250
131,123,254
144,102,246
149,101,250
145,96,241
135,80,215
136,100,236
117,99,216
124,91,215
135,102,237
140,118,258
139,120,259
130,121,251
130,125,255
125,135,260
137,131,268
144,144,288
142,148,290
106,162,268
131,158,289
125,158,283
126,153,279
123,178,301
118,204,322
110,210,320
121,205,326
157,168,325
175,155,330
179,159,338
137,162,299
121,167,288
123,163,286
126,163,289
126,177,303
117,199,316
121,211,332
122,218,340
139,211,350
150,207,357
178,188,366
161,179,340
174,161,335
151,152,303
150,143,293
129,127,256
139,115,254
137,107,244
141,97,238
133,91,224
133,90,223
134,117,251
142,117,259
160,101,261
165,112,277
190,133,323
181,119,300
190,102,292
158,114,272
157,90,247
169,108,277
174,91,265
159,139,298
185,123,308
168,124,292
169,131,300
139,129,268
131,137,268
137,143,280
131,146,277
132,138,270
142,143,285
147,136,283
149,133,282
148,131,279
134,129,263
130,131,261
130,136,266
139,142,281
139,133,272
153,124,277
145,122,267
145,130,275
142,163,305
145,162,307
152,149,301
169,131,300
161,119,280
172,150,322
176,125,301
206,129,335
212,154,366
211,138,349
248,118,366
234,111,345
194,155,349
200,113,313
194,110,304
188,112,300
146,153,299
152,155,307
158,142,300
170,123,293
172,127,299
168,130,298
134,133,267
143,143,286
137,146,283
154,150,304
149,151,300
145,138,283
136,125,261
144,137,281
157,123,280
157,116,273
140,109,249
153,100,253
151,148,299
177,118,295
175,105,280
157,99,256
138,100,238
129,93,222
128,94,222
124,89,213
125,105,230
125,115,240
127,114,241
149,128,277
185,94,279
176,106,282
169,126,295
147,121,268
146,118,264
140,109,249
122,103,225
131,100,231
136,89,225
142,108,250
150,117,267
148,121,269
139,121,260
130,127,257
126,143,269
129,154,283
129,154,283
130,150,280
133,136,269
138,124,262
146,113,259
142,98,240
131,88,219
136,83,219
122,108,230
143,117,260
173,123,296
193,107,300
171,124,295
171,113,284
159,106,265
153,118,271
165,108,273
179,103,282
176,104,280
158,94,252
153,120,273
149,114,263
145,111,256
163,142,305
169,126,295
165,119,284
145,114,259
129,112,241
115,119,234
125,115,240
123,109,232
126,108,234
128,113,241
119,116,235
124,107,231
133,100,233
114,103,217
144,107,251
154,122,276
163,117,280
144,115,259
154,110,264
136,112,248
140,112,252
146,99,245
151,108,259
155,102,257
151,97,248
142,110,252
157,133,290
181,107,288
186,101,287
169,117,286
161,90,251
160,90,250
149,115,264
136,118,254
137,109,246
156,87,243
151,117,268
157,125,282
153,120,273
138,109,247
128,102,230
128,94,222
129,83,212
131,95,226
130,101,231
134,101,235
135,88,223
149,114,263
142,129,271
145,159,304
135,295,430
131,310,441
128,319,447
218,229,447
268,184,452
258,162,420
192,131,323
180,112,292
162,114,276
134,116,250
128,112,240
136,112,248
139,102,241
142,100,242
126,99,225
110,99,209
117,94,211
120,89,209
125,87,212
112,85,197
121,92,213
129,119,248
146,119,265
163,132,295
187,138,325
180,147,327
178,134,312
156,142,298
146,149,295
134,138,272
126,129,255
138,111,249
141,149,290
173,224,397
276,96,372
297,147,444
273,143,416
177,107,284
177,100,277
163,90,253
140,103,243
145,107,252
156,107,263
164,107,271
162,125,287
169,115,284
178,132,310
186,121,307
178,119,297
185,118,303
168,118,286
177,114,291
151,116,267
147,120,267
144,118,262
149,109,258
150,110,260
153,108,261
155,105,260
150,109,259
144,107,251
139,108,247
145,104,249
143,99,242
143,103,246
147,96,243
147,94,241
147,114,261
145,114,259
150,109,259
146,110,256
143,105,248
144,102,246
145,104,249
145,101,246
144,102,246
147,103,250
145,108,253
147,108,255
142,107,249
141,109,250
135,105,240
141,101,242
142,102,244
149,97,246
148,96,244
159,115,274
158,112,270
157,114,271
147,114,261
142,113,255
146,106,252
150,102,252
154,98,252
152,98,250
146,101,247
141,100,241
140,103,243
141,108,249
141,108,249
142,112,254
141,114,255
136,137,273
142,142,284
153,137,290
155,138,293
155,137,292
141,138,279
139,140,279
141,141,282
147,149,296
150,157,307
147,168,315
163,150,313
172,150,322
172,155,327
151,154,305
161,138,299
160,125,285
149,117,266
160,106,266
162,102,264
148,120,268
135,128,263
130,135,265
132,123,255
124,117,241
143,95,238
140,88,228
145,144,289
161,120,281
177,177,354
199,173,372
149,183,332
138,175,313
92,154,246
130,142,272
155,126,281
131,112,243
117,172,289
170,136,306
171,128,299
168,119,287
113,100,213
141,93,234
136,145,281
139,156,295
126,169,295
128,178,306
117,174,291
120,175,295
124,172,296
129,174,303
128,159,287
119,157,276
139,164,303
130,153,283
136,163,299
132,161,293
131,163,294
134,178,312
126,191,317
108,189,297
118,184,302
127,146,273
169,130,299
152,121,273
152,105,257
161,86,247
141,100,241
122,114,236
128,113,241
120,109,229
124,105,229
141,123,264
158,156,314
160,149,309
144,141,285
151,168,319
141,189,330
108,201,309
142,195,337
163,191,354
134,189,323
144,182,326
126,174,300
156,148,304
151,135,286
164,114,278
154,96,250
154,179,333
171,153,324
166,189,355
131,199,330
87,203,290
117,214,331
177,152,329
193,135,328
185,123,308
150,109,259
163,109,272
168,139,307
143,131,274
183,125,308
158,102,260
141,105,246
143,121,264
109,130,239
117,145,262
124,154,278
131,152,283
129,180,309
167,169,336
161,167,328
174,145,319
150,134,284
141,123,264
126,115,241
143,100,243
143,148,291
156,131,287
162,137,299
163,133,296
133,130,263
126,128,254
138,112,250
149,125,274
155,118,273
169,121,290
169,113,282
151,128,279
142,134,276
116,157,273
117,176,293
132,167,299
126,172,298
134,163,297
146,160,306
186,115,301
189,93,282
173,127,300
173,144,317
194,105,299
191,94,285
162,123,285
133,133,266
124,131,255
144,140,284
127,143,270
130,157,287
148,146,294
153,138,291
160,134,294
168,130,298
192,149,341
199,133,332
192,122,314
166,115,281
158,147,305
196,130,326
199,140,339
192,140,332
174,161,335
200,154,354
212,125,337
186,118,304
156,110,266
138,111,249
129,105,234
123,114,237
126,119,245
121,125,246
122,125,247
102,135,237
120,141,261
125,146,271
114,154,268
125,153,278
123,147,270
109,146,255
120,151,271
123,149,272
123,156,279
122,160,282
121,166,287
122,169,291
116,191,307
101,191,292
129,187,316
126,185,311
142,159,301
154,168,322
145,156,301
121,149,270
134,138,272
121,137,258
103,145,248
127,144,271
97,140,237
122,157,279
113,172,285
116,180,296
119,183,302
131,171,302
125,170,295
165,149,314
186,136,322
184,151,335
166,172,338
140,177,317
115,171,286
128,154,282
136,137,273
144,133,277
119,127,246
132,113,245
151,120,271
149,112,261
177,87,264
161,100,261
157,95,252
139,88,227
114,122,236
131,124,255
134,112,246
155,87,242
144,108,252
142,130,272
173,108,281
171,109,280
150,99,249
148,119,267
140,108,248
147,93,240
150,113,263
149,109,258
140,103,243
122,110,232
134,147,281
185,92,277
183,90,273
185,105,290
130,111,241
138,106,244
143,90,233
145,134,279
170,119,289
161,131,292
155,146,301
136,152,288
143,136,279
146,123,269
160,107,267
143,121,264
164,94,258
160,111,271
144,113,257
139,103,242
138,98,236
148,124,272
136,137,273
150,154,304
140,166,306
123,163,286
161,136,297
182,122,304
175,125,300
145,121,266
128,117,245
125,137,262
122,162,284
118,174,292
160,149,309
191,144,335
207,127,334
197,115,312
185,107,292
171,114,285
169,132,301
181,146,327
178,147,325
169,171,340
146,166,312
207,96,303
205,88,293
193,86,279
116,92,208
118,90,208
121,104,225
120,118,238
126,123,249
159,99,258
144,100,244
169,121,290
170,99,269
172,107,279
169,102,271
151,115,266
156,117,273
155,103,258
157,109,266
150,112,262
153,181,334
170,158,328
165,165,330
172,156,328
109,167,276
129,174,303
114,171,285
121,168,289
136,158,294
139,153,292
136,149,285
117,142,259
123,143,266
107,141,248
126,144,270
121,154,275
121,161,282
135,140,275
143,140,283
141,129,270
122,127,249
119,128,247
103,130,233
122,137,259
124,133,257
135,132,267
120,139,259
129,138,267
106,139,245
137,138,275
126,144,270
119,174,293
126,312,438
122,313,435
132,311,443
215,217,432
268,152,420
294,136,430
151,124,275
165,109,274
170,93,263
186,109,295
167,96,263
150,126,276
152,129,281
148,125,273
140,130,270
128,130,258
133,129,262
132,136,268
129,137,266
130,143,273
127,152,279
132,155,287
129,148,277
139,136,275
140,124,264
140,108,248
154,103,257
144,109,253
161,107,268
168,90,258
173,99,272
143,98,241
146,114,260
150,96,246
158,106,264
153,105,258
153,102,255
146,91,237
147,112,259
152,118,270
146,105,251
157,116,273
171,132,303
173,122,295
181,129,310
151,141,292
127,152,279
116,151,267
129,161,290
122,175,297
111,178,289
221,184,405
290,115,405
278,118,396
193,113,306
120,109,229
122,101,223
121,96,217
131,96,227
127,91,218
121,109,230
122,118,240
130,116,246
126,133,259
127,139,266
112,144,256
125,140,265
124,140,264
120,133,253
129,138,267
117,145,262
121,143,264
128,134,262
137,128,265
114,129,243
125,125,250
122,125,247
126,119,245
127,123,250
124,120,244
126,106,232
133,105,238
134,105,239
113,114,227
132,106,238
130,101,231
122,99,221
120,99,219
124,93,217
127,90,217
129,87,216
122,82,204
122,80,202
115,112,227
120,118,238
112,113,225
126,112,238
115,107,222
119,113,232
123,121,244
123,126,249
132,128,260
140,145,285
146,140,286
144,140,284
158,131,289
145,129,274
146,135,281
134,124,258
129,125,254
131,132,263
123,142,265
123,166,289
126,171,297
143,165,308
141,175,316
146,165,311
143,189,332
139,214,353
123,219,342
135,220,355
156,209,365
188,187,375
190,173,363
187,151,338
171,116,287
182,93,275
168,91,259
145,160,305
173,130,303
177,127,304
169,133,302
122,134,256
121,130,251
122,139,261
131,149,280
127,157,284
123,159,282
121,165,286
118,162,280
131,161,292
129,164,293
133,168,301
131,173,304
140,178,318
136,197,333
134,194,328
126,204,330
141,190,331
149,185,334
161,190,351
143,184,327
141,178,319
137,183,320
137,171,308
139,182,321
135,186,321
127,191,318
132,186,318
145,180,325
142,194,336
140,195,335
130,196,326
158,169,327
199,118,317
234,115,349
223,106,329
194,113,307
159,110,269
146,120,266
161,131,292
177,125,302
181,133,314
162,121,283
160,98,258
159,111,270
153,122,275
154,124,278
153,113,266
149,96,245
151,90,241
119,138,257
149,142,291
150,134,284
162,132,294
149,134,283
155,119,274
150,102,252
152,96,248
146,92,238
133,105,238
154,95,249
151,109,260
156,88,244
152,120,272
162,123,285
133,128,261
130,117,247
132,118,250
130,113,243
126,112,238
128,117,245
103,132,235
121,141,262
118,146,264
130,145,275
131,153,284
120,156,276
124,175,299
122,180,302
123,184,307
123,185,308
133,177,310
149,175,324
148,174,322
131,176,307
132,156,288
142,152,294
130,163,293
126,179,305
111,184,295
119,189,308
129,188,317
156,162,318
172,149,321
179,166,345
162,162,324
150,149,299
156,128,284
179,104,283
171,90,261
157,81,238
133,114,247
132,120,252
126,123,249
146,113,259
138,141,279
143,162,305
146,155,301
161,145,306
165,141,306
138,129,267
145,112,257
159,88,247
153,79,232
136,108,244
134,103,237
142,97,239
153,108,261
148,116,264
144,117,261
149,104,253
154,85,239
161,97,258
150,101,251
133,98,231
131,103,234
139,119,258
152,138,290
149,134,283
134,124,258
134,112,246
131,137,268
123,147,270
133,128,261
154,124,278
157,137,294
134,165,299
118,161,279
131,158,289
122,159,281
133,158,291
128,161,289
126,175,301
116,167,283
142,172,314
125,176,301
149,177,326
149,174,323
132,170,302
127,164,291
138,155,293
129,152,281
128,148,276
122,151,273
122,148,270
122,149,271
121,153,274
88,162,250
120,159,279
122,178,300
120,191,311
121,197,318
123,202,325
146,181,327
161,159,320
178,141,319
178,119,297
163,110,273
145,103,248
158,91,249
159,127,286
168,108,276
157,115,272
148,138,286
118,153,271
126,166,292
124,166,290
134,170,304
125,182,307
118,187,305
123,191,314
122,204,326
143,194,337
144,190,334
148,182,330
163,139,302
171,125,296
168,112,280
143,126,269
135,144,279
169,229,398
228,196,424
269,176,445
254,166,420
181,154,335
209,171,380
232,152,384
215,175,390
205,178,383
184,173,357
203,168,371
201,165,366
201,159,360
199,160,359
202,171,373
207,179,386
208,179,387
204,179,383
205,176,381
205,174,379
204,172,376
198,170,368
197,167,364
197,162,359
198,160,358
201,159,360
204,152,356
204,148,352
199,149,348
189,155,344
176,169,345
163,197,360
160,207,367
151,222,373
164,221,385
181,213,394
205,206,411
212,201,413
214,191,405
211,181,392
204,173,377
213,167,380
212,176,388
211,188,399
205,195,400
191,205,396
169,219,388
162,236,398
162,249,411
168,255,423
168,262,430
195,249,444
219,228,447
241,217,458
229,202,431
223,189,412
237,159,396
240,157,397
236,153,389
236,165,401
243,184,427
244,180,424
223,172,395
198,161,359
195,138,333
202,128,330
195,113,308
181,147,328
182,125,307
195,167,362
219,146,365
205,144,349
177,142,319
182,166,348
211,150,361
232,162,394
206,171,377
171,195,366
178,214,392
190,217,407
187,223,410
185,248,433
168,270,438
170,281,451
168,265,433
220,213,433
222,188,410
262,133,395
235,121,356
236,105,341
182,116,298
179,169,348
201,149,350
218,139,357
222,135,357
194,120,314
173,148,321
171,145,316
167,152,319
171,158,329
160,160,320
171,153,324
171,145,316
187,172,359
227,134,361
257,150,407
253,122,375
204,130,334
187,134,321
156,123,279
162,144,306
167,160,327
184,158,342
211,158,369
167,167,334
199,167,366
198,157,355
218,145,363
214,248,462
224,346,570
229,352,581
263,315,578
246,308,554
213,257,470
184,207,391
233,176,409
264,142,406
251,118,369
224,124,348
177,115,292
142,117,259
162,135,297
171,188,359
189,193,382
186,185,371
200,172,372
201,147,348
224,172,396
225,170,395
222,166,388
202,149,351
164,154,318
162,151,313
147,162,309
151,181,332
144,216,360
150,212,362
173,187,360
184,165,349
188,142,330
194,129,323
191,120,311
181,112,293
154,105,259
146,171,317
182,157,339
212,146,358
217,158,375
183,135,318
178,144,322
225,102,327
207,155,362
209,169,378
174,169,343
187,164,351
170,171,341
173,199,372
158,212,370
163,209,372
154,226,380
151,246,397
152,272,424
158,291,449
193,284,477
199,307,506
229,278,507
223,260,483
248,243,491
270,224,494
274,220,494
295,175,470
277,164,441
250,174,424
196,165,361
185,166,351
175,170,345
176,176,352
186,180,366
217,152,369
237,243,480
350,220,570
417,180,597
408,146,554
309,148,457
241,155,396
241,158,399
247,166,413
243,135,378
218,125,343
181,128,309
174,132,306
184,159,343
222,165,387
244,137,381
235,126,361
189,128,317
133,134,267
139,136,275
152,123,275
157,118,275
162,112,274
156,147,303
178,134,312
178,145,323
171,133,304
146,125,271
148,129,277
162,124,286
160,125,285
162,135,297
146,160,306
140,166,306
138,177,315
143,172,315
163,157,320
196,131,327
214,160,374
222,176,398
198,209,407
175,243,418
140,244,384
148,267,415
168,241,409
208,201,409
225,183,408
245,153,398
229,131,360
222,166,388
232,136,368
232,210,442
246,176,422
251,156,407
251,163,414
181,162,343
190,165,355
185,168,353
174,174,348
165,157,322
184,142,326
209,137,346
215,191,406
245,177,422
218,176,394
214,184,398
168,197,365
175,217,392
171,228,399
170,244,414
174,249,423
171,259,430
184,255,439
206,247,453
230,229,459
249,205,454
245,190,435
222,193,415
181,233,414
169,237,406
170,216,386
184,197,381
206,157,363
234,151,385
247,153,400
236,132,368
231,136,367
226,122,348
220,151,371
209,141,350
198,185,383
222,167,389
195,180,375
200,189,389
152,196,348
171,206,377
157,218,375
175,218,393
150,249,399
169,267,436
161,257,418
180,245,425
221,215,436
241,195,436
246,151,397
245,153,398
242,136,378
243,174,417
230,171,401
200,177,377
188,202,390
153,217,370
176,255,431
194,257,451
198,240,438
209,231,440
203,214,417
209,194,403
186,189,375
179,197,376
153,200,353
149,190,339
151,187,338
170,200,370
209,170,379
214,152,366
230,119,349
192,111,303
183,122,305
172,131,303
168,138,306
183,114,297
181,110,291
180,114,294
154,121,275
150,117,267
165,130,295
178,115,293
193,170,363
211,191,402
185,186,371
196,173,369
186,149,335
187,153,340
145,150,295
152,159,311
146,158,304
166,142,308
176,137,313
173,144,317
155,170,325
142,186,328
146,185,331
152,243,395
165,232,397
160,232,392
154,237,391
220,197,417
233,174,407
238,163,401
169,158,327
158,148,306
167,125,292
193,134,327
187,145,332
169,152,321
158,149,307
147,189,336
155,191,346
198,141,339
206,152,358
199,157,356
142,165,307
130,168,298
141,147,288
155,125,280
170,103,273
153,94,247
152,154,306
151,163,314
167,141,308
181,113,294
159,109,268
161,103,264
149,107,256
158,132,290
163,150,313
162,145,307
198,139,337
185,145,330
220,135,355
170,137,307
166,130,296
169,147,316
169,150,319
166,151,317
171,149,320
173,152,325
164,186,350
153,194,347
124,206,330
167,190,357
196,153,349
248,128,376
233,166,399
215,155,370
181,136,317
201,115,316
193,113,306
165,140,305
171,129,300
164,112,276
174,101,275
161,118,279
171,126,297
170,113,283
161,107,268
156,97,253
154,170,324
164,164,328
176,185,361
201,162,363
222,121,343
185,124,309
209,111,320
171,129,300
176,139,315
143,142,285
144,146,290
139,168,307
150,155,305
147,148,295
152,188,340
148,188,336
190,177,367
194,188,382
238,140,378
180,150,330
186,151,337
130,163,293
133,192,325
134,194,328
131,189,320
142,192,334
185,176,361
197,169,366
200,167,367
168,177,345
173,173,346
170,171,341
166,170,336
156,161,317
154,182,336
152,189,341
152,247,399
170,228,398
173,241,414
184,215,399
182,169,351
212,167,379
200,129,329
194,155,349
161,258,419
233,209,442
227,229,456
224,202,426
208,196,404
177,208,385
218,225,443
127,235,362
193,202,395
254,113,367
226,117,343
219,168,387
192,132,324
184,135,319
218,208,426
192,191,383
184,189,373
205,235,440
114,271,385
144,287,431
189,249,438
172,251,423
243,136,379
288,129,417
243,127,370
174,153,327
150,134,284
150,154,304
146,167,313
162,178,340
152,178,330
178,168,346
203,149,352
188,112,300
181,111,292
150,114,264
120,116,236
122,149,271
119,153,272
128,146,274
155,117,272
162,155,317
129,160,289
121,161,282
159,141,300
162,165,327
147,172,319
136,176,312
161,169,330
164,178,342
110,190,300
125,208,333
142,234,376
203,217,420
209,222,431
190,212,402
166,180,346
189,168,357
151,162,313
123,205,328
120,245,365
123,243,366
133,269,402
167,230,397
222,188,410
231,197,428
214,215,429
181,219,400
156,213,369
169,195,364
175,185,360
148,191,339
140,204,344
160,172,332
152,165,317
202,145,347
182,138,320
153,177,330
199,144,343
228,113,341
192,143,335
196,157,353
182,131,313
216,159,375
232,109,341
232,95,327
191,165,356
149,179,328
233,204,437
262,165,427
275,101,376
223,86,309
178,213,391
137,275,412
188,267,455
208,242,450
163,236,399
196,199,395
229,166,395
263,116,379
216,132,348
189,146,335
178,131,309
194,115,309
174,199,373
178,201,379
181,164,345
212,145,357
159,320,479
135,322,457
167,289,456
188,258,446
290,147,437
293,97,390
294,181,475
187,231,418
227,165,392
286,202,488
268,204,472
274,160,434
209,150,359
171,144,315
154,129,283
191,102,293
192,101,293
175,101,276
149,156,305
156,153,309
168,142,310
162,143,305
131,135,266
166,124,290
168,124,292
169,117,286
168,119,287
152,118,270
149,109,258
155,106,261
152,111,263
150,104,254
146,105,251
144,106,250
137,106,243
141,107,248
143,110,253
146,103,249
147,105,252
155,95,250
141,95,236
155,114,269
149,109,258
152,109,261
153,104,257
142,103,245
146,109,255
142,101,243
144,105,249
146,110,256
142,104,246
146,105,251
145,105,250
142,104,246
150,129,279
152,129,281
156,122,278
161,116,277
146,112,258
156,103,259
162,101,263
165,98,263
155,99,254
145,100,245
144,100,244
140,105,245
140,118,258
138,119,257
142,119,261
148,121,269
152,122,274
149,124,273
146,127,273
147,128,275
143,133,276
138,157,295
137,159,296
136,162,298
150,154,304
148,150,298
150,178,328
138,211,349
149,203,352
198,184,382
211,182,393
197,176,373
173,186,359
181,198,379
218,178,396
192,169,361
230,250,480
314,175,489
374,102,476
315,97,412
195,95,290
127,116,243
133,133,266
148,119,267
171,89,260
159,90,249
123,85,208
125,146,271
132,182,314
170,147,317
158,179,337
150,142,292
156,148,304
148,126,274
156,184,340
139,215,354
131,250,381
148,233,381
262,125,387
225,119,344
215,153,368
123,151,274
140,144,284
163,171,334
163,191,354
164,191,355
162,202,364
175,184,359
213,198,411
286,134,420
273,98,371
229,102,331
165,151,316
126,170,296
174,148,322
207,126,333
186,164,350
198,137,335
221,156,377
228,149,377
188,162,350
260,121,381
205,134,339
254,86,340
185,149,334
181,148,329
190,161,351
202,155,357
174,175,349
217,139,356
209,129,338
169,141,310
148,184,332
146,184,330
142,194,336
216,130,346
221,119,340
217,147,364
158,194,352
147,195,342
225,122,347
220,112,332
241,186,427
188,173,361
253,98,351
246,176,422
201,149,350
200,113,313
183,106,289
128,151,279
162,161,323
192,130,322
202,227,429
226,241,467
238,231,469
242,188,430
280,162,442
305,115,420
270,119,389
172,163,335
129,190,319
166,159,325
174,181,355
254,182,436
249,183,432
237,130,367
239,94,333
162,94,256
124,111,235
126,145,271
129,173,302
174,132,306
197,166,363
184,180,364
150,201,351
200,174,374
243,152,395
182,154,336
244,122,366
172,153,325
171,151,322
188,133,321
188,168,356
207,161,368
177,128,305
175,163,338
181,203,384
138,255,393
170,212,382
206,163,369
251,95,346
190,102,292
217,107,324
165,89,254
160,161,321
157,173,330
176,183,359
172,170,342
182,94,276
211,99,310
208,99,307
147,167,314
184,123,307
213,151,364
210,156,366
183,153,336
156,177,333
163,242,405
227,145,372
273,114,387
248,195,443
176,200,376
194,181,375
214,148,362
220,93,313
190,203,393
148,243,391
198,196,394
220,167,387
209,117,326
176,104,280
179,185,364
161,181,342
187,139,326
205,203,408
213,185,398
172,147,319
231,92,323
170,116,286
124,207,331
164,177,341
217,123,340
203,146,349
114,138,252
138,118,256
164,89,253
161,119,280
126,153,279
136,157,293
170,158,328
162,207,369
219,165,384
239,145,384
245,146,391
162,149,311
168,118,286
190,175,365
162,162,324
204,168,372
165,189,354
143,264,407
182,273,455
216,247,463
204,247,451
201,218,419
204,179,383
191,158,349
163,139,302
152,131,283
144,111,255
151,101,252
155,162,317
156,172,328
149,182,331
171,165,336
158,173,331
133,181,314
132,196,328
135,198,333
131,199,330
126,198,324
195,138,333
213,116,329
206,103,309
152,127,279
166,144,310
176,130,306
176,109,285
174,94,268
155,115,270
168,99,267
164,142,306
169,135,304
156,124,280
155,121,276
147,93,240
164,134,298
162,145,307
161,138,299
154,139,293
148,135,283
146,128,274
157,119,276
145,129,274
145,124,269
135,124,259
138,114,252
144,106,250
149,95,244
148,83,231
139,114,253
133,122,255
124,117,241
147,143,290
175,116,291
167,108,275
173,104,277
148,101,249
153,101,254
150,109,259
150,107,257
158,141,299
167,125,292
167,110,277
170,89,259
156,136,292
170,136,306
185,121,306
174,129,303
174,127,301
158,129,287
116,169,285
132,178,310
133,175,308
144,170,314
137,181,318
130,179,309
122,174,296
128,168,296
150,148,298
168,137,305
168,139,307
176,120,296
161,120,281
153,121,274
116,121,237
130,113,243
137,108,245
136,113,249
152,133,285
156,116,272
156,112,268
145,128,273
159,107,266
186,141,327
175,136,311
150,118,268
162,102,264
175,143,318
171,130,301
185,121,306
166,111,277
146,105,251
144,102,246
148,106,254
155,89,244
152,79,231
135,99,234
130,103,233
139,139,278
185,155,340
197,155,352
195,152,347
158,133,291
170,118,288
154,104,258
156,111,267
140,116,256
102,113,215
147,106,253
149,92,241
122,88,210
134,127,261
149,109,258
171,108,279
175,92,267
157,101,258
151,95,246
145,145,290
158,132,290
163,128,291
153,123,276
117,138,255
165,90,255
177,107,284
178,118,296
143,114,257
135,134,269
124,169,293
105,170,275
117,172,289
129,168,297
140,147,287
151,127,278
169,113,282
161,103,264
154,85,239
138,110,248
122,121,243
130,115,245
132,105,237
130,112,242
109,108,217
132,109,241
136,110,246
158,125,283
172,112,284
165,167,332
196,134,330
190,108,298
171,101,272
130,110,240
107,110,217
123,115,238
122,120,242
115,115,230
124,121,245
127,123,250
123,119,242
126,109,235
134,107,241
129,104,233
125,108,233
120,108,228
121,112,233
119,116,235
124,110,234
133,210,343
128,261,389
113,267,380
177,229,406
233,171,404
248,156,404
223,134,357
166,108,274
170,100,270
151,128,279
168,109,277
169,101,270
177,102,279
158,103,261
153,113,266
140,141,281
178,114,292
177,108,285
154,113,267
114,123,237
116,121,237
136,105,241
140,105,245
129,94,223
151,127,278
173,106,279
166,127,293
180,118,298
166,99,265
162,90,252
152,99,251
144,97,241
143,89,232
139,93,232
130,93,223
132,120,252
139,115,254
139,106,245
143,99,242
133,85,218
142,128,270
141,129,270
154,113,267
166,90,256
155,93,248
150,131,281
142,114,256
153,99,252
153,101,254
122,114,236
128,135,263
137,137,274
144,136,280
134,138,272
117,143,260
129,149,278
120,156,276
108,161,269
125,157,282
139,148,287
136,157,293
133,168,301
133,163,296
138,190,328
130,201,331
118,208,326
113,223,336
174,172,346
187,170,357
183,180,363
122,211,333
123,227,350
128,231,359
172,194,366
185,175,360
183,148,331
168,130,298
157,114,271
148,135,283
130,146,276
145,141,286
140,145,285
173,112,285
182,100,282
180,110,290
144,127,271
121,137,258
117,144,261
120,155,275
125,173,298
144,161,305
146,184,330
137,193,330
137,187,324
131,191,322
142,185,327
131,190,321
155,180,335
144,178,322
152,189,341
132,209,341
140,203,343
133,199,332
155,177,332
161,178,339
164,241,405
304,137,441
315,113,428
327,124,451
203,114,317
178,106,284
163,144,307
182,100,282
181,126,307
191,107,298
140,91,231
161,118,279
145,111,256
170,88,258
158,92,250
146,96,242
125,96,221
135,86,221
140,103,243
140,99,239
108,101,209
119,102,221
118,102,220
120,106,226
123,109,232
132,96,228
129,96,225
128,95,223
97,104,201
114,100,214
114,96,210
104,91,195
107,101,208
114,122,236
113,157,270
120,155,275
111,149,260
93,159,252
122,182,304
93,206,299
110,220,330
131,216,347
181,153,334
202,130,332
209,114,323
146,108,254
116,118,234
145,137,282
165,141,306
164,136,300
147,144,291
141,152,293
126,146,272
115,142,257
119,132,251
130,115,245
128,108,236
120,90,210
132,175,307
161,159,320
158,153,311
180,135,315
138,128,266
138,114,252
149,98,247
146,93,239
139,116,255
136,116,252
117,107,224
148,86,234
140,139,279
136,117,253
185,104,289
195,144,339
188,117,305
167,98,265
142,92,234
113,87,200
120,131,251
140,122,262
140,110,250
137,104,241
124,100,224
105,82,187
140,110,250
138,100,238
134,101,235
142,92,234
131,87,218
131,101,232
126,102,228
137,98,235
138,90,228
139,100,239
135,94,229
124,131,255
147,123,270
152,119,271
172,125,297
180,89,269
175,85,260
161,89,250
119,98,217
127,116,243
129,123,252
128,127,255
120,143,263
110,146,256
112,148,260
125,144,269
120,136,256
125,136,261
129,143,272
125,156,281
122,171,293
120,169,289
135,151,286
140,142,282
164,107,271
171,91,262
174,81,255
146,159,305
141,156,297
133,158,291
134,150,284
83,149,232
118,143,261
139,138,277
142,128,270
140,118,258
139,107,246
138,102,240
136,92,228
137,84,221
140,143,283
148,145,293
163,124,287
159,130,289
135,129,264
88,127,215
116,124,240
123,125,248
122,130,252
120,128,248
122,125,247
125,128,253
125,127,252
127,127,254
122,126,248
123,129,252
126,128,254
122,127,249
123,128,251
123,125,248
125,154,279
127,166,293
131,161,292
136,153,289
132,153,285
128,150,278
122,158,280
120,159,279
121,154,275
122,151,273
122,152,274
122,153,275
120,150,270
120,152,272
123,160,283
121,160,281
120,155,275
120,153,273
121,149,270
119,146,265
120,145,265
119,144,263
121,141,262
122,140,262
122,137,259
121,135,256
119,135,254
119,158,277
120,180,300
125,206,331
169,185,354
204,165,369
231,130,361
218,156,374
210,135,345
200,115,315
170,112,282
140,109,249
123,106,229
123,106,229
124,102,226
124,104,228
124,101,225
124,105,229
123,103,226
123,101,224
122,98,220
123,97,220
128,89,217
128,90,218
127,89,216
126,86,212
132,158,290
142,149,291
159,126,285
173,103,276
160,100,260
152,96,248
138,96,234
126,154,280
168,130,298
176,122,298
183,102,285
163,157,320
184,133,317
170,133,303
127,142,269
123,156,279
116,152,268
124,148,272
114,143,257
112,139,251
98,145,243
127,150,277
117,151,268
120,148,268
118,142,260
114,149,263
91,148,239
63,143,206
90,138,228
120,138,258
102,135,237
114,142,256
121,148,269
121,144,265
110,139,249
118,146,264
103,142,245
75,142,217
94,146,240
125,149,274
99,149,248
126,154,280
104,155,259
135,152,287
131,148,279
129,143,272
112,138,250
115,133,248
100,131,231
115,125,240
97,123,220
136,107,243
112,103,215
119,111,230
75,110,185
104,117,221
122,136,258
90,152,242
110,191,301
118,183,301
124,179,303
126,179,305
188,130,318
201,135,336
207,140,347
76,145,221
106,144,250
120,144,264
124,140,264
135,133,268
142,128,270
133,123,256
123,134,257
103,137,240
115,142,257
125,136,261
117,134,251
124,141,265
119,147,266
98,154,252
104,154,258
121,153,274
119,148,267
118,161,279
111,184,295
113,189,302
104,186,290
130,169,299
146,143,289
161,133,294
145,129,274
128,134,262
95,131,226
115,130,245
118,161,279
115,172,287
102,179,281
128,185,313
126,185,311
128,196,324
126,197,323
189,161,350
198,173,371
208,175,383
155,181,336
144,177,321
150,168,318
142,158,300
145,180,325
138,192,330
140,197,337
138,205,343
136,210,346
146,204,350
142,204,346
167,187,354
165,178,343
150,177,327
143,168,311
137,166,303
126,162,288
125,156,281
120,156,276
135,150,285
132,149,281
111,144,255
125,135,260
126,138,264
127,145,272
119,178,297
129,178,307
138,179,317
132,178,310
128,179,307
156,156,312
179,143,322
192,335,527
161,356,517
147,379,526
120,386,506
325,190,515
352,173,525
369,159,528
178,157,335
159,151,310
145,140,285
134,128,262
142,118,260
128,131,259
139,126,265
137,116,253
144,103,247
137,93,230
138,88,226
109,82,191
130,111,241
131,101,232
137,101,238
146,133,279
149,126,275
153,128,281
135,134,269
124,138,262
106,134,240
130,135,265
125,141,266
125,166,291
128,175,303
115,173,288
118,173,291
102,166,268
134,161,295
132,156,288
113,152,265
128,160,288
130,158,288
105,154,259
131,145,276
134,143,277
108,139,247
131,142,273
130,140,270
133,136,269
134,129,263
127,156,283
125,170,295
108,175,283
123,201,324
121,224,345
148,204,352
154,215,369
178,182,360
165,184,349
149,202,351
167,194,361
120,204,324
152,220,372
138,208,346
159,200,359
164,190,354
180,152,332
187,158,345
191,183,374
185,164,349
175,176,351
193,148,341
180,140,320
187,148,335
158,155,313
134,157,291
124,152,276
117,160,277
124,169,293
114,182,296
109,193,302
122,209,331
139,193,332
141,191,332
152,184,336
153,151,304
180,135,315
179,132,311
140,136,276
123,131,254
141,129,270
168,98,266
174,117,291
169,123,292
154,108,262
161,103,264
151,94,245
159,134,293
145,143,288
127,143,270
121,138,259
90,158,248
124,163,287
115,179,294
135,174,309
134,178,312
139,173,312
140,177,317
137,174,311
132,174,306
126,170,296
144,143,287
164,115,279
174,100,274
161,85,246
147,109,256
164,89,253
154,106,260
158,114,272
117,196,313
264,130,394
282,103,385
284,121,405
180,104,284
162,85,247
151,107,258
146,116,262
143,110,253
147,99,246
146,87,233
150,109,259
151,106,257
139,101,240
145,103,248
153,90,243
151,94,245
146,106,252
126,106,232
132,105,237
129,121,250
123,121,244
142,105,247
170,115,285
171,109,280
164,94,258
132,123,255
138,131,269
135,141,276
122,142,264
127,143,270
128,146,274
127,148,275
132,147,279
134,142,276
123,150,273
127,147,274
111,141,252
125,142,267
110,148,258
131,158,289
125,178,303
140,165,305
137,165,302
153,178,331
126,181,307
110,185,295
123,179,302
144,152,296
155,159,314
152,172,324
138,182,320
132,216,348
127,219,346
122,209,331
162,187,349
186,163,349
202,132,334
200,105,305
182,92,274
168,114,282
155,108,263
140,104,244
146,98,244
142,92,234
143,107,250
158,97,255
147,93,240
151,88,239
121,93,214
130,85,215
119,79,198
126,101,227
111,103,214
123,112,235
118,120,238
122,133,255
123,136,259
123,151,274
125,153,278
127,156,283
138,146,284
134,137,271
117,132,249
134,119,253
124,120,244
126,116,242
108,110,218
129,108,237
98,105,203
125,105,230
119,102,221
96,98,194
120,97,217
98,93,191
128,86,214
126,82,208
125,77,202
114,91,205
118,90,208
119,90,209
122,90,212
119,87,206
127,83,210
120,78,198
120,89,209
118,102,220
118,105,223
123,107,230
116,104,220
118,99,217
125,106,231
122,104,226
121,107,228
124,101,225
121,96,217
125,93,218
115,94,209
121,91,212
114,95,209
122,96,218
123,98,221
124,100,224
118,94,212
128,93,221
131,97,228
116,99,215
126,92,218
129,91,220
115,99,214
119,98,217
131,126,257
145,120,265
160,120,280
179,104,283
161,98,259
145,93,238
131,83,214
134,79,213
129,99,228
119,98,217
120,100,220
127,107,234
130,106,236
133,101,234
124,100,224
122,98,220
125,96,221
129,99,228
127,102,229
129,101,230
125,103,228
120,99,219
126,95,221
128,95,223
124,93,217
121,94,215
127,86,213
132,91,223
133,92,225
128,98,226
126,98,224
123,100,223
133,96,229
135,95,230
140,96,236
125,120,245
120,124,244
122,133,255
116,136,252
127,137,264
114,139,253
122,132,254
121,136,257
127,141,268
115,141,256
124,145,269
122,150,272
119,149,268
123,152,275
126,148,274
120,143,263
122,142,264
124,137,261
122,132,254
121,133,254
122,133,255
122,131,253
131,119,250
131,115,246
136,108,244
122,102,224
119,100,219
123,96,219
121,90,211
122,84,206
119,80,199
121,92,213
121,91,212
116,89,205
120,92,212
118,94,212
123,91,214
123,94,217
120,89,209
125,85,210
121,89,210
124,89,213
121,84,205
120,83,203
120,83,203
120,81,201
118,95,213
122,94,216
117,122,239
123,122,245
117,120,237
125,118,243
122,125,247
125,138,263
120,137,257
123,136,259
123,152,275
128,149,277
130,144,274
126,142,268
121,138,259
122,141,263
123,138,261
122,140,262
118,142,260
124,141,265
122,139,261
128,133,261
124,134,258
128,139,267
123,144,267
122,146,268
128,154,282
128,150,278
129,145,274
126,147,273
128,148,276
114,154,268
123,161,284
121,164,285
127,168,295
122,163,285
126,159,285
123,177,300
135,172,307
152,163,315
164,165,329
163,161,324
178,147,325
161,144,305
161,131,292
144,118,262
146,102,248
133,95,228
143,113,256
143,116,259
144,106,250
145,137,282
147,126,273
159,139,298
187,167,354
224,100,324
214,89,303
179,119,298
127,114,241
137,104,241
132,96,228
125,96,221
136,85,221
142,139,281
142,153,295
179,152,331
171,210,381
188,172,360
243,90,333
203,108,311
192,107,299
129,99,228
132,86,218
134,171,305
144,176,320
190,164,354
202,175,377
236,152,388
231,111,342
248,113,361
194,113,307
165,209,374
192,163,355
230,106,336
239,120,359
192,124,316
160,170,330
163,149,312
207,113,320
186,103,289
160,101,261
153,94,247
119,84,203
123,93,216
134,120,254
129,131,260
163,114,277
158,175,333
163,182,345
179,169,348
159,173,332
198,135,333
187,89,276
141,77,218
170,109,279
127,150,277
125,253,378
166,294,460
172,281,453
162,257,419
258,154,412
269,125,394
240,119,359
168,110,278
145,104,249
139,101,240
126,100,226
123,130,253
125,122,247
143,102,245
159,89,248
159,123,282
115,137,252
160,148,308
179,157,336
145,177,322
188,182,370
182,199,381
132,226,358
186,237,423
215,171,386
183,187,370
185,177,362
148,168,316
102,175,277
160,146,306
152,148,300
104,148,252
125,147,272
120,145,265
124,170,294
122,173,295
122,171,293
124,167,291
139,155,294
139,155,294
147,152,299
125,154,279
129,157,286
114,157,271
128,160,288
118,160,278
124,171,295
123,175,298
116,180,296
121,178,299
144,156,300
142,157,299
143,157,300
124,158,282
118,160,278
120,164,284
124,164,288
126,161,287
114,161,275
125,158,283
121,156,277
126,157,283
118,159,277
117,159,276
123,160,283
112,160,272
121,161,282
124,165,289
118,206,324
117,204,321
124,203,327
139,218,357
189,188,377
192,200,392
145,207,352
133,225,358
162,202,364
166,206,372
175,212,387
173,202,375
177,195,372
175,221,396
171,227,398
173,246,419
191,229,420
189,211,400
190,192,382
186,154,340
184,140,324
165,138,303
133,139,272
121,168,289
126,168,294
130,171,301
152,169,321
160,176,336
159,164,323
153,168,321
166,143,309
164,127,291
170,115,285
156,104,260
156,111,267
161,101,262
160,90,250
156,108,264
150,98,248
157,107,264
155,95,250
153,105,258
153,93,246
150,106,256
152,94,246
150,107,257
153,94,247
151,106,257
152,94,246
150,105,255
150,95,245
148,106,254
153,95,248
151,105,256
151,95,246
149,105,254
150,94,244
149,106,255
153,95,248
150,105,255
152,93,245
149,105,254
152,95,247
148,108,256
151,99,250
153,104,257
153,95,248
153,109,262
152,96,248
151,98,249
152,107,259
153,96,249
152,109,261
153,191,344
184,254,438
310,139,449
311,142,453
239,131,370
166,129,295
162,127,289
144,131,275
140,127,267
134,130,264
136,132,268
142,129,271
143,131,274
142,153,295
135,159,294
136,152,288
144,137,281
152,120,272
157,104,261
158,88,246
155,153,308
156,144,300
144,152,296
140,142,282
95,127,222
146,101,247
142,162,304
171,148,319
163,155,318
149,163,312
116,165,281
182,120,302
183,109,292
175,110,285
131,100,231
140,88,228
141,148,289
164,121,285
162,117,279
149,116,265
149,99,248
165,108,273
147,96,243
156,108,264
160,118,278
176,113,289
181,101,282
167,133,300
169,99,268
169,102,271
168,95,263
126,88,214
127,125,252
116,164,280
115,160,275
136,151,287
135,158,293
122,159,281
126,161,287
122,158,280
121,151,272
102,146,248
131,156,287
123,170,293
111,171,282
120,170,290
121,164,285
108,164,272
119,179,298
125,186,311
121,182,303
124,188,312
128,169,297
176,129,305
175,122,297
161,121,282
144,124,268
119,120,239
130,126,256
125,126,251
124,121,245
116,122,238
131,105,236
156,145,301
174,137,311
164,148,312
144,151,295
123,150,273
139,141,280
135,127,262
126,117,243
178,112,290
165,132,297
177,120,297
143,124,267
140,131,271
117,134,251
134,141,275
126,139,265
134,151,285
151,143,294
150,149,299
145,163,308
142,156,298
133,153,286
125,160,285
123,165,288
121,165,286
113,159,272
125,162,287
125,158,283
121,154,275
126,153,279
138,139,277
109,135,244
136,138,274
118,140,258
121,136,257
116,140,256
120,138,258
107,135,242
125,134,259
120,141,261
109,141,250
121,140,261
126,147,273
125,148,273
125,165,290
123,170,293
119,165,284
107,164,271
144,150,294
148,130,278
148,129,277
137,127,264
122,124,246
108,122,230
116,125,241
122,144,266
117,158,275
124,151,275
140,165,305
151,157,308
141,147,288
141,147,288
133,160,293
119,169,288
122,173,295
124,178,302
129,159,288
157,156,313
140,147,287
143,131,274
162,104,266
202,125,327
208,109,317
194,105,299
156,106,262
138,109,247
138,106,244
136,98,234
145,88,233
143,105,248
150,104,254
143,103,246
138,102,240
138,89,227
138,105,243
146,111,257
137,108,245
137,100,237
136,88,224
149,91,240
143,85,228
135,97,232
137,94,231
134,89,223
140,100,240
132,111,243
138,107,245
135,96,231
132,92,224
142,100,242
145,102,247
141,102,243
137,119,256
158,126,284
181,104,285
181,98,279
164,87,251
140,113,253
163,93,256
149,88,237
149,85,234
121,83,204
108,79,187
118,111,229
119,119,238
125,111,236
122,106,228
118,104,222
93,104,197
112,111,223
118,110,228
121,112,233
107,101,208
128,101,229
120,105,225
98,108,206
120,104,224
125,98,223
126,102,228
125,97,222
90,98,188
121,96,217
102,98,200
124,94,218
106,89,195
123,112,235
107,123,230
133,119,252
131,121,252
132,138,270
122,154,276
113,171,284
128,174,302
126,178,304
126,195,321
141,191,332
135,185,320
157,157,314
154,136,290
163,129,292
146,118,264
139,107,246
132,98,230
133,95,228
138,97,235
127,98,225
134,118,252
138,112,250
137,101,238
141,89,230
141,91,232
138,84,222
144,95,239
137,85,222
137,104,241
149,86,235
150,76,226
149,87,236
121,82,203
122,88,210
126,88,214
123,116,239
158,92,250
161,90,251
159,90,249
135,81,216
133,90,223
132,107,239
134,121,255
130,130,260
128,131,259
124,126,250
127,126,253
128,133,261
125,138,263
127,140,267
134,146,280
149,143,292
158,145,303
156,157,313
154,155,309
144,153,297
147,154,301
152,155,307
156,180,336
161,185,346
156,209,365
169,211,380
165,216,381
166,237,403
177,212,389
195,190,385
210,162,372
212,156,368
187,157,344
150,159,309
134,162,296
128,176,304
129,184,313
126,187,313
126,190,316
147,179,326
147,180,327
150,193,343
135,180,315
139,172,311
128,167,295
143,142,285
140,139,279
145,134,279
136,118,254
140,108,248
142,98,240
131,100,231
125,233,358
126,259,385
145,253,398
167,234,401
191,193,384
186,167,353
176,150,326
195,132,327
164,128,292
139,128,267
120,128,248
121,125,246
123,124,247
114,128,242
123,143,266
119,152,271
123,156,279
124,150,274
119,146,265
120,144,264
123,142,265
120,143,263
124,144,268
131,138,269
129,133,262
132,131,263
125,158,283
124,157,281
123,153,276
122,154,276
118,161,279
123,168,291
123,169,292
121,166,287
120,161,281
134,149,283
132,146,278
138,131,269
127,128,255
133,123,256
124,123,247
122,121,243
113,117,230
123,111,234
125,117,242
116,113,229
118,116,234
121,112,233
120,105,225
124,100,224
110,92,202
124,89,213
120,88,208
116,83,199
120,107,227
119,150,269
167,115,282
173,117,290
198,105,303
170,107,277
154,101,255
154,89,243
142,104,246
134,106,240
128,103,231
136,95,231
128,87,215
143,100,243
146,97,243
146,96,242
145,91,236
138,100,238
139,101,240
136,92,228
136,97,233
138,84,222
147,98,245
131,114,245
137,112,249
139,115,254
133,111,244
126,107,233
141,96,237
142,91,233
140,97,237
137,100,237
121,109,230
120,124,244
129,128,257
128,133,261
131,134,265
128,151,279
130,155,285
130,154,284
136,153,289
138,154,292
134,170,304
130,184,314
117,186,303
121,180,301
141,165,306
152,147,299
156,140,296
136,140,276
133,128,261
133,119,252
136,107,243
132,101,233
125,94,219
124,87,211
128,81,209
131,99,230
126,99,225
131,102,233
131,97,228
125,96,221
131,92,223
124,93,217
128,92,220
123,101,224
125,96,221
133,89,222
140,81,221
114,108,222
141,115,256
138,135,273
140,132,272
136,133,269
140,134,274
137,140,277
136,144,280
135,136,271
132,142,274
139,139,278
130,131,261
133,134,267
134,132,266
123,131,254
129,136,265
137,126,263
130,128,258
131,134,265
123,131,254
125,120,245
140,107,247
141,95,236
136,88,224
123,82,205
119,78,197
118,96,214
124,111,235
124,183,307
252,106,358
256,118,374
279,121,400
148,123,271
146,109,255
133,102,235
134,96,230
125,133,258
152,117,269
181,89,270
184,76,260
162,97,259
120,90,210
122,82,204
126,92,218
125,83,208
132,100,232
136,89,225
133,98,231
138,86,224
138,102,240
140,114,254
125,129,254
119,140,259
122,161,283
125,165,290
131,166,297
137,174,311
132,180,312
131,173,304
130,172,302
139,154,293
150,136,286
154,130,284
134,131,265
124,135,259
132,122,254
144,104,248
143,104,247
138,101,239
130,101,231
123,99,222
123,101,224
138,115,253
149,100,249
155,91,246
130,87,217
127,79,206
130,105,235
130,117,247
134,109,243
129,104,233
123,96,219
131,83,214
125,78,203
131,89,220
119,106,225
142,169,311
199,142,341
227,114,341
211,96,307
164,123,287
125,197,322
122,234,356
165,198,363
200,172,372
176,176,352
170,172,342
116,170,286
156,142,298
143,140,283
104,136,240
125,131,256
124,203,327
112,209,321
122,207,329
165,158,323
186,154,340
142,177,319
102,192,294
121,246,367
154,214,368
143,219,362
138,188,326
185,155,340
186,164,350
120,199,319
118,200,318
123,197,320
160,160,320
167,155,322
159,156,315
119,165,284
128,186,314
116,184,300
125,173,298
166,139,305
160,153,313
116,182,298
122,184,306
121,178,299
146,145,291
157,150,307
104,145,249
111,149,260
121,189,310
121,191,312
123,197,320
135,250,385
148,272,420
151,287,438
162,264,426
218,208,426
240,240,480
221,206,427
197,185,382
193,202,395
182,187,369
150,188,338
124,171,295
137,176,313
169,171,340
123,191,314
124,252,376
155,270,425
163,264,427
204,181,385
231,145,376
212,117,329
189,112,301
135,136,271
177,127,304
182,124,306
180,116,296
154,104,258
164,92,256
157,199,356
190,214,404
217,183,400
210,190,400
216,167,383
245,130,375
279,189,468
234,206,440
233,158,391
259,136,395
256,99,355
182,173,355
180,200,380
204,169,373
236,133,369
202,167,369
164,134,298
148,161,309
171,132,303
187,95,282
128,89,217
158,87,245
115,88,203
119,121,240
121,182,303
166,139,305
186,146,332
206,122,328
169,106,275
156,102,258
157,122,279
107,118,225
149,119,268
144,118,262
143,85,228
156,80,236
105,103,208
124,101,225
121,94,215
123,171,294
124,241,365
177,195,372
214,199,413
232,184,416
167,163,330
150,144,294
163,187,350
119,209,328
118,246,364
116,239,355
149,208,357
245,145,390
239,138,377
212,167,379
161,144,305
145,175,320
142,139,281
158,167,325
162,142,304
146,138,284
141,106,247
147,107,254
125,112,237
121,115,236
122,113,235
123,121,244
121,120,241
115,117,232
119,144,263
123,153,276
121,161,282
159,153,312
159,158,317
164,155,319
157,184,341
157,192,349
116,197,313
138,174,312
149,181,330
107,189,296
142,175,317
145,179,324
146,186,332
139,174,313
138,180,318
139,179,318
136,174,310
137,174,311
139,180,319
128,180,308
136,177,313
135,178,313
142,177,319
132,177,309
138,179,317
130,179,309
140,177,317
132,180,312
140,178,318
132,178,310
139,179,318
131,184,315
144,173,317
137,179,316
137,178,315
136,172,308
137,172,309
137,179,316
124,180,304
135,167,302
136,171,307
138,171,309
125,179,304
123,179,302
135,172,307
136,173,309
137,180,317
124,179,303
137,172,309
137,171,308
138,179,317
126,184,310
137,178,315
137,178,315
143,178,321
131,179,310
140,177,317
135,177,312
142,177,319
131,177,308
139,177,316
133,177,310
139,179,318
131,183,314
143,173,316
137,178,315
136,185,321
142,170,312
141,177,318
143,183,326
142,171,313
142,181,323
143,217,360
124,251,375
134,249,383
164,224,388
232,169,401
234,169,403
214,160,374
191,142,333
173,131,304
174,155,329
154,116,270
167,130,297
128,206,334
190,282,472
196,297,493
212,279,491
181,289,470
172,227,399
299,129,428
297,128,425
192,141,333
141,142,283
124,149,273
127,144,271
116,130,246
132,135,267
131,129,260
114,126,240
110,136,246
119,140,259
116,141,257
107,143,250
120,136,256
126,134,260
121,135,256
114,155,269
87,163,250
108,160,268
117,148,265
121,152,273
129,159,288
119,182,301
145,192,337
164,199,363
160,186,346
158,181,339
168,164,332
168,178,346
154,181,335
159,165,324
160,145,305
150,127,277
181,85,266
169,123,292
140,136,276
145,141,286
114,164,278
124,177,301
95,187,282
114,190,304
167,155,322
157,149,306
166,129,295
156,117,273
146,98,244
160,93,253
160,120,280
153,104,257
160,129,289
163,156,319
153,165,318
154,175,329
154,185,339
187,182,369
187,166,353
213,121,334
202,109,311
179,97,276
180,133,313
172,124,296
163,107,270
160,119,279
137,133,270
121,140,261
162,124,286
151,114,265
146,92,238
146,121,267
148,117,265
138,122,260
159,96,255
157,76,233
147,158,305
167,136,303
140,124,264
175,129,304
121,143,264
139,153,292
132,161,293
132,163,295
135,163,298
138,151,289
136,146,282
134,133,267
129,134,263
109,124,233
127,122,249
152,171,323
183,159,342
186,157,343
162,150,312
112,159,271
160,146,306
143,143,286
135,134,269
124,129,253
122,125,247
115,136,251
114,155,269
107,157,264
115,156,271
134,137,271
125,140,265
109,147,256
126,141,267
133,149,282
139,143,282
119,141,260
131,136,267
126,129,255
116,125,241
100,114,214
114,108,222
134,94,228
124,101,225
126,98,224
113,105,218
124,128,252
108,151,259
143,143,286
146,153,299
134,171,305
141,152,293
170,127,297
173,125,298
159,139,298
137,136,273
134,126,260
134,120,254
141,111,252
93,108,201
128,110,238
155,100,255
155,93,248
147,83,230
118,108,226
131,117,248
117,129,246
136,128,264
135,120,255
140,164,304
169,121,290
180,132,312
171,146,317
119,148,267
184,103,287
200,145,345
205,148,353
161,139,300
180,127,307
170,117,287
183,281,464
309,239,548
415,169,584
427,170,597
284,135,419
217,114,331
195,127,322
161,137,298
157,121,278
120,109,229
154,111,265
112,104,216
132,103,235
138,103,241
122,92,214
129,104,233
111,123,234
116,129,245
126,130,256
127,121,248
116,121,237
128,120,248
128,118,246
127,112,239
124,104,228
136,102,238
139,118,257
136,117,253
131,111,242
113,103,216
122,97,219
125,90,215
124,88,212
124,81,205
130,108,238
131,106,237
147,124,271
155,117,272
159,109,268
170,142,312
181,129,310
160,120,280
148,112,260
123,103,226
146,98,244
142,139,281
163,122,285
169,106,275
187,101,288
157,90,247
142,127,269
149,114,263
148,98,246
145,92,237
129,146,275
164,115,279
170,102,272
164,112,276
147,117,264
170,89,259
181,109,290
151,124,275
132,122,254
135,125,260
130,133,263
126,135,261
126,140,266
114,143,257
118,142,260
125,147,272
130,167,297
156,156,312
146,164,310
154,178,332
128,190,318
130,195,325
111,201,312
158,194,352
194,165,359
164,158,322
160,159,319
125,156,281
116,154,270
114,160,274
127,180,307
124,188,312
121,182,303
126,184,310
149,155,304
150,146,296
147,145,292
124,139,263
126,136,262
124,133,257
124,129,253
123,138,261
125,134,259
122,128,250
125,131,256
125,129,254
111,125,236
127,107,234
136,112,248
138,108,246
130,101,231
129,95,224
120,89,209
123,93,216
109,89,198
109,87,196
123,80,203
113,102,215
120,101,221
128,95,223
131,92,223
128,89,217
121,88,209
122,86,208
113,114,227
131,105,236
134,93,227
131,90,221
128,85,213
97,89,186
127,85,212
116,79,195
121,105,226
107,104,211
124,108,232
123,104,227
127,102,229
129,102,231
114,100,214
129,97,226
122,89,211
128,97,225
130,124,254
158,103,261
175,118,293
174,109,283
152,139,291
175,131,306
171,130,301
142,119,261
147,97,244
146,91,237
120,83,203
129,111,240
134,119,253
142,112,254
143,110,253
150,93,243
139,124,263
150,125,275
161,116,277
145,143,288
132,148,280
137,127,264
145,110,255
155,99,254
141,116,257
142,113,255
151,106,257
137,119,256
158,109,267
139,116,255
164,117,281
143,113,256
138,123,261
148,114,262
143,111,254
132,105,237
119,104,223
124,94,218
130,95,225
130,87,217
115,103,218
140,103,243
137,136,273
146,124,270
163,112,275
158,100,258
159,99,258
159,106,265
155,107,262
132,101,233
130,104,234
129,108,237
122,107,229
126,110,236
124,112,236
125,106,231
127,102,229
121,101,222
120,103,223
124,101,225
125,96,221
138,80,218
143,111,254
139,113,252
122,108,230
123,106,229
116,106,222
124,102,226
121,96,217
121,98,219
127,99,226
131,91,222
133,99,232
126,98,224
125,92,217
127,92,219
125,96,221
129,91,220
132,86,218
131,86,217
130,83,213
124,83,207
125,98,223
122,102,224
117,100,217
122,96,218
120,95,215
131,85,216
130,76,206
132,96,228
126,98,224
129,93,222
129,93,222
125,87,212
124,86,210
120,83,203
120,99,219
127,103,230
126,106,232
123,120,243
122,118,240
123,117,240
128,107,235
126,102,228
128,98,226
121,99,220
122,98,220
123,90,213
126,95,221
125,93,218
119,101,220
125,96,221
130,90,220
135,104,239
136,115,251
134,109,243
125,104,229
118,98,216
125,91,216
123,90,213
122,86,208
120,85,205
119,86,205
120,86,206
122,80,202
124,90,214
119,87,206
129,105,234
130,112,242
134,100,234
127,100,227
128,101,229
126,95,221
126,95,221
124,93,217
128,92,220
129,89,218
125,94,219
134,89,223
130,88,218
140,102,242
129,120,249
134,118,252
132,113,245
127,108,235
131,98,229
125,93,218
131,86,217
125,86,211
118,94,212
123,224,347
125,236,361
139,228,367
151,220,371
189,222,411
123,202,325
165,192,357
181,193,374
168,182,350
168,166,334
173,164,337
188,153,341
183,147,330
171,146,317
155,148,303
149,147,296
134,137,271
133,126,259
135,112,247
137,106,243
142,98,240
133,91,224
140,115,255
137,114,251
149,111,260
144,108,252
160,122,282
157,127,284
153,120,273
146,135,281
135,137,272
130,129,259
145,119,264
168,142,310
185,148,333
176,162,338
166,155,321
140,160,300
150,184,334
136,192,328
149,181,330
159,169,328
160,178,338
145,193,338
152,169,321
175,136,311
208,104,312
196,99,295
178,98,276
145,96,241
152,116,268
148,135,283
159,144,303
204,121,325
194,138,332
174,139,313
131,144,275
138,157,295
136,151,287
126,149,275
126,141,267
120,140,260
127,139,266
122,132,254
123,131,254
122,126,248
122,121,243
123,117,240
122,112,234
128,100,228
127,93,220
129,87,216
122,86,208
119,85,204
116,79,195
122,90,212
118,101,219
120,114,234
123,127,250
117,132,249
125,131,256
125,128,253
123,120,243
130,114,244
125,111,236
124,115,239
121,109,230
124,103,227
120,100,220
125,95,220
124,92,216
123,90,213
119,91,210
124,91,215
125,87,212
130,109,239
132,122,254
136,122,258
134,123,257
123,133,256
117,133,250
126,137,263
122,140,262
123,141,264
117,141,258
117,145,262
127,140,267
130,134,264
132,136,268
127,138,265
120,146,266
123,174,297
121,189,310
126,195,321
134,200,334
152,191,343
146,197,343
156,196,352
158,193,351
155,197,352
147,188,335
143,191,334
157,197,354
151,196,347
151,183,334
142,172,314
155,139,294
138,138,276
154,134,288
126,129,255
131,118,249
132,108,240
135,100,235
131,98,229
133,85,218
141,178,319
170,153,323
157,147,304
153,140,293
94,130,224
127,119,246
138,111,249
138,101,239
135,91,226
134,83,217
135,114,249
136,107,243
138,96,234
136,93,229
130,86,216
136,105,241
138,94,232
136,89,225
135,178,313
145,170,315
179,130,309
176,121,297
103,111,214
138,104,242
132,95,227
136,83,219
141,168,309
163,142,305
181,116,297
172,131,303
135,269,404
312,135,447
316,152,468
236,152,388
133,147,280
141,145,286
139,138,277
133,139,272
128,139,267
122,139,261
123,138,261
123,137,260
123,136,259
122,135,257
123,136,259
123,137,260
123,137,260
128,132,260
131,133,264
137,126,263
130,133,263
129,129,258
128,134,262
126,133,259
131,135,266
127,133,260
133,137,270
128,135,263
126,133,259
122,132,254
122,131,253
121,132,253
126,134,260
131,129,260
132,156,288
126,166,292
129,167,296
145,164,309
148,188,336
144,195,339
136,192,328
164,170,334
165,214,379
111,219,330
121,246,367
196,158,354
247,248,495
286,223,509
237,227,464
208,260,468
140,321,461
201,337,538
203,337,540
128,348,476
309,227,536
313,273,586
280,349,629
199,379,578
186,393,579
259,299,558
352,261,613
330,246,576
258,190,448
240,154,394
247,150,397
170,157,327
209,115,324
184,141,325
160,125,285
179,102,281
178,158,336
171,242,413
206,200,406
250,157,407
247,157,404
192,199,391
119,192,311
176,155,331
210,138,348
187,121,308
158,186,344
208,167,375
186,130,316
234,273,507
194,264,458
210,223,433
300,153,453
242,147,389
228,183,411
220,159,379
210,132,342
180,140,320
174,192,366
232,175,407
207,137,344
209,129,338
145,168,313
197,200,397
195,146,341
274,85,359
248,178,426
181,257,438
178,217,395
190,201,391
185,168,353
196,157,353
174,173,347
157,130,287
170,122,292
150,113,263
170,222,392
171,171,342
212,162,374
195,126,321
168,159,327
156,207,363
245,144,389
228,103,331
231,113,344
142,203,345
191,213,404
213,213,426
203,268,471
258,178,436
315,149,464
288,164,452
126,168,294
186,132,318
135,133,268
184,102,286
141,114,255
109,145,254
116,183,299
153,185,338
159,183,342
118,174,292
174,148,322
149,151,300
140,148,288
121,141,262
107,152,259
124,148,272
118,166,284
121,187,308
126,183,309
103,183,286
146,175,321
171,152,323
184,159,343
177,175,352
153,175,328
155,175,330
166,155,321
176,153,329
158,147,305
152,143,295
145,137,282
138,143,281
128,147,275
106,159,265
129,158,287
160,128,288
186,170,356
209,160,369
203,147,350
184,146,330
148,161,309
136,158,294
159,135,294
173,163,336
209,143,352
200,166,366
209,151,360
181,143,324
209,114,323
174,112,286
154,108,262
136,93,229
135,86,221
108,89,197
122,112,234
126,98,224
156,150,306
171,125,296
177,137,314
146,137,283
124,118,242
137,109,246
131,137,268
156,108,264
166,91,257
167,140,307
149,138,287
156,107,263
173,116,289
136,123,259
106,127,233
118,139,257
115,138,253
119,146,265
126,152,278
113,171,284
138,161,299
124,153,277
120,147,267
115,162,277
88,178,266
100,185,285
128,194,322
123,203,326
143,181,324
154,185,339
181,184,365
182,160,342
192,140,332
193,111,304
171,95,266
161,84,245
137,105,242
101,107,208
131,104,235
129,105,234
142,97,239
110,133,243
156,119,275
147,150,297
141,149,290
114,145,259
96,143,239
121,138,259
104,132,236
119,133,252
122,131,253
118,131,249
117,125,242
118,121,239
110,124,234
100,120,220
118,122,240
114,113,227
121,108,229
110,102,212
122,105,227
109,103,212
128,130,258
129,132,261
128,172,300
128,178,306
107,187,294
129,158,287
161,143,304
201,128,329
171,128,299
149,132,281
132,139,271
114,146,260
130,152,282
126,158,284
126,166,292
122,183,305
102,204,306
117,199,316
134,185,319
142,184,326
210,123,333
222,108,330
222,147,369
189,116,305
174,105,279
168,100,268
140,92,232
120,132,252
156,196,352
151,272,423
146,282,428
132,276,408
217,197,414
272,144,416
250,139,389
222,106,328
170,98,268
175,134,309
145,138,283
143,133,276
150,123,273
156,110,266
147,87,234
164,98,262
147,99,246
118,106,224
117,168,285
178,128,306
194,113,307
181,108,289
124,101,225
134,93,227
99,87,186
118,93,211
109,109,218
111,116,227
122,120,242
110,117,227
113,118,231
85,117,202
118,125,243
118,123,241
118,119,237
122,127,249
126,144,270
112,163,275
123,175,298
122,177,299
102,182,284
134,160,294
153,153,306
146,147,293
146,140,286
135,137,272
145,127,272
142,116,258
149,100,249
163,113,276
158,116,274
176,138,314
175,124,299
150,131,281
140,133,273
105,132,237
117,137,254
116,142,258
109,139,248
119,143,262
120,143,263
119,147,266
105,165,270
122,168,290
104,178,282
125,183,308
111,187,298
100,188,288
145,174,319
145,171,316
150,168,318
133,176,309
133,191,324
120,208,328
133,202,335
136,192,328
177,160,337
174,143,317
196,113,309
162,118,280
165,86,251
165,108,273
170,104,274
140,95,235
140,90,230
148,96,244
159,109,268
156,106,262
166,95,261
139,94,233
123,89,212
111,83,194
100,90,190
110,85,195
120,84,204
114,87,201
117,83,200
109,81,190
106,120,226
101,121,222
121,114,235
122,117,239
113,148,261
117,165,282
121,174,295
114,182,296
121,193,314
122,206,328
128,208,336
136,216,352
161,201,362
165,195,360
139,188,327
163,146,309
157,139,296
171,129,300
139,122,261
139,118,257
154,110,264
179,115,294
181,99,280
158,101,259
147,95,242
128,97,225
128,132,260
141,125,266
151,131,282
146,136,282
118,142,260
129,134,263
125,150,275
125,159,284
117,162,279
108,167,275
125,171,296
122,184,306
122,195,317
134,187,321
131,193,324
150,177,327
143,164,307
147,170,317
148,155,303
157,136,293
163,119,282
152,110,262
148,96,244
152,99,251
151,87,238
146,105,251
143,99,242
138,105,243
139,93,232
140,114,254
152,105,257
146,102,248
143,108,251
139,106,245
142,96,238
157,113,270
172,99,271
186,115,301
169,122,291
158,130,288
134,120,254
141,129,270
138,147,285
123,149,272
126,144,270
123,140,263
128,130,258
136,130,266
124,121,245
138,119,257
140,139,279
170,119,289
174,123,297
167,130,297
139,121,260
145,113,258
141,98,239
150,90,240
152,135,287
151,135,286
146,131,277
140,134,274
123,138,261
119,139,258
136,131,267
141,119,260
138,102,240
143,92,235
138,111,249
130,107,237
140,203,343
266,158,424
279,148,427
291,137,428
190,158,348
181,142,323
211,142,353
178,141,319
154,140,294
153,135,288
166,145,311
173,138,311
179,124,303
179,139,318
170,170,340
162,171,333
163,177,340
170,165,335
181,141,322
188,130,318
171,159,330
134,167,301
125,186,311
123,196,319
124,198,322
99,200,299
161,178,339
158,172,330
153,175,328
124,184,308
131,172,303
132,173,305
128,167,295
121,160,281
138,165,303
131,171,302
110,169,279
124,164,288
135,152,287
147,136,283
157,122,279
149,112,261
151,98,249
153,85,238
145,108,253
146,106,252
152,93,245
148,99,247
140,97,237
145,116,261
170,123,293
171,125,296
171,118,289
143,129,272
126,134,260
127,137,264
123,130,253
130,120,250
136,108,244
141,98,239
131,93,224
127,87,214
118,80,198
110,102,212
129,107,236
132,116,248
118,120,238
122,128,250
105,134,239
128,151,279
127,159,286
116,164,280
130,166,296
138,157,295
126,152,278
122,159,281
127,157,284
126,161,287
130,182,312
121,190,311
123,188,311
118,190,308
149,183,332
165,177,342
171,149,320
154,154,308
138,170,308
115,174,289
121,183,304
96,191,287
139,175,314
148,194,342
150,191,341
130,182,312
134,168,302
159,137,296
161,128,289
154,116,270
138,104,242
122,89,211
147,90,237
137,85,222
136,106,242
136,90,226
138,81,219
130,113,243
132,106,238
136,105,241
118,105,223
123,123,246
124,123,247
99,119,218
121,112,233
148,106,254
156,107,263
165,135,300
170,110,280
180,95,275
156,82,238
141,119,260
137,107,244
141,102,243
136,94,230
151,90,241
149,99,248
134,120,254
166,99,265
168,94,262
148,84,232
123,90,213
135,91,226
126,113,239
119,111,230
124,114,238
130,113,243
125,112,237
122,114,236
120,108,228
124,107,231
126,106,232
122,106,228
124,108,232
124,108,232
125,103,228
126,97,223
119,98,217
119,98,217
127,100,227
128,100,228
134,92,226
140,88,228
135,102,237
139,98,237
140,94,234
137,91,228
133,81,214
133,90,223
133,88,221
127,97,224
131,96,227
132,93,225
128,93,221
124,115,239
146,108,254
147,116,263
140,116,256
115,116,231
114,131,245
122,153,275
114,162,276
106,167,273
126,177,303
111,176,287
115,170,285
140,147,287
150,135,285
150,126,276
130,119,249
127,114,241
124,103,227
120,111,231
128,107,235
139,92,231
148,82,230
139,108,247
131,105,236
131,95,226
130,91,221
133,88,221
140,103,243
140,93,233
137,83,220
135,99,234
138,93,231
139,85,224
139,102,241
136,92,228
140,86,226
139,123,262
144,109,253
162,83,245
158,103,261
150,92,242
140,81,221
137,99,236
134,89,223
137,85,222
137,101,238
137,90,227
139,80,219
135,101,236
137,90,227
139,80,219
137,106,243
144,93,237
147,82,229
143,106,249
145,90,235
145,81,226
141,105,246
144,92,236
145,83,228
142,100,242
139,90,229
139,81,220
140,105,245
143,92,235
145,83,228
140,101,241
135,91,226
135,81,216
136,100,236
136,94,230
136,84,220
137,100,237
135,98,233
135,97,232
136,90,226
135,87,222
137,101,238
139,94,233
137,85,222
133,100,233
134,91,225
134,82,216
134,100,234
135,93,228
135,87,222
135,84,219
135,101,236
136,90,226
135,81,216
133,101,234
135,103,238
137,137,274
151,272,423
150,284,434
158,278,436
168,253,421
229,181,410
207,162,369
182,160,342
155,155,310
145,145,290
139,146,285
131,148,279
119,186,305
106,204,310
121,214,335
130,200,330
153,180,333
162,163,325
228,146,374
232,135,367
227,130,357
142,127,269
129,110,239
156,135,291
173,140,313
160,155,315
155,174,329
124,171,295
133,165,298
140,153,293
135,156,291
110,157,267
127,160,287
132,175,307
125,195,320
114,208,322
125,211,336
144,159,303
177,152,329
167,140,307
131,139,270
113,138,251
119,139,258
120,135,255
101,128,229
125,124,249
112,123,235
118,140,258
110,145,255
124,148,272
121,161,282
121,187,308
103,202,305
127,213,340
116,223,339
147,168,315
189,157,346
193,142,335
145,130,275
152,119,271
173,122,295
160,111,271
158,107,265
124,113,237
118,119,237
118,115,233
123,128,251
115,143,258
132,163,295
133,169,302
138,177,315
135,188,323
115,189,304
119,193,312
129,196,325
141,229,370
159,211,370
139,205,344
171,179,350
167,141,308
144,128,272
197,85,282
170,116,286
153,104,257
109,90,199
153,107,260
133,112,245
121,111,232
125,117,242
130,109,239
139,125,264
160,106,266
171,119,290
171,113,284
178,94,272
172,182,354
189,178,367
181,200,381
189,214,403
145,212,357
165,246,411
161,266,427
177,237,414
215,200,415
253,156,409
214,149,363
198,130,328
161,114,275
171,198,369
167,191,358
162,195,357
148,202,350
95,190,285
133,186,319
156,199,355
142,201,343
155,180,335
142,188,330
139,179,318
124,163,287
136,158,294
176,118,294
171,112,283
177,119,296
127,119,246
129,116,245
124,124,248
127,148,275
129,142,271
126,132,258
143,118,261
158,105,263
167,112,279
176,114,290
158,108,266
146,94,240
168,120,288
164,109,273
153,103,256
154,163,317
181,121,302
185,120,305
181,116,297
106,95,201
138,94,232
108,95,203
111,92,203
118,100,218
98,94,192
106,88,194
122,82,204
114,92,206
103,115,218
126,124,250
118,119,237
134,122,256
125,119,244
100,116,216
116,118,234
132,108,240
126,110,236
104,112,216
92,102,194
122,110,232
103,111,214
114,107,221
120,103,223
100,105,205
124,99,223
119,96,215
120,92,212
118,98,216
120,95,215
104,91,195
128,97,225
108,112,220
120,125,245
153,113,266
153,107,260
174,105,279
143,127,270
136,120,256
125,109,234
126,103,229
130,100,230
124,94,218
131,81,212
128,136,264
116,138,254
140,133,273
129,145,274
116,145,261
134,138,272
125,133,258
128,118,246
123,113,236
124,99,223
130,107,237
124,110,234
131,95,226
139,84,223
121,137,258
124,142,266
138,142,280
122,154,276
108,211,319
123,230,353
145,244,389
288,110,398
291,106,397
243,114,357
125,112,237
133,111,244
134,110,244
135,96,231
132,90,222
108,86,194
115,87,202
121,83,204
120,82,202
120,108,228
122,125,247
120,140,260
123,162,285
132,163,295
142,157,299
149,148,297
146,136,282
137,133,270
137,133,270
126,136,262
119,126,245
135,122,257
131,122,253
120,123,243
120,117,237
130,102,232
129,101,230
119,95,214
114,90,204
95,89,184
121,90,211
120,92,212
108,100,208
125,91,216
127,94,221
125,92,217
109,85,194
120,108,228
106,127,233
124,135,259
122,150,272
115,161,276
102,194,296
129,201,330
123,201,324
112,201,313
141,184,325
179,180,359
187,173,360
165,187,352
147,182,329
130,186,316
131,193,324
154,163,317
165,160,325
167,155,322
131,162,293
113,164,277
132,178,310
124,188,312
124,214,338
127,214,341
155,195,350
176,170,346
173,165,338
143,166,309
157,128,285
186,95,281
200,124,324
176,108,284
147,106,253
143,102,245
110,101,211
123,97,220
121,91,212
123,86,209
115,86,201
124,81,205
123,76,199
115,107,222
123,130,253
119,140,259
130,154,284
121,173,294
122,198,320
122,201,323
115,194,309
154,157,311
179,127,306
171,118,289
163,99,262
157,103,260
150,98,248
167,97,264
154,82,236
148,88,236
130,112,242
132,111,243
135,109,244
131,112,243
126,122,248
125,123,248
118,116,234
125,106,231
136,92,228
133,89,222
130,84,214
127,103,230
126,106,232
130,116,246
126,117,243
132,110,242
138,99,237
127,93,220
128,87,215
126,83,209
124,99,223
125,94,219
129,81,210
136,106,242
120,102,222
133,96,229
126,98,224
120,94,214
122,89,211
123,89,212
121,90,211
129,82,211
132,91,223
134,91,225
127,104,231
129,103,232
130,98,228
139,100,239
143,96,239
142,86,228
136,88,224
128,116,244
137,113,250
127,105,232
137,103,240
131,102,233
135,102,237
128,108,236
133,108,241
135,109,244
122,100,222
123,94,217
133,83,216
132,91,223
132,93,225
130,82,212
127,96,223
126,96,222
121,90,211
124,94,218
117,94,211
124,93,217
127,92,219
126,99,225
129,102,231
123,115,238
133,111,244
129,105,234
129,98,227
124,90,214
131,80,211
125,96,221
125,91,216
126,82,208
129,102,231
129,100,229
132,98,230
126,101,227
127,95,222
134,91,225
143,102,245
138,111,249
138,116,254
131,108,239
131,96,227
135,89,224
130,82,212
136,108,244
140,101,241
148,91,239
146,85,231
132,84,216
128,115,243
132,127,259
166,127,293
191,116,307
187,108,295
178,145,323
190,130,320
180,129,309
184,130,314
138,129,267
140,122,262
144,144,288
146,158,304
201,111,312
210,119,329
219,130,349
196,143,339
227,108,335
214,141,355
195,132,327
158,147,305
176,157,333
199,166,365
237,180,417
233,191,424
185,210,395
144,210,354
184,165,349
155,153,308
204,137,341
165,129,294
174,151,325
164,139,303
218,118,336
207,151,358
201,154,355
163,139,302
163,141,304
167,268,435
156,273,429
151,276,427
164,262,426
236,201,437
194,217,411
148,218,366
157,205,362
173,177,350
177,164,341
156,159,315
149,134,283
160,106,266
170,96,266
148,98,246
147,145,292
144,136,280
155,126,281
180,97,277
153,94,247
146,93,239
129,95,224
125,93,218
131,107,238
137,97,234
143,88,231
137,88,225
124,84,208
127,98,225
133,99,232
137,97,234
119,109,228
134,108,242
158,114,272
155,118,273
153,108,261
158,107,265
149,108,257
160,96,256
163,114,277
164,110,274
150,107,257
155,92,247
142,111,253
145,126,271
151,140,291
141,162,303
119,188,307
111,186,297
119,181,300
125,179,304
168,150,318
172,137,309
168,127,295
138,114,252
136,105,241
132,98,230
113,99,212
122,94,216
129,80,209
134,89,223
133,84,217
118,92,210
128,89,217
127,81,208
131,90,221
127,81,208
118,92,210
134,88,222
128,81,209
136,103,239
127,111,238
134,122,256
129,121,250
120,116,236
126,107,233
127,100,227
134,89,223
132,92,224
115,91,206
122,105,227
136,106,242
138,100,238
135,93,228
127,94,221
135,93,228
134,85,219
135,89,224
133,84,217
134,90,224
130,115,245
133,119,252
135,127,262
139,119,258
132,112,244
135,102,237
136,87,223
138,81,219
132,94,226
125,86,211
132,88,220
129,81,210
128,95,223
128,108,236
128,115,243
130,119,249
128,117,245
132,114,246
127,126,253
119,127,246
127,127,254
128,127,255
126,129,255
125,124,249
121,125,246
126,125,251
131,123,254
130,119,249
126,112,238
129,106,235
122,94,216
127,89,216
123,92,215
110,105,215
138,107,245
155,105,260
160,103,263
135,104,239
150,104,254
161,95,256
156,125,281
156,116,272
151,103,254
157,120,277
141,133,274
157,153,310
143,156,299
140,136,276
150,112,262
154,110,264
137,110,247
139,100,239
143,103,246
139,95,234
125,113,238
148,95,243
146,129,275
150,136,286
114,154,268
128,151,279
123,160,283
122,168,290
132,158,290
150,143,293
170,129,299
152,133,285
142,142,284
121,146,267
125,152,277
128,159,287
128,165,293
128,170,298
127,171,298
127,180,307
124,185,309
136,177,313
140,180,320
140,186,326
140,173,313
142,178,320
141,182,323
135,181,316
134,178,312
147,173,320
137,172,309
138,180,318
126,180,306
135,177,312
134,177,311
143,177,320
132,178,310
140,177,317
132,178,310
139,179,318
131,179,310
140,177,317
133,178,311
141,178,319
132,178,310
140,177,317
132,177,309
139,179,318
131,180,311
140,178,318
134,178,312
141,178,319
132,179,311
140,178,318
133,177,310
139,179,318
131,180,311
139,178,317
134,179,313
141,178,319
133,179,312
140,179,319
134,177,311
140,178,318
133,177,310
140,173,313
135,172,307
135,178,313
125,185,310
142,166,308
143,164,307
144,171,315
125,172,297
122,180,302
124,185,309
142,170,312
143,188,331
144,222,366
126,225,351
126,227,353
221,141,362
240,136,376
238,145,383
140,140,280
124,146,270
159,118,277
183,233,416
298,110,408
284,132,416
244,130,374
161,130,291
160,123,283
156,114,270
153,103,256
146,111,257
125,102,227
143,91,234
119,95,214
128,122,250
123,142,265
121,164,285
116,176,292
109,173,282
114,170,284
112,169,281
136,188,324
135,202,337
123,215,338
165,176,341
175,169,344
173,166,339
142,171,313
104,170,274
109,176,285
127,200,327
130,194,324
135,193,328
132,191,323
209,121,330
222,113,335
217,103,320
142,90,232
146,164,310
119,161,280
129,160,289
131,147,278
82,141,223
112,133,245
78,122,200
104,119,223
123,115,238
127,107,234
132,101,233
150,186,336
176,205,381
180,220,400
189,206,395
116,217,333
178,185,363
150,169,319
188,163,351
179,141,320
166,119,285
173,129,302
167,185,352
188,171,359
175,191,366
165,188,353
126,168,294
183,141,324
169,149,318
151,159,310
128,171,299
109,177,286
133,200,333
151,203,354
157,189,346
162,182,344
161,160,321
178,143,321
201,101,302
201,126,327
191,133,324
171,135,306
164,132,296
161,138,299
190,168,358
212,146,358
216,136,352
205,122,327
155,117,272
182,104,286
162,95,257
148,88,236
135,120,255
125,137,262
120,116,236
146,127,273
163,142,305
178,113,291
176,130,306
155,153,308
119,172,291
104,184,288
116,180,296
122,188,310
118,168,286
159,165,324
168,159,327
155,133,288
146,130,276
192,124,316
184,126,310
189,114,303
166,97,263
158,83,241
132,106,238
117,107,224
137,106,243
145,141,286
179,132,311
185,136,321
165,134,299
162,128,290
152,114,266
144,103,247
146,85,231
127,119,246
158,105,263
156,98,254
151,105,256
138,102,240
130,145,275
170,120,290
156,118,274
148,110,258
112,99,211
131,99,230
130,94,224
142,119,261
145,116,261
148,110,258
138,108,246
128,113,241
124,115,239
123,115,238
128,113,241
116,109,225
140,95,235
107,90,197
137,132,269
133,119,252
139,109,248
119,106,225
106,110,216
113,111,224
121,113,234
122,107,229
126,104,230
124,97,221
126,108,234
121,167,288
181,116,297
206,94,300
193,141,334
151,127,278
143,122,265
134,112,246
98,91,189
131,138,269
147,134,281
138,132,270
123,139,262
110,138,248
126,140,266
125,143,268
125,163,288
131,174,305
139,165,304
149,155,304
143,160,303
132,167,299
133,176,309
138,181,319
124,192,316
123,199,322
151,174,325
151,165,316
150,140,290
143,133,276
141,124,265
128,117,245
130,137,267
148,101,249
180,154,334
189,157,346
165,156,321
147,167,314
116,170,286
142,162,304
137,159,296
133,159,292
144,150,294
155,130,285
180,107,287
176,103,279
151,109,260
113,105,218
136,101,237
134,95,229
144,98,242
132,91,223
141,100,241
134,116,250
124,108,232
141,106,247
143,190,333
146,265,411
176,245,421
193,216,409
183,197,380
219,118,337
223,102,325
190,117,307
194,113,307
190,108,298
183,102,285
169,120,289
166,105,271
167,90,257
153,115,268
142,111,253
175,154,329
189,143,332
183,142,325
155,149,304
129,148,277
146,152,298
145,150,295
148,137,285
166,119,285
164,126,290
152,131,283
123,135,258
104,139,243
129,138,267
125,158,283
119,172,291
120,179,299
113,194,307
124,195,319
126,190,316
145,193,338
146,197,343
139,197,336
142,185,327
150,159,309
157,157,314
151,143,294
165,122,287
168,103,271
149,107,256
143,113,256
147,119,266
150,98,248
159,91,250
147,96,243
123,91,214
104,89,193
120,87,207
110,98,208
118,94,212
119,94,213
117,90,207
115,144,259
116,155,271
109,149,258
132,154,286
136,166,302
127,181,308
127,187,314
132,201,333
107,211,318
141,188,329
149,191,340
180,167,347
162,157,319
181,142,323
161,146,307
141,156,297
126,155,281
129,148,277
131,141,272
120,135,255
121,135,256
122,146,268
115,152,267
112,151,263
124,147,271
124,149,273
125,154,279
103,181,284
114,196,310
120,196,316
121,210,331
152,189,341
155,183,338
140,184,324
147,157,304
155,142,297
156,147,303
136,148,284
124,141,265
133,139,272
134,139,273
111,136,247
131,131,262
131,131,262
120,130,250
120,128,248
125,133,258
138,145,283
132,143,275
123,138,261
123,146,269
118,149,267
122,143,265
118,141,259
127,173,300
115,182,297
123,183,306
127,186,313
144,181,325
109,184,293
153,179,332
152,172,324
151,164,315
133,158,291
132,147,279
125,141,266
134,136,270
138,117,255
141,105,246
130,93,223
139,83,222
143,96,239
120,91,211
127,111,238
138,102,240
144,94,238
138,82,220
141,91,232
141,100,241
125,124,249
169,105,274
175,104,279
161,96,257
144,92,236
143,113,256
169,90,259
152,88,240
147,89,236
126,109,235
118,114,232
124,123,247
107,131,238
114,150,264
124,148,272
124,142,266
147,116,263
142,105,247
169,126,295
167,107,274
174,101,275
147,113,260
146,92,238
162,88,250
152,86,238
132,85,217
116,82,198
119,96,215
120,92,212
125,96,221
119,108,227
119,103,222
117,98,215
108,98,206
112,119,231
119,130,249
121,145,266
122,131,253
160,115,275
176,124,300
184,122,306
192,125,317
197,108,305
180,89,269
172,116,288
157,140,297
173,139,312
190,132,322
182,141,323
168,140,308
173,105,278
189,128,317
188,124,312
162,109,271
140,109,249
135,118,253
122,111,233
129,109,238
132,102,234
133,94,227
128,87,215
121,108,229
136,100,236
138,137,275
159,126,285
159,119,278
141,131,272
133,147,280
126,151,277
118,146,264
129,135,264
133,123,256
138,114,252
116,102,218
140,89,229
133,78,211
118,94,212
129,133,262
138,127,265
148,121,269
145,126,271
128,136,264
128,133,261
123,126,249
128,120,248
143,117,260
145,104,249
141,93,234
138,80,218
131,98,229
113,109,222
146,118,264
151,104,255
153,103,256
128,104,232
124,100,224
132,91,223
134,82,216
115,90,205
135,89,224
131,112,243
131,99,230
141,83,224
151,127,278
150,126,276
149,122,271
133,125,258
113,122,235
92,129,221
119,122,241
132,111,243
137,106,243
134,96,230
129,89,218
127,84,211
122,79,201
124,93,217
123,96,219
128,92,220
131,140,271
154,208,362
273,95,368
278,92,370
236,114,350
129,130,259
136,139,275
131,154,285
129,163,292
136,165,301
135,181,316
129,199,328
124,209,333
124,207,331
150,177,327
168,161,329
164,160,324
137,161,298
124,169,293
119,179,298
120,180,300
122,174,296
137,160,297
139,156,295
133,151,284
122,146,268
118,140,258
121,139,260
124,135,259
123,131,254
131,121,252
129,123,252
130,123,253
126,125,251
124,122,246
125,115,240
113,111,224
120,105,225
124,102,226
121,101,222
117,98,215
123,96,219
124,92,216
126,89,215
128,83,211
127,83,210
116,78,194
117,96,213
120,96,216
123,94,217
124,93,217
126,88,214
129,87,216
123,87,210
124,82,206
125,101,226
126,102,228
122,102,224
128,111,239
123,117,240
127,123,250
123,130,253
120,144,264
126,148,274
118,146,264
114,154,268
120,149,269
124,151,275
125,154,279
132,148,280
134,148,282
140,151,291
133,157,290
131,156,287
127,150,277
121,145,266
124,139,263
121,137,258
122,134,256
121,132,253
122,132,254
123,127,250
126,129,255
128,128,256
128,129,257
122,122,244
123,115,238
128,109,237
128,104,232
118,102,220
120,103,223
123,104,227
119,101,220
120,96,216
126,94,220
126,90,216
122,93,215
122,87,209
123,82,205
124,80,204
123,114,237
124,119,243
121,118,239
125,117,242
122,121,243
122,126,248
123,124,247
121,126,247
125,133,258
123,141,264
119,169,288
125,188,313
122,183,305
125,178,303
118,174,292
157,132,289
176,106,282
186,92,278
162,171,333
154,162,316
161,144,305
162,124,286
112,112,224
154,102,256
158,87,245
161,160,321
157,157,314
147,154,301
158,122,280
114,108,222
150,95,245
152,118,270
149,111,260
154,100,254
155,86,241
147,160,307
155,152,307
144,149,293
148,127,275
120,98,218
160,124,284
176,113,289
158,96,254
154,120,274
137,107,244
154,96,250
156,118,274
145,109,254
156,98,254
153,115,268
147,100,247
154,124,278
155,112,267
150,99,249
157,114,271
146,101,247
155,87,242
151,162,313
150,154,304
143,155,298
148,134,282
101,116,217
143,102,245
160,125,285
158,114,272
159,101,260
157,85,242
144,157,301
154,154,308
143,155,298
148,135,283
106,122,228
149,122,271
187,121,308
194,118,312
211,134,345
202,106,308
196,114,310
181,103,284
144,114,258
163,121,284
179,114,293
187,109,296
152,111,263
132,121,253
128,122,250
116,113,229
124,130,254
125,302,427
114,327,441
121,344,465
192,299,491
291,209,500
310,194,504
251,194,445
158,224,382
151,211,362
174,198,372
174,218,392
167,204,371
151,191,342
160,172,332
209,122,331
231,109,340
224,94,318
166,101,267
149,97,246
134,106,240
134,107,241
142,92,234
145,153,298
151,140,291
166,116,282
176,120,296
162,109,271
170,120,290
173,108,281
155,105,260
156,107,263
130,171,301
170,171,341
176,170,346
167,146,313
150,139,289
146,137,283
128,181,309
120,214,334
129,217,346
136,217,353
157,241,398
170,248,418
192,248,440
187,245,432
176,224,400
220,152,372
216,133,349
193,135,328
144,167,311
122,178,300
123,185,308
112,184,296
143,189,332
127,187,314
131,183,314
146,182,328
146,203,349
137,224,361
151,227,378
167,223,390
179,233,412
167,234,401
182,190,372
181,185,366
200,178,378
189,155,344
207,162,369
249,119,368
241,139,380
241,123,364
229,123,352
235,126,361
224,106,330
194,127,321
163,129,292
163,119,282
154,104,258
162,137,299
171,137,308
173,124,297
167,116,283
149,115,264
151,113,264
143,118,261
131,126,257
130,128,258
166,131,297
178,114,292
190,103,293
152,94,246
137,96,233
113,92,205
125,93,218
119,99,218
121,118,239
137,125,262
146,130,276
144,137,281
128,140,268
122,146,268
123,140,263
129,145,274
125,152,277
121,167,288
117,170,287
126,178,304
130,181,311
122,184,306
128,186,314
133,166,299
162,154,316
154,154,308
141,148,289
158,114,272
177,150,327
202,144,346
183,138,321
167,153,320
134,153,287
128,156,284
119,174,293
133,184,317
147,188,335
146,189,335
151,186,337
133,188,321
151,173,324
145,168,313
154,189,343
141,226,367
120,228,348
113,221,334
170,169,339
197,137,334
208,119,327
177,103,280
138,97,235
136,104,240
135,100,235
139,177,316
150,171,321
170,140,310
190,108,298
156,100,256
167,114,281
160,112,272
180,138,318
185,128,313
172,124,296
160,139,299
188,119,307
198,109,307
177,113,290
149,108,257
145,107,252
146,107,253
149,129,278
153,115,268
155,154,309
186,129,315
178,125,303
180,130,310
124,132,256
141,127,268
122,146,268
133,145,278
169,118,287
175,102,277
174,99,273
153,118,271
144,110,254
158,97,255
157,126,283
154,119,273
149,113,262
158,132,290
194,145,339
224,114,338
213,100,313
166,91,257
132,91,223
134,100,234
129,95,224
137,84,221
141,99,240
128,118,246
137,116,253
132,111,243
144,97,241
129,110,239
136,107,243
127,101,228
143,88,231
145,128,273
142,127,269
142,125,267
132,123,255
122,129,251
137,127,264
127,141,268
149,129,278
153,117,270
142,113,255
126,114,240
106,122,228
129,122,251
131,121,252
142,101,243
140,91,231
122,86,208
117,95,212
128,123,251
160,123,283
182,118,300
183,116,299
151,121,272
129,134,263
123,149,272
119,174,293
135,189,324
128,196,324
142,192,334
130,198,328
152,186,338
133,212,345
149,210,359
147,191,338
168,162,330
161,152,313
156,148,304
135,144,279
135,136,271
134,121,255
142,114,256
138,102,240
140,96,236
147,88,235
148,130,278
150,122,272
177,102,279
190,127,317
171,126,297
152,127,279
153,117,270
152,124,276
163,99,262
169,116,285
158,106,264
157,103,260
145,99,244
144,107,251
158,129,287
165,107,272
179,126,305
179,120,299
156,116,272
145,108,253
148,98,246
151,98,249
144,127,271
164,129,293
181,109,290
207,150,357
190,134,324
175,120,295
163,115,278
132,122,254
134,127,261
128,124,252
134,193,327
242,169,411
308,122,430
302,124,426
200,132,332
154,131,285
150,130,280
151,132,283
164,110,274
160,109,269
155,99,254
147,92,239
143,93,236
130,96,226
134,96,230
137,104,241
126,144,270
162,129,291
170,126,296
157,138,295
129,142,271
127,150,277
108,164,272
136,164,300
134,157,291
137,149,286
123,149,272
118,155,273
115,169,284
120,193,313
125,206,331
127,208,335
137,195,332
143,175,318
160,176,336
151,180,331
131,183,314
116,187,303
142,173,315
142,169,311
143,166,309
139,147,286
148,143,291
148,138,286
140,138,278
137,126,263
141,134,275
128,134,262
121,141,262
117,137,254
116,136,252
125,141,266
120,143,263
118,140,258
127,135,262
126,135,261
132,148,280
130,153,283
129,159,288
127,154,281
144,151,295
148,149,297
149,161,310
133,192,325
134,201,335
134,194,328
138,200,338
136,206,342
149,211,360
147,205,352
159,188,347
167,167,334
176,153,329
154,145,299
143,147,290
104,159,263
140,152,292
147,150,297
150,151,301
137,158,295
148,151,299
141,151,292
147,155,302
142,150,292
169,148,317
172,171,343
159,188,347
154,166,320
187,130,317
202,109,311
205,101,306
187,99,286
163,120,283
154,136,290
151,148,299
157,138,295
170,138,308
164,137,301
184,168,352
205,192,397
263,145,408
257,116,373
211,119,330
133,119,252
122,138,260
135,152,287
144,174,318
139,178,317
151,172,323
164,152,316
153,143,296
171,165,336
153,168,321
147,164,311
147,159,306
140,159,299
141,148,289
135,148,283
146,139,285
166,106,272
170,101,271
177,91,268
137,101,238
137,104,241
130,109,239
127,114,241
114,108,222
135,87,222
150,118,268
139,124,263
128,142,270
188,159,347
216,141,357
226,128,354
182,124,306
137,141,278
127,152,279
132,139,271
176,97,273
176,104,280
152,104,256
142,138,280
162,113,275
187,111,298
192,129,321
178,109,287
191,102,293
183,95,278
154,172,326
174,156,330
187,144,331
196,146,342
156,154,310
157,162,319
167,155,322
164,148,312
153,150,303
149,138,287
150,136,286
147,129,276
148,131,279
149,124,273
147,118,265
137,117,254
143,114,257
145,261,406
159,290,449
164,300,464
184,273,457
240,215,455
234,207,441
173,195,368
175,179,354
159,181,340
150,175,325
146,164,310
147,173,320
137,184,321
124,191,315
115,196,311
146,175,321
150,167,317
160,155,315
127,165,292
136,175,311
109,179,288
134,182,316
127,181,308
125,186,311
127,185,312
141,169,310
148,158,306
138,160,298
119,162,281
120,162,282
125,163,288
121,169,290
123,179,302
123,185,308
131,184,315
123,189,312
144,183,327
140,187,327
143,174,317
141,163,304
134,159,293
139,147,286
130,155,285
133,165,298
119,172,291
120,167,287
121,169,290
139,154,293
140,154,294
176,133,309
170,116,286
167,95,262
166,131,297
162,124,286
156,116,272
156,109,265
152,130,282
180,107,287
168,112,280
167,106,273
145,90,235
143,116,259
146,124,270
136,104,240
156,86,242
147,124,271
128,109,237
152,89,241
152,76,228
135,99,234
127,91,218
120,92,212
130,123,253
137,120,257
173,105,278
184,88,272
159,109,268
140,123,263
128,126,254
132,129,261
134,124,258
128,138,266
101,143,244
131,147,278
127,157,284
135,167,302
132,186,318
126,192,318
129,201,330
133,206,339
155,197,352
160,192,352
147,188,335
177,126,303
195,102,297
201,89,290
141,111,252
152,105,257
169,113,282
160,103,263
150,101,251
134,101,235
133,90,223
141,116,257
123,115,238
133,115,248
130,119,249
130,138,268
135,128,263
130,117,247
145,100,245
142,92,234
130,90,220
132,101,233
144,82,226
143,128,271
148,118,266
137,104,241
134,110,244
110,116,226
110,108,218
116,110,226
118,114,232
113,116,229
127,112,239
129,101,230
136,89,225
106,124,230
152,128,280
146,116,262
155,115,270
142,139,281
166,120,286
166,100,266
158,86,244
153,127,280
147,130,277
143,131,274
160,104,264
145,95,240
161,89,250
107,90,197
118,115,233
122,123,245
124,119,243
123,118,241
148,106,254
173,116,289
183,105,288
156,108,264
137,112,249
131,116,247
135,126,261
113,122,235
118,110,228
132,102,234
104,90,194
121,80,201
130,108,238
133,112,245
134,110,244
140,110,250
147,112,259
154,98,252
148,86,234
155,147,302
163,132,295
160,132,292
161,134,295
128,141,269
137,145,282
137,149,286
147,140,287
146,141,287
144,141,285
136,145,281
136,146,282
135,149,284
136,152,288
138,148,286
135,155,290
134,155,289
135,167,302
135,172,307
137,173,310
138,175,313
136,178,314
133,182,315
133,205,338
133,215,348
135,208,343
149,188,337
170,159,329
175,149,324
170,131,301
169,104,273
173,91,264
172,170,342
157,164,321
144,165,309
157,139,296
102,125,227
144,109,253
159,95,254
158,172,330
158,167,325
145,167,312
150,155,305
95,142,237
136,132,268
152,120,272
154,105,259
156,92,248
159,115,274
156,106,262
154,95,249
153,116,269
149,104,253
155,93,248
153,182,335
147,177,324
142,179,321
164,148,312
109,132,241
149,116,265
159,101,260
159,133,292
169,126,295
194,134,328
208,113,321
190,92,282
175,156,331
155,163,318
199,115,314
185,120,305
145,121,266
125,125,250
131,116,247
102,118,220
142,102,244
131,100,231
134,103,237
114,117,231
128,109,237
117,129,246
138,127,265
137,125,262
155,134,289
142,129,271
127,121,248
127,118,245
138,99,237
122,94,216
148,94,242
136,88,224
123,126,249
142,121,263
144,126,270
147,122,269
137,120,257
122,116,238
101,128,229
125,134,259
109,130,239
120,154,274
127,160,287
149,150,299
158,151,309
145,157,302
129,160,289
119,157,276
126,164,290
113,163,276
125,169,294
128,171,299
132,173,305
128,182,310
128,202,330
128,190,318
138,183,321
144,177,321
163,126,289
188,115,303
190,104,294
147,120,267
176,109,285
174,123,297
193,109,302
176,105,281
179,100,279
169,97,266
155,97,252
126,101,227
133,102,235
140,109,249
150,168,318
157,269,426
277,154,431
289,152,441
237,159,396
102,165,267
125,167,292
123,171,294
113,176,289
131,160,291
133,154,287
128,149,277
129,138,267
90,132,222
110,117,227
161,144,305
183,138,321
168,143,311
157,151,308
130,142,272
151,141,292
145,155,300
128,160,288
134,165,299
132,170,302
119,173,292
115,184,299
112,188,300
120,195,315
150,195,345
163,183,346
158,184,342
132,173,305
182,160,342
208,130,338
237,117,354
180,128,308
135,134,269
99,144,243
114,148,262
121,175,296
111,176,287
132,180,312
130,189,319
124,186,310
109,185,294
156,152,308
152,156,308
151,152,303
103,161,264
121,153,274
126,164,290
104,160,264
120,165,285
103,172,275
111,168,279
86,175,261
123,185,308
104,173,277
124,172,296
129,168,297
148,145,293
148,130,278
164,113,277
170,177,347
179,160,339
178,158,336
155,156,311
92,156,248
122,149,271
110,147,257
123,152,275
130,147,277
119,148,267
127,142,269
126,139,265
126,120,246
152,99,251
154,158,312
180,141,321
177,135,312
153,135,288
109,131,240
140,140,280
174,106,280
183,137,320
192,124,316
136,105,241
155,86,241
135,124,259
148,130,278
130,116,246
147,108,255
134,100,234
149,127,276
161,124,285
179,107,286
195,114,309
175,117,292
162,117,279
138,128,266
130,127,257
121,123,244
122,143,265
123,168,291
111,174,285
129,166,295
131,170,301
141,156,297
122,149,271
133,147,280
124,144,268
124,149,273
122,150,272
124,149,273
122,147,269
132,139,271
131,135,266
122,134,256
122,133,255
104,127,231
124,126,250
110,124,234
129,119,248
129,115,244
108,112,220
123,107,230
124,104,228
114,99,213
122,93,215
122,87,209
115,94,209
132,94,226
131,102,233
123,107,230
121,108,229
126,102,228
119,110,229
121,118,239
121,122,243
118,120,238
123,111,234
119,105,224
116,100,216
121,99,220
119,98,217
128,92,220
126,88,214
127,90,217
121,197,318
127,243,370
128,250,378
155,219,374
211,165,376
244,156,400
161,144,305
191,120,311
185,165,350
199,152,351
192,130,322
182,113,295
150,104,254
155,130,285
160,155,315
159,173,332
152,179,331
165,173,338
164,173,337
181,164,345
178,151,329
210,110,320
209,95,304
192,85,277
157,120,277
143,119,262
116,113,229
131,104,235
127,113,240
126,109,235
122,111,233
121,113,234
101,112,213
122,126,248
119,133,252
124,141,265
117,144,261
130,135,265
157,101,258
164,87,251
169,111,280
146,104,250
151,110,261
149,102,251
159,108,267
160,100,260
132,130,262
151,130,281
155,113,268
158,96,254
154,116,270
153,103,256
149,93,242
153,111,264
143,107,250
146,128,274
161,114,275
160,111,271
168,117,285
144,137,281
148,134,282
145,124,269
134,124,258
135,109,244
127,107,234
139,97,236
128,100,228
122,89,211
137,87,224
140,104,244
133,102,235
130,103,233
127,98,225
126,87,213
134,95,229
138,96,234
136,96,232
129,88,217
131,97,228
134,101,235
131,99,230
132,98,230
137,103,240
136,105,241
136,98,234
122,91,213
115,81,196
132,93,225
123,90,213
133,115,248
147,124,271
170,111,281
173,113,286
149,132,281
138,143,281
172,110,282
181,100,281
179,106,285
136,110,246
124,109,233
145,93,238
157,102,259
159,102,261
147,99,246
141,89,230
138,104,242
142,98,240
135,87,222
132,78,210
129,132,261
126,131,257
149,125,274
170,113,283
156,140,296
196,113,309
190,138,328
205,126,331
182,144,326
207,156,363
214,133,347
230,144,374
207,125,332
186,114,300
172,131,303
150,136,286
123,138,261
115,156,271
124,154,278
117,144,261
157,125,282
152,122,274
142,116,258
125,110,235
118,104,222
122,99,221
116,93,209
114,87,201
122,81,203
123,76,199
123,127,250
122,140,262
119,143,262
121,139,260
117,138,255
122,140,262
122,137,259
121,141,262
124,137,261
118,135,253
114,133,247
122,131,253
112,139,251
124,156,280
121,154,275
122,143,265
127,137,264
127,130,257
124,129,253
122,131,253
120,130,250
117,130,247
123,129,252
122,125,247
132,114,246
128,108,236
128,102,230
120,100,220
115,105,220
123,99,222
120,94,214
122,89,211
124,87,211
121,86,207
121,82,203
123,106,229
123,124,247
123,142,265
124,141,265
126,138,264
135,127,262
132,130,262
125,132,257
121,139,260
121,142,263
126,150,276
128,166,294
117,161,278
129,163,292
143,160,303
136,161,297
128,165,293
106,174,280
126,174,300
116,188,304
110,185,295
138,167,305
133,161,294
154,138,292
143,129,272
143,135,278
114,138,252
123,149,272
122,150,272
125,154,279
130,146,276
134,145,279
116,146,262
117,146,263
122,167,289
126,173,299
125,175,300
122,182,304
130,181,311
135,178,313
133,185,318
135,192,327
138,193,331
146,189,335
141,187,328
173,162,335
180,150,330
214,146,360
197,136,333
177,118,295
152,110,262
140,102,242
131,97,228
128,89,217
130,84,214
123,132,255
139,118,257
161,101,262
177,123,300
164,103,267
146,97,243
154,101,255
133,87,220
149,112,261
143,110,253
137,101,238
133,90,223
134,110,244
141,102,243
149,95,244
150,113,263
146,111,257
149,100,249
164,85,249
159,123,282
156,115,271
149,110,259
158,101,259
147,102,249
144,93,237
138,86,224
135,91,226
132,93,225
132,89,221
134,103,237
134,96,230
142,103,245
147,99,246
144,96,240
141,109,250
147,118,265
147,105,252
139,94,233
144,96,240
145,89,234
146,108,254
136,115,251
140,116,256
144,105,249
144,125,269
164,100,264
172,106,278
181,98,279
156,114,270
153,100,253
150,88,238
142,104,246
140,98,238
148,89,237
149,111,260
147,116,263
136,107,243
144,128,272
158,116,274
170,117,287
171,121,292
154,113,267
150,117,267
142,113,255
128,116,244
174,145,319
181,129,310
190,147,337
148,147,295
128,144,272
131,130,261
138,115,253
144,103,247
129,100,229
136,91,227
139,101,240
145,96,241
141,94,235
129,91,220
137,94,231
134,86,220
144,111,255
136,179,315
221,179,400
296,111,407
297,102,399
201,130,331
168,106,274
177,90,267
187,112,299
159,110,269
159,103,262
138,104,242
139,98,237
142,87,229
146,110,256
143,108,251
143,103,246
158,102,260
152,105,257
157,105,262
156,82,238
155,114,269
153,107,260
123,103,226
129,107,236
115,134,249
121,135,256
127,142,269
129,144,273
134,139,273
126,141,267
129,135,264
129,130,259
129,132,261
116,136,252
116,131,247
116,123,239
123,122,245
120,119,239
119,118,237
127,117,244
123,115,238
124,112,236
123,106,229
122,100,222
122,98,220
124,97,221
126,94,220
126,93,219
124,93,217
125,98,223
125,98,223
128,90,218
124,94,218
124,91,215
121,99,220
121,99,220
120,98,218
112,96,208
124,92,216
125,97,222
128,98,226
121,106,227
126,102,228
131,100,231
137,95,232
138,86,224
133,114,247
138,117,255
132,121,253
140,125,265
129,129,258
133,147,280
128,156,284
131,161,292
127,169,296
130,174,304
133,173,306
132,183,315
126,195,321
136,185,321
147,196,343
153,190,343
143,182,325
151,162,313
158,148,306
174,140,314
156,131,287
152,112,264
142,107,249
146,99,245
146,88,234
150,124,274
151,115,266
151,103,254
144,94,238
130,84,214
138,115,253
141,107,248
139,95,234
145,86,231
131,111,242
145,106,251
139,99,238
140,88,228
139,125,264
147,125,272
153,107,260
148,93,241
136,112,248
147,105,252
157,84,241
159,136,295
145,129,274
148,119,267
148,110,258
133,113,246
136,107,243
139,101,240
140,95,235
141,85,226
141,130,271
144,146,290
149,150,299
144,153,297
129,155,284
128,170,298
132,187,319
124,202,326
144,209,353
150,214,364
152,201,353
156,215,371
166,217,383
160,242,402
154,240,394
156,221,377
182,265,447
203,334,537
176,343,519
154,330,484
234,231,465
322,152,474
345,147,492
294,113,407
230,93,323
198,116,314
154,118,272
147,117,264
154,145,299
172,155,327
208,148,356
216,130,346
155,129,284
144,123,267
129,122,251
131,126,257
136,135,271
135,129,264
116,130,246
122,151,273
121,161,282
117,161,278
130,156,286
141,154,295
146,150,296
124,153,277
127,172,299
119,195,314
101,222,323
125,236,361
150,209,359
191,193,384
206,184,390
175,176,351
159,175,334
144,185,329
132,179,311
127,179,306
144,171,315
149,162,311
158,153,311
163,148,311
157,141,298
148,141,289
144,124,268
148,118,266
162,141,303
164,174,338
165,169,334
183,118,301
209,118,327
172,104,276
178,112,290
153,97,250
155,109,264
164,117,281
166,106,272
159,101,260
147,124,271
151,114,265
154,105,259
154,118,272
159,129,288
166,128,294
157,114,271
179,123,302
181,114,295
182,103,285
160,118,278
162,103,265
159,103,262
155,101,256
154,183,337
191,142,333
193,123,316
193,117,310
124,114,238
129,117,246
118,120,238
127,123,250
127,124,251
121,124,245
157,105,262
164,96,260
161,91,252
151,90,241
129,94,223
124,147,271
136,150,286
139,155,294
146,193,339
121,208,329
129,219,348
126,222,348
165,189,354
169,202,371
185,193,378
148,180,328
144,175,319
201,101,302
200,149,349
213,149,362
150,145,295
159,141,300
159,137,296
153,126,279
151,114,265
163,95,258
158,167,325
182,155,337
165,145,310
202,136,338
197,111,308
190,111,301
210,116,326
176,107,283
168,103,271
147,81,228
148,115,263
147,120,267
144,100,244
154,165,319
137,152,289
174,116,290
172,110,282
112,106,218
147,104,251
131,110,241
128,128,256
168,108,276
165,89,254
138,81,219
141,108,249
127,118,245
101,125,226
143,123,266
145,140,285
141,166,307
99,171,270
143,188,331
153,181,334
145,171,316
148,154,302
140,141,281
135,134,269
135,124,259
132,112,244
139,106,245
132,103,235
134,82,216
143,118,261
122,136,258
140,135,275
142,134,276
146,127,273
149,127,276
158,127,285
186,128,314
198,141,339
211,131,342
195,132,327
181,136,317
165,125,290
184,87,271
193,123,316
161,112,273
145,99,244
148,121,269
135,123,258
157,118,275
130,102,232
149,133,282
157,134,291
158,132,290
152,132,284
152,115,267
157,116,273
150,127,277
128,135,263
133,128,261
138,113,251
150,129,279
181,159,340
193,141,334
201,131,332
168,120,288
168,106,274
165,117,282
160,105,265
165,132,297
163,151,314
163,168,331
165,152,317
178,132,310
191,175,366
221,156,377
221,140,361
226,121,347
199,104,303
188,115,303
151,129,280
131,137,268
122,143,265
107,150,257
137,141,278
142,133,275
154,136,290
144,146,290
123,165,288
126,176,302
117,173,290
122,168,290
136,143,279
157,123,280
151,115,266
152,103,255
135,96,231
132,89,221
127,113,240
100,134,234
138,136,274
147,160,307
160,158,318
167,149,316
178,146,324
155,139,294
149,118,267
177,131,308
185,129,314
174,119,293
170,104,274
175,121,296
177,125,302
172,141,313
151,161,312
142,154,296
145,142,287
151,126,277
161,106,267
151,95,246
142,88,230
129,110,239
133,111,244
129,107,236
125,104,229
118,104,222
127,104,231
141,86,227
145,86,231
144,144,288
130,161,291
137,166,303
147,163,310
112,169,281
147,180,327
124,196,320
123,199,322
123,196,319
133,181,314
176,149,325
176,132,308
177,116,293
154,111,265
148,102,250
158,137,295
180,159,339
222,118,340
226,98,324
212,94,306
153,90,243
144,108,252
131,116,247
131,128,259
124,134,258
119,142,261
132,136,268
133,129,262
161,130,291
149,132,281
133,134,267
126,133,259
128,130,258
167,93,260
177,119,296
172,125,297
130,130,260
151,140,291
180,117,297
196,130,326
193,126,319
183,89,272
142,108,250
181,143,324
187,123,310
191,119,310
186,112,298
156,114,270
157,113,270
157,103,260
160,134,294
176,184,360
229,134,363
250,137,387
244,149,393
216,118,334
208,123,331
201,113,314
175,102,277
176,122,298
167,142,309
168,151,319
183,129,312
173,128,301
164,147,311
130,172,302
116,175,291
144,164,308
152,177,329
165,184,349
142,177,319
145,187,332
148,172,320
151,158,309
164,163,327
155,207,362
272,137,409
284,124,408
297,112,409
192,127,319
189,109,298
183,117,300
165,120,285
135,135,270
134,135,269
119,145,264
133,150,283
136,154,290
143,157,300
138,159,297
122,166,288
136,158,294
133,156,289
150,159,309
143,168,311
142,161,303
139,177,316
137,184,321
111,197,308
118,210,328
140,194,334
158,188,346
169,175,344
144,167,311
152,138,290
154,127,281
163,125,288
135,118,253
125,118,243
133,115,248
141,111,252
135,123,258
136,139,275
129,153,282
129,159,288
143,142,285
160,120,280
161,110,271
154,107,261
131,112,243
121,113,234
120,111,231
120,117,237
124,117,241
116,100,216
138,98,236
117,102,219
132,86,218
140,108,248
141,106,247
139,103,242
123,102,225
119,97,216
127,96,223
125,94,219
121,107,228
121,129,250
120,155,275
121,168,289
117,184,301
131,178,309
135,178,313
128,179,307
144,156,300
141,146,287
150,148,298
141,154,295
138,145,283
136,138,274
150,130,280
141,125,266
136,129,265
126,122,248
124,121,245
140,111,251
138,134,272
145,147,292
139,139,278
141,137,278
123,134,257
121,137,258
114,144,258
121,152,273
113,156,269
129,152,281
133,150,283
128,154,282
126,149,275
127,140,267
135,149,284
116,151,267
108,147,255
120,137,257
125,143,268
122,144,266
115,157,272
120,160,280
119,159,278
125,155,280
132,153,285
129,159,288
123,159,282
116,170,286
118,309,427
122,311,433
120,320,440
272,174,446
275,161,436
329,125,454
190,109,299
179,101,280
155,108,263
138,117,255
133,130,263
130,134,264
127,138,265
109,136,245
143,127,270
140,139,279
136,164,300
115,194,309
126,184,310
135,175,310
138,170,308
194,139,333
223,110,333
219,107,326
183,138,321
182,112,294
191,120,311
181,124,305
149,108,257
142,97,239
126,94,220
128,82,210
135,122,257
134,138,272
133,151,284
145,151,296
138,161,299
157,148,305
148,144,292
144,144,288
133,146,279
100,177,277
113,186,299
113,199,312
126,193,319
142,182,324
155,192,347
169,189,358
169,187,356
168,192,360
164,202,366
179,191,370
171,183,354
171,182,353
135,188,323
164,148,312
163,154,317
157,155,312
128,151,279
120,146,266
121,140,261
125,135,260
120,129,249
122,125,247
128,115,243
125,123,248
126,148,274
126,156,282
129,174,303
139,167,306
148,166,314
154,165,319
150,159,309
139,159,298
135,159,294
127,162,289
125,171,296
120,184,304
118,214,332
121,226,347
139,204,343
162,180,342
165,158,323
192,128,320
188,106,294
184,103,287
147,101,248
119,100,219
117,96,213
106,95,201
121,89,210
128,84,212
110,90,200
126,128,254
106,147,253
116,152,268
111,159,270
110,174,284
127,180,307
115,189,304
128,189,317
127,184,311
140,169,309
162,175,337
138,207,345
141,216,357
125,216,341
152,210,362
173,179,352
204,161,365
180,134,314
156,122,278
154,103,257
154,86,240
148,128,276
145,147,292
160,145,305
186,118,304
200,91,291
187,81,268
161,164,325
138,163,301
132,163,295
141,152,293
91,143,234
125,131,256
146,119,265
142,107,249
142,94,236
139,84,223
138,113,251
135,109,244
136,100,236
139,91,230
132,109,241
143,99,242
142,93,235
141,83,224
138,175,313
139,173,312
129,168,297
134,160,294
79,150,229
116,135,251
145,120,265
149,105,254
143,95,238
138,91,229
138,80,218
137,161,298
145,153,298
137,148,285
141,141,282
91,129,220
126,118,244
141,106,247
140,96,236
136,90,226
138,118,256
138,111,249
139,102,241
135,98,233
121,94,215
135,81,216
137,162,299
139,158,297
128,154,282
131,142,273
80,134,214
113,122,235
138,110,248
140,101,241
137,92,229
135,83,218
136,123,259
136,141,277
138,157,295
167,141,308
176,152,328
183,156,339
154,154,308
140,158,298
144,154,298
155,149,304
147,142,289
165,139,304
138,154,292
135,154,289
129,152,281
125,183,308
121,200,321
103,193,296
137,183,320
152,155,307
117,136,253
161,115,276
159,97,256
146,89,235
120,138,258
127,142,269
143,139,282
142,147,289
123,163,286
114,183,297
147,163,310
146,168,314
182,141,323
170,131,301
168,124,292
146,112,258
140,167,307
194,136,330
185,129,314
165,122,287
150,92,242
134,86,220
154,90,244
137,121,258
110,143,253
122,157,279
118,171,289
118,176,294
124,174,298
127,184,311
131,172,303
127,153,280
151,137,288
166,113,279
157,100,257
151,162,313
180,138,318
181,129,310
186,118,304
146,141,287
181,108,289
177,112,289
149,98,247
146,182,328
128,199,327
143,202,345
124,197,321
98,169,267
154,149,303
240,117,357
227,96,323
222,78,300
162,107,269
151,87,238
139,141,280
147,128,275
140,124,264
140,126,266
126,113,239
144,106,250
136,154,290
172,138,310
149,126,275
151,114,265
108,92,200
148,144,292
158,124,282
160,113,273
153,97,250
116,86,202
146,135,281
152,125,277
142,110,252
170,124,294
144,125,269
135,135,270
148,128,276
130,119,249
133,113,246
132,101,233
99,98,197
129,90,219
120,103,223
133,97,230
132,167,299
144,167,311
139,169,308
123,159,282
74,154,228
105,138,243
132,129,261
119,119,238
139,101,240
137,93,230
128,82,210
112,110,222
113,99,212
141,129,270
129,146,275
142,142,284
121,138,259
123,116,239
132,109,241
128,96,224
125,92,217
132,147,279
144,150,294
137,151,288
130,150,280
99,158,257
130,159,289
123,161,284
134,154,288
140,163,303
136,166,302
132,170,302
125,169,294
122,170,292
126,152,278
140,135,275
146,134,280
131,137,268
122,147,269
118,152,270
121,149,270
125,138,263
137,121,258
136,115,251
126,95,221
140,88,228
131,81,212
128,126,254
129,140,269
133,132,265
136,128,264
140,136,276
126,139,265
127,154,281
127,149,276
130,143,273
138,128,266
148,115,263
129,95,224
140,90,230
135,88,223
130,83,213
113,90,203
127,83,210
130,174,304
158,373,531
415,131,546
407,143,550
375,153,528
118,154,272
87,158,245
120,160,280
117,171,288
117,205,322
116,214,330
122,221,343
147,193,340
168,181,349
180,172,352
160,150,310
150,141,291
152,126,278
158,103,261
166,117,283
163,118,281
157,117,274
140,109,249
134,103,237
123,101,224
141,85,226
141,139,280
152,140,292
162,127,289
162,128,290
131,141,272
122,133,255
152,113,265
154,107,261
147,112,259
161,83,244
160,103,263
139,96,235
127,128,255
141,130,271
146,137,283
130,140,270
127,135,262
123,123,246
135,112,247
146,93,239
141,85,226
132,112,244
109,113,222
155,106,261
143,112,255
157,101,258
148,140,288
167,131,298
178,129,307
182,133,315
163,128,291
160,140,300
170,139,309
188,168,356
218,142,360
210,159,369
195,188,383
158,178,336
200,141,341
205,121,326
190,130,320
151,136,287
131,132,263
121,124,245
128,112,240
142,101,243
139,96,235
151,129,280
175,111,286
179,105,284
146,106,252
127,105,232
126,110,236
129,109,238
127,109,236
128,112,240
128,115,243
127,121,248
131,114,245
132,106,238
126,98,224
128,135,263
142,126,268
150,116,266
143,118,261
160,100,260
178,127,305
181,120,301
149,111,260
145,104,249
126,102,228
149,86,235
144,158,302
140,236,376
111,234,345
115,211,326
183,183,366
205,152,357
207,123,330
166,113,279
170,120,290
168,107,275
169,95,264
167,100,267
133,107,240
143,103,246
129,118,247
155,109,264
134,105,239
144,103,247
112,107,219
121,111,232
128,101,229
135,89,224
114,84,198
95,81,176
122,79,201
125,120,245
120,131,251
131,133,264
123,137,260
131,138,269
122,134,256
127,134,261
140,125,265
133,120,253
137,119,256
105,117,222
119,121,240
127,138,265
107,141,248
127,126,253
158,121,279
158,130,288
149,140,289
122,135,257
115,134,249
121,149,270
124,173,297
117,190,307
92,190,282
134,202,336
142,190,332
177,201,378
191,198,389
191,194,385
165,202,367
161,207,368
151,208,359
166,227,393
167,233,400
166,226,392
166,232,398
203,196,399
231,165,396
228,169,397
243,123,366
229,114,343
219,105,324
145,111,256
126,113,239
113,137,250
132,137,269
101,152,253
128,163,291
135,175,310
142,176,318
130,180,310
103,176,279
143,156,299
137,145,282
150,132,282
139,128,267
118,143,261
122,153,275
120,156,276
122,149,271
133,151,284
129,164,293
109,169,278
124,165,289
100,165,265
137,143,280
163,113,276
139,100,239
149,98,247
128,96,224
134,120,254
168,92,260
173,126,299
167,105,272
154,97,251
142,93,235
134,108,242
135,100,235
144,84,228
144,132,276
124,135,259
101,139,240
132,161,293
107,157,264
131,148,279
130,139,269
120,134,254
129,117,246
143,101,244
155,124,279
157,109,266
168,112,280
162,123,285
140,137,277
139,130,269
144,120,264
153,104,257
159,93,252
151,84,235
145,104,249
142,98,240
144,90,234
136,94,230
139,97,236
127,90,217
129,85,214
134,101,235
154,85,239
154,76,230
148,105,253
119,105,224
132,101,233
148,101,249
161,118,279
169,119,288
171,109,280
144,98,242
137,116,253
152,117,269
152,108,260
151,100,251
138,88,226
141,105,246
144,116,260
137,113,250
142,110,252
139,101,240
128,120,248
154,106,260
142,103,245
145,95,240
127,91,218
130,93,223
126,91,217
122,94,216
122,98,220
129,92,221
128,91,219
129,91,220
121,86,207
120,89,209
121,97,218
122,102,224
130,113,243
129,130,259
132,133,265
117,133,250
113,132,245
125,123,248
126,114,240
131,107,238
123,103,226
113,100,213
124,95,219
119,96,215
122,91,213
121,85,206
115,79,194
124,108,232
123,108,231
126,102,228
123,100,223
123,95,218
122,88,210
123,85,208
118,85,203
121,79,200
121,103,224
120,102,222
125,98,223
123,96,219
117,90,207
123,88,211
120,85,205
124,79,203
120,90,210
124,91,215
120,102,222
120,107,227
124,99,223
130,97,227
133,94,227
125,97,222
126,89,215
130,78,208
135,87,222
128,83,211
119,78,197
124,92,216
121,91,212
122,94,216
121,94,215
116,95,211
124,94,218
121,90,211
124,90,214
121,89,210
127,80,207
124,104,228
133,107,240
125,111,236
126,115,241
124,123,247
124,146,270
121,160,281
124,171,295
119,178,297
126,200,326
126,201,327
140,181,321
156,164,320
168,138,306
168,120,288
161,104,265
152,93,245
151,137,288
149,128,277
160,121,281
163,125,288
174,104,278
170,103,273
160,110,270
159,97,256
146,119,265
144,122,266
130,128,258
119,140,259
129,164,293
130,183,313
118,188,306
138,187,325
144,168,312
131,160,291
154,137,291
147,124,271
153,114,267
134,108,242
124,101,225
119,106,225
127,96,223
132,85,217
136,88,224
120,83,203
119,99,218
126,102,228
127,103,230
128,110,238
127,106,233
134,106,240
117,110,227
122,102,224
131,93,224
131,89,220
126,87,213
128,96,224
122,105,227
129,109,238
128,107,235
127,103,230
131,103,234
123,104,227
126,97,223
129,100,229
136,92,228
139,97,236
140,98,238
134,95,229
127,96,223
131,108,239
155,117,272
174,86,260
176,85,261
155,88,243
116,93,209
126,92,218
122,91,213
124,85,209
126,84,210
123,79,202
119,93,212
124,101,225
122,105,227
126,98,224
124,95,219
128,93,221
125,87,212
121,85,206
122,85,207
120,86,206
121,84,205
125,77,202
120,102,222
124,100,224
123,97,220
126,100,226
120,98,218
121,105,226
122,110,232
124,110,234
125,107,232
124,101,225
113,100,213
125,117,242
115,124,239
125,123,248
134,112,246
136,122,258
131,132,263
122,132,254
123,128,251
125,128,253
123,121,244
123,118,241
123,112,235
121,108,229
123,103,226
122,98,220
123,92,215
123,90,213
118,84,202
115,89,204
121,86,207
115,119,234
131,122,253
131,122,253
137,126,263
124,124,248
133,114,247
133,110,243
128,105,233
111,105,216
119,99,218
123,103,226
122,103,225
120,118,238
126,124,250
126,121,247
116,128,244
118,172,290
223,144,367
266,108,374
275,112,387
189,111,300
130,112,242
139,110,249
139,106,245
135,102,237
127,107,234
122,126,248
116,133,249
122,138,260
124,140,264
126,137,263
129,138,267
132,136,268
123,134,257
132,131,263
121,131,252
111,127,238
122,126,248
140,108,248
147,109,256
135,110,245
121,104,225
123,112,235
111,117,228
122,121,243
121,124,245
114,127,241
115,138,253
125,144,269
116,174,290
119,187,306
117,232,349
120,251,371
153,224,377
228,144,372
255,113,368
233,127,360
132,147,279
117,162,279
132,151,283
134,147,281
141,138,279
138,128,266
136,117,253
138,106,244
138,100,238
135,97,232
139,121,260
147,108,255
150,97,247
150,91,241
136,80,216
143,171,314
139,173,312
171,134,305
171,126,297
104,115,219
140,108,248
143,92,235
143,82,225
145,169,314
138,174,312
173,131,304
168,121,289
105,110,215
136,101,237
132,91,223
133,83,216
135,173,308
137,173,310
171,336,507
168,345,513
103,339,442
135,337,472
310,161,471
341,127,468
370,141,511
219,107,326
194,97,291
165,96,261
131,90,221
132,87,219
139,81,220
133,114,247
127,114,241
128,109,237
127,106,233
113,105,218
122,102,224
122,105,227
122,106,228
125,106,231
128,101,229
139,93,232
137,91,228
138,87,225
130,86,216
130,86,216
128,111,239
128,112,240
128,107,235
126,105,231
113,103,216
122,106,228
122,105,227
123,126,249
123,146,269
124,154,278
135,159,294
140,197,337
139,220,359
154,193,347
166,200,366
195,171,366
146,170,316
108,163,271
156,167,323
151,216,367
115,221,336
154,206,360
149,252,401
144,227,371
160,251,411
107,296,403
242,191,433
330,180,510
372,161,533
264,139,403
202,120,322
152,230,382
146,216,362
208,188,396
164,208,372
119,231,350
152,280,432
147,250,397
181,233,414
203,227,430
216,164,380
224,102,326
179,92,271
176,126,302
135,130,265
139,126,265
153,127,280
140,131,271
131,160,291
135,151,286
151,154,305
154,161,315
161,144,305
190,113,303
190,116,306
180,103,283
142,104,246
151,89,240
150,164,314
159,157,316
145,154,299
145,137,282
95,131,226
156,106,262
178,130,308
182,116,298
152,107,259
142,98,240
125,83,208
101,127,228
112,136,248
135,138,273
128,171,299
137,205,342
122,205,327
128,190,318
149,165,314
158,154,312
184,122,306
183,101,284
157,94,251
141,175,316
152,173,325
151,200,351
150,187,337
97,179,276
137,169,306
139,165,304
112,149,261
154,121,275
168,128,296
186,102,288
175,104,279
149,170,319
164,161,325
145,166,311
133,149,282
131,112,243
181,87,268
189,123,312
149,131,280
141,117,258
141,119,260
135,127,262
122,129,251
113,145,258
130,142,272
136,152,288
135,150,285
124,142,266
132,127,259
134,118,252
129,98,227
143,84,227
134,113,247
99,111,210
135,99,234
130,89,219
130,133,263
140,127,267
127,111,238
135,99,234
130,144,274
147,138,285
189,118,307
163,114,277
178,120,298
170,131,301
164,123,287
175,121,296
189,103,292
192,95,287
163,172,335
176,158,334
189,158,347
225,143,368
212,157,369
223,112,335
229,84,313
186,152,338
130,161,291
132,154,286
143,138,281
107,144,251
132,150,282
128,142,270
142,146,288
148,148,296
143,142,285
149,124,273
143,115,258
151,96,247
156,101,257
149,113,262
136,115,251
139,105,244
149,87,236
146,149,295
156,139,295
142,132,274
124,123,247
84,115,199
111,110,221
113,128,241
149,130,279
170,138,308
164,118,282
151,106,257
153,114,267
111,111,222
121,109,230
121,111,232
100,113,213
130,121,251
118,144,262
110,155,265
117,164,281
129,161,290
138,166,304
126,172,298
124,171,295
106,176,282
143,156,299
158,142,300
177,119,296
164,143,307
148,141,289
117,141,258
133,134,267
136,129,265
126,120,246
125,113,238
135,123,258
132,142,274
111,143,254
115,162,277
149,149,298
150,161,311
164,162,326
149,148,297
153,136,289
155,125,280
141,122,263
127,131,258
119,142,261
119,147,266
128,135,263
142,187,329
144,190,334
134,196,330
162,164,326
163,156,319
160,159,319
146,153,299
136,155,291
139,164,303
129,161,290
127,168,295
126,180,306
144,170,314
130,172,302
146,155,301
149,142,291
146,135,281
141,130,271
142,108,250
171,143,314
178,141,319
192,100,292
178,113,291
166,123,289
153,114,267
152,104,256
158,111,269
150,106,256
158,158,316
186,117,303
189,108,297
193,135,328
167,120,287
161,116,277
158,117,275
137,130,267
115,157,272
129,160,289
147,158,305
161,160,321
162,172,334
170,175,345
155,196,351
189,168,357
188,162,350
199,146,345
175,148,323
192,159,351
223,130,353
233,124,357
224,98,322
196,90,286
178,109,287
146,107,253
133,101,234
149,151,300
175,121,296
197,114,311
198,105,303
184,94,278
159,123,282
148,126,274
140,121,261
139,116,255
142,94,236
145,83,228
129,130,259
134,150,284
146,146,292
151,149,300
153,136,289
130,135,265
138,132,270
134,131,265
139,116,255
144,114,258
138,116,254
121,123,244
137,137,274
137,136,273
135,124,259
135,116,251
135,104,239
137,95,232
143,103,246
142,101,243
144,105,249
136,99,235
127,97,224
117,99,216
119,95,214
125,105,230
138,120,258
146,156,302
144,152,296
158,133,291
144,127,271
135,116,251
121,108,229
134,112,246
152,167,319
173,175,348
174,168,342
148,165,313
116,152,268
146,133,279
150,123,273
143,109,252
128,96,224
130,90,220
122,83,205
128,100,228
137,98,235
147,173,320
177,148,325
168,148,316
169,148,317
117,138,255
133,136,269
112,135,247
128,154,282
119,157,276
124,163,287
113,169,282
127,181,308
126,184,310
125,186,311
144,160,304
149,155,304
156,145,301
141,140,281
131,135,266
132,133,265
113,133,246
117,140,257
128,131,259
125,126,251
146,137,283
141,162,303
131,160,291
132,147,279
140,137,277
130,128,258
125,118,243
131,113,244
126,102,228
136,103,239
129,88,217
152,101,253
136,97,233
132,169,301
167,261,428
286,148,434
297,132,429
272,115,387
158,115,273
192,112,304
195,132,327
195,126,321
159,131,290
160,134,294
123,130,253
132,126,258
132,132,264
136,127,263
126,113,239
138,107,245
148,94,242
157,130,287
170,134,304
164,142,306
157,139,296
147,135,282
145,135,280
135,137,272
135,144,279
150,130,280
187,110,297
194,96,290
182,147,329
179,130,309
165,118,283
155,113,268
152,96,248
138,91,229
135,97,232
115,96,211
125,94,219
125,95,220
126,90,216
114,84,198
118,85,203
109,86,195
120,91,211
88,93,181
116,126,242
140,105,245
147,101,248
145,105,250
125,100,225
121,99,220
127,80,207
131,105,236
127,115,242
121,120,241
129,118,247
127,117,244
105,117,222
116,122,238
124,119,243
126,135,261
125,304,429
131,321,452
135,310,445
181,232,413
281,161,442
296,126,422
270,137,407
214,141,355
192,126,318
160,132,292
137,141,278
115,149,264
133,142,275
122,149,271
142,169,311
133,179,312
133,178,311
127,185,312
141,181,322
119,179,298
134,180,314
143,159,302
145,152,297
151,150,301
129,149,278
113,162,275
122,176,298
123,193,316
120,205,325
127,205,332
136,195,331
181,155,336
188,134,322
191,118,309
154,110,264
140,109,249
123,105,228
120,104,224
121,100,221
121,95,216
120,93,213
120,91,211
123,114,237
120,134,254
122,139,261
139,144,283
128,154,282
131,169,300
124,169,293
127,180,307
122,191,313
128,190,318
157,175,332
203,124,327
216,98,314
204,83,287
155,88,243
134,84,218
127,86,213
123,93,216
126,99,225
126,85,211
141,88,229
127,94,221
113,97,210
130,158,288
151,147,298
146,130,276
161,112,273
137,92,229
149,197,346
146,197,343
128,192,320
127,218,345
90,200,290
151,170,321
183,178,361
148,186,334
125,197,322
133,185,318
151,175,326
152,180,332
139,183,322
132,184,316
129,185,314
139,195,334
129,199,328
132,192,324
159,186,345
158,218,376
144,261,405
137,249,386
148,240,388
236,170,406
234,168,402
191,152,343
165,137,302
161,120,281
162,104,266
161,86,247
167,172,339
171,158,329
155,162,317
165,156,321
104,144,248
137,134,271
150,117,267
146,102,248
141,87,228
147,157,304
159,146,305
157,112,269
165,102,267
119,152,271
156,149,305
169,144,313
155,142,297
126,126,252
161,116,277
149,121,270
128,138,266
129,146,275
127,144,271
144,141,285
142,137,279
140,141,281
133,138,271
133,136,269
135,156,291
155,169,324
204,125,329
202,137,339
185,142,327
124,142,266
121,141,262
124,149,273
127,143,270
148,118,266
188,166,354
193,163,356
176,166,342
149,152,301
111,135,246
143,122,265
169,137,306
182,109,291
177,185,362
202,150,352
178,138,316
178,130,308
129,131,260
157,109,266
163,94,257
177,169,346
156,166,322
169,130,299
170,126,296
123,116,239
138,115,253
138,126,264
143,116,259
148,126,274
154,124,278
130,127,257
137,116,253
146,100,246
145,131,276
159,130,289
154,128,282
138,131,269
130,136,266
136,122,258
134,121,255
141,108,249
133,107,240
127,112,239
116,110,226
118,107,225
132,101,233
138,111,249
131,102,233
149,88,237
141,91,232
116,150,266
152,125,277
168,106,274
165,85,250
146,144,290
159,139,298
166,116,282
172,105,277
148,143,291
170,140,310
165,135,300
167,135,302
139,139,278
109,142,251
137,125,262
163,115,278
161,115,276
148,108,256
144,95,239
154,116,270
155,132,287
135,122,257
154,125,279
149,132,281
125,166,291
100,176,276
132,189,321
129,186,315
140,181,321
130,173,303
144,181,325
138,175,313
131,185,316
136,188,324
139,187,326
149,177,326
149,184,333
138,183,321
138,181,319
140,179,319
143,185,328
133,189,322
141,194,335
148,187,335
146,195,341
148,196,344
145,189,334
147,192,339
155,177,332
173,155,328
176,164,340
155,169,324
130,171,301
127,178,305
122,186,308
134,181,315
148,174,322
153,179,332
139,182,321
126,190,316
144,172,316
147,175,322
148,184,332
129,183,312
134,182,316
138,188,326
148,179,327
141,182,323
140,184,324
140,183,323
140,181,321
140,190,330
149,174,323
147,171,318
147,181,328
127,183,310
135,186,321
137,186,323
142,188,330
139,191,330
148,179,327
148,182,330
149,191,340
137,191,328
145,181,326
148,185,333
152,180,332
139,180,319
138,180,318
140,178,318
138,204,342
137,222,359
130,215,345
140,207,347
183,173,356
210,154,364
201,154,355
171,138,309
158,132,290
160,123,283
165,155,320
186,123,309
188,107,295
177,144,321
133,136,269
168,134,302
158,140,298
126,136,262
130,130,260
139,135,274
139,134,273
135,126,261
124,121,245
129,118,247
132,110,242
158,118,276
167,115,282
164,113,277
153,103,256
154,88,242
147,97,244
135,84,219
139,150,289
145,153,298
143,150,293
136,145,281
108,131,239
149,112,261
149,107,256
154,102,256
153,108,261
141,124,265
139,116,255
150,102,252
143,88,231
159,121,280
149,122,271
141,118,259
146,114,260
148,94,242
152,121,273
151,143,294
125,145,270
147,140,287
135,140,275
120,133,253
131,141,272
132,149,281
115,159,274
133,168,301
141,175,316
140,185,325
130,194,324
117,196,313
152,167,319
182,155,337
195,147,342
180,140,320
170,149,319
171,144,315
170,130,300
153,137,290
172,115,287
187,164,351
218,138,356
218,136,354
204,162,366
195,136,331
209,156,365
239,123,362
210,114,324
186,112,298
140,119,259
155,110,265
161,137,298
170,143,313
149,129,278
143,129,272
129,117,246
146,119,265
174,123,297
183,112,295
193,141,334
201,112,313
200,117,317
186,120,306
162,168,330
188,138,326
180,136,316
166,140,306
111,123,234
138,120,258
163,101,264
167,118,285
171,119,290
161,124,285
152,129,281
180,95,275
171,128,299
178,114,292
157,94,251
153,145,298
163,137,300
155,135,290
149,130,279
134,119,253
128,114,242
129,108,237
129,97,226
143,97,240
141,96,237
149,131,280
145,121,266
150,111,261
160,86,246
140,123,263
137,124,261
137,113,250
142,97,239
126,87,213
107,87,194
126,134,260
135,149,284
168,263,431
290,168,458
295,169,464
284,151,435
216,124,340
238,127,365
219,129,348
206,116,322
214,110,324
217,105,322
192,98,290
172,122,294
138,115,253
152,135,287
161,135,296
164,124,288
154,110,264
147,96,243
160,116,276
161,109,270
162,103,265
152,131,283
161,133,294
163,128,291
143,137,280
144,125,269
166,86,252
165,112,277
170,120,290
142,115,257
136,113,249
137,104,241
120,87,207
130,120,250
130,112,242
150,106,256
165,145,310
180,127,307
188,141,329
204,127,331
177,274,451
174,305,479
166,294,460
189,303,492
254,258,512
240,247,487
185,246,431
203,230,433
207,193,400
229,165,394
211,177,388
196,162,358
155,179,334
156,186,342
200,136,336
178,149,327
185,145,330
133,136,269
130,128,258
130,119,249
125,116,241
143,104,247
142,88,230
156,124,280
146,140,286
150,132,282
141,138,279
135,135,270
123,120,243
143,118,261
145,103,248
137,107,244
131,104,235
125,105,230
135,117,252
142,123,265
146,120,266
130,110,240
131,104,235
138,103,241
139,104,243
145,87,232
144,123,267
141,129,270
136,131,267
135,141,276
128,139,267
144,138,282
135,137,272
134,151,285
125,151,276
128,160,288
130,160,290
157,141,298
175,140,315
164,149,313
142,148,290
138,141,279
138,159,297
125,169,294
121,169,290
113,167,280
123,163,286
117,158,275
139,151,290
158,121,279
174,108,282
191,170,361
178,171,349
161,179,340
138,193,331
88,203,291
117,207,324
116,211,327
154,177,331
167,193,360
155,198,353
136,179,315
156,155,311
162,144,306
140,135,275
144,118,262
149,101,250
141,94,235
134,103,237
141,104,245
144,150,294
168,125,293
168,157,325
164,176,340
117,184,301
126,189,315
132,187,319
142,179,321
149,174,323
146,180,326
141,182,323
152,195,347
149,201,350
143,211,354
114,212,326
160,168,328
172,171,343
171,172,343
120,167,287
138,149,287
148,146,294
146,145,291
132,148,280
119,157,276
128,156,284
126,153,279
134,141,275
118,141,259
131,146,277
131,140,271
131,140,271
150,126,276
137,135,272
129,127,256
148,102,250
166,105,271
166,102,268
143,102,245
136,109,245
122,123,245
119,127,246
124,132,256
118,137,255
130,155,285
129,168,297
139,163,302
144,171,315
145,168,313
141,184,325
134,186,320
118,182,300
135,161,296
159,143,302
168,133,301
156,116,272
154,111,265
147,98,245
160,136,296
153,153,306
154,155,309
149,146,295
135,134,269
152,120,272
149,109,258
155,92,247
144,91,235
135,102,237
122,108,230
120,108,228
122,106,228
125,109,234
121,128,249
126,139,265
139,133,272
144,136,280
132,161,293
125,187,312
114,206,320
106,206,312
133,198,331
162,171,333
182,147,329
189,125,314
173,110,283
166,139,305
179,117,296
165,111,276
145,99,244
133,97,230
110,123,233
141,131,272
147,141,288
153,135,288
134,134,268
130,139,269
131,154,285
141,160,301
135,155,290
122,150,272
136,134,270
143,120,263
121,108,229
145,92,237
135,89,224
134,100,234
129,97,226
136,136,272
147,116,263
165,126,291
182,127,309
201,97,298
197,119,316
169,124,293
153,110,263
154,98,252
150,122,272
155,113,268
163,130,293
168,134,302
158,123,281
160,107,267
154,100,254
151,127,278
162,112,274
163,115,278
161,102,263
139,104,243
137,133,270
131,140,271
131,142,273
137,154,291
136,146,282
155,124,279
159,111,270
155,102,257
145,86,231
133,142,275
141,153,294
139,146,285
133,144,277
119,140,259
118,133,251
138,134,272
130,136,266
117,136,253
120,145,265
124,154,278
132,159,291
128,168,296
131,173,304
136,180,316
144,178,322
133,182,315
126,188,314
141,182,323
144,192,336
146,197,343
140,188,328
145,179,324
149,179,328
162,158,320
164,144,308
178,133,311
158,125,283
142,133,275
140,134,274
138,131,269
153,114,267
152,115,267
134,111,245
138,109,247
139,108,247
140,106,246
142,105,247
139,100,239
140,95,235
136,89,225
135,122,257
145,125,270
144,121,265
138,118,256
127,111,238
138,103,241
140,91,231
142,111,253
132,112,244
143,112,255
145,112,257
139,104,243
143,94,237
135,99,234
106,95,201
146,133,279
145,139,284
148,134,282
140,138,278
133,133,266
142,129,271
164,109,273
156,103,259
164,110,274
161,110,271
178,102,280
168,123,291
147,115,262
148,116,264
148,117,265
136,111,247
147,100,247
148,119,267
152,110,262
168,129,297
156,136,292
152,143,295
144,151,295
142,158,300
138,152,290
147,159,306
154,148,302
168,134,302
156,124,280
157,105,262
156,106,262
154,95,249
155,116,271
160,114,274
145,104,249
151,105,256
152,135,287
154,151,305
150,150,300
150,139,289
155,136,291
167,123,290
157,122,279
156,119,275
144,120,264
149,122,271
180,119,299
188,100,288
176,95,271
145,131,276
140,140,280
170,120,290
183,109,292
176,116,292
140,134,274
127,155,282
118,181,299
128,194,322
129,190,319
124,199,323
151,174,325
154,161,315
169,160,329
137,155,292
133,148,281
127,145,272
130,137,267
134,120,254
143,117,260
140,118,258
127,124,251
130,125,255
122,129,251
127,130,257
119,129,248
140,123,263
146,119,265
151,123,274
141,130,271
130,142,272
140,144,284
141,143,284
141,161,302
139,165,304
131,163,294
137,150,287
148,140,288
167,153,320
195,116,311
197,104,301
171,127,298
152,112,264
166,115,281
170,108,278
158,95,253
157,145,302
159,147,306
154,139,293
184,125,309
186,122,308
211,133,344
200,132,332
172,122,294
170,128,298
165,130,295
200,111,311
185,103,288
174,111,285
161,104,265
151,106,257
156,99,255
151,92,243
138,138,276
159,121,280
159,112,271
155,128,283
140,129,269
147,128,275
144,134,278
136,134,270
143,125,268
144,134,278
145,127,272
132,142,274
143,148,291
139,144,283
131,134,265
145,120,265
151,110,261
148,109,257
159,96,255
155,128,283
153,133,286
154,132,286
149,134,283
137,149,286
137,185,322
147,194,341
232,173,405
277,133,410
274,128,402
196,129,325
141,131,272
137,135,272
146,133,279
165,114,279
179,99,278
164,120,284
157,111,268
155,94,249
149,97,246
149,141,290
146,156,302
146,140,286
153,130,283
141,113,254
122,103,225
124,111,235
122,124,246
123,119,242
134,106,240
130,99,229
135,99,234
127,102,229
124,101,225
131,91,222
139,242,381
121,274,395
137,263,400
156,239,395
221,174,395
233,125,358
242,108,350
193,115,308
165,108,273
166,152,318
173,126,299
178,114,292
189,134,323
192,109,301
197,122,319
180,107,287
166,123,289
166,107,273
165,87,252
163,168,331
149,157,306
143,164,307
154,140,294
106,125,231
147,111,258
159,103,262
157,123,280
163,104,267
169,117,286
163,103,266
150,93,243
157,117,274
150,107,257
159,95,254
154,145,299
154,146,300
168,135,303
169,113,282
156,104,260
165,116,281
165,99,264
163,118,281
168,102,270
162,115,277
170,101,271
161,101,262
164,121,285
158,111,269
158,100,258
152,129,281
150,116,266
167,99,266
165,140,305
160,131,291
167,116,283
165,97,262
145,119,264
159,106,265
157,123,280
162,109,271
156,94,250
166,129,295
146,124,270
162,105,267
161,138,299
159,141,300
176,117,293
179,101,280
173,125,298
169,118,287
166,119,285
159,123,282
168,140,308
193,111,304
191,100,291
173,112,285
145,108,253
154,99,253
146,140,286
143,144,287
169,119,288
175,112,287
190,127,317
176,114,290
180,94,274
166,127,293
159,133,292
160,130,290
148,129,277
162,106,268
163,118,281
165,120,285
140,115,255
139,109,248
144,119,263
146,125,271
155,119,274
142,128,270
165,146,311
204,124,328
208,118,326
173,125,298
139,119,258
144,111,255
154,95,249
155,123,278
160,123,283
175,124,299
186,89,275
186,110,296
167,125,292
125,117,242
155,109,264
165,117,282
174,116,290
162,111,273
166,114,280
164,118,282
167,113,280
157,115,272
162,116,278
153,123,276
159,114,273
148,107,255
145,99,244
156,119,275
154,119,273
153,137,290
180,119,299
189,125,314
213,95,308
178,106,284
173,100,273
149,120,269
148,131,279
136,140,276
151,125,276
147,110,257
174,113,287
179,109,288
168,99,267
142,120,262
156,108,264
157,101,258
154,130,284
125,149,274
128,140,268
140,125,265
144,118,262
134,107,241
130,111,241
126,116,242
123,111,234
125,108,233
135,101,236
131,96,227
113,100,213
118,97,215
131,82,213
134,85,219
118,111,229
132,131,263
129,134,263
115,143,258
121,150,271
115,154,269
129,153,282
131,149,280
127,143,270
126,151,277
119,164,283
118,180,298
130,187,317
134,203,337
142,215,357
144,219,363
157,205,362
164,200,364
177,205,382
196,187,383
211,166,377
227,185,412
206,223,429
180,250,430
154,278,432
153,274,427
181,220,401
229,173,402
202,162,364
183,161,344
131,159,290
104,155,259
127,152,279
121,156,277
122,158,280
123,154,277
120,149,269
122,155,277
120,156,276
123,160,283
126,163,289
129,169,298
114,166,280
124,160,284
125,171,296
128,186,314
128,196,324
129,206,335
146,181,327
187,145,332
201,138,339
181,137,318
132,164,296
124,161,285
127,152,279
127,137,264
134,126,260
107,119,226
122,113,235
127,103,230
129,102,231
129,101,230
135,103,238
138,101,239
153,128,281
180,120,300
180,107,287
187,91,278
150,157,307
156,174,330
166,163,329
156,184,340
123,189,312
141,179,320
146,164,310
147,145,292
159,139,298
160,133,293
166,141,307
194,120,314
194,122,316
185,115,300
148,122,270
139,117,256
155,107,262
161,136,297
169,129,298
177,136,313
186,136,322
168,137,305
146,144,290
130,150,280
130,166,296
134,175,309
153,158,311
150,153,303
146,157,303
138,151,289
118,153,271
130,184,314
141,166,307
131,167,298
139,151,290
129,147,276
134,146,280
116,142,258
117,142,259
125,167,292
119,177,296
121,189,310
121,199,320
131,194,325
153,186,339
156,203,359
147,231,378
146,229,375
148,227,375
174,216,390
205,174,379
209,163,372
197,162,359
152,176,328
136,191,327
130,211,341
124,222,346
133,203,336
167,167,334
204,137,341
196,136,332
171,141,312
135,142,277
129,142,271
127,139,266
144,138,282
138,136,274
141,131,272
150,141,291
149,159,308
137,189,326
164,164,328
178,159,337
189,166,355
156,186,342
137,207,344
121,229,350
132,203,335
133,194,327
178,162,340
210,127,337
220,154,374
223,145,368
190,157,347
194,137,331
181,115,296
164,107,271
162,157,319
175,126,301
197,104,301
198,96,294
149,88,237
142,121,263
143,126,269
139,136,275
136,152,288
141,155,296
148,153,301
135,166,301
136,163,299
136,192,328
135,187,322
140,194,334
144,193,337
159,172,331
163,155,318
170,149,319
159,142,301
155,141,296
148,129,277
149,123,272
151,153,304
186,115,301
182,110,292
168,104,272
120,102,222
125,107,232
128,96,224
144,80,224
138,113,251
124,132,256
124,135,259
136,125,261
137,116,253
131,113,244
128,100,228
135,101,236
140,89,229
105,128,233
141,129,270
143,135,278
148,132,280
133,140,273
143,130,273
153,128,281
151,141,292
136,146,282
132,143,275
130,146,276
139,142,281
137,141,278
141,140,281
130,142,272
160,117,277
158,116,274
155,134,289
146,130,276
143,137,280
129,133,262
123,128,251
136,115,251
137,130,267
128,139,267
130,129,259
126,127,253
123,115,238
138,117,255
131,115,246
125,105,230
130,98,228
116,96,212
128,93,221
121,100,221
113,100,213
121,98,219
119,105,224
106,101,207
113,95,208
118,100,218
105,126,231
114,134,248
119,166,285
107,186,293
101,193,294
126,216,342
130,215,345
133,187,320
165,180,345
156,149,305
137,142,279
149,142,291
105,171,276
124,191,315
118,212,330
129,217,346
134,203,337
170,197,367
157,195,352
145,166,311
150,163,313
163,156,319
144,157,301
143,149,292
144,133,277
169,102,271
172,93,265
174,133,307
157,132,289
154,122,276
164,105,269
148,119,267
163,118,281
155,158,313
190,234,424
364,147,511
357,139,496
337,113,450
170,104,274
153,100,253
150,185,335
182,145,327
178,134,312
162,121,283
119,96,215
155,126,281
176,113,289
162,104,266
144,206,350
138,285,423
152,271,423
166,240,406
186,218,404
239,153,392
218,127,345
235,108,343
180,131,311
166,117,283
154,108,262
170,131,301
166,118,284
176,109,285
148,106,254
139,92,231
157,100,257
151,101,252
128,110,238
138,151,289
162,151,313
153,178,331
165,204,369
127,214,341
137,230,367
131,225,356
170,177,347
196,158,354
192,139,331
156,131,287
174,182,356
186,172,358
181,166,347
162,160,322
100,141,241
134,125,259
144,108,252
147,99,246
131,92,223
136,123,259
134,127,261
141,129,270
144,144,288
128,152,280
139,157,296
124,162,286
134,163,297
137,156,293
135,168,303
143,181,324
142,177,319
153,151,304
162,132,294
172,115,287
161,100,261
165,166,331
182,153,335
171,152,323
159,171,330
118,189,307
124,190,314
88,190,278
132,198,330
146,211,357
128,224,352
139,229,368
172,196,368
181,183,364
183,170,353
166,157,323
160,143,303
154,127,281
154,114,268
149,110,259
141,102,243
142,91,233
153,128,281
148,119,267
147,107,254
154,130,284
155,124,279
177,108,285
170,104,274
154,103,257
124,121,245
130,136,266
142,139,281
148,135,283
147,143,290
133,157,290
107,170,277
121,174,295
124,179,303
117,188,305
108,196,304
133,185,318
132,184,316
155,179,334
136,179,315
150,146,296
170,118,288
207,119,326
197,114,311
180,107,287
152,117,269
134,120,254
132,111,243
142,93,235
146,96,242
142,86,228
147,89,236
141,101,242
140,90,230
148,97,245
142,89,231
139,105,244
132,120,252
165,105,270
178,98,276
175,124,299
142,122,264
150,110,260
153,106,259
140,98,238
147,111,258
156,93,249
154,117,271
154,120,274
139,110,249
142,111,253
129,116,245
121,124,245
120,126,246
118,139,257
125,167,292
113,181,294
129,189,318
118,208,326
135,211,346
144,207,351
157,204,361
166,185,351
160,184,344
151,189,340
156,166,322
157,170,327
171,166,337
175,134,309
165,150,315
152,158,310
131,165,296
135,167,302
134,162,296
139,154,293
118,152,270
129,151,280
123,176,299
116,197,313
124,221,345
121,241,362
151,217,368
160,205,365
183,192,375
179,168,347
178,160,338
144,154,298
137,131,268
153,120,273
169,105,274
144,108,252
139,104,243
129,106,235
116,110,226
113,115,228
129,106,235
144,93,237
136,93,229
118,92,210
129,95,224
127,86,213
128,87,215
120,84,204
114,87,201
107,94,201
121,92,213
126,95,221
126,89,215
116,89,205
114,86,200
125,81,206
127,118,245
126,132,258
122,137,259
138,136,274
145,123,268
146,123,269
135,123,258
121,125,246
130,129,259
124,149,273
128,159,287
137,170,307
136,177,313
133,171,304
140,159,299
138,158,296
116,174,290
146,174,320
154,159,313
160,158,318
136,148,284
129,138,267
136,133,269
126,124,250
118,116,234
161,106,267
161,127,288
168,126,294
154,130,284
161,128,289
151,120,271
151,114,265
143,109,252
144,105,249
147,100,247
144,88,232
151,150,301
147,152,299
129,156,285
134,157,291
84,155,239
130,133,263
165,109,274
176,101,277
174,98,272
163,96,259
143,102,245
141,88,229
144,101,245
151,128,279
151,115,266
145,105,250
133,95,228
122,110,232
165,111,276
174,91,265
180,139,319
153,149,302
134,167,301
125,178,303
92,192,284
125,187,312
143,176,319
139,155,294
159,147,306
152,138,290
137,136,273
132,135,267
129,131,260
133,128,261
132,127,259
126,126,252
124,124,248
123,131,254
126,127,253
124,128,252
127,132,259
127,131,258
128,133,261
132,130,262
134,126,260
132,129,261
130,127,257
128,126,254
126,126,252
124,126,250
123,124,247
120,126,246
122,124,246
123,129,252
125,127,252
126,127,253
126,126,252
124,131,255
126,128,254
124,130,254
126,129,255
126,128,254
126,125,251
128,129,257
128,125,253
125,125,250
125,125,250
125,130,255
124,128,252
126,127,253
126,127,253
125,127,252
123,128,251
123,129,252
121,130,251
127,131,258
128,133,261
129,132,261
125,132,257
125,132,257
125,132,257
131,126,257
129,131,260
130,128,258
127,128,255
127,125,252
125,126,251
122,126,248
123,126,249
124,125,249
124,130,254
127,134,261
127,135,262
126,134,260
129,131,260
133,125,258
131,129,260
126,127,253
126,127,253
125,126,251
126,134,260
124,134,258
126,171,297
132,193,325
132,204,336
160,172,332
169,151,320
169,152,321
138,147,285
115,151,266
129,146,275
128,155,283
128,157,285
129,156,285
128,155,283
133,159,292
112,166,278
103,166,269
115,169,284
108,164,272
132,153,285
131,152,283
132,155,287
118,164,282
123,197,320
90,214,304
114,240,354
141,241,382
159,232,391
166,226,392
207,182,389
232,138,370
230,120,350
191,126,317
164,117,281
162,146,308
179,120,299
175,110,285
176,92,268
149,161,310
156,174,330
136,184,320
136,187,323
121,163,284
189,131,320
221,96,317
210,88,298
178,88,266
125,86,211
122,101,223
87,129,216
107,136,243
117,138,255
127,142,269
129,148,277
123,160,283
133,149,282
126,153,279
128,145,273
123,145,268
114,160,274
113,180,293
120,177,297
121,171,292
124,146,270
169,112,281
157,87,244
191,105,296
158,105,263
129,117,246
110,112,222
117,112,229
128,119,247
112,137,249
120,153,273
94,166,260
124,163,287
123,157,280
121,146,267
120,142,262
96,137,233
110,130,240
121,133,254
119,141,260
113,151,264
128,151,279
115,158,273
124,163,287
125,164,289
109,173,282
129,167,296
100,169,269
132,145,277
150,140,290
170,131,301
154,127,281
128,122,250
142,107,249
156,129,285
173,137,310
163,145,308
143,156,299
125,152,277
132,140,272
186,166,352
210,138,348
182,133,315
160,131,291
106,140,246
122,149,271
110,168,278
112,195,307
252,139,391
252,152,404
261,158,419
170,279,449
169,303,472
166,307,473
182,291,473
266,186,452
275,156,431
272,158,430
167,165,332
134,175,309
127,181,308
119,195,314
129,219,348
131,209,340
167,181,348
158,195,353
175,179,354
162,164,326
152,145,297
175,124,299
187,123,310
186,112,298
184,129,313
164,117,281
172,119,291
181,103,284
171,99,270
161,101,262
136,101,237
127,101,228
126,97,223
140,102,242
142,92,234
137,119,256
148,128,276
146,124,270
131,127,258
146,109,255
152,90,242
165,98,263
139,88,227
125,124,249
136,123,259
135,118,253
154,103,257
137,107,244
133,104,237
111,102,213
110,98,208
90,102,192
111,103,214
124,91,215
130,105,235
110,133,243
121,163,284
105,171,276
109,187,296
94,198,292
132,189,321
120,196,316
157,171,328
160,167,327
156,170,326
128,163,291
133,151,284
146,135,281
183,105,288
200,123,323
193,134,327
155,128,283
167,143,310
192,106,298
193,98,291
175,92,267
147,96,243
138,100,238
137,135,272
156,115,271
162,103,265
167,88,255
145,104,249
143,124,267
137,119,256
138,108,246
144,96,240
145,81,226
140,147,287
154,136,290
157,117,274
150,115,265
144,159,303
189,105,294
198,113,311
178,98,276
159,133,292
156,122,278
176,120,296
170,109,279
136,118,254
161,127,288
125,152,277
131,167,298
107,176,283
146,184,330
124,182,306
128,186,314
144,175,319
143,157,300
163,164,327
163,158,321
123,174,297
126,168,294
116,163,279
123,153,276
169,102,271
186,128,314
201,114,315
161,108,269
135,104,239
139,107,246
145,146,291
167,124,291
171,115,286
138,117,255
120,113,233
101,118,219
121,119,240
129,114,243
114,108,222
114,111,225
122,105,227
119,100,219
103,107,210
110,102,212
115,96,211
121,89,210
109,95,204
112,99,211
135,89,224
135,93,228
128,97,225
105,93,198
127,90,217
117,87,204
96,77,173
118,159,277
124,163,287
112,170,282
121,165,286
104,135,239
138,124,262
166,126,292
138,122,260
121,115,236
113,108,221
122,101,223
119,99,218
117,119,236
120,137,257
127,138,265
127,141,268
131,144,275
96,145,241
99,189,288
136,194,330
109,187,296
125,182,307
159,145,304
146,127,273
190,108,298
162,88,250
157,127,284
176,166,342
172,167,339
162,169,331
141,159,300
151,148,299
132,131,263
158,115,273
168,112,280
173,103,276
167,110,277
155,117,272
148,117,265
151,110,261
148,104,252
147,169,316
150,140,290
170,140,310
163,143,306
111,157,268
135,155,290
126,157,283
118,165,283
122,179,301
106,207,313
115,223,338
121,239,360
158,209,367
165,209,374
184,206,390
157,212,369
150,209,359
143,186,329
172,156,328
165,136,301
174,120,294
162,107,269
165,112,277
164,91,255
147,104,251
137,123,260
143,110,253
151,114,265
148,114,262
119,125,244
108,142,250
120,150,270
106,154,260
123,167,290
121,170,291
116,166,282
127,156,283
127,170,297
111,151,262
176,110,286
201,121,322
205,117,322
172,117,289
128,127,255
128,126,254
127,119,246
134,107,241
140,96,236
137,90,227
133,101,234
132,85,217
132,104,236
124,137,261
156,111,267
146,104,250
141,96,237
119,89,208
138,88,226
124,86,210
125,102,227
144,83,227
148,92,240
134,89,223
128,95,223
134,91,225
133,116,249
157,131,288
179,108,287
177,99,276
153,88,241
123,115,238
118,111,229
139,107,246
142,90,232
153,99,252
148,104,252
132,119,251
127,117,244
125,104,229
137,97,234
134,87,221
132,80,212
127,91,218
123,92,215
132,128,260
142,108,250
154,99,253
154,90,244
137,116,253
135,120,255
134,127,261
129,130,259
116,135,251
119,137,256
125,140,265
125,146,271
128,142,270
122,144,266
127,145,272
123,140,263
106,148,254
124,143,267
103,137,240
133,123,256
134,116,250
113,103,216
133,98,231
121,91,212
104,82,186
129,97,226
128,103,231
129,101,230
129,97,226
134,90,224
136,86,222
132,100,232
134,93,227
132,83,215
134,106,240
131,100,231
132,96,228
128,96,224
120,99,219
123,92,215
126,85,211
127,89,216
120,94,214
123,91,214
125,107,232
149,96,245
150,132,282
155,139,294
126,151,277
128,162,290
115,159,274
120,160,280
121,156,277
106,166,272
115,171,286
122,175,297
122,173,295
128,160,288
145,149,294
145,165,310
133,174,307
117,193,310
126,202,328
128,207,335
129,193,322
154,163,317
181,126,307
180,112,292
155,104,259
134,97,231
121,94,215
131,91,222
134,80,214
131,117,248
137,125,262
130,132,262
127,132,259
122,132,254
128,126,254
136,122,258
135,123,258
133,116,249
126,116,242
129,119,248
127,119,246
134,112,246
125,116,241
131,110,241
125,108,233
126,101,227
124,99,223
127,99,226
119,99,218
117,98,215
128,94,222
131,95,226
134,97,231
135,96,231
140,93,233
129,89,218
135,115,250
152,103,255
144,98,242
148,96,244
125,100,225
118,105,223
122,109,231
117,124,241
126,130,256
121,134,255
123,127,250
127,129,256
102,151,253
124,171,295
119,171,290
124,174,298
117,162,279
128,157,285
120,155,275
115,152,267
123,146,269
123,141,264
118,140,258
115,139,254
122,139,261
126,130,256
126,130,256
127,129,256
122,127,249
124,122,246
126,122,248
125,115,240
123,109,232
132,98,230
131,100,231
126,100,226
122,95,217
125,90,215
129,91,220
127,90,217
121,93,214
122,97,219
122,91,213
119,92,211
123,91,214
122,88,210
124,85,209
120,85,205
114,81,195
120,80,200
120,100,220
121,117,238
123,146,269
129,154,283
131,141,272
139,138,277
140,130,270
117,133,250
129,130,259
123,130,253
114,128,242
114,128,242
119,131,250
124,127,251
119,123,242
123,116,239
122,109,231
126,103,229
122,98,220
123,94,217
121,89,210
130,77,207
131,91,222
131,162,293
123,241,364
127,255,382
143,248,391
150,250,400
226,177,403
200,167,367
225,165,390
150,184,334
131,197,328
123,210,333
138,238,376
279,136,415
320,118,438
318,105,423
188,101,289
153,94,247
143,131,274
153,126,279
150,120,270
155,116,271
136,112,248
129,117,246
125,120,245
117,120,237
142,100,242
148,87,235
148,93,241
133,97,230
96,91,187
122,89,211
123,88,211
123,92,215
120,100,220
122,105,227
113,99,212
140,90,230
130,86,216
130,103,233
139,111,250
145,101,246
130,98,228
135,115,250
131,114,245
120,108,228
128,103,231
124,94,218
129,85,214
128,79,207
126,90,216
120,85,205
131,112,243
138,107,245
134,98,232
135,116,251
123,117,240
129,109,238
131,108,239
128,104,232
137,98,235
129,101,230
124,99,223
124,110,234
120,117,237
149,119,268
169,134,303
190,124,314
183,107,290
165,115,280
144,123,267
122,115,237
126,105,231
133,95,228
139,86,225
140,96,236
131,105,236
133,102,235
136,96,232
134,115,249
140,107,247
135,102,237
134,98,232
138,87,225
146,121,267
147,117,264
151,109,260
149,106,255
141,104,245
157,81,238
152,119,271
148,124,272
129,114,243
132,134,266
122,155,277
116,167,283
128,173,301
131,179,310
115,186,301
117,182,299
144,153,297
147,140,287
166,129,295
135,139,274
142,144,286
137,148,285
144,142,286
145,144,289
152,136,288
158,121,279
165,113,278
155,115,270
141,109,250
120,120,240
159,96,255
159,83,242
152,110,262
150,100,250
138,128,266
156,101,257
170,121,291
200,95,295
178,92,270
142,114,256
134,107,241
145,121,266
167,122,289
182,115,297
178,116,294
185,109,294
180,112,292
189,98,287
166,109,275
153,97,250
153,97,250
155,108,263
155,94,249
158,107,265
151,97,248
152,109,261
155,95,250
154,109,263
155,102,257
154,142,296
174,113,287
196,108,304
201,95,296
173,108,281
160,115,275
160,113,273
179,108,287
180,94,274
173,107,280
149,95,244
150,105,255
150,94,244
148,107,255
153,96,249
150,107,257
151,96,247
153,106,259
157,95,252
155,106,261
152,102,254
151,126,277
172,106,278
184,111,295
192,97,289
162,107,269
152,95,247
152,109,261
153,97,250
151,113,264
162,103,265
155,98,253
148,101,249
138,99,237
139,99,238
140,96,236
139,96,235
138,98,236
137,96,233
138,94,232
136,94,230
137,93,230
136,93,229
137,94,231
137,103,240
136,117,253
152,151,303
172,140,312
190,121,311
173,119,292
144,118,262
124,129,253
121,143,264
126,168,294
136,175,311
148,164,312
155,151,306
154,134,288
159,122,281
147,105,252
137,85,222
148,142,290
129,155,284
131,157,288
123,151,274
106,131,237
180,156,336
184,166,350
160,160,320
146,152,298
118,139,257
145,125,270
151,108,259
154,97,251
145,107,252
147,128,275
176,115,291
191,103,294
190,114,304
167,104,271
162,130,292
182,130,312
174,128,302
150,124,274
122,123,245
86,125,211
103,117,220
123,118,241
133,114,247
110,116,226
137,121,258
130,106,236
136,103,239
124,102,226
122,96,218
122,90,212
121,84,205
119,78,197
120,111,231
121,129,250
115,133,248
120,142,262
121,151,272
125,159,284
113,176,289
129,185,314
123,181,304
108,184,292
151,144,295
138,123,261
199,91,290
172,118,290
163,109,272
151,94,245
145,86,231
147,137,284
164,111,275
160,98,258
145,94,239
112,84,196
132,111,243
138,104,242
142,105,247
156,121,277
180,122,302
181,108,289
178,100,278
141,92,233
141,117,258
137,135,272
132,159,291
116,175,291
118,185,303
119,205,324
116,207,323
128,193,321
154,181,335
178,151,329
175,137,312
179,135,314
137,137,274
120,140,260
119,147,266
121,134,255
132,135,267
127,133,260
120,135,255
97,137,234
118,141,259
125,153,278
124,156,280
116,151,267
119,148,267
123,142,265
104,145,249
120,144,264
123,141,264
127,139,266
131,143,274
112,143,255
124,138,262
121,149,270
115,176,291
117,191,308
121,192,313
122,207,329
155,180,335
169,179,348
171,177,348
137,179,316
123,176,299
158,133,291
161,121,282
179,109,288
139,103,242
125,92,217
125,114,239
124,96,220
133,88,221
122,83,205
122,110,232
129,106,235
143,122,265
147,125,272
155,119,274
158,93,251
164,79,243
138,113,251
118,120,238
129,121,250
126,132,258
124,131,255
126,143,269
136,159,295
155,153,308
162,148,310
170,145,315
180,145,325
178,146,324
174,146,320
161,139,300
190,101,291
191,117,308
182,127,309
149,118,267
155,127,282
164,116,280
175,123,298
175,118,293
164,122,286
131,135,266
126,141,267
126,142,268
128,144,272
130,145,275
138,136,274
133,137,270
131,161,292
122,183,305
123,187,310
139,183,322
143,171,314
136,152,288
141,143,284
152,151,303
136,156,292
126,157,283
123,149,272
113,141,254
131,127,258
133,118,251
135,110,245
129,100,229
123,91,214
134,140,274
130,132,262
147,119,266
131,113,244
119,100,219
106,87,193
142,96,238
137,97,234
119,88,207
125,137,262
137,149,286
142,152,294
137,156,293
114,150,264
121,143,264
128,133,261
134,124,258
110,123,233
129,116,245
125,109,234
156,105,261
165,92,257
176,104,280
156,83,239
151,130,281
153,119,272
144,109,253
159,92,251
137,141,278
169,115,284
180,163,343
186,138,324
169,136,305
156,124,280
123,119,242
128,119,247
124,111,235
118,117,235
122,136,258
121,145,266
122,148,270
132,147,279
137,142,279
132,144,276
134,132,266
129,178,307
138,165,303
162,136,298
193,101,294
177,95,272
158,94,252
132,105,237
137,96,233
144,89,233
144,93,237
138,104,242
144,122,266
141,127,268
135,110,245
142,99,241
130,91,221
138,86,224
139,112,251
136,112,248
141,121,262
141,134,275
135,127,262
153,119,272
141,120,261
146,127,273
148,133,281
155,129,284
152,117,269
144,105,249
141,101,242
143,167,310
159,298,457
171,294,465
165,291,456
189,254,443
199,199,398
117,196,313
146,188,334
147,170,317
165,147,312
180,129,309
172,122,294
159,188,347
191,225,416
317,93,410
311,110,421
235,95,330
155,118,273
152,120,272
152,113,265
154,108,262
155,132,287
171,105,276
159,99,258
144,96,240
105,94,199
125,88,213
121,91,212
124,86,210
120,99,219
122,103,225
107,105,212
125,101,226
124,96,220
126,96,222
124,97,221
115,102,217
122,107,229
123,110,233
124,111,235
115,120,235
123,119,242
122,112,234
123,107,230
122,100,222
125,97,222
122,94,216
117,96,213
121,93,214
121,92,213
122,90,212
120,90,210
121,110,231
115,110,225
116,105,221
123,109,232
122,114,236
124,123,247
120,127,247
120,131,251
125,135,260
122,136,258
130,136,266
122,137,259
128,135,263
129,121,250
128,123,251
139,126,265
118,145,263
125,148,273
122,153,275
144,138,282
158,118,276
170,111,281
155,101,256
129,85,214
140,106,246
137,100,237
138,87,225
136,79,215
136,119,255
133,141,274
140,131,271
156,109,265
165,85,250
157,99,256
154,86,240
139,95,234
134,113,247
129,104,233
127,92,219
143,95,238
144,104,248
141,101,242
130,91,221
133,97,230
133,94,227
143,84,227
143,101,244
141,90,231
153,107,260
148,104,252
149,90,239
146,101,247
137,102,239
142,99,241
139,91,230
142,107,249
159,133,292
171,126,297
174,132,306
139,125,264
139,131,270
135,132,267
118,139,257
131,144,275
126,151,277
129,154,283
131,158,289
119,174,293
125,181,306
121,186,307
124,182,306
144,157,301
152,142,294
151,140,291
133,135,268
123,129,252
120,151,271
114,161,275
122,165,287
126,169,295
125,174,299
125,177,302
124,174,298
141,153,294
153,141,294
162,132,294
174,108,282
166,102,268
159,96,255
135,97,232
124,92,216
120,97,217
121,92,213
122,91,213
121,94,215
121,93,214
118,90,208
124,93,217
133,108,241
137,107,244
142,113,255
125,120,245
127,129,256
127,135,262
133,138,271
129,143,272
129,148,277
126,160,286
124,175,299
115,172,287
124,172,296
121,172,293
151,144,295
154,132,286
148,138,286
127,148,275
118,157,275
123,155,278
120,153,273
126,148,274
131,141,272
131,144,275
131,144,275
128,134,262
129,128,257
129,123,252
122,130,252
125,131,256
123,128,251
127,125,252
125,122,247
127,114,241
129,113,242
123,113,236
123,112,235
123,108,231
129,105,234
125,107,232
125,103,228
129,91,220
127,88,215
125,89,214
125,88,213
126,77,203
125,100,225
128,121,249
121,132,253
123,143,266
118,143,261
126,148,274
124,169,293
116,167,283
127,172,299
130,178,308
142,176,318
139,196,335
127,208,335
144,193,337
159,182,341
176,169,345
178,154,332
189,125,314
177,126,303
156,128,284
123,129,252
122,137,259
127,146,273
125,153,278
141,158,299
141,170,311
148,184,332
139,197,336
140,182,322
142,172,314
162,154,316
141,149,290
150,135,285
135,133,268
126,130,256
125,126,251
126,114,240
132,110,242
138,123,261
163,97,260
161,121,282
170,120,290
148,115,263
158,91,249
160,110,270
154,117,271
163,89,252
159,128,287
173,113,286
167,105,272
175,118,293
162,113,275
153,105,258
146,94,240
137,96,233
147,83,230
144,93,237
131,95,226
151,113,264
158,105,263
163,102,265
145,125,270
161,103,264
164,96,260
161,88,249
131,80,211
134,90,224
130,84,214
133,109,242
141,113,254
141,119,260
136,116,252
126,121,247
127,134,261
119,135,254
130,133,263
124,136,260
122,140,262
124,132,256
131,129,260
155,106,261
173,102,275
171,107,278
144,107,251
119,117,236
119,119,238
132,108,240
131,102,233
125,98,223
121,95,216
123,92,215
122,87,209
117,79,196
123,106,229
116,104,220
123,101,224
115,97,212
121,92,213
120,89,209
124,84,208
121,84,205
121,84,205
120,83,203
120,101,221
124,106,230
123,101,224
127,102,229
121,97,218
116,104,220
125,104,229
122,111,233
122,106,228
125,102,227
128,101,229
119,97,216
124,99,223
118,99,217
121,99,220
123,102,225
123,100,223
126,110,236
123,110,233
121,108,229
124,102,226
123,101,224
121,102,223
125,106,231
122,106,228
126,102,228
128,98,226
114,96,210
124,98,222
119,92,211
123,92,215
121,87,208
122,86,208
121,84,205
118,82,200
113,82,195
123,77,200
119,117,236
122,122,244
130,118,248
129,128,257
129,152,281
124,163,287
121,169,290
129,183,312
134,181,315
161,162,323
187,142,329
197,148,345
180,164,344
160,175,335
174,162,336
196,145,341
223,102,325
208,143,351
201,129,330
179,103,282
179,105,284
161,89,250
159,95,254
155,83,238
143,114,257
143,101,244
155,99,254
165,100,265
161,84,245
150,100,250
148,100,248
146,83,229
151,98,249
146,99,245
147,82,229
152,100,252
148,100,248
150,84,234
149,109,258
146,98,244
145,84,229
148,99,247
144,100,244
150,84,234
147,98,245
146,99,245
143,84,227
149,98,247
143,120,263
144,115,259
155,102,257
153,110,263
163,121,284
175,101,276
176,115,291
167,101,268
151,85,236
155,160,315
148,158,306
161,145,306
161,128,289
117,108,225
156,97,253
157,117,274
157,107,264
156,92,248
158,160,318
153,155,308
149,155,304
150,132,282
98,119,217
140,100,240
157,112,269
156,99,255
156,116,272
154,107,261
148,96,244
155,110,265
144,96,240
154,107,261
150,114,264
167,122,289
187,103,290
184,88,272
158,77,235
132,103,235
129,119,248
97,120,217
126,109,235
122,102,224
103,96,199
120,91,211
127,88,215
124,94,218
120,96,216
121,100,221
120,117,237
103,130,233
111,144,255
99,141,240
109,222,331
122,307,429
126,305,431
126,329,455
209,276,485
267,222,489
284,204,488
176,184,360
200,125,325
212,114,326
218,135,353
180,123,303
173,111,284
171,168,339
146,171,317
119,176,295
134,177,311
78,179,257
110,203,313
139,213,352
152,202,354
160,205,365
177,187,364
164,166,330
187,136,323
190,108,298
165,170,335
174,141,315
187,121,308
149,113,262
122,98,220
136,91,227
105,182,287
196,182,378
253,141,394
311,117,428
235,118,353
175,106,281
140,95,235
136,93,229
104,86,190
121,82,203
119,83,202
124,96,220
121,101,222
111,112,223
122,121,243
122,134,256
105,130,235
124,139,263
119,148,267
121,164,285
122,172,294
111,172,283
117,168,285
120,155,275
105,147,252
133,155,288
138,149,287
126,154,280
130,151,281
109,156,265
114,189,303
122,201,323
119,197,316
127,183,310
170,139,309
178,124,302
203,147,350
183,140,323
185,128,313
176,176,352
165,154,319
176,170,346
165,167,332
114,146,260
152,131,283
149,125,274
139,110,249
148,90,238
136,114,250
142,131,273
115,143,258
129,162,291
125,156,281
132,152,284
143,136,279
143,122,265
133,115,248
116,109,225
126,101,227
128,87,215
136,113,249
133,155,288
127,146,273
141,145,286
133,149,282
131,150,281
134,158,292
172,124,296
190,96,286
191,176,367
175,166,341
143,171,314
119,171,290
96,148,244
132,133,265
165,136,301
138,138,276
126,134,260
122,135,257
126,129,255
106,124,230
115,126,241
121,130,251
107,137,244
122,141,263
119,136,255
130,123,253
124,126,250
119,126,245
110,164,274
126,195,321
125,204,329
114,205,319
138,191,329
157,179,336
173,158,331
185,124,309
188,109,297
169,110,279
139,113,252
119,107,226
128,102,230
134,111,245
137,112,249
134,130,264
130,138,268
116,141,257
130,149,279
135,153,288
138,149,287
141,152,293
146,149,295
134,145,279
137,131,268
126,118,244
115,107,222
135,101,236
127,94,221
125,85,210
125,79,204
126,95,221
127,88,215
130,92,222
134,110,244
154,132,286
167,121,288
166,114,280
143,108,251
157,106,263
181,105,286
170,99,269
148,95,243
140,113,253
136,106,242
151,100,251
153,101,254
153,86,239
151,115,266
148,106,254
154,118,272
168,109,277
164,101,265
156,136,292
139,132,271
126,141,267
125,163,288
108,169,277
108,167,275
114,160,274
134,138,272
148,123,271
152,119,271
136,112,248
127,106,233
131,98,229
137,91,228
144,108,252
146,96,242
150,106,256
149,94,243
151,107,258
155,95,250
152,107,259
153,94,247
152,105,257
151,98,249
152,110,262
153,98,251
154,99,253
153,87,240
145,124,269
146,124,270
171,130,301
197,101,298
197,86,283
165,100,265
146,96,242
144,94,238
135,89,224
137,95,232
139,117,256
142,110,252
146,104,250
144,92,236
141,129,270
154,118,272
160,112,272
172,94,266
150,94,244
150,105,255
131,122,253
129,132,261
135,125,260
142,127,269
156,148,304
155,151,306
162,149,311
164,152,316
151,171,322
148,190,338
140,201,341
144,207,351
139,220,359
153,236,389
175,230,405
181,233,414
188,206,394
205,168,373
200,165,365
193,145,338
152,154,306
142,160,302
116,161,277
117,178,295
124,197,321
113,205,318
116,210,326
153,180,333
157,170,327
165,151,316
152,135,287
159,120,279
169,98,267
152,98,250
145,91,236
130,100,230
142,90,232
130,84,214
124,79,203
121,99,220
121,108,229
115,111,226
119,114,233
122,115,237
124,124,248
118,128,246
124,128,252
121,125,246
124,133,257
125,139,264
128,150,278
125,155,280
123,163,286
125,173,298
124,170,294
123,164,287
124,163,287
142,146,288
140,142,282
145,138,283
128,129,257
128,123,251
128,117,245
121,114,235
123,106,229
125,100,225
122,98,220
124,100,224
125,93,218
128,90,218
129,106,235
127,118,245
125,109,234
130,104,234
128,102,230
122,99,221
122,99,221
119,121,240
124,126,250
127,138,265
124,163,287
116,175,291
123,178,301
110,179,289
116,180,296
146,167,313
143,176,319
142,177,319
120,177,297
144,159,303
156,138,294
184,116,300
168,101,269
153,84,237
143,98,241
136,151,287
169,125,294
199,107,306
214,84,298
170,97,267
142,94,236
121,91,212
118,87,205
120,90,210
121,96,217
120,94,214
124,88,212
119,94,213
123,95,218
121,99,220
125,103,228
131,101,232
134,108,242
120,106,226
124,99,223
133,96,229
124,98,222
122,103,225
136,92,228
132,90,222
122,93,215
121,110,231
123,140,263
122,146,268
127,146,273
143,123,266
158,111,269
153,107,260
128,102,230
123,97,220
121,92,213
124,89,213
122,89,211
114,84,198
121,77,198
121,90,211
121,87,208
116,86,202
121,87,208
118,85,203
125,81,206
128,77,205
121,89,210
122,89,211
126,81,207
125,79,204
123,100,223
119,100,219
122,98,220
123,95,218
121,91,212
128,87,215
130,77,207
128,90,218
119,84,203
117,82,199
124,110,234
121,106,227
131,107,238
126,105,231
118,112,230
123,116,239
123,116,239
127,118,245
124,119,243
129,114,243
125,120,245
120,124,244
124,126,250
122,128,250
121,131,252
127,131,258
119,140,259
116,140,256
122,141,263
120,142,262
124,136,260
124,135,259
128,155,283
122,155,277
123,152,275
123,146,269
128,141,269
125,142,267
125,137,262
120,132,252
117,130,247
123,131,254
122,126,248
126,120,246
130,109,239
134,102,236
125,106,231
121,101,222
125,97,222
121,94,215
123,89,212
121,87,208
121,89,210
121,92,213
123,88,211
121,83,204
123,82,205
122,80,202
122,77,199
120,90,210
114,85,199
122,89,211
117,107,224
115,118,233
127,111,238
123,109,232
128,106,234
121,102,223
122,99,221
118,94,212
127,88,215
125,93,218
124,94,218
123,91,214
126,88,214
129,87,216
129,92,221
123,175,298
124,241,365
136,254,390
165,228,393
160,225,385
206,138,344
183,127,310
215,122,337
128,115,243
123,110,233
120,105,225
121,104,225
120,98,218
121,93,214
124,90,214
123,89,212
123,88,211
120,87,207
118,101,219
133,97,230
129,101,230
132,109,241
122,111,233
121,120,241
123,129,252
122,128,250
126,120,246
116,115,231
128,104,232
128,101,229
123,99,222
124,97,221
112,91,203
117,88,205
120,87,207
115,85,200
126,82,208
127,76,203
130,92,222
123,90,213
121,89,210
122,101,223
115,177,292
244,97,341
243,107,350
248,115,363
131,130,261
135,134,269
138,130,268
134,125,259
130,123,253
130,110,240
128,108,236
130,116,246
121,118,239
121,122,243
121,130,251
121,132,253
126,134,260
117,140,257
122,142,264
121,141,262
124,143,267
130,143,273
128,151,279
131,149,280
127,161,288
121,165,286
123,161,284
122,158,280
125,152,277
124,148,272
117,149,266
118,143,261
121,149,270
124,146,270
119,154,273
124,148,272
124,147,271
123,144,267
131,131,262
128,130,258
130,127,257
122,123,245
123,125,248
120,127,247
123,123,246
122,126,248
120,123,243
127,121,248
121,115,236
118,111,229
118,105,223
121,103,224
125,96,221
121,96,217
124,98,222
123,88,211
124,84,208
131,130,261
126,131,257
136,132,268
147,129,276
132,129,261
121,128,249
127,122,249
129,116,245
130,111,241
112,107,219
116,101,217
119,99,218
120,96,216
124,90,214
120,89,209
120,97,217
122,165,287
168,141,309
216,92,308
217,139,356
162,259,421
215,191,406
274,208,482
289,205,494
200,167,367
238,109,347
197,97,294
147,123,270
159,141,300
183,109,292
196,88,284
184,77,261
145,88,233
129,85,214
112,82,194
121,80,201
117,103,220
124,107,231
122,132,254
127,144,271
123,166,289
144,163,307
157,168,325
171,153,324
164,151,315
154,143,297
171,117,288
186,126,312
207,147,354
207,156,363
205,145,350
205,152,357
202,135,337
209,108,317
197,118,315
199,102,301
167,106,273
145,114,259
125,120,245
117,133,250
123,134,257
123,140,263
137,133,270
138,138,276
115,144,259
120,150,270
128,152,280
131,157,288
132,163,295
131,166,297
128,181,309
128,182,310
125,175,300
135,163,298
150,142,292
157,132,289
150,120,270
139,110,249
138,102,240
137,94,231
139,81,220
141,177,318
140,181,321
171,141,312
169,132,301
103,124,227
136,115,251
142,101,243
142,97,239
145,89,234
139,80,219
140,172,312
136,174,310
166,136,302
166,128,294
102,118,220
135,106,241
135,94,229
137,83,220
140,113,253
136,106,242
138,95,233
134,90,224
130,118,248
136,110,246
138,102,240
132,93,225
124,82,206
137,186,323
140,193,333
184,191,375
205,184,389
178,154,332
201,138,339
208,165,373
177,194,371
186,160,346
186,185,371
204,193,397
178,219,397
169,238,407
269,156,425
279,138,417
277,221,498
281,153,434
239,125,364
249,140,389
152,197,349
200,167,367
184,162,346
180,194,374
142,163,305
165,177,342
214,199,413
172,204,376
151,155,306
198,184,382
177,201,378
126,195,321
167,147,314
188,167,355
172,215,387
105,232,337
168,186,354
194,201,395
180,223,403
125,260,385
120,272,392
167,259,426
189,266,455
218,276,494
217,280,497
163,329,492
270,238,508
269,224,493
338,157,495
270,174,444
248,163,411
244,121,365
221,100,321
174,119,293
136,118,254
147,114,261
165,101,266
148,120,268
165,149,314
144,181,325
184,201,385
144,249,393
165,238,403
190,284,474
211,265,476
188,240,428
224,224,448
212,238,450
194,255,449
161,251,412
197,267,464
237,294,531
211,268,479
205,240,445
210,225,435
206,215,421
220,219,439
171,232,403
253,185,438
220,186,406
231,163,394
213,107,320
209,191,400
176,159,335
219,123,342
211,107,318
164,116,280
171,172,343
151,182,333
188,167,355
171,152,323
160,173,333
148,138,286
160,139,299
185,164,349
158,155,313
139,203,342
220,241,461
280,209,489
296,144,440
277,154,431
229,168,397
206,187,393
186,203,389
180,205,385
142,196,338
192,208,400
162,210,372
152,216,368
165,213,378
139,231,370
187,277,464
154,285,439
166,276,442
171,231,402
254,161,415
226,159,385
114,156,270
133,190,323
123,231,354
118,287,405
117,302,419
188,235,423
202,213,415
232,129,361
228,116,344
208,109,317
156,157,313
140,151,291
204,82,286
200,173,373
161,215,376
174,175,349
211,131,342
158,117,275
173,124,297
134,114,248
127,109,236
124,140,264
122,142,264
123,174,297
155,172,327
169,164,333
185,96,281
209,97,306
176,90,266
124,151,275
123,178,301
157,138,295
203,92,295
161,104,265
103,107,210
121,104,225
123,146,269
118,153,271
118,161,279
157,171,328
161,188,349
144,225,369
147,195,342
164,228,392
115,230,345
158,211,369
157,278,435
195,252,447
171,248,419
231,158,389
232,176,408
233,192,425
146,219,365
170,191,361
166,232,398
158,267,425
163,267,430
166,275,441
195,231,426
235,170,405
219,187,406
171,257,428
130,296,426
120,342,462
210,277,487
261,231,492
302,188,490
239,180,419
175,173,348
150,170,320
166,179,345
204,161,365
207,199,406
199,215,414
165,234,399
208,184,392
244,171,415
262,136,398
229,157,386
207,175,382
191,163,354
179,109,288
182,103,285
171,105,276
119,106,225
130,137,267
131,174,305
128,177,305
145,140,285
184,110,294
146,103,249
102,102,204
129,98,227
108,96,204
125,92,217
113,126,239
124,131,255
134,127,261
155,138,293
152,155,307
137,135,272
180,122,302
169,122,291
134,88,222
155,80,235
102,115,217
126,140,266
126,139,265
151,114,265
150,115,265
104,140,244
123,144,267
130,131,261
163,101,264
162,101,263
112,101,213
126,111,237
131,124,255
119,144,263
108,159,267
116,169,285
126,183,309
138,187,325
154,174,328
165,179,344
190,259,449
182,312,494
174,320,494
228,252,480
219,260,479
223,191,414
223,205,428
170,203,373
157,194,351
150,179,329
206,116,322
234,122,356
224,132,356
172,128,300
157,123,280
144,116,260
133,168,301
168,199,367
142,207,349
164,227,391
126,205,331
173,178,351
173,167,340
180,130,310
158,113,271
181,149,330
183,122,305
185,105,290
138,107,245
130,103,233
109,100,209
124,101,225
115,95,210
94,100,194
123,116,239
136,124,260
144,132,276
146,130,276
145,129,274
151,133,284
136,125,261
125,147,272
149,134,283
148,136,284
137,129,266
134,106,240
151,101,252
142,96,238
141,86,227
121,134,255
138,130,268
149,128,277
150,129,279
134,130,264
137,128,265
135,142,277
133,145,278
135,158,293
151,156,307
154,165,319
155,203,358
231,213,444
306,150,456
307,147,454
208,147,355
127,154,281
126,154,280
132,152,284
154,126,280
159,116,275
169,116,285
152,110,262
145,124,269
156,120,276
168,103,271
166,97,263
172,110,282
158,108,266
172,118,290
158,102,260
163,81,244
141,89,230
141,92,233
132,140,272
166,117,283
173,108,281
188,100,288
170,128,298
169,127,296
153,123,276
158,117,275
150,111,261
151,90,241
146,108,254
131,141,272
164,121,285
205,107,312
197,115,312
164,123,287
131,141,272
127,146,273
121,151,272
132,146,278
134,149,283
140,147,287
131,147,278
134,155,289
140,158,298
135,162,297
127,168,295
122,177,299
101,183,284
133,184,317
129,177,306
140,179,319
130,175,305
124,178,302
137,165,302
148,160,308
150,163,313
138,170,308
120,167,287
145,158,303
146,164,310
145,180,325
134,193,327
137,196,333
127,193,320
149,179,328
166,156,322
171,152,323
160,160,320
137,162,299
135,161,296
136,164,300
134,165,299
121,176,297
113,186,299
120,184,304
125,183,308
137,185,322
157,191,348
179,179,358
174,178,352
165,165,330
145,163,308
139,176,315
120,182,302
133,184,317
126,182,308
149,165,314
149,162,311
168,155,323
158,149,307
148,143,291
150,117,267
159,110,269
167,98,265
160,99,259
153,135,288
143,141,284
167,142,309
169,138,307
158,119,277
148,122,270
149,111,260
142,103,245
139,97,236
126,96,222
140,87,227
138,88,226
136,89,225
127,116,243
135,114,249
151,99,250
158,122,280
151,129,280
145,131,276
136,152,288
130,152,282
126,151,277
154,118,272
160,104,264
164,89,253
138,83,221
132,116,248
130,121,251
149,120,269
150,125,275
149,117,266
158,115,273
167,98,265
180,119,299
158,133,291
136,119,255
150,108,258
150,121,271
161,102,263
170,107,277
160,108,268
133,117,250
122,124,246
118,128,246
130,155,285
121,160,281
132,157,289
141,156,297
139,163,302
125,156,281
129,155,284
119,163,282
115,185,300
112,197,309
120,205,325
123,207,330
165,166,331
174,162,336
175,152,327
143,136,279
147,121,268
144,108,252
124,102,226
136,85,221
129,132,261
145,135,280
135,131,266
135,140,275
136,144,280
142,128,270
150,122,272
164,175,339
187,151,338
196,135,331
173,150,323
149,155,304
139,166,305
138,164,302
146,159,305
132,163,295
133,182,315
179,147,326
212,121,333
193,120,313
153,118,271
124,115,239
118,116,234
115,140,255
131,136,267
131,143,274
132,147,279
130,147,277
162,114,276
174,104,278
183,113,296
158,114,272
158,115,273
160,103,263
164,120,284
161,128,289
154,129,283
150,132,282
163,146,309
178,147,325
183,153,336
161,143,304
177,142,319
180,149,329
146,158,304
159,171,330
161,180,341
172,176,348
201,123,324
198,131,329
175,128,303
141,113,254
136,119,255
147,136,283
151,131,282
177,152,329
180,142,322
179,134,313
167,140,307
132,148,280
120,150,270
125,161,286
134,166,300
139,160,299
129,161,290
122,167,289
113,171,284
120,171,291
125,197,322
126,215,341
125,207,332
140,198,338
167,164,331
182,150,332
176,164,340
166,157,323
170,158,328
176,154,330
161,146,307
178,130,308
179,133,312
157,135,292
138,129,267
124,127,251
151,117,268
168,137,305
191,147,338
226,111,337
202,136,338
164,158,322
146,162,308
147,173,320
125,174,299
128,164,292
112,157,269
132,153,285
130,151,281
153,123,276
158,111,269
170,97,267
166,103,269
158,99,257
151,118,269
153,113,266
167,103,270
166,113,279
166,104,270
145,114,259
140,113,253
121,134,255
127,143,270
126,150,276
139,148,287
143,148,291
133,152,285
130,150,280
134,148,282
136,150,286
134,154,288
131,160,291
133,167,300
129,175,304
131,175,306
130,181,311
145,169,314
146,171,317
147,172,319
134,177,311
133,178,311
130,180,310
128,177,305
183,114,297
193,96,289
198,87,285
150,98,248
141,91,232
151,112,263
153,99,252
148,91,239
150,104,254
146,97,243
147,109,256
151,97,248
149,89,238
142,105,247
139,98,237
145,90,235
146,114,260
155,96,251
152,84,236
171,104,275
165,99,264
164,87,251
145,107,252
151,96,247
149,86,235
146,103,249
140,95,235
144,81,225
145,108,253
147,96,243
144,82,226
144,105,249
143,95,238
139,118,257
147,107,254
144,100,244
151,108,259
146,97,243
151,90,241
141,111,252
143,101,244
145,93,238
143,106,249
137,152,289
165,130,295
188,97,285
183,131,314
179,94,273
182,112,294
165,130,295
143,128,271
148,135,283
141,137,278
152,125,277
157,151,308
154,169,323
116,172,288
127,166,293
139,169,308
138,176,314
124,178,302
130,178,308
132,194,326
145,184,329
145,186,331
165,197,362
162,193,355
154,188,342
146,176,322
140,163,303
156,150,306
145,133,278
158,120,278
163,98,261
155,88,243
147,93,240
132,88,220
142,88,230
130,121,251
138,113,251
136,137,273
173,119,292
183,275,458
179,301,480
149,294,443
160,254,414
238,158,396
249,128,377
278,148,426
228,124,352
196,119,315
159,123,282
117,119,236
128,107,235
141,95,236
147,94,241
137,92,229
128,168,296
146,175,321
138,184,322
144,178,322
105,178,283
133,179,312
128,185,313
126,185,311
156,163,319
174,154,328
165,153,318
141,142,283
139,126,265
148,125,273
150,110,260
147,96,243
140,89,229
141,152,293
129,147,276
135,135,270
150,124,274
109,108,217
156,96,252
145,100,245
136,98,234
132,93,225
129,98,227
118,113,231
126,98,224
133,94,227
135,111,246
119,103,222
128,99,227
121,124,245
120,137,257
129,133,262
139,140,279
126,136,262
142,130,272
138,130,268
136,137,273
122,148,270
120,157,277
123,163,286
122,175,297
115,177,292
111,181,292
121,197,318
151,170,321
169,149,318
180,137,317
150,132,282
136,143,279
127,134,261
121,136,257
144,125,269
135,132,267
133,128,261
123,121,244
140,108,248
136,103,239
122,112,234
122,133,255
122,156,278
120,168,288
113,170,283
130,188,318
115,210,325
114,218,332
139,233,372
269,107,376
297,108,405
289,116,405
183,123,306
173,113,286
162,107,269
154,90,244
155,114,269
141,103,244
140,154,294
162,145,307
159,147,306
171,145,316
139,136,275
143,120,263
137,108,245
146,104,250
147,91,238
142,123,265
146,115,261
134,106,240
124,96,220
132,95,227
147,141,288
160,149,309
161,135,296
160,122,282
151,109,260
147,104,251
157,135,292
172,111,283
180,81,261
175,122,297
146,125,271
144,103,247
147,138,285
145,153,298
161,138,299
170,137,307
186,123,309
179,115,294
166,107,273
161,116,277
151,135,286
143,145,288
141,143,284
154,156,310
154,159,313
150,173,323
152,182,334
163,175,338
208,130,338
238,125,363
231,108,339
190,98,288
163,117,280
154,130,284
161,127,288
162,114,276
161,137,298
171,107,278
154,113,267
160,105,265
141,160,301
160,155,315
169,127,296
162,129,291
117,128,245
120,132,252
114,128,242
128,124,252
126,122,248
139,120,259
124,121,245
124,128,252
130,147,277
126,179,305
120,201,321
124,193,317
138,179,317
139,172,311
178,118,296
191,102,293
195,91,286
151,114,265
137,119,256
144,121,265
167,97,264
165,129,294
178,115,293
158,116,274
180,131,311
186,115,301
200,100,300
187,93,280
156,132,288
154,127,281
164,127,291
166,126,292
159,125,284
149,133,282
154,128,282
194,145,339
197,141,338
195,133,328
148,137,285
124,133,257
139,120,259
154,138,292
167,140,307
170,133,303
164,132,296
163,114,277
170,109,279
176,96,272
163,112,275
152,121,273
144,160,304
192,115,307
216,128,344
241,110,351
196,96,292
186,93,279
156,143,299
149,140,289
158,137,295
146,144,290
135,137,272
129,131,260
136,117,253
135,120,255
132,133,265
175,113,288
186,112,298
190,93,283
164,111,275
154,120,274
139,117,256
127,118,245
139,112,251
137,104,241
131,110,241
133,103,236
148,111,259
160,129,289
152,131,283
135,132,267
135,131,266
132,126,258
127,127,254
138,138,276
130,145,275
130,147,277
135,142,277
135,145,280
124,154,278
116,155,271
127,149,276
142,152,294
147,165,312
131,192,323
124,191,315
139,175,314
150,167,317
146,159,305
151,148,299
137,148,285
137,137,274
138,136,274
120,129,249
126,129,255
128,127,255
117,128,245
126,135,261
122,131,253
126,130,256
128,120,248
151,105,256
152,95,247
145,96,241
118,99,217
140,101,241
137,114,251
139,122,261
145,117,262
136,121,257
137,124,261
108,126,234
122,128,250
128,122,250
127,125,252
122,133,255
123,157,280
126,160,286
125,170,295
124,168,292
131,177,308
121,178,299
123,176,299
132,167,299
156,149,305
171,161,332
165,157,322
166,151,317
164,130,294
169,164,333
194,126,320
195,118,313
183,103,286
137,125,262
169,142,311
181,118,299
199,95,294
183,113,296
152,112,264
139,99,238
139,87,226
117,111,228
138,109,247
134,105,239
147,98,245
141,94,235
147,131,278
145,138,283
145,127,272
142,123,265
129,130,259
131,143,274
122,153,275
134,159,293
141,152,293
136,143,279
162,120,282
181,147,328
193,139,332
192,122,314
162,130,292
144,118,262
162,100,262
171,118,289
141,133,274
141,136,277
140,134,274
143,153,296
133,174,307
141,176,317
141,170,311
148,170,318
144,170,314
141,164,305
156,153,309
153,140,293
159,131,290
168,121,289
154,111,265
151,93,244
140,87,227
130,113,243
134,120,254
144,126,270
165,90,255
173,89,262
152,100,252
117,98,215
134,93,227
133,89,222
134,87,221
124,104,228
128,101,229
130,98,228
130,94,224
128,96,224
124,95,219
119,92,211
122,88,210
131,115,246
127,119,246
131,138,269
120,148,268
115,155,270
140,147,287
147,150,297
145,152,297
130,152,282
131,146,277
105,154,259
121,182,303
121,185,306
126,217,343
124,223,347
152,195,347
149,189,338
197,138,335
194,112,306
178,111,289
145,132,277
127,160,287
132,190,322
136,195,331
131,192,323
141,194,335
165,185,350
152,184,336
145,180,325
135,172,307
146,156,302
136,144,280
144,142,286
123,138,261
119,144,263
124,137,261
116,138,254
130,138,268
126,152,278
125,163,288
135,156,291
140,157,297
144,151,295
139,154,293
122,163,285
146,161,307
173,148,321
175,152,327
155,156,311
133,148,281
171,110,281
185,126,311
176,124,300
184,109,293
170,101,271
159,99,258
142,91,233
142,89,231
139,93,232
133,112,245
136,109,245
143,104,247
149,89,238
143,110,253
135,104,239
149,124,273
152,133,285
162,135,297
154,127,281
169,102,271
177,120,297
180,125,305
168,125,293
165,124,289
181,155,336
204,153,357
211,156,367
193,168,361
154,170,324
174,156,330
197,129,326
225,128,353
213,127,340
166,118,284
155,115,270
178,119,297
194,146,340
193,147,340
150,281,431
136,300,436
139,303,442
123,329,452
278,193,471
311,155,466
330,132,462
185,122,307
161,113,274
149,101,250
150,89,239
153,116,269
148,107,255
147,97,244
148,102,250
147,96,243
160,134,294
168,133,301
184,146,330
174,159,333
170,131,301
165,120,285
169,119,288
143,117,260
133,115,248
119,112,231
124,109,233
112,103,215
123,111,234
117,107,224
126,107,233
129,109,238
113,109,222
136,105,241
140,86,226
158,103,261
148,98,246
125,95,220
131,94,225
126,94,220
127,99,226
127,97,224
130,97,227
133,97,230
138,88,226
136,83,219
133,77,210
125,116,241
118,120,238
130,104,234
138,98,236
130,149,279
159,111,270
176,98,274
183,94,277
141,116,257
145,116,261
149,111,260
151,107,258
146,144,290
179,141,320
178,139,317
157,132,289
160,105,265
156,92,248
160,121,281
138,124,262
145,123,268
134,129,263
128,129,257
113,143,256
136,141,277
123,139,262
127,127,254
143,133,276
144,146,290
146,137,283
154,123,277
159,104,263
145,108,253
123,107,230
145,106,251
153,103,256
130,95,225
115,90,205
120,93,213
120,90,210
111,116,227
138,123,261
119,122,241
123,128,251
122,146,268
121,158,279
146,244,390
296,102,398
307,119,426
307,163,470
172,158,330
199,136,335
171,141,312
123,157,280
149,150,299
155,156,311
150,163,313
145,152,297
140,145,285
145,145,290
124,142,266
126,141,267
130,148,278
120,151,271
126,152,278
121,159,280
122,161,283
120,164,284
129,167,296
132,167,299
125,168,293
125,164,289
129,164,293
119,174,293
121,196,317
120,208,328
139,197,336
142,199,341
180,171,351
165,172,337
178,173,351
141,177,318
122,177,299
129,174,303
143,154,297
151,152,303
155,165,320
143,159,302
141,154,295
139,154,293
143,161,304
150,146,296
176,116,292
175,100,275
153,126,279
137,148,285
122,160,282
134,157,291
137,175,312
143,195,338
135,194,329
145,183,328
156,170,326
150,178,328
134,181,315
129,189,318
131,190,321
143,189,332
143,196,339
152,198,350
146,200,346
143,204,347
152,187,339
152,183,335
165,181,346
143,185,328
148,178,326
138,186,324
138,189,327
141,185,326
140,183,323
149,182,331
138,187,325
145,176,321
148,176,324
145,177,322
135,185,320
126,190,316
139,182,321
146,180,326
146,203,349
141,215,356
134,212,346
144,197,341
177,150,327
218,103,321
230,114,344
199,98,297
172,116,288
164,100,264
159,116,275
161,98,259
152,90,242
156,107,263
150,99,249
148,127,275
148,113,261
159,98,257
166,111,277
155,96,251
162,105,267
160,111,271
163,101,264
159,115,274
145,104,249
153,101,254
155,121,276
150,107,257
160,113,273
162,99,261
154,138,292
161,137,298
176,112,288
182,116,298
186,100,286
169,88,257
157,114,271
139,124,263
145,114,259
165,119,284
191,115,306
182,111,293
173,102,275
135,91,226
137,82,219
132,110,242
136,112,248
152,125,277
185,93,278
188,151,339
193,132,325
170,135,305
152,145,297
110,152,262
132,152,284
140,142,282
152,139,291
146,144,290
130,148,278
123,162,285
122,173,295
120,178,298
122,171,293
128,164,292
123,157,280
137,157,294
133,152,285
129,143,272
145,126,271
144,128,272
140,146,286
117,155,272
130,154,284
126,161,287
141,157,298
132,171,303
124,182,306
126,185,311
124,198,322
154,174,328
165,167,332
168,174,342
149,170,319
162,156,318
168,133,301
166,117,283
167,101,268
164,122,286
157,125,282
139,120,259
146,126,272
173,97,270
153,96,249
162,100,262
134,142,276
161,133,294
196,131,327
212,107,319
186,90,276
170,137,307
164,112,276
170,131,301
173,118,291
150,103,253
157,90,247
142,130,272
140,157,297
140,166,306
132,179,311
162,155,317
158,158,316
163,155,318
142,157,299
165,165,330
168,174,342
181,157,338
170,148,318
174,144,318
170,144,314
174,148,322
195,164,359
214,150,364
236,162,398
262,123,385
231,120,351
188,109,297
137,110,247
143,108,251
127,133,260
136,151,287
133,146,279
150,133,283
197,116,313
204,114,318
191,102,293
165,95,260
155,138,293
165,141,306
169,130,299
179,107,286
152,87,239
165,111,276
150,112,262
148,105,253
158,106,264
169,157,326
173,156,329
179,146,325
162,151,313
140,148,288
148,148,296
138,157,295
136,151,287
129,150,279
149,135,284
138,134,272
128,132,260
130,132,262
123,134,257
96,146,242
125,144,269
140,121,261
142,123,265
145,120,265
128,116,244
131,99,230
134,97,231
131,114,245
126,115,241
131,106,237
133,101,234
119,101,220
128,94,222
129,93,222
124,97,221
124,98,222
110,96,206
114,101,215
119,99,218
127,80,207
133,107,240
118,112,230
115,110,225
120,116,236
104,117,221
123,118,241
138,105,243
141,108,249
137,111,248
123,107,230
133,101,234
132,97,229
122,100,222
123,118,241
133,132,265
141,160,301
139,185,324
187,151,338
227,117,344
207,149,356
206,139,345
164,136,300
179,120,299
151,108,259
151,98,249
143,98,241
149,134,283
151,124,275
153,125,278
164,145,309
183,125,308
174,116,290
184,122,306
178,96,274
165,92,257
158,89,247
133,110,243
137,119,256
138,120,258
138,133,271
136,145,281
125,147,272
133,164,297
125,166,291
121,170,291
116,157,273
135,145,280
140,145,285
135,149,284
117,142,259
133,131,264
147,104,251
155,107,262
154,89,243
152,99,251
140,92,232
132,97,229
107,101,208
129,85,214
133,125,258
128,142,270
130,148,278
131,151,282
126,143,269
134,130,264
142,113,255
145,115,260
128,120,248
119,127,246
135,121,256
148,116,264
157,110,267
146,102,248
128,91,219
133,114,247
134,143,277
138,149,287
146,133,279
133,125,258
155,140,295
187,125,312
193,123,316
161,123,284
140,119,259
140,118,258
130,141,271
127,300,427
141,289,430
149,291,440
206,243,449
253,173,426
243,157,400
254,140,394
184,117,301
157,111,268
155,120,275
147,111,258
148,97,245
143,86,229
138,110,248
140,122,262
138,122,260
140,112,252
135,106,241
139,100,239
129,93,222
127,87,214
132,118,250
134,118,252
147,126,273
147,122,269
139,114,253
153,84,237
156,116,272
152,123,275
145,117,262
148,111,259
152,100,252
145,91,236
153,122,275
139,114,253
150,114,264
149,110,259
164,111,275
156,130,286
136,138,274
140,167,307
138,196,334
112,210,322
142,208,350
145,204,349
158,179,337
195,148,343
182,143,325
168,144,312
157,126,283
166,119,285
162,135,297
144,125,269
151,133,284
147,141,288
119,149,268
127,151,278
118,163,281
117,172,289
115,170,285
140,166,306
139,189,328
137,191,328
119,196,315
147,166,313
167,147,314
185,131,316
169,120,289
156,112,268
163,104,267
166,88,254
159,129,288
146,119,265
147,107,254
143,102,245
137,92,229
154,130,284
146,123,269
147,110,257
148,91,239
141,120,261
151,118,269
154,108,262
156,125,281
153,134,287
156,140,296
135,128,263
139,131,270
182,130,312
198,106,304
197,103,300
149,106,255
133,142,275
158,119,277
166,103,269
168,97,265
128,86,214
136,122,258
144,127,271
144,127,271
143,127,270
141,130,271
139,128,267
132,120,252
137,117,254
147,112,259
155,91,246
164,116,280
151,122,273
134,116,250
142,105,247
139,127,266
163,95,258
182,134,316
195,122,317
176,138,314
181,212,393
270,101,371
265,101,366
250,101,351
139,136,275
161,126,287
177,110,287
184,96,280
151,100,251
129,102,231
121,115,236
122,123,245
119,128,247
123,129,252
124,135,259
120,140,260
134,145,279
126,153,279
128,142,270
149,134,283
142,171,313
132,180,312
115,188,303
127,183,310
134,175,309
126,167,293
138,149,287
189,102,291
196,115,311
195,104,299
148,98,246
142,110,252
147,125,272
147,147,294
151,133,284
190,130,320
199,110,309
205,111,316
175,113,288
172,167,339
185,175,360
172,178,350
136,172,308
115,180,295
138,190,328
129,199,328
127,230,357
145,214,359
143,214,357
174,202,376
202,175,377
225,148,373
229,147,376
198,156,354
176,158,334
156,161,317
155,147,302
175,130,305
197,126,323
193,134,327
216,102,318
194,118,312
179,124,303
138,137,275
127,153,280
129,153,282
139,163,302
139,166,305
167,140,307
176,130,306
170,120,290
151,112,263
147,109,256
129,101,230
152,126,278
161,108,269
163,98,261
155,135,290
154,112,266
159,100,259
162,116,278
161,93,254
170,130,300
184,128,312
164,133,297
159,132,291
145,123,268
174,117,291
172,105,277
167,113,280
160,98,258
157,84,241
150,96,246
136,94,230
142,118,260
138,109,247
143,94,237
139,91,230
130,138,268
151,140,291
165,129,294
158,126,284
130,119,249
128,110,238
131,104,235
129,108,237
134,93,227
142,90,232
140,88,228
98,90,188
122,117,239
108,122,230
114,133,247
122,139,261
130,131,261
139,124,263
139,123,262
126,121,247
127,121,248
126,119,245
126,124,250
120,128,248
114,129,243
123,126,249
135,120,255
136,125,261
132,136,268
131,131,262
133,154,287
132,169,301
119,173,292
135,164,299
138,168,306
137,164,301
114,168,282
125,176,301
129,182,311
132,175,307
141,172,313
136,184,320
127,204,331
126,222,348
134,212,346
136,215,351
188,173,361
191,155,346
199,149,348
158,143,301
162,130,292
172,114,286
197,114,311
195,110,305
161,103,264
148,139,287
149,148,297
148,137,285
168,114,282
152,106,258
143,94,237
137,87,224
132,92,224
132,112,244
157,104,261
179,119,298
181,103,284
159,95,254
149,95,244
144,125,269
143,124,267
158,105,263
165,94,259
145,91,236
136,87,223
119,84,203
131,114,245
134,130,264
133,127,260
145,109,254
143,107,250
111,100,211
129,111,240
154,103,257
160,108,268
169,99,268
172,99,271
142,107,249
152,104,256
152,118,270
155,105,260
157,102,259
146,102,248
144,124,268
146,116,262
140,109,249
151,97,248
153,116,269
164,121,285
157,120,277
165,136,301
178,129,307
183,124,307
175,142,317
140,157,297
131,167,298
144,157,301
152,167,319
144,183,327
141,185,326
135,187,322
144,181,325
139,178,317
138,168,306
144,159,303
139,161,300
130,159,289
123,163,286
127,167,294
126,164,290
131,158,289
128,158,286
129,162,291
131,156,287
131,153,284
134,150,284
129,151,280
130,150,280
128,149,277
128,150,278
126,145,271
125,145,270
124,142,266
123,139,262
124,137,261
129,131,260
129,131,260
131,134,265
130,135,265
132,132,264
135,125,260
132,125,257
131,129,260
127,127,254
125,125,250
125,124,249
124,129,253
124,127,251
123,132,255
124,131,255
129,126,255
127,126,253
127,126,253
122,125,247
120,125,245
121,130,251
122,130,252
125,127,252
126,125,251
126,125,251
122,125,247
121,125,246
123,131,254
126,127,253
127,126,253
127,126,253
126,127,253
125,126,251
126,131,257
127,129,256
127,136,263
127,132,259
126,132,258
122,131,253
123,133,256
126,129,255
131,131,262
132,127,259
129,125,254
125,126,251
126,131,257
125,129,254
127,134,261
126,150,276
131,159,290
129,166,295
142,153,295
147,139,286
151,131,282
141,131,272
132,135,267
127,138,265
117,139,256
128,140,268
124,144,268
104,157,261
121,146,267
118,141,259
125,144,269
115,138,253
91,132,223
121,132,253
95,128,223
111,121,232
115,130,245
103,124,227
115,120,235
113,111,224
132,104,236
128,133,261
123,145,268
122,159,281
124,168,292
130,178,308
128,194,322
124,202,326
116,223,339
141,192,333
166,190,356
153,197,350
165,159,324
184,340,524
181,341,522
133,344,477
196,277,473
321,130,451
304,139,443
197,144,341
144,149,293
156,128,284
148,160,308
124,195,319
127,211,338
126,220,346
121,216,337
165,150,315
204,129,333
195,114,309
157,103,260
140,88,228
152,182,334
148,189,337
113,197,310
149,172,321
96,161,257
133,164,297
161,162,323
159,145,304
168,136,304
188,130,318
189,156,345
184,159,343
152,148,300
157,132,289
130,113,243
159,101,260
148,121,269
154,115,269
172,169,341
209,139,348
194,132,326
173,139,312
111,151,262
127,161,288
133,167,300
152,164,316
168,161,329
148,164,312
167,146,313
166,137,303
161,147,308
141,150,291
158,148,306
181,148,329
179,167,346
170,173,343
151,181,332
151,211,362
173,175,348
238,169,407
274,143,417
245,145,390
176,152,328
128,171,299
121,184,305
115,216,331
83,232,315
146,209,355
152,210,362
188,190,378
171,176,347
157,172,329
145,159,304
150,136,286
162,118,280
172,108,280
164,114,278
172,103,275
167,146,313
151,152,303
133,154,287
144,145,289
101,137,238
132,143,275
119,148,267
122,161,283
121,159,280
101,154,255
111,154,265
132,159,291
102,156,258
112,161,273
122,165,287
121,171,292
122,174,296
114,165,279
125,158,283
119,155,274
135,159,294
123,156,279
124,156,280
126,155,281
110,143,253
135,136,271
125,130,255
106,142,248
109,149,258
120,155,275
92,149,241
123,162,285
129,175,304
121,187,308
126,205,331
129,211,340
113,214,327
161,196,357
192,161,353
195,128,323
192,115,307
170,97,267
142,92,234
140,122,262
132,140,272
129,135,264
138,138,276
140,150,290
128,145,273
117,134,251
132,121,253
143,103,246
117,107,224
146,94,240
119,149,268
157,97,254
192,186,378
216,181,397
169,183,352
145,183,328
104,181,285
147,148,295
158,134,292
151,120,271
158,112,270
177,105,282
181,92,273
152,178,330
145,176,321
184,222,406
270,139,409
251,115,366
241,111,352
140,102,242
127,96,223
125,98,223
121,99,220
114,100,214
118,94,212
100,99,199
131,95,226
128,98,226
129,92,221
122,102,224
117,124,241
122,129,251
129,133,262
131,131,262
109,125,234
127,122,249
110,116,226
110,111,221
121,120,241
120,145,265
121,159,280
124,162,286
124,157,281
129,148,277
121,140,261
115,125,240
135,125,260
115,130,245
122,133,255
119,137,256
111,132,243
118,131,249
108,133,241
120,131,251
98,148,246
117,166,283
117,179,296
117,172,289
123,166,289
142,150,292
153,128,281
166,114,280
183,104,287
173,112,285
161,109,270
151,94,245
150,102,252
144,92,236
147,102,249
141,96,237
138,99,237
150,135,285
164,123,287
162,119,281
139,119,258
111,128,239
126,133,259
122,133,255
121,133,254
115,129,244
118,134,252
126,157,283
117,153,270
122,149,271
119,148,267
123,145,268
93,141,234
105,137,242
125,130,255
119,137,256
121,155,276
120,160,280
122,168,290
124,169,293
117,166,283
125,180,305
132,170,302
133,167,300
132,161,293
142,139,281
106,137,243
137,130,267
124,125,249
121,120,241
120,120,240
121,120,241
127,118,245
120,113,233
128,104,232
127,97,224
110,93,203
123,86,209
122,91,213
121,90,211
119,82,201
123,78,201
105,106,211
112,119,231
120,128,248
119,131,250
118,135,253
124,141,265
122,155,277
115,164,279
120,162,282
121,159,280
123,160,283
124,151,275
128,144,272
121,146,267
127,141,268
116,139,255
119,137,256
121,137,258
102,142,244
112,144,256
123,138,261
125,151,276
124,152,276
110,152,262
107,149,256
122,146,268
122,143,265
118,144,262
120,150,270
120,149,269
118,156,274
121,150,271
105,159,264
120,169,289
124,190,314
112,192,304
147,172,319
130,161,291
160,145,305
150,126,276
118,121,239
137,124,261
110,118,228
118,114,232
124,118,242
121,114,235
113,117,230
127,109,236
128,112,240
118,109,227
125,104,229
123,105,228
125,99,224
126,92,218
129,93,222
107,96,203
121,95,216
123,90,213
123,83,206
124,79,203
122,117,239
125,137,262
121,136,257
125,144,269
138,136,274
137,136,273
134,137,271
128,126,254
130,117,247
139,111,250
126,111,237
122,106,228
125,101,226
126,96,222
127,91,218
121,85,206
126,84,210
125,99,224
127,89,216
126,88,214
126,105,231
116,110,226
117,119,236
122,122,244
118,118,236
126,111,237
115,108,223
116,105,221
116,99,215
123,95,218
123,97,220
128,92,220
126,91,217
127,91,218
123,88,211
127,99,226
132,94,226
124,90,214
122,92,214
114,93,207
128,84,212
134,113,247
131,118,249
130,118,248
126,122,248
123,119,242
135,117,252
133,116,249
135,112,247
125,108,233
125,101,226
125,101,226
122,106,228
123,99,222
125,95,220
122,92,214
129,85,214
121,80,201
129,97,226
121,94,215
134,114,248
147,101,248
150,92,242
143,113,256
129,122,251
138,119,257
148,115,263
142,121,263
117,144,261
122,141,263
132,125,257
148,144,292
181,125,306
203,130,333
214,132,346
176,121,297
145,127,272
157,112,269
172,96,268
172,120,292
164,101,265
163,122,285
181,182,363
158,191,349
165,195,360
172,173,345
203,134,337
194,131,325
163,134,297
147,153,300
139,151,290
139,141,280
158,98,256
175,95,270
168,97,265
142,122,264
149,104,253
149,94,243
137,87,224
126,130,256
143,123,266
145,112,257
132,103,235
118,94,212
139,131,270
150,137,287
156,127,283
161,132,293
174,99,273
175,101,276
169,92,261
129,89,218
125,85,210
123,84,207
121,79,200
122,93,215
116,94,210
120,93,213
122,90,212
119,91,210
121,90,211
125,84,209
128,82,210
128,93,221
124,103,227
125,106,231
125,108,233
124,113,237
127,114,241
123,119,242
122,117,239
124,130,254
123,258,381
115,263,378
125,265,390
169,232,401
232,181,413
252,157,409
220,139,359
171,121,292
157,109,266
143,112,255
138,98,236
144,91,235
134,98,232
127,127,254
171,91,262
170,123,293
173,115,288
141,103,244
149,91,240
132,83,215
147,123,270
158,114,272
169,101,270
176,129,305
161,113,274
152,103,255
132,101,233
104,93,197
135,80,215
135,127,262
140,120,260
144,130,274
170,103,273
175,117,292
193,105,298
160,106,266
156,119,275
125,121,246
117,116,233
124,110,234
122,108,230
126,103,229
116,97,213
121,91,212
124,93,217
123,92,215
116,91,207
122,86,208
114,82,196
120,77,197
121,90,211
122,88,210
120,79,199
126,119,245
121,132,253
124,130,254
128,134,262
126,135,261
130,140,270
128,143,271
129,150,279
130,150,280
130,146,276
122,146,268
119,142,261
123,141,264
121,140,261
123,135,258
119,135,254
116,129,245
122,128,250
121,123,244
124,125,249
119,125,244
117,128,245
122,128,250
122,125,247
124,127,251
124,126,250
118,123,241
127,123,250
122,126,248
124,121,245
120,113,233
121,107,228
126,104,230
123,99,222
113,100,213
123,106,229
123,102,225
123,99,222
114,98,212
111,93,204
120,88,208
121,82,203
121,77,198
123,90,213
122,86,208
119,85,204
122,82,204
122,88,210
128,89,217
126,105,231
123,123,246
122,134,256
123,139,262
119,139,258
125,138,263
131,137,268
139,129,268
134,128,262
129,126,255
129,119,248
121,112,233
127,108,235
121,103,224
117,101,218
118,96,214
115,90,205
123,88,211
119,84,203
123,78,201
121,103,224
121,120,241
124,121,245
127,118,245
125,120,245
123,119,242
122,116,238
124,116,240
120,118,238
123,117,240
124,115,239
122,110,232
114,107,221
123,104,227
119,101,220
123,102,225
122,100,222
122,106,228
125,105,230
121,103,224
125,107,232
116,105,221
128,100,228
128,95,223
119,100,219
125,108,233
119,112,231
116,110,226
112,113,225
117,118,235
124,120,244
120,127,247
120,130,250
121,130,251
119,129,248
115,128,243
104,132,236
122,126,248
128,124,252
124,133,257
128,188,316
212,201,413
292,144,436
306,138,444
232,102,334
161,131,292
187,115,302
169,108,277
158,85,243
150,140,290
171,134,305
156,151,307
152,163,315
127,162,289
137,160,297
160,141,301
152,145,297
154,137,291
128,139,267
113,138,251
143,124,267
137,120,257
136,115,251
124,111,235
131,111,242
119,112,231
122,112,234
119,119,238
123,112,235
124,108,232
131,103,234
122,105,227
129,118,247
120,119,239
117,114,231
125,105,230
123,100,223
130,90,220
126,87,213
127,81,208
130,106,236
132,114,246
131,111,242
124,105,229
120,99,219
129,92,221
129,84,213
132,93,225
127,93,220
129,90,219
130,81,211
128,97,225
131,94,225
126,112,238
149,118,267
145,139,284
162,123,285
144,119,263
171,117,288
169,102,271
170,96,266
160,107,267
151,95,246
156,107,263
151,94,245
152,107,259
153,98,251
151,106,257
152,96,248
149,107,256
154,96,250
150,106,256
151,95,246
150,106,256
151,94,245
149,107,256
151,95,246
149,106,255
151,95,246
150,108,258
154,96,250
152,106,258
152,94,246
151,106,257
151,95,246
149,105,254
150,95,245
149,106,255
152,117,269
160,97,257
159,109,268
158,100,258
150,89,239
156,107,263
150,98,248
154,107,261
153,96,249
150,128,278
161,120,281
154,123,277
149,125,274
136,120,256
136,120,256
165,93,258
165,95,260
166,93,259
136,94,230
137,95,232
136,94,230
136,94,230
137,95,232
135,96,231
135,97,232
135,98,233
136,100,236
135,115,250
149,173,322
173,160,333
199,151,350
222,118,340
171,120,291
185,153,338
181,153,334
193,127,320
182,124,306
157,127,284
155,123,278
113,107,220
154,94,248
151,111,262
104,112,216
127,151,278
120,157,277
136,192,328
152,216,368
154,223,377
138,220,358
171,201,372
135,221,356
172,237,409
125,215,340
155,223,378
143,208,351
187,175,362
148,174,322
136,137,273
156,134,290
96,129,225
123,130,253
122,136,258
122,130,252
113,123,236
115,160,275
117,157,274
108,152,260
154,147,301
156,147,303
116,143,259
160,101,261
155,99,254
98,93,191
119,87,206
115,83,198
122,79,201
116,144,260
123,167,290
160,141,301
193,170,363
154,175,329
140,144,284
188,115,303
127,149,276
156,152,308
130,142,272
144,162,306
155,169,324
122,192,314
152,203,355
143,222,365
138,258,396
157,230,387
190,203,393
189,237,426
152,242,394
153,237,390
130,270,400
175,267,442
221,295,516
206,305,511
183,328,511
259,244,503
265,225,490
243,256,499
170,215,385
188,209,397
202,154,356
173,143,316
171,139,310
125,133,258
125,127,252
127,119,246
129,140,269
130,127,257
143,119,262
164,111,275
167,98,265
137,156,293
161,166,327
165,116,281
175,101,276
155,95,250
138,97,235
134,89,223
129,81,210
126,106,232
128,132,260
129,137,266
161,129,290
156,146,302
138,130,268
163,186,349
171,143,314
232,96,328
191,183,374
186,184,370
186,125,311
230,210,440
214,185,399
199,141,340
238,96,334
174,105,279
181,119,300
157,135,292
162,117,279
177,90,267
172,166,338
150,185,335
197,155,352
244,166,410
251,142,393
250,167,417
185,193,378
200,142,342
199,114,313
232,204,436
220,201,421
204,176,380
202,174,376
121,135,256
149,136,285
120,130,250
126,129,255
121,126,247
122,124,246
122,123,245
122,120,242
117,150,267
121,147,268
136,133,269
153,111,264
154,108,262
110,97,207
132,104,236
129,161,290
135,150,285
174,115,289
188,94,282
150,132,282
103,133,236
155,104,259
159,97,256
111,132,243
131,119,250
155,90,245
161,197,358
139,462,601
133,461,594
154,432,586
402,184,586
423,151,574
403,150,553
160,177,337
131,179,310
128,188,316
123,195,318
171,162,333
179,164,343
195,156,351
162,145,307
157,149,306
154,141,295
144,157,301
194,108,302
207,149,356
202,158,360
199,124,323
205,134,339
195,126,321
172,120,292
180,153,333
158,174,332
151,187,338
150,210,360
149,216,365
152,256,408
179,228,407
183,222,405
210,191,401
194,167,361
199,157,356
155,177,332
136,182,318
119,178,297
132,172,304
139,153,292
145,139,284
136,126,262
135,118,253
135,107,242
128,102,230
134,95,229
134,84,218
137,107,244
135,114,249
139,119,258
139,120,259
133,129,262
130,129,259
137,129,266
123,144,267
130,148,278
137,139,276
137,142,279
139,132,271
123,134,257
167,129,296
184,109,293
197,88,285
159,132,291
153,135,288
144,139,283
137,132,269
119,125,244
132,115,247
145,117,262
164,96,260
166,114,280
153,103,256
149,94,243
139,87,226
134,168,302
153,157,310
157,147,304
134,148,282
118,131,249
158,119,277
146,106,252
156,84,240
150,111,261
147,111,258
135,162,297
163,142,305
176,144,320
172,156,328
136,161,297
139,186,325
133,197,330
151,173,324
149,161,310
170,145,315
163,125,288
167,103,270
158,89,247
161,155,316
155,153,308
171,135,306
169,142,311
149,125,274
161,141,302
152,147,299
144,157,301
139,159,298
125,156,281
144,141,285
153,156,309
173,129,302
188,144,332
208,130,338
185,132,317
184,120,304
171,98,269
173,130,303
157,124,281
162,112,274
157,114,271
148,106,254
137,117,254
128,138,266
115,140,255
131,138,269
138,154,292
133,163,296
120,173,293
125,168,293
158,161,319
207,114,321
216,125,341
228,144,372
199,124,323
202,119,321
188,131,319
159,165,324
155,171,326
153,175,328
172,160,332
188,132,320
209,95,304
177,88,265
155,102,257
134,91,225
132,92,224
143,144,287
136,137,273
166,113,279
168,87,255
174,108,282
155,121,276
139,114,253
134,109,243
145,102,247
147,118,265
160,131,291
158,128,286
142,132,274
151,117,268
153,121,274
152,131,283
119,149,268
137,143,280
129,145,274
152,127,279
151,117,268
153,112,265
162,130,292
180,127,307
175,119,294
184,179,363
187,167,354
174,170,344
153,166,319
89,155,244
134,132,266
156,119,275
126,111,237
131,110,241
135,151,286
165,200,365
273,171,444
321,132,453
296,125,421
215,94,309
167,131,298
179,127,306
157,122,279
152,114,266
126,116,242
161,95,256
157,90,247
146,88,234
126,137,263
132,136,268
144,137,281
135,138,273
138,140,278
125,150,275
121,155,276
123,154,277
133,153,286
128,182,310
131,198,329
118,211,329
126,211,337
162,173,335
169,167,336
192,128,320
194,114,308
194,140,334
166,138,304
150,144,294
133,151,284
115,148,263
127,138,265
124,138,262
125,132,257
104,133,237
123,141,264
125,148,273
121,146,267
124,142,266
127,149,276
120,154,274
125,155,280
120,149,269
124,149,273
119,157,276
127,160,287
122,164,286
113,167,280
123,183,306
111,180,291
129,182,311
123,189,312
145,177,322
155,179,334
162,179,341
144,197,341
125,199,324
137,170,307
154,158,312
161,172,333
143,181,324
133,179,312
130,176,306
138,153,291
148,139,287
143,132,275
144,123,267
139,114,253
137,116,253
136,105,241
148,96,244
148,84,232
144,121,265
142,121,263
140,110,250
138,105,243
133,109,242
135,102,237
123,95,218
130,96,226
132,94,226
135,90,225
127,94,221
129,147,276
153,120,273
170,116,286
165,106,271
130,93,223
142,116,258
132,120,252
153,103,256
147,124,271
167,131,298
169,104,273
183,123,306
163,118,281
148,109,257
163,92,255
160,125,285
179,101,280
155,105,260
151,106,257
133,93,226
147,84,231
125,82,207
122,90,212
114,96,210
127,106,233
132,112,244
146,109,255
141,112,253
139,103,242
132,107,239
112,112,224
131,106,237
125,109,234
130,109,239
134,107,241
136,117,253
122,121,243
122,122,244
125,108,233
149,114,263
175,136,311
169,151,320
151,171,322
134,170,304
111,166,277
136,156,292
139,138,277
150,123,273
130,115,245
139,103,242
134,91,225
131,82,213
134,115,249
137,106,243
121,99,220
130,94,224
118,89,207
130,130,260
134,122,256
145,105,250
143,92,235
143,96,239
139,92,231
142,129,271
152,130,282
140,135,275
156,126,282
145,130,275
133,150,283
134,158,292
128,153,281
132,143,275
137,144,281
134,145,279
145,144,289
137,141,278
127,132,259
149,102,251
165,118,283
171,126,297
156,119,275
151,124,275
141,119,260
131,108,239
140,98,238
142,84,226
147,111,258
152,127,279
145,130,275
141,124,265
153,111,264
144,133,277
159,111,270
153,107,260
155,103,258
131,93,224
138,88,226
133,85,218
129,86,215
127,82,209
136,111,247
107,117,224
142,114,256
133,120,253
131,125,256
125,122,247
125,113,238
130,104,234
133,96,229
137,88,225
133,117,250
139,138,277
146,136,282
163,138,301
160,145,305
174,140,314
152,149,301
140,151,291
133,149,282
123,151,274
142,153,295
132,158,290
127,170,297
130,171,301
143,171,314
157,165,322
154,163,317
144,151,295
154,138,292
176,109,285
190,135,325
191,151,342
146,150,296
140,148,288
128,128,256
155,107,262
160,101,261
150,117,267
161,99,260
168,120,288
163,113,276
156,108,264
146,96,242
144,117,261
160,122,282
147,122,269
143,116,259
140,109,249
131,116,247
134,119,253
129,117,246
141,97,238
148,87,235
146,121,267
144,137,281
147,132,279
136,124,260
120,121,241
131,109,240
130,101,231
132,102,234
125,101,226
135,90,225
139,117,256
134,115,249
144,110,254
144,99,243
142,96,238
149,94,243
134,96,230
133,103,236
120,109,229
126,101,227
137,113,250
154,103,257
145,103,248
138,126,264
138,150,288
136,156,292
175,265,440
191,252,443
221,220,441
211,196,407
214,156,370
163,151,314
135,135,270
166,121,287
164,111,275
154,100,254
153,110,263
148,99,247
150,84,234
148,106,254
145,99,244
145,89,234
147,118,265
150,100,250
145,92,237
150,104,254
135,98,233
144,93,237
140,97,237
141,107,248
148,94,242
149,103,252
145,103,248
146,96,242
143,90,233
150,103,253
143,93,236
150,106,256
143,94,237
147,89,236
148,108,256
140,105,245
133,98,231
136,90,226
136,110,246
145,102,247
140,107,247
153,105,258
146,99,245
158,92,250
141,83,224
143,115,258
155,97,252
151,93,244
160,123,283
151,107,258
165,85,250
163,106,269
154,93,247
147,108,255
146,98,244
145,107,252
147,99,246
144,88,232
148,106,254
135,94,229
145,91,236
142,81,223
139,110,249
145,97,242
143,86,229
144,106,250
136,94,230
143,108,251
146,96,242
139,86,225
144,106,250
142,95,237
148,114,262
148,116,264
166,148,314
190,127,317
198,119,317
204,138,342
176,159,335
168,169,337
124,183,307
122,188,310
126,192,318
121,196,317
153,168,321
165,173,338
160,175,335
133,167,300
141,167,308
119,179,298
114,186,300
130,186,316
123,189,312
138,198,336
140,199,339
140,202,342
147,215,362
162,196,358
160,191,351
163,173,336
158,144,302
161,126,287
157,117,274
145,108,253
138,108,246
144,163,307
170,140,310
198,108,306
185,104,289
169,89,258
159,123,282
151,117,268
152,130,282
166,123,289
169,116,285
172,117,289
151,116,267
162,115,277
144,111,255
137,97,234
131,90,221
102,121,223
112,130,242
125,132,257
133,139,272
128,168,296
117,190,307
135,196,331
134,208,342
131,205,336
148,173,321
151,159,310
185,130,315
169,109,278
174,99,273
152,115,267
165,103,268
163,148,311
187,133,320
200,115,315
189,116,305
132,115,247
128,130,258
162,103,265
176,117,293
173,121,294
154,116,270
160,101,261
158,100,258
152,130,282
159,110,269
160,101,261
162,109,271
157,121,278
163,123,286
164,111,275
127,98,225
137,89,226
131,93,224
126,95,221
123,108,231
136,130,266
134,126,260
140,112,252
144,99,243
150,129,279
149,128,277
148,137,285
159,126,285
139,116,255
150,103,253
151,125,276
155,139,294
160,142,302
148,141,289
142,147,289
147,142,289
159,138,297
156,144,300
155,153,308
147,144,291
146,148,294
168,127,295
168,107,275
158,187,345
204,193,397
293,126,419
299,139,438
222,147,369
171,137,308
175,137,312
178,138,316
153,147,300
132,150,282
122,141,263
134,130,264
133,126,259
139,116,255
136,108,244
138,128,266
144,136,280
148,137,285
144,136,280
138,145,283
128,152,280
129,163,292
129,169,298
160,171,331
158,179,337
161,182,343
144,192,336
145,189,334
157,179,336
163,185,348
151,199,350
139,199,338
141,194,335
146,223,369
164,227,391
176,215,391
186,209,395
190,185,375
210,149,359
227,141,368
231,97,328
190,98,288
170,102,272
116,95,211
132,100,232
123,146,269
167,111,278
180,98,278
179,125,304
157,125,282
156,115,271
162,100,262
165,149,314
170,139,309
168,139,307
154,131,285
92,130,222
124,117,241
148,128,276
141,139,280
131,134,265
133,141,274
142,131,273
133,152,285
126,164,290
124,169,293
130,165,295
143,160,303
141,162,303
132,171,303
126,175,301
123,181,304
127,187,314
132,186,318
137,189,326
130,189,319
141,171,312
158,171,329
154,176,330
133,193,326
122,190,312
141,187,328
128,198,326
147,174,321
161,157,318
157,150,307
141,177,318
125,188,313
118,194,312
130,198,328
148,192,340
156,189,345
149,202,351
145,203,348
139,211,350
155,183,338
154,178,332
170,164,334
161,158,319
160,156,316
164,154,318
157,144,301
165,135,300
155,128,283
151,113,264
128,107,235
140,98,238
118,117,235
127,182,309
198,157,355
235,138,373
228,163,391
146,169,315
132,172,304
127,171,298
128,177,305
129,192,321
135,180,315
135,206,341
160,191,351
177,159,336
180,140,320
180,120,300
152,105,257
153,99,252
153,110,263
150,110,260
146,108,254
128,104,232
120,100,220
117,96,213
121,89,210
112,96,208
120,108,228
129,88,217
141,84,225
129,80,209
124,109,233
118,121,239
118,118,236
127,113,240
143,97,240
149,107,256
148,112,260
133,139,272
144,151,295
155,152,307
155,163,318
141,171,312
139,189,328
143,192,335
150,187,337
157,196,353
171,204,375
176,209,385
175,204,379
169,199,368
171,184,355
156,192,348
150,210,360
142,229,371
152,237,389
143,237,380
175,191,366
190,166,356
193,149,342
173,129,302
164,113,277
168,96,264
157,114,271
146,106,252
154,113,267
158,108,266
144,95,239
165,113,278
154,121,275
151,121,272
155,101,256
156,85,241
154,96,250
147,105,252
126,110,236
136,129,265
164,116,280
183,119,302
181,137,318
157,132,289
130,174,304
122,179,301
128,179,307
155,175,330
163,170,333
150,168,318
145,167,312
140,158,298
118,159,277
139,149,288
125,143,268
126,140,266
112,141,253
120,140,260
122,168,290
123,185,308
124,190,314
133,195,328
152,185,337
138,188,326
150,179,329
150,170,320
160,178,338
153,190,343
135,188,323
118,192,310
152,175,327
171,159,330
172,158,330
154,154,308
134,147,281
124,159,283
127,163,290
118,162,280
116,163,279
121,166,287
120,173,293
138,160,298
165,169,334
170,168,338
157,158,315
155,139,294
155,123,278
138,104,242
156,87,243
161,99,260
153,85,238
161,112,273
156,127,283
148,137,285
140,131,271
141,120,261
157,101,258
164,100,264
169,83,252
147,79,226
137,115,252
112,125,237
127,122,249
127,135,262
123,141,264
118,155,273
129,151,280
125,168,293
132,175,307
117,174,291
127,169,296
134,148,282
148,131,279
152,121,273
143,108,251
134,107,241
145,117,262
174,204,378
185,242,427
200,224,424
193,182,375
207,163,370
181,143,324
178,123,301
167,101,268
172,137,309
187,119,306
178,114,292
161,105,266
137,107,244
140,104,244
138,104,242
142,103,245
138,98,236
132,97,229
133,87,220
128,85,213
131,82,213
124,91,215
119,98,217
131,89,220
142,91,233
139,99,238
127,95,222
130,89,219
121,92,213
117,95,212
122,95,217
124,98,222
125,100,225
131,98,229
136,102,238
143,107,250
145,97,242
137,79,216
141,92,233
138,88,226
126,100,226
134,97,231
131,127,258
143,125,268
142,128,270
156,123,279
141,121,262
142,121,263
128,115,243
139,117,256
144,146,290
141,162,303
140,165,305
132,153,285
145,143,288
134,137,271
127,139,266
127,133,260
126,119,245
153,96,249
163,94,257
155,135,290
166,103,269
168,92,260
163,98,261
126,121,247
149,125,274
149,128,277
148,122,270
145,122,267
154,108,262
151,112,263
144,119,263
135,123,258
142,149,291
154,174,328
167,164,331
178,145,323
196,92,288
200,132,332
159,134,293
155,133,288
153,128,281
134,113,247
148,104,252
153,91,244
156,108,264
157,106,263
155,91,246
150,81,231
141,90,231
126,89,215
126,81,207
133,110,243
134,108,242
139,101,240
151,110,261
147,110,257
154,127,281
178,81,259
174,122,296
154,121,275
121,119,240
137,120,257
127,124,251
136,113,249
144,114,258
145,125,270
131,120,251
148,103,251
152,100,252
137,98,235
146,154,300
170,127,297
173,120,293
167,118,285
143,103,246
155,121,276
161,120,281
164,101,265
150,132,282
172,110,282
165,102,267
163,98,261
123,97,220
136,132,268
148,121,269
155,135,290
146,139,285
113,132,245
122,135,257
126,126,252
133,126,259
143,112,255
137,103,240
143,99,242
132,97,229
126,95,221
125,95,220
121,99,220
120,97,217
139,83,222
138,83,221
122,83,205
121,88,209
121,91,212
116,91,207
121,93,214
136,99,235
135,106,241
137,103,240
140,96,236
144,121,265
135,119,254
130,131,261
130,130,260
125,154,279
127,159,286
114,153,267
120,147,267
123,153,276
120,148,268
122,143,265
123,143,266
126,139,265
124,139,263
127,130,257
128,130,258
104,125,229
124,126,250
120,125,245
117,131,248
121,151,272
125,152,277
120,149,269
125,146,271
122,141,263
119,143,262
116,141,257
120,136,256
120,129,249
122,124,246
119,119,238
115,113,228
103,106,209
122,103,225
116,129,245
122,145,267
123,166,289
120,177,297
113,168,281
138,178,316
128,192,320
114,203,317
136,187,323
139,191,330
157,169,326
161,154,315
181,167,348
162,161,323
138,298,436
298,134,432
318,117,435
307,114,421
156,118,274
138,124,262
179,113,292
147,106,253
131,114,245
101,138,239
118,140,258
116,134,250
123,143,266
129,143,272
127,139,266
135,136,271
130,140,270
125,136,261
104,129,233
122,128,250
111,128,239
117,125,242
121,124,245
111,131,242
124,128,252
138,109,247
148,96,244
146,97,243
131,98,229
121,94,215
128,84,212
110,87,197
128,86,214
105,83,188
124,78,202
109,98,207
122,110,232
120,130,250
116,142,258
113,145,258
116,144,260
128,140,268
126,139,265
129,137,266
125,135,260
124,129,253
127,131,258
121,129,250
121,127,248
124,120,244
128,110,238
133,116,249
124,116,240
121,121,242
123,147,270
123,154,277
144,138,282
173,123,296
200,101,301
189,111,300
165,102,267
141,103,244
127,114,241
126,108,234
155,118,273
163,115,278
152,111,263
152,107,259
138,108,246
132,102,234
122,116,238
132,102,234
152,117,269
175,132,307
177,158,335
165,170,335
137,177,314
129,182,311
133,185,318
129,197,326
149,176,325
150,181,331
155,178,333
135,186,321
136,185,321
141,181,322
150,183,333
147,193,340
137,193,330
135,194,329
149,183,332
164,168,332
156,170,326
139,176,315
126,193,319
125,195,320
135,195,330
150,191,341
178,170,348
203,145,348
198,126,324
184,149,333
152,188,340
130,196,326
149,185,334
171,169,340
170,173,343
127,176,303
130,206,336
132,209,341
128,207,335
147,182,329
180,141,321
190,123,313
181,103,284
159,88,247
161,132,293
156,134,290
178,133,311
197,105,302
195,104,299
172,107,279
138,109,247
136,118,254
133,120,253
134,122,256
134,123,257
128,128,256
124,133,257
125,134,259
137,123,260
137,133,270
133,140,273
127,141,268
128,144,272
128,148,276
126,151,277
132,160,292
131,167,298
129,174,303
124,180,304
125,221,346
127,247,374
144,241,385
164,216,380
191,185,376
200,164,364
188,176,364
147,174,321
135,172,307
192,117,309
218,109,327
214,125,339
149,132,281
125,145,270
123,151,274
120,168,288
116,205,321
122,229,351
136,231,367
141,232,373
165,211,376
183,195,378
174,200,374
162,188,350
138,189,327
153,180,333
147,174,321
138,180,318
146,171,317
158,159,317
159,177,336
139,201,340
120,209,329
119,212,331
153,196,349
174,178,352
184,163,347
156,157,313
138,138,276
128,131,259
144,122,266
121,116,237
131,117,248
123,110,233
119,112,231
125,109,234
119,116,235
124,117,241
116,116,232
119,115,234
110,127,237
122,146,268
125,164,289
113,163,276
132,168,300
137,157,294
133,153,286
110,159,269
134,154,288
116,156,272
135,145,280
130,138,268
114,135,249
120,146,266
114,157,271
119,158,277
120,156,276
133,149,282
134,149,283
131,151,282
136,152,288
136,150,286
174,116,290
198,129,327
194,134,328
175,123,298
173,108,281
168,107,275
166,153,319
179,153,332
176,164,340
194,164,358
178,153,331
241,154,395
256,169,425
232,179,411
179,180,359
158,180,338
150,187,337
146,192,338
140,192,332
145,205,350
153,189,342
141,181,322
161,155,316
176,138,314
181,121,302
170,100,270
160,89,249
140,135,275
149,125,274
149,118,267
155,111,266
145,254,399
151,273,424
168,261,429
187,242,429
195,199,394
135,153,288
187,123,310
222,117,339
184,135,319
162,127,289
145,124,269
127,141,268
127,164,291
111,162,273
124,155,279
166,107,273
182,88,270
169,130,299
160,136,296
150,153,303
147,140,287
138,130,268
150,107,257
152,93,245
145,85,230
132,120,252
136,139,275
139,158,297
148,161,309
155,146,301
166,134,300
116,127,243
144,139,283
151,136,287
139,135,274
145,132,277
150,132,282
153,131,284
166,114,280
171,127,298
180,114,294
159,115,274
143,115,258
145,147,292
164,141,305
201,122,323
179,116,295
172,111,283
139,110,249
120,118,238
123,116,239
117,121,238
135,102,237
133,87,220
145,88,233
132,105,237
125,102,227
128,109,237
136,120,256
137,130,267
146,156,302
169,161,330
172,175,347
198,176,374
173,169,342
171,162,333
202,131,333
213,125,338
207,112,319
176,129,305
158,130,288
148,130,278
182,210,392
235,153,388
229,150,379
199,145,344
86,153,239
113,194,307
112,207,319
126,209,335
138,207,345
172,182,354
169,195,364
176,206,382
153,206,359
150,215,365
163,186,349
168,161,329
189,158,347
160,169,329
146,165,311
131,165,296
135,163,298
126,161,287
129,161,290
133,170,303
128,158,286
134,161,295
122,160,282
132,155,287
131,160,291
132,158,290
120,154,274
130,147,277
130,145,275
135,149,284
124,154,278
127,161,288
135,162,297
140,156,296
133,144,277
133,138,271
125,136,261
118,132,250
131,134,265
158,104,262
189,151,340
215,121,336
200,123,323
176,135,311
139,158,297
140,162,302
140,158,298
142,172,314
102,174,276
138,166,304
132,164,296
150,155,305
154,145,299
162,144,306
146,156,302
129,162,291
165,135,300
167,138,305
168,147,315
146,147,293
151,144,295
146,138,284
145,136,281
138,132,270
150,125,275
155,119,274
153,119,272
140,126,266
133,120,253
134,117,251
143,105,248
148,102,250
158,152,310
180,127,307
188,110,298
178,104,282
128,105,233
125,107,232
134,104,238
129,100,229
125,115,240
123,135,258
117,135,252
124,129,253
133,110,243
143,108,251
146,162,308
172,142,314
183,140,323
180,130,310
156,114,270
151,126,277
139,137,276
111,139,250
118,139,257
137,124,261
141,115,256
140,112,252
134,101,235
127,99,226
137,94,231
130,113,243
127,130,257
118,162,280
123,175,298
117,178,295
123,183,306
132,171,303
153,158,311
153,159,312
160,146,306
137,149,286
118,148,266
133,133,266
132,134,266
132,134,266
125,141,266
119,147,266
123,147,270
147,119,266
161,105,266
169,98,267
156,93,249
152,153,305
157,146,303
157,141,298
181,111,292
147,126,273
186,122,308
153,120,273
139,125,264
141,127,268
135,125,260
132,126,258
132,103,235
149,101,250
147,85,232
150,116,266
174,84,258
169,135,304
146,134,280
140,113,253
158,103,261
130,105,235
130,102,232
121,124,245
141,209,350
260,90,350
270,101,371
262,102,364
152,131,283
162,121,283
150,136,286
147,123,270
148,100,248
159,87,246
143,129,272
156,120,276
156,113,269
152,106,258
134,119,253
160,109,269
169,116,285
182,94,276
176,113,289
177,117,294
158,106,264
157,87,244
149,120,269
148,125,273
139,121,260
133,125,258
134,129,263
124,153,277
128,153,281
131,157,288
129,157,286
134,151,285
126,149,275
124,150,274
119,145,264
130,134,264
153,101,254
159,86,245
138,124,262
146,124,270
138,123,261
131,132,263
119,141,260
119,141,260
127,139,266
168,97,265
169,87,256
163,80,243
126,133,259
121,130,251
136,130,266
130,126,256
116,125,241
118,123,241
127,122,249
126,115,241
118,119,237
143,104,247
147,106,253
138,106,244
116,94,210
137,78,215
126,118,244
116,128,244
122,120,242
138,121,259
139,144,283
131,162,293
119,161,280
126,154,280
133,148,281
109,143,252
116,134,250
126,128,254
126,123,249
129,126,255
110,126,236
139,110,249
169,131,300
184,108,292
174,103,277
145,90,235
127,135,262
117,138,255
152,132,284
122,125,247
109,123,232
121,118,239
109,101,210
150,128,278
145,125,270
139,129,268
119,128,247
118,122,240
137,106,243
133,107,240
130,112,242
122,110,232
122,112,234
121,113,234
122,123,245
115,127,242
129,123,252
125,126,251
128,119,247
112,114,226
131,114,245
127,113,240
128,112,240
127,106,233
118,82,200
145,131,276
145,125,270
125,121,246
124,117,241
114,114,228
131,117,248
123,119,242
127,119,246
126,122,248
122,122,244
125,118,243
117,110,227
124,106,230
127,102,229
117,99,216
116,103,219
120,108,228
125,104,229
129,108,237
130,104,234
130,94,224
133,93,226
123,94,217
129,91,220
125,99,224
132,117,249
134,131,265
131,129,260
138,137,275
140,137,277
129,130,259
126,120,246
139,104,243
134,102,236
120,99,219
145,120,265
176,99,275
184,114,298
159,107,266
158,126,284
175,104,279
177,92,269
162,116,278
146,127,273
136,148,284
137,151,288
144,132,276
144,125,269
151,117,268
156,120,276
153,109,262
160,93,253
157,89,246
133,84,217
130,108,238
114,127,241
130,156,286
122,180,302
125,188,313
125,183,308
135,173,308
136,158,294
160,142,302
136,148,284
134,144,278
119,149,268
126,158,284
126,159,285
109,156,265
116,165,281
103,191,294
111,199,310
125,202,327
116,214,330
176,160,336
178,138,316
185,132,317
147,128,275
123,123,246
107,116,223
159,112,271
165,105,270
166,104,270
144,115,259
136,113,249
136,103,239
132,101,233
137,120,257
150,125,275
153,119,272
141,109,250
149,96,245
151,98,249
158,84,242
147,125,272
150,117,267
139,108,247
139,103,242
117,98,215
129,100,229
131,96,227
136,85,221
137,100,237
139,91,230
136,89,225
133,112,245
136,112,248
143,103,246
142,219,361
152,259,411
169,249,418
194,240,434
221,208,429
182,190,372
138,172,310
184,152,336
175,144,319
159,138,297
161,108,269
165,91,256
164,113,277
173,93,266
161,84,245
164,108,272
128,113,241
122,120,242
118,123,241
118,122,240
126,129,255
128,124,252
132,107,239
137,101,238
126,93,219
129,131,260
145,125,270
146,125,271
128,119,247
114,117,231
128,108,236
125,108,233
129,117,246
122,113,235
122,108,230
123,101,224
125,108,233
124,108,232
126,107,233
123,113,236
123,112,235
125,119,244
123,124,247
129,131,260
131,130,261
129,128,257
129,123,252
123,118,241
152,96,248
172,121,293
161,129,290
143,123,266
142,115,257
140,98,238
150,104,254
147,126,273
140,121,261
147,104,251
151,87,238
154,113,267
138,139,277
128,144,272
143,137,280
136,138,274
135,136,271
138,136,274
142,128,270
129,118,247
124,105,229
136,96,232
144,89,233
138,106,244
142,102,244
143,89,232
146,93,239
142,84,226
137,88,225
132,105,237
132,107,239
139,97,236
142,87,229
135,105,240
156,106,262
173,103,276
178,97,275
158,81,239
133,108,241
130,115,245
129,112,241
127,105,232
121,103,224
119,101,220
124,96,220
126,100,226
125,98,223
127,95,222
125,90,215
131,119,250
136,123,259
128,123,251
130,130,260
121,133,254
116,150,266
118,154,272
136,152,288
129,159,288
142,152,294
133,157,290
163,147,310
155,157,312
158,155,313
145,153,298
145,152,297
132,157,289
133,157,290
135,155,290
138,152,290
138,156,294
142,151,293
139,150,289
139,148,287
136,149,285
138,150,288
143,146,289
146,150,296
145,147,292
137,147,284
134,147,281
135,147,282
134,147,281
136,149,285
137,147,284
137,149,286
136,150,286
135,150,285
136,146,282
136,148,284
136,147,283
134,153,287
135,154,289
135,152,287
136,148,284
138,148,286
138,148,286
137,148,285
137,148,285
136,147,283
135,147,282
135,149,284
136,148,284
136,148,284
134,148,282
136,147,283
135,149,284
139,147,286
139,146,285
139,146,285
135,149,284
134,145,279
135,146,281
134,149,283
134,148,282
134,148,282
135,147,282
135,146,281
135,154,289
133,154,287
135,152,287
136,152,288
138,151,289
139,148,287
137,148,285
137,163,300
137,167,304
137,170,307
137,172,309
137,176,313
135,180,315
134,199,333
134,213,347
136,211,347
140,221,361
220,153,373
230,143,373
231,129,360
162,124,286
154,117,271
141,129,270
128,136,264
98,128,226
139,122,261
158,112,270
170,118,288
171,135,306
150,119,269
164,93,257
159,83,242
124,124,248
138,122,260
145,109,254
139,99,238
129,105,234
109,100,209
153,184,337
173,158,331
177,137,314
170,127,297
103,119,222
140,107,247
113,167,280
164,155,319
175,157,332
151,162,313
108,156,264
142,154,296
185,112,297
189,125,314
177,139,316
132,148,280
159,121,280
160,143,303
203,105,308
204,153,357
186,155,341
154,151,305
140,138,278
101,134,235
129,141,270
108,137,245
122,132,254
118,126,244
120,121,241
98,143,241
116,150,266
124,153,277
115,160,275
124,151,275
131,146,277
136,155,291
131,174,305
108,202,310
115,223,338
118,228,346
144,219,363
186,185,371
192,196,388
168,195,363
287,117,404
305,93,398
320,137,457
168,117,285
161,102,263
176,159,335
151,146,297
148,146,294
143,129,272
105,103,208
143,91,234
149,162,311
172,131,303
166,116,282
193,134,327
136,136,272
171,136,307
137,152,289
117,148,265
117,141,258
139,121,260
151,103,254
133,93,226
135,114,249
142,105,247
144,101,245
107,140,247
154,115,269
151,109,260
175,89,264
159,128,287
153,144,297
149,144,293
161,136,297
174,131,305
179,121,300
176,135,311
161,154,315
149,160,309
146,175,321
149,201,350
138,242,380
131,262,393
139,281,420
177,263,440
202,237,439
223,212,435
207,181,388
156,181,337
202,160,362
177,164,341
172,155,327
128,150,278
133,142,275
110,136,246
120,146,266
121,150,271
120,168,288
115,170,285
124,200,324
110,200,310
124,194,318
128,200,328
165,163,328
165,160,325
145,175,320
98,184,282
122,187,309
118,193,311
128,185,313
155,199,354
154,204,358
105,214,319
169,187,356
185,166,351
171,158,329
148,152,300
169,135,304
173,121,294
170,117,287
141,115,256
138,98,236
141,105,246
122,100,222
109,94,203
117,101,218
104,105,209
107,102,209
140,148,288
153,133,286
144,130,274
149,122,271
138,100,238
147,94,241
145,89,234
133,95,228
122,92,214
122,92,214
132,155,287
148,154,302
152,173,325
144,190,334
101,198,299
129,191,320
147,154,301
176,136,312
176,127,303
158,118,276
167,97,264
159,110,269
158,106,264
127,111,238
127,109,236
109,88,197
151,109,260
133,130,263
127,136,263
115,137,252
121,144,265
134,137,271
135,127,262
141,136,277
133,146,279
129,146,275
151,114,265
160,106,266
171,92,263
150,126,276
159,121,280
161,105,266
152,86,238
156,107,263
126,102,228
144,97,241
150,101,251
152,87,239
147,161,308
136,151,287
140,154,294
148,141,289
108,128,236
170,98,268
148,91,239
140,97,237
126,113,239
119,111,230
105,119,224
113,120,233
101,125,226
126,141,267
121,167,288
111,178,289
113,175,288
114,166,280
139,141,280
155,118,273
148,105,253
160,125,285
164,146,310
193,131,324
192,114,306
185,96,281
166,162,328
180,154,334
177,142,319
163,136,299
136,130,266
144,113,257
157,139,296
182,114,296
203,99,302
163,123,286
133,134,267
110,140,250
109,140,249
100,144,244
122,144,266
113,147,260
103,144,247
124,148,272
120,144,264
132,135,267
134,127,261
128,132,260
104,136,240
122,140,262
103,238,341
121,301,422
112,314,426
121,327,448
254,186,440
285,174,459
301,169,470
200,153,353
182,149,331
158,153,311
72,152,224
97,153,250
124,147,271
94,144,238
128,149,277
107,151,258
120,146,266
128,134,262
128,127,255
128,129,257
100,129,229
119,134,253
123,130,253
113,131,244
124,126,250
121,120,241
106,124,230
122,120,242
126,124,250
132,121,253
137,125,262
125,122,247
121,114,235
131,114,245
108,108,216
132,96,228
132,101,233
110,98,208
124,96,220
120,107,227
102,106,208
122,104,226
120,103,223
123,111,234
118,118,236
120,133,253
117,144,261
94,152,246
125,170,295
113,178,291
142,174,316
127,180,307
133,182,315
114,187,301
138,179,317
142,175,317
160,182,342
155,185,340
144,189,333
148,182,330
140,175,315
182,140,322
180,162,342
171,182,353
127,179,306
119,180,299
129,169,298
137,150,287
116,146,262
131,140,271
110,137,247
119,135,254
117,130,247
121,133,254
120,130,250
124,134,258
124,128,252
123,133,256
105,138,243
126,133,259
107,128,235
127,124,251
120,123,243
117,116,233
128,109,237
124,105,229
125,105,230
116,99,215
120,102,222
124,104,228
124,99,223
131,92,223
134,83,217
133,94,227
132,95,227
127,119,246
121,145,266
120,157,277
124,163,287
137,154,291
141,157,298
133,161,294
138,155,293
140,146,286
127,141,268
116,140,256
110,146,256
118,144,262
121,161,282
121,181,302
124,194,318
122,195,317
117,196,313
155,166,321
183,148,331
180,147,327
167,135,302
140,127,267
147,116,263
157,102,259
158,89,247
146,136,282
150,154,304
151,147,298
164,121,285
154,103,257
166,98,264
148,115,263
136,108,244
153,107,260
146,123,269
157,114,271
161,114,275
159,106,265
137,105,242
119,110,229
128,110,238
125,104,229
123,98,221
122,91,213
125,104,229
139,96,235
137,85,222
153,97,250
138,89,227
141,79,220
124,92,216
131,82,213
134,122,256
133,125,258
130,135,265
179,121,300
181,122,303
198,118,316
138,113,251
141,112,253
118,110,228
119,111,230
118,115,233
120,122,242
118,131,249
126,152,278
111,163,274
115,159,274
154,124,278
158,117,275
166,90,256
158,128,286
171,146,317
154,146,300
147,133,280
165,112,277
183,93,276
190,121,311
184,110,294
144,112,256
150,113,263
120,142,262
115,157,272
112,167,279
107,177,284
123,177,300
119,171,290
140,153,293
157,135,292
155,125,280
145,114,259
138,108,246
137,103,240
128,94,222
128,89,217
129,122,251
146,105,251
154,98,252
154,91,245
142,123,265
145,133,278
152,120,272
137,112,249
136,103,239
128,99,227
131,83,214
138,98,236
139,93,232
138,84,222
143,91,234
134,92,226
126,85,211
131,106,237
138,95,233
142,97,239
136,90,226
139,107,246
139,97,236
141,90,231
134,86,220
127,103,230
150,80,230
151,96,247
146,104,250
123,101,224
131,93,224
128,100,228
135,92,227
131,84,215
128,85,213
127,85,212
120,85,205
118,110,228
124,108,232
126,103,229
131,110,241
121,112,233
125,122,247
122,131,253
125,133,258
125,133,258
118,131,249
124,132,256
119,130,249
123,123,246
129,118,247
128,111,239
122,107,229
123,102,225
120,97,217
122,99,221
124,96,220
111,94,205
123,100,223
123,106,229
126,113,239
123,113,236
122,117,239
118,121,239
122,120,242
120,126,246
121,124,245
127,123,250
129,122,251
122,117,239
129,114,243
126,109,235
120,103,223
118,100,218
123,100,223
121,104,225
124,107,231
128,104,232
132,131,263
118,147,265
136,228,364
265,109,374
277,117,394
272,131,403
179,120,299
161,124,285
156,121,277
120,113,233
114,107,221
114,101,215
116,101,217
125,100,225
122,96,218
128,92,220
129,94,223
130,90,220
128,84,212
133,95,228
135,93,228
119,94,213
125,88,213
116,88,204
122,85,207
126,89,215
129,87,216
129,84,213
121,103,224
124,111,235
124,113,237
129,105,234
133,95,228
128,92,220
125,86,211
125,81,206
118,80,198
117,94,211
124,106,230
121,114,235
118,115,233
122,114,236
117,110,227
120,107,227
124,103,227
121,98,219
120,99,219
124,101,225
122,100,222
115,104,219
122,104,226
129,96,225
134,94,228
132,89,221
128,91,219
124,88,212
122,88,210
121,93,214
122,89,211
127,87,214
124,89,213
116,89,205
120,90,210
119,90,209
118,92,210
122,94,216
120,97,217
124,94,218
123,89,212
124,88,212
121,93,214
120,97,217
122,98,220
127,93,220
129,95,224
130,93,223
128,87,215
124,84,208
120,85,205
121,84,205
122,110,232
120,113,233
137,117,254
160,96,256
168,121,289
161,112,273
146,105,251
138,102,240
122,98,220
133,91,224
133,91,224
128,90,218
130,85,215
135,104,239
135,104,239
131,101,232
130,92,222
125,91,216
130,90,220
133,84,217
135,103,238
135,101,236
131,93,224
130,90,220
128,91,219
125,90,215
129,87,216
130,102,232
135,94,229
131,90,221
129,87,216
124,85,209
124,84,208
128,102,230
128,101,229
128,95,223
131,91,222
125,90,215
133,85,218
132,81,213
134,99,233
129,98,227
130,90,220
126,88,214
123,89,212
124,87,211
128,84,212
128,82,210
129,82,211
124,103,227
124,105,229
127,102,229
129,98,227
122,94,216
129,89,218
128,89,217
131,82,213
127,83,210
129,104,233
124,103,227
127,95,222
127,96,223
125,112,237
143,97,240
148,90,238
148,87,235
133,84,217
129,83,212
123,82,205
121,82,203
122,85,207
123,83,206
124,82,206
124,82,206
125,101,226
124,115,239
128,138,266
174,101,275
183,113,296
195,124,319
154,129,283
170,106,276
166,123,289
173,151,324
184,124,308
188,113,301
168,129,297
156,131,287
166,120,286
151,103,254
132,91,223
118,181,299
173,284,457
184,292,476
169,301,470
176,252,428
245,176,421
276,147,423
231,131,362
171,120,291
167,106,273
160,106,266
156,117,273
148,115,263
148,130,278
148,138,286
148,137,285
150,141,291
141,139,280
159,139,298
161,129,290
171,120,291
164,108,272
133,103,236
132,96,228
131,101,232
144,92,236
143,83,226
125,90,215
130,90,220
88,84,172
119,87,206
122,82,204
126,119,245
126,133,259
130,125,255
131,118,249
129,108,237
130,98,228
149,143,292
159,169,328
164,169,333
158,158,316
149,148,297
161,135,296
141,125,266
160,93,253
163,86,249
133,82,215
122,77,199
119,116,235
120,128,248
121,132,253
136,119,255
133,115,248
113,109,222
124,104,228
122,103,225
118,104,222
121,102,223
120,103,223
121,101,222
104,114,218
112,119,231
127,111,238
129,124,253
145,144,289
184,138,322
196,129,325
171,122,293
154,116,270
176,130,306
174,133,307
175,142,317
163,142,305
178,105,283
183,125,308
167,100,267
184,122,306
179,126,305
162,120,282
173,104,277
159,99,258
159,95,254
131,97,228
119,103,222
128,132,260
165,110,275
155,119,274
151,126,277
120,128,248
92,133,225
124,135,259
113,144,257
122,140,262
107,158,265
129,177,306
119,186,305
115,181,296
122,189,311
126,167,293
180,120,300
193,104,297
183,88,271
150,112,262
158,96,254
150,82,232
154,100,254
146,84,230
140,99,239
147,84,231
139,109,248
140,105,245
141,99,240
147,88,235
148,98,246
152,89,241
137,80,217
139,126,265
141,125,266
154,122,276
146,136,282
133,136,269
120,130,250
134,119,253
137,108,245
151,87,238
142,135,277
149,123,272
141,109,250
131,97,228
120,92,212
136,130,266
163,104,267
165,109,274
171,97,268
145,82,227
140,76,216
124,89,213
125,93,218
112,91,203
125,81,206
126,88,214
135,82,217
113,134,247
138,119,257
139,120,259
136,121,257
108,117,225
128,113,241
134,117,251
128,104,232
134,108,242
145,133,278
142,108,250
173,96,269
176,86,262
145,100,245
149,90,239
147,106,253
154,141,295
166,134,300
168,124,292
133,132,265
121,134,255
131,158,289
123,172,295
124,166,290
124,154,278
135,145,280
125,139,264
128,116,244
146,103,249
137,99,236
153,97,250
151,88,239
142,96,238
128,82,210
128,111,239
137,101,238
131,91,222
136,96,232
118,85,203
140,94,234
127,82,209
132,94,226
138,88,226
132,100,232
132,109,241
124,125,249
129,133,262
126,137,263
131,134,265
128,140,268
129,145,274
121,142,263
125,142,267
148,134,282
139,133,272
155,141,296
143,138,281
124,124,248
140,110,250
154,93,247
153,106,259
149,102,251
154,105,259
156,108,264
156,98,254
159,85,244
137,93,230
137,92,229
137,93,230
139,110,249
148,109,257
149,103,252
143,92,235
139,115,254
160,110,270
161,97,258
147,93,240
140,105,245
139,96,235
145,88,233
138,111,249
135,125,260
136,121,257
132,105,237
137,100,237
141,86,227
141,76,217
138,119,257
134,119,253
129,120,249
134,120,254
126,126,252
129,129,258
119,134,253
120,145,265
126,150,276
120,148,268
136,134,270
133,125,258
143,113,256
136,102,238
135,88,223
137,96,233
140,84,224
132,107,239
131,102,233
133,96,229
137,94,231
134,117,251
145,106,251
172,113,285
176,101,277
146,91,237
134,83,217
133,94,227
128,85,213
135,105,240
136,119,255
137,118,255
134,134,268
131,131,262
129,124,253
133,110,243
138,101,239
129,99,228
128,94,222
127,84,211
129,92,221
132,96,228
130,93,223
121,92,213
124,93,217
127,88,215
133,80,213
132,90,222
129,93,222
131,101,232
129,95,224
136,88,224
133,109,242
133,111,244
134,110,244
132,112,244
128,133,261
128,135,263
121,138,259
124,136,260
132,211,343
260,103,363
276,124,400
297,105,402
178,103,281
170,86,256
162,117,279
148,117,265
143,100,243
140,91,231
144,82,226
135,108,243
129,106,235
133,99,232
139,87,226
140,108,248
142,108,250
146,106,252
151,85,236
155,103,258
154,106,260
167,105,272
172,110,282
167,115,282
149,116,265
151,113,264
145,114,259
145,131,276
163,98,261
161,96,257
153,93,246
135,95,230
138,98,236
130,108,238
132,102,234
132,97,229
121,90,211
123,81,204
134,108,242
136,104,240
132,104,236
123,97,220
121,98,219
130,110,240
137,117,254
138,116,254
126,109,235
121,101,222
129,98,227
126,93,219
130,83,213
130,119,249
125,118,243
130,111,241
133,106,239
128,115,243
127,114,241
121,111,232
122,103,225
134,92,226
134,90,224
139,111,250
135,108,243
139,107,246
134,104,238
128,95,223
130,96,226
128,90,218
127,92,219
119,99,218
116,103,219
122,102,224
129,94,223
134,90,224
137,103,240
152,108,260
159,124,283
176,131,307
163,154,317
148,164,312
129,168,297
124,182,306
116,178,294
128,179,307
135,171,306
151,147,298
153,129,282
160,118,278
148,107,255
150,94,244
142,84,226
144,118,262
141,121,262
165,101,266
164,91,255
171,101,272
151,108,259
168,110,278
159,108,267
155,98,253
126,86,212
133,79,212
129,104,233
131,125,256
130,129,259
130,131,261
133,124,257
138,124,262
134,131,265
126,133,259
125,148,273
127,152,279
131,139,270
128,139,267
136,135,271
130,139,269
128,142,270
119,144,263
123,142,265
132,130,262
138,120,258
139,109,248
134,100,234
133,91,224
141,88,229
137,82,219
133,88,221
123,82,205
127,89,216
125,91,216
126,80,206
130,111,241
131,123,254
138,133,271
133,137,270
130,142,272
133,139,272
137,134,271
135,136,271
130,135,265
127,153,280
133,150,283
127,143,270
128,138,266
131,123,254
132,116,248
132,109,241
124,116,240
130,260,390
134,258,392
133,247,380
162,218,380
245,125,370
128,112,240
155,105,260
158,86,244
143,98,241
141,115,256
127,113,240
120,107,227
124,99,223
131,89,220
127,96,223
127,95,222
124,85,209
132,105,237
138,107,245
132,107,239
133,107,240
123,106,229
128,105,233
123,104,227
125,109,234
132,112,244
137,107,244
136,103,239
119,104,223
115,105,220
122,106,228
120,117,237
124,117,241
126,107,233
129,100,229
120,94,214
122,93,215
132,86,218
137,91,228
132,85,217
140,97,237
132,98,230
131,101,232
127,95,222
125,103,228
128,112,240
126,114,240
130,112,242
122,107,229
113,104,217
126,102,228
126,94,220
132,86,218
128,89,217
130,111,241
137,111,248
135,109,244
132,110,242
127,111,238
126,124,250
120,135,255
124,132,256
129,131,260
132,122,254
132,127,259
125,132,257
121,140,261
122,142,264
124,140,264
127,138,265
133,136,269
132,133,265
136,134,270
128,134,262
124,141,265
131,135,266
130,136,266
136,143,279
134,143,277
131,153,284
146,136,282
134,131,265
124,121,245
128,111,239
129,108,237
135,95,230
133,84,217
139,109,248
135,112,247
131,111,242
125,109,234
122,111,233
122,115,237
125,115,240
131,112,243
119,115,234
120,115,235
126,116,242
120,110,230
124,104,228
131,97,228
128,84,212
134,92,226
137,94,231
129,93,222
129,91,220
129,95,224
122,96,218
120,94,214
136,95,231
135,91,226
137,92,229
127,82,209
129,89,218
135,84,219
132,94,226
128,109,237
127,107,234
127,97,224
130,91,221
132,82,214
130,90,220
132,84,216
126,102,228
126,119,245
128,115,243
133,102,235
131,96,227
136,83,219
130,77,207
129,90,219
120,86,206
123,94,217
127,100,227
126,99,225
125,100,225
134,93,227
129,87,216
137,93,230
126,95,221
118,99,217
122,94,216
130,92,222
136,89,225
133,113,246
134,108,242
128,99,227
122,94,216
122,84,206
130,106,236
130,119,249
130,115,245
123,126,249
150,131,281
191,95,286
197,94,291
174,93,267
135,93,228
139,96,235
137,97,234
135,98,233
137,95,232
137,97,234
138,98,236
139,96,235
137,109,246
136,127,263
145,128,273
154,125,279
162,120,282
155,120,275
147,123,270
138,125,263
137,127,264
143,124,267
144,126,270
141,130,271
135,131,266
134,128,262
134,130,264
135,133,268
142,128,270
144,131,275
142,125,267
136,130,266
135,132,267
142,128,270
143,131,274
141,129,270
134,131,265
135,134,269
141,130,271
141,127,268
140,130,270
134,135,269
142,131,273
142,129,271
142,131,273
136,137,273
141,127,268
141,131,272
140,134,274
140,133,273
140,136,276
139,139,278
134,141,275
136,141,277
137,141,278
140,142,282
141,142,283
150,129,279
148,132,280
146,135,281
145,129,274
143,128,271
142,132,274
133,136,269
146,127,273
145,142,287
144,145,289
133,142,275
173,160,333
200,128,328
208,111,319
167,102,269
115,98,213
125,238,363
148,241,389
171,259,430
161,271,432
123,242,365
164,305,469
235,285,520
229,283,512
228,254,482
252,166,418
214,178,392
183,164,347
139,165,304
165,147,312
180,127,307
213,122,335
161,150,311
133,134,267
189,125,314
184,121,305
136,89,225
146,86,232
108,101,209
124,118,242
130,107,237
133,127,260
161,228,389
158,198,356
229,155,384
168,182,350
113,191,304
124,214,338
149,214,363
148,214,362
140,192,332
153,199,352
132,212,344
156,248,404
116,255,371
146,261,407
190,246,436
243,220,463
256,224,480
267,171,438
240,182,422
220,188,408
161,183,344
153,134,287
200,103,303
160,114,274
123,128,251
151,271,422
284,147,431
260,174,434
289,156,445
191,148,339
204,175,379
232,168,400
245,126,371
210,121,331
163,116,279
166,105,271
158,177,335
165,159,324
176,137,313
206,118,324
200,179,379
192,163,355
245,109,354
235,131,366
225,161,386
169,156,325
158,144,302
163,105,268
163,111,274
153,251,404
292,265,557
407,155,562
461,174,635
379,171,550
271,184,455
253,223,476
175,234,409
131,245,376
176,233,409
136,229,365
189,212,401
172,193,365
174,192,366
146,191,337
145,197,342
156,219,375
159,207,366
150,221,371
195,177,372
174,202,376
166,196,362
148,172,320
168,178,346
125,163,288
166,164,330
145,151,296
156,153,309
149,112,261
140,107,247
159,133,292
114,162,276
114,189,303
154,141,295
200,122,322
160,142,302
173,163,336
130,160,290
178,125,303
155,109,264
121,118,239
147,145,292
133,158,291
189,123,312
207,83,290
143,163,306
174,165,339
153,142,295
188,162,350
163,220,383
161,231,392
167,255,422
213,241,454
186,244,430
220,213,433
199,243,442
290,190,480
253,165,418
229,168,397
229,121,350
223,113,336
194,143,337
122,143,265
178,113,291
191,106,297
149,229,378
119,257,376
208,204,412
210,221,431
141,191,332
183,198,381
134,196,330
146,195,341
153,206,359
128,200,328
154,198,352
131,214,345
191,211,402
156,230,386
195,268,463
173,256,429
162,287,449
204,240,444
222,233,455
249,195,444
203,150,353
161,133,294
181,122,303
136,107,243
138,98,236
140,207,347
159,186,345
203,155,358
207,152,359
185,128,313
177,189,366
228,148,376
214,154,368
176,149,325
118,139,257
181,130,311
168,217,385
224,185,409
210,194,404
167,213,380
150,189,339
189,164,353
180,184,364
160,198,358
104,229,333
156,198,354
151,228,379
163,240,403
164,206,370
171,229,400
129,245,374
171,248,419
138,248,386
178,178,356
191,182,373
212,152,364
154,155,309
108,197,305
119,195,314
120,222,342
113,224,337
168,217,385
188,222,410
243,168,411
230,176,406
205,154,359
156,137,293
176,122,298
147,117,264
117,148,265
110,306,416
135,354,489
142,362,504
169,349,518
296,201,497
314,191,505
310,198,508
185,228,413
174,259,433
157,284,441
156,297,453
204,253,457
190,239,429
206,217,423
228,172,400
228,136,364
232,171,403
204,211,415
184,175,359
204,197,401
167,166,333
217,150,367
168,154,322
191,157,348
152,148,300
193,114,307
181,172,353
171,156,327
228,133,361
192,162,354
167,181,348
131,197,328
188,152,340
197,154,351
188,247,435
227,169,396
244,173,417
235,172,407
222,162,384
193,152,345
184,132,316
154,145,299
128,143,271
183,121,304
147,154,301
136,125,261
187,83,270
142,120,262
155,156,311
167,185,352
208,175,383
217,148,365
198,123,321
196,158,354
180,148,328
185,106,291
156,147,303
115,183,298
136,186,322
168,158,326
201,117,318
172,140,312
117,122,239
156,151,307
175,152,327
196,245,441
209,235,444
236,257,493
258,250,508
210,233,443
201,212,413
168,205,373
192,179,371
152,179,331
125,175,300
154,211,365
151,213,364
107,249,356
151,216,367
191,210,401
210,188,398
133,181,314
159,176,335
149,139,288
145,133,278
102,139,241
120,140,260
121,133,254
117,128,245
121,126,247
120,121,241
113,124,237
109,120,229
113,125,238
117,124,241
123,131,254
146,91,237
170,90,260
160,82,242
131,104,235
124,115,239
133,105,238
130,101,231
128,109,237
105,114,219
128,114,242
130,114,244
106,113,219
118,119,237
116,128,244
119,139,258
127,149,276
131,161,292
129,174,303
134,170,304
129,179,308
136,181,317
117,179,296
126,184,310
148,159,307
169,140,309
169,145,314
146,147,293
144,134,278
142,126,268
151,112,263
143,104,247
146,114,260
129,130,259
116,134,250
139,131,270
134,136,270
111,142,253
130,137,267
130,143,273
129,146,275
149,129,278
155,131,286
149,135,284
118,134,252
110,135,245
127,138,265
125,128,253
133,117,250
132,114,246
123,109,232
125,111,236
119,115,234
123,110,233
121,109,230
124,107,231
122,105,227
124,99,223
107,99,206
121,93,214
121,89,210
120,85,205
122,85,207
121,84,205
128,110,238
125,107,232
127,109,236
124,105,229
116,96,212
125,92,217
125,91,216
123,87,210
120,85,205
123,83,206
115,86,201
112,99,211
120,108,228
134,112,246
136,134,270
140,137,277
119,136,255
132,128,260
130,110,240
142,124,266
123,120,243
117,124,241
130,113,243
131,121,252
128,116,244
104,121,225
117,128,245
114,140,254
121,146,267
120,151,271
119,152,271
114,165,279
115,160,275
113,163,276
126,154,280
130,161,291
116,163,279
117,178,295
127,182,309
124,184,308
127,181,308
146,168,314
158,168,326
162,199,361
143,219,362
112,217,329
138,207,345
172,173,345
175,156,331
185,119,304
177,101,278
184,155,339
183,134,317
175,122,297
189,91,280
149,116,265
161,129,290
140,144,284
135,134,269
128,123,251
139,109,248
140,108,248
142,111,253
146,101,247
161,116,277
157,116,273
163,93,256
152,83,235
140,91,231
132,91,223
121,85,206
131,92,223
127,93,220
136,82,218
137,90,227
134,91,225
125,94,219
129,90,219
129,87,216
130,98,228
118,94,212
128,90,218
134,82,216
131,88,219
133,83,216
126,92,218
125,106,231
148,132,280
161,123,284
159,119,278
147,98,245
141,95,236
156,97,253
130,107,237
128,114,242
130,127,257
133,126,259
144,118,262
139,121,260
133,127,260
124,128,252
113,134,247
118,136,254
123,139,262
115,155,270
130,148,278
133,139,272
145,132,277
140,129,269
137,131,268
136,145,281
131,136,267
131,141,272
129,135,264
128,120,248
144,99,243
156,84,240
152,94,246
136,90,226
135,82,217
134,97,231
134,88,222
132,78,210
123,104,227
136,104,240
140,119,259
139,113,252
132,103,235
130,97,227
130,97,227
133,87,220
136,93,229
134,83,217
133,91,224
127,85,212
124,92,216
130,97,227
127,98,225
118,100,218
126,111,237
127,116,243
137,111,248
138,104,242
143,94,237
147,108,255
150,98,248
146,90,236
137,84,221
134,109,243
137,113,250
130,113,243
127,119,246
120,121,241
127,114,241
121,120,241
126,119,245
131,132,263
147,223,370
274,96,370
283,85,368
280,120,400
164,118,282
170,141,311
145,156,301
119,169,288
133,163,296
140,156,296
139,150,289
126,145,271
120,148,268
114,149,263
120,153,273
121,160,281
122,158,280
129,159,288
129,162,291
109,157,266
122,152,274
119,146,265
124,150,274
110,149,259
111,166,277
123,189,312
127,206,333
110,211,321
133,196,329
146,166,312
176,156,332
164,159,323
137,154,291
123,149,272
121,148,269
120,144,264
123,143,266
123,138,261
121,134,255
122,136,258
123,130,253
119,129,248
116,129,245
123,122,245
113,130,243
121,131,252
121,131,252
122,134,256
129,126,255
128,132,260
131,131,262
126,130,256
129,136,265
133,129,262
130,128,258
129,134,263
131,129,260
128,134,262
127,135,262
132,128,260
129,130,259
130,130,260
128,132,260
130,126,256
131,126,257
130,124,254
126,130,256
124,127,251
125,133,258
125,132,257
131,125,256
127,131,258
129,127,256
126,132,258
127,131,258
130,125,255
126,127,253
128,125,253
124,130,254
126,127,253
129,125,254
126,131,257
126,128,254
125,126,251
127,125,252
129,129,258
128,127,255
126,132,258
126,133,259
130,127,257
127,127,254
127,126,253
122,124,246
121,122,243
133,109,242
133,107,240
133,105,238
123,102,225
122,104,226
122,108,230
126,103,229
126,103,229
126,101,227
126,96,222
131,92,223
131,92,223
133,130,263
144,119,263
158,104,262
152,100,252
137,94,231
131,91,222
130,90,220
131,87,218
132,181,313
140,186,326
133,187,320
134,297,431
89,331,420
122,336,458
144,337,481
324,144,468
360,121,481
393,121,514
217,147,364
207,125,332
141,108,249
174,94,268
157,116,273
127,121,248
167,93,260
162,104,266
145,109,254
132,95,227
130,119,249
147,102,249
134,132,266
147,150,297
150,150,300
143,141,284
183,101,284
189,118,307
193,147,340
156,172,328
144,203,347
131,213,344
138,247,385
139,270,409
178,248,426
216,229,445
226,250,476
202,244,446
173,242,415
203,200,403
188,186,374
192,171,363
146,172,318
211,109,320
215,183,398
235,154,389
185,144,329
176,150,326
122,162,284
103,164,267
147,162,309
161,142,303
161,146,307
136,147,283
137,151,288
124,158,282
129,166,295
111,166,277
119,171,290
119,186,305
126,194,320
129,205,334
136,201,337
157,181,338
158,182,340
163,165,328
151,165,316
159,191,350
149,181,330
121,176,297
124,159,283
147,141,288
146,143,289
123,135,258
130,126,256
154,111,265
186,118,304
187,125,312
153,131,284
130,141,271
127,167,294
134,181,315
128,178,306
128,161,289
131,151,282
137,147,284
128,145,273
130,151,281
122,144,266
122,147,269
109,144,253
121,142,263
130,141,271
123,150,273
114,151,265
121,145,266
118,145,263
121,146,267
103,154,257
114,155,269
128,148,276
109,140,249
136,126,262
138,118,256
123,100,223
146,87,233
137,135,272
131,146,277
105,130,235
134,121,255
133,117,250
137,124,261
128,131,259
131,139,270
141,113,254
169,120,289
157,124,281
119,130,249
115,132,247
128,147,275
118,159,277
131,175,306
116,184,300
119,185,304
125,178,303
127,158,285
164,130,294
169,110,279
186,92,278
174,107,281
141,107,248
153,104,257
147,122,269
139,128,267
124,139,263
139,134,273
139,149,288
112,153,265
144,133,277
136,138,274
154,139,293
133,150,283
129,160,289
120,166,286
124,179,303
124,184,308
111,195,306
119,212,331
141,205,346
152,193,345
156,187,343
146,181,327
148,179,327
154,168,322
165,165,330
146,165,311
136,162,298
107,157,264
131,149,280
132,145,277
120,138,258
128,136,264
130,134,264
90,135,225
114,135,249
122,141,263
106,147,253
110,147,257
127,141,268
127,155,282
117,180,297
116,178,294
131,180,311
132,172,304
136,159,295
144,144,288
118,142,260
135,139,274
115,159,274
127,157,284
126,165,291
134,167,301
129,168,297
130,163,293
124,164,288
130,167,297
152,158,310
156,154,310
143,149,292
147,121,268
142,107,249
162,89,251
149,116,265
144,116,260
123,115,238
129,128,257
130,125,255
125,119,244
130,110,240
134,97,231
136,89,225
133,82,215
122,135,257
136,137,273
143,132,275
133,144,277
120,138,258
139,137,276
128,131,259
134,122,256
138,102,240
147,100,247
137,107,244
139,111,250
166,84,250
170,111,281
147,118,265
129,104,233
130,107,237
124,102,226
97,103,200
118,102,220
98,109,207
121,108,229
101,105,206
133,95,228
133,85,218
107,94,201
127,97,224
133,97,230
132,92,224
132,95,227
120,93,213
112,89,201
124,87,211
122,85,207
124,111,235
128,111,239
136,105,241
144,120,264
135,130,265
126,132,258
129,131,260
128,133,261
129,153,282
121,152,273
128,151,279
131,147,278
119,147,266
123,150,273
124,147,271
125,143,268
134,149,283
135,139,274
139,135,274
135,131,266
125,119,244
126,108,234
131,103,234
128,100,228
123,95,218
127,84,211
134,94,228
134,89,223
133,94,227
131,90,221
134,80,214
140,89,229
129,86,215
133,95,228
131,98,229
131,107,238
128,122,250
129,116,245
135,108,243
120,102,222
127,113,240
128,124,252
139,136,275
142,138,280
152,134,286
139,130,269
138,136,274
136,133,269
127,140,267
135,134,269
128,124,252
124,118,242
153,91,244
147,82,229
149,112,261
162,98,260
170,124,294
172,114,286
149,122,271
148,112,260
137,111,248
151,94,245
143,120,263
172,99,271
150,94,244
147,90,237
104,99,203
120,100,220
123,99,222
123,103,226
114,119,233
115,128,243
122,167,289
119,165,284
119,173,292
121,186,307
147,148,295
167,127,294
181,115,296
154,103,257
157,83,240
148,94,242
147,105,252
139,105,244
141,98,239
140,91,231
139,83,222
141,110,251
146,105,251
146,101,247
149,91,240
143,129,272
163,109,272
148,111,259
146,98,244
126,96,222
126,101,227
122,108,230
124,108,232
123,106,229
115,104,219
112,103,215
122,119,241
122,119,241
123,114,237
127,107,234
117,120,237
116,128,244
124,128,252
132,116,248
133,117,250
133,114,247
120,124,244
116,120,236
115,116,231
122,114,236
123,134,257
144,213,357
264,94,358
269,97,366
253,119,372
142,108,250
143,98,241
144,96,240
128,91,219
132,82,214
117,88,205
130,83,213
132,90,222
128,81,209
128,111,239
130,106,236
130,101,231
144,91,235
140,115,255
137,117,254
147,116,263
150,112,262
143,117,260
132,113,245
137,114,251
136,111,247
138,102,240
145,85,230
138,102,240
124,111,235
132,111,243
132,113,245
131,111,242
121,104,225
126,97,223
128,83,211
130,78,208
132,90,222
121,83,204
119,79,198
124,97,221
124,107,231
124,117,241
128,119,247
121,121,242
127,121,248
129,115,244
132,115,247
128,119,247
122,118,240
125,117,242
116,117,233
128,108,236
135,97,232
140,91,231
131,90,221
132,89,221
124,87,211
128,87,215
129,84,213
131,101,232
133,98,231
126,109,235
111,113,224
125,104,229
134,92,226
134,83,217
134,104,238
132,121,253
124,123,247
126,123,249
133,133,266
137,137,274
134,138,272
129,138,267
132,135,267
135,151,286
148,128,276
149,110,259
163,103,266
151,99,250
145,88,233
139,100,239
137,105,242
132,101,233
134,91,225
140,108,248
146,111,257
136,128,264
136,263,399
138,271,409
148,267,415
173,249,422
241,191,432
257,142,399
265,121,386
201,105,306
154,104,258
140,99,239
131,92,223
126,96,222
127,94,221
122,98,220
123,98,221
126,90,216
125,95,220
127,96,223
123,96,219
125,91,216
122,90,212
125,88,213
126,87,213
126,83,209
121,78,199
108,94,202
120,101,221
118,103,221
127,106,233
122,112,234
121,116,237
121,119,240
122,115,237
122,108,230
126,138,264
110,142,252
134,129,263
154,112,266
152,113,265
115,111,226
124,115,239
99,116,215
126,129,255
119,181,300
126,187,313
111,184,295
149,152,301
146,150,296
141,149,290
122,147,269
120,143,263
122,139,261
121,132,253
121,126,247
123,123,246
122,118,240
125,113,238
127,106,233
123,99,222
118,94,212
120,88,208
123,83,206
109,80,189
123,152,275
121,217,338
174,203,377
273,126,399
297,97,394
255,91,346
127,83,210
132,108,240
134,151,285
132,159,291
128,150,278
157,108,265
162,93,255
152,91,243
138,101,239
134,108,242
135,135,270
131,163,294
159,123,282
175,148,323
149,131,280
190,142,332
150,160,310
200,180,380
215,170,385
223,147,370
195,111,306
136,113,249
156,110,266
113,106,219
119,105,224
123,110,233
122,106,228
121,101,222
128,95,223
128,97,225
125,101,226
121,100,221
123,102,225
123,102,225
124,97,221
130,96,226
126,96,222
125,90,215
128,87,215
128,89,217
131,88,219
138,92,230
130,92,222
130,88,218
124,96,220
130,88,218
138,91,229
131,82,213
129,92,221
130,85,215
131,106,237
137,113,250
135,121,256
129,120,249
120,115,235
128,106,234
132,92,224
137,81,218
133,88,221
127,83,210
122,91,213
132,81,213
127,91,218
132,82,214
129,103,232
132,101,233
133,90,223
136,119,255
135,125,260
144,131,275
150,117,267
142,111,253
134,108,242
131,95,226
131,88,219
130,80,210
130,90,220
123,89,212
133,82,215
129,89,218
127,83,210
127,108,235
127,106,233
126,98,224
125,95,220
124,98,222
122,98,220
122,97,219
126,89,215
128,90,218
126,98,224
128,94,222
133,93,226
134,88,222
131,80,211
130,105,235
121,112,233
120,109,229
129,108,237
133,99,232
137,98,235
131,99,230
123,96,219
126,92,218
126,88,214
129,87,216
132,81,213
131,91,222
131,90,221
129,85,214
132,83,215
128,89,217
127,89,216
130,97,227
137,89,226
138,97,235
142,88,230
139,94,233
138,89,227
132,85,217
132,83,215
127,110,237
125,122,247
127,125,252
129,132,261
124,138,262
126,140,266
127,146,273
131,148,279
132,150,282
133,158,291
130,163,293
133,165,298
129,164,293
128,171,299
124,176,300
124,176,300
126,170,296
144,149,293
159,123,282
170,110,280
163,96,259
157,123,280
159,107,266
156,94,250
157,137,294
169,104,273
182,121,303
177,106,283
157,90,247
159,168,327
147,160,307
188,114,302
191,99,290
132,112,244
157,101,258
158,118,276
153,105,258
155,87,242
167,160,327
168,138,306
197,102,299
189,116,305
141,141,282
178,127,305
179,113,292
168,126,294
144,134,278
170,159,329
187,140,327
171,188,359
143,200,343
169,227,396
152,225,377
207,197,404
207,160,367
197,137,334
180,154,334
146,158,304
122,155,277
129,150,279
114,151,265
122,167,289
125,177,302
127,174,301
130,192,322
138,204,342
131,229,360
137,240,377
160,231,391
180,256,436
194,247,441
176,248,424
221,211,432
213,218,431
232,200,432
183,173,356
188,145,333
198,107,305
182,97,279
165,119,284
147,211,358
180,208,388
209,163,372
195,185,380
142,149,291
195,120,315
180,135,315
201,153,354
155,160,315
159,170,329
149,185,334
168,196,364
130,187,317
169,144,313
165,132,297
141,121,262
133,109,242
134,134,268
129,150,279
120,178,298
153,139,292
190,98,288
142,82,224
174,153,327
134,158,292
169,139,308
167,160,327
154,170,324
139,164,303
158,144,302
167,137,304
156,157,313
141,140,281
176,88,264
184,214,398
194,224,418
177,193,370
235,130,365
187,145,332
130,165,295
130,171,301
141,180,321
159,166,325
166,183,349
124,178,302
128,185,313
129,180,309
151,191,342
147,216,363
150,217,367
123,215,338
157,174,331
195,132,327
195,130,325
105,128,233
120,127,247
120,123,243
120,117,237
125,107,232
127,101,228
127,96,223
122,91,213
128,81,209
130,104,234
121,101,222
117,113,230
121,140,261
103,144,247
158,105,263
167,91,258
119,85,204
138,85,223
120,80,200
125,97,222
125,105,230
129,111,240
131,134,265
148,118,266
165,107,272
158,128,286
116,125,241
158,85,243
161,83,244
114,142,256
128,185,313
161,152,313
165,153,318
184,117,301
149,115,264
100,117,217
121,115,236
122,107,229
126,108,234
123,106,229
127,99,226
125,97,222
126,105,231
128,124,252
128,139,267
156,149,305
162,163,325
197,131,328
191,130,321
184,139,323
136,149,285
125,149,274
114,162,276
126,175,301
201,178,379
259,117,376
296,219,515
285,163,448
274,179,453
260,184,444
230,137,367
202,109,311
181,96,277
148,141,289
197,101,298
192,186,378
214,154,368
164,155,319
198,162,360
150,163,313
150,128,278
153,126,279
170,110,280
136,110,246
135,115,250
124,111,235
115,117,232
119,153,272
115,150,265
138,125,263
161,100,261
161,95,256
101,108,209
124,118,242
121,125,246
133,122,255
144,108,252
144,113,257
142,115,257
121,112,233
136,112,248
115,112,227
144,103,247
143,101,244
135,100,235
149,135,284
153,131,284
161,127,288
157,135,292
129,137,266
136,161,297
130,165,295
152,158,310
153,142,295
153,140,293
150,129,279
135,122,257
145,103,248
139,101,240
142,140,282
164,119,283
169,100,269
163,127,290
150,134,284
135,133,268
162,121,283
156,107,263
160,103,263
152,106,258
141,105,246
147,160,307
158,311,469
160,298,458
157,288,445
269,143,412
295,110,405
286,102,388
180,129,309
192,96,288
188,130,318
176,139,315
145,145,290
138,146,284
141,136,277
127,118,245
160,106,266
152,98,250
143,103,246
137,110,247
142,111,253
147,103,250
147,100,247
149,99,248
145,103,248
139,99,238
131,105,236
129,123,252
148,106,254
164,110,274
158,113,271
121,96,217
140,91,231
124,94,218
124,95,219
125,95,220
125,95,220
126,98,224
125,147,272
150,152,302
149,152,301
159,151,310
124,156,280
140,188,328
122,196,318
126,204,330
146,186,332
143,181,324
150,177,327
147,176,323
136,180,316
134,208,342
135,200,335
175,173,348
196,147,343
188,151,339
166,109,275
189,106,295
194,95,289
153,87,240
149,108,257
144,104,248
142,90,232
150,118,268
153,112,265
155,97,252
162,119,281
166,106,272
160,104,264
145,117,262
124,121,245
124,122,246
138,113,251
124,128,252
128,139,267
119,146,265
134,150,284
140,147,287
139,154,293
131,158,289
122,186,308
119,186,305
128,178,306
134,176,310
163,149,312
170,113,283
200,130,330
203,126,329
190,105,295
201,100,301
179,98,277
155,94,249
142,94,236
133,125,258
140,109,249
171,122,293
186,124,310
209,117,326
196,114,310
159,105,264
150,140,290
164,122,286
160,120,280
163,111,274
148,100,248
144,99,243
109,111,220
115,107,222
115,90,205
137,88,225
117,97,214
124,94,218
133,100,233
129,117,246
126,120,246
129,110,239
125,107,232
129,106,235
121,108,229
125,100,225
128,93,221
131,95,226
125,96,221
122,94,216
123,97,220
126,93,219
125,86,211
123,81,204
124,104,228
117,101,218
137,86,223
133,85,218
126,81,207
97,87,184
123,135,258
130,134,264
153,123,276
124,139,263
136,133,269
126,127,253
131,119,250
133,127,260
122,121,243
114,116,230
118,106,224
123,101,224
125,99,224
118,94,212
120,107,227
121,118,239
110,113,223
126,112,238
130,113,243
103,118,221
117,128,245
127,125,252
126,116,242
124,117,241
115,116,231
120,124,244
121,123,244
125,124,249
126,116,242
117,122,239
121,134,255
121,139,260
121,150,271
127,161,288
125,176,301
119,190,309
115,189,304
113,186,299
137,163,300
157,152,309
157,156,313
129,169,298
129,167,296
144,147,291
166,126,292
153,122,275
145,126,271
146,115,261
140,110,250
148,107,255
103,103,206
130,108,238
131,85,216
145,152,297
149,171,320
137,185,322
133,196,329
92,202,294
128,205,333
134,178,312
155,178,333
169,148,317
171,123,294
179,102,281
152,133,285
155,130,285
161,128,289
162,126,288
152,131,283
127,137,264
138,134,272
135,127,262
114,109,223
164,141,305
178,143,321
175,134,309
156,148,304
130,144,274
133,129,262
134,124,258
136,168,304
164,134,298
167,132,299
172,117,289
122,116,238
150,95,245
165,126,291
162,121,283
160,141,301
139,138,277
118,131,249
136,112,248
137,104,241
140,87,227
134,127,261
145,120,265
127,112,239
129,108,237
110,114,224
106,116,222
121,134,255
123,131,254
125,122,247
138,102,240
142,95,237
131,122,253
139,126,265
143,129,272
130,132,262
127,126,253
123,120,243
130,109,239
139,107,246
131,110,241
121,124,245
122,123,245
119,120,239
134,101,235
137,93,230
93,116,209
131,121,252
139,116,255
127,104,231
128,102,230
129,95,224
146,108,254
150,143,293
140,147,287
136,141,277
138,146,284
156,108,264
159,124,283
187,107,294
154,105,259
142,108,250
142,91,233
144,82,226
131,93,224
134,86,220
132,133,265
162,107,269
168,99,267
168,95,263
141,100,241
137,178,315
162,140,302
176,123,299
167,107,274
133,96,229
129,91,220
97,81,178
126,94,220
129,110,239
133,107,240
135,118,253
139,126,265
131,156,287
124,179,303
129,179,308
134,191,325
144,178,322
143,180,323
135,174,309
161,132,293
192,104,296
205,112,317
178,110,288
167,158,325
182,133,315
178,125,303
146,119,265
107,113,220
130,97,227
126,91,217
135,94,229
141,89,230
137,83,220
129,91,220
122,114,236
133,115,248
132,121,253
141,120,261
122,115,237
131,123,254
118,117,235
116,116,232
129,112,241
125,105,230
132,114,246
122,141,263
117,135,252
133,123,256
115,109,224
120,104,224
137,94,231
133,89,222
130,106,236
136,101,237
137,112,249
126,122,248
121,132,253
123,151,274
130,150,280
138,142,280
138,138,276
137,130,267
115,121,236
151,95,246
168,122,290
170,119,289
163,124,287
151,123,274
162,94,256
171,85,256
162,104,266
142,102,244
131,98,229
129,95,224
115,105,220
113,112,225
122,124,246
119,135,254
115,139,254
125,145,270
131,147,278
130,158,288
140,155,295
138,164,302
143,171,314
127,172,299
125,185,310
124,190,314
139,188,327
144,184,328
155,182,337
142,179,321
141,191,332
130,191,321
141,183,324
145,185,330
154,186,340
142,182,324
138,188,326
139,186,325
145,178,323
149,221,370
138,221,359
139,215,354
207,150,357
227,136,363
215,145,360
136,150,286
129,155,284
134,160,294
127,168,295
127,164,291
125,170,295
126,171,297
123,187,310
123,203,326
135,205,340
223,165,388
285,128,413
281,115,396
198,116,314
165,176,341
185,165,350
177,165,342
162,144,306
103,137,240
131,136,267
127,134,261
122,136,258
123,136,259
123,134,257
127,138,265
130,134,264
136,128,264
129,135,264
131,132,263
127,130,257
127,129,256
128,125,253
125,126,251
126,131,257
124,129,253
125,129,254
125,129,254
129,132,261
128,128,256
128,128,256
125,122,247
131,130,261
152,131,283
177,115,292
192,102,294
175,101,276
161,111,272
150,117,267
153,128,281
149,177,326
180,142,322
220,153,373
215,142,357
235,177,412
227,177,404
158,301,459
184,300,484
112,291,403
209,217,426
305,141,446
305,114,419
273,97,370
179,166,345
161,165,326
153,153,306
189,97,286
161,96,257
178,137,315
127,140,267
192,113,305
183,108,291
174,117,291
160,111,271
147,122,269
155,115,270
156,93,249
157,141,298
155,120,275
157,107,264
166,91,257
156,123,279
138,123,261
158,105,263
143,99,242
135,163,298
124,152,276
154,152,306
139,153,292
104,130,234
141,124,265
144,109,253
163,126,289
166,118,284
171,119,290
161,105,266
153,96,249
140,109,249
118,113,231
139,103,242
141,87,228
143,143,286
132,141,273
146,137,283
146,143,289
119,145,264
126,143,269
138,132,270
135,119,254
140,105,245
149,90,239
141,114,255
142,100,242
143,155,298
173,129,302
172,136,308
160,136,296
119,141,260
128,136,264
128,168,296
115,167,282
132,156,288
159,106,265
186,132,318
197,129,326
151,127,278
129,123,252
137,102,239
156,137,293
153,126,279
173,118,291
165,110,275
163,93,256
147,85,232
129,109,238
132,116,248
108,111,219
129,109,238
124,122,246
104,138,242
117,148,265
119,157,276
134,187,321
131,213,344
124,206,330
126,199,325
163,169,332
179,143,322
192,125,317
172,114,286
169,91,260
177,139,316
183,142,325
179,136,315
163,150,313
130,162,292
123,163,286
126,159,285
130,155,285
140,153,293
112,157,269
134,148,282
144,130,274
149,124,273
110,115,225
129,115,244
117,110,227
114,114,228
120,111,231
125,104,229
128,102,230
102,102,204
131,98,229
133,116,249
144,115,259
126,122,248
141,123,264
122,142,264
128,159,287
124,172,296
118,194,312
129,187,316
150,165,315
167,143,310
172,128,300
173,113,286
176,126,302
181,149,330
155,142,297
136,131,267
147,115,262
150,113,263
149,101,250
147,92,239
141,98,239
126,99,225
139,136,275
162,129,291
174,151,325
172,155,327
158,145,303
161,125,286
170,120,290
159,116,275
150,129,279
136,128,264
128,132,260
127,135,262
125,138,263
139,132,271
135,125,260
147,121,268
131,124,255
136,119,255
126,138,264
135,130,265
143,123,266
155,159,314
194,133,327
188,127,315
176,126,302
150,103,253
147,94,241
148,101,249
124,142,266
161,140,301
194,107,301
198,102,300
174,119,293
147,137,284
157,133,290
158,122,280
174,125,299
172,132,304
163,150,313
146,170,316
132,176,308
131,184,315
140,174,314
146,162,308
149,154,303
136,170,306
113,182,295
122,183,305
119,192,311
150,179,329
163,167,330
161,165,326
170,136,306
169,116,285
173,103,276
167,117,284
155,126,281
149,128,277
139,132,271
125,149,274
115,147,262
126,150,276
129,151,280
126,149,275
122,152,274
120,158,278
109,157,266
124,165,289
119,170,289
124,176,300
117,186,303
129,201,330
128,208,336
138,193,331
142,181,323
177,156,333
177,150,327
172,152,324
134,154,288
135,157,292
133,167,300
129,176,305
127,202,329
112,217,329
137,202,339
139,199,338
174,169,343
183,144,327
193,133,326
210,124,334
197,121,318
178,113,291
177,93,270
156,85,241
149,83,232
132,111,243
127,125,252
139,115,254
142,110,252
134,111,245
109,109,218
134,99,233
139,87,226
130,86,216
128,85,213
121,99,220
127,102,229
127,98,225
139,91,230
129,88,217
130,105,235
129,145,274
127,160,287
125,182,307
131,188,319
120,182,302
137,180,317
135,183,318
155,155,310
174,126,300
178,109,287
156,99,255
141,131,272
137,134,271
154,127,281
134,125,259
140,130,270
145,112,257
152,107,259
144,126,270
130,109,239
149,98,247
151,96,247
136,117,253
141,117,258
149,115,264
143,117,260
142,124,266
137,117,254
155,148,303
179,128,307
193,103,296
165,90,255
117,89,206
120,89,209
122,86,208
120,88,208
121,80,201
123,106,229
126,126,252
130,119,249
128,125,253
120,136,256
124,156,280
126,171,297
131,171,302
152,252,404
141,277,418
143,300,443
124,298,422
214,204,418
259,168,427
277,153,430
185,143,328
167,120,287
158,106,264
149,128,277
159,125,284
150,126,276
138,126,264
140,136,276
130,156,286
130,169,299
128,172,300
130,174,304
125,182,307
137,190,327
136,185,321
132,179,311
146,159,305
141,148,289
130,162,292
124,168,292
124,173,297
128,166,294
135,166,301
127,162,289
123,160,283
118,173,291
130,183,313
138,172,310
133,168,301
146,150,296
139,154,293
128,180,308
133,181,314
137,182,319
156,181,337
137,184,321
120,199,319
130,200,330
123,177,300
148,168,316
151,157,308
161,135,296
161,127,288
195,122,317
194,123,317
189,122,311
147,117,264
162,90,252
166,127,293
170,128,298
153,119,272
159,109,268
155,99,254
151,119,270
143,119,262
144,116,260
142,116,258
143,96,239
157,110,267
160,107,267
147,101,248
144,100,244
144,108,252
145,108,253
156,113,269
159,107,266
140,107,247
155,118,273
161,106,267
165,111,276
166,105,271
165,96,261
149,112,261
162,121,283
171,115,286
182,101,283
153,102,255
151,110,261
138,120,258
134,120,254
133,117,250
130,126,256
126,127,253
109,126,235
125,132,257
117,145,262
119,168,287
136,174,310
152,168,320
157,162,319
147,178,325
141,177,318
129,179,308
129,199,328
145,193,338
154,190,344
140,195,335
148,189,337
146,180,326
148,186,334
137,187,324
162,179,341
171,176,347
158,165,323
147,177,324
147,179,326
134,186,320
122,189,311
107,197,304
133,207,340
144,206,350
287,120,407
302,135,437
317,114,431
217,96,313
165,116,281
149,119,268
162,102,264
155,88,243
146,87,233
134,89,223
116,95,211
122,114,236
126,129,255
148,139,287
166,120,286
164,107,271
144,124,268
133,133,266
110,143,253
125,159,284
128,303,431
126,304,430
127,313,440
207,223,430
305,120,425
301,88,389
253,101,354
170,86,256
138,101,239
141,109,250
129,110,239
143,108,251
142,110,252
129,102,231
128,92,220
145,113,258
123,114,237
146,111,257
138,114,252
133,119,252
131,125,256
130,130,260
132,120,252
113,124,237
158,115,273
178,112,290
177,101,278
162,120,282
162,102,264
165,132,297
173,117,290
169,121,290
168,109,277
161,107,268
157,111,268
171,124,295
167,106,273
160,135,295
175,150,325
145,161,306
137,158,295
123,153,276
128,147,275
115,154,269
131,145,276
132,146,278
131,146,277
129,158,287
124,155,279
129,151,280
127,154,281
114,164,278
126,147,273
143,144,287
134,162,296
123,181,304
113,190,303
130,201,331
139,222,361
125,238,363
132,232,364
169,206,375
177,187,364
190,153,343
200,120,320
191,106,297
174,101,275
135,87,222
147,84,231
146,103,249
149,96,245
139,117,256
152,103,255
152,101,253
152,102,254
144,90,234
136,117,253
134,106,240
138,95,233
157,126,283
147,125,272
151,110,261
143,107,250
128,105,233
134,93,227
151,105,256
151,91,242
142,155,297
165,145,310
162,160,322
149,176,325
121,171,292
123,173,296
132,178,310
122,172,294
125,169,294
130,175,305
149,151,300
181,121,302
183,110,293
183,108,291
157,116,273
138,119,257
129,120,249
109,116,225
133,111,244
121,116,237
125,114,239
113,113,226
127,112,239
120,114,234
119,115,234
124,116,240
125,144,269
118,168,286
129,176,305
125,181,306
139,191,330
125,218,343
126,214,340
132,216,348
195,159,354
200,145,345
189,140,329
142,141,283
135,136,271
139,138,277
139,151,290
136,152,288
140,169,309
144,157,301
137,148,285
149,134,283
164,101,265
171,95,266
171,102,273
155,108,263
141,99,240
150,122,272
159,98,257
159,120,279
187,112,299
189,109,298
187,100,287
177,120,297
165,126,291
187,119,306
189,114,303
154,101,255
148,89,237
145,113,258
150,113,263
151,108,259
137,115,252
146,104,250
152,105,257
152,126,278
135,161,296
114,177,291
129,186,315
138,177,315
141,175,316
129,169,298
160,127,287
175,105,280
185,94,279
166,114,280
145,104,249
137,120,257
168,112,280
170,105,275
172,101,273
110,100,210
126,117,243
123,132,255
123,134,257
122,136,258
126,139,265
121,143,264
122,150,272
127,166,293
128,179,307
126,200,326
148,198,346
155,197,352
169,189,358
179,162,341
192,156,348
184,181,365
163,175,338
157,155,312
170,131,301
181,136,317
181,139,320
182,157,339
172,156,328
197,119,316
204,95,299
205,106,311
171,121,292
159,110,269
166,144,310
188,125,313
201,98,299
210,116,326
173,103,276
159,115,274
166,102,268
157,110,267
160,100,260
156,111,267
163,100,263
159,120,279
160,107,267
160,95,255
156,117,273
150,108,258
151,110,261
147,103,250
141,100,241
145,100,245
147,96,243
147,93,240
147,112,259
148,105,253
152,107,259
146,104,250
138,107,245
145,106,251
144,108,252
142,111,253
138,115,253
138,117,255
142,111,253
146,105,251
148,109,257
150,101,251
146,98,244
144,100,244
144,97,241
147,99,246
145,102,247
138,99,237
140,97,237
140,95,235
141,92,233
141,95,236
143,90,233
143,100,243
143,97,240
143,111,254
150,126,276
165,128,293
197,90,287
191,104,295
167,120,287
142,109,251
137,114,251
127,119,246
108,108,216
117,102,219
116,104,220
115,105,220
121,106,227
118,113,231
124,108,232
126,102,228
116,97,213
104,90,194
109,87,196
118,88,206
113,83,196
123,109,232
114,114,228
120,112,232
114,114,228
128,101,229
140,94,234
126,101,227
102,105,207
122,95,217
123,124,247
114,145,259
124,145,269
126,146,272
129,143,272
116,137,253
115,141,256
108,148,256
118,168,286
126,168,294
122,166,288
117,160,277
126,132,258
159,124,283
178,95,273
177,112,289
175,96,271
163,140,303
164,128,292
158,121,279
146,110,256
133,122,255
159,122,281
135,159,294
181,138,319
179,131,310
169,135,304
139,155,294
128,162,290
160,144,304
154,155,309
162,180,342
125,197,322
170,150,320
167,151,318
174,142,316
153,139,292
147,130,277
144,135,279
136,133,269
134,136,270
143,138,281
145,128,273
139,129,268
139,134,273
125,129,254
134,122,256
145,126,271
143,132,275
145,131,276
153,117,270
159,105,264
149,126,275
175,116,291
182,119,301
183,119,302
168,119,287
149,125,274
131,119,250
129,108,237
135,96,231
101,97,198
120,154,274
154,121,275
170,106,276
172,97,269
158,129,287
155,133,288
136,136,272
148,131,279
146,124,270
146,116,262
146,120,266
106,113,219
120,112,232
136,110,246
120,117,237
128,112,240
112,100,212
133,89,222
107,124,231
126,116,242
123,109,232
150,95,245
130,90,220
130,88,218
115,83,198
122,76,198
119,136,255
120,134,254
117,124,241
131,131,262
109,127,236
149,109,258
138,103,241
139,125,264
161,160,321
178,149,327
170,140,310
193,115,308
166,114,280
161,128,289
123,145,268
121,143,264
121,140,261
121,146,267
114,144,258
115,143,258
118,149,267
123,145,268
114,151,265
132,148,280
135,153,288
101,148,249
143,134,277
119,134,253
127,140,267
113,140,253
119,143,262
100,140,240
129,137,266
106,137,243
90,133,223
118,140,258
124,127,251
113,127,240
137,135,272
122,134,256
109,150,259
95,159,254
129,162,291
125,158,283
134,161,295
128,157,285
114,155,269
123,156,279
123,151,274
120,145,265
123,140,263
122,148,270
118,148,266
122,146,268
119,142,261
121,138,259
104,138,242
115,142,257
120,137,257
122,132,254
118,149,267
108,161,269
116,188,304
127,204,331
128,218,346
123,227,350
166,190,356
173,187,360
180,188,368
156,255,411
304,285,589
321,266,587
342,239,581
197,236,433
225,202,427
103,187,290
159,154,313
205,121,326
191,116,307
143,112,255
127,93,220
137,93,230
120,89,209
101,90,191
124,95,219
119,87,206
113,89,202
124,89,213
121,97,218
123,96,219
105,93,198
123,88,211
119,122,241
132,125,257
128,132,260
130,140,270
111,153,264
88,184,272
118,186,304
119,197,316
116,201,317
155,153,308
181,158,339
176,159,335
145,142,287
151,141,292
148,129,277
144,119,263
151,111,262
125,133,258
166,106,272
171,144,315
187,107,294
173,97,270
181,109,290
141,107,248
154,121,275
168,90,258
170,105,275
177,112,289
167,105,272
157,101,258
137,124,261
169,121,290
179,115,294
186,112,298
176,96,272
160,96,256
137,112,249
119,122,241
120,122,242
136,121,257
159,106,265
174,117,291
177,118,295
173,119,292
170,121,291
161,112,273
154,118,272
153,142,295
154,145,299
160,155,315
170,139,309
185,163,348
207,132,339
225,98,323
215,134,349
171,118,289
173,99,272
156,109,265
130,112,242
134,101,235
141,113,254
135,129,264
135,132,267
127,133,260
138,121,259
145,104,249
171,113,284
181,103,284
160,113,273
164,93,257
157,102,259
155,96,251
127,79,206
135,130,265
131,121,252
125,123,248
130,118,248
96,114,210
125,126,251
102,126,228
130,113,243
136,101,237
150,84,234
136,103,239
131,105,236
136,100,236
133,105,238
131,112,243
126,119,245
115,119,234
123,114,237
126,116,242
134,102,236
161,120,281
171,107,278
164,121,285
161,100,261
153,99,252
153,109,262
131,103,234
139,92,231
133,115,248
150,96,246
167,103,270
174,86,260
156,104,260
136,112,248
146,102,248
144,98,242
147,82,229
148,96,244
140,98,238
127,90,217
131,120,251
135,111,246
139,102,241
137,102,239
125,95,220
129,87,216
131,100,231
137,87,224
140,100,240
143,112,255
138,110,248
132,102,234
135,159,294
156,141,297
197,94,291
195,98,293
168,87,255
141,109,250
140,101,241
138,92,230
152,102,254
150,104,254
152,102,254
148,92,240
149,112,261
165,92,257
153,87,240
155,92,247
122,94,216
132,95,227
120,96,216
122,93,215
133,88,221
135,84,219
131,114,245
130,110,240
125,108,233
131,102,233
119,96,215
127,92,219
124,87,211
121,85,206
119,79,198
116,115,231
122,125,247
121,134,255
121,138,259
124,135,259
128,138,266
117,141,258
119,137,256
131,134,265
135,131,266
140,127,267
132,122,254
135,115,250
122,117,239
118,119,237
118,113,231
119,107,226
124,105,229
126,96,222
127,95,222
112,93,205
113,96,209
126,102,228
124,110,234
124,112,236
123,107,230
126,119,245
132,125,257
133,139,272
129,152,281
122,167,289
129,166,295
129,164,293
130,162,292
127,159,286
122,171,293
124,166,290
121,160,281
117,159,276
133,151,284
148,150,298
150,151,301
132,144,276
124,143,267
122,141,263
122,145,267
120,141,261
123,137,260
121,135,256
125,135,260
125,135,260
124,135,259
120,136,256
125,135,260
123,139,262
121,138,259
125,137,262
124,136,260
131,128,259
130,130,260
132,129,261
128,118,246
124,113,237
123,109,232
125,103,228
124,103,227
121,103,224
128,101,229
128,96,224
124,91,215
124,84,208
122,78,200
124,91,215
121,105,226
121,111,232
126,120,246
125,122,247
122,120,242
126,121,247
124,122,246
118,117,235
120,119,239
125,114,239
127,110,237
130,109,239
125,117,242
123,124,247
121,122,243
122,118,240
126,110,236
123,105,228
120,108,228
131,97,228
133,88,221
135,86,221
117,83,200
124,94,218
126,93,219
122,95,217
120,95,215
121,91,212
133,79,212
132,92,224
124,103,227
119,114,233
125,116,241
124,110,234
122,105,227
125,99,224
123,96,219
128,87,215
123,86,209
121,83,204
122,80,202
123,92,215
121,90,211
121,109,230
132,107,239
133,109,242
146,106,252
145,101,246
145,95,240
137,89,226
128,102,230
125,115,240
129,113,242
127,113,240
128,122,250
125,134,259
128,131,259
128,127,255
118,133,251
118,140,258
122,143,265
118,146,264
130,142,272
130,140,270
130,135,265
124,135,259
121,132,253
124,130,254
126,122,248
133,109,242
135,104,239
133,101,234
121,108,229
126,110,236
120,112,232
123,106,229
126,106,232
121,102,223
130,95,225
124,106,230
124,106,230
122,115,237
122,114,236
121,112,233
123,112,235
126,114,240
126,102,228
132,99,231
127,98,225
114,100,214
123,97,220
118,97,215
124,92,216
124,90,214
126,95,221
123,90,213
126,89,215
127,92,219
126,89,215
128,84,212
120,83,203
126,100,226
123,103,226
124,110,234
128,117,245
120,114,234
119,111,230
125,112,237
123,113,236
124,116,240
121,122,243
121,124,245
124,123,247
118,119,237
125,120,245
115,123,238
124,120,244
121,114,235
125,111,236
116,106,222
125,105,230
117,102,219
126,103,229
123,103,226
123,98,221
122,97,219
122,102,224
126,112,238
124,129,253
131,133,264
139,129,268
133,151,284
130,171,301
128,175,303
127,172,299
116,170,286
133,153,286
128,146,274
130,166,296
122,177,299
123,178,301
122,172,294
131,171,302
143,159,302
139,157,296
139,160,299
117,162,279
121,167,288
122,172,294
122,172,294
123,171,294
134,161,295
131,177,308
136,213,349
126,272,398
123,334,457
138,338,476
226,263,489
245,257,502
316,163,479
237,143,380
203,141,344
130,142,272
123,140,263
129,130,259
116,143,259
129,150,279
122,174,296
122,198,320
123,237,360
129,242,371
153,238,391
176,226,402
187,244,431
194,224,418
173,228,401
214,176,390
217,155,372
229,351,580
194,360,554
206,340,546
224,310,534
327,178,505
254,182,436
172,227,399
145,245,390
129,252,381
161,212,373
197,175,372
223,145,368
179,114,293
169,102,271
151,94,245
129,84,213
131,178,309
135,205,340
180,179,359
192,201,393
210,175,385
164,221,385
291,151,442
308,213,521
299,272,571
245,276,521
244,228,472
235,156,391
264,171,435
169,158,327
155,138,293
171,107,278
172,130,302
145,120,265
171,168,339
175,200,375
219,135,354
212,124,336
210,118,328
157,151,308
160,148,308
177,174,351
214,143,357
197,121,318
187,129,316
132,144,276
142,128,270
165,107,272
178,92,270
175,110,285
161,101,262
157,114,271
156,101,257
153,91,244
155,107,262
150,96,246
153,109,262
157,97,254
153,109,262
156,95,251
154,108,262
153,96,249
151,107,258
152,94,246
151,107,258
150,95,245
149,108,257
151,95,246
149,108,257
151,96,247
153,106,259
151,97,248
150,98,248
151,114,265
160,95,255
159,96,255
156,109,265
155,95,250
154,107,261
147,96,243
149,107,256
153,95,248
150,107,257
151,95,246
149,107,256
151,94,245
150,107,257
152,95,247
150,107,257
150,95,245
149,108,257
151,102,253
146,99,245
141,98,239
137,102,239
139,103,242
142,97,239
140,97,237
140,95,235
136,95,231
138,94,232
136,96,232
134,98,232
134,99,233
135,98,233
133,98,231
134,98,232
137,97,234
137,115,252
137,116,253
163,188,351
201,184,385
222,159,381
225,140,365
151,150,301
159,178,337
132,165,297
143,155,298
185,174,359
144,232,376
115,238,353
159,195,354
163,220,383
145,180,325
167,170,337
112,167,279
158,129,287
145,157,302
103,159,262
130,176,306
164,131,295
200,125,325
183,264,447
194,187,381
250,154,404
287,137,424
163,220,383
188,165,353
233,173,406
171,168,339
106,198,304
149,161,310
155,161,316
146,124,270
152,128,280
103,220,323
123,245,368
114,260,374
144,239,383
196,228,424
214,253,467
136,298,434
160,315,475
196,312,508
229,318,547
200,282,482
215,259,474
239,204,443
253,172,425
234,182,416
170,172,342
211,125,336
196,138,334
195,185,380
170,213,383
175,206,381
210,210,420
203,171,374
192,164,356
163,184,347
180,161,341
163,152,315
196,129,325
180,136,316
144,146,290
191,175,366
178,199,377
169,201,370
230,162,392
182,154,336
159,120,279
163,137,300
164,128,292
183,177,360
179,194,373
174,155,329
186,177,363
157,203,360
100,219,319
132,220,352
185,254,439
171,281,452
131,245,376
186,208,394
211,147,358
249,136,385
224,129,353
165,144,309
187,140,327
166,163,329
185,138,323
197,221,418
245,187,432
236,179,415
236,130,366
160,137,297
140,120,260
176,217,393
140,242,382
222,218,440
220,195,415
232,153,385
177,141,318
139,128,267
202,120,322
169,186,355
223,209,432
218,175,393
226,167,393
207,210,417
277,190,467
255,210,465
181,234,415
144,230,374
242,165,407
284,174,458
271,179,450
271,156,427
191,159,350
178,190,368
223,180,403
206,153,359
244,203,447
271,150,421
230,146,376
219,141,360
147,133,280
114,128,242
165,89,254
161,115,276
112,99,211
158,197,355
176,196,372
207,193,400
218,175,393
189,183,372
179,229,408
187,200,387
200,166,366
240,131,371
225,136,361
175,125,300
191,242,433
195,241,436
237,171,408
267,160,427
249,160,409
167,146,313
158,151,309
178,138,316
158,144,302
127,158,285
188,123,311
182,146,328
139,175,314
172,170,342
150,199,349
223,163,386
232,129,361
188,139,327
179,132,311
147,181,328
166,161,327
149,182,331
133,154,287
159,163,322
155,167,322
121,163,284
113,176,289
119,184,303
138,172,310
137,171,308
136,168,304
137,162,299
136,167,303
124,177,301
138,173,311
144,174,318
128,170,298
112,169,281
132,145,277
132,119,251
173,104,277
167,89,256
152,158,310
156,146,302
148,135,283
144,123,267
113,141,254
170,124,294
183,137,320
194,127,321
168,119,287
151,103,254
145,91,236
144,103,247
135,109,244
126,133,259
141,148,289
135,146,281
129,138,267
132,130,262
147,118,265
143,113,256
139,122,261
108,136,244
127,147,274
116,144,260
111,123,234
141,120,261
134,106,240
133,98,231
120,150,270
158,134,292
152,160,312
143,154,297
117,114,231
159,104,263
148,143,291
164,117,281
157,110,267
139,106,245
128,83,211
141,87,228
129,82,211
129,139,268
146,147,293
155,139,294
148,144,292
154,122,276
140,120,260
160,115,275
114,109,223
90,112,202
109,117,226
121,121,242
123,121,244
109,132,241
122,165,287
118,182,300
134,183,317
135,177,312
133,172,305
126,167,293
167,123,290
194,149,343
222,130,352
180,141,321
212,101,313
183,88,271
171,108,279
133,116,249
136,113,249
134,101,235
133,98,231
133,88,221
135,123,258
142,138,280
115,137,252
127,131,258
138,93,231
154,86,240
147,120,267
132,127,259
144,128,272
148,118,266
137,117,254
128,107,235
144,105,249
158,111,269
162,101,263
152,93,245
138,95,233
124,95,219
129,90,219
131,98,229
134,108,242
135,105,240
136,94,230
138,101,239
156,108,264
144,111,255
157,96,253
136,88,224
150,104,254
142,119,261
133,118,251
143,108,251
140,99,239
141,84,225
146,121,267
137,129,266
141,113,254
147,100,247
146,86,232
137,80,217
136,99,235
132,104,236
137,103,240
142,93,235
145,89,234
144,141,285
146,137,283
137,140,277
137,163,300
116,169,285
143,163,306
170,152,322
167,158,325
158,153,311
139,144,283
139,133,272
133,123,256
139,121,260
145,106,251
143,103,246
146,93,239
149,105,254
149,94,243
144,87,231
134,81,215
127,104,231
135,122,257
139,121,260
146,110,256
148,101,249
146,100,246
141,117,258
151,126,277
147,122,269
155,111,266
146,94,240
140,100,240
152,101,253
144,105,249
131,225,356
129,243,372
142,243,385
153,241,394
187,196,383
178,186,364
143,190,333
148,173,321
184,133,317
191,119,310
184,119,303
137,125,262
126,138,264
119,143,262
140,137,277
148,144,292
147,171,318
135,177,312
105,179,284
120,175,295
147,151,298
186,118,304
187,113,300
174,119,293
173,105,278
186,157,343
192,131,323
154,119,273
162,106,268
124,112,236
163,111,274
166,159,325
171,205,376
169,245,414
270,200,470
304,165,469
336,238,574
356,161,517
315,140,455
350,146,496
227,109,336
196,90,286
184,77,261
146,118,264
139,125,264
135,119,254
143,108,251
142,114,256
150,94,244
154,131,285
168,125,293
150,121,271
147,124,271
146,115,261
141,128,269
138,138,276
126,132,258
125,131,256
116,126,242
122,126,248
104,123,227
119,120,239
117,123,240
112,128,240
125,123,248
117,110,227
127,114,241
120,110,230
112,119,231
102,118,220
129,116,245
129,111,240
136,130,266
141,127,268
111,125,236
125,101,226
132,93,225
131,90,221
121,85,206
126,148,274
130,154,284
139,182,321
134,189,323
111,180,291
119,177,296
155,152,307
185,120,305
214,113,327
193,113,306
181,120,301
148,125,273
169,107,276
163,112,275
163,111,274
140,129,269
129,140,269
130,135,265
153,142,295
149,156,305
178,156,334
172,168,340
155,195,350
162,205,367
194,175,369
233,125,358
231,107,338
193,91,284
156,100,256
161,165,326
162,162,324
180,144,324
167,131,298
137,121,258
144,124,268
153,107,260
174,131,305
185,115,300
156,113,269
143,112,255
107,100,207
133,102,235
115,96,211
120,99,219
119,99,218
102,101,203
122,105,227
101,102,203
125,92,217
127,85,212
109,80,189
114,78,192
121,120,241
122,131,253
126,127,253
135,121,256
133,114,247
111,109,220
135,109,244
133,105,238
121,100,221
87,99,186
115,99,214
128,109,237
128,116,244
115,109,224
129,115,244
123,146,269
96,158,254
125,175,300
109,181,290
128,182,310
103,179,282
144,155,299
134,151,285
130,157,287
119,179,298
116,182,298
125,178,303
109,173,282
139,149,288
109,150,259
123,149,272
116,146,262
108,145,253
120,140,260
123,139,262
120,148,268
123,150,273
120,150,270
122,145,267
119,155,274
100,154,254
109,156,265
122,147,269
127,144,271
112,139,251
119,139,258
127,141,268
122,136,258
126,131,257
125,125,250
126,120,246
124,112,236
124,109,233
127,107,234
121,102,223
122,97,219
118,92,210
123,90,213
120,87,207
115,130,245
132,126,258
145,116,261
143,115,258
128,111,239
95,114,209
119,115,234
115,142,257
116,161,277
120,167,287
120,167,287
129,172,301
108,178,286
117,177,294
120,186,306
145,164,309
162,151,313
166,149,315
148,144,292
142,140,282
147,136,283
147,130,277
146,116,262
130,126,256
149,104,253
143,105,248
145,106,251
123,112,235
130,103,233
136,93,229
126,132,258
149,107,256
158,92,250
162,150,312
139,163,302
144,165,309
143,171,314
124,160,284
139,156,295
138,168,306
137,186,323
138,204,342
139,208,347
151,197,348
150,183,333
168,153,321
182,123,305
174,104,278
154,89,243
155,142,297
180,110,290
173,100,273
177,116,293
168,118,286
182,102,284
181,114,295
169,123,292
147,122,269
148,107,255
145,103,248
153,122,275
170,108,278
161,98,259
159,94,253
162,111,273
176,105,281
157,121,278
157,96,253
160,90,250
159,97,256
141,94,235
153,125,278
172,113,285
171,110,281
178,93,271
142,83,225
151,95,246
139,89,228
133,103,236
136,107,243
139,102,241
142,98,240
141,97,238
137,95,232
139,96,235
140,96,236
135,99,234
137,96,233
139,96,235
140,109,249
146,105,251
143,103,246
143,99,242
137,96,233
140,96,236
139,98,237
136,98,234
138,108,246
137,108,245
137,109,246
137,103,240
141,99,240
145,98,243
148,93,241
145,95,240
137,99,236
133,96,229
133,96,229
134,96,230
136,97,233
137,96,233
139,96,235
137,103,240
138,99,237
140,98,238
143,99,242
137,97,234
137,99,236
136,97,233
137,98,235
139,100,239
134,100,234
133,97,230
131,98,229
137,96,233
140,97,237
141,100,241
138,99,237
135,101,236
133,102,235
132,99,231
134,99,233
139,95,234
140,95,235
141,95,236
137,98,235
135,101,236
136,98,234
134,99,233
133,100,233
135,100,235
135,100,235
138,99,237
139,106,245
139,125,264
147,132,279
146,129,275
151,141,292
155,137,292
145,140,285
139,143,282
122,156,278
121,163,284
136,159,295
142,162,304
129,177,306
116,201,317
106,197,303
119,192,311
126,167,293
193,124,317
216,99,315
203,159,362
188,149,337
167,132,299
177,109,286
139,99,238
148,103,251
137,111,248
120,130,250
114,165,279
122,205,327
124,223,347
132,218,350
144,214,358
174,186,360
196,183,379
180,188,368
144,178,322
129,177,306
141,144,285
176,115,291
174,96,270
172,143,315
144,155,299
131,160,291
131,156,287
109,146,255
145,127,272
149,110,259
152,100,252
155,120,275
152,110,262
126,112,238
147,94,241
128,81,209
151,107,258
154,81,235
154,92,246
139,82,221
134,125,259
130,134,264
132,145,277
136,150,286
108,161,269
136,144,280
133,147,280
170,139,309
229,121,350
243,122,365
232,114,346
179,103,282
141,88,229
128,133,261
122,131,253
143,133,276
133,129,262
117,115,232
131,100,231
110,100,210
120,110,230
126,177,303
188,151,339
234,175,409
252,134,386
223,139,362
220,122,342
189,118,307
189,123,312
170,103,273
157,184,341
178,165,343
160,147,307
195,152,347
217,138,355
238,117,355
219,126,345
169,121,290
157,97,254
158,99,257
147,123,270
131,134,265
127,164,291
124,164,288
118,175,293
120,186,306
124,182,306
112,232,344
136,335,471
157,325,482
148,333,481
220,231,451
276,153,429
312,135,447
176,117,293
157,105,262
154,84,238
138,76,214
138,150,288
139,152,291
148,147,295
149,143,292
123,166,289
133,178,311
130,180,310
125,185,310
138,177,315
131,182,313
144,160,304
144,150,294
148,145,293
136,144,280
116,151,267
124,155,279
132,155,287
133,150,283
133,180,313
126,210,336
134,246,380
150,239,389
153,235,388
167,199,366
200,172,372
200,165,365
181,173,354
152,185,337
154,182,336
155,171,326
169,150,319
158,156,314
162,164,326
159,174,333
163,185,348
159,177,336
145,182,327
146,176,322
125,176,301
140,183,323
128,188,316
138,171,309
132,166,298
147,173,320
144,176,320
171,285,456
323,133,456
326,140,466
297,151,448
143,150,293
147,138,285
132,136,268
129,141,270
128,139,267
130,146,276
133,138,271
121,140,261
135,119,254
136,116,252
141,107,248
123,108,231
122,104,226
122,112,234
122,113,235
121,114,235
121,113,234
117,117,234
124,126,250
124,156,280
145,152,297
149,150,299
165,137,302
153,144,297
154,151,305
148,153,301
156,147,303
145,144,289
142,133,275
129,133,262
120,141,261
115,149,264
121,155,276
145,138,283
137,134,271
128,140,268
129,137,266
132,130,262
138,127,265
127,136,263
121,139,260
118,144,262
120,138,258
121,132,253
176,124,300
192,124,316
188,112,300
158,126,284
171,105,276
175,100,275
169,86,255
132,117,249
137,120,257
134,126,260
145,144,289
147,140,287
155,133,288
135,141,276
137,146,283
126,149,275
129,143,272
130,138,268
177,115,292
190,96,286
185,148,333
165,148,313
162,136,298
156,114,270
150,108,258
163,83,246
159,118,277
150,122,272
148,113,261
161,91,252
153,129,282
161,139,300
168,110,278
171,102,273
172,98,270
141,104,245
153,92,245
142,96,238
138,125,263
150,106,256
165,135,300
177,114,291
174,121,295
191,128,319
186,116,302
176,116,292
140,113,253
123,121,244
116,126,242
124,124,248
117,125,242
127,115,242
128,120,248
129,125,254
122,138,260
123,148,271
125,145,270
123,159,282
128,150,278
131,151,282
127,161,288
141,172,313
158,142,300
191,114,305
181,111,292
172,105,277
165,114,279
171,97,268
155,133,288
155,126,281
161,103,264
178,113,291
168,109,277
163,153,316
163,123,286
168,118,286
167,137,304
125,154,279
134,142,276
138,139,277
135,138,273
128,149,277
113,147,260
122,155,277
116,161,277
126,166,292
115,177,292
121,173,294
120,172,292
147,151,298
153,127,280
172,116,288
188,125,313
185,136,321
213,161,374
217,135,352
206,129,335
156,124,280
132,125,257
132,124,256
126,125,251
122,131,253
130,137,267
126,155,281
137,167,304
141,155,296
148,152,300
139,155,294
135,158,293
130,170,300
125,184,309
119,190,309
130,202,332
123,209,332
148,181,329
132,180,312
179,156,335
165,141,306
163,154,317
146,142,288
132,138,270
135,128,263
125,118,243
142,118,260
169,133,302
171,133,304
146,133,279
131,127,258
127,110,237
149,93,242
150,91,241
145,120,265
163,94,257
171,115,286
175,106,281
148,93,241
143,116,259
147,120,267
141,119,260
138,121,259
135,117,252
142,110,252
153,98,251
158,86,244
151,85,236
137,84,221
116,101,217
128,131,259
130,155,285
125,152,277
131,152,283
127,151,278
106,155,261
130,178,308
115,188,303
121,207,328
126,196,322
152,165,317
158,140,298
184,121,305
155,108,263
153,93,246
148,140,288
169,123,292
157,138,295
157,136,293
144,125,269
128,121,249
172,118,290
150,99,249
166,84,250
152,91,243
129,122,251
133,113,246
139,101,240
146,110,256
150,142,292
175,144,319
175,151,326
164,162,326
138,177,315
172,150,322
172,149,321
155,151,306
146,161,307
134,153,287
135,140,275
147,122,269
150,111,261
139,112,251
144,98,242
148,140,288
164,144,308
156,132,288
168,115,283
165,142,307
203,148,351
214,172,386
200,175,375
177,186,363
166,180,346
170,191,361
159,215,374
150,212,362
148,206,354
180,178,358
200,146,346
203,140,343
179,152,331
150,162,312
146,157,303
149,139,288
168,107,275
194,106,300
186,102,288
172,88,260
139,109,248
149,89,238
161,125,286
157,135,292
137,142,279
134,147,281
131,147,278
131,148,279
136,129,265
140,118,258
130,108,238
133,103,236
129,118,247
149,123,272
144,124,268
145,112,257
145,111,256
141,121,262
129,127,256
121,124,245
126,115,241
130,106,236
135,106,241
137,123,260
158,112,270
176,91,267
167,110,277
163,98,261
154,93,247
147,105,252
153,115,268
165,121,286
162,119,281
153,163,316
175,142,317
184,162,346
191,159,350
156,149,305
147,150,297
128,149,277
131,150,281
112,143,255
130,131,261
135,129,264
141,118,259
134,115,249
143,128,271
167,107,274
176,96,272
168,142,310
148,141,289
153,159,312
144,159,303
122,171,293
135,167,302
126,177,303
114,182,296
122,196,318
137,175,312
146,169,315
156,158,314
169,133,302
174,124,298
162,124,286
133,126,259
125,148,273
125,173,298
120,191,311
134,185,319
130,194,324
138,221,359
136,217,353
131,219,350
140,220,360
168,201,369
175,211,386
169,207,376
142,197,339
169,178,347
163,192,355
150,196,346
139,206,345
135,231,366
156,233,389
141,236,377
162,224,386
179,227,406
189,216,405
163,212,375
163,201,364
184,171,355
177,160,337
168,160,328
140,163,303
117,167,284
128,166,294
115,171,286
156,134,290
166,130,296
170,116,286
156,104,260
157,92,249
154,101,255
151,121,272
160,99,259
159,93,252
155,87,242
130,113,243
126,108,234
137,97,234
139,86,225
139,120,259
148,126,274
148,123,271
135,118,253
133,119,252
141,127,268
139,202,341
141,289,430
136,293,429
147,285,432
210,225,435
254,171,425
262,143,405
198,142,340
160,145,305
133,180,313
131,179,310
135,178,313
129,176,305
134,178,312
109,180,289
143,155,298
162,161,323
156,166,322
139,170,309
129,168,297
129,165,294
125,163,288
126,164,290
135,168,303
125,170,295
135,175,310
127,181,308
131,178,309
139,172,311
139,175,314
135,199,334
131,215,346
135,225,360
136,222,358
177,189,366
184,179,363
172,179,351
124,175,299
135,180,315
143,172,315
146,166,312
141,156,297
142,151,293
152,136,288
156,120,276
173,141,314
183,140,323
176,133,309
160,126,286
124,121,245
122,109,231
129,107,236
127,101,228
108,95,203
142,92,234
135,141,276
144,137,281
148,133,281
143,127,270
131,138,269
144,138,282
142,131,273
146,130,276
139,134,273
138,132,270
141,137,278
133,135,268
117,142,259
116,140,256
132,141,273
138,139,277
143,127,270
139,119,258
140,113,253
135,112,247
138,147,285
140,237,377
258,138,396
262,176,438
250,203,453
133,203,336
152,201,353
149,208,357
171,165,336
178,167,345
209,141,350
182,136,318
163,143,306
142,150,292
129,158,287
134,165,299
132,171,303
133,174,307
123,182,305
126,191,317
140,185,325
155,180,335
159,176,335
143,183,326
129,192,321
139,179,318
144,182,326
143,181,324
141,175,316
140,174,314
141,182,323
131,188,319
139,178,317
142,181,323
141,181,322
139,176,315
139,186,325
140,187,327
131,191,322
137,188,325
179,156,335
187,153,340
178,155,333
138,158,296
133,166,299
134,166,300
137,177,314
136,177,313
129,186,315
126,191,317
140,175,315
144,189,333
143,198,341
137,192,329
143,195,338
151,188,339
151,191,342
145,190,335
151,184,335
145,188,333
152,176,328
148,174,322
147,179,326
136,191,327
128,194,322
136,198,334
136,196,332
159,181,340
152,202,354
159,216,375
140,232,372
137,253,390
164,217,381
197,184,381
228,165,393
214,156,370
174,143,317
165,125,290
153,116,269
152,107,259
149,181,330
171,167,338
211,122,333
216,87,303
203,109,312
159,125,284
129,133,262
123,154,277
126,184,310
130,177,307
140,173,313
146,173,319
163,154,317
152,143,295
143,147,290
131,149,280
120,150,270
120,147,267
120,151,271
121,152,273
119,150,269
121,159,280
124,161,285
119,171,290
122,171,293
122,167,289
116,173,289
131,151,282
145,146,291
136,151,287
126,155,281
116,171,287
128,181,309
128,197,325
118,209,327
139,197,336
137,200,337
162,180,342
174,160,334
192,149,341
177,140,317
146,153,299
149,163,312
143,174,317
147,182,329
145,188,333
142,189,331
136,208,344
138,205,343
145,186,331
151,182,333
176,142,318
181,117,298
204,98,302
186,151,337
175,144,319
144,151,295
138,147,285
105,145,250
138,158,296
160,150,310
153,141,294
154,134,288
159,138,297
141,145,286
136,158,294
130,156,286
144,154,298
143,157,300
134,156,290
127,185,312
144,184,328
152,181,333
158,184,342
139,194,333
131,197,328
126,208,334
150,203,353
161,195,356
164,182,346
163,151,314
173,132,305
161,127,288
152,111,263
146,95,241
161,136,297
152,149,301
161,138,299
155,130,285
158,124,282
142,140,282
168,123,291
159,133,292
154,147,301
139,152,291
143,162,305
123,179,302
125,192,317
124,210,334
137,203,340
162,187,349
168,170,338
173,145,318
163,135,298
137,136,273
130,135,265
132,129,261
136,126,262
158,106,264
150,110,260
144,105,249
129,98,227
129,96,225
111,98,209
116,108,224
139,131,270
150,138,288
157,140,297
154,153,307
135,171,306
128,181,309
130,189,319
127,204,331
144,215,359
146,213,359
155,201,356
169,173,342
202,135,337
200,119,319
192,109,301
164,148,312
189,120,309
175,136,311
157,153,310
133,151,284
140,157,297
137,168,305
143,176,319
139,194,333
122,212,334
125,216,341
138,198,336
171,172,343
168,176,344
164,190,354
131,189,320
132,192,324
145,183,328
154,180,334
155,175,330
146,167,313
140,174,314
144,179,323
151,198,349
147,199,346
140,197,337
136,201,337
161,184,345
157,179,336
161,179,340
137,185,322
123,180,303
137,171,308
146,167,313
139,158,297
141,146,287
137,141,278
132,138,270
117,138,255
123,133,256
127,125,252
130,116,246
124,107,231
135,100,235
130,144,274
149,140,289
166,140,306
173,125,298
158,129,287
157,122,279
132,142,274
131,172,303
124,178,302
114,192,306
121,196,317
130,186,316
138,181,319
148,173,321
152,177,329
151,181,332
124,197,321
120,210,330
144,215,359
142,223,365
157,225,382
165,205,370
183,184,367
182,160,342
177,155,332
162,145,307
138,146,284
135,154,289
128,157,285
140,136,276
151,151,302
178,157,335
226,118,344
223,120,343
207,138,345
171,129,300
169,126,295
166,132,298
157,145,302
159,155,314
168,171,339
163,185,348
156,188,344
184,184,368
186,189,375
202,177,379
176,157,333
190,134,324
194,108,302
186,132,318
186,119,305
162,156,318
179,144,323
160,143,303
173,130,303
147,134,281
155,99,254
173,107,280
166,119,285
120,125,245
122,136,258
123,149,272
125,147,272
113,149,262
139,138,277
126,147,273
119,163,282
135,146,281
143,139,282
146,132,278
137,133,270
123,131,254
129,126,255
128,137,265
130,147,277
130,147,277
127,150,277
127,148,275
124,171,295
115,181,296
111,185,296
126,217,343
135,230,365
138,216,354
153,203,356
199,169,368
202,151,353
200,145,345
159,151,310
152,146,298
143,148,291
143,149,292
149,164,313
155,173,328
143,175,318
139,175,314
120,176,296
152,158,310
166,171,337
182,170,352
159,163,322
162,146,308
156,138,294
154,130,284
157,130,287
149,147,296
201,103,304
193,92,285
158,89,247
125,94,219
133,124,257
138,130,268
143,135,278
150,143,293
138,193,331
136,208,344
120,242,362
148,401,549
158,423,581
166,444,610
273,312,585
358,235,593
387,219,606
336,138,474
88,113,201
137,153,290
192,153,345
178,171,349
159,176,335
127,183,310
153,189,342
141,196,337
121,203,324
140,191,331
157,183,340
174,168,342
176,142,318
189,129,318
160,120,280
157,124,281
164,147,311
176,152,328
181,151,332
176,154,330
192,164,356
208,156,364
201,171,372
181,179,360
143,177,320
160,186,346
153,179,332
139,191,330
122,205,327
135,226,361
165,193,358
178,177,355
233,113,346
213,106,319
201,94,295
148,113,261
149,120,269
138,114,252
143,103,246
155,92,247
152,81,233
140,140,280
146,140,286
151,133,284
168,115,283
141,122,263
143,126,269
120,136,256
129,150,279
126,156,282
126,163,289
133,166,299
120,169,289
122,171,293
117,174,291
115,177,292
129,164,293
160,151,311
185,130,315
175,125,300
164,124,288
141,136,277
137,133,270
125,134,259
140,146,286
137,144,281
146,126,272
145,111,256
148,103,251
135,100,235
125,94,219
126,113,239
144,142,286
145,126,271
149,110,259
155,117,272
137,117,254
130,111,241
120,104,224
117,84,201
131,152,283
149,176,325
98,196,294
151,254,405
251,114,365
302,104,406
293,140,433
171,132,303
167,122,289
149,121,270
137,99,236
141,106,247
138,100,238
108,94,202
124,89,213
101,93,194
113,102,215
118,103,221
112,102,214
120,100,220
119,95,214
119,97,216
120,93,213
119,111,230
98,131,229
102,147,249
133,166,299
132,170,302
141,165,306
130,178,308
121,191,312
117,191,308
128,176,304
184,119,303
213,89,302
203,130,333
161,120,281
126,112,238
133,104,237
108,96,204
118,90,208
111,84,195
119,78,197
116,131,247
131,150,281
133,148,281
131,149,280
162,121,283
156,118,274
156,119,275
134,141,275
129,154,283
109,160,269
138,155,293
139,157,296
141,159,300
141,155,296
157,132,289
147,127,274
163,99,262
144,100,244
143,105,248
106,103,209
124,100,224
106,103,209
119,105,224
80,114,194
110,116,226
114,116,230
120,129,249
94,143,237
124,174,298
121,182,303
137,179,316
124,179,303
130,183,313
135,187,322
172,155,327
175,137,312
175,115,290
149,111,260
132,104,236
132,148,280
165,142,307
142,141,283
131,147,278
112,146,258
140,150,290
150,142,292
150,148,298
139,155,294
125,172,297
148,153,301
143,157,300
140,172,312
125,187,312
119,206,325
115,222,337
134,219,353
170,194,364
196,150,346
197,140,337
173,128,301
159,90,249
177,122,299
157,146,303
140,152,292
128,164,292
124,171,295
129,202,331
129,216,345
114,217,331
129,192,321
169,169,338
190,137,327
204,116,320
179,99,278
151,87,238
145,115,260
147,150,297
176,134,310
176,133,309
129,131,260
132,137,269
142,157,299
137,163,300
134,165,299
134,167,301
137,174,311
127,187,314
138,198,336
121,206,327
144,202,346
151,202,353
163,178,341
147,168,315
148,169,317
154,149,303
165,128,293
170,130,300
143,144,287
130,142,272
125,147,272
127,142,269
122,132,254
133,130,263
133,137,270
128,129,257
110,136,246
121,144,265
110,151,261
119,162,281
115,163,278
105,164,269
117,164,281
124,161,285
126,162,288
125,172,297
117,179,296
124,178,302
123,174,297
135,198,333
148,224,372
146,215,361
139,209,348
143,191,334
169,146,315
198,129,327
191,99,290
169,91,260
161,109,270
145,110,255
161,102,263
152,97,249
134,89,223
123,87,210
110,88,198
116,94,210
121,90,211
117,91,208
119,90,209
117,95,212
122,101,223
117,111,228
123,125,248
117,132,249
116,150,266
127,165,292
136,156,292
133,155,288
135,161,296
114,170,284
122,191,313
121,204,325
123,226,349
141,211,352
161,194,355
171,182,353
217,114,331
216,95,311
223,120,343
158,149,307
154,151,305
155,144,299
141,157,298
140,167,307
126,160,286
142,150,292
143,131,274
147,124,271
151,111,262
143,101,244
143,117,260
149,127,276
153,127,280
153,122,275
148,121,269
137,145,282
147,157,304
139,153,292
141,149,290
134,137,271
131,132,263
114,134,248
122,136,258
121,131,252
142,104,246
155,95,250
165,124,289
142,112,254
141,107,248
150,113,263
145,116,261
173,94,267
175,122,297
166,143,309
166,115,281
177,115,292
139,118,257
131,131,262
135,158,293
111,163,274
124,160,284
141,156,297
152,162,314
147,193,340
129,192,321
137,184,321
137,188,325
172,156,328
192,130,322
191,136,327
151,143,294
130,154,284
125,165,290
131,170,301
132,169,301
134,175,309
128,177,305
127,182,309
126,183,309
147,173,320
166,162,328
169,166,335
149,174,323
131,174,305
126,180,306
126,183,309
143,170,313
149,175,324
153,171,324
134,180,314
127,181,308
136,182,318
139,188,327
140,190,330
132,195,327
157,172,329
185,154,339
190,154,344
162,158,320
138,165,303
131,172,303
127,172,299
128,179,307
126,188,314
137,174,311
146,171,317
147,183,330
132,195,327
125,199,324
146,185,331
146,190,336
151,191,342
144,190,334
144,192,336
155,181,336
144,187,331
154,180,334
141,182,323
137,192,329
146,175,321
147,178,325
147,188,335
138,180,318
138,182,320
138,192,330
147,175,322
147,192,339
147,210,357
137,206,343
150,184,334
164,195,359
171,209,380
172,208,380
172,217,389
174,207,381
143,202,345
172,179,351
161,202,363
154,199,353
145,186,331
165,158,323
176,143,319
176,143,319
148,148,296
135,170,305
154,163,317
174,149,323
170,156,326
144,164,308
125,186,311
134,202,336
134,211,345
127,211,338
156,191,347
175,179,354
199,157,356
158,161,319
155,166,321
128,165,293
128,163,291
128,189,317
119,198,317
114,204,318
119,202,321
171,149,320
211,110,321
227,161,388
198,185,383
161,219,380
149,227,376
96,247,343
154,365,519
170,359,529
194,357,551
276,252,528
298,191,489
303,171,474
202,137,339
176,124,300
197,159,356
187,170,357
171,184,355
129,179,308
91,174,265
168,124,292
191,122,313
177,117,294
156,121,277
161,116,277
166,107,273
167,125,292
159,131,290
160,129,289
155,130,285
175,151,326
192,158,350
202,157,359
217,117,334
182,105,287
206,169,375
169,160,329
151,157,308
145,138,283
90,122,212
128,107,235
121,89,210
161,120,281
155,148,303
155,133,288
152,116,268
159,101,260
154,131,285
173,152,325
186,138,324
200,129,329
145,126,271
136,122,258
129,110,239
139,110,249
138,109,247
144,102,246
140,116,256
143,126,269
132,121,253
139,112,251
139,106,245
147,93,240
148,120,268
136,130,266
139,135,274
149,140,289
166,121,287
171,107,278
161,104,265
143,100,243
128,101,229
134,118,252
151,123,274
172,107,279
176,103,279
164,195,359
183,151,334
173,142,315
164,128,292
98,114,212
132,103,235
138,82,220
144,89,233
123,86,209
136,111,247
136,126,262
153,105,258
151,120,271
145,124,269
125,123,248
136,117,253
143,108,251
152,104,256
154,95,249
148,115,263
145,140,285
139,138,277
156,136,292
155,138,293
157,120,277
169,112,281
175,94,269
171,134,305
179,128,307
182,190,372
230,133,363
229,115,344
217,195,412
215,134,349
212,119,331
225,101,326
159,121,280
167,112,279
168,138,306
178,131,309
152,138,290
139,145,284
121,145,266
130,137,267
144,116,260
166,113,279
161,135,296
135,162,297
163,213,376
267,108,375
273,107,380
256,97,353
160,104,264
165,100,265
151,166,317
166,143,309
179,158,337
178,172,350
129,188,317
146,179,325
143,221,364
147,225,372
128,227,355
136,223,359
194,174,368
233,137,370
228,133,361
170,132,302
122,121,243
138,109,247
136,108,244
133,111,244
123,112,235
121,118,239
127,113,240
128,102,230
125,105,230
123,104,227
112,107,219
128,99,227
129,98,227
133,107,240
128,107,235
127,105,232
133,95,228
135,91,226
139,89,228
116,95,211
126,93,219
127,95,222
132,105,237
127,131,258
125,140,265
161,110,271
186,97,283
168,87,255
141,92,233
130,141,271
147,119,266
160,106,266
160,95,255
131,106,237
137,127,264
157,134,291
153,99,252
191,122,313
194,96,290
164,93,257
153,110,263
138,130,268
144,149,293
145,160,305
140,161,301
139,162,301
133,166,299
161,140,301
163,136,299
159,132,291
168,121,289
154,123,277
157,120,277
138,125,263
164,100,264
161,101,262
161,109,270
143,115,258
142,113,255
161,103,264
122,109,231
139,112,251
127,113,240
123,126,249
128,131,259
133,134,267
169,131,300
173,123,296
209,137,346
201,135,336
200,149,349
189,154,343
174,133,307
184,127,311
178,123,301
177,131,308
165,157,322
178,139,317
185,132,317
215,99,314
198,104,302
170,101,271
122,96,218
121,91,212
122,107,229
124,106,230
131,91,222
139,97,236
133,102,235
134,99,233
135,96,231
122,104,226
105,104,209
120,100,220
125,99,224
116,96,212
120,95,215
116,96,212
113,96,209
125,92,217
135,130,265
160,111,271
159,102,261
147,109,256
126,106,232
123,109,232
121,118,239
106,121,227
135,111,246
140,106,246
115,104,219
113,111,224
120,119,239
118,115,233
124,111,235
128,100,228
129,95,224
117,89,206
119,95,214
110,96,206
117,98,215
121,104,225
117,94,211
123,85,208
122,100,222
108,103,211
119,104,223
118,117,235
126,117,243
131,126,257
130,126,256
118,135,253
120,135,255
124,144,268
123,164,287
119,167,286
105,179,284
117,196,313
124,181,305
135,166,301
141,160,301
213,95,308
226,116,342
215,117,332
110,96,206
150,83,233
149,116,265
116,132,248
150,136,286
136,132,268
139,111,250
149,93,242
150,124,274
107,113,220
136,107,243
129,101,230
120,102,222
119,114,233
123,121,244
98,127,225
116,139,255
106,151,257
128,150,278
144,157,301
149,159,308
154,162,316
159,156,315
145,155,300
129,166,295
121,182,303
110,172,282
144,182,326
145,186,331
139,178,317
128,183,311
142,177,319
122,179,301
137,151,288
153,143,296
156,145,301
138,147,285
135,163,298
134,169,303
127,175,302
137,160,297
159,136,295
148,126,274
149,126,275
174,85,259
171,126,297
164,140,304
121,136,257
136,138,274
123,139,262
117,138,255
120,133,253
123,128,251
119,134,253
124,134,258
117,131,248
127,120,247
130,116,246
124,121,245
118,124,242
122,149,271
124,149,273
123,150,273
120,145,265
123,141,264
107,135,242
112,133,245
116,138,254
121,135,256
123,158,281
110,162,272
131,170,301
139,167,306
124,178,302
124,191,315
102,203,305
129,190,319
139,189,328
167,170,337
156,173,329
152,179,331
129,178,307
124,178,302
149,149,298
147,131,278
163,115,278
152,151,303
168,118,286
165,111,276
143,111,254
122,124,246
125,149,274
124,161,285
122,170,292
123,178,301
118,186,304
99,190,289
140,182,322
143,174,317
142,180,322
138,180,318
126,182,308
119,175,294
143,163,306
152,150,302
154,135,289
160,112,272
151,103,254
128,100,228
125,95,220
118,93,211
121,98,219
123,96,219
94,90,184
127,103,230
113,110,223
119,106,225
121,104,225
117,103,220
102,111,213
133,121,254
126,125,251
129,122,251
109,131,240
131,142,273
116,158,274
123,159,282
123,167,290
124,174,298
123,178,301
125,180,305
120,184,304
141,160,301
144,144,288
160,129,289
139,121,260
108,110,218
134,92,226
120,90,210
134,146,280
125,153,278
116,143,259
164,124,288
153,111,264
151,110,261
135,115,250
120,122,242
119,127,246
129,123,252
137,136,273
144,138,282
140,152,292
135,164,299
153,143,296
174,127,301
167,135,302
149,152,301
124,162,286
126,165,291
125,187,312
136,188,324
130,188,318
138,175,313
142,158,300
175,129,304
179,255,434
175,267,442
172,260,432
193,250,443
198,221,419
152,212,364
166,177,343
186,153,339
181,152,333
144,164,308
127,167,294
123,163,286
121,165,286
121,179,300
104,187,291
132,194,326
127,193,320
152,161,313
174,141,315
182,121,303
179,107,286
174,94,268
158,96,254
155,94,249
127,100,227
132,96,228
128,89,217
135,89,224
129,90,219
117,90,207
121,86,207
126,85,211
124,86,210
127,87,214
127,87,214
123,97,220
120,96,216
122,100,222
121,104,225
122,103,225
136,91,227
146,150,296
141,135,276
146,122,268
146,122,268
117,122,239
115,120,235
138,99,237
141,94,235
142,89,231
117,88,205
120,88,208
119,92,211
130,122,252
139,115,254
141,110,251
135,104,239
122,105,227
123,100,223
125,94,219
128,92,220
129,122,251
127,141,268
126,140,266
129,148,277
106,136,242
135,142,277
119,154,273
114,161,275
110,181,291
132,187,319
139,185,324
132,186,318
144,168,312
142,169,311
143,154,297
145,145,290
140,159,299
128,164,292
130,159,289
134,179,313
152,172,324
153,178,331
161,185,346
167,174,341
158,157,315
149,142,291
154,143,297
152,129,281
141,113,254
147,106,253
146,94,240
145,116,261
154,105,259
157,91,248
150,85,235
143,127,270
141,130,271
158,107,265
163,103,266
154,99,253
147,89,236
144,121,265
145,109,254
140,103,243
141,96,237
126,83,209
140,132,272
145,144,289
143,167,310
149,160,309
140,178,318
151,170,321
148,165,313
161,143,304
156,159,315
139,154,293
145,146,291
151,130,281
146,119,265
146,103,249
150,92,242
150,123,273
151,109,260
147,104,251
142,97,239
132,88,220
146,110,256
146,109,255
143,99,242
146,107,253
141,99,240
150,91,241
144,86,230
141,133,274
142,134,276
149,119,268
148,220,368
211,189,400
294,133,427
305,132,437
212,119,331
161,98,259
165,89,254
156,135,291
150,132,282
163,107,270
158,96,254
146,88,234
144,108,252
143,142,285
143,157,300
163,131,294
166,131,297
177,127,304
165,119,284
187,128,315
188,113,301
184,105,289
162,91,253
150,119,269
151,116,267
161,97,258
161,113,274
154,110,264
155,135,290
170,130,300
167,146,313
165,150,315
136,174,310
139,189,328
150,194,344
155,195,350
154,196,350
153,192,345
145,195,340
157,186,343
167,175,342
187,165,352
197,148,345
171,149,320
161,140,301
145,121,266
148,107,255
140,99,239
127,94,221
138,131,269
146,127,273
154,138,292
141,150,291
136,154,290
131,159,290
125,161,286
136,161,297
150,148,298
164,139,303
158,142,300
148,145,293
138,158,296
143,161,304
125,177,302
131,186,317
103,193,296
130,196,326
148,176,324
161,157,318
153,150,303
129,153,282
125,159,284
120,170,290
116,172,288
123,185,308
121,183,304
129,177,306
147,162,309
155,162,317
133,162,295
134,157,291
117,155,272
130,141,271
132,136,268
129,143,272
113,138,251
112,134,246
154,95,249
171,145,316
186,151,337
153,147,300
161,126,287
156,100,256
167,106,273
171,116,287
161,111,272
141,119,260
164,116,280
167,98,265
169,85,254
142,104,246
136,122,258
151,87,238
163,129,292
161,145,306
149,144,293
161,134,295
153,115,268
162,94,256
165,100,265
154,101,255
141,92,233
144,140,284
156,137,293
163,140,303
162,133,295
155,125,280
153,129,282
141,139,280
123,146,269
125,152,277
126,145,271
133,147,280
137,151,288
130,156,286
129,148,277
148,145,293
146,140,286
136,143,279
132,168,300
127,172,299
135,159,294
173,114,287
174,111,285
173,93,266
154,147,301
163,129,292
158,116,274
144,99,243
130,95,225
147,113,260
143,119,262
150,118,268
147,125,272
141,123,264
150,107,257
148,108,256
160,88,248
155,124,279
144,121,265
151,124,275
146,137,283
141,155,296
195,113,308
199,131,330
189,125,314
171,114,285
166,104,270
149,140,289
160,135,295
162,145,307
166,133,299
166,123,289
166,176,342
195,166,361
192,171,363
225,163,388
219,129,348
226,114,340
212,105,317
171,153,324
177,146,323
172,146,318
159,147,306
129,171,300
137,170,307
135,170,305
128,173,301
120,168,288
135,151,286
151,135,286
171,114,285
159,93,252
154,88,242
132,87,219
132,134,266
135,137,272
150,145,295
156,146,302
144,148,292
147,133,280
154,103,257
175,81,256
161,118,279
149,118,267
147,113,260
144,117,261
144,108,252
150,102,252
151,101,252
141,101,242
135,98,233
140,100,240
143,95,238
135,96,231
134,114,248
145,103,248
146,96,242
159,145,304
155,154,309
148,151,299
155,141,296
147,123,270
160,116,276
151,128,279
145,115,260
146,108,254
160,92,252
152,120,272
157,116,273
156,110,266
144,114,258
143,135,278
140,143,283
144,139,283
131,144,275
150,118,268
156,97,253
158,89,247
148,112,260
133,122,255
125,142,267
135,135,270
132,146,278
127,153,280
128,203,331
130,215,345
126,209,335
120,199,319
183,152,335
176,146,322
200,117,317
181,144,325
196,114,310
199,134,333
180,128,308
172,100,272
169,112,281
163,109,272
170,114,284
176,114,290
180,108,288
176,100,276
153,125,278
174,102,276
161,102,263
166,109,275
152,99,251
155,107,262
144,92,236
157,119,276
153,116,269
158,105,263
159,102,261
148,110,258
159,134,293
174,126,300
163,148,311
176,154,330
158,142,300
165,132,297
154,131,285
138,134,272
134,152,286
153,151,304
157,159,316
183,200,383
171,218,389
140,222,362
142,204,346
192,168,360
225,129,354
192,106,298
194,149,343
188,157,345
202,150,352
194,146,340
160,153,313
134,153,287
120,148,268
131,167,298
143,177,320
129,193,322
144,193,337
133,198,331
132,195,327
150,183,333
156,196,352
139,193,332
137,175,312
161,137,298
177,116,293
183,99,282
163,99,262
161,102,263
157,111,268
152,97,249
148,130,278
167,111,278
164,126,290
161,268,429
146,254,400
175,224,399
225,154,379
203,143,346
129,137,266
141,126,267
144,112,256
148,109,257
147,102,249
148,91,239
140,104,244
130,103,233
131,95,226
137,95,232
138,121,259
140,122,262
144,129,273
146,118,264
141,111,252
153,100,253
157,106,263
158,133,291
151,133,284
139,145,284
129,154,283
131,141,272
143,149,292
142,159,301
112,162,274
127,160,287
120,163,283
121,151,272
136,147,283
112,152,264
113,167,280
130,168,298
130,167,297
122,173,295
128,164,292
128,158,286
136,158,294
134,159,293
140,162,302
141,150,291
132,150,282
130,135,265
136,129,265
108,126,234
127,124,251
120,117,237
122,129,251
127,120,247
114,118,232
131,111,242
128,133,261
120,146,266
128,140,268
134,141,275
135,149,284
128,152,280
125,143,268
134,145,279
162,110,272
169,92,261
169,103,272
158,103,261
161,133,294
159,131,290
154,125,279
150,107,257
142,100,242
151,142,293
170,110,280
182,172,354
206,141,347
185,137,322
182,118,300
151,107,258
142,111,253
108,107,215
116,107,223
116,106,222
120,109,229
124,105,229
132,103,235
130,108,238
126,106,232
120,105,225
118,109,227
124,112,236
119,126,245
117,143,260
122,148,270
136,135,271
132,138,270
130,153,283
125,169,294
115,169,284
120,175,295
121,185,306
129,181,310
130,181,311
136,176,312
128,173,301
148,148,296
185,110,295
210,122,332
184,107,291
182,102,284
165,96,261
145,88,233
143,101,244
142,110,252
153,88,241
159,125,284
168,106,274
174,122,296
178,123,301
164,119,283
155,110,265
139,112,251
133,132,265
180,97,277
183,108,291
177,99,276
151,157,308
171,140,311
158,133,291
169,113,282
128,108,236
128,105,233
126,113,239
120,118,238
122,117,239
121,136,257
119,168,287
125,177,302
137,176,313
138,174,312
131,172,303
125,190,315
136,214,350
137,227,364
131,232,363
163,184,347
179,184,363
203,179,382
170,185,355
180,169,349
179,230,409
277,119,396
265,122,387
240,122,362
145,95,240
155,79,234
148,101,249
126,105,231
107,91,198
150,98,248
148,92,240
143,96,239
124,124,248
132,134,266
144,131,275
140,137,277
134,139,273
133,141,274
136,136,272
135,142,277
132,140,272
129,142,271
133,137,270
137,141,278
121,142,263
147,120,267
154,104,258
162,112,274
162,109,271
168,116,284
172,98,270
159,138,297
160,116,276
163,108,271
162,97,259
141,107,248
152,91,243
146,110,256
138,110,248
138,104,242
138,92,230
142,106,248
146,115,261
145,110,255
149,119,268
148,108,256
149,98,247
142,89,231
129,110,239
147,104,251
140,91,231
144,108,252
140,115,255
139,106,245
141,94,235
138,90,228
141,136,277
145,140,285
157,134,291
166,132,298
136,139,275
121,157,278
129,164,293
128,159,287
128,149,277
126,149,275
134,157,291
117,151,268
127,143,270
129,133,262
131,135,266
125,144,269
121,145,266
139,122,261
167,108,275
168,116,284
126,116,242
121,128,249
117,145,262
117,160,277
127,188,315
134,197,331
132,220,352
126,242,368
169,209,378
181,199,380
191,183,374
178,174,352
150,186,336
147,193,340
132,195,327
137,187,324
165,153,318
177,140,317
171,133,304
131,125,256
156,138,294
161,120,281
197,117,314
165,112,277
131,123,254
126,121,247
127,119,246
134,121,255
134,120,254
130,116,246
120,110,230
128,123,251
153,155,308
190,125,315
196,112,308
180,110,290
152,134,286
162,142,304
160,134,294
143,132,275
125,130,255
114,140,254
124,151,275
120,161,281
97,163,260
117,166,283
134,175,309
149,178,327
150,169,319
161,155,316
158,139,297
160,120,280
156,105,261
146,179,325
164,164,328
156,181,337
148,197,345
81,203,284
106,208,314
147,210,357
156,209,365
163,195,358
142,197,339
163,162,325
195,122,317
191,113,304
202,106,308
165,122,287
183,99,282
169,114,283
163,103,266
149,101,250
149,86,235
140,115,255
151,115,266
153,99,252
162,116,278
156,109,265
171,106,277
167,94,261
162,144,306
167,139,306
165,137,302
165,124,289
143,113,256
167,136,303
184,135,319
177,138,315
155,135,290
119,146,265
129,142,271
117,133,250
128,142,270
122,142,264
126,145,271
118,159,277
136,151,287
141,137,278
148,129,277
145,115,260
169,106,275
174,119,293
172,118,290
151,109,260
153,101,254
147,118,265
141,116,257
177,137,314
175,132,307
171,167,338
151,174,325
114,177,291
132,183,315
127,182,309
133,170,303
149,164,313
148,163,311
130,159,289
124,156,280
126,152,278
123,150,273
123,146,269
123,151,274
123,149,272
126,147,273
127,146,273
127,151,278
130,148,278
129,148,277
129,143,272
127,139,266
128,135,263
135,128,263
134,125,259
132,130,262
125,126,251
126,125,251
125,124,249
124,130,254
123,126,249
125,124,249
125,125,250
126,126,252
124,124,248
126,129,255
127,131,258
125,130,255
125,130,255
128,126,254
126,125,251
126,130,256
123,129,252
126,126,252
126,126,252
125,128,253
122,126,248
123,126,249
123,125,248
123,130,253
122,128,250
126,126,252
125,125,250
125,131,256
124,130,254
126,129,255
125,127,252
127,126,253
123,126,249
122,127,249
122,125,247
125,130,255
125,129,254
125,127,252
126,124,250
125,126,251
122,126,248
125,130,255
126,129,255
126,128,254
126,126,252
125,133,258
122,162,284
126,183,309
129,199,328
144,211,355
153,196,349
132,187,319
152,187,339
164,166,330
163,159,322
145,164,309
122,171,293
124,182,306
114,179,293
115,175,290
132,158,290
143,149,292
142,155,297
125,165,290
122,168,290
115,170,285
114,175,289
121,202,323
118,194,312
125,196,321
129,202,331
177,136,313
206,113,319
218,141,359
193,150,343
208,139,347
191,138,329
153,131,284
156,115,271
161,86,247
158,163,321
123,164,287
133,161,294
131,290,421
94,337,431
121,377,498
115,390,505
279,228,507
326,204,530
362,182,544
225,160,385
196,157,353
174,159,333
159,148,307
159,147,306
152,137,289
149,155,304
150,153,303
145,155,300
142,163,305
121,158,279
126,161,287
140,159,299
148,152,300
135,155,290
151,145,296
146,153,299
204,125,329
197,127,324
175,133,308
149,117,266
166,110,276
171,146,317
176,183,359
222,141,363
238,139,377
239,142,381
203,143,346
229,129,358
205,159,364
176,171,347
148,169,317
150,161,311
143,172,315
137,203,340
115,230,345
128,217,345
163,179,342
180,163,343
153,150,303
140,143,283
131,132,263
132,121,253
130,111,241
144,94,238
147,118,265
151,119,270
151,107,258
143,102,245
137,105,242
125,98,223
142,85,227
137,112,249
132,136,268
143,135,278
136,130,266
136,132,268
147,114,261
162,101,263
173,85,258
138,127,265
149,218,367
192,185,377
189,193,382
172,183,355
75,188,263
130,175,305
162,170,332
165,166,331
143,160,303
102,165,267
120,163,283
137,150,287
144,135,279
167,135,302
158,124,282
140,117,257
139,111,250
133,115,248
131,121,252
126,126,252
102,135,237
133,133,266
160,146,306
184,125,309
187,108,295
169,108,277
149,123,272
176,105,281
188,120,308
168,110,278
146,127,273
159,119,278
151,119,270
149,119,268
150,239,389
172,212,384
173,217,390
192,190,382
88,174,262
118,175,293
144,177,321
160,158,318
164,183,347
166,196,362
152,183,335
146,193,339
138,199,337
134,185,319
147,201,348
161,186,347
144,188,332
140,183,323
157,155,312
169,137,306
175,123,298
154,107,261
138,101,239
126,103,229
125,137,262
145,130,275
145,131,276
151,128,279
133,114,247
145,124,269
139,133,272
138,135,273
146,150,296
145,159,304
165,160,325
176,145,321
174,147,321
179,148,327
166,156,322
162,163,325
155,182,337
153,200,353
148,240,388
186,207,393
209,188,397
239,166,405
224,136,360
200,131,331
157,135,292
127,129,256
124,153,277
132,151,283
139,162,301
149,156,305
157,153,310
158,170,328
152,204,356
143,201,344
138,196,334
145,188,333
142,190,332
154,193,347
128,194,322
141,188,329
159,168,327
167,158,325
147,154,301
154,149,303
151,145,296
164,137,301
177,234,411
281,136,417
268,146,414
246,149,395
143,152,295
147,147,294
154,146,300
151,140,291
139,137,276
131,135,266
124,130,254
120,145,265
121,169,290
121,170,291
132,164,296
150,154,304
142,156,298
151,135,286
152,121,273
161,108,269
150,107,257
148,93,241
139,111,250
156,100,256
154,92,246
139,127,266
141,138,279
147,148,295
145,150,295
136,150,286
141,142,283
144,136,280
142,143,285
139,138,277
145,146,291
148,144,292
140,141,281
144,147,291
143,145,288
122,135,257
154,129,283
171,135,306
177,144,321
166,150,316
139,144,283
126,140,266
128,143,271
129,150,279
131,156,287
121,145,266
134,148,282
142,128,270
150,114,264
163,174,337
201,155,356
185,158,343
156,155,311
85,145,230
118,142,260
129,138,267
107,144,251
112,148,260
124,154,278
125,153,278
135,152,287
141,152,293
127,151,278
126,150,276
136,149,285
126,148,274
121,153,274
128,153,281
132,191,323
128,196,324
137,183,320
136,174,310
131,153,284
161,147,308
128,146,274
147,143,290
135,148,283
119,149,268
122,148,270
118,146,264
121,144,265
116,149,265
112,160,272
126,162,288
143,170,313
152,173,325
153,163,316
160,155,315
147,151,298
141,156,297
122,165,287
129,188,317
126,201,327
122,209,331
121,187,308
157,163,320
168,160,328
167,150,317
161,155,316
153,168,321
121,185,306
123,207,330
112,219,331
136,199,335
143,203,346
180,181,361
192,149,341
195,141,336
157,146,303
133,153,286
125,155,280
129,165,294
151,144,295
150,123,273
181,106,287
171,107,278
141,110,251
108,111,219
103,108,211
112,107,219
119,102,221
116,114,230
121,127,248
114,155,269
120,172,292
106,177,283
130,183,313
123,183,306
126,155,281
173,141,314
150,141,291
157,153,310
148,158,306
145,160,305
149,188,337
126,193,319
127,205,332
120,227,347
137,196,333
170,195,365
168,197,365
153,161,314
169,155,324
164,150,314
131,144,275
137,114,251
161,96,257
147,128,275
153,114,267
148,101,249
158,124,282
148,124,272
126,125,251
132,130,262
110,127,237
132,115,247
137,113,250
151,103,254
137,104,241
129,106,235
126,99,225
124,94,218
125,88,213
119,87,206
123,86,209
119,88,207
121,89,210
123,137,260
125,131,256
145,124,269
131,111,242
138,119,257
132,132,264
115,139,254
124,142,266
131,137,268
157,125,282
157,138,295
149,147,296
123,150,273
125,154,279
107,155,262
126,166,292
120,175,295
122,188,310
115,191,306
136,177,313
134,176,310
157,150,307
176,134,310
191,108,299
168,99,267
159,91,250
113,104,217
128,117,245
127,123,250
117,133,250
119,140,259
122,152,274
116,155,271
148,143,291
149,150,299
150,163,313
130,170,300
118,174,292
118,177,295
116,174,290
137,161,298
135,169,304
137,165,302
124,188,312
116,201,317
125,204,329
122,210,332
154,166,320
184,144,328
183,147,330
149,135,284
150,121,271
144,114,258
131,109,240
125,106,231
119,104,223
114,109,223
121,112,233
121,126,247
122,135,257
123,126,249
128,121,249
98,123,221
128,117,245
126,111,237
124,104,228
91,104,195
116,100,216
112,95,207
118,97,215
99,105,204
131,99,230
122,98,220
121,88,209
118,84,202
112,98,210
117,109,226
119,122,241
119,122,241
120,131,251
101,134,235
123,139,262
119,147,266
130,145,275
130,153,283
139,160,299
140,161,301
126,169,295
124,165,289
115,175,290
127,208,335
128,214,342
125,218,343
145,202,347
172,204,376
172,345,517
165,356,521
135,367,502
220,295,515
321,210,531
345,193,538
244,191,435
139,198,337
143,206,349
153,195,348
148,188,336
164,157,321
174,125,299
185,117,302
171,95,266
161,110,271
147,124,271
152,111,263
147,99,246
163,110,273
162,92,254
164,82,246
144,126,270
121,119,240
125,104,229
131,96,227
116,137,253
145,116,261
132,107,239
171,84,255
137,121,258
154,123,277
144,125,269
124,133,257
141,125,266
146,120,266
151,120,271
137,127,264
133,132,265
117,143,260
125,149,274
120,144,264
130,134,264
140,113,253
138,110,248
134,97,231
129,88,217
137,118,255
136,114,250
133,111,244
125,103,228
122,101,223
127,97,224
125,93,218
129,123,252
146,121,267
154,116,270
143,119,262
133,123,256
128,125,253
119,124,243
126,132,258
123,147,270
120,154,274
121,164,285
130,161,291
130,173,303
138,172,310
131,162,293
134,158,292
133,150,283
131,139,270
141,133,274
136,130,266
144,118,262
144,101,245
145,111,256
134,104,238
122,122,244
157,113,270
148,108,256
136,116,252
122,121,243
117,130,247
136,115,251
138,107,245
138,106,244
132,98,230
133,95,228
141,83,224
140,96,236
135,92,227
144,107,251
156,102,258
161,89,250
174,101,275
149,103,252
147,98,245
143,119,262
141,125,266
170,143,313
175,129,304
159,123,282
149,119,268
107,110,217
122,110,232
122,108,230
99,105,204
127,100,227
126,108,234
126,105,231
133,100,233
119,95,214
92,89,181
124,93,217
121,91,212
124,104,228
121,106,227
132,98,230
137,98,235
128,94,222
140,87,227
138,135,273
136,122,258
134,120,254
129,116,245
113,113,226
114,108,222
120,105,225
122,113,235
123,122,245
122,121,243
114,138,252
128,140,268
120,167,287
135,166,301
139,163,302
153,149,302
148,143,291
142,131,273
144,122,266
132,118,250
125,117,242
119,120,239
120,117,237
125,131,256
125,142,267
127,159,286
132,157,289
133,162,295
136,164,300
131,161,292
128,150,278
132,150,282
116,141,257
138,137,275
127,150,277
123,199,322
116,207,323
118,201,319
159,173,332
191,170,361
196,160,356
178,154,332
155,147,302
152,140,292
143,126,269
160,117,277
166,137,303
164,122,286
177,102,279
163,130,293
165,117,282
175,100,275
184,115,299
157,111,268
153,109,262
150,111,261
142,110,252
161,98,259
158,98,256
159,99,258
143,102,245
146,101,247
145,104,249
145,103,248
143,103,246
143,103,246
146,99,245
144,219,363
236,185,421
293,148,441
320,133,453
234,127,361
216,96,312
205,119,324
185,109,294
152,108,260
150,103,253
141,98,239
146,102,248
152,98,250
152,119,271
159,102,261
158,120,278
167,108,275
154,99,253
158,93,251
144,114,258
154,106,260
169,106,275
163,101,264
163,114,277
155,104,259
159,113,272
162,102,264
148,105,253
151,99,250
139,98,237
145,110,255
145,103,248
149,99,248
145,103,248
142,96,238
144,94,238
146,114,260
151,99,250
158,116,274
161,103,264
161,113,274
160,116,276
156,115,271
178,162,340
189,145,334
204,125,329
184,108,292
155,109,264
136,107,243
137,110,247
148,125,273
166,106,272
179,105,284
170,111,281
135,121,256
122,140,262
124,145,269
122,150,272
128,147,275
132,145,277
127,144,271
126,143,269
131,158,289
127,160,287
137,154,291
143,154,297
144,150,294
154,125,279
170,113,283
166,132,298
187,101,288
185,93,278
174,105,279
136,108,244
137,107,244
135,103,238
111,93,204
136,89,225
111,89,200
112,98,210
123,94,217
130,116,246
130,125,255
148,127,275
153,129,282
145,135,280
136,138,274
133,129,262
133,130,263
137,141,278
127,147,274
137,141,278
136,144,280
131,150,281
138,138,276
152,133,285
149,144,293
139,148,287
133,150,283
132,153,285
135,152,287
138,149,287
141,153,294
143,152,295
133,150,283
137,140,277
142,131,273
147,125,272
150,118,268
150,114,264
135,114,249
127,109,236
132,89,221
133,96,229
139,99,238
130,102,232
134,119,253
152,95,247
162,109,271
158,103,261
167,111,278
171,110,281
161,111,272
147,103,250
147,93,240
146,118,264
151,121,272
155,118,273
147,100,247
157,112,269
156,97,253
146,117,263
159,107,266
153,99,252
155,97,252
146,126,272
160,126,286
170,119,289
186,109,295
167,110,277
151,119,270
137,137,274
124,157,281
116,167,283
120,172,292
141,168,309
156,156,312
162,159,321
155,160,315
149,152,301
175,119,294
197,136,333
202,117,319
184,107,291
174,150,324
172,141,313
180,136,316
184,114,298
169,120,289
172,142,314
142,163,305
168,141,309
182,169,351
227,130,357
210,130,340
209,105,314
156,101,257
156,100,256
129,120,249
133,133,266
129,131,260
138,126,264
138,135,273
137,140,277
126,141,267
137,157,294
137,188,325
125,238,363
125,251,376
140,244,384
164,242,406
220,184,404
221,168,389
203,166,369
136,160,296
138,150,288
152,128,280
160,115,275
147,100,247
154,87,241
144,85,229
139,110,249
130,117,247
133,120,253
142,110,252
150,115,265
168,138,306
166,140,306
181,130,311
168,121,289
162,105,267
157,99,256
135,95,230
124,92,216
112,91,203
122,87,209
121,89,210
123,90,213
123,86,209
128,114,242
129,127,256
135,128,263
135,123,258
128,131,259
120,138,258
126,140,266
123,149,272
130,154,284
126,164,290
125,164,289
122,170,292
117,186,303
116,202,318
122,213,335
131,205,336
158,191,349
172,179,351
162,194,356
142,208,350
144,195,339
147,179,326
154,176,330
157,159,316
150,166,316
165,156,321
149,138,287
156,105,261
158,108,266
160,111,271
130,110,240
131,105,236
132,107,239
127,112,239
129,108,237
142,93,235
146,93,239
147,111,258
146,116,262
145,275,420
147,301,448
150,300,450
171,287,458
219,219,438
221,182,403
174,171,345
191,144,335
161,137,298
156,137,293
131,135,266
129,142,271
129,156,285
122,171,293
130,169,299
130,160,290
126,154,280
125,144,269
135,135,270
146,117,263
144,107,251
140,95,235
128,91,219
136,101,237
137,89,226
143,82,225
132,112,244
129,111,240
118,105,223
132,106,238
128,105,233
139,101,240
148,101,249
151,112,263
148,136,284
177,116,293
171,115,286
148,109,257
135,100,235
131,103,234
118,102,220
140,87,227
138,102,240
129,91,220
146,95,241
141,88,229
143,94,237
139,102,241
137,93,230
149,101,250
145,102,247
136,97,233
129,113,242
143,94,237
150,85,235
137,109,246
146,124,270
174,114,288
184,95,279
160,82,242
145,109,254
141,106,247
146,149,295
152,147,299
155,138,293
167,128,295
163,112,275
154,115,269
127,115,242
129,109,238
126,101,227
130,98,228
127,98,225
116,102,218
128,94,222
148,106,254
128,120,248
135,127,262
139,121,260
132,132,264
129,135,264
120,137,257
121,142,263
130,135,265
127,130,257
133,129,262
119,124,243
132,119,251
123,117,240
121,112,233
118,113,231
121,112,233
123,114,237
122,118,240
114,120,234
119,118,237
118,112,230
131,101,232
126,102,228
120,95,215
123,95,218
124,90,214
119,84,203
119,94,213
110,95,205
127,89,216
121,92,213
124,90,214
125,81,206
126,79,205
115,99,214
121,107,228
118,103,221
130,115,245
147,107,254
129,105,234
140,111,251
122,110,232
129,99,228
133,97,230
117,91,208
120,92,212
124,91,215
123,97,220
128,116,244
141,130,271
145,138,283
134,146,280
122,155,277
128,154,282
125,174,299
136,185,321
125,225,350
116,243,359
135,232,367
164,202,366
203,198,401
218,185,403
181,173,354
167,172,339
170,161,331
176,161,337
206,178,384
246,138,384
254,146,400
170,157,327
202,193,395
168,197,365
191,195,386
190,201,391
184,192,376
153,187,340
210,179,389
201,185,386
211,187,398
210,188,398
209,177,386
215,159,374
207,159,366
203,180,383
199,159,358
209,132,341
204,106,310
200,138,338
186,135,321
177,115,292
175,108,283
150,123,273
165,116,281
158,101,259
167,127,294
160,113,273
186,107,293
195,139,334
173,131,304
172,115,287
152,102,254
150,120,270
161,111,272
150,137,287
171,120,291
165,107,272
160,98,258
128,93,221
104,84,188
136,151,287
130,159,289
137,162,299
144,165,309
94,170,264
115,168,283
137,165,302
139,165,304
148,164,312
155,153,308
172,122,294
192,120,312
200,109,309
190,103,293
149,112,261
134,125,259
123,147,270
120,159,279
112,160,272
127,164,291
163,151,314
170,148,318
181,124,305
161,113,274
157,101,258
138,87,225
134,127,261
151,117,268
167,111,278
168,110,278
145,107,252
150,99,249
140,134,274
161,289,450
323,143,466
335,147,482
311,155,466
162,159,321
163,159,322
149,154,303
150,132,282
180,133,313
184,135,319
185,124,309
163,127,290
158,120,278
168,121,289
169,133,302
159,139,298
154,126,280
150,131,281
150,118,268
164,96,260
155,94,249
137,108,245
139,109,248
120,115,235
129,121,250
130,123,253
109,130,239
124,135,259
126,151,277
133,179,312
121,185,306
124,184,308
134,194,328
180,167,347
180,158,338
173,147,320
160,141,301
149,140,289
172,100,272
171,95,266
164,88,252
131,85,216
126,84,210
124,116,240
125,115,240
132,119,251
135,129,264
122,141,263
141,152,293
137,171,308
148,177,325
139,197,336
137,215,352
140,204,344
138,217,355
169,177,346
183,172,355
180,175,355
127,176,303
111,175,286
135,166,301
138,166,304
133,160,293
122,149,271
143,133,276
142,137,279
131,156,287
120,166,286
121,158,279
124,158,282
123,150,273
110,174,284
121,193,314
129,204,333
136,205,341
138,200,338
147,164,311
172,147,319
191,134,325
170,127,297
157,121,278
160,107,267
153,100,253
163,97,260
157,129,286
152,121,273
152,115,267
136,99,235
155,113,268
159,125,284
147,124,271
148,111,259
157,89,246
163,141,304
152,153,305
175,137,312
185,139,324
162,122,284
165,113,278
153,105,258
135,110,245
157,149,306
180,122,302
189,110,299
180,116,296
145,108,253
131,94,225
131,94,225
134,139,273
138,139,277
143,135,278
136,134,270
136,149,285
132,159,291
136,166,302
142,148,290
164,115,279
161,101,262
155,94,249
140,84,224
129,121,250
138,125,263
145,117,262
147,121,268
136,122,258
133,112,245
164,143,307
175,116,291
193,98,291
179,101,280
152,99,251
146,196,342
170,196,366
160,216,376
156,237,393
80,254,334
141,241,382
156,233,389
215,226,441
227,202,429
225,190,415
229,166,395
219,132,351
216,145,361
212,139,351
193,152,345
173,161,334
168,165,333
187,147,334
189,125,314
163,325,488
220,320,540
200,314,514
282,234,516
144,214,358
232,153,385
256,166,422
275,145,420
217,143,360
194,133,327
146,131,277
134,138,272
136,166,302
132,174,306
136,185,321
135,182,317
129,177,306
118,159,277
142,149,291
156,141,297
149,126,275
144,115,259
144,106,250
145,93,238
149,103,252
150,96,246
148,117,265
146,109,255
141,101,242
149,85,234
137,130,267
148,132,280
163,109,272
162,101,263
158,89,247
153,112,265
149,107,256
140,101,241
143,89,232
140,112,252
146,104,250
143,96,239
144,90,234
141,113,254
144,101,245
142,96,238
143,83,226
135,129,264
141,127,268
153,114,267
156,115,271
161,110,271
159,105,264
158,106,264
144,106,250
138,105,243
145,93,238
145,147,292
155,154,309
159,151,310
153,159,312
138,152,290
160,147,307
162,163,325
156,154,310
151,162,313
163,311,474
168,302,470
158,298,456
224,221,445
290,144,434
247,119,366
184,116,300
181,134,315
186,133,319
179,128,307
158,117,275
173,112,285
179,104,283
169,105,274
141,106,247
124,100,224
137,94,231
134,93,227
126,107,233
126,105,231
130,98,228
134,98,232
134,102,236
132,92,224
126,95,221
124,97,221
122,104,226
133,100,233
140,90,230
132,117,249
128,127,255
127,122,249
135,118,253
143,102,245
138,95,233
133,85,218
134,113,247
117,125,242
133,120,253
136,120,256
128,140,268
105,160,265
127,175,302
120,182,302
144,182,326
128,181,309
136,182,318
147,176,323
142,193,335
131,195,326
125,200,325
146,185,331
193,149,342
200,142,342
152,139,291
169,127,296
182,97,279
194,83,277
167,84,251
123,98,221
143,115,258
150,111,261
155,98,253
143,149,292
172,129,301
175,139,314
169,140,309
156,139,295
138,157,295
156,172,328
173,143,316
179,145,324
184,148,332
157,165,322
143,178,321
141,228,369
135,251,386
145,269,414
159,260,419
193,227,420
213,202,415
226,172,398
204,154,358
174,152,326
146,153,299
130,154,284
125,158,283
132,166,298
133,164,297
129,160,289
127,151,278
130,143,273
139,133,272
140,130,270
140,123,263
135,112,247
134,100,234
141,87,228
145,136,281
145,128,273
152,109,261
136,100,236
126,92,218
135,79,214
135,98,233
137,106,243
131,106,237
137,95,232
142,118,260
158,96,254
151,94,245
141,101,242
129,137,266
153,113,266
173,98,271
181,119,300
156,129,285
152,133,285
136,132,268
117,141,258
126,132,258
130,127,257
161,99,260
165,97,262
170,86,256
140,114,254
134,109,243
132,133,265
156,116,272
154,118,272
139,123,262
116,133,249
122,135,257
124,137,261
124,153,277
125,172,297
113,165,278
124,183,307
132,178,310
134,172,306
143,162,305
136,171,307
133,168,301
128,170,298
121,169,290
128,163,291
133,162,295
138,179,317
134,198,332
136,212,348
125,211,336
146,194,340
169,172,341
166,181,347
149,224,373
134,230,364
149,212,361
175,193,368
200,164,364
197,159,356
179,155,334
180,154,334
171,182,353
165,180,345
162,171,333
163,168,331
165,158,323
162,154,316
157,159,316
152,149,301
156,163,319
151,192,343
153,186,339
158,187,345
161,174,335
158,168,326
152,143,295
160,170,330
122,183,305
130,185,315
139,183,322
149,176,325
140,182,322
140,178,318
131,183,314
134,182,316
144,163,307
162,165,327
165,159,324
151,165,316
147,178,325
143,177,320
145,165,310
143,153,296
149,131,280
157,114,271
159,101,260
154,155,309
164,165,329
170,171,341
157,176,333
140,181,321
137,180,317
141,174,315
131,191,322
140,179,319
144,173,317
143,178,321
147,153,300
147,147,294
164,129,293
174,106,280
190,90,280
190,112,302
149,112,261
151,108,259
151,98,249
145,135,280
160,116,276
168,103,271
162,100,262
145,99,244
148,86,234
143,139,282
133,138,271
144,121,265
147,112,259
127,119,246
127,117,244
122,111,233
129,113,242
135,117,252
131,119,250
137,107,244
136,104,240
129,108,237
125,103,228
133,99,232
132,137,269
159,111,270
167,224,391
328,158,486
304,167,471
326,147,473
170,133,303
164,111,275
165,112,277
178,100,278
181,138,319
174,132,306
144,115,259
159,124,283
145,121,266
164,112,276
161,111,272
170,108,278
158,96,254
151,103,254
152,98,250
178,134,312
178,135,313
171,133,304
157,138,295
122,137,259
129,132,261
135,127,262
143,130,273
139,133,272
144,128,272
142,130,272
144,147,291
148,156,304
148,161,309
152,159,311
133,164,297
145,161,306
128,163,291
128,170,298
134,161,295
142,157,299
130,159,289
126,156,282
117,154,271
115,159,274
125,164,289
128,163,291
129,160,289
152,134,286
171,117,288
179,136,315
176,127,303
165,132,297
160,128,288
142,130,272
141,156,297
142,154,296
153,151,304
148,155,303
153,127,280
177,103,280
175,98,273
162,106,268
137,107,244
132,112,244
134,108,242
139,97,236
146,99,245
135,108,243
132,114,246
139,116,255
138,114,252
130,127,257
127,130,257
116,133,249
119,137,256
119,143,262
120,137,257
129,136,265
147,130,277
139,124,263
138,131,269
158,107,265
167,94,261
165,83,248
138,105,243
137,102,239
134,102,236
141,98,239
131,89,220
141,103,244
140,88,228
147,95,242
148,95,243
136,87,223
132,102,234
132,91,223
137,125,262
147,122,269
147,119,266
150,112,262
144,115,259
146,115,261
132,114,246
156,103,259
157,98,255
160,92,252
153,92,245
134,104,238
129,106,235
139,100,239
140,104,244
144,89,233
143,89,232
135,94,229
120,96,216
128,102,230
125,100,225
141,114,255
151,104,255
151,86,237
162,134,296
151,141,292
165,120,285
170,124,294
151,118,269
141,116,257
146,114,260
131,114,245
136,111,247
125,123,248
125,134,259
127,128,255
159,132,291
182,106,288
185,96,281
165,89,254
162,115,277
164,136,300
178,135,313
177,116,293
180,188,368
201,162,363
203,141,344
203,125,328
154,123,277
140,124,264
125,131,256
128,131,259
127,137,264
159,124,283
195,91,286
202,112,314
173,128,301
141,125,266
155,106,261
148,94,242
155,122,277
158,124,282
156,115,271
150,119,269
134,124,258
131,119,250
140,108,248
159,92,251
155,93,248
148,107,255
143,91,234
140,82,222
136,111,247
129,109,238
130,102,232
132,105,237
125,127,252
123,139,262
136,135,271
134,130,264
144,140,284
129,145,274
130,144,274
117,146,263
135,140,275
126,135,261
135,133,268
126,138,264
123,143,266
135,127,262
141,128,269
147,121,268
136,113,249
138,106,244
144,99,243
149,88,237
139,91,230
135,141,276
151,185,336
214,129,343
262,135,397
294,141,435
261,193,454
280,224,504
334,137,471
355,144,499
372,131,503
266,115,381
205,153,358
230,166,396
241,137,378
260,130,390
245,172,417
227,157,384
243,161,404
257,121,378
236,176,412
268,119,387
266,140,406
257,136,393
227,148,375
269,124,393
281,132,413
305,128,433
257,135,392
275,123,398
278,138,416
265,146,411
250,137,387
287,140,427
316,119,435
286,117,403
248,141,389
266,123,389
260,114,374
275,170,445
262,119,381
276,145,421
256,156,412
256,148,404
280,123,403
260,147,407
237,122,359
215,153,368
215,171,386
265,145,410
281,147,428
279,148,427
279,150,429
278,109,387
251,157,408
233,158,391
235,110,345
244,131,375
212,124,336
206,125,331
239,103,342
206,132,338
243,114,357
249,114,363
265,143,408
262,104,366
247,112,359
233,137,370
224,115,339
220,146,366
240,132,372
227,139,366
256,113,369
247,126,373
236,116,352
253,115,368
245,117,362
246,113,359
216,99,315
192,135,327
191,140,331
239,132,371
290,120,410
303,111,414
255,108,363
227,106,333
193,131,324
223,127,350
238,107,345
233,112,345
194,139,333
232,95,327
217,165,382
253,125,378
217,138,355
240,116,356
219,152,371
254,156,410
265,125,390
278,129,407
252,98,350
247,116,363
223,108,331
223,132,355
234,143,377
238,121,359
237,106,343
230,118,348
208,112,320
224,136,360
226,117,343
214,120,334
200,120,320
185,135,320
203,120,323
213,114,327
198,152,350
191,136,327
206,159,365
239,125,364
242,150,392
270,141,411
262,98,360
261,121,382
217,156,373
208,111,319
209,109,318
207,142,349
176,152,328
225,104,329
226,116,342
219,108,327
172,103,275
160,97,257
152,110,262
157,100,257
163,107,270
168,105,273
184,130,314
191,125,316
191,109,300
188,109,297
152,97,249
170,117,287
169,138,307
192,99,291
195,113,308
188,109,297
160,103,263
158,100,258
155,111,266
157,101,258
164,122,286
168,143,311
188,154,342
239,137,376
255,134,389
256,132,388
248,122,370
236,109,345
216,146,362
243,122,365
234,138,372
267,166,433
286,133,419
304,124,428
346,130,476
292,104,396
254,121,375
238,139,377
197,140,337
221,157,378
270,137,407
265,127,392
256,136,392
252,112,364
247,150,397
275,136,411
278,166,444
304,131,435
274,145,419
305,150,455
263,148,411
299,168,467
300,106,406
269,122,391
255,131,386
237,130,367
243,149,392
234,120,354
226,140,366
218,142,360
227,130,357
244,132,376
242,135,377
232,152,384
234,122,356
283,109,392
257,156,413
259,118,377
257,155,412
281,124,405
266,136,402
332,115,447
271,121,392
271,126,397
256,134,390
224,147,371
237,145,382
239,108,347
246,131,377
270,140,410
275,121,396
283,141,424
253,151,404
239,142,381
269,118,387
249,137,386
222,136,358
212,140,352
238,129,367
250,131,381
236,103,339
220,119,339
217,123,340
198,142,340
217,133,350
247,111,358
230,120,350
196,156,352
206,127,333
222,145,367
262,112,374
217,122,339
223,139,362
219,96,315
212,132,344
241,136,377
247,119,366
254,136,390
241,112,353
213,120,333
205,108,313
213,136,349
232,108,340
224,129,353
219,92,311
187,136,323
205,120,325
198,122,320
252,111,363
227,116,343
214,125,339
228,119,347
229,144,373
240,116,356
200,136,336
196,138,334
161,142,303
167,145,312
142,125,267
165,115,280
170,105,275
150,137,287
132,142,274
130,145,275
134,141,275
138,146,284
145,153,298
139,170,309
121,190,311
126,183,309
129,209,338
137,227,364
148,260,408
312,116,428
325,128,453
330,112,442
180,131,311
183,122,305
166,130,296
144,137,281
119,156,275
127,177,304
146,171,317
164,153,317
151,159,310
143,174,317
144,178,322
169,166,335
204,156,360
211,156,367
188,164,352
167,167,334
149,171,320
171,157,328
164,203,367
149,221,370
144,226,370
164,229,393
175,237,412
142,241,383
180,229,409
183,210,393
229,171,400
205,182,387
195,180,375
159,171,330
178,175,353
190,153,343
162,165,327
148,194,342
137,194,331
133,187,320
153,173,326
130,179,309
147,181,328
143,193,336
145,183,328
142,198,340
143,213,356
135,216,351
139,232,371
170,212,382
164,206,370
181,189,370
165,187,352
179,182,361
150,202,352
151,210,361
145,221,366
163,212,375
159,204,363
174,186,360
172,204,376
186,189,375
174,180,354
175,161,336
177,137,314
196,105,301
179,135,314
167,138,305
138,157,295
147,167,314
128,177,305
136,174,310
133,180,313
133,197,330
134,206,340
127,216,343
145,229,374
157,226,383
184,218,402
179,226,405
178,231,409
221,195,416
233,182,415
238,183,421
186,189,375
182,184,366
152,183,335
149,189,338
134,198,332
161,169,330
145,175,320
150,170,320
126,176,302
142,171,313
138,176,314
164,167,331
203,148,351
197,150,347
195,148,343
176,124,300
185,117,302
169,134,303
160,160,320
151,167,318
147,167,314
145,157,302
137,176,313
143,193,336
134,211,345
146,208,354
135,232,367
163,223,386
162,217,379
189,184,373
177,193,370
199,195,394
174,205,379
182,189,371
169,163,332
179,153,332
153,159,312
167,155,322
157,166,323
156,160,316
141,177,318
151,179,330
165,179,344
194,177,371
174,191,365
198,174,372
169,185,354
179,184,363
166,170,336
186,170,356
190,182,372
169,187,356
162,181,343
150,205,355
168,251,419
172,271,443
199,251,450
203,228,431
205,211,416
207,194,401
169,211,380
161,234,395
149,216,365
153,218,371
179,196,375
178,201,379
164,200,364
155,213,368
167,195,362
178,208,386
200,203,403
181,198,379
164,204,368
131,196,327
162,175,337
162,204,366
156,216,372
132,238,370
161,204,365
181,194,375
194,184,378
159,181,340
151,179,330
140,325,465
137,336,473
130,356,486
224,262,486
309,191,500
315,201,516
157,203,360
117,198,315
152,163,315
179,133,312
193,130,323
210,112,322
218,121,339
214,101,315
203,125,328
205,131,336
196,117,313
193,95,288
172,103,275
153,92,245
151,107,258
167,121,288
176,100,276
180,122,302
174,112,286
150,111,261
187,120,307
180,121,301
211,95,306
183,109,292
192,103,295
165,105,270
166,124,290
172,103,275
165,122,287
196,126,322
213,127,340
228,103,331
183,100,283
174,149,323
186,125,311
203,98,301
212,119,331
180,122,302
182,117,299
151,106,257
143,103,246
138,102,240
144,97,241
156,112,268
157,135,292
179,118,297
190,129,319
195,107,302
181,117,298
174,119,293
173,114,287
208,138,346
224,110,334
226,138,364
224,109,333
201,127,328
204,100,304
171,125,296
174,110,284
161,96,257
166,118,284
165,104,269
163,109,272
161,114,275
167,128,295
188,132,320
203,110,313
210,128,338
193,118,311
178,141,319
172,124,296
177,103,280
187,124,311
169,128,297
174,108,282
173,92,265
164,98,262
147,125,272
162,122,284
179,99,278
177,138,315
189,117,306
189,136,325
205,106,311
189,108,297
171,114,285
175,127,302
187,113,300
198,127,325
189,134,323
198,99,297
197,110,307
189,117,306
170,121,291
164,119,283
212,116,328
197,109,306
188,144,332
174,125,299
177,109,286
216,99,315
180,119,299
194,115,309
177,102,279
150,115,265
158,124,282
178,109,287
189,113,302
178,130,308
180,115,295
169,104,273
174,115,289
165,128,293
183,133,316
188,137,325
192,136,328
196,113,309
215,110,325
204,105,309
170,121,291
160,109,269
161,98,259
170,158,328
176,133,309
179,131,310
197,95,292
177,119,296
185,115,300
180,92,272
171,123,294
173,99,272
174,123,297
175,128,303
192,118,310
199,118,317
197,110,307
171,115,286
176,129,305
171,109,280
177,124,301
208,132,340
211,119,330
226,129,355
208,127,335
205,98,303
193,120,313
180,113,293
169,118,287
174,116,290
192,106,298
164,122,286
177,98,275
157,107,264
169,113,282
158,96,254
158,103,261
156,115,271
140,113,253
151,117,268
166,113,279
179,122,301
189,118,307
177,112,289
167,107,274
172,131,303
184,109,293
176,125,301
181,94,275
169,147,316
172,145,317
171,112,283
182,100,282
160,91,251
140,147,287
156,130,286
153,117,270
156,98,254
150,114,264
175,100,275
163,98,261
138,130,268
166,127,293
195,91,286
189,111,300
170,94,264
151,103,254
148,97,245
149,102,251
158,128,286
154,119,273
132,105,237
142,133,275
162,103,265
164,93,257
155,119,274
144,101,245
143,89,232
152,124,276
132,132,264
142,141,283
161,126,287
152,115,267
153,99,252
164,98,262
171,101,272
169,87,256
147,108,255
137,102,239
160,132,292
158,126,284
173,111,284
149,108,257
135,103,238
143,94,237
144,93,237
152,110,262
154,146,300
190,108,298
186,105,291
164,109,273
155,120,275
168,110,278
175,103,278
151,105,256
157,101,258
155,140,295
159,128,287
179,101,280
183,132,315
171,118,289
173,99,272
179,104,283
157,114,271
147,127,274
169,112,281
170,111,281
142,106,248
155,122,277
152,121,273
178,114,292
173,95,268
169,110,279
172,93,265
154,92,246
148,223,371
158,251,409
135,279,414
133,279,412
93,269,362
170,241,411
241,236,477
195,244,439
195,247,442
157,253,410
195,218,413
197,241,438
204,236,440
208,183,391
233,141,374
195,113,308
156,99,255
168,92,260
144,89,233
131,101,232
130,129,259
162,97,259
175,116,291
167,114,281
138,106,244
159,120,279
165,112,277
141,106,247
149,94,243
148,117,265
130,113,243
135,102,237
147,113,260
152,103,255
131,95,226
137,130,267
149,135,284
146,112,258
153,100,253
157,119,276
140,101,241
168,118,286
143,114,257
149,196,345
205,197,402
280,155,435
272,156,428
224,144,368
193,124,317
197,111,308
187,109,296
172,118,290
185,117,302
184,110,294
154,104,258
143,94,237
152,101,253
131,91,222
135,116,251
148,100,248
140,88,228
149,115,264
152,125,277
127,137,264
155,120,275
173,117,290
175,86,261
156,112,268
154,105,259
143,102,245
151,107,258
155,125,280
173,102,275
172,104,276
179,91,270
169,101,270
155,90,245
164,104,268
152,115,267
169,100,269
168,89,257
153,102,255
148,135,283
149,121,270
151,108,259
154,138,292
153,129,282
181,125,306
188,110,298
173,127,300
159,128,287
169,110,279
152,98,250
144,123,267
150,106,256
150,107,257
149,110,259
154,105,259
173,95,268
155,101,256
133,93,226
143,109,252
137,93,230
154,101,255
150,118,268
157,102,259
157,110,267
162,105,267
158,94,252
160,107,267
160,107,267
164,104,268
150,116,266
154,94,248
163,115,278
178,107,285
176,108,284
178,125,303
183,90,273
177,113,290
166,103,269
150,114,264
160,119,279
162,107,269
163,95,258
158,100,258
156,116,272
159,99,258
154,142,296
167,130,297
170,105,275
157,103,260
131,93,224
149,126,275
160,109,269
183,117,300
171,101,272
166,100,266
140,124,264
156,97,253
165,117,282
174,118,292
174,116,290
188,132,320
193,114,307
157,101,258
145,98,243
133,112,245
147,91,238
146,102,248
161,87,248
146,146,292
119,134,253
160,97,257
158,89,247
152,113,265
171,122,293
188,97,285
174,118,292
152,105,257
154,99,253
152,133,285
140,117,257
161,100,261
151,119,270
171,122,293
168,114,282
200,107,307
182,89,271
163,91,254
143,119,262
142,103,245
145,95,240
137,136,273
175,97,272
186,115,301
193,101,294
165,109,274
171,136,307
168,249,417
185,257,442
194,238,432
205,229,434
192,235,427
188,208,396
182,201,383
205,178,383
196,157,353
215,131,346
199,133,332
200,105,305
181,107,288
181,110,291
166,140,306
181,117,298
184,126,310
187,116,303
183,106,289
172,117,289
175,119,294
173,124,297
199,116,315
200,95,295
183,107,290
155,111,266
157,109,266
169,100,269
168,103,271
143,92,235
156,107,263
166,89,255
162,107,269
182,96,278
171,135,306
212,113,325
215,120,335
209,104,313
187,105,292
186,119,305
189,89,278
183,101,284
164,89,253
148,103,251
135,117,252
157,88,245
165,120,285
174,105,279
156,85,241
156,95,251
143,88,231
147,98,245
139,90,229
143,101,244
141,89,230
141,102,243
128,88,216
141,98,239
137,113,250
148,120,268
178,104,282
198,95,293
173,84,257
157,109,266
142,88,230
151,117,268
158,111,269
167,89,256
180,99,279
151,110,261
163,114,277
177,110,287
192,90,282
165,101,266
156,91,247
141,100,241
147,90,237
136,99,235
145,87,232
141,104,245
136,90,226
150,100,250
148,92,240
137,96,233
126,107,233
150,102,252
156,88,244
152,98,250
135,87,222
140,95,235
137,86,223
138,109,247
127,123,250
158,103,261
167,88,255
166,110,276
141,109,250
151,85,236
158,115,273
168,109,277
179,104,283
188,107,295
180,132,312
194,113,307
202,109,311
198,91,289
174,97,271
137,108,245
143,109,252
134,114,248
160,103,263
158,93,251
170,103,273
151,123,274
152,145,297
179,138,317
199,150,349
225,123,348
223,95,318
196,119,315
176,137,313
186,135,321
183,154,337
180,169,349
202,160,362
222,137,359
251,141,392
247,133,380
240,95,335
202,112,314
181,127,308
166,111,277
172,99,271
149,123,272
153,120,273
152,116,268
151,108,259
159,93,252
159,104,263
159,109,268
148,93,241
157,116,273
171,102,273
159,104,263
172,121,293
174,109,283
181,103,284
174,102,276
161,109,270
154,100,254
153,117,270
162,117,279
175,96,271
184,104,288
174,110,284
166,101,267
171,103,274
168,117,285
166,94,260
146,103,249
162,88,250
142,107,249
136,121,257
161,118,279
179,127,306
180,118,298
161,96,257
159,105,264
165,100,265
161,104,265
154,91,245
151,98,249
152,105,257
153,86,239
142,95,237
149,114,263
156,122,278
168,109,277
184,121,305
188,101,289
178,113,291
181,99,280
171,118,289
178,93,271
161,103,264
166,91,257
151,97,248
132,88,220
145,104,249
152,93,245
138,145,283
180,115,295
186,96,282
204,112,316
158,108,266
144,128,272
172,111,283
187,108,295
200,97,297
158,89,247
161,107,268
148,137,285
179,139,318
198,103,301
206,109,315
192,104,296
162,87,249
156,102,258
152,115,267
149,105,254
153,121,274
162,111,273
154,153,307
172,128,300
191,112,303
204,123,327
175,104,279
161,100,261
150,101,251
152,86,238
148,102,250
143,116,259
155,108,263
154,91,245
166,99,265
140,117,257
152,114,266
165,106,271
175,88,263
166,98,264
144,105,249
143,86,229
143,95,238
141,113,254
143,114,257
166,129,295
184,104,288
179,98,277
153,125,278
156,112,268
166,91,257
176,105,281
166,91,257
152,96,248
150,113,263
157,107,264
172,87,259
176,112,288
162,102,264
156,91,247
152,111,263
151,102,253
138,93,231
144,105,249
153,115,268
170,122,292
177,91,268
183,102,285
163,90,253
145,99,244
149,108,257
149,99,248
157,83,240
149,113,262
149,95,244
151,102,253
156,126,282
168,97,265
163,82,245
166,101,267
148,96,244
146,86,232
153,106,259
151,88,239
151,106,257
151,95,246
148,82,230
136,109,245
143,90,233
153,98,251
158,104,262
144,96,240
138,83,221
145,114,259
149,112,261
163,100,263
166,126,292
164,113,277
180,109,289
196,88,284
173,94,267
149,117,266
156,108,264
170,97,267
172,107,279
159,114,273
157,94,251
158,96,254
155,89,244
130,98,228
133,89,222
138,103,241
131,92,223
143,96,239
140,88,228
133,103,236
145,87,232
147,109,256
150,96,246
148,87,235
141,98,239
141,92,233
145,106,251
148,92,240
137,97,234
135,86,221
145,108,253
153,100,253
161,122,283
185,140,325
208,100,308
215,107,322
202,128,330
175,162,337
254,170,424
311,107,418
287,110,397
244,104,348
128,99,227
130,100,230
146,97,243
143,94,237
122,101,223
129,108,237
122,110,232
110,107,217
114,103,217
124,102,226
119,101,220
124,97,221
123,92,215
116,94,210
111,96,207
115,111,226
108,108,216
133,105,238
130,98,228
128,114,242
120,113,233
125,115,240
122,120,242
99,126,225
116,121,237
120,118,238
123,123,246
125,127,252
129,123,252
123,121,244
123,120,243
121,119,240
115,117,232
128,113,241
121,108,229
140,156,296
159,152,311
164,184,348
163,191,354
117,206,323
145,223,368
142,235,377
151,236,387
167,243,410
181,235,416
186,234,420
186,233,419
194,211,405
175,236,411
176,234,410
166,240,406
177,236,413
186,221,407
194,213,407
206,217,423
181,229,410
159,236,395
165,219,384
180,217,397
178,235,413
173,225,398
162,234,396
178,234,412
178,217,395
179,218,397
174,222,396
173,210,383
176,215,391
173,211,384
164,201,365
201,166,367
215,156,371
208,161,369
181,164,345
167,172,339
165,185,350
161,207,368
162,238,400
149,264,413
147,278,425
173,254,427
212,240,452
238,230,468
225,246,471
224,224,448
219,192,411
200,194,394
189,199,388
182,198,380
203,191,394
185,201,386
161,210,371
124,233,357
140,228,368
163,231,394
179,238,417
165,228,393
186,207,393
182,217,399
181,223,404
165,253,418
160,392,552
169,392,561
184,389,573
326,271,597
334,250,584
337,233,570
216,213,429
209,202,411
193,204,397
165,206,371
154,223,377
157,212,369
159,226,385
172,217,389
162,212,374
179,188,367
173,182,355
157,188,345
152,182,334
144,187,331
144,210,354
130,221,351
148,225,373
154,227,381
177,209,386
171,203,374
174,210,384
166,221,387
155,251,406
155,259,414
164,257,421
184,246,430
206,209,415
196,214,410
205,198,403
172,213,385
174,211,385
156,212,368
148,219,367
164,203,367
169,223,392
187,218,405
153,224,377
162,207,369
158,221,379
174,243,417
158,240,398
153,245,398
191,194,385
176,212,388
200,215,415
154,212,366
159,230,389
164,230,394
160,220,380
168,216,384
168,206,374
189,203,392
169,215,384
158,237,395
140,247,387
163,233,396
183,214,397
194,202,396
193,201,394
181,209,390
157,219,376
135,275,410
162,284,446
173,275,448
182,278,460
216,227,443
223,213,436
188,226,414
173,240,413
170,232,402
179,299,478
175,304,479
181,295,476
230,233,463
255,202,457
243,198,441
180,205,385
144,218,362
143,217,360
153,221,374
167,228,395
167,220,387
169,203,372
175,193,368
149,188,337
159,174,333
167,175,342
155,185,340
139,195,334
130,209,339
141,224,365
138,266,404
156,259,415
166,256,422
227,205,432
206,208,414
208,198,406
149,205,354
152,207,359
150,222,372
164,235,399
135,259,394
173,273,446
174,282,456
195,279,474
204,292,496
217,275,492
222,256,478
227,236,463
219,233,452
202,235,437
191,231,422
173,250,423
192,215,407
191,209,400
180,223,403
174,208,382
160,206,366
154,211,365
158,214,372
174,216,390
168,230,398
151,246,397
152,257,409
177,234,411
195,231,426
199,207,406
185,200,385
185,196,381
140,207,347
154,232,386
153,230,383
157,242,399
179,253,432
172,256,428
183,275,458
187,281,468
209,285,494
191,328,519
217,291,508
235,263,498
255,242,497
238,220,458
199,212,411
204,197,401
162,236,398
161,263,424
162,247,409
168,262,430
202,229,431
198,226,424
216,233,449
161,239,400
170,218,388
169,213,382
185,201,386
185,184,369
174,201,375
150,257,407
139,285,424
138,295,433
209,244,453
218,233,451
238,209,447
199,180,379
185,191,376
159,201,360
152,206,358
138,229,367
141,245,386
143,274,417
172,306,478
199,307,506
203,328,531
242,271,513
241,249,490
274,201,475
227,204,431
197,231,428
148,226,374
143,300,443
173,291,464
167,291,458
234,227,461
252,213,465
243,205,448
182,221,403
145,244,389
169,229,398
182,242,424
176,249,425
170,246,416
191,238,429
197,239,436
223,175,398
201,175,376
203,171,374
136,189,325
133,216,349
122,224,346
142,219,361
162,214,376
179,209,388
172,216,388
175,199,374
157,212,369
178,211,389
158,233,391
148,259,407
150,235,385
179,226,405
207,198,405
190,192,382
175,191,366
152,215,367
145,278,423
160,280,440
157,299,456
189,304,493
220,284,504
231,285,516
197,292,489
230,276,506
228,279,507
246,256,502
210,238,448
227,241,468
209,245,454
172,278,450
156,301,457
192,294,486
193,307,500
233,288,521
235,248,483
254,232,486
234,228,462
205,235,440
186,258,444
176,320,496
177,333,510
206,307,513
230,291,521
274,251,525
258,232,490
207,230,437
194,217,411
175,238,413
176,266,442
178,270,448
154,291,445
189,259,448
205,304,509
235,294,529
151,296,447
188,286,474
266,224,490
239,216,455
251,192,443
168,191,359
191,183,374
173,190,363
147,246,393
131,258,389
139,257,396
195,212,407
207,215,422
215,228,443
168,223,391
166,224,390
162,234,396
176,217,393
178,241,419
176,237,413
169,230,399
185,214,399
193,200,393
181,246,427
171,238,409
153,271,424
150,256,406
183,228,411
242,186,428
219,176,395
221,191,412
171,209,380
133,217,350
142,230,372
170,255,425
166,278,444
168,294,462
179,262,441
237,208,445
240,213,453
197,195,392
156,204,360
164,220,384
148,258,406
141,256,397
138,247,385
204,197,401
222,200,422
207,216,423
149,236,385
132,253,385
163,235,398
188,231,419
195,244,439
198,235,433
179,232,411
184,234,418
186,217,403
196,221,417
162,237,399
166,236,402
162,240,402
183,233,416
186,261,447
188,281,469
185,261,446
216,209,425
225,193,418
217,177,394
155,183,338
141,193,334
129,212,341
131,235,366
147,235,382
143,231,374
186,226,412
188,232,420
193,270,463
166,266,432
170,265,435
209,237,446
235,229,464
209,242,451
175,228,403
184,229,413
186,240,426
182,248,430
176,226,402
185,216,401
194,200,394
192,207,399
169,259,428
153,268,421
145,272,417
187,235,422
229,212,441
231,226,457
170,237,407
158,240,398
163,239,402
178,430,608
495,104,599
486,135,621
459,150,609
133,161,294
134,227,361
133,256,389
122,272,394
123,292,415
195,257,452
220,253,473
191,272,463
187,263,450
202,243,445
199,230,429
215,199,414
189,201,390
190,204,394
162,200,362
145,205,350
161,192,353
153,214,367
157,219,376
141,218,359
156,203,359
189,175,364
179,179,358
161,186,347
138,188,326
115,205,320
150,195,345
135,222,357
143,244,387
152,245,397
149,264,413
190,234,424
201,208,409
212,198,410
189,184,373
171,174,345
161,176,337
130,185,315
135,188,323
120,183,303
120,193,313
153,179,332
154,177,331
146,181,327
133,202,335
124,206,330
132,220,352
141,230,371
156,219,375
152,232,384
176,239,415
170,227,397
181,214,395
189,216,405
174,228,402
157,267,424
165,258,423
176,305,481
219,282,501
213,307,520
214,306,520
224,256,480
234,245,479
254,214,468
208,197,405
200,192,392
161,196,357
159,229,388
140,250,390
151,300,451
168,300,468
180,291,471
221,273,494
242,237,479
227,226,453
204,232,436
188,237,425
180,326,506
162,353,515
186,334,520
183,321,504
316,179,495
294,200,494
292,185,477
153,178,331
147,182,329
142,162,304
159,152,311
170,130,300
147,126,273
136,133,269
114,146,260
120,150,270
111,151,262
127,173,300
127,182,309
116,195,311
135,283,418
148,278,426
144,274,418
146,272,418
244,151,395
258,134,392
258,119,377
151,108,259
161,105,266
142,108,250
156,157,313
151,138,289
161,144,305
163,134,297
157,138,295
164,137,301
160,141,301
137,173,310
126,191,317
144,204,348
139,231,370
146,239,385
152,256,408
173,259,432
190,254,444
190,295,485
213,275,488
193,295,488
244,241,485
226,234,460
243,219,462
183,230,413
179,264,443
169,275,444
165,273,438
194,237,431
220,203,423
238,183,421
212,164,376
208,138,346
201,131,332
229,124,353
206,144,350
207,141,348
208,144,352
212,161,373
219,148,367
226,129,355
196,137,333
183,137,320
162,134,296
156,133,289
133,124,257
141,109,250
151,122,273
162,145,307
180,122,302
190,119,309
177,108,285
172,168,340
176,147,323
191,108,299
178,101,279
113,88,201
146,118,264
148,116,264
151,103,254
164,195,359
158,184,342
179,146,325
178,133,311
97,120,217
136,105,241
153,97,250
155,118,273
152,111,263
168,105,273
162,97,259
147,121,268
161,118,279
138,120,258
146,131,277
131,134,265
134,134,268
137,130,267
149,118,267
155,117,272
161,111,272
152,115,267
140,122,262
122,132,254
128,135,263
133,134,267
136,131,267
134,133,267
135,136,271
139,132,271
137,136,273
136,148,284
130,163,293
132,174,306
136,158,294
167,124,291
194,88,282
173,79,252
162,97,259
130,88,218
135,110,245
126,107,233
129,113,242
131,112,243
126,106,232
125,114,239
109,120,229
120,123,243
119,127,246
117,118,235
137,120,257
120,125,245
114,125,239
126,126,252
127,160,287
130,158,288
177,110,287
154,103,257
174,102,276
140,97,237
120,99,219
119,93,212
125,92,217
126,96,222
126,90,216
136,84,220
121,119,240
143,115,258
113,108,221
135,111,246
113,101,214
140,107,247
146,97,243
133,82,215
138,140,278
136,130,266
177,117,294
170,123,293
130,117,247
143,116,259
130,108,238
132,109,241
136,100,236
130,103,233
119,100,219
132,97,229
131,102,233
133,101,234
132,98,230
124,93,217
115,101,216
114,120,234
118,115,233
129,113,242
147,97,244
148,93,241
155,102,257
137,99,236
141,86,227
136,92,228
130,99,229
130,98,228
115,98,213
130,92,222
127,90,217
130,90,220
120,157,277
128,174,302
167,142,309
158,139,297
160,143,303
118,139,257
119,137,256
120,138,258
121,139,260
98,134,232
127,133,260
121,137,258
123,142,265
120,145,265
120,137,257
131,131,262
130,159,289
107,159,266
117,170,287
148,138,286
154,183,337
157,180,337
126,179,305
150,148,298
165,149,314
109,147,256
131,137,268
146,132,278
139,126,265
138,127,265
127,114,241
145,110,255
150,92,242
154,146,300
135,146,281
130,119,249
175,96,271
174,111,285
131,141,272
133,133,266
162,96,258
159,100,259
118,103,221
124,104,228
95,98,193
117,90,207
138,83,221
116,88,204
125,84,209
125,99,224
115,95,210
124,90,214
134,141,275
167,133,300
145,150,295
162,150,312
120,142,262
130,129,259
155,106,261
165,96,261
132,118,250
134,184,318
169,176,345
167,198,365
149,170,319
157,207,364
163,212,375
130,255,385
133,292,425
153,274,427
177,294,471
206,230,436
233,228,461
201,278,479
188,241,429
179,240,419
223,240,463
178,268,446
206,267,473
178,299,477
218,310,528
191,387,578
246,393,639
230,355,585
333,269,602
314,270,584
288,290,578
208,292,500
180,290,470
220,266,486
252,251,503
206,299,505
189,275,464
189,332,521
218,353,571
209,328,537
261,318,579
301,265,566
279,251,530
264,261,525
218,271,489
196,300,496
192,326,518
229,339,568
219,357,576
265,304,569
299,231,530
280,284,564
250,275,525
189,279,468
222,287,509
222,295,517
232,294,526
194,335,529
251,258,509
231,310,541
301,265,566
212,291,503
261,279,540
211,274,485
226,267,493
233,322,555
219,369,588
221,414,635
191,406,597
316,295,611
355,269,624
332,264,596
228,279,507
218,279,497
200,329,529
228,298,526
204,319,523
259,351,610
254,350,604
204,370,574
202,329,531
284,274,558
312,251,563
242,280,522
216,304,520
203,307,510
214,324,538
227,315,542
248,295,543
264,274,538
213,288,501
238,247,485
226,282,508
226,277,503
204,300,504
190,320,510
231,289,520
210,298,508
258,259,517
257,256,513
259,279,538
205,301,506
213,236,449
245,235,480
229,309,538
192,302,494
168,307,475
273,273,546
259,273,532
246,344,590
208,295,503
232,308,540
292,261,553
243,293,536
239,331,570
209,374,583
240,344,584
232,320,552
326,271,597
307,273,580
252,302,554
225,239,464
204,335,539
259,321,580
201,362,563
209,350,559
299,213,512
289,237,526
311,204,515
158,227,385
147,222,369
282,137,419
301,148,449
288,180,468
193,174,367
151,195,346
164,216,380
160,279,439
163,331,494
173,376,549
209,371,580
281,308,589
364,206,570
340,215,555
273,273,546
156,288,444
150,295,445
200,304,504
237,346,583
235,438,673
220,502,722
250,506,756
310,462,772
368,382,750
445,334,779
422,302,724
288,301,589
311,184,495
267,184,451
269,251,520
141,265,406
132,292,424
155,319,474
219,288,507
230,369,599
263,365,628
226,365,591
294,331,625
318,296,614
321,308,629
255,298,553
250,223,473
250,254,504
247,221,468
178,218,396
167,200,367
176,188,364
169,229,398
124,239,363
121,243,364
186,202,388
204,239,443
208,250,458
128,253,381
186,193,379
180,229,409
213,281,494
159,292,451
187,267,454
211,284,495
251,254,505
216,262,478
223,278,501
212,437,649
211,442,653
193,432,625
308,313,621
405,227,632
372,228,600
173,224,397
179,205,384
183,198,381
195,207,402
164,222,386
164,211,375
179,203,382
199,192,391
197,185,382
196,164,360
196,162,358
161,176,337
163,172,335
159,182,341
160,181,341
164,156,320
163,149,312
153,153,306
122,151,273
110,154,264
129,179,308
129,188,317
128,184,312
139,170,309
155,158,313
154,156,310
103,159,262
119,162,281
121,166,287
115,198,313
113,194,307
122,194,316
168,144,312
186,133,319
190,127,317
142,130,272
122,134,256
122,171,293
95,173,268
112,188,300
119,196,315
136,216,352
165,210,375
164,174,338
182,139,321
139,177,316
114,174,288
113,168,281
153,117,270
172,116,288
170,151,321
123,153,276
138,149,287
151,130,281
156,132,288
99,132,231
107,148,255
116,185,301
106,187,293
117,175,292
162,154,316
151,152,303
113,157,270
125,163,288
123,165,288
109,202,311
122,208,330
105,204,309
118,199,317
168,160,328
189,176,365
175,209,384
152,200,352
168,205,373
197,182,379
151,186,337
169,141,310
190,113,303
201,121,322
153,153,306
140,172,312
192,114,306
203,94,297
147,96,243
133,87,220
115,89,204
131,139,270
105,161,266
141,137,278
180,110,290
147,102,249
131,103,234
123,106,229
122,150,272
125,150,275
121,137,258
169,107,276
161,135,296
95,165,260
106,143,249
160,181,341
231,177,408
242,148,390
186,142,328
139,99,238
158,132,290
146,128,274
172,231,403
246,166,412
285,134,419
250,118,368
159,167,326
140,179,319
111,188,299
163,152,315
182,137,319
194,146,340
160,154,314
141,159,300
156,155,311
148,154,302
147,140,287
138,176,314
135,179,314
123,180,303
162,146,308
162,172,334
161,181,342
102,217,319
120,220,340
154,204,358
187,173,360
146,171,317
162,205,367
130,241,371
126,238,364
142,263,405
198,201,399
199,204,403
181,228,409
150,213,363
170,203,373
203,155,358
211,182,393
199,183,382
156,163,319
152,160,312
166,153,319
147,144,291
161,176,337
136,170,306
192,129,321
187,120,307
187,119,306
155,104,259
150,102,252
151,115,266
150,103,253
161,86,247
152,157,309
137,160,297
179,119,298
183,114,297
133,102,235
150,95,245
154,93,247
139,98,237
132,94,226
131,113,244
137,99,236
145,98,243
132,93,225
134,160,294
136,159,295
186,108,294
187,93,280
182,164,346
136,169,305
182,118,300
237,114,351
227,113,340
185,104,289
135,104,239
125,94,219
132,97,229
134,95,229
130,92,222
133,91,224
133,170,303
134,168,302
178,132,310
177,130,307
175,123,298
137,124,261
137,127,264
133,129,262
141,119,260
143,114,257
150,107,257
142,111,253
152,95,247
150,90,240
155,167,322
143,155,298
178,114,292
174,101,275
122,90,212
151,153,304
147,172,319
183,140,323
183,182,365
187,173,360
172,178,350
193,158,351
225,146,371
205,182,387
204,152,356
163,145,308
199,113,312
158,111,269
124,121,245
124,118,242
128,156,284
126,157,283
158,122,280
165,127,292
169,142,311
121,146,267
126,140,266
143,124,267
145,130,275
139,135,274
125,139,264
133,131,264
126,133,259
141,120,261
132,120,252
135,126,261
125,129,254
125,126,251
131,128,259
131,125,256
141,133,274
136,138,274
129,139,268
140,141,281
131,143,274
146,139,285
141,136,277
144,146,290
141,139,280
141,141,282
133,134,267
138,125,263
129,131,260
126,128,254
117,129,246
122,127,249
124,123,247
122,128,250
114,125,239
101,130,231
108,126,234
124,126,250
116,110,226
137,106,243
131,99,230
107,100,207
114,107,221
122,109,231
76,109,185
106,106,212
125,105,230
119,88,207
137,88,225
130,126,256
131,153,284
131,136,267
164,109,273
186,164,350
150,143,293
164,148,312
160,147,307
95,144,239
139,129,268
156,118,274
155,104,259
156,180,336
169,202,371
182,204,386
190,194,384
197,180,377
195,169,364
180,159,339
155,178,333
147,166,313
106,165,271
140,165,305
146,170,316
127,191,318
135,197,332
98,199,297
137,187,324
158,173,331
164,163,327
167,159,326
148,154,302
126,146,272
117,149,266
131,148,279
126,165,291
108,199,307
124,219,343
116,229,345
151,219,370
194,162,356
208,142,350
198,114,312
174,111,285
159,139,298
169,135,304
173,139,312
170,152,322
144,155,299
120,166,286
160,145,305
178,127,305
167,142,309
145,145,290
137,143,280
138,142,280
125,138,263
134,130,264
134,124,258
135,119,254
117,116,233
132,109,241
136,103,239
133,116,249
123,114,237
134,105,239
140,99,239
122,88,210
136,84,220
130,115,245
130,115,245
133,113,246
134,111,245
117,120,237
116,122,238
129,123,252
126,117,243
134,109,243
133,102,235
125,117,242
120,120,240
133,127,260
133,134,267
115,135,250
133,132,265
142,126,268
146,111,257
144,116,260
140,113,253
124,110,234
138,101,239
129,95,224
135,97,232
123,104,227
132,98,230
145,112,257
139,106,245
137,91,228
140,82,222
136,112,248
125,116,241
111,108,219
159,92,251
159,137,296
158,152,310
125,142,267
132,140,272
110,136,246
128,135,263
115,132,247
139,128,267
145,108,253
145,113,258
139,115,254
125,117,242
114,121,235
110,116,226
121,115,236
116,119,235
119,119,238
129,113,242
124,191,315
267,112,379
273,109,382
278,105,383
149,120,269
142,112,254
154,116,270
142,93,235
165,95,260
129,90,219
114,86,200
81,81,162
106,77,183
97,103,200
112,104,216
109,107,216
120,102,222
114,96,210
120,95,215
98,118,216
110,115,225
127,107,234
113,104,217
121,114,235
124,106,230
83,103,186
111,100,211
95,96,191
123,101,224
117,97,214
119,90,209
123,94,217
93,88,181
123,124,247
129,124,253
139,107,246
142,101,243
134,118,252
131,276,407
116,312,428
92,343,435
165,317,482
335,113,448
97,108,205
146,89,235
168,137,305
131,128,259
143,116,259
140,106,246
125,102,227
129,101,230
119,105,224
127,105,232
115,102,217
132,94,226
115,92,207
129,93,222
131,87,218
128,91,219
136,81,217
132,103,235
130,103,233
127,115,242
142,101,243
139,82,221
142,126,268
139,119,258
144,105,249
132,95,227
121,88,209
110,82,192
126,77,203
83,99,182
116,105,221
129,111,240
115,111,226
122,112,234
125,116,241
124,116,240
128,112,240
126,114,240
130,118,248
124,118,242
126,115,241
130,112,242
132,111,243
131,112,243
126,111,237
123,106,229
128,101,229
129,97,226
136,94,230
133,89,222
131,111,242
137,97,234
134,89,223
135,108,243
130,106,236
139,105,244
131,95,226
129,116,245
151,104,255
148,99,247
128,94,222
125,96,221
120,107,227
128,104,232
129,101,230
127,98,225
137,96,233
137,88,225
140,82,222
135,100,235
118,103,221
139,91,230
129,105,234
132,103,235
140,97,237
130,83,213
133,93,226
123,89,212
127,110,237
136,98,234
142,90,232
134,129,263
143,133,276
146,124,270
142,122,264
124,118,242
124,112,236
127,105,232
123,94,217
134,96,230
137,90,227
137,104,241
138,107,245
139,98,237
129,98,227
135,104,239
144,100,244
149,91,240
143,123,266
139,118,257
134,105,239
135,90,225
99,143,242
125,142,267
141,130,271
138,123,261
119,110,229
123,96,219
126,98,224
103,92,195
129,82,211
130,105,235
126,104,230
142,89,231
143,107,250
143,96,239
143,84,227
139,108,247
120,105,225
142,111,253
130,105,235
84,99,183
115,99,214
125,96,221
127,92,219
125,93,218
130,91,221
126,95,221
132,91,223
131,84,215
137,98,235
132,91,223
110,82,192
119,98,217
135,87,222
127,81,208
126,94,220
135,102,237
143,89,232
136,93,229
133,84,217
135,90,225
124,86,210
132,99,231
126,100,226
116,98,214
134,94,228
131,89,220
132,94,226
127,101,228
133,92,225
134,87,221
145,82,227
111,88,199
128,91,219
116,91,207
112,87,199
123,85,208
131,100,231
119,95,214
135,84,219
140,95,235
143,86,229
129,85,214
127,105,232
132,142,274
151,134,285
168,155,323
154,166,320
124,176,300
132,166,298
133,174,307
134,184,318
129,191,320
125,214,339
144,223,367
147,227,374
151,235,386
174,209,383
177,217,394
192,220,412
153,236,389
162,236,398
165,207,372
185,206,391
202,177,379
182,171,353
167,166,333
143,171,314
140,160,300
142,165,307
135,186,321
124,203,327
127,235,362
132,261,393
153,243,396
170,235,405
202,215,417
200,209,409
181,240,421
163,241,404
156,255,411
182,258,440
193,253,446
190,251,441
199,233,432
199,223,422
190,221,411
188,223,411
168,229,397
168,223,391
171,212,383
179,213,392
173,218,391
173,209,382
154,211,365
174,191,365
167,199,366
169,213,382
137,219,356
144,201,345
166,203,369
178,207,385
150,225,375
150,229,379
154,222,376
171,219,390
190,207,397
178,210,388
165,236,401
157,233,390
159,244,403
169,226,395
170,199,369
200,171,371
194,164,358
167,161,328
134,178,312
130,202,332
129,232,361
124,250,374
149,259,408
169,259,428
198,248,446
198,251,449
207,227,434
204,217,421
184,221,405
188,212,400
174,228,402
166,229,395
156,244,400
169,220,389
182,194,376
195,180,375
181,189,370
147,201,348
134,223,357
144,214,358
152,216,368
168,210,378
172,189,361
161,186,347
172,180,352
150,193,343
144,206,350
121,231,352
137,225,362
156,226,382
183,215,398
173,208,381
182,201,383
164,203,367
172,193,365
160,192,352
156,194,350
143,203,346
149,204,353
141,212,353
162,196,358
151,202,353
168,194,362
158,201,359
146,207,353
147,191,338
152,181,333
174,156,330
169,158,327
152,158,310
129,154,283
123,161,284
120,169,289
122,181,303
123,209,332
124,210,334
137,208,345
142,211,353
173,180,353
162,183,345
162,172,334
148,178,326
151,201,352
141,203,344
128,203,331
148,184,332
170,161,331
169,162,331
153,174,327
120,195,315
124,215,339
121,231,352
142,215,357
162,223,385
184,242,426
179,246,425
157,273,430
180,262,442
205,241,446
217,252,469
211,238,449
187,237,424
198,218,416
187,216,403
191,222,413
192,261,453
191,256,447
186,261,447
214,229,443
207,213,420
212,202,414
180,214,394
170,207,377
158,199,357
155,203,358
168,197,365
177,188,365
150,201,351
145,197,342
147,198,345
149,223,372
157,218,375
146,224,370
164,208,372
171,198,369
181,203,384
159,215,374
156,214,370
145,219,364
171,212,383
162,219,381
171,197,368
166,187,353
180,167,347
166,165,331
152,164,316
126,172,298
131,187,318
128,200,328
127,212,339
134,221,355
151,209,360
167,191,358
172,186,358
170,173,343
153,174,327
143,180,323
124,179,303
131,174,305
132,184,316
129,189,318
136,195,331
137,200,337
130,199,329
151,185,336
152,203,355
159,205,364
134,230,364
156,235,391
144,249,393
174,243,417
182,240,422
194,229,423
192,222,414
183,208,391
189,192,381
171,188,359
171,167,338
150,175,325
155,159,314
140,157,297
142,162,304
121,170,291
132,162,294
136,168,304
135,175,310
130,178,308
127,184,311
133,188,321
128,196,324
150,185,335
144,201,345
158,198,356
140,204,344
148,206,354
161,198,359
158,200,358
155,197,352
141,200,341
161,206,367
149,216,365
144,238,382
151,219,370
170,218,388
177,211,388
182,192,374
176,191,367
169,192,361
141,194,335
145,190,335
148,183,331
149,188,337
152,205,357
152,221,373
172,246,418
287,136,423
283,150,433
270,146,416
148,128,276
162,114,276
155,109,264
140,108,248
128,107,235
123,105,228
124,106,230
123,105,228
124,104,228
124,102,226
124,100,224
128,93,221
128,93,221
131,183,314
131,270,401
134,301,435
150,303,453
172,288,460
237,211,448
235,196,431
239,167,406
185,151,336
168,147,315
149,144,293
127,145,272
124,146,270
119,147,266
123,144,267
122,145,267
124,145,269
124,143,267
123,144,267
123,146,269
120,146,266
123,142,265
123,144,267
123,145,268
119,158,277
119,160,279
123,161,284
123,162,285
123,168,291
119,177,296
118,173,291
119,173,292
132,162,294
157,145,302
173,133,306
165,141,306
143,141,284
145,136,281
149,115,264
166,121,287
179,104,283
171,88,259
159,161,320
144,165,309
138,163,301
131,146,277
83,143,226
111,140,251
123,129,252
120,114,234
144,99,243
153,107,260
159,98,257
153,87,240
132,80,212
126,117,243
85,138,223
123,133,256
128,125,253
112,116,228
149,98,247
163,91,254
163,116,279
149,106,255
142,91,233
153,83,236
129,125,254
136,129,265
138,118,256
144,102,246
131,98,229
129,88,217
140,105,245
141,96,237
141,85,226
131,79,210
123,106,229
101,97,198
140,83,223
140,100,240
132,102,234
147,99,246
142,129,271
144,111,255
165,95,260
155,100,255
140,97,237
144,111,255
125,99,224
145,97,242
146,96,242
127,117,244
152,99,251
145,118,263
137,118,255
146,108,254
136,101,237
140,99,239
119,92,211
138,148,286
129,133,262
141,125,266
140,166,306
151,116,267
190,100,290
146,93,239
130,90,220
121,87,208
125,101,226
88,94,182
122,129,251
145,135,280
126,124,250
144,112,256
145,119,264
140,119,259
127,111,238
128,108,236
130,107,237
120,98,218
125,98,223
124,94,218
122,97,219
122,92,214
127,89,216
129,90,219
122,89,211
112,116,228
112,108,220
166,84,250
165,112,277
148,96,244
138,84,222
136,80,216
135,117,252
76,127,203
114,114,228
134,112,246
119,109,228
125,109,234
113,116,229
122,119,241
107,121,228
121,118,239
119,117,236
134,106,240
130,105,235
127,110,237
124,105,229
124,110,234
123,111,234
119,114,233
122,121,243
114,124,238
124,125,249
125,127,252
129,125,254
117,123,240
119,121,240
115,128,243
124,123,247
131,119,250
124,118,242
121,118,239
125,113,238
126,114,240
128,128,256
123,133,256
128,138,266
133,144,277
137,132,269
134,134,268
132,137,269
120,144,264
116,139,255
120,157,277
121,154,275
138,149,287
126,150,276
127,119,246
150,107,257
145,97,242
142,110,252
147,112,259
141,98,239
135,89,224
133,86,219
97,150,247
125,193,318
141,220,361
141,277,418
101,299,400
150,313,463
189,308,497
236,281,517
254,273,527
247,265,512
221,254,475
216,251,467
212,281,493
208,273,481
188,284,472
222,221,443
229,224,453
237,231,468
188,249,437
172,251,423
188,220,408
177,219,396
190,247,437
157,259,416
164,257,421
174,264,438
203,244,447
219,229,448
223,219,442
188,224,412
178,214,392
206,168,374
213,172,385
179,201,380
125,252,377
126,303,429
139,327,466
172,308,480
219,267,486
255,224,479
280,200,480
242,200,442
193,215,408
130,234,364
156,232,388
139,235,374
182,219,401
178,195,373
201,186,387
189,199,388
167,230,397
136,253,389
147,242,389
170,229,399
204,211,415
199,219,418
184,225,409
150,237,387
157,236,393
184,220,404
209,243,452
184,266,450
157,271,428
179,251,430
211,239,450
229,193,422
202,204,406
171,212,383
200,153,353
207,164,371
197,191,388
132,263,395
125,283,408
126,296,422
164,287,451
246,212,458
243,223,466
227,224,451
146,239,385
163,242,405
174,237,411
180,219,399
204,216,420
182,221,403
180,214,394
175,240,415
172,271,443
138,274,412
167,253,420
196,234,430
233,193,426
210,188,398
183,188,371
150,196,346
148,199,347
137,203,340
141,193,334
154,181,335
160,187,347
153,194,347
142,191,333
144,191,335
136,202,338
182,172,354
184,178,362
189,182,371
132,208,340
131,219,350
132,234,366
152,214,366
174,185,359
183,179,362
179,163,342
152,170,322
141,187,328
119,198,317
127,199,326
133,202,335
155,196,351
164,202,366
153,205,358
149,208,357
161,202,363
162,213,375
148,232,380
158,215,373
154,220,374
185,207,392
166,217,383
180,212,392
142,228,370
166,217,383
162,219,381
175,222,397
168,206,374
174,188,362
176,176,352
160,177,337
154,188,342
131,199,330
126,199,325
145,196,341
147,195,342
165,188,353
145,196,341
156,182,338
150,186,336
155,195,350
135,203,338
142,189,331
155,179,334
166,168,334
158,173,331
143,187,330
126,192,318
130,202,332
133,219,352
157,216,373
163,232,395
157,260,417
165,257,422
173,248,421
196,240,436
193,230,423
209,213,422
192,212,404
180,213,393
169,199,368
173,203,376
158,214,372
140,207,347
158,210,368
169,212,381
172,204,376
158,216,374
160,213,373
151,209,360
164,209,373
177,218,395
158,242,400
161,245,406
166,253,419
184,264,448
192,256,448
196,239,435
211,229,440
202,217,419
195,207,402
180,208,388
168,202,370
165,184,349
157,182,339
161,162,323
152,163,315
149,160,309
126,162,288
131,160,291
128,170,298
129,168,297
128,173,301
128,182,310
127,192,319
127,210,337
141,201,342
148,214,362
153,212,365
184,192,376
192,205,397
177,223,400
126,225,351
150,201,351
178,171,349
185,168,353
166,172,338
126,189,315
130,205,335
121,202,323
140,208,348
157,216,373
163,223,386
144,232,376
155,208,363
169,205,374
195,204,399
163,213,376
154,230,384
149,226,375
163,212,375
175,202,377
183,212,395
166,216,382
147,220,367
145,222,367
171,193,364
166,193,359
173,173,346
161,165,326
161,156,317
149,157,306
135,157,292
130,151,281
127,153,280
131,147,278
130,159,289
131,158,289
127,151,278
130,169,299
131,174,305
135,183,318
136,187,323
135,186,321
137,197,334
141,231,372
152,229,381
176,231,407
288,152,440
298,138,436
282,197,479
170,261,431
148,269,417
141,277,418
169,249,418
234,184,418
226,177,403
206,162,368
155,149,304
162,142,304
154,138,292
151,132,283
135,134,269
143,152,295
136,161,297
136,163,299
119,168,287
124,183,307
124,186,310
123,189,312
139,171,310
158,150,308
162,141,303
149,136,285
132,138,270
126,139,265
125,137,262
126,140,266
122,136,258
132,129,261
135,139,274
139,142,281
129,138,267
134,122,256
135,109,244
135,114,249
137,130,267
128,115,243
135,113,248
148,99,247
160,130,290
165,143,308
139,145,284
154,148,302
130,159,289
128,156,284
144,150,294
156,141,297
165,125,290
185,129,314
197,129,326
193,132,325
192,103,295
176,120,296
158,112,270
129,125,254
133,157,290
128,173,301
134,196,330
133,203,336
159,195,354
160,204,364
150,219,369
144,201,345
156,183,339
178,188,366
169,185,354
165,172,337
153,177,330
148,192,340
136,204,340
133,218,351
142,204,346
154,198,352
177,192,369
167,187,354
152,193,345
144,190,334
150,193,343
150,207,357
153,204,357
145,226,371
160,238,398
156,253,409
166,251,417
180,234,414
198,208,406
202,195,397
187,193,380
169,196,365
152,198,350
151,195,346
152,184,336
159,186,345
149,191,340
148,198,346
139,223,362
143,229,372
147,225,372
160,229,389
184,219,403
174,227,401
177,220,397
167,224,391
180,214,394
168,221,389
173,216,389
163,232,395
174,255,429
166,267,433
170,303,473
189,284,473
222,263,485
231,245,476
231,223,454
196,244,440
205,246,451
177,263,440
184,261,445
181,251,432
203,247,450
219,236,455
188,257,445
187,271,458
191,263,454
202,264,466
194,266,460
217,247,464
209,267,476
204,270,474
191,265,456
210,244,454
221,241,462
204,240,444
196,232,428
172,250,422
204,225,429
185,255,440
194,260,454
174,253,427
195,253,448
201,239,440
212,220,432
191,236,427
191,215,406
179,223,402
178,234,412
172,226,398
165,243,408
182,235,417
184,238,422
181,247,428
180,247,427
184,225,409
212,222,434
190,230,420
197,214,411
168,234,402
184,227,411
159,243,402
177,239,416
172,236,408
193,235,428
193,221,414
186,219,405
177,226,403
183,231,414
175,226,401
172,252,424
173,251,424
191,228,419
191,243,434
204,227,431
179,238,417
194,247,441
164,259,423
191,240,431
175,241,416
204,216,420
192,205,397
186,216,402
177,217,394
165,240,405
156,263,419
165,248,413
183,253,436
214,243,457
199,251,450
179,248,427
185,226,411
207,203,410
190,204,394
174,204,378
159,226,385
159,249,408
159,244,403
169,221,390
193,197,390
205,172,377
182,174,356
162,186,348
134,195,329
151,185,336
170,173,343
179,171,350
166,170,336
143,168,311
135,174,309
132,175,307
129,180,309
135,207,342
133,219,352
132,226,358
150,209,359
172,189,361
178,189,367
166,185,351
144,208,352
153,215,368
159,221,380
162,231,393
164,221,385
167,208,375
174,201,375
179,186,365
163,188,351
156,189,345
146,191,337
145,198,343
144,224,368
148,222,370
152,235,387
164,222,386
176,197,373
184,183,367
194,158,352
174,151,325
165,144,309
145,147,292
133,148,281
133,149,282
138,172,310
145,174,319
143,178,321
145,178,323
132,179,311
133,179,312
136,193,329
139,216,355
135,244,379
146,253,399
155,255,410
192,228,420
205,209,414
201,212,413
178,196,374
163,217,380
169,231,400
150,242,392
162,232,394
173,228,401
200,230,430
179,242,421
185,300,485
169,342,511
200,332,532
179,387,566
296,315,611
278,325,603
254,319,573
262,222,484
267,233,500
278,305,583
183,322,505
167,352,519
180,318,498
272,243,515
291,234,525
256,220,476
180,231,411
195,205,400
172,209,381
168,232,400
167,220,387
161,234,395
183,240,423
167,282,449
175,299,474
179,305,484
216,281,497
245,272,517
254,263,517
229,270,499
212,271,483
214,259,473
205,255,460
220,234,454
200,238,438
203,236,439
192,229,421
181,288,469
181,298,479
169,320,489
193,320,513
232,311,543
256,301,557
259,299,558
247,285,532
244,296,540
243,290,533
211,317,528
228,296,524
231,272,503
239,327,566
231,314,545
229,353,582
216,386,602
255,358,613
275,317,592
299,268,567
274,235,509
282,210,492
232,276,508
191,301,492
150,307,457
217,247,464
240,243,483
260,254,514
197,276,473
180,285,465
193,264,457
215,255,470
242,265,507
208,283,491
202,279,481
227,232,459
237,225,462
220,223,443
172,270,442
181,269,450
179,325,504
164,383,547
222,308,530
217,358,575
328,315,643
268,331,599
261,343,604
224,301,525
267,317,584
284,308,592
208,314,522
251,245,496
256,280,536
254,278,532
188,325,513
233,268,501
215,280,495
248,273,521
229,286,515
231,305,536
178,300,478
225,245,470
248,233,481
258,233,491
172,282,454
188,274,462
179,283,462
236,245,481
218,256,474
219,256,475
187,249,436
203,271,474
203,320,523
209,366,575
220,341,561
220,340,560
295,301,596
281,284,565
288,317,605
185,327,512
220,277,497
256,278,534
244,259,503
236,243,479
204,242,446
211,207,418
192,251,443
205,253,458
172,265,437
198,289,487
195,351,546
213,403,616
183,409,592
270,362,632
344,280,624
358,337,695
277,339,616
225,303,528
238,283,521
282,209,491
255,235,490
207,270,477
151,284,435
176,281,457
226,235,461
226,284,510
228,271,499
178,272,450
208,271,479
217,257,474
218,261,479
202,244,446
199,234,433
210,345,555
195,348,543
180,367,547
184,379,563
306,304,610
314,330,644
280,368,648
238,310,548
267,292,559
316,225,541
244,247,491
241,240,481
182,245,427
179,310,489
197,331,528
167,383,550
209,350,559
244,319,563
321,273,594
310,275,585
233,287,520
210,246,456
224,238,462
229,283,512
182,289,471
183,291,474
205,280,485
232,246,478
244,245,489
207,432,639
175,422,597
188,393,581
377,191,568
385,194,579
369,185,554
172,204,376
265,204,469
333,134,467
306,118,424
210,130,340
139,120,259
145,105,250
147,134,281
144,121,265
189,104,293
180,156,336
188,140,328
182,104,286
178,120,298
132,179,311
188,133,321
211,137,348
208,136,344
151,128,279
162,137,299
163,165,328
159,137,296
180,99,279
196,94,290
168,97,265
139,88,227
136,88,224
139,91,230
131,89,220
131,87,218
128,92,220
127,88,215
134,83,217
133,86,219
129,102,231
129,106,235
154,102,256
158,95,253
156,108,264
147,130,277
174,98,272
180,88,268
175,97,272
136,103,239
133,97,230
134,89,223
134,110,244
134,115,249
148,101,249
150,87,237
145,104,249
145,95,240
141,86,227
137,101,238
134,96,230
141,102,243
145,94,239
145,102,247
144,89,233
142,113,255
145,122,267
155,113,268
174,83,257
169,107,276
135,105,240
136,104,240
151,94,245
145,93,238
147,89,236
138,114,252
149,104,253
139,98,237
148,116,264
143,206,349
218,131,349
229,106,335
226,96,322
144,123,267
148,131,279
163,111,274
165,104,269
154,101,255
153,96,249
139,94,233
134,87,221
139,100,239
139,97,236
143,139,282
149,141,290
178,102,280
173,114,287
176,116,292
157,91,248
166,133,299
157,154,311
176,157,333
218,130,348
239,147,386
226,139,365
189,148,337
169,149,318
138,151,289
154,139,293
156,136,292
158,140,298
163,130,293
191,126,317
202,136,338
185,216,401
247,144,391
248,125,373
233,123,356
125,125,250
132,110,242
169,151,320
188,134,322
206,112,318
167,114,281
121,112,233
129,110,239
127,109,236
126,112,238
130,105,235
130,106,236
130,105,235
122,109,231
125,107,232
127,123,250
131,117,248
134,117,251
162,166,328
175,157,332
213,118,331
176,116,292
152,105,257
131,108,239
136,106,242
133,101,234
137,95,232
142,86,228
141,108,249
143,105,248
144,97,241
142,97,239
135,171,306
150,161,311
189,126,315
180,121,301
116,119,235
137,119,256
138,114,252
136,116,252
136,113,249
129,107,236
127,113,240
131,108,239
131,105,236
132,107,239
132,102,234
135,101,236
143,94,237
140,92,232
143,84,227
133,84,217
125,87,212
129,84,213
128,135,263
134,130,264
145,113,258
168,87,255
170,148,318
140,141,281
177,104,281
171,91,262
156,111,267
140,119,259
154,113,267
169,89,258
162,100,262
121,91,212
134,82,216
137,150,287
146,202,348
175,175,350
206,135,341
202,90,292
164,95,259
152,86,238
137,106,243
142,112,254
134,117,251
134,122,256
131,121,252
133,117,250
138,114,252
139,111,250
129,106,235
134,100,234
140,96,236
142,92,234
137,94,231
128,95,223
120,99,219
121,120,241
143,105,248
148,114,262
147,124,271
132,136,268
172,106,278
170,130,300
131,106,237
166,100,266
175,89,264
132,108,240
140,117,257
145,180,325
170,163,333
205,130,335
167,130,297
118,128,246
135,125,260
140,123,263
133,124,257
128,122,250
131,117,248
136,106,242
127,97,224
144,94,238
143,101,244
139,106,245
145,161,306
182,130,312
196,121,317
217,90,307
171,111,282
145,96,241
148,87,235
136,100,236
129,92,221
132,98,230
136,94,230
122,98,220
145,84,229
141,181,322
147,168,315
170,128,298
204,94,298
169,158,327
119,160,279
182,121,303
179,117,296
155,120,275
137,131,268
127,140,267
128,143,271
140,132,272
178,90,268
170,83,253
172,94,266
134,92,226
134,102,236
142,130,272
137,129,266
176,84,260
168,142,310
158,131,289
152,106,258
167,81,248
154,138,292
109,139,248
144,117,261
165,96,261
159,90,249
126,109,235
133,111,244
136,110,246
130,105,235
128,113,241
128,114,242
122,126,248
130,135,265
138,127,265
137,127,264
130,129,259
127,123,250
125,114,239
135,119,254
131,111,242
132,110,242
133,108,241
132,111,243
131,114,245
128,112,240
126,107,233
126,116,242
122,115,237
122,115,237
122,116,238
125,118,243
131,120,251
133,113,246
140,104,244
134,97,231
132,84,216
139,139,278
157,126,283
178,99,277
166,104,270
136,148,284
174,108,282
165,98,263
166,91,257
111,84,195
135,92,227
131,99,230
129,208,337
180,159,339
241,84,325
243,148,391
197,135,332
162,111,273
163,110,273
119,115,234
127,109,236
128,110,238
133,112,245
134,105,239
134,102,236
131,94,225
139,89,228
135,90,225
134,89,223
124,89,213
129,102,231
132,129,261
140,141,281
147,148,295
145,145,290
152,165,317
146,156,302
178,117,295
190,89,279
191,144,335
165,150,315
209,106,315
211,95,306
191,106,297
155,90,245
147,124,271
143,131,274
139,129,268
144,131,275
139,130,269
136,135,271
137,140,277
148,126,274
156,123,279
159,118,277
151,115,266
148,111,259
144,110,254
153,108,261
149,105,254
144,114,258
140,129,269
133,129,262
138,129,267
132,129,261
139,124,263
145,121,266
152,119,271
149,118,267
143,119,262
140,125,265
145,116,261
143,115,258
142,108,250
149,109,258
162,92,254
155,97,252
141,90,231
134,124,258
144,124,268
143,118,261
149,112,261
146,105,251
148,103,251
149,101,250
143,100,243
141,112,253
146,106,252
166,174,340
166,175,341
203,142,345
177,143,320
129,140,269
124,139,263
139,133,272
135,134,269
133,141,274
128,134,262
131,184,315
129,203,332
133,207,340
156,178,334
176,160,336
191,147,338
173,136,309
161,123,284
151,114,265
166,90,256
166,116,282
153,114,267
151,102,253
151,166,317
161,157,318
141,150,291
143,140,283
93,127,220
128,121,249
133,110,243
136,102,238
139,96,235
134,92,226
142,106,248
139,112,251
144,108,252
136,122,258
137,225,362
139,271,410
133,272,405
174,229,403
204,191,395
202,132,334
255,121,376
237,104,341
194,87,281
167,139,306
149,130,279
150,111,261
147,104,251
115,104,219
156,96,252
161,105,266
152,92,244
146,108,254
149,102,251
137,90,227
155,124,279
155,109,264
153,94,247
150,102,252
138,96,234
147,113,260
155,101,256
152,93,245
141,104,245
135,94,229
145,105,250
139,96,235
135,106,241
145,96,241
147,129,276
155,109,264
150,154,304
176,250,426
307,115,422
295,114,409
283,105,388
162,109,271
166,111,277
152,117,269
168,107,275
163,106,269
158,110,268
153,108,261
142,101,243
150,85,235
141,102,243
142,105,247
140,94,234
150,119,269
147,122,269
161,101,262
156,115,271
157,102,259
156,128,284
153,144,297
143,135,278
158,116,274
152,101,253
153,102,255
145,95,240
141,95,236
147,117,264
149,104,253
151,92,243
153,116,269
142,103,245
152,137,289
157,131,288
148,111,259
154,102,256
142,91,233
145,115,260
149,112,261
146,101,247
151,116,267
153,125,278
152,118,270
142,103,245
141,98,239
140,91,231
140,106,246
146,104,250
148,100,248
146,125,271
150,112,262
140,106,246
148,95,243
138,111,249
143,108,251
144,117,261
140,116,256
135,110,245
137,105,242
150,90,240
148,104,252
130,101,231
140,95,235
141,124,265
144,121,265
153,111,264
157,99,256
139,93,232
135,116,251
151,112,263
135,99,234
158,91,249
142,91,233
145,110,255
137,144,281
147,147,294
149,133,282
147,117,264
146,111,257
156,103,259
152,94,246
150,104,254
147,105,252
146,102,248
150,144,294
149,139,288
169,116,285
161,112,273
142,105,247
144,94,238
144,82,226
144,116,260
139,119,258
146,103,249
150,122,272
151,109,260
152,95,247
147,132,279
153,107,260
153,101,254
161,90,251
139,101,240
151,96,247
149,107,256
152,89,241
147,109,256
147,105,252
146,89,235
147,118,265
142,120,262
138,105,243
154,85,239
147,108,255
146,104,250
143,90,233
142,118,260
148,107,255
158,97,255
155,114,269
151,117,268
146,109,255
145,99,244
134,99,233
148,117,265
156,102,258
156,98,254
154,85,239
140,119,259
147,116,263
142,111,253
146,97,243
132,100,232
146,108,254
143,108,251
151,97,248
141,101,242
140,112,252
133,107,240
158,103,261
145,97,242
121,89,210
142,151,293
139,146,285
154,142,296
155,131,286
139,118,257
164,114,278
154,112,266
163,114,277
158,112,270
156,133,289
171,123,294
176,111,287
168,102,270
157,126,283
164,129,293
157,138,295
164,128,292
148,134,282
140,157,297
129,172,301
161,151,312
182,136,318
196,116,312
170,100,270
153,93,246
150,92,242
144,125,269
148,119,267
147,110,257
158,88,246
146,102,248
152,96,248
143,117,260
141,110,251
150,114,264
148,105,253
150,93,243
153,131,284
148,120,268
139,110,249
146,98,244
129,97,226
147,91,238
154,110,264
155,104,259
152,96,248
146,110,256
146,104,250
143,103,246
142,95,237
141,101,242
149,90,239
145,111,256
150,100,250
151,129,280
147,108,255
157,97,254
156,112,268
140,103,243
148,88,236
149,116,265
156,99,255
157,105,262
154,90,244
140,103,243
152,97,249
139,121,260
153,103,256
149,91,240
152,141,293
157,129,286
156,112,268
150,99,249
130,91,221
142,82,224
140,96,236
137,102,239
145,131,276
164,119,283
159,110,269
151,105,256
136,110,246
157,117,274
166,100,266
168,120,288
171,105,276
147,98,245
148,86,234
141,105,246
143,167,310
183,122,305
201,106,307
187,112,299
131,114,245
124,118,242
118,120,238
123,119,242
122,124,246
122,129,251
120,130,250
127,127,254
126,148,274
114,158,272
123,164,287
146,154,300
169,133,302
181,138,319
167,145,312
155,145,300
150,158,308
149,218,367
148,220,368
155,230,385
163,251,414
181,220,401
182,199,381
246,117,363
230,103,333
214,96,310
139,87,226
135,130,265
142,125,267
145,113,258
169,109,278
173,98,271
173,92,265
151,116,267
137,116,253
147,109,256
147,97,244
143,91,234
144,101,245
142,90,232
141,108,249
143,105,248
143,93,236
154,102,256
154,97,251
154,105,259
151,96,247
136,91,227
143,107,250
140,106,246
148,100,248
154,89,243
153,97,250
144,98,242
140,111,251
148,95,243
144,86,230
145,100,245
134,93,227
132,102,234
144,86,230
147,122,269
149,114,263
148,99,247
143,90,233
124,81,205
134,100,234
140,110,250
147,101,248
150,124,274
149,137,286
145,150,295
138,144,282
131,139,270
150,119,269
156,101,257
153,97,250
143,87,230
139,129,268
144,120,264
146,103,249
145,96,241
132,88,220
138,101,239
138,91,229
140,101,241
141,97,238
138,104,242
146,100,246
145,113,258
156,105,261
148,104,252
143,96,239
139,87,226
138,123,261
148,121,269
149,106,255
147,95,242
130,123,253
140,123,263
147,116,263
150,102,252
144,95,239
149,102,251
150,113,263
150,112,262
145,115,260
150,98,248
143,102,245
147,93,240
142,106,248
146,92,238
142,104,246
150,100,250
139,90,229
139,103,242
140,124,264
141,125,266
146,108,254
145,94,239
138,84,222
147,110,257
140,106,246
147,92,239
151,102,253
149,95,244
138,87,225
139,111,250
143,100,243
149,99,248
154,118,272
153,107,260
155,94,249
152,95,247
140,95,235
146,112,258
143,96,239
149,84,233
144,104,248
129,112,241
142,102,244
139,95,234
143,109,252
148,96,244
150,92,242
134,100,234
136,94,230
141,90,231
139,117,256
140,125,265
143,118,261
152,106,258
149,98,247
155,114,269
149,111,260
145,98,243
147,83,230
139,119,258
146,110,256
148,95,243
150,105,255
141,107,248
147,99,246
155,101,256
156,84,240
151,132,283
149,120,269
145,128,273
134,276,410
123,271,394
149,249,398
168,232,400
242,146,388
195,114,309
190,111,301
182,102,284
166,94,260
154,102,256
147,97,244
153,103,256
155,93,248
154,104,258
145,112,257
138,111,249
134,117,251
137,111,248
130,113,243
130,110,240
124,111,235
130,124,254
127,125,252
133,130,263
134,126,260
136,116,252
132,109,241
121,103,224
125,96,221
118,99,217
125,105,230
139,94,233
150,106,256
149,97,246
146,94,240
142,124,266
142,131,273
154,128,282
144,125,269
134,124,258
132,122,254
136,114,250
137,113,250
120,114,234
125,115,240
128,110,238
128,108,236
130,104,234
127,114,241
129,124,253
128,117,245
130,119,249
129,115,244
129,111,240
129,104,233
120,102,222
139,92,231
141,86,227
137,116,253
137,110,247
134,123,257
160,189,349
235,157,392
307,85,392
284,107,391
194,114,308
141,98,239
138,94,232
137,93,230
131,85,216
137,79,216
125,130,255
129,134,263
135,130,265
139,127,266
127,125,252
135,126,261
135,121,256
144,110,254
137,111,248
145,101,246
134,96,230
132,98,230
129,98,227
130,103,233
131,97,228
139,91,230
135,94,229
136,95,231
136,88,224
136,92,228
134,92,226
128,88,216
139,85,224
132,86,218
133,98,231
130,104,234
130,114,244
126,104,230
129,97,226
139,95,234
135,98,233
137,92,229
136,89,225
134,87,221
131,89,220
130,88,218
133,87,220
131,119,250
133,130,263
150,153,303
187,136,323
183,128,311
191,114,305
175,131,306
189,112,301
191,97,288
171,96,267
142,92,234
139,90,229
135,89,224
132,84,216
128,112,240
128,119,247
131,123,254
132,134,266
124,137,261
126,136,262
130,132,262
133,135,268
129,135,264
132,134,266
129,132,261
135,127,262
128,131,259
131,130,261
130,129,259
129,140,269
124,138,262
126,137,263
127,138,265
133,133,266
131,132,263
135,131,266
128,131,259
130,131,261
129,134,263
130,131,261
128,133,261
129,136,265
133,153,286
134,167,301
131,177,308
138,168,306
153,149,302
136,150,286
135,159,294
131,163,294
126,167,293
122,184,306
122,200,322
121,209,330
139,189,328
144,210,354
175,182,357
176,165,341
175,168,343
168,148,316
153,146,299
152,143,295
135,143,278
136,141,277
133,140,273
133,144,277
132,140,272
144,126,270
140,132,272
141,131,272
128,129,257
130,131,261
127,130,257
128,146,274
127,181,308
132,183,315
155,155,310
165,140,305
169,129,298
158,120,278
144,127,271
136,131,267
122,136,258
110,151,261
126,147,273
131,142,273
139,141,280
137,151,288
131,158,289
120,164,284
121,181,302
112,190,302
115,196,311
123,188,311
151,163,314
152,155,307
161,155,316
127,159,286
124,160,284
126,169,295
127,168,295
126,172,298
139,156,295
173,123,296
183,124,307
177,120,297
145,113,258
136,112,248
110,107,217
127,108,235
130,115,245
130,121,251
132,123,255
134,128,262
139,121,260
142,122,264
140,121,261
118,128,246
124,125,249
125,119,244
144,103,247
154,93,247
154,92,246
141,102,243
133,100,233
127,103,230
128,110,238
130,103,233
130,109,239
134,108,242
119,115,234
136,110,246
134,101,235
139,99,238
142,110,252
159,95,254
155,122,277
155,121,276
149,110,259
141,98,239
143,107,250
134,93,227
155,89,244
145,109,254
130,99,229
131,86,217
141,116,257
131,108,239
148,98,246
140,101,241
126,92,218
137,102,239
145,100,245
147,86,233
136,107,243
137,100,237
137,102,239
145,93,238
145,135,280
136,128,264
143,126,269
150,123,273
135,122,257
140,119,259
137,120,257
133,117,250
126,112,238
132,116,248
126,108,234
130,109,239
133,112,245
130,124,254
131,117,248
131,108,239
134,104,238
130,101,231
139,83,222
144,133,277
141,139,280
135,132,267
142,133,275
121,134,255
134,131,265
142,126,268
139,124,263
135,124,259
126,123,249
128,121,249
130,124,254
128,128,256
124,133,257
126,130,256
130,127,257
129,121,250
123,127,250
127,128,255
127,129,256
128,133,261
121,132,253
130,128,258
129,127,256
130,120,250
123,126,249
128,126,254
124,130,254
124,126,250
123,128,251
129,128,257
140,119,259
130,118,248
139,117,256
127,116,243
126,124,250
126,117,243
127,124,251
128,121,249
126,124,250
125,121,246
136,108,244
131,113,244
141,105,246
132,102,234
131,103,234
132,95,227
130,100,230
133,95,228
132,92,224
135,97,232
133,95,228
139,100,239
141,103,244
141,103,244
141,95,236
142,91,233
136,131,267
131,137,268
148,137,285
132,141,273
133,135,268
135,137,272
136,132,268
127,134,261
134,127,261
134,123,257
142,112,254
141,111,252
136,112,248
131,106,237
138,101,239
139,97,236
139,94,233
131,91,222
133,91,224
139,99,238
134,100,234
146,117,263
158,107,265
152,99,251
152,111,263
137,102,239
142,93,235
142,97,239
134,88,222
144,104,248
149,92,241
144,82,226
135,102,237
132,98,230
128,94,222
141,89,230
134,92,226
132,92,224
139,100,239
136,97,233
139,91,230
146,112,258
147,108,255
140,108,248
152,97,249
146,95,241
146,88,234
139,88,227
138,85,223
127,132,259
134,155,289
137,164,301
169,137,306
181,104,285
193,123,316
180,127,307
160,141,301
154,129,283
143,120,263
160,100,260
161,132,293
167,132,299
151,135,286
167,140,307
167,137,304
160,142,302
172,150,322
170,136,306
221,114,335
204,102,306
169,88,257
158,102,260
152,88,240
145,101,246
151,87,238
139,119,258
135,114,249
145,99,244
142,89,231
145,113,258
138,115,253
140,106,246
140,100,240
142,89,231
145,84,229
140,102,242
144,92,236
142,102,244
146,98,244
141,92,233
136,89,225
135,136,271
140,123,263
146,110,256
148,95,243
132,112,244
143,96,239
147,87,234
138,98,236
132,98,230
137,242,379
138,303,441
148,335,483
169,343,512
223,335,558
218,312,530
204,291,495
240,281,521
255,232,487
229,237,466
208,229,437
193,250,443
180,259,439
173,246,419
186,225,411
217,208,425
202,218,420
175,231,406
172,216,388
165,229,394
185,239,424
166,234,400
177,248,425
182,243,425
203,246,449
196,258,454
190,275,465
169,279,448
205,247,452
209,241,450
235,227,462
198,249,447
210,247,457
168,251,419
183,247,430
191,246,437
205,257,462
187,284,471
182,261,443
198,234,432
222,242,464
221,249,470
186,266,452
179,258,437
191,247,438
212,243,455
205,236,441
195,219,414
184,212,396
191,221,412
173,267,440
157,290,447
165,287,452
185,285,470
241,265,506
228,270,498
233,254,487
193,258,451
218,298,516
206,321,527
202,357,559
191,347,538
259,304,563
317,264,581
255,274,529
232,256,488
215,233,448
229,229,458
206,251,457
180,251,431
182,249,431
188,237,425
187,211,398
194,214,408
188,235,423
172,250,422
169,297,466
168,296,464
193,271,464
267,196,463
305,158,463
264,195,459
201,191,392
164,210,374
163,224,387
146,244,390
151,244,395
169,246,415
199,252,451
182,271,453
199,276,475
179,288,467
207,274,481
220,238,458
226,227,453
218,227,445
196,220,416
186,222,408
170,231,401
173,245,418
175,287,462
185,278,463
173,319,492
213,303,516
245,282,527
247,286,533
235,286,521
208,287,495
241,270,511
230,274,504
213,281,494
210,263,473
213,274,487
205,277,482
220,252,472
213,271,484
217,272,489
201,281,482
189,297,486
218,297,515
201,296,497
210,295,505
228,297,525
234,273,507
218,295,513
235,274,509
224,300,524
244,292,536
216,295,511
222,287,509
252,259,511
237,282,519
222,280,502
198,283,481
223,249,472
217,247,464
220,257,477
213,274,487
200,289,489
192,297,489
197,286,483
230,255,485
245,239,484
221,239,460
194,252,446
201,230,431
198,241,439
191,260,451
185,253,438
166,287,453
205,251,456
199,270,469
231,263,494
199,273,472
205,278,483
220,269,489
199,277,476
222,245,467
210,238,448
238,247,485
199,260,459
189,259,448
191,252,443
213,258,471
202,270,472
182,297,479
203,259,462
221,255,476
231,243,474
215,228,443
200,223,423
200,212,412
179,207,386
187,199,386
168,205,373
169,204,373
150,213,363
163,221,384
152,239,391
170,258,428
167,274,441
179,294,473
190,282,472
214,272,486
237,276,513
226,279,505
199,286,485
217,268,485
228,258,486
225,261,486
203,270,473
197,272,469
204,278,482
224,263,487
230,263,493
219,265,484
200,264,464
197,248,445
236,217,453
220,225,445
196,224,420
162,224,386
161,235,396
178,251,429
172,255,427
181,245,426
177,246,423
212,213,425
186,234,420
193,250,443
181,237,418
178,249,427
185,255,440
187,249,436
212,240,452
196,259,455
193,264,457
189,293,482
195,289,484
202,289,491
213,283,496
244,280,524
219,295,514
221,273,494
220,253,473
244,249,493
228,256,484
192,276,468
190,254,444
206,236,442
229,223,452
213,223,436
177,239,416
170,254,424
165,265,430
183,272,455
191,277,468
217,260,477
210,281,491
216,258,474
210,251,461
220,239,459
207,248,455
194,250,444
197,250,447
181,268,449
201,254,455
188,252,440
209,240,449
208,232,440
199,237,436
187,245,432
169,261,430
187,269,456
189,266,455
209,253,462
202,261,463
226,232,458
185,246,431
201,228,429
199,235,434
196,241,437
158,264,422
176,252,428
198,263,461
204,280,484
193,282,475
206,282,488
224,267,491
217,257,474
224,250,474
221,242,463
203,245,448
184,255,439
176,245,421
195,238,433
193,254,447
194,261,455
179,289,468
207,292,499
210,277,487
217,282,499
235,242,477
224,259,483
217,268,485
188,275,463
205,271,476
204,278,482
222,252,474
216,235,451
220,220,440
211,212,423
200,225,425
193,264,457
190,258,448
181,252,433
182,233,415
213,193,406
205,191,396
188,192,380
146,188,334
145,185,330
153,176,329
147,180,327
143,185,328
135,188,323
140,184,324
138,206,344
150,220,370
149,242,391
154,289,443
163,308,471
182,302,484
214,281,495
238,249,487
252,221,473
215,220,435
212,191,403
174,193,367
177,175,352
156,164,320
154,166,320
136,175,311
132,172,304
132,175,307
135,170,305
130,173,303
135,168,303
127,170,297
134,164,298
133,166,299
138,169,307
131,169,300
133,166,299
137,160,297
136,164,300
136,161,297
128,169,297
134,168,302
130,177,307
133,173,306
131,176,307
137,176,313
131,186,317
138,188,326
132,194,326
141,182,323
147,193,340
145,201,346
150,186,336
158,171,329
161,170,331
143,175,318
130,183,313
128,208,336
127,255,382
143,270,413
174,267,441
184,277,461
223,241,464
202,261,463
226,263,489
185,272,457
203,262,465
200,240,440
223,245,468
204,250,454
194,254,448
171,250,421
198,233,431
205,235,440
194,229,423
184,240,424
174,237,411
187,220,407
184,230,414
193,229,422
166,250,416
183,261,444
158,274,432
202,246,448
196,256,452
237,212,449
204,222,426
203,222,425
163,228,391
183,213,396
183,239,422
165,248,413
179,239,418
168,238,406
206,212,418
171,231,402
194,224,418
172,226,398
175,223,398
185,200,385
186,216,402
183,238,421
141,259,400
164,251,415
176,260,436
205,240,445
192,245,437
210,216,426
199,219,418
197,222,419
179,232,411
177,254,431
167,255,422
170,253,423
203,240,443
201,235,436
195,229,424
187,224,411
186,223,409
175,209,384
178,196,374
183,197,380
162,222,384
151,234,385
147,247,394
164,257,421
180,263,443
195,259,454
199,256,455
206,257,463
217,225,442
201,237,438
193,231,424
183,224,407
175,232,407
177,214,391
181,219,400
190,233,423
161,258,419
159,247,406
180,234,414
195,241,436
213,245,458
194,344,538
187,337,524
173,308,481
275,186,461
306,137,443
290,148,438
207,99,306
61,86,147
100,119,219
140,132,272
144,130,274
137,150,287
142,140,282
135,151,286
140,148,288
117,147,264
151,144,295
142,151,293
151,137,288
147,139,286
158,138,296
146,143,289
147,159,306
136,177,313
160,165,325
174,164,338
184,174,358
158,179,337
154,155,309
173,145,318
178,129,307
155,127,282
153,123,276
140,116,256
137,122,259
125,124,249
131,123,254
135,120,255
138,114,252
134,108,242
129,112,241
131,103,234
130,101,231
135,94,229
141,96,237
135,101,236
133,97,230
128,97,225
126,100,226
138,92,230
125,85,210
145,87,232
133,102,235
128,96,224
131,102,233
136,97,233
139,87,226
135,119,254
129,122,251
132,109,241
151,96,247
156,96,252
145,85,230
142,96,238
137,116,253
138,118,256
148,112,260
155,103,258
154,103,257
153,95,248
128,97,225
138,123,261
144,117,261
148,103,251
140,91,231
134,86,220
131,104,235
132,100,232
141,84,225
142,103,245
141,102,243
137,98,235
123,90,213
124,110,234
137,93,230
140,87,227
127,108,235
131,100,231
144,89,233
146,97,243
140,98,238
72,98,170
112,112,224
152,148,300
145,178,323
143,187,330
139,210,349
135,226,361
208,220,428
280,156,436
297,144,441
253,137,390
175,151,326
157,165,322
146,186,332
143,212,355
136,245,381
136,255,391
146,253,399
188,252,440
196,249,445
202,259,461
188,256,444
192,243,435
208,233,441
203,230,433
206,201,407
188,218,406
176,235,411
172,223,395
166,242,408
176,259,435
186,262,448
196,285,481
213,276,489
208,283,491
208,309,517
221,281,502
210,280,490
235,290,525
258,276,534
259,283,542
254,281,535
194,291,485
224,274,498
240,257,497
232,266,498
212,247,459
194,234,428
204,238,442
210,223,433
172,236,408
185,223,408
175,213,388
185,234,419
172,240,412
154,256,410
184,258,442
180,252,432
196,236,432
207,221,428
194,237,431
187,234,421
159,241,400
178,230,408
178,232,410
194,232,426
188,229,417
186,236,422
179,247,426
177,250,427
168,258,426
196,252,448
171,255,426
200,258,458
208,237,445
211,275,486
200,280,480
204,244,448
195,263,458
241,232,473
195,250,445
210,248,458
183,225,408
188,226,414
208,203,411
183,209,392
173,236,409
154,236,390
147,243,390
185,231,416
191,219,410
179,224,403
171,234,405
167,251,418
177,272,449
170,290,460
195,281,476
210,259,469
227,244,471
222,222,444
222,221,443
206,253,459
156,271,427
164,254,418
187,229,416
227,203,430
198,223,421
178,232,410
148,247,395
168,243,411
182,231,413
186,229,415
193,227,420
188,240,428
175,259,434
171,248,419
165,239,404
211,221,432
202,224,426
186,232,418
156,248,404
204,214,418
201,219,420
198,234,432
164,230,394
163,252,415
181,256,437
176,253,429
194,230,424
204,206,410
198,211,409
193,206,399
164,232,396
167,233,400
150,239,389
174,221,395
185,196,381
192,206,398
177,205,382
147,213,360
148,220,368
148,230,378
166,238,404
180,254,434
177,258,435
176,267,443
208,235,443
204,220,424
217,215,432
181,214,395
178,228,406
162,233,395
143,251,394
172,271,443
182,281,463
188,283,471
212,260,472
227,229,456
222,223,445
206,202,408
187,227,414
170,233,403
170,235,405
178,263,441
184,282,466
168,296,464
194,272,466
221,244,465
235,237,472
236,240,476
194,262,456
181,277,458
165,265,430
208,242,450
214,229,443
210,219,429
190,212,402
186,221,407
178,214,392
167,223,390
164,225,389
176,236,412
152,259,411
175,259,434
165,281,446
204,260,464
200,257,457
218,258,476
203,254,457
201,242,443
171,239,410
223,204,427
209,222,431
189,245,434
140,263,403
183,237,420
195,245,440
221,232,453
175,257,432
190,237,427
174,239,413
195,241,436
189,224,413
191,218,409
178,225,403
170,238,408
163,246,409
163,251,414
181,227,408
205,208,413
197,229,426
185,225,410
163,226,389
176,215,391
174,204,378
180,209,389
167,221,388
158,216,374
167,240,407
153,263,416
177,252,429
178,266,444
204,240,444
189,235,424
212,222,434
195,236,431
186,241,427
164,248,412
172,239,411
188,217,405
200,197,397
183,201,384
176,188,364
160,191,351
146,199,345
148,193,341
150,206,356
150,215,365
141,221,362
166,211,377
174,218,392
169,233,402
158,220,378
168,194,362
178,196,374
186,196,382
166,208,374
164,212,376
139,246,385
139,235,374
159,251,410
194,235,429
183,219,402
211,193,404
191,187,378
184,196,380
150,204,354
136,212,348
149,201,350
168,212,380
169,225,394
159,235,394
159,243,402
181,238,419
186,251,437
177,240,417
184,221,405
201,220,421
197,207,404
175,232,407
162,239,401
169,225,394
167,240,407
186,242,428
177,245,422
187,254,441
192,243,435
184,257,441
202,223,425
193,209,402
203,187,390
195,174,369
175,180,355
159,201,360
138,218,356
137,240,377
142,255,397
179,246,425
185,247,432
196,250,446
197,232,429
197,228,425
195,229,424
185,232,417
178,247,425
176,250,426
175,239,414
200,223,423
193,215,408
195,210,405
186,199,385
196,204,400
184,208,392
165,215,380
147,233,380
161,228,389
164,243,407
187,228,415
172,217,389
189,216,405
196,203,399
201,217,418
171,244,415
142,258,400
154,249,403
200,231,431
198,244,442
202,237,439
178,221,399
185,226,411
194,199,393
176,209,385
182,213,395
172,192,364
179,196,375
166,218,384
138,236,374
152,234,386
156,247,403
187,234,421
173,244,417
198,242,440
177,234,411
192,216,408
190,211,401
198,210,408
178,227,405
167,226,393
151,232,383
169,236,405
183,390,573
181,436,617
172,461,633
265,376,641
363,297,660
393,254,647
310,216,526
173,231,404
213,238,451
165,241,406
175,237,412
174,244,418
198,234,432
181,246,427
177,228,405
187,216,403
182,229,411
187,211,398
161,222,383
181,224,405
165,235,400
172,233,405
166,223,389
188,192,380
183,183,366
179,177,356
150,172,322
143,167,310
135,164,299
130,166,296
135,165,300
143,166,309
147,167,314
147,168,315
131,167,298
129,168,297
126,199,325
128,215,343
140,220,360
151,211,362
160,205,365
185,178,363
172,168,340
169,168,337
141,174,315
128,190,318
127,199,326
127,204,331
143,193,336
151,186,337
161,194,355
146,200,346
148,199,347
150,200,350
151,201,352
151,206,357
152,211,363
154,211,365
149,200,349
166,184,350
163,179,342
161,172,333
143,173,316
138,180,318
127,183,310
140,174,314
137,190,327
136,194,330
136,186,322
149,182,331
148,185,333
139,179,318
142,165,307
145,164,309
140,169,309
139,167,306
139,164,303
136,163,299
124,163,287
123,163,286
133,153,286
135,154,289
135,155,290
129,155,284
127,160,287
127,177,304
123,202,325
124,234,358
135,249,384
148,265,413
182,258,440
192,259,451
207,273,480
209,268,477
198,277,475
213,258,471
211,228,439
209,228,437
213,199,412
197,223,420
186,229,415
154,252,406
151,251,402
203,215,418
193,230,423
220,197,417
168,224,392
184,238,422
149,249,398
162,267,429
183,264,447
206,256,462
191,274,465
212,242,454
208,232,440
222,229,451
191,223,414
193,256,449
177,305,482
177,329,506
247,272,519
312,219,531
319,210,529
234,227,461
167,215,382
167,194,361
183,204,387
177,258,435
147,282,429
145,284,429
206,249,455
233,236,469
232,249,481
182,240,422
203,248,451
215,246,461
189,283,472
181,282,463
196,277,473
212,287,499
224,262,486
205,262,467
254,243,497
229,270,499
206,328,534
173,335,508
194,338,532
252,321,573
286,286,572
258,302,560
267,244,511
230,260,490
239,259,498
190,269,459
200,266,466
210,276,486
203,308,511
216,291,507
205,294,499
235,286,521
248,264,512
220,275,495
213,264,477
216,246,462
218,262,480
204,252,456
193,240,433
211,265,476
207,284,491
186,316,502
184,328,512
227,277,504
252,262,514
266,260,526
241,261,502
187,325,512
197,319,516
194,309,503
241,305,546
269,277,546
242,288,530
246,260,506
205,256,461
235,248,483
212,240,452
203,228,431
190,233,423
205,225,430
188,254,442
183,279,462
167,288,455
208,283,491
212,317,529
229,306,535
215,279,494
247,243,490
272,210,482
240,208,448
220,229,449
165,252,417
173,274,447
160,309,469
197,318,515
204,352,556
239,371,610
238,361,599
271,322,593
274,298,572
298,248,546
280,226,506
240,245,485
199,238,437
177,243,420
188,235,423
184,244,428
193,263,456
184,315,499
177,317,494
207,297,504
233,310,543
264,293,557
240,323,563
240,313,553
229,322,551
237,324,561
259,296,555
246,307,553
253,289,542
242,280,522
238,322,560
241,320,561
243,310,553
247,302,549
253,314,567
255,306,561
246,301,547
212,294,506
246,236,482
258,220,478
239,241,480
184,265,449
162,301,463
179,297,476
197,292,489
221,280,501
244,282,526
231,302,533
221,322,543
215,322,537
234,315,549
251,304,555
252,301,553
243,307,550
248,278,526
230,278,508
241,253,494
237,262,499
220,299,519
205,289,494
198,270,468
220,267,487
241,253,494
223,263,486
191,275,466
184,262,446
212,248,460
209,241,450
212,204,416
193,213,406
212,189,401
190,200,390
178,237,415
146,273,419
147,284,431
183,287,470
220,265,485
225,251,476
217,226,443
223,229,452
201,255,456
175,285,460
144,319,463
191,289,480
234,270,504
223,308,531
242,287,529
226,292,518
190,293,483
221,267,488
243,244,487
233,259,492
211,263,474
192,261,453
191,275,466
204,267,471
198,291,489
221,276,497
213,280,493
237,287,524
215,294,509
219,272,491
209,268,477
236,260,496
224,260,484
204,270,474
205,275,480
203,297,500
224,279,503
200,301,501
229,268,497
226,251,477
242,249,491
218,236,454
192,269,461
200,291,491
184,285,469
201,287,488
228,260,488
239,258,497
226,277,503
199,272,471
197,294,491
215,296,511
206,309,515
229,305,534
232,289,521
242,274,516
262,248,510
237,266,503
225,258,483
208,242,450
224,199,423
234,204,438
224,228,452
190,236,426
175,275,450
157,313,470
179,305,484
199,313,512
250,286,536
247,285,532
253,284,537
238,265,503
209,289,498
224,288,512
217,304,521
223,314,537
225,300,525
217,289,506
257,253,510
236,235,471
231,208,439
204,234,438
186,240,426
162,263,425
176,267,443
182,268,450
204,262,466
199,243,442
225,235,460
214,255,469
199,270,469
181,300,481
194,305,499
206,309,515
234,289,523
235,297,532
253,265,518
242,255,497
220,265,485
219,225,444
199,238,437
214,255,469
174,258,432
185,268,453
192,287,479
221,272,493
208,286,494
206,286,492
221,255,476
224,271,495
222,271,493
200,279,479
209,277,486
203,269,472
229,241,470
225,242,467
221,257,478
186,282,468
195,270,465
191,290,481
214,296,510
224,301,525
218,316,534
240,296,536
233,294,527
266,268,534
233,271,504
243,270,513
219,273,492
210,300,510
204,291,495
217,263,480
228,249,477
232,232,464
222,230,452
198,254,452
175,233,408
173,265,438
212,222,434
217,187,404
202,184,386
191,146,337
172,132,304
173,115,288
165,95,260
152,121,273
158,127,285
149,120,269
139,112,251
149,110,259
164,143,307
188,116,304
185,113,298
160,111,271
124,114,238
133,112,245
143,100,243
151,104,255
141,109,250
147,91,238
144,85,229
139,119,258
139,237,376
139,311,450
147,304,451
169,271,440
243,194,437
279,151,430
225,128,353
166,113,279
161,101,262
147,91,238
150,80,230
135,101,236
129,108,237
133,101,234
135,105,240
139,108,247
141,105,246
143,109,252
143,104,247
145,104,249
142,108,250
142,108,250
132,112,244
145,114,259
148,107,255
135,108,243
127,116,243
134,117,251
137,114,251
131,114,245
126,114,240
124,122,246
140,107,247
142,110,252
158,133,291
157,127,284
173,110,283
173,86,259
152,94,246
149,94,243
137,83,220
131,120,251
133,114,247
139,110,249
134,103,237
126,93,219
130,91,221
124,84,208
139,123,262
137,125,262
136,127,263
134,123,257
123,123,246
128,123,251
126,134,260
123,135,258
132,126,258
137,121,258
137,118,255
132,119,251
127,108,235
125,112,237
129,110,239
124,114,238
122,115,237
127,111,238
117,113,230
129,113,242
120,116,236
129,109,238
130,105,235
136,103,239
136,106,242
127,101,228
134,98,232
134,94,228
135,100,235
141,102,243
137,105,242
130,106,236
117,111,228
126,121,247
127,126,253
129,133,262
127,133,260
126,132,258
122,136,258
121,139,260
118,145,263
125,152,277
124,157,281
125,152,277
128,158,286
114,161,275
122,162,284
127,157,284
124,154,278
121,156,277
126,160,286
127,148,275
127,146,273
145,142,287
136,138,274
145,137,282
146,124,270
157,107,264
156,109,265
152,118,270
121,118,239
121,125,246
138,115,253
133,113,246
131,120,251
120,129,249
122,134,256
121,138,259
121,138,259
121,152,273
117,154,271
120,160,280
132,161,293
130,164,294
118,171,289
120,175,295
123,181,304
114,192,306
132,183,315
141,187,328
142,188,330
138,182,320
138,184,322
148,169,317
136,168,304
147,171,318
140,166,306
145,163,308
136,168,304
126,172,298
98,175,273
125,178,303
124,178,302
136,173,309
136,173,309
128,174,302
135,176,311
152,167,319
165,261,426
316,127,443
335,136,471
368,139,507
239,126,365
252,134,386
240,127,367
229,124,353
216,124,340
211,141,352
215,114,329
228,110,338
215,128,343
225,143,368
210,124,334
245,142,387
225,130,355
229,113,342
221,124,345
236,121,357
265,103,368
242,108,350
206,102,308
179,113,292
191,113,304
174,118,292
198,138,336
196,115,311
212,142,354
219,122,341
219,128,347
216,137,353
201,113,314
207,112,319
201,89,290
178,115,293
167,163,330
201,113,314
218,121,339
218,103,321
243,110,353
232,137,369
235,113,348
194,116,310
196,135,331
240,118,358
242,136,378
266,97,363
192,116,308
180,121,301
181,147,328
193,124,317
215,123,338
210,100,310
195,118,313
206,128,334
203,143,346
229,144,373
248,121,369
252,125,377
230,160,390
219,178,397
273,121,394
264,102,366
236,107,343
177,132,309
166,168,334
261,121,382
299,131,430
320,155,475
296,118,414
259,146,405
253,118,371
230,137,367
228,149,377
218,118,336
214,144,358
227,140,367
232,138,370
265,105,370
236,154,390
236,125,361
224,120,344
232,142,374
228,143,371
234,143,377
242,141,383
256,138,394
228,126,354
210,113,323
199,143,342
191,135,326
211,137,348
230,145,375
272,120,392
278,162,440
273,134,407
264,142,406
271,128,399
250,130,380
232,100,332
206,140,346
204,135,339
167,117,284
183,158,341
201,140,341
246,145,391
272,141,413
230,129,359
239,129,368
214,135,349
237,122,359
235,94,329
203,142,345
185,164,349
203,114,317
230,158,388
223,125,348
206,137,343
211,112,323
203,104,307
204,144,348
197,136,333
214,160,374
239,124,363
213,110,323
201,142,343
195,144,339
228,167,395
268,158,426
329,157,486
294,123,417
269,165,434
213,157,370
213,140,353
269,125,394
263,137,400
229,132,361
232,108,340
235,121,356
225,134,359
214,149,363
222,136,358
230,139,369
222,154,376
234,129,363
236,115,351
231,137,368
249,113,362
248,154,402
280,130,410
246,123,369
224,103,327
209,107,316
195,119,314
211,100,311
199,145,344
246,117,363
237,163,400
261,114,375
241,126,367
228,164,392
234,139,373
243,151,394
284,129,413
257,130,387
280,129,409
242,133,375
237,115,352
211,124,335
212,129,341
198,109,307
208,168,376
260,110,370
243,124,367
234,107,341
225,121,346
210,139,349
217,154,371
224,132,356
222,154,376
252,118,370
224,121,345
246,148,394
246,141,387
247,134,381
270,129,399
237,123,360
223,139,362
219,124,343
211,122,333
223,124,347
207,116,323
201,116,317
198,113,311
190,119,309
183,148,331
200,110,310
209,129,338
206,123,329
204,131,335
216,142,358
244,114,358
240,115,355
232,104,336
207,113,320
195,119,314
184,128,312
205,132,337
197,137,334
220,124,344
243,106,349
232,139,371
254,114,368
238,125,363
235,131,366
227,128,355
206,116,322
219,142,361
216,110,326
209,128,337
222,114,336
214,128,342
226,133,359
219,100,319
213,123,336
217,132,349
224,120,344
216,141,357
225,126,351
218,118,336
232,109,341
194,105,299
212,111,323
195,124,319
216,141,357
231,115,346
222,117,339
204,104,308
178,150,328
206,114,320
222,130,352
235,109,344
217,121,338
207,135,342
238,138,376
245,114,359
237,110,347
192,124,316
197,137,334
221,124,345
236,106,342
208,115,323
213,120,333
225,102,327
236,139,375
228,114,342
207,106,313
194,121,315
178,136,314
203,123,326
238,116,354
228,117,345
220,123,343
201,130,331
202,110,312
181,120,301
181,124,305
212,135,347
229,114,343
255,105,360
216,132,348
212,128,340
225,123,348
245,148,393
228,142,370
214,131,345
226,108,334
198,128,326
232,122,354
217,146,363
226,132,358
231,125,356
207,136,343
215,132,347
234,114,348
216,114,330
209,115,324
194,122,316
196,120,316
197,122,319
206,143,349
212,235,447
218,201,419
311,121,432
316,151,467
327,138,465
254,127,381
209,134,343
228,123,351
223,109,332
206,147,353
212,148,360
240,125,365
256,109,365
229,114,343
207,104,311
190,133,323
200,142,342
214,95,309
211,128,339
211,111,322
215,131,346
227,116,343
231,129,360
227,130,357
232,109,341
224,116,340
202,153,355
201,123,324
236,101,337
229,146,375
222,129,351
226,141,367
239,134,373
245,101,346
217,124,341
205,138,343
218,113,331
237,115,352
214,99,313
200,124,324
195,106,301
180,140,320
233,122,355
223,115,338
242,105,347
204,116,320
196,129,325
206,124,330
206,126,332
236,105,341
227,126,353
242,109,351
234,112,346
230,126,356
211,108,319
203,126,329
204,94,298
203,108,311
187,138,325
208,117,325
220,127,347
222,125,347
207,130,337
199,117,316
204,122,326
200,125,325
205,102,307
190,121,311
182,119,301
181,127,308
242,122,364
235,115,350
239,131,370
222,125,347
221,116,337
230,126,356
212,121,333
217,141,358
229,118,347
220,117,337
224,121,345
210,112,322
233,137,370
238,129,367
235,110,345
225,117,342
222,117,339
224,97,321
211,113,324
200,135,335
220,100,320
206,112,318
240,112,352
224,106,330
214,127,341
193,123,316
206,123,329
218,125,343
214,118,332
212,136,348
257,133,390
272,124,396
261,142,403
235,137,372
227,135,362
239,126,365
273,126,399
249,123,372
246,113,359
241,98,339
213,126,339
216,135,351
236,128,364
243,124,367
244,133,377
228,134,362
235,118,353
224,129,353
219,124,343
201,129,330
201,131,332
214,121,335
231,124,355
236,137,373
233,123,356
224,114,338
223,130,353
213,121,334
208,136,344
246,130,376
239,113,352
245,125,370
221,149,370
222,123,345
218,129,347
207,113,320
194,125,319
225,123,348
209,115,324
223,121,344
215,115,330
210,119,329
197,122,319
228,125,353
220,123,343
221,131,352
212,117,329
207,117,324
195,129,324
208,122,330
209,124,333
223,115,338
204,123,327
195,102,297
183,103,286
178,116,294
170,124,294
174,110,284
194,128,322
199,101,300
199,104,303
184,129,313
199,124,323
196,140,336
231,132,363
224,122,346
225,122,347
207,117,324
206,101,307
194,113,307
193,111,304
187,112,299
178,213,391
267,186,453
329,136,465
326,147,473
221,150,371
156,133,289
186,106,292
184,93,277
174,111,285
155,99,254
146,114,260
150,105,255
150,89,239
154,97,251
150,125,275
166,108,274
164,109,273
161,104,265
147,108,255
153,115,268
142,112,254
139,111,250
142,107,249
132,102,234
141,106,247
139,110,249
141,106,247
139,100,239
135,98,233
138,107,245
140,99,239
147,96,243
151,88,239
135,89,224
142,87,229
132,89,221
138,101,239
146,146,292
159,132,291
165,117,282
159,114,273
143,102,245
155,90,245
160,103,263
155,97,252
156,93,249
150,115,265
141,123,264
168,121,289
168,137,305
168,132,300
168,112,280
174,115,289
182,118,300
169,112,281
155,113,268
143,110,253
124,110,234
128,116,244
131,117,248
139,112,251
141,109,250
137,111,248
141,104,245
133,103,236
140,101,241
136,100,236
141,97,238
143,91,234
143,120,263
148,108,256
150,98,248
158,122,280
139,131,270
187,102,289
181,96,277
181,94,275
133,96,229
137,84,221
134,105,239
141,113,254
133,119,252
128,125,253
131,126,257
111,125,236
122,123,245
134,119,253
125,119,244
135,109,244
142,101,243
145,105,250
130,107,237
136,94,230
140,91,231
141,93,234
132,94,226
136,119,255
152,111,263
156,122,278
147,114,261
133,110,243
151,100,251
152,90,242
150,113,263
144,109,253
144,104,248
142,97,239
143,122,265
156,113,269
153,104,257
140,95,235
137,81,218
138,112,250
128,121,249
129,128,257
142,122,264
136,120,256
131,127,258
122,130,252
127,131,258
127,131,258
133,125,258
137,122,259
141,106,247
144,100,244
133,104,237
129,155,284
139,167,306
161,143,304
168,142,310
135,138,273
150,147,297
126,148,274
128,153,281
137,149,286
141,150,291
139,162,301
137,160,297
130,168,298
132,175,307
133,178,311
142,169,311
154,167,321
144,167,311
145,167,312
143,162,305
143,156,299
143,156,299
146,160,306
154,154,308
169,149,318
193,148,341
187,162,349
197,133,330
181,123,304
203,120,323
187,115,302
171,120,291
135,127,262
120,131,251
134,122,256
151,109,260
152,112,264
138,120,258
125,127,252
125,129,254
126,128,254
132,143,275
136,143,279
151,141,292
169,119,288
159,106,265
164,105,269
142,101,243
142,90,232
136,83,219
133,111,244
135,133,268
132,119,251
147,113,260
145,106,251
111,106,217
119,105,224
124,100,224
120,99,219
121,94,215
127,95,222
128,92,220
127,94,221
127,91,218
125,89,214
133,120,253
134,140,274
142,148,290
131,154,285
128,155,283
129,156,285
149,141,290
151,135,286
151,137,288
128,142,270
93,143,236
126,145,271
135,145,280
128,146,274
111,150,261
138,142,280
131,148,279
137,148,285
121,148,269
119,156,275
158,132,290
173,124,297
168,120,288
157,116,273
140,108,248
149,97,246
155,90,245
136,99,235
133,109,242
129,106,235
135,108,243
133,112,245
129,119,248
131,119,250
129,124,253
112,125,237
131,125,256
138,123,261
129,122,251
121,173,294
135,169,304
143,159,302
154,156,310
164,138,302
156,145,301
150,137,287
135,136,271
147,118,265
135,120,255
149,119,268
139,117,256
139,116,255
144,112,256
135,111,246
138,104,242
164,129,293
164,130,294
164,118,282
159,108,267
165,121,286
163,132,295
158,125,283
147,119,266
144,109,253
138,96,234
139,81,220
140,111,251
140,112,252
116,113,229
155,97,252
158,101,259
147,243,390
142,255,397
158,242,400
174,227,401
215,178,393
180,164,344
169,149,318
170,127,297
170,109,279
165,102,267
159,127,286
156,123,279
150,117,267
156,105,261
157,92,249
160,110,270
166,116,282
171,94,265
173,116,289
166,100,266
146,120,266
156,113,269
153,94,247
150,105,255
151,97,248
148,87,235
147,117,264
137,119,256
153,119,272
149,125,274
146,110,256
157,91,248
160,122,282
141,130,271
151,121,272
145,116,261
141,116,257
138,114,252
139,107,246
138,109,247
135,106,241
155,112,267
154,108,262
150,101,251
144,91,235
143,140,283
149,142,291
142,147,289
151,140,291
143,134,277
146,134,280
132,147,279
128,149,277
141,136,277
155,132,287
155,124,279
147,122,269
132,118,250
122,127,249
134,133,267
129,136,265
138,121,259
143,113,256
149,108,257
147,108,255
156,100,256
153,98,251
148,91,239
143,103,246
149,92,241
135,93,228
141,112,253
135,108,243
139,112,251
153,115,268
149,105,254
141,102,243
122,100,222
134,96,230
136,97,233
138,134,272
148,134,282
157,130,287
151,128,279
143,128,271
135,125,260
139,123,262
148,114,262
159,113,272
147,116,263
132,117,249
144,110,254
151,110,261
153,110,263
145,102,247
138,94,232
140,96,236
129,92,221
133,101,234
139,100,239
137,104,241
147,103,250
142,91,233
148,116,264
144,103,247
138,94,232
137,95,232
126,87,213
138,104,242
148,99,247
145,118,263
139,101,240
154,135,289
162,126,288
159,119,278
144,113,257
147,105,252
152,104,256
143,110,253
155,100,255
155,89,244
167,105,272
133,111,244
150,100,250
148,110,258
149,97,246
165,153,318
129,162,291
158,149,307
146,151,297
127,165,292
135,156,291
132,151,283
136,145,281
139,146,285
143,143,286
144,141,285
136,131,267
139,125,264
129,110,239
141,107,248
156,99,255
153,95,248
154,108,262
152,100,252
151,90,241
146,94,240
134,85,219
131,103,234
131,122,253
138,131,269
145,125,270
142,136,278
133,145,278
128,145,273
136,142,278
135,134,269
140,135,275
145,126,271
151,124,275
155,119,274
143,123,266
132,120,252
121,123,244
132,124,256
123,123,246
137,120,257
135,124,259
131,125,256
131,123,254
141,114,255
151,100,251
155,118,273
143,134,277
126,138,264
132,146,278
147,132,279
154,126,280
152,122,274
141,124,265
151,112,263
155,105,260
151,108,259
132,109,241
128,112,240
135,126,261
134,128,262
127,134,261
135,124,259
144,121,265
149,112,261
133,113,246
133,108,241
122,115,237
132,117,249
136,114,250
147,106,253
152,104,256
147,187,334
231,170,401
273,122,395
281,107,388
204,107,311
155,118,273
160,108,268
161,111,272
136,125,261
145,122,267
139,121,260
141,120,261
132,116,248
137,152,289
136,155,291
180,134,314
195,126,321
180,108,288
186,98,284
149,90,239
136,119,255
145,110,255
149,98,247
153,90,243
139,110,249
152,117,269
144,116,260
138,118,256
129,124,253
128,117,245
145,107,252
150,107,257
138,121,259
132,117,249
134,125,259
139,119,258
150,105,255
160,99,259
160,105,265
154,106,260
153,101,254
149,130,279
149,125,274
149,126,275
141,120,261
142,125,267
138,119,257
137,125,262
133,131,264
129,130,259
140,121,261
142,124,266
146,116,262
141,116,257
142,106,248
152,114,266
155,101,256
160,118,278
163,134,297
168,109,277
179,99,278
181,121,302
153,106,259
154,93,247
146,124,270
146,122,268
165,114,279
155,98,253
154,109,263
149,97,246
144,110,254
151,102,253
148,94,242
155,103,258
145,96,241
139,87,226
141,129,270
141,124,265
144,109,253
139,104,243
136,103,239
143,93,236
148,105,253
152,107,259
149,102,251
142,89,231
148,112,260
144,110,254
150,101,251
151,99,250
143,88,231
151,104,255
146,108,254
145,100,245
141,107,248
154,91,245
158,124,282
149,119,268
152,94,246
150,86,236
140,130,270
145,111,256
153,104,257
147,96,243
134,99,233
149,94,243
147,113,260
143,124,267
140,114,254
149,97,246
153,113,266
154,106,260
151,98,249
145,89,234
144,123,267
141,116,257
146,108,254
153,107,260
153,101,254
153,123,276
150,124,274
150,117,267
142,106,248
138,96,234
148,107,255
154,92,246
151,121,272
145,112,257
149,93,242
153,102,255
148,96,244
139,96,235
143,86,229
142,122,264
148,109,257
146,107,253
143,105,248
136,86,222
149,105,254
137,91,228
140,115,255
144,120,264
137,112,249
138,101,239
152,102,254
151,94,245
153,124,277
149,111,260
147,100,247
147,89,236
148,110,258
149,112,261
148,101,249
141,108,249
150,103,253
151,96,247
142,96,238
142,134,276
149,116,265
147,106,253
148,112,260
146,93,239
153,104,257
152,103,255
143,98,241
133,98,231
147,107,254
152,113,265
153,114,267
128,116,244
148,101,249
147,87,234
149,132,281
141,122,263
166,108,274
162,110,272
150,96,246
161,145,306
166,159,325
160,150,310
168,127,295
153,109,262
168,96,264
168,132,300
158,132,290
160,109,269
164,111,275
169,105,274
158,99,257
148,107,255
144,99,243
150,91,241
149,133,282
140,134,274
155,121,276
161,102,263
164,113,277
162,100,262
157,115,272
161,113,274
154,114,268
149,115,264
144,119,263
147,108,255
145,102,247
151,112,263
158,92,250
157,99,256
146,107,253
141,94,235
153,97,250
151,110,261
152,99,251
149,103,252
154,93,247
148,130,278
150,127,277
157,116,273
167,102,269
172,119,291
162,109,271
148,108,256
159,92,251
152,124,276
154,129,283
154,107,261
154,96,250
158,135,293
150,147,297
150,158,308
158,140,298
166,113,279
174,98,272
170,113,283
164,101,265
153,100,253
151,150,301
163,129,292
196,171,367
198,223,421
177,223,400
184,189,373
181,177,358
165,165,330
108,151,259
157,127,284
165,112,277
167,95,262
152,130,282
154,151,305
152,151,303
163,119,282
153,107,260
163,91,254
145,86,231
133,106,239
131,113,244
144,103,247
150,102,252
143,115,258
149,99,248
158,110,268
149,115,264
144,110,254
145,98,243
142,126,268
149,125,274
167,187,354
171,177,348
165,187,352
135,188,323
73,192,265
111,190,301
140,182,322
146,167,313
155,165,320
146,166,312
145,156,301
129,153,282
134,154,288
162,131,293
170,115,285
156,107,263
153,89,242
154,101,255
147,94,241
129,103,232
131,94,225
130,78,208
138,118,256
132,122,254
141,114,255
151,106,257
145,103,248
141,110,251
129,104,233
128,107,235
134,123,257
132,121,253
143,127,270
142,133,275
129,136,265
148,133,281
149,130,279
156,128,284
148,135,283
137,137,274
145,135,280
143,136,279
147,148,295
143,164,307
144,173,317
149,172,321
145,172,317
169,149,318
189,125,314
190,114,304
166,106,272
145,92,237
140,96,236
142,94,236
139,90,229
136,94,230
129,99,228
125,107,232
122,104,226
132,108,240
141,104,245
134,103,237
142,124,266
149,125,274
163,113,276
136,113,249
150,93,243
124,93,217
139,97,236
127,101,228
134,102,236
141,100,241
157,107,264
154,104,258
143,101,244
133,100,233
134,100,234
143,105,248
140,100,240
143,111,254
152,111,263
156,134,290
162,123,285
167,106,273
158,96,254
141,87,228
138,104,242
142,102,244
143,101,244
136,98,234
132,86,218
139,100,239
137,96,233
140,116,256
154,104,258
154,98,252
158,121,279
148,119,267
130,116,246
141,121,262
119,120,239
125,118,243
148,101,249
149,111,260
140,111,251
120,113,233
129,114,243
132,120,252
130,127,257
130,118,248
139,110,249
145,98,243
141,102,243
136,97,233
143,90,233
141,90,231
136,115,251
135,115,250
141,107,248
161,104,265
158,88,246
162,125,287
150,127,277
140,151,291
182,102,284
181,88,269
186,101,287
147,88,235
145,98,243
150,108,258
148,99,247
149,89,238
146,122,268
142,124,266
131,123,254
137,123,260
135,116,251
147,112,259
137,114,251
125,116,241
123,121,244
130,126,256
131,126,257
132,126,258
132,126,258
129,130,259
131,132,263
134,135,269
134,127,261
133,126,259
140,120,260
134,118,252
128,122,250
126,121,247
121,122,243
135,109,244
141,102,243
143,96,239
132,130,262
137,129,266
137,124,261
139,125,264
102,121,223
122,120,242
131,117,248
132,119,251
134,110,244
130,107,237
129,104,233
127,119,246
130,118,248
137,122,259
132,126,258
118,123,241
138,110,248
140,104,244
138,105,243
136,101,237
143,96,239
143,97,240
124,96,220
140,89,229
131,85,216
136,86,222
124,84,208
126,90,216
121,125,246
144,105,249
158,88,246
160,100,260
136,98,234
140,86,226
139,128,267
145,121,266
144,113,257
143,103,246
124,94,218
150,98,248
145,95,240
148,111,259
144,133,277
162,233,395
285,103,388
289,94,383
246,116,362
153,100,253
169,117,286
174,130,304
176,120,296
183,113,296
176,91,267
167,118,285
164,116,280
149,110,259
166,88,254
155,119,274
155,117,272
140,106,246
153,122,275
155,130,285
138,124,262
149,105,254
149,94,243
155,106,261
145,101,246
152,86,238
147,120,267
158,100,258
157,123,280
156,114,270
146,111,257
165,93,258
157,116,273
159,113,272
158,102,260
163,113,276
153,111,264
155,105,260
142,97,239
139,107,246
145,101,246
146,109,255
149,110,259
150,106,256
160,92,252
153,108,261
142,98,240
147,87,234
146,127,273
139,137,276
139,129,268
144,117,261
144,110,254
159,142,301
170,127,297
173,118,291
168,107,275
152,92,244
154,95,249
135,86,221
141,112,253
147,94,241
152,109,261
152,100,252
136,124,260
149,118,267
145,110,255
147,99,246
140,105,245
147,105,252
148,112,260
147,108,255
147,125,272
161,112,273
161,102,263
144,92,236
133,87,220
145,121,266
146,117,263
147,109,256
167,128,295
169,132,301
171,131,302
159,128,287
139,125,264
115,129,244
129,133,262
133,128,261
134,129,263
133,129,262
123,130,253
128,130,258
120,136,256
129,129,258
134,134,268
132,129,261
139,124,263
135,127,262
136,133,269
121,138,259
123,139,262
128,134,262
142,131,273
141,127,268
146,124,270
140,118,258
157,120,277
151,117,268
163,115,278
162,109,271
153,94,247
148,95,243
143,97,240
128,101,229
125,98,223
121,102,223
161,129,290
174,127,301
216,131,347
211,128,339
178,121,299
144,118,262
133,122,255
137,109,246
133,105,238
135,106,241
127,105,232
124,100,224
131,96,227
126,98,224
132,103,235
145,89,234
148,90,238
136,88,224
117,93,210
133,90,223
134,97,231
135,108,243
135,102,237
148,107,255
138,105,243
151,82,233
171,121,292
179,120,299
172,116,288
175,109,284
146,109,255
140,111,251
143,108,251
146,104,250
148,131,279
141,136,277
140,128,268
152,111,263
165,99,264
157,98,255
148,100,248
154,123,277
178,110,288
177,109,286
164,103,267
138,103,241
130,113,243
116,112,228
125,114,239
127,113,240
125,114,239
125,121,246
125,123,248
121,128,249
124,127,251
121,132,253
129,146,275
124,151,275
130,146,276
133,163,296
119,164,283
126,171,297
130,166,296
133,170,303
121,172,293
123,172,295
123,169,292
137,150,287
156,141,297
159,133,292
147,134,281
136,128,264
130,128,258
133,122,255
137,118,255
141,117,258
134,130,264
127,130,257
128,144,272
128,150,278
137,140,277
145,128,273
155,132,287
152,128,280
141,122,263
142,131,273
139,130,269
133,120,253
152,109,261
164,121,285
166,110,276
158,97,255
143,90,233
136,112,248
154,107,261
154,102,256
149,99,248
136,93,229
140,132,272
145,168,313
148,318,466
150,316,466
154,301,455
187,286,473
283,178,461
271,159,430
292,139,431
176,127,303
166,121,287
149,120,269
145,121,266
145,114,259
168,114,282
174,107,281
167,106,273
142,110,252
124,108,232
125,107,232
129,103,232
132,94,226
136,88,224
130,122,252
143,113,256
143,120,263
145,128,273
141,118,259
145,109,254
134,107,241
138,106,244
132,110,242
142,97,239
139,101,240
143,109,252
133,104,237
131,105,236
130,110,240
131,110,241
132,107,239
132,104,236
136,107,243
145,101,246
144,102,246
140,102,242
141,91,232
143,83,226
141,135,276
134,143,277
138,133,271
147,122,269
133,124,257
139,115,254
130,114,244
130,108,238
125,105,230
126,102,228
121,109,230
125,112,237
124,110,234
129,105,234
132,108,240
121,110,231
125,117,242
128,108,236
130,104,234
133,101,234
129,106,235
148,116,264
149,120,269
155,123,278
134,116,250
145,112,257
142,112,254
120,110,230
121,119,240
128,121,249
134,124,258
136,119,255
111,131,242
129,130,259
137,126,263
145,123,268
137,120,257
135,118,253
130,125,255
132,120,252
135,118,253
141,121,262
130,122,252
120,119,239
129,111,240
128,111,239
138,105,243
138,106,244
134,106,240
132,105,237
137,97,234
142,98,240
129,100,229
127,93,220
122,100,222
127,100,227
124,122,246
144,111,255
156,106,262
148,108,256
131,106,237
130,107,237
133,104,237
137,100,237
145,94,239
140,98,238
140,110,250
140,103,243
146,92,238
153,89,242
140,98,238
130,101,231
125,105,230
129,108,237
118,109,227
130,106,236
137,109,246
130,113,243
134,113,247
135,113,248
120,116,236
136,118,254
130,116,246
129,122,251
116,129,245
121,132,253
123,146,269
122,156,278
123,160,283
147,148,295
152,151,303
158,139,297
142,140,282
143,143,286
128,158,286
119,160,279
117,163,280
122,162,284
129,157,286
133,164,297
129,167,296
122,178,300
131,174,305
130,182,312
132,184,316
141,170,311
152,154,306
161,151,312
149,144,293
137,143,280
146,132,278
146,126,272
147,133,280
141,132,273
125,136,261
129,141,270
126,146,272
127,138,265
142,129,271
146,133,279
141,135,276
119,138,257
128,140,268
119,131,250
136,135,271
120,136,256
115,139,254
129,140,269
131,148,279
139,144,283
129,150,279
139,151,290
132,152,284
124,157,281
115,164,279
135,151,286
154,156,310
153,177,330
125,185,310
126,182,308
121,179,300
130,175,305
140,160,300
165,156,321
165,148,313
153,150,303
154,137,291
152,132,284
161,122,283
152,131,283
145,137,282
128,142,270
136,133,269
140,146,286
133,147,280
126,144,270
135,142,277
135,140,275
117,140,257
122,147,269
121,148,269
131,150,281
139,149,288
141,135,276
151,131,282
150,138,288
131,151,282
133,151,284
126,153,279
128,151,279
140,146,286
156,142,298
151,138,289
143,135,278
137,136,273
133,134,267
130,134,264
132,136,268
139,126,265
135,130,265
148,114,262
148,117,265
149,124,273
138,132,270
148,125,273
144,122,266
139,129,268
125,126,251
137,120,257
136,119,255
137,117,254
126,116,242
126,121,247
124,126,250
141,108,249
145,102,247
153,97,250
133,99,232
132,106,238
126,127,253
128,137,265
133,134,267
146,121,267
171,110,281
179,98,277
173,115,288
163,127,290
171,331,502
384,131,515
380,115,495
364,117,481
176,133,309
211,138,349
211,125,336
232,146,378
254,119,373
250,131,381
240,119,359
202,97,299
183,140,323
212,139,351
229,170,399
304,158,462
271,158,429
273,111,384
210,137,347
251,137,388
230,155,385
274,128,402
238,179,417
248,186,434
270,151,421
287,177,464
308,148,456
296,148,444
284,126,410
263,143,406
250,135,385
246,155,401
266,132,398
277,119,396
266,163,429
255,120,375
250,124,374
269,129,398
240,140,380
239,123,362
237,127,364
236,139,375
238,155,393
212,133,345
233,128,361
226,152,378
239,117,356
232,143,375
224,122,346
220,154,374
230,149,379
249,156,405
252,120,372
231,129,360
229,153,382
210,125,335
225,116,341
237,131,368
212,144,356
257,134,391
255,128,383
249,143,392
311,122,433
278,112,390
276,105,381
233,141,374
210,168,378
224,148,372
217,131,348
212,170,382
230,126,356
231,126,357
266,131,397
240,131,371
228,128,356
193,115,308
171,109,280
160,129,289
167,114,281
190,128,318
206,164,370
202,139,341
220,144,364
224,127,351
200,165,365
234,143,377
247,139,386
303,131,434
276,127,403
265,163,428
259,115,374
248,107,355
233,114,347
194,162,356
204,127,331
214,112,326
216,88,304
158,110,268
159,118,277
143,125,268
142,127,269
135,127,262
137,123,260
142,108,250
153,103,256
163,94,257
150,112,262
152,110,262
144,111,255
149,105,254
147,105,252
153,101,254
148,139,287
158,145,303
155,139,294
152,141,293
118,142,260
140,144,284
139,140,279
141,145,286
134,147,281
138,142,280
147,134,281
148,131,279
147,130,277
148,122,270
160,108,268
155,115,270
141,108,249
143,111,254
136,114,250
143,106,249
141,106,247
145,104,249
147,95,242
158,109,267
156,101,257
131,101,232
138,88,226
141,114,255
151,117,268
161,111,272
154,109,263
145,122,267
138,120,258
140,110,250
145,112,257
149,113,262
142,111,253
150,105,255
141,108,249
140,109,249
135,106,241
134,104,238
141,113,254
143,105,248
145,97,242
150,89,239
152,102,254
144,96,240
139,127,266
142,113,255
154,103,257
164,90,254
133,113,246
151,111,262
134,99,233
150,85,235
142,96,238
142,102,244
135,94,229
144,114,258
146,117,263
145,109,254
151,93,244
138,111,249
142,103,245
135,97,232
142,87,229
139,105,244
145,96,241
148,114,262
148,123,271
151,122,273
152,108,260
149,93,242
139,103,242
128,120,248
145,111,256
122,104,226
139,93,232
138,98,236
147,88,235
137,138,275
146,137,283
153,133,286
131,155,286
139,296,435
134,298,432
131,297,428
205,229,434
267,168,435
251,160,411
137,152,289
133,152,285
128,145,273
134,136,270
143,135,278
145,139,284
136,130,266
135,117,252
148,93,241
147,91,238
137,95,232
131,87,218
137,98,235
139,103,242
134,106,240
132,99,231
131,108,239
133,117,250
132,99,231
142,95,237
131,97,228
123,93,216
131,111,242
135,131,266
137,125,262
132,133,265
132,138,270
114,146,260
123,158,281
131,165,296
124,171,295
135,178,313
143,178,321
143,181,324
140,180,320
150,168,318
149,163,312
146,168,314
131,178,309
131,185,316
127,186,313
121,194,315
146,172,318
149,169,318
143,168,311
126,177,303
128,178,306
123,180,303
133,184,317
133,189,322
138,190,328
144,182,326
138,184,322
156,168,324
159,158,317
167,153,320
159,161,320
148,154,302
151,139,290
162,133,295
152,133,285
148,128,276
135,129,264
151,145,296
145,148,293
145,142,287
139,146,285
140,138,278
150,140,290
143,137,280
125,139,264
145,130,275
136,124,260
145,124,269
142,118,260
129,119,248
125,142,267
122,147,269
127,150,277
159,125,284
155,122,277
160,126,286
122,128,250
131,124,255
132,121,253
141,115,256
144,111,255
144,107,251
141,105,246
136,104,240
137,103,240
142,95,237
140,95,235
141,102,243
143,94,237
142,90,232
139,109,248
141,96,237
141,90,231
143,114,257
128,105,233
152,99,251
145,91,236
141,98,239
142,89,231
139,105,244
136,91,227
144,90,234
143,116,259
136,114,250
138,104,242
142,97,239
145,111,256
148,111,259
153,106,259
150,96,246
136,86,222
132,111,243
121,119,240
137,124,261
144,114,258
154,107,261
166,108,274
161,93,254
161,103,264
143,109,252
145,103,248
147,102,249
155,95,250
142,116,258
155,105,260
155,104,259
160,91,251
153,108,261
150,103,253
147,102,249
140,102,242
139,88,227
144,109,253
142,101,243
133,94,227
136,84,220
137,104,241
137,110,247
136,123,259
135,118,253
138,108,246
147,101,248
143,104,247
146,100,246
140,121,261
151,109,260
152,109,261
154,107,261
151,92,243
152,107,259
155,135,290
154,122,276
156,104,260
159,98,257
152,90,242
156,127,283
152,123,275
152,110,262
148,97,245
148,118,266
155,110,265
157,93,250
148,83,231
133,103,236
126,101,227
134,95,229
134,127,261
135,125,260
133,126,259
132,133,265
132,129,261
147,121,268
148,120,268
153,112,265
148,107,255
146,106,252
152,99,251
145,98,243
141,94,235
133,98,231
142,101,243
136,95,231
142,96,238
143,96,239
139,94,233
135,95,230
134,99,233
137,118,255
146,112,258
143,110,253
145,92,237
143,109,252
144,109,253
141,103,244
149,92,241
141,120,261
142,122,264
147,116,263
147,105,252
149,110,259
145,110,255
142,105,247
145,109,254
148,106,254
139,108,247
143,111,254
141,109,250
138,99,237
147,96,243
145,93,238
139,106,245
147,107,254
140,100,240
131,98,229
140,95,235
145,122,267
152,113,265
174,119,293
166,114,280
161,115,276
155,115,270
117,109,226
130,109,239
129,108,237
134,98,232
136,103,239
134,106,240
120,111,231
117,115,232
125,106,231
130,102,232
132,100,232
110,93,203
119,96,215
118,97,215
119,98,217
120,94,214
114,101,215
120,111,231
124,106,230
128,96,224
127,95,222
105,91,196
117,87,204
113,85,198
123,79,202
115,101,216
125,98,223
128,214,342
246,122,368
251,113,364
277,104,381
157,104,261
149,110,259
156,102,258
150,99,249
140,97,237
128,92,220
119,91,210
127,91,218
121,93,214
123,88,211
125,82,207
128,94,222
122,93,215
112,86,198
130,104,234
128,124,252
131,123,254
132,121,253
151,102,253
151,109,260
147,116,263
140,116,256
143,118,261
125,119,244
131,116,247
121,122,243
122,130,252
128,133,261
130,140,270
136,145,281
125,138,263
137,135,272
140,135,275
130,138,268
122,146,268
124,153,277
121,161,282
127,166,293
132,166,298
131,165,296
134,163,297
126,169,295
136,156,292
140,153,293
144,148,292
141,142,283
136,144,280
143,140,283
134,146,280
147,149,296
137,151,288
138,155,293
125,164,289
133,168,301
126,167,293
134,170,304
133,171,304
156,151,307
150,158,308
148,162,310
126,162,288
136,163,299
137,168,305
132,176,308
129,179,308
133,182,315
131,196,327
129,190,319
135,190,325
161,168,329
186,130,316
192,131,323
156,127,283
145,133,278
134,134,268
138,144,282
133,148,281
137,137,274
145,133,278
136,135,271
143,128,271
145,127,272
156,117,273
143,116,259
154,103,257
143,102,245
153,133,286
150,135,285
186,106,292
173,102,275
155,99,254
140,93,233
143,94,237
140,101,241
128,101,229
130,141,271
159,117,276
158,108,266
169,127,296
161,116,277
158,119,277
145,127,272
123,132,255
129,133,262
140,133,273
146,126,272
156,121,277
153,115,268
154,108,262
158,109,267
156,105,261
151,100,251
147,107,254
142,102,244
142,108,250
146,111,257
144,102,246
148,104,252
146,101,247
147,101,248
149,103,252
143,99,242
143,102,245
146,100,246
144,101,245
151,105,256
145,101,246
147,103,250
152,95,247
144,93,237
153,119,272
150,119,269
150,123,273
143,132,275
139,129,268
144,131,275
145,132,277
147,135,282
144,137,281
145,134,279
138,140,278
140,139,279
143,136,279
142,142,284
146,137,283
141,141,282
152,157,309
151,178,329
157,192,349
162,195,357
182,183,365
207,175,382
215,166,381
210,157,367
213,148,361
216,138,354
216,130,346
218,97,315
200,149,349
203,146,349
216,149,365
245,107,352
237,137,374
213,139,352
180,141,321
189,156,345
219,108,327
222,92,314
190,100,290
118,101,219
127,96,223
125,91,216
120,106,226
115,118,233
132,111,243
132,108,240
131,103,234
123,211,334
121,282,403
124,291,415
151,265,416
258,151,409
270,114,384
290,168,458
193,149,342
181,134,315
179,119,298
144,108,252
143,105,248
155,95,250
154,137,291
166,132,298
161,119,280
161,107,268
155,103,258
147,130,277
156,110,266
166,100,266
158,101,259
155,112,267
152,109,261
150,97,247
152,120,272
158,116,274
158,111,269
150,91,241
159,112,271
155,114,269
156,93,249
162,127,289
162,126,288
159,118,277
151,114,265
147,109,256
153,106,259
155,93,248
149,153,302
151,167,318
155,144,299
165,133,298
133,125,258
150,111,261
154,95,249
159,128,287
161,119,280
164,107,271
163,92,255
151,130,281
139,126,265
152,114,266
163,107,270
157,100,257
160,115,275
156,106,262
151,90,241
148,121,269
145,127,272
151,110,261
156,118,274
163,122,285
164,124,288
156,114,270
153,105,258
153,93,246
158,129,287
137,150,287
155,149,304
144,147,291
132,134,266
150,123,273
141,111,252
146,106,252
147,97,244
151,97,248
148,99,247
147,111,258
147,109,256
146,107,253
151,117,268
156,125,281
157,118,275
146,113,259
148,99,247
147,82,229
144,123,267
145,113,258
154,102,256
148,106,254
124,93,217
151,126,277
160,119,279
148,110,258
144,93,237
131,156,287
162,145,307
144,135,279
145,129,274
117,113,230
150,106,256
155,98,253
157,87,244
144,124,268
153,116,269
151,104,255
155,85,240
140,126,266
140,119,259
149,109,258
149,106,255
143,120,263
154,105,259
163,106,269
161,98,259
153,95,248
140,114,254
146,102,248
145,124,269
160,114,274
156,106,262
144,95,239
147,114,261
155,114,269
156,104,260
161,133,294
174,111,285
176,94,270
179,104,283
149,95,244
152,83,235
138,108,246
143,102,245
142,97,239
146,86,232
140,118,258
145,111,256
150,98,248
153,94,247
144,119,263
147,108,255
154,91,245
157,120,277
159,106,265
162,103,265
161,88,249
157,114,271
157,104,261
152,100,252
148,90,238
143,117,260
156,108,264
155,101,256
151,105,256
143,164,307
171,143,314
177,135,312
175,136,311
138,134,272
136,139,275
132,143,275
143,127,270
139,127,266
144,125,269
115,133,248
125,133,258
135,124,259
152,127,279
139,137,276
132,139,271
137,145,282
128,151,279
138,148,286
138,151,289
137,149,286
115,153,268
137,160,297
116,165,281
133,163,296
134,168,302
137,169,306
127,171,298
125,169,294
121,164,285
137,153,290
150,144,294
155,144,299
146,145,291
140,147,287
149,133,282
151,133,284
149,131,280
151,128,279
141,126,267
142,117,259
137,120,257
133,121,254
131,123,254
126,116,242
128,119,247
137,113,250
128,112,240
134,107,241
135,100,235
142,97,239
145,94,239
137,98,235
130,99,229
133,96,229
135,95,230
138,102,240
139,109,248
141,106,247
138,106,244
144,90,234
150,98,248
142,90,232
150,102,252
156,99,255
144,87,231
133,106,239
138,99,237
143,90,233
147,112,259
141,113,254
153,112,265
141,111,252
143,109,252
144,101,245
145,95,240
146,94,240
134,111,245
144,109,253
143,109,252
139,113,252
132,118,250
132,112,244
144,107,251
141,105,246
146,105,251
128,106,234
138,105,243
134,103,237
140,98,238
132,97,229
134,94,228
136,93,229
142,95,237
138,96,234
136,92,228
137,109,246
143,101,244
144,88,232
143,92,235
138,114,252
144,113,257
140,110,250
156,88,244
144,112,256
148,106,254
140,96,236
138,86,224
134,101,235
132,92,224
140,99,239
144,115,259
158,88,246
155,97,252
154,112,266
142,105,247
153,90,243
146,76,222
142,92,234
131,97,228
122,88,210
132,102,234
139,102,241
140,94,234
123,156,279
184,282,466
312,163,475
337,167,504
312,156,468
184,148,332
182,144,326
168,168,336
150,192,342
139,215,354
156,225,381
156,236,392
199,208,407
209,190,399
204,191,395
160,191,351
155,175,330
183,156,339
180,162,342
158,171,329
124,173,297
130,179,309
117,185,302
141,169,310
135,159,294
143,153,296
141,155,296
128,156,284
136,155,291
138,155,293
137,156,293
136,152,288
133,155,288
141,150,291
143,145,288
143,145,288
131,145,276
127,142,269
140,143,283
139,136,275
137,133,270
136,134,270
138,135,273
139,134,273
140,135,275
131,137,268
124,137,261
128,128,256
147,119,266
156,105,261
160,94,254
150,94,244
146,97,243
136,93,229
132,93,225
134,88,222
121,92,213
137,108,245
136,109,245
139,103,242
143,85,228
143,100,243
148,119,267
142,122,264
171,96,267
171,111,282
167,106,273
142,112,254
137,116,253
119,118,237
141,108,249
144,95,239
156,97,253
126,98,224
133,95,228
137,93,230
134,106,240
129,110,239
111,110,221
116,114,230
108,112,220
124,115,239
123,115,238
104,116,220
122,126,248
128,124,252
140,121,261
145,136,281
130,158,288
106,158,264
159,111,270
169,97,266
160,83,243
134,106,240
143,97,240
125,96,221
132,107,239
128,107,235
161,133,294
162,137,299
169,121,290
144,123,267
146,125,271
148,111,259
142,107,249
155,102,257
145,96,241
143,95,238
135,95,230
137,100,237
128,103,231
122,100,222
131,97,228
142,93,235
139,90,229
147,133,280
144,136,280
151,135,286
145,138,283
130,136,266
137,139,276
142,130,272
137,125,262
145,124,269
139,129,268
123,132,255
127,132,259
131,132,263
135,135,270
122,128,250
138,120,258
137,120,257
136,119,255
128,127,255
142,123,265
141,119,260
148,117,265
130,116,246
132,117,249
131,121,252
124,123,247
128,120,248
136,120,256
133,123,256
130,126,256
129,129,258
124,128,252
129,128,257
135,126,261
133,124,257
132,121,253
133,120,253
136,119,255
131,122,253
125,130,255
124,127,251
128,132,260
132,126,258
138,120,258
135,118,253
139,118,257
128,119,247
132,113,245
132,111,243
144,134,278
136,279,415
144,274,418
136,278,414
173,244,417
284,145,429
228,148,376
197,147,344
143,154,297
126,163,289
125,169,294
127,177,304
130,182,312
140,177,317
147,177,324
139,180,319
115,184,299
143,175,318
138,189,327
133,193,326
124,191,315
133,186,319
164,159,323
181,151,332
159,166,325
149,168,317
131,165,296
144,176,320
147,179,326
154,185,339
166,190,356
182,178,360
200,164,364
205,153,358
177,141,318
204,131,335
129,124,253
260,183,443
160,215,375
230,221,451
233,212,445
215,199,414
227,200,427
180,203,383
107,197,304
164,184,348
210,162,372
222,135,357
233,105,338
206,156,362
195,145,340
169,143,312
156,140,296
127,130,257
126,129,255
127,130,257
116,126,242
114,122,236
132,111,243
132,105,237
129,99,228
124,103,227
119,105,224
120,106,226
123,109,232
114,118,232
119,120,239
114,121,235
128,101,229
134,101,235
156,95,251
127,103,230
129,96,225
125,89,214
136,79,215
131,97,228
105,99,204
122,94,216
120,90,210
117,94,211
114,100,214
87,100,187
120,95,215
133,98,231
130,95,225
113,97,210
132,112,244
141,102,243
138,104,242
128,99,227
126,105,231
124,100,224
125,107,232
118,108,226
118,96,214
132,107,239
114,115,229
117,121,238
122,124,246
92,123,215
132,119,251
128,123,251
128,118,246
123,128,251
119,144,263
122,143,265
124,141,265
126,144,270
113,134,247
128,160,288
122,189,311
130,209,339
133,220,353
161,201,362
188,175,363
200,159,359
167,162,329
137,160,297
125,163,288
129,156,285
127,159,286
127,166,293
124,166,290
127,164,291
128,162,290
128,161,289
127,162,289
124,159,283
125,160,285
125,164,289
125,166,291
128,163,291
126,162,288
126,180,306
124,199,323
122,211,333
127,210,337
148,188,336
173,162,335
184,139,323
179,131,310
172,124,296
167,122,289
180,106,286
172,104,276
163,100,263
141,141,282
154,120,274
167,103,270
175,118,293
161,101,262
160,90,250
160,145,305
157,155,312
210,152,362
226,149,375
232,143,375
191,146,337
176,152,328
168,153,321
171,159,330
169,163,332
162,174,336
175,164,339
185,154,339
199,151,350
181,178,359
172,182,354
199,148,347
218,122,340
205,117,322
160,119,279
126,119,245
125,146,271
125,173,298
132,183,315
139,189,328
172,160,332
202,122,324
212,91,303
198,131,329
172,132,304
156,117,273
156,108,264
158,106,264
152,101,253
152,117,269
155,103,258
166,133,299
163,130,293
147,112,259
147,97,244
154,113,267
146,116,262
149,110,259
149,101,250
151,126,277
159,128,287
160,117,277
159,123,282
153,117,270
146,114,260
142,99,241
152,121,273
153,118,271
155,110,265
156,102,258
149,118,267
151,109,260
149,100,249
157,126,283
158,131,289
161,120,281
151,115,266
157,117,274
152,100,252
160,117,277
159,132,291
153,118,271
158,100,258
154,117,271
148,116,264
161,98,259
164,116,280
146,111,257
165,128,293
164,126,290
163,114,277
154,103,257
149,129,278
163,121,284
166,115,281
154,104,258
152,112,264
156,99,255
160,114,274
155,116,271
153,104,257
148,89,237
147,148,295
154,149,303
151,146,297
170,130,300
156,135,291
162,120,282
154,112,266
153,104,257
146,105,251
150,137,287
144,116,260
175,116,291
162,111,273
160,104,264
166,111,277
140,115,255
150,108,258
156,130,286
168,110,278
177,94,271
171,118,289
150,113,263
147,112,259
149,104,253
158,93,251
156,105,261
134,103,237
145,93,238
152,145,297
145,150,295
160,135,295
171,120,291
157,110,267
157,99,256
146,108,254
154,94,248
155,104,259
155,103,258
150,96,246
158,101,259
153,118,271
163,106,269
154,94,248
146,116,262
149,109,258
147,100,247
151,84,235
138,111,249
148,100,248
155,106,261
157,106,263
155,95,250
152,99,251
149,102,251
144,99,243
146,90,236
135,105,240
145,165,310
170,242,412
294,124,418
301,110,411
268,138,406
175,117,292
164,112,276
169,89,258
150,76,226
143,100,243
125,110,235
102,114,216
137,139,276
153,138,291
143,149,292
157,148,305
134,149,283
120,150,270
136,151,287
133,147,280
139,146,285
139,142,281
148,143,291
144,149,293
140,155,295
127,164,291
116,171,287
130,191,321
128,196,324
152,202,354
140,208,348
154,195,349
152,185,337
169,172,341
152,173,325
153,164,317
142,162,304
146,165,311
146,158,304
140,160,300
152,153,305
143,152,295
145,151,296
136,145,281
140,140,280
132,137,269
138,135,273
136,136,272
130,140,270
126,146,272
128,151,279
133,152,285
145,146,291
159,140,299
161,127,288
168,133,301
158,131,289
149,126,275
138,126,264
132,127,259
131,126,257
134,127,261
132,127,259
130,131,261
131,132,263
128,132,260
128,130,258
130,137,267
140,131,271
135,136,271
140,134,274
138,129,267
132,123,255
144,124,268
126,131,257
143,123,266
147,121,268
146,119,265
137,121,258
137,120,257
131,119,250
133,120,253
135,119,254
128,122,250
131,126,257
126,120,246
133,118,251
133,128,261
125,132,257
129,134,263
136,130,266
133,132,265
121,127,248
133,125,258
134,125,259
132,118,250
139,119,258
137,115,252
135,111,246
133,114,247
133,109,242
132,108,240
134,112,246
131,116,247
130,111,241
137,112,249
136,113,249
132,112,244
143,101,244
143,102,245
146,104,250
130,98,228
136,97,233
130,93,223
146,91,237
150,106,256
141,105,246
136,103,239
148,89,237
148,125,273
153,118,271
146,106,252
140,105,245
149,93,242
159,114,273
159,120,279
148,117,265
146,116,262
136,117,253
132,114,246
128,109,237
134,106,240
136,103,239
137,104,241
144,98,242
135,95,230
141,92,233
141,101,242
139,94,233
141,99,240
144,87,231
134,78,212
134,115,249
123,110,233
118,104,222
142,92,234
148,105,253
143,100,243
132,90,222
136,102,238
135,95,230
136,94,230
141,244,385
144,242,386
165,214,379
167,208,375
201,165,366
109,164,273
130,160,290
130,158,288
135,140,275
142,133,275
133,137,270
122,132,254
119,134,253
131,122,253
133,122,255
126,154,280
118,168,286
135,168,303
144,162,306
146,168,314
147,181,328
141,183,324
140,178,318
136,173,309
140,167,307
123,170,293
138,154,292
158,134,292
168,141,309
157,167,324
131,188,319
140,212,352
140,238,378
146,249,395
177,247,424
190,234,424
220,207,427
219,188,407
208,174,382
207,153,360
207,140,347
199,143,342
194,140,334
184,122,306
196,170,366
146,205,351
197,204,401
185,199,384
180,187,367
162,143,305
135,129,264
167,118,285
142,113,255
144,116,260
144,113,257
140,115,255
133,115,248
133,114,247
132,115,247
133,118,251
134,127,261
120,129,249
127,135,262
119,139,258
130,135,265
139,127,266
138,124,262
139,116,255
130,114,244
128,111,239
137,107,244
141,103,244
139,100,239
140,94,234
145,95,240
149,104,253
146,99,245
148,92,240
144,90,234
144,91,235
138,105,243
142,101,243
138,110,248
146,90,236
155,112,267
148,120,268
147,106,253
147,89,236
145,108,253
139,100,239
136,115,251
147,98,245
149,86,235
150,109,259
147,106,253
155,100,255
145,89,234
144,79,223
136,116,252
134,126,260
137,131,268
140,126,266
135,131,266
126,135,261
129,139,268
134,137,271
140,128,268
130,130,260
136,128,264
136,131,267
129,134,263
134,130,264
136,132,268
135,133,268
135,133,268
126,129,255
139,126,265
133,127,260
138,128,266
132,166,298
127,171,298
123,183,306
183,138,321
186,125,311
184,132,316
160,137,297
111,141,252
122,143,265
130,141,271
126,142,268
135,146,281
131,150,281
125,161,286
113,171,284
117,178,295
123,181,304
127,183,310
132,166,298
145,168,313
145,169,314
137,165,302
139,166,305
137,172,309
122,178,300
122,186,308
127,182,309
138,184,322
137,185,322
142,170,312
150,159,309
151,161,312
139,159,298
127,157,284
134,150,284
141,143,284
139,145,284
141,145,286
138,138,276
144,137,281
144,132,276
146,127,273
142,125,267
131,128,259
130,122,252
133,127,260
135,125,260
125,126,251
129,125,254
133,127,260
123,126,249
136,122,258
133,122,255
141,115,256
137,116,253
142,110,252
137,114,251
135,113,248
137,114,251
128,117,245
139,117,256
137,117,254
141,111,252
145,103,248
142,99,241
143,93,236
147,94,241
138,94,232
138,92,230
133,96,229
127,95,222
124,94,218
135,93,228
133,93,226
135,90,225
137,88,225
135,111,246
134,107,241
139,112,251
138,113,251
135,100,235
144,85,229
141,105,246
126,103,229
142,104,246
139,96,235
136,98,234
130,89,219
144,107,251
140,108,248
141,111,252
144,107,251
140,102,242
135,107,242
138,103,241
133,98,231
149,109,258
147,108,255
148,103,251
142,101,243
138,99,237
146,106,252
152,106,258
144,103,247
145,100,245
142,92,234
148,87,235
138,135,273
141,137,278
148,130,278
149,128,277
152,115,267
152,108,260
154,111,265
145,124,269
128,128,256
124,131,255
130,136,266
128,140,268
126,146,272
121,155,276
112,152,264
136,139,275
160,132,292
156,133,289
144,135,279
136,129,265
137,123,260
133,130,263
132,133,265
117,132,249
123,133,256
123,145,268
137,141,278
132,137,269
154,126,280
140,139,279
139,144,283
129,145,274
138,137,275
130,148,278
129,153,282
124,162,286
135,157,292
131,161,292
129,163,292
122,166,288
111,168,279
118,167,285
121,167,288
136,158,294
153,146,299
159,145,304
155,135,290
143,137,280
136,133,269
138,130,268
142,125,267
142,119,261
143,115,258
129,114,243
139,108,247
146,106,252
141,108,249
141,105,246
136,101,237
134,102,236
128,99,227
138,91,229
135,91,226
139,93,232
136,86,222
137,100,237
155,105,260
162,128,290
166,116,282
166,123,289
127,134,261
118,136,254
133,131,264
141,144,285
137,151,288
127,158,285
128,166,294
119,173,292
124,181,305
134,170,304
134,172,306
137,172,309
120,179,299
118,181,299
132,180,312
135,178,313
142,215,357
142,254,396
140,270,410
250,170,420
301,117,418
318,100,418
215,139,354
176,130,306
175,116,291
153,117,270
122,115,237
127,114,241
126,124,250
128,127,255
126,156,282
126,167,293
124,180,304
125,185,310
150,173,323
155,173,328
149,176,325
130,181,311
132,189,321
126,194,320
149,177,326
150,178,328
153,212,365
131,233,364
144,219,363
146,222,368
188,187,375
203,161,364
208,152,360
170,151,321
146,153,299
142,152,294
151,142,293
151,146,297
154,139,293
150,140,290
153,141,294
149,146,295
145,148,293
158,131,289
176,112,288
192,142,334
197,145,342
189,150,339
168,156,324
162,168,330
163,193,356
164,187,351
165,188,353
193,173,366
210,164,374
214,152,366
212,139,351
207,126,333
211,105,316
189,102,291
166,105,271
148,117,265
145,128,273
148,124,272
147,114,261
151,114,265
133,107,240
147,100,247
150,120,270
147,148,295
151,147,298
161,129,290
153,121,274
146,122,268
136,122,258
126,133,259
125,133,258
121,136,257
129,136,265
116,142,258
125,146,271
125,160,285
122,156,278
139,157,296
151,162,313
140,167,307
129,180,309
114,182,296
107,183,290
140,190,330
147,188,335
126,196,322
145,187,332
137,198,335
162,181,343
161,177,338
167,174,341
152,176,328
145,171,316
149,163,312
146,169,315
150,160,310
138,165,303
152,156,308
140,160,300
137,163,300
138,153,291
144,146,290
155,134,289
146,128,274
160,119,279
150,134,284
162,124,286
156,119,275
159,112,271
146,114,260
147,115,262
142,100,242
128,104,232
141,105,246
142,112,254
144,266,410
140,263,403
155,245,400
170,224,394
228,149,377
221,111,332
185,88,273
180,130,310
168,123,291
165,109,274
148,93,241
139,88,227
143,125,268
143,128,271
151,114,265
146,103,249
135,100,235
119,90,209
137,167,304
147,172,319
137,174,311
145,161,306
108,142,250
142,129,271
149,120,269
145,109,254
145,103,248
150,93,243
143,111,254
149,109,258
150,89,239
159,127,286
168,115,283
170,92,262
161,94,255
147,84,231
140,119,259
141,124,265
147,108,255
150,94,244
149,113,262
152,113,265
132,99,231
149,116,265
150,106,256
156,91,247
140,112,252
141,126,267
139,121,260
143,109,252
146,96,242
136,106,242
144,106,250
139,101,240
140,96,236
143,90,233
141,137,278
145,131,276
155,122,277
160,103,263
147,84,231
151,135,286
137,129,266
133,120,253
138,107,245
122,104,226
149,95,244
162,147,309
182,130,312
182,123,305
181,113,294
154,102,256
139,101,240
131,96,227
142,93,235
136,100,236
147,94,241
140,84,224
130,115,245
143,97,240
146,92,238
148,108,256
142,170,312
165,143,308
179,122,301
181,108,289
150,106,256
161,88,249
154,129,283
153,126,279
143,119,262
138,112,250
131,104,235
141,98,239
145,92,237
142,111,253
148,96,244
145,99,244
149,121,270
140,135,275
139,134,273
144,120,264
140,108,248
145,107,252
155,95,250
152,110,262
152,138,290
154,127,281
154,115,269
144,105,249
142,99,241
142,86,228
149,110,259
155,103,258
144,100,244
147,96,243
141,116,257
148,105,253
156,137,293
154,132,286
160,120,280
141,109,250
129,107,236
142,103,245
144,91,235
147,104,251
138,96,234
141,84,225
146,121,267
135,115,250
146,102,248
142,93,235
140,124,264
141,123,264
117,122,239
136,120,256
135,120,255
140,108,248
146,106,252
150,98,248
147,93,240
146,85,231
143,125,268
147,122,269
148,109,257
149,102,251
134,96,230
144,122,266
156,111,267
153,99,252
152,85,237
140,128,268
148,119,267
153,109,262
143,106,249
129,94,223
147,98,245
149,88,237
150,127,277
139,124,263
146,108,254
148,98,246
133,96,229
141,92,233
141,103,244
142,96,238
144,85,229
145,124,269
148,114,262
147,108,255
148,106,254
131,100,231
154,110,264
145,105,250
145,96,241
146,87,233
142,104,246
144,96,240
134,86,220
134,121,255
137,114,251
134,109,243
158,112,270
149,113,262
158,107,265
148,92,240
149,128,277
140,121,261
132,113,245
132,110,242
126,103,229
147,92,239
149,120,269
149,117,266
165,98,263
153,94,247
139,98,237
132,100,232
124,106,230
122,105,227
136,102,238
135,102,237
129,103,232
127,103,230
132,103,235
133,100,233
134,98,232
136,115,251
139,110,249
140,111,251
131,111,242
122,113,235
131,106,237
130,103,233
133,108,241
130,107,237
127,105,232
133,106,239
126,103,229
132,106,238
132,107,239
125,119,244
134,118,252
148,109,257
146,101,247
145,106,251
135,110,245
123,113,236
124,114,238
116,125,241
123,134,257
122,144,266
127,147,274
136,141,277
139,148,287
142,151,293
143,148,291
139,153,292
152,149,301
139,155,294
160,147,307
150,146,296
150,154,304
133,158,291
145,183,328
153,198,351
149,213,362
169,188,357
176,168,344
176,153,329
172,131,303
154,136,290
140,132,272
119,135,254
118,137,255
118,131,249
102,126,228
119,119,238
130,111,241
127,110,237
103,105,208
116,104,220
75,101,176
92,97,189
123,91,214
121,93,214
120,97,217
121,94,215
129,86,215
132,82,214
128,77,205
122,90,212
116,97,213
121,91,212
116,87,203
115,83,198
118,78,196
72,90,162
94,90,184
125,89,214
119,82,201
122,126,248
129,124,253
119,113,232
129,113,242
107,110,217
114,108,222
69,103,172
91,101,192
124,98,222
125,96,221
124,97,221
127,93,220
119,91,210
120,93,213
118,89,207
78,83,161
96,82,178
125,77,202
73,108,181
93,107,200
124,101,225
68,104,172
96,99,195
128,93,221
89,87,176
110,88,198
120,82,202
120,78,198
109,89,198
113,95,208
115,94,209
118,88,206
114,87,201
119,89,208
107,81,188
132,115,247
131,125,256
128,127,255
121,132,253
113,133,246
124,137,261
130,139,269
130,141,271
132,142,274
125,148,273
122,153,275
128,147,275
133,151,284
137,188,325
125,208,333
117,208,325
127,213,340
167,182,349
163,179,342
177,182,359
137,182,319
140,171,311
151,177,328
132,190,322
136,201,337
241,122,363
266,122,388
264,135,399
153,121,274
151,125,276
154,121,275
144,115,259
125,116,241
107,124,231
121,131,252
123,139,262
127,142,269
125,149,274
115,156,271
118,171,289
130,166,296
125,166,291
121,167,288
132,173,305
111,184,295
115,187,302
122,190,312
129,181,310
161,155,316
170,139,309
148,142,290
130,142,272
123,146,269
122,147,269
124,150,274
121,161,282
132,155,287
132,152,284
134,149,283
122,152,274
121,154,275
124,157,281
121,155,276
123,155,278
122,161,283
116,163,279
131,159,290
129,165,294
128,167,295
126,162,288
131,159,290
127,159,286
120,154,274
128,151,279
125,158,283
134,152,286
128,154,282
129,153,282
115,158,273
121,157,278
124,161,285
120,164,284
123,175,298
125,185,310
130,185,315
126,183,309
139,167,306
147,166,313
145,174,319
117,175,292
118,182,300
133,185,318
135,177,312
134,178,312
143,164,307
172,140,312
180,131,311
169,133,302
134,134,268
123,138,261
128,134,262
128,132,260
140,127,267
140,119,259
139,116,255
136,120,256
121,122,243
124,123,247
126,122,248
124,119,243
131,117,248
131,115,246
126,117,243
121,124,245
129,121,250
130,116,246
133,115,248
125,118,243
123,131,254
124,264,388
129,276,405
130,287,417
173,255,428
225,190,415
233,178,411
144,168,312
160,151,311
171,132,303
174,113,287
160,104,264
150,93,243
148,113,261
146,106,252
136,109,245
143,108,251
149,109,258
157,91,248
150,121,271
160,113,273
159,101,260
145,86,231
153,112,265
155,120,275
156,107,263
152,96,248
153,122,275
148,116,264
142,102,244
143,94,237
129,120,249
149,105,254
147,97,244
131,90,221
146,110,256
146,102,248
142,96,238
147,104,251
145,89,234
155,100,255
140,98,238
138,94,232
144,113,257
142,113,255
146,107,253
144,98,242
144,88,232
152,107,259
149,100,249
149,88,237
143,95,238
148,83,231
150,113,263
149,115,264
145,101,246
142,96,238
137,85,222
135,95,230
140,87,227
139,109,248
142,121,263
149,127,276
168,105,273
188,112,300
189,136,325
180,113,293
183,106,289
194,132,326
159,115,274
170,102,272
149,189,338
224,99,323
218,109,327
219,106,325
126,107,233
126,112,238
109,115,224
127,114,241
119,110,229
125,115,240
122,112,234
126,108,234
123,101,224
98,96,194
129,92,221
117,102,219
120,112,232
121,114,235
126,107,233
120,103,223
127,97,224
129,92,221
117,93,210
111,90,201
122,89,211
119,88,207
119,93,212
119,101,220
121,103,224
120,103,223
107,103,210
120,121,241
138,116,254
139,116,255
135,125,260
124,138,262
134,140,274
163,132,295
194,95,289
195,98,293
152,114,266
157,116,273
177,97,274
182,115,297
155,105,260
166,111,277
165,97,262
165,98,263
156,110,266
153,98,251
156,110,266
149,103,252
146,100,246
141,100,241
137,96,233
138,104,242
139,107,246
155,136,291
173,135,308
180,140,320
173,155,328
157,150,307
161,136,297
155,123,278
155,108,263
142,101,243
152,127,279
153,115,268
159,102,261
160,88,248
146,171,317
154,166,320
143,163,306
150,141,291
107,122,229
149,103,252
164,111,275
161,102,263
160,88,248
156,110,266
153,102,255
155,86,241
156,114,270
152,103,255
158,121,279
157,111,268
156,98,254
158,121,279
146,109,255
155,97,252
154,120,274
147,110,257
155,98,253
153,116,269
149,101,250
155,87,242
154,159,313
147,159,306
177,131,308
190,117,307
138,123,261
162,130,292
161,113,274
163,105,268
172,175,347
180,176,356
163,174,337
164,176,340
95,168,263
156,129,285
160,113,273
179,93,272
162,116,278
151,114,265
152,97,249
149,157,306
152,158,310
134,155,289
142,158,300
103,162,265
122,170,292
99,168,267
123,168,291
131,169,300
113,175,288
120,170,290
120,157,277
142,147,289
141,137,278
170,115,285
164,99,263
178,130,308
155,148,303
135,148,283
129,158,287
117,168,285
122,166,288
114,162,276
119,152,271
133,147,280
131,152,283
133,147,280
128,148,276
128,153,281
110,151,261
106,152,258
117,158,275
113,165,278
124,175,299
124,187,311
120,190,310
97,197,294
156,168,324
158,173,331
168,182,350
159,177,336
158,161,319
152,153,305
161,158,319
162,138,300
162,119,281
169,112,281
158,128,286
169,120,289
177,132,309
166,130,296
145,111,256
170,89,259
151,115,266
161,108,269
149,100,249
148,120,268
121,136,257
114,150,264
119,162,281
113,169,282
129,166,295
115,176,291
127,181,308
102,187,289
142,173,315
149,161,310
147,152,299
151,136,287
136,140,276
132,142,274
116,170,286
133,173,306
135,174,309
139,174,313
156,180,336
132,179,311
136,184,320
133,219,352
121,219,340
151,201,352
155,194,349
191,153,344
188,144,332
187,132,319
145,116,261
154,107,261
140,103,243
127,93,220
130,84,214
129,133,262
141,130,271
145,116,261
142,104,246
125,88,213
139,79,218
138,115,253
139,101,240
143,137,280
135,133,268
147,143,290
126,144,270
104,142,246
126,158,284
135,149,284
136,143,279
136,130,266
149,109,258
154,105,259
150,95,245
139,99,238
148,152,300
162,142,304
179,107,286
166,101,267
131,101,232
123,96,219
124,95,219
123,90,213
119,85,204
124,88,212
120,94,214
107,95,202
121,120,241
143,129,272
131,145,276
132,154,286
131,147,278
140,162,302
138,171,309
117,167,284
112,162,274
114,132,246
152,120,272
133,102,235
142,95,237
131,122,253
142,119,261
144,104,248
150,131,281
159,127,286
147,120,267
146,124,270
134,128,262
106,124,230
127,119,246
143,112,255
165,96,261
156,154,310
158,170,328
183,152,335
184,150,334
144,149,293
154,153,307
169,142,311
171,171,342
181,172,353
183,162,345
180,149,329
173,137,310
169,125,294
154,123,277
142,109,251
133,111,244
120,111,231
108,112,220
123,106,229
125,104,229
126,99,225
101,99,200
120,102,222
105,91,196
128,93,221
130,92,222
116,82,198
129,78,207
115,203,318
254,122,376
260,131,391
267,167,434
174,179,353
124,180,304
126,175,301
129,151,280
152,131,283
150,124,274
128,120,248
121,114,235
121,108,229
127,101,228
119,99,218
127,122,249
118,135,253
110,128,238
131,149,280
142,142,284
137,139,276
118,142,260
124,151,275
114,156,270
105,159,264
123,166,289
107,170,277
126,168,294
118,165,283
131,162,293
133,165,298
127,170,297
122,179,301
139,173,312
123,196,319
132,213,345
127,196,323
146,196,342
165,176,341
180,155,335
180,153,333
155,153,308
130,141,271
125,140,265
110,145,255
125,143,268
127,152,279
128,152,280
122,156,278
110,160,270
120,162,282
114,187,301
80,197,277
117,209,326
119,236,355
171,231,402
188,230,418
182,214,396
163,215,378
201,184,385
203,172,375
191,174,365
150,170,320
152,169,321
170,153,323
175,157,332
155,157,312
152,148,300
139,137,276
109,126,235
133,125,258
127,120,247
122,118,240
126,109,235
122,107,229
136,97,233
129,108,237
149,108,257
146,105,251
126,101,227
130,90,220
130,94,224
122,95,217
127,80,207
130,93,223
132,94,226
125,85,210
120,227,347
130,302,432
160,274,434
183,237,420
256,163,419
256,136,392
240,119,359
176,95,271
161,129,290
155,140,295
150,137,287
135,145,280
133,133,266
129,124,253
161,92,253
158,90,248
139,99,238
128,97,225
128,101,229
135,94,229
137,131,268
164,108,272
180,112,292
178,112,290
156,104,260
152,96,248
144,126,270
148,111,259
145,112,257
140,109,249
127,107,234
127,115,242
111,128,239
132,139,271
116,138,254
125,146,271
126,144,270
127,146,273
127,144,271
111,155,266
125,156,281
121,151,272
130,152,282
145,132,277
143,129,272
140,126,266
137,116,253
128,120,248
127,123,250
121,120,241
127,120,247
125,125,250
119,123,242
125,126,251
127,122,249
123,112,235
137,102,239
134,96,230
130,96,226
133,97,230
125,93,218
126,88,214
128,98,226
134,93,227
129,91,220
132,81,213
132,88,220
135,83,218
127,103,230
127,126,253
127,135,262
138,116,254
160,111,271
196,96,292
185,84,269
169,109,278
151,90,241
151,100,251
155,94,249
142,83,225
139,99,238
137,94,231
135,83,218
142,97,239
143,101,244
145,96,241
149,89,238
142,96,238
139,91,230
135,92,227
143,94,237
134,107,241
147,101,248
138,99,237
147,94,241
151,78,229
150,89,239
143,89,232
117,87,204
124,87,211
115,86,201
123,83,206
125,91,216
120,98,218
130,93,223
127,113,240
127,116,243
126,113,239
129,107,236
125,102,227
125,101,226
115,101,216
128,98,226
131,95,226
135,89,224
133,98,231
123,93,216
115,89,204
126,99,225
119,99,218
124,97,221
122,117,239
122,121,243
127,121,248
126,124,250
122,131,253
126,133,259
124,138,262
122,146,268
122,155,277
121,157,278
124,158,282
128,162,290
120,165,285
115,168,283
126,173,299
115,171,286
122,184,306
133,182,315
128,183,311
129,183,312
159,145,304
207,99,306
212,93,305
184,85,269
145,110,255
138,113,251
123,110,233
115,108,223
115,110,225
121,111,232
123,110,233
123,117,240
120,120,240
127,115,242
125,112,237
125,113,238
124,111,235
116,105,221
120,103,223
121,107,228
122,112,234
123,107,230
120,105,225
124,99,223
126,92,218
126,90,216
123,88,211
123,104,227
118,105,223
116,107,223
123,109,232
122,105,227
124,100,224
122,108,230
115,103,218
122,98,220
121,98,219
121,100,221
124,99,223
121,98,219
122,96,218
130,92,222
130,97,227
134,98,232
120,96,216
121,96,217
129,91,220
133,86,219
137,91,228
133,90,223
129,85,214
132,88,220
126,88,214
125,84,209
126,82,208
125,83,208
120,84,204
114,83,197
124,81,205
120,77,197
125,91,216
124,98,222
123,98,221
121,106,227
117,119,236
127,109,236
132,102,234
126,90,216
126,90,216
129,85,214
127,107,234
126,101,227
128,100,228
114,104,218
120,98,218
129,96,225
134,93,227
132,90,222
127,90,217
122,88,210
127,78,205
133,89,222
128,93,221
120,92,212
122,93,215
118,94,212
116,95,211
128,93,221
132,116,248
128,115,243
134,101,235
129,102,231
128,100,228
127,101,228
123,102,225
124,127,251
123,153,276
126,177,303
127,191,318
130,187,317
142,208,350
165,208,373
173,211,384
197,178,375
182,216,398
197,211,408
153,222,375
185,237,422
149,242,391
150,200,350
174,180,354
148,145,293
166,137,303
135,131,266
120,124,244
128,114,242
134,101,235
136,92,228
134,83,217
133,153,286
127,161,288
168,119,287
190,160,350
194,165,359
163,161,324
177,114,291
173,99,272
137,83,220
148,172,320
141,179,320
186,172,358
200,162,362
200,167,367
195,147,342
174,156,330
164,150,314
167,164,331
172,127,299
207,149,356
199,128,327
174,128,302
189,125,314
187,91,278
166,144,310
167,181,348
166,162,328
222,94,316
197,104,301
140,106,246
132,101,233
135,91,226
142,104,246
147,101,248
147,96,243
138,99,237
139,108,247
140,101,241
148,89,237
142,81,223
138,130,268
160,188,348
202,137,339
200,129,329
197,91,288
145,88,233
92,85,177
125,127,252
126,119,245
154,133,287
168,126,294
142,104,246
165,109,274
160,172,332
173,113,286
195,100,295
159,108,267
137,107,244
142,102,244
150,113,263
152,102,254
160,86,246
155,109,264
153,97,250
154,108,262
154,96,250
150,109,259
152,96,248
147,120,267
150,106,256
150,89,239
155,113,268
154,98,252
157,107,264
154,160,314
182,142,324
206,147,353
228,136,364
213,143,356
216,136,352
210,152,362
213,143,356
210,137,347
215,146,361
214,152,366
228,163,391
240,118,358
211,112,323
168,108,276
119,106,225
124,101,225
126,119,245
124,119,243
130,116,246
153,108,261
175,180,355
188,161,349
205,118,323
198,103,301
121,95,216
147,84,231
140,178,318
143,175,318
176,139,315
172,138,310
101,128,229
134,119,253
133,107,240
135,98,233
135,94,229
137,86,223
140,193,333
142,460,602
484,122,606
499,102,601
436,111,547
154,164,318
167,138,305
179,126,305
214,196,410
192,191,383
160,188,348
144,176,320
95,136,231
167,90,257
211,152,363
188,154,342
146,152,298
144,167,311
127,163,290
176,145,321
200,116,316
196,123,319
193,97,290
180,137,317
171,143,314
158,133,291
154,121,275
138,140,278
184,117,301
191,104,295
198,116,314
160,129,289
149,118,267
135,112,247
112,106,218
136,94,230
102,117,219
128,120,248
142,115,257
136,97,233
129,89,218
124,100,224
137,94,231
121,86,207
133,81,214
129,136,265
123,139,262
136,148,284
134,169,303
124,164,288
150,161,311
148,164,312
125,168,293
119,177,296
114,182,296
135,191,326
129,192,321
138,174,312
145,167,312
152,159,311
154,147,301
170,124,294
177,106,283
155,122,277
144,274,418
127,279,406
119,277,396
127,248,375
251,141,392
285,98,383
186,136,322
191,125,316
156,121,277
141,126,267
128,108,236
139,101,240
112,93,205
132,108,240
119,117,236
108,114,222
121,106,227
134,97,231
130,90,220
124,92,216
117,86,203
126,89,215
108,92,200
115,93,208
114,92,206
125,104,229
119,109,228
121,112,233
127,112,239
112,107,219
127,111,238
121,123,244
107,126,233
118,120,238
130,115,245
139,109,248
122,111,233
135,118,253
121,122,243
122,127,249
121,141,262
123,149,272
120,153,273
108,150,258
129,146,275
139,134,273
140,135,275
104,142,246
130,129,259
133,124,257
136,140,276
126,149,275
118,174,292
107,177,284
136,193,329
130,192,322
122,184,306
132,176,308
162,136,298
178,125,303
175,117,292
138,88,226
158,146,304
160,129,289
170,100,270
182,122,304
148,131,279
169,116,285
149,127,276
150,131,281
142,118,260
139,108,247
125,102,227
140,86,226
140,124,264
148,135,283
149,139,288
136,149,285
139,139,278
127,134,261
132,121,253
142,108,250
152,97,249
154,120,274
150,126,276
149,120,269
134,113,247
134,109,243
135,102,237
149,102,251
156,87,243
145,123,268
141,113,254
138,112,250
151,97,248
130,102,232
146,102,248
127,109,236
125,118,243
127,108,235
125,100,225
147,111,258
163,107,270
178,114,292
183,108,291
147,112,259
129,106,235
125,110,235
125,87,212
142,87,229
129,89,218
115,86,201
115,82,197
103,89,192
125,95,220
121,94,215
129,82,211
134,96,230
109,105,214
128,107,235
129,123,252
124,139,263
108,147,255
119,163,282
121,179,300
128,178,306
127,186,313
133,185,318
145,171,316
157,171,328
155,178,333
122,189,311
131,191,322
117,198,315
139,183,322
162,181,343
180,158,338
174,136,310
160,123,283
138,118,256
133,110,243
123,110,233
138,101,239
143,129,272
164,93,257
160,84,244
165,105,270
129,99,228
136,95,231
131,88,219
134,101,235
143,98,241
135,95,230
137,86,223
137,94,231
133,90,223
135,112,247
135,107,242
140,117,257
142,126,268
132,132,264
129,131,260
132,117,249
146,97,243
151,86,237
139,96,235
140,89,229
138,101,239
141,99,240
136,96,232
135,91,226
132,84,216
137,95,232
137,91,228
133,103,236
132,94,226
133,86,219
143,100,243
144,100,244
141,100,241
134,97,231
130,98,228
138,89,227
137,91,228
141,108,249
158,81,239
152,91,243
150,105,255
118,106,224
120,100,220
122,113,235
133,89,222
148,82,230
131,110,241
128,120,248
152,116,268
164,94,258
182,100,282
173,98,271
143,115,258
156,95,251
152,93,245
152,83,235
132,96,228
138,96,234
132,91,223
131,87,218
131,114,245
135,122,257
143,124,267
141,148,289
136,191,327
130,192,322
134,197,331
185,149,334
193,130,323
196,102,298
189,106,295
180,121,301
172,125,297
171,125,296
193,112,305
189,114,303
163,127,290
169,125,294
195,167,362
241,130,371
219,127,346
199,116,315
150,96,246
143,93,236
138,86,224
121,80,201
120,90,210
113,87,200
119,86,205
116,110,226
125,136,261
130,140,270
132,142,274
120,150,270
115,158,273
124,155,279
116,154,270
126,146,272
118,141,259
126,134,260
123,129,252
124,123,247
123,125,248
117,125,242
124,122,246
137,96,233
168,102,270
167,107,274
147,116,263
125,114,239
121,123,244
128,128,256
124,128,252
124,123,247
128,119,247
128,117,245
127,113,240
124,116,240
123,124,247
122,122,244
126,116,242
127,115,242
123,110,233
120,122,242
118,142,260
122,153,275
121,149,270
122,144,266
122,139,261
118,133,251
125,131,256
120,134,254
118,151,269
126,156,282
126,160,286
132,159,291
127,163,290
126,176,302
125,186,311
117,183,300
126,186,312
157,155,312
177,130,307
183,118,301
169,108,277
162,91,253
156,84,240
131,118,249
138,105,243
123,95,218
133,95,228
129,94,223
133,86,219
135,103,238
143,101,244
146,91,237
140,107,247
141,109,250
131,144,275
136,158,294
136,155,291
145,139,284
145,127,272
151,112,263
142,101,243
146,88,234
140,95,235
130,87,217
135,118,253
136,108,244
140,99,239
129,97,226
129,95,224
137,83,220
139,93,232
139,82,221
129,99,228
123,91,214
133,83,216
136,105,241
135,97,232
131,97,228
135,98,233
130,93,223
134,115,249
144,117,261
142,112,254
141,102,243
129,94,223
136,83,219
139,91,230
139,84,223
131,109,240
129,127,256
132,120,252
123,114,237
131,100,231
146,85,231
141,100,241
144,94,238
130,87,217
130,105,235
131,94,225
140,84,224
144,113,257
142,108,250
147,100,247
137,91,228
137,96,233
144,86,230
149,95,244
136,94,230
141,82,223
136,102,238
134,104,238
132,95,227
132,92,224
134,84,218
140,100,240
138,101,239
133,97,230
138,86,224
142,98,240
144,94,238
142,83,225
139,109,248
138,111,249
136,106,242
138,102,240
126,97,223
137,92,229
134,109,243
137,124,261
141,116,257
160,87,247
165,109,274
163,104,267
141,94,235
142,88,230
134,81,215
126,92,218
133,83,216
129,87,216
130,99,229
130,95,225
140,101,241
142,97,239
142,93,235
139,79,218
140,181,321
217,161,378
272,105,377
290,119,409
221,97,318
171,88,259
168,87,255
137,109,246
136,100,236
135,89,224
134,83,217
117,101,218
120,110,230
135,105,240
125,102,227
134,110,244
131,115,246
130,114,244
131,112,243
121,106,227
131,97,228
131,114,245
127,122,249
126,118,244
136,99,235
149,123,272
158,130,288
149,122,271
147,118,265
133,116,249
133,122,255
134,116,250
127,109,236
130,121,251
118,121,239
120,114,234
130,101,231
128,87,215
145,98,243
123,108,231
133,112,245
122,120,242
131,123,254
135,124,259
135,206,341
116,291,407
130,288,418
137,290,427
192,243,435
256,172,428
253,162,415
157,153,310
142,144,286
139,133,272
143,118,261
140,116,256
136,113,249
117,114,231
123,111,234
125,104,229
136,106,242
137,108,245
135,98,233
124,99,223
126,99,225
119,99,218
142,91,233
138,108,246
131,114,245
143,117,260
147,114,261
144,113,257
126,111,237
121,107,228
115,104,219
120,106,226
121,103,224
124,100,224
121,96,217
121,91,212
123,91,214
121,98,219
119,96,215
121,122,243
126,148,274
123,147,270
128,151,279
140,148,288
129,155,284
143,159,302
126,160,286
132,161,293
120,187,307
108,199,307
114,195,309
104,197,301
154,162,316
199,125,324
213,122,335
201,110,311
185,97,282
158,99,257
134,113,247
126,111,237
128,95,223
132,87,219
118,107,225
128,116,244
134,104,238
143,109,252
145,111,256
123,124,247
137,117,254
135,108,243
139,103,242
133,108,241
128,108,236
120,110,230
121,114,235
124,109,233
131,102,233
134,96,230
135,93,228
122,101,223
136,89,225
136,102,238
140,98,238
125,93,218
127,83,210
120,119,239
138,119,257
135,112,247
136,118,254
128,118,246
116,149,265
140,136,276
151,122,273
161,111,272
152,97,249
155,117,272
160,106,266
159,93,252
155,170,325
146,167,313
144,215,359
154,223,377
99,234,333
193,193,386
238,176,414
259,167,426
221,157,378
217,148,365
217,140,357
218,152,370
218,158,376
201,145,346
209,129,338
191,156,347
227,117,344
204,91,295
203,100,303
148,96,244
156,100,256
158,131,289
155,143,298
191,104,295
189,100,289
183,98,281
136,99,235
135,99,234
137,99,236
137,97,234
136,98,234
136,97,233
135,99,234
136,98,234
136,97,233
137,93,230
146,128,274
154,141,295
163,146,309
159,142,301
160,132,292
151,140,291
143,139,282
134,134,268
140,133,273
143,135,278
148,130,278
144,127,271
139,129,268
133,133,266
141,129,270
141,132,273
140,128,268
134,146,280
135,165,300
142,157,299
150,139,289
182,95,277
189,164,353
195,148,343
188,121,309
170,116,286
126,120,246
150,118,268
156,112,268
144,102,246
137,123,260
124,118,242
171,158,329
184,146,330
172,133,305
136,128,264
114,143,257
152,139,291
150,120,270
167,99,266
161,131,292
160,119,279
164,106,270
153,111,264
164,107,271
162,113,275
147,111,258
143,112,255
161,110,271
150,107,257
130,102,232
123,98,221
118,95,213
118,98,216
119,107,226
111,150,261
117,174,291
122,194,316
100,207,307
126,213,339
134,191,325
159,204,363
169,193,362
146,195,341
154,173,327
152,156,308
153,153,306
145,146,291
149,129,278
149,117,266
170,91,261
172,93,265
152,95,247
138,91,229
99,91,190
128,88,216
120,109,229
106,140,246
111,143,254
131,143,274
127,150,277
122,152,274
106,165,271
119,185,304
119,200,319
112,196,308
127,201,328
142,170,312
170,153,323
165,148,313
139,137,276
132,127,259
138,106,244
156,88,244
124,82,206
115,97,212
121,123,244
126,136,262
129,151,280
139,154,293
139,150,289
140,149,289
132,152,284
118,157,275
109,148,257
136,140,276
122,128,250
139,124,263
116,115,231
140,94,234
147,115,262
151,114,265
144,125,269
130,124,254
131,125,256
129,129,258
107,131,238
125,132,257
138,128,266
138,131,269
135,137,272
133,146,279
129,153,282
122,160,282
123,163,286
122,162,284
98,155,253
138,146,284
164,109,273
171,129,300
182,132,314
155,149,304
130,148,278
153,131,284
148,139,287
149,157,306
122,172,294
129,194,323
122,199,321
109,195,304
136,171,307
169,158,327
181,157,338
153,154,307
170,128,298
159,130,289
148,138,286
131,151,282
134,158,292
126,166,292
118,185,303
123,194,317
128,189,317
128,182,310
157,148,305
165,124,289
161,111,272
158,102,260
134,95,229
136,81,217
132,128,260
138,127,265
139,119,258
147,122,269
129,120,249
123,117,240
117,131,248
123,137,260
123,136,259
121,142,263
124,146,270
122,152,274
114,147,261
126,144,270
109,146,255
115,146,261
118,142,260
127,141,268
108,138,246
113,137,250
120,156,276
121,171,292
121,173,294
122,183,305
130,186,316
125,189,314
134,209,343
142,218,360
144,213,357
157,226,383
177,208,385
175,197,372
165,192,357
162,159,321
158,144,302
156,132,288
129,126,255
122,119,241
125,112,237
135,99,234
150,81,231
148,126,274
120,120,240
131,114,245
136,103,239
94,94,188
123,90,213
125,83,208
126,126,252
126,136,262
137,144,281
134,150,284
118,152,270
131,143,274
139,134,273
137,124,261
135,118,253
129,105,234
125,91,216
133,87,220
134,79,213
120,90,210
119,92,211
128,134,262
151,107,258
155,92,247
167,97,264
144,88,232
132,115,247
151,141,292
175,114,289
163,107,270
141,104,245
113,99,212
119,98,217
105,94,199
121,87,208
122,81,203
124,98,222
125,99,224
127,99,226
115,101,216
121,102,223
123,122,245
107,138,245
129,148,277
108,149,257
106,151,257
132,140,272
135,127,262
143,125,268
133,130,263
125,127,252
118,134,252
132,132,264
118,132,250
116,130,246
112,125,237
121,109,230
136,103,239
136,98,234
124,93,217
123,89,212
122,89,211
117,87,204
123,85,208
121,88,209
128,87,215
121,85,206
126,91,217
123,96,219
122,100,222
124,92,216
126,96,222
130,99,229
122,103,225
123,102,225
123,104,227
128,100,228
135,99,234
139,96,235
124,93,217
129,86,215
134,90,224
130,93,223
130,94,224
128,90,218
116,175,291
142,230,372
268,131,399
283,123,406
256,114,370
162,97,259
146,104,250
148,122,270
164,151,315
204,134,338
225,107,332
213,98,311
164,125,289
164,141,305
186,208,394
200,279,479
186,297,483
200,262,462
196,271,467
208,218,426
159,195,354
226,170,396
210,168,378
179,173,352
207,144,351
220,123,343
228,116,344
188,115,303
158,109,267
163,102,265
170,114,284
162,122,284
140,123,263
144,118,262
146,111,257
137,104,241
149,82,231
150,94,244
149,88,237
125,103,228
148,96,244
150,84,234
154,101,255
118,102,220
130,109,239
128,109,237
124,111,235
126,120,246
118,124,242
125,122,247
123,117,240
138,99,237
136,102,238
130,101,231
121,100,221
117,99,216
123,97,220
122,90,212
123,90,213
118,91,209
121,84,205
131,94,225
132,99,231
125,110,235
124,107,231
126,101,227
124,98,222
121,87,208
131,80,211
129,99,228
124,107,231
136,107,243
135,101,236
139,93,232
138,104,242
127,102,229
135,100,235
140,94,234
135,104,239
131,111,242
116,106,222
123,104,227
127,108,235
125,106,231
126,103,229
120,97,217
125,84,209
136,106,242
138,100,238
135,97,232
127,101,228
123,96,219
131,93,224
136,88,224
134,130,264
140,127,267
165,96,261
178,139,317
187,128,315
177,107,284
177,97,274
148,127,275
175,100,275
169,99,268
158,106,264
124,115,239
126,123,249
126,120,246
127,123,250
118,118,236
118,112,230
123,105,228
126,114,240
129,113,242
121,110,231
128,95,223
133,89,222
134,82,216
129,94,223
125,87,212
128,76,204
131,89,220
125,82,207
125,88,213
129,82,211
128,105,233
128,114,242
132,110,242
128,105,233
121,99,220
128,100,228
128,108,236
125,105,230
148,120,268
157,110,267
161,106,267
151,111,262
147,99,246
156,102,258
147,130,277
156,116,272
155,100,255
147,94,241
126,84,210
140,112,252
141,94,235
147,94,241
151,82,233
139,109,248
156,101,257
164,89,253
171,119,290
151,111,262
153,100,253
160,109,269
167,89,256
157,96,253
146,97,243
122,96,218
127,98,225
122,93,215
130,89,219
135,80,215
128,100,228
126,100,226
122,104,226
123,103,226
114,106,220
124,104,228
122,97,219
124,94,218
120,92,212
123,88,211
122,88,210
120,89,209
123,88,211
122,87,209
128,102,230
122,110,232
132,108,240
124,107,231
115,108,223
121,104,225
123,103,226
119,103,222
123,109,232
122,119,241
122,120,242
124,121,245
113,120,233
122,123,245
125,118,243
117,119,236
123,122,245
124,131,255
117,142,259
123,148,271
122,149,271
132,149,281
132,153,285
136,152,288
129,146,275
128,143,271
131,145,276
124,140,264
124,133,257
126,142,268
125,150,275
126,149,275
122,164,286
123,165,288
120,159,279
129,149,278
128,147,275
121,145,266
122,143,265
121,143,264
114,144,258
122,149,271
120,155,275
117,159,276
122,159,281
122,160,282
122,165,287
111,164,275
127,162,289
120,164,284
124,165,289
118,160,278
126,164,290
121,172,293
124,170,294
121,163,284
142,142,284
170,104,274
165,110,275
153,116,269
127,108,235
126,111,237
127,106,233
134,118,252
140,110,250
144,89,233
139,83,222
143,99,242
128,111,239
120,119,239
132,137,269
136,141,277
115,134,249
137,117,254
140,107,247
145,110,255
143,103,246
144,92,236
141,89,230
124,86,210
129,80,209
122,115,237
126,120,246
120,123,243
119,127,246
126,126,252
131,138,269
130,137,267
135,131,266
135,129,264
137,132,269
129,128,257
132,107,239
162,124,286
187,112,299
175,128,303
147,130,277
123,127,250
128,123,251
126,116,242
130,112,242
122,133,255
125,135,260
124,131,255
135,111,246
155,90,245
152,80,232
141,104,245
132,105,237
135,100,235
127,99,226
121,96,217
122,98,220
124,93,217
125,88,213
123,93,216
120,110,230
120,107,227
124,98,222
129,88,217
132,104,236
152,139,291
157,131,288
165,143,308
155,119,274
147,113,260
144,108,252
125,110,235
124,105,229
120,100,220
115,100,215
116,99,215
126,95,221
124,91,215
126,91,217
126,97,223
122,99,221
124,103,227
120,119,239
118,122,240
124,127,251
131,129,260
131,149,280
127,155,282
121,159,280
121,163,284
111,163,274
113,164,277
115,177,292
122,186,308
123,196,319
122,200,322
151,168,319
144,154,298
163,154,317
135,154,289
120,156,276
120,161,281
121,164,285
121,174,295
120,182,302
118,189,307
127,179,306
152,149,301
168,157,325
165,170,335
135,172,307
140,174,314
140,177,317
134,195,329
135,205,340
133,201,334
135,206,341
162,181,343
163,184,347
171,178,349
143,183,326
140,186,326
146,178,324
148,181,329
149,176,325
138,177,315
136,182,318
136,174,310
143,163,306
141,157,298
179,122,301
198,160,358
233,148,381
215,140,355
224,144,368
206,138,344
216,148,364
213,139,352
193,148,341
185,152,337
184,146,330
189,137,326
200,97,297
188,117,305
174,118,292
143,113,256
122,132,254
119,129,248
121,127,248
164,115,279
171,111,282
181,99,280
150,114,264
152,99,251
166,166,332
162,161,323
149,163,312
147,141,288
101,124,225
141,111,252
158,99,257
158,111,269
158,101,259
154,88,242
153,161,314
151,152,303
143,148,291
148,126,274
102,111,213
143,99,242
158,178,336
168,161,329
153,163,316
161,145,306
100,137,237
138,144,282
198,105,303
205,135,340
205,121,326
184,162,346
188,150,338
178,147,325
146,132,278
138,167,305
189,151,340
173,154,327
161,147,308
89,148,237
121,169,290
124,183,307
108,170,278
127,167,294
125,169,294
179,115,294
211,135,346
215,137,352
146,147,293
184,127,311
167,136,303
185,108,293
160,106,266
143,121,264
117,120,237
151,193,344
182,159,341
184,157,341
161,148,309
102,151,253
143,165,308
135,156,291
164,159,323
154,154,308
156,145,301
155,145,300
150,142,292
145,289,434
140,293,433
143,284,427
160,262,422
324,163,487
342,148,490
308,129,437
182,145,327
120,155,275
102,152,254
115,146,261
161,97,258
160,94,254
136,88,224
128,132,260
139,125,264
150,110,260
136,96,232
127,86,213
119,188,307
257,112,369
272,110,382
288,120,408
172,95,267
169,125,294
167,121,288
150,118,268
160,98,258
158,87,245
126,89,215
119,83,202
120,78,198
105,136,241
113,144,257
118,150,268
133,156,289
118,152,270
133,141,274
128,137,265
115,139,254
106,144,250
106,145,251
128,135,263
113,135,248
118,134,252
116,131,247
120,128,248
106,125,231
115,122,237
119,118,237
120,108,228
125,106,231
124,104,228
120,110,230
106,104,210
150,149,299
160,138,298
170,110,280
170,126,296
170,106,276
178,96,274
161,84,245
147,113,260
148,99,247
146,110,256
168,106,274
160,92,252
138,105,243
151,104,255
134,95,229
153,108,261
153,108,261
157,100,257
141,108,249
152,93,245
153,91,244
157,97,254
144,88,232
141,109,250
139,100,239
142,96,238
145,83,228
142,107,249
147,102,249
148,97,245
147,103,250
138,101,239
144,88,232
139,109,248
143,119,262
166,119,285
166,122,288
182,110,292
177,112,289
182,118,300
162,118,280
135,118,253
128,121,249
124,131,255
125,138,263
123,139,262
116,158,274
124,171,295
122,181,303
121,180,301
129,175,304
138,152,290
148,139,287
148,130,278
134,118,252
129,111,240
129,103,232
131,92,223
130,85,215
130,97,227
131,100,231
128,109,237
157,101,258
165,88,253
164,90,254
137,85,222
116,87,203
128,86,214
123,85,208
131,99,230
122,102,224
132,106,238
123,105,228
126,106,232
128,116,244
128,115,243
127,127,254
125,131,256
115,129,244
123,126,249
124,117,241
124,107,231
128,100,228
124,96,220
116,88,204
123,86,209
122,81,203
114,80,194
124,102,226
122,105,227
123,106,229
117,105,222
115,101,216
123,108,231
126,101,227
137,99,236
136,107,243
123,109,232
126,101,227
129,110,239
117,105,222
115,105,220
123,106,229
115,109,224
124,121,245
119,134,253
116,143,259
124,149,273
124,150,274
130,160,290
131,181,312
130,189,319
121,185,306
119,196,315
161,154,315
172,146,318
174,131,305
163,107,270
145,90,235
164,109,273
152,111,263
147,108,255
140,105,245
147,95,242
143,94,237
124,93,217
134,91,225
130,106,236
138,111,249
139,109,248
132,102,234
131,95,226
139,82,221
137,93,230
137,88,225
132,108,240
137,120,257
134,120,254
131,113,244
138,105,243
145,95,240
149,83,232
150,91,241
143,92,235
134,106,240
147,87,234
150,114,264
144,111,255
148,95,243
145,92,237
140,89,229
132,117,249
139,118,257
137,115,252
132,113,245
124,109,233
121,104,225
123,101,224
124,95,219
122,90,212
114,87,201
121,99,220
121,114,235
143,94,237
152,97,249
161,103,264
150,112,262
147,109,256
150,107,257
159,114,273
169,108,277
175,122,297
176,102,278
179,126,305
190,105,295
173,116,289
181,136,317
188,125,313
192,125,317
201,146,347
212,134,346
233,109,342
208,98,306
168,93,261
148,104,252
146,103,249
139,93,232
143,99,242
146,103,249
170,102,272
156,84,240
164,99,263
148,103,251
133,106,239
136,108,244
131,103,234
125,95,220
132,89,221
139,103,242
133,122,255
137,116,253
140,101,241
138,92,230
138,81,219
137,103,240
155,95,250
155,96,251
151,93,244
126,110,236
154,116,270
162,92,254
166,92,258
140,89,229
124,83,207
132,93,225
130,125,255
118,141,259
123,145,268
125,139,264
124,133,257
125,130,255
126,131,257
117,130,247
120,125,245
125,131,256
122,135,257
121,137,258
121,139,260
122,144,266
125,161,286
136,155,291
134,153,287
129,149,278
121,144,265
119,138,257
124,136,260
112,131,243
124,131,255
123,125,248
114,122,236
118,117,235
128,114,242
125,110,235
122,107,229
123,103,226
124,99,223
114,97,211
123,96,219
126,90,216
125,93,218
126,111,237
132,123,255
137,129,266
139,134,273
125,136,261
125,142,267
117,183,300
128,205,333
127,200,327
151,170,321
179,139,318
175,135,310
138,128,266
124,120,244
139,107,246
148,94,242
148,85,233
144,116,260
141,118,259
145,121,266
158,105,263
158,89,247
153,107,260
143,100,243
133,92,225
126,84,210
128,90,218
131,88,219
130,81,211
133,109,242
136,102,238
137,92,229
140,89,229
128,81,209
131,103,234
150,92,242
150,82,232
151,101,252
120,110,230
131,112,243
135,111,246
130,123,253
128,121,249
125,113,238
129,104,233
129,97,226
133,89,222
123,86,209
126,83,209
115,112,227
126,131,257
131,124,255
139,120,259
132,127,259
124,122,246
133,107,240
134,107,241
129,105,234
128,108,236
121,107,228
120,105,225
132,103,235
134,96,230
135,94,229
128,87,215
127,87,214
133,86,219
127,88,215
123,87,210
128,88,216
132,103,235
124,105,229
117,109,226
126,105,231
128,98,226
128,99,227
122,100,222
117,105,222
125,115,240
127,108,235
133,108,241
123,105,228
123,98,221
132,90,222
133,105,238
134,114,248
139,122,261
133,121,254
124,115,239
124,115,239
120,107,227
132,98,230
129,92,221
114,85,199
126,104,230
149,95,244
162,104,266
159,107,266
142,101,243
127,93,220
129,83,212
134,86,220
130,81,211
128,92,220
125,84,209
131,106,237
137,107,244
135,119,254
133,119,252
129,109,238
132,96,228
132,91,223
129,82,211
127,91,218
128,85,213
129,93,222
131,85,216
133,113,246
132,119,251
135,119,254
132,125,257
128,131,259
126,133,259
130,127,257
128,120,248
127,111,238
130,99,229
132,91,223
130,83,213
122,78,200
125,90,215
122,85,207
119,100,219
128,108,236
123,109,232
131,102,233
122,108,230
125,103,228
123,99,222
122,92,214
120,86,206
129,398,527
130,416,546
134,421,555
156,397,553
373,182,555
341,191,532
151,178,329
146,160,306
143,163,306
146,156,302
131,160,291
128,162,290
118,158,276
131,162,293
128,164,292
121,162,283
129,152,281
129,148,277
123,143,266
126,137,263
116,131,247
121,134,255
124,148,272
122,155,277
134,149,283
148,153,301
151,160,311
133,168,301
129,201,330
124,232,356
125,249,374
136,252,388
176,209,385
272,188,460
311,137,448
272,145,417
199,145,344
140,142,282
156,190,346
148,226,374
134,255,389
148,260,408
166,287,453
169,245,414
228,188,416
188,178,366
211,111,322
182,118,300
178,113,291
128,109,237
125,113,238
122,117,239
117,124,241
121,127,248
121,121,242
123,118,241
134,114,248
131,118,249
142,104,246
135,95,230
134,93,227
124,89,213
126,91,217
119,91,210
119,90,209
131,113,244
137,151,288
149,147,296
161,124,285
173,92,265
166,85,251
120,81,201
126,97,223
125,107,232
121,122,243
122,130,252
121,132,253
129,121,250
130,121,251
137,112,249
121,109,230
120,102,222
123,101,224
123,99,222
123,101,224
122,101,223
122,111,233
121,110,231
125,108,233
126,130,256
125,164,289
128,170,298
129,163,292
140,161,301
130,162,292
125,160,285
123,157,280
117,160,277
130,159,289
128,157,285
130,150,280
119,145,264
121,138,259
127,135,262
116,138,254
122,156,278
125,171,296
124,169,293
139,147,286
143,137,280
142,130,272
126,131,257
124,127,251
121,125,246
127,116,243
132,108,240
142,129,271
160,137,297
168,133,301
174,110,284
159,99,258
160,141,301
156,160,316
146,156,302
180,153,333
149,164,313
172,160,332
164,164,328
188,130,318
190,142,332
221,167,388
228,145,373
232,176,408
202,195,397
168,190,358
193,181,374
195,154,349
147,147,294
100,141,241
127,140,267
124,136,260
117,131,248
123,126,249
120,126,246
123,125,248
120,119,239
127,113,240
113,108,221
125,105,230
116,98,214
124,94,218
122,95,217
114,93,207
120,86,206
120,87,207
122,87,209
121,103,224
133,89,222
128,94,222
132,94,226
123,85,208
132,169,301
133,186,319
180,189,369
189,224,413
201,240,441
144,249,393
169,249,418
147,275,422
228,212,440
211,177,388
240,156,396
183,139,322
136,131,267
131,128,259
168,92,260
172,108,280
172,101,273
142,96,238
142,88,230
134,99,233
140,92,232
139,82,221
137,101,238
137,91,228
141,104,245
140,93,233
139,82,221
144,111,255
149,90,239
151,80,231
143,98,241
135,93,228
136,89,225
138,85,223
137,114,251
145,102,247
144,92,236
140,80,220
130,101,231
139,90,229
138,82,220
140,107,247
144,94,238
146,98,244
141,92,233
137,82,219
141,101,242
138,92,230
140,82,222
140,100,240
136,97,233
140,90,230
138,80,218
138,101,239
139,96,235
137,90,227
138,99,237
136,95,231
136,90,226
135,80,215
137,101,238
136,95,231
134,86,220
138,100,238
136,93,229
135,82,217
136,100,236
136,95,231
136,89,225
135,81,216
136,101,237
137,95,232
136,89,225
144,105,249
146,96,242
146,89,235
141,81,222
135,102,237
137,95,232
136,90,226
139,93,232
139,118,257
152,107,259
171,176,347
182,157,339
233,164,397
251,134,385
229,121,350
191,173,364
149,171,320
202,127,329
164,104,268
198,163,361
174,219,393
142,213,355
157,263,420
118,243,361
175,207,382
229,153,382
182,182,364
174,182,356
121,209,330
128,195,323
153,223,376
165,226,391
142,195,337
220,168,388
196,151,347
173,179,352
143,168,311
155,249,404
142,227,369
151,222,373
151,214,365
189,187,376
180,202,382
135,197,332
143,197,340
186,162,348
162,162,324
125,168,293
154,165,319
105,179,284
148,170,318
146,172,318
114,153,267
154,130,284
150,137,287
103,151,254
123,157,280
135,161,296
156,174,330
156,202,358
119,186,305
139,166,305
164,190,354
137,167,304
150,168,318
135,134,269
152,133,285
102,127,229
121,121,242
119,116,235
118,123,241
116,161,277
114,206,320
137,194,331
161,168,329
186,166,352
149,190,339
103,193,296
122,242,364
141,214,355
150,224,374
148,229,377
181,178,359
191,216,407
209,221,430
156,288,444
141,332,473
170,296,466
258,208,466
332,148,480
290,181,471
196,182,378
139,184,323
165,204,369
164,203,367
111,216,327
174,229,403
191,209,400
188,203,391
156,179,335
192,160,352
187,198,385
151,202,353
150,199,349
133,168,301
181,136,317
166,138,304
111,130,241
130,127,257
125,126,251
125,141,266
117,163,280
118,213,331
138,216,354
157,216,373
155,235,390
156,207,363
157,233,390
140,207,347
157,209,366
181,192,373
163,165,328
167,159,326
149,155,304
123,153,276
115,151,266
123,161,284
120,161,281
120,156,276
124,158,282
131,151,282
131,149,280
128,146,274
121,143,264
115,174,289
122,174,296
121,175,296
135,164,299
163,153,316
166,173,339
130,169,299
112,162,274
163,116,279
163,109,272
121,154,275
112,197,309
124,212,336
163,163,326
198,137,335
198,135,333
127,135,262
110,128,238
128,129,257
126,146,272
126,208,334
123,236,359
140,273,413
170,247,417
196,225,421
205,180,385
163,193,356
188,181,369
163,185,348
177,176,353
185,147,332
174,161,335
177,157,334
144,152,296
155,150,305
142,171,313
144,166,310
131,190,321
140,198,338
143,186,329
146,207,353
147,233,380
141,233,374
161,225,386
185,202,387
219,159,378
209,144,353
207,131,338
189,158,347
233,138,371
237,151,388
239,151,390
203,160,363
196,157,353
208,161,369
246,134,380
240,163,403
212,137,349
225,147,372
235,173,408
213,142,355
213,151,364
228,151,379
229,136,365
179,135,314
185,128,313
194,110,304
203,112,315
170,130,300
135,124,259
132,138,270
134,149,283
138,143,281
146,149,295
150,154,304
141,157,298
134,171,305
130,171,301
128,182,310
124,185,309
126,353,479
135,514,649
173,500,673
173,512,685
478,178,656
503,121,624
514,106,620
200,117,317
164,130,294
179,119,298
191,137,328
204,118,322
170,119,289
167,123,290
131,133,264
132,145,277
127,161,288
140,183,323
130,202,332
135,255,390
139,295,434
152,280,432
206,227,433
251,165,416
282,147,429
235,153,388
189,155,344
138,192,330
169,185,354
211,142,353
195,147,342
195,149,344
152,163,315
163,202,365
156,207,363
146,212,358
183,160,343
202,132,334
212,120,332
190,104,294
184,130,314
184,135,319
165,134,299
164,183,347
187,245,432
420,136,556
424,131,555
373,133,506
152,127,279
145,122,267
151,119,270
152,132,284
141,135,276
110,142,252
135,144,279
137,174,311
138,171,309
137,164,301
204,93,297
213,129,342
203,131,334
156,123,279
158,116,274
153,132,285
176,124,300
192,123,315
204,125,329
174,133,307
173,139,312
164,147,311
159,167,326
164,174,338
171,176,347
179,166,345
164,180,344
172,190,362
165,195,360
169,225,394
153,230,383
159,224,383
185,189,374
181,197,378
177,192,369
145,179,324
168,180,348
187,173,360
178,158,336
187,132,319
183,108,291
177,104,281
172,194,366
222,133,355
224,125,349
224,111,335
150,105,255
169,99,268
164,136,300
165,155,320
162,154,316
190,143,333
190,150,340
177,156,333
163,186,349
154,189,343
151,233,384
144,220,364
153,209,362
176,175,351
199,186,385
221,164,385
193,167,360
192,191,383
171,247,418
146,249,395
157,248,405
188,205,393
214,179,393
230,151,381
219,127,346
216,104,320
198,160,358
185,154,339
198,119,317
193,98,291
167,119,286
159,122,281
152,119,271
161,106,267
153,103,256
163,143,306
164,147,311
174,139,313
181,110,291
182,115,297
182,110,292
177,131,308
179,108,287
180,115,295
180,106,286
162,157,319
185,134,319
199,106,305
195,135,330
164,176,340
186,144,330
210,105,315
191,101,292
189,107,296
152,124,276
147,174,321
156,171,327
157,212,369
195,184,379
210,169,379
193,137,330
194,121,315
154,117,271
172,110,282
166,106,272
156,101,257
141,123,264
153,129,282
163,140,303
152,156,308
140,198,338
150,211,361
151,206,357
201,156,357
212,140,352
228,106,334
181,137,318
188,125,313
171,179,350
199,166,365
188,169,357
202,154,356
147,145,292
169,139,308
159,133,292
178,111,289
180,112,292
173,115,288
150,117,267
136,129,265
140,150,290
166,232,398
206,208,414
263,177,440
213,172,385
191,179,370
147,178,325
181,133,314
195,144,339
223,136,359
197,150,347
184,166,350
155,159,314
161,155,316
175,152,327
157,155,312
142,147,289
153,148,301
158,149,307
166,138,304
156,157,313
161,166,327
140,179,319
141,200,341
133,193,326
153,189,342
162,197,359
197,173,370
238,109,347
234,143,377
230,127,357
191,147,338
217,136,353
182,136,318
184,162,346
168,219,387
264,125,389
276,129,405
293,311,604
282,222,504
347,178,525
313,181,494
174,171,345
205,134,339
205,138,343
190,168,358
166,161,327
188,170,358
206,166,372
208,162,370
203,180,383
215,181,396
236,168,404
253,133,386
227,141,368
206,150,356
207,135,342
224,165,389
241,143,384
215,153,368
198,158,356
154,172,326
153,220,373
149,259,408
142,265,407
149,248,397
175,222,397
205,218,423
186,216,402
179,195,374
149,182,331
202,139,341
193,152,345
154,141,295
185,100,285
181,145,326
130,145,275
131,154,285
167,188,355
188,183,371
173,156,329
198,134,332
183,141,324
130,148,278
128,200,328
121,234,355
120,244,364
120,275,395
167,211,378
198,186,384
235,152,387
196,134,330
174,144,318
117,144,261
125,176,301
127,188,315
128,205,333
159,206,365
183,183,366
202,108,310
238,175,413
264,163,427
221,197,418
230,164,394
188,198,386
206,234,440
175,296,471
201,244,445
219,256,475
227,215,442
211,199,410
191,211,402
179,221,400
166,224,390
180,168,348
198,135,333
197,121,318
140,107,247
156,93,249
151,121,272
158,254,412
256,138,394
280,114,394
271,242,513
212,234,446
235,194,429
313,121,434
251,177,428
219,226,445
235,152,387
278,113,391
250,112,362
186,124,310
136,126,262
118,165,283
125,156,281
143,144,287
173,153,326
174,152,326
174,118,292
175,127,302
162,168,330
169,153,322
183,145,328
144,136,280
152,137,289
152,139,291
153,137,290
152,139,291
142,144,286
149,136,285
151,135,286
153,136,289
151,136,287
151,135,286
153,135,288
148,137,285
146,135,281
146,134,280
143,138,281
149,130,279
149,129,278
149,131,280
148,133,281
148,133,281
148,133,281
141,139,280
141,133,274
140,137,277
142,140,282
149,138,287
148,144,292
147,145,292
143,143,286
145,142,287
151,135,286
144,131,275
146,131,277
136,140,276
146,135,281
146,132,278
146,140,286
138,139,277
142,137,279
142,142,284
147,141,288
144,141,285
142,140,282
141,134,275
145,131,276
142,141,283
149,135,284
145,135,280
147,141,288
139,140,279
143,138,281
146,137,283
154,131,285
149,133,282
153,134,287
151,136,287
158,131,289
155,138,293
154,142,296
149,140,289
147,137,284
147,160,307
145,159,304
151,142,293
163,123,286
173,109,282
176,163,339
192,162,354
195,150,345
186,135,321
152,115,267
165,105,270
156,102,258
125,138,263
152,123,275
158,113,271
163,93,256
158,138,296
153,147,300
160,140,300
154,125,279
153,133,286
186,125,311
182,153,335
169,149,318
194,88,282
191,80,271
181,95,276
117,99,216
120,102,222
121,107,228
121,96,217
130,87,217
134,86,220
117,82,199
121,87,208
115,97,212
124,96,220
114,93,207
133,89,222
125,91,216
117,182,299
141,173,314
153,161,314
153,142,295
129,123,252
177,95,272
153,115,268
161,120,281
153,113,266
148,135,283
150,313,463
151,319,470
165,318,483
173,320,493
289,196,485
272,159,431
273,160,433
209,142,351
174,136,310
160,143,303
139,130,269
139,133,272
131,145,276
120,142,262
122,139,261
158,113,271
169,110,279
168,121,289
150,124,274
154,112,266
152,125,277
163,107,270
174,179,353
192,178,370
183,185,368
176,189,365
116,208,324
144,209,353
142,206,348
159,201,360
164,194,358
140,182,322
175,160,335
182,149,331
170,158,328
149,162,311
143,160,303
134,165,299
137,160,297
132,161,293
127,168,295
126,168,294
125,175,300
144,158,302
142,160,302
138,150,288
134,138,272
123,128,251
127,127,254
113,129,242
125,128,253
127,128,255
122,130,252
120,151,271
104,181,285
131,193,324
124,178,302
165,180,345
156,195,351
132,198,330
146,215,361
150,209,359
152,206,358
157,205,362
170,188,358
144,195,339
175,183,358
152,200,352
165,245,410
333,135,468
351,133,484
341,136,477
165,136,301
173,141,314
193,143,336
193,138,331
195,115,310
177,112,289
181,106,287
149,109,258
147,128,275
155,125,280
158,121,279
157,115,272
146,109,255
154,105,259
160,117,277
163,106,269
158,122,280
163,117,280
155,122,277
158,123,281
152,117,269
163,102,265
165,128,293
158,137,295
166,123,289
166,114,280
176,143,319
177,122,299
189,145,334
189,162,351
157,143,300
155,145,300
140,136,276
162,106,268
166,92,258
153,92,245
140,151,291
154,118,272
168,109,277
180,121,301
147,121,268
165,119,284
154,114,268
151,133,284
166,136,302
164,140,304
164,146,310
154,137,291
160,127,287
148,133,281
141,136,277
128,136,264
135,125,260
140,118,258
142,123,265
125,136,261
126,160,286
124,168,292
126,166,292
122,160,282
125,154,279
110,149,259
112,153,265
126,150,276
124,188,312
118,212,330
128,216,344
142,208,350
150,196,346
161,187,348
162,180,342
167,186,353
155,202,357
140,205,345
117,200,317
181,135,316
191,120,311
203,103,306
137,98,235
135,121,256
146,106,252
149,91,240
157,105,262
145,92,237
142,82,224
140,104,244
139,97,236
139,132,271
171,99,270
156,93,249
154,91,245
114,130,244
126,136,262
131,141,272
144,138,282
128,145,273
136,145,281
142,140,282
141,132,273
144,141,285
129,154,283
121,161,282
129,172,301
148,164,312
141,161,302
130,149,279
127,148,275
134,145,279
124,150,274
128,137,265
123,124,247
133,122,255
121,117,238
123,118,241
117,115,232
118,115,233
120,116,236
114,111,225
123,104,227
131,99,230
128,93,221
115,112,227
124,122,246
131,117,248
134,121,255
137,117,254
116,119,235
122,122,244
121,129,250
125,125,250
115,128,243
115,140,255
118,141,259
122,134,256
139,146,285
140,175,315
126,181,307
119,201,320
132,196,328
136,190,326
138,183,321
194,124,318
202,93,295
211,161,372
190,141,331
176,129,305
169,119,288
125,112,237
139,104,243
147,102,249
145,100,245
153,157,310
166,134,300
178,109,287
180,102,282
135,105,240
144,118,262
161,108,269
160,98,258
154,115,269
158,104,262
156,98,254
153,116,269
153,110,263
162,107,269
164,118,282
166,122,288
177,100,277
169,126,295
167,135,302
156,127,283
149,133,282
145,127,272
154,127,281
169,127,296
175,120,295
164,117,281
137,123,260
108,138,246
129,168,297
124,196,320
134,210,344
143,212,355
145,203,348
157,182,339
168,159,327
185,144,329
164,147,311
152,153,305
143,142,285
140,162,302
143,147,290
148,132,280
147,109,256
150,110,260
149,99,248
141,85,226
148,95,243
123,91,214
136,90,226
129,88,217
129,103,232
128,94,222
129,116,245
136,132,268
129,132,261
130,138,268
131,137,268
124,137,261
121,140,261
134,140,274
138,129,267
166,103,269
186,108,294
178,103,281
158,98,256
144,119,263
147,104,251
139,94,233
148,99,247
126,96,222
126,83,209
131,85,216
125,86,211
101,105,206
123,122,245
110,128,238
138,120,258
141,132,273
139,146,285
126,160,286
132,170,302
128,168,296
121,174,295
124,167,291
139,154,293
142,152,294
149,139,288
132,139,271
144,130,274
132,134,266
118,142,260
117,142,259
125,133,258
131,131,262
127,138,265
118,139,257
125,145,270
121,152,273
106,164,270
125,169,294
128,160,288
132,154,286
132,151,283
121,147,268
128,141,269
136,132,268
166,112,278
179,124,303
194,123,317
173,132,305
139,138,277
133,135,268
142,120,262
146,105,251
150,98,248
145,85,230
139,137,276
167,125,292
168,115,283
164,112,276
145,104,249
153,103,256
143,123,266
152,128,280
179,101,280
180,103,283
161,104,265
137,108,245
140,103,243
152,95,247
156,91,247
137,89,226
130,84,214
122,95,217
123,103,226
124,96,220
133,99,232
132,100,232
124,100,224
138,101,239
122,99,221
132,96,228
131,102,233
122,135,257
148,138,286
140,158,298
129,167,296
125,177,302
127,196,323
132,211,343
137,242,379
144,263,407
156,247,403
179,229,408
215,188,403
206,190,396
186,190,376
171,165,336
176,160,336
188,160,348
164,159,323
193,137,330
203,127,330
198,139,337
179,150,329
188,133,321
183,127,310
169,133,302
135,141,276
131,148,279
121,183,304
124,193,317
122,196,318
130,187,317
177,149,326
176,139,315
177,137,314
150,145,295
132,147,279
128,178,306
125,196,321
134,191,325
130,180,310
149,173,322
152,153,305
144,140,284
136,125,261
147,116,263
144,106,250
139,96,235
129,92,221
134,119,253
139,124,263
122,121,243
132,123,255
126,116,242
132,116,248
120,114,234
112,119,231
123,122,245
124,126,250
134,123,257
138,128,266
145,119,264
131,114,245
134,114,248
133,141,274
157,116,273
173,104,277
167,163,330
166,147,313
176,145,321
162,138,300
114,142,256
124,144,268
114,149,263
111,233,344
121,312,433
117,330,447
122,340,462
222,257,479
300,195,495
337,174,511
247,169,416
169,158,327
150,149,299
148,141,289
145,121,266
149,105,254
160,101,261
146,92,238
148,127,275
142,119,261
135,108,243
159,132,291
173,134,307
174,131,305
157,133,290
127,133,260
117,128,245
131,133,264
131,134,265
128,131,259
135,118,253
150,100,250
146,86,232
145,132,277
142,136,278
137,124,261
145,114,259
133,107,240
129,105,234
134,104,238
124,98,222
130,95,225
127,96,223
136,96,232
136,96,232
134,117,251
141,131,272
148,120,268
138,114,252
117,111,228
135,100,235
139,99,238
133,104,237
141,98,239
131,97,228
141,98,239
127,99,226
132,99,231
131,100,231
134,113,247
134,111,245
149,103,252
138,113,251
153,113,266
142,107,249
143,97,240
145,107,252
130,118,248
150,121,271
135,117,252
137,108,245
144,92,236
133,100,233
155,94,249
150,122,272
168,101,269
159,122,281
165,110,275
141,97,238
142,86,228
145,110,255
146,98,244
146,92,238
146,114,260
139,105,244
147,100,247
146,90,236
133,117,250
142,110,252
140,100,240
139,95,234
131,111,242
151,198,349
239,198,437
315,146,461
322,142,464
232,133,365
164,129,293
155,133,288
139,135,274
130,133,263
135,133,268
137,145,282
141,147,288
139,150,289
137,159,296
132,171,303
129,174,303
131,185,316
131,189,320
130,188,318
137,173,310
148,164,312
146,169,315
146,159,305
139,159,298
136,157,293
125,160,285
123,161,284
123,163,286
126,158,284
126,161,287
126,159,285
123,161,284
126,161,287
126,162,288
129,158,287
126,160,286
124,162,286
122,173,295
125,178,303
125,176,301
125,182,307
136,169,305
151,154,305
153,155,308
140,157,297
127,159,286
125,159,284
124,162,286
123,177,300
122,184,306
126,181,307
132,178,310
140,169,309
176,140,316
177,128,305
193,115,308
168,107,275
164,95,259
155,95,250
138,94,232
138,97,235
131,101,232
134,97,231
124,97,221
133,90,223
123,84,207
130,90,220
119,100,219
120,104,224
127,106,233
136,119,255
146,204,350
193,148,341
207,119,326
206,118,324
100,121,221
129,126,255
89,126,215
117,122,239
123,122,245
126,119,245
121,119,240
133,108,241
135,102,237
130,97,227
114,100,214
117,103,220
120,112,232
125,129,254
114,135,249
143,129,272
141,128,269
136,131,267
126,128,254
130,128,258
127,134,261
127,140,267
119,135,254
144,115,259
171,99,270
169,105,274
160,165,325
171,143,314
191,120,311
184,108,292
144,100,244
143,132,275
155,121,276
163,129,292
163,117,280
160,109,269
167,92,259
154,124,278
163,116,279
160,109,269
149,101,250
151,120,271
150,116,266
158,114,272
153,105,258
143,97,240
153,111,264
146,109,255
149,113,262
158,89,247
160,114,274
157,136,293
141,140,281
125,146,271
121,154,275
131,161,292
146,164,310
159,163,322
164,148,312
152,147,299
135,139,274
131,140,271
133,167,300
128,180,308
129,200,329
136,201,337
141,208,349
148,203,351
139,189,328
163,182,345
178,153,331
184,153,337
176,154,330
184,135,319
180,135,315
171,128,299
155,134,289
130,140,270
121,149,270
120,154,274
142,145,287
147,135,282
174,102,276
173,146,319
187,131,318
191,107,298
193,103,296
164,105,269
152,100,252
140,105,245
127,103,230
139,108,247
138,98,236
133,97,230
139,136,275
147,138,285
161,128,289
154,146,300
123,164,287
123,189,312
123,202,325
145,209,354
151,226,377
149,222,371
160,206,366
186,174,360
183,184,367
185,190,375
173,194,367
171,190,361
177,169,346
166,163,329
200,123,323
196,137,333
197,129,326
181,190,371
202,157,359
213,140,353
214,117,331
136,122,258
153,141,294
125,150,275
126,145,271
127,135,262
139,129,268
133,132,265
119,135,254
137,117,254
143,109,252
154,100,254
144,102,246
140,94,234
142,111,253
148,102,250
129,110,239
138,141,279
117,152,269
127,146,273
143,161,304
141,166,307
124,174,298
123,175,298
120,170,290
130,159,289
134,152,286
137,159,296
125,164,289
120,155,275
125,163,288
138,152,290
139,156,295
115,150,265
149,147,296
193,98,291
197,81,278
181,115,296
122,140,262
94,153,247
133,147,280
137,151,288
142,135,277
165,138,303
196,103,299
189,122,311
201,87,288
164,119,283
171,112,283
134,104,238
145,88,233
140,101,241
139,113,252
138,109,247
141,95,236
135,119,254
140,110,250
151,94,245
151,110,261
136,100,236
142,93,235
132,93,225
130,115,245
148,123,271
166,135,301
193,105,298
194,105,299
184,98,282
158,145,303
203,143,346
217,131,348
219,127,346
160,131,291
146,118,264
143,132,275
150,126,276
137,132,269
129,139,268
106,163,269
109,181,290
123,192,315
125,195,320
128,206,334
150,186,336
140,185,325
163,171,334
175,145,320
185,137,322
173,144,317
146,139,285
133,130,263
141,122,263
139,110,249
149,90,239
159,116,275
134,125,259
136,119,255
141,107,248
142,101,243
154,112,266
156,102,258
144,107,251
139,118,257
140,112,252
142,95,237
143,98,241
134,128,262
172,103,275
192,137,329
183,149,332
162,167,329
145,158,303
137,156,293
153,139,292
168,147,315
142,149,291
134,144,278
112,143,255
127,130,257
135,128,263
115,130,245
127,132,259
119,130,249
120,141,261
127,137,264
125,142,267
126,147,273
128,149,277
125,140,265
124,134,258
120,130,250
118,128,246
120,122,242
128,115,243
130,114,244
124,129,253
114,141,255
125,147,272
114,125,239
147,124,271
146,114,260
144,110,254
155,94,249
145,91,236
138,89,227
127,95,222
118,95,213
124,84,208
127,101,228
133,135,268
120,154,274
127,172,299
141,180,321
156,180,336
152,199,351
133,319,452
132,314,446
158,297,455
291,170,461
287,160,447
303,135,438
183,116,299
177,95,272
166,116,282
160,115,275
155,108,263
144,107,251
152,125,277
172,126,298
188,110,298
178,101,279
154,92,246
133,117,250
147,101,248
147,93,240
143,84,227
136,111,247
134,107,241
131,101,232
128,93,221
116,87,203
129,90,219
129,90,219
126,112,238
127,111,238
134,106,240
131,108,239
148,107,255
150,95,245
152,117,269
150,120,270
151,126,277
141,129,270
139,126,265
143,118,261
145,107,252
145,103,248
158,147,305
151,181,332
148,187,335
135,202,337
115,201,316
149,176,325
144,174,318
167,168,335
140,170,310
148,156,304
151,138,289
178,105,283
166,103,269
151,104,255
115,101,216
120,99,219
122,98,220
123,135,258
125,144,269
135,159,294
137,166,303
115,186,301
117,207,324
118,229,347
135,226,361
165,206,371
182,196,378
178,190,368
171,181,352
173,188,361
173,187,360
148,185,333
142,185,327
143,195,338
157,203,360
164,191,355
161,185,346
140,179,319
184,122,306
185,104,289
186,88,274
159,111,270
150,114,264
142,103,245
155,95,250
156,105,261
150,124,274
137,143,280
111,149,260
118,147,265
119,183,302
137,199,336
141,197,338
159,196,355
147,194,341
133,176,309
147,156,303
167,141,308
143,136,279
129,129,258
120,124,244
109,119,228
116,138,254
103,187,290
266,112,378
274,112,386
295,127,422
232,122,354
186,134,320
214,121,335
191,112,303
191,124,315
184,96,280
168,109,277
176,124,300
159,128,287
169,118,287
131,150,281
135,155,290
127,155,282
140,133,273
150,119,269
158,99,257
154,126,280
153,132,285
148,118,266
132,112,244
130,105,235
153,138,291
165,143,308
165,141,306
141,131,272
119,153,272
138,181,319
129,170,299
164,167,331
155,175,330
143,178,321
130,204,334
140,236,376
145,243,388
141,252,393
181,232,413
189,215,404
213,181,394
240,116,356
244,114,358
220,110,330
168,100,268
153,108,261
148,144,292
174,132,306
178,136,314
167,141,308
121,141,262
96,144,240
109,139,248
118,133,251
121,129,250
125,160,285
111,176,287
121,185,306
114,194,308
120,192,312
141,163,304
156,154,310
149,147,296
127,144,271
118,139,257
121,142,263
121,169,290
121,173,294
121,172,293
132,159,291
155,133,288
140,112,252
163,92,255
152,149,301
157,152,309
149,157,306
131,159,290
101,170,271
122,169,291
115,166,281
118,157,275
138,131,269
166,105,271
175,89,264
143,78,221
140,133,273
131,114,245
166,88,254
167,105,272
130,133,263
145,136,281
131,140,271
144,145,289
154,140,294
151,137,288
143,137,280
125,133,258
131,126,257
146,107,253
142,92,234
148,79,227
128,130,258
105,122,227
140,120,260
129,145,274
109,162,271
116,178,294
133,173,306
143,163,306
133,142,275
139,122,261
153,116,269
142,109,251
135,97,232
133,88,221
133,125,258
119,116,235
139,109,248
130,101,231
112,95,207
119,89,208
126,138,264
142,129,271
143,122,265
134,121,255
120,114,234
106,116,222
132,109,241
124,102,226
131,97,228
122,91,213
118,97,215
121,102,223
116,103,219
121,103,224
117,119,236
129,153,282
123,147,270
112,141,253
96,139,235
133,130,263
116,133,249
128,133,261
119,137,256
121,134,255
120,151,271
122,143,265
125,137,262
126,131,257
131,126,257
109,113,222
150,98,248
120,97,217
142,88,230
126,105,231
131,119,250
142,106,248
132,101,233
134,121,255
130,94,224
152,83,235
144,135,279
138,116,254
151,109,260
138,103,241
128,99,227
129,111,240
132,109,241
162,98,260
164,94,258
141,95,236
128,94,222
135,90,225
133,86,219
133,85,218
123,99,222
135,119,254
152,118,270
154,130,284
137,136,273
126,142,268
130,158,288
133,167,300
128,181,309
134,185,319
128,191,319
129,196,325
138,189,327
150,177,327
137,165,302
161,139,300
155,128,283
142,142,284
122,170,292
123,180,303
122,192,314
124,194,318
132,190,322
137,183,320
163,158,321
156,174,330
131,176,307
113,178,291
106,179,285
148,146,294
167,125,292
180,111,291
152,93,245
164,100,264
141,102,243
152,89,241
150,128,278
149,137,286
153,135,288
155,124,279
152,111,263
148,114,262
145,107,252
156,104,260
162,93,255
159,108,267
144,121,265
143,125,268
143,126,269
144,114,258
148,104,252
148,97,245
142,92,234
136,86,222
131,108,239
158,117,275
179,101,280
181,87,268
158,125,283
156,103,259
167,92,259
145,137,282
169,116,285
174,113,287
170,105,275
136,103,239
148,101,249
142,100,242
142,99,241
141,97,238
140,99,239
139,99,238
139,96,235
136,98,234
139,97,236
138,96,234
140,95,235
138,94,232
137,94,231
135,97,232
136,99,235
135,98,233
134,97,231
136,98,234
136,99,235
135,97,232
134,95,229
137,95,232
137,96,233
139,96,235
137,97,234
138,97,235
137,96,233
135,94,229
134,96,230
133,100,233
136,103,239
136,102,238
134,102,236
132,100,232
136,98,234
135,100,235
136,99,235
135,101,236
135,100,235
135,101,236
134,103,237
137,100,237
135,100,235
137,101,238
137,100,237
137,101,238
138,99,237
136,102,238
136,100,236
134,115,249
135,111,246
138,110,248
145,105,250
142,106,248
134,102,236
135,102,237
140,99,239
138,101,239
145,96,241
144,96,240
143,99,242
134,102,236
133,123,256
132,132,264
143,124,267
141,132,273
140,135,275
129,137,266
132,172,304
140,167,307
145,157,302
162,139,301
152,128,280
119,108,227
137,114,251
130,88,218
149,120,269
134,130,264
138,124,262
137,120,257
137,143,280
117,156,273
115,160,275
133,153,286
139,140,279
161,118,279
168,98,266
166,105,271
151,108,259
128,215,343
139,298,437
136,305,441
139,311,450
194,246,440
292,135,427
272,128,400
230,97,327
178,157,335
204,128,332
190,159,349
176,181,357
125,205,330
105,239,344
148,258,406
154,275,429
200,223,423
194,223,417
235,221,456
188,200,388
159,184,343
188,150,338
180,132,312
187,113,300
173,111,284
177,207,384
183,194,377
192,181,373
189,213,402
123,219,342
165,196,361
187,165,352
234,119,353
216,96,312
209,160,369
172,152,324
137,168,305
168,131,299
141,99,240
190,182,372
203,158,361
186,141,327
183,115,298
150,160,310
201,155,356
165,169,334
149,182,331
105,177,282
143,178,321
134,174,308
146,153,299
118,155,273
137,152,289
129,159,288
105,173,278
123,170,293
99,170,269
126,171,297
186,110,296
194,121,315
217,122,339
160,107,267
153,89,242
158,133,291
154,124,278
146,114,260
145,111,256
131,104,235
155,90,245
154,77,231
136,119,255
143,96,239
147,82,229
136,113,249
122,122,244
131,133,264
139,130,269
138,119,257
138,110,248
154,96,250
158,128,286
144,117,261
148,116,264
142,117,259
130,109,239
135,95,230
142,96,238
120,99,219
144,132,276
145,115,260
147,103,250
134,102,236
122,91,213
131,129,260
142,127,269
136,128,264
159,107,266
159,137,296
149,173,322
127,164,291
179,114,293
182,98,280
187,138,325
160,138,298
158,133,291
165,103,268
148,99,247
152,112,264
137,110,247
130,104,234
122,103,225
108,99,207
134,101,235
147,99,246
146,104,250
117,104,221
122,100,222
112,98,210
119,100,219
122,93,215
114,87,201
122,86,208
109,85,194
117,135,252
129,127,256
136,117,253
140,116,256
129,107,236
106,186,292
166,226,392
293,117,410
285,96,381
258,114,372
167,106,273
152,89,241
151,153,304
207,136,343
199,131,330
215,120,335
147,111,258
156,122,278
148,125,273
168,127,295
167,116,283
163,108,271
140,112,252
117,113,230
115,112,227
139,108,247
135,114,249
125,99,224
111,100,211
127,102,229
111,94,205
133,90,223
112,86,198
134,98,232
135,92,227
126,84,210
124,133,257
140,115,255
158,107,265
166,106,272
152,99,251
151,108,259
138,111,249
125,118,243
122,125,247
107,125,232
112,136,248
123,147,270
111,166,277
132,189,321
135,190,325
149,165,314
159,153,312
153,155,308
135,174,309
93,169,262
104,169,273
103,165,268
168,117,285
186,140,326
193,134,327
153,138,291
145,145,290
108,150,258
125,153,278
125,154,279
123,162,285
118,181,299
129,187,316
122,210,332
125,227,352
148,211,359
141,215,356
185,185,370
149,186,335
158,189,347
137,196,333
137,196,333
146,173,319
149,152,301
163,143,306
146,144,290
126,146,272
127,145,272
122,147,269
128,135,263
133,135,268
136,134,270
131,133,264
125,134,259
119,150,269
121,150,271
126,147,273
134,138,272
119,134,253
139,107,246
170,103,273
182,90,272
158,127,285
162,108,270
155,102,257
159,131,290
152,105,257
139,98,237
123,100,223
118,100,218
94,100,194
126,96,222
122,91,213
115,90,205
125,84,209
120,84,204
124,114,238
128,107,235
129,102,231
129,96,225
117,94,211
123,97,220
126,94,220
130,90,220
134,83,217
138,92,230
132,93,225
128,89,217
124,79,203
122,100,222
124,104,228
118,113,231
120,110,230
116,106,222
119,99,218
121,94,215
122,88,210
116,84,200
120,82,202
115,88,203
121,89,210
118,82,200
114,96,210
120,109,229
124,137,261
124,142,266
123,153,276
118,168,286
119,170,289
122,166,288
124,168,292
138,147,285
146,149,295
150,142,292
131,148,279
117,150,267
128,149,277
121,161,282
133,153,286
131,143,274
131,137,268
118,133,251
124,125,249
128,118,246
131,107,238
128,99,227
132,91,223
130,111,241
140,120,260
138,123,261
135,125,260
129,125,254
131,120,251
122,133,255
130,137,267
118,138,256
128,132,260
129,124,253
133,118,251
130,117,247
122,114,236
124,114,238
125,117,242
126,114,240
131,112,243
118,119,237
120,122,242
127,118,245
116,118,234
121,128,249
126,125,251
120,119,239
126,110,236
129,125,254
118,127,245
117,122,239
130,111,241
127,101,228
129,96,225
131,88,219
129,79,208
134,91,225
130,86,216
129,76,205
129,109,238
124,121,245
123,131,254
131,134,265
120,139,259
130,135,265
134,131,265
137,145,282
127,153,280
132,147,279
135,143,278
129,141,270
128,140,268
131,151,282
134,150,284
130,152,282
131,152,283
149,147,296
152,145,297
149,138,287
153,125,278
166,106,272
170,131,301
192,106,298
185,137,322
183,119,302
176,147,323
233,114,347
225,128,353
219,115,334
207,113,320
179,110,289
157,118,275
128,115,243
106,136,242
127,140,267
122,141,263
135,127,262
133,127,260
120,126,246
125,124,249
112,122,234
120,120,240
118,114,232
124,109,233
121,108,229
115,110,225
123,108,231
124,104,228
117,100,217
124,94,218
122,91,213
120,89,209
123,84,207
119,79,198
116,115,231
119,113,232
129,104,233
130,98,228
128,96,224
123,90,213
122,103,225
122,110,232
122,125,247
122,152,274
123,158,281
134,150,284
134,152,286
134,147,281
111,140,251
127,137,264
126,131,257
124,129,253
123,129,252
118,130,248
115,125,240
124,119,243
118,114,232
121,109,230
121,103,224
117,103,220
123,98,221
120,91,211
123,91,214
120,86,206
121,90,211
121,100,221
120,103,223
123,146,269
157,122,279
185,100,285
187,125,312
172,104,276
166,85,251
151,156,307
146,151,297
139,158,297
139,148,287
90,144,234
158,116,274
172,113,285
160,100,260
136,101,237
117,102,219
136,89,225
135,78,213
139,99,238
128,105,233
121,100,221
128,88,216
130,87,217
131,81,212
129,106,235
132,114,246
130,114,244
120,123,243
127,135,262
125,142,267
123,158,281
131,163,294
132,253,385
136,315,451
131,322,453
129,327,456
278,175,453
289,158,447
315,130,445
173,133,306
195,112,307
186,94,280
175,114,289
150,116,266
147,118,265
144,109,253
136,113,249
137,135,272
133,135,268
131,135,266
117,134,251
127,142,269
134,144,278
138,141,279
134,131,265
131,122,253
128,110,238
134,103,237
121,108,229
121,100,221
130,90,220
133,82,215
132,95,227
129,85,214
124,93,217
133,86,219
137,105,242
135,116,251
134,124,258
125,144,269
119,147,266
124,143,267
118,136,254
128,127,255
132,117,249
135,105,240
131,99,230
133,89,222
133,93,226
137,81,218
134,88,222
131,82,213
124,89,213
129,89,218
126,83,209
132,96,228
133,99,232
133,101,234
134,98,232
132,93,225
143,100,243
143,97,240
137,98,235
130,94,224
130,84,214
139,98,237
140,102,242
124,102,226
127,112,239
125,120,245
129,118,247
125,120,245
131,115,246
137,113,250
131,113,244
136,103,239
130,96,226
121,92,213
127,82,209
132,94,226
134,89,223
133,80,213
133,108,241
128,106,234
128,104,232
126,105,231
117,102,219
124,103,227
130,96,226
133,91,224
135,90,225
115,89,204
113,92,205
120,92,212
121,91,212
122,103,225
121,105,226
124,99,223
122,93,215
127,83,210
134,90,224
133,86,219
130,99,229
128,100,228
127,102,229
134,104,238
135,99,234
139,101,240
127,100,227
112,101,213
121,97,218
131,112,243
138,113,251
128,123,251
120,131,251
119,129,248
128,128,256
132,127,259
133,125,258
138,118,256
142,115,257
136,119,255
128,113,241
121,118,239
120,120,240
123,120,243
126,121,247
110,119,229
125,115,240
120,109,229
130,101,231
126,100,226
126,97,223
120,101,221
125,103,228
127,97,224
156,139,295
162,121,283
183,104,287
164,136,300
95,151,246
123,197,320
157,161,318
171,148,319
145,165,310
152,193,345
102,193,295
212,101,313
227,174,401
249,172,421
179,169,348
188,141,329
205,100,305
163,196,359
270,142,412
286,121,407
299,145,444
201,131,332
195,151,346
198,160,358
272,106,378
234,108,342
202,107,309
148,97,245
130,91,221
134,83,217
129,78,207
125,87,212
123,97,220
128,82,210
136,108,244
133,116,249
131,108,239
134,100,234
124,96,220
123,98,221
126,88,214
133,97,230
134,91,225
134,114,248
143,124,267
166,108,274
164,105,269
149,91,240
133,79,212
136,92,228
132,89,221
129,81,210
129,89,218
133,99,232
138,100,238
143,100,243
128,96,224
129,105,234
140,86,226
151,104,255
156,95,251
148,83,231
138,101,239
138,91,229
141,82,223
140,110,250
147,91,238
149,81,230
141,100,241
138,95,233
139,88,227
139,100,239
137,113,250
151,96,247
148,90,238
147,82,229
138,101,239
139,92,231
139,83,222
136,100,236
135,98,233
139,90,229
134,90,224
125,90,215
128,85,213
132,81,213
133,98,231
128,101,229
129,96,225
136,88,224
133,103,236
137,94,231
137,89,226
134,124,258
135,125,260
147,109,256
151,94,245
145,88,233
141,103,244
137,94,231
137,88,225
136,99,235
131,98,229
137,92,229
134,82,216
134,102,236
135,91,226
135,83,218
135,102,237
135,91,226
135,82,217
137,100,237
136,94,230
136,88,224
137,101,238
135,91,226
136,81,217
134,100,234
135,96,231
136,90,226
138,100,238
137,94,231
137,85,222
135,100,235
136,91,227
135,82,217
135,103,238
135,102,237
136,125,261
164,94,258
168,166,334
180,159,339
180,131,311
172,150,322
136,170,306
128,168,296
143,203,346
138,209,347
157,202,359
152,167,319
176,143,319
135,118,253
168,140,308
110,165,275
141,178,319
198,185,383
256,144,400
262,129,391
185,199,384
173,194,367
164,145,309
194,141,335
139,138,277
117,138,255
113,173,286
120,176,296
127,171,298
153,184,337
163,218,381
124,210,334
164,166,330
185,173,358
145,179,324
158,174,332
188,126,314
228,144,372
191,134,325
124,127,251
172,172,344
175,231,406
177,184,361
212,198,410
211,182,393
207,129,336
178,127,305
198,111,309
152,125,277
116,117,233
161,115,276
166,100,266
133,96,229
155,104,259
137,174,311
133,174,307
195,159,354
178,138,316
172,142,314
153,149,302
148,182,330
110,226,336
151,196,347
145,218,363
117,223,340
183,172,355
209,177,386
182,180,362
166,262,428
136,258,394
164,297,461
188,285,473
179,245,424
223,188,411
198,174,372
218,164,382
182,165,347
195,186,381
228,165,393
226,147,373
227,130,357
191,148,339
136,128,264
147,123,270
130,91,221
146,85,231
97,82,179
116,109,225
111,139,250
154,148,302
146,179,325
149,149,298
183,160,343
137,160,297
147,148,295
153,206,359
153,212,365
106,212,318
163,195,358
191,232,423
191,264,455
103,290,393
154,313,467
228,235,463
213,212,425
206,166,372
177,141,318
158,118,276
165,109,274
153,104,257
143,94,237
134,83,217
141,171,312
131,204,335
178,159,337
209,144,353
230,156,386
188,133,321
160,114,274
177,125,302
116,129,245
124,164,288
126,207,333
169,221,390
216,188,404
227,232,459
195,224,419
150,227,377
104,244,348
177,197,374
186,202,388
146,203,349
188,141,329
172,198,370
199,227,426
140,245,385
151,249,400
173,250,423
205,215,420
158,224,382
220,196,416
183,184,367
246,123,369
222,120,342
178,207,385
185,172,357
216,122,338
206,138,344
128,131,259
163,235,398
205,209,414
230,182,412
208,187,395
122,193,315
137,197,334
132,210,342
153,231,384
160,250,410
146,250,396
164,236,400
217,186,403
223,173,396
232,143,375
179,207,386
267,122,389
258,105,363
266,162,428
182,153,335
199,130,329
169,135,304
120,163,283
133,157,290
149,163,312
159,131,290
162,126,288
158,146,304
170,149,319
150,104,254
175,206,381
177,272,449
143,264,407
143,238,381
229,169,398
195,155,350
133,162,295
196,158,354
222,118,340
222,114,336
167,118,285
120,114,234
117,112,229
123,115,238
128,109,237
117,105,222
119,104,223
91,99,190
118,92,210
126,92,218
125,86,211
127,118,245
128,118,246
96,133,229
151,119,270
176,109,285
173,92,265
147,137,284
174,122,296
182,103,285
174,103,277
131,107,238
105,111,216
118,114,232
129,110,239
131,119,250
122,127,249
134,143,277
134,151,285
111,150,261
127,160,287
141,168,309
138,178,316
131,187,318
124,181,305
134,153,287
152,131,283
174,116,290
155,103,258
140,93,233
132,109,241
149,106,255
143,130,273
149,137,286
158,133,291
162,131,293
170,93,263
172,132,304
196,118,314
158,107,265
137,99,236
130,93,223
124,106,230
144,116,260
124,129,253
140,136,276
141,164,305
142,169,311
111,183,294
158,159,317
156,138,294
131,129,260
137,119,256
121,113,234
124,105,229
127,95,222
119,90,209
133,110,243
133,105,238
120,94,214
120,88,208
143,143,286
136,154,290
126,180,306
124,192,316
112,190,302
137,189,326
153,155,308
174,136,310
186,140,326
183,122,305
172,114,286
141,156,297
181,128,309
201,149,350
195,188,383
156,181,337
172,168,340
201,156,357
196,151,347
153,137,290
156,131,287
200,127,327
210,105,315
230,135,365
222,122,344
198,130,328
186,119,305
159,102,261
145,106,251
133,115,248
151,102,253
154,145,299
179,115,294
167,111,278
160,109,269
144,94,238
146,97,243
129,88,217
127,80,207
98,106,204
122,103,225
137,120,257
159,98,257
173,151,324
162,145,307
150,146,296
144,150,294
92,155,247
118,151,269
117,148,265
116,161,277
117,161,278
103,159,262
117,159,276
126,156,282
130,154,284
122,162,284
119,168,287
122,167,289
127,167,294
131,174,305
109,179,288
126,215,341
130,211,341
134,197,331
159,160,319
169,144,313
144,125,269
153,115,268
124,104,228
131,143,274
145,135,280
157,146,303
159,152,311
131,135,266
139,141,280
135,140,275
128,140,268
120,131,251
111,138,249
122,143,265
95,138,233
104,157,261
123,192,315
201,203,404
248,152,400
293,136,429
226,113,339
169,90,259
164,130,294
159,126,285
132,109,241
149,115,264
157,97,254
157,97,254
155,115,270
140,112,252
145,102,247
149,151,300
175,120,295
170,106,276
166,91,257
121,85,206
130,76,206
107,133,240
150,126,276
146,114,260
163,109,272
144,97,241
142,158,300
162,138,300
166,123,289
156,134,290
169,134,303
155,151,306
143,153,296
126,171,297
131,198,329
128,212,340
118,223,341
135,223,358
175,184,359
180,174,354
192,163,355
176,140,316
162,122,284
166,109,275
157,106,263
176,97,273
165,135,300
151,139,290
139,119,258
142,111,253
121,102,223
119,94,213
126,89,215
125,82,207
115,77,192
120,90,210
125,89,214
121,144,265
152,118,270
157,111,268
166,102,268
143,87,230
147,82,229
124,81,205
120,76,196
104,96,200
121,106,227
116,104,220
122,107,229
117,105,222
120,114,234
127,116,243
117,109,226
126,101,227
121,94,215
97,92,189
125,99,224
118,101,219
103,96,199
112,90,202
118,95,213
108,92,200
119,92,211
119,94,213
112,98,210
133,91,224
118,94,212
111,89,200
118,90,208
121,86,207
111,89,200
122,97,219
106,99,205
123,96,219
125,89,214
122,88,210
121,83,204
132,100,232
125,108,233
123,120,243
121,125,246
120,131,251
124,132,256
127,147,274
125,148,273
122,141,263
127,135,262
121,131,252
119,133,252
124,129,253
122,124,246
117,115,232
127,113,240
126,118,244
118,130,248
122,140,262
127,134,261
148,109,257
144,103,247
142,99,241
116,96,212
127,100,227
125,117,242
124,130,254
123,134,257
124,127,251
128,130,258
126,128,254
130,121,251
127,114,241
128,111,239
117,111,228
124,107,231
118,102,220
119,97,216
122,102,224
122,98,220
121,91,212
124,88,212
122,87,209
124,83,207
121,79,200
120,78,198
124,90,214
123,85,208
119,85,204
121,87,208
121,81,202
132,78,210
128,89,217
118,90,208
118,90,208
122,86,208
119,78,197
130,96,226
128,118,246
123,126,249
128,134,262
123,139,262
125,139,264
124,139,263
130,144,274
128,147,275
125,154,279
128,153,281
126,161,287
113,171,284
124,167,291
122,168,290
142,151,293
162,122,284
175,105,280
199,134,333
179,118,297
204,105,309
188,103,291
155,102,257
138,105,243
134,105,239
134,100,234
129,98,227
124,104,228
116,112,228
124,124,248
122,124,246
121,140,261
128,143,271
125,153,278
123,150,273
127,147,274
122,145,267
130,147,277
116,161,277
124,163,287
119,160,279
116,159,275
123,153,276
122,154,276
125,149,274
116,144,260
120,142,262
124,140,264
115,139,254
123,140,263
115,135,250
119,130,249
125,129,254
122,128,250
114,127,241
123,126,249
129,116,245
128,110,238
125,108,233
117,105,222
118,106,224
121,101,222
123,95,218
116,89,205
123,84,207
119,99,218
120,97,217
129,89,218
124,89,213
121,87,208
127,79,206
127,89,216
129,84,213
121,78,199
122,91,213
119,91,210
118,87,205
123,87,210
115,86,201
123,82,205
121,90,211
127,91,218
122,94,216
121,90,211
118,90,208
122,87,209
127,108,235
134,108,242
131,133,264
122,136,258
126,129,255
145,114,259
143,115,258
132,124,256
123,129,252
122,132,254
126,132,258
119,138,257
120,141,261
124,130,254
126,129,255
130,131,261
120,129,249
120,125,245
126,122,248
129,127,256
123,133,256
118,137,255
122,143,265
125,143,268
124,143,267
127,138,265
128,146,274
119,285,404
126,306,432
130,329,459
136,338,474
266,213,479
275,214,489
248,216,464
175,192,367
168,170,338
168,172,340
171,145,316
178,120,298
198,90,288
184,87,271
153,89,242
125,105,230
129,107,236
132,104,236
138,107,245
135,113,248
132,118,250
133,120,253
133,126,259
130,132,262
125,138,263
125,145,270
125,150,275
129,148,277
132,148,280
133,168,301
138,185,323
139,201,340
175,186,361
200,174,374
224,164,388
212,135,347
202,118,320
174,110,284
150,105,255
145,88,233
150,112,262
150,112,262
150,102,252
147,96,243
145,83,228
144,111,255
141,105,246
136,96,232
139,84,223
135,111,246
140,105,245
138,103,241
139,95,234
134,85,219
142,107,249
137,106,243
137,96,233
137,90,227
131,114,245
138,106,244
138,98,236
137,94,231
130,82,212
142,102,244
142,124,266
154,100,254
157,88,245
156,112,268
143,104,247
142,95,237
139,82,221
132,167,299
138,164,302
131,163,294
135,155,290
85,138,223
115,129,244
142,118,260
135,107,242
137,96,233
138,84,222
140,180,320
140,201,341
132,241,373
138,238,376
106,218,324
172,182,354
204,165,369
230,116,346
202,111,313
188,109,297
154,161,315
156,130,286
181,179,360
202,146,348
162,130,292
185,116,301
145,111,256
172,120,292
156,121,277
147,115,262
148,118,266
133,116,249
126,109,235
165,113,278
151,124,275
165,109,274
165,166,331
165,155,320
147,155,302
130,140,270
99,123,222
153,91,244
147,162,309
174,162,336
157,161,318
142,155,297
106,156,262
144,163,307
137,169,306
151,162,313
148,148,296
154,137,291
158,109,267
163,87,250
154,135,289
156,126,282
123,110,233
143,101,244
133,149,282
150,144,294
181,105,286
168,93,261
128,81,209
121,80,201
103,148,251
135,142,277
125,136,261
154,114,268
128,99,227
155,118,273
130,120,250
160,110,270
154,102,256
152,108,260
177,81,258
171,116,287
140,123,263
125,124,249
129,132,261
111,127,238
120,132,252
98,127,225
126,125,251
107,129,236
123,125,248
120,118,238
109,126,235
120,124,244
123,131,254
121,126,247
126,142,268
113,143,256
92,146,238
120,143,263
122,134,256
107,149,256
108,153,261
108,155,263
111,169,280
127,168,295
119,163,282
123,159,282
127,146,273
123,131,254
136,134,270
120,138,258
119,136,255
122,133,255
112,138,250
121,134,255
109,146,255
130,160,290
146,230,376
280,143,423
302,140,442
291,138,429
139,135,274
97,133,230
121,138,259
118,181,299
127,185,312
132,193,325
121,201,322
147,181,328
120,172,292
155,161,316
156,156,312
156,140,296
161,120,281
161,112,273
157,136,293
189,205,394
233,183,416
222,187,409
183,193,376
94,194,288
164,171,335
192,141,333
225,106,331
213,120,333
219,111,330
195,104,299
152,95,247
131,148,279
163,135,298
161,131,292
159,121,280
121,122,243
145,103,248
146,85,231
139,79,218
117,116,233
124,127,251
121,122,243
138,122,260
128,137,265
125,143,268
119,145,264
131,139,270
135,138,273
125,137,262
153,107,260
177,101,278
170,106,276
152,109,261
114,117,231
120,119,239
125,126,251
120,125,245
121,133,254
125,155,280
122,171,293
110,173,283
124,177,301
121,176,297
159,139,298
181,115,296
189,100,289
156,89,245
145,95,240
142,98,240
136,96,232
136,134,270
147,134,281
153,121,274
143,123,266
142,141,283
150,124,274
144,113,257
147,114,261
122,130,252
122,146,268
134,141,275
140,155,295
130,151,281
117,143,260
119,136,255
120,129,249
125,108,233
167,112,279
185,117,302
210,102,312
197,105,302
151,135,286
158,108,266
159,91,250
172,190,362
199,156,355
206,154,360
191,156,347
140,150,290
116,139,255
132,122,254
144,113,257
123,99,222
134,91,225
125,147,272
125,146,271
140,148,288
118,167,285
101,178,279
139,172,311
177,147,324
206,133,339
203,133,336
179,125,304
153,140,293
146,132,278
147,123,270
153,162,315
191,146,337
205,137,342
199,131,330
193,134,327
207,102,309
188,102,290
157,94,251
129,97,226
122,93,215
105,101,206
122,103,225
116,101,217
144,111,255
165,99,264
144,96,240
138,95,233
119,125,244
120,127,247
158,125,283
146,118,264
143,116,259
133,124,257
147,130,277
139,138,277
141,134,275
128,138,266
117,135,252
112,137,249
118,132,250
120,134,254
100,131,231
111,131,242
99,129,228
121,133,254
107,147,254
123,159,282
100,171,271
122,165,287
111,155,266
124,144,268
110,137,247
129,139,268
121,135,256
123,137,260
95,133,228
125,149,274
100,152,252
121,146,267
113,145,258
126,147,273
115,148,263
117,143,260
99,154,253
131,158,289
126,165,291
100,170,270
124,174,298
122,171,293
122,167,289
139,145,284
154,126,280
160,100,260
152,89,241
150,82,232
129,123,252
127,134,261
128,132,260
154,98,252
163,95,258
159,96,255
139,95,234
118,111,229
127,102,229
127,97,224
132,94,226
103,94,197
137,87,224
115,120,235
132,132,264
141,129,270
140,132,272
131,133,264
119,134,253
122,147,269
127,144,271
130,147,277
133,147,280
129,146,275
132,146,278
133,150,283
120,148,268
118,148,266
126,149,275
121,151,272
124,152,276
126,156,282
142,143,285
152,133,285
156,132,288
145,128,273
128,129,257
122,143,265
136,137,273
133,132,265
139,120,259
138,102,240
164,104,268
160,123,283
158,120,278
134,123,257
127,112,239
131,117,248
127,111,238
121,106,227
121,101,222
123,90,213
128,113,241
133,113,246
122,107,229
124,102,226
95,98,193
125,92,217
114,86,200
121,90,211
116,92,208
124,87,211
120,88,208
97,99,196
123,91,214
121,111,232
143,102,245
135,104,239
136,102,238
127,96,223
125,90,215
117,85,202
105,90,195
123,94,217
118,107,225
123,106,229
119,110,229
124,103,227
114,99,213
120,94,214
130,89,219
125,241,366
117,249,366
121,260,381
150,248,398
249,159,408
222,147,369
220,129,349
177,113,290
176,102,278
168,110,278
159,118,277
138,113,251
136,106,242
108,99,207
132,95,227
129,85,214
130,83,213
123,139,262
145,121,266
158,115,273
157,126,283
135,118,253
140,128,268
140,136,276
125,141,266
124,139,263
85,135,220
116,135,251
118,132,250
118,133,251
125,130,255
124,127,251
122,132,254
114,135,249
117,136,253
110,140,250
120,149,269
121,145,266
105,139,244
125,135,260
112,125,237
130,122,252
127,121,248
122,114,236
123,111,234
124,107,231
122,109,231
118,110,228
121,105,226
123,100,223
114,98,212
123,95,218
121,92,213
117,87,204
122,86,208
116,85,201
118,81,199
124,79,203
124,110,234
117,120,237
125,131,256
124,147,271
121,152,273
124,158,282
122,172,294
121,171,292
124,168,292
123,166,289
139,148,287
143,144,287
142,140,282
121,134,255
116,134,250
122,138,260
120,135,255
126,140,266
125,146,271
117,144,261
124,140,264
134,121,255
144,106,250
144,100,244
135,101,236
122,97,219
117,97,214
121,99,220
121,93,214
124,91,215
123,91,214
124,88,212
119,86,205
118,97,215
122,110,232
120,123,243
122,130,252
122,134,256
126,128,254
122,128,250
122,127,249
118,122,240
123,111,234
131,109,240
126,106,232
122,114,236
121,115,236
117,124,241
124,126,250
123,126,249
128,120,248
126,114,240
121,109,230
124,103,227
115,98,213
120,95,215
124,90,214
123,90,213
114,86,200
123,83,206
121,78,199
121,95,216
115,99,214
130,93,223
131,89,220
135,88,223
121,89,210
124,84,208
127,85,212
125,100,225
116,94,210
121,89,210
126,94,220
122,123,245
142,108,250
141,103,244
140,96,236
131,94,225
122,94,216
113,96,209
125,98,223
128,96,224
122,99,221
123,98,221
121,97,218
124,96,220
121,92,213
123,90,213
109,93,202
120,94,214
121,92,213
122,91,213
128,87,215
128,81,209
132,83,215
124,78,202
120,92,212
125,99,224
118,101,219
126,111,237
126,125,251
124,130,254
126,133,259
123,133,256
133,122,255
132,117,249
134,110,244
125,107,232
117,100,217
122,95,217
122,89,211
124,84,208
123,84,207
116,78,194
123,93,216
119,98,217
127,101,228
133,102,235
132,109,241
118,122,240
106,127,233
122,124,246
122,117,239
127,111,238
125,104,229
127,103,230
121,99,220
118,99,217
120,95,215
122,88,210
123,92,215
115,93,208
125,85,210
126,78,204
131,99,230
128,94,222
116,89,205
123,85,208
119,130,249
139,199,338
247,93,340
248,89,337
235,142,377
137,156,293
159,146,305
157,138,295
148,118,266
143,101,244
144,92,236
148,135,283
145,133,278
140,150,290
139,145,284
121,130,251
146,116,262
150,107,257
145,100,245
148,110,258
154,106,260
155,81,236
161,113,274
164,86,250
149,83,232
149,81,230
113,109,222
122,113,235
120,113,233
122,109,231
115,112,227
123,110,233
116,115,231
121,112,233
121,106,227
128,108,236
126,111,237
124,115,239
123,109,232
119,106,225
123,103,226
117,101,218
122,113,235
120,112,232
124,100,224
139,94,233
137,94,231
131,98,229
120,99,219
125,92,217
126,101,227
126,111,237
122,109,231
140,98,238
161,94,255
162,104,266
163,92,255
146,112,258
147,96,243
148,91,239
149,104,253
139,100,239
143,95,238
140,89,229
136,102,238
139,92,231
140,83,223
137,99,236
134,94,228
137,89,226
140,80,220
137,100,237
138,92,230
136,84,220
137,100,237
134,90,224
137,81,218
139,100,239
138,90,228
140,81,221
139,100,239
140,93,233
143,82,225
139,100,239
137,92,229
137,82,219
140,108,248
147,95,242
149,91,240
139,83,222
134,102,236
134,95,229
134,89,223
137,102,239
136,92,228
137,82,219
136,101,237
137,92,229
137,81,218
136,100,236
133,98,231
134,96,230
135,90,225
134,80,214
137,101,238
139,95,234
137,86,223
144,107,251
146,93,239
146,83,229
141,102,243
138,94,232
137,90,227
138,80,218
136,103,239
137,92,229
136,87,223
140,180,320
150,166,316
147,171,318
158,151,309
93,144,237
138,131,269
170,134,304
177,123,300
205,101,306
195,84,279
163,138,301
136,202,338
146,235,381
154,259,413
191,234,425
270,218,488
242,226,468
286,135,421
202,124,326
180,110,290
139,94,233
142,83,225
124,140,264
132,137,269
142,118,260
166,87,253
167,174,341
117,164,281
173,117,290
174,136,310
95,161,256
168,195,363
232,229,461
284,180,464
237,147,384
211,164,375
187,329,516
277,228,505
291,231,522
283,177,460
183,123,306
213,157,370
205,124,329
185,92,277
196,140,336
196,86,282
176,122,298
198,104,302
141,121,262
156,160,316
165,119,284
194,121,315
155,167,322
131,154,285
184,168,352
140,174,314
109,180,289
149,180,329
153,193,346
113,232,345
123,233,356
148,209,357
170,217,387
165,218,383
178,222,400
159,194,353
156,200,356
123,170,293
152,175,327
92,230,322
129,266,395
136,298,434
145,307,452
217,207,424
223,196,419
279,169,448
165,163,328
112,157,269
165,113,278
159,114,273
125,168,293
167,183,350
225,133,358
232,129,361
163,134,297
135,147,282
147,163,310
134,185,319
140,208,348
142,198,340
150,182,332
157,201,358
171,191,362
184,205,389
203,184,387
196,183,379
181,193,374
158,224,382
145,223,368
140,258,398
214,170,384
240,181,421
273,191,464
188,196,384
171,187,358
198,152,350
183,147,330
145,139,284
194,139,333
184,131,315
202,148,350
180,213,393
241,147,388
238,108,346
217,103,320
155,126,281
159,116,275
163,143,306
168,155,323
154,148,302
204,119,323
213,129,342
213,106,319
215,118,333
187,166,353
184,123,307
217,100,317
169,122,291
117,108,225
157,102,259
149,119,268
119,156,275
146,157,303
165,339,504
131,521,652
157,542,699
125,578,703
501,217,718
532,187,719
480,130,610
213,112,325
163,145,308
120,148,268
134,135,269
152,149,301
163,136,299
122,145,267
170,136,306
154,168,322
134,132,266
157,129,286
140,91,231
156,99,255
100,143,243
142,159,301
175,145,320
205,185,390
238,152,390
228,151,379
201,145,346
165,121,286
171,139,310
168,122,290
170,123,293
160,125,285
121,129,250
110,132,242
116,151,267
121,191,312
100,198,298
153,188,341
150,183,333
155,188,343
113,189,302
147,175,322
150,164,314
145,156,301
112,150,262
135,142,277
132,136,268
140,132,272
167,92,259
161,102,263
169,92,261
159,157,316
162,146,308
146,141,287
152,126,278
118,113,231
161,198,359
186,183,369
206,177,383
204,231,435
128,231,359
157,220,377
160,203,363
192,147,339
225,122,347
240,107,347
195,134,329
178,116,294
155,119,274
149,135,284
128,142,270
114,136,250
119,131,250
103,126,229
124,136,260
110,131,241
114,131,245
126,128,254
115,125,240
128,125,253
104,131,235
119,138,257
120,134,254
115,138,253
124,131,255
114,132,246
113,128,241
121,132,253
99,127,226
126,131,257
101,129,230
124,122,246
112,126,238
124,121,245
107,120,227
112,116,228
121,118,239
106,114,220
121,107,228
99,108,207
114,105,219
123,105,228
111,99,210
104,102,206
123,102,225
88,103,191
120,101,221
118,138,256
96,139,235
144,122,266
156,110,266
140,102,242
152,94,246
141,130,271
126,140,266
141,152,293
131,147,278
145,132,277
158,124,282
154,128,282
136,129,265
109,122,231
130,116,246
136,99,235
142,84,226
130,91,221
135,87,222
134,76,210
118,103,221
129,98,227
126,94,220
116,91,207
122,94,216
121,92,213
122,88,210
109,151,260
156,155,311
151,140,291
163,130,293
141,112,253
157,88,245
159,136,295
160,127,287
145,124,269
152,97,249
123,130,253
168,121,289
171,113,284
155,163,318
162,135,297
156,131,287
151,138,289
121,134,255
144,129,273
141,130,271
133,126,259
131,123,254
134,124,258
125,132,257
122,136,258
126,136,262
131,134,265
125,137,262
130,150,280
138,166,304
138,171,309
133,172,305
133,160,293
128,154,282
150,126,276
154,113,267
158,147,305
169,141,310
181,137,318
155,144,299
127,137,264
112,148,260
121,147,268
118,162,280
109,183,292
122,192,314
127,178,305
138,185,323
141,167,308
160,134,294
184,112,296
171,100,271
157,117,274
153,105,258
156,96,252
148,105,253
161,108,269
172,119,291
161,128,289
134,119,253
139,119,258
118,116,234
129,123,252
123,128,251
124,154,278
126,155,281
119,145,264
134,125,259
142,119,261
136,111,247
125,104,229
123,123,246
118,307,425
306,144,450
320,144,464
332,132,464
131,136,267
134,133,267
124,144,268
120,156,276
118,176,294
118,178,296
124,174,298
135,162,297
149,145,294
150,135,285
146,127,273
112,106,218
156,106,262
164,107,271
158,120,278
159,119,278
130,113,243
138,121,259
137,122,259
134,132,266
134,133,267
120,130,250
129,114,243
141,103,244
147,99,246
152,81,233
150,114,264
126,119,245
135,118,253
125,118,243
116,124,240
128,124,252
129,115,244
137,102,239
141,89,230
144,99,243
147,99,246
138,105,243
155,84,239
151,76,227
141,117,258
148,84,232
157,99,256
170,86,256
138,115,253
140,108,248
133,102,235
136,105,241
143,88,231
151,82,233
132,123,255
134,123,257
138,131,269
132,131,263
116,135,251
126,135,261
133,131,264
142,123,265
140,140,280
143,143,286
132,139,271
145,146,291
139,143,282
126,137,263
121,126,247
131,118,249
131,107,238
133,97,230
132,90,222
122,82,204
128,114,242
129,114,243
129,114,243
112,113,225
124,112,236
124,113,237
126,115,241
129,116,245
124,108,232
125,108,233
132,109,241
132,107,239
119,114,233
125,106,231
129,97,226
123,94,217
124,89,213
126,93,219
119,94,213
117,114,231
124,113,237
129,104,233
135,90,225
134,83,217
133,91,224
123,88,211
126,82,208
130,104,234
126,101,227
133,91,224
131,90,221
122,112,234
143,116,259
143,129,272
143,142,285
113,146,259
113,141,254
126,138,264
123,131,254
123,132,255
116,133,249
122,129,251
120,127,247
119,126,245
116,122,238
122,120,242
120,117,237
121,112,233
124,105,229
116,99,215
116,102,218
119,102,221
121,96,217
138,148,286
147,165,312
157,168,325
137,178,315
117,185,302
121,184,305
127,179,306
149,139,288
171,116,287
182,97,279
180,100,280
161,105,266
142,96,238
130,89,219
131,118,249
138,110,248
137,102,239
140,118,258
153,129,282
175,122,297
176,119,295
155,115,270
137,108,245
151,120,271
183,124,307
205,95,300
199,122,321
164,114,278
130,106,236
137,97,234
126,93,219
127,86,213
125,80,205
125,100,225
122,123,245
132,123,255
130,113,243
148,102,250
155,101,256
148,98,246
134,113,247
126,109,235
126,98,224
139,84,223
135,78,213
134,89,223
119,85,204
122,88,210
127,83,210
127,91,218
129,82,211
131,106,237
130,110,240
132,114,246
128,112,240
127,102,229
130,96,226
127,83,210
130,90,220
133,83,216
129,105,234
130,112,242
131,112,243
135,112,247
130,115,245
128,128,256
123,148,271
130,149,279
131,150,281
138,149,287
138,148,286
129,149,278
139,146,285
153,124,277
182,107,289
191,103,294
173,91,264
133,81,214
124,92,216
129,87,216
131,106,237
135,110,245
133,107,240
129,115,244
118,111,229
129,104,233
125,105,230
130,104,234
127,105,232
119,105,224
124,110,234
127,110,237
130,113,243
134,108,242
125,110,235
124,107,231
129,103,232
132,100,232
131,94,225
143,85,228
135,82,217
132,93,225
129,93,222
122,95,217
135,88,223
136,85,221
140,106,246
123,119,242
136,118,254
131,121,252
127,129,256
127,131,258
131,153,284
133,294,427
129,308,437
134,316,450
205,246,451
262,202,464
264,182,446
160,175,335
168,164,332
147,156,303
142,147,289
130,138,268
136,132,268
133,130,263
131,131,262
123,126,249
133,129,262
134,126,260
137,122,259
136,116,252
133,109,242
126,106,232
139,97,236
126,92,218
135,89,224
126,90,216
119,86,205
130,91,221
128,94,222
124,107,231
145,87,232
140,105,245
150,115,265
123,134,257
124,142,266
121,153,274
107,169,276
131,157,288
128,154,282
133,145,278
126,153,279
118,154,272
123,164,287
126,167,293
130,172,302
131,172,303
126,181,307
125,185,310
137,173,310
139,177,316
139,183,322
132,173,305
135,180,315
136,184,320
135,174,309
137,179,316
139,184,323
136,173,309
138,178,316
139,181,320
136,173,309
135,177,312
136,182,318
134,173,307
136,178,314
136,183,319
136,172,308
136,178,314
137,182,319
134,177,311
135,179,314
142,179,321
133,179,312
139,181,320
133,182,315
139,180,319
133,183,316
142,177,319
136,178,314
141,178,319
132,181,313
139,178,317
133,179,312
140,178,318
131,181,312
139,177,316
134,178,312
140,178,318
131,180,311
139,177,316
133,178,311
138,178,316
131,185,316
139,177,316
132,184,316
140,179,319
138,181,319
137,179,316
143,173,316
138,172,310
136,180,316
125,185,310
141,171,312
142,176,318
143,185,328
142,166,308
142,171,313
143,173,316
124,182,306
123,184,307
137,197,334
136,207,343
145,202,347
152,181,333
168,172,340
185,156,341
176,158,334
175,143,318
181,115,296
179,126,305
188,127,315
190,95,285
188,122,310
175,110,285
156,110,266
146,107,253
160,100,260
148,171,319
154,160,314
150,183,333
151,196,347
106,187,293
152,163,315
169,143,312
156,124,280
143,111,254
138,93,231
146,152,298
150,148,298
143,137,280
139,124,263
112,107,219
149,90,239
146,162,308
159,165,324
159,179,338
155,157,312
159,138,297
184,127,311
176,130,306
194,136,330
200,128,328
192,120,312
168,174,342
161,181,342
188,160,348
169,158,327
173,167,340
142,175,317
145,201,346
144,201,345
142,207,349
133,237,370
172,208,380
214,205,419
244,175,419
191,169,360
186,145,331
170,126,296
200,137,337
194,134,328
163,131,294
172,116,288
173,94,267
178,113,291
171,103,274
140,94,234
140,91,231
128,89,217
126,89,215
121,89,210
133,106,239
119,115,234
134,113,247
112,131,243
111,156,267
118,179,297
121,219,340
124,246,370
111,269,380
146,256,402
189,229,418
229,229,458
206,222,428
212,237,449
204,232,436
196,226,422
183,223,406
159,196,355
215,191,406
226,183,409
173,172,345
188,170,358
176,165,341
152,168,320
157,190,347
175,179,354
155,195,350
155,232,387
272,150,422
295,139,434
284,155,439
152,168,320
139,165,304
145,157,302
137,152,289
130,165,295
118,168,286
124,179,303
130,169,299
128,178,306
114,207,321
167,169,336
185,166,351
194,156,350
171,137,308
159,182,341
159,205,364
143,195,338
139,177,316
177,139,316
172,125,297
178,121,299
165,90,255
165,78,243
150,128,278
135,143,278
133,143,276
148,159,307
152,160,312
146,154,300
139,164,303
154,142,296
188,104,292
189,163,352
204,153,357
191,148,339
178,174,352
160,168,328
167,168,335
183,174,357
172,192,364
155,205,360
181,172,353
201,136,337
224,116,340
208,124,332
199,94,293
164,131,295
149,140,289
145,110,255
164,103,267
168,95,263
147,96,243
137,97,234
131,95,226
127,96,223
121,112,233
131,121,252
133,119,252
135,105,240
130,104,234
128,113,241
127,113,240
128,109,237
126,107,233
118,137,255
139,116,255
163,102,265
139,107,246
130,108,238
129,99,228
129,100,229
110,91,201
124,87,211
125,80,205
116,81,197
118,105,223
124,116,240
117,115,232
127,116,243
121,114,235
100,115,215
117,118,235
122,122,244
111,118,229
103,137,240
122,138,260
122,139,261
107,157,264
122,165,287
118,166,284
110,162,272
119,162,281
109,136,245
154,117,271
153,115,268
170,111,281
166,108,274
156,97,253
157,144,301
172,125,297
165,138,303
155,153,308
117,167,284
130,166,296
127,169,296
128,174,302
120,202,322
109,208,317
120,200,320
126,183,309
219,100,319
228,87,315
208,134,342
153,123,276
147,117,264
154,112,266
147,114,261
166,148,314
184,133,317
176,134,310
163,144,307
141,145,286
135,150,285
130,136,266
138,131,269
145,120,265
134,126,260
129,124,253
123,118,241
107,111,218
138,107,245
130,100,230
125,101,226
127,107,234
123,112,235
119,112,231
115,114,229
125,111,236
133,98,231
133,97,230
109,89,198
136,77,213
128,100,228
127,114,241
122,128,250
180,98,278
190,113,303
158,117,275
145,109,254
134,101,235
152,106,258
173,115,288
178,104,282
166,89,255
146,83,229
136,119,255
129,102,231
119,94,213
136,135,271
118,134,252
147,135,282
130,127,257
136,107,243
150,99,249
145,92,237
113,90,203
122,86,208
122,97,219
122,125,247
122,141,263
125,157,282
124,186,310
126,195,321
119,206,325
129,223,352
156,204,360
162,190,352
177,181,358
158,166,324
145,173,318
135,170,305
120,172,292
135,171,306
148,158,306
161,153,314
155,152,307
143,144,287
155,129,284
154,148,302
141,161,302
124,180,304
136,177,313
142,166,308
143,156,299
136,151,287
118,148,266
124,145,269
126,141,267
117,138,255
126,145,271
122,147,269
125,146,271
126,135,261
129,128,257
124,124,248
114,127,241
123,133,256
120,134,254
125,137,262
124,135,259
124,153,277
122,164,286
120,167,287
135,162,297
148,152,300
144,140,284
169,129,298
168,123,291
147,122,269
143,143,286
161,148,309
204,122,326
230,92,322
184,91,275
98,96,194
129,93,222
121,96,217
129,102,231
120,250,370
126,269,395
144,262,406
164,264,428
214,198,412
209,174,383
196,160,356
181,157,338
150,155,305
137,153,290
130,150,280
129,148,277
127,153,280
127,155,282
122,147,269
133,137,270
139,145,284
126,169,295
130,197,327
130,206,336
131,225,356
128,227,355
157,189,346
181,171,352
189,150,339
167,130,297
164,110,274
153,113,266
148,92,240
152,121,273
165,105,270
152,101,253
149,96,245
148,122,270
149,122,271
146,117,263
144,102,246
144,123,267
151,118,269
160,105,265
163,126,289
150,134,284
159,148,307
152,137,289
144,122,266
155,111,266
162,98,260
161,109,270
155,108,263
147,97,244
142,82,224
140,129,269
137,143,280
139,133,272
159,121,280
164,118,282
148,120,268
148,120,268
138,116,254
144,132,276
136,133,269
134,119,253
146,103,249
149,90,239
145,111,256
150,106,256
143,102,245
144,100,244
147,118,265
154,110,264
159,92,251
152,88,240
145,122,267
144,126,270
152,121,273
155,124,279
149,123,272
146,123,269
142,121,263
128,123,251
137,132,269
134,133,267
160,117,277
166,109,275
169,113,282
151,100,251
157,126,283
177,145,322
195,132,327
190,122,312
166,103,269
138,94,232
130,93,223
127,93,220
134,110,244
137,115,252
139,118,257
140,123,263
134,129,263
123,134,257
129,140,269
136,142,278
129,145,274
136,149,285
137,161,298
135,155,290
142,168,310
145,167,312
143,167,310
150,138,288
168,118,286
173,106,279
163,118,281
169,130,299
161,126,287
162,104,266
154,95,249
162,112,274
154,113,267
141,145,286
130,148,278
140,137,277
130,125,255
156,132,288
140,134,274
126,139,265
130,139,269
135,140,275
134,149,283
133,152,285
125,152,277
128,150,278
132,141,273
131,128,259
147,139,286
126,151,277
134,150,284
130,184,314
134,186,320
118,178,296
135,165,300
152,147,299
142,138,280
143,135,278
130,137,267
126,131,257
116,135,251
123,130,253
120,134,254
127,146,273
133,146,279
133,142,275
123,136,259
119,131,250
118,129,247
124,127,251
123,123,246
127,117,244
131,112,243
129,110,239
126,101,227
126,94,220
118,88,206
123,89,212
122,94,216
114,102,216
127,96,223
123,95,218
128,93,221
122,88,210
123,82,205
125,104,229
118,120,238
128,137,265
124,161,285
125,187,312
136,185,321
135,191,326
136,218,354
135,206,341
171,191,362
185,184,369
164,176,340
144,186,330
142,164,306
180,128,308
191,112,303
188,96,284
151,101,252
152,97,249
140,89,229
145,111,256
147,118,265
156,113,269
167,114,281
174,128,302
190,101,291
174,96,270
166,97,263
143,90,233
152,96,248
150,118,268
146,107,253
150,133,283
164,119,283
161,116,277
150,116,266
129,110,239
137,111,248
135,115,250
141,114,255
133,109,242
128,108,236
132,123,255
154,105,259
156,98,254
158,90,248
143,102,245
137,113,250
134,110,244
127,117,244
120,120,240
118,118,236
127,117,244
122,130,252
127,157,284
125,179,304
126,190,316
160,188,348
271,130,401
289,115,404
280,105,385
180,91,271
167,118,285
163,117,280
154,112,266
147,101,248
146,103,249
158,86,244
158,109,267
163,104,267
166,106,272
175,98,273
147,90,237
134,105,239
125,103,228
130,97,227
132,90,222
136,84,220
130,83,213
129,89,218
128,89,217
129,80,209
134,98,232
131,101,232
127,108,235
118,129,247
125,128,253
131,121,252
136,116,252
134,114,248
128,116,244
121,113,234
121,120,241
127,116,243
130,109,239
137,110,247
131,120,251
137,116,253
128,106,234
135,102,237
127,93,220
131,83,214
131,92,223
131,89,220
128,106,234
133,94,227
133,85,218
145,97,242
131,94,225
142,83,225
139,113,252
133,106,239
142,107,249
133,104,237
129,106,235
131,107,238
128,107,235
132,99,231
136,93,229
142,85,227
137,84,221
130,97,227
124,93,217
130,82,212
131,96,227
132,92,224
134,91,225
132,89,221
126,100,226
125,93,218
126,96,222
125,92,217
119,84,203
131,86,217
130,90,220
121,97,218
125,95,220
132,91,223
131,88,219
137,88,225
126,90,216
129,119,248
136,116,252
143,117,260
147,113,260
145,112,257
152,105,257
149,100,249
147,100,247
147,100,247
146,117,263
156,110,266
156,108,264
157,103,260
143,99,242
144,100,244
147,95,242
147,96,243
146,97,243
140,98,238
142,99,241
146,98,244
140,102,242
139,103,242
136,101,237
137,99,236
140,98,238
140,98,238
140,98,238
141,96,237
135,97,232
138,97,235
134,95,229
138,95,233
136,98,234
138,102,240
135,99,234
135,100,235
136,98,234
134,100,234
138,100,238
138,99,237
137,100,237
135,100,235
134,102,236
135,100,235
135,102,237
136,100,236
136,99,235
136,104,240
136,102,238
134,99,233
135,112,247
145,103,248
150,99,249
150,99,249
138,101,239
137,97,234
137,98,235
137,106,243
137,106,243
137,103,240
139,99,238
139,99,238
139,101,240
139,97,236
135,99,234
136,98,234
135,101,236
135,105,240
137,176,313
161,146,307
171,127,298
193,117,310
150,114,264
189,118,307
163,142,305
175,108,283
162,95,257
137,96,233
122,91,213
121,83,204
105,77,182
114,129,243
109,139,248
118,147,265
121,148,269
106,147,253
104,149,253
115,152,267
103,149,252
116,152,268
117,160,277
99,170,269
117,166,283
112,160,272
121,158,279
138,145,283
147,140,287
138,143,281
146,137,283
134,131,265
157,114,271
146,110,256
141,111,252
121,113,234
120,108,228
140,93,233
113,97,210
116,99,215
116,97,213
130,111,241
120,109,229
135,95,230
140,91,231
122,163,285
118,178,296
121,201,322
145,338,483
107,335,442
145,319,464
249,213,462
314,133,447
302,135,437
79,126,205
121,121,242
159,110,269
133,99,232
136,89,225
150,108,258
144,124,268
137,122,259
141,110,251
135,100,235
140,121,261
116,122,238
159,106,265
141,94,235
153,127,280
154,148,302
151,142,293
152,146,298
151,132,283
143,124,267
126,111,237
149,105,254
150,131,281
153,118,271
145,105,250
141,90,231
131,106,237
119,127,246
138,117,255
135,102,237
134,105,239
114,102,216
128,114,242
133,105,238
140,93,233
150,160,310
153,151,304
170,150,320
174,168,342
163,164,327
160,152,312
160,140,300
158,148,306
168,135,303
181,142,323
181,140,321
169,126,295
182,169,351
198,159,357
197,148,345
197,129,326
158,121,279
153,126,279
144,150,294
149,146,295
154,146,300
157,138,295
147,141,288
137,132,269
132,114,246
161,111,272
173,98,271
184,112,296
182,118,300
189,96,285
180,114,294
153,113,266
156,116,272
164,126,290
149,131,280
142,124,266
170,92,262
154,92,246
170,99,269
136,122,258
137,131,268
128,143,271
146,157,303
142,164,306
142,187,329
143,172,315
146,161,307
163,156,319
154,156,310
108,157,265
117,144,261
130,138,268
109,153,262
119,159,278
121,190,311
127,188,315
134,196,330
140,201,341
144,184,328
148,186,334
143,171,314
139,185,324
136,188,324
129,178,307
137,191,328
142,197,339
131,195,326
134,189,323
149,161,310
160,141,301
179,127,306
158,106,264
176,118,294
201,107,308
197,117,314
166,117,283
140,108,248
142,93,235
149,105,254
147,117,264
160,95,255
156,84,240
155,105,260
116,128,244
130,121,251
177,127,304
188,122,310
170,108,278
145,106,251
143,98,241
153,127,280
165,114,279
159,99,258
148,121,269
148,128,276
160,150,310
183,125,308
176,122,298
149,117,266
120,117,237
121,123,244
121,123,244
123,126,249
128,131,259
128,132,260
142,109,251
149,130,279
145,133,278
142,130,272
154,111,265
153,116,269
128,117,245
119,124,243
124,147,271
117,179,296
129,183,312
137,185,322
139,184,323
131,175,306
131,156,287
155,143,298
157,133,290
163,109,272
173,101,274
162,128,290
156,122,278
156,113,269
157,103,260
156,96,252
145,98,243
141,118,259
167,140,307
189,133,322
183,137,320
173,121,294
155,141,296
153,144,297
132,143,275
119,146,265
119,141,260
121,138,259
110,133,243
123,133,256
113,129,242
121,124,245
144,90,234
159,131,290
164,143,307
139,135,274
144,134,278
148,135,283
147,130,277
148,125,273
151,120,271
145,122,267
147,112,259
147,110,257
149,102,251
133,107,240
144,108,252
146,121,267
146,133,279
165,116,281
170,101,271
182,113,295
176,99,275
161,108,269
148,104,252
163,105,268
167,120,287
188,116,304
186,97,283
175,147,322
129,141,270
152,121,273
146,112,258
131,106,237
141,102,243
153,104,257
153,106,259
135,134,269
125,140,265
125,154,279
122,172,294
122,182,304
127,180,307
117,180,297
137,158,295
161,145,306
166,145,311
139,149,288
130,147,277
133,146,279
140,145,285
138,147,285
143,129,272
167,110,277
169,125,294
155,125,280
134,122,256
113,115,228
125,109,234
125,103,228
118,117,235
120,127,247
121,122,243
123,122,245
116,106,222
141,100,241
133,104,237
120,97,217
134,87,221
126,102,228
134,91,225
127,93,220
134,107,241
126,106,232
144,107,251
144,118,262
140,126,266
150,140,290
133,163,296
119,179,298
129,200,329
213,156,369
285,140,425
310,115,425
222,117,339
190,106,296
155,142,297
186,132,318
198,135,333
225,106,331
192,110,302
177,111,288
147,113,260
155,102,257
147,102,249
153,118,271
134,119,253
141,123,264
152,116,268
172,115,287
183,122,305
194,105,299
176,145,321
186,138,324
178,119,297
201,128,329
189,132,321
183,137,320
147,132,279
139,130,269
162,97,259
174,99,273
188,120,308
152,121,273
143,127,270
140,123,263
141,102,243
158,84,242
140,108,248
133,104,237
144,103,247
143,94,237
138,103,241
136,100,236
123,104,227
126,101,227
136,139,275
151,139,290
152,142,294
130,147,277
129,141,270
142,143,285
137,170,307
129,179,308
143,167,310
176,146,322
192,125,317
179,134,313
158,145,303
138,164,302
134,171,305
140,167,307
139,168,307
132,180,312
129,187,316
123,187,310
134,170,304
135,167,302
186,123,309
178,121,299
179,113,292
129,123,252
127,140,267
129,151,280
135,156,291
127,162,289
129,166,295
131,154,285
144,154,298
137,159,296
126,165,291
128,164,292
132,170,302
115,184,299
128,193,321
132,190,322
137,185,322
157,162,319
157,164,321
158,157,315
132,157,289
127,178,305
132,170,302
119,158,277
135,157,292
136,150,286
133,143,276
144,139,283
138,135,273
125,122,247
139,114,253
148,106,254
139,130,269
170,101,271
164,110,274
165,126,291
140,119,259
142,120,262
152,98,250
158,97,255
156,109,265
133,117,250
142,117,259
152,107,259
168,100,268
150,105,255
155,106,261
142,96,238
145,116,261
151,117,268
138,111,249
136,90,226
143,80,223
139,118,257
129,122,251
134,108,242
175,102,277
178,90,268
176,114,290
161,107,268
150,96,246
143,82,225
140,110,250
142,110,252
136,110,246
146,164,310
175,134,309
183,116,299
179,110,289
157,104,261
156,109,265
177,102,279
161,100,261
149,96,245
125,95,220
129,87,216
123,93,216
112,94,206
128,99,227
133,99,232
128,104,232
125,98,223
130,83,213
139,126,265
123,131,254
94,136,230
121,140,261
122,169,291
122,167,289
129,166,295
139,150,289
137,148,285
121,150,271
110,148,258
122,145,267
130,138,268
129,138,267
109,151,260
123,158,281
120,162,282
119,165,284
128,171,299
121,175,296
121,167,288
100,165,265
122,145,267
144,134,278
129,150,279
131,295,426
104,321,425
123,355,478
205,286,491
262,233,495
256,204,460
219,144,363
227,118,345
225,147,372
203,128,331
178,119,297
153,115,268
116,122,238
96,146,242
125,144,269
125,137,262
133,120,253
154,99,253
161,130,291
163,130,293
146,127,273
176,84,260
158,102,260
158,121,279
120,123,243
128,157,285
124,181,305
93,181,274
129,186,315
114,182,296
164,130,294
177,109,286
211,95,306
165,106,271
155,106,261
131,119,250
127,127,254
118,137,255
121,139,260
114,122,236
157,105,262
166,139,305
162,144,306
138,148,286
146,159,305
126,173,299
112,170,282
131,167,298
129,164,293
135,147,282
147,143,290
167,129,296
134,128,262
142,109,251
139,90,229
138,80,218
121,124,245
134,125,259
131,118,249
116,98,214
142,91,233
125,99,224
119,104,223
121,110,231
145,110,255
135,104,239
146,139,285
176,102,278
175,126,301
192,105,297
162,112,274
156,118,274
147,112,259
147,92,239
156,107,263
161,97,258
159,110,269
158,96,254
154,107,261
155,96,251
149,109,258
151,96,247
150,113,263
154,99,253
155,110,265
159,97,256
160,108,268
155,94,249
154,111,265
154,94,248
155,107,262
155,93,248
151,107,258
150,99,249
149,85,234
150,108,258
152,96,248
153,106,259
154,94,248
151,107,258
150,94,244
151,107,258
152,94,246
151,108,259
150,95,245
150,107,257
149,96,245
152,106,258
155,92,247
156,105,261
152,95,247
154,107,261
153,96,249
153,112,265
156,94,250
156,108,264
154,96,250
154,109,263
155,96,251
157,110,267
155,92,247
158,110,268
157,95,252
150,107,257
149,99,248
148,85,233
152,106,258
152,94,246
151,108,259
152,91,243
153,106,259
151,95,246
152,108,260
152,126,278
176,176,352
201,141,342
195,131,326
168,117,285
85,114,199
117,103,220
129,94,223
130,87,217
129,97,226
141,87,228
149,98,247
129,85,214
103,122,225
133,143,276
129,138,267
132,142,274
129,147,276
132,133,265
144,138,282
155,138,293
132,149,281
125,160,285
127,177,304
123,187,310
117,199,316
111,225,336
135,206,341
161,200,361
160,183,343
160,155,315
154,146,300
161,141,302
133,162,295
66,157,223
87,153,240
118,153,271
110,154,264
132,154,286
134,173,307
134,175,309
136,183,319
117,188,305
115,182,297
132,175,307
153,176,329
150,175,325
118,187,305
134,172,306
125,160,285
149,146,295
142,141,283
105,145,250
126,142,268
119,136,255
113,134,247
101,128,229
124,123,247
119,121,240
112,130,242
122,123,245
112,120,232
136,108,244
132,105,237
132,110,242
121,107,228
120,114,234
129,143,272
100,161,261
110,177,287
98,187,285
133,184,317
138,171,309
118,163,281
134,176,310
115,167,282
151,158,309
153,163,316
146,154,300
120,153,273
136,143,279
130,133,263
113,121,234
150,109,259
136,99,235
132,84,216
146,107,253
139,106,245
122,120,242
118,153,271
121,151,272
114,143,257
143,123,266
155,101,256
171,142,313
166,137,303
159,136,295
159,142,301
174,135,309
194,148,342
221,145,366
236,136,372
219,116,335
195,129,324
173,99,272
184,144,328
184,132,316
153,128,281
142,147,289
104,145,249
150,149,299
174,156,330
231,137,368
222,135,357
182,165,347
103,178,281
124,191,315
117,191,308
132,185,317
148,154,302
179,116,295
184,100,284
168,98,266
143,90,233
120,131,251
143,129,272
136,127,263
129,130,259
123,117,240
134,127,261
132,122,254
118,117,235
148,83,231
157,122,279
152,135,287
146,146,292
132,150,282
123,149,272
125,137,262
135,124,259
139,125,264
160,103,263
151,147,298
172,198,370
252,149,401
303,126,429
268,106,374
183,102,285
140,147,287
160,148,308
153,145,298
138,130,268
111,117,228
168,113,281
172,97,269
177,135,312
167,138,305
163,128,291
152,156,308
132,188,320
101,199,300
109,201,310
116,206,322
178,150,328
188,143,331
180,154,334
131,158,289
152,135,287
155,183,338
145,188,333
114,185,299
150,157,307
151,146,297
158,141,299
129,148,277
123,154,277
123,167,290
122,172,294
121,180,301
124,174,298
134,162,296
148,149,297
135,140,275
129,142,271
133,138,271
124,139,263
127,133,260
130,147,277
130,151,281
126,150,276
122,146,268
129,143,272
135,129,264
148,115,263
136,99,235
154,86,240
148,116,264
138,115,253
143,108,251
137,109,246
123,107,230
124,107,231
143,125,268
157,117,274
165,107,272
152,101,253
130,99,229
114,97,211
107,91,198
119,92,211
121,90,211
123,86,209
119,88,207
117,95,212
123,84,207
129,91,220
120,85,205
107,82,189
124,77,201
107,114,221
123,125,248
122,133,255
127,143,270
124,147,271
110,151,261
130,161,291
136,149,285
141,151,292
132,150,282
121,147,268
128,149,277
134,151,285
119,150,269
155,133,288
155,121,276
153,108,261
146,96,242
150,124,274
145,121,266
142,107,249
156,85,241
135,78,213
112,110,222
122,117,239
121,125,246
120,136,256
122,137,259
124,140,264
120,146,266
129,143,272
128,149,277
115,153,268
119,159,278
122,160,282
121,162,283
125,162,287
119,161,280
122,160,282
124,164,288
121,168,289
116,172,288
123,169,292
120,170,290
130,163,293
135,164,299
132,169,301
124,170,294
122,166,288
122,164,286
139,163,302
136,174,310
140,180,320
130,169,299
130,163,293
133,153,286
141,140,281
142,139,281
127,141,268
129,137,266
130,130,260
135,127,262
133,127,260
127,134,261
128,158,286
125,160,285
128,160,288
131,152,283
129,146,275
131,142,273
135,137,272
130,133,263
132,131,263
121,126,247
120,119,239
131,111,242
131,106,237
125,105,230
113,101,214
117,104,221
121,107,228
121,105,226
125,105,230
120,119,239
124,119,243
121,139,260
124,298,422
135,288,423
143,290,433
210,234,444
254,189,443
168,177,345
143,172,315
147,147,294
155,127,282
163,112,275
150,102,252
136,102,238
135,90,225
142,110,252
144,104,248
143,95,238
136,87,223
138,106,244
143,110,253
139,97,236
136,107,243
132,105,237
133,88,221
142,131,273
135,125,260
141,114,255
141,104,245
121,94,215
138,84,222
141,123,264
150,124,274
152,141,293
141,151,292
139,136,275
142,134,276
147,128,275
125,123,248
125,123,248
118,123,241
123,125,248
121,122,243
130,120,250
124,121,245
129,125,254
120,125,245
125,124,249
119,122,241
114,123,237
124,125,249
122,132,254
124,132,256
124,133,257
123,135,258
123,131,254
117,127,244
124,122,246
128,118,246
126,116,242
117,115,232
123,115,238
122,118,240
123,118,241
122,121,243
124,120,244
116,134,250
125,141,266
119,147,266
114,152,266
123,147,270
135,133,268
140,135,275
125,134,259
112,129,241
127,115,242
139,99,238
138,94,232
131,86,217
121,83,204
120,83,203
120,81,201
122,83,205
113,78,191
111,95,206
112,97,209
122,115,237
126,118,244
134,107,241
137,111,248
120,106,226
117,101,218
118,99,217
116,97,213
119,90,209
123,99,222
122,115,237
127,108,235
125,103,228
125,101,226
122,96,218
116,94,210
123,93,216
117,99,216
105,95,200
127,101,228
118,94,212
117,88,205
119,84,203
108,88,196
112,117,229
119,121,240
146,106,252
147,96,243
153,108,261
141,114,255
116,116,232
125,105,230
125,125,250
155,113,268
159,101,260
160,86,246
147,110,257
132,103,235
145,95,240
149,96,245
145,90,235
138,137,275
164,116,280
182,100,282
181,87,268
149,111,260
146,131,277
141,125,266
158,104,262
161,92,253
131,87,218
145,109,254
138,103,241
137,100,237
140,88,228
133,120,253
133,110,243
155,105,260
148,90,238
143,115,258
144,121,265
153,122,275
134,117,251
143,106,249
122,96,218
135,87,222
134,81,215
133,104,237
125,111,236
132,105,237
136,130,266
156,119,275
164,127,291
158,127,285
138,122,260
135,115,250
143,102,245
139,102,241
129,100,229
119,100,219
124,104,228
123,102,225
124,93,217
130,94,224
121,88,209
127,90,217
120,90,210
115,103,218
127,108,235
124,115,239
129,112,241
132,97,229
139,98,237
119,129,248
167,98,265
161,127,288
171,130,301
154,120,274
155,115,270
137,115,252
137,112,249
124,109,233
125,110,235
134,99,233
133,91,224
135,103,238
129,102,231
132,98,230
132,108,240
146,99,245
151,106,257
160,118,278
138,127,265
131,129,260
123,126,249
118,121,239
131,120,251
130,116,246
131,117,248
117,112,229
124,107,231
116,103,219
118,101,219
122,98,220
123,110,233
123,124,247
127,119,246
135,114,249
131,103,234
132,98,230
129,100,229
119,95,214
125,94,219
128,93,221
128,93,221
129,92,221
126,87,213
129,110,239
133,125,258
132,134,266
148,109,257
160,136,296
185,123,308
165,155,320
148,167,315
115,175,290
136,189,325
142,202,344
145,205,350
135,222,357
128,208,336
165,199,364
165,205,370
167,181,348
138,173,311
148,148,296
157,128,285
154,121,275
154,99,253
118,92,210
144,88,232
125,124,249
132,151,283
134,168,302
129,179,308
123,174,297
144,155,299
151,142,293
150,144,294
134,139,273
128,138,266
130,137,267
130,134,264
128,131,259
149,106,255
149,104,253
144,101,245
124,108,232
123,105,228
122,115,237
125,113,238
121,111,232
124,105,229
117,101,218
124,106,230
119,107,226
124,111,235
121,111,232
122,107,229
126,113,239
123,114,237
125,117,242
123,122,245
123,120,243
128,118,246
109,123,232
117,122,239
124,125,249
121,122,243
123,124,247
126,129,255
122,133,255
120,129,249
124,124,248
119,120,239
126,112,238
131,106,237
127,104,231
113,100,213
117,114,231
120,197,317
274,149,423
298,138,436
308,128,436
161,139,300
122,140,262
97,157,254
130,153,283
155,120,275
170,115,285
202,133,335
190,123,313
166,117,283
151,112,263
132,113,245
110,114,224
122,115,237
124,113,237
125,115,240
128,121,249
126,125,251
125,132,257
125,130,255
126,131,257
128,131,259
124,128,252
125,126,251
132,128,260
121,128,249
127,124,251
128,122,250
130,120,250
124,129,253
127,129,256
130,124,254
130,130,260
130,144,274
124,151,275
120,154,274
126,157,283
123,152,275
129,144,273
133,172,305
128,185,313
124,195,319
128,199,327
139,195,334
134,196,330
161,190,351
160,188,348
151,197,348
149,195,344
145,189,334
160,173,333
142,171,313
156,163,319
150,153,303
146,146,292
140,142,282
122,147,269
123,145,268
125,151,276
136,140,276
147,136,283
139,139,278
138,135,273
147,124,271
158,109,267
158,104,262
147,96,243
143,93,236
139,96,235
129,90,219
131,85,216
139,99,238
128,101,229
130,95,225
136,87,223
136,140,276
156,124,280
158,108,266
163,110,273
137,138,275
145,129,274
157,115,272
164,101,265
157,136,293
158,147,305
191,110,301
187,106,293
172,102,274
138,98,236
140,97,237
142,96,238
141,95,236
142,93,235
138,93,231
138,94,232
136,94,230
134,96,230
135,97,232
135,97,232
135,95,230
135,97,232
134,97,231
137,95,232
138,96,234
135,97,232
134,98,232
137,98,235
135,95,230
133,95,228
135,96,231
135,98,233
137,97,234
138,94,232
137,97,234
139,92,231
140,92,232
140,95,235
134,103,237
135,100,235
135,97,232
137,96,233
137,96,233
138,99,237
137,96,233
135,175,310
163,154,317
163,154,317
161,155,316
100,153,253
131,150,281
134,160,294
138,154,292
138,250,388
146,307,453
150,298,448
147,294,441
270,157,427
295,136,431
323,200,523
234,184,418
197,196,393
187,185,372
119,168,287
168,154,322
179,146,325
167,149,316
150,157,307
144,154,298
139,149,288
151,131,282
142,133,275
151,152,303
162,121,283
165,105,270
165,92,257
145,172,317
147,168,315
134,170,304
136,177,313
122,152,274
153,153,306
146,156,302
115,168,283
113,173,286
133,203,336
154,203,357
148,208,356
160,221,381
155,221,376
163,210,373
170,205,375
183,190,373
164,197,361
160,223,383
144,244,388
163,230,393
158,239,397
207,200,407
243,172,415
264,168,432
238,154,392
205,140,345
220,99,319
205,122,327
166,138,304
154,151,305
144,162,306
127,172,299
138,170,308
142,168,310
133,178,311
132,185,317
113,193,306
122,216,338
137,223,360
145,221,366
156,221,377
177,199,376
172,193,365
157,184,341
156,181,337
150,178,328
162,163,325
164,154,318
152,161,313
117,162,279
113,164,277
126,169,295
144,145,289
134,137,271
182,131,313
186,104,290
184,211,395
187,183,370
163,167,330
175,143,318
147,111,258
192,185,377
193,181,374
164,178,342
146,156,302
101,144,245
136,145,281
90,139,229
133,116,249
146,124,270
180,125,305
177,122,299
161,109,270
160,89,249
154,94,248
118,110,228
124,125,249
116,148,264
119,166,285
106,174,280
118,183,301
118,189,307
137,168,305
145,171,316
139,172,311
124,166,290
135,161,296
137,157,294
140,155,295
109,160,269
121,181,302
118,242,360
122,271,393
118,287,405
156,250,406
215,189,404
229,150,379
223,131,354
204,83,287
179,125,304
137,128,265
105,129,234
134,132,266
130,138,268
142,127,269
139,126,265
139,123,262
122,115,237
135,116,251
141,118,259
127,150,277
116,171,287
115,172,287
142,161,303
144,175,319
129,193,322
107,207,314
130,220,350
139,224,363
170,197,367
182,181,363
171,171,342
144,149,293
146,140,286
152,127,279
146,111,257
148,101,249
125,109,234
139,135,274
165,113,278
151,121,272
140,143,283
124,154,278
105,156,261
121,179,300
153,153,306
150,164,314
131,160,291
132,151,283
130,130,260
142,116,258
128,107,235
151,175,326
195,154,349
211,139,350
186,131,317
141,136,277
137,144,281
135,143,278
132,140,272
131,138,269
123,144,267
116,161,277
118,181,299
120,190,310
122,197,319
129,184,313
136,157,293
163,162,325
133,175,308
112,170,282
114,168,282
101,174,275
167,135,302
178,130,308
193,105,298
179,91,270
165,123,288
149,107,256
141,94,235
159,129,288
148,136,284
149,131,280
143,123,266
123,128,251
140,137,277
126,134,260
127,147,274
128,157,285
127,169,296
134,166,300
134,187,321
136,201,337
114,219,333
132,215,347
154,209,363
160,191,351
185,162,347
163,162,325
166,143,309
137,126,263
138,100,238
169,88,257
156,106,262
165,116,281
175,90,265
176,82,258
145,124,269
130,111,241
141,102,243
135,99,234
126,84,210
139,101,240
115,100,215
133,103,236
124,106,230
128,117,245
132,116,248
126,110,236
127,100,227
125,100,225
129,94,223
139,91,230
139,90,229
140,87,227
125,110,235
131,116,247
130,112,242
139,106,245
128,100,228
125,96,221
131,84,215
133,92,225
134,85,219
125,79,204
128,103,231
117,112,229
130,114,244
135,107,242
138,97,235
142,86,228
135,94,229
137,84,221
138,106,244
137,119,256
132,114,246
134,102,236
131,94,225
148,141,289
158,124,282
164,111,275
157,103,260
117,112,229
162,103,265
161,101,262
162,125,287
170,105,275
153,112,265
157,111,268
126,113,239
125,120,245
122,114,236
128,104,232
120,97,217
121,97,218
120,103,223
124,108,232
127,110,237
124,111,235
124,113,237
122,109,231
128,103,231
125,104,229
121,108,229
124,105,229
122,111,233
121,113,234
124,112,236
116,116,232
120,121,241
125,118,243
121,123,244
120,128,248
124,124,248
113,117,230
122,117,239
125,118,243
118,116,234
121,113,234
121,115,236
122,118,240
124,118,242
120,117,237
124,120,244
124,120,244
115,119,234
121,124,245
116,125,241
126,120,246
123,117,240
123,116,239
117,133,250
121,146,267
122,157,279
127,160,287
150,177,327
149,215,364
148,222,370
130,213,343
152,205,357
181,181,362
202,232,434
290,141,431
296,111,407
269,102,371
159,85,244
143,122,265
163,109,272
167,117,284
159,129,288
132,154,286
136,170,306
155,157,312
155,147,302
145,139,284
131,129,260
127,133,260
126,130,256
117,125,242
118,121,239
120,119,239
105,114,219
111,117,228
112,119,231
117,117,234
117,112,229
128,105,233
128,102,230
101,103,204
124,107,231
117,108,225
122,103,225
124,98,222
126,94,220
125,91,216
98,93,191
125,92,217
126,92,218
129,92,221
132,89,221
121,87,208
125,78,203
129,89,218
122,90,212
125,83,208
130,95,225
129,105,234
124,110,234
116,117,233
119,123,242
120,118,238
123,114,237
117,109,226
123,107,230
118,104,222
120,102,222
128,98,226
125,93,218
129,92,221
122,95,217
120,91,211
124,85,209
121,84,205
120,113,233
131,112,243
134,125,259
133,134,267
124,134,258
124,134,258
122,130,252
123,133,256
109,139,248
123,141,264
125,137,262
127,139,266
129,136,265
116,137,253
112,139,251
127,135,262
130,131,261
133,134,267
127,133,260
124,144,268
122,157,279
128,168,296
121,165,286
132,148,280
135,145,280
133,142,275
122,142,264
121,147,268
116,145,261
119,139,258
125,135,260
126,129,255
120,129,249
123,123,246
120,120,240
125,111,236
127,108,235
124,103,227
113,98,211
123,92,215
123,91,214
119,91,210
125,100,225
120,100,220
116,93,209
122,88,210
120,85,205
122,83,205
120,80,200
120,82,202
120,78,198
125,91,216
123,95,218
124,107,231
120,104,224
120,97,217
126,109,235
131,253,384
123,256,379
129,254,383
217,170,387
247,142,389
156,126,282
172,112,284
160,90,250
155,110,265
152,113,265
142,101,243
142,95,237
150,118,268
148,111,259
150,103,253
155,123,278
158,116,274
173,119,292
177,101,278
168,98,266
146,101,247
128,107,235
125,108,233
135,97,232
123,93,216
130,90,220
129,90,219
131,97,228
128,101,229
130,102,232
126,95,221
128,89,217
132,81,213
128,91,219
129,87,216
128,77,205
118,89,207
122,83,205
121,91,212
129,101,230
138,119,257
142,123,265
147,129,276
134,134,268
129,132,261
134,124,258
137,122,259
129,121,250
117,130,247
120,134,254
125,134,259
119,126,245
128,117,245
137,103,240
142,94,236
145,78,223
136,90,226
119,86,205
119,92,211
133,85,218
137,97,234
136,97,233
137,96,233
141,84,225
137,83,220
138,80,218
121,89,210
115,93,208
128,90,218
130,87,217
132,105,237
133,104,237
136,100,236
131,96,227
128,94,222
120,91,211
133,91,224
140,85,225
138,76,214
133,104,237
119,108,227
127,107,234
133,112,245
128,109,237
126,103,229
124,96,220
134,81,215
131,91,222
137,83,220
132,113,245
130,115,245
130,114,244
125,110,235
121,106,227
124,99,223
116,105,221
119,100,219
126,99,225
127,92,219
125,93,218
125,93,218
121,93,214
124,96,220
131,89,220
134,97,231
135,128,263
133,122,255
134,111,245
137,103,240
134,98,232
125,88,213
129,80,209
120,95,215
125,103,228
142,129,271
151,134,285
161,135,296
155,144,299
152,125,277
149,117,266
144,109,253
130,99,229
131,96,227
134,90,224
132,103,235
155,123,278
165,119,284
167,121,288
121,116,237
129,102,231
141,87,228
139,93,232
140,82,222
135,118,253
142,136,278
141,136,277
138,129,267
149,151,300
174,126,300
187,122,309
185,126,311
127,117,244
131,104,235
135,98,233
142,133,275
161,110,271
167,95,262
166,85,251
148,159,307
155,138,293
170,127,297
162,122,284
131,118,249
128,109,237
123,102,225
125,96,221
122,90,212
125,83,208
120,85,205
124,81,205
122,75,197
120,91,211
122,86,208
126,79,205
125,90,215
121,114,235
120,123,243
122,128,250
118,136,254
123,148,271
126,151,277
120,147,267
124,144,268
118,138,256
124,131,255
123,128,251
126,122,248
119,119,238
115,113,228
123,106,229
123,101,224
122,102,224
123,102,225
120,101,221
123,95,218
117,89,206
124,90,214
121,90,211
116,85,201
128,100,228
129,112,241
130,121,251
120,123,243
123,123,246
125,127,252
123,128,251
125,128,253
124,127,251
111,125,236
129,119,248
117,115,232
126,109,235
121,115,236
118,112,230
123,109,232
132,100,232
129,97,226
129,92,221
121,95,216
125,97,222
129,91,220
130,100,230
139,98,237
134,109,243
133,115,248
123,124,247
123,132,255
121,135,256
122,143,265
125,146,271
123,146,269
117,147,264
129,149,278
126,142,268
134,137,271
131,133,264
116,131,247
116,130,246
124,136,260
125,150,275
131,156,287
132,158,290
126,156,282
116,150,266
114,145,259
122,143,265
120,138,258
122,134,256
123,126,249
120,125,245
127,120,247
122,116,238
122,111,233
117,107,224
124,102,226
115,100,215
122,94,216
117,89,206
125,83,208
122,97,219
115,103,218
133,101,234
144,92,236
151,104,255
144,112,256
140,102,242
148,95,243
147,91,238
138,88,226
135,83,218
135,121,256
131,144,275
153,140,293
183,132,315
209,149,358
218,141,359
216,171,387
217,144,361
228,133,361
232,130,362
222,102,324
194,108,302
160,98,258
152,146,298
182,103,285
180,88,268
183,158,341
148,158,306
143,159,302
148,138,286
104,122,226
142,109,251
156,99,255
157,91,248
158,165,323
156,160,316
143,163,306
144,141,285
97,123,220
135,107,242
164,118,282
163,107,270
164,94,258
156,119,275
143,109,252
154,97,251
152,114,266
144,106,250
153,96,249
154,118,272
150,109,259
155,97,252
154,114,268
147,102,249
156,86,242
150,165,315
149,160,309
142,162,304
148,142,290
100,125,225
143,109,252
158,100,258
161,143,304
169,137,306
170,138,308
158,144,302
137,143,280
144,137,281
178,121,299
181,127,308
168,122,290
135,120,255
146,99,245
141,102,243
148,111,259
122,108,230
111,93,204
127,86,213
112,98,210
123,93,216
122,121,243
148,107,255
142,122,264
114,137,251
110,146,256
129,136,265
123,137,260
138,152,290
125,151,276
119,153,272
123,146,269
134,224,358
280,143,423
322,123,445
327,111,438
195,107,302
154,116,270
161,97,258
163,99,262
147,87,234
133,93,226
129,89,218
107,89,196
111,84,195
103,130,233
110,159,269
128,169,297
122,179,301
116,187,303
135,209,344
132,220,352
145,196,341
151,186,337
175,169,344
177,165,342
168,151,319
162,132,294
140,179,319
180,150,330
185,144,329
185,168,353
183,122,305
194,122,316
188,123,311
119,139,258
108,143,251
131,147,278
115,150,265
127,152,279
123,157,280
115,156,271
113,162,275
100,168,268
128,155,283
129,150,279
122,151,273
121,148,269
122,151,273
126,145,271
125,163,288
105,175,280
119,207,326
104,213,317
142,199,341
131,186,317
227,115,342
216,105,321
217,148,365
165,135,300
159,121,280
156,109,265
121,144,265
173,120,293
167,109,276
164,101,265
125,95,220
125,89,214
78,153,231
124,153,277
142,148,290
137,137,274
124,125,249
131,115,246
142,96,238
153,140,293
174,118,292
182,108,290
157,106,263
116,109,225
149,115,264
139,105,244
140,100,240
144,80,224
143,131,274
170,116,286
180,127,307
202,120,322
160,124,284
142,114,256
119,117,236
120,128,248
172,103,275
160,101,261
156,90,246
122,89,211
129,96,225
116,102,218
117,112,229
124,111,235
107,106,213
112,224,336
118,279,397
121,298,419
141,296,437
243,197,440
287,158,445
234,144,378
184,124,308
157,112,269
159,109,268
160,143,303
165,153,318
191,144,335
216,132,348
204,124,328
162,121,283
146,88,234
156,84,240
150,80,230
134,111,245
113,119,232
122,123,245
118,139,257
111,149,260
118,150,268
124,148,272
126,142,268
127,140,267
115,135,250
116,141,257
102,141,243
111,138,249
106,131,237
131,126,257
106,126,232
97,117,214
118,115,233
127,121,248
123,125,248
125,120,245
125,112,237
139,105,244
134,104,238
126,100,226
123,95,218
102,88,190
107,84,191
120,80,200
119,99,218
118,108,226
117,135,252
126,132,258
129,130,259
128,126,254
127,125,252
122,148,270
120,171,291
125,189,314
135,189,324
136,200,336
129,211,340
144,197,341
154,207,361
176,186,362
154,171,325
155,155,310
173,129,302
184,116,300
187,158,345
171,141,312
169,129,298
147,126,273
148,125,273
137,140,277
135,143,278
121,137,258
128,126,254
137,103,240
163,113,276
171,104,275
155,90,245
136,82,218
135,147,282
166,117,283
203,148,351
220,128,348
161,120,281
142,115,257
125,119,244
127,109,236
135,104,239
131,101,232
116,104,220
147,94,241
137,97,234
141,85,226
144,109,253
145,111,256
156,105,261
159,91,250
156,106,262
150,102,252
144,102,246
156,104,260
162,89,251
172,104,276
149,102,251
148,90,238
130,114,244
156,94,250
169,110,279
153,123,276
152,119,271
136,116,252
134,106,240
163,111,274
137,119,256
125,104,229
159,110,269
156,104,260
155,100,255
150,125,275
157,113,270
165,104,269
175,93,268
156,91,247
134,87,221
127,77,204
122,120,242
121,121,242
122,123,245
123,138,261
101,162,263
126,180,306
128,184,312
152,189,341
140,202,342
151,203,354
156,198,354
165,214,379
160,224,384
161,208,369
159,194,353
188,164,352
193,165,358
200,166,366
214,142,356
214,125,339
214,113,327
212,114,326
203,105,308
175,95,270
143,82,225
139,100,239
146,90,236
137,108,245
122,103,225
138,110,248
127,105,232
136,95,231
142,98,240
140,121,261
158,101,259
169,97,266
160,100,260
147,96,243
141,93,234
134,115,249
154,102,256
149,107,256
142,117,259
118,117,235
124,130,254
98,137,235
113,141,254
108,147,255
117,151,268
122,148,270
111,142,253
124,137,261
122,130,252
96,131,227
126,130,256
113,151,264
115,156,271
120,161,281
124,161,285
125,166,291
127,177,304
124,184,308
123,179,302
134,160,294
147,151,298
156,147,303
143,149,292
130,151,281
122,144,266
110,149,259
122,161,283
117,167,284
121,164,285
122,165,287
132,151,283
133,146,279
135,146,281
127,144,271
134,129,263
142,119,261
131,105,236
140,92,232
148,131,279
151,121,272
144,119,263
136,109,245
119,100,219
113,85,198
133,99,232
122,89,211
131,84,215
119,109,228
125,112,237
125,115,240
127,114,241
128,112,240
129,160,289
129,179,308
126,194,320
170,142,312
186,141,327
187,154,341
147,162,309
131,174,305
128,190,318
117,208,325
127,209,336
105,203,308
159,173,332
168,150,318
141,141,282
129,139,268
116,140,256
123,135,258
126,131,257
129,122,251
130,117,247
129,105,234
131,104,235
126,100,226
126,97,223
126,93,219
123,93,216
124,89,213
123,85,208
123,85,208
121,83,204
113,81,194
122,93,215
123,105,228
131,111,242
132,110,242
130,116,246
128,109,237
129,106,235
127,112,239
119,109,228
129,106,235
121,104,225
130,98,228
129,101,230
121,100,221
121,103,224
123,100,223
122,94,216
123,91,214
120,89,209
123,91,214
122,90,212
121,91,212
122,92,214
116,86,202
122,85,207
120,87,207
124,85,209
126,85,211
127,108,235
118,104,222
132,100,232
128,99,227
120,95,215
121,89,210
121,88,209
120,95,215
123,98,221
121,99,220
125,98,223
130,109,239
135,110,245
130,120,250
125,122,247
123,117,240
125,118,243
123,121,244
123,121,244
119,120,239
121,116,237
125,114,239
118,109,227
119,101,220
125,106,231
119,97,216
126,98,224
130,103,233
125,104,229
128,103,231
128,94,222
132,92,224
127,92,219
123,91,214
129,89,218
130,117,247
137,122,259
133,131,264
129,132,261
122,128,250
124,126,250
122,125,247
123,123,246
121,116,237
123,112,235
124,109,233
115,103,218
123,98,221
121,99,220
123,101,224
122,100,222
114,100,214
121,99,220
122,98,220
120,95,215
121,93,214
122,91,213
124,85,209
129,86,215
125,86,211
114,82,196
119,76,195
121,113,234
118,110,228
125,100,225
126,97,223
124,95,219
129,88,217
126,88,214
127,86,213
126,92,218
126,94,220
131,84,215
127,78,205
127,104,231
120,105,225
116,100,216
123,173,296
194,185,379
268,123,391
287,112,399
225,121,346
176,114,290
171,96,267
154,87,241
146,98,244
141,85,226
140,110,250
140,116,256
139,110,249
146,105,251
141,104,245
129,97,226
145,113,258
136,112,248
144,109,253
155,123,278
149,123,272
142,130,272
146,121,267
136,109,245
129,105,234
128,94,222
143,103,246
147,101,248
120,95,215
136,82,218
143,101,244
147,106,253
135,97,232
136,89,225
128,88,216
124,84,208
131,108,239
136,103,239
140,97,237
134,87,221
134,102,236
144,92,236
142,107,249
142,115,257
142,109,251
144,100,244
137,88,225
147,107,254
149,102,251
149,97,246
142,95,237
135,88,223
136,92,228
140,90,230
124,104,228
144,113,257
156,113,269
186,112,298
186,119,305
191,108,299
164,96,260
140,92,232
131,84,215
132,96,228
135,93,228
139,82,221
142,95,237
143,135,278
162,112,274
161,105,266
156,101,257
126,95,221
127,95,222
130,90,220
129,89,218
120,87,207
121,80,201
126,100,226
127,99,226
125,91,216
136,102,238
134,101,235
116,102,218
103,104,207
116,188,304
130,269,399
130,271,401
153,248,401
181,227,408
253,154,407
230,135,365
237,124,361
178,124,302
171,122,293
173,118,291
166,134,300
147,136,283
186,152,338
160,128,288
177,106,283
146,83,229
158,150,308
151,172,323
162,190,352
176,203,379
148,205,353
161,215,376
121,211,332
152,198,350
197,172,369
217,167,384
208,165,373
173,178,351
154,189,343
141,199,340
144,208,352
145,221,366
147,224,371
156,225,381
188,205,393
185,192,377
184,194,378
155,190,345
183,155,338
177,154,331
160,154,314
136,169,305
135,190,325
131,202,333
148,190,338
165,175,340
163,181,344
134,187,321
138,173,311
141,180,321
141,182,323
136,179,315
136,178,314
145,178,323
134,180,314
141,179,320
136,181,317
145,178,323
136,179,315
141,181,322
132,181,313
141,178,319
135,180,315
143,179,322
134,179,313
141,179,320
133,179,312
141,178,319
134,179,313
142,178,320
133,178,311
139,179,318
131,179,310
140,178,318
134,178,312
141,178,319
132,178,310
140,177,317
132,178,310
141,177,318
133,177,310
139,179,318
130,217,347
140,211,351
134,208,342
160,178,338
175,154,329
187,135,322
171,117,288
164,98,262
164,110,274
161,99,260
156,107,263
152,97,249
148,140,288
163,119,282
165,105,270
180,185,365
163,185,348
194,148,342
209,124,333
161,129,290
109,129,238
169,90,259
160,142,302
122,133,255
162,124,286
219,196,415
175,217,392
234,217,451
206,198,404
223,189,412
209,178,387
190,185,375
177,193,370
154,177,331
131,153,284
189,157,346
140,213,353
148,233,381
148,261,409
180,246,426
175,223,398
161,297,458
160,281,441
190,285,475
156,272,428
261,179,440
274,168,442
252,189,441
172,149,321
186,130,316
151,121,272
172,123,295
114,159,273
123,159,282
140,139,279
166,137,303
168,134,302
129,133,262
152,101,253
158,119,277
102,114,216
131,111,242
126,118,244
131,144,275
137,242,379
223,193,416
261,152,413
269,125,394
181,128,309
190,136,326
201,114,315
201,106,307
184,113,297
166,110,276
185,139,324
182,154,336
164,133,297
157,114,271
157,116,273
124,119,243
126,109,235
118,104,222
135,138,273
121,140,261
134,129,263
158,90,248
178,151,329
153,137,290
167,109,276
163,117,280
121,117,238
121,120,241
124,125,249
135,111,246
134,106,240
138,108,246
91,111,202
123,109,232
124,106,230
131,105,236
132,118,250
123,121,244
133,110,243
128,101,229
128,89,217
134,130,264
151,124,275
138,114,252
139,115,254
129,115,244
122,118,240
125,123,248
129,120,249
140,106,246
142,98,240
136,95,231
129,100,229
113,106,219
129,130,259
158,116,274
183,118,301
185,104,289
161,105,266
151,106,257
139,116,255
142,129,271
162,117,279
163,110,273
161,98,259
144,91,235
137,98,235
133,101,234
127,105,232
130,95,225
124,100,224
114,102,216
110,101,211
122,104,226
114,106,220
125,108,233
127,105,232
132,123,255
123,147,270
115,152,267
133,149,282
140,155,295
132,155,287
135,156,291
134,166,300
119,191,310
124,187,311
126,183,309
141,156,297
166,137,303
172,123,295
165,109,274
150,98,248
153,117,270
148,118,266
143,110,253
148,107,255
145,102,247
131,98,229
144,92,236
145,116,261
151,112,263
144,107,251
155,128,283
150,143,293
140,132,272
155,115,270
162,122,284
191,126,317
178,124,302
155,112,267
140,103,243
109,145,254
143,149,292
158,142,300
149,145,294
143,136,279
167,132,299
172,128,300
164,121,285
148,118,266
130,133,263
126,138,264
128,149,277
123,147,270
124,140,264
124,138,262
122,136,258
119,139,258
116,135,251
121,135,256
123,144,267
121,144,265
125,144,269
140,125,265
138,120,258
129,124,253
124,126,250
120,144,264
123,148,271
127,148,275
113,138,251
138,160,298
136,166,302
121,190,311
119,194,313
119,193,312
133,172,305
149,169,318
168,183,351
166,171,337
159,162,321
153,150,303
145,134,279
144,118,262
152,101,253
146,112,258
138,103,241
139,129,268
143,143,286
139,128,267
152,114,266
145,105,250
142,87,229
149,119,268
156,114,270
158,112,270
175,107,282
160,120,280
159,119,278
129,131,260
169,121,290
148,109,257
190,89,279
162,87,249
138,106,244
133,116,249
136,136,272
145,155,300
142,159,301
154,144,298
161,148,309
195,120,315
188,137,325
179,155,334
162,161,323
186,165,351
190,168,358
184,170,354
150,206,356
152,205,357
153,214,367
174,208,382
201,207,408
207,201,408
174,195,369
149,204,353
159,191,350
181,172,353
204,162,366
207,139,346
171,151,322
163,148,311
131,153,284
124,151,275
121,150,271
126,157,283
124,163,287
137,168,305
138,174,312
157,160,317
169,127,296
183,110,293
130,113,243
134,130,264
122,143,265
122,156,278
133,162,295
149,187,336
165,203,368
167,195,362
155,199,354
148,203,351
150,191,341
158,214,372
155,228,383
135,237,372
153,221,374
179,191,370
183,180,363
186,165,351
155,153,308
158,153,311
144,151,295
127,170,297
125,164,289
148,246,394
286,135,421
303,125,428
272,113,385
168,102,270
159,105,264
159,103,262
149,87,236
146,117,263
148,119,267
144,111,255
141,109,250
158,121,279
173,106,279
173,101,274
163,131,294
160,116,276
165,108,273
158,100,258
152,147,299
195,95,290
201,100,301
169,95,264
157,133,290
166,111,277
156,101,257
151,97,248
126,116,242
120,132,252
119,134,253
132,127,259
121,127,248
122,121,243
123,113,236
142,98,240
139,94,233
131,93,224
119,88,207
119,94,213
113,91,204
108,87,195
126,87,213
118,94,212
99,87,186
127,86,213
124,97,221
130,97,227
128,105,233
140,91,231
137,94,231
130,125,255
132,127,259
147,126,273
151,118,269
139,121,260
140,127,267
133,137,270
128,147,275
126,151,277
149,138,287
150,139,289
164,132,296
148,131,279
138,235,373
144,275,419
135,293,428
130,304,434
183,254,437
225,226,451
215,223,438
204,216,420
175,198,373
195,169,364
193,173,366
175,185,360
142,194,336
129,201,330
126,210,336
155,185,340
159,189,348
163,185,348
143,197,340
141,210,351
140,197,337
137,194,331
162,156,318
165,139,304
157,142,299
145,128,273
138,115,253
139,103,242
157,108,265
151,116,267
150,122,272
128,123,251
130,132,262
143,121,264
144,126,270
144,135,279
127,132,259
128,137,265
133,129,262
134,143,277
136,144,280
126,155,281
137,166,303
138,166,304
137,168,305
131,169,300
176,154,330
177,165,342
181,170,351
127,175,302
108,171,279
137,179,316
116,190,306
122,190,312
142,177,319
168,166,334
187,149,336
196,141,337
183,133,316
163,135,298
144,142,286
126,145,271
129,150,279
133,149,282
135,150,285
152,136,288
147,154,301
144,149,293
131,154,285
126,169,295
123,188,311
117,209,326
129,218,347
144,201,345
177,183,360
131,195,326
189,170,359
162,153,315
180,150,330
146,135,281
164,110,274
165,100,265
157,132,289
130,142,272
130,147,277
141,144,285
135,147,282
131,158,289
107,156,263
119,161,280
110,176,286
119,208,327
120,207,327
107,202,309
166,154,320
167,138,305
165,125,290
139,118,257
144,111,255
163,103,266
175,133,308
162,116,278
156,104,260
157,82,239
135,117,252
149,109,258
157,106,263
143,139,282
167,124,291
173,114,287
169,115,284
124,130,254
123,138,261
124,134,258
124,140,264
122,149,271
125,150,275
130,152,282
132,141,273
147,111,258
158,97,255
174,101,275
149,120,269
165,106,271
174,91,265
170,98,268
155,85,240
150,109,259
161,96,257
152,123,275
163,126,289
137,133,270
134,134,268
122,140,262
126,150,276
126,154,280
125,149,274
119,146,265
109,151,260
117,153,270
121,157,278
123,159,282
111,161,272
100,172,272
117,171,288
116,173,289
125,167,292
153,139,292
157,135,292
165,136,301
134,130,264
135,127,262
119,145,264
132,144,276
129,138,267
136,117,253
138,110,248
129,94,223
128,112,240
141,136,277
175,96,271
169,111,280
178,112,290
128,106,234
163,127,290
161,122,283
165,111,276
140,117,257
124,124,248
125,123,248
130,127,257
125,138,263
125,151,276
124,154,278
125,150,275
135,139,274
142,129,271
143,131,274
130,130,260
127,121,248
137,106,243
131,115,246
114,120,234
124,116,240
147,103,250
131,105,236
128,135,263
131,147,278
135,154,289
149,152,301
152,145,297
162,126,288
181,129,310
192,136,328
209,132,341
197,147,344
189,148,337
187,120,307
198,114,312
206,119,325
187,114,301
194,115,309
171,113,284
176,135,311
178,102,280
175,112,287
179,102,281
153,90,243
158,106,264
151,98,249
154,106,260
152,96,248
150,108,258
155,96,251
151,108,259
155,95,250
153,104,257
153,95,248
149,104,253
152,94,246
149,106,255
152,119,271
161,145,306
185,154,339
215,150,365
207,152,359
183,141,324
160,122,282
166,106,272
162,94,256
149,138,287
175,103,278
180,113,293
175,134,309
153,121,274
138,112,250
141,104,245
142,91,233
146,107,253
153,126,279
153,115,268
146,148,294
166,117,283
155,112,267
161,104,265
129,101,230
129,102,231
123,105,228
123,101,224
124,117,241
124,123,247
135,114,249
148,98,246
148,99,247
144,89,233
136,110,246
139,108,247
135,102,237
128,102,230
119,101,220
123,97,220
127,91,218
127,92,219
126,93,219
127,86,213
131,82,213
133,123,256
127,150,277
158,129,287
173,110,283
174,122,296
141,117,258
146,102,248
150,100,250
121,108,229
127,110,237
119,114,233
130,106,236
141,89,230
144,95,239
112,91,203
134,86,220
133,90,223
127,95,222
99,115,214
122,133,255
115,138,253
122,129,251
130,124,254
153,131,284
174,130,304
182,126,308
156,157,313
129,188,317
99,181,280
146,166,312
150,164,314
151,157,308
143,159,302
145,167,312
107,159,266
141,143,284
123,127,250
142,117,259
117,111,228
146,158,304
167,141,308
163,136,299
144,126,270
111,138,249
166,154,320
173,144,317
171,132,303
156,113,269
151,103,254
146,88,234
140,98,238
145,90,235
141,149,290
171,108,279
180,90,270
153,131,284
165,132,297
153,132,285
158,141,299
132,136,268
109,147,256
139,144,283
138,132,270
128,124,252
144,105,249
129,97,226
117,91,208
126,77,203
127,132,259
99,134,233
133,128,261
133,121,254
107,114,221
147,123,270
139,145,284
193,130,323
187,122,309
160,115,275
148,110,258
135,115,250
129,116,245
124,113,237
137,109,246
128,115,243
120,137,257
125,134,259
117,134,251
138,117,255
166,91,257
158,119,277
184,135,319
192,135,327
199,145,344
162,140,302
153,113,266
158,93,251
171,125,296
157,148,305
145,150,295
134,171,305
134,170,304
175,151,326
191,124,315
191,101,292
178,86,264
158,115,273
139,112,251
140,92,232
127,86,213
133,137,270
129,142,271
130,133,263
144,113,257
130,122,252
168,120,288
156,122,278
160,133,293
151,144,295
156,135,291
159,148,307
161,148,309
167,140,307
156,142,298
149,139,288
142,144,286
155,133,288
146,122,268
149,125,274
135,129,264
108,138,246
125,158,283
118,153,271
132,162,294
137,156,293
134,148,282
134,166,300
134,211,345
280,127,407
308,115,423
315,108,423
193,115,308
174,114,288
164,112,276
159,96,255
154,90,244
147,89,236
116,88,204
119,84,203
115,80,195
114,109,223
117,118,235
124,110,234
129,101,230
127,99,226
123,97,220
90,99,189
117,105,222
100,111,211
124,118,242
103,123,226
122,131,253
112,112,224
132,107,239
127,177,304
122,291,413
118,294,412
123,288,411
140,230,370
268,116,384
264,99,363
269,113,382
180,149,329
192,127,319
182,130,312
148,124,272
116,121,237
133,126,259
130,125,255
130,111,241
139,97,236
150,136,286
143,144,287
135,141,276
131,137,268
119,138,257
132,135,267
136,135,271
129,143,272
131,156,287
122,165,287
152,150,302
153,156,309
149,149,298
120,152,272
134,151,285
122,147,269
116,139,255
128,137,265
118,136,254
108,138,246
124,156,280
89,185,274
120,190,310
126,197,323
164,153,317
192,153,345
197,139,336
137,134,271
105,166,271
117,188,305
104,189,293
131,195,326
145,180,325
164,174,338
161,173,334
145,162,307
141,145,286
143,145,288
145,132,277
143,127,270
182,82,264
164,94,258
171,96,267
128,89,217
126,87,213
118,81,199
122,91,213
112,89,201
122,80,202
122,126,248
119,129,248
121,125,246
148,105,253
147,105,252
138,106,244
98,100,198
121,98,219
119,99,218
96,101,197
130,93,223
129,98,227
126,127,253
122,140,262
133,144,277
144,155,299
147,166,313
158,162,320
176,130,306
183,103,286
175,119,294
169,131,300
166,151,317
190,127,317
201,137,338
205,133,338
192,132,324
200,114,314
194,115,309
165,104,269
133,99,232
126,100,226
116,100,216
121,98,219
121,102,223
108,91,199
135,83,218
135,121,256
133,128,261
113,126,239
122,146,268
115,182,297
124,182,306
118,181,299
121,171,292
139,147,286
142,140,282
146,136,282
123,133,256
125,156,281
114,180,294
126,178,304
138,155,293
143,160,303
144,159,303
113,153,266
129,143,272
121,137,258
129,130,259
114,130,244
94,131,225
123,127,250
121,125,246
124,121,245
126,115,241
125,107,232
122,103,225
120,101,221
122,95,217
126,90,216
127,86,213
120,83,203
125,100,225
128,101,229
137,112,249
149,106,255
144,105,249
127,100,227
117,93,210
123,89,212
123,84,207
125,83,208
121,100,221
125,96,221
126,92,218
124,93,217
116,92,208
124,89,213
131,80,211
128,91,219
126,93,219
121,93,214
121,95,216
121,88,209
132,76,208
135,113,248
122,110,232
130,107,237
131,100,231
125,95,220
124,95,219
125,90,215
125,88,213
129,87,216
124,86,210
122,85,207
127,78,205
127,90,217
126,109,235
124,136,260
126,138,264
157,113,270
159,113,272
144,119,263
122,126,248
119,123,242
117,116,233
126,108,234
130,104,234
124,99,223
122,97,219
123,100,223
122,93,215
127,83,210
128,82,210
128,81,209
125,112,237
121,117,238
126,126,252
129,126,255
125,125,250
128,124,252
125,117,242
120,113,233
123,111,234
125,111,236
116,116,232
121,118,239
125,119,244
123,119,242
115,117,232
122,115,237
120,116,236
117,110,227
125,109,234
114,114,228
121,112,233
125,117,242
120,120,240
125,119,244
116,116,232
123,111,234
125,106,231
123,101,224
122,105,227
123,107,230
124,111,235
121,116,237
122,128,250
126,123,249
128,125,253
125,126,251
120,124,244
123,122,245
125,122,247
120,125,245
124,129,253
118,143,261
127,146,273
127,137,264
123,133,256
124,134,258
126,128,254
129,123,252
120,124,244
120,122,242
105,116,221
114,113,227
136,99,235
143,86,229
139,81,220
128,104,232
114,101,215
123,96,219
119,94,213
115,95,210
123,89,212
122,84,206
130,85,215
120,97,217
121,108,229
128,118,246
128,112,240
123,108,231
127,101,228
123,97,220
122,90,212
120,88,208
123,84,207
123,84,207
122,78,200
126,89,215
120,104,224
122,108,230
122,101,223
120,103,223
125,102,227
124,105,229
120,107,227
116,107,223
124,121,245
122,120,242
127,117,244
121,118,239
119,121,240
122,118,240
122,120,242
123,122,245
115,128,243
123,130,253
121,142,263
124,148,272
125,144,269
126,144,270
128,143,271
124,140,264
135,133,268
130,128,258
132,123,255
125,120,245
127,109,236
127,106,233
125,119,244
121,138,259
123,138,261
121,137,258
125,134,259
123,128,251
117,121,238
123,116,239
120,115,235
120,110,230
125,102,227
123,103,226
125,97,222
127,94,221
126,91,217
127,89,216
124,92,216
120,89,209
119,98,217
132,91,223
132,90,222
116,88,204
115,88,203
123,100,223
123,108,231
121,116,237
120,116,236
119,116,235
123,130,253
121,135,256
124,148,272
124,145,269
129,134,263
134,135,269
131,139,270
126,141,267
120,144,264
124,144,268
130,135,265
133,134,267
130,141,271
124,141,265
130,138,268
132,145,277
135,141,276
122,141,263
130,141,271
113,135,248
128,142,270
135,140,275
129,138,267
131,140,271
125,139,264
124,139,263
128,132,260
126,126,252
128,114,242
127,113,240
120,109,229
114,103,217
126,104,230
127,100,227
124,96,220
120,93,213
124,88,212
121,92,213
115,94,209
123,89,212
122,86,208
124,82,206
121,98,219
127,95,222
127,92,219
116,87,203
115,86,201
123,84,207
114,91,205
120,110,230
121,118,239
127,109,236
128,108,236
127,110,237
121,108,229
127,101,228
125,96,221
124,93,217
130,102,232
128,99,227
124,108,232
127,102,229
126,93,219
129,93,222
116,89,205
124,89,213
119,88,207
115,95,210
125,98,223
126,97,223
125,100,225
111,98,209
122,102,224
122,125,247
126,121,247
129,117,246
123,110,233
119,108,227
124,110,234
120,106,226
123,100,223
119,100,219
123,101,224
122,103,225
123,102,225
122,99,221
124,90,214
128,85,213
119,80,199
122,98,220
123,114,237
120,116,236
123,111,234
122,104,226
127,131,258
121,137,258
147,119,266
144,112,256
131,108,239
129,99,228
119,102,221
120,100,220
124,105,229
122,108,230
121,113,234
124,124,248
121,145,266
146,257,403
291,118,409
317,144,461
323,129,452
192,108,300
184,120,304
184,127,311
179,117,296
180,166,346
191,145,336
217,113,330
222,463,685
210,434,644
203,410,613
208,389,597
428,133,561
374,139,513
204,151,355
134,156,290
120,153,273
121,147,268
118,145,263
127,140,267
121,136,257
124,131,255
122,130,252
119,127,246
122,124,246
121,121,242
123,120,243
122,114,236
122,110,232
124,106,230
116,101,217
118,100,218
121,96,217
124,97,221
127,92,219
125,96,221
128,98,226
121,98,219
123,95,218
122,92,214
123,89,212
122,88,210
124,85,209
128,89,217
129,87,216
119,85,204
118,85,203
117,88,205
121,90,211
123,86,209
123,86,209
130,82,212
122,81,203
124,105,229
120,115,235
122,109,231
124,107,231
121,102,223
114,98,212
116,97,213
121,96,217
122,93,215
124,98,222
123,94,217
114,87,201
122,87,209
115,87,202
125,84,209
125,79,204
127,104,231
124,119,243
125,127,252
117,131,248
127,120,247
130,114,244
123,111,234
125,109,234
121,105,226
115,103,218
122,99,221
121,107,228
123,107,230
121,101,222
124,98,222
117,92,209
121,102,223
121,116,237
121,128,249
121,125,246
121,126,247
122,121,243
123,117,240
123,111,234
120,103,223
129,99,228
126,101,227
119,102,221
124,100,224
124,100,224
125,97,222
122,91,213
126,93,219
130,89,219
133,104,237
137,100,237
139,92,231
131,90,221
124,91,215
125,90,215
131,104,235
137,98,235
142,91,233
135,88,223
129,86,215
130,81,211
132,99,231
130,98,228
130,94,224
131,87,218
133,100,233
137,95,232
135,89,224
130,88,218
124,87,211
127,99,226
133,95,228
137,90,227
136,86,222
134,82,216
131,83,214
126,81,207
126,102,228
125,102,227
130,99,229
129,92,221
129,89,218
125,89,214
122,87,209
128,83,211
128,83,211
129,82,211
124,82,206
123,82,205
124,82,206
126,83,209
126,82,208
128,98,226
126,102,228
129,96,225
127,96,223
126,92,218
123,89,212
123,91,214
124,89,213
127,87,214
133,83,216
132,82,214
129,84,213
127,83,210
126,83,209
126,82,208
124,84,208
123,84,207
124,83,207
124,83,207
124,84,208
122,83,205
123,106,229
122,129,251
146,106,252
152,102,254
175,243,418
201,242,443
243,199,442
264,175,439
181,129,310
228,105,333
157,165,322
167,173,340
173,165,338
193,193,386
205,124,329
237,130,367
233,171,404
197,167,364
219,169,388
182,147,329
188,166,354
183,223,406
241,150,391
261,151,412
252,139,391
220,147,367
196,137,333
238,175,413
226,137,363
269,212,481
285,153,438
278,119,397
238,114,352
148,102,250
162,129,291
149,125,274
166,96,262
172,122,294
143,113,256
169,157,326
156,167,323
197,97,294
193,144,337
199,147,346
153,126,279
160,177,337
146,168,314
169,150,319
171,165,336
159,178,337
136,177,313
151,217,368
161,219,380
138,239,377
172,247,419
187,232,419
173,207,380
182,197,379
198,209,407
181,210,391
155,188,343
232,166,398
218,142,360
174,163,337
157,170,327
183,164,347
151,160,311
218,102,320
192,105,297
147,110,257
128,103,231
133,147,280
138,183,321
129,201,330
164,189,353
196,180,376
160,193,353
101,203,304
168,210,378
195,196,391
151,197,348
196,162,358
161,159,320
144,159,303
119,215,334
116,255,371
119,260,379
137,281,418
212,201,413
237,227,464
221,223,444
165,241,406
163,248,411
145,223,368
196,186,382
162,214,376
174,252,426
124,276,400
150,297,447
213,241,454
216,264,480
241,207,448
216,197,413
226,151,377
178,139,317
174,161,335
132,193,325
132,189,321
180,133,313
190,117,307
187,168,355
131,237,368
223,148,371
262,103,365
229,135,364
161,241,402
210,244,454
243,235,478
218,228,446
231,159,390
244,158,402
199,194,393
167,205,372
177,233,410
237,208,445
271,153,424
250,154,404
224,143,367
152,136,288
154,136,290
177,127,304
195,140,335
200,128,328
171,112,283
179,158,337
198,145,343
230,174,404
226,151,377
217,153,370
223,154,377
223,145,368
230,130,360
226,178,404
182,167,349
266,167,433
277,144,421
266,178,444
217,198,415
190,180,370
198,205,403
204,199,403
173,198,371
183,159,342
185,134,319
153,100,253
166,96,262
116,95,211
127,81,208
138,157,295
121,162,283
175,143,318
183,131,314
180,108,288
199,137,336
206,138,344
179,101,280
213,130,343
153,147,300
138,156,294
153,168,321
164,170,334
173,141,314
169,131,300
142,124,266
120,112,232
129,105,234
131,94,225
130,87,217
128,187,315
153,166,319
177,132,309
202,124,326
157,195,352
163,205,368
205,216,421
159,225,384
146,248,394
184,215,399
163,237,400
143,257,400
168,218,386
176,206,382
241,109,350
230,100,330
235,85,320
151,233,384
166,223,389
246,127,373
253,112,365
205,137,342
154,214,368
234,155,389
257,129,386
251,154,405
211,147,358
177,137,314
180,107,287
170,119,289
130,194,324
168,175,343
210,137,347
183,124,307
185,132,317
128,161,289
131,155,286
152,137,289
192,84,276
191,104,295
153,110,263
147,112,259
146,105,251
142,107,249
129,104,233
122,109,231
124,111,235
118,109,227
129,133,262
137,136,273
145,148,293
139,152,291
118,148,266
146,142,288
135,133,268
149,100,249
168,109,277
173,109,282
138,140,278
158,123,281
151,114,265
147,110,257
144,144,288
162,126,288
184,164,348
198,141,339
157,146,303
155,141,296
106,129,235
139,110,249
137,99,236
134,92,226
134,83,217
135,153,288
121,149,270
134,140,274
132,129,261
95,112,207
128,103,231
140,100,240
134,84,218
138,106,244
135,138,273
135,143,278
133,153,286
138,153,291
121,177,298
136,181,317
140,191,331
146,184,330
152,177,329
143,196,339
151,176,327
143,162,305
154,152,306
165,93,258
192,129,321
189,120,309
169,106,275
155,100,255
159,164,323
156,180,336
193,136,329
194,118,312
165,104,269
148,95,243
134,86,220
135,121,256
136,140,276
135,151,286
158,216,374
272,107,379
286,104,390
237,192,429
149,276,425
137,297,434
141,289,430
158,258,416
243,166,409
239,117,356
208,96,304
211,124,335
156,135,291
154,129,283
145,121,266
139,120,259
135,118,253
129,121,250
135,120,255
145,101,246
146,108,254
138,127,265
129,148,277
133,152,285
127,144,271
143,146,289
152,141,293
148,146,294
154,154,308
146,144,290
149,156,305
153,150,303
149,150,299
163,146,309
146,167,313
146,174,320
132,188,320
132,199,331
129,202,331
159,163,322
172,147,319
171,164,335
140,178,318
129,210,339
129,220,349
136,214,350
161,203,364
183,179,362
186,163,349
169,164,333
141,167,308
120,170,290
134,167,301
136,160,296
134,165,299
122,161,283
131,157,288
139,152,291
139,150,289
128,139,267
143,123,266
169,121,290
172,117,289
170,115,285
171,103,274
151,109,260
161,107,268
154,99,253
148,115,263
155,101,256
162,129,291
169,140,309
136,157,293
123,179,302
142,176,318
151,197,348
137,199,336
124,193,317
144,165,309
157,140,297
168,129,297
166,111,277
159,102,261
150,100,250
132,161,293
160,144,304
158,172,330
175,152,327
149,139,288
161,122,283
154,111,265
138,107,245
140,90,230
145,129,274
151,129,280
133,106,239
138,95,233
148,84,232
134,130,264
126,129,255
141,115,256
131,114,245
149,97,246
155,141,296
162,147,309
150,158,308
146,164,310
140,161,301
155,150,305
167,141,308
167,136,303
144,132,276
132,124,256
129,116,245
127,113,240
125,110,235
125,110,235
126,114,240
130,105,235
115,100,215
125,124,249
121,132,253
130,136,266
125,143,268
132,143,275
130,137,267
142,124,266
141,128,269
131,127,258
126,124,250
149,102,251
161,87,248
153,80,233
139,114,253
129,124,253
134,138,272
141,144,285
136,178,314
134,191,325
127,190,317
143,184,327
156,187,343
152,184,336
175,159,334
192,134,326
192,144,336
172,146,318
158,135,293
158,159,317
160,195,355
158,194,352
146,208,354
160,197,357
191,171,362
224,140,364
205,132,337
176,129,305
144,119,263
144,146,290
178,126,304
165,151,316
210,111,321
205,114,319
194,123,317
180,105,285
164,112,276
171,104,275
159,108,267
157,125,282
155,120,275
172,154,326
178,158,336
169,162,331
139,170,309
118,165,283
139,177,316
131,191,322
103,191,294
147,185,332
161,183,344
165,193,358
145,216,361
133,219,352
132,208,340
163,174,337
180,153,333
154,146,300
130,146,276
119,146,265
117,143,260
122,142,264
122,149,271
119,152,271
124,147,271
132,141,273
153,118,271
153,111,264
126,117,243
114,120,234
118,120,238
130,117,247
143,105,248
137,105,242
121,115,236
109,111,220
134,96,230
134,100,234
110,110,220
122,115,237
126,111,237
138,126,264
132,145,277
155,157,312
151,153,304
141,148,289
130,143,273
129,139,268
129,134,263
114,131,245
118,133,251
120,134,254
121,135,256
124,129,253
114,137,251
123,144,267
122,137,259
135,117,252
150,98,248
148,91,239
127,92,219
120,88,208
125,81,206
122,80,202
124,107,231
113,119,232
150,136,286
175,117,292
175,111,286
151,107,258
122,98,220
128,98,226
139,129,268
148,111,259
166,89,255
166,112,278
148,102,250
148,93,241
145,122,267
144,110,254
150,102,252
148,91,239
149,112,261
149,103,252
147,95,242
148,108,256
143,98,241
150,115,265
145,106,251
160,125,285
167,107,274
160,99,259
145,91,236
139,114,253
143,107,250
146,99,245
145,92,237
138,124,262
151,109,260
146,102,248
145,94,239
137,105,242
143,95,238
141,90,231
139,118,257
137,111,248
145,100,245
144,92,236
143,82,225
142,171,313
139,170,309
133,164,297
133,153,286
79,146,225
113,137,250
134,126,260
143,110,253
144,103,247
143,100,243
139,92,231
141,82,223
142,123,265
141,144,285
159,129,288
188,102,290
189,91,280
168,84,252
142,114,256
138,108,246
139,97,236
142,86,228
138,120,258
141,157,298
176,148,324
188,138,326
185,138,323
160,153,313
126,168,294
126,189,315
117,206,323
126,213,339
136,193,329
155,173,328
169,150,319
165,143,308
166,131,297
153,146,299
143,149,292
158,119,277
157,109,266
154,92,246
138,167,305
180,136,316
167,111,278
154,101,255
142,147,289
175,141,316
196,114,310
204,194,398
202,172,374
162,172,334
165,151,316
88,148,236
130,136,266
158,115,273
159,92,251
158,81,239
143,159,302
116,179,295
136,189,325
129,185,314
84,189,273
147,153,300
157,141,298
197,100,297
151,115,266
132,120,252
129,117,246
137,111,248
121,116,237
111,114,225
100,113,213
124,111,235
121,110,231
111,112,223
108,108,216
121,136,257
126,156,282
138,180,318
124,201,325
104,204,308
118,240,358
158,216,374
193,199,392
196,189,385
152,174,326
199,93,292
220,167,387
219,163,382
148,152,300
138,143,281
107,124,231
154,103,257
163,84,247
159,120,279
142,119,261
143,122,265
128,132,260
125,139,264
117,147,264
121,152,273
131,147,278
134,146,280
132,168,300
122,184,306
115,176,291
129,166,295
119,180,299
166,116,282
198,105,303
198,130,328
151,127,278
149,128,277
125,155,280
128,164,292
127,159,286
149,147,296
151,150,301
125,153,278
119,156,275
117,165,282
117,180,297
112,193,305
137,196,333
140,210,350
142,227,369
153,234,387
172,231,403
155,223,378
183,184,367
148,180,328
191,158,349
158,144,302
153,155,308
146,161,307
133,158,291
138,161,299
150,154,304
145,173,318
138,188,326
118,181,299
124,212,336
136,205,341
170,190,360
178,168,346
190,142,332
158,136,294
139,137,276
100,133,233
114,127,241
118,140,258
109,149,258
119,154,273
94,163,257
115,181,296
122,193,315
116,200,316
121,227,348
144,202,346
160,184,344
172,180,352
166,154,320
185,145,330
184,154,338
150,150,300
155,142,297
172,298,470
179,438,617
205,424,629
217,408,625
386,246,632
356,237,593
96,224,320
148,199,347
221,154,375
221,132,353
213,118,331
190,113,303
165,112,277
142,213,355
257,226,483
325,172,497
304,170,474
206,158,364
106,150,256
172,148,320
156,153,309
158,164,322
127,156,283
145,146,291
130,137,267
122,130,252
122,125,247
133,107,240
122,89,211
134,80,214
135,99,234
126,106,232
136,101,237
134,93,227
142,96,238
128,99,227
132,140,272
141,141,282
126,140,266
139,124,263
109,108,217
146,96,242
125,97,222
145,84,229
137,147,284
139,144,283
134,146,280
134,146,280
115,157,272
110,155,265
125,149,274
114,143,257
121,141,262
135,122,257
148,100,248
141,136,277
137,122,259
141,108,249
177,126,303
156,113,269
190,130,320
178,142,320
148,153,301
148,145,293
143,136,279
149,138,287
124,139,263
134,134,268
139,149,288
173,143,316
176,149,325
173,153,326
120,161,281
119,172,291
112,228,340
115,245,360
119,246,365
182,191,373
187,183,370
222,142,364
179,120,299
186,97,283
175,119,294
155,126,281
169,135,304
151,127,278
160,130,290
171,117,288
172,121,293
148,117,265
117,115,232
85,111,196
112,114,226
120,120,240
88,116,204
118,119,237
112,133,245
122,152,274
114,159,273
124,168,292
120,184,304
135,184,319
125,176,301
148,164,312
151,154,305
124,157,281
129,155,284
112,151,263
101,146,247
120,150,270
118,154,272
111,156,267
88,153,241
124,153,277
110,146,256
124,143,267
121,146,267
96,163,259
118,171,289
124,183,307
122,186,308
113,185,298
134,182,316
119,178,297
161,179,340
174,160,334
162,153,315
157,144,301
134,131,265
139,137,276
108,123,231
172,120,292
165,112,277
159,105,264
127,100,227
108,92,200
132,82,214
125,122,247
133,126,259
136,125,261
130,143,273
114,141,255
132,129,261
132,115,247
137,107,244
136,100,236
117,95,212
126,85,211
134,124,258
139,130,269
129,127,256
131,123,254
131,110,241
131,103,234
104,93,197
120,86,206
126,127,253
131,121,252
132,121,253
143,92,235
159,102,261
168,98,266
143,111,254
127,121,248
117,131,248
116,139,255
126,132,258
129,124,253
127,118,245
121,99,220
136,91,227
121,89,210
119,83,202
126,120,246
131,119,250
130,127,257
129,129,258
106,137,243
121,148,269
121,144,265
123,141,264
128,133,261
127,121,248
131,115,246
138,97,235
138,86,224
118,79,197
120,96,216
103,83,186
140,92,232
132,83,215
132,111,243
140,110,250
140,103,243
139,101,240
126,100,226
123,102,225
126,98,224
132,97,229
130,95,225
129,100,229
133,91,224
136,86,222
138,100,238
134,97,231
131,95,226
130,93,223
127,93,220
131,87,218
132,94,226
132,90,222
115,83,198
117,78,195
119,97,216
121,111,232
124,106,230
128,102,230
127,98,225
137,82,219
103,90,193
133,88,221
137,105,242
136,112,248
146,97,243
138,92,230
132,84,216
130,105,235
150,118,268
176,121,297
194,96,290
167,120,287
157,132,289
151,150,301
146,152,298
146,128,274
156,110,266
158,103,261
149,92,241
146,97,243
136,92,228
141,119,260
140,114,254
145,107,252
143,105,248
145,94,239
139,89,228
131,114,245
170,124,294
175,113,288
174,104,278
145,87,232
143,100,243
148,122,270
156,105,261
157,103,260
150,103,253
156,91,247
154,85,239
154,94,248
128,90,218
126,87,213
123,79,202
122,96,218
131,89,220
128,87,215
131,83,214
126,89,215
128,81,209
130,101,231
127,107,234
127,115,242
139,110,249
143,105,248
147,116,263
172,109,281
180,93,273
180,97,277
168,111,279
148,107,255
155,101,256
142,94,236
142,108,250
145,103,248
149,89,238
143,107,250
142,110,252
147,103,250
141,128,269
160,122,282
155,142,297
149,146,295
122,144,266
138,130,268
133,127,260
142,115,257
129,115,244
123,111,234
126,108,234
117,104,221
121,104,225
124,100,224
124,101,225
123,100,223
140,109,249
155,100,255
161,107,268
154,117,271
167,104,271
165,103,268
146,99,245
129,98,227
137,92,229
128,86,214
137,116,253
124,129,253
126,123,249
150,104,254
170,135,305
191,112,303
186,110,296
184,106,290
162,94,256
160,128,288
166,149,315
161,151,312
155,159,314
154,180,334
152,190,342
149,178,327
174,136,310
174,129,303
167,131,298
124,134,258
123,173,296
121,181,302
129,174,303
147,149,296
148,144,292
142,137,279
121,134,255
125,135,260
115,143,258
123,143,266
125,143,268
120,137,257
126,133,259
127,137,264
129,138,267
125,140,265
126,131,257
126,126,252
127,116,243
132,110,242
131,104,235
123,102,225
122,98,220
121,97,218
126,89,215
127,86,213
128,84,212
119,78,197
120,106,226
122,130,252
126,134,260
126,136,262
115,133,248
116,133,249
123,131,254
112,128,240
126,116,242
126,119,245
128,118,246
124,128,252
123,137,260
123,141,264
120,140,260
127,132,259
126,129,255
127,131,258
123,138,261
125,136,261
121,137,258
124,143,267
136,137,273
139,133,272
136,129,265
123,116,239
130,113,243
128,107,235
122,104,226
130,94,224
128,87,215
128,96,224
120,107,227
117,104,221
123,103,226
122,98,220
121,100,221
122,96,218
123,86,209
128,82,210
120,77,197
118,106,224
124,118,242
128,126,254
121,129,250
126,122,248
124,116,240
129,104,233
128,100,228
126,100,226
116,96,212
122,90,212
121,91,212
120,91,211
121,90,211
123,87,210
128,78,206
128,97,225
121,108,229
119,116,235
120,119,239
119,114,233
132,113,245
131,116,247
125,118,243
123,116,239
126,111,237
125,104,229
126,102,228
120,99,219
123,103,226
121,106,227
122,113,235
120,119,239
124,116,240
130,112,242
121,117,238
120,124,244
127,119,246
124,119,243
125,124,249
126,120,246
124,120,244
130,117,247
131,114,245
122,227,349
124,331,455
122,350,472
123,374,497
295,209,504
307,199,506
320,210,530
168,200,368
163,190,353
198,134,332
186,159,345
185,153,338
185,96,281
186,146,332
206,160,366
191,127,318
204,99,303
177,86,263
143,137,280
143,130,273
176,137,313
199,135,334
204,109,313
186,99,285
143,82,225
144,190,334
150,241,391
292,212,504
364,166,530
365,145,510
252,144,396
182,100,282
204,96,300
165,93,258
117,95,212
124,90,214
121,89,210
123,101,224
123,116,239
126,123,249
122,135,257
120,138,258
130,131,261
127,130,257
130,126,256
127,120,247
123,114,237
117,108,225
125,102,227
125,96,221
122,90,212
124,87,211
123,85,208
121,113,234
128,120,248
131,120,251
131,122,253
124,125,249
126,125,251
124,125,249
125,129,254
121,132,253
124,136,260
124,142,266
127,145,272
129,145,274
132,146,278
135,144,279
135,147,282
138,146,284
136,150,286
136,154,290
132,161,293
126,169,295
124,168,292
126,174,300
126,176,302
127,176,303
128,180,308
155,158,313
158,160,318
159,164,323
136,167,303
128,168,296
127,177,304
124,183,307
132,181,313
144,169,313
146,175,321
135,174,309
135,171,306
136,170,306
136,178,314
123,183,306
136,177,313
142,171,313
142,178,320
130,184,314
135,174,309
138,179,317
141,178,319
134,178,312
134,179,313
142,176,318
134,179,313
139,179,318
131,179,310
143,165,308
137,171,308
136,173,309
124,180,304
123,180,303
135,173,308
137,172,309
139,179,318
125,185,310
142,166,308
142,165,307
142,171,313
125,176,301
123,178,301
123,185,308
130,180,310
140,180,320
141,181,322
141,180,321
131,188,319
148,169,317
145,171,316
145,172,317
127,198,325
124,232,356
137,223,360
137,260,397
181,248,429
180,253,433
189,261,450
178,231,409
196,199,395
206,194,400
156,231,387
164,270,434
129,254,383
168,265,433
207,261,468
213,245,458
257,188,445
217,184,401
184,158,342
208,162,370
150,232,382
155,247,402
141,244,385
216,219,435
176,315,491
180,334,514
177,313,490
202,311,513
273,195,468
310,187,497
267,149,416
226,157,383
203,178,381
156,215,371
194,253,447
137,252,389
204,229,433
178,217,395
202,192,394
149,273,422
135,331,466
155,375,530
102,375,477
240,251,491
305,189,494
329,188,517
235,184,419
207,139,346
209,219,428
249,204,453
244,162,406
216,188,404
238,202,440
248,180,428
244,147,391
267,262,529
252,208,460
284,168,452
220,183,403
146,202,348
145,209,354
144,198,342
155,216,371
176,188,364
207,139,346
223,180,403
217,199,416
201,176,377
248,148,396
238,178,416
189,181,370
171,166,337
177,150,327
193,133,326
182,134,316
198,219,417
235,185,420
209,149,358
219,142,361
141,107,248
172,119,291
140,213,353
183,208,391
211,242,453
199,252,451
125,289,414
164,294,458
222,221,443
258,193,451
221,202,423
191,162,353
183,131,314
202,102,304
163,95,258
118,100,218
117,112,229
162,181,343
179,182,361
208,178,386
165,178,343
97,224,321
157,229,386
154,242,396
145,247,392
188,214,402
153,203,356
209,203,412
164,241,405
157,274,431
126,287,413
165,300,465
248,235,483
254,203,457
256,179,435
226,137,363
165,143,308
144,143,287
184,126,310
190,162,352
225,130,355
210,161,371
202,133,335
203,88,291
169,168,337
155,212,367
187,194,381
219,190,409
213,215,428
204,219,423
182,216,398
173,186,359
243,145,388
237,120,357
197,194,391
149,178,327
207,148,355
218,142,360
139,114,253
183,115,298
195,157,352
179,219,398
260,159,419
268,153,421
245,178,423
229,213,442
198,194,392
179,195,374
171,211,382
188,222,410
133,255,388
152,253,405
184,216,400
162,225,387
135,209,344
192,181,373
185,179,364
129,189,318
154,225,379
111,222,333
153,183,336
167,166,333
132,147,279
153,156,309
107,179,286
127,189,316
125,208,333
167,183,350
166,202,368
154,167,321
147,181,328
145,166,311
151,167,318
118,149,267
161,125,286
156,120,276
107,116,223
117,110,227
120,104,224
117,98,215
122,131,253
112,130,242
119,126,245
151,101,252
147,120,267
111,103,214
158,80,238
152,166,318
119,194,313
152,209,361
181,211,392
153,210,363
203,175,378
177,198,375
179,168,347
148,168,316
139,134,273
145,133,278
117,140,257
115,158,273
121,178,299
117,182,299
121,179,300
111,187,298
143,151,294
185,120,305
207,152,359
203,140,343
214,120,334
196,114,310
142,148,290
168,152,320
158,149,307
158,143,301
139,152,291
140,158,298
154,135,289
155,133,288
170,112,282
158,99,257
152,98,250
141,98,239
129,115,244
122,122,244
119,130,249
163,128,291
183,99,282
186,155,341
188,141,329
176,129,305
171,115,286
143,107,250
156,130,286
175,140,315
194,113,307
195,116,311
165,106,271
134,88,222
156,147,303
149,158,307
164,148,312
151,153,304
132,143,275
146,122,268
150,103,253
152,87,239
130,87,217
136,106,242