331,464,795
489,352,841
479,339,818
396,482,878
367,379,746
434,633,1067
266,585,851
523,374,897
440,352,792
364,493,857
519,477,996
497,533,1030
497,392,889
533,377,910
465,414,879
630,386,1016
557,525,1082
230,411,641
452,399,851
201,422,623
169,440,609
63,226,289
219,491,710
536,399,935
446,750,1196
394,1434,1828
515,710,1225
1574,401,1975
466,831,1297
1592,338,1930
1424,266,1690
381,374,755
559,873,1432
1574,278,1852
1611,543,2154
637,444,1081
328,515,843
139,641,780
413,1567,1980
421,1072,1493
162,1230,1392
223,1916,2139
292,283,575
338,614,952
292,1162,1454
662,447,1109
483,975,1458
780,541,1321
1533,549,2082
912,416,1328
1441,1049,2490
1758,555,2313
393,1480,1873
1119,282,1401
1596,1287,2883
221,964,1185
441,1245,1686
185,556,741
1526,1138,2664
82,1796,1878
245,842,1087
1675,1560,3235
254,1429,1683
1474,1151,2625
878,1078,1956
577,591,1168
1527,1405,2932
338,2202,2540
449,1733,2182
668,287,955
300,889,1189
1852,1506,3358
698,928,1626
484,776,1260
780,1075,1855
515,608,1123
1713,1743,3456
455,2008,2463
1273,756,2029
350,1373,1723
287,529,816
1146,748,1894
1259,607,1866
1653,916,2569
1140,918,2058
795,626,1421
451,1983,2434
1474,593,2067
622,1648,2270
1071,1305,2376
884,1020,1904
1384,1505,2889
960,855,1815
847,764,1611
606,994,1600
290,809,1099
944,533,1477
126,1808,1934
747,646,1393
865,1274,2139
257,1448,1705
172,2326,2498
1367,1481,2848
516,905,1421
1245,1103,2348
1970,1322,3292
1531,1482,3013
932,855,1787
690,1032,1722
525,815,1340
414,2205,2619
632,1277,1909
1570,814,2384
890,462,1352
446,753,1199
1273,583,1856
665,766,1431
841,762,1603
1119,665,1784
906,576,1482
615,1573,2188
552,773,1325
1889,1279,3168
546,937,1483
898,1202,2100
1688,1094,2782
914,633,1547
1137,364,1501
1861,1400,3261
797,1346,2143
2237,1015,3252
552,509,1061
425,684,1109
589,1227,1816
722,948,1670
2010,1025,3035
1402,1739,3141
608,849,1457
604,1135,1739
356,490,846
554,1574,2128
642,638,1280
1009,620,1629
781,809,1590
1445,1452,2897
708,919,1627
736,749,1485
533,870,1403
562,1066,1628
718,1889,2607
1118,545,1663
988,936,1924
901,541,1442
324,630,954
1254,676,1930
1246,1225,2471
667,385,1052
1285,1299,2584
728,403,1131
1482,1408,2890
1425,1973,3398
541,395,936
1449,1475,2924
1394,2419,3813
452,1081,1533
1867,723,2590
233,473,706
867,883,1750
1347,668,2015
370,531,901
451,749,1200
1394,520,1914
1215,1734,2949
640,408,1048
253,608,861
704,1223,1927
1745,1788,3533
299,662,961
923,1568,2491
1121,1640,2761
376,526,902
1313,2196,3509
834,1798,2632
482,1263,1745
578,403,981
713,2353,3066
830,1249,2079
567,1452,2019
1718,1073,2791
447,621,1068
1770,1529,3299
681,1411,2092
852,1377,2229
638,504,1142
2292,1296,3588
1237,673,1910
381,1243,1624
479,1228,1707
1530,582,2112
1893,1343,3236
1404,364,1768
389,1095,1484
1019,2075,3094
194,2385,2579
330,1105,1435
569,384,953
1568,747,2315
1074,2049,3123
977,410,1387
283,2757,3040
392,989,1381
929,939,1868
1058,1698,2756
383,1767,2150
1199,2766,3965
479,2648,3127
413,693,1106
1340,439,1779
1094,3340,4434
495,788,1283
2229,2259,4488
1995,578,2573
239,797,1036
2115,780,2895
182,900,1082
1809,629,2438
294,797,1091
2784,463,3247
211,1348,1559
597,530,1127
2821,365,3186
2337,1211,3548
1400,644,2044
819,373,1192
1145,1234,2379
1202,845,2047
851,331,1182
1667,1864,3531
1001,624,1625
1498,637,2135
3247,580,3827
916,1158,2074
1233,1402,2635
809,333,1142
147,1186,1333
1059,1596,2655
957,686,1643
958,765,1723
2155,752,2907
474,1557,2031
464,848,1312
640,1116,1756
1261,575,1836
1207,1920,3127
648,785,1433
433,1210,1643
975,984,1959
318,364,682
658,1104,1762
1107,1825,2932
463,926,1389
533,993,1526
1610,1819,3429
324,1053,1377
982,427,1409
1220,831,2051
167,1237,1404
1026,447,1473
313,1294,1607
781,436,1217
1121,1025,2146
1551,299,1850
451,915,1366
715,983,1698
337,1049,1386
167,433,600
836,1019,1855
158,1129,1287
210,1339,1549
612,1050,1662
669,1156,1825
736,2378,3114
923,990,1913
447,1069,1516
1588,1610,3198
837,1079,1916
667,824,1491
720,1470,2190
1052,578,1630
1395,913,2308
994,937,1931
1023,819,1842
809,839,1648
1250,1577,2827
1666,1602,3268
1250,700,1950
1120,959,2079
842,1315,2157
1371,480,1851
396,1385,1781
858,760,1618
1024,513,1537
1004,555,1559
2302,1062,3364
1611,1925,3536
270,377,647
1049,1001,2050
888,674,1562
590,755,1345
251,1372,1623
384,952,1336
1624,1467,3091
938,749,1687
897,803,1700
164,905,1069
1358,1181,2539
1015,696,1711
233,856,1089
478,787,1265
1502,759,2261
1097,325,1422
842,965,1807
540,760,1300
1320,823,2143
815,804,1619
876,559,1435
738,249,987
1464,296,1760
1053,287,1340
1208,472,1680
594,1004,1598
777,407,1184
1130,1100,2230
820,384,1204
1998,335,2333
2103,715,2818
968,447,1415
828,492,1320
1165,575,1740
1471,236,1707
499,368,867
465,637,1102
885,1236,2121
1985,248,2233
1090,877,1967
424,677,1101
1457,265,1722
1647,661,2308
1030,852,1882
1327,845,2172
414,677,1091
1059,622,1681
1694,939,2633
467,759,1226
300,573,873
1785,1136,2921
2063,972,3035
760,762,1522
476,425,901
2095,1433,3528
414,357,771
1443,702,2145
358,1122,1480
2063,1394,3457
642,783,1425
1192,1550,2742
902,882,1784
1795,463,2258
418,1442,1860
699,974,1673
790,604,1394
470,921,1391
602,677,1279
680,646,1326
722,582,1304
698,892,1590
412,368,780
1721,913,2634
389,429,818
1551,383,1934
1211,1502,2713
1283,1272,2555
1632,404,2036
510,1040,1550
1792,1207,2999
1169,974,2143
615,939,1554
1164,1647,2811
1310,892,2202
1291,309,1600
555,734,1289
682,428,1110
351,828,1179
852,310,1162
966,479,1445
781,822,1603
166,1185,1351
872,343,1215
523,849,1372
472,405,877
643,1336,1979
126,818,944
571,1021,1592
475,932,1407
951,2024,2975
973,852,1825
638,383,1021
510,2540,3050
267,585,852
342,1601,1943
235,1235,1470
768,2280,3048
326,909,1235
619,1091,1710
201,392,593
349,979,1328
728,359,1087
238,873,1111
446,1989,2435
1051,1922,2973
653,2047,2700
1095,1454,2549
1291,1824,3115
1067,712,1779
2342,527,2869
1529,1174,2703
720,662,1382
2110,551,2661
697,2386,3083
430,677,1107
1903,566,2469
478,730,1208
1117,935,2052
298,698,996
179,939,1118
451,375,826
834,801,1635
808,725,1533
694,2597,3291
875,762,1637
298,787,1085
1084,668,1752
1730,1441,3171
214,1783,1997
534,890,1424
2316,796,3112
747,720,1467
515,555,1070
773,1664,2437
2454,603,3057
640,753,1393
393,320,713
1310,379,1689
826,1417,2243
1908,746,2654
277,1425,1702
515,525,1040
635,1888,2523
677,499,1176
849,1654,2503
768,1332,2100
699,1635,2334
1719,748,2467
616,726,1342
1531,1207,2738
801,510,1311
453,740,1193
520,1167,1687
718,649,1367
682,382,1064
259,1189,1448
1551,767,2318
447,1222,1669
1856,1660,3516
1111,1827,2938
1748,772,2520
1550,1744,3294
582,1340,1922
1354,561,1915
548,786,1334
1367,1134,2501
1476,859,2335
312,1014,1326
1092,1702,2794
713,771,1484
1619,557,2176
193,1195,1388
648,1762,2410
600,716,1316
1113,1948,3061
668,1182,1850
386,1339,1725
1573,1058,2631
229,1022,1251
689,799,1488
528,776,1304
824,645,1469
1072,987,2059
984,785,1769
863,582,1445
455,1048,1503
753,778,1531
701,987,1688
620,1170,1790
655,947,1602
1262,904,2166
1326,498,1824
438,971,1409
1073,955,2028
1078,922,2000
982,565,1547
753,688,1441
632,1209,1841
552,504,1056
1274,1519,2793
979,485,1464
377,1749,2126
997,600,1597
1079,1193,2272
1147,443,1590
670,1856,2526
716,353,1069
714,1234,1948
596,537,1133
781,588,1369
1640,799,2439
1321,603,1924
1617,584,2201
313,462,775
630,568,1198
740,567,1307
1665,1632,3297
272,562,834
601,1533,2134
1011,1308,2319
562,738,1300
401,343,744
866,1682,2548
437,758,1195
1612,1102,2714
810,1406,2216
1101,342,1443
480,458,938
478,1275,1753
295,675,970
1145,688,1833
457,457,914
1082,800,1882
1661,1681,3342
417,714,1131
868,595,1463
437,1453,1890
443,775,1218
1052,1315,2367
305,661,966
1553,435,1988
768,269,1037
739,1703,2442
1791,1956,3747
1179,763,1942
874,2000,2874
285,404,689
576,920,1496
501,1243,1744
1175,940,2115
826,399,1225
1533,593,2126
546,588,1134
245,857,1102
753,1719,2472
1672,795,2467
290,606,896
512,667,1179
1561,1833,3394
371,817,1188
1693,849,2542
964,1406,2370
782,2509,3291
510,2096,2606
169,617,786
1759,845,2604
1657,1773,3430
1256,1086,2342
429,1910,2339
1219,1223,2442
274,1212,1486
600,1410,2010
788,446,1234
629,1489,2118
505,579,1084
1681,578,2259
631,863,1494
1307,1115,2422
351,723,1074
1460,1456,2916
496,1520,2016
1617,802,2419
678,1790,2468
525,1540,2065
911,1595,2506
885,943,1828
899,1320,2219
1128,1179,2307
166,762,928
447,1630,2077
1318,536,1854
1505,582,2087
489,791,1280
898,1546,2444
1476,504,1980
647,938,1585
1793,503,2296
488,1977,2465
1928,528,2456
710,1058,1768
1393,915,2308
749,2462,3211
1988,1311,3299
689,643,1332
1475,774,2249
690,735,1425
499,707,1206
725,629,1354
1476,897,2373
1802,1359,3161
410,1611,2021
1249,643,1892
1893,1338,3231
447,961,1408
223,556,779
2390,503,2893
748,713,1461
1482,622,2104
1194,533,1727
831,1155,1986
2177,1950,4127
771,1128,1899
1141,889,2030
690,1069,1759
1574,1851,3425
911,1691,2602
383,633,1016
247,1169,1416
640,1353,1993
755,429,1184
273,721,994
297,1050,1347
1450,674,2124
1374,1763,3137
827,400,1227
663,1351,2014
206,1303,1509
410,854,1264
608,1014,1622
436,779,1215
244,1395,1639
536,893,1429
859,828,1687
688,1083,1771
1865,976,2841
259,1429,1688
963,771,1734
652,928,1580
1164,746,1910
242,665,907
917,592,1509
297,1095,1392
1153,396,1549
491,994,1485
1186,779,1965
884,549,1433
1249,579,1828
395,896,1291
698,576,1274
1263,725,1988
483,1060,1543
646,340,986
657,1067,1724
495,817,1312
472,1112,1584
354,1121,1475
785,831,1616
1083,1406,2489
540,1087,1627
724,1342,2066
844,724,1568
967,835,1802
1159,1401,2560
1047,1482,2529
388,1392,1780
1053,1139,2192
96,400,496
728,791,1519
703,1536,2239
1082,1144,2226
604,1622,2226
115,802,917
654,932,1586
756,1598,2354
1374,507,1881
908,433,1341
811,705,1516
277,1351,1628
1012,1148,2160
583,678,1261
1287,385,1672
193,1106,1299
666,1104,1770
514,1198,1712
1246,763,2009
656,1803,2459
1116,1317,2433
1025,1493,2518
605,662,1267
1529,1002,2531
1029,1446,2475
337,917,1254
782,725,1507
1428,617,2045
243,736,979
1376,357,1733
91,871,962
334,1329,1663
1384,387,1771
378,1102,1480
931,782,1713
1321,959,2280
407,548,955
1211,617,1828
244,1187,1431
587,482,1069
745,901,1646
782,498,1280
1272,363,1635
1239,775,2014
486,1399,1885
650,619,1269
501,498,999
585,1179,1764
1370,1453,2823
725,987,1712
647,1027,1674
183,447,630
1108,888,1996
678,1259,1937
264,601,865
1119,999,2118
1138,508,1646
544,553,1097
894,1127,2021
1336,584,1920
1177,1035,2212
484,768,1252
1005,1386,2391
1136,291,1427
858,386,1244
958,1572,2530
799,1009,1808
1432,1491,2923
1016,1237,2253
1143,295,1438
557,538,1095
275,949,1224
994,1220,2214
710,192,902
1314,832,2146
733,1132,1865
1330,637,1967
538,1805,2343
1675,299,1974
1281,1024,2305
479,455,934
2054,212,2266
1579,1027,2606
1127,489,1616
1206,1187,2393
727,568,1295
606,958,1564
1891,414,2305
500,978,1478
453,513,966
2436,286,2722
896,438,1334
738,1622,2360
1950,422,2372
1752,289,2041
1387,899,2286
570,1358,1928
358,753,1111
646,1488,2134
2286,501,2787
533,423,956
892,253,1145
1099,402,1501
236,937,1173
948,1462,2410
1080,343,1423
1110,692,1802
926,1408,2334
536,1207,1743
390,1319,1709
202,563,765
1261,745,2006
491,740,1231
1233,243,1476
1439,896,2335
311,740,1051
1269,549,1818
1293,235,1528
594,583,1177
172,744,916
1343,258,1601
1187,1201,2388
371,932,1303
127,321,448
272,958,1230
963,538,1501
560,838,1398
810,699,1509
325,716,1041
483,510,993
1632,726,2358
1129,2252,3381
622,483,1105
193,317,510
1174,2215,3389
731,938,1669
657,586,1243
321,469,790
745,994,1739
464,820,1284
594,702,1296
723,488,1211
434,892,1326
442,1163,1605
703,832,1535
937,2173,3110
878,515,1393
419,717,1136
351,1575,1926
874,709,1583
344,820,1164
825,365,1190
526,783,1309
608,413,1021
133,537,670
1164,606,1770
686,412,1098
359,510,869
185,2405,2590
2105,535,2640
565,693,1258
624,464,1088
555,1355,1910
400,2243,2643
728,333,1061
601,1793,2394
805,1157,1962
388,815,1203
179,2414,2593
834,2281,3115
490,799,1289
1135,1821,2956
685,979,1664
612,1838,2450
183,893,1076
554,861,1415
2140,900,3040
377,442,819
316,1489,1805
1460,1698,3158
373,344,717
2048,1479,3527
324,1158,1482
1058,1110,2168
218,925,1143
422,1224,1646
1270,1379,2649
222,928,1150
832,921,1753
689,797,1486
249,987,1236
480,2416,2896
725,593,1318
2267,1015,3282
394,1422,1816
880,402,1282
736,770,1506
1792,807,2599
858,1343,2201
1445,398,1843
332,1485,1817
1402,663,2065
356,1129,1485
2261,1367,3628
1154,635,1789
1417,690,2107
810,653,1463
1759,1023,2782
150,675,825
765,358,1123
527,353,880
795,807,1602
97,1712,1809
799,859,1658
481,301,782
1229,459,1688
1023,1537,2560
642,1471,2113
2429,1445,3874
651,511,1162
639,1699,2338
1042,1024,2066
949,1223,2172
742,509,1251
1568,1343,2911
529,328,857
2126,1809,3935
2288,1789,4077
294,809,1103
269,588,857
1314,1104,2418
1380,1108,2488
410,1273,1683
1108,1394,2502
1546,919,2465
1182,1344,2526
1702,1940,3642
387,1032,1419
136,614,750
500,518,1018
1339,975,2314
750,853,1603
914,1616,2530
239,728,967
1624,696,2320
1647,617,2264
856,441,1297
323,684,1007
745,1267,2012
1685,1042,2727
666,860,1526
877,498,1375
990,1166,2156
914,1552,2466
397,939,1336
705,269,974
970,796,1766
410,958,1368
1201,1371,2572
842,697,1539
696,467,1163
1438,2081,3519
393,297,690
755,782,1537
979,1465,2444
642,1678,2320
938,846,1784
522,534,1056
1726,1611,3337
440,637,1077
932,448,1380
577,914,1491
1263,925,2188
1168,2122,3290
1567,792,2359
867,1414,2281
925,686,1611
1257,870,2127
193,792,985
1762,1510,3272
1083,2639,3722
372,885,1257
246,1013,1259
1188,982,2170
1410,1728,3138
701,1137,1838
779,907,1686
1132,2093,3225
2056,1546,3602
1309,1603,2912
751,1230,1981
95,891,986
1681,1832,3513
490,2018,2508
919,1235,2154
863,710,1573
1276,1104,2380
1797,1001,2798
1327,1125,2452
666,1104,1770
348,956,1304
448,775,1223
1497,686,2183
1552,979,2531
709,883,1592
1279,915,2194
647,837,1484
317,871,1188
393,565,958
1878,1109,2987
670,1012,1682
946,494,1440
1948,1072,3020
768,252,1020
761,1117,1878
798,1190,1988
1717,859,2576
919,1083,2002
1003,1102,2105
1033,839,1872
1510,622,2132
820,2060,2880
791,298,1089
685,923,1608
827,1910,2737
578,1566,2144
866,848,1714
568,2915,3483
840,1769,2609
1046,1131,2177
1097,241,1338
735,1721,2456
533,574,1107
739,600,1339
759,807,1566
127,819,946
1062,548,1610
725,1112,1837
217,811,1028
501,2729,3230
1158,742,1900
570,578,1148
828,774,1602
1286,2243,3529
497,348,845
825,563,1388
842,765,1607
1157,943,2100
612,1288,1900
532,369,901
1549,742,2291
482,1604,2086
305,430,735
985,323,1308
1016,1431,2447
585,810,1395
579,3057,3636
848,2059,2907
236,1133,1369
923,1156,2079
1760,1885,3645
117,391,508
456,610,1066
882,983,1865
1610,723,2333
1947,2271,4218
451,1507,1958
2826,1418,4244
2613,1581,4194
938,1603,2541
2021,1464,3485
2969,1053,4022
1321,1453,2774
143,690,833
1894,637,2531
366,871,1237
1442,643,2085
1931,824,2755
76,1539,1615
404,879,1283
1244,509,1753
399,1692,2091
2179,530,2709
513,820,1333
951,1212,2163
537,882,1419
809,1185,1994
606,575,1181
684,1392,2076
582,1535,2117
1050,1152,2202
1562,539,2101
900,1237,2137
1374,299,1673
1670,609,2279
571,724,1295
996,833,1829
1409,418,1827
557,715,1272
530,771,1301
617,879,1496
295,607,902
801,1157,1958
542,720,1262
723,567,1290
699,1378,2077
382,749,1131
755,1055,1810
174,737,911
879,350,1229
1446,543,1989
483,1052,1535
496,2282,2778
722,603,1325
1124,602,1726
509,3854,4363
756,576,1332
1136,904,2040
987,3431,4418
1197,795,1992
1554,1514,3068
2242,2102,4344
557,635,1192
1463,2469,3932
3819,280,4099
533,579,1112
566,374,940
1018,2036,3054
1247,1387,2634
574,590,1164
1430,1155,2585
610,861,1471
741,632,1373
600,376,976
130,818,948
3316,322,3638
799,1209,2008
410,629,1039
467,592,1059
967,1047,2014
948,882,1830
402,1967,2369
140,1494,1634
1384,1469,2853
472,3176,3648
2098,513,2611
613,1172,1785
826,2893,3719
151,881,1032
458,1524,1982
1382,2360,3742
382,702,1084
1103,1970,3073
2998,314,3312
447,595,1042
2760,312,3072
1134,1695,2829
2265,385,2650
2207,317,2524
1067,639,1706
753,384,1137
485,819,1304
973,1191,2164
733,1117,1850
398,1640,2038
1617,796,2413
773,399,1172
1966,1244,3210
1042,1702,2744
427,1018,1445
572,1139,1711
943,1404,2347
795,292,1087
251,1019,1270
1122,951,2073
677,1239,1916
1825,797,2622
177,306,483
1332,858,2190
603,1101,1704
1783,1009,2792
626,1677,2303
394,730,1124
290,1336,1626
1601,666,2267
421,1981,2402
456,756,1212
217,682,899
622,819,1441
391,1855,2246
423,880,1303
226,874,1100
1145,702,1847
57,937,994
1488,1169,2657
906,1705,2611
1032,721,1753
1851,722,2573
1170,1729,2899
979,898,1877
1942,957,2899
1383,579,1962
134,1985,2119
170,1018,1188
855,543,1398
754,1124,1878
1666,685,2351
1333,444,1777
1408,703,2111
1522,899,2421
1777,1113,2890
1915,325,2240
2224,870,3094
1640,231,1871
1211,282,1493
897,860,1757
504,908,1412
2322,831,3153
1723,857,2580
1003,1085,2088
1047,467,1514
1670,183,1853
693,231,924
853,348,1201
749,685,1434
286,411,697
1503,996,2499
701,1199,1900
719,1941,2660
877,870,1747
919,930,1849
581,1954,2535
230,1124,1354
752,1622,2374
1054,909,1963
529,1049,1578
864,1359,2223
1656,1031,2687
759,1013,1772
1722,346,2068
885,874,1759
1204,842,2046
678,389,1067
1270,1568,2838
350,851,1201
772,1371,2143
312,862,1174
827,359,1186
1801,356,2157
231,894,1125
768,757,1525
1475,733,2208
614,1182,1796
862,1577,2439
762,717,1479
289,1721,2010
213,738,951
236,413,649
928,1251,2179
341,685,1026
876,501,1377
1358,850,2208
639,434,1073
748,1540,2288
453,488,941
989,1373,2362
831,312,1143
1016,677,1693
964,1483,2447
331,1389,1720
772,896,1668
1400,373,1773
450,506,956
1227,1658,2885
683,951,1634
490,496,986
1150,1390,2540
809,1830,2639
382,556,938
1397,465,1862
949,1602,2551
1304,338,1642
1055,2707,3762
647,982,1629
617,1542,2159
1612,648,2260
1512,822,2334
1660,540,2200
453,563,1016
252,951,1203
245,2702,2947
1315,524,1839
351,748,1099
808,701,1509
303,2843,3146
247,664,911
336,1426,1762
1543,579,2122
1415,308,1723
385,2535,2920
1303,748,2051
1204,1014,2218
2528,427,2955
903,655,1558
194,678,872
619,984,1603
321,498,819
841,1401,2242
767,1361,2128
547,1571,2118
264,2582,2846
669,782,1451
784,1200,1984
800,934,1734
351,727,1078
641,927,1568
582,812,1394
1563,2244,3807
2647,652,3299
1222,428,1650
1382,2540,3922
476,883,1359
1449,518,1967
1307,2249,3556
912,501,1413
692,734,1426
1340,1782,3122
581,410,991
390,875,1265
589,980,1569
2410,1045,3455
592,368,960
387,1246,1633
2890,839,3729
390,339,729
662,1395,2057
493,1170,1663
751,728,1479
462,826,1288
2526,1002,3528
474,726,1200
704,1654,2358
261,1354,1615
1011,377,1388
704,1230,1934
1481,1054,2535
825,575,1400
2172,524,2696
225,356,581
522,1218,1740
1198,1364,2562
906,792,1698
1373,1409,2782
651,1061,1712
1062,763,1825
1579,631,2210
1020,757,1777
1312,495,1807
817,456,1273
441,2183,2624
1180,385,1565
484,2023,2507
854,1841,2695
680,298,978
550,187,737
1156,1167,2323
512,304,816
2441,1560,4001
1131,1476,2607
871,1692,2563
1167,1284,2451
324,1310,1634
347,1861,2208
1610,965,2575
2061,1579,3640
2078,323,2401
74,218,292
896,883,1779
1469,915,2384
701,1873,2574
1389,309,1698
1515,486,2001
874,301,1175
188,1971,2159
266,1941,2207
106,684,790
780,1607,2387
34,322,356
1615,660,2275
630,815,1445
700,2776,3476
110,301,411
619,1975,2594
1377,477,1854
155,836,991
500,1564,2064
845,784,1629
1687,704,2391
230,1108,1338
722,1630,2352
799,2794,3593
251,1509,1760
1399,663,2062
693,666,1359
411,606,1017
308,2405,2713
1076,535,1611
1823,775,2598
467,1943,2410
1309,374,1683
79,364,443
762,546,1308
527,2202,2729
345,697,1042
1002,1476,2478
614,673,1287
1151,2244,3395
159,1222,1381
1786,1563,3349
680,242,922
288,863,1151
196,1952,2148
1735,755,2490
503,510,1013
571,571,1142
303,1870,2173
389,525,914
700,668,1368
1086,1127,2213
1306,1411,2717
242,498,740
532,485,1017
580,747,1327
1407,1001,2408
2774,1165,3939
383,380,763
453,500,953
335,1142,1477
1390,1929,3319
1016,480,1496
381,1519,1900
2409,1145,3554
1849,1590,3439
401,324,725
1194,1201,2395
1279,1846,3125
536,1341,1877
767,900,1667
1846,413,2259
692,1551,2243
1021,869,1890
1732,382,2114
1016,417,1433
1416,504,1920
593,298,891
570,1309,1879
1872,781,2653
2586,1376,3962
765,515,1280
688,1338,2026
567,1428,1995
1331,989,2320
821,357,1178
1129,377,1506
371,1705,2076
293,453,746
381,580,961
1526,1021,2547
1177,883,2060
345,486,831
234,1240,1474
1417,1356,2773
422,894,1316
1450,813,2263
203,1227,1430
406,1792,2198
1167,855,2022
480,1055,1535
1151,1236,2387
126,636,762
825,599,1424
1700,969,2669
541,1233,1774
999,1406,2405
916,1243,2159
240,384,624
72,1530,1602
288,1838,2126
1237,848,2085
205,1026,1231
644,1041,1685
901,1192,2093
887,1266,2153
885,617,1502
265,1265,1530
1679,787,2466
322,840,1162
1322,836,2158
2113,1797,3910
1098,303,1401
1098,631,1729
689,1926,2615
1594,407,2001
1090,2586,3676
1595,988,2583
1191,373,1564
1332,2103,3435
651,656,1307
1398,506,1904
1332,1412,2744
587,1007,1594
406,951,1357
1135,419,1554
1043,1655,2698
1135,804,1939
786,326,1112
816,627,1443
435,616,1051
1709,1598,3307
917,1039,1956
345,643,988
1108,870,1978
150,1376,1526
992,1274,2266
525,1412,1937
677,1170,1847
284,1391,1675
987,917,1904
963,953,1916
1629,691,2320
449,637,1086
854,770,1624
770,748,1518
1277,920,2197
846,1270,2116
598,1193,1791
1179,982,2161
887,836,1723
1220,619,1839
424,713,1137
329,553,882
1272,385,1657
341,759,1100
1486,766,2252
465,1169,1634
927,1348,2275
450,693,1143
1215,763,1978
1066,526,1592
601,1166,1767
744,1098,1842
455,1812,2267
576,1249,1825
861,555,1416
139,2217,2356
243,972,1215
1012,1025,2037
609,617,1226
757,685,1442
682,910,1592
505,1054,1559
331,538,869
635,1005,1640
414,949,1363
694,868,1562
1312,744,2056
901,571,1472
636,663,1299
1174,1266,2440
420,760,1180
949,568,1517
473,1193,1666
428,563,991
716,1174,1890
608,695,1303
977,686,1663
2617,568,3185
1686,1044,2730
412,926,1338
674,560,1234
324,894,1218
2053,2236,4289
809,662,1471
937,1096,2033
708,554,1262
2125,824,2949
708,436,1144
965,508,1473
475,628,1103
1112,989,2101
800,535,1335
606,1075,1681
950,647,1597
1239,839,2078
792,494,1286
952,808,1760
599,597,1196
506,1214,1720
1389,2311,3700
889,1229,2118
372,576,948
764,435,1199
371,2439,2810
938,1265,2203
682,562,1244
1038,1380,2418
727,1164,1891
627,1126,1753
701,344,1045
509,781,1290
2140,707,2847
299,459,758
475,778,1253
972,1043,2015
453,844,1297
1086,776,1862
1253,850,2103
871,236,1107
1039,406,1445
2226,914,3140
1319,666,1985
1123,1020,2143
883,1235,2118
511,707,1218
960,783,1743
1588,315,1903
677,827,1504
625,987,1612
1521,359,1880
618,681,1299
762,1699,2461
845,402,1247
747,2167,2914
741,471,1212
2593,639,3232
442,700,1142
1175,1925,3100
802,1062,1864
606,553,1159
1290,1451,2741
1109,2359,3468
655,783,1438
529,1091,1620
1109,1312,2421
1134,2315,3449
163,1014,1177
1234,1341,2575
447,966,1413
625,1870,2495
869,1102,1971
185,965,1150
964,1285,2249
1298,1270,2568
187,554,741
1136,865,2001
1367,1330,2697
2126,578,2704
1609,1398,3007
1681,474,2155
893,394,1287
657,604,1261
1819,755,2574
166,1369,1535
2162,872,3034
923,409,1332
474,1402,1876
314,1048,1362
1020,384,1404
950,540,1490
852,550,1402
1243,333,1576
307,467,774
707,767,1474
2222,667,2889
845,1092,1937
494,610,1104
858,973,1831
1204,1006,2210
1193,898,2091
789,1791,2580
1196,734,1930
405,286,691
769,1799,2568
636,698,1334
742,947,1689
319,515,834
287,1766,2053
270,788,1058
125,1270,1395
1272,553,1825
373,547,920
537,1239,1776
1099,722,1821
948,507,1455
343,1631,1974
1625,479,2104
688,843,1531
905,1241,2146
164,1993,2157
547,607,1154
861,751,1612
857,1520,2377
1201,785,1986
842,1193,2035
491,1317,1808
1577,562,2139
128,942,1070
1187,858,2045
1169,925,2094
214,2251,2465
1319,301,1620
309,757,1066
389,1965,2354
1297,1499,2796
1087,315,1402
809,540,1349
776,615,1391
1885,772,2657
1573,552,2125
593,1948,2541
1622,726,2348
570,1194,1764
158,582,740
775,337,1112
529,863,1392
381,1464,1845
166,635,801
648,2143,2791
614,1312,1926
685,1343,2028
1901,914,2815
421,1322,1743
510,1420,1930
251,649,900
1708,736,2444
1191,1356,2547
716,1228,1944
267,824,1091
931,1114,2045
1818,568,2386
880,1941,2821
460,1138,1598
365,1782,2147
439,2040,2479
640,864,1504
2135,943,3078
1149,518,1667
857,489,1346
1045,699,1744
828,1967,2795
352,709,1061
1287,1450,2737
1288,750,2038
478,724,1202
633,1366,1999
685,1660,2345
1076,1578,2654
1204,907,2111
2006,554,2560
464,1711,2175
822,836,1658
1157,658,1815
281,687,968
609,2005,2614
541,1363,1904
422,1635,2057
522,1978,2500
1410,560,1970
1181,1130,2311
1099,792,1891
1261,516,1777
1145,976,2121
569,880,1449
1622,950,2572
738,954,1692
629,1321,1950
473,1886,2359
1564,1096,2660
605,2587,3192
331,1291,1622
508,767,1275
1921,605,2526
1111,2080,3191
593,1035,1628
695,1098,1793
1752,1284,3036
1571,1031,2602
849,563,1412
775,878,1653
534,515,1049
1341,1031,2372
373,749,1122
181,827,1008
1306,696,2002
422,719,1141
2457,598,3055
711,1031,1742
443,730,1173
962,502,1464
604,635,1239
767,1290,2057
973,759,1732
989,516,1505
958,820,1778
301,1045,1346
792,665,1457
700,749,1449
572,1331,1903
852,1057,1909
846,863,1709
863,1024,1887
347,1090,1437
658,392,1050
922,868,1790
683,599,1282
619,713,1332
473,572,1045
1221,318,1539
537,1374,1911
868,848,1716
773,325,1098
636,662,1298
584,2180,2764
1839,582,2421
990,346,1336
971,524,1495
442,842,1284
1891,522,2413
1202,785,1987
1585,2302,3887
1129,1424,2553
598,591,1189
633,689,1322
423,2297,2720
546,1340,1886
603,1930,2533
308,1108,1416
438,823,1261
347,1240,1587
620,738,1358
875,883,1758
962,558,1520
586,714,1300
405,954,1359
497,629,1126
833,352,1185
1026,366,1392
181,915,1096
490,2294,2784
1398,248,1646
581,407,988
617,1183,1800
2050,789,2839
140,1008,1148
1288,475,1763
440,1771,2211
1242,1302,2544
487,797,1284
530,666,1196
290,1612,1902
787,565,1352
668,405,1073
2200,700,2900
985,1043,2028
800,877,1677
729,733,1462
469,1459,1928
1924,289,2213
784,526,1310
266,1078,1344
108,608,716
1977,1150,3127
686,2196,2882
2204,851,3055
577,757,1334
1295,447,1742
932,637,1569
370,665,1035
313,1522,1835
543,718,1261
533,653,1186
904,1198,2102
838,2104,2942
1744,295,2039
650,721,1371
965,1100,2065
771,412,1183
1125,690,1815
162,826,988
63,1110,1173
115,749,864
580,1446,2026
1558,488,2046
384,410,794
1849,1556,3405
187,773,960
473,395,868
419,611,1030
617,374,991
250,1364,1614
493,659,1152
757,298,1055
986,602,1588
1347,1868,3215
1119,2034,3153
717,361,1078
436,1224,1660
1163,1630,2793
235,377,612
512,1647,2159
861,2134,2995
257,342,599
1063,679,1742
512,601,1113
761,2449,3210
545,1025,1570
244,695,939
457,828,1285
61,403,464
662,2375,3037
999,1242,2241
164,424,588
1256,1738,2994
120,1052,1172
882,1032,1914
1648,1114,2762
560,862,1422
457,740,1197
601,1301,1902
1353,670,2023
608,880,1488
456,2157,2613
518,766,1284
958,552,1510
807,2167,2974
839,601,1440
644,400,1044
2321,592,2913
726,1963,2689
2261,1112,3373
721,395,1116
1968,915,2883
1184,1655,2839
213,470,683
2137,2087,4224
352,469,821
1836,928,2764
227,998,1225
1831,628,2459
1228,1369,2597
1426,1214,2640
556,1613,2169
2107,547,2654
1870,660,2530
612,1637,2249
307,416,723
953,674,1627
1484,492,1976
943,1197,2140
160,644,804
928,1353,2281
230,1066,1296
430,555,985
238,677,915
2335,1168,3503
658,621,1279
254,1388,1642
1833,1908,3741
1571,1575,3146
647,1174,1821
1021,1982,3003
854,1410,2264
928,1160,2088
489,1203,1692
302,1412,1714
460,1522,1982
1280,461,1741
477,810,1287
479,1207,1686
927,1039,1966
320,599,919
597,1429,2026
1321,466,1787
578,719,1297
957,773,1730
478,826,1304
1035,818,1853
1448,427,1875
416,1047,1463
1993,981,2974
739,1097,1836
1325,482,1807
568,805,1373
416,859,1275
1078,389,1467
539,896,1435
469,1349,1818
1330,407,1737
1044,909,1953
599,561,1160
783,534,1317
1775,1547,3322
655,574,1229
369,1041,1410
787,1085,1872
1079,1597,2676
939,518,1457
731,899,1630
1258,1744,3002
529,810,1339
357,537,894
966,721,1687
660,360,1020
1453,347,1800
249,747,996
864,740,1604
392,404,796
882,788,1670
1882,1125,3007
357,514,871
1242,741,1983
420,419,839
399,820,1219
316,1110,1426
1509,1913,3422
747,1439,2186
683,826,1509
1279,674,1953
913,1536,2449
483,615,1098
382,852,1234
1039,2171,3210
1521,718,2239
785,838,1623
1391,1092,2483
609,681,1290
1341,1076,2417
1905,500,2405
886,172,1058
378,871,1249
754,859,1613
926,220,1146
1375,315,1690
1137,1823,2960
1696,499,2195
754,2263,3017
937,694,1631
948,202,1150
492,1939,2431
776,627,1403
1749,812,2561
1032,181,1213
308,622,930
1284,256,1540
2340,324,2664
129,2261,2390
392,770,1162
906,1124,2030
999,879,1878
1999,1426,3425
954,654,1608
787,465,1252
299,577,876
602,701,1303
349,800,1149
1920,309,2229
1586,472,2058
914,1476,2390
688,574,1262
1436,679,2115
947,657,1604
1192,1324,2516
687,1801,2488
1125,719,1844
209,842,1051
1169,1325,2494
347,610,957
196,573,769
384,1237,1621
201,1103,1304
1392,643,2035
567,390,957
279,1226,1505
230,803,1033
471,608,1079
627,699,1326
1396,1516,2912
806,1993,2799
1194,451,1645
442,2406,2848
2776,703,3479
554,1058,1612
314,669,983
640,893,1533
558,1230,1788
1394,1717,3111
639,405,1044
471,1547,2018
2747,1840,4587
552,1231,1783
752,1199,1951
1395,1444,2839
360,971,1331
745,1892,2637
1048,1150,2198
1307,653,1960
287,988,1275
758,1232,1990
419,1294,1713
1589,1084,2673
1041,1472,2513
764,1105,1869
615,1450,2065
516,1066,1582
1885,1447,3332
566,1077,1643
365,1271,1636
353,1047,1400
2287,1078,3365
566,1376,1942
907,682,1589
968,659,1627
1186,1085,2271
1140,2034,3174
1180,1148,2328
1321,1030,2351
1162,511,1673
893,1553,2446
1739,882,2621
1114,950,2064
1584,783,2367
749,1259,2008
530,937,1467
1416,2278,3694
438,1088,1526
942,964,1906
744,629,1373
817,598,1415
1289,760,2049
950,1270,2220
846,1083,1929
837,351,1188
853,874,1727
1541,1671,3212
1029,935,1964
1026,959,1985
1258,910,2168
1982,1566,3548
905,1310,2215
405,793,1198
954,1191,2145
1344,1071,2415
911,851,1762
1186,1103,2289
1137,1086,2223
1326,1721,3047
745,544,1289
1036,1141,2177
2247,775,3022
1490,793,2283
783,572,1355
1302,716,2018
788,917,1705
791,452,1243
738,780,1518
1240,573,1813
1642,795,2437
441,1017,1458
363,1583,1946
1506,784,2290
416,659,1075
941,1316,2257
332,224,556
595,907,1502
687,477,1164
599,462,1061
773,1363,2136
769,1312,2081
372,478,850
750,1355,2105
338,815,1153
786,1578,2364
993,667,1660
576,1357,1933
643,781,1424
336,517,853
693,1599,2292
623,579,1202
716,1457,2173
952,941,1893
1504,757,2261
1405,1021,2426
458,1298,1756
865,1416,2281
941,725,1666
640,1619,2259
413,508,921
1111,877,1988
669,648,1317
936,1419,2355
386,1270,1656
868,1325,2193
537,661,1198
1394,370,1764
440,1293,1733
46,1076,1122
1207,946,2153
299,1032,1331
686,569,1255
548,580,1128
280,1074,1354
212,1624,1836
622,674,1296
843,1074,1917
535,818,1353
1294,542,1836
409,904,1313
1259,1172,2431
1162,1851,3013
979,378,1357
448,1154,1602
622,618,1240
1299,1195,2494
1016,527,1543
242,867,1109
967,719,1686
476,780,1256
1070,724,1794
878,1419,2297
1132,1223,2355
1546,884,2430
1322,1720,3042
868,421,1289
592,505,1097
728,683,1411
729,1046,1775
959,736,1695
1420,1552,2972
926,1632,2558
1062,618,1680
939,621,1560
1008,1557,2565
1621,948,2569
475,787,1262
319,1073,1392
1298,911,2209
613,701,1314
737,1249,1986
452,934,1386
584,1739,2323
400,1347,1747
1105,1200,2305
517,1157,1674
924,2047,2971
679,663,1342
818,998,1816
389,1985,2374
301,837,1138
835,972,1807
972,913,1885
1643,884,2527
1580,709,2289
684,1086,1770
1579,1080,2659
987,1499,2486
738,1098,1836
1762,558,2320
580,690,1270
1022,1105,2127
1171,757,1928
528,883,1411
625,935,1560
951,795,1746
518,1105,1623
674,1463,2137
1356,1147,2503
872,423,1295
950,1441,2391
887,1648,2535
711,1753,2464
805,1195,2000
668,623,1291
999,782,1781
697,460,1157
1532,1246,2778
917,845,1762
845,862,1707
1011,1094,2105
1187,2011,3198
1102,680,1782
380,923,1303
649,1051,1700
1061,617,1678
1992,1230,3222
1311,655,1966
682,1065,1747
460,794,1254
1466,1549,3015
1139,597,1736
708,845,1553
249,1758,2007
434,640,1074
277,866,1143
598,2184,2782
81,1135,1216
271,1336,1607
1127,723,1850
1563,1240,2803
681,1028,1709
395,869,1264
1538,976,2514
452,796,1248
1021,1131,2152
579,1019,1598
1931,377,2308
537,953,1490
950,560,1510
1205,1288,2493
1746,1248,2994
867,520,1387
757,802,1559
710,1229,1939
1087,374,1461
697,1224,1921
808,3211,4019
835,569,1404
1489,1111,2600
1212,766,1978
776,2586,3362
471,349,820
923,924,1847
1103,1039,2142
512,473,985
822,698,1520
959,1245,2204
605,1291,1896
637,769,1406
1715,1337,3052
478,378,856
986,1437,2423
968,353,1321
1115,1018,2133
775,1198,1973
507,584,1091
529,926,1455
1176,944,2120
571,1333,1904
534,1267,1801
897,1212,2109
251,1645,1896
1035,2355,3390
979,934,1913
542,957,1499
1327,620,1947
609,1263,1872
1135,605,1740
909,1363,2272
967,1758,2725
101,617,718
847,1339,2186
1034,2377,3411
1116,624,1740
1075,967,2042
1522,1112,2634
1132,1666,2798
1122,1154,2276
1454,677,2131
1068,879,1947
807,904,1711
1242,800,2042
534,740,1274
566,1254,1820
1289,767,2056
639,654,1293
3099,1069,4168
151,1230,1381
958,476,1434
558,427,985
1560,940,2500
593,478,1071
883,911,1794
558,511,1069
648,373,1021
522,443,965
939,1270,2209
1016,1119,2135
2235,732,2967
610,1667,2277
152,1197,1349
1175,1864,3039
470,1874,2344
579,1779,2358
1090,735,1825
427,1845,2272
264,425,689
1424,955,2379
399,704,1103
1148,1256,2404
907,916,1823
2672,1621,4293
699,1338,2037
1507,1073,2580
192,499,691
2345,2475,4820
1084,1273,2357
274,1023,1297
1097,1827,2924
904,1481,2385
305,1016,1321
758,1940,2698
1201,2055,3256
1961,451,2412
1321,1596,2917
742,1721,2463
1315,781,2096
1724,538,2262
616,1104,1720
378,1044,1422
944,645,1589
1839,502,2341
1722,898,2620
351,513,864
1139,1852,2991
1026,2092,3118
1042,938,1980
636,898,1534
623,329,952
1035,536,1571
1053,1392,2445
896,1234,2130
551,317,868
1088,1106,2194
371,663,1034
352,380,732
1449,1749,3198
774,1035,1809
855,712,1567
1425,1423,2848
1768,1366,3134
939,856,1795
2009,857,2866
712,1819,2531
1831,425,2256
308,728,1036
1108,880,1988
460,1838,2298
733,553,1286
2490,1079,3569
1476,1683,3159
512,2112,2624
1478,1030,2508
621,525,1146
761,895,1656
533,1697,2230
901,1867,2768
1806,1356,3162
2001,1053,3054
686,645,1331
627,1668,2295
1238,800,2038
284,431,715
1886,902,2788
665,281,946
456,943,1399
528,250,778
1704,376,2080
308,561,869
1781,267,2048
498,1113,1611
1685,263,1948
375,597,972
1126,1265,2391
529,656,1185
2105,319,2424
511,388,899
2144,247,2391
931,1404,2335
573,1084,1657
357,276,633
1925,1314,3239
90,1084,1174
2701,556,3257
1560,1924,3484
1720,470,2190
1512,279,1791
2190,680,2870
759,708,1467
582,784,1366
677,576,1253
138,1241,1379
1950,507,2457
1808,1296,3104
976,1579,2555
1544,1416,2960
353,844,1197
404,723,1127
589,478,1067
2370,713,3083
618,1474,2092
633,1151,1784
1618,952,2570
495,1381,1876
1599,402,2001
632,1281,1913
528,408,936
127,1027,1154
1735,1519,3254
1350,924,2274
1717,1852,3569
300,868,1168
625,1128,1753
1614,1423,3037
1597,1756,3353
554,549,1103
836,914,1750
1427,1666,3093
1684,2494,4178
620,421,1041
442,1567,2009
1888,1452,3340
1512,1626,3138
716,319,1035
1273,818,2091
1241,464,1705
308,1133,1441
1027,1881,2908
960,1142,2102
1314,1607,2921
1348,817,2165
1619,485,2104
203,694,897
590,1120,1710
1549,713,2262
225,877,1102
132,1026,1158
974,338,1312
473,654,1127
1040,333,1373
305,470,775
1052,324,1376
2015,2398,4413
818,1184,2002
163,2041,2204
1337,3249,4586
721,217,938
1674,1814,3488
1647,869,2516
136,522,658
664,2178,2842
1653,583,2236
296,863,1159
542,1616,2158
982,1460,2442
780,1342,2122
738,1103,1841
473,258,731
463,1019,1482
61,1421,1482
1406,1419,2825
142,1150,1292
1479,2085,3564
22,1355,1377
1619,1472,3091
291,842,1133
1773,1468,3241
522,739,1261
2005,640,2645
190,334,524
1230,630,1860
813,1755,2568
360,1148,1508
994,514,1508
510,955,1465
818,599,1417
1797,1674,3471
1154,796,1950
789,938,1727
546,1403,1949
255,1909,2164
399,996,1395
1589,1380,2969
787,975,1762
78,1401,1479
976,1366,2342
1275,409,1684
1126,1052,2178
566,1001,1567
1023,1032,2055
2347,1780,4127
926,816,1742
236,1245,1481
777,1050,1827
2988,1648,4636
502,785,1287
1438,289,1727
252,1953,2205
1547,817,2364
1159,603,1762
561,998,1559
1193,1148,2341
959,803,1762
1908,660,2568
2088,1642,3730
1162,909,2071
1042,614,1656
254,1947,2201
1435,452,1887
1149,1255,2404
1050,254,1304
1130,846,1976
1154,754,1908
1674,1420,3094
1378,671,2049
2058,436,2494
536,607,1143
763,780,1543
353,968,1321
415,542,957
671,721,1392
803,762,1565
492,531,1023
1301,1828,3129
2147,356,2503
1154,921,2075
1100,629,1729
234,788,1022
707,1059,1766
1840,493,2333
707,662,1369
924,1410,2334
1913,855,2768
484,1438,1922
439,1613,2052
230,932,1162
341,586,927
956,984,1940
277,581,858
519,560,1079
1047,1114,2161
966,808,1774
728,1976,2704
1328,915,2243
579,1300,1879
195,1365,1560
505,1998,2503
276,983,1259
639,687,1326
441,518,959
541,764,1305
736,1020,1756
538,709,1247
553,965,1518
592,778,1370
764,2133,2897
345,610,955
940,704,1644
757,2039,2796
480,992,1472
1548,1331,2879
611,844,1455
1435,1793,3228
623,603,1226
1851,1093,2944
1792,825,2617
707,1198,1905
722,938,1660
852,411,1263
1131,726,1857
2016,682,2698
1889,543,2432
1426,1120,2546
856,405,1261
1289,412,1701
753,559,1312
1071,1202,2273
867,401,1268
771,1334,2105
652,1014,1666
605,570,1175
769,941,1710
870,1103,1973
667,681,1348
811,1935,2746
365,622,987
913,1510,2423
938,880,1818
1307,1511,2818
586,1138,1724
627,1916,2543
994,461,1455
451,1118,1569
466,1189,1655
1107,412,1519
580,1133,1713
502,1503,2005
365,601,966
1725,312,2037
1087,775,1862
1096,313,1409
394,959,1353
809,1140,1949
1304,539,1843
264,805,1069
702,978,1680
1084,1516,2600
1015,626,1641
573,745,1318
293,805,1098
1379,1313,2692
886,1330,2216
767,389,1156
687,1070,1757
1801,905,2706
658,439,1097
1445,959,2404
809,1239,2048
39,1123,1162
849,1589,2438
721,447,1168
1806,705,2511
65,1414,1479
1152,1021,2173
1483,1022,2505
92,803,895
869,821,1690
204,465,669
1379,969,2348
570,983,1553
131,1289,1420
1058,710,1768
820,443,1263
328,1426,1754
907,874,1781
480,1037,1517
917,612,1529
972,1444,2416
889,646,1535
1108,356,1464
902,1087,1989
284,611,895
640,1887,2527
529,1225,1754
413,471,884
639,243,882
869,1880,2749
438,1502,1940
686,1525,2211
1047,1324,2371
302,1521,1823
777,1409,2186
1579,489,2068
818,1101,1919
1275,682,1957
1368,466,1834
920,1291,2211
1071,987,2058
441,341,782
1205,1448,2653
1347,837,2184
943,936,1879
864,1095,1959
1772,495,2267
980,957,1937
1404,784,2188
1202,925,2127
936,943,1879
1322,705,2027
513,614,1127
758,1455,2213
491,1134,1625
1820,726,2546
364,1576,1940
1250,580,1830
197,889,1086
1149,912,2061
1447,1095,2542
273,1024,1297
1300,408,1708
1543,822,2365
278,1325,1603
878,1645,2523
1048,778,1826
518,1777,2295
280,1081,1361
985,790,1775
337,1811,2148
764,599,1363
773,729,1502
1308,1027,2335
874,1050,1924
1623,827,2450
1539,496,2035
1118,672,1790
1715,387,2102
437,1927,2364
251,888,1139
429,860,1289
967,332,1299
500,1340,1840
273,1014,1287
819,1148,1967
1337,590,1927
661,1725,2386
730,876,1606
683,1062,1745
566,809,1375
400,878,1278
1025,647,1672
811,1003,1814
729,1345,2074
726,1140,1866
1724,856,2580
774,1453,2227
844,1115,1959
318,317,635
906,916,1822
1940,801,2741
693,1404,2097
331,762,1093
386,1295,1681
1213,474,1687
200,768,968
1242,426,1668
972,747,1719
1570,665,2235
770,1054,1824
860,533,1393
706,758,1464
822,1473,2295
805,1358,2163
733,711,1444
652,522,1174
792,1327,2119
131,792,923
1352,448,1800
644,595,1239
908,1030,1938
937,1634,2571
679,634,1313
775,1178,1953
523,553,1076
864,596,1460
1323,897,2220
897,1690,2587
454,1138,1592
799,739,1538
553,576,1129
312,1105,1417
1099,1629,2728
673,663,1336
1256,815,2071
500,1544,2044
592,1143,1735
285,929,1214
1065,1823,2888
232,617,849
598,1810,2408
1191,658,1849
1055,1351,2406
1445,1228,2673
636,887,1523
1511,592,2103
1218,1213,2431
472,522,994
383,638,1021
600,1740,2340
735,800,1535
364,892,1256
908,600,1508
630,929,1559
867,2140,3007
761,718,1479
866,1797,2663
2045,807,2852
1480,889,2369
1238,2152,3390
1883,521,2404
617,1384,2001
1492,1874,3366
1079,708,1787
1850,1157,3007
939,1303,2242
1869,245,2114
1693,1116,2809
1527,1919,3446
1740,331,2071
410,1674,2084
1797,359,2156
1175,876,2051
787,767,1554
988,351,1339
486,1631,2117
949,1175,2124
468,295,763
503,2172,2675
874,413,1287
1431,544,1975
1149,1639,2788
234,373,607
181,656,837
469,1308,1777
1328,1526,2854
222,704,926
643,1667,2310
1083,1978,3061
888,1788,2676
1342,1711,3053
304,394,698
249,628,877
1326,1687,3013
579,838,1417
569,387,956
1699,1022,2721
459,1088,1547
841,556,1397
1300,565,1865
174,541,715
1200,1513,2713
543,1115,1658
271,695,966
989,1870,2859
574,441,1015
717,932,1649
1143,1731,2874
1386,876,2262
928,891,1819
1724,671,2395
1310,653,1963
1516,1084,2600
212,656,868
2113,1212,3325
440,785,1225
577,523,1100
720,1548,2268
1520,1250,2770
809,401,1210
262,872,1134
1003,1005,2008
837,667,1504
1522,1148,2670
706,838,1544
109,2040,2149
1076,674,1750
1158,2422,3580
678,591,1269
870,360,1230
1177,1107,2284
465,1935,2400
330,892,1222
363,1009,1372
826,326,1152
1153,3089,4242
916,1046,1962
701,697,1398
1754,2092,3846
1661,1417,3078
613,632,1245
641,864,1505
1651,924,2575
761,588,1349
1089,474,1563
397,1771,2168
677,470,1147
2513,986,3499
1359,1560,2919
537,784,1321
1952,837,2789
925,1443,2368
767,1039,1806
1056,1604,2660
1884,737,2621
1019,1369,2388
2473,707,3180
1591,773,2364
699,763,1462
1915,811,2726
1152,315,1467
1260,952,2212
793,1240,2033
904,867,1771
769,780,1549
774,383,1157
775,1046,1821
1250,499,1749
471,611,1082
300,1574,1874
1430,814,2244
231,2079,2310
1330,615,1945
517,1548,2065
723,547,1270
768,628,1396
553,1238,1791
708,730,1438
1210,1647,2857
544,1265,1809
1504,954,2458
711,1296,2007
283,927,1210
1346,407,1753
475,641,1116
955,1115,2070
301,1503,1804
1112,367,1479
697,833,1530
663,907,1570
1152,369,1521
709,1326,2035
417,1323,1740
257,425,682
1000,1584,2584
746,676,1422
168,1852,2020
809,1045,1854
205,385,590
678,2224,2902
328,639,967
758,1353,2111
1402,1563,2965
1242,2075,3317
507,1095,1602
939,1274,2213
2013,1503,3516
659,1032,1691
849,2147,2996
1051,1916,2967
771,1385,2156
1738,1193,2931
1464,1232,2696
1012,796,1808
790,525,1315
1977,622,2599
489,1052,1541
1058,1053,2111
559,1096,1655
1226,1518,2744
1380,561,1941
1056,700,1756
239,447,686
1191,1236,2427
1359,454,1813
879,607,1486
307,1130,1437
543,1480,2023
953,611,1564
1093,1268,2361
1153,792,1945
1040,490,1530
1015,941,1956
817,1082,1899
1773,808,2581
1268,945,2213
344,1425,1769
582,472,1054
632,746,1378
410,565,975
495,540,1035
2205,509,2714
561,1452,2013
1364,816,2180
201,3100,3301
380,585,965
1416,1389,2805
674,790,1464
317,1074,1391
269,806,1075
746,1337,2083
1026,1424,2450
986,781,1767
814,727,1541
631,735,1366
1361,2828,4189
378,397,775
969,912,1881
420,654,1074
793,1089,1882
1255,1025,2280
453,600,1053
1059,814,1873
1234,1081,2315
449,726,1175
873,590,1463
314,1227,1541
212,1018,1230
1282,649,1931
738,655,1393
246,2232,2478
313,587,900
861,479,1340
629,944,1573
680,859,1539
1223,798,2021
477,584,1061
661,1153,1814
768,673,1441
1289,910,2199
1066,495,1561
497,894,1391
1034,1566,2600
945,549,1494
957,476,1433
692,1154,1846
1081,916,1997
830,732,1562
1968,2476,4444
660,1370,2030
887,1079,1966
644,734,1378
3030,2483,5513
872,1776,2648
1348,1765,3113
2743,1476,4219
1131,314,1445
603,1145,1748
437,532,969
814,599,1413
490,1146,1636
1009,943,1952
945,665,1610
886,650,1536
593,1788,2381
2489,1226,3715
875,509,1384
1220,517,1737
643,757,1400
2133,783,2916
1037,613,1650
478,888,1366
534,1228,1762
786,476,1262
1055,1575,2630
2387,537,2924
776,854,1630
321,1383,1704
585,293,878
1578,770,2348
1440,734,2174
1636,785,2421
352,597,949
431,1449,1880
1189,785,1974
1385,1248,2633
489,1357,1846
73,1276,1349
307,634,941
1688,1411,3099
549,843,1392
404,1042,1446
616,931,1547
581,1674,2255
532,1130,1662
672,1421,2093
638,364,1002
1561,487,2048
634,1402,2036
726,512,1238
568,1385,1953
461,1053,1514
404,315,719
1129,1142,2271
1124,1228,2352
1243,899,2142
781,1352,2133
1316,1053,2369
894,1184,2078
320,1304,1624
627,724,1351
370,1084,1454
1281,831,2112
1165,441,1606
671,1426,2097
238,1109,1347
502,489,991
1244,992,2236
1178,652,1830
1347,925,2272
644,1151,1795
671,1163,1834
736,810,1546
883,1161,2044
677,1069,1746
305,1193,1498
1184,1661,2845
1201,277,1478
745,560,1305
362,1409,1771
1242,1265,2507
1414,1019,2433
630,963,1593
1006,661,1667
1181,987,2168
1042,733,1775
1163,388,1551
1359,739,2098
842,283,1125
1081,1285,2366
1023,734,1757
1220,1194,2414
751,555,1306
1566,593,2159
1025,630,1655
172,942,1114
1411,571,1982
501,1470,1971
912,455,1367
985,536,1521
1039,637,1676
1003,734,1737
484,1504,1988
620,513,1133
1210,526,1736
465,1126,1591
1059,1325,2384
609,476,1085
1251,721,1972
907,1145,2052
494,617,1111
592,819,1411
844,1073,1917
1038,933,1971
848,1168,2016
592,510,1102
1009,2212,3221
494,612,1106
1342,639,1981
551,2007,2558
572,938,1510
254,1379,1633
307,538,845
998,1033,2031
445,701,1146
375,1120,1495
334,587,921
1265,704,1969
914,1732,2646
671,1718,2389
623,1516,2139
434,1253,1687
1420,1099,2519
698,1004,1702
1051,1103,2154
540,997,1537
2222,926,3148
564,1109,1673
1164,1216,2380
1931,927,2858
425,1262,1687
1074,1211,2285
742,2478,3220
851,1005,1856
508,1394,1902
295,2743,3038
447,1267,1714
1083,1094,2177
496,1025,1521
487,1428,1915
822,1517,2339
1013,732,1745
1551,489,2040
1547,939,2486
405,1977,2382
897,2102,2999
613,1121,1734
1014,935,1949
992,591,1583
621,1570,2191
1128,821,1949
1236,576,1812
1066,1055,2121
1154,1548,2702
627,1137,1764
2359,985,3344
1302,677,1979
1106,812,1918
1371,1134,2505
2540,874,3414
424,851,1275
1187,761,1948
852,818,1670
691,505,1196
526,586,1112
857,673,1530
453,450,903
1400,1086,2486
1911,828,2739
246,618,864
975,1651,2626
42,716,758
1400,483,1883
868,1260,2128
675,244,919
912,1182,2094
523,1607,2130
1004,1017,2021
1834,1152,2986
1019,1080,2099
782,646,1428
1176,2086,3262
1110,1488,2598
1494,676,2170
381,276,657
1096,1661,2757
1511,1107,2618
545,286,831
1076,1646,2722
1304,1217,2521
2379,192,2571
1375,310,1685
1186,491,1677
711,899,1610
1564,215,1779
706,986,1692
1030,824,1854
607,823,1430
724,786,1510
1448,377,1825
456,886,1342
1658,305,1963
1498,225,1723
1678,707,2385
1359,527,1886
1335,526,1861
1260,1234,2494
410,271,681
1526,768,2294
1109,1116,2225
556,1177,1733
729,412,1141
880,1029,1909
1438,1062,2500
529,989,1518
1274,932,2206
444,917,1361
1111,680,1791
617,336,953
1053,387,1440
455,948,1403
889,1096,1985
1027,567,1594
1597,389,1986
886,395,1281
1011,845,1856
1100,504,1604
968,656,1624
509,861,1370
1014,711,1725
738,582,1320
305,1140,1445
1060,1484,2544
840,429,1269
762,657,1419
219,1170,1389
238,655,893
1695,356,2051
729,674,1403
1498,1231,2729
963,434,1397
1316,1990,3306
962,832,1794
308,1109,1417
817,2194,3011
776,1450,2226
256,649,905
385,1587,1972
1136,1629,2765
1190,290,1480
440,1620,2060
403,1154,1557
705,457,1162
961,1022,1983
1371,1348,2719
561,1755,2316
1411,364,1775
1162,1767,2929
531,641,1172
983,1647,2630
1499,371,1870
50,2254,2304
626,1215,1841
373,506,879
294,926,1220
2061,782,2843
561,1107,1668
934,337,1271
423,1079,1502
2063,927,2990
933,1415,2348
412,2322,2734
773,1358,2131
674,857,1531
1571,1125,2696
601,1205,1806
1375,1456,2831
2181,549,2730
1181,922,2103
145,571,716
1487,1115,2602
1321,566,1887
554,867,1421
1601,1084,2685
552,830,1382
850,348,1198
1453,776,2229
729,2504,3233
1013,380,1393
422,2482,2904
491,1594,2085
100,717,817
209,2746,2955
600,2092,2692
958,1074,2032
1607,2085,3692
259,799,1058
687,650,1337
2143,1443,3586
1014,369,1383
321,1323,1644
353,1510,1863
544,643,1187
448,1176,1624
384,1791,2175
400,595,995
751,1501,2252
923,649,1572
587,2316,2903
187,645,832
736,1449,2185
968,1505,2473
543,380,923
433,1214,1647
866,950,1816
552,371,923
1499,580,2079
517,1348,1865
2387,903,3290
597,819,1416
934,1335,2269
574,1402,1976
1232,779,2011
1575,1659,3234
818,937,1755
547,389,936
2046,1175,3221
1213,1877,3090
205,634,839
936,2135,3071
1614,607,2221
1062,235,1297
1353,1393,2746
267,699,966
1314,1045,2359
2673,964,3637
1115,1203,2318
458,973,1431
1911,1569,3480
2179,1227,3406
1654,858,2512
586,1114,1700
1962,1755,3717
1226,801,2027
768,1187,1955
461,728,1189
1084,400,1484
1117,1584,2701
2042,422,2464
1240,981,2221
1105,1026,2131
828,1825,2653
879,971,1850
1308,556,1864
1535,536,2071
529,1978,2507
1403,1204,2607
1096,428,1524
1032,1137,2169
540,2765,3305
760,1405,2165
271,1030,1301
1097,1143,2240
1008,376,1384
1642,473,2115
303,749,1052
1577,567,2144
1687,457,2144
505,1448,1953
340,640,980
1056,980,2036
1290,658,1948
455,893,1348
982,401,1383
952,958,1910
1036,682,1718
896,772,1668
612,1361,1973
845,1234,2079
528,519,1047
268,612,880
650,1470,2120
211,1201,1412
1181,554,1735
439,1457,1896
1216,729,1945
924,1663,2587
507,536,1043
634,1266,1900
367,583,950
536,695,1231
622,833,1455
283,971,1254
674,522,1196
1126,510,1636
864,769,1633
432,2645,3077
574,1494,2068
1434,499,1933
662,2008,2670
374,633,1007
1041,403,1444
1359,1883,3242
1034,2579,3613
655,551,1206
1278,1377,2655
427,580,1007
1795,2159,3954
1828,886,2714
485,840,1325
372,628,1000
2535,1694,4229
498,584,1082
1786,346,2132
1116,2138,3254
494,602,1096
1228,357,1585
1262,567,1829
827,726,1553
823,352,1175
546,2249,2795
470,1429,1899
1380,1727,3107
1573,2012,3585
737,357,1094
2668,1597,4265
1073,1037,2110
682,1232,1914
465,456,921
399,497,896
171,372,543
614,1243,1857
1405,1724,3129
305,493,798
2435,1165,3600
541,1063,1604
323,1033,1356
720,782,1502
445,551,996
563,793,1356
2235,1052,3287
1332,459,1791
491,1145,1636
839,1945,2784
1954,892,2846
1133,618,1751
460,1192,1652
301,536,837
560,1560,2120
342,1052,1394
1606,676,2282
1932,1018,2950
635,1586,2221
968,756,1724
1613,951,2564
1536,1142,2678
1141,512,1653
1072,487,1559
915,1013,1928
1352,1427,2779
301,857,1158
667,1881,2548
831,828,1659
205,951,1156
667,625,1292
546,1621,2167
1875,1202,3077
1084,457,1541
1012,989,2001
823,1141,1964
1959,778,2737
1039,1365,2404
959,1118,2077
1495,843,2338
349,1148,1497
628,1725,2353
835,929,1764
583,549,1132
372,1378,1750
748,657,1405
237,790,1027
386,627,1013
833,1030,1863
1753,695,2448
1386,1225,2611
776,765,1541
648,687,1335
914,1204,2118
299,736,1035
884,1159,2043
1021,1126,2147
1003,614,1617
676,723,1399
1450,1135,2585
536,801,1337
1065,365,1430
271,830,1101
1147,795,1942
1305,520,1825
1456,877,2333
703,1085,1788
915,545,1460
1028,707,1735
427,818,1245
603,1146,1749
1069,531,1600
830,671,1501
1066,596,1662
501,938,1439
454,586,1040
460,946,1406
911,618,1529
700,692,1392
1112,1268,2380
1277,724,2001
1111,490,1601
659,840,1499
206,946,1152
408,2062,2470
589,573,1162
1144,1581,2725
371,1362,1733
692,1082,1774
884,326,1210
971,1823,2794
656,748,1404
773,1870,2643
495,562,1057
664,930,1594
580,914,1494
626,1665,2291
643,1343,1986
477,2980,3457
1276,1033,2309
491,999,1490
652,3159,3811
737,1445,2182
270,825,1095
279,1193,1472
1901,1735,3636
837,1309,2146
854,610,1464
709,1606,2315
2924,786,3710
710,1433,2143
1035,1235,2270
1174,1013,2187
549,813,1362
709,658,1367
1676,867,2543
760,1784,2544
760,767,1527
1724,914,2638
1322,1302,2624
1596,640,2236
1194,878,2072
496,930,1426
103,1395,1498
864,525,1389
1137,832,1969
364,1457,1821
609,754,1363
768,900,1668
1118,1159,2277
783,798,1581
491,767,1258
2925,417,3342
435,597,1032
530,508,1038
793,1094,1887
680,415,1095
707,932,1639
576,556,1132
1231,717,1948
1168,696,1864
796,707,1503
1648,1004,2652
678,409,1087
1298,570,1868
1706,512,2218
356,411,767
616,376,992
889,585,1474
842,707,1549
376,417,793
470,415,885
958,1683,2641
857,1850,2707
1268,814,2082
1228,914,2142
499,559,1058
858,605,1463
637,1080,1717
1287,1482,2769
550,1101,1651
340,678,1018
838,2535,3373
528,1292,1820
313,634,947
582,1164,1746
819,2684,3503
432,879,1311
637,1259,1896
719,2564,3283
356,1517,1873
1484,2024,3508
1722,1298,3020
558,585,1143
211,1627,1838
286,360,646
851,1215,2066
280,978,1258
816,956,1772
1532,1798,3330
605,876,1481
1402,982,2384
2559,1119,3678
570,1303,1873
2787,629,3416
967,1681,2648
541,978,1519
1458,1252,2710
1091,1051,2142
1328,1012,2340
1998,313,2311
1178,957,2135
747,631,1378
1565,283,1848
1632,593,2225
1421,489,1910
2405,987,3392
1041,686,1727
1145,1171,2316
2470,1050,3520
1575,1343,2918
263,613,876
2162,1031,3193
1200,262,1462
467,826,1293
446,1208,1654
964,1033,1997
1843,645,2488
606,1350,1956
1025,1099,2124
1342,1110,2452
1035,1055,2090
986,541,1527
818,1727,2545
959,1594,2553
774,362,1136
1659,862,2521
1087,1030,2117
299,662,961
347,1339,1686
836,1137,1973
828,553,1381
1456,1283,2739
266,1283,1549
845,560,1405
1347,892,2239
1041,756,1797
261,548,809
291,671,962
821,859,1680
618,267,885
733,963,1696
618,939,1557
1035,663,1698
550,2030,2580
585,817,1402
828,802,1630
1239,917,2156
967,1806,2773
260,1111,1371
907,838,1745
376,1090,1466
809,366,1175
574,277,851
985,926,1911
566,966,1532
777,733,1510
634,819,1453
779,2348,3127
828,340,1168
1411,1393,2804
1126,985,2111
736,1393,2129
725,563,1288
820,362,1182
1448,1277,2725
782,994,1776
489,388,877
1190,492,1682
716,1075,1791
502,649,1151
610,733,1343
814,1226,2040
151,1152,1303
1363,1854,3217
872,1346,2218
1619,1190,2809
183,446,629
421,1218,1639
2232,1105,3337
974,639,1613
708,1084,1792
185,1191,1376
571,2211,2782
896,1158,2054
471,1031,1502
889,374,1263
149,1011,1160
953,805,1758
1262,748,2010
457,1256,1713
1216,1210,2426
1233,2875,4108
489,999,1488
836,1171,2007
1854,2630,4484
280,709,989
1027,589,1616
342,1102,1444
1234,996,2230
1259,1029,2288
1004,848,1852
766,829,1595
1154,903,2057
390,1325,1715
1320,1293,2613
1139,548,1687
670,1901,2571
322,1160,1482
989,887,1876
1664,1845,3509
293,1173,1466
606,1159,1765
588,1103,1691
965,1047,2012
717,964,1681
773,585,1358
595,961,1556
1231,2129,3360
745,720,1465
1116,479,1595
1009,1283,2292
260,1409,1669
1043,631,1674
477,574,1051
1200,1353,2553
974,756,1730
2684,1372,4056
821,200,1021
2204,1329,3533
920,799,1719
369,1487,1856
823,857,1680
525,611,1136
1227,1346,2573
832,1735,2567
731,1222,1953
1131,1134,2265
835,382,1217
1738,1543,3281
439,640,1079
2431,1240,3671
583,651,1234
1311,1378,2689
550,1138,1688
189,694,883
1669,1588,3257
482,786,1268
983,868,1851
810,1076,1886
1019,1330,2349
1198,723,1921
937,1095,2032
1276,629,1905
860,1406,2266
562,1261,1823
1154,1109,2263
520,1347,1867
547,737,1284
1186,1817,3003
578,1179,1757
1143,927,2070
346,563,909
850,1221,2071
1057,883,1940
1265,958,2223
578,862,1440
928,945,1873
1171,619,1790
1245,1750,2995
1081,710,1791
528,877,1405
1122,608,1730
1621,1572,3193
463,913,1376
602,790,1392
1704,1223,2927
1098,681,1779
1937,1166,3103
899,768,1667
1049,1071,2120
703,628,1331
969,367,1336
720,435,1155
691,524,1215
1629,637,2266
483,695,1178
949,1370,2319
1540,689,2229
1238,593,1831
500,1203,1703
1520,537,2057
601,774,1375
1148,593,1741
526,607,1133
1257,1129,2386
524,623,1147
328,767,1095
1133,1350,2483
681,1371,2052
499,283,782
629,496,1125
1360,625,1985
1196,1988,3184
793,638,1431
1080,540,1620
723,1487,2210
822,1115,1937
521,297,818
595,402,997
452,493,945
1276,1176,2452
330,1147,1477
671,538,1209
677,1192,1869
1128,338,1466
416,539,955
583,1294,1877
562,466,1028
1025,1436,2461
540,577,1117
96,670,766
1036,1198,2234
818,1567,2385
132,728,860
788,1785,2573
1431,2440,3871
439,470,909
547,2510,3057
536,976,1512
1041,2761,3802
540,1917,2457
1010,785,1795
1925,1628,3553
1098,1275,2373
423,548,971
442,574,1016
1687,764,2451
477,545,1022
331,722,1053
1295,866,2161
495,583,1078
1014,821,1835
2251,979,3230
625,2258,2883
391,639,1030
2771,506,3277
850,1039,1889
409,651,1060
747,548,1295
1248,1309,2557
524,1018,1542
1475,1619,3094
391,706,1097
1089,957,2046
744,548,1292
1071,1401,2472
1887,346,2233
911,341,1252
251,1236,1487
625,502,1127
255,398,653
410,1384,1794
1258,1200,2458
447,752,1199
374,367,741
1121,1451,2572
2427,859,3286
1144,806,1950
501,588,1089
305,464,769
480,1365,1845
783,1116,1899
1603,541,2144
330,2212,2542
320,540,860
840,1588,2428
603,1268,1871
2221,1350,3571
1185,1299,2484
403,2922,3325
496,1544,2040
333,520,853
1278,1143,2421
804,1547,2351
197,904,1101
366,1535,1901
1131,1130,2261
976,2378,3354
305,870,1175
434,1507,1941
458,1534,1992
1392,477,1869
393,980,1373
180,1499,1679
1175,808,1983
1410,308,1718
1252,1155,2407
642,1322,1964
2218,1295,3513
993,1067,2060
358,723,1081
1537,1292,2829
893,988,1881
726,1410,2136
762,615,1377
933,1681,2614
1152,1286,2438
472,1819,2291
918,1474,2392
1371,1239,2610
987,711,1698
1186,1053,2239
495,1296,1791
1173,1339,2512
653,637,1290
1519,368,1887
951,981,1932
539,1548,2087
1389,919,2308
1364,1598,2962
2853,768,3621
693,772,1465
773,1513,2286
509,1671,2180
541,735,1276
1275,340,1615
1251,714,1965
1154,1041,2195
1352,786,2138
1259,960,2219
2209,1366,3575
1215,1282,2497
914,501,1415
946,536,1482
1113,1434,2547
574,742,1316
122,719,841
1401,668,2069
768,704,1472
1189,909,2098
1506,611,2117
1492,658,2150
602,986,1588
1450,340,1790
353,867,1220
1024,1138,2162
1462,1655,3117
557,638,1195
1308,1576,2884
619,719,1338
904,990,1894
601,615,1216
1534,1147,2681
398,1854,2252
1710,1838,3548
451,1185,1636
218,1982,2200
576,851,1427
607,778,1385
900,780,1680
463,669,1132
966,1018,1984
701,1144,1845
538,1253,1791
1300,527,1827
412,1436,1848
320,1962,2282
218,710,928
1128,1551,2679
849,598,1447
778,1177,1955
527,650,1177
1741,729,2470
1590,1152,2742
1281,1397,2678
427,779,1206
2011,502,2513
1748,878,2626
1110,575,1685
1728,530,2258
431,938,1369
748,649,1397
702,260,962
547,1084,1631
488,1399,1887
806,847,1653
1045,1005,2050
584,1157,1741
855,565,1420
567,833,1400
634,1129,1763
518,1101,1619
1347,1372,2719
584,684,1268
961,1735,2696
1338,689,2027
1066,507,1573
1249,965,2214
1509,691,2200
629,945,1574
563,786,1349
595,1526,2121
444,1043,1487
910,1050,1960
632,2019,2651
389,1369,1758
1512,948,2460
1410,890,2300
1213,699,1912
1107,940,2047
1929,322,2251
2075,262,2337
1013,901,1914
726,851,1577
1725,206,1931
1012,768,1780
555,210,765
989,234,1223
534,1373,1907
421,1390,1811
1101,495,1596
925,1048,1973
1173,272,1445
1454,483,1937
1185,1297,2482
1579,338,1917
949,675,1624
1249,1054,2303
333,1301,1634
1058,1249,2307
752,1036,1788
660,1036,1696
282,1528,1810
1317,957,2274
764,599,1363
891,1295,2186
1098,594,1692
1077,776,1853
1119,1185,2304
1399,483,1882
109,1289,1398
1461,880,2341
452,818,1270
1339,1183,2522
1274,585,1859
1199,728,1927
291,813,1104
1033,1184,2217
841,731,1572
405,642,1047
348,609,957
677,433,1110
649,1054,1703
1443,1186,2629
654,287,941
679,469,1148
1210,1415,2625
699,1133,1832
922,875,1797
459,1252,1711
726,791,1517
754,1413,2167
608,630,1238
898,363,1261
1001,768,1769
936,632,1568
1437,488,1925
320,610,930
1013,1166,2179
1226,884,2110
330,1092,1422
491,1125,1616
1090,674,1764
638,321,959
610,877,1487
393,777,1170
1960,289,2249
607,877,1484
127,819,946
477,1232,1709
674,287,961
1319,453,1772
225,1191,1416
136,845,981
619,613,1232
1103,729,1832
915,2465,3380
753,956,1709
1319,1077,2396
302,653,955
754,949,1703
696,334,1030
613,882,1495
1105,1102,2207
381,656,1037
637,729,1366
1134,2163,3297
581,1646,2227
759,539,1298
515,1011,1526
873,589,1462
985,859,1844
1241,480,1721
406,1026,1432
886,1895,2781
1145,1048,2193
369,603,972
1090,1456,2546
311,1096,1407
928,1734,2662
995,1525,2520
1200,1083,2283
764,487,1251
575,943,1518
719,556,1275
734,1039,1773
646,775,1421
953,612,1565
2171,440,2611
677,1094,1771
574,923,1497
306,908,1214
1931,612,2543
1457,916,2373
989,360,1349
576,657,1233
446,2583,3029
187,987,1174
1340,896,2236
837,507,1344
453,887,1340
798,1352,2150
470,3711,4181
1575,621,2196
2152,1733,3885
539,1052,1591
658,427,1085
1433,652,2085
876,626,1502
739,666,1405
2370,1616,3986
440,1252,1692
970,1015,1985
566,955,1521
3619,394,4013
777,970,1747
358,606,964
1691,369,2060
995,895,1890
383,750,1133
902,882,1784
1442,421,1863
826,742,1568
808,802,1610
523,1075,1598
709,1081,1790
880,684,1564
507,812,1319
907,1167,2074
337,335,672
1158,445,1603
393,847,1240
703,949,1652
184,679,863
666,596,1262
606,705,1311
195,1182,1377
664,564,1228
307,465,772
510,1027,1537
1024,357,1381
559,858,1417
358,1156,1514
305,697,1002
797,409,1206
843,700,1543
717,761,1478
374,944,1318
915,707,1622
882,1933,2815
665,412,1077
632,847,1479
458,712,1170
879,1657,2536
470,738,1208
368,1333,1701
761,959,1720
489,1266,1755
1106,283,1389
638,2279,2917
795,2525,3320
910,1052,1962
728,486,1214
985,564,1549
122,755,877
624,519,1143
805,926,1731
191,569,760
877,2291,3168
428,471,899
1330,2033,3363
358,705,1063
1186,672,1858
246,1119,1365
1026,417,1443
807,920,1727
775,467,1242
724,1124,1848
366,927,1293
764,617,1381
512,380,892
468,889,1357
994,2158,3152
283,293,576
311,1165,1476
327,306,633
1925,1499,3424
642,1326,1968
674,865,1539
933,1337,2270
1618,1860,3478
357,380,737
885,1905,2790
795,1103,1898
578,1546,2124
309,359,668
1829,1361,3190
507,1055,1562
640,1141,1781
687,1694,2381
1298,356,1654
589,901,1490
1175,427,1602
2506,1192,3698
764,812,1576
1308,2566,3874
839,549,1388
170,623,793
2060,1783,3843
974,1195,2169
874,443,1317
925,442,1367
1342,938,2280
433,431,864
439,1087,1526
1838,534,2372
176,1002,1178
738,720,1458
1287,513,1800
263,1200,1463
635,376,1011
235,1057,1292
191,1662,1853
484,500,984
923,1551,2474
468,651,1119
284,2697,2981
970,1095,2065
815,1617,2432
512,878,1390
1715,1769,3484
530,689,1219
792,366,1158
2142,837,2979
2022,1510,3532
45,684,729
859,1086,1945
226,1128,1354
1157,2110,3267
1117,1219,2336
2592,1548,4140
280,1039,1319
578,2078,2656
1467,2752,4219
304,1380,1684
383,999,1382
1000,2653,3653
1128,2404,3532
1538,1275,2813
1620,1669,3289
1039,932,1971
917,1325,2242
1661,1791,3452
1481,1351,2832
991,1358,2349
2693,1215,3908
1482,1397,2879
1398,1986,3384
173,1319,1492
664,1060,1724
488,1530,2018
1720,2466,4186
589,1648,2237
866,1170,2036
1314,2801,4115
650,1668,2318
1346,761,2107
1821,1467,3288
1628,1279,2907
2622,782,3404
900,762,1662
676,1408,2084
1151,957,2108
2254,908,3162
1158,692,1850
1798,934,2732
1166,629,1795
888,2704,3592
601,706,1307
1098,1102,2200
1971,1648,3619
795,420,1215
1066,355,1421
1275,1135,2410
812,420,1232
722,818,1540
1532,1668,3200
774,1377,2151
212,1365,1577
641,449,1090
2715,741,3456
2516,1110,3626
982,765,1747
987,1107,2094
719,791,1510
988,954,1942
1394,823,2217
1440,1451,2891
306,448,754
665,969,1634
1317,1367,2684
228,691,919
1688,1393,3081
303,964,1267
1453,1166,2619
341,681,1022
957,1954,2911
1365,581,1946
924,1698,2622
450,1665,2115
1419,1371,2790
1017,407,1424
1162,1979,3141
316,656,972
528,2128,2656
876,1780,2656
1031,1649,2680
569,515,1084
840,801,1641
436,810,1246
655,2507,3162
600,523,1123
628,1061,1689
1076,1326,2402
1629,865,2494
1017,442,1459
2538,1042,3580
639,902,1541
1616,1064,2680
1871,584,2455
1550,1791,3341
806,1264,2070
312,1770,2082
771,1004,1775
1563,855,2418
952,3037,3989
763,1078,1841
726,1052,1778
658,1496,2154
1207,1739,2946
2001,586,2587
917,1222,2139
1855,1196,3051
478,749,1227
1372,1040,2412
721,1232,1953
284,1241,1525
566,610,1176
1208,897,2105
1223,846,2069
1275,3247,4522
492,1073,1565
513,1030,1543
1008,640,1648
2330,2115,4445
609,1026,1635
1016,399,1415
1628,463,2091
954,813,1767
1734,295,2029
533,1082,1615
742,713,1455
1645,420,2065
1034,526,1560
581,988,1569
1138,565,1703
2971,1164,4135
915,1253,2168
628,726,1354
3068,936,4004
1013,734,1747
962,926,1888
1925,539,2464
878,433,1311
949,458,1407
640,1261,1901
1614,975,2589
722,509,1231
802,416,1218
821,1298,2119
630,659,1289
530,1002,1532
798,1777,2575
1418,1203,2621
531,1596,2127
934,1534,2468
1096,326,1422
925,625,1550
843,398,1241
243,1176,1419
705,296,1001
995,1055,2050
1208,1319,2527
1098,843,1941
437,917,1354
698,598,1296
202,1389,1591
1005,672,1677
414,323,737
1381,320,1701
357,1404,1761
1149,405,1554
1061,815,1876
1369,928,2297
1848,467,2315
451,1567,2018
827,621,1448
1109,775,1884
950,860,1810
619,1008,1627
1211,1048,2259
721,776,1497
1434,550,1984
768,878,1646
399,1301,1700
1481,506,1987
271,1465,1736
858,459,1317
1695,525,2220
948,1760,2708
1585,866,2451
1344,1436,2780
1712,961,2673
1562,1037,2599
1433,1299,2732
953,514,1467
815,384,1199
556,596,1152
457,564,1021
567,516,1083
469,1641,2110
1018,903,1921
1298,351,1649
1513,1059,2572
424,1449,1873
379,535,914
441,1206,1647
1716,442,2158
504,1391,1895
841,663,1504
751,953,1704
553,1222,1775
1848,1337,3185
727,578,1305
1438,318,1756
592,785,1377
1383,1101,2484
1465,288,1753
801,935,1736
1203,303,1506
1271,527,1798
157,285,442
1937,1807,3744
161,1018,1179
602,1144,1746
1202,1534,2736
168,302,470
745,888,1633
744,973,1717
1598,1291,2889
730,908,1638
588,1486,2074
916,497,1413
761,461,1222
735,981,1716
946,1363,2309
1075,854,1929
1395,1567,2962
1140,923,2063
425,1032,1457
1298,1611,2909
384,1824,2208
1567,1037,2604
828,520,1348
219,350,569
1682,601,2283
993,1060,2053
410,577,987
139,975,1114
478,1064,1542
869,939,1808
173,1023,1196
941,520,1461
1227,731,1958
1496,355,1851
455,729,1184
1510,847,2357
1279,897,2176
404,1864,2268
875,904,1779
407,2360,2767
413,2115,2528
296,1223,1519
1303,1912,3215
823,597,1420
1275,1170,2445
429,783,1212
1748,1423,3171
621,2196,2817
511,804,1315
928,734,1662
198,838,1036
558,1274,1832
451,691,1142
772,1350,2122
945,1969,2914
771,334,1105
891,596,1487
614,1956,2570
1210,1853,3063
772,334,1106
893,915,1808
2206,929,3135
786,1275,2061
1686,865,2551
915,1387,2302
996,1035,2031
986,779,1765
1768,1121,2889
1985,620,2605
604,1402,2006
800,1931,2731
573,1111,1684
912,2056,2968
567,1389,1956
770,1386,2156
1309,817,2126
294,388,682
480,1570,2050
485,757,1242
1162,780,1942
1394,674,2068
1508,737,2245
1139,572,1711
1137,1783,2920
1470,336,1806
78,898,976
1791,1344,3135
639,339,978
122,1226,1348
744,691,1435
1890,704,2594
2072,1181,3253
654,888,1542
1783,612,2395
318,2037,2355
782,599,1381
1209,393,1602
824,1388,2212
181,1268,1449
1859,901,2760
1745,1984,3729
636,1020,1656
980,1445,2425
893,1338,2231
1099,1630,2729
1143,1135,2278
675,2365,3040
1031,1354,2385
1210,1181,2391
1843,1547,3390
542,1937,2479
520,389,909
749,1733,2482
1271,446,1717
1166,1646,2812
916,809,1725
772,2661,3433
1098,389,1487
730,1609,2339
117,1055,1172
983,441,1424
728,1628,2356
1943,522,2465
284,1124,1408
1138,991,2129
611,596,1207
808,1510,2318
1253,1109,2362
1871,577,2448
1437,760,2197
604,903,1507
1615,642,2257
347,1149,1496
1982,1396,3378
580,348,928
740,1188,1928
1301,860,2161
541,2249,2790
563,1355,1918
336,473,809
1154,1830,2984
1661,618,2279
1481,1154,2635
1418,608,2026
1515,961,2476
398,861,1259
263,1388,1651
270,767,1037
1504,1001,2505
519,753,1272
825,491,1316
396,960,1356
2081,517,2598
407,1371,1778
1051,895,1946
2006,1259,3265
307,970,1277
830,711,1541
521,1982,2503
199,1607,1806
606,800,1406
924,1413,2337
773,604,1377
781,1124,1905
908,1224,2132
474,1192,1666
989,1429,2418
1202,1123,2325
923,856,1779
731,1152,1883
1248,957,2205
868,822,1690
550,1145,1695
1399,341,1740
456,1267,1723
352,1608,1960
845,1130,1975
1310,359,1669
1723,854,2577
1557,724,2281
694,831,1525
1190,677,1867
679,1297,1976
2352,2030,4382
703,587,1290
907,1355,2262
680,1190,1870
1076,2439,3515
1064,307,1371
1178,1331,2509
1085,966,2051
1261,1922,3183
338,590,928
1354,1179,2533
857,1017,1874
1041,730,1771
530,446,976
696,976,1672
932,615,1547
714,1708,2422
2030,854,2884
489,1723,2212
983,731,1714
871,1324,2195
446,1670,2116
793,572,1365
1121,1077,2198
903,1449,2352
1391,367,1758
305,1904,2209
1181,1091,2272
1157,1344,2501
1584,1685,3269
107,497,604
743,604,1347
403,536,939
565,947,1512
2270,546,2816
1236,1047,2283
922,1195,2117
732,1211,1943
36,1251,1287
1449,395,1844
635,452,1087
1061,877,1938
189,1198,1387
76,682,758
1493,865,2358
1093,354,1447
562,1172,1734
1155,340,1495
707,697,1404
1411,791,2202
1703,887,2590
1243,153,1396
956,1235,2191
916,768,1684
278,762,1040
974,832,1806
163,175,338
107,1571,1678
169,885,1054
209,261,470
1759,724,2483
631,698,1329
220,274,494
801,1127,1928
941,776,1717
301,1398,1699
735,816,1551
559,950,1509
553,1363,1916
708,1731,2439
92,725,817
1046,1207,2253
381,1337,1718
609,946,1555
519,1542,2061
242,760,1002
1481,828,2309
1210,792,2002
1140,2546,3686
272,284,556
721,479,1200
356,1455,1811
396,650,1046
1072,871,1943
121,699,820
567,765,1332
484,1732,2216
1466,2112,3578
773,489,1262
528,1686,2214
263,678,941
1421,591,2012
700,572,1272
1020,1259,2279
96,1004,1100
979,736,1715
638,702,1340
464,713,1177
1707,1872,3579
532,850,1382
639,754,1393
637,731,1368
2331,1011,3342
1640,704,2344
763,807,1570
520,1349,1869
1210,491,1701
658,811,1469
784,873,1657
742,613,1355
660,606,1266
425,830,1255
1955,845,2800
687,546,1233
426,1143,1569
1670,938,2608
806,1376,2182
473,868,1341
627,1476,2103
602,882,1484
1404,704,2108
323,1021,1344
627,373,1000
772,897,1669
733,514,1247
92,1045,1137
908,643,1551
699,1453,2152
636,1811,2447
1161,1134,2295
484,556,1040
783,1763,2546
448,851,1299
768,558,1326
448,823,1271
1286,1230,2516
604,1617,2221
757,903,1660
1069,537,1606
413,1608,2021
729,868,1597
590,3369,3959
1100,1123,2223
1740,607,2347
919,1674,2593
862,930,1792
1242,905,2147
1559,522,2081
869,830,1699
598,1818,2416
455,1090,1545
674,1496,2170
143,3424,3567
1073,1370,2443
520,487,1007
302,820,1122
1056,523,1579
734,1039,1773
629,1517,2146
568,948,1516
437,1156,1593
815,1143,1958
840,1838,2678
1292,1053,2345
481,779,1260
468,680,1148
627,907,1534
1012,1166,2178
379,795,1174
1390,2463,3853
1427,1152,2579
795,864,1659
729,1378,2107
418,617,1035
1133,1172,2305
1606,921,2527
1351,888,2239
807,844,1651
1747,789,2536
843,920,1763
3261,930,4191
1851,737,2588
872,520,1392
1212,625,1837
3335,1098,4433
713,1145,1858
712,1144,1856
503,674,1177
1041,674,1715
1523,544,2067
1224,830,2054
2348,843,3191
810,711,1521
1367,780,2147
1104,684,1788
832,801,1633
1641,264,1905
1326,193,1519
1060,711,1771
1147,381,1528
836,703,1539
1090,1061,2151
1403,672,2075
1075,1030,2105
733,714,1447
1082,1565,2647
547,1002,1549
1014,951,1965
951,1102,2053
1904,801,2705
977,627,1604
671,387,1058
780,1129,1909
769,737,1506
1082,1020,2102
290,908,1198
701,2056,2757
1088,1007,2095
1243,795,2038
909,580,1489
1612,990,2602
594,678,1272
652,752,1404
1086,309,1395
1277,554,1831
873,1762,2635
388,951,1339
1518,448,1966
1382,946,2328
352,943,1295
665,675,1340
1192,1137,2329
313,948,1261
1342,1581,2923
870,1826,2696
866,1374,2240
704,611,1315
1004,714,1718
623,791,1414
1069,1425,2494
831,514,1345
484,1006,1490
1017,391,1408
647,1759,2406
412,964,1376
613,604,1217
761,1190,1951
685,736,1421
611,799,1410
826,273,1099
545,823,1368
921,397,1318
617,237,854
605,1662,2267
281,1197,1478
820,396,1216
1035,1267,2302
647,1096,1743
650,364,1014
599,1293,1892
529,779,1308
479,496,975
849,701,1550
1982,861,2843
626,939,1565
565,1259,1824
1512,1012,2524
636,578,1214
997,1323,2320
363,623,986
618,614,1232
1692,1447,3139
918,1980,2898
251,872,1123
857,405,1262
1822,1495,3317
1067,553,1620
529,388,917
556,1453,2009
872,1069,1941
1128,693,1821
1217,1646,2863
816,1727,2543
58,1518,1576
1032,718,1750
1298,1109,2407
1136,1361,2497
297,355,652
1685,1052,2737
1312,977,2289
313,711,1024
576,1061,1637
1321,1426,2747
457,420,877
624,861,1485
1498,408,1906
1838,539,2377
175,741,916
893,1212,2105
301,1182,1483
1235,448,1683
1172,1733,2905
873,464,1337
1398,1434,2832
1570,772,2342
1209,2005,3214
305,413,718
1350,1085,2435
967,936,1903
970,1524,2494
243,1404,1647
1315,1086,2401
824,716,1540
522,594,1116
1127,1070,2197
1016,1341,2357
619,1171,1790
262,712,974
918,537,1455
313,1183,1496
1089,269,1358
1285,1612,2897
578,1110,1688
1330,817,2147
789,773,1562
1176,254,1430
1503,850,2353
1436,623,2059
487,1343,1830
458,267,725
977,1328,2305
504,1348,1852
128,275,403
657,774,1431
1091,534,1625
717,776,1493
167,310,477
1740,957,2697
1135,735,1870
1818,1126,2944
355,326,681
853,723,1576
1624,913,2537
243,1524,1767
1301,213,1514
151,353,504
558,1320,1878
1070,1749,2819
1027,742,1769
1139,999,2138
1151,499,1650
765,1132,1897
606,968,1574
647,546,1193
1333,454,1787
764,1335,2099
662,770,1432
579,645,1224
802,1002,1804
1255,951,2206
888,660,1548
1358,1528,2886
737,924,1661
880,970,1850
365,1314,1679
492,1962,2454
419,956,1375
103,677,780
1077,754,1831
1365,1650,3015
630,620,1250
1007,844,1851
284,1879,2163
1228,366,1594
192,550,742
695,2106,2801
276,830,1106
660,767,1427
839,1358,2197
493,962,1455
696,826,1522
157,1748,1905
585,961,1546
986,1032,2018
253,1357,1610
501,772,1273
915,753,1668
752,403,1155
152,2285,2437
1746,1348,3094
541,1398,1939
324,828,1152
1393,1609,3002
814,1137,1951
726,607,1333
713,1285,1998
567,1206,1773
761,614,1375
258,1762,2020
585,1520,2105
1555,1207,2762
817,2105,2922
405,1076,1481
312,1978,2290
858,1150,2008
714,1285,1999
1295,1049,2344
1287,1018,2305
1110,665,1775
939,1370,2309
1692,766,2458
1880,1934,3814
1245,462,1707
2013,1741,3754
859,993,1852
1039,767,1806
1821,1536,3357
1436,466,1902
1429,866,2295
1798,573,2371
870,323,1193
1257,1715,2972
1714,435,2149
639,1821,2460
1508,361,1869
702,648,1350
1071,627,1698
608,670,1278
979,750,1729
618,1275,1893
1905,2058,3963
355,639,994
690,1853,2543
464,917,1381
1262,1550,2812
1411,371,1782
689,591,1280
1718,835,2553
457,657,1114
324,1536,1860
2151,1981,4132
557,359,916
650,676,1326
633,750,1383
354,1553,1907
430,518,948
1008,893,1901
1673,1689,3362
441,1507,1948
231,691,922
624,1458,2082
194,1461,1655
344,1131,1475
488,500,988
1896,451,2347
1889,781,2670
725,770,1495
611,980,1591
157,752,909
1348,372,1720
356,745,1101
482,962,1444
457,768,1225
960,565,1525
1194,1084,2278
1667,729,2396
677,1166,1843
580,419,999
1432,578,2010
1217,2283,3500
231,2081,2312
1463,683,2146
527,797,1324
804,812,1616
650,796,1446
1467,798,2265
719,1552,2271
1489,764,2253
802,2048,2850
1288,1524,2812
724,1158,1882
891,362,1253
594,1323,1917
316,1010,1326
1403,1598,3001
719,485,1204
539,668,1207
2077,943,3020
816,2330,3146
774,735,1509
320,1398,1718
945,751,1696
734,988,1722
718,1250,1968
378,989,1367
789,1175,1964
659,1220,1879
1423,549,1972
2278,675,2953
283,1018,1301
687,1056,1743
762,549,1311
1864,899,2763
776,578,1354
600,626,1226
668,619,1287
2119,741,2860
1615,474,2089
316,989,1305
448,611,1059
1216,750,1966
953,710,1663
657,731,1388
908,726,1634
733,995,1728
1131,791,1922
830,1252,2082
919,403,1322
393,706,1099
446,687,1133
620,1653,2273
649,911,1560
893,782,1675
268,2004,2272
430,1160,1590
947,529,1476
354,772,1126
1047,779,1826
355,693,1048
1320,976,2296
872,1076,1948
585,745,1330
933,2600,3533
1034,751,1785
596,1760,2356
313,789,1102
1378,2178,3556
725,527,1252
1607,938,2545
770,349,1119
1164,654,1818
665,1250,1915
1090,969,2059
592,737,1329
880,1898,2778
768,600,1368
557,1048,1605
722,775,1497
709,860,1569
1990,538,2528
563,1345,1908
1731,765,2496
943,924,1867
695,700,1395
674,577,1251
627,663,1290
1017,949,1966
1378,1942,3320
703,948,1651
935,2132,3067
2522,441,2963
657,970,1627
307,751,1058
885,1791,2676
438,1148,1586
917,675,1592
347,1203,1550
694,937,1631
800,623,1423
2031,930,2961
1941,612,2553
540,1142,1682
1156,937,2093
464,1444,1908
466,971,1437
820,533,1353
573,1170,1743
989,813,1802
489,1096,1585
848,521,1369
365,633,998
400,605,1005
679,923,1602
709,765,1474
707,981,1688
976,812,1788
294,1980,2274
868,935,1803
777,1111,1888
1087,738,1825
2039,361,2400
586,1145,1731
517,960,1477
993,492,1485
997,773,1770
1493,811,2304
1848,1012,2860
970,422,1392
1292,668,1960
488,1049,1537
566,569,1135
1038,567,1605
785,552,1337
1041,611,1652
513,1443,1956
1100,691,1791
911,783,1694
1100,1347,2447
1356,671,2027
1098,301,1399
1327,887,2214
546,1023,1569
1185,523,1708
2001,779,2780
650,393,1043
880,588,1468
1422,376,1798
1182,1408,2590
1013,1077,2090
1554,865,2419
1142,2459,3601
683,984,1667
1070,1240,2310
1140,1198,2338
1916,1727,3643
722,351,1073
1367,770,2137
1809,732,2541
749,564,1313
909,845,1754
1326,726,2052
1049,581,1630
2020,927,2947
649,719,1368
118,538,656
283,1033,1316
626,1357,1983
2327,500,2827
815,578,1393
410,1357,1767
735,1205,1940
969,924,1893
554,1018,1572
1490,994,2484
659,694,1353
647,1142,1789
1340,274,1614
799,836,1635
1470,1501,2971
841,877,1718
1186,332,1518
614,1083,1697
828,987,1815
1691,443,2134
614,1156,1770
798,394,1192
600,1157,1757
519,884,1403
1278,688,1966
952,533,1485
325,891,1216
551,2082,2633
1074,604,1678
845,893,1738
142,577,719
104,435,539
450,981,1431
400,1330,1730
1071,389,1460
746,595,1341
401,995,1396
952,1979,2931
409,1274,1683
1210,731,1941
787,530,1317
169,708,877
812,1913,2725
975,600,1575
1231,1366,2597
2133,700,2833
802,765,1567
653,588,1241
518,1530,2048
799,344,1143
404,703,1107
793,537,1330
594,640,1234
967,1663,2630
373,869,1242
291,934,1225
864,1821,2685
545,778,1323
1465,1498,2963
694,511,1205
438,1287,1725
402,846,1248
1233,1499,2732
281,879,1160
498,1669,2167
1181,1022,2203
871,544,1415
525,1973,2498
388,963,1351
1203,1078,2281
258,922,1180
958,215,1173
1738,659,2397
503,1846,2349
1658,560,2218
1551,634,2185
1288,644,1932
872,1009,1881
1520,846,2366
471,1679,2150
1198,1039,2237
496,742,1238
741,566,1307
990,634,1624
1352,631,1983
396,882,1278
621,760,1381
188,898,1086
1934,505,2439
845,1261,2106
592,2600,3192
1077,606,1683
464,1108,1572
878,1276,2154
1829,1366,3195
757,1365,2122
654,1728,2382
551,1866,2417
928,541,1469
490,844,1334
1577,1716,3293
908,1136,2044
860,803,1663
1775,1849,3624
610,1142,1752
750,1031,1781
432,680,1112
842,1579,2421
625,747,1372
792,951,1743
973,1693,2666
509,1333,1842
408,1901,2309
1634,673,2307
1072,723,1795
561,1382,1943
1246,1337,2583
1161,910,2071
455,753,1208
907,851,1758
683,1050,1733
2409,1136,3545
1448,630,2078
894,884,1778
953,1721,2674
1624,1096,2720
1555,646,2201
1687,1719,3406
1715,877,2592
649,536,1185
701,791,1492
797,881,1678
863,562,1425
332,1672,2004
463,639,1102
1364,1647,3011
487,810,1297
534,1136,1670
507,1798,2305
1741,1423,3164
1257,1052,2309
1770,683,2453
1272,1062,2334
697,605,1302
1005,1355,2360
505,872,1377
614,1037,1651
952,930,1882
772,1657,2429
555,1597,2152
1681,494,2175
363,1169,1532
982,1321,2303
1032,1873,2905
562,1348,1910
923,1167,2090
1839,1686,3525
823,1830,2653
986,1137,2123
1191,1894,3085
1569,1112,2681
749,2052,2801
930,1032,1962
728,1320,2048
1655,1080,2735
789,1559,2348
1643,1375,3018
916,1102,2018
1196,684,1880
547,1909,2456
1543,1301,2844
1389,1064,2453
452,1138,1590
1476,1323,2799
980,675,1655
991,799,1790
1519,1358,2877
1275,338,1613
833,1326,2159
541,1384,1925
1673,577,2250
1035,380,1415
721,1952,2673
448,973,1421
576,1984,2560
1307,867,2174
797,1833,2630
486,2128,2614
1057,1338,2395
1276,593,1869
1730,738,2468
1004,779,1783
1182,669,1851
1154,742,1896
1155,1300,2455
836,1700,2536
589,282,871
853,1796,2649
1356,833,2189
248,784,1032
1168,1831,2999
385,1219,1604
2132,554,2686
995,1081,2076
323,733,1056
522,1142,1664
1892,691,2583
504,628,1132
399,722,1121
1743,853,2596
722,1479,2201
324,374,698
1029,917,1946
628,1220,1848
1385,572,1957
808,577,1385
893,1033,1926
927,716,1643
750,984,1734
1235,477,1712
1323,1323,2646
343,337,680
1014,1763,2777
1673,2025,3698
396,546,942
1101,839,1940
34,876,910
1909,2460,4369
221,998,1219
1918,2223,4141
1738,584,2322
1274,1731,3005
275,564,839
534,734,1268
535,495,1030
1438,1142,2580
564,730,1294
1378,469,1847
402,1182,1584
1185,2421,3606
896,1736,2632
525,1108,1633
160,659,819
38,1101,1139
1256,2153,3409
544,853,1397
1053,351,1404
912,387,1299
547,1081,1628
1128,321,1449
1603,945,2548
51,902,953
859,893,1752
64,1759,1823
742,825,1567
982,870,1852
672,1229,1901
319,932,1251
1112,270,1382
752,1254,2006
367,1248,1615
2135,764,2899
1637,1596,3233
529,590,1119
793,896,1689
2298,1005,3303
1852,1957,3809
406,709,1115
1587,829,2416
1012,346,1358
457,1437,1894
693,901,1594
1129,783,1912
892,236,1128
908,565,1473
2329,1330,3659
1718,286,2004
875,627,1502
1174,1524,2698
1180,622,1802
206,982,1188
653,1207,1860
1251,1397,2648
740,1277,2017
214,1269,1483
664,898,1562
221,653,874
1937,450,2387
1033,1201,2234
373,1078,1451
338,2194,2532
1263,616,1879
833,577,1410
706,589,1295
830,832,1662
412,972,1384
753,1136,1889
296,859,1155
1214,705,1919
757,1038,1795
571,687,1258
1324,988,2312
307,1175,1482
746,1045,1791
1089,417,1506
656,528,1184
1509,524,2033
1001,971,1972
1089,1414,2503
765,1149,1914
829,424,1253
507,720,1227
386,942,1328
668,1708,2376
1356,1028,2384
913,684,1597
105,1672,1777
1240,1835,3075
1194,797,1991
942,363,1305
2181,896,3077
385,481,866
999,843,1842
1627,939,2566
341,436,777
524,1818,2342
534,827,1361
383,1032,1415
679,1167,1846
1117,817,1934
632,790,1422
1658,356,2014
1100,488,1588
753,1302,2055
629,738,1367
823,517,1340
867,796,1663
619,1054,1673
729,504,1233
844,1049,1893
819,1880,2699
323,1035,1358
897,1131,2028
673,1021,1694
615,1296,1911
865,497,1362
436,1102,1538
293,452,745
952,324,1276
364,1333,1697
59,520,579
825,1254,2079
1001,819,1820
180,638,818
508,1307,1815
817,804,1621
384,820,1204
1376,883,2259
464,720,1184
1379,499,1878
345,357,702
200,742,942
1748,1299,3047
414,1099,1513
915,995,1910
465,467,932
517,473,990
1131,1308,2439
980,743,1723
1245,538,1783
1210,344,1554
713,1223,1936
419,1142,1561
564,420,984
615,753,1368
692,412,1104
752,561,1313
730,1436,2166
1128,327,1455
980,423,1403
233,677,910
881,952,1833
1068,2032,3100
1255,549,1804
1129,218,1347
969,247,1216
898,1323,2221
1081,1109,2190
1385,1099,2484
1018,433,1451
284,721,1005
1059,1217,2276
1684,2400,4084
959,1031,1990
557,423,980
1255,470,1725
412,1233,1645
1231,480,1711
458,480,938
1724,1815,3539
783,447,1230
552,1502,2054
774,279,1053
1737,440,2177
565,582,1147
1807,458,2265
1551,262,1813
908,412,1320
631,577,1208
724,1685,2409
570,606,1176
388,843,1231
905,385,1290
1831,254,2085
947,377,1324
1359,638,1997
1832,326,2158
1388,450,1838
1938,2093,4031
1776,243,2019
962,228,1190
3074,662,3736
584,518,1102
679,384,1063
1417,841,2258
968,695,1663
582,1190,1772
1099,1268,2367
730,625,1355
389,343,732
84,238,322
642,1304,1946
843,868,1711
209,972,1181
588,1500,2088
687,1122,1809
700,1208,1908
612,883,1495
486,1383,1869
642,928,1570
382,1265,1647
76,483,559
1135,467,1602
1128,474,1602
303,531,834
93,766,859
684,821,1505
1472,884,2356
1033,629,1662
130,817,947
2534,627,3161
1290,342,1632
210,1739,1949
394,582,976
1181,465,1646
366,1013,1379
1339,495,1834
961,688,1649
652,463,1115
550,840,1390
377,865,1242
326,487,813
634,1541,2175
392,830,1222
402,501,903
294,470,764
777,2097,2874
380,601,981
469,378,847
704,1805,2509
697,335,1032
356,424,780
642,873,1515
515,441,956
472,1474,1946
480,898,1378
1120,726,1846
83,434,517
89,2072,2161
241,909,1150
1424,1149,2573
808,509,1317
721,448,1169
600,220,820
854,852,1706
508,660,1168
1106,1412,2518
616,790,1406
588,1623,2211
473,1655,2128
695,835,1530
1383,1149,2532
845,1294,2139
2162,1424,3586
64,847,911
702,2384,3086
303,1669,1972
784,393,1177
1218,672,1890
584,2311,2895
951,700,1651
1943,657,2600
955,854,1809
2128,657,2785
1481,918,2399
756,1293,2049
566,1653,2219
1559,442,2001
1099,603,1702
1305,1652,2957
451,461,912
329,717,1046
797,2683,3480
137,450,587
409,947,1356
518,933,1451
344,1480,1824
449,590,1039
466,608,1074
1598,1389,2987
564,835,1399
1847,2030,3877
1049,701,1750
755,596,1351
1825,2147,3972
841,880,1721
467,2183,2650
403,560,963
2684,841,3525
415,604,1019
482,1011,1493
1825,486,2311
271,1490,1761
523,823,1346
525,553,1078
2075,264,2339
1168,1791,2959
754,2349,3103
628,1039,1667
1480,1797,3277
282,1088,1370
1112,1231,2343
2351,540,2891
683,963,1646
291,1872,2163
2290,1452,3742
738,758,1496
527,1871,2398
895,663,1558
2214,960,3174
461,346,807
1408,1138,2546
468,1151,1619
1494,1548,3042
746,1166,1912
1989,904,2893
525,1167,1692
804,278,1082
1603,702,2305
1035,697,1732
1267,1333,2600
495,1219,1714
369,1603,1972
1859,999,2858
819,1457,2276
1345,867,2212
956,825,1781
1133,1515,2648
463,1114,1577
1176,613,1789
590,1046,1636
1617,1798,3415
123,1408,1531
1110,1038,2148
1016,892,1908
158,1417,1575
1107,1199,2306
1023,1128,2151
1308,770,2078
504,1183,1687
897,1381,2278
888,336,1224
1793,1258,3051
481,1361,1842
1327,1316,2643
1052,563,1615
1033,853,1886
143,1851,1994
1302,895,2197
1316,606,1922
998,371,1369
1099,1109,2208
863,910,1773
1024,368,1392
776,2264,3040
981,712,1693
617,2086,2703
1555,1126,2681
577,586,1163
1002,834,1836
1562,603,2165
955,1158,2113
1033,1135,2168
832,937,1769
1425,496,1921
1711,776,2487
773,1609,2382
536,1164,1700
1062,765,1827
463,1065,1528
634,506,1140
751,940,1691
690,1165,1855
514,1838,2352
945,535,1480
561,1220,1781
382,1598,1980
494,788,1282
266,1255,1521
733,385,1118
704,1185,1889
768,599,1367
547,1222,1769
177,1055,1232
539,1342,1881
357,1244,1601
970,1171,2141
154,1854,2008
535,936,1471
1114,538,1652
1276,1048,2324
965,758,1723
586,594,1180
1494,885,2379
2147,753,2900
1032,965,1997
550,1351,1901
647,902,1549
1810,549,2359
1285,878,2163
230,1506,1736
976,333,1309
787,1054,1841
764,1095,1859
2050,1331,3381
780,405,1185
976,813,1789
253,1069,1322
1124,1026,2150
1260,526,1786
1017,506,1523
289,1672,1961
1643,1590,3233
464,657,1121
1394,400,1794
938,887,1825
612,1468,2080
588,825,1413
1009,533,1542
776,700,1476
974,739,1713
628,1134,1762
523,953,1476
1034,362,1396
864,740,1604
1281,1603,2884
427,603,1030
490,1515,2005
868,884,1752
1153,1433,2586
1300,792,2092
904,842,1746
709,1452,2161
746,936,1682
1696,654,2350
694,876,1570
635,1129,1764
346,345,691
809,1599,2408
741,626,1367
1059,1430,2489
192,1260,1452
1512,911,2423
405,1711,2116
773,429,1202
409,757,1166
1444,840,2284
972,750,1722
712,434,1146
208,636,844
223,1296,1519
987,970,1957
486,1695,2181
375,1096,1471
1558,381,1939
472,878,1350
615,1143,1758
947,753,1700
514,941,1455
1772,1223,2995
693,1066,1759
1397,556,1953
1323,1030,2353
934,332,1266
721,1071,1792
1256,897,2153
1235,658,1893
554,435,989
758,328,1086
649,1354,2003
292,867,1159
825,379,1204
508,1177,1685
357,843,1200
1369,1051,2420
928,1393,2321
798,695,1493
533,1250,1783
395,793,1188
1280,339,1619
1005,549,1554
181,441,622
1652,663,2315
806,402,1208
256,1322,1578
715,1082,1797
734,367,1101
185,669,854
984,1866,2850
852,926,1778
967,784,1751
1109,649,1758
953,949,1902
1279,484,1763
439,1228,1667
668,387,1055
456,947,1403
327,574,901
184,547,731
1057,768,1825
1601,1214,2815
466,1243,1709
239,583,822
1016,1489,2505
1100,1061,2161
1133,2017,3150
888,336,1224
163,859,1022
1459,1278,2737
782,517,1299
765,976,1741
1697,1070,2767
511,1337,1848
1193,2003,3196
822,551,1373
1209,842,2051
801,378,1179
591,681,1272
546,1953,2499
323,600,923
565,895,1460
556,2224,2780
1148,1888,3036
307,557,864
1398,469,1867
396,902,1298
714,1953,2667
396,548,944
1158,686,1844
1886,842,2728
459,812,1271
971,1078,2049
1207,631,1838
603,900,1503
194,924,1118
1156,365,1521
482,517,999
761,627,1388
755,1119,1874
1847,700,2547
2143,389,2532
1231,1433,2664
1862,1083,2945
1036,734,1770
1115,1948,3063
393,676,1069
1697,683,2380
616,915,1531
942,1118,2060
127,2122,2249
618,1127,1745
394,648,1042
733,1480,2213
756,618,1374
454,1010,1464
517,643,1160
531,795,1326
825,529,1354
829,891,1720
956,1375,2331
1746,936,2682
284,779,1063
574,933,1507
1033,342,1375
374,844,1218
1072,626,1698
507,956,1463
198,2134,2332
1320,797,2117
997,504,1501
628,873,1501
398,600,998
854,1107,1961
550,1566,2116
569,662,1231
825,1368,2193
635,1584,2219
905,811,1716
1344,779,2123
601,1133,1734
880,340,1220
579,1153,1732
608,421,1029
866,730,1596
927,1373,2300
1027,346,1373
1405,608,2013
1496,1073,2569
1024,636,1660
1040,954,1994
1824,440,2264
889,1362,2251
964,650,1614
549,485,1034
658,552,1210
284,950,1234
574,946,1520
1819,286,2105
1677,358,2035
979,695,1674
1875,929,2804
1593,505,2098
1134,1148,2282
1044,461,1505
2075,1958,4033
890,823,1713
2119,1972,4091
1126,1181,2307
881,1657,2538
586,1750,2336
982,278,1260
1327,1049,2376
1056,1767,2823
259,474,733
418,796,1214
1886,357,2243
1067,588,1655
828,1574,2402
493,1835,2328
844,1043,1887
1318,1169,2487
418,963,1381
920,2023,2943
229,1134,1363
416,395,811
253,955,1208
1887,372,2259
454,1188,1642
231,538,769
447,1115,1562
664,1099,1763
1635,895,2530
1608,1163,2771
812,1528,2340
1682,790,2472
1722,1155,2877
926,626,1552
283,933,1216
1688,944,2632
194,823,1017
1071,1008,2079
362,1137,1499
317,780,1097
621,929,1550
2080,508,2588
1080,1204,2284
460,928,1388
955,765,1720
1115,597,1712
477,815,1292
408,1139,1547
725,867,1592
613,549,1162
297,1966,2263
459,628,1087
1011,1122,2133
618,525,1143
1101,460,1561
902,732,1634
665,538,1203
636,1015,1651
399,656,1055
110,1159,1269
576,243,819
998,536,1534
578,617,1195
650,403,1053
984,1163,2147
873,495,1368
1038,1264,2302
1216,962,2178
823,543,1366
651,1526,2177
1010,590,1600
1541,1600,3141
964,1346,2310
947,1071,2018
575,384,959
762,1304,2066
636,523,1159
866,1059,1925
960,1901,2861
799,544,1343
580,769,1349
533,168,701
830,1112,1942
794,1736,2530
904,1859,2763
539,713,1252
1029,1327,2356
851,1319,2170
1655,1200,2855
692,762,1454
1852,554,2406
426,1329,1755
447,925,1372
943,1732,2675
1059,693,1752
449,637,1086
626,691,1317
1054,691,1745
1099,989,2088
1788,357,2145
121,930,1051
599,671,1270
1295,513,1808
1936,1395,3331
57,1058,1115
1516,672,2188
325,854,1179
1174,766,1940
431,1004,1435
1031,1361,2392
394,1424,1818
1169,486,1655
1245,1365,2610
383,1105,1488
1351,1915,3266
469,1636,2105
1724,1399,3123
433,938,1371
1021,901,1922
1178,1347,2525
543,1167,1710
1679,1360,3039
1207,702,1909
126,1078,1204
672,1074,1746
758,1317,2075
528,849,1377
1263,322,1585
451,819,1270
758,1266,2024
1107,1010,2117
608,1124,1732
815,355,1170
1129,357,1486
545,342,887
835,741,1576
1215,1776,2991
627,1303,1930
833,1253,2086
1266,2323,3589
138,358,496
685,1826,2511
1186,380,1566
395,1154,1549
1045,574,1619
1389,1226,2615
237,1518,1755
638,1440,2078
312,523,835
2216,463,2679
304,1334,1638
683,1434,2117
1017,800,1817
1670,349,2019
1234,775,2009
1379,794,2173
404,397,801
1142,738,1880
369,707,1076
312,1469,1781
1343,413,1756
594,1181,1775
1099,2080,3179
857,317,1174
1018,1927,2945
914,854,1768
393,545,938
1086,291,1377
417,771,1188
1235,1742,2977
1293,781,2074
1213,1236,2449
1467,552,2019
1416,1827,3243
636,340,976
145,634,779
174,805,979
236,830,1066
1265,1357,2622
1173,1038,2211
923,1228,2151
1509,649,2158
1288,1885,3173
406,994,1400
254,784,1038
1777,780,2557
410,997,1407
793,1138,1931
1690,779,2469
1002,499,1501
555,880,1435
768,2646,3414
1905,441,2346
548,1061,1609
719,348,1067
264,992,1256
561,788,1349
712,270,982
392,549,941
705,1381,2086
281,1455,1736
460,1275,1735
486,693,1179
748,998,1746
413,900,1313
943,923,1866
680,2532,3212
230,1241,1471
1030,920,1950
744,349,1093
708,651,1359
512,1057,1569
538,852,1390
318,777,1095
111,1135,1246
1140,519,1659
686,895,1581
1049,2322,3371
316,1471,1787
1135,654,1789
965,637,1602
2515,950,3465
378,1433,1811
733,294,1027
1846,589,2435
1165,768,1933
359,1112,1471
768,601,1369
106,785,891
1679,1902,3581
537,850,1387
1291,413,1704
880,471,1351
973,1862,2835
742,869,1611
149,1107,1256
511,1609,2120
1085,924,2009
304,1135,1439
901,872,1773
315,1028,1343
1300,415,1715
722,910,1632
820,839,1659
815,711,1526
527,656,1183
1114,1158,2272
254,972,1226
519,908,1427
418,846,1264
786,890,1676
1024,490,1514
535,829,1364
2371,955,3326
545,401,946
404,890,1294
1254,2036,3290
1726,322,2048
1997,1520,3517
436,600,1036
931,623,1554
879,476,1355
396,1339,1735
1047,396,1443
568,584,1152
678,1288,1966
861,410,1271
887,1732,2619
250,604,854
813,431,1244
659,1100,1759
525,385,910
848,1306,2154
801,1292,2093
363,429,792
1104,1731,2835
1106,1135,2241
469,907,1376
462,381,843
1843,978,2821
450,1173,1623
811,428,1239
1709,604,2313
932,655,1587
1793,911,2704
1810,447,2257
793,1424,2217
246,393,639
754,1625,2379
812,1326,2138
1402,1682,3084
1154,456,1610
768,1189,1957
1290,566,1856
1002,499,1501
693,361,1054
1389,1041,2430
578,460,1038
328,572,900
1188,1285,2473
644,236,880
379,1306,1685
226,826,1052
412,1129,1541
1110,939,2049
1066,521,1587
311,1189,1500
477,1144,1621
228,497,725
1486,868,2354
617,1418,2035
143,1556,1699
280,807,1087
1081,597,1678
253,786,1039
971,992,1963
1135,539,1674
310,1659,1969
1115,850,1965
432,769,1201
985,1264,2249
658,575,1233
757,1240,1997
742,648,1390
825,1916,2741
385,619,1004
102,1157,1259
994,1008,2002
468,1588,2056
590,338,928
161,870,1031
1012,819,1831
803,1123,1926
1344,675,2019
631,660,1291
447,931,1378
1403,1059,2462
1218,699,1917
798,739,1537
470,538,1008
541,1162,1703
830,899,1729
438,729,1167
568,1419,1987
880,680,1560
123,743,866
878,846,1724
631,574,1205
1046,858,1904
425,514,939
558,767,1325
620,1045,1665
577,783,1360
1006,521,1527
1064,937,2001
1069,1305,2374
662,565,1227
1764,1076,2840
1578,1042,2620
858,752,1610
940,376,1316
1771,1996,3767
1133,924,2057
497,1085,1582
1715,1417,3132
868,949,1817
782,2279,3061
591,1313,1904
921,367,1288
1291,2743,4034
411,331,742
595,1083,1678
740,390,1130
1164,2516,3680
857,1392,2249
477,557,1034
722,287,1009
706,927,1633
965,997,1962
2137,1593,3730
641,816,1457
829,642,1471
703,332,1035
802,1358,2160
1935,513,2448
233,589,822
984,1434,2418
180,601,781
2583,320,2903
1332,580,1912
2488,277,2765
642,1256,1898
538,1164,1702
735,1200,1935
475,677,1152
1317,473,1790
1138,653,1791
1311,890,2201
829,832,1661
1279,592,1871
885,524,1409
746,1301,2047
998,555,1553
1699,398,2097
507,1419,1926
953,336,1289
563,985,1548
1255,1306,2561
884,672,1556
399,787,1186
1764,303,2067
822,455,1277
761,1325,2086
798,667,1465
560,646,1206
744,452,1196
396,1841,2237
1067,344,1411
338,2204,2542
580,1124,1704
1108,855,1963
1468,601,2069
533,885,1418
558,887,1445
1307,850,2157
1687,814,2501
585,424,1009
294,829,1123
1554,1115,2669
731,1136,1867
382,816,1198
1759,909,2668
702,419,1121
1060,2265,3325
1526,1211,2737
755,654,1409
357,620,977
1588,2037,3625
1091,1826,2917
542,800,1342
532,684,1216
146,2479,2625
651,658,1309
1005,387,1392
974,1067,2041
1231,2293,3524
578,1145,1723
1123,1189,2312
440,995,1435
761,422,1183
759,622,1381
554,1130,1684
1087,1042,2129
455,1212,1667
579,1755,2334
950,788,1738
665,1248,1913
947,1440,2387
1113,379,1492
768,1403,2171
916,823,1739
491,805,1296
1083,863,1946
178,1142,1320
2138,1408,3546
1179,567,1746
324,1062,1386
2491,1587,4078
993,369,1362
811,889,1700
2228,871,3099
673,622,1295
526,830,1356
889,569,1458
1448,1928,3376
1383,285,1668
760,539,1299
845,1070,1915
1227,1051,2278
2191,2477,4668
995,632,1627
275,576,851
1451,1459,2910
379,1120,1499
467,1440,1907
1315,880,2195
685,628,1313
642,1272,1914
353,1815,2168
1755,935,2690
602,846,1448
370,1659,2029
1351,899,2250
140,892,1032
2034,1459,3493
1443,798,2241
519,992,1511
948,639,1587
1247,1236,2483
1270,2393,3663
915,1140,2055
558,643,1201
203,845,1048
1440,1202,2642
1749,586,2335
1554,540,2094
2017,2089,4106
820,771,1591
743,1579,2322
503,1323,1826
707,814,1521
532,1321,1853
840,1359,2199
508,789,1297
588,672,1260
2370,1324,3694
809,1495,2304
592,1320,1912
821,212,1033
632,1666,2298
1768,2491,4259
1286,561,1847
976,1753,2729
1152,358,1510
1393,1469,2862
871,1201,2072
2027,1169,3196
1146,1745,2891
1476,2935,4411
855,1557,2412
433,774,1207
474,1828,2302
941,1598,2539
860,252,1112
738,2085,2823
1562,279,1841
867,1741,2608
2191,1953,4144
918,1285,2203
50,513,563
1212,1302,2514
945,1775,2720
415,1275,1690
1359,746,2105
989,582,1571
1263,1102,2365
2491,1223,3714
1044,898,1942
2704,1219,3923
1670,587,2257
954,1517,2471
1060,2172,3232
597,1472,2069
322,885,1207
1588,1948,3536
1702,1358,3060
110,881,991
1467,1307,2774
1630,943,2573
2115,496,2611
722,1450,2172
841,397,1238
1487,1873,3360
736,641,1377
44,552,596
1513,943,2456
1372,1276,2648
31,1236,1267
740,614,1354
1194,334,1528
508,1254,1762
350,1227,1577
1176,527,1703
1844,827,2671
637,966,1603
352,466,818
301,378,679
146,457,603
1415,364,1779
1941,844,2785
86,1440,1526
423,512,935
1188,473,1661
1294,1240,2534
382,1553,1935
493,1108,1601
568,1438,2006
428,245,673
760,1187,1947
1175,1154,2329
476,445,921
919,1425,2344
1149,491,1640
1385,2527,3912
460,453,913
221,791,1012
1446,2547,3993
477,532,1009
913,1516,2429
809,1290,2099
728,935,1663
1460,1470,2930
732,1927,2659
1267,1342,2609
1094,1361,2455
1233,1576,2809
982,1307,2289
328,796,1124
971,859,1830
430,992,1422
2077,587,2664
1457,594,2051
555,856,1411
1300,713,2013
408,608,1016
1336,1018,2354
807,1108,1915
396,1080,1476
2347,596,2943
888,1509,2397
163,503,666
1159,1162,2321
1683,753,2436
1055,753,1808
1440,994,2434
731,1608,2339
573,812,1385
765,402,1167
760,811,1571
1428,1380,2808
423,1242,1665
752,810,1562
330,1055,1385
1039,512,1551
315,1387,1702
565,627,1192
1309,585,1894
716,1648,2364
741,580,1321
305,1308,1613
925,585,1510
1445,830,2275
1025,1443,2468
968,634,1602
921,1928,2849
662,403,1065
824,1215,2039
1317,1098,2415
604,654,1258
835,893,1728
224,1268,1492
737,694,1431
521,1418,1939
536,943,1479
371,649,1020
974,662,1636
1367,1103,2470
1180,1230,2410
1172,420,1592
399,984,1383
1518,1162,2680
1196,427,1623
387,759,1146
1222,995,2217
1198,1224,2422
821,397,1218
1811,711,2522
698,1071,1769
1256,1145,2401
304,366,670
566,1464,2030
585,606,1191
1135,1963,3098
149,472,621
959,778,1737
1287,2198,3485
480,1138,1618
1236,1407,2643
502,2508,3010
1209,946,2155
659,1870,2529
1100,1528,2628
1493,1941,3434
2062,617,2679
213,471,684
1103,1546,2649
1074,1838,2912
637,1220,1857
545,1894,2439
712,1255,1967
1201,842,2043
2117,739,2856
2444,301,2745
1087,1275,2362
1323,689,2012
934,489,1423
872,1781,2653
1284,392,1676
517,2478,2995
1844,641,2485
676,1274,1950
512,537,1049
1390,1675,3065
1318,473,1791
1670,630,2300
793,1594,2387
1160,1718,2878
1301,806,2107
1640,560,2200
2410,587,2997
521,1306,1827
1478,868,2346
436,986,1422
487,774,1261
823,876,1699
1228,1343,2571
521,1226,1747
582,770,1352
583,712,1295
1255,924,2179
276,1121,1397
538,924,1462
1280,1523,2803
1735,913,2648
187,970,1157
1605,358,1963
278,1456,1734
1703,1081,2784
944,1432,2376
376,1351,1727
319,1094,1413
462,694,1156
783,691,1474
714,794,1508
487,707,1194
836,658,1494
1282,913,2195
706,1720,2426
853,1006,1859
773,562,1335
994,351,1345
494,744,1238
1429,592,2021
570,602,1172
601,1118,1719
1529,926,2455
1134,596,1730
767,1244,2011
1153,894,2047
764,307,1071
1657,768,2425
903,801,1704
562,494,1056
1281,1148,2429
894,744,1638
892,1009,1901
803,1499,2302
816,1724,2540
1275,648,1923
558,1109,1667
1288,1280,2568
951,931,1882
665,1158,1823
461,698,1159
1137,1376,2513
1169,365,1534
463,1361,1824
1228,1368,2596
492,813,1305
942,1107,2049
1674,1004,2678
903,683,1586
1112,970,2082
673,338,1011
1422,1040,2462
246,1753,1999
735,603,1338
236,544,780
677,1556,2233
723,1327,2050
529,725,1254
1085,452,1537
698,1589,2287
1107,1187,2294
792,652,1444
1229,543,1772
525,832,1357
1084,1228,2312
213,1197,1410
255,982,1237
1301,795,2096
1328,577,1905
496,1240,1736
442,1200,1642
1062,340,1402
588,1533,2121
1024,807,1831
454,1266,1720
591,542,1133
309,1548,1857
1102,372,1474
529,760,1289
857,770,1627
261,792,1053
781,653,1434
736,716,1452
1192,710,1902
764,856,1620
549,1218,1767
428,904,1332
1050,565,1615
816,628,1444
1652,1043,2695
1094,657,1751
838,872,1710
585,1285,1870
380,1330,1710
557,564,1121
546,1280,1826
761,1048,1809
1283,857,2140
1583,312,1895
1184,488,1672
855,706,1561
654,822,1476
1427,263,1690
1281,1649,2930
1316,588,1904
839,822,1661
1173,726,1899
1759,1871,3630
1335,564,1899
812,1156,1968
1315,842,2157
1385,645,2030
899,542,1441
1521,2124,3645
528,1173,1701
941,312,1253
1975,982,2957
522,355,877
1459,1941,3400
767,639,1406
806,1281,2087
1268,961,2229
1125,348,1473
536,1243,1779
465,378,843
376,1208,1584
812,2120,2932
872,1919,2791
879,604,1483
1207,341,1548
407,597,1004
770,965,1735
1952,1134,3086
999,1307,2306
1284,321,1605
961,389,1350
301,553,854
1224,584,1808
875,614,1489
1960,865,2825
717,1340,2057
872,1230,2102
1728,869,2597
1190,325,1515
720,1145,1865
458,1350,1808
461,448,909
195,602,797
973,609,1582
865,730,1595
95,745,840
767,2013,2780
600,579,1179
909,990,1899
1042,243,1285
362,2011,2373
1868,866,2734
516,1029,1545
335,562,897
1259,757,2016
1258,591,1849
1111,993,2104
315,1106,1421
538,1890,2428
495,1960,2455
1824,1139,2963
202,2123,2325
416,1024,1440
234,2167,2401
881,1048,1929
497,1149,1646
369,1690,2059
191,646,837
592,1210,1802
465,973,1438
716,663,1379
2074,1715,3789
809,900,1709
1763,701,2464
684,1144,1828
1904,687,2591
653,971,1624
1875,1152,3027
446,1251,1697
501,1305,1806
1067,574,1641
637,980,1617
271,1450,1721
761,590,1351
2040,609,2649
920,429,1349
991,857,1848
2031,816,2847
830,653,1483
725,418,1143
1122,1313,2435
519,1684,2203
238,383,621
928,1686,2614
1102,324,1426
924,1277,2201
690,1928,2618
1122,757,1879
465,736,1201
1557,1108,2665
1717,1147,2864
506,1774,2280
338,362,700
472,848,1320
710,1746,2456
534,1408,1942
287,581,868
1512,1178,2690
1047,974,2021
1527,1036,2563
469,606,1075
1295,1183,2478
1757,572,2329
599,1794,2393
522,1029,1551
856,536,1392
615,2014,2629
430,490,920
926,338,1264
1249,1910,3159
550,794,1344
1674,908,2582
1218,1055,2273
503,1424,1927
850,511,1361
958,968,1926
1178,1363,2541
394,779,1173
616,1138,1754
364,337,701
579,719,1298
1548,973,2521
1699,618,2317
793,1027,1820
879,919,1798
406,2745,3151
851,553,1404
441,512,953
978,2570,3548
675,941,1616
1737,560,2297
960,1033,1993
1004,983,1987
691,876,1567
334,735,1069
882,1132,2014
141,693,834
1612,1230,2842
882,1138,2020
806,746,1552
239,806,1045
492,697,1189
1427,519,1946
861,592,1453
1334,588,1922
694,758,1452
561,727,1288
766,368,1134
1825,1467,3292
1166,785,1951
609,760,1369
983,330,1313
2714,1025,3739
265,1368,1633
1059,414,1473
427,686,1113
819,509,1328
648,744,1392
2315,793,3108
636,576,1212
677,577,1254
977,763,1740
335,410,745
644,636,1280
1001,642,1643
1274,780,2054
184,549,733
442,593,1035
968,419,1387
508,416,924
311,454,765
591,1037,1628
521,952,1473
228,548,776
573,543,1116
553,394,947
983,953,1936
376,700,1076
400,598,998
1127,1304,2431
198,1116,1314
466,749,1215
495,830,1325
933,2039,2972
618,495,1113
358,994,1352
560,841,1401
471,715,1186
308,522,830
873,537,1410
229,408,637
464,591,1055
1182,1613,2795
321,523,844
806,623,1429
638,442,1080
1117,1430,2547
463,645,1108
525,450,975
1923,515,2438
1012,323,1335
213,3211,3424
722,877,1599
424,664,1088
877,606,1483
413,3284,3697
384,1645,2029
311,436,747
350,535,885
1331,539,1870
870,1075,1945
342,1014,1356
234,613,847
1292,2419,3711
250,1112,1362
398,399,797
489,465,954
2239,1534,3773
394,528,922
544,537,1081
190,1487,1677
3135,391,3526
237,694,931
366,1382,1748
300,681,981
379,1599,1978
848,1039,1887
303,522,825
332,1044,1376
505,767,1272
1381,434,1815
2058,424,2482
476,885,1361
363,1325,1688
509,1409,1918
1388,500,1888
483,654,1137
1378,459,1837
397,1514,1911
887,326,1213
441,900,1341
1245,490,1735
144,590,734
1470,539,2009
287,1043,1330
782,389,1171
1261,482,1743
716,315,1031
242,918,1160
1224,489,1713
1486,634,2120
341,721,1062
491,459,950
733,504,1237
623,1511,2134
899,1134,2033
1405,335,1740
946,368,1314
404,803,1207
319,446,765
355,773,1128
130,468,598
926,697,1623
1015,1076,2091
32,478,510
214,594,808
349,973,1322
760,381,1141
491,620,1111
263,506,769
875,464,1339
520,522,1042
985,1343,2328
293,481,774
942,436,1378
113,1117,1230
367,773,1140
393,607,1000
379,1760,2139
484,1581,2065
727,608,1335
379,1078,1457
341,473,814
821,323,1144
573,1664,2237
229,797,1026
442,483,925
535,515,1050
695,1416,2111
397,898,1295
212,2039,2251
430,1094,1524
249,798,1047
447,478,925
433,1405,1838
954,553,1507
386,717,1103
278,727,1005
243,1507,1750
188,381,569
1375,1046,2421
1207,686,1893
909,416,1325
682,558,1240
363,904,1267
1334,582,1916
263,482,745
236,561,797
615,460,1075
228,564,792
1363,937,2300
1286,524,1810
1044,325,1369
302,853,1155
518,913,1431
685,539,1224
1528,538,2066
690,819,1509
336,1097,1433
26,549,575
1069,447,1516
1276,713,1989
864,362,1226
38,534,572
803,354,1157
741,1008,1749
557,571,1128
513,993,1506
1964,777,2741
690,1001,1691
96,582,678
1934,393,2327
970,1093,2063
250,330,580
69,697,766
800,866,1666
255,475,730
805,933,1738
87,693,780
56,455,511
747,789,1536
40,654,694
489,620,1109
946,746,1692
552,534,1086
64,887,951
304,492,796
859,1018,1877
606,504,1110
142,1061,1203
38,871,909
433,418,851
76,841,917
275,950,1225
491,794,1285
31,1112,1143
334,946,1280
304,927,1231
30,1024,1054
348,276,624
221,1172,1393
804,571,1375
172,759,931
288,1279,1567
399,1065,1464
401,384,785
203,739,942
376,1154,1530
427,920,1347
531,909,1440
805,326,1131
343,1171,1514
749,1028,1777
42,1610,1652
485,1247,1732
570,1045,1615
709,864,1573
375,960,1335
966,386,1352
497,1272,1769
740,1187,1927
573,1339,1912
901,1044,1945
650,1093,1743
662,684,1346
967,699,1666
697,847,1544
624,482,1106
410,950,1360
1022,1173,2195
971,1065,2036
730,1528,2258
810,536,1346
1016,919,1935
1327,493,1820
857,1094,1951
1002,586,1588
377,717,1094
1092,1106,2198
1108,644,1752
1521,905,2426
1071,772,1843
650,582,1232
1177,642,1819
1237,763,2000
782,703,1485
25,548,573
1382,598,1980
1175,900,2075
238,513,751
316,441,757
1180,1250,2430
1005,654,1659
418,370,788
1092,685,1777
1087,888,1975
1152,810,1962
773,550,1323
1036,784,1820
483,309,792
1077,791,1868
1032,1033,2065
852,1209,2061
880,955,1835
755,1080,1835
807,1018,1825
180,444,624
963,1093,2056
308,780,1088
445,494,939
171,950,1121
504,430,934
628,1274,1902
777,770,1547
240,884,1124
329,747,1076
394,926,1320
806,790,1596
42,862,904
242,1413,1655
322,1117,1439
363,1029,1392
841,925,1766
314,1341,1655
533,1283,1816
541,1245,1786
232,717,949
933,684,1617
483,876,1359
271,902,1173
473,1415,1888
489,1076,1565
1068,746,1814
169,1139,1308
583,620,1203
230,1410,1640
1095,599,1694
727,637,1364
867,1054,1921
772,556,1328
340,1510,1850
863,493,1356
728,1047,1775
367,1931,2298
728,440,1168
824,595,1419
363,865,1228
903,1469,2372
223,367,590
654,998,1652
1065,438,1503
706,925,1631
567,1027,1594
292,314,606
793,388,1181
892,903,1795
281,419,700
521,1541,2062
367,270,637
610,834,1444
72,651,723
1033,1060,2093
633,898,1531
753,1315,2068
1283,557,1840
752,947,1699
408,315,723
1777,477,2254
1016,544,1560
201,555,756
915,774,1689
657,802,1459
280,726,1006
1305,548,1853
851,1013,1864
736,443,1179
58,534,592
974,1506,2480
107,391,498
861,295,1156
969,344,1313
810,979,1789
875,1950,2825
1466,389,1855
898,970,1868
450,456,906
141,766,907
921,490,1411
1010,534,1544
1037,629,1666
475,1164,1639
590,533,1123
614,588,1202
491,677,1168
81,535,616
1087,1536,2623
853,2013,2866
467,730,1197
551,527,1078
39,611,650
662,534,1196
89,880,969
175,931,1106
722,541,1263
238,579,817
76,811,887
139,1333,1472
345,1095,1440
985,490,1475
467,392,859
1285,1741,3026
195,1335,1530
624,407,1031
723,770,1493
581,856,1437
470,416,886
819,1801,2620
149,1047,1196
141,500,641
543,209,752
207,706,913
339,896,1235
374,803,1177
398,217,615
661,727,1388
472,770,1242
740,851,1591
842,1557,2399
312,1101,1413
962,568,1530
1259,625,1884
1665,1300,2965
505,422,927
421,263,684
696,598,1294
1886,1255,3141
1275,695,1970
429,789,1218
136,463,599
500,1028,1528
447,1098,1545
385,826,1211
173,506,679
586,1062,1648
470,762,1232
195,501,696
650,636,1286
1306,1248,2554
704,571,1275
744,593,1337
290,565,855
1404,948,2352
962,855,1817
916,552,1468
647,590,1237
385,546,931
807,870,1677
1746,1288,3034
1043,505,1548
381,322,703
951,1130,2081
1267,1114,2381
569,726,1295
619,754,1373
190,965,1155
254,670,924
474,843,1317
1137,923,2060
639,1312,1951
986,1008,1994
970,911,1881
239,1508,1747
299,710,1009
1173,771,1944
516,890,1406
245,931,1176
727,777,1504
508,503,1011
160,871,1031
483,1479,1962
841,448,1289
729,331,1060
896,472,1368
812,1102,1914
425,813,1238
589,358,947
476,917,1393
756,1160,1916
965,1130,2095
763,825,1588
478,606,1084
1312,655,1967
873,961,1834
720,556,1276
470,249,719
392,1443,1835
826,588,1414
727,375,1102
358,1310,1668
581,1069,1650
962,483,1445
716,598,1314
579,1123,1702
480,1042,1522
240,430,670
1221,986,2207
902,549,1451
563,1299,1862
623,1224,1847
1059,475,1534
395,454,849
990,1130,2120
760,868,1628
490,564,1054
287,557,844
276,661,937
1378,987,2365
1002,784,1786
311,808,1119
393,1382,1775
1279,972,2251
902,1248,2150
831,1069,1900
1235,769,2004
761,994,1755
65,829,894
946,632,1578
498,498,996
492,712,1204
450,442,892
942,646,1588
845,1390,2235
847,933,1780
1171,621,1792
592,1493,2085
1000,1054,2054
570,726,1296
536,787,1323
409,751,1160
1239,801,2040
547,549,1096
297,749,1046
1089,598,1687
867,667,1534
733,650,1383
1141,762,1903
947,1176,2123
846,635,1481
365,991,1356
353,562,915
831,1216,2047
621,1092,1713
407,1030,1437
1354,725,2079
452,1028,1480
256,834,1090
515,697,1212
1003,542,1545
259,736,995
502,1334,1836
725,530,1255
545,745,1290
631,430,1061
502,726,1228
942,366,1308
335,673,1008
375,890,1265
412,652,1064
842,820,1662
690,1202,1892
1254,682,1936
931,347,1278
905,525,1430
604,351,955
468,1360,1828
508,601,1109
462,425,887
590,524,1114
490,655,1145
730,1161,1891
200,739,939
716,528,1244
360,1054,1414
700,534,1234
676,671,1347
427,1043,1470
224,422,646
651,529,1180
370,547,917
529,457,986
522,588,1110
1129,734,1863
1020,939,1959
389,453,842
860,1332,2192
278,604,882
497,1251,1748
361,854,1215
486,587,1073
925,787,1712
472,627,1099
346,1364,1710
209,939,1148
636,321,957
496,1983,2479
262,599,861
805,1487,2292
220,1133,1353
1063,911,1974
494,2033,2527
501,1554,2055
711,632,1343
478,686,1164
340,686,1026
415,512,927
722,1217,1939
340,1097,1437
1084,1210,2294
959,679,1638
281,966,1247
1093,1251,2344
484,889,1373
1015,1097,2112
1718,880,2598
1221,834,2055
522,1034,1556
1198,1247,2445
552,785,1337
405,1055,1460
1942,633,2575
65,657,722
783,1225,2008
1006,990,1996
1451,718,2169
1400,893,2293
1047,416,1463
1038,559,1597
1046,697,1743
950,813,1763
1019,997,2016
280,925,1205
496,654,1150
518,892,1410
470,933,1403
462,1294,1756
643,590,1233
671,476,1147
264,802,1066
1183,621,1804
189,1353,1542
176,1361,1537
524,690,1214
341,1489,1830
703,808,1511
667,1575,2242
465,945,1410
744,1811,2555
481,688,1169
966,910,1876
891,593,1484
526,1049,1575
1087,1199,2286
690,610,1300
927,1213,2140
551,1032,1583
905,1197,2102
1323,651,1974
599,444,1043
654,1073,1727
923,332,1255
1082,572,1654
535,992,1527
725,1553,2278
247,983,1230
842,319,1161
597,1273,1870
1229,1000,2229
590,1408,1998
768,1442,2210
544,572,1116
847,1013,1860
328,783,1111
422,1703,2125
954,1086,2040
396,1364,1760
934,957,1891
537,683,1220
495,662,1157
497,2415,2912
735,1938,2673
204,630,834
1177,1412,2589
176,552,728
800,2092,2892
1343,1189,2532
647,190,837
527,1873,2400
1715,187,1902
1390,1162,2552
1337,1201,2538
741,1024,1765
1398,1949,3347
1009,843,1852
683,224,907
1605,1750,3355
1092,244,1336
680,1254,1934
1083,431,1514
565,1254,1819
1550,1758,3308
930,1399,2329
749,1479,2228
1121,1274,2395
817,1777,2594
1515,737,2252
1977,414,2391
998,250,1248
789,1638,2427
617,1959,2576
712,1402,2114
245,1763,2008
468,507,975
983,1154,2137
1523,320,1843
889,310,1199
835,1693,2528
1817,802,2619
1421,260,1681
1090,1638,2728
1084,1025,2109
1196,1111,2307
182,981,1163
414,1299,1713
1564,617,2181
97,596,693
193,1155,1348
180,1181,1361
1744,976,2720
1280,744,2024
643,959,1602
1290,879,2169
1065,546,1611
330,632,962
348,1007,1355
144,812,956
344,750,1094
1551,858,2409
419,973,1392
1611,850,2461
1128,638,1766
499,1817,2316
1834,709,2543
728,738,1466
750,486,1236
759,2243,3002
536,658,1194
589,746,1335
599,783,1382
1036,827,1863
920,1211,2131
1222,884,2106
226,915,1141
856,1112,1968
825,724,1549
1878,1170,3048
599,461,1060
921,1036,1957
1609,1551,3160
453,672,1125
803,1204,2007
1240,1722,2962
469,1066,1535
2149,805,2954
588,1673,2261
904,1219,2123
733,913,1646
541,1246,1787
618,1088,1706
1129,736,1865
1379,968,2347
352,1157,1509
631,891,1522
1068,450,1518
859,1280,2139
492,1193,1685
486,985,1471
1081,460,1541
1123,459,1582
558,1348,1906
630,907,1537
549,1552,2101
405,1120,1525
1398,320,1718
1523,442,1965
725,770,1495
516,1110,1626
731,466,1197
851,351,1202
795,1634,2429
679,1589,2268
235,1002,1237
662,404,1066
612,1929,2541
1174,1021,2195
904,646,1550
632,1008,1640
871,1695,2566
232,1317,1549
928,691,1619
778,976,1754
691,736,1427
814,1063,1877
125,453,578
810,1000,1810
1282,568,1850
969,976,1945
1547,839,2386
1375,697,2072
1188,650,1838
1244,388,1632
838,995,1833
1674,480,2154
460,504,964
1519,711,2230
157,545,702
1009,727,1736
980,899,1879
145,844,989
1505,483,1988
225,460,685
1309,995,2304
662,421,1083
449,378,827
162,723,885
504,641,1145
757,479,1236
71,621,692
699,662,1361
134,978,1112
525,553,1078
165,1089,1254
358,356,714
112,933,1045
354,681,1035
656,559,1215
390,620,1010
661,676,1337
222,560,782
1190,1156,2346
289,1202,1491
380,507,887
404,950,1354
399,1396,1795
231,1032,1263
349,814,1163
400,459,859
656,858,1514
604,665,1269
851,803,1654
519,459,978
518,1267,1785
164,1380,1544
242,1230,1472
360,990,1350
236,1467,1703
723,1294,2017
538,1530,2068
413,1136,1549
898,962,1860
176,663,839
787,1190,1977
1150,876,2026
815,1225,2040
789,1277,2066
719,714,1433
502,1506,2008
513,808,1321
527,788,1315
510,663,1173
642,631,1273
1069,871,1940
368,709,1077
1230,642,1872
1144,1028,2172
901,907,1808
17,685,702
1434,601,2035
583,1174,1757
737,545,1282
982,616,1598
454,1213,1667
1060,340,1400
1149,854,2003
542,1037,1579
1071,296,1367
1079,636,1715
900,400,1300
870,1198,2068
771,582,1353
671,440,1111
833,917,1750
1310,1296,2606
167,1366,1533
77,465,542
111,335,446
425,845,1270
1515,880,2395
528,729,1257
98,473,571
996,842,1838
273,877,1150
358,1574,1932
346,866,1212
649,1071,1720
664,662,1326
611,896,1507
551,773,1324
497,1066,1563
143,497,640
37,921,958
1090,315,1405
575,1320,1895
214,659,873
864,584,1448
274,708,982
253,324,577
498,525,1023
445,648,1093
691,958,1649
375,596,971
552,543,1095
423,1361,1784
743,884,1627
976,1416,2392
683,487,1170
595,1356,1951
951,988,1939
427,462,889
303,471,774
535,581,1116
575,1531,2106
851,599,1450
585,544,1129
904,1152,2056
1243,1303,2546
626,625,1251
740,614,1354
437,704,1141
566,838,1404
194,476,670
752,482,1234
581,528,1109
886,1238,2124
533,701,1234
432,814,1246
863,331,1194
541,707,1248
1378,898,2276
294,525,819
620,438,1058
309,524,833
515,705,1220
349,744,1093
258,813,1071
25,319,344
303,738,1041
756,309,1065
97,308,405
319,891,1210
248,680,928
364,709,1073
162,335,497
675,616,1291
369,1687,2056
1428,1144,2572
551,591,1142
529,917,1446
507,626,1133
429,870,1299
697,768,1465
223,343,566
566,638,1204
445,888,1333
626,772,1398
1245,649,1894
418,637,1055
646,590,1236
144,1827,1971
706,405,1111
87,446,533
799,321,1120
599,447,1046
1052,1624,2676
828,341,1169
822,354,1176
124,562,686
767,764,1531
1206,979,2185
354,920,1274
643,1624,2267
369,411,780
1201,1624,2825
863,402,1265
423,343,766
209,627,836
560,713,1273
729,1486,2215
277,1031,1308
1593,911,2504
203,859,1062
1035,1350,2385
86,1064,1150
1555,881,2436
285,638,923
809,944,1753
599,629,1228
532,1743,2275
700,657,1357
196,461,657
655,444,1099
430,501,931
222,722,944
1366,453,1819
820,456,1276
602,619,1221
1148,425,1573
1539,855,2394
1487,676,2163
374,858,1232
986,385,1371
673,972,1645
803,817,1620
789,491,1280
286,1337,1623
451,676,1127
791,421,1212
618,916,1534
419,2364,2783
505,623,1128
728,710,1438
417,700,1117
383,762,1145
503,843,1346
550,1156,1706
361,758,1119
275,646,921
496,2623,3119
499,1166,1665
1513,868,2381
735,397,1132
227,2758,2985
527,809,1336
629,506,1135
904,673,1577
409,944,1353
538,1036,1574
1658,1387,3045
1261,642,1903
450,2642,3092
773,1263,2036
357,631,988
769,458,1227
808,1218,2026
1099,578,1677
546,442,988
847,829,1676
228,2098,2326
199,767,966
654,668,1322
456,1984,2440
652,889,1541
1293,703,1996
788,1614,2402
569,637,1206
253,1534,1787
580,515,1095
961,1336,2297
1254,484,1738
2535,1125,3660
606,1234,1840
272,1200,1472
600,1339,1939
464,1314,1778
697,1250,1947
1155,433,1588
2668,1078,3746
1253,646,1899
405,2387,2792
458,1084,1542
2499,1227,3726
492,1357,1849
801,1128,1929
1838,276,2114
439,697,1136
778,1084,1862
1146,426,1572
542,2287,2829
444,580,1024
411,1030,1441
312,1132,1444
451,1401,1852
938,723,1661
1484,815,2299
1221,419,1640
1080,716,1796
662,2392,3054
87,580,667
610,1066,1676
1129,715,1844
258,609,867
1050,1308,2358
1096,525,1621
1317,978,2295
1091,566,1657
1238,420,1658
2342,691,3033
918,603,1521
1035,731,1766
660,821,1481
456,441,897
1327,505,1832
2148,833,2981
128,610,738
692,343,1035
123,552,675
287,491,778
372,390,762
822,790,1612
344,776,1120
324,549,873
656,712,1368
908,645,1553
152,840,992
658,837,1495
714,1325,2039
291,526,817
593,508,1101
2264,787,3051
498,310,808
338,740,1078
426,820,1246
375,538,913
540,486,1026
293,856,1149
516,1609,2125
618,546,1164
308,499,807
488,885,1373
411,1786,2197
418,632,1050
653,657,1310
491,548,1039
1288,744,2032
742,751,1493
1068,1879,2947
1537,489,2026
600,737,1337
540,879,1419
472,2853,3325
595,254,849
483,849,1332
315,726,1041
766,2510,3276
533,462,995
629,653,1282
646,516,1162
414,847,1261
319,1723,2042
718,501,1219
228,561,789
573,722,1295
778,920,1698
343,1018,1361
444,732,1176
489,539,1028
384,927,1311
480,1647,2127
1781,1373,3154
252,705,957
1384,337,1721
111,1013,1124
349,1105,1454
246,652,898
392,792,1184
726,728,1454
190,1117,1307
472,724,1196
774,557,1331
531,646,1177
497,391,888
364,841,1205
465,781,1246
240,779,1019
456,908,1364
323,950,1273
2567,634,3201
504,905,1409
637,1679,2316
692,826,1518
121,857,978
548,664,1212
720,354,1074
948,451,1399
817,663,1480
621,519,1140
420,807,1227
1032,534,1566
740,652,1392
2380,931,3311
364,540,904
475,1026,1501
865,832,1697
1204,1144,2348
695,474,1169
346,576,922
602,807,1409
515,885,1400
484,580,1064
577,819,1396
653,1034,1687
322,792,1114
635,813,1448
687,1104,1791
392,351,743
524,792,1316
1421,1027,2448
948,659,1607
890,661,1551
829,874,1703
191,505,696
835,569,1404
530,859,1389
358,770,1128
437,543,980
674,668,1342
713,722,1435
332,681,1013
860,888,1748
938,449,1387
635,688,1323
687,896,1583
862,503,1365
1361,1549,2910
713,844,1557
426,494,920
1578,1711,3289
137,691,828
547,1080,1627
426,770,1196
903,1335,2238
615,501,1116
682,1323,2005
394,903,1297
1425,661,2086
691,666,1357
487,541,1028
948,631,1579
340,1002,1342
951,453,1404
462,1008,1470
627,1218,1845
580,758,1338
689,1478,2167
1433,353,1786
809,1174,1983
600,611,1211
751,351,1102
582,617,1199
226,540,766
569,529,1098
380,1217,1597
633,759,1392
674,1434,2108
459,897,1356
795,601,1396
449,384,833
490,771,1261
437,1110,1547
207,889,1096
547,471,1018
705,1066,1771
525,1014,1539
454,745,1199
296,784,1080
343,565,908
1220,495,1715
395,737,1132
742,423,1165
228,683,911
603,497,1100
510,954,1464
717,1525,2242
802,398,1200
575,923,1498
446,1139,1585
772,955,1727
609,523,1132
1025,621,1646
244,1136,1380
293,1347,1640
1316,1068,2384
223,485,708
405,521,926
1080,1036,2116
496,753,1249
666,904,1570
279,455,734
445,976,1421
1098,1053,2151
304,745,1049
791,640,1431
352,513,865
938,565,1503
376,872,1248
1054,424,1478
862,941,1803
923,999,1922
637,1207,1844
1114,1220,2334
1006,904,1910
658,1155,1813
386,280,666
1405,482,1887
399,723,1122
710,1075,1785
442,698,1140
447,979,1426
497,987,1484
1339,1807,3146
925,439,1364
783,701,1484
795,1050,1845
609,610,1219
401,709,1110
295,708,1003
1067,699,1766
359,660,1019
548,1253,1801
1380,1571,2951
774,1167,1941
914,815,1729
695,697,1392
842,732,1574
905,524,1429
978,520,1498
787,674,1461
680,792,1472
813,671,1484
1092,954,2046
1141,1372,2513
354,734,1088
345,436,781
115,649,764
414,1195,1609
350,1415,1765
320,818,1138
546,593,1139
790,1173,1963
435,765,1200
1683,855,2538
499,451,950
132,623,755
833,1102,1935
171,736,907
434,652,1086
1154,1158,2312
596,632,1228
135,1147,1282
204,997,1201
1519,761,2280
446,758,1204
523,734,1257
300,775,1075
948,1180,2128
1156,1379,2535
295,605,900
563,869,1432
576,672,1248
1239,909,2148
522,871,1393
596,833,1429
1134,1170,2304
626,699,1325
528,610,1138
615,1034,1649
691,827,1518
1113,703,1816
362,1144,1506
357,599,956
501,629,1130
1001,861,1862
615,1030,1645
548,757,1305
694,863,1557
721,579,1300
857,1018,1875
1013,831,1844
680,701,1381
1286,743,2029
655,722,1377
1249,1336,2585
1053,704,1757
895,657,1552
666,736,1402
1023,1307,2330
942,538,1480
785,498,1283
610,268,878
493,775,1268
464,939,1403
486,581,1067
658,270,928
631,865,1496
420,1298,1718
751,612,1363
571,370,941
948,786,1734
276,1067,1343
519,467,986
609,566,1175
740,1063,1803
697,279,976
475,1540,2015
731,509,1240
617,786,1403
995,997,1992
594,820,1414
568,336,904
671,1110,1781
854,986,1840
1182,740,1922
442,351,793
728,492,1220
341,460,801
1423,357,1780
1135,774,1909
291,953,1244
864,519,1383
1219,816,2035
627,642,1269
528,1018,1546
648,1086,1734
146,463,609
431,332,763
658,328,986
202,937,1139
793,1414,2207
810,320,1130
820,227,1047
163,949,1112
648,861,1509
221,678,899
674,242,916
239,578,817
402,917,1319
494,1728,2222
613,1084,1697
349,792,1141
1036,730,1766
860,635,1495
354,369,723
324,1656,1980
385,1092,1477
225,881,1106
746,1365,2111
171,1066,1237
417,1185,1602
893,1164,2057
359,1442,1801
968,1085,2053
800,821,1621
977,1248,2225
274,1227,1501
460,888,1348
856,950,1806
709,1147,1856
104,449,553
974,1069,2043
632,932,1564
1315,453,1768
640,1057,1697
143,1093,1236
314,1811,2125
858,1972,2830
545,1231,1776
840,1310,2150
844,695,1539
1046,639,1685
670,948,1618
1269,432,1701
190,1139,1329
1354,1626,2980
225,1365,1590
851,1259,2110
753,2337,3090
962,1241,2203
1148,1157,2305
843,729,1572
978,2372,3350
1138,481,1619
1156,884,2040
338,1092,1430
219,893,1112
515,1587,2102
1568,1413,2981
973,513,1486
1023,485,1508
511,663,1174
799,688,1487
741,767,1508
828,970,1798
992,671,1663
1205,1066,2271
1229,846,2075
897,337,1234
1380,1050,2430
2197,609,2806
1635,1567,3202
758,920,1678
788,1116,1904
1433,633,2066
1049,835,1884
524,486,1010
1054,757,1811
712,481,1193
680,1014,1694
699,740,1439
2181,586,2767
1022,343,1365
1751,1848,3599
782,573,1355
1365,742,2107
962,481,1443
512,1007,1519
162,780,942
471,513,984
1547,1290,2837
999,1208,2207
194,748,942
277,518,795
553,456,1009
1498,1302,2800
843,727,1570
303,894,1197
1505,485,1990
539,1206,1745
396,867,1263
507,1411,1918
221,615,836
543,632,1175
277,745,1022
1860,673,2533
634,718,1352
272,706,978
309,1119,1428
692,811,1503
140,660,800
179,817,996
333,1276,1609
1001,1121,2122
834,743,1577
1066,590,1656
376,667,1043
1110,1187,2297
334,859,1193
526,1068,1594
779,307,1086
343,522,865
497,708,1205
1092,652,1744
900,479,1379
1331,566,1897
383,970,1353
705,932,1637
830,579,1409
469,428,897
594,639,1233
535,738,1273
1111,413,1524
894,633,1527
612,611,1223
365,472,837
541,1436,1977
641,613,1254
741,1057,1798
577,1456,2033
563,703,1266
512,581,1093
897,755,1652
581,1163,1744
589,703,1292
373,697,1070
531,569,1100
506,426,932
276,573,849
395,1879,2274
429,468,897
659,683,1342
489,430,919
586,1992,2578
527,412,939
70,1212,1282
623,314,937
846,610,1456
409,930,1339
1285,278,1563
406,330,736
507,597,1104
313,1984,2297
1303,568,1871
997,556,1553
240,418,658
1787,691,2478
583,818,1401
241,323,564
623,762,1385
540,827,1367
964,586,1550
425,1144,1569
450,667,1117
627,714,1341
124,664,788
1878,414,2292
1122,393,1515
232,381,613
654,1497,2151
645,556,1201
689,550,1239
525,1172,1697
477,1189,1666
396,657,1053
458,1240,1698
1712,607,2319
691,648,1339
248,516,764
835,1550,2385
380,456,836
524,322,846
493,417,910
964,830,1794
294,1079,1373
812,618,1430
490,804,1294
593,573,1166
647,1422,2069
337,1085,1422
363,1373,1736
561,705,1266
250,618,868
498,1377,1875
946,702,1648
672,662,1334
555,1687,2242
547,329,876
1087,546,1633
51,779,830
375,931,1306
314,558,872
282,625,907
663,1148,1811
590,690,1280
220,606,826
1322,531,1853
491,429,920
316,973,1289
282,833,1115
547,378,925
283,629,912
994,506,1500
481,1107,1588
343,812,1155
342,442,784
574,652,1226
1360,969,2329
420,517,937
1263,542,1805
448,355,803
365,890,1255
1203,1323,2526
1015,738,1753
246,1115,1361
1063,792,1855
1444,1118,2562
488,596,1084
897,758,1655
633,361,994
793,730,1523
1201,307,1508
550,581,1131
439,601,1040
1172,535,1707
249,1811,2060
805,950,1755
924,529,1453
705,863,1568
523,1760,2283
411,988,1399
552,404,956
551,769,1320
290,491,781
594,545,1139
765,366,1131
327,398,725
1076,234,1310
439,1435,1874
791,1187,1978
657,588,1245
993,2306,3299
767,690,1457
828,334,1162
372,400,772
241,887,1128
679,628,1307
559,477,1036
253,527,780
277,1157,1434
231,430,661
1278,2122,3400
317,468,785
490,836,1326
277,436,713
422,1059,1481
322,480,802
407,265,672
537,1462,1999
418,325,743
1385,1824,3209
450,802,1252
166,291,457
846,1216,2062
2213,626,2839
521,606,1127
558,1230,1788
550,616,1166
1881,584,2465
378,1135,1513
1506,762,2268
239,654,893
189,1810,1999
691,898,1589
644,555,1199
207,295,502
282,1610,1892
972,742,1714
850,984,1834
162,344,506
506,1514,2020
1074,699,1773
1228,605,1833
297,625,922
1031,832,1863
1533,421,1954
1063,601,1664
203,631,834
1614,1193,2807
98,1265,1363
846,565,1411
262,630,892
508,1259,1767
1455,476,1931
506,307,813
508,327,835
1380,414,1794
628,376,1004
122,562,684
740,415,1155
578,607,1185
725,540,1265
184,1003,1187
244,427,671
947,1509,2456
561,340,901
514,1510,2024
561,1269,1830
522,344,866
474,580,1054
519,2342,2861
1148,994,2142
242,979,1221
490,984,1474
350,285,635
552,1603,2155
427,1028,1455
643,563,1206
521,1139,1660
1714,1134,2848
1125,650,1775
474,1274,1748
931,600,1531
441,1232,1673
200,558,758
1057,1257,2314
217,986,1203
389,572,961
1335,1271,2606
1169,793,1962
507,888,1395
675,603,1278
297,1029,1326
912,618,1530
362,425,787
1402,1074,2476
463,1208,1671
94,1035,1129
488,608,1096
298,868,1166
228,736,964
909,556,1465
114,1261,1375
852,473,1325
160,1028,1188
117,1117,1234
1469,926,2395
689,485,1174
963,600,1563
2238,609,2847
471,1008,1479
496,674,1170
1207,716,1923
952,1001,1953
686,514,1200
1185,847,2032
1132,813,1945
494,505,999
150,1325,1475
473,723,1196
524,760,1284
524,681,1205
676,955,1631
570,582,1152
830,631,1461
446,857,1303
826,852,1678
314,645,959
331,1475,1806
666,1103,1769
867,803,1670
363,658,1021
1032,1276,2308
583,587,1170
989,720,1709
935,320,1255
1232,1262,2494
513,961,1474
899,601,1500
935,779,1714
1039,1161,2200
579,566,1145
557,517,1074
1035,847,1882
213,681,894
443,623,1066
898,1041,1939
560,706,1266
617,621,1238
838,527,1365
1125,1307,2432
731,938,1669
744,993,1737
490,1179,1669
607,1136,1743
616,1096,1712
612,1290,1902
948,876,1824
770,868,1638
765,1305,2070
1401,1292,2693
473,1528,2001
565,1176,1741
639,1170,1809
1189,1005,2194
977,836,1813
389,1190,1579
1062,774,1836
126,1106,1232
1252,330,1582
1219,356,1575
1147,1136,2283
993,837,1830
465,1241,1706
1103,319,1422
1030,300,1330
808,1210,2018
1321,450,1771
472,917,1389
985,772,1757
1101,307,1408
548,899,1447
716,358,1074
945,961,1906
634,257,891
684,880,1564
588,882,1470
491,1390,1881
1028,703,1731
467,1081,1548
642,1070,1712
762,418,1180
727,719,1446
145,388,533
915,1580,2495
397,468,865
189,631,820
700,1318,2018
539,1748,2287
116,546,662
992,1073,2065
810,931,1741
995,481,1476
361,690,1051
1648,192,1840
293,451,744
1278,737,2015
565,1472,2037
1383,184,1567
905,710,1615
538,1937,2475
1110,554,1664
818,1464,2282
383,2098,2481
1279,988,2267
119,669,788
462,532,994
974,766,1740
478,849,1327
644,1077,1721
481,944,1425
1220,226,1446
475,2158,2633
1399,841,2240
506,603,1109
410,698,1108
592,1356,1948
238,756,994
243,1156,1399
859,738,1597
25,415,440
958,480,1438
70,558,628
1008,1752,2760
516,623,1139
480,1147,1627
516,894,1410
443,924,1367
1159,343,1502
653,830,1483
512,1210,1722
1768,1081,2849
118,617,735
865,481,1346
1015,2349,3364
469,1021,1490
997,406,1403
321,611,932
1719,565,2284
431,667,1098
461,1205,1666
1947,1277,3224
323,645,968
302,625,927
1032,736,1768
489,630,1119
281,643,924
467,702,1169
618,475,1093
842,503,1345
502,643,1145
1902,1153,3055
569,1140,1709
800,590,1390
846,344,1190
689,1339,2028
323,536,859
1262,1627,2889
510,476,986
876,1119,1995
216,1090,1306
222,1207,1429
490,535,1025
505,429,934
407,1814,2221
519,484,1003
568,426,994
1693,1532,3225
392,427,819
528,1218,1746
573,622,1195
954,744,1698
846,711,1557
632,385,1017
720,1698,2418
1189,514,1703
328,725,1053
352,493,845
486,574,1060
2209,1144,3353
170,678,848
453,846,1299
901,756,1657
1606,1014,2620
1072,498,1570
358,512,870
530,1097,1627
1355,603,1958
389,243,632
394,639,1033
828,1206,2034
407,822,1229
986,716,1702
876,1565,2441
486,1019,1505
1666,554,2220
663,848,1511
385,638,1023
777,601,1378
279,730,1009
559,563,1122
1020,503,1523
618,1199,1817
251,668,919
415,653,1068
71,712,783
443,838,1281
590,476,1066
379,742,1121
862,647,1509
438,692,1130
429,994,1423
528,661,1189
540,1536,2076
414,880,1294
474,621,1095
860,2549,3409
446,550,996
421,1368,1789
672,831,1503
769,279,1048
1066,855,1921
1072,1219,2291
912,471,1383
495,1306,1801
828,274,1102
371,865,1236
387,816,1203
1652,1613,3265
564,749,1313
425,1279,1704
603,1269,1872
1365,1897,3262
1121,1121,2242
315,340,655
467,1003,1470
1558,850,2408
1135,1005,2140
427,1136,1563
644,790,1434
1070,571,1641
593,373,966
546,948,1494
692,724,1416
602,1745,2347
138,537,675
1073,637,1710
652,1484,2136
207,715,922
1131,702,1833
507,1416,1923
211,619,830
571,1053,1624
1100,483,1583
781,466,1247
1601,401,2002
359,417,776
681,678,1359
165,737,902
1092,434,1526
471,347,818
483,657,1140
1021,504,1525
80,411,491
831,765,1596
158,386,544
514,931,1445
518,919,1437
602,1016,1618
837,1006,1843
690,1819,2509
587,1266,1853
405,628,1033
544,1928,2472
944,904,1848
1183,418,1601
320,1770,2090
425,789,1214
186,859,1045
915,989,1904
213,381,594
228,847,1075
702,927,1629
510,810,1320
249,1173,1422
1565,626,2191
445,893,1338
224,873,1097
2514,551,3065
273,754,1027
600,773,1373
344,790,1134
765,491,1256
437,1313,1750
777,592,1369
528,1277,1805
471,879,1350
1385,2198,3583
726,1431,2157
686,864,1550
605,1003,1608
1851,554,2405
782,789,1571
681,554,1235
593,2864,3457
557,1149,1706
1671,959,2630
683,758,1441
1182,1041,2223
107,2933,3040
461,1030,1491
1210,1253,2463
582,840,1422
817,1066,1883
360,836,1196
694,551,1245
160,877,1037
240,1010,1250
789,894,1683
644,793,1437
1664,2203,3867
1183,568,1751
590,1323,1913
1143,925,2068
759,708,1467
157,1608,1765
906,2209,3115
1035,880,1915
600,1407,2007
697,721,1418
457,2693,3150
822,441,1263
848,1205,2053
2157,1228,3385
440,551,991
917,759,1676
997,511,1508
2061,1072,3133
488,879,1367
1440,495,1935
2340,581,2921
790,750,1540
1253,497,1750
535,706,1241
721,721,1442
651,1011,1662
357,697,1054
1141,391,1532
569,768,1337
639,1605,2244
574,796,1370
1069,1100,2169
2765,808,3573
820,709,1529
1121,604,1725
946,548,1494
2753,1605,4358
819,697,1516
608,1489,2097
437,927,1364
347,1191,1538
884,1505,2389
877,1092,1969
381,863,1244
341,878,1219
656,1802,2458
492,648,1140
433,779,1212
2092,1524,3616
150,890,1040
515,1417,1932
658,1447,2105
378,759,1137
666,570,1236
471,1816,2287
1348,778,2126
1375,576,1951
269,476,745
488,827,1315
937,1350,2287
601,1085,1686
621,904,1525
470,313,783
1550,632,2182
1465,451,1916
1430,577,2007
885,1019,1904
737,1017,1754
638,1485,2123
914,1307,2221
985,1042,2027
554,361,915
703,1499,2202
504,820,1324
768,545,1313
1335,553,1888
135,624,759
1604,605,2209
787,1134,1921
726,964,1690
1292,714,2006
907,945,1852
852,382,1234
469,916,1385
834,1224,2058
1308,756,2064
167,655,822
1657,977,2634
660,2114,2774
409,1653,2062
407,668,1075
959,535,1494
1361,938,2299
292,1570,1862
150,575,725
673,545,1218
513,1085,1598
397,939,1336
924,719,1643
1147,507,1654
628,611,1239
526,918,1444
251,493,744
709,987,1696
453,2525,2978
291,1102,1393
845,1113,1958
858,532,1390
1016,879,1895
332,942,1274
476,703,1179
949,875,1824
861,770,1631
485,707,1192
627,692,1319
152,1498,1650
371,734,1105
767,701,1468
819,1188,2007
1247,2294,3541
561,1002,1563
404,1641,2045
968,1080,2048
507,962,1469
290,912,1202
718,787,1505
912,1171,2083
502,712,1214
1537,1123,2660
396,1152,1548
511,1016,1527
830,481,1311
2017,1546,3563
527,507,1034
1146,1143,2289
788,893,1681
546,858,1404
431,533,964
515,896,1411
625,692,1317
990,784,1774
755,419,1174
542,690,1232
544,375,919
1510,675,2185
844,1045,1889
714,281,995
697,719,1416
445,1412,1857
35,278,313
984,329,1313
2371,1223,3594
811,374,1185
959,664,1623
630,591,1221
1881,996,2877
26,476,502
322,2064,2386
917,809,1726
23,478,501
526,1148,1674
923,687,1610
742,636,1378
39,473,512
764,716,1480
1420,938,2358
1045,959,2004
806,1752,2558
802,723,1525
178,424,602
796,802,1598
65,871,936
880,1189,2069
1158,867,2025
162,890,1052
52,289,341
456,491,947
44,746,790
701,1384,2085
87,866,953
483,520,1003
266,498,764
476,636,1112
367,696,1063
82,907,989
503,811,1314
652,598,1250
303,892,1195
693,644,1337
265,581,846
692,373,1065
556,738,1294
779,504,1283
885,992,1877
925,389,1314
557,1264,1821
1022,1262,2284
129,893,1022
814,237,1051
852,961,1813
191,1387,1578
266,1223,1489
949,874,1823
322,577,899
526,413,939
1060,789,1849
924,1733,2657
394,910,1304
492,577,1069
768,1057,1825
368,682,1050
386,763,1149
541,586,1127
375,826,1201
741,356,1097
1918,1677,3595
902,744,1646
885,631,1516
1585,1679,3264
489,669,1158
407,1450,1857
629,259,888
352,584,936
784,1265,2049
679,471,1150
515,1643,2158
416,774,1190
997,908,1905
1287,899,2186
367,512,879
338,508,846
769,463,1232
1236,748,1984
707,681,1388
1639,1539,3178
659,805,1464
751,907,1658
938,868,1806
415,526,941
203,807,1010
394,611,1005
1451,295,1746
71,814,885
1098,860,1958
438,747,1185
1321,762,2083
119,1140,1259
1001,1082,2083
375,504,879
271,694,965
342,1467,1809
723,434,1157
704,453,1157
177,649,826
263,2211,2474
645,590,1235
1096,982,2078
694,639,1333
610,1105,1715
753,868,1621
440,582,1022
601,1141,1742
725,467,1192
979,531,1510
582,957,1539
253,640,893
452,541,993
1533,764,2297
444,771,1215
607,1919,2526
803,268,1071
533,689,1222
455,629,1084
1022,573,1595
142,605,747
367,312,679
1389,1324,2713
1007,439,1446
334,924,1258
346,651,997
340,705,1045
832,454,1286
643,867,1510
1351,1612,2963
441,475,916
680,1129,1809
984,1203,2187
314,827,1141
2086,966,3052
381,311,692
621,1100,1721
406,341,747
519,1263,1782
504,777,1281
261,311,572
389,1255,1644
200,622,822
1551,915,2466
682,1120,1802
327,347,674
503,997,1500
398,1670,2068
1218,562,1780
773,845,1618
822,1695,2517
538,606,1144
1366,668,2034
749,1074,1823
481,1770,2251
648,1027,1675
837,621,1458
1086,564,1650
1096,642,1738
685,762,1447
1242,303,1545
192,351,543
865,582,1447
1539,753,2292
478,1012,1490
830,711,1541
945,671,1616
915,549,1464
1113,527,1640
353,804,1157
558,663,1221
240,700,940
538,602,1140
1630,479,2109
587,1548,2135
1295,505,1800
465,818,1283
1027,647,1674
778,841,1619
535,1551,2086
199,834,1033
124,610,734
717,1438,2155
1647,630,2277
444,804,1248
208,1605,1813
505,452,957
461,1147,1608
630,875,1505
568,1303,1871
349,963,1312
672,429,1101
237,776,1013
624,627,1251
40,866,906
362,720,1082
859,1038,1897
292,1007,1299
1361,478,1839
526,1313,1839
387,902,1289
920,1171,2091
488,835,1323
1397,643,2040
986,1051,2037
379,662,1041
209,846,1055
1366,515,1881
264,911,1175
474,605,1079
405,1139,1544
453,1096,1549
411,856,1267
568,716,1284
782,332,1114
190,1104,1294
240,1015,1255
995,602,1597
287,897,1184
676,926,1602
682,1066,1748
482,1312,1794
978,464,1442
671,454,1125
734,1092,1826
718,640,1358
1311,651,1962
555,589,1144
847,775,1622
578,689,1267
297,1120,1417
225,582,807
903,680,1583
1035,731,1766
588,801,1389
938,467,1405
590,884,1474
942,837,1779
665,679,1344
514,814,1328
770,860,1630
432,819,1251
798,1059,1857
1039,339,1378
1043,774,1817
242,843,1085
509,1149,1658
902,343,1245
190,447,637
994,596,1590
760,984,1744
502,887,1389
388,643,1031
522,886,1408
616,916,1532
589,612,1201
992,685,1677
602,939,1541
567,868,1435
767,1311,2078
474,611,1085
720,594,1314
1154,1052,2206
821,605,1426
374,746,1120
702,528,1230
700,813,1513
466,1087,1553
968,1063,2031
762,853,1615
746,744,1490
574,361,935
740,565,1305
196,958,1154
485,657,1142
281,745,1026
517,773,1290
617,1047,1664
811,737,1548
566,711,1277
226,1020,1246
226,540,766
757,743,1500
769,610,1379
620,706,1326
486,465,951
747,682,1429
1016,757,1773
546,719,1265
621,851,1472
852,1072,1924
644,779,1423
542,759,1301
403,685,1088
1065,875,1940
681,406,1087
719,797,1516
463,852,1315
587,757,1344
756,1285,2041
587,672,1259
573,432,1005
312,712,1024
628,1603,2231
444,611,1055
855,807,1662
604,719,1323
987,314,1301
1202,655,1857
543,411,954
276,995,1271
408,711,1119
565,507,1072
705,1005,1710
655,470,1125
629,829,1458
769,534,1303
716,438,1154
437,810,1247
827,983,1810
557,511,1068
563,890,1453
591,632,1223
860,1249,2109
453,707,1160
781,1493,2274
699,635,1334
948,1746,2694
1177,1577,2754
258,1057,1315
420,503,923
474,771,1245
1393,961,2354
342,672,1014
874,1013,1887
558,1699,2257
284,1064,1348
815,883,1698
238,820,1058
1138,947,2085
689,804,1493
432,1130,1562
358,1645,2003
436,679,1115
197,637,834
651,814,1465
1446,907,2353
1695,562,2257
496,820,1316
1454,719,2173
1593,732,2325
791,951,1742
843,714,1557
763,586,1349
910,1231,2141
815,954,1769
579,1960,2539
456,496,952
887,553,1440
578,1390,1968
742,1809,2551
351,1544,1895
729,818,1547
935,1044,1979
637,1729,2366
258,1558,1816
512,415,927
431,1177,1608
755,1588,2343
587,1663,2250
764,905,1669
897,700,1597
572,1340,1912
698,1481,2179
1445,989,2434
1111,637,1748
758,961,1719
459,575,1034
1756,484,2240
511,776,1287
618,1378,1996
1488,759,2247
1359,945,2304
703,598,1301
448,1731,2179
318,1239,1557
853,639,1492
1753,630,2383
961,699,1660
540,483,1023
507,1339,1846
1382,836,2218
957,721,1678
435,511,946
512,2110,2622
572,289,861
554,1004,1558
1636,557,2193
1626,601,2227
1404,1309,2713
325,313,638
298,734,1032
341,808,1149
374,364,738
1433,807,2240
576,705,1281
360,1328,1688
1524,1040,2564
425,1859,2284
678,1351,2029
423,1181,1604
839,1992,2831
163,368,531
702,984,1686
658,567,1225
584,1009,1593
207,582,789
1062,490,1552
1284,349,1633
529,1174,1703
1151,1335,2486
583,1015,1598
2043,750,2793
1121,370,1491
698,1217,1915
1078,781,1859
764,1207,1971
276,512,788
743,381,1124
1205,743,1948
643,713,1356
788,967,1755
447,1063,1510
109,467,576
1755,901,2656
886,843,1729
480,886,1366
218,404,622
455,925,1380
631,1059,1690
860,1640,2500
762,974,1736
1808,720,2528
592,802,1394
1220,2098,3318
405,1449,1854
1256,882,2138
270,762,1032
598,738,1336
1357,2043,3400
751,541,1292
259,477,736
872,448,1320
871,806,1677
385,775,1160
494,985,1479
563,1682,2245
844,1107,1951
269,679,948
754,598,1352
1025,587,1612
734,745,1479
596,396,992
914,1332,2246
648,1143,1791
1152,2086,3238
891,1814,2705
883,1026,1909
745,421,1166
1017,1239,2256
688,319,1007
1542,1138,2680
385,594,979
933,939,1872
593,967,1560
819,872,1691
430,632,1062
959,832,1791
450,1239,1689
580,929,1509
511,466,977
1725,758,2483
678,1517,2195
1022,525,1547
1040,811,1851
73,650,723
607,1390,1997
783,480,1263
1309,624,1933
1944,1247,3191
272,539,811
1418,831,2249
691,840,1531
261,695,956
575,1518,2093
694,796,1490
629,312,941
750,627,1377
2039,1151,3190
944,1052,1996
451,445,896
549,656,1205
1904,1324,3228
1174,1095,2269
1036,893,1929
522,480,1002
1121,903,2024
474,382,856
1258,856,2114
359,623,982
887,491,1378
1637,650,2287
1437,610,2047
432,731,1163
754,1325,2079
423,468,891
512,842,1354
579,559,1138
565,1017,1582
1113,307,1420
1283,583,1866
257,884,1141
1033,1103,2136
818,760,1578
787,722,1509
311,721,1032
1050,669,1719
528,455,983
833,556,1389
581,675,1256
136,809,945
272,696,968
879,1563,2442
431,966,1397
701,568,1269
420,619,1039
436,1671,2107
525,1371,1896
674,260,934
617,1050,1667
936,1229,2165
567,799,1366
675,276,951
445,703,1148
427,770,1197
246,1085,1331
501,304,805
474,849,1323
571,1487,2058
78,326,404
286,1145,1431
1422,745,2167
146,316,462
1058,1064,2122
720,632,1352
239,632,871
898,532,1430
717,493,1210
305,716,1021
1525,534,2059
620,626,1246
681,1250,1931
205,317,522
1203,807,2010
1017,328,1345
266,1198,1464
352,991,1343
1012,1027,2039
869,504,1373
453,1175,1628
1206,760,1966
453,487,940
204,471,675
936,557,1493
785,1183,1968
542,1118,1660
1047,604,1651
254,519,773
424,1750,2174
211,619,830
434,301,735
441,1088,1529
264,682,946
220,319,539
749,1248,1997
681,637,1318
584,806,1390
507,1387,1894
551,552,1103
687,1007,1694
649,549,1198
1063,774,1837
437,944,1381
469,461,930
520,1171,1691
1068,414,1482
324,503,827
957,1539,2496
770,1114,1884
396,534,930
1134,1505,2639
365,1322,1687
442,855,1297
395,1351,1746
1668,1007,2675
920,1176,2096
241,520,761
931,633,1564
276,497,773
1285,300,1585
1144,673,1817
354,807,1161
269,325,594
1076,1133,2209
1427,752,2179
909,866,1775
818,378,1196
919,1152,2071
472,1220,1692
686,563,1249
1395,478,1873
870,534,1404
1137,987,2124
1185,625,1810
926,470,1396
531,901,1432
369,615,984
222,704,926
534,471,1005
1247,1129,2376
418,923,1341
164,573,737
949,611,1560
590,664,1254
926,409,1335
505,338,843
1029,759,1788
129,932,1061
441,665,1106
535,437,972
718,1247,1965
1027,684,1711
225,843,1068
990,577,1567
1190,1202,2392
182,1456,1638
474,417,891
747,362,1109
239,1594,1833
852,344,1196
291,1296,1587
86,862,948
843,946,1789
419,891,1310
383,1288,1671
124,861,985
991,800,1791
671,870,1541
276,453,729
207,842,1049
852,1222,2074
389,761,1150
470,663,1133
208,1203,1411
427,531,958
678,765,1443
1132,470,1602
485,800,1285
764,589,1353
782,306,1088
96,829,925
714,483,1197
134,785,919
759,961,1720
1235,414,1649
812,746,1558
582,557,1139
202,894,1096
222,1332,1554
1214,998,2212
549,499,1048
1346,981,2327
1039,1030,2069
269,359,628
588,697,1285
626,580,1206
1498,984,2482
595,581,1176
503,1151,1654
425,654,1079
567,463,1030
1087,1037,2124
627,1181,1808
286,652,938
368,614,982
847,990,1837
1042,596,1638
627,680,1307
353,1436,1789
769,793,1562
841,577,1418
604,947,1551
771,646,1417
221,664,885
407,860,1267
536,936,1472
861,488,1349
374,990,1364
707,787,1494
1196,449,1645
687,903,1590
889,556,1445
467,617,1084
539,969,1508
202,983,1185
433,653,1086
400,848,1248
289,483,772
1022,799,1821
916,806,1722
542,370,912
593,693,1286
755,597,1352
423,519,942
709,482,1191
719,524,1243
361,1057,1418
997,780,1777
876,949,1825
508,671,1179
548,1037,1585
438,913,1351
846,910,1756
708,1036,1744
828,1242,2070
638,792,1430
628,1123,1751
1012,816,1828
279,1236,1515
462,625,1087
52,2645,2697
636,926,1562
776,838,1614
655,663,1318
515,1143,1658
252,824,1076
591,1405,1996
780,968,1748
570,1137,1707
741,958,1699
628,687,1315
442,1748,2190
877,1410,2287
258,932,1190
827,1196,2023
156,2865,3021
524,1300,1824
978,415,1393
600,461,1061
646,1145,1791
1331,2079,3410
893,871,1764
634,562,1196
819,407,1226
123,1049,1172
1648,1819,3467
559,389,948
498,830,1328
953,956,1909
1258,692,1950
344,1371,1715
1031,545,1576
1281,680,1961
637,845,1482
415,1141,1556
900,1046,1946
176,352,528
588,781,1369
690,737,1427
823,910,1733
1357,701,2058
886,593,1479
851,759,1610
2785,588,3373
1039,745,1784
142,866,1008
806,683,1489
1089,455,1544
1747,503,2250
709,694,1403
122,335,457
291,589,880
1133,899,2032
382,937,1319
707,489,1196
621,599,1220
277,770,1047
669,743,1412
21,613,634
1941,763,2704
578,591,1169
418,824,1242
605,1141,1746
624,540,1164
853,411,1264
476,964,1440
278,651,929
358,583,941
179,327,506
641,1430,2071
1628,1063,2691
528,745,1273
355,306,661
421,1287,1708
361,763,1124
1052,1693,2745
24,693,717
494,1288,1782
260,729,989
302,491,793
1295,566,1861
54,1092,1146
267,600,867
310,714,1024
816,661,1477
1061,1403,2464
293,922,1215
342,859,1201
414,802,1216
396,594,990
484,895,1379
347,787,1134
616,1036,1652
602,798,1400
692,796,1488
1039,389,1428
1029,418,1447
500,591,1091
546,631,1177
272,823,1095
661,451,1112
580,847,1427
1043,690,1733
614,521,1135
599,768,1367
320,1239,1559
574,948,1522
45,924,969
643,1177,1820
570,613,1183
404,1093,1497
661,964,1625
711,384,1095
284,521,805
1030,1497,2527
670,964,1634
847,417,1264
1451,1317,2768
371,564,935
500,851,1351
800,759,1559
779,659,1438
590,435,1025
589,549,1138
563,656,1219
431,559,990
881,1020,1901
306,533,839
78,1570,1648
1139,871,2010
850,605,1455
386,1482,1868
792,970,1762
755,658,1413
531,572,1103
470,563,1033
302,833,1135
783,1174,1957
478,657,1135
1214,1108,2322
360,559,919
223,1577,1800
1313,1372,2685
521,692,1213
522,1210,1732
360,612,972
307,934,1241
1515,484,1999
1029,813,1842
432,938,1370
1121,681,1802
344,778,1122
1317,571,1888
522,670,1192
819,593,1412
828,632,1460
558,628,1186
608,695,1303
1293,389,1682
884,723,1607
534,494,1028
565,1208,1773
577,748,1325
899,358,1257
1022,919,1941
445,1086,1531
554,316,870
490,916,1406
1497,495,1992
895,1151,2046
658,1253,1911
422,420,842
704,413,1117
413,1042,1455
1146,509,1655
568,802,1370
759,1021,1780
1407,427,1834
427,417,844
595,445,1040
834,1123,1957
492,283,775
643,765,1408
754,621,1375
620,918,1538
799,369,1168
826,512,1338
644,909,1553
1174,525,1699
761,361,1122
1059,475,1534
960,373,1333
861,692,1553
1004,554,1558
1026,333,1359
1647,615,2262
1012,478,1490
883,736,1619
997,578,1575
769,660,1429
754,684,1438
137,646,783
158,677,835
114,604,718
814,509,1323
988,535,1523
279,612,891
149,678,827
75,839,914
1365,635,2000
100,435,535
54,653,707
47,534,581
897,885,1782
25,703,728
29,1100,1129
129,761,890
118,656,774
24,978,1002
315,884,1199
87,751,838
168,938,1106
508,342,850
19,771,790
196,926,1122
121,1078,1199
438,831,1269
17,773,790
397,936,1333
208,898,1106
910,475,1385
228,1037,1265
188,1549,1737
376,576,952
747,485,1232
132,1206,1338
340,1348,1688
572,380,952
392,1516,1908
474,679,1153
464,828,1292
303,323,626
457,1052,1509
424,794,1218
563,1180,1743
352,381,733
644,1231,1875
946,675,1621
1050,1099,2149
294,1183,1477
1268,566,1834
182,1167,1349
746,950,1696
443,1414,1857
1006,567,1573
1393,833,2226
914,689,1603
661,1259,1920
153,447,600
267,989,1256
542,1634,2176
199,810,1009
652,1752,2404
592,1843,2435
1194,805,1999
893,1312,2205
970,1258,2228
918,981,1899
620,918,1538
263,1006,1269
740,488,1228
1512,517,2029
862,871,1733
782,960,1742
733,1249,1982
1733,365,2098
585,1651,2236
1205,1056,2261
469,585,1054
365,490,855
1093,843,1936
48,1088,1136
659,1365,2024
1181,839,2020
1060,435,1495
529,1371,1900
297,664,961
1079,1093,2172
926,1303,2229
371,579,950
587,566,1153
942,310,1252
51,574,625
1009,1520,2529
939,1311,2250
150,1524,1674
720,1544,2264
448,1589,2037
184,1568,1752
1389,649,2038
1272,1054,2326
217,909,1126
204,1552,1756
970,910,1880
1422,394,1816
789,1495,2284
1247,646,1893
1493,364,1857
910,1260,2170
1252,682,1934
605,1826,2431
325,654,979
383,812,1195
1425,702,2127
398,3110,3508
643,394,1037
1678,1258,2936
1465,248,1713
396,377,773
802,507,1309
361,301,662
474,1691,2165
596,1462,2058
1329,481,1810
1000,1464,2464
715,1413,2128
433,1059,1492
1152,594,1746
632,1482,2114
234,1317,1551
640,198,838
1495,486,1981
1238,367,1605
430,502,932
150,1590,1740
563,623,1186
1307,352,1659
348,519,867
889,2712,3601
295,761,1056
1636,553,2189
1182,1779,2961
80,443,523
482,482,964
495,1393,1888
102,1064,1166
1585,2285,3870
850,1094,1944
794,1344,2138
1377,555,1932
3067,1026,4093
407,1110,1517
1426,639,2065
2297,1052,3349
135,1118,1253
466,1851,2317
1064,328,1392
960,569,1529
337,1123,1460
1195,2438,3633
430,475,905
2034,480,2514
1168,403,1571
1136,1906,3042
502,346,848
286,792,1078
137,521,658
1389,1419,2808
255,935,1190
989,484,1473
2021,796,2817
653,1343,1996
170,916,1086
1005,698,1703
1367,702,2069
304,1723,2027
640,520,1160
634,692,1326
50,1860,1910
1707,303,2010
249,349,598
1048,530,1578
387,1048,1435
348,1310,1658
842,413,1255
894,1090,1984
841,684,1525
456,1489,1945
1251,930,2181
631,1409,2040
413,1188,1601
445,1484,1929
848,1961,2809
616,984,1600
237,1206,1443
367,1396,1763
667,825,1492
1676,1513,3189
229,1261,1490
311,1766,2077
298,981,1279
1220,781,2001
170,964,1134
335,1155,1490
340,836,1176
1282,600,1882
1770,1497,3267
714,503,1217
454,1385,1839
489,945,1434
1022,1104,2126
362,1874,2236
274,1400,1674
314,1383,1697
1651,530,2181
1273,444,1717
916,1628,2544
61,1698,1759
983,773,1756
1179,520,1699
747,521,1268
1102,1228,2330
990,830,1820
757,859,1616
804,1240,2044
1598,796,2394
1303,610,1913
1018,293,1311
988,387,1375
1541,334,1875
1048,514,1562
1666,914,2580
22,591,613
1082,1318,2400
1117,544,1661
57,616,673
841,365,1206
54,805,859
318,426,744
250,445,695
1465,987,2452
357,531,888
513,277,790
210,672,882
1289,1162,2451
552,278,830
1206,2405,3611
136,700,836
827,758,1585
265,288,553
1553,2328,3881
1250,984,2234
350,349,699
116,318,434
1335,832,2167
610,575,1185
1543,302,1845
165,307,472
907,906,1813
496,1101,1597
391,810,1201
212,468,680
388,549,937
66,1477,1543
152,586,738
57,1214,1271
154,449,603
1148,2353,3501
188,811,999
329,564,893
562,1008,1570
2204,1220,3424
425,535,960
367,1064,1431
68,1482,1550
682,828,1510
355,809,1164
723,874,1597
312,1109,1421
2195,661,2856
407,998,1405
856,1077,1933
357,1087,1444
903,754,1657
737,1123,1860
539,1557,2096
828,417,1245
650,970,1620
2214,889,3103
46,1612,1658
996,339,1335
1142,550,1692
926,1092,2018
474,583,1057
700,1020,1720
925,344,1269
654,535,1189
818,666,1484
185,361,546
604,1033,1637
846,314,1160
1175,595,1770
1107,1248,2355
271,342,613
512,656,1168
1363,705,2068
453,1013,1466
979,1323,2302
1407,1131,2538
169,327,496
200,451,651
1421,340,1761
951,903,1854
331,363,694
566,803,1369
708,1009,1717
127,513,640
1013,902,1915
338,425,763
1483,680,2163
658,803,1461
366,1365,1731
1003,1041,2044
763,1003,1766
459,584,1043
1140,661,1801
261,452,713
627,869,1496
529,729,1258
708,620,1328
1044,976,2020
888,595,1483
935,1009,1944
446,358,804
987,1462,2449
946,1394,2340
356,896,1252
1038,678,1716
673,660,1333
512,307,819
285,618,903
600,1021,1621
393,1539,1932
244,1136,1380
358,2012,2370
777,827,1604
582,894,1476
1307,1140,2447
1054,554,1608
474,823,1297
1345,908,2253
264,574,838
339,924,1263
883,872,1755
308,1471,1779
333,1072,1405
487,466,953
828,1173,2001
734,1141,1875
233,1358,1591
544,928,1472
477,561,1038
732,1176,1908
847,602,1449
698,624,1322
1477,873,2350
423,1190,1613
317,786,1103
1385,446,1831
2024,637,2661
1409,827,2236
464,590,1054
808,1182,1990
1030,347,1377
540,1210,1750
955,700,1655
846,672,1518
946,967,1913
485,1286,1771
295,652,947
971,930,1901
1355,880,2235
546,1369,1915
974,710,1684
797,771,1568
1099,866,1965
911,911,1822
650,1373,2023
771,871,1642
631,835,1466
1130,784,1914
707,1303,2010
105,996,1101
954,620,1574
994,877,1871
1094,883,1977
625,557,1182
616,1232,1848
1414,619,2033
1047,984,2031
1188,852,2040
752,332,1084
676,621,1297
313,698,1011
470,738,1208
1380,527,1907
318,436,754
1360,895,2255
757,968,1725
1117,1057,2174
719,870,1589
519,1194,1713
833,1081,1914
33,852,885
100,1316,1416
646,673,1319
693,1209,1902
688,871,1559
1121,660,1781
471,469,940
527,1098,1625
731,881,1612
222,842,1064
801,405,1206
672,407,1079
111,1021,1132
384,390,774
741,412,1153
755,1260,2015
1015,960,1975
134,866,1000
781,853,1634
886,331,1217
683,545,1228
561,877,1438
739,1092,1831
925,493,1418
1196,1130,2326
358,1117,1475
201,467,668
471,1026,1497
728,675,1403
1083,1291,2374
785,689,1474
402,1135,1537
480,1147,1627
290,787,1077
258,441,699
726,725,1451
1036,634,1670
849,778,1627
918,710,1628
262,872,1134
1027,584,1611
788,554,1342
303,1098,1401
833,535,1368
353,430,783
518,302,820
735,733,1468
1043,456,1499
937,477,1414
713,719,1432
221,528,749
325,757,1082
575,599,1174
1094,496,1590
718,548,1266
1118,475,1593
622,1199,1821
1198,436,1634
940,433,1373
264,602,866
238,978,1216
718,2584,3302
511,796,1307
303,1259,1562
320,447,767
923,2319,3242
422,884,1306
371,641,1012
427,628,1055
771,1286,2057
391,508,899
358,791,1149
480,579,1059
604,419,1023
284,717,1001
591,655,1246
640,786,1426
60,1243,1303
486,574,1060
374,2236,2610
611,739,1350
768,265,1033
327,782,1109
771,1552,2323
524,269,793
770,892,1662
247,619,866
511,268,779
636,2279,2915
1215,615,1830
727,485,1212
463,688,1151
2199,683,2882
391,482,873
348,665,1013
260,1006,1266
2194,681,2875
1008,1166,2174
308,1254,1562
451,1168,1619
2193,458,2651
415,1206,1621
290,794,1084
567,489,1056
1270,640,1910
163,702,865
1151,1023,2174
204,596,800
555,1287,1842
692,644,1336
548,782,1330
526,1275,1801
354,907,1261
398,340,738
437,409,846
477,1418,1895
440,1050,1490
1404,1037,2441
393,1894,2287
165,267,432
910,752,1662
326,532,858
506,493,999
594,826,1420
263,552,815
936,620,1556
543,609,1152
777,900,1677
609,1028,1637
618,1579,2197
929,778,1707
368,664,1032
389,840,1229
492,537,1029
1140,718,1858
753,544,1297
624,675,1299
102,1012,1114
1122,709,1831
1350,976,2326
1233,683,1916
252,835,1087
406,665,1071
775,617,1392
480,696,1176
542,680,1222
660,705,1365
1051,1012,2063
156,1352,1508
208,575,783
566,709,1275
863,622,1485
1563,747,2310
919,845,1764
318,704,1022
757,625,1382
974,600,1574
613,1181,1794
413,555,968
198,1546,1744
312,763,1075
410,915,1325
538,803,1341
409,628,1037
558,796,1354
780,838,1618
528,935,1463
569,665,1234
1502,828,2330
503,849,1352
550,613,1163
289,924,1213
729,857,1586
561,454,1015
672,1342,2014
842,1216,2058
555,941,1496
844,1037,1881
563,1043,1606
908,1091,1999
1277,1207,2484
1169,978,2147
816,849,1665
1521,1038,2559
879,882,1761
454,836,1290
321,965,1286
948,934,1882
524,1392,1916
619,705,1324
332,1252,1584
498,856,1354
640,1213,1853
533,1193,1726
575,1056,1631
294,1126,1420
367,960,1327
981,628,1609
619,393,1012
1048,329,1377
920,607,1527
868,1264,2132
668,486,1154
887,396,1283
386,1308,1694
749,958,1707
530,1339,1869
567,450,1017
789,1629,2418
546,1326,1872
419,1148,1567
765,1285,2050
275,479,754
692,524,1216
390,1150,1540
784,1159,1943
838,1329,2167
919,661,1580
734,1037,1771
400,341,741
934,402,1336
635,1070,1705
790,759,1549
1069,546,1615
879,717,1596
159,868,1027
497,1332,1829
1199,891,2090
1211,1110,2321
100,430,530
455,518,973
390,1000,1390
757,1118,1875
993,807,1800
23,721,744
380,741,1121
1065,860,1925
651,1497,2148
1340,648,1988
680,648,1328
1113,657,1770
882,1202,2084
1270,807,2077
928,1041,1969
1013,917,1930
780,774,1554
1282,795,2077
967,1300,2267
433,911,1344
569,481,1050
781,797,1578
522,506,1028
69,800,869
701,627,1328
1277,400,1677
358,922,1280
1006,783,1789
968,518,1486
671,681,1352
827,862,1689
197,551,748
428,510,938
701,699,1400
889,1110,1999
262,468,730
1052,339,1391
800,915,1715
425,312,737
573,772,1345
240,1291,1531
647,537,1184
430,318,748
1055,632,1687
329,1188,1517
666,525,1191
1305,948,2253
500,1395,1895
469,1286,1755
792,304,1096
894,321,1215
688,1337,2025
455,1047,1502
791,448,1239
585,719,1304
281,311,592
359,468,827
191,1272,1463
285,1201,1486
161,637,798
180,489,669
834,714,1548
493,1193,1686
212,638,850
375,354,729
1253,518,1771
905,787,1692
395,355,750
340,1589,1929
353,943,1296
444,271,715
1242,462,1704
504,2069,2573
325,1684,2009
476,1584,2060
1113,769,1882
360,410,770
597,681,1278
188,621,809
421,1600,2021
215,372,587
275,1445,1720
515,634,1149
192,1633,1825
1267,694,1961
938,541,1479
1116,605,1721
663,713,1376
613,744,1357
258,380,638
326,1201,1527
1029,753,1782
649,537,1186
1526,369,1895
249,1915,2164
645,856,1501
399,992,1391
207,1471,1678
315,517,832
602,1418,2020
617,1451,2068
589,951,1540
503,1394,1897
1429,681,2110
1246,1541,2787
465,820,1285
852,1826,2678
425,1231,1656
1943,1041,2984
261,754,1015
262,1247,1509
1561,769,2330
614,589,1203
311,917,1228
57,859,916
659,635,1294
533,1226,1759
751,810,1561
1389,552,1941
1539,1119,2658
771,644,1415
1795,1052,2847
1227,562,1789
1329,1356,2685
538,1088,1626
465,814,1279
1502,627,2129
517,646,1163
1335,1190,2525
1108,308,1416
762,530,1292
545,551,1096
413,584,997
1110,1368,2478
1266,688,1954
501,1406,1907
1153,491,1644
438,820,1258
722,602,1324
1659,566,2225
656,1155,1811
556,661,1217
1115,1304,2419
401,1509,1910
976,509,1485
1108,657,1765
783,898,1681
439,1549,1988
694,833,1527
807,523,1330
1112,866,1978
793,764,1557
944,524,1468
491,801,1292
493,1163,1656
1558,356,1914
904,1127,2031
772,1408,2180
504,942,1446
370,527,897
1168,982,2150
1026,401,1427
519,1771,2290
536,834,1370
366,883,1249
808,920,1728
681,521,1202
691,766,1457
823,581,1404
1581,529,2110
938,573,1511
1432,867,2299
1466,543,2009
606,835,1441
1014,906,1920
680,1549,2229
819,641,1460
1060,459,1519
718,626,1344
1048,580,1628
604,907,1511
691,1405,2096
965,580,1545
299,645,944
136,749,885
252,531,783
1312,839,2151
642,640,1282
317,644,961
635,759,1394
413,438,851
1646,741,2387
790,1115,1905
625,338,963
55,1099,1154
518,298,816
775,600,1375
663,460,1123
428,322,750
120,997,1117
515,784,1299
397,462,859
178,984,1162
519,434,953
428,886,1314
416,1149,1565
1443,655,2098
563,962,1525
385,781,1166
667,1887,2554
508,998,1506
1337,923,2260
166,1127,1293
602,1067,1669
208,722,930
489,536,1025
365,326,691
405,739,1144
415,1860,2275
896,878,1774
310,981,1291
457,1292,1749
574,928,1502
1021,566,1587
1037,536,1573
620,1075,1695
177,837,1014
276,779,1055
762,1673,2435
682,875,1557
924,1078,2002
331,786,1117
997,366,1363
928,941,1869
890,553,1443
473,1249,1722
225,1003,1228
795,457,1252
1857,485,2342
589,1190,1779
1055,1020,2075
546,1506,2052
920,482,1402
838,783,1621
759,655,1414
461,1329,1790
298,880,1178
918,756,1674
1862,587,2449
1048,687,1735
1208,718,1926
656,1302,1958
1505,720,2225
282,1105,1387
710,1502,2212
453,533,986
724,583,1307
1161,559,1720
1295,624,1919
335,789,1124
720,696,1416
1124,549,1673
275,629,904
557,923,1480
716,622,1338
866,807,1673
675,514,1189
1371,344,1715
763,918,1681
782,544,1326
205,336,541
497,571,1068
81,587,668
506,890,1396
1004,620,1624
852,1189,2041
545,853,1398
425,695,1120
486,801,1287
940,843,1783
292,333,625
591,1329,1920
265,461,726
148,1048,1196
769,827,1596
469,1073,1542
460,576,1036
593,831,1424
759,988,1747
511,581,1092
436,800,1236
262,1455,1717
334,562,896
304,1400,1704
478,834,1312
548,606,1154
86,833,919
260,608,868
484,698,1182
727,506,1233
420,1523,1943
451,237,688
243,964,1207
384,1479,1863
596,834,1430
499,399,898
249,961,1210
1007,1085,2092
229,1463,1692
338,672,1010
1232,863,2095
877,388,1265
522,1213,1735
575,818,1393
713,348,1061
485,1493,1978
760,829,1589
556,408,964
830,334,1164
1128,678,1806
911,898,1809
417,880,1297
1162,617,1779
269,1602,1871
294,1107,1401
740,725,1465
742,341,1083
778,920,1698
723,551,1274
766,555,1321
1323,1128,2451
361,2051,2412
523,402,925
774,1588,2362
914,972,1886
896,1031,1927
584,509,1093
1393,1093,2486
828,1688,2516
1249,871,2120
92,1026,1118
317,1460,1777
1079,1231,2310
453,936,1389
586,1342,1928
128,945,1073
1464,820,2284
377,1497,1874
754,1214,1968
810,986,1796
531,1206,1737
1068,420,1488
1354,986,2340
261,1181,1442
301,195,496
653,1101,1754
1018,1428,2446
223,1502,1725
1329,603,1932
836,967,1803
1129,528,1657
1425,517,1942
101,679,780
319,1537,1856
1019,362,1381
222,1085,1307
798,1445,2243
830,616,1446
680,336,1016
1728,562,2290
1699,805,2504
191,317,508
161,814,975
516,1480,1996
251,321,572
1400,574,1974
554,1208,1762
405,197,602
1207,715,1922
1425,518,1943
940,617,1557
55,206,261
220,991,1211
1096,875,1971
862,866,1728
1332,900,2232
585,727,1312
351,1065,1416
303,668,971
219,1455,1674
695,613,1308
86,208,294
1402,760,2162
771,819,1590
1129,873,2002
367,651,1018
588,844,1432
318,681,999
778,916,1694
851,1313,2164
1006,500,1506
112,362,474
1230,726,1956
787,1360,2147
159,591,750
657,756,1413
507,916,1423
113,742,855
298,853,1151
563,556,1119
718,402,1120
211,580,791
863,1209,2072
313,647,960
1020,444,1464
458,736,1194
451,1086,1537
268,1432,1700
1230,431,1661
890,823,1713
363,697,1060
424,510,934
473,818,1291
604,643,1247
956,1289,2245
611,1117,1728
248,687,935
804,2078,2882
698,1094,1792
350,1018,1368
678,499,1177
1036,1635,2671
612,734,1346
543,1029,1572
611,738,1349
334,727,1061
531,430,961
337,669,1006
57,673,730
299,629,928
914,675,1589
92,559,651
336,1276,1612
310,782,1092
454,703,1157
377,685,1062
1015,1164,2179
1063,850,1913
153,695,848
503,666,1169
153,972,1125
689,1068,1757
507,694,1201
525,461,986
771,288,1059
209,1170,1379
594,818,1412
530,1240,1770
785,592,1377
629,489,1118
564,494,1058
1874,555,2429
581,369,950
705,637,1342
663,975,1638
420,1069,1489
310,1040,1350
345,1287,1632
520,721,1241
236,829,1065
1518,887,2405
1146,876,2022
679,307,986
525,784,1309
912,1047,1959
407,473,880
792,611,1403
403,724,1127
261,854,1115
987,715,1702
484,1150,1634
874,527,1401
953,791,1744
222,972,1194
781,1092,1873
1101,1126,2227
468,749,1217
509,774,1283
563,888,1451
809,690,1499
1153,885,2038
683,541,1224
397,390,787
987,942,1929
1039,1401,2440
524,830,1354
462,1378,1840
686,1857,2543
248,534,782
433,760,1193
759,738,1497
763,689,1452
1043,784,1827
823,781,1604
751,671,1422
853,614,1467
527,785,1312
294,1325,1619
108,1045,1153
531,660,1191
737,795,1532
890,563,1453
795,988,1783
881,919,1800
753,583,1336
770,652,1422
471,647,1118
345,1470,1815
817,1468,2285
652,552,1204
763,671,1434
744,777,1521
437,995,1432
719,329,1048
356,1022,1378
658,778,1436
1209,659,1868
608,859,1467
566,941,1507
671,1112,1783
512,916,1428
608,773,1381
478,387,865
445,1299,1744
1194,1311,2505
700,562,1262
427,493,920
392,672,1064
553,769,1322
1759,1072,2831
448,901,1349
203,498,701
1240,817,2057
577,688,1265
511,903,1414
843,699,1542
737,547,1284
379,780,1159
569,788,1357
1354,898,2252
538,818,1356
1328,1069,2397
880,843,1723
694,1124,1818
706,1017,1723
998,891,1889
832,604,1436
1206,921,2127
580,885,1465
740,919,1659
948,1258,2206
737,671,1408
910,664,1574
680,646,1326
643,399,1042
616,818,1434
891,1457,2348
556,748,1304
1178,981,2159
335,1029,1364
777,695,1472
855,636,1491
727,819,1546
475,619,1094
627,764,1391
1096,727,1823
1026,1545,2571
988,811,1799
490,959,1449
894,766,1660
1331,458,1789
710,741,1451
1200,717,1917
616,573,1189
679,575,1254
904,595,1499
1012,1304,2316
572,726,1298
831,826,1657
906,567,1473
705,1183,1888
787,888,1675
798,531,1329
124,657,781
870,1011,1881
920,602,1522
348,347,695
197,501,698
269,611,880
745,833,1578
861,945,1806
321,980,1301
159,605,764
1330,930,2260
175,876,1051
300,863,1163
354,558,912
497,460,957
507,440,947
1428,939,2367
231,879,1110
398,710,1108
709,479,1188
741,1441,2182
697,403,1100
658,343,1001
1222,786,2008
658,1000,1658
380,597,977
676,822,1498
539,599,1138
337,1196,1533
127,842,969
82,1586,1668
698,342,1040
442,791,1233
669,800,1469
421,794,1215
774,376,1150
366,415,781
717,1807,2524
484,1103,1587
477,915,1392
416,348,764
748,604,1352
70,377,447
324,898,1222
853,549,1402
1149,1595,2744
497,1161,1658
585,626,1211
814,912,1726
443,566,1009
1152,651,1803
599,583,1182
173,333,506
690,1118,1808
232,500,732
1334,1299,2633
740,1287,2027
658,669,1327
257,524,781
1474,825,2299
292,1057,1349
622,804,1426
849,435,1284
225,508,733
853,746,1599
525,1299,1824
447,624,1071
1058,707,1765
276,774,1050
1361,1012,2373
174,1186,1360
963,1043,2006
854,922,1776
319,1215,1534
458,514,972
382,999,1381
840,1058,1898
420,751,1171
639,763,1402
1010,949,1959
970,834,1804
923,406,1329
1115,670,1785
321,1626,1947
1155,1002,2157
656,593,1249
1460,854,2314
709,896,1605
766,1134,1900
741,354,1095
1072,1343,2415
384,349,733
568,558,1126
1042,534,1576
687,831,1518
290,615,905
676,719,1395
439,1748,2187
864,1176,2040
951,1027,1978
710,1231,1941
794,839,1633
201,720,921
274,1242,1516
259,594,853
702,1001,1703
1185,1512,2697
312,824,1136
481,1331,1812
414,460,874
1335,1050,2385
215,823,1038
831,342,1173
498,450,948
586,631,1217
895,743,1638
454,1341,1795
648,662,1310
430,468,898
686,350,1036
588,1254,1842
1586,1082,2668
780,866,1646
380,1436,1816
738,996,1734
395,1576,1971
691,511,1202
342,313,655
749,460,1209
1267,529,1796
344,633,977
699,1993,2692
463,781,1244
1184,669,1853
1034,1174,2208
518,839,1357
1240,929,2169
411,858,1269
274,840,1114
510,2867,3377
985,1217,2202
651,785,1436
191,2320,2511
1014,2563,3577
832,1337,2169
687,1362,2049
52,719,771
475,2104,2579
895,1100,1995
86,745,831
486,764,1250
1120,1688,2808
1474,1727,3201
349,1274,1623
1211,1448,2659
477,823,1300
2652,678,3330
587,300,887
310,830,1140
1367,762,2129
643,584,1227
711,2184,2895
584,846,1430
1232,800,2032
245,879,1124
971,563,1534
2522,410,2932
419,1149,1568
132,1084,1216
1728,585,2313
376,964,1340
576,707,1283
1078,811,1889
1406,650,2056
1617,1345,2962
968,1876,2844
1155,1120,2275
579,562,1141
421,987,1408
839,980,1819
555,822,1377
1947,783,2730
1124,371,1495
1943,1318,3261
936,2004,2940
860,514,1374
52,680,732
979,242,1221
973,665,1638
420,592,1012
1635,1069,2704
1051,797,1848
458,465,923
2091,1156,3247
486,2240,2726
812,704,1516
1313,870,2183
132,987,1119
491,689,1180
1194,702,1896
1120,1295,2415
131,1203,1334
599,602,1201
839,574,1413
552,1506,2058
534,797,1331
637,1205,1842
672,947,1619
757,815,1572
233,1236,1469
183,505,688
413,273,686
1058,503,1561
727,1445,2172
386,1146,1532
1363,1050,2413
439,610,1049
1281,319,1600
143,1223,1366
214,639,853
618,1029,1647
551,929,1480
629,474,1103
242,874,1116
977,612,1589
439,393,832
178,889,1067
885,800,1685
869,422,1291
472,493,965
1110,978,2088
654,1147,1801
839,473,1312
526,333,859
741,823,1564
720,466,1186
98,1074,1172
637,698,1335
360,1170,1530
885,409,1294
790,444,1234
454,1513,1967
630,1098,1728
32,622,654
479,745,1224
391,927,1318
917,921,1838
837,438,1275
1704,1159,2863
900,844,1744
1790,1928,3718
692,2007,2699
103,1603,1706
412,1790,2202
143,1363,1506
276,1895,2171
1087,458,1545
924,1305,2229
759,889,1648
587,613,1200
1795,396,2191
23,530,553
537,612,1149
1737,333,2070
30,602,632
971,1254,2225
787,1283,2070
35,919,954
1523,1007,2530
92,1476,1568
1360,1476,2836
372,474,846
359,503,862
877,285,1162
211,1004,1215
224,584,808
648,1137,1785
374,1139,1513
150,1239,1389
340,1176,1516
922,1966,2888
371,1193,1564
998,755,1753
1817,1312,3129
307,570,877
83,1082,1165
115,1700,1815
428,1159,1587
1817,611,2428
613,1093,1706
30,1432,1462
1223,565,1788
837,785,1622
896,1081,1977
1035,649,1684
54,542,596
1486,636,2122
1169,1027,2196
520,400,920
263,1389,1652
825,522,1347
125,1752,1877
901,717,1618
646,1269,1915
73,1069,1142
997,451,1448
553,925,1478
930,1191,2121
417,423,840
519,609,1128
446,1278,1724
597,1408,2005
776,438,1214
239,1259,1498
453,700,1153
297,1285,1582
709,986,1695
366,1947,2313
815,461,1276
442,1089,1531
834,1893,2727
79,1322,1401
859,729,1588
1067,802,1869
632,570,1202
978,940,1918
987,1869,2856
46,692,738
797,715,1512
1527,1370,2897
1517,1487,3004
414,1568,1982
561,901,1462
1340,1399,2739
1371,1347,2718
1139,708,1847
1057,315,1372
985,1495,2480
748,1179,1927
1682,975,2657
260,666,926
967,1306,2273
33,1139,1172
1784,769,2553
859,893,1752
187,1270,1457
1098,740,1838
883,1158,2041
735,775,1510
612,1028,1640
455,984,1439
1101,1091,2192
1718,728,2446
694,894,1588
151,1011,1162
76,933,1009
1291,1244,2535
477,1293,1770
708,510,1218
1384,1005,2389
282,1154,1436
990,843,1833
925,829,1754
502,896,1398
1362,788,2150
932,676,1608
1268,648,1916
772,837,1609
1056,959,2015
818,785,1603
1333,178,1511
292,1442,1734
742,585,1327
567,1500,2067
567,1032,1599
856,1275,2131
836,964,1800
595,963,1558
1095,922,2017
903,188,1091
767,971,1738
1048,644,1692
1043,1486,2529
980,630,1610
834,592,1426
1100,438,1538
1311,593,1904
555,1482,2037
1121,903,2024
714,1168,1882
981,766,1747
629,1326,1955
956,1012,1968
132,678,810
1470,1067,2537
1062,1591,2653
984,819,1803
1693,830,2523
964,1166,2130
690,1780,2470
629,564,1193
1525,818,2343
206,877,1083
1316,782,2098
766,589,1355
876,1214,2090
936,1152,2088
799,1049,1848
1441,841,2282
408,338,746
353,1141,1494
306,372,678
681,378,1059
194,826,1020
229,1810,2039
1194,1041,2235
1246,1002,2248
1333,861,2194
1127,1006,2133
503,747,1250
979,878,1857
356,393,749
268,672,940
176,958,1134
1441,903,2344
1104,1212,2316
1111,1091,2202
925,850,1775
565,1969,2534
676,1045,1721
905,1556,2461
207,400,607
524,920,1444
492,892,1384
741,704,1445
782,1439,2221
246,642,888
601,2139,2740
1700,884,2584
1009,1100,2109
773,884,1657
928,513,1441
816,914,1730
263,1237,1500
297,681,978
677,1690,2367
334,791,1125
1710,1171,2881
1828,797,2625
688,796,1484
810,694,1504
831,449,1280
1002,743,1745
2235,466,2701
284,742,1026
661,878,1539
1030,800,1830
1455,433,1888
668,615,1283
824,536,1360
871,1396,2267
792,433,1225
298,1395,1693
817,685,1502
1005,706,1711
574,341,915
1368,910,2278
463,557,1020
668,1441,2109
807,1001,1808
764,466,1230
447,1489,1936
690,1402,2092
996,809,1805
368,469,837
651,642,1293
750,1383,2133
553,976,1529
735,1353,2088
440,663,1103
566,931,1497
151,530,681
1073,1042,2115
656,1768,2424
220,1435,1655
532,341,873
185,980,1165
1289,563,1852
812,811,1623
90,570,660
1060,967,2027
1248,1178,2426
473,1267,1740
499,1464,1963
1061,975,2036
660,1076,1736
244,798,1042
1349,856,2205
1422,678,2100
319,1201,1520
1318,871,2189
383,938,1321
229,926,1155
1563,517,2080
607,1407,2014
382,992,1374
1062,639,1701
655,1689,2344
956,784,1740
182,893,1075
121,576,697
495,1172,1667
416,1193,1609
581,727,1308
530,1110,1640
993,680,1673
779,774,1553
1326,1065,2391
1036,784,1820
189,1115,1304
523,899,1422
818,503,1321
520,940,1460
805,525,1330
603,1457,2060
450,1039,1489
300,1193,1493
923,1235,2158
771,800,1571
498,1037,1535
647,981,1628
455,760,1215
1276,1260,2536
771,847,1618
607,1417,2024
715,1324,2039
396,1052,1448
885,1208,2093
1258,861,2119
1001,998,1999
683,1147,1830
882,626,1508
538,1082,1620
526,1229,1755
588,1111,1699
695,1452,2147
342,1108,1450
824,875,1699
577,1558,2135
551,945,1496
1068,1344,2412
708,1191,1899
1153,443,1596
439,1625,2064
671,1016,1687
1072,1487,2559
833,653,1486
774,938,1712
809,1472,2281
801,839,1640
625,842,1467
1209,1054,2263
581,643,1224
1092,1114,2206
893,661,1554
710,670,1380
375,1739,2114
1036,971,2007
1526,804,2330
737,932,1669
655,1338,1993
495,874,1369
684,750,1434
1010,665,1675
1362,684,2046
638,736,1374
1123,665,1788
889,1958,2847
823,1333,2156
583,1633,2216
749,884,1633
947,1018,1965
497,1725,2222
641,1074,1715
111,854,965
886,1857,2743
1210,846,2056
1099,2314,3413
1032,1846,2878
317,1002,1319
957,1012,1969
682,1083,1765
1625,653,2278
476,766,1242
381,805,1186
1671,856,2527
734,2144,2878
215,614,829
1051,522,1573
1970,1136,3106
1179,1570,2749
302,1235,1537
473,921,1394
2070,722,2792
916,1953,2869
945,660,1605
1955,531,2486
290,512,802
740,1557,2297
349,782,1131
536,412,948
484,1083,1567
542,1233,1775
1252,1348,2600
643,340,983
736,548,1284
702,1162,1864
1035,1051,2086
332,1619,1951
547,493,1040
1655,446,2101
554,1195,1749
269,1222,1491
605,671,1276
299,998,1297
1002,1457,2459
787,1550,2337
816,958,1774
1260,478,1738
465,455,920
565,784,1349
951,473,1424
406,501,907
431,802,1233
965,528,1493
1746,1750,3496
221,854,1075
752,346,1098
1033,702,1735
909,876,1785
192,495,687
849,632,1481
792,1431,2223
1243,1469,2712
880,1357,2237
255,671,926
378,517,895
272,948,1220
471,1516,1987
428,647,1075
1096,1653,2749
271,1261,1532
396,524,920
631,359,990
1017,726,1743
1298,1519,2817
513,306,819
854,1532,2386
270,932,1202
539,821,1360
302,1263,1565
1228,1638,2866
250,644,894
870,982,1852
1556,1126,2682
518,716,1234
381,1611,1992
1065,1433,2498
1344,941,2285
633,831,1464
526,416,942
1514,1402,2916
386,1039,1425
267,832,1099
1315,853,2168
747,1576,2323
138,1138,1276
1430,1109,2539
1081,544,1625
1565,777,2342
363,695,1058
1475,951,2426
1127,886,2013
1037,565,1602
622,1415,2037
662,693,1355
373,896,1269
774,554,1328
798,706,1504
1338,417,1755
850,660,1510
756,737,1493
1279,915,2194
198,789,987
1275,1477,2752
207,1193,1400
384,518,902
1037,409,1446
637,796,1433
427,549,976
1172,1663,2835
219,1104,1323
1331,1030,2361
579,513,1092
1319,1560,2879
252,1104,1356
472,661,1133
762,1657,2419
1387,1690,3077
524,409,933
1349,1051,2400
566,966,1532
1301,1089,2390
552,1015,1567
1087,548,1635
844,1326,2170
206,1019,1225
1292,1701,2993
589,589,1178
416,1259,1675
477,574,1051
1496,1420,2916
632,735,1367
1360,343,1703
447,1346,1793
841,887,1728
385,869,1254
710,921,1631
838,1147,1985
569,932,1501
1325,702,2027
596,566,1162
195,964,1159
1535,680,2215
893,1073,1966
219,976,1195
1256,478,1734
69,1099,1168
1151,545,1696
311,1121,1432
971,885,1856
617,572,1189
784,476,1260
730,870,1600
928,542,1470
410,1528,1938
510,503,1013
937,452,1389
871,583,1454
351,1055,1406
644,865,1509
694,791,1485
488,996,1484
821,1811,2632
575,1312,1887
566,649,1215
503,545,1048
1074,1796,2870
513,687,1200
991,1597,2588
391,778,1169
721,456,1177
376,743,1119
494,1450,1944
1237,704,1941
721,713,1434
903,1276,2179
849,473,1322
780,902,1682
1198,864,2062
170,1132,1302
423,897,1320
1427,1171,2598
1323,515,1838
853,1192,2045
1662,778,2440
742,511,1253
222,545,767
1068,1183,2251
388,1427,1815
83,848,931
489,621,1110
905,959,1864
1006,1821,2827
327,1428,1755
477,2374,2851
383,791,1174
541,1537,2078
1159,325,1484
136,1034,1170
558,633,1191
992,965,1957
1719,661,2380
606,601,1207
786,1261,2047
1011,1191,2202
1180,997,2177
770,784,1554
203,982,1185
1011,862,1873
721,778,1499
539,903,1442
1349,1162,2511
320,1148,1468
401,1108,1509
731,1514,2245
1420,708,2128
1081,725,1806
1496,463,1959
367,1486,1853
850,900,1750
1601,1531,3132
561,791,1352
347,971,1318
759,684,1443
1074,813,1887
912,1331,2243
871,573,1444
813,659,1472
1036,787,1823
1244,1282,2526
2304,1074,3378
683,702,1385
670,734,1404
986,714,1700
96,641,737
622,1646,2268
856,1249,2105
1038,1057,2095
454,1601,2055
684,950,1634
607,1797,2404
296,483,779
523,531,1054
1288,839,2127
1128,1308,2436
633,377,1010
1394,695,2089
1262,868,2130
619,414,1033
350,694,1044
839,782,1621
747,766,1513
1451,908,2359
709,563,1272
676,892,1568
853,913,1766
295,1963,2258
1016,1328,2344
1157,662,1819
443,426,869
1032,637,1669
721,1349,2070
456,924,1380
202,526,728
612,806,1418
145,567,712
727,888,1615
1639,464,2103
834,499,1333
478,274,752
517,1149,1666
981,854,1835
835,1376,2211
367,1133,1500
683,601,1284
273,508,781
634,961,1595
394,772,1166
362,549,911
571,903,1474
889,758,1647
835,893,1728
180,1820,2000
418,870,1288
1077,556,1633
558,1622,2180
528,1292,1820
386,885,1271
818,700,1518
629,574,1203
834,489,1323
1259,532,1791
431,525,956
1225,980,2205
1268,892,2160
575,1682,2257
1087,974,2061
1741,689,2430
1219,1679,2898
448,721,1169
726,228,954
1298,508,1806
289,805,1094
780,492,1272
556,531,1087
325,1807,2132
410,847,1257
821,296,1117
1476,2349,3825
560,731,1291
342,796,1138
273,1160,1433
508,428,936
383,1004,1387
955,1037,1992
575,1615,2190
60,665,725
685,722,1407
1874,2230,4104
441,931,1372
616,314,930
577,937,1514
339,890,1229
656,922,1578
361,1255,1616
201,530,731
838,414,1252
1480,1874,3354
456,1147,1603
278,823,1101
692,579,1271
521,1465,1986
793,1581,2374
2301,1002,3303
199,931,1130
543,649,1192
449,812,1261
216,711,927
1391,874,2265
532,657,1189
826,1419,2245
764,2076,2840
432,996,1428
849,752,1601
741,1986,2727
685,916,1601
1667,1567,3234
171,836,1007
2042,1028,3070
823,1308,2131
1542,1078,2620
213,1318,1531
889,761,1650
1459,876,2335
634,950,1584
584,874,1458
1840,787,2627
484,749,1233
634,527,1161
568,949,1517
384,1581,1965
235,1653,1888
649,543,1192
1305,831,2136
1555,552,2107
889,1447,2336
630,785,1415
762,334,1096
742,648,1390
1010,848,1858
231,356,587
244,1308,1552
355,856,1211
1042,1669,2711
262,346,608
870,955,1825
637,451,1088
599,774,1373
214,320,534
240,531,771
570,825,1395
527,1436,1963
202,278,480
847,1101,1948
638,1473,2111
912,787,1699
680,1687,2367
649,1036,1685
1276,656,1932
1169,1668,2837
469,369,838
625,1194,1819
309,817,1126
979,1343,2322
377,664,1041
1117,1051,2168
1348,1222,2570
713,1106,1819
1202,1339,2541
1343,1981,3324
1358,1036,2394
332,980,1312
533,634,1167
912,557,1469
519,687,1206
577,440,1017
1426,949,2375
40,755,795
98,769,867
723,653,1376
1501,748,2249
46,770,816
950,1353,2303
1129,310,1439
1239,721,1960
662,863,1525
719,569,1288
296,579,875
899,1025,1924
1292,612,1904
513,318,831
322,1741,2063
575,477,1052
1366,2652,4018
545,514,1059
582,1286,1868
278,696,974
625,516,1141
82,982,1064
279,1113,1392
818,1185,2003
464,863,1327
57,637,694
888,1266,2154
801,1431,2232
181,485,666
69,884,953
643,621,1264
488,904,1392
1325,2816,4141
306,769,1075
269,913,1182
270,911,1181
377,1268,1645
277,964,1241
1229,1208,2437
715,531,1246
944,907,1851
852,540,1392
1938,2024,3962
644,1445,2089
906,890,1796
2368,1569,3937
961,1025,1986
727,540,1267
861,492,1353
384,493,877
263,732,995
1303,887,2190
893,678,1571
653,685,1338
517,741,1258
830,460,1290
456,847,1303
721,1988,2709
443,461,904
508,1069,1577
1086,701,1787
587,1065,1652
806,959,1765
656,747,1403
940,1401,2341
568,278,846
764,869,1633
2764,929,3693
139,465,604
710,575,1285
673,439,1112
269,1780,2049
588,968,1556
347,1078,1425
629,829,1458
501,1825,2326
340,921,1261
1831,1114,2945
190,487,677
1036,1463,2499
1458,1136,2594
1045,604,1649
526,969,1495
772,1114,1886
861,699,1560
574,917,1491
398,1682,2080
901,657,1558
614,953,1567
293,1770,2063
908,611,1519
180,701,881
795,809,1604
960,1120,2080
400,1077,1477
1567,535,2102
1842,1161,3003
1021,752,1773
395,963,1358
953,1286,2239
1000,641,1641
1361,1237,2598
982,514,1496
730,1269,1999
362,809,1171
1332,1140,2472
933,731,1664
686,844,1530
1041,705,1746
1553,1170,2723
270,825,1095
1522,325,1847
477,1522,1999
127,1041,1168
446,836,1282
977,757,1734
333,946,1279
916,346,1262
423,1003,1426
371,1531,1902
733,842,1575
1025,505,1530
687,526,1213
829,775,1604
492,912,1404
561,872,1433
1556,1097,2653
783,684,1467
884,299,1183
1104,1586,2690
668,630,1298
41,471,512
942,1227,2169
1062,968,2030
64,480,544
361,1005,1366
936,817,1753
671,519,1190
775,623,1398
759,623,1382
504,1193,1697
1173,994,2167
148,459,607
673,1368,2041
655,1226,1881
867,988,1855
665,675,1340
352,499,851
178,1036,1214
825,1435,2260
336,564,900
1453,344,1797
693,1194,1887
665,1825,2490
397,1718,2115
198,1253,1451
741,2089,2830
235,2026,2261
642,1339,1981
1180,1202,2382
1040,1333,2373
1072,1389,2461
309,953,1262
522,792,1314
911,1824,2735
449,1735,2184
404,1079,1483
702,1027,1729
1399,997,2396
1085,1179,2264
348,819,1167
463,749,1212
1449,476,1925
795,1129,1924
1434,480,1914
129,1027,1156
1173,339,1512
674,314,988
1193,1235,2428
1749,670,2419
994,898,1892
385,339,724
796,738,1534
631,1242,1873
1315,479,1794
1267,1181,2448
398,304,702
845,1128,1973
152,330,482
466,1191,1657
614,764,1378
1301,2312,3613
66,1517,1583
687,795,1482
1050,1365,2415
1896,880,2776
1040,912,1952
607,821,1428
191,340,531
218,1596,1814
783,1154,1937
931,2450,3381
497,1522,2019
729,797,1526
1629,1020,2649
204,1165,1369
851,903,1754
673,878,1551
395,1443,1838
960,717,1677
1074,584,1658
869,1064,1933
594,802,1396
732,816,1548
1065,1166,2231
540,797,1337
800,1107,1907
1343,936,2279
1005,416,1421
458,1148,1606
1218,557,1775
384,1182,1566
902,1927,2829
1092,1028,2120
1082,558,1640
633,1300,1933
1167,765,1932
663,469,1132
693,1411,2104
2145,1460,3605
1425,1316,2741
823,405,1228
1245,983,2228
799,381,1180
1386,952,2338
1327,1018,2345
761,638,1399
211,609,820
398,714,1112
1149,560,1709
404,460,864
1113,537,1650
781,551,1332
195,497,692
1716,1027,2743
828,1003,1831
544,1208,1752
1362,1179,2541
399,367,766
91,415,506
719,1433,2152
1103,1209,2312
2376,1188,3564
1020,1203,2223
1094,862,1956
283,971,1254
1894,1546,3440
596,1347,1943
369,883,1252
673,1267,1940
660,1575,2235
1148,979,2127
207,347,554
832,1176,2008
710,736,1446
228,674,902
1285,1035,2320
636,851,1487
820,535,1355
843,688,1531
993,671,1664
1117,1171,2288
1071,493,1564
766,321,1087
992,543,1535
1175,735,1910
717,1074,1791
723,1492,2215
836,739,1575
94,905,999
798,305,1103
365,1403,1768
515,712,1227
768,1152,1920
1377,566,1943
1307,744,2051
902,1196,2098
243,647,890
681,712,1393
650,988,1638
246,1175,1421
640,1237,1877
928,737,1665
876,732,1608
520,789,1309
1030,1095,2125
440,921,1361
639,836,1475
401,751,1152
129,1628,1757
316,420,736
651,460,1111
532,662,1194
338,899,1237
1254,1073,2327
616,854,1470
293,905,1198
205,1029,1234
163,1773,1936
235,1569,1804
840,454,1294
539,469,1008
167,916,1083
1060,830,1890
607,1177,1784
599,796,1395
1207,571,1778
448,1049,1497
632,893,1525
1068,1184,2252
635,1149,1784
357,2414,2771
1159,1143,2302
306,851,1157
1462,1060,2522
535,2241,2776
475,1316,1791
255,749,1004
275,1159,1434
319,1517,1836
489,612,1101
933,524,1457
801,371,1172
693,774,1467
1103,444,1547
873,1381,2254
881,1176,2057
380,1263,1643
824,1358,2182
913,1491,2404
671,1110,1781
1718,1257,2975
1319,1976,3295
1121,728,1849
387,362,749
833,1462,2295
254,1250,1504
2145,1237,3382
862,1749,2611
545,1148,1693
641,1188,1829
631,1656,2287
1236,569,1805
722,1175,1897
1047,1698,2745
350,613,963
1002,323,1325
891,1656,2547
1197,896,2093
296,956,1252
1177,806,1983
434,961,1395
720,372,1092
912,1145,2057
258,932,1190
840,589,1429
791,883,1674
1436,721,2157
531,798,1329
561,1441,2002
411,829,1240
96,982,1078
865,1923,2788
621,516,1137
657,879,1536
702,561,1263
629,1787,2416
1365,476,1841
943,475,1418
658,2094,2752
345,704,1049
515,567,1082
364,550,914
1267,986,2253
972,1046,2018
125,804,929
1980,1041,3021
1276,632,1908
600,1297,1897
1768,1496,3264
567,517,1084
401,751,1152
972,1548,2520
433,685,1118
1250,845,2095
358,711,1069
1620,382,2002
111,1253,1364
1178,1479,2657
1396,595,1991
824,504,1328
869,813,1682
717,1454,2171
408,555,963
248,497,745
138,989,1127
444,887,1331
1083,551,1634
339,1006,1345
1071,1122,2193
1153,552,1705
1143,571,1714
116,811,927
1122,1305,2427
313,698,1011
483,726,1209
730,1251,1981
632,931,1563
564,737,1301
1234,572,1806
505,1493,1998
499,1155,1654
188,1372,1560
718,1414,2132
474,985,1459
623,565,1188
249,524,773
559,1092,1651
394,746,1140
457,918,1375
727,1348,2075
682,527,1209
753,1480,2233
309,951,1260
468,1780,2248
918,1386,2304
1202,624,1826
458,865,1323
1052,912,1964
627,1277,1904
411,738,1149
383,532,915
741,982,1723
798,620,1418
643,1025,1668
821,980,1801
800,349,1149
1374,1166,2540
611,889,1500
640,1401,2041
693,419,1112
1136,976,2112
241,654,895
1241,534,1775
966,811,1777
830,460,1290
424,512,936
1314,926,2240
719,595,1314
1335,1389,2724
871,1277,2148
1077,1135,2212
272,654,926
808,797,1605
1047,1096,2143
656,1218,1874
903,707,1610
318,701,1019
248,611,859
641,717,1358
453,1454,1907
543,591,1134
737,465,1202
655,887,1542
215,511,726
569,764,1333
457,686,1143
1523,1171,2694
490,1776,2266
997,1276,2273
1240,564,1804
321,775,1096
418,293,711
1272,1473,2745
389,366,755
810,743,1553
212,709,921
212,1808,2020
1059,778,1837
1251,1086,2337
1308,984,2292
448,553,1001
693,1490,2183
829,1072,1901
273,772,1045
1313,811,2124
251,940,1191
367,1385,1752
1091,1530,2621
509,921,1430
887,1363,2250
995,1219,2214
577,769,1346
1681,688,2369
916,995,1911
460,1250,1710
1674,866,2540
516,754,1270
521,533,1054
553,1612,2165
775,718,1493
787,743,1530
725,870,1595
882,951,1833
1423,332,1755
293,1378,1671
388,1221,1609
653,1953,2606
1171,518,1689
541,699,1240
740,519,1259
726,866,1592
590,1387,1977
867,1147,2014
954,1099,2053
213,1360,1573
726,1394,2120
136,783,919
446,1276,1722
692,535,1227
479,1493,1972
627,1124,1751
568,718,1286
464,774,1238
603,1275,1878
684,950,1634
979,1377,2356
511,759,1270
643,1301,1944
1178,911,2089
1283,1139,2422
608,737,1345
1241,1247,2488
1810,945,2755
412,565,977
1346,347,1693
1109,708,1817
1122,571,1693
516,758,1274
1130,528,1658
1275,1061,2336
860,1155,2015
991,859,1850
1251,847,2098
759,402,1161
719,1495,2214
999,812,1811
843,632,1475
1007,1652,2659
940,667,1607
112,1402,1514
319,1200,1519
565,676,1241
550,553,1103
1257,2110,3367
449,638,1087
585,799,1384
1172,528,1700
1276,1383,2659
660,823,1483
401,1453,1854
407,826,1233
738,883,1621
23,818,841
45,813,858
518,1377,1895
342,558,900
94,830,924
430,1701,2131
819,170,989
649,710,1359
1093,779,1872
1592,1116,2708
387,835,1222
517,1256,1773
665,296,961
948,1331,2279
1111,1108,2219
1478,821,2299
872,225,1097
272,1735,2007
1978,807,2785
1286,950,2236
801,1389,2190
977,1050,2027
719,561,1280
1031,1989,3020
621,1518,2139
466,400,866
418,832,1250
1220,810,2030
1562,682,2244
556,1168,1724
720,536,1256
761,1067,1828
1471,1441,2912
823,1458,2281
684,690,1374
75,651,726
666,1398,2064
1203,1156,2359
1653,945,2598
976,1219,2195
458,858,1316
458,821,1279
850,815,1665
44,1146,1190
771,541,1312
940,782,1722
429,1409,1838
1141,1603,2744
632,1799,2431
723,982,1705
803,895,1698
99,893,992
221,1011,1232
611,705,1316
816,511,1327
1869,1162,3031
286,1638,1924
1029,913,1942
290,1242,1532
440,1177,1617
569,1164,1733
893,1008,1901
899,1118,2017
500,735,1235
704,829,1533
1018,1204,2222
1085,750,1835
1069,537,1606
849,742,1591
500,991,1491
888,555,1443
1063,1167,2230
1320,1794,3114
974,607,1581
1176,1714,2890
1725,823,2548
1018,696,1714
460,1020,1480
1028,1099,2127
792,873,1665
975,989,1964
1427,1331,2758
637,1539,2176
803,594,1397
983,849,1832
679,714,1393
892,853,1745
694,524,1218
678,1323,2001
675,778,1453
239,701,940
987,1478,2465
1066,1966,3032
311,687,998
464,1946,2410
200,648,848
962,1251,2213
498,599,1097
885,1214,2099
822,1170,1992
250,737,987
828,788,1616
899,1451,2350
317,929,1246
362,708,1070
538,593,1131
1170,971,2141
816,463,1279
1527,875,2402
362,869,1231
1026,300,1326
1350,1046,2396
632,630,1262
528,470,998
722,701,1423
1097,1397,2494
603,1210,1813
1505,1031,2536
627,750,1377
428,953,1381
1078,856,1934
896,1784,2680
1824,1336,3160
804,877,1681
1205,1561,2766
645,1458,2103
1290,1580,2870
626,836,1462
858,1428,2286
640,1530,2170
818,692,1510
281,683,964
513,944,1457
398,1042,1440
642,398,1040
307,1194,1501
43,1048,1091
460,972,1432
616,409,1025
675,1192,1867
415,1206,1621
508,1735,2243
654,899,1553
1331,673,2004
643,1610,2253
1790,1251,3041
1650,313,1963
462,364,826
1023,1954,2977
842,1332,2174
764,1539,2303
939,1626,2565
671,674,1345
546,1510,2056
1150,1767,2917
439,1609,2048
1035,585,1620
155,458,613
963,1416,2379
1455,545,2000
1428,693,2121
1536,1044,2580
610,1449,2059
204,2800,3004
1552,545,2097
720,601,1321
185,933,1118
935,891,1826
1267,966,2233
1176,1051,2227
308,918,1226
63,1204,1267
508,2862,3370
1248,657,1905
449,824,1273
1468,2113,3581
762,1155,1917
1077,1163,2240
1292,641,1933
180,692,872
447,851,1298
643,639,1282
222,1262,1484
1297,910,2207
2497,883,3380
578,1312,1890
1695,1010,2705
488,1044,1532
636,1486,2122
1267,716,1983
217,951,1168
847,647,1494
1443,1082,2525
1265,938,2203
162,865,1027
1368,976,2344
283,1085,1368
201,1163,1364
841,405,1246
718,825,1543
2739,754,3493
925,502,1427
914,1172,2086
835,481,1316
466,1048,1514
481,963,1444
456,1012,1468
626,503,1129
907,1087,1994
2011,798,2809
444,828,1272
689,547,1236
779,1009,1788
786,534,1320
1102,715,1817
591,819,1410
643,474,1117
854,556,1410
620,948,1568
218,780,998
769,991,1760
339,1229,1568
949,724,1673
528,486,1014
655,1030,1685
607,1344,1951
673,346,1019
821,480,1301
778,914,1692
405,673,1078
348,727,1075
942,669,1611
537,1370,1907
327,903,1230
1230,1369,2599
778,444,1222
776,473,1249
688,1611,2299
590,1065,1655
792,906,1698
811,1159,1970
387,1388,1775
1052,684,1736
397,720,1117
710,1430,2140
695,699,1394
438,484,922
290,1857,2147
1193,920,2113
657,509,1166
109,501,610
1115,1452,2567
455,678,1133
290,540,830
815,1347,2162
233,907,1140
609,1130,1739
168,967,1135
1269,713,1982
521,845,1366
969,1339,2308
1028,538,1566
613,856,1469
717,637,1354
300,919,1219
1299,777,2076
603,1844,2447
513,744,1257
765,1010,1775
1455,1123,2578
380,505,885
942,862,1804
910,569,1479
442,765,1207
175,1096,1271
1208,1322,2530
553,771,1324
741,539,1280
231,1755,1986
1299,1249,2548
563,906,1469
612,907,1519
712,579,1291
268,771,1039
802,1070,1872
379,782,1161
398,1569,1967
820,1303,2123
737,546,1283
627,693,1320
796,678,1474
445,691,1136
692,681,1373
1800,1023,2823
762,719,1481
329,941,1270
1736,913,2649
1207,1398,2605
203,730,933
778,905,1683
494,838,1332
874,1084,1958
633,502,1135
895,1994,2889
747,571,1318
1113,895,2008
895,1899,2794
374,958,1332
556,305,861
794,1069,1863
407,958,1365
481,702,1183
934,1092,2026
1583,750,2333
1248,1461,2709
606,419,1025
797,517,1314
1446,954,2400
684,799,1483
1092,885,1977
885,828,1713
833,1181,2014
605,739,1344
565,485,1050
1843,742,2585
556,637,1193
462,523,985
1819,678,2497
831,862,1693
564,1185,1749
709,640,1349
1225,697,1922
120,1831,1951
853,985,1838
680,741,1421
305,1023,1328
965,397,1362
792,952,1744
990,880,1870
767,696,1463
1039,618,1657
697,629,1326
376,1833,2209
548,317,865
734,1066,1800
346,1046,1392
1058,874,1932
842,1196,2038
977,1506,2483
719,794,1513
132,609,741
1273,1048,2321
61,938,999
642,1828,2470
680,965,1645
326,682,1008
1637,949,2586
367,561,928
668,897,1565
525,515,1040
215,917,1132
274,947,1221
761,950,1711
277,928,1205
163,975,1138
1685,770,2455
793,1117,1910
178,1818,1996
781,329,1110
1810,715,2525
708,1557,2265
948,546,1494
257,1155,1412
876,585,1461
566,322,888
748,1229,1977
653,1053,1706
477,1090,1567
499,1459,1958
276,1427,1703
108,1119,1227
713,1311,2024
281,1203,1484
486,613,1099
429,533,962
466,739,1205
909,1038,1947
757,1081,1838
469,1218,1687
1160,742,1902
888,893,1781
475,1468,1943
802,1057,1859
698,1534,2232
859,1411,2270
689,1008,1697
931,1406,2337
559,547,1106
886,361,1247
583,849,1432
155,1206,1361
1410,1069,2479
64,1288,1352
1139,864,2003
896,1020,1916
330,974,1304
1000,283,1283
982,1072,2054
1433,554,1987
847,1014,1861
1353,933,2286
225,1228,1453
1076,895,1971
932,1098,2030
1308,962,2270
705,973,1678
937,764,1701
639,1220,1859
1169,563,1732
1062,641,1703
722,821,1543
1050,522,1572
396,1146,1542
973,790,1763
522,646,1168
484,1162,1646
932,481,1413
1247,706,1953
817,2157,2974
381,794,1175
781,463,1244
1271,937,2208
1210,986,2196
312,618,930
768,1564,2332
837,869,1706
824,967,1791
1083,1395,2478
386,2179,2565
673,887,1560
653,971,1624
746,2046,2792
488,467,955
709,348,1057
654,945,1599
36,849,885
1317,1502,2819
373,864,1237
1859,740,2599
1093,511,1604
403,993,1396
423,830,1253
720,660,1380
123,1130,1253
773,539,1312
274,1335,1609
1962,602,2564
835,320,1155
317,768,1085
544,1195,1739
980,1557,2537
525,1324,1849
694,435,1129
884,1456,2340
799,1462,2261
688,721,1409
390,809,1199
1080,817,1897
109,866,975
552,1235,1787
955,438,1393
659,1407,2066
488,877,1365
803,1009,1812
725,1118,1843
437,657,1094
890,997,1887
282,1279,1561
698,807,1505
550,982,1532
865,898,1763
1604,525,2129
235,1177,1412
692,979,1671
432,1413,1845
1262,719,1981
1042,647,1689
774,1130,1904
777,1027,1804
1095,524,1619
572,649,1221
412,1420,1832
1237,781,2018
393,1064,1457
832,1234,2066
409,767,1176
1455,470,1925
721,1295,2016
206,1024,1230
694,627,1321
1348,1175,2523
1303,909,2212
1314,1463,2777
346,1114,1460
495,1252,1747
526,1319,1845
709,1107,1816
1345,1061,2406
560,1123,1683
763,913,1676
855,1010,1865
588,697,1285
1134,780,1914
697,589,1286
1191,250,1441
909,1214,2123
1497,983,2480
740,1126,1866
370,925,1295
1013,2683,3696
1057,316,1373
883,1190,2073
1170,921,2091
885,291,1176
839,678,1517
1041,1428,2469
866,1330,2196
614,426,1040
657,472,1129
1008,1237,2245
278,1605,1883
64,435,499
976,593,1569
991,955,1946
577,1135,1712
1241,2350,3591
62,438,500
953,642,1595
608,1415,2023
453,1430,1883
615,520,1135
1073,393,1466
965,821,1786
1257,288,1545
75,779,854
1027,1017,2044
1060,518,1578
233,1731,1964
817,814,1631
265,343,608
758,1174,1932
234,647,881
298,654,952
1097,776,1873
1001,1147,2148
371,680,1051
586,1582,2168
1127,2222,3349
287,588,875
1428,788,2216
775,301,1076
612,501,1113
2103,1736,3839
515,679,1194
543,444,987
392,283,675
1265,1081,2346
1633,392,2025
74,675,749
1192,408,1600
84,992,1076
2196,1026,3222
866,416,1282
543,1033,1576
176,475,651
347,869,1216
863,788,1651
1618,722,2340
534,552,1086
158,556,714
233,663,896
81,1042,1123
89,529,618
1253,475,1728
2067,1176,3243
669,641,1310
1424,1033,2457
316,508,824
179,666,845
521,882,1403
213,1267,1480
90,549,639
1614,998,2612
747,515,1262
715,650,1365
824,1020,1844
350,465,815
40,726,766
755,815,1570
349,1283,1632
156,560,716
776,838,1614
31,573,604
196,951,1147
373,808,1181
375,657,1032
67,758,825
832,478,1310
874,1053,1927
293,667,960
175,1145,1320
184,818,1002
154,1106,1260
426,1099,1525
210,658,868
107,985,1092
622,861,1483
685,796,1481
608,723,1331
968,568,1536
470,787,1257
222,1036,1258
406,1053,1459
988,329,1317
319,909,1228
771,921,1692
692,725,1417
959,785,1744
704,1191,1895
804,844,1648
984,515,1499
734,332,1066
766,719,1485
645,230,875
272,896,1168
274,604,878
736,1261,1997
918,1053,1971
509,1348,1857
525,997,1522
522,1059,1581
409,1201,1610
528,390,918
661,1390,2051
680,452,1132
70,758,828
422,1073,1495
327,654,981
117,793,910
717,880,1597
894,1357,2251
853,536,1389
643,1202,1845
790,750,1540
670,1006,1676
543,1668,2211
583,810,1393
247,715,962
436,509,945
1085,894,1979
443,923,1366
902,1102,2004
909,541,1450
623,842,1465
886,1503,2389
665,478,1143
519,1890,2409
870,704,1574
600,1425,2025
1134,758,1892
660,611,1271
824,892,1716
508,550,1058
414,669,1083
409,643,1052
1126,1110,2236
725,563,1288
532,389,921
924,688,1612
1369,747,2116
664,682,1346
544,765,1309
56,868,924
678,592,1270
277,853,1130
72,1568,1640
461,2093,2554
164,381,545
1147,1259,2406
1059,1261,2320
85,2603,2688
1228,838,2066
698,518,1216
572,631,1203
329,1364,1693
1129,797,1926
865,1422,2287
619,1248,1867
627,533,1160
648,832,1480
167,952,1119
415,625,1040
606,630,1236
696,1177,1873
1530,1218,2748
447,1297,1744
1429,673,2102
366,647,1013
287,514,801
1144,873,2017
609,644,1253
535,851,1386
337,1018,1355
654,388,1042
379,841,1220
1260,645,1905
860,1211,2071
709,583,1292
441,1170,1611
964,696,1660
1980,1157,3137
208,1057,1265
574,489,1063
399,839,1238
2448,995,3443
551,406,957
1325,633,1958
516,808,1324
1078,1274,2352
1077,917,1994
599,895,1494
878,1187,2065
895,1033,1928
798,625,1423
529,263,792
420,1034,1454
459,1031,1490
650,752,1402
463,610,1073
1101,1022,2123
750,746,1496
982,911,1893
653,1051,1704
382,509,891
513,1060,1573
840,740,1580
1031,887,1918
527,836,1363
1132,735,1867
743,935,1678
769,735,1504
764,1049,1813
404,577,981
638,691,1329
921,731,1652
802,801,1603
1023,689,1712
721,537,1258
899,883,1782
140,1056,1196
878,776,1654
1030,1328,2358
780,708,1488
1034,584,1618
464,293,757
114,731,845
452,916,1368
942,595,1537
395,682,1077
666,871,1537
384,615,999
408,1359,1767
945,1145,2090
521,425,946
195,935,1130
915,978,1893
378,568,946
515,598,1113
528,1151,1679
492,729,1221
183,590,773
702,1061,1763
730,631,1361
347,478,825
1255,716,1971
542,640,1182
285,312,597
570,749,1319
413,912,1325
363,293,656
514,792,1306
907,700,1607
571,474,1045
425,328,753
474,525,999
899,576,1475
644,1065,1709
515,456,971
520,513,1033
683,969,1652
392,1102,1494
533,972,1505
225,403,628
822,823,1645
767,1146,1913
654,636,1290
553,464,1017
557,527,1084
555,1542,2097
407,552,959
562,1622,2184
320,464,784
982,489,1471
944,1313,2257
107,665,772
466,817,1283
320,707,1027
141,677,818
620,955,1575
225,729,954
429,1127,1556
699,1646,2345
437,900,1337
889,514,1403
413,588,1001
670,721,1391
986,1637,2623
570,526,1096
527,558,1085
247,766,1013
935,2125,3060
231,514,745
366,1607,1973
421,550,971
316,988,1304
930,1146,2076
379,519,898
260,864,1124
531,385,916
793,1161,1954
1069,1442,2511
649,364,1013
1515,1186,2701
790,433,1223
547,522,1069
534,780,1314
1065,959,2024
1000,1011,2011
454,447,901
1120,971,2091
419,818,1237
943,2141,3084
940,320,1260
431,554,985
521,961,1482
763,347,1110
1559,1094,2653
261,457,718
935,602,1537
1348,1086,2434
1261,2430,3691
464,892,1356
1190,1000,2190
700,835,1535
1980,1585,3565
284,1062,1346
454,529,983
609,836,1445
387,823,1210
229,701,930
1020,662,1682
841,331,1172
2017,1038,3055
743,786,1529
971,401,1372
242,744,986
312,1100,1412
742,436,1178
767,565,1332
210,766,976
1442,804,2246
431,1574,2005
745,344,1089
360,660,1020
595,1233,1828
975,1480,2455
2274,662,2936
741,538,1279
777,1492,2269
278,1578,1856
376,582,958
491,703,1194
849,1093,1942
605,897,1502
703,648,1351
810,1243,2053
139,738,877
590,713,1303
1078,1055,2133
699,872,1571
698,601,1299
1449,601,2050
590,625,1215
408,735,1143
1103,230,1333
1455,1048,2503
1066,254,1320
835,1350,2185
622,330,952
1053,602,1655
247,1058,1305
1362,481,1843
383,601,984
627,2166,2793
693,922,1615
1025,1127,2152
951,553,1504
966,488,1454
597,1118,1715
647,1132,1779
1163,1073,2236
380,211,591
368,1063,1431
1022,1118,2140
729,929,1658
156,210,366
628,1279,1907
1004,833,1837
215,278,493
924,979,1903
340,451,791
919,13401,14320
357,1564,1921
125,553,678
996,14002,14998
372,373,745
69,960,1029
938,14100,15038
788,1149,1937
1811,762,2573
540,742,1282
536,13811,14347
322,1007,1329
713,445,1158
354,175,529
433,457,890
843,1411,2254
714,1126,1840
618,418,1036
1836,1631,3467
421,702,1123
223,1439,1662
68,616,684
1557,1792,3349
13980,342,14322
536,1114,1650
95,735,830
13841,586,14427
577,931,1508
612,698,1310
506,1273,1779
50,445,495
867,1850,2717
835,1057,1892
1310,666,1976
1042,1055,2097
134,757,891
13759,524,14283
1059,2012,3071
65,768,833
127,653,780
514,739,1253
277,735,1012
702,992,1694
997,646,1643
309,747,1056
930,2234,3164
304,987,1291
813,1592,2405
376,1161,1537
1660,389,2049
921,1679,2600
25,1382,1407
1373,854,2227
1326,819,2145
714,451,1165
284,729,1013
454,832,1286
616,616,1232
219,1227,1446
545,1420,1965
1251,1423,2674
820,1055,1875
965,681,1646
171,671,842
575,715,1290
583,1010,1593
691,993,1684
217,876,1093
826,974,1800
1485,1407,2892
356,520,876
895,1224,2119
1239,473,1712
1987,555,2542
32,1186,1218
139,1113,1252
788,682,1470
668,490,1158
271,1172,1443
479,980,1459
479,605,1084
559,921,1480
228,962,1190
1393,1126,2519
705,1072,1777
347,1307,1654
420,887,1307
1293,1114,2407
938,878,1816
273,1095,1368
398,483,881
750,887,1637
866,525,1391
855,639,1494
842,881,1723
68,1262,1330
570,963,1533
1934,1135,3069
1145,827,1972
1010,965,1975
279,724,1003
974,761,1735
988,325,1313
836,782,1618
1001,927,1928
519,556,1075
904,520,1424
465,891,1356
552,1094,1646
900,885,1785
749,858,1607
455,775,1230
1175,1545,2720
812,1179,1991
722,969,1691
212,535,747
320,1237,1557
351,827,1178
330,1289,1619
874,760,1634
740,529,1269
1078,1538,2616
709,817,1526
736,1032,1768
62,683,745
819,1503,2322
737,1372,2109
811,947,1758
1365,831,2196
355,624,979
1156,834,1990
254,778,1032
765,986,1751
617,1227,1844
638,813,1451
802,686,1488
806,642,1448
608,686,1294
722,685,1407
1418,423,1841
710,1299,2009
503,1141,1644
910,718,1628
889,1040,1929
1116,607,1723
765,1342,2107
399,636,1035
1189,915,2104
1066,393,1459
689,847,1536
495,668,1163
841,620,1461
1222,1130,2352
846,471,1317
614,891,1505
1096,802,1898
126,458,584
24,559,583
454,869,1323
615,628,1243
522,1510,2032
298,339,637
686,898,1584
490,1128,1618
1136,1617,2753
157,549,706
1040,799,1839
580,822,1402
178,858,1036
479,374,853
696,978,1674
671,895,1566
666,573,1239
1228,1217,2445
646,1296,1942
332,341,673
1040,1445,2485
454,612,1066
514,733,1247
766,1077,1843
672,629,1301
979,1648,2627
1052,839,1891
933,596,1529
476,1966,2442
667,594,1261
695,531,1226
397,1330,1727
646,1873,2519
809,656,1465
1567,915,2482
622,919,1541
1271,946,2217
944,881,1825
755,656,1411
67,697,764
631,1073,1704
1222,1235,2457
205,725,930
1040,769,1809
1310,722,2032
407,1325,1732
221,872,1093
1579,483,2062
77,1096,1173
472,718,1190
907,497,1404
289,1107,1396
354,1464,1818
655,533,1188
645,335,980
594,1404,1998
183,768,951
821,870,1691
79,804,883
285,346,631
801,830,1631
1359,483,1842
1030,1201,2231
758,346,1104
820,964,1784
453,1426,1879
680,1555,2235
65,1506,1571
978,902,1880
262,1720,1982
403,296,699
444,1403,1847
1155,609,1764
694,594,1288
334,1032,1366
388,951,1339
833,530,1363
533,585,1118
1155,383,1538
637,1340,1977
71,656,727
632,1288,1920
1415,780,2195
122,870,992
950,1122,2072
864,1148,2012
823,515,1338
646,643,1289
1330,475,1805
739,1136,1875
932,1106,2038
442,817,1259
598,645,1243
842,1143,1985
672,1368,2040
1486,695,2181
887,520,1407
1634,539,2173
593,1371,1964
709,1613,2322
408,821,1229
277,690,967
443,688,1131
522,1453,1975
1180,815,1995
1156,200,1356
1234,787,2021
214,853,1067
602,1780,2382
406,1898,2304
569,699,1268
402,896,1298
822,936,1758
325,828,1153
1129,1036,2165
1192,435,1627
637,863,1500
589,1147,1736
957,1572,2529
593,560,1153
798,720,1518
430,1077,1507
1215,768,1983
547,822,1369
578,1006,1584
371,1023,1394
832,1095,1927
1058,1444,2502
706,1032,1738
687,853,1540
620,1004,1624
1208,1428,2636
944,807,1751
707,949,1656
694,1037,1731
767,1390,2157
1664,1179,2843
1375,896,2271
1045,947,1992
746,1118,1864
913,646,1559
1100,718,1818
403,967,1370
787,926,1713
630,1046,1676
1571,1217,2788
1517,1135,2652
646,908,1554
825,539,1364
950,767,1717
1334,508,1842
674,742,1416
923,988,1911
629,1399,2028
1359,1208,2567
1435,1273,2708
320,584,904
341,1299,1640
769,904,1673
544,549,1093
562,496,1058
579,1286,1865
943,848,1791
419,672,1091
952,890,1842
1239,1214,2453
310,753,1063
144,913,1057
709,1361,2070
33,564,597
334,1217,1551
584,665,1249
500,898,1398
761,1551,2312
681,971,1652
58,708,766
217,1154,1371
432,811,1243
170,2110,2280
770,780,1550
388,906,1294
419,2160,2579
368,991,1359
964,889,1853
285,902,1187
723,965,1688
641,1268,1909
641,759,1400
602,952,1554
793,1129,1922
546,2105,2651
698,606,1304
915,573,1488
1012,1115,2127
480,877,1357
475,1076,1551
50,811,861
894,697,1591
341,1516,1857
401,648,1049
657,904,1561
518,1383,1901
377,627,1004
721,1083,1804
288,1566,1854
1639,602,2241
469,658,1127
622,473,1095
312,723,1035
801,1007,1808
392,826,1218
663,676,1339
714,589,1303
495,1421,1916
565,844,1409
724,708,1432
834,914,1748
430,934,1364
1799,805,2604
742,813,1555
1949,1000,2949
766,683,1449
474,1027,1501
368,878,1246
977,2027,3004
839,1214,2053
1174,570,1744
816,672,1488
807,952,1759
823,613,1436
696,618,1314
1555,1785,3340
674,728,1402
1122,455,1577
762,787,1549
423,1780,2203
1386,817,2203
1628,285,1913
957,438,1395
1024,1660,2684
1286,1390,2676
774,2388,3162
787,1002,1789
701,662,1363
1704,630,2334
575,1939,2514
1243,1854,3097
734,685,1419
318,1595,1913
707,443,1150
1928,1046,2974
936,1374,2310
1122,222,1344
1631,1324,2955
772,1392,2164
583,2048,2631
1735,1437,3172
180,727,907
924,1632,2556
550,2038,2588
1838,1427,3265
469,690,1159
951,1633,2584
812,897,1709
105,788,893
919,616,1535
1122,776,1898
27,430,457
163,1077,1240
982,839,1821
211,547,758
800,683,1483
321,855,1176
806,1334,2140
758,1301,2059
213,1056,1269
715,1386,2101
325,990,1315
1713,899,2612
474,336,810
791,530,1321
63,724,787
317,1322,1639
276,432,708
424,593,1017
98,1096,1194
604,675,1279
497,314,811
1416,920,2336
518,823,1341
446,1433,1879
531,1059,1590
218,1325,1543
683,819,1502
526,848,1374
933,906,1839
413,648,1061
757,306,1063
908,645,1553
877,691,1568
323,950,1273
689,1023,1712
670,1438,2108
529,1056,1585
733,1052,1785
39,616,655
953,988,1941
937,816,1753
399,728,1127
69,780,849
972,1043,2015
1269,740,2009
564,919,1483
588,845,1433
725,850,1575
127,790,917
968,596,1564
1280,622,1902
706,1109,1815
570,529,1099
1041,593,1634
803,514,1317
633,453,1086
899,1021,1920
388,769,1157
28,1196,1224
398,460,858
736,1289,2025
941,794,1735
842,485,1327
357,662,1019
713,735,1448
456,647,1103
256,1168,1424
406,995,1401
371,522,893
620,489,1109
434,1172,1606
595,976,1571
631,1212,1843
437,1208,1645
400,1005,1405
1068,810,1878
728,851,1579
444,1026,1470
319,402,721
906,639,1545
571,852,1423
227,510,737
664,1134,1798
945,665,1610
590,980,1570
1123,460,1583
399,898,1297
473,606,1079
619,412,1031
770,529,1299
839,924,1763
444,502,946
806,679,1485
243,1070,1313
219,510,729
986,467,1453
238,883,1121
127,1216,1343
768,1392,2160
680,1499,2179
307,1236,1543
185,1792,1977
559,811,1370
787,614,1401
890,1128,2018
575,792,1367
868,667,1535
528,197,725
280,794,1074
533,2311,2844
622,896,1518
944,641,1585
1052,975,2027
1317,777,2094
518,1494,2012
870,958,1828
119,529,648
697,436,1133
792,1631,2423
727,773,1500
150,754,904
1397,700,2097
731,312,1043
1137,1956,3093
295,680,975
438,494,932
763,334,1097
1117,542,1659
405,1026,1431
1361,698,2059
342,787,1129
1630,548,2178
950,2083,3033
262,483,745
401,2012,2413
487,650,1137
323,878,1201
268,822,1090
1391,493,1884
428,1025,1453
2290,910,3200
435,519,954
598,641,1239
1759,965,2724
487,349,836
995,946,1941
445,647,1092
608,1629,2237
182,744,926
486,670,1156
352,648,1000
606,1192,1798
1966,606,2572
408,842,1250
588,736,1324
424,490,914
681,1816,2497
738,634,1372
256,743,999
536,1169,1705
1907,775,2682
801,803,1604
412,783,1195
1441,805,2246
601,467,1068
842,852,1694
367,933,1300
1719,593,2312
222,1370,1592
789,823,1612
545,817,1362
589,678,1267
686,517,1203
511,614,1125
145,973,1118
494,774,1268
644,410,1054
716,1131,1847
604,1788,2392
598,673,1271
487,387,874
612,765,1377
646,973,1619
704,2059,2763
804,595,1399
576,372,948
1098,1005,2103
176,647,823
757,528,1285
674,789,1463
575,767,1342
427,719,1146
653,1067,1720
1110,1642,2752
255,344,599
1252,846,2098
536,689,1225
1572,1238,2810
574,988,1562
574,817,1391
1890,581,2471
489,561,1050
517,748,1265
290,695,985
952,784,1736
538,432,970
588,637,1225
213,1106,1319
875,1076,1951
681,344,1025
433,963,1396
686,675,1361
791,1019,1810
823,856,1679
1529,618,2147
585,606,1191
306,359,665
843,1364,2207
521,636,1157
865,406,1271
960,935,1895
170,847,1017
702,706,1408
688,713,1401
67,478,545
435,2223,2658
587,1264,1851
128,667,795
927,927,1854
577,494,1071
244,1263,1507
593,909,1502
342,617,959
475,2242,2717
775,1142,1917
555,858,1413
236,632,868
905,704,1609
917,626,1543
603,1138,1741
665,843,1508
426,1300,1726
649,652,1301
614,1160,1774
471,1302,1773
417,640,1057
665,891,1556
354,481,835
351,1050,1401
358,546,904
1131,614,1745
1086,382,1468
1042,1526,2568
842,768,1610
223,743,966
1190,383,1573
610,874,1484
590,1102,1692
148,929,1077
262,1165,1427
507,407,914
334,973,1307
340,794,1134
989,703,1692
370,1421,1791
518,839,1357
1079,1157,2236
679,1344,2023
472,1364,1836
958,1195,2153
819,369,1188
420,1181,1601
535,1123,1658
860,572,1432
1954,1186,3140
505,654,1159
552,503,1055
1907,1568,3475
455,931,1386
629,493,1122
496,674,1170
835,862,1697
636,1020,1656
474,462,936
57,1075,1132
1248,682,1930
364,343,707
161,1155,1316
388,305,693
667,983,1650
1123,546,1669
1048,777,1825
346,324,670
371,1141,1512
269,714,983
1292,779,2071
535,873,1408
1368,1486,2854
233,1306,1539
857,810,1667
869,1316,2185
533,924,1457
363,830,1193
570,1050,1620
1437,751,2188
135,1293,1428
779,806,1585
1010,575,1585
1149,776,1925
834,647,1481
227,334,561
935,466,1401
583,996,1579
477,1370,1847
659,1221,1880
848,1065,1913
1280,565,1845
1054,602,1656
663,1586,2249
649,1015,1664
294,769,1063
862,1164,2026
82,940,1022
1213,553,1766
1208,377,1585
128,952,1080
773,806,1579
646,862,1508
1299,625,1924
694,1020,1714
951,526,1477
289,1020,1309
980,671,1651
887,361,1248
341,967,1308
658,866,1524
514,1018,1532
880,661,1541
1608,677,2285
366,753,1119
841,1463,2304
468,658,1126
626,471,1097
1072,699,1771
838,1315,2153
208,1055,1263
549,827,1376
594,775,1369
90,1343,1433
838,357,1195
267,654,921
945,1571,2516
301,10725,11026
974,963,1937
1085,1146,2231
924,1588,2512
449,979,1428
556,11101,11657
481,429,910
30,1586,1616
605,960,1565
863,1447,2310
598,508,1106
1249,388,1637
734,338,1072
778,806,1584
473,896,1369
1061,821,1882
759,2260,3019
1210,403,1613
367,11111,11478
891,1467,2358
1386,331,1717
536,478,1014
618,1448,2066
1640,475,2115
509,2469,2978
951,459,1410
969,10999,11968
102,461,563
465,949,1414
174,1151,1325
334,271,605
10557,896,11453
1300,729,2029
895,623,1518
389,207,596
1357,788,2145
428,1903,2331
10614,859,11473
104,586,690
956,1435,2391
241,504,745
527,2486,3013
712,736,1448
829,821,1650
504,276,780
1358,1939,3297
269,308,577
2299,640,2939
874,1029,1903
1021,1334,2355
1342,657,1999
319,1150,1469
933,495,1428
827,760,1587
10712,841,11553
602,882,1484
1035,518,1553
334,821,1155
845,816,1661
2619,481,3100
40,486,526
926,695,1621
866,930,1796
1869,798,2667
896,657,1553
1084,1132,2216
33,483,516
62,842,904
226,280,506
1731,860,2591
1011,324,1335
31,749,780
302,1522,1824
212,599,811
1120,553,1673
307,1693,2000
351,1802,2153
27,767,794
742,1282,2024
926,1280,2206
60,685,745
386,463,849
855,1418,2273
104,1002,1106
672,670,1342
471,996,1467
200,523,723
180,885,1065
276,712,988
77,1099,1176
636,1586,2222
444,631,1075
220,1117,1337
329,1059,1388
884,387,1271
806,518,1324
43,817,860
289,916,1205
358,1053,1411
637,676,1313
605,802,1407
419,1162,1581
918,563,1481
1022,525,1547
75,1476,1551
349,754,1103
1003,1782,2785
564,742,1306
387,778,1165
308,649,957
446,709,1155
25,1390,1415
325,1238,1563
96,1715,1811
884,1232,2116
419,910,1329
370,709,1079
201,499,700
1044,1167,2211
357,1271,1628
164,1296,1460
835,1150,1985
648,1341,1989
655,765,1420
593,1157,1750
337,844,1181
734,997,1731
427,459,886
1419,810,2229
784,947,1731
650,1239,1889
1182,706,1888
256,658,914
1021,1067,2088
1279,550,1829
365,862,1227
787,608,1395
978,713,1691
493,742,1235
494,618,1112
883,1126,2009
240,927,1167
480,910,1390
1157,735,1892
659,772,1431
1410,881,2291
857,1446,2303
982,718,1700
1256,1220,2476
293,398,691
1180,855,2035
422,768,1190
346,570,916
693,651,1344
1047,715,1762
219,811,1030
431,1376,1807
1109,985,2094
1203,1106,2309
616,1056,1672
516,1012,1528
710,1073,1783
432,1368,1800
800,971,1771
522,555,1077
910,842,1752
219,689,908
598,723,1321
533,2029,2562
431,988,1419
629,517,1146
823,510,1333
732,2145,2877
685,767,1452
848,695,1543
1133,1429,2562
514,788,1302
499,502,1001
732,860,1592
706,691,1397
439,486,925
491,1351,1842
818,910,1728
862,849,1711
824,509,1333
414,1108,1522
708,706,1414
313,1127,1440
983,1512,2495
668,481,1149
1555,609,2164
855,354,1209
853,669,1522
411,1499,1910
519,697,1216
653,931,1584
589,885,1474
440,2576,3016
958,1153,2111
599,671,1270
1160,787,1947
755,506,1261
244,663,907
1234,530,1764
585,540,1125
467,1166,1633
868,612,1480
1079,1815,2894
551,298,849
324,679,1003
836,632,1468
1293,1764,3057
594,380,974
532,329,861
795,335,1130
608,428,1036
512,372,884
753,1067,1820
546,1068,1614
1870,690,2560
2513,619,3132
428,628,1056
435,1489,1924
381,630,1011
315,403,718
790,1153,1943
716,231,947
596,1553,2149
371,1303,1674
1225,1382,2607
1695,671,2366
705,1206,1911
513,1587,2100
476,673,1149
400,474,874
1457,1134,2591
569,1308,1877
468,758,1226
54,738,792
1295,526,1821
580,1223,1803
1046,1318,2364
72,406,478
131,691,822
1447,356,1803
1029,933,1962
275,579,854
1451,812,2263
915,986,1901
637,327,964
975,677,1652
1267,863,2130
96,719,815
239,313,552
1551,735,2286
1150,328,1478
1156,1111,2267
327,295,622
342,1478,1820
80,799,879
591,643,1234
1066,711,1777
331,2288,2619
115,1233,1348
1034,1592,2626
26,310,336
240,539,779
1450,1762,3212
542,1310,1852
225,839,1064
355,497,852
1224,1589,2813
570,2130,2700
307,1082,1389
298,889,1187
947,1430,2377
1376,1572,2948
805,915,1720
732,1184,1916
2164,574,2738
981,552,1533
74,521,595
1143,1415,2558
358,1357,1715
295,789,1084
579,1258,1837
428,724,1152
1475,1257,2732
454,1644,2098
2031,565,2596
486,1104,1590
1207,531,1738
283,864,1147
306,951,1257
1423,702,2125
351,542,893
822,587,1409
1243,714,1957
1063,802,1865
416,518,934
621,1411,2032
566,808,1374
1078,449,1527
562,1396,1958
543,928,1471
612,696,1308
509,557,1066
157,882,1039
749,380,1129
1209,959,2168
641,918,1559
229,1551,1780
585,1531,2116
1127,911,2038
1100,1241,2341
576,1406,1982
259,296,555
1562,836,2398
877,1021,1898
390,400,790
335,735,1070
1180,771,1951
342,601,943
395,772,1167
1137,866,2003
145,500,645
644,736,1380
707,1358,2065
442,1372,1814
183,499,682
1076,1406,2482
541,1353,1894
707,538,1245
435,1500,1935
1235,695,1930
701,995,1696
570,966,1536
409,1489,1898
1302,646,1948
915,1231,2146
426,1089,1515
286,741,1027
1105,662,1767
653,852,1505
824,1044,1868
409,771,1180
449,293,742
530,1058,1588
506,753,1259
410,744,1154
1146,1022,2168
1362,448,1810
587,759,1346
1286,1128,2414
1150,437,1587
1060,772,1832
644,360,1004
1289,383,1672
949,1156,2105
691,1526,2217
638,764,1402
732,616,1348
1008,461,1469
1391,733,2124
623,361,984
416,651,1067
1123,1020,2143
709,1480,2189
736,1254,1990
908,970,1878
918,594,1512
895,784,1679
537,1350,1887
1021,590,1611
368,766,1134
1067,596,1663
704,477,1181
573,946,1519
206,1683,1889
716,2133,2849
69,1485,1554
471,868,1339
1446,494,1940
363,2822,3185
511,1063,1574
769,2117,2886
589,273,862
621,1366,1987
896,1590,2486
471,1452,1923
1273,996,2269
419,2607,3026
205,1452,1657
1305,1038,2343
95,303,398
657,650,1307
687,1114,1801
156,537,693
685,1160,1845
1031,920,1951
1136,2205,3341
564,1111,1675
1445,552,1997
233,1050,1283
806,1587,2393
1498,907,2405
218,1772,1990
257,506,763
746,1152,1898
2157,763,2920
157,702,859
1410,873,2283
997,557,1554
810,758,1568
388,2460,2848
386,1689,2075
984,756,1740
271,1913,2184
568,1138,1706
1471,775,2246
380,511,891
730,1056,1786
907,734,1641
460,1148,1608
470,2281,2751
667,1998,2665
949,711,1660
537,1899,2436
828,2196,3024
965,932,1897
393,746,1139
2758,589,3347
307,766,1073
529,714,1243
673,741,1414
1497,1425,2922
561,720,1281
1769,917,2686
2327,763,3090
1174,1334,2508
614,569,1183
1634,939,2573
400,898,1298
515,724,1239
705,776,1481
859,714,1573
616,910,1526
1401,775,2176
427,742,1169
988,706,1694
1853,738,2591
2650,1402,4052
457,452,909
804,1355,2159
808,523,1331
663,708,1371
623,683,1306
487,589,1076
1056,1311,2367
475,682,1157
630,571,1201
774,517,1291
532,1206,1738
649,1004,1653
525,679,1204
592,353,945
1422,703,2125
2049,1772,3821
480,245,725
1090,1019,2109
512,506,1018
1687,719,2406
332,1392,1724
360,1799,2159
518,260,778
1312,700,2012
575,223,798
445,1094,1539
601,1347,1948
1214,1082,2296
655,239,894
776,807,1583
1121,548,1669
1839,405,2244
1258,995,2253
603,1440,2043
1556,138,1694
1111,1043,2154
696,1135,1831
1807,580,2387
724,352,1076
1569,520,2089
1492,627,2119
612,1065,1677
924,1142,2066
659,1128,1787
871,1010,1881
1175,619,1794
960,1025,1985
875,597,1472
56,757,813
670,1016,1686
1299,962,2261
32,768,800
1238,1299,2537
749,1071,1820
20,712,732
817,803,1620
782,1450,2232
729,1016,1745
74,695,769
301,563,864
908,1322,2230
840,370,1210
804,712,1516
155,542,697
574,301,875
55,584,639
1027,953,1980
745,337,1082
47,1148,1195
79,774,853
551,288,839
20,1050,1070
355,380,735
27,824,851
766,1284,2050
399,637,1036
916,910,1826
107,961,1068
433,407,840
42,999,1041
785,602,1387
133,919,1052
259,820,1079
805,1462,2267
233,821,1054
217,871,1088
541,456,997
585,496,1081
330,724,1054
328,690,1018
37,1429,1466
780,316,1096
732,384,1116
598,489,1087
560,471,1031
779,439,1218
801,305,1106
419,974,1393
862,388,1250
1092,657,1749
1220,328,1548
186,391,577
1239,524,1763
272,584,856
1220,565,1785
1034,531,1565
1088,869,1957
367,515,882
1114,645,1759
296,724,1020
838,1101,1939
319,775,1094
408,660,1068
599,541,1140
545,592,1137
103,547,650
178,797,975
97,590,687
232,695,927
1024,707,1731
1022,670,1692
1450,545,1995
362,570,932
102,1242,1344
599,580,1179
230,1274,1504
294,969,1263
847,575,1422
290,1137,1427
373,309,682
372,299,671
199,681,880
134,1153,1287
382,647,1029
297,437,734
397,934,1331
210,1301,1511
260,582,842
423,1308,1731
388,588,976
339,1204,1543
196,863,1059
261,1148,1409
405,672,1077
311,1375,1686
360,1284,1644
671,1148,1819
337,755,1092
259,1091,1350
459,904,1363
351,1556,1907
668,908,1576
713,722,1435
809,899,1708
51,859,910
402,1472,1874
1090,343,1433
416,778,1194
530,1620,2150
1086,505,1591
631,1416,2047
1056,518,1574
1006,712,1718
841,853,1694
708,1069,1777
1231,539,1770
288,1011,1299
1519,305,1824
204,1149,1353
970,653,1623
564,1256,1820
450,1162,1612
787,373,1160
764,677,1441
837,1245,2082
310,703,1013
529,1321,1850
327,666,993
1200,715,1915
1280,870,2150
490,705,1195
741,1291,2032
905,930,1835
539,1286,1825
570,482,1052
879,1081,1960
394,1374,1768
1101,584,1685
579,348,927
516,328,844
609,1369,1978
347,1325,1672
615,682,1297
706,953,1659
798,755,1553
96,1177,1273
1127,416,1543
1058,1077,2135
741,1201,1942
612,1274,1886
795,1108,1903
1097,856,1953
617,1031,1648
322,798,1120
845,870,1715
191,1149,1340
736,672,1408
1212,523,1735
790,366,1156
600,1004,1604
624,1320,1944
1326,637,1963
766,374,1140
1101,540,1641
576,647,1223
1258,903,2161
817,587,1404
939,886,1825
616,386,1002
1079,958,2037
684,1526,2210
240,1168,1408
897,1142,2039
689,777,1466
875,1070,1945
86,1540,1626
603,314,917
1252,819,2071
614,930,1544
1105,1181,2286
181,502,683
1132,843,1975
531,1156,1687
506,1160,1666
1218,683,1901
980,938,1918
552,829,1381
1126,1137,2263
658,726,1384
1466,463,1929
245,488,733
435,1122,1557
918,955,1873
863,461,1324
648,1113,1761
125,696,821
718,854,1572
1359,769,2128
337,538,875
361,302,663
831,570,1401
822,595,1417
482,469,951
64,891,955
48,1289,1337
566,805,1371
300,275,575
922,743,1665
125,1247,1372
26,1113,1139
631,573,1204
927,584,1511
541,828,1369
176,696,872
588,495,1083
1011,767,1778
164,1268,1432
384,472,856
53,1873,1926
1079,1008,2087
465,1204,1669
1132,624,1756
332,636,968
280,1548,1828
221,784,1005
303,279,582
1160,572,1732
502,413,915
794,1401,2195
381,696,1077
1068,747,1815
605,540,1145
383,903,1286
1187,741,1928
484,729,1213
854,560,1414
288,565,853
835,781,1616
551,1369,1920
359,804,1163
471,1914,2385
972,1486,2458
652,509,1161
342,457,799
525,560,1085
794,1148,1942
361,669,1030
119,1115,1234
698,2112,2810
444,1117,1561
140,1387,1527
1037,1959,2996
776,1284,2060
1753,1450,3203
590,1485,2075
687,658,1345
710,2689,3399
550,562,1112
383,1180,1563
168,1434,1602
1113,1235,2348
555,1162,1717
367,1371,1738
41,940,981
923,864,1787
1356,1935,3291
180,1619,1799
890,527,1417
322,997,1319
1138,1276,2414
1676,886,2562
46,1164,1210
95,1166,1261
486,1159,1645
129,1022,1151
1728,1646,3374
452,1670,2122
1089,353,1442
1069,1043,2112
1273,1634,2907
1468,797,2265
647,865,1512
505,988,1493
777,1507,2284
256,1375,1631
2087,957,3044
1374,995,2369
633,548,1181
506,1267,1773
940,1437,2377
935,978,1913
568,1437,2005
853,919,1772
845,1136,1981
389,1513,1902
1051,1078,2129
974,1068,2042
974,831,1805
86,729,815
989,804,1793
778,918,1696
1812,927,2739
953,1386,2339
762,1310,2072
252,796,1048
1360,1002,2362
1177,679,1856
239,948,1187
1179,1215,2394
865,593,1458
1462,1190,2652
137,656,793
984,1120,2104
1341,1032,2373
460,1164,1624
203,566,769
639,1058,1697
827,860,1687
980,704,1684
372,1040,1412
503,796,1299
1438,1438,2876
240,1056,1296
772,998,1770
1272,1379,2651
306,1193,1499
1158,1047,2205
437,599,1036
512,1470,1982
467,996,1463
488,289,777
483,1399,1882
742,1444,2186
864,1199,2063
517,550,1067
1298,1409,2707
821,911,1732
752,1427,2179
736,616,1352
278,1232,1510
541,711,1252
458,629,1087
818,698,1516
1242,1138,2380
345,837,1182
1074,955,2029
478,1023,1501
663,561,1224
629,1252,1881
504,666,1170
874,880,1754
674,1176,1850
1041,840,1881
523,1278,1801
322,854,1176
256,1099,1355
122,1251,1373
365,1441,1806
468,998,1466
762,819,1581
954,1000,1954
557,1329,1886
1143,528,1671
656,454,1110
708,1266,1974
1003,426,1429
1186,1296,2482
1172,668,1840
1061,508,1569
577,1080,1657
1053,1044,2097
968,979,1947
789,941,1730
685,548,1233
972,653,1625
817,508,1325
147,1231,1378
936,1208,2144
632,534,1166
1033,969,2002
572,846,1418
353,829,1182
1149,654,1803
804,634,1438
1002,1697,2699
1243,273,1516
408,2323,2731
281,764,1045
831,465,1296
1111,1888,2999
354,898,1252
388,1295,1683
927,748,1675
698,1508,2206
835,646,1481
702,862,1564
562,721,1283
365,718,1083
981,1788,2769
926,521,1447
372,1157,1529
653,790,1443
2307,713,3020
676,1267,1943
915,461,1376
924,314,1238
1064,357,1421
1327,1421,2748
775,850,1625
389,1779,2168
1312,381,1693
1207,2265,3472
276,1258,1534
1036,1176,2212
76,477,553
116,478,594
21,386,407
1081,594,1675
1628,960,2588
172,505,677
998,1709,2707
1718,666,2384
798,1116,1914
1504,750,2254
1263,745,2008
51,659,710
43,560,603
107,923,1030
1216,871,2087
245,473,718
1184,1262,2446
1438,1016,2454
276,636,912
2032,604,2636
1387,1058,2445
107,781,888
127,745,872
476,476,952
1615,616,2231
181,731,912
402,821,1223
274,973,1247
94,727,821
1541,1225,2766
310,764,1074
850,1285,2135
408,623,1031
540,851,1391
548,717,1265
1148,1320,2468
625,782,1407
407,853,1260
722,943,1665
262,473,735
910,478,1388
231,914,1145
622,861,1483
373,958,1331
684,589,1273
784,541,1325
983,456,1439
644,578,1222
678,603,1281
694,510,1204
437,627,1064
715,808,1523
535,465,1000
724,298,1022
291,917,1208
360,850,1210
688,465,1153
402,854,1256
577,968,1545
584,576,1160
490,456,946
880,762,1642
304,311,615
482,1263,1745
737,930,1667
489,792,1281
530,846,1376
627,1192,1819
193,553,746
402,389,791
1220,717,1937
393,415,808
683,1165,1848
394,980,1374
379,1049,1428
593,1312,1905
491,862,1353
800,875,1675
578,361,939
375,564,939
842,925,1767
221,649,870
863,1232,2095
751,952,1703
537,887,1424
786,1325,2111
918,636,1554
797,1062,1859
1179,727,1906
719,1153,1872
1101,631,1732
219,748,967
395,729,1124
548,1028,1576
567,530,1097
386,796,1182
1057,693,1750
918,564,1482
990,847,1837
1157,461,1618
338,857,1195
848,792,1640
1184,618,1802
740,744,1484
709,1101,1810
587,619,1206
941,769,1710
975,997,1972
945,450,1395
507,822,1329
728,694,1422
726,863,1589
378,603,981
789,913,1702
608,1150,1758
240,883,1123
503,547,1050
211,941,1152
264,772,1036
757,707,1464
415,650,1065
321,625,946
427,651,1078
866,1089,1955
544,692,1236
522,747,1269
863,1079,1942
400,810,1210
505,618,1123
43,1241,1284
1007,431,1438
687,455,1142
611,671,1282
497,540,1037
221,1340,1561
577,651,1228
549,778,1327
762,648,1410
250,671,921
552,1069,1621
888,577,1465
615,338,953
657,721,1378
697,924,1621
541,807,1348
871,595,1466
385,999,1384
602,569,1171
664,699,1363
542,418,960
731,804,1535
639,889,1528
431,962,1393
546,1499,2045
650,588,1238
1019,672,1691
364,489,853
488,601,1089
267,908,1175
521,832,1353
574,917,1491
613,490,1103
454,1341,1795
1007,793,1800
1145,961,2106
682,476,1158
500,1016,1516
880,627,1507
912,546,1458
237,1604,1841
663,687,1350
875,634,1509
718,399,1117
247,635,882
882,643,1525
786,556,1342
550,709,1259
1129,846,1975
686,563,1249
696,607,1303
363,871,1234
1169,727,1896
869,621,1490
729,618,1347
1404,729,2133
1485,480,1965
944,390,1334
784,962,1746
436,498,934
299,485,784
386,579,965
583,691,1274
359,635,994
198,401,599
1614,197,1811
372,584,956
496,721,1217
283,843,1126
84,991,1075
1205,1065,2270
562,386,948
977,965,1942
261,577,838
88,216,304
424,703,1127
186,1208,1394
517,2323,2840
358,821,1179
420,811,1231
900,1286,2186
442,635,1077
491,532,1023
85,340,425
605,2308,2913
375,719,1094
464,879,1343
49,690,739
571,902,1473
115,2325,2440
1865,754,2619
309,1760,2069
55,1279,1334
695,1350,2045
124,1223,1347
771,1179,1950
519,1358,1877
131,877,1008
2211,710,2921
353,1773,2126
881,1306,2187
184,1140,1324
454,983,1437
1164,940,2104
449,1147,1596
211,1074,1285
191,1171,1362
1591,606,2197
396,1866,2262
1177,949,2126
458,1059,1517
823,760,1583
238,1536,1774
569,1825,2394
465,1301,1766
1012,479,1491
722,1164,1886
825,793,1618
1342,836,2178
362,1320,1682
279,1498,1777
332,704,1036
1428,480,1908
763,1040,1803
510,1555,2065
471,1587,2058
1211,518,1729
738,803,1541
1000,949,1949
672,439,1111
917,697,1614
969,500,1469
1174,833,2007
594,724,1318
1062,530,1592
703,1052,1755
1544,640,2184
852,618,1470
818,1017,1835
686,830,1516
1176,468,1644
898,447,1345
1177,610,1787
676,1294,1970
1887,592,2479
817,451,1268
102,651,753
64,678,742
473,351,824
303,466,769
142,601,743
120,604,724
654,586,1240
314,511,825
1041,493,1534
392,458,850
488,777,1265
621,272,893
526,1482,2008
303,270,573
899,556,1455
513,578,1091
254,786,1040
135,276,411
492,399,891
1440,923,2363
75,1285,1360
418,374,792
863,1171,2034
1447,1229,2676
549,625,1174
240,1033,1273
240,1259,1499
540,798,1338
541,683,1224
283,1065,1348
541,724,1265
1203,1195,2398
436,624,1060
372,1217,1589
361,1051,1412
786,993,1779
868,2040,2908
285,636,921
1142,494,1636
507,813,1320
161,718,879
1030,518,1548
357,277,634
188,869,1057
336,915,1251
1045,333,1378
792,2141,2933
618,361,979
903,509,1412
288,1187,1475
1072,506,1578
1010,347,1357
1046,458,1504
867,462,1329
1016,807,1823
863,2142,3005
649,666,1315
299,1055,1354
194,1017,1211
514,1021,1535
802,626,1428
51,1416,1467
459,454,913
999,788,1787
907,291,1198
1071,577,1648
187,467,654
1626,674,2300
510,1228,1738
381,917,1298
371,682,1053
499,709,1208
621,921,1542
626,285,911
474,401,875
360,859,1219
706,678,1384
668,273,941
329,1150,1479
305,638,943
132,785,917
1754,726,2480
60,273,333
944,943,1887
407,554,961
84,914,998
144,1542,1686
596,503,1099
509,816,1325
680,766,1446
1978,881,2859
239,987,1226
1361,737,2098
772,988,1760
417,933,1350
240,898,1138
764,1112,1876
471,911,1382
497,878,1375
714,364,1078
1091,1027,2118
786,631,1417
244,600,844
632,757,1389
746,989,1735
238,617,855
302,1007,1309
26,502,528
684,745,1429
1519,500,2019
327,620,947
474,878,1352
908,1499,2407
220,624,844
610,1039,1649
461,522,983
413,532,945
1165,595,1760
541,731,1272
940,923,1863
468,523,991
138,908,1046
656,732,1388
573,610,1183
490,1023,1513
1115,1562,2677
169,1237,1406
987,337,1324
622,742,1364
692,371,1063
808,540,1348
1040,424,1464
751,676,1427
84,401,485
642,1632,2274
447,829,1276
902,583,1485
171,418,589
392,691,1083
941,822,1763
63,287,350
432,1016,1448
555,639,1194
618,843,1461
954,853,1807
554,393,947
282,549,831
415,378,793
89,694,783
93,1784,1877
597,302,899
236,594,830
126,1937,2063
1183,811,1994
760,759,1519
502,697,1199
501,434,935
313,585,898
228,1888,2116
1428,721,2149
196,308,504
511,1173,1684
430,220,650
542,1001,1543
734,1068,1802
227,1112,1339
588,492,1080
928,1102,2030
846,928,1774
223,695,918
223,408,631
43,761,804
610,1174,1784
1693,422,2115
71,924,995
328,1113,1441
416,1200,1616
1749,712,2461
128,945,1073
263,566,829
355,298,653
1951,541,2492
609,571,1180
283,729,1012
1067,496,1563
480,561,1041
766,908,1674
383,667,1050
423,949,1372
1126,1209,2335
864,568,1432
714,1008,1722
1117,805,1922
918,1654,2572
995,477,1472
595,337,932
388,871,1259
863,1262,2125
483,499,982
516,405,921
680,452,1132
628,870,1498
812,768,1580
785,442,1227
255,605,860
778,527,1305
444,1127,1571
904,766,1670
666,482,1148
538,425,963
601,734,1335
627,1000,1627
851,887,1738
355,400,755
908,653,1561
835,900,1735
194,1253,1447
1419,398,1817
577,604,1181
242,539,781
735,895,1630
761,521,1282
266,593,859
388,573,961
794,565,1359
550,648,1198
1192,588,1780
674,809,1483
369,751,1120
451,1195,1646
1074,616,1690
312,603,915
309,735,1044
934,599,1533
654,595,1249
533,716,1249
129,1175,1304
322,728,1050
463,725,1188
258,879,1137
667,1502,2169
603,441,1044
246,718,964
505,562,1067
158,706,864
242,542,784
481,891,1372
522,673,1195
469,1818,2287
604,1021,1625
497,867,1364
433,928,1361
456,977,1433
781,1143,1924
256,851,1107
317,850,1167
329,745,1074
1111,1277,2388
332,740,1072
434,772,1206
680,536,1216
622,886,1508
758,370,1128
176,727,903
619,512,1131
1307,869,2176
311,1002,1313
516,410,926
798,418,1216
1150,611,1761
283,1021,1304
382,961,1343
565,262,827
1092,843,1935
284,1794,2078
672,895,1567
642,644,1286
831,856,1687
589,471,1060
800,1434,2234
646,883,1529
1057,665,1722
645,620,1265
210,1588,1798
710,1868,2578
772,713,1485
371,538,909
1761,615,2376
625,493,1118
296,1010,1306
669,690,1359
426,806,1232
352,1478,1830
771,298,1069
782,648,1430
153,456,609
1347,600,1947
419,626,1045
735,605,1340
415,271,686
869,1821,2690
841,714,1555
989,925,1914
441,950,1391
424,1062,1486
700,1140,1840
1237,481,1718
377,986,1363
637,616,1253
82,345,427
1698,1180,2878
581,613,1194
135,666,801
486,872,1358
103,811,914
362,451,813
702,966,1668
252,1052,1304
438,443,881
463,1013,1476
1626,1134,2760
131,995,1126
496,604,1100
414,865,1279
1294,625,1919
1585,1006,2591
512,830,1342
225,618,843
466,847,1313
941,662,1603
845,941,1786
841,647,1488
416,385,801
518,854,1372
663,766,1429
431,526,957
583,694,1277
145,851,996
868,491,1359
387,489,876
990,721,1711
717,876,1593
801,471,1272
80,870,950
924,593,1517
777,973,1750
894,1608,2502
358,855,1213
411,395,806
883,975,1858
942,931,1873
716,784,1500
836,765,1601
126,976,1102
506,972,1478
850,588,1438
661,435,1096
632,695,1327
778,1112,1890
888,250,1138
946,1470,2416
539,927,1466
707,1070,1777
375,862,1237
595,1172,1767
468,1182,1650
570,1354,1924
596,977,1573
969,1625,2594
521,260,781
785,1065,1850
650,1050,1700
816,1157,1973
856,1118,1974
849,824,1673
786,1739,2525
277,274,551
1423,276,1699
1270,990,2260
577,704,1281
568,857,1425
710,1110,1820
772,1243,2015
833,613,1446
300,777,1077
101,401,502
1041,777,1818
1006,414,1420
1028,453,1481
586,887,1473
1010,500,1510
1061,418,1479
1354,555,1909
1059,506,1565
479,754,1233
154,624,778
690,456,1146
548,1399,1947
838,387,1225
1492,819,2311
160,1617,1777
402,1423,1825
1107,384,1491
694,303,997
964,657,1621
508,457,965
145,1737,1882
1099,556,1655
879,893,1772
1655,863,2518
197,1623,1820
711,503,1214
176,497,673
277,383,660
1225,741,1966
60,617,677
426,1506,1932
834,761,1595
734,906,1640
770,830,1600
201,601,802
116,619,735
818,906,1724
1332,390,1722
1354,708,2062
549,583,1132
287,624,911
341,459,800
640,985,1625
288,554,842
192,688,880
48,905,953
409,1019,1428
168,654,822
595,850,1445
290,898,1188
1398,334,1732
1667,629,2296
548,733,1281
900,604,1504
478,802,1280
196,1289,1485
363,311,674
625,861,1486
94,554,648
649,529,1178
1476,933,2409
175,809,984
392,827,1219
85,679,764
610,808,1418
311,1055,1366
526,891,1417
135,677,812
916,799,1715
1373,632,2005
340,948,1288
347,1305,1652
355,330,685
348,908,1256
559,1103,1662
474,1171,1645
375,603,978
429,437,866
107,970,1077
200,767,967
273,1385,1658
647,952,1599
103,1113,1216
539,731,1270
529,735,1264
563,608,1171
647,450,1097
104,1135,1239
859,577,1436
969,856,1825
646,538,1184
399,933,1332
469,1024,1493
596,760,1356
696,594,1290
526,807,1333
676,554,1230
80,1316,1396
965,590,1555
662,775,1437
1174,803,1977
534,556,1090
796,760,1556
278,540,818
579,863,1442
649,529,1178
170,923,1093
753,553,1306
907,774,1681
857,701,1558
497,910,1407
489,1058,1547
914,697,1611
622,735,1357
609,787,1396
501,363,864
145,610,755
596,545,1141
817,895,1712
218,572,790
950,633,1583
1062,1140,2202
320,1083,1403
594,886,1480
222,1252,1474
342,1136,1478
636,856,1492
445,1424,1869
463,893,1356
266,535,801
804,711,1515
337,1310,1647
539,447,986
231,869,1100
567,701,1268
674,471,1145
778,1170,1948
789,642,1431
681,889,1570
1188,962,2150
213,1181,1394
882,877,1759
834,557,1391
865,433,1298
819,420,1239
359,1003,1362
223,697,920
660,344,1004
974,482,1456
537,905,1442
626,895,1521
948,510,1458
812,508,1320
730,861,1591
412,1141,1553
381,1725,2106
841,541,1382
1013,581,1594
394,1133,1527
1070,581,1651
987,973,1960
634,606,1240
872,600,1472
1044,391,1435
943,582,1525
1221,2066,3287
404,792,1196
258,424,682
884,569,1453
123,807,930
305,625,930
130,706,836
751,704,1455
1047,462,1509
623,1871,2494
652,561,1213
447,1831,2278
289,700,989
401,604,1005
435,547,982
302,718,1020
337,1989,2326
829,801,1630
1087,530,1617
340,864,1204
536,1120,1656
801,543,1344
439,727,1166
782,342,1124
326,582,908
449,709,1158
474,1025,1499
368,876,1244
491,625,1116
580,1682,2262
644,658,1302
210,758,968
258,598,856
561,739,1300
613,709,1322
297,758,1055
402,719,1121
802,594,1396
1932,778,2710
689,476,1165
404,656,1060
1517,958,2475
154,1333,1487
694,502,1196
440,681,1121
1682,1402,3084
330,903,1233
653,306,959
525,521,1046
1986,885,2871
527,482,1009
370,828,1198
554,634,1188
345,1635,1980
357,1612,1969
674,610,1284
1868,982,2850
656,442,1098
696,877,1573
832,764,1596
610,639,1249
1711,1154,2865
548,548,1096
1262,435,1697
615,751,1366
673,809,1482
227,912,1139
783,424,1207
1133,1059,2192
457,781,1238
560,496,1056
585,948,1533
155,1496,1651
908,623,1531
773,404,1177
1222,1129,2351
330,440,770
570,976,1546
494,397,891
458,370,828
658,1099,1757
860,1118,1978
670,429,1099
512,537,1049
717,1084,1801
354,688,1042
702,450,1152
1060,384,1444
1337,800,2137
928,1248,2176
810,958,1768
637,284,921
896,779,1675
421,330,751
427,663,1090
313,483,796
81,536,617
595,712,1307
367,807,1174
278,902,1180
1354,877,2231
968,887,1855
900,712,1612
212,495,707
417,299,716
785,1076,1861
149,513,662
1060,586,1646
669,766,1435
597,632,1229
922,832,1754
1082,917,1999
39,940,979
329,676,1005
215,1602,1817
611,902,1513
247,599,846
360,660,1020
1167,769,1936
238,593,831
784,689,1473
495,697,1192
672,600,1272
720,321,1041
153,1738,1891
307,795,1102
249,531,780
629,439,1068
459,674,1133
858,352,1210
72,1065,1137
207,1779,1986
694,485,1179
463,360,823
817,1035,1852
385,577,962
300,693,993
792,639,1431
259,614,873
675,779,1454
481,836,1317
680,685,1365
459,905,1364
789,852,1641
954,1476,2430
1673,636,2309
562,749,1311
929,444,1373
717,590,1307
895,532,1427
1064,150,1214
867,675,1542
970,1442,2412
165,637,802
856,493,1349
77,473,550
969,1138,2107
822,848,1670
196,641,837
119,691,810
1432,473,1905
30,556,586
695,656,1351
121,487,608
1338,470,1808
1552,855,2407
125,966,1091
873,283,1156
1666,1219,2885
137,874,1011
473,479,952
235,308,543
276,514,790
889,351,1240
341,765,1106
475,526,1001
157,1227,1384
287,968,1255
152,1074,1226
431,860,1291
291,340,631
389,604,993
331,721,1052
423,699,1122
180,469,649
411,1058,1469
191,613,804
540,964,1504
274,426,700
576,860,1436
451,700,1151
205,1218,1423
509,757,1266
1015,641,1656
487,777,1264
497,825,1322
854,792,1646
46,449,495
720,796,1516
123,956,1079
126,1424,1550
395,742,1137
740,670,1410
800,591,1391
626,895,1521
888,663,1551
262,1094,1356
723,1324,2047
700,681,1381
420,1237,1657
923,1155,2078
184,1013,1197
698,935,1633
234,975,1209
485,1305,1790
880,832,1712
985,257,1242
753,1042,1795
286,994,1280
404,1498,1902
1041,273,1314
533,765,1298
731,1029,1760
1050,1245,2295
942,296,1238
831,530,1361
779,740,1519
540,1255,1795
289,1526,1815
437,928,1365
623,1544,2167
337,977,1314
495,535,1030
1093,1391,2484
922,1246,2168
379,532,911
1333,242,1575
595,791,1386
1357,1342,2699
634,463,1097
860,438,1298
618,894,1512
534,1265,1799
1063,611,1674
791,1430,2221
1031,686,1717
855,793,1648
131,317,448
713,1683,2396
458,933,1391
796,377,1173
1008,640,1648
527,1234,1761
1399,448,1847
747,1029,1776
444,487,931
1086,729,1815
249,727,976
1253,842,2095
531,836,1367
91,489,580
398,812,1210
1033,642,1675
593,760,1353
385,1253,1638
85,807,892
935,644,1579
689,954,1643
1126,769,1895
201,633,834
445,822,1267
854,747,1601
1170,650,1820
864,493,1357
444,491,935
710,310,1020
602,643,1245
685,504,1189
279,797,1076
1135,610,1745
845,1265,2110
700,934,1634
1143,533,1676
252,714,966
151,489,640
716,529,1245
312,1074,1386
168,1163,1331
1306,1422,2728
484,459,943
662,843,1505
509,893,1402
126,411,537
360,1126,1486
298,572,870
277,1177,1454
743,722,1465
1234,1202,2436
558,1190,1748
311,815,1126
451,1374,1825
1157,1258,2415
188,648,836
351,681,1032
717,1148,1865
212,409,621
404,822,1226
410,776,1186
789,536,1325
400,1063,1463
503,728,1231
191,918,1109
867,537,1404
470,1194,1664
190,831,1021
343,633,976
1071,381,1452
1138,290,1428
338,555,893
700,661,1361
305,1162,1467
683,619,1302
707,827,1534
349,739,1088
291,930,1221
228,437,665
801,444,1245
288,768,1056
978,651,1629
617,494,1111
441,883,1324
806,893,1699
625,550,1175
453,848,1301
528,1012,1540
1017,924,1941
327,854,1181
848,579,1427
742,762,1504
681,794,1475
209,1662,1871
121,739,860
765,611,1376
908,610,1518
297,615,912
588,678,1266
374,790,1164
487,460,947
152,608,760
421,823,1244
361,442,803
263,821,1084
228,1974,2202
555,296,851
399,425,824
422,2072,2494
639,746,1385
507,324,831
230,966,1196
718,598,1316
506,629,1135
574,823,1397
408,309,717
752,980,1732
707,1037,1744
702,777,1479
518,468,986
406,814,1220
664,887,1551
202,1133,1335
888,941,1829
354,605,959
477,688,1165
239,1373,1612
350,821,1171
437,931,1368
559,674,1233
284,1172,1456
600,569,1169
52,618,670
488,877,1365
582,1369,1951
291,623,914
871,607,1478
953,557,1510
933,425,1358
686,717,1403
931,486,1417
861,509,1370
731,275,1006
763,820,1583
527,644,1171
801,356,1157
540,1471,2011
1175,309,1484
358,440,798
561,401,962
637,1379,2016
590,1709,2299
954,448,1402
670,1168,1838
1186,404,1590
957,432,1389
1301,516,1817
808,734,1542
751,544,1295
506,534,1040
199,2099,2298
320,751,1071
482,558,1040
1176,349,1525
467,623,1090
1715,1820,3535
1085,899,1984
548,1710,2258
80,1286,1366
148,514,662
193,439,632
1214,1156,2370
274,607,881
1276,423,1699
692,703,1395
2003,1611,3614
494,1058,1552
240,507,747
151,1647,1798
333,518,851
1364,968,2332
194,748,942
290,709,999
413,1759,2172
552,865,1417
1925,1763,3688
411,1114,1525
1427,835,2262
272,1010,1282
447,768,1215
689,882,1571
983,605,1588
325,707,1032
1226,1000,2226
394,1146,1540
1628,786,2414
482,898,1380
1589,819,2408
344,909,1253
597,457,1054
474,1057,1531
667,695,1362
449,913,1362
697,866,1563
1570,968,2538
481,562,1043
865,801,1666
1655,996,2651
1093,571,1664
648,1242,1890
740,614,1354
338,1089,1427
626,559,1185
1174,441,1615
571,1380,1951
533,1319,1852
810,362,1172
877,532,1409
152,1630,1782
1807,437,2244
816,326,1142
808,670,1478
184,1335,1519
521,759,1280
927,981,1908
872,368,1240
951,874,1825
611,976,1587
493,658,1151
430,865,1295
999,941,1940
292,527,819
822,666,1488
646,1156,1802
1154,1086,2240
509,998,1507
515,1195,1710
872,499,1371
1054,752,1806
733,1237,1970
212,600,812
485,1027,1512
337,989,1326
198,1216,1414
231,1033,1264
321,1681,2002
535,1190,1725
515,1579,2094
1051,1053,2104
1200,1493,2693
556,1049,1605
523,1315,1838
745,902,1647
464,1409,1873
1074,1061,2135
869,982,1851
738,1134,1872
1159,821,1980
803,1427,2230
508,874,1382
538,2405,2943
686,1070,1756
497,550,1047
1074,1048,2122
981,1648,2629
1117,1161,2278
255,1601,1856
804,798,1602
659,1015,1674
656,1019,1675
1338,2106,3444
1333,543,1876
1351,551,1902
850,1028,1878
917,1714,2631
1403,542,1945
407,1468,1875
870,1691,2561
726,1204,1930
1586,2119,3705
223,1478,1701
1038,1222,2260
1189,1301,2490
2251,1418,3669
441,1630,2071
874,597,1471
939,497,1436
1348,959,2307
766,1394,2160
949,652,1601
665,845,1510
1227,585,1812
1587,1632,3219
1624,738,2362
873,2012,2885
1320,736,2056
420,477,897
938,1418,2356
1317,548,1865
1033,1015,2048
400,678,1078
1291,693,1984
843,1033,1876
1984,594,2578
941,2155,3096
949,875,1824
378,696,1074
1079,1256,2335
493,545,1038
1567,1262,2829
434,873,1307
1538,822,2360
640,455,1095
447,886,1333
984,1006,1990
451,480,931
977,1185,2162
334,509,843
1675,876,2551
254,703,957
607,744,1351
2035,783,2818
556,741,1297
822,684,1506
1356,1702,3058
360,888,1248
1086,2045,3131
768,1193,1961
615,1128,1743
275,341,616
1483,1400,2883
1222,990,2212
347,579,926
891,760,1651
1176,597,1773
424,529,953
724,1319,2043
845,880,1725
878,481,1359
1331,1062,2393
670,844,1514
1281,701,1982
938,837,1775
570,983,1553
561,781,1342
654,786,1440
715,572,1287
607,633,1240
624,1635,2259
888,851,1739
698,1220,1918
521,1600,2121
676,213,889
186,737,923
969,1223,2192
678,731,1409
1380,285,1665
629,1143,1772
756,251,1007
653,403,1056
1165,1407,2572
228,988,1216
902,344,1246
863,1109,1972
631,636,1267
658,1703,2361
660,455,1115
856,1283,2139
1645,2027,3672
51,1350,1401
706,1865,2571
813,754,1567
1831,729,2560
1456,402,1858
1656,834,2490
712,1111,1823
952,889,1841
1118,601,1719
1290,761,2051
1310,678,1988
2302,1065,3367
219,623,842
861,1143,2004
1077,816,1893
103,620,723
1553,1098,2651
116,826,942
1861,1206,3067
1109,892,2001
1679,1311,2990
533,309,842
1362,770,2132
201,662,863
164,859,1023
564,389,953
1942,920,2862
391,690,1081
1537,1251,2788
1145,831,1976
637,384,1021
431,398,829
205,814,1019
553,422,975
118,867,985
430,599,1029
417,745,1162
1880,922,2802
1163,1332,2495
193,722,915
76,597,673
681,649,1330
605,256,861
1210,1563,2773
610,370,980
507,980,1487
183,922,1105
434,373,807
981,386,1367
63,355,418
45,919,964
634,583,1217
91,1017,1108
833,712,1545
414,1205,1619
131,1022,1153
238,482,720
123,392,515
96,432,528
93,1068,1161
563,618,1181
512,692,1204
961,540,1501
872,590,1462
809,716,1525
245,1003,1248
507,665,1172
142,651,793
607,861,1468
340,597,937
71,746,817
553,1075,1628
301,662,963
1140,695,1835
827,1036,1863
139,896,1035
226,907,1133
820,881,1701
363,787,1150
220,873,1093
982,621,1603
677,759,1436
431,878,1309
484,835,1319
1285,677,1962
516,830,1346
320,841,1161
535,835,1370
202,693,895
567,948,1515
257,652,909
818,684,1502
155,825,980
610,909,1519
711,636,1347
434,466,900
268,772,1040
520,1109,1629
449,754,1203
544,558,1102
441,599,1040
649,383,1032
483,655,1138
353,900,1253
326,790,1116
580,580,1160
215,987,1202
852,386,1238
189,816,1005
271,1436,1707
616,500,1116
668,494,1162
432,1108,1540
549,1513,2062
422,781,1203
588,339,927
202,1531,1733
613,550,1163
583,700,1283
358,721,1079
560,639,1199
470,1301,1771
905,438,1343
593,825,1418
205,1011,1216
567,650,1217
80,436,516
613,977,1590
580,469,1049
1145,317,1462
353,711,1064
735,737,1472
541,1076,1617
688,613,1301
72,462,534
298,406,704
528,1244,1772
1198,415,1613
552,1086,1638
353,523,876
633,690,1323
1147,430,1577
713,718,1431
113,727,840
361,362,723
488,410,898
694,1142,1836
423,592,1015
345,534,879
556,1189,1745
151,867,1018
266,459,725
506,644,1150
659,1202,1861
32,1210,1242
848,1264,2112
417,601,1018
264,636,900
378,949,1327
217,1063,1280
161,516,677
418,625,1043
602,798,1400
451,928,1379
520,525,1045
1044,573,1617
837,567,1404
543,834,1377
564,1374,1938
224,499,723
1087,886,1973
631,420,1051
60,1476,1536
478,378,856
476,1230,1706
631,824,1455
678,923,1601
846,1362,2208
490,393,883
67,804,871
964,811,1775
1027,573,1600
795,688,1483
878,862,1740
673,1154,1827
256,701,957
1177,664,1841
1109,580,1689
403,1151,1554
243,707,950
1380,390,1770
295,770,1065
1183,424,1607
905,366,1271
640,264,904
864,960,1824
770,626,1396
783,641,1424
833,206,1039
665,923,1588
575,392,967
768,622,1390
1074,314,1388
393,624,1017
720,506,1226
1216,461,1677
507,1013,1520
1197,442,1639
627,1267,1894
1221,855,2076
1246,524,1770
1634,320,1954
163,622,785
291,936,1227
1135,430,1565
1018,642,1660
287,707,994
719,647,1366
1014,797,1811
980,509,1489
1011,539,1550
1447,379,1826
273,980,1253
834,767,1601
1149,558,1707
612,805,1417
410,455,865
168,955,1123
765,989,1754
839,754,1593
1006,699,1705
1454,625,2079
499,941,1440
176,1082,1258
442,1078,1520
113,531,644
195,926,1121
543,725,1268
54,909,963
155,690,845
432,845,1277
121,986,1107
389,705,1094
838,829,1667
787,1078,1865
368,547,915
1492,1133,2625
754,551,1305
417,911,1328
43,1292,1335
448,503,951
783,1438,2221
774,863,1637
632,857,1489
616,573,1189
367,991,1358
856,784,1640
693,655,1348
739,895,1634
396,968,1364
717,562,1279
734,571,1305
411,1187,1598
1203,255,1458
866,626,1492
657,890,1547
390,696,1086
589,864,1453
693,763,1456
470,1084,1554
592,573,1165
732,434,1166
985,747,1732
915,741,1656
867,733,1600
623,859,1482
1348,624,1972
739,962,1701
1160,786,1946
335,487,822
790,809,1599
314,1426,1740
503,866,1369
990,540,1530
671,1339,2010
1102,640,1742
798,764,1562
604,530,1134
371,653,1024
459,620,1079
363,978,1341
387,737,1124
638,474,1112
786,1127,1913
826,1142,1968
571,652,1223
578,771,1349
445,761,1206
1315,694,2009
687,435,1122
769,610,1379
280,682,962
427,874,1301
783,1231,2014
493,680,1173
572,1051,1623
830,768,1598
1083,456,1539
451,535,986
692,1075,1767
496,583,1079
315,713,1028
331,1122,1453
54,1361,1415
842,976,1818
658,746,1404
235,1089,1324
702,669,1371
352,1010,1362
281,552,833
659,507,1166
554,856,1410
959,1122,2081
266,1357,1623
902,675,1577
179,961,1140
624,770,1394
1078,756,1834
925,320,1245
516,725,1241
1264,610,1874
735,640,1375
816,473,1289
494,798,1292
1224,386,1610
952,404,1356
431,684,1115
582,785,1367
194,1383,1577
655,762,1417
447,912,1359
410,658,1068
633,654,1287
633,217,850
988,638,1626
598,366,964
351,1205,1556
505,1427,1932
573,483,1056
409,1029,1438
307,701,1008
554,1488,2042
269,748,1017
794,414,1208
498,708,1206
884,1124,2008
243,574,817
1021,1022,2043
599,1001,1600
521,386,907
1008,839,1847
649,382,1031
393,1084,1477
393,653,1046
812,471,1283
1130,720,1850
55,686,741
519,624,1143
152,595,747
1389,520,1909
665,411,1076
1283,839,2122
513,267,780
1302,795,2097
420,785,1205
423,634,1057
1042,482,1524
476,1319,1795
497,837,1334
187,869,1056
318,527,845
661,1131,1792
283,1174,1457
637,216,853
282,585,867
965,691,1656
502,729,1231
841,1149,1990
356,1657,2013
657,634,1291
235,1020,1255
450,1752,2202
376,634,1010
854,1376,2230
582,959,1541
401,705,1106
1021,1043,2064
525,907,1432
778,682,1460
1412,693,2105
667,1428,2095
254,922,1176
721,1366,2087
269,1065,1334
936,1602,2538
1259,387,1646
498,338,836
381,1467,1848
668,604,1272
972,447,1419
525,626,1151
453,1601,2054
308,1127,1435
877,598,1475
655,538,1193
618,1399,2017
93,999,1092
210,535,745
513,1521,2034
238,1651,1889
822,851,1673
431,1208,1639
654,1974,2628
703,1130,1833
968,1716,2684
461,977,1438
415,1571,1986
456,310,766
609,603,1212
1285,535,1820
928,577,1505
990,1485,2475
879,1294,2173
449,500,949
990,707,1697
433,492,925
1258,781,2039
513,862,1375
919,602,1521
1238,1384,2622
1044,866,1910
1388,752,2140
787,845,1632
1282,1269,2551
1386,484,1870
219,490,709
54,686,740
392,465,857
545,460,1005
103,825,928
648,370,1018
1316,1415,2731
1846,527,2373
330,422,752
929,1251,2180
462,857,1319
723,358,1081
441,549,990
507,395,902
1625,917,2542
589,602,1191
1474,1320,2794
1370,816,2186
1417,939,2356
365,1407,1772
765,1323,2088
1389,802,2191
324,1529,1853
419,1144,1563
368,438,806
723,496,1219
399,538,937
1091,1161,2252
930,941,1871
416,744,1160
320,1531,1851
1192,940,2132
667,679,1346
450,688,1138
1231,666,1897
376,626,1002
680,1131,1811
739,1270,2009
1493,445,1938
1221,947,2168
525,624,1149
766,383,1149
726,884,1610
1232,343,1575
818,1097,1915
473,972,1445
953,1106,2059
1466,453,1919
1109,653,1762
392,657,1049
706,506,1212
987,615,1602
1022,566,1588
393,602,995
497,527,1024
756,1049,1805
455,435,890
309,1212,1521
875,486,1361
1147,758,1905
228,848,1076
198,461,659
526,452,978
736,488,1224
57,536,593
353,1303,1656
536,473,1009
465,1324,1789
447,276,723
563,1000,1563
1023,418,1441
397,392,789
309,340,649
581,832,1413
300,672,972
531,598,1129
827,1021,1848
1192,725,1917
1076,957,2033
317,1913,2230
1085,919,2004
235,565,800
1266,202,1468
359,349,708
317,1304,1621
273,1964,2237
142,522,664
316,2004,2320
1173,687,1860
649,1667,2316
433,735,1168
361,290,651
624,952,1576
1165,808,1973
1874,328,2202
252,521,773
864,419,1283
354,1233,1587
852,712,1564
1785,286,2071
304,618,922
912,819,1731
460,576,1036
436,634,1070
797,707,1504
760,739,1499
310,1220,1530
451,929,1380
1369,278,1647
418,738,1156
213,484,697
597,1108,1705
453,267,720
418,806,1224
248,1235,1483
1083,657,1740
738,832,1570
54,728,782
87,378,465
481,1038,1519
595,1078,1673
492,413,905
521,1053,1574
270,719,989
143,478,621
476,994,1470
632,760,1392
306,565,871
110,843,953
1048,679,1727
545,784,1329
908,696,1604
544,486,1030
520,1057,1577
633,808,1441
722,1068,1790
459,927,1386
585,582,1167
365,835,1200
1063,582,1645
730,570,1300
366,929,1295
803,1222,2025
66,629,695
1018,1148,2166
713,1021,1734
846,1283,2129
753,831,1584
894,1074,1968
931,420,1351
693,990,1683
636,1331,1967
279,488,767
707,1253,1960
769,1414,2183
867,1065,1932
373,612,985
152,780,932
1124,1235,2359
370,786,1156
705,1250,1955
297,789,1086
252,846,1098
865,980,1845
603,695,1298
326,791,1117
618,755,1373
826,595,1421
558,459,1017
99,1333,1432
396,478,874
283,1009,1292
366,1114,1480
168,1102,1270
785,730,1515
569,1029,1598
761,945,1706
851,601,1452
463,1140,1603
568,921,1489
909,770,1679
924,608,1532
993,760,1753
483,797,1280
192,1621,1813
1065,747,1812
612,596,1208
498,635,1133
613,851,1464
727,597,1324
996,731,1727
1146,642,1788
638,1248,1886
917,754,1671
824,819,1643
681,467,1148
861,548,1409
480,791,1271
774,483,1257
462,499,961
585,1052,1637
382,1142,1524
1086,542,1628
524,647,1171
328,882,1210
247,1682,1929
336,667,1003
625,670,1295
507,1964,2471
624,376,1000
333,721,1054
650,885,1535
961,865,1826
140,1033,1173
50,1318,1368
342,811,1153
94,744,838
1039,328,1367
334,1047,1381
177,1224,1401
413,590,1003
400,1161,1561
698,449,1147
424,564,988
522,906,1428
1088,961,2049
689,731,1420
585,425,1010
420,1013,1433
254,628,882
1189,366,1555
487,1123,1610
708,957,1665
1494,1019,2513
652,1071,1723
941,1170,2111
357,787,1144
937,529,1466
480,460,940
1043,389,1432
927,587,1514
587,1024,1611
405,503,908
1530,1379,2909
409,822,1231
664,878,1542
1047,406,1453
501,483,984
1022,834,1856
1047,375,1422
627,748,1375
813,607,1420
1754,962,2716
390,722,1112
290,1630,1920
638,697,1335
929,624,1553
397,454,851
657,1684,2341
872,311,1183
877,848,1725
233,538,771
994,1193,2187
526,506,1032
934,455,1389
393,733,1126
273,613,886
127,470,597
836,1155,1991
808,531,1339
262,535,797
680,763,1443
1289,914,2203
129,740,869
426,706,1132
817,838,1655
171,902,1073
671,464,1135
1462,759,2221
457,493,950
754,341,1095
332,1449,1781
75,867,942
1037,838,1875
431,545,976
402,589,991
1545,645,2190
333,1092,1425
157,776,933
554,319,873
421,692,1113
611,2102,2713
582,904,1486
26,882,908
62,676,738
383,1219,1602
1095,824,1919
846,483,1329
429,412,841
283,754,1037
702,2088,2790
234,1020,1254
790,767,1557
170,918,1088
1318,1562,2880
271,879,1150
358,1943,2301
386,959,1345
1897,647,2544
581,673,1254
483,726,1209
842,531,1373
1960,474,2434
748,652,1400
312,1073,1385
816,609,1425
851,660,1511
644,659,1303
659,719,1378
190,944,1134
852,559,1411
447,2057,2504
396,623,1019
624,819,1443
725,606,1331
290,603,893
952,1660,2612
939,859,1798
274,1340,1614
1703,969,2672
509,500,1009
598,823,1421
1920,786,2706
506,547,1053
591,1327,1918
368,1535,1903
270,1152,1422
1515,357,1872
1294,310,1604
672,1557,2229
585,491,1076
521,814,1335
678,1013,1691
381,766,1147
771,1249,2020
445,1138,1583
542,1220,1762
897,287,1184
930,1171,2101
674,1148,1822
806,488,1294
192,779,971
565,1045,1610
409,1602,2011
787,1074,1861
1247,536,1783
432,471,903
414,1138,1552
699,1889,2588
959,634,1593
317,683,1000
206,569,775
118,1074,1192
1160,400,1560
305,592,897
558,586,1144
852,630,1482
468,1515,1983
803,1799,2602
753,516,1269
967,606,1573
1038,1333,2371
279,638,917
976,446,1422
534,547,1081
575,877,1452
1540,791,2331
382,1200,1582
1002,615,1617
458,638,1096
665,505,1170
370,620,990
198,473,671
1438,1241,2679
948,717,1665
1388,1144,2532
1131,626,1757
1046,631,1677
635,528,1163
1603,822,2425
1226,471,1697
336,883,1219
497,749,1246
263,586,849
277,1200,1477
537,550,1087
1108,424,1532
1346,183,1529
232,507,739
538,1437,1975
225,818,1043
618,977,1595
444,425,869
960,751,1711
137,907,1044
125,610,735
91,173,264
235,722,957
911,541,1452
68,1054,1122
19,476,495
1051,744,1795
587,813,1400
484,888,1372
647,1233,1880
53,1231,1284
144,400,544
450,788,1238
384,822,1206
223,532,755
1100,328,1428
394,786,1180
612,818,1430
288,703,991
141,1313,1454
55,1414,1469
209,541,750
182,838,1020
404,1120,1524
314,1377,1691
492,1114,1606
481,745,1226
931,760,1691
475,583,1058
140,1023,1163
1029,371,1400
345,557,902
628,555,1183
965,768,1733
479,653,1132
47,739,786
679,806,1485
310,1375,1685
783,628,1411
195,634,829
128,745,873
629,769,1398
1321,631,1952
317,549,866
1075,851,1926
661,629,1290
965,752,1717
528,1208,1736
403,643,1046
766,843,1609
301,666,967
1197,601,1798
751,719,1470
520,685,1205
630,988,1618
569,710,1279
258,690,948
588,1221,1809
298,505,803
690,451,1141
400,628,1028
936,846,1782
462,642,1104
399,426,825
214,1140,1354
367,810,1177
678,306,984
1020,1021,2041
953,1108,2061
440,555,995
441,401,842
1094,1072,2166
1286,1434,2720
597,556,1153
713,847,1560
721,624,1345
620,1107,1727
322,674,996
432,481,913
537,609,1146
438,318,756
1197,1259,2456
512,649,1161
562,382,944
690,751,1441
923,488,1411
301,885,1186
523,696,1219
270,601,871
280,668,948
834,1072,1906
563,917,1480
709,260,969
335,660,995
944,367,1311
415,880,1295
684,1095,1779
615,650,1265
542,628,1170
1361,513,1874
587,698,1285
180,1043,1223
682,611,1293
1090,698,1788
267,878,1145
997,645,1642
864,701,1565
782,287,1069
528,676,1204
588,1069,1657
95,404,499
670,217,887
766,786,1552
656,848,1504
498,1531,2029
457,709,1166
1086,548,1634
739,744,1483
538,944,1482
595,890,1485
154,404,558
117,612,729
788,828,1616
972,315,1287
595,622,1217
127,711,838
187,713,900
449,614,1063
407,593,1000
230,1995,2225
217,576,793
139,790,929
921,1323,2244
646,944,1590
299,635,934
173,957,1130
1393,895,2288
546,721,1267
416,637,1053
1821,525,2346
665,1406,2071
551,757,1308
671,420,1091
460,595,1055
296,638,934
655,1425,2080
347,710,1057
1068,272,1340
866,270,1136
575,653,1228
497,551,1048
161,1356,1517
460,616,1076
526,953,1479
800,372,1172
395,648,1043
232,1032,1264
279,690,969
623,978,1601
589,290,879
553,725,1278
779,716,1495
652,974,1626
662,754,1416
473,473,946
937,635,1572
449,1261,1710
323,581,904
720,1138,1858
689,599,1288
469,846,1315
672,468,1140
361,737,1098
1346,826,2172
624,992,1616
539,875,1414
260,310,570
1060,364,1424
891,312,1203
319,1405,1724
360,922,1282
970,582,1552
756,554,1310
1805,352,2157
861,763,1624
346,866,1212
777,826,1603
654,1176,1830
902,845,1747
561,1084,1645
377,854,1231
472,571,1043
755,550,1305
838,826,1664
312,984,1296
197,693,890
1338,658,1996
1011,1044,2055
919,984,1903
415,479,894
202,968,1170
1078,1047,2125
1251,588,1839
744,611,1355
1023,774,1797
298,648,946
908,808,1716
578,555,1133
658,897,1555
1028,622,1650
256,1220,1476
995,482,1477
864,653,1517
252,668,920
863,561,1424
446,449,895
986,554,1540
468,566,1034
524,508,1032
507,547,1054
1197,888,2085
1054,1228,2282
526,666,1192
270,811,1081
458,455,913
813,809,1622
466,827,1293
556,366,922
755,828,1583
655,1253,1908
415,648,1063
724,1059,1783
308,425,733
671,484,1155
427,478,905
271,972,1243
362,432,794
538,648,1186
541,922,1463
868,893,1761
155,1471,1626
633,1113,1746
380,903,1283
417,456,873
327,1399,1726
751,588,1339
419,1199,1618
601,1006,1607
251,535,786
1133,610,1743
405,892,1297
389,1033,1422
234,406,640
873,1057,1930
910,848,1758
554,513,1067
814,476,1290
460,811,1271
332,617,949
391,687,1078
1188,721,1909
344,593,937
615,1140,1755
499,582,1081
809,564,1373
936,918,1854
436,524,960
701,918,1619
751,576,1327
196,668,864
831,500,1331
1393,746,2139
874,796,1670
904,569,1473
1316,815,2131
964,691,1655
655,314,969
832,763,1595
803,834,1637
134,669,803
619,593,1212
467,714,1181
204,580,784
1100,732,1832
799,1879,2678
1092,539,1631
544,348,892
57,584,641
479,1943,2422
326,736,1062
419,464,883
109,851,960
430,1110,1540
261,478,739
457,849,1306
781,659,1440
353,870,1223
746,693,1439
440,1746,2186
430,999,1429
479,597,1076
478,569,1047
600,347,947
340,787,1127
571,1296,1867
194,990,1184
500,771,1271
333,944,1277
1653,517,2170
533,792,1325
532,766,1298
545,1142,1687
58,951,1009
543,681,1224
322,1147,1469
244,1249,1493
288,953,1241
319,671,990
1732,887,2619
310,968,1278
533,785,1318
1545,964,2509
693,659,1352
349,847,1196
832,377,1209
597,653,1250
569,381,950
818,1328,2146
960,1177,2137
381,1027,1408
635,975,1610
1228,1065,2293
542,1287,1829
135,1492,1627
565,464,1029
708,1423,2131
698,1305,2003
270,1535,1805
767,465,1232
453,1317,1770
1027,1048,2075
444,422,866
636,1322,1958
783,1209,1992
738,1404,2142
769,1069,1838
656,1192,1848
457,474,931
262,1371,1633
1271,466,1737
946,543,1489
581,1419,2000
821,1225,2046
1005,1289,2294
645,1287,1932
347,592,939
1362,565,1927
366,595,961
461,1295,1756
92,895,987
1204,576,1780
388,618,1006
915,1192,2107
1263,858,2121
669,1679,2348
1001,532,1533
1181,415,1596
1238,774,2012
920,1884,2804
1134,592,1726
211,622,833
890,773,1663
1057,868,1925
1063,1568,2631
222,825,1047
456,630,1086
700,886,1586
1073,668,1741
557,823,1380
482,538,1020
997,752,1749
559,1114,1673
612,583,1195
201,541,742
1107,706,1813
47,645,692
1473,683,2156
672,549,1221
241,530,771
1095,1210,2305
329,857,1186
398,438,836
1194,1090,2284
1114,656,1770
424,399,823
490,751,1241
1270,1092,2362
491,327,818
334,983,1317
1785,480,2265
718,653,1371
218,1100,1318
515,853,1368
1337,1148,2485
704,782,1486
387,650,1037
1489,915,2404
454,793,1247
1657,354,2011
594,768,1362
936,865,1801
764,941,1705
617,992,1609
1094,1527,2621
39,780,819
485,1035,1520
349,1269,1618
775,1231,2006
431,1587,2018
96,898,994
82,669,751
1110,278,1388
126,782,908
471,741,1212
175,848,1023
361,886,1247
494,1192,1686
960,1097,2057
574,1473,2047
1046,899,1945
1153,683,1836
370,812,1182
879,1420,2299
675,815,1490
290,575,865
509,950,1459
1221,790,2011
580,895,1475
780,433,1213
943,683,1626
618,1010,1628
632,351,983
1056,517,1573
632,438,1070
652,768,1420
323,781,1104
1001,629,1630
595,781,1376
788,758,1546
936,676,1612
69,863,932
160,1651,1811
983,726,1709
723,421,1144
713,938,1651
337,1059,1396
906,448,1354
649,1121,1770
446,818,1264
651,670,1321
499,838,1337
237,1786,2023
321,1022,1343
1226,679,1905
449,715,1164
679,692,1371
382,493,875
563,994,1557
279,1119,1398
639,1138,1777
618,1050,1668
1015,725,1740
196,2005,2201
835,846,1681
489,736,1225
978,797,1775
281,657,938
703,893,1596
696,1491,2187
694,525,1219
293,866,1159
608,975,1583
406,836,1242
904,770,1674
1545,1016,2561
369,878,1247
400,888,1288
1475,1080,2555
886,669,1555
681,1726,2407
1726,891,2617
771,1399,2170
549,777,1326
959,636,1595
660,1345,2005
632,1329,1961
547,770,1317
491,806,1297
1168,552,1720
958,1371,2329
655,640,1295
223,985,1208
803,1071,1874
483,1346,1829
745,601,1346
509,1396,1905
1316,739,2055
644,546,1190
577,1144,1721
819,1297,2116
854,648,1502
741,1722,2463
909,773,1682
1211,680,1891
673,669,1342
1229,1032,2261
1131,443,1574
548,861,1409
1250,507,1757
873,754,1627
281,316,597
893,1105,1998
566,1052,1618
1141,996,2137
351,623,974
878,597,1475
588,1185,1773
391,627,1018
1162,427,1589
718,1308,2026
565,1354,1919
496,373,869
1434,636,2070
548,1051,1599
496,680,1176
707,936,1643
631,1468,2099
886,1437,2323
409,643,1052
979,938,1917
803,671,1474
94,348,442
611,688,1299
953,708,1661
301,826,1127
1264,671,1935
741,847,1588
967,503,1470
645,793,1438
415,1427,1842
405,1164,1569
563,967,1530
195,699,894
478,464,942
148,706,854
453,729,1182
523,389,912
1588,1644,3232
666,1203,1869
485,1290,1775
939,947,1886
563,1333,1896
379,698,1077
400,627,1027
800,1001,1801
154,537,691
323,396,719
1051,2029,3080
657,818,1475
652,1526,2178
1300,2004,3304
670,724,1394
635,676,1311
1462,998,2460
180,1191,1371
184,592,776
662,1505,2167
807,505,1312
1136,1258,2394
739,516,1255
840,590,1430
765,748,1513
1999,496,2495
47,1197,1244
530,1001,1531
737,1853,2590
1300,1404,2704
705,980,1685
1179,1671,2850
971,342,1313
1384,1318,2702
525,1136,1661
1494,629,2123
974,655,1629
1000,815,1815
362,894,1256
325,1774,2099
1311,998,2309
861,595,1456
654,743,1397
618,539,1157
986,731,1717
1600,704,2304
470,697,1167
1357,488,1845
560,1874,2434
895,604,1499
137,676,813
426,871,1297
1236,1083,2319
458,422,880
1175,445,1620
857,852,1709
927,1160,2087
1036,1548,2584
616,553,1169
1032,633,1665
563,1172,1735
287,1405,1692
657,285,942
324,888,1212
808,722,1530
609,922,1531
498,796,1294
536,758,1294
267,484,751
562,667,1229
964,610,1574
397,2297,2694
448,402,850
955,610,1565
1546,498,2044
913,1284,2197
1551,841,2392
693,663,1356
999,654,1653
1164,1943,3107
329,1032,1361
386,708,1094
509,360,869
107,793,900
815,1310,2125
557,453,1010
1774,1134,2908
575,620,1195
188,906,1094
1276,1848,3124
555,1321,1876
432,440,872
712,1465,2177
204,782,986
549,1294,1843
609,460,1069
1441,1218,2659
343,1094,1437
2215,963,3178
318,447,765
717,1209,1926
394,1237,1631
546,679,1225
426,570,996
912,549,1461
637,830,1467
383,1408,1791
592,620,1212
1051,465,1516
654,1457,2111
375,463,838
746,1370,2116
479,446,925
1668,738,2406
1098,1125,2223
447,1388,1835
635,758,1393
676,607,1283
1035,319,1354
333,626,959
803,1398,2201
1774,837,2611
1318,960,2278
248,589,837
592,1150,1742
873,784,1657
270,610,880
390,441,831
389,1447,1836
844,420,1264
384,702,1086
361,617,978
330,570,900
181,673,854
1160,581,1741
233,567,800
227,1006,1233
1083,1325,2408
1026,800,1826
688,460,1148
477,619,1096
564,554,1118
1060,1343,2403
1214,734,1948
540,887,1427
610,588,1198
1224,728,1952
1240,1217,2457
548,577,1125
1170,996,2166
1039,897,1936
694,656,1350
709,969,1678
498,644,1142
984,836,1820
214,465,679
455,726,1181
104,728,832
1162,1705,2867
1126,572,1698
407,601,1008
764,1175,1939
352,1197,1549
444,1029,1473
246,1652,1898
506,1261,1767
477,744,1221
452,1155,1607
180,1173,1353
683,1293,1976
1402,1496,2898
879,892,1771
500,1110,1610
633,846,1479
535,1317,1852
620,890,1510
426,712,1138
556,1047,1603
1276,909,2185
805,1595,2400
708,1206,1914
289,1262,1551
641,1036,1677
695,830,1525
1409,978,2387
910,1175,2085
332,634,966
1148,1131,2279
453,928,1381
577,637,1214
912,583,1495
749,697,1446
1113,822,1935
528,616,1144
1287,431,1718
1270,956,2226
1173,682,1855
361,1334,1695
993,709,1702
1158,740,1898
771,644,1415
1032,755,1787
880,1366,2246
685,352,1037
1418,659,2077
1142,551,1693
1101,417,1518
785,642,1427
1036,896,1932
1007,592,1599
605,941,1546
1242,737,1979
398,1905,2303
132,426,558
820,753,1573
828,635,1463
137,611,748
35,635,670
719,860,1579
945,619,1564
915,879,1794
885,1625,2510
693,946,1639
170,502,672
26,594,620
952,1176,2128
419,647,1066
160,797,957
348,501,849
378,650,1028
190,569,759
813,757,1570
207,779,986
1203,981,2184
253,582,835
625,463,1088
1240,1266,2506
428,707,1135
414,960,1374
476,425,901
780,503,1283
715,1207,1922
931,475,1406
510,434,944
324,687,1011
531,511,1042
161,586,747
480,401,881
501,625,1126
563,602,1165
370,1137,1507
168,993,1161
155,705,860
429,883,1312
337,405,742
774,311,1085
508,634,1142
197,753,950
295,367,662
182,497,679
441,622,1063
331,881,1212
187,1150,1337
1850,926,2776
557,862,1419
504,895,1399
1582,1314,2896
533,472,1005
255,482,737
163,639,802
253,1251,1504
224,1261,1485
430,589,1019
291,1250,1541
351,381,732
844,385,1229
429,1152,1581
505,473,978
135,639,774
587,590,1177
309,1551,1860
364,608,972
926,774,1700
598,1165,1763
398,614,1012
904,739,1643
563,620,1183
450,433,883
405,482,887
406,702,1108
264,754,1018
356,1852,2208
1000,1170,2170
668,1029,1697
1099,592,1691
339,631,970
464,699,1163
586,578,1164
740,508,1248
744,884,1628
1039,1589,2628
963,1292,2255
1112,759,1871
283,304,587
829,1215,2044
516,668,1184
260,861,1121
83,850,933
348,836,1184
1164,988,2152
1052,700,1752
331,525,856
1414,676,2090
168,908,1076
930,1608,2538
367,445,812
308,1208,1516
376,605,981
259,447,706
879,1166,2045
926,729,1655
372,702,1074
749,841,1590
224,904,1128
399,915,1314
120,900,1020
676,683,1359
519,888,1407
1162,740,1902
682,752,1434
1183,591,1774
391,834,1225
644,1121,1765
1643,1159,2802
611,757,1368
514,1032,1546
846,414,1260
295,887,1182
332,1020,1352
575,770,1345
566,663,1229
815,649,1464
546,1152,1698
1529,1134,2663
840,803,1643
895,570,1465
930,925,1855
463,665,1128
726,632,1358
1094,849,1943
823,914,1737
921,781,1702
890,430,1320
694,665,1359
1091,454,1545
466,541,1007
634,948,1582
526,1042,1568
715,746,1461
689,644,1333
649,575,1224
817,921,1738
615,619,1234
857,335,1192
1320,1132,2452
949,445,1394
523,1006,1529
637,500,1137
403,649,1052
223,870,1093
567,923,1490
266,445,711
634,516,1150
676,922,1598
244,450,694
1064,1281,2345
477,622,1099
680,1088,1768
375,716,1091
417,865,1282
660,1019,1679
526,660,1186
866,566,1432
430,301,731
507,728,1235
789,691,1480
320,480,800
500,806,1306
387,975,1362
804,678,1482
587,568,1155
752,740,1492
393,548,941
772,480,1252
167,817,984
362,500,862
311,969,1280
967,1017,1984
810,691,1501
726,639,1365
609,860,1469
742,618,1360
611,579,1190
702,1807,2509
373,679,1052
265,566,831
1003,1401,2404
429,879,1308
220,609,829
579,343,922
790,443,1233
1047,763,1810
667,433,1100
287,638,925
1146,1172,2318
546,755,1301
1059,1233,2292
387,628,1015
594,629,1223
356,711,1067
892,947,1839
473,525,998
192,729,921
502,1076,1578
760,2010,2770
487,519,1006
662,710,1372
668,584,1252
369,663,1032
738,312,1050
939,445,1384
806,699,1505
490,1008,1498
933,1569,2502
260,1063,1323
746,325,1071
651,1970,2621
676,481,1157
990,389,1379
628,493,1121
794,919,1713
770,381,1151
750,1073,1823
551,1778,2329
412,2401,2813
578,2066,2644
1021,364,1385
846,1981,2827
501,1917,2418
1133,1507,2640
641,952,1593
844,398,1242
1876,748,2624
1633,1609,3242
1988,558,2546
585,406,991
1110,1538,2648
1862,1639,3501
357,420,777
184,1422,1606
2625,742,3367
777,665,1442
623,1397,2020
1411,732,2143
1318,338,1656
1161,1515,2676
431,749,1180
918,536,1454
738,655,1393
1168,1540,2708
200,888,1088
960,904,1864
322,1207,1529
1676,808,2484
1321,494,1815
125,958,1083
1872,811,2683
1339,681,2020
278,852,1130
165,1083,1248
1238,850,2088
763,886,1649
489,505,994
1562,561,2123
415,863,1278
364,1204,1568
490,819,1309
1530,548,2078
759,471,1230
433,1089,1522
385,750,1135
495,694,1189
1230,580,1810
511,608,1119
663,1137,1800
252,826,1078
577,784,1361
937,361,1298
957,561,1518
186,872,1058
529,1232,1761
1399,628,2027
1020,644,1664
501,559,1060
785,612,1397
894,523,1417
842,355,1197
649,600,1249
721,671,1392
446,639,1085
487,498,985
780,1000,1780
583,943,1526
623,538,1161
340,877,1217
377,828,1205
1041,869,1910
658,660,1318
543,395,938
540,766,1306
1123,621,1744
681,475,1156
118,452,570
329,1067,1396
814,561,1375
389,630,1019
617,1136,1753
596,416,1012
595,652,1247
698,870,1568
138,416,554
551,657,1208
543,914,1457
225,2577,2802
540,721,1261
360,382,742
674,1328,2002
181,614,795
834,532,1366
614,1035,1649
562,1232,1794
158,692,850
607,810,1417
395,2536,2931
82,803,885
343,471,814
205,499,704
177,808,985
777,1244,2021
169,1067,1236
265,1043,1308
475,871,1346
644,798,1442
295,1296,1591
499,1154,1653
551,1329,1880
466,1118,1584
233,3329,3562
335,1424,1759
139,1683,1822
1111,1356,2467
655,1092,1747
512,1333,1845
774,1119,1893
386,1156,1542
619,1035,1654
654,3120,3774
317,1479,1796
749,1137,1886
2499,1255,3754
1393,1243,2636
855,1294,2149
866,1146,2012
994,778,1772
2822,1009,3831
809,956,1765
506,1297,1803
661,1116,1777
3079,436,3515
884,1260,2144
796,1086,1882
476,1188,1664
936,392,1328
1142,800,1942
738,1100,1838
512,810,1322
1344,718,2062
897,1365,2262
757,654,1411
892,568,1460
615,1641,2256
918,378,1296
551,779,1330
755,739,1494
933,573,1506
591,1527,2118
244,892,1136
965,360,1325
1198,642,1840
1299,1043,2342
346,760,1106
556,482,1038
305,590,895
749,945,1694
353,1328,1681
991,603,1594
959,859,1818
1042,480,1522
698,1043,1741
542,900,1442
1354,547,1901
287,591,878
591,943,1534
537,647,1184
763,451,1214
558,426,984
1085,448,1533
854,952,1806
762,331,1093
665,558,1223
286,782,1068
460,564,1024
558,558,1116
718,1061,1779
469,2941,3410
669,485,1154
1007,1155,2162
878,352,1230
602,921,1523
406,1313,1719
519,780,1299
289,339,628
234,689,923
258,753,1011
866,1143,2009
765,560,1325
398,967,1365
751,1190,1941
551,441,992
240,622,862
359,630,989
156,979,1135
214,697,911
267,626,893
413,1005,1418
960,1038,1998
599,960,1559
851,873,1724
326,968,1294
498,683,1181
424,474,898
1051,707,1758
634,716,1350
758,412,1170
374,590,964
860,543,1403
558,830,1388
442,446,888
148,712,860
980,569,1549
1161,660,1821
433,1202,1635
828,417,1245
710,335,1045
834,300,1134
534,516,1050
193,1035,1228
603,583,1186
600,768,1368
641,471,1112
290,473,763
670,515,1185
438,484,922
1038,604,1642
521,874,1395
899,1100,1999
54,512,566
683,1256,1939
444,683,1127
367,449,816
287,337,624
660,916,1576
640,1508,2148
630,1203,1833
482,465,947
373,307,680
453,513,966
659,1203,1862
338,474,812
617,749,1366
899,907,1806
430,344,774
203,450,653
429,1121,1550
484,564,1048
1045,805,1850
981,592,1573
296,938,1234
156,758,914
153,355,508
868,755,1623
510,1028,1538
309,858,1167
200,525,725
1029,944,1973
381,4641,5022
451,271,722
654,899,1553
989,1058,2047
773,4222,4995
390,510,900
1073,806,1879
1226,3813,5039
612,835,1447
435,539,974
550,883,1433
539,500,1039
526,690,1216
409,962,1371
2333,2180,4513
1432,452,1884
621,703,1324
456,1095,1551
757,724,1481
832,1018,1850
512,836,1348
823,848,1671
54,660,714
226,450,676
966,696,1662
1104,902,2006
568,569,1137
3916,261,4177
760,618,1378
346,406,752
278,811,1089
764,699,1463
713,534,1247
929,598,1527
956,412,1368
3749,393,4142
392,405,797
881,329,1210
313,632,945
1064,323,1387
390,478,868
670,521,1191
666,641,1307
614,715,1329
708,841,1549
569,356,925
985,402,1387
2456,510,2966
119,1325,1444
448,859,1307
56,457,513
843,479,1322
812,777,1589
1014,325,1339
63,415,478
1211,142,1353
741,475,1216
572,940,1512
859,671,1530
17,479,496
54,757,811
693,1036,1729
90,781,871
830,800,1630
32,611,643
176,674,850
37,501,538
133,879,1012
969,755,1724
284,398,682
80,943,1023
29,848,877
1326,428,1754
116,645,761
296,498,794
547,564,1111
767,575,1342
197,575,772
306,585,891
69,842,911
637,635,1272
83,1331,1414
343,763,1106
80,655,735
406,436,842
703,451,1154
214,988,1202
374,721,1095
581,759,1340
767,651,1418
21,1333,1354
499,737,1236
183,675,858
211,837,1048
307,1230,1537
26,1118,1144
565,833,1398
464,627,1091
315,714,1029
150,1076,1226
749,553,1302
393,462,855
448,1150,1598
420,1146,1566
413,791,1204
301,1331,1632
477,995,1472
364,755,1119
485,610,1095
828,487,1315
913,713,1626
487,592,1079
640,748,1388
315,1060,1375
309,728,1037
377,753,1130
599,311,910
1159,402,1561
263,1031,1294
854,914,1768
551,590,1141
563,568,1131
390,1408,1798
783,760,1543
679,1016,1695
409,620,1029
614,790,1404
300,916,1216
1204,904,2108
498,552,1050
757,645,1402
1022,993,2015
444,612,1056
603,458,1061
290,1076,1366
475,746,1221
435,766,1201
753,532,1285
585,704,1289
1056,210,1266
930,495,1425
921,1254,2175
796,632,1428
651,1158,1809
640,225,865
904,503,1407
1136,1331,2467
502,912,1414
653,238,891
531,1168,1699
673,1148,1821
783,602,1385
480,509,989
246,1031,1277
1339,1174,2513
657,612,1269
724,639,1363
180,252,432
798,1482,2280
678,1007,1685
961,617,1578
260,450,710
270,1465,1735
1150,975,2125
503,745,1248
356,920,1276
104,420,524
302,588,890
855,1578,2433
1009,787,1796
490,468,958
1084,582,1666
516,904,1420
514,825,1339
84,489,573
962,623,1585
897,736,1633
149,651,800
284,344,628
347,1316,1663
230,728,958
428,765,1193
701,699,1400
882,823,1705
894,558,1452
468,575,1043
670,695,1365
1065,1406,2471
812,1220,2032
174,634,808
341,330,671
496,968,1464
652,598,1250
1265,1027,2292
407,512,919
446,537,983
1481,864,2345
1348,917,2265
423,518,941
526,917,1443
939,823,1762
822,2679,3501
406,917,1323
514,1111,1625
1299,726,2025
819,536,1355
663,649,1312
259,606,865
582,479,1061
750,439,1189
836,984,1820
151,804,955
1274,777,2051
285,1004,1289
490,542,1032
467,771,1238
555,806,1361
526,537,1063
517,691,1208
998,927,1925
660,502,1162
912,197,1109
389,1126,1515
664,772,1436
736,797,1533
910,244,1154
419,511,930
388,666,1054
787,757,1544
961,386,1347
666,439,1105
610,873,1483
558,1067,1625
908,3475,4383
477,442,919
688,481,1169
699,507,1206
598,793,1391
734,544,1278
293,1037,1330
117,667,784
346,1273,1619
848,794,1642
258,568,826
926,759,1685
1010,1148,2158
477,912,1389
637,778,1415
622,3417,4039
357,976,1333
347,557,904
732,739,1471
945,765,1710
513,1478,1991
277,1032,1309
621,1281,1902
528,930,1458
1135,467,1602
487,1910,2397
65,1267,1332
306,924,1230
435,653,1088
440,1221,1661
518,3511,4029
263,1126,1389
785,445,1230
942,994,1936
558,472,1030
355,1806,2161
568,386,954
864,354,1218
690,826,1516
1260,1008,2268
1061,532,1593
582,1167,1749
1841,484,2325
411,635,1046
920,562,1482
636,1484,2120
561,438,999
1666,516,2182
810,508,1318
408,930,1338
1072,864,1936
841,420,1261
1239,577,1816
404,789,1193
901,606,1507
113,375,488
911,359,1270
411,1111,1522
138,515,653
681,481,1162
2322,1679,4001
58,204,262
652,495,1147
585,1273,1858
3199,1647,4846
1093,329,1422
149,354,503
935,327,1262
1092,560,1652
99,195,294
307,1840,2147
68,571,639
39,971,1010
376,1191,1567
137,742,879
3222,1296,4518
116,794,910
204,560,764
1608,1342,2950
70,1041,1111
35,995,1030
1789,371,2160
200,736,936
389,824,1213
286,569,855
1045,391,1436
838,1890,2728
651,1157,1808
446,927,1373
1008,1888,2896
324,754,1078
154,961,1115
813,455,1268
1152,317,1469
1479,1031,2510
1083,463,1546
423,737,1160
657,492,1149
195,997,1192
91,1070,1161
751,819,1570
708,921,1629
291,453,744
110,1639,1749
732,327,1059
451,687,1138
857,608,1465
357,948,1305
1035,916,1951
750,1148,1898
917,792,1709
1366,729,2095
276,630,906
807,551,1358
627,792,1419
232,800,1032
504,973,1477
193,1721,1914
988,1080,2068
807,967,1774
850,727,1577
269,2023,2292
615,972,1587
651,696,1347
905,687,1592
373,943,1316
111,1795,1906
744,1004,1748
650,668,1318
651,784,1435
422,1008,1430
555,583,1138
952,944,1896
134,859,993
614,858,1472
146,1862,2008
702,528,1230
430,832,1262
891,478,1369
1499,839,2338
714,973,1687
885,1012,1897
479,602,1081
700,824,1524
601,564,1165
1471,1189,2660
187,2068,2255
727,911,1638
587,1263,1850
714,352,1066
355,862,1217
789,1059,1848
768,1134,1902
1864,815,2679
309,2285,2594
664,559,1223
697,761,1458
705,1058,1763
509,684,1193
679,787,1466
965,785,1750
525,1180,1705
367,796,1163
727,716,1443
1902,784,2686
850,738,1588
656,686,1342
150,754,904
615,934,1549
1974,786,2760
985,764,1749
1199,409,1608
692,544,1236
778,1058,1836
488,727,1215
1126,392,1518
744,1200,1944
382,833,1215
1272,423,1695
797,592,1389
429,856,1285
983,434,1417
883,357,1240
906,403,1309
765,188,953
2479,212,2691
757,840,1597
975,653,1628
878,290,1168
943,1556,2499
963,434,1397
1349,432,1781
668,649,1317
1247,694,1941
812,661,1473
886,720,1606
103,651,754
1099,477,1576
847,548,1395
134,524,658
164,498,662
61,490,551
145,715,860
806,837,1643
79,675,754
1544,305,1849
28,564,592
899,1926,2825
176,684,860
117,489,606
1018,1279,2297
200,686,886
96,938,1034
1358,339,1697
260,687,947
95,719,814
139,677,816
466,848,1314
82,575,657
188,868,1056
128,640,768
460,679,1139
545,679,1224
469,698,1167
237,585,822
700,662,1362
356,478,834
537,567,1104
129,914,1043
680,2233,2913
1004,1175,2179
629,769,1398
537,853,1390
241,839,1080
339,342,681
516,859,1375
875,311,1186
399,476,875
769,469,1238
233,1582,1815
420,899,1319
416,898,1314
380,1309,1689
668,1313,1981
831,1127,1958
545,476,1021
207,1178,1385
611,1242,1853
701,705,1406
427,1093,1520
504,558,1062
619,1068,1687
103,1074,1177
779,842,1621
542,1145,1687
1315,1809,3124
569,663,1232
1233,746,1979
623,415,1038
115,575,690
751,667,1418
456,466,922
1195,431,1626
400,938,1338
321,575,896
143,898,1041
1874,1796,3670
1244,712,1956
685,692,1377
567,492,1059
1013,511,1524
633,883,1516
484,575,1059
486,458,944
935,897,1832
357,782,1139
614,719,1333
373,649,1022
1038,1158,2196
380,946,1326
1030,575,1605
542,474,1016
900,764,1664
318,850,1168
760,642,1402
594,396,990
1076,753,1829
852,447,1299
2167,1559,3726
611,620,1231
231,594,825
705,644,1349
640,939,1579
59,1126,1185
704,619,1323
436,632,1068
1611,1479,3090
918,1251,2169
413,469,882
176,1004,1180
1035,1317,2352
454,937,1391
442,643,1085
336,893,1229
499,592,1091
1694,1139,2833
204,470,674
524,739,1263
152,660,812
321,793,1114
721,1137,1858
456,1313,1769
565,599,1164
448,818,1266
941,516,1457
329,1034,1363
485,508,993
623,978,1601
527,942,1469
346,624,970
993,1009,2002
1055,902,1957
537,504,1041
592,1182,1774
267,607,874
389,1184,1573
327,1413,1740
380,776,1156
1117,372,1489
1456,1102,2558
792,733,1525
1438,473,1911
871,945,1816
1529,1057,2586
289,442,731
226,1204,1430
852,846,1698
604,442,1046
801,346,1147
611,1230,1841
1034,689,1723
496,598,1094
498,619,1117
931,732,1663
723,1254,1977
829,1033,1862
567,337,904
1336,582,1918
849,522,1371
805,383,1188
1130,599,1729
1015,441,1456
1034,1016,2050
1123,680,1803
73,464,537
956,915,1871
634,702,1336
1171,280,1451
830,1225,2055
743,702,1445
463,419,882
617,855,1472
211,644,855
123,649,772
462,458,920
708,1494,2202
295,662,957
1223,698,1921
26,194,220
125,551,676
327,685,1012
616,880,1496
870,1302,2172
75,345,420
132,940,1072
405,645,1050
402,824,1226
304,853,1157
49,466,515
933,584,1517
1075,794,1869
380,567,947
156,338,494
451,264,715
772,1624,2396
695,523,1218
408,834,1242
342,1350,1692
734,849,1583
795,1232,2027
755,773,1528
417,594,1011
216,651,867
929,868,1797
290,1018,1308
1065,1258,2323
298,837,1135
541,1157,1698
642,624,1266
496,797,1293
485,589,1074
355,1203,1558
456,1849,2305
1401,1034,2435
925,1839,2764
1087,1008,2095
755,898,1653
911,903,1814
414,1023,1437
594,1479,2073
532,1982,2514
423,2028,2451
989,1008,1997
707,944,1651
1198,1485,2683
767,944,1711
952,476,1428
444,544,988
631,1702,2333
703,534,1237
952,1495,2447
568,901,1469
107,1656,1763
467,1340,1807
199,1444,1643
1371,1299,2670
840,506,1346
95,1783,1878
597,696,1293
141,1790,1931
542,1865,2407
1957,650,2607
407,1425,1832
1428,1074,2502
247,1546,1793
741,2065,2806
1464,365,1829
221,1686,1907
153,1801,1954
851,484,1335
1491,411,1902
192,1638,1830
1508,630,2138
1138,776,1914
944,1464,2408
332,1666,1998
1226,471,1697
648,1243,1891
1561,948,2509
1130,490,1620
1182,1573,2755
341,1791,2132
1440,462,1902
1605,1176,2781
1588,535,2123
1627,914,2541
114,467,581
1183,1066,2249
1402,608,2010
166,561,727
1646,1084,2730
1336,1182,2518
171,829,1000
1889,921,2810
1707,1166,2873
1151,1044,2195
1353,1105,2458
98,653,751
1846,852,2698
237,727,964
57,657,714
1400,1052,2452
259,846,1105
166,618,784
1532,989,2521
272,520,792
689,455,1144
177,725,902
686,479,1165
488,550,1038
356,648,1004
2258,619,2877
363,694,1057
401,907,1308
1633,1351,2984
613,783,1396
340,1370,1710
452,705,1157
226,908,1134
843,520,1363
131,1120,1251
112,781,893
596,853,1449
685,663,1348
337,811,1148
865,998,1863
483,967,1450
603,676,1279
193,1503,1696
220,993,1213
524,1013,1537
577,973,1550
564,508,1072
511,771,1282
200,669,869
403,1438,1841
436,1234,1670
508,1091,1599
798,817,1615
161,1097,1258
387,952,1339
1131,961,2092
881,236,1117
727,320,1047
586,581,1167
43,1019,1062
191,963,1154
1280,566,1846
961,980,1941
796,353,1149
380,841,1221
852,346,1198
935,265,1200
420,1066,1486
153,1978,2131
226,1017,1243
1312,569,1881
1393,505,1898
950,344,1294
1225,647,1872
596,1016,1612
821,1097,1918
980,374,1354
441,1726,2167
881,639,1520
1020,333,1353
1033,970,2003
705,1102,1807
1007,401,1408
1063,497,1560
989,876,1865
950,555,1505
196,496,692
253,483,736
977,704,1681
122,635,757
189,468,657
744,800,1544
229,490,719
119,605,724
859,1879,2738
195,473,668
775,1232,2007
1023,474,1497
1087,912,1999
195,576,771
1007,427,1434
914,911,1825
427,652,1079
383,336,719
96,973,1069
156,1014,1170
367,466,833
88,914,1002
194,759,953
267,466,733
187,570,757
114,1242,1356
383,904,1287
1828,1065,2893
130,945,1075
442,754,1196
478,635,1113
262,478,740
135,1209,1344
492,985,1477
298,820,1118
1598,1695,3293
380,933,1313
709,841,1550
548,750,1298
274,928,1202
739,659,1398
397,843,1240
1786,1324,3110
265,1130,1395
209,1149,1358
212,756,968
885,1131,2016
352,1003,1355
796,812,1608
604,432,1036
1549,468,2017
742,1026,1768
530,424,954
520,547,1067
1212,396,1608
1165,737,1902
1050,534,1584
678,436,1114
1041,322,1363
443,641,1084
411,1099,1510
543,688,1231
727,1333,2060
868,794,1662
987,739,1726
195,947,1142
478,1398,1876
291,340,631
659,859,1518
534,926,1460
659,491,1150
235,486,721
627,1322,1949
780,843,1623
205,1410,1615
512,705,1217
676,418,1094
848,754,1602
956,733,1689
265,772,1037
108,443,551
822,742,1564
356,904,1260
340,588,928
161,554,715
700,404,1104
437,701,1138
839,461,1300
370,424,794
944,531,1475
736,427,1163
712,1071,1783
506,644,1150
358,723,1081
661,969,1630
476,2572,3048
620,590,1210
1215,609,1824
528,1053,1581
516,2571,3087
585,1347,1932
1174,982,2156
378,837,1215
666,396,1062
386,2507,2893
1206,1013,2219
646,766,1412
341,898,1239
579,447,1026
1244,979,2223
446,882,1328
366,455,821
521,743,1264
904,940,1844
251,797,1048
449,968,1417
803,670,1473
2339,267,2606
337,922,1259
629,1034,1663
374,906,1280
649,884,1533
2354,592,2946
516,464,980
365,912,1277
663,1173,1836
515,860,1375
1234,703,1937
40,1037,1077
863,930,1793
2393,602,2995
455,992,1447
546,484,1030
934,886,1820
96,695,791
1042,722,1764
736,442,1178
765,958,1723
693,454,1147
222,447,669
771,964,1735
994,632,1626
509,1033,1542
285,505,790
604,944,1548
1010,736,1746
517,1043,1560
327,388,715
750,615,1365
832,897,1729
584,909,1493
426,425,851
19,765,784
495,894,1389
901,768,1669
514,751,1265
57,1659,1716
676,1068,1744
466,282,748
918,672,1590
549,1235,1784
616,815,1431
149,447,596
324,825,1149
483,682,1165
786,737,1523
511,681,1192
624,963,1587
810,811,1621
552,1039,1591
650,1208,1858
26,123,149
882,811,1693
360,824,1184
842,1416,2258
698,1004,1702
386,700,1086
888,761,1649
596,1047,1643
725,990,1715
463,665,1128
887,875,1762
982,706,1688
428,903,1331
946,1171,2117
71,346,417
562,746,1308
743,1052,1795
303,998,1301
844,949,1793
792,1150,1942
617,554,1171
926,625,1551
303,514,817
718,645,1363
290,378,668
1596,635,2231
478,466,944
731,997,1728
275,532,807
934,528,1462
453,820,1273
941,1008,1949
673,1339,2012
862,506,1368
1012,1414,2426
579,1454,2033
502,1157,1659
1202,463,1665
1151,1515,2666
383,1014,1397
581,1504,2085
1057,749,1806
514,450,964
872,513,1385
431,729,1160
1173,805,1978
1103,209,1312
756,805,1561
430,1162,1592
418,1796,2214
53,1533,1586
708,1031,1739
349,790,1139
483,692,1175
292,905,1197
352,906,1258
401,722,1123
713,885,1598
1095,770,1865
406,761,1167
904,920,1824
534,917,1451
1347,772,2119
565,882,1447
690,555,1245
228,919,1147
1088,663,1751
987,1454,2441
782,545,1327
971,759,1730
1086,605,1691
813,506,1319
903,990,1893
1380,1049,2429
770,709,1479
655,647,1302
659,541,1200
1030,1353,2383
448,1258,1706
552,509,1061
217,616,833
1390,1149,2539
1449,1338,2787
739,959,1698
1523,1339,2862
633,806,1439
802,1018,1820
803,939,1742
399,795,1194
553,1157,1710
717,522,1239
1361,1129,2490
718,1425,2143
1101,274,1375
533,765,1298
921,866,1787
1239,877,2116
1007,270,1277
941,354,1295
879,672,1551
457,274,731
991,356,1347
1070,419,1489
81,290,371
689,408,1097
800,332,1132
222,287,509
677,783,1460
448,1363,1811
253,295,548
494,2353,2847
739,1524,2263
423,823,1246
797,747,1544
157,2521,2678
100,350,450
712,1553,2265
1293,814,2107
366,1341,1707
740,2137,2877
523,1712,2235
607,378,985
804,958,1762
588,1751,2339
504,2235,2739
139,671,810
275,371,646
641,818,1459
527,1457,1984
1188,1874,3062
534,1434,1968
310,707,1017
1285,801,2086
643,2103,2746
1036,1746,2782
1252,785,2037
209,810,1019
676,828,1504
2435,665,3100
772,1110,1882
119,1060,1179
473,721,1194
129,687,816
665,1560,2225
2162,844,3006
1401,520,1921
1479,723,2202
1971,1041,3012
493,725,1218
588,536,1124
534,725,1259
1821,865,2686
757,898,1655
166,1171,1337
2066,678,2744
649,627,1276
394,2398,2792
1499,1019,2518
662,518,1180
681,2478,3159
948,927,1875
79,970,1049
241,1321,1562
1450,651,2101
873,387,1260
693,754,1447
768,740,1508
1491,1049,2540
246,720,966
2059,1104,3163
511,1111,1622
1558,937,2495
454,1137,1591
561,702,1263
588,545,1133
824,847,1671
255,907,1162
172,1716,1888
493,713,1206
2277,1041,3318
799,663,1462
603,1090,1693
951,878,1829
840,494,1334
419,721,1140
374,1038,1412
309,1081,1390
973,442,1415
301,612,913
2388,710,3098
761,767,1528
587,535,1122
443,718,1161
456,944,1400
347,534,881
586,536,1122
587,1045,1632
371,379,750
1238,791,2029
924,857,1781
550,855,1405
557,1043,1600
633,1629,2262
1056,1020,2076
767,845,1612
435,558,993
681,873,1554
421,382,803
376,1032,1408
874,855,1729
674,1000,1674
885,2011,2896
754,862,1616
620,702,1322
895,1003,1898
1535,1446,2981
565,1047,1612
181,421,602
704,720,1424
1431,1082,2513
595,1037,1632
210,621,831
559,493,1052
632,925,1557
744,809,1553
814,741,1555
295,1257,1552
910,655,1565
655,1145,1800
1986,441,2427
252,639,891
131,811,942
754,451,1205
1326,544,1870
314,674,988
166,1033,1199
540,808,1348
406,731,1137
822,1271,2093
986,848,1834
993,592,1585
760,736,1496
735,1951,2686
816,518,1334
918,1137,2055
402,869,1271
802,1974,2776
664,717,1381
902,1309,2211
569,478,1047
1007,1788,2795
336,725,1061
500,502,1002
632,940,1572
652,721,1373
593,627,1220
56,616,672
672,1041,1713
1788,720,2508
225,1040,1265
95,634,729
912,625,1537
1020,1094,2114
425,690,1115
298,781,1079
854,459,1313
305,820,1125
1899,388,2287
611,734,1345
363,456,819
1682,657,2339
941,1019,1960
567,995,1562
614,335,949
644,529,1173
1192,1035,2227
705,758,1463
333,971,1304
629,542,1171
509,1042,1551
562,586,1148
802,639,1441
43,345,388
968,838,1806
254,1155,1409
652,832,1484
550,600,1150
592,1944,2536
720,989,1709
623,879,1502
670,1898,2568
121,471,592
623,834,1457
757,589,1346
410,1018,1428
822,2217,3039
226,831,1057
794,740,1534
689,715,1404
1017,1387,2404
563,515,1078
45,790,835
471,1094,1565
543,1074,1617
709,2244,2953
158,1107,1265
985,730,1715
926,812,1738
1932,575,2507
617,352,969
244,986,1230
541,878,1419
1420,633,2053
417,941,1358
487,2296,2783
329,937,1266
636,769,1405
578,808,1386
424,2125,2549
157,670,827
862,431,1293
945,620,1565
650,651,1301
867,604,1471
728,453,1181
440,680,1120
785,867,1652
1909,642,2551
445,821,1266
212,1320,1532
874,317,1191
601,748,1349
604,980,1584
378,814,1192
853,1815,2668
923,918,1841
2302,506,2808
583,1642,2225
310,1352,1662
783,816,1599
2001,715,2716
566,1352,1918
253,983,1236
500,661,1161
724,498,1222
286,908,1194
595,450,1045
220,529,749
650,969,1619
562,941,1503
576,953,1529
443,348,791
708,1099,1807
657,586,1243
458,1045,1503
1008,754,1762
580,1627,2207
1248,754,2002
751,936,1687
461,842,1303
528,306,834
733,643,1376
821,571,1392
376,491,867
561,671,1232
635,595,1230
387,821,1208
1668,794,2462
686,972,1658
1560,902,2462
1331,548,1879
242,490,732
861,981,1842
384,600,984
519,842,1361
364,500,864
586,554,1140
531,604,1135
1547,934,2481
239,968,1207
621,658,1279
30,1328,1358
849,887,1736
762,516,1278
188,477,665
409,603,1012
237,474,711
272,1538,1810
225,621,846
812,435,1247
811,889,1700
454,960,1414
688,716,1404
815,377,1192
488,864,1352
677,1201,1878
424,488,912
560,1308,1868
858,556,1414
1226,894,2120
252,623,875
736,959,1695
411,559,970
361,856,1217
212,627,839
910,2136,3046
879,558,1437
503,625,1128
1432,457,1889
457,836,1293
716,416,1132
1016,566,1582
830,851,1681
465,598,1063
923,2116,3039
861,403,1264
757,946,1703
936,1743,2679
767,426,1193
980,3187,4167
779,984,1763
413,659,1072
844,991,1835
266,950,1216
248,416,664
297,778,1075
477,1405,1882
534,999,1533
327,444,771
2064,583,2647
618,840,1458
694,775,1469
520,970,1490
451,757,1208
949,888,1837
723,3182,3905
366,458,824
559,680,1239
950,555,1505
428,658,1086
962,410,1372
553,823,1376
418,3362,3780
353,942,1295
825,451,1276
489,997,1486
2142,790,2932
886,950,1836
436,649,1085
662,469,1131
497,3509,4006
243,1395,1638
730,813,1543
481,757,1238
3093,1169,4262
2061,580,2641
881,1198,2079
1234,1026,2260
374,848,1222
917,1135,2052
454,1870,2324
932,455,1387
609,1081,1690
685,1874,2559
3287,604,3891
999,749,1748
1380,978,2358
981,1005,1986
723,709,1432
1546,879,2425
474,500,974
838,741,1579
1166,904,2070
838,1096,1934
1692,665,2357
567,957,1524
3489,987,4476
1763,465,2228
520,1181,1701
227,1188,1415
1389,1298,2687
139,1205,1344
985,1532,2517
988,1203,2191
742,1003,1745
277,1162,1439
970,1290,2260
467,868,1335
426,932,1358
732,848,1580
459,945,1404
772,574,1346
778,588,1366
675,1052,1727
701,625,1326
1129,1305,2434
1062,322,1384
483,1103,1586
989,326,1315
730,273,1003
1028,352,1380
775,1422,2197
1096,493,1589
746,328,1074
641,320,961
1361,441,1802
759,467,1226
1016,1248,2264
1112,484,1596
946,411,1357
1124,840,1964
956,658,1614
296,517,813
801,393,1194
742,440,1182
442,483,925
43,395,438
787,382,1169
465,455,920
1347,567,1914
33,406,439
91,493,584
70,475,545
68,508,576
32,484,516
1080,727,1807
206,404,610
68,500,568
42,536,578
145,285,430
63,519,582
640,579,1219
293,321,614
153,405,558
187,347,534
323,530,853
192,387,579
628,167,795
282,321,603
206,487,693
501,459,960
499,374,873
566,2401,2967
145,179,324
793,1223,2016
823,808,1631
860,2665,3525
189,434,623
616,385,1001
277,600,877
357,602,959
141,357,498
530,713,1243
176,311,487
420,3042,3462
248,2864,3112
538,2596,3134
284,936,1220
139,525,664
372,2238,2610
388,767,1155
178,594,772
109,742,851
197,561,758
602,3124,3726
636,2729,3365
752,2644,3396
532,959,1491
167,725,892
372,2630,3002
180,843,1023
257,756,1013
180,734,914
186,920,1106
383,879,1262
534,2771,3305
2432,903,3335
333,804,1137
571,720,1291
740,2993,3733
252,834,1086
2463,884,3347
2970,963,3933
2334,811,3145
2610,876,3486
406,828,1234
190,851,1041
627,500,1127
700,802,1502
2505,670,3175
521,714,1235
472,637,1109
96,1595,1691
2151,1170,3321
2654,902,3556
457,807,1264
530,1370,1900
2746,801,3547
2938,831,3769
455,720,1175
857,1122,1979
699,480,1179
455,1007,1462
2533,1026,3559
1114,963,2077
265,1017,1282
567,994,1561
1193,359,1552
753,607,1360
420,712,1132
560,545,1105
511,857,1368
762,493,1255
610,1147,1757
526,1050,1576
2921,969,3890
904,732,1636
678,730,1408
1012,406,1418
290,1160,1450
226,676,902
533,567,1100
743,1493,2236
744,1031,1775
735,1141,1876
904,712,1616
164,545,709
915,843,1758
211,688,899
546,1400,1946
447,682,1129
643,1445,2088
601,1319,1920
603,1223,1826
739,657,1396
840,1237,2077
465,1574,2039
246,1075,1321
909,1271,2180
387,713,1100
642,635,1277
242,511,753
427,1236,1663
925,1095,2020
592,1029,1621
1371,705,2076
184,1466,1650
345,1076,1421
1138,1022,2160
391,652,1043
489,711,1200
680,985,1665
978,879,1857
489,868,1357
555,1010,1565
831,1023,1854
1082,856,1938
1123,820,1943
692,731,1423
1415,660,2075
1267,629,1896
637,1015,1652
583,886,1469
1132,470,1602
424,902,1326
935,612,1547
1140,819,1959
573,808,1381
1344,654,1998
710,638,1348
806,950,1756
991,674,1665
929,617,1546
532,1026,1558
741,595,1336
904,779,1683
938,798,1736
528,563,1091
798,774,1572
867,1609,2476
1002,967,1969
746,952,1698
709,1566,2275
494,952,1446
525,1150,1675
612,1591,2203
520,1035,1555
641,644,1285
599,641,1240
822,1032,1854
665,828,1493
599,582,1181
464,937,1401
859,862,1721
580,833,1413
1490,520,2010
689,703,1392
406,1157,1563
539,697,1236
943,578,1521
445,766,1211
780,823,1603
865,678,1543
664,625,1289
1351,472,1823
642,923,1565
873,661,1534
721,1120,1841
193,765,958
602,521,1123
178,802,980
990,958,1948
638,643,1281
402,648,1050
970,809,1779
546,1582,2128
911,1394,2305
231,936,1167
851,1036,1887
567,549,1116
564,662,1226
1422,649,2071
461,513,974
562,718,1280
612,854,1466
892,1491,2383
318,1786,2104
647,731,1378
528,1833,2361
352,1024,1376
796,544,1340
409,1075,1484
271,536,807
368,885,1253
754,706,1460
520,816,1336
834,1033,1867
1312,879,2191
551,1236,1787
545,733,1278
480,959,1439
1377,635,2012
404,809,1213
740,769,1509
591,1374,1965
243,1079,1322
387,1191,1578
319,696,1015
482,1243,1725
696,2073,2769
341,888,1229
637,645,1282
946,836,1782
1483,1337,2820
508,748,1256
660,669,1329
826,1035,1861
1618,441,2059
596,745,1341
1111,770,1881
739,897,1636
486,808,1294
1076,554,1630
1444,1067,2511
792,692,1484
830,791,1621
897,1225,2122
407,866,1273
554,717,1271
906,1445,2351
601,1034,1635
448,1433,1881
974,584,1558
469,890,1359
1302,1344,2646
558,1264,1822
786,421,1207
474,893,1367
727,703,1430
539,461,1000
1164,590,1754
1352,976,2328
1434,559,1993
598,1254,1852
932,1048,1980
1012,1171,2183
386,586,972
758,753,1511
1347,550,1897
585,465,1050
777,810,1587
1099,701,1800
678,557,1235
648,657,1305
247,904,1151
769,744,1513
1064,211,1275
591,656,1247
996,822,1818
587,1526,2113
463,223,686
769,511,1280
577,590,1167
333,991,1324
224,1061,1285
220,613,833
1048,773,1821
784,858,1642
789,708,1497
844,1140,1984
721,2123,2844
730,730,1460
815,951,1766
930,536,1466
447,848,1295
723,890,1613
492,1357,1849
490,2018,2508
454,608,1062
1322,713,2035
831,314,1145
355,1088,1443
789,348,1137
1014,737,1751
613,947,1560
373,1258,1631
722,368,1090
796,1833,2629
696,1047,1743
120,502,622
779,863,1642
477,1180,1657
1255,491,1746
181,633,814
548,245,793
574,1034,1608
1733,704,2437
737,713,1450
850,1067,1917
663,1701,2364
489,463,952
952,1585,2537
588,1188,1776
715,886,1601
1768,795,2563
832,659,1491
370,1133,1503
1310,710,2020
226,641,867
673,571,1244
1042,1293,2335
503,1444,1947
478,988,1466
649,520,1169
1748,983,2731
57,1630,1687
1198,382,1580
435,859,1294
614,796,1410
732,1014,1746
1448,800,2248
913,544,1457
814,732,1546
899,833,1732
945,513,1458
655,793,1448
437,2077,2514
720,518,1238
502,693,1195
767,1154,1921
1093,758,1851
1270,621,1891
760,766,1526
618,618,1236
512,1272,1784
955,567,1522
833,1556,2389
1200,1200,2400
1535,936,2471
420,981,1401
554,941,1495
602,840,1442
235,1128,1363
521,741,1262
849,668,1517
625,1676,2301
529,293,822
558,2307,2865
718,1288,2006
435,1011,1446
833,2658,3491
476,1147,1623
671,1065,1736
1023,384,1407
736,1617,2353
546,297,843
750,1168,1918
460,1076,1536
1662,1378,3040
520,1171,1691
507,1151,1658
2017,1181,3198
1070,964,2034
544,544,1088
273,1431,1704
2447,473,2920
675,1226,1901
1474,609,2083
245,1694,1939
475,466,941
703,899,1602
1173,556,1729
383,1540,1923
560,792,1352
978,453,1431
555,1453,2008
1497,626,2123
176,744,920
1086,408,1494
740,909,1649
316,807,1123
771,1282,2053
909,816,1725
294,1855,2149
784,798,1582
815,672,1487
1107,793,1900
1194,546,1740
818,1780,2598
38,436,474
975,639,1614
868,1051,1919
95,671,766
420,668,1088
1239,574,1813
569,677,1246
737,409,1146
1166,679,1845
1173,864,2037
462,591,1053
859,1011,1870
508,586,1094
1405,859,2264
98,949,1047
991,1118,2109
606,510,1116
262,567,829
177,791,968
293,1281,1574
362,818,1180
102,559,661
297,1093,1390
454,1418,1872
277,489,766
852,605,1457
814,1325,2139
662,859,1521
1732,482,2214
1224,321,1545
671,952,1623
544,1055,1599
188,465,653
693,1357,2050
249,675,924
671,1287,1958
242,857,1099
197,689,886
817,338,1155
832,855,1687
583,773,1356
346,943,1289
540,1347,1887
384,740,1124
1289,649,1938
423,930,1353
339,580,919
663,878,1541
411,631,1042
390,1096,1486
357,641,998
117,1291,1408
302,1041,1343
650,543,1193
177,1164,1341
660,1221,1881
623,540,1163
209,1239,1448
231,662,893
396,1251,1647
771,864,1635
284,1193,1477
839,744,1583
422,1174,1596
1179,1073,2252
681,544,1225
895,874,1769
1248,1048,2296
464,732,1196
1053,646,1699
510,1221,1731
868,750,1618
252,525,777
858,840,1698
380,734,1114
342,486,828
1103,696,1799
592,872,1464
585,328,913
918,1471,2389
641,724,1365
861,698,1559
430,871,1301
958,667,1625
1045,657,1702
1192,704,1896
913,506,1419
204,387,591
1028,1132,2160
661,1705,2366
406,406,812
536,1044,1580
765,893,1658
545,766,1311
506,1315,1821
433,1097,1530
439,585,1024
649,1589,2238
734,1560,2294
355,455,810
655,707,1362
1293,854,2147
617,1578,2195
266,600,866
1033,921,1954
468,602,1070
495,1079,1574
639,660,1299
690,1031,1721
576,1153,1729
972,919,1891
866,827,1693
375,450,825
597,1291,1888
646,688,1334
1095,670,1765
1585,663,2248
518,675,1193
690,873,1563
1469,821,2290
1024,588,1612
334,689,1023
975,799,1774
370,1039,1409
1562,644,2206
717,526,1243
889,483,1372
603,1260,1863
1419,658,2077
832,791,1623
626,449,1075
387,753,1140
621,1138,1759
582,789,1371
94,528,622
529,844,1373
798,216,1014
410,700,1110
296,764,1060
424,453,877
992,1052,2044
354,718,1072
646,450,1096
195,765,960
464,700,1164
146,233,379
532,1272,1804
838,1338,2176
491,1255,1746
872,996,1868
373,718,1091
236,283,519
378,713,1091
568,540,1108
174,401,575
955,1906,2861
1164,1410,2574
333,1050,1383
1001,870,1871
673,636,1309
264,463,727
515,809,1324
863,936,1799
162,599,761
719,2135,2854
1142,1375,2517
398,676,1074
690,793,1483
513,573,1086
297,745,1042
716,368,1084
356,1326,1682
107,797,904
1263,1605,2868
961,181,1142
558,572,1130
117,1125,1242
637,609,1246
224,833,1057
1205,1153,2358
1237,711,1948
325,775,1100
882,696,1578
649,757,1406
900,460,1360
653,575,1228
922,566,1488
812,461,1273
323,695,1018
325,961,1286
1187,482,1669
444,681,1125
1041,809,1850
969,829,1798
1103,330,1433
869,262,1131
2172,375,2547
511,735,1246
254,415,669
670,501,1171
94,496,590
1461,512,1973
802,831,1633
126,458,584
2256,1076,3332
544,742,1286
956,850,1806
653,1023,1676
386,447,833
852,840,1692
674,1034,1708
1190,719,1909
181,690,871
1059,691,1750
994,1006,2000
669,1222,1891
1030,187,1217
249,825,1074
560,748,1308
184,730,914
1027,219,1246
133,471,604
458,503,961
191,838,1029
1120,850,1970
428,831,1259
593,704,1297
375,768,1143
1049,408,1457
366,648,1014
545,761,1306
549,720,1269
586,434,1020
498,212,710
93,921,1014
308,731,1039
685,556,1241
417,858,1275
138,1097,1235
600,461,1061
670,782,1452
274,767,1041
388,670,1058
311,387,698
554,670,1224
226,956,1182
364,376,740
553,641,1194
582,611,1193
592,585,1177
714,499,1213
744,810,1554
157,539,696
493,1207,1700
371,360,731
596,602,1198
217,994,1211
776,583,1359
531,606,1137
220,998,1218
886,545,1431
933,597,1530
425,690,1115
651,824,1475
499,500,999
953,228,1181
684,753,1437
653,1463,2116
998,258,1256
687,668,1355
545,633,1178
591,1057,1648
36,536,572
512,671,1183
325,415,740
749,1366,2115
312,446,758
531,270,801
519,816,1335
383,469,852
732,899,1631
396,905,1301
1134,1124,2258
531,935,1466
63,418,481
179,846,1025
860,706,1566
553,1040,1593
83,995,1078
415,508,923
1468,822,2290
225,659,884
64,525,589
233,884,1117
552,668,1220
400,829,1229
204,1064,1268
382,512,894
1145,782,1927
380,1029,1409
106,747,853
687,718,1405
915,697,1612
733,732,1465
791,657,1448
402,592,994
855,603,1458
562,957,1519
909,732,1641
639,548,1187
781,609,1390
544,606,1150
996,554,1550
337,653,990
856,722,1578
545,722,1267
759,686,1445
561,553,1114
653,811,1464
715,605,1320
693,571,1264
595,961,1556
450,821,1271
64,240,304
987,767,1754
116,521,637
464,501,965
914,312,1226
729,817,1546
540,784,1324
515,521,1036
1290,368,1658
487,628,1115
680,464,1144
778,593,1371
179,811,990
956,557,1513
1069,340,1409
879,545,1424
848,710,1558
1005,546,1551
1136,488,1624
461,810,1271
420,1109,1529
523,1001,1524
768,791,1559
959,669,1628
590,819,1409
471,999,1470
564,565,1129
688,500,1188
489,691,1180
341,1163,1504
1124,695,1819
354,935,1289
629,683,1312
976,14014,14990
755,1216,1971
184,677,861
765,507,1272
903,931,1834
562,771,1333
952,953,1905
526,794,1320
1043,13710,14753
432,646,1078
1104,676,1780
441,450,891
1067,670,1737
739,370,1109
278,1095,1373
510,1401,1911
253,1118,1371
367,1147,1514
1114,13066,14180
437,662,1099
712,435,1147
789,1071,1860
713,1868,2581
358,1778,2136
896,1460,2356
399,1016,1415
462,1566,2028
1305,13386,14691
727,819,1546
453,410,863
978,496,1474
857,1722,2579
713,1531,2244
375,1274,1649
537,1191,1728
1066,1344,2410
521,1284,1805
615,383,998
71,529,600
1061,1079,2140
557,540,1097
81,537,618
13655,891,14546
652,1427,2079
187,522,709
433,1504,1937
841,1155,1996
1788,235,2023
1522,367,1889
238,459,697
13002,1169,14171
1795,499,2294
490,275,765
90,928,1018
839,669,1508
823,374,1197
714,654,1368
1036,219,1255
1195,561,1756
55,418,473
13702,664,14366
86,249,335
1200,659,1859
55,452,507
1050,859,1909
151,254,405
1611,782,2393
531,1911,2442
644,1004,1648
285,980,1265
949,808,1757
485,1227,1712
151,615,766
140,387,527
714,752,1466
204,336,540
1368,941,2309
254,570,824
202,463,665
681,679,1360
489,418,907
225,789,1014
1410,1556,2966
324,700,1024
153,1041,1194
692,1052,1744
554,1220,1774
252,491,743
745,1295,2040
901,1314,2215
59,711,770
1060,1708,2768
465,796,1261
355,1036,1391
120,1368,1488
42,501,543
437,766,1203
352,1317,1669
890,690,1580
284,555,839
900,1593,2493
547,943,1490
699,932,1631
204,765,969
894,903,1797
432,1086,1518
737,934,1671
785,919,1704
465,1550,2015
903,1070,1973
1200,732,1932
467,1168,1635
255,969,1224
610,725,1335
337,754,1091
315,913,1228
1200,744,1944
1010,992,2002
1283,874,2157
565,1049,1614
1021,489,1510
392,1079,1471
767,663,1430
1448,857,2305
706,1270,1976
588,915,1503
779,938,1717
813,827,1640
590,939,1529
844,672,1516
512,793,1305
771,589,1360
967,660,1627
778,807,1585
674,797,1471
1261,651,1912
756,821,1577
350,1249,1599
509,724,1233
895,830,1725
402,842,1244
568,718,1286
988,655,1643
521,838,1359
557,1309,1866
877,506,1383
561,631,1192
227,817,1044
845,639,1484
782,752,1534
633,1155,1788
817,771,1588
992,1475,2467
688,1020,1708
704,489,1193
541,723,1264
395,656,1051
545,826,1371
863,616,1479
593,727,1320
994,1213,2207
1087,688,1775
620,945,1565
495,571,1066
970,766,1736
630,620,1250
641,751,1392
551,621,1172
391,827,1218
581,1216,1797
670,466,1136
966,498,1464
1296,1100,2396
629,994,1623
557,751,1308
1227,803,2030
467,1384,1851
420,456,876
541,701,1242
1107,712,1819
739,1314,2053
480,550,1030
180,853,1033
941,571,1512
685,1172,1857
173,538,711
409,351,760
714,1224,1938
635,576,1211
498,326,824
632,1111,1743
677,767,1444
483,331,814
1280,445,1725
334,447,781
638,594,1232
336,1111,1447
428,752,1180
664,825,1489
376,1095,1471
260,770,1030
236,333,569
349,843,1192
428,476,904
443,1152,1595
209,501,710
606,468,1074
713,1308,2021
682,1158,1840
685,444,1129
768,1187,1955
570,1449,2019
278,824,1102
1079,544,1623
106,506,612
1045,488,1533
425,686,1111
152,678,830
255,1161,1416
695,354,1049
839,1504,2343
417,1129,1546
887,779,1666
599,1667,2266
481,1063,1544
323,945,1268
367,521,888
1134,776,1910
364,533,897
264,924,1188
619,1165,1784
927,938,1865
1134,795,1929
470,769,1239
399,936,1335
437,641,1078
907,659,1566
714,591,1305
635,970,1605
1337,652,1989
960,751,1711
1025,732,1757
819,514,1333
1569,497,2066
888,946,1834
1174,947,2121
727,496,1223
1016,761,1777
160,659,819
382,656,1038
1038,770,1808
702,432,1134
418,972,1390
917,961,1878
321,1697,2018
439,761,1200
606,464,1070
880,453,1333
874,615,1489
669,699,1368
419,391,810
505,1019,1524
208,1158,1366
478,1747,2225
479,655,1134
787,679,1466
857,1412,2269
560,633,1193
347,797,1144
422,699,1121
448,896,1344
444,1261,1705
753,824,1577
536,747,1283
683,1001,1684
587,1169,1756
669,641,1310
90,741,831
898,425,1323
1026,785,1811
1653,659,2312
438,1147,1585
1182,470,1652
464,928,1392
68,768,836
409,467,876
265,695,960
388,813,1201
299,758,1057
603,492,1095
290,861,1151
1486,725,2211
700,539,1239
825,370,1195
290,742,1032
496,605,1101
1309,808,2117
837,706,1543
795,491,1286
429,824,1253
918,1276,2194
667,480,1147
549,561,1110
602,1069,1671
678,540,1218
323,848,1171
342,680,1022
718,487,1205
211,1403,1614
610,490,1100
465,686,1151
508,1146,1654
613,1081,1694
702,549,1251
631,778,1409
63,690,753
401,1347,1748
225,485,710
211,741,952
144,693,837
286,697,983
637,753,1390
360,632,992
595,1333,1928
555,468,1023
1111,495,1606
262,700,962
167,870,1037
433,1532,1965
771,637,1408
254,486,740
743,1515,2258
596,473,1069
922,625,1547
608,302,910
922,1380,2302
493,670,1163
1237,633,1870
617,1106,1723
364,740,1104
1205,851,2056
737,706,1443
752,418,1170
1422,580,2002
381,711,1092
470,1164,1634
472,451,923
570,410,980
304,955,1259
757,217,974
962,770,1732
1377,365,1742
1015,663,1678
1468,428,1896
230,794,1024
545,962,1507
746,470,1216
765,569,1334
564,869,1433
308,1078,1386
409,1045,1454
640,311,951
533,766,1299
236,229,465
354,1143,1497
402,1104,1506
462,574,1036
610,1132,1742
618,1053,1671
120,1126,1246
943,889,1832
171,496,667
446,408,854
553,1154,1707
741,460,1201
318,795,1113
817,818,1635
981,764,1745
776,1201,1977
548,893,1441
659,862,1521
50,627,677
234,1041,1275
801,545,1346
362,613,975
1102,971,2073
1439,151,1590
223,468,691
214,567,781
26,851,877
735,1456,2191
953,1054,2007
251,596,847
199,692,891
948,1220,2168
1032,394,1426
694,231,925
1201,415,1616
1305,491,1796
1496,309,1805
958,652,1610
862,626,1488
1087,447,1534
1136,530,1666
1061,591,1652
978,612,1590
675,569,1244
904,611,1515
681,864,1545
240,564,804
1525,846,2371
258,616,874
808,778,1586
519,337,856
1264,769,2033
553,380,933
294,341,635
760,788,1548
538,775,1313
340,307,647
1095,1655,2750
539,231,770
295,1912,2207
365,709,1074
1861,996,2857
1245,1163,2408
12027,301,12328
993,1407,2400
90,290,380
1058,1205,2263
178,496,674
1476,1151,2627
112,472,584
808,1519,2327
358,393,751
982,1198,2180
285,814,1099
506,1560,2066
234,818,1052
1131,1168,2299
100,492,592
401,714,1115
840,462,1302
488,590,1078
1574,1355,2929
45,733,778
101,396,497
590,1064,1654
776,614,1390
170,735,905
166,631,797
76,1065,1141
30,879,909
1655,2055,3710
348,416,764
677,2146,2823
727,599,1326
963,582,1545
386,650,1036
224,633,857
323,831,1154
340,999,1339
539,732,1271
326,1120,1446
483,482,965
581,827,1408
158,653,811
383,725,1108
146,751,897
565,1427,1992
1046,631,1677
836,1071,1907
837,389,1226
32,869,901
1068,719,1787
904,1133,2037
358,1097,1455
651,236,887
1237,615,1852
65,881,946
27,449,476
289,630,919
885,531,1416
1054,1054,2108
75,677,752
294,976,1270
282,575,857
1278,648,1926
142,1064,1206
893,629,1522
676,404,1080
457,929,1386
221,614,835
598,723,1321
815,625,1440
600,747,1347
559,465,1024
460,569,1029
396,765,1161
1014,422,1436
322,895,1217
103,453,556
920,1063,1983
935,581,1516
753,447,1200
580,673,1253
734,467,1201
552,1278,1830
117,529,646
958,248,1206
262,442,704
302,434,736
340,389,729
216,1181,1397
1019,705,1724
723,761,1484
105,558,663
824,1723,2547
161,417,578
79,364,443
297,774,1071
815,669,1484
232,737,969
789,488,1277
465,294,759
496,1373,1869
336,802,1138
131,778,909
590,625,1215
526,1528,2054
681,572,1253
384,768,1152
316,1062,1378
181,463,644
674,469,1143
684,664,1348
1184,761,1945
706,575,1281
124,503,627
1605,520,2125
401,4284,4685
120,731,851
1123,743,1866
167,782,949
213,751,964
162,828,990
297,800,1097
161,913,1074
184,908,1092
133,660,793
419,4370,4789
335,554,889
1384,511,1895
818,973,1791
725,859,1584
287,868,1155
490,609,1099
83,1066,1149
224,886,1110
308,819,1127
550,4129,4679
598,729,1327
280,673,953
132,1314,1446
129,1371,1500
455,896,1351
581,735,1316
662,872,1534
360,729,1089
301,1077,1378
732,671,1403
701,512,1213
655,930,1585
277,1240,1517
395,1201,1596
198,1097,1295
656,703,1359
587,1232,1819
651,1105,1756
668,1076,1744
714,477,1191
721,734,1455
287,919,1206
3538,923,4461
487,692,1179
601,723,1324
428,904,1332
474,972,1446
1070,750,1820
933,881,1814
832,430,1262
505,1127,1632
1147,687,1834
3829,1270,5099
299,1247,1546
525,881,1406
846,796,1642
900,687,1587
700,922,1622
417,596,1013
461,1183,1644
776,540,1316
4001,1220,5221
467,1181,1648
631,758,1389
1130,553,1683
1049,580,1629
946,622,1568
352,727,1079
597,855,1452
861,730,1591
977,956,1933
357,856,1213
601,717,1318
613,681,1294
204,1315,1519
810,776,1586
695,892,1587
461,1320,1781
811,809,1620
672,1010,1682
1156,830,1986
1011,766,1777
655,595,1250
761,662,1423
1249,941,2190
477,744,1221
591,1141,1732
740,1073,1813
438,1033,1471
1099,895,1994
630,679,1309
399,807,1206
399,828,1227
929,531,1460
1195,885,2080
511,985,1496
777,1178,1955
983,1740,2723
618,840,1458
315,712,1027
984,684,1668
731,750,1481
716,563,1279
636,957,1593
998,829,1827
995,1021,2016
505,951,1456
1100,1377,2477
194,894,1088
515,437,952
581,708,1289
1122,1434,2556
521,739,1260
290,980,1270
233,1084,1317
1058,657,1715
652,649,1301
520,887,1407
685,794,1479
471,732,1203
825,389,1214
1372,685,2057
587,1303,1890
179,927,1106
340,1122,1462
685,524,1209
660,779,1439
569,593,1162
466,1094,1560
778,878,1656
550,798,1348
1115,514,1629
221,1511,1732
457,1188,1645
116,809,925
711,289,1000
1342,436,1778
360,740,1100
253,1207,1460
821,689,1510
631,382,1013
729,1089,1818
942,523,1465
515,1082,1597
1332,900,2232
618,692,1310
797,436,1233
619,427,1046
793,1541,2334
538,872,1410
412,560,972
785,364,1149
828,858,1686
793,1253,2046
647,881,1528
117,495,612
564,1267,1831
914,562,1476
141,478,619
864,393,1257
1133,455,1588
958,1031,1989
987,612,1599
622,1377,1999
1218,497,1715
153,666,819
122,488,610
168,600,768
974,970,1944
713,1152,1865
339,477,816
77,795,872
1124,743,1867
768,1113,1881
423,488,911
194,737,931
1460,456,1916
475,548,1023
694,838,1532
380,499,879
1298,1683,2981
631,555,1186
102,1095,1197
141,700,841
689,701,1390
742,702,1444
432,821,1253
132,1203,1335
925,1763,2688
703,505,1208
1201,1327,2528
485,507,992
83,657,740
598,494,1092
730,674,1404
593,492,1085
553,925,1478
362,1036,1398
1056,1863,2919
198,1449,1647
618,1045,1663
903,505,1408
338,1320,1658
331,861,1192
1134,555,1689
977,860,1837
337,1071,1408
195,543,738
770,1961,2731
283,1601,1884
661,681,1342
37,891,928
323,1554,1877
290,870,1160
639,541,1180
106,1225,1331
726,907,1633
321,1067,1388
888,513,1401
340,1048,1388
458,508,966
517,702,1219
782,720,1502
435,749,1184
1307,913,2220
1164,875,2039
611,880,1491
765,685,1450
275,1099,1374
310,468,778
658,684,1342
287,1157,1444
1024,341,1365
261,1032,1293
1030,403,1433
1329,1043,2372
861,848,1709
515,1625,2140
245,1081,1326
428,397,825
714,799,1513
1582,989,2571
606,1395,2001
505,1381,1886
936,977,1913
1121,397,1518
911,1072,1983
579,1013,1592
252,1005,1257
1204,1859,3063
484,1121,1605
1744,1725,3469
390,767,1157
1468,1635,3103
398,1127,1525
944,275,1219
816,1547,2363
1380,1457,2837
312,1011,1323
833,284,1117
943,1152,2095
1648,310,1958
1046,360,1406
621,312,933
1783,219,2002
1607,297,1904
947,323,1270
1557,209,1766
1433,253,1686
1223,217,1440
55,255,310
1409,171,1580
610,935,1545
172,219,391
1523,1567,3090
712,1538,2250
97,251,348
608,1472,2080
71,225,296
602,2205,2807
594,1272,1866
118,254,372
995,929,1924
146,309,455
801,1579,2380
1000,1864,2864
1213,1659,2872
479,1268,1747
176,280,456
1093,1633,2726
192,445,637
266,509,775
821,363,1184
186,777,963
490,346,836
978,1594,2572
1536,475,2011
1478,295,1773
2131,602,2733
775,2069,2844
403,1082,1485
623,554,1177
486,449,935
110,361,471
1561,701,2262
1397,617,2014
635,670,1305
1742,721,2463
862,2555,3417
73,1728,1801
682,682,1364
726,793,1519
898,2190,3088
970,1017,1987
96,757,853
35,799,834
1545,631,2176
552,582,1134
242,711,953
1508,684,2192
1964,1173,3137
1074,1002,2076
155,451,606
713,1004,1717
1672,656,2328
208,935,1143
735,3761,4496
877,492,1369
300,593,893
2495,641,3136
244,947,1191
564,723,1287
1023,361,1384
2242,599,2841
508,553,1061
395,451,846
581,3582,4163
745,754,1499
559,762,1321
318,780,1098
485,849,1334
287,1240,1527
200,282,482
528,1030,1558
421,1329,1750
703,746,1449
891,3416,4307
171,1232,1403
739,781,1520
605,1163,1768
1390,2877,4267
567,1014,1581
212,561,773
869,761,1630
853,480,1333
526,615,1141
972,580,1552
376,1295,1671
862,889,1751
641,505,1146
144,1089,1233
622,1235,1857
329,875,1204
730,956,1686
1164,751,1915
1178,504,1682
3629,524,4153
751,1016,1767
1275,686,1961
415,826,1241
615,724,1339
531,911,1442
429,675,1104
597,704,1301
974,463,1437
1052,439,1491
799,561,1360
459,1547,2006
892,703,1595
235,775,1010
646,1679,2325
824,397,1221
170,1425,1595
3437,840,4277
100,1833,1933
2677,1094,3771
593,447,1040
668,1176,1844
296,790,1086
655,906,1561
772,543,1315
379,689,1068
487,1161,1648
768,537,1305
552,1423,1975
283,1070,1353
841,1205,2046
546,924,1470
1486,704,2190
803,1044,1847
161,557,718
430,753,1183
582,1170,1752
986,511,1497
559,1070,1629
1284,695,1979
617,1208,1825
829,907,1736
1696,577,2273
703,863,1566
414,1217,1631
1406,828,2234
356,890,1246
894,794,1688
878,657,1535
291,756,1047
966,557,1523
1223,714,1937
456,665,1121
235,1051,1286
1085,992,2077
603,678,1281
949,796,1745
1035,925,1960
436,680,1116
1008,471,1479
367,1612,1979
716,1143,1859
1007,503,1510
229,1905,2134
724,679,1403
691,853,1544
1093,686,1779
744,826,1570
663,690,1353
842,704,1546
930,655,1585
477,1179,1656
540,715,1255
698,701,1399
1017,659,1676
711,446,1157
720,824,1544
799,1400,2199
416,489,905
571,1124,1695
724,605,1329
1578,922,2500
607,465,1072
538,774,1312
447,1045,1492
527,1379,1906
305,460,765
595,777,1372
563,1380,1943
272,401,673
1751,595,2346
258,727,985
792,515,1307
924,157,1081
545,1006,1551
956,957,1913
628,1138,1766
42,793,835
486,1166,1652
446,534,980
1278,842,2120
648,1144,1792
40,186,226
396,847,1243
467,1481,1948
500,700,1200
935,1038,1973
490,926,1416
651,757,1408
344,1050,1394
85,337,422
992,930,1922
473,857,1330
130,441,571
646,707,1353
1216,748,1964
891,458,1349
810,666,1476
756,503,1259
277,2842,3119
971,1094,2065
1056,933,1989
676,195,871
691,918,1609
914,894,1808
274,627,901
192,208,400
57,915,972
396,814,1210
701,422,1123
1221,1526,2747
1233,771,2004
409,505,914
304,793,1097
400,1116,1516
557,825,1382
671,624,1295
436,847,1283
479,2816,3295
60,1118,1178
476,697,1173
1049,1161,2210
533,3258,3791
110,618,728
955,485,1440
661,737,1398
762,1405,2167
220,1132,1352
866,484,1350
975,1518,2493
605,3081,3686
500,660,1160
1183,796,1979
316,591,907
423,614,1037
796,863,1659
160,686,846
452,1103,1555
2708,986,3694
484,498,982
926,325,1251
1270,781,2051
198,938,1136
626,799,1425
1004,966,1970
574,873,1447
772,1424,2196
3152,823,3975
1079,678,1757
231,489,720
1271,415,1686
3048,808,3856
787,869,1656
951,625,1576
398,643,1041
677,1097,1774
411,600,1011
278,676,954
290,601,891
382,528,910
516,755,1271
450,1036,1486
185,916,1101
303,630,933
783,1306,2089
146,1187,1333
288,879,1167
371,836,1207
359,630,989
259,895,1154
600,622,1222
468,498,966
1300,836,2136
769,285,1054
468,902,1370
600,788,1388
619,971,1590
772,785,1557
666,1356,2022
39,627,666
277,430,707
557,1383,1940
26,701,727
165,692,857
284,656,940
781,1186,1967
422,1054,1476
853,915,1768
430,728,1158
1258,720,1978
75,1674,1749
27,918,945
420,478,898
290,671,961
621,1023,1644
1167,960,2127
316,603,919
812,281,1093
291,1739,2030
69,1018,1087
820,433,1253
953,521,1474
750,910,1660
464,726,1190
472,896,1368
470,1007,1477
530,1695,2225
625,923,1548
1526,922,2448
530,450,980
523,1009,1532
795,202,997
1239,643,1882
666,755,1421
536,748,1284
471,591,1062
870,708,1578
731,280,1011
595,1204,1799
480,1037,1517
820,633,1453
1347,557,1904
88,497,585
980,901,1881
873,782,1655
77,497,574
1055,1050,2105
890,987,1877
801,664,1465
716,857,1573
926,999,1925
160,905,1065
298,683,981
198,1224,1422
739,1184,1923
770,637,1407
537,443,980
505,1208,1713
78,518,596
247,806,1053
850,717,1567
947,908,1855
570,448,1018
547,604,1151
204,1019,1223
375,444,819
645,587,1232
206,1138,1344
493,875,1368
823,520,1343
511,862,1373
986,463,1449
411,2253,2664
87,859,946
367,2703,3070
1111,1513,2624
536,2281,2817
296,369,665
68,1936,2004
730,2152,2882
318,976,1294
266,1714,1980
554,1531,2085
313,1755,2068
926,2205,3131
106,858,964
951,1224,2175
404,382,786
396,1882,2278
624,959,1583
494,1622,2116
410,1713,2123
472,868,1340
607,1447,2054
1429,520,1949
437,1145,1582
384,1837,2221
229,980,1209
600,1157,1757
1790,499,2289
460,1123,1583
835,1268,2103
747,477,1224
1199,611,1810
1223,1171,2394
1162,2054,3216
2037,684,2721
1970,1720,3690
1597,593,2190
498,955,1453
951,1689,2640
2004,1096,3100
1409,314,1723
1368,400,1768
1289,1059,2348
284,1086,1370
1962,789,2751
1602,475,2077
462,1458,1920
1059,730,1789
1844,800,2644
1515,403,1918
788,475,1263
920,1063,1983
1952,318,2270
1644,353,1997
99,425,524
260,1296,1556
129,731,860
1100,894,1994
1472,716,2188
1649,1043,2692
1105,876,1981
716,741,1457
127,786,913
1101,1187,2288
102,725,827
971,672,1643
936,1039,1975
58,866,924
1663,220,1883
857,657,1514
75,997,1072
75,1098,1173
144,780,924
577,750,1327
91,1231,1322
1098,640,1738
611,606,1217
363,952,1315
634,713,1347
222,714,936
503,685,1188
238,727,965
593,1313,1906
124,769,893
639,600,1239
131,855,986
268,888,1156
384,1146,1530
904,499,1403
476,501,977
738,616,1354
294,1167,1461
1407,1293,2700
511,694,1205
195,1234,1429
594,1093,1687
752,1146,1898
1077,581,1658
493,756,1249
950,696,1646
943,1158,2101
623,702,1325
644,714,1358
81,1409,1490
564,901,1465
542,924,1466
392,630,1022
676,979,1655
978,693,1671
199,496,695
630,824,1454
677,526,1203
424,347,771
519,1453,1972
813,1264,2077
623,1156,1779
1103,625,1728
647,1373,2020
744,490,1234
1283,698,1981
380,933,1313
518,630,1148
472,391,863
699,460,1159
982,1125,2107
292,1380,1672
314,720,1034
709,1251,1960
1044,1087,2131
796,1640,2436
617,898,1515
895,944,1839
1050,1380,2430
616,465,1081
527,1214,1741
639,1078,1717
556,556,1112
301,466,767
515,951,1466
716,774,1490
272,549,821
350,830,1180
1310,1165,2475
347,1255,1602
238,833,1071
820,732,1552
160,1520,1680
1148,649,1797
787,898,1685
471,1247,1718
784,1056,1840
1382,863,2245
295,1245,1540
1163,681,1844
368,705,1073
326,558,884
612,1026,1638
1345,1132,2477
1129,630,1759
522,1102,1624
911,1033,1944
1096,703,1799
637,526,1163
1132,779,1911
450,673,1123
1076,265,1341
1087,1162,2249
1195,694,1889
456,851,1307
1108,457,1565
521,553,1074
697,665,1362
1086,1094,2180
551,1693,2244
483,691,1174
526,774,1300
833,1353,2186
988,1060,2048
640,458,1098
294,608,902
513,1112,1625
787,993,1780
382,850,1232
1047,694,1741
1423,659,2082
578,751,1329
1101,767,1868
892,1231,2123
302,472,774
1050,1138,2188
922,474,1396
654,1604,2258
681,850,1531
907,1106,2013
486,481,967
554,1787,2341
785,643,1428
976,1265,2241
697,707,1404
1527,891,2418
971,818,1789
658,844,1502
471,1059,1530
1185,773,1958
1068,821,1889
810,1586,2396
848,812,1660
490,827,1317
625,1610,2235
905,607,1512
461,589,1050
933,500,1433
1655,482,2137
507,886,1393
593,571,1164
1404,489,1893
1498,463,1961
589,865,1454
1135,528,1663
274,1041,1315
700,704,1404
1002,529,1531
948,1113,2061
581,562,1143
735,506,1241
1503,308,1811
375,635,1010
101,833,934
490,445,935
326,553,879
592,426,1018
369,938,1307
304,455,759
515,326,841
569,936,1505
890,1355,2245
159,863,1022
543,336,879
374,701,1075
181,1321,1502
731,807,1538
400,417,817
354,1700,2054
719,1619,2338
176,441,617
153,357,510
497,547,1044
200,508,708
674,883,1557
770,838,1608
249,477,726
851,940,1791
361,324,685
739,1054,1793
208,482,690
331,894,1225
466,818,1284
259,675,934
864,891,1755
1181,534,1715
416,992,1408
345,339,684
1134,965,2099
366,1091,1457
416,497,913
1468,892,2360
430,718,1148
387,686,1073
149,3005,3154
296,721,1017
459,942,1401
362,3034,3396
414,1357,1771
554,1595,2149
251,1108,1359
424,3014,3438
636,800,1436
356,2072,2428
688,925,1613
732,724,1456
222,523,745
478,619,1097
645,675,1320
686,1427,2113
672,586,1258
868,2515,3383
791,760,1551
591,1635,2226
2550,649,3199
921,733,1654
430,2258,2688
369,822,1191
206,1114,1320
685,1847,2532
573,562,1135
1532,1768,3300
632,1255,1887
753,1999,2752
2580,667,3247
1001,907,1908
1486,1109,2595
456,1304,1760
527,583,1110
1586,893,2479
441,1136,1577
717,1056,1773
811,854,1665
1048,1782,2830
1241,1207,2448
2729,509,3238
104,639,743
1978,1111,3089
479,1181,1660
680,867,1547
1146,414,1560
595,848,1443
1521,889,2410
1654,698,2352
332,771,1103
137,646,783
998,851,1849
1548,581,2129
166,862,1028
1250,534,1784
253,947,1200
672,1552,2224
169,697,866
590,524,1114
671,1422,2093
972,913,1885
683,610,1293
1623,749,2372
387,709,1096
696,652,1348
676,801,1477
745,745,1490
411,917,1328
692,682,1374
861,386,1247
514,681,1195
1007,1007,2014
290,1914,2204
311,387,698
585,527,1112
231,1226,1457
542,948,1490
660,604,1264
470,707,1177
1955,675,2630
573,860,1433
366,423,789
380,2207,2587
768,964,1732
1161,556,1717
235,692,927
752,685,1437
1081,1289,2370
447,506,953
363,926,1289
509,1326,1835
599,662,1261
593,1072,1665
254,1107,1361
460,771,1231
490,249,739
561,765,1326
1232,801,2033
259,915,1174
568,731,1299
724,586,1310
1074,1128,2202
865,558,1423
644,613,1257
436,896,1332
785,1966,2751
536,900,1436
678,754,1432
26,309,335
911,405,1316
1847,1492,3339
703,1180,1883
108,649,757
330,609,939
941,975,1916
529,397,926
562,334,896
595,800,1395
593,1430,2023
640,1296,1936
593,633,1226
542,1216,1758
159,674,833
430,531,961
366,695,1061
1649,1188,2837
559,452,1011
1128,534,1662
145,632,777
710,1066,1776
215,980,1195
748,640,1388
229,783,1012
450,742,1192
62,1448,1510
360,794,1154
933,751,1684
1001,787,1788
1793,1971,3764
629,1200,1829
1039,1683,2722
1147,701,1848
239,1110,1349
452,1605,2057
787,731,1518
624,354,978
241,1319,1560
196,1414,1610
532,1630,2162
502,810,1312
1060,1156,2216
418,870,1288
1368,1373,2741
254,1871,2125
496,1057,1553
781,1007,1788
695,1015,1710
759,1137,1896
1037,650,1687
990,1439,2429
572,1720,2292
579,746,1325
573,788,1361
179,1181,1360
1445,388,1833
1567,357,1924
1627,870,2497
782,1328,2110
1047,406,1453
606,864,1470
1500,363,1863
636,797,1433
485,991,1476
1424,436,1860
624,325,949
375,1775,2150
1782,463,2245
1372,884,2256
979,286,1265
1310,455,1765
1070,187,1257
307,390,697
778,631,1409
656,1175,1831
1687,665,2352
857,609,1466
947,470,1417
1258,827,2085
1481,558,2039
973,489,1462
667,1123,1790
103,491,594
943,590,1533
592,397,989
135,463,598
504,1091,1595
116,518,634
214,499,713
945,683,1628
137,475,612
200,558,758
261,357,618
227,457,684
1800,430,2230
1641,679,2320
289,377,666
1103,553,1656
269,443,712
973,1166,2139
119,809,928
224,516,740
89,867,956
494,251,745
408,618,1026
534,285,819
178,459,637
246,726,972
438,1559,1997
226,819,1045
347,643,990
820,1296,2116
464,768,1232
485,3679,4164
694,1463,2157
378,300,678
570,3671,4241
249,942,1191
649,460,1109
80,478,558
610,557,1167
461,935,1396
222,476,698
81,500,581
790,735,1525
448,873,1321
164,886,1050
259,1112,1371
737,711,1448
913,2923,3836
685,1144,1829
23,848,871
112,483,595
379,968,1347
814,874,1688
3480,606,4086
21,984,1005
340,762,1102
1258,702,1960
3565,718,4283
210,649,859
48,1153,1201
517,714,1231
447,678,1125
512,511,1023
458,627,1085
171,1053,1224
243,1157,1400
637,495,1132
340,880,1220
722,537,1259
786,885,1671
710,431,1141
610,606,1216
315,558,873
554,867,1421
813,379,1192
550,359,909
589,1227,1816
355,929,1284
2696,652,3348
373,1021,1394
971,368,1339
710,1046,1756
426,832,1258
325,449,774
765,1166,1931
562,496,1058
466,866,1332
639,785,1424
972,625,1597
722,1140,1862
622,909,1531
850,424,1274
311,641,952
451,730,1181
859,1068,1927
278,776,1054
1149,671,1820
692,448,1140
474,641,1115
162,401,563
355,860,1215
368,950,1318
880,1279,2159
314,521,835
178,627,805
757,710,1467
897,611,1508
605,785,1390
329,522,851
1145,610,1755
637,1131,1768
893,1150,2043
442,417,859
852,948,1800
718,791,1509
764,803,1567
258,552,810
582,1519,2101
63,305,368
991,751,1742
486,1472,1958
339,632,971
506,672,1178
1128,766,1894
362,674,1036
315,1075,1390
883,692,1575
441,1054,1495
200,474,674
429,987,1416
498,996,1494
535,1477,2012
99,785,884
516,593,1109
733,1428,2161
509,514,1023
361,795,1156
339,584,923
371,1054,1425
777,698,1475
379,1157,1536
162,1678,1840
223,974,1197
639,715,1354
423,972,1395
543,640,1183
316,754,1070
709,730,1439
432,1443,1875
720,802,1522
1082,956,2038
989,549,1538
852,548,1400
391,1273,1664
429,675,1104
399,796,1195
497,1003,1500
327,1071,1398
1183,1008,2191
1330,892,2222
441,1183,1624
447,694,1141
855,846,1701
311,812,1123
459,797,1256
922,791,1713
734,976,1710
1511,787,2298
634,1110,1744
1197,1183,2380
656,799,1455
633,663,1296
568,797,1365
860,634,1494
722,652,1374
820,722,1542
641,958,1599
339,1785,2124
1200,950,2150
676,475,1151
834,602,1436
1177,615,1792
1100,409,1509
860,699,1559
505,730,1235
791,614,1405
594,919,1513
922,501,1423
710,469,1179
824,1420,2244
602,432,1034
601,593,1194
792,1422,2214
1044,1520,2564
688,599,1287
347,577,924
635,1405,2040
1564,750,2314
671,356,1027
756,665,1421
326,749,1075
421,359,780
177,415,592
1078,548,1626
546,1442,1988
892,255,1147
821,1170,1991
813,1034,1847
700,1060,1760
701,1368,2069
512,645,1157
611,367,978
399,1236,1635
1494,550,2044
445,1809,2254
1049,1021,2070
1347,724,2071
151,1767,1918
208,562,770
146,789,935
739,834,1573
207,732,939
793,1076,1869
741,937,1678
256,863,1119
411,693,1104
1279,945,2224
1232,752,1984
456,853,1309
167,955,1122
580,1178,1758
1119,678,1797
588,1283,1871
270,855,1125
690,818,1508
284,755,1039
998,915,1913
584,485,1069
485,842,1327
840,951,1791
181,1367,1548
698,783,1481
572,870,1442
661,615,1276
878,637,1515
212,1117,1329
743,882,1625
484,632,1116
637,704,1341
587,660,1247
1723,544,2267
757,881,1638
734,621,1355
566,1666,2232
692,512,1204
1505,1015,2520
584,1078,1662
266,631,897
377,1193,1570
434,508,942
812,663,1475
671,687,1358
517,449,966
839,646,1485
427,1499,1926
1031,827,1858
561,1007,1568
591,270,861
793,490,1283
432,617,1049
995,684,1679
437,348,785
660,1381,2041
1012,211,1223
608,484,1092
493,1012,1505
719,983,1702
1448,715,2163
808,221,1029
776,778,1554
713,730,1443
469,1055,1524
1065,1243,2308
605,496,1101
1354,433,1787
719,854,1573
1245,232,1477
943,466,1409
1125,1074,2199
966,717,1683
805,1094,1899
1412,284,1696
1052,390,1442
1162,495,1657
710,598,1308
910,194,1104
556,841,1397
1015,450,1465
950,512,1462
740,825,1565
960,596,1556
787,363,1150
767,744,1511
777,493,1270
547,721,1268
662,682,1344
58,503,561
78,479,557
781,572,1353
906,497,1403
319,255,574
131,475,606
271,408,679
318,303,621
927,642,1569
192,412,604
510,170,680
98,277,375
359,220,579
714,391,1105
1500,605,2105
647,439,1086
214,843,1057
302,708,1010
100,911,1011
223,1101,1324
598,613,1211
115,368,483
203,923,1126
790,922,1712
112,429,541
152,667,819
441,389,830
1626,524,2150
603,857,1460
605,747,1352
20,515,535
921,1765,2686
47,1538,1585
70,514,584
296,914,1210
135,594,729
470,722,1192
102,1024,1126
227,1775,2002
19,981,1000
216,948,1164
115,913,1028
438,842,1280
166,1315,1481
425,836,1261
273,1146,1419
643,1657,2300
797,531,1328
653,801,1454
97,980,1077
319,739,1058
93,1976,2069
528,1122,1650
104,1214,1318
940,531,1471
491,1219,1710
872,280,1152
915,764,1679
285,1307,1592
504,1195,1699
164,1208,1372
329,1299,1628
998,436,1434
609,1878,2487
347,1272,1619
830,826,1656
699,667,1366
916,466,1382
1368,1282,2650
1261,178,1439
1046,755,1801
1911,832,2743
1318,180,1498
1123,370,1493
907,739,1646
1389,573,1962
740,775,1515
666,872,1538
824,640,1464
821,536,1357
1053,282,1335
598,1040,1638
770,541,1311
316,453,769
1101,329,1430
777,256,1033
561,910,1471
985,466,1451
449,386,835
686,245,931
767,564,1331
320,579,899
476,501,977
275,225,500
106,1057,1163
998,339,1337
1158,1287,2445
61,450,511
288,212,500
1252,438,1690
22,2742,2764
267,612,879
478,376,854
185,2865,3050
848,491,1339
1468,951,2419
559,2557,3116
23,2816,2839
159,737,896
308,627,935
627,450,1077
201,960,1161
530,650,1180
284,753,1037
902,1103,2005
377,853,1230
177,544,721
351,902,1253
1144,772,1916
58,426,484
107,629,736
645,354,999
588,2724,3312
2527,638,3165
383,535,918
2709,633,3342
173,752,925
210,770,980
2300,690,2990
83,743,826
213,1357,1570
577,3047,3624
138,684,822
502,1325,1827
2616,1253,3869
455,693,1148
1249,1256,2505
2652,790,3442
561,527,1088
377,701,1078
1563,2027,3590
128,1258,1386
242,497,739
43,786,829
139,914,1053
623,686,1309
609,280,889
434,982,1416
582,1028,1610
1011,1961,2972
671,641,1312
432,978,1410
81,1376,1457
1676,1318,2994
600,657,1257
645,825,1470
860,628,1488
149,662,811
536,820,1356
3019,432,3451
1055,789,1844
411,1063,1474
159,1515,1674
894,523,1417
849,827,1676
359,1040,1399
719,1146,1865
511,337,848
365,650,1015
1099,761,1860
674,853,1527
547,1137,1684
617,723,1340
534,854,1388
747,1195,1942
892,888,1780
1311,596,1907
486,386,872
574,682,1256
822,703,1525
1407,666,2073
356,1146,1502
661,1569,2230
598,529,1127
780,1252,2032
885,881,1766
618,1642,2260
746,1063,1809
762,1106,1868
538,687,1225
647,744,1391
970,630,1600
534,642,1176
475,1370,1845
1045,515,1560
1277,1182,2459
1016,758,1774
1047,552,1599
691,714,1405
632,695,1327
945,825,1770
506,827,1333
1525,524,2049
365,689,1054
565,1044,1609
638,842,1480
536,987,1523
352,798,1150
476,1189,1665
377,1897,2274
51,991,1042
1359,606,1965
501,569,1070
196,747,943
723,727,1450
1042,404,1446
510,1198,1708
396,757,1153
538,1262,1800
1016,909,1925
692,1497,2189
882,529,1411
653,899,1552
503,680,1183
1034,878,1912
338,1094,1432
352,832,1184
232,1040,1272
708,818,1526
303,1022,1325
744,391,1135
716,529,1245
577,744,1321
801,382,1183
430,1080,1510
698,760,1458
660,360,1020
795,948,1743
610,1048,1658
1106,808,1914
755,1681,2436
621,1196,1817
1689,1030,2719
646,1112,1758
437,535,972
998,826,1824
90,365,455
394,878,1272
429,1359,1788
585,1500,2085
181,524,705
1062,888,1950
1141,1046,2187
721,897,1618
310,747,1057
849,554,1403
665,1031,1696
1060,524,1584
584,1327,1911
1028,1269,2297
235,538,773
737,967,1704
543,553,1096
1014,1308,2322
556,695,1251
358,1045,1403
885,1642,2527
637,1401,2038
650,1260,1910
863,1668,2531
849,1011,1860
1177,859,2036
642,1082,1724
374,882,1256
1396,968,2364
1100,690,1790
644,803,1447
947,1144,2091
874,996,1870
802,1004,1806
125,759,884
993,698,1691
916,995,1911
441,517,958
1327,489,1816
368,628,996
1063,814,1877
381,778,1159
610,543,1153
434,938,1372
1077,791,1868
849,831,1680
779,1274,2053
226,1169,1395
998,824,1822
678,423,1101
845,784,1629
420,923,1343
911,1721,2632
1037,825,1862
1494,1062,2556
1099,420,1519
490,964,1454
611,677,1288
449,520,969
787,965,1752
152,993,1145
625,1541,2166
819,765,1584
1538,1011,2549
729,1595,2324
879,992,1871
620,746,1366
1479,510,1989
486,860,1346
455,988,1443
615,783,1398
897,919,1816
878,729,1607
1104,1162,2266
489,618,1107
786,977,1763
906,770,1676
1444,478,1922
487,854,1341
925,599,1524
438,670,1108
1436,484,1920
844,1199,2043
428,880,1308
692,842,1534
125,860,985
90,1212,1302
452,626,1078
416,946,1362
541,718,1259
302,503,805
570,1472,2042
747,733,1480
739,871,1610
624,447,1071
859,1211,2070
266,1451,1717
568,1024,1592
462,910,1372
724,852,1576
819,496,1315
571,690,1261
858,1255,2113
477,852,1329
568,632,1200
427,1640,2067
355,670,1025
540,873,1413
475,817,1292
1116,489,1605
625,707,1332
829,526,1355
743,1010,1753
495,749,1244
644,754,1398
376,1073,1449
426,852,1278
153,775,928
762,1178,1940
643,886,1529
394,751,1145
421,875,1296
1086,1077,2163
550,1200,1750
407,1228,1635
687,738,1425
282,1685,1967
1076,659,1735
668,503,1171
654,535,1189
1034,1414,2448
786,990,1776
787,972,1759
680,631,1311
419,559,978
635,1089,1724
437,1050,1487
826,744,1570
483,872,1355
1491,1005,2496
449,922,1371
1501,1115,2616
448,444,892
327,628,955
935,674,1609
918,628,1546
395,1227,1622
658,799,1457
579,1021,1600
413,1114,1527
1203,627,1830
321,796,1117
387,1023,1410
328,989,1317
970,873,1843
964,529,1493
646,1365,2011
643,766,1409
851,788,1639
50,573,623
669,900,1569
686,923,1609
657,683,1340
961,640,1601
1048,1145,2193
115,656,771
990,563,1553
697,1422,2119
631,3362,3993
912,447,1359
26,956,982
747,1143,1890
437,3193,3630
1159,689,1848
228,482,710
1273,786,2059
81,880,961
501,1844,2345
948,1110,2058
415,977,1392
349,1089,1438
496,978,1474
568,1029,1597
263,1221,1484
443,1349,1792
296,1578,1874
742,1062,1804
438,1437,1875
1069,2626,3695
693,1488,2181
795,1135,1930
328,1230,1558
271,1390,1661
261,826,1087
829,1992,2821
429,1584,2013
624,639,1263
238,2071,2309
1148,3101,4249
950,1245,2195
1099,323,1422
495,1688,2183
525,1454,1979
983,1111,2094
733,935,1668
478,1508,1986
1017,499,1516
1336,975,2311
2812,1167,3979
625,1134,1759
930,633,1563
1979,475,2454
96,1624,1720
1321,431,1752
990,1544,2534
368,1753,2121
1123,472,1595
1213,541,1754
471,1522,1993
620,646,1266
780,1250,2030
763,320,1083
743,1152,1895
2376,1287,3663
1422,793,2215
684,1713,2397
3047,997,4044
1657,626,2283
1563,825,2388
1222,567,1789
1932,383,2315
1022,569,1591
1219,666,1885
1318,389,1707
1601,830,2431
448,986,1434
235,364,599
1742,209,1951
1768,689,2457
1348,428,1776
145,287,432
1562,653,2215
789,948,1737
296,290,586
385,496,881
56,296,352
848,988,1836
367,623,990
771,693,1464
164,233,397
1030,1069,2099
325,906,1231
1037,1307,2344
873,643,1516
1446,1370,2816
222,1159,1381
1016,1269,2285
788,2643,3431
186,587,773
836,478,1314
625,795,1420
664,927,1591
1720,1105,2825
665,987,1652
1004,679,1683
755,1162,1917
959,1051,2010
369,700,1069
1059,894,1953
908,665,1573
657,1049,1706
644,1080,1724
612,2804,3416
780,1170,1950
545,723,1268
1083,804,1887
994,1037,2031
25,813,838
1308,554,1862
883,1237,2120
791,1101,1892
609,1404,2013
713,2730,3443
148,776,924
839,526,1365
286,992,1278
2559,1105,3664
681,529,1210
991,635,1626
309,917,1226
1035,1237,2272
451,536,987
604,965,1569
208,655,863
395,1214,1609
357,707,1064
907,338,1245
536,1006,1542
180,961,1141
443,937,1380
967,1086,2053
306,1127,1433
2757,855,3612
835,812,1647
600,980,1580
192,439,631
748,843,1591
494,469,963
123,1691,1814
384,1374,1758
351,853,1204
2165,901,3066
1046,648,1694
709,682,1391
696,548,1244
241,610,851
377,1648,2025
201,730,931
694,1225,1919
957,841,1798
647,1165,1812
878,610,1488
1032,428,1460
886,445,1331
919,964,1883
336,790,1126
659,633,1292
398,797,1195
698,1123,1821
795,881,1676
398,1339,1737
370,1128,1498
667,1384,2051
926,846,1772
210,821,1031
822,1321,2143
772,1630,2402
609,1116,1725
404,973,1377
527,994,1521
372,927,1299
687,581,1268
773,1057,1830
757,593,1350
702,807,1509
1192,758,1950
1339,899,2238
912,369,1281
603,448,1051
906,596,1502
1167,960,2127
386,929,1315
1117,1093,2210
505,950,1455
577,1073,1650
660,693,1353
722,321,1043
322,1085,1407
1047,280,1327
1548,552,2100
530,1153,1683
1003,1225,2228
947,523,1470
707,1071,1778
750,1021,1771
344,1545,1889
353,417,770
670,1048,1718
387,552,939
655,776,1431
308,1165,1473
1205,1344,2549
996,1143,2139
860,1278,2138
656,1214,1870
478,1732,2210
708,1170,1878
982,953,1935
684,806,1490
485,783,1268
1022,726,1748
992,1166,2158
990,550,1540
269,792,1061
468,1049,1517
528,1756,2284
1177,972,2149
173,1133,1306
556,747,1303
684,902,1586
978,790,1768
984,287,1271
382,766,1148
1549,962,2511
652,443,1095
602,1422,2024
1533,859,2392
506,505,1011
410,1257,1667
1415,661,2076
1091,568,1659
390,1338,1728
332,1002,1334
444,477,921
951,432,1383
1030,742,1772
774,1003,1777
67,1260,1327
889,625,1514
656,456,1112
357,1868,2225
355,1183,1538
148,614,762
773,432,1205
771,524,1295
994,1413,2407
860,808,1668
633,1885,2518
938,618,1556
744,530,1274
715,1880,2595
993,588,1581
621,1009,1630
395,597,992
378,603,981
1179,642,1821
907,1631,2538
583,928,1511
733,409,1142
1141,1511,2652
371,1578,1949
319,976,1295
228,657,885
581,458,1039
409,844,1253
860,481,1341
1256,1206,2462
658,1388,2046
1583,936,2519
820,1189,2009
457,916,1373
1444,837,2281
1854,478,2332
215,894,1109
556,826,1382
387,614,1001
1232,491,1723
296,742,1038
1053,406,1459
1443,609,2052
1688,552,2240
390,611,1001
1565,569,2134
603,687,1290
468,791,1259
628,553,1181
938,356,1294
497,869,1366
776,938,1714
1164,872,2036
487,980,1467
1542,316,1858
590,1087,1677
995,595,1590
448,1254,1702
555,992,1547
879,705,1584
705,572,1277
803,762,1565
941,456,1397
227,352,579
174,678,852
1249,675,1924
239,563,802
749,1037,1786
818,811,1629
878,834,1712
810,805,1615
603,1331,1934
365,1479,1844
813,1040,1853
212,785,997
336,476,812
900,954,1854
411,802,1213
250,637,887
312,930,1242
232,611,843
576,697,1273
653,595,1248
680,593,1273
414,760,1174
255,917,1172
573,695,1268
646,1566,2212
787,2251,3038
430,653,1083
603,819,1422
1437,1120,2557
631,464,1095
358,596,954
1466,947,2413
543,956,1499
872,528,1400
1453,2006,3459
344,1127,1471
605,713,1318
539,980,1519
855,405,1260
473,799,1272
634,1030,1664
785,915,1700
792,779,1571
549,909,1458
836,514,1350
368,805,1173
675,765,1440
695,656,1351
1261,2069,3330
630,641,1271
560,830,1390
567,470,1037
947,463,1410
47,147,194
443,1239,1682
903,268,1171
683,749,1432
2145,1032,3177
371,905,1276
914,552,1466
406,771,1177
768,701,1469
550,583,1133
1236,302,1538
98,564,662
518,823,1341
610,1024,1634
143,302,445
1605,968,2573
268,1365,1633
454,961,1415
165,352,517
1958,838,2796
536,1360,1896
350,1077,1427
560,730,1290
775,413,1188
667,362,1029
725,911,1636
756,943,1699
144,357,501
1156,595,1751
631,1268,1899
127,1063,1190
797,725,1522
770,744,1514
147,1429,1576
747,1175,1922
822,1400,2222
400,1735,2135
219,507,726
202,747,949
26,678,704
376,847,1223
449,1270,1719
334,861,1195
592,1094,1686
1265,1028,2293
682,696,1378
848,566,1414
660,1618,2278
1052,1775,2827
102,1595,1697
414,1221,1635
889,1625,2514
787,967,1754
580,1032,1612
1671,882,2553
371,1190,1561
1109,601,1710
954,333,1287
397,826,1223
1446,337,1783
897,1492,2389
1125,237,1362
42,1248,1290
1176,403,1579
520,1337,1857
966,413,1379
841,358,1199
916,1120,2036
519,1581,2100
196,1302,1498
613,447,1060
880,1287,2167
969,508,1477
533,1100,1633
353,1834,2187
488,680,1168
1166,2020,3186
1128,592,1720
96,2114,2210
177,530,707
572,2011,2583
712,514,1226
960,452,1412
425,1878,2303
813,1810,2623
244,1124,1368
869,292,1161
617,1405,2022
367,539,906
656,405,1061
304,1223,1527
158,2214,2372
667,1808,2475
425,547,972
1329,476,1805
1777,292,2069
38,648,686
134,861,995
514,2209,2723
210,807,1017
152,1136,1288
675,1782,2457
82,883,965
886,1075,1961
1715,551,2266
349,1371,1720
1471,637,2108
695,1912,2607
373,707,1080
733,611,1344
663,766,1429
642,1338,1980
129,948,1077
1084,1074,2158
761,156,917
544,590,1134
243,1511,1754
1840,1042,2882
105,943,1048
1626,863,2489
1050,764,1814
2109,1053,3162
1512,1336,2848
37,684,721
704,518,1222
1695,1097,2792
142,969,1111
934,414,1348
1247,1548,2795
955,1319,2274
317,1022,1339
548,395,943
895,313,1208
239,930,1169
394,615,1009
423,959,1382
264,909,1173
1904,839,2743
1100,1651,2751
840,521,1361
507,310,817
661,717,1378
836,693,1529
1463,2288,3751
45,513,558
397,927,1324
424,1911,2335
769,1007,1776
84,521,605
451,1000,1451
779,815,1594
862,518,1380
1136,2443,3579
770,1719,2489
479,1366,1845
1302,1543,2845
763,1808,2571
923,878,1801
111,578,689
1106,529,1635
688,1088,1776
372,537,909
182,650,832
170,921,1091
431,522,953
1476,748,2224
628,925,1553
814,1166,1980
935,1127,2062
1807,675,2482
723,951,1674
370,699,1069
819,1269,2088
536,1730,2266
790,1078,1868
519,739,1258
954,1208,2162
466,837,1303
1593,1140,2733
808,694,1502
365,1038,1403
494,778,1272
1635,959,2594
1194,705,1899
991,627,1618
1468,495,1963
409,481,890
670,951,1621
569,851,1420
591,828,1419
1541,766,2307
740,816,1556
1215,436,1651
570,573,1143
910,813,1723
469,797,1266
1431,1300,2731
474,635,1109
967,397,1364
883,577,1460
488,1575,2063
826,686,1512
369,799,1168
851,539,1390
557,885,1442
374,860,1234
1521,1539,3060
612,576,1188
978,517,1495
623,732,1355
629,1819,2448
663,929,1592
749,465,1214
675,656,1331
844,583,1427
752,949,1701
250,660,910
541,680,1221
589,748,1337
419,542,961
1077,1539,2616
166,862,1028
330,598,928
728,756,1484
561,726,1287
806,1507,2313
509,612,1121
893,577,1470
472,958,1430
1124,1282,2406
349,484,833
397,711,1108
797,733,1530
352,949,1301
1481,879,2360
1465,1369,2834
223,665,888
184,479,663
427,1045,1472
1270,722,1992
262,630,892
752,444,1196
676,1219,1895
1099,321,1420
1741,777,2518
409,536,945
385,604,989
677,691,1368
465,555,1020
537,594,1131
788,1176,1964
260,656,916
997,1124,2121
398,447,845
308,641,949
960,454,1414
513,822,1335
629,533,1162
547,600,1147
767,279,1046
1374,822,2196
584,506,1090
455,668,1123
503,428,931
578,642,1220
1005,466,1471
379,789,1168
225,1730,1955
470,745,1215
547,673,1220
1029,1061,2090
520,759,1279
152,1106,1258
613,383,996
759,956,1715
926,430,1356
671,505,1176
424,1745,2169
433,787,1220
188,617,805
518,959,1477
320,549,869
543,928,1471
293,957,1250
476,1110,1586
456,656,1112
461,929,1390
693,830,1523
562,888,1450
223,621,844
681,1014,1695
292,460,752
290,835,1125
553,1052,1605
271,1840,2111
873,813,1686
60,978,1038
940,695,1635
637,658,1295
519,1024,1543
726,602,1328
562,608,1170
908,426,1334
1013,968,1981
330,667,997
881,493,1374
306,953,1259
503,1094,1597
435,514,949
631,470,1101
549,931,1480
377,1181,1558
703,311,1014
652,820,1472
894,664,1558
720,822,1542
519,761,1280
1482,957,2439
939,449,1388
797,458,1255
601,1019,1620
1670,1216,2886
898,749,1647
454,407,861
553,1147,1700
492,802,1294
698,1067,1765
350,799,1149
429,594,1023
775,257,1032
614,999,1613
1636,1019,2655
473,823,1296
565,494,1059
468,438,906
392,1204,1596
839,533,1372
211,921,1132
409,1118,1527
668,839,1507
325,898,1223
317,819,1136
516,383,899
943,439,1382
388,670,1058
760,940,1700
251,940,1191
714,822,1536
528,735,1263
925,814,1739
295,910,1205
1133,542,1675
365,773,1138
677,451,1128
642,921,1563
866,420,1286
776,415,1191
731,549,1280
863,518,1381
955,804,1759
478,425,903
532,396,928
816,442,1258
917,765,1682
623,1010,1633
47,528,575
446,411,857
773,680,1453
972,801,1773
763,187,950
245,774,1019
428,256,684
253,770,1023
818,917,1735
218,402,620
301,388,689
844,756,1600
1118,1385,2503
381,547,928
829,572,1401
575,157,732
261,561,822
617,456,1073
355,591,946
25,327,352
498,393,891
299,696,995
878,1613,2491
635,810,1445
666,812,1478
391,521,912
812,1585,2397
59,322,381
276,941,1217
545,764,1309
309,855,1164
1008,644,1652
784,577,1361
305,2354,2659
531,382,913
843,948,1791
456,708,1164
151,294,445
442,675,1117
472,1231,1703
189,710,899
361,2325,2686
724,1060,1784
332,489,821
637,796,1433
251,719,970
762,1072,1834
780,616,1396
148,762,910
505,778,1283
693,1160,1853
456,736,1192
360,680,1040
1322,406,1728
183,948,1131
748,976,1724
587,648,1235
609,355,964
849,907,1756
597,1457,2054
375,671,1046
1498,876,2374
756,514,1270
577,1411,1988
102,419,521
1138,602,1740
223,2488,2711
343,433,776
593,892,1485
269,455,724
170,938,1108
822,871,1693
367,1323,1690
700,987,1687
885,876,1761
878,859,1737
888,854,1742
221,1620,1841
418,892,1310
459,814,1273
906,809,1715
318,1427,1745
195,960,1155
1273,744,2017
659,930,1589
497,1002,1499
404,746,1150
266,1749,2015
587,625,1212
606,1051,1657
739,846,1585
484,955,1439
279,1900,2179
782,1003,1785
344,927,1271
661,615,1276
1290,894,2184
745,532,1277
547,986,1533
656,952,1608
551,1244,1795
568,593,1161
856,792,1648
653,858,1511
541,690,1231
498,562,1060
1314,850,2164
513,3031,3544
813,609,1422
391,1325,1716
1292,733,2025
877,396,1273
763,541,1304
919,709,1628
880,793,1673
848,474,1322
1491,669,2160
2256,2019,4275
645,505,1150
517,368,885
781,364,1145
772,720,1492
1685,625,2310
2127,1970,4097
676,479,1155
356,311,667
558,710,1268
226,475,701
709,754,1463
362,468,830
227,257,484
894,973,1867
670,808,1478
797,601,1398
853,751,1604
2941,1119,4060
188,900,1088
340,446,786
1931,681,2612
552,637,1189
508,503,1011
570,397,967
370,529,899
358,747,1105
905,385,1290
480,918,1398
1588,172,1760
626,562,1188
31,313,344
673,1269,1942
112,384,496
963,510,1473
81,303,384
67,484,551
1093,1216,2309
199,790,989
82,694,776
42,487,529
128,468,596
509,880,1389
701,743,1444
208,435,643
201,761,962
607,1153,1760
197,787,984
220,425,645
251,1004,1255
289,472,761
537,552,1089
1893,662,2555
484,546,1030
670,1100,1770
865,873,1738
20,728,748
945,1356,2301
755,669,1424
735,1222,1957
442,492,934
476,656,1132
150,1308,1458
220,708,928
687,557,1244
690,471,1161
417,1130,1547
372,754,1126
909,532,1441
285,1298,1583
806,608,1414
688,841,1529
337,1383,1720
201,1309,1510
189,787,976
349,591,940
921,661,1582
846,628,1474
190,583,773
260,578,838
1145,475,1620
977,597,1574
394,807,1201
266,1592,1858
1060,484,1544
1115,593,1708
739,475,1214
301,578,879
660,1077,1737
622,518,1140
80,774,854
238,702,940
1164,813,1977
481,636,1117
115,300,415
248,786,1034
503,477,980
730,1243,1973
241,1761,2002
423,627,1050
271,772,1043
444,1620,2064
1212,874,2086
512,646,1158
654,1431,2085
627,404,1031
1393,747,2140
699,1289,1988
318,744,1062
261,841,1102
378,515,893
694,827,1521
437,687,1124
487,741,1228
1306,454,1760
698,554,1252
945,603,1548
284,685,969
673,877,1550
1099,323,1422
568,534,1102
1150,432,1582
775,245,1020
551,712,1263
507,824,1331
420,678,1098
480,1053,1533
724,604,1328
1177,489,1666
747,271,1018
385,251,636
721,935,1656
616,545,1161
1218,697,1915
444,468,912
513,1097,1610
361,865,1226
423,780,1203
185,695,880
269,1209,1478
291,1212,1503
603,723,1326
659,783,1442
918,645,1563
423,1053,1476
320,1693,2013
631,253,884
375,522,897
808,507,1315
305,850,1155
582,1413,1995
649,522,1171
643,409,1052
717,457,1174
701,811,1512
767,487,1254
37,502,539
495,315,810
345,960,1305
784,1261,2045
950,328,1278
771,346,1117
61,557,618
214,413,627
482,1006,1488
542,809,1351
1031,342,1373
414,332,746
62,659,721
542,742,1284
278,432,710
495,969,1464
99,561,660
311,343,654
1443,427,1870
426,798,1224
1002,375,1377
148,645,793
461,867,1328
593,910,1503
369,358,727
933,822,1755
564,301,865
176,817,993
341,774,1115
1159,395,1554
865,323,1188
806,502,1308
452,939,1391
1582,503,2085
22,358,380
736,625,1361
29,462,491
777,656,1433
45,357,402
605,762,1367
49,351,400
809,730,1539
822,847,1669
63,652,715
22,354,376
944,775,1719
21,783,804
322,476,798
57,408,465
702,931,1633
234,483,717
261,703,964
53,938,991
743,858,1601
370,362,732
214,807,1021
33,941,974
132,285,417
77,452,529
774,900,1674
356,622,978
183,290,473
110,811,921
29,916,945
127,637,764
681,324,1005
362,658,1020
159,829,988
26,1074,1100
147,484,631
219,303,522
23,1233,1256
166,913,1079
169,1016,1185
156,458,614
491,627,1118
38,786,824
82,1267,1349
220,453,673
729,311,1040
440,983,1423
297,981,1278
431,1067,1498
238,997,1235
257,845,1102
79,1343,1422
352,1093,1445
147,995,1142
588,543,1131
806,812,1618
615,897,1512
528,996,1524
667,622,1289
1052,558,1610
282,356,638
285,1511,1796
337,712,1049
346,618,964
572,969,1541
768,415,1183
387,609,996
210,576,786
707,506,1213
396,936,1332
710,462,1172
460,1491,1951
553,965,1518
807,421,1228
299,584,883
909,1174,2083
782,800,1582
528,251,779
640,1063,1703
562,1135,1697
557,826,1383
355,514,869
760,609,1369
239,1262,1501
573,1242,1815
835,616,1451
320,789,1109
453,729,1182
185,1370,1555
1145,700,1845
860,768,1628
1039,666,1705
605,382,987
880,611,1491
881,410,1291
814,952,1766
496,645,1141
269,719,988
759,584,1343
883,1235,2118
377,975,1352
664,1411,2075
720,781,1501
963,1087,2050
1336,750,2086
803,1382,2185
503,1105,1608
1084,839,1923
520,437,957
704,779,1483
584,791,1375
454,646,1100
1111,540,1651
695,806,1501
404,514,918
505,1276,1781
539,729,1268
265,622,887
427,1161,1588
776,596,1372
473,583,1056
470,591,1061
893,613,1506
981,807,1788
323,593,916
1315,600,1915
625,582,1207
768,601,1369
689,913,1602
1135,622,1757
1310,645,1955
695,623,1318
374,603,977
606,592,1198
980,771,1751
468,517,985
754,926,1680
278,1062,1340
566,727,1293
568,568,1136
471,591,1062
693,580,1273
1268,909,2177
285,639,924
304,634,938
531,755,1286
456,937,1393
693,605,1298
375,468,843
440,700,1140
1070,1296,2366
370,605,975
418,613,1031
946,529,1475
94,1149,1243
1212,616,1828
500,726,1226
698,1144,1842
657,585,1242
997,880,1877
434,1129,1563
457,994,1451
424,938,1362
522,1447,1969
652,810,1462
521,1204,1725
550,822,1372
405,1913,2318
1020,397,1417
503,1202,1705
515,891,1406
455,2041,2496
540,1267,1807
686,377,1063
579,1002,1581
690,1469,2159
1065,1446,2511
706,1056,1762
772,348,1120
561,995,1556
784,1526,2310
530,825,1355
909,798,1707
537,560,1097
796,577,1373
1103,579,1682
1630,625,2255
442,1008,1450
687,584,1271
533,1351,1884
395,1210,1605
1263,1129,2392
817,410,1227
959,523,1482
1811,534,2345
449,880,1329
984,327,1311
1051,1008,2059
291,1293,1584
1167,1155,2322
481,961,1442
818,594,1412
1352,613,1965
609,593,1202
89,409,498
567,713,1280
948,763,1711
60,625,685
1443,624,2067
252,522,774
1014,614,1628
74,643,717
813,837,1650
974,359,1333
122,551,673
383,373,756
1103,873,1976
1203,796,1999
849,419,1268
99,755,854
1102,569,1671
717,639,1356
324,456,780
543,260,803
1107,670,1777
78,879,957
1060,1162,2222
307,637,944
475,734,1209
562,541,1103
903,585,1488
596,394,990
508,562,1070
495,3266,3761
137,736,873
160,673,833
925,950,1875
432,721,1153
185,503,688
159,739,898
26,657,683
133,1010,1143
831,2953,3784
683,535,1218
444,1089,1533
217,826,1043
136,471,607
240,1332,1572
860,815,1675
666,743,1409
388,1161,1549
726,3022,3748
144,1222,1366
355,731,1086
339,694,1033
799,858,1657
384,581,965
694,565,1259
67,913,980
358,686,1044
223,752,975
282,1147,1429
542,814,1356
716,777,1493
874,765,1639
341,919,1260
180,843,1023
371,701,1072
639,1151,1790
379,1178,1557
595,733,1328
362,812,1174
461,1015,1476
177,1253,1430
905,489,1394
535,1447,1982
812,710,1522
815,492,1307
436,943,1379
552,694,1246
128,1475,1603
1025,359,1384
883,761,1644
637,999,1636
400,1093,1493
1005,711,1716
575,322,897
706,820,1526
567,1061,1628
848,316,1164
660,1115,1775
835,3262,4097
620,680,1300
1039,670,1709
564,409,973
678,1126,1804
164,377,541
738,561,1299
1366,413,1779
874,474,1348
777,419,1196
1375,562,1937
696,820,1516
1126,995,2121
179,365,544
440,473,913
194,486,680
253,596,849
635,361,996
238,740,978
2629,1572,4201
1193,540,1733
232,636,868
2906,1791,4697
451,361,812
416,538,954
881,570,1451
18,530,548
319,281,600
731,986,1717
145,430,575
979,961,1940
2769,1734,4503
178,455,633
266,838,1104
1498,938,2436
321,306,627
845,866,1711
644,1493,2137
483,790,1273
387,392,779
476,1024,1500
435,1197,1632
369,319,688
419,1148,1567
518,2012,2530
1629,482,2111
1014,1141,2155
129,801,930
914,1433,2347
57,414,471
662,1219,1881
44,355,399
399,1209,1608
1341,600,1941
698,1011,1709
576,1460,2036
738,525,1263
993,1366,2359
403,2145,2548
100,616,716
833,1461,2294
79,1196,1275
853,679,1532
512,605,1117
190,1352,1542
1549,689,2238
781,1288,2069
377,449,826
325,676,1001
310,1277,1587
889,1425,2314
1760,446,2206
713,972,1685
788,805,1593
770,981,1751
383,936,1319
999,334,1333
764,977,1741
322,1153,1475
1135,745,1880
176,1077,1253
909,847,1756
516,799,1315
510,766,1276
1097,539,1636
2006,463,2469
564,745,1309
1075,709,1784
1269,859,2128
648,903,1551
1256,916,2172
225,1440,1665
357,968,1325
1252,771,2023
858,517,1375
581,789,1370
617,598,1215
1344,858,2202
431,1002,1433
704,615,1319
1109,736,1845
418,1453,1871
162,1101,1263
164,1085,1249
327,1206,1533
539,895,1434
655,1121,1776
672,975,1647
1197,1069,2266
803,1559,2362
1015,1284,2299
779,843,1622
253,910,1163
1006,693,1699
897,1070,1967
516,1327,1843
240,1002,1242
951,1053,2004
928,918,1846
585,818,1403
839,436,1275
587,2599,3186
624,829,1453
777,1627,2404
1302,1455,2757
751,671,1422
855,2119,2974
566,622,1188
1014,1543,2557
652,1520,2172
511,671,1182
830,1973,2803
239,429,668
568,752,1320
589,665,1254
886,1466,2352
796,1798,2594
1020,1369,2389
2338,301,2639
427,318,745
680,1684,2364
969,1006,1975
296,566,862
731,683,1414
479,438,917
998,633,1631
237,499,736
1385,1356,2741
1728,273,2001
485,242,727
969,1416,2385
1757,535,2292
1294,667,1961
367,683,1050
1002,1130,2132
541,387,928
1397,635,2032
562,821,1383
943,1135,2078
500,502,1002
1264,1144,2408
787,1976,2763
298,1680,1978
986,1739,2725
47,387,434
1162,1606,2768
1261,1438,2699
666,667,1333
706,798,1504
1274,1513,2787
1295,915,2210
775,619,1394
277,1151,1428
1142,1563,2705
197,468,665
1637,1324,2961
238,698,936
1556,1110,2666
1479,425,1904
285,690,975
965,138,1103
40,244,284
658,743,1401
1135,639,1774
968,184,1152
333,843,1176
489,404,893
675,615,1290
1491,1007,2498
480,289,769
610,798,1408
1492,884,2376
376,854,1230
75,1027,1102
1364,849,2213
317,1030,1347
656,804,1460
116,1447,1563
630,235,865
1003,763,1766
923,918,1841
166,1472,1638
1066,1367,2433
61,422,483
523,1281,1804
353,1272,1625
487,366,853
822,861,1683
35,1443,1478
974,703,1677
631,520,1151
427,1508,1935
1307,427,1734
506,1221,1727
74,500,574
408,656,1064
707,635,1342
1732,994,2726
507,1141,1648
680,804,1484
668,1319,1987
78,813,891
1474,2384,3858
616,1040,1656
1276,1690,2966
588,725,1313
1102,1365,2467
1152,622,1774
680,674,1354
701,1724,2425
118,671,789
1373,422,1795
734,847,1581
1300,846,2146
739,780,1519
95,831,926
982,590,1572
381,807,1188
2208,251,2459
298,785,1083
939,477,1416
1047,904,1951
632,1599,2231
1408,664,2072
472,481,953
989,916,1905
1175,1098,2273
1127,838,1965
349,919,1268
1670,469,2139
466,681,1147
531,759,1290
508,727,1235
656,729,1385
1674,755,2429
1231,1222,2453
560,876,1436
490,378,868
1504,834,2338
674,712,1386
942,555,1497
756,598,1354
143,908,1051
1004,537,1541
360,760,1120
677,419,1096
719,804,1523
625,488,1113
425,430,855
698,465,1163
333,762,1095
665,459,1124
814,1514,2328
566,1312,1878
743,1282,2025
676,1193,1869
691,418,1109
322,1462,1784
473,1315,1788
600,1232,1832
674,1634,2308
469,520,989
688,1159,1847
622,1425,2047
527,1547,2074
434,232,666
197,1904,2101
384,1119,1503
648,1495,2143
84,389,473
616,1694,2310
461,443,904
540,1153,1693
606,1562,2168
515,1529,2044
612,1399,2011
511,612,1123
233,1380,1613
843,1359,2202
132,393,525
1162,1034,2196
653,595,1248
655,1238,1893
1044,1395,2439
595,244,839
947,1384,2331
380,638,1018
309,571,880
1156,595,1751
1580,720,2300
1428,274,1702
916,1071,1987
871,1217,2088
1442,701,2143
1287,711,1998
121,937,1058
578,358,936
1402,946,2348
1860,639,2499
1288,586,1874
185,470,655
1521,852,2373
1177,870,2047
1491,769,2260
106,616,722
183,1118,1301
1016,732,1748
1435,381,1816
1401,709,2110
352,343,695
564,891,1455
105,252,357
481,387,868
917,524,1441
1432,891,2323
158,491,649
393,443,836
1493,933,2426
1276,771,2047
429,319,748
84,729,813
774,431,1205
1248,683,1931
130,1128,1258
822,193,1015
225,762,987
180,1130,1310
1048,1097,2145
403,832,1235
625,433,1058
101,428,529
1407,1044,2451
673,722,1395
564,499,1063
999,1220,2219
661,861,1522
492,1178,1670
599,936,1535
388,1142,1530
110,563,673
1050,328,1378
55,509,564
566,1153,1719
450,796,1246
847,838,1685
512,838,1350
650,986,1636
343,487,830
919,443,1362
432,891,1323
719,796,1515
538,1050,1588
707,1167,1874
1184,454,1638
503,526,1029
227,839,1066
89,827,916
398,557,955
471,482,953
417,1355,1772
142,895,1037
507,1568,2075
1045,1042,2087
868,438,1306
699,595,1294
699,619,1318
911,594,1505
790,403,1193
248,749,997
946,601,1547
735,701,1436
1008,1241,2249
126,1159,1285
567,639,1206
735,709,1444
737,732,1469
688,1223,1911
120,427,547
313,698,1011
931,424,1355
769,845,1614
620,1100,1720
387,1244,1631
409,891,1300
462,717,1179
747,749,1496
466,1319,1785
130,647,777
501,794,1295
936,896,1832
1040,1071,2111
774,1132,1906
468,1028,1496
1246,813,2059
240,813,1053
1013,1066,2079
200,851,1051
1129,844,1973
432,669,1101
366,911,1277
1089,772,1861
1245,579,1824
488,773,1261
425,878,1303
285,1093,1378
734,583,1317
537,784,1321
979,551,1530
853,475,1328
410,612,1022
653,810,1463
589,996,1585
624,518,1142
304,844,1148
628,894,1522
740,662,1402
984,442,1426
1285,1196,2481
758,1078,1836
693,724,1417
851,845,1696
311,437,748
587,882,1469
450,1414,1864
1142,622,1764
890,559,1449
649,1364,2013
237,586,823
1386,1072,2458
430,626,1056
262,763,1025
383,529,912
273,618,891
654,880,1534
346,731,1077
348,781,1129
815,841,1656
456,685,1141
681,904,1585
570,655,1225
566,539,1105
785,1133,1918
666,1638,2304
156,546,702
853,1273,2126
1247,795,2042
806,1089,1895
73,717,790
852,1286,2138
420,819,1239
576,1495,2071
312,705,1017
690,906,1596
920,597,1517
437,1168,1605
878,788,1666
490,551,1041
948,719,1667
506,559,1065
600,1130,1730
551,1176,1727
732,916,1648
250,992,1242
734,464,1198
593,486,1079
1046,750,1796
432,854,1286
241,519,760
674,613,1287
592,721,1313
338,1068,1406
429,1057,1486
835,623,1458
1265,654,1919
615,436,1051
430,875,1305
825,482,1307
1375,893,2268
478,887,1365
600,407,1007
923,492,1415
841,620,1461
346,1046,1392
987,334,1321
424,850,1274
553,1371,1924
900,689,1589
858,799,1657
361,822,1183
584,928,1512
554,665,1219
442,840,1282
743,375,1118
764,529,1293
529,582,1111
636,868,1504
808,512,1320
274,581,855
166,651,817
379,1052,1431
824,490,1314
258,1397,1655
385,1927,2312
655,974,1629
723,613,1336
885,1103,1988
350,428,778
417,1082,1499
1020,936,1956
745,667,1412
158,528,686
524,1791,2315
871,638,1509
664,426,1090
1338,552,1890
463,454,917
365,544,909
404,973,1377
396,1326,1722
558,610,1168
336,401,737
529,1843,2372
703,528,1231
962,658,1620
1325,713,2038
333,631,964
985,467,1452
348,1395,1743
555,1201,1756
257,568,825
1827,551,2378
275,1205,1480
972,546,1518
378,720,1098
522,429,951
384,1300,1684
488,1107,1595
592,1029,1621
401,609,1010
833,816,1649
1670,716,2386
401,1046,1447
657,1198,1855
1076,796,1872
376,733,1109
430,687,1117
438,512,950
525,994,1519
1812,713,2525
255,863,1118
545,740,1285
299,772,1071
1328,595,1923
951,616,1567
253,519,772
400,855,1255
559,767,1326
343,595,938
332,692,1024
288,862,1150
406,709,1115
1016,478,1494
934,673,1607
838,676,1514
518,1006,1524
687,442,1129
1126,670,1796
798,490,1288
657,834,1491
315,887,1202
354,477,831
1202,798,2000
475,941,1416
745,621,1366
724,364,1088
150,678,828
334,507,841
270,1054,1324
547,461,1008
534,336,870
436,592,1028
964,872,1836
597,481,1078
333,693,1026
146,1051,1197
765,816,1581
216,744,960
730,646,1376
450,974,1424
165,496,661
215,446,661
564,779,1343
193,1690,1883
233,622,855
811,942,1753
341,1438,1779
374,645,1019
387,348,735
266,602,868
428,759,1187
764,609,1373
455,1464,1919
240,609,849
718,733,1451
716,1215,1931
635,775,1410
836,1297,2133
477,519,996
386,626,1012
432,742,1174
329,592,921
382,648,1030
695,669,1364
562,673,1235
619,942,1561
446,660,1106
103,993,1096
728,843,1571
477,1196,1673
427,644,1071
1296,447,1743
137,670,807
463,829,1292
574,1075,1649
599,1111,1710
600,565,1165
410,968,1378
519,887,1406
802,1491,2293
501,624,1125
1343,909,2252
785,667,1452
947,1309,2256
642,1074,1716
447,458,905
419,392,811
338,987,1325
357,1380,1737
611,554,1165
1110,912,2022
480,628,1108
883,597,1480
550,1441,1991
305,1265,1570
173,1268,1441
136,1092,1228
586,581,1167
475,677,1152
770,525,1295
1394,533,1927
542,1124,1666
634,656,1290
271,488,759
532,758,1290
639,536,1175
1164,558,1722
694,705,1399
799,541,1340
995,528,1523
1452,427,1879
1045,364,1409
183,858,1041
1033,415,1448
534,555,1089
339,762,1101
680,488,1168
527,492,1019
1219,2120,3339
544,173,717
594,152,746
782,1417,2199
960,2034,2994
884,1977,2861
84,165,249
1238,1805,3043
594,1370,1964
467,2103,2570
124,204,328
85,209,294
1339,1115,2454
82,499,581
492,1501,1993
830,1822,2652
164,314,478
901,310,1211
851,379,1230
1171,1802,2973
111,587,698
890,434,1324
198,601,799
149,602,751
126,617,743
549,1440,1989
865,394,1259
545,484,1029
1998,444,2442
1270,1426,2696
338,645,983
350,504,854
1087,1660,2747
1582,770,2352
25,641,666
970,2386,3356
1394,807,2201
25,428,453
167,816,983
1905,799,2704
1036,975,2011
46,621,667
544,640,1184
184,489,673
868,2193,3061
1418,498,1916
224,601,825
1091,957,2048
1003,692,1695
663,740,1403
419,500,919
45,1027,1072
249,489,738
423,709,1132
1530,1219,2749
270,568,838
658,539,1197
2321,672,2993
376,477,853
412,651,1063
1944,660,2604
532,514,1046
291,722,1013
657,670,1327
23,832,855
581,542,1123
532,794,1326
860,525,1385
219,1262,1481
303,931,1234
336,486,822
23,1727,1750
367,548,915
479,619,1098
203,1172,1375
468,1990,2458
449,749,1198
544,554,1098
418,1108,1526
635,833,1468
938,537,1475
369,1354,1723
523,564,1087
349,531,880
648,512,1160
562,878,1440
675,531,1206
567,560,1127
404,698,1102
193,1615,1808
25,1974,1999
333,862,1195
683,266,949
236,1854,2090
497,297,794
1002,1114,2116
225,976,1201
431,583,1014
533,451,984
1622,550,2172
211,1995,2206
289,1240,1529
1841,329,2170
397,852,1249
423,1545,1968
474,719,1193
370,1066,1436
444,1074,1518
549,1749,2298
659,1318,1977
736,462,1198
1094,406,1500
439,355,794
669,1186,1855
507,466,973
123,697,820
430,1650,2080
641,416,1057
1686,799,2485
1600,1006,2606
1135,361,1496
1059,315,1374
429,1125,1554
1132,1383,2515
1730,1185,2915
951,523,1474
767,604,1371
198,414,612
740,1126,1866
386,696,1082
344,473,817
300,608,908
783,1086,1869
211,548,759
1558,727,2285
1321,1239,2560
467,1191,1658
179,549,728
941,1534,2475
335,986,1321
841,1140,1981
527,826,1353
521,298,819
996,1716,2712
567,921,1488
98,851,949
1177,930,2107
1022,1008,2030
558,833,1391
1618,836,2454
1140,729,1869
1948,928,2876
899,588,1487
1516,666,2182
324,660,984
677,1474,2151
733,303,1036
1127,476,1603
1293,1331,2624
978,458,1436
792,325,1117
569,293,862
887,479,1366
1204,976,2180
382,337,719
921,781,1702
931,1398,2329
1542,1210,2752
989,858,1847
1610,397,2007
502,710,1212
245,442,687
132,282,414
373,858,1231
675,801,1476
1259,1184,2443
174,404,578
1142,352,1494
746,676,1422
271,757,1028
251,387,638
504,1412,1916
399,1213,1612
63,423,486
1075,1011,2086
336,508,844
593,1240,1833
231,329,560
471,539,1010
1222,704,1926
531,813,1344
276,344,620
688,563,1251
288,805,1093
261,664,925
610,1285,1895
605,478,1083
334,970,1304
864,479,1343
1036,1096,2132
902,492,1394
79,817,896
727,578,1305
299,783,1082
838,843,1681
416,398,814
437,827,1264
218,874,1092
1303,794,2097
241,469,710
495,571,1066
394,759,1153
1064,385,1449
274,473,747
690,449,1139
506,329,835
675,600,1275
1155,740,1895
138,2991,3129
385,291,676
875,724,1599
376,432,808
1015,686,1701
129,954,1083
163,455,618
339,615,954
169,969,1138
538,345,883
627,260,887
340,785,1125
161,990,1151
537,593,1130
583,934,1517
331,549,880
929,282,1211
501,692,1193
358,588,946
203,1175,1378
371,550,921
890,286,1176
654,1497,2151
183,592,775
486,919,1405
635,331,966
716,1225,1941
175,1416,1591
451,696,1147
406,1219,1625
834,611,1445
620,595,1215
755,291,1046
486,271,757
1288,201,1489
163,940,1103
1494,196,1690
245,450,695
380,295,675
712,1928,2640
148,448,596
293,1012,1305
436,513,949
415,455,870
1005,201,1206
169,526,695
593,963,1556
152,514,666
474,564,1038
510,304,814
208,946,1154
767,2092,2859
398,845,1243
1136,244,1380
223,550,773
1259,1670,2929
230,492,722
1173,585,1758
371,568,939
287,494,781
176,576,752
137,604,741
339,509,848
573,1006,1579
253,1078,1331
539,822,1361
368,469,837
767,825,1592
426,369,795
1588,688,2276
534,373,907
605,1384,1989
1790,834,2624
859,690,1549
704,4161,4865
483,487,970
836,874,1710
464,4096,4560
807,767,1574
402,658,1060
868,1085,1953
2666,1958,4624
357,485,842
26,652,678
2055,1991,4046
412,489,901
710,1021,1731
1455,654,2109
431,591,1022
954,988,1942
787,1019,1806
203,450,653
119,410,529
89,794,883
175,918,1093
3811,275,4086
140,925,1065
140,918,1058
324,836,1160
1908,463,2371
392,787,1179
262,893,1155
480,746,1226
285,785,1070
253,917,1170
524,753,1277
649,293,942
535,739,1274
576,474,1050
1773,465,2238
297,698,995
718,636,1354
733,246,979
360,696,1056
235,1180,1415
157,763,920
71,861,932
73,727,800
1190,816,2006
668,704,1372
410,1037,1447
626,638,1264
760,256,1016
518,608,1126
632,780,1412
191,649,840
351,1512,1863
600,1390,1990
499,448,947
713,724,1437
588,546,1134
801,828,1629
628,623,1251
794,1195,1989
581,540,1121
531,2359,2890
682,1209,1891
324,1200,1524
686,802,1488
653,950,1603
452,489,941
628,1484,2112
300,2181,2481
913,1215,2128
442,1026,1468
761,1868,2629
374,1245,1619
1164,1025,2189
712,1284,1996
100,1169,1269
1970,696,2666
852,790,1642
1272,899,2171
149,1178,1327
657,1306,1963
1041,282,1323
599,1210,1809
474,1235,1709
392,1334,1726
622,1147,1769
296,656,952
750,1008,1758
485,1550,2035
514,869,1383
842,329,1171
905,621,1526
1134,792,1926
1126,837,1963
873,265,1138
507,962,1469
601,531,1132
1077,566,1643
117,297,414
533,1441,1974
346,1134,1480
421,1014,1435
1040,427,1467
1117,919,2036
1036,443,1479
1937,410,2347
721,439,1160
1004,706,1710
864,1278,2142
92,1027,1119
1170,1008,2178
549,1006,1555
286,174,460
878,674,1552
1329,740,2069
1077,726,1803
1709,872,2581
1204,442,1646
1017,774,1791
312,1028,1340
614,1152,1766
133,490,623
629,316,945
414,905,1319
234,1088,1322
741,993,1734
878,335,1213
1074,855,1929
868,701,1569
947,637,1584
374,428,802
774,815,1589
1069,932,2001
81,610,691
242,944,1186
706,851,1557
548,407,955
582,567,1149
470,1138,1608
825,680,1505
231,627,858
622,1250,1872
138,597,735
541,866,1407
739,618,1357
378,965,1343
1476,868,2344
628,988,1616
319,639,958
856,772,1628
409,654,1063
104,968,1072
248,643,891
847,579,1426
915,567,1482
474,644,1118
639,1479,2118
615,490,1105
78,724,802
395,716,1111
765,931,1696
188,838,1026
617,398,1015
569,1131,1700
670,1537,2207
257,778,1035
873,324,1197
829,328,1157
746,1090,1836
511,577,1088
681,727,1408
1573,324,1897
574,677,1251
954,1083,2037
219,836,1055
610,823,1433
597,1167,1764
580,907,1487
534,922,1456
888,469,1357
648,586,1234
1305,372,1677
926,547,1473
655,359,1014
699,883,1582
250,989,1239
423,643,1066
705,686,1391
880,645,1525
536,462,998
712,944,1656
986,357,1343
795,652,1447
718,778,1496
75,480,555
604,819,1423
609,506,1115
497,891,1388
1082,737,1819
528,760,1288
645,617,1262
669,601,1270
774,457,1231
81,486,567
1129,461,1590
23,596,619
179,1155,1334
869,637,1506
537,863,1400
392,532,924
400,938,1338
456,1067,1523
642,994,1636
289,1129,1418
718,720,1438
234,581,815
402,1022,1424
379,428,807
222,594,816
420,783,1203
409,397,806
31,195,226
526,593,1119
557,267,824
424,642,1066
267,750,1017
211,513,724
711,1063,1774
85,253,338
439,698,1137
532,233,765
373,668,1041
359,757,1116
153,1030,1183
144,251,395
490,711,1201
392,240,632
409,751,1160
114,219,333
203,260,463
129,247,376
163,210,373
183,228,411
201,190,391
191,214,405
200,179,379
201,192,393
180,156,336
205,133,338
181,174,355
211,163,374
197,169,366
289,1014,1303
233,147,380
382,1117,1499
211,311,522
472,1555,2027
600,1392,1992
655,1453,2108
1011,1480,2491
468,1382,1850
1845,660,2505
330,370,700
816,1470,2286
196,604,800
1963,244,2207
489,582,1071
1679,698,2377
1136,376,1512
1772,260,2032
691,368,1059
1379,565,1944
1806,906,2712
541,268,809
1210,182,1392
260,875,1135
1330,776,2106
1210,818,2028
123,333,456
1276,1047,2323
1546,829,2375
1673,585,2258
1543,941,2484
1279,829,2108
1615,788,2403
2068,734,2802
1434,717,2151
1338,1024,2362
158,338,496
1344,875,2219
477,370,847
289,797,1086
227,475,702
363,735,1098
1315,974,2289
463,632,1095
416,942,1358
1417,1004,2421
182,1006,1188
238,805,1043
1605,781,2386
48,502,550
722,617,1339
189,711,900
1354,950,2304
134,605,739
750,609,1359
619,1140,1759
249,1319,1568
599,739,1338
503,1053,1556
628,457,1085
283,805,1088
482,949,1431
350,431,781
354,639,993
946,427,1373
429,620,1049
575,993,1568
707,710,1417
471,633,1104
484,783,1267
640,919,1559
852,928,1780
400,580,980
424,617,1041
546,652,1198
543,754,1297
561,575,1136
616,1117,1733
815,321,1136
505,1072,1577
107,1294,1401
896,922,1818
744,906,1650
779,1385,2164
335,1317,1652
411,633,1044
310,487,797
588,1196,1784
936,801,1737
1217,841,2058
1112,634,1746
151,978,1129
716,443,1159
860,1047,1907
887,1102,1989
566,983,1549
736,865,1601
600,978,1578
203,835,1038
892,1169,2061
356,999,1355
372,1060,1432
407,881,1288
1237,394,1631
1232,452,1684
776,353,1129
544,1168,1712
1049,636,1685
1210,579,1789
434,1136,1570
569,974,1543
195,1509,1704
549,1086,1635
933,797,1730
648,1101,1749
892,610,1502
670,1516,2186
1173,370,1543
999,983,1982
915,764,1679
1072,1172,2244
1060,982,2042
823,984,1807
530,1017,1547
445,1451,1896
715,1125,1840
596,1081,1677
210,1253,1463
672,1815,2487
1021,789,1810
1036,952,1988
75,722,797
468,966,1434
42,651,693
854,766,1620
470,1525,1995
92,998,1090
374,1618,1992
243,1425,1668
321,558,879
1424,508,1932
173,867,1040
1082,1169,2251
519,772,1291
166,979,1145
817,1722,2539
942,1238,2180
587,767,1354
607,524,1131
693,704,1397
758,773,1531
757,503,1260
1229,1208,2437
753,1070,1823
685,831,1516
1727,1019,2746
289,797,1086
581,970,1551
957,141,1098
561,800,1361
641,532,1173
339,1126,1465
688,743,1431
714,874,1588
722,952,1674
608,1299,1907
597,706,1303
684,666,1350
427,1133,1560
789,992,1781
568,1268,1836
151,716,867
516,1171,1687
453,997,1450
946,1073,2019
1317,1451,2768
739,948,1687
621,875,1496
524,716,1240
720,252,972
879,1562,2441
212,1175,1387
464,1104,1568
782,537,1319
1029,750,1779
955,2859,3814
1427,2211,3638
770,557,1327
881,2049,2930
887,635,1522
1332,2657,3989
1006,309,1315
957,872,1829
1063,1893,2956
1336,1823,3159
1009,912,1921
1019,1629,2648
2718,437,3155
701,849,1550
1691,428,2119
725,563,1288
2468,262,2730
1725,240,1965
539,375,914
1511,209,1720
654,267,921
1706,361,2067
418,1937,2355
1279,2323,3602
814,1330,2144
703,1231,1934
900,1574,2474
841,1706,2547
40,1657,1697
672,768,1440
686,333,1019
197,1478,1675
1131,2499,3630
77,1198,1275
579,671,1250
2069,1692,3761
871,1486,2357
976,1689,2665
95,728,823
1588,1346,2934
179,1441,1620
92,1879,1971
260,1493,1753
74,1733,1807
827,1908,2735
482,433,915
457,1521,1978
1377,429,1806
249,525,774
307,435,742
543,1454,1997
2370,425,2795
391,771,1162
237,1964,2201
155,1874,2029
1554,458,2012
1074,1763,2837
125,777,902
1542,606,2148
550,1650,2200
1288,462,1750
899,2423,3322
339,633,972
1633,604,2237
235,464,699
1370,525,1895
417,397,814
368,285,653
1261,791,2052
1771,493,2264
1111,2132,3243
1734,431,2165
771,1521,2292
222,657,879
1431,581,2012
412,291,703
1460,1180,2640
1236,679,1915
265,696,961
1500,433,1933
1775,838,2613
376,613,989
361,364,725
2292,387,2679
1818,787,2605
425,647,1072
1399,1319,2718
1459,755,2214
496,598,1094
207,440,647
1439,1069,2508
465,476,941
749,1955,2704
722,531,1253
791,350,1141
1952,496,2448
415,778,1193
71,607,678
391,1138,1529
387,810,1197
1719,312,2031
231,766,997
997,792,1789
736,534,1270
418,643,1061
557,800,1357
969,589,1558
321,1989,2310
403,743,1146
326,690,1016
1127,427,1554
103,322,425
501,1236,1737
495,577,1072
331,735,1066
679,785,1464
475,408,883
167,653,820
509,316,825
1185,644,1829
613,853,1466
169,507,676
323,662,985
748,636,1384
609,1095,1704
236,640,876
528,414,942
512,428,940
429,1142,1571
418,948,1366
431,2282,2713
613,697,1310
665,380,1045
614,1282,1896
97,610,707
688,1446,2134
1131,631,1762
665,960,1625
583,472,1055
420,1417,1837
1772,1140,2912
509,526,1035
744,456,1200
225,538,763
315,643,958
359,1305,1664
859,642,1501
603,966,1569
509,626,1135
649,1224,1873
1833,1274,3107
770,865,1635
328,733,1061
194,862,1056
748,617,1365
555,801,1356
442,1310,1752
1074,603,1677
877,452,1329
997,940,1937
2247,1061,3308
334,896,1230
504,638,1142
1152,834,1986
997,806,1803
557,552,1109
1075,561,1636
1184,475,1659
737,302,1039
384,892,1276
197,1067,1264
1281,773,2054
486,863,1349
1175,474,1649
431,634,1065
1043,810,1853
618,451,1069
413,405,818
477,1002,1479
486,892,1378
415,918,1333
831,427,1258
675,896,1571
442,692,1134
646,775,1421
478,982,1460
667,452,1119
371,598,969
453,1390,1843
349,624,973
216,738,954
248,988,1236
634,546,1180
539,730,1269
355,458,813
390,550,940
449,701,1150
569,1211,1780
377,948,1325
439,1006,1445
811,637,1448
591,1048,1639
864,609,1473
832,810,1642
367,462,829
1150,532,1682
306,738,1044
645,1019,1664
566,429,995
481,1038,1519
819,657,1476
631,862,1493
456,439,895
644,673,1317
789,759,1548
529,570,1099
309,430,739
871,821,1692
383,650,1033
707,581,1288
727,656,1383
405,1245,1650
671,660,1331
461,554,1015
945,512,1457
384,826,1210
393,585,978
863,804,1667
726,1208,1934
664,590,1254
829,872,1701
676,1424,2100
990,444,1434
503,615,1118
511,1025,1536
754,533,1287
949,898,1847
921,761,1682
772,1388,2160
654,487,1141
379,793,1172
872,1212,2084
704,868,1572
532,1794,2326
695,597,1292
378,995,1373
1135,1324,2459
493,1020,1513
569,748,1317
108,863,971
628,798,1426
1058,864,1922
85,971,1056
1352,824,2176
786,942,1728
239,887,1126
137,940,1077
816,705,1521
1331,738,2069
305,1031,1336
366,847,1213
422,903,1325
198,610,808
1664,541,2205
1219,695,1914
914,926,1840
979,321,1300
596,788,1384
508,879,1387
873,745,1618
363,1133,1496
796,554,1350
865,569,1434
247,1630,1877
888,435,1323
656,1067,1723
813,620,1433
662,498,1160
744,516,1260
907,421,1328
1128,462,1590
995,564,1559
504,1582,2086
913,831,1744
789,971,1760
560,829,1389
1057,494,1551
77,562,639
768,471,1239
364,520,884
669,576,1245
436,795,1231
1046,1002,2048
340,579,919
570,1067,1637
238,654,892
323,546,869
557,901,1458
663,421,1084
685,751,1436
1055,660,1715
746,886,1632
604,964,1568
222,663,885
891,801,1692
809,1129,1938
424,557,981
754,573,1327
448,922,1370
322,1064,1386
461,465,926
489,1657,2146
343,887,1230
281,646,927
465,448,913
1444,1293,2737
683,2394,3077
484,417,901
952,496,1448
1378,1161,2539
684,455,1139
324,916,1240
499,903,1402
435,1043,1478
220,454,674
802,618,1420
491,2407,2898
669,396,1065
528,592,1120
1402,905,2307
329,832,1161
713,929,1642
470,752,1222
108,1106,1214
257,385,642
731,507,1238
797,2232,3029
469,510,979
570,689,1259
919,392,1311
346,778,1124
526,859,1385
272,628,900
402,966,1368
306,498,804
792,614,1406
967,704,1671
753,616,1369
519,910,1429
384,516,900
351,885,1236
670,888,1558
318,558,876
504,804,1308
380,733,1113
1050,655,1705
542,615,1157
351,800,1151
744,668,1412
767,823,1590
647,841,1488
946,533,1479
614,575,1189
659,931,1590
2183,758,2941
749,474,1223
926,433,1359
131,498,629
953,663,1616
1016,464,1480
748,786,1534
712,748,1460
2319,1138,3457
62,581,643
744,624,1368
67,706,773
439,679,1118
132,1082,1214
1395,881,2276
369,855,1224
165,1068,1233
2189,1726,3915
252,1176,1428
293,1057,1350
459,897,1356
62,1266,1328
698,1535,2233
483,946,1429
840,1341,2181
189,827,1016
96,1380,1476
424,1251,1675
363,1309,1672
396,869,1265
718,948,1666
590,1885,2475
579,916,1495
576,936,1512
317,1059,1376
772,1662,2434
1010,544,1554
208,1279,1487
525,1201,1726
335,1177,1512
960,810,1770
803,1113,1916
467,847,1314
427,1162,1589
1350,644,1994
307,1626,1933
555,485,1040
537,1191,1728
457,780,1237
741,528,1269
1464,645,2109
670,1203,1873
969,857,1826
378,1296,1674
1498,503,2001
1239,628,1867
451,481,932
601,448,1049
997,476,1473
1305,436,1741
571,923,1494
355,1836,2191
1153,522,1675
849,769,1618
1661,391,2052
1399,921,2320
661,422,1083
725,653,1378
1024,271,1295
376,605,981
625,527,1152
110,638,748
347,422,769
267,934,1201
309,521,830
807,944,1751
435,371,806
609,1548,2157
306,448,754
514,421,935
159,473,632
453,321,774
717,892,1609
429,901,1330
69,372,441
1222,1222,2444
228,451,679
168,836,1004
1794,869,2663
226,1003,1229
533,469,1002
910,852,1762
597,542,1139
1254,322,1576
288,244,532
1371,671,2042
322,862,1184
559,634,1193
278,633,911
754,1031,1785
197,784,981
304,618,922
332,642,974
617,712,1329
801,528,1329
195,732,927
375,798,1173
85,484,569
993,481,1474
807,830,1637
863,439,1302
350,524,874
137,755,892
843,522,1365
758,446,1204
199,744,943
216,798,1014
333,1149,1482
386,703,1089
663,548,1211
176,1377,1553
569,763,1332
435,520,955
435,365,800
521,1108,1629
264,575,839
600,552,1152
51,534,585
404,718,1122
553,987,1540
377,610,987
634,680,1314
240,341,581
623,1297,1920
671,422,1093
457,1235,1692
612,670,1282
114,545,659
709,931,1640
568,3435,4003
488,904,1392
667,574,1241
288,528,816
841,1139,1980
417,1080,1497
484,658,1142
901,1254,2155
197,675,872
677,895,1572
1002,3038,4040
391,669,1060
1010,684,1694
437,725,1162
1009,2974,3983
1224,963,2187
510,685,1195
1236,482,1718
935,993,1928
582,1116,1698
823,680,1503
522,941,1463
736,872,1608
728,567,1295
802,693,1495
426,1332,1758
333,1397,1730
190,1178,1368
292,896,1188
3247,525,3772
272,695,967
809,295,1104
819,730,1549
388,997,1385
595,1168,1763
716,1128,1844
2544,929,3473
459,1017,1476
953,1040,1993
396,708,1104
864,515,1379
576,921,1497
1256,278,1534
1042,496,1538
427,1127,1554
119,806,925
1107,440,1547
2842,782,3624
512,1131,1643
837,684,1521
973,289,1262
713,1059,1772
209,1059,1268
1124,670,1794
1350,446,1796
825,582,1407
392,959,1351
533,901,1434
581,1214,1795
902,557,1459
81,294,375
438,971,1409
694,670,1364
565,910,1475
439,1103,1542
358,1521,1879
201,771,972
267,919,1186
559,1634,2193
413,846,1259
116,378,494
595,561,1156
328,1060,1388
632,730,1362
995,568,1563
508,687,1195
1009,501,1510
820,922,1742
710,1543,2253
1111,670,1781
206,784,990
822,955,1777
1251,768,2019
702,619,1321
155,645,800
757,912,1669
932,513,1445
728,422,1150
532,506,1038
742,423,1165
797,615,1412
245,398,643
1059,504,1563
822,859,1681
967,740,1707
909,1079,1988
356,675,1031
1516,395,1911
394,271,665
125,528,653
1368,714,2082
823,642,1465
287,471,758
554,832,1386
429,574,1003
434,1144,1578
327,1070,1397
436,479,915
222,713,935
899,1032,1931
326,490,816
566,794,1360
375,700,1075
298,590,888
592,1017,1609
559,1090,1649
418,533,951
334,647,981
1824,366,2190
529,830,1359
396,876,1272
642,640,1282
799,285,1084
731,759,1490
437,1085,1522
49,693,742
722,816,1538
493,470,963
385,787,1172
52,729,781
269,1071,1340
326,656,982
704,736,1440
1044,500,1544
614,831,1445
340,622,962
437,535,972
713,299,1012
63,576,639
307,1409,1716
913,810,1723
190,873,1063
619,552,1171
359,1078,1437
861,960,1821
592,591,1183
415,728,1143
374,821,1195
358,1536,1894
635,501,1136
811,622,1433
650,743,1393
637,745,1382
503,947,1450
1002,808,1810
537,624,1161
403,746,1149
637,1426,2063
792,580,1372
196,649,845
64,429,493
1029,893,1922
684,728,1412
545,1224,1769
356,835,1191
598,1040,1638
701,540,1241
109,768,877
336,827,1163
116,1088,1204
272,1085,1357
634,665,1299
983,984,1967
722,668,1390
1301,661,1962
660,933,1593
409,510,919
724,999,1723
136,1296,1432
904,723,1627
663,490,1153
522,633,1155
183,1454,1637
232,476,708
423,690,1113
1387,822,2209
310,1386,1696
621,786,1407
266,486,752
891,411,1302
795,492,1287
397,665,1062
336,1050,1386
528,406,934
661,735,1396
904,823,1727
891,1323,2214
552,422,974
380,301,681
552,417,969
670,941,1611
628,830,1458
661,1347,2008
375,446,821
723,966,1689
468,762,1230
755,978,1733
388,463,851
164,861,1025
591,936,1527
291,332,623
866,1287,2153
752,1384,2136
492,788,1280
1181,426,1607
481,1369,1850
789,892,1681
477,781,1258
327,382,709
1224,706,1930
806,965,1771
400,541,941
319,522,841
1058,553,1611
959,703,1662
220,803,1023
218,529,747
1272,329,1601
661,636,1297
1259,731,1990
267,455,722
746,650,1396
772,822,1594
852,565,1417
352,661,1013
677,731,1408
671,643,1314
910,672,1582
472,328,800
439,305,744
720,1032,1752
752,826,1578
97,1297,1394
358,643,1001
448,584,1032
327,1015,1342
202,403,605
688,729,1417
506,427,933
840,918,1758
468,826,1294
452,757,1209
668,465,1133
756,313,1069
159,616,775
683,1363,2046
533,414,947
753,1053,1806
822,672,1494
213,851,1064
375,794,1169
538,1157,1695
343,699,1042
481,721,1202
601,695,1296
575,488,1063
716,457,1173
250,578,828
900,959,1859
2090,811,2901
351,1182,1533
548,336,884
712,814,1526
607,1327,1934
115,810,925
402,1243,1645
837,362,1199
193,817,1010
321,1188,1509
576,551,1127
608,1097,1705
442,717,1159
1125,2019,3144
669,159,828
178,810,988
750,402,1152
476,1260,1736
100,155,255
62,1188,1250
428,1189,1617
1215,2104,3319
309,951,1260
98,167,265
292,1589,1881
369,1408,1777
1072,1505,2577
591,403,994
446,922,1368
160,1238,1398
131,188,319
540,546,1086
1172,1021,2193
426,1703,2129
731,1106,1837
1049,437,1486
956,543,1499
631,540,1171
1922,323,2245
867,616,1483
993,694,1687
1122,604,1726
335,2013,2348
1087,763,1850
636,623,1259
1202,367,1569
151,1077,1228
1260,576,1836
951,408,1359
1113,1458,2571
685,783,1468
1287,815,2102
86,600,686
666,1676,2342
1048,908,1956
47,489,536
256,893,1149
634,661,1295
1388,638,2026
973,1549,2522
69,590,659
423,399,822
407,1687,2094
581,752,1333
195,537,732
159,820,979
550,677,1227
120,794,914
132,859,991
1399,1129,2528
250,630,880
23,636,659
145,838,983
1495,1277,2772
66,923,989
967,912,1879
408,664,1072
168,1240,1408
1323,631,1954
478,548,1026
391,534,925
143,580,723
1623,744,2367
494,659,1153
257,837,1094
1530,769,2299
471,504,975
525,790,1315
402,874,1276
570,669,1239
137,474,611
308,1071,1379
644,347,991
482,270,752
710,916,1626
729,792,1521
1468,794,2262
568,900,1468
379,285,664
1118,532,1650
912,1029,1941
587,745,1332
436,405,841
524,275,799
413,375,788
868,508,1376
689,770,1459
127,1311,1438
1026,522,1548
712,762,1474
1066,853,1919
555,1241,1796
495,806,1301
347,416,763
547,434,981
639,951,1590
497,1191,1688
790,798,1588
479,1300,1779
260,871,1131
337,1630,1967
741,419,1160
561,628,1189
378,1846,2224
450,694,1144
856,407,1263
487,803,1290
680,604,1284
555,1445,2000
705,656,1361
945,634,1579
678,724,1402
44,1609,1653
1012,400,1412
338,655,993
507,698,1205
140,519,659
280,679,959
121,568,689
263,953,1216
1225,1062,2287
566,563,1129
985,715,1700
156,1169,1325
21,403,424
1472,884,2356
1076,558,1634
603,431,1034
332,958,1290
675,794,1469
601,948,1549
450,710,1160
1236,682,1918
367,1013,1380
332,624,956
781,1206,1987
295,663,958
1501,686,2187
475,882,1357
349,628,977
584,958,1542
323,667,990
423,876,1299
228,569,797
160,489,649
1765,617,2382
506,1097,1603
221,895,1116
626,384,1010
439,666,1105
459,608,1067
696,1405,2101
377,755,1132
953,1026,1979
379,406,785
872,409,1281
466,1549,2015
278,917,1195
636,792,1428
427,412,839
873,411,1284
1042,717,1759
336,689,1025
509,779,1288
792,1277,2069
318,864,1182
383,778,1161
499,769,1268
718,804,1522
1115,411,1526
698,717,1415
937,344,1281
448,779,1227
611,380,991
1060,484,1544
561,848,1409
1285,252,1537
573,538,1111
574,256,830
607,490,1097
552,580,1132
608,444,1052
661,399,1060
689,397,1086
750,228,978
529,1129,1658
766,438,1204
603,654,1257
994,298,1292
82,270,352
586,761,1347
75,311,386
138,260,398
636,748,1384
127,301,428
197,253,450
131,290,421
179,466,645
1035,357,1392
1080,351,1431
1069,375,1444
1117,332,1449
1765,314,2079
1151,338,1489
1118,367,1485
346,689,1035
202,410,612
344,716,1060
342,738,1080
329,619,948
304,639,943
1035,485,1520
356,677,1033
573,595,1168
642,426,1068
517,500,1017
364,864,1228
259,544,803
256,641,897
135,646,781
295,454,749
342,446,788
553,807,1360
215,558,773
616,482,1098
650,518,1168
47,887,934
291,761,1052
288,986,1274
349,1009,1358
430,613,1043
350,420,770
151,799,950
400,1165,1565
147,642,789
327,794,1121
335,464,799
172,917,1089
556,1057,1613
280,607,887
406,613,1019
864,234,1098
425,730,1155
50,953,1003
286,925,1211
354,471,825
616,459,1075
400,661,1061
442,924,1366
224,656,880
574,426,1000
314,725,1039
453,733,1186
376,483,859
487,585,1072
652,610,1262
559,888,1447
399,466,865
266,923,1189
450,910,1360
561,971,1532
110,1146,1256
463,765,1228
603,608,1211
641,620,1261
923,505,1428
97,974,1071
457,304,761
796,758,1554
643,583,1226
422,672,1094
439,395,834
630,407,1037
776,935,1711
474,1264,1738
556,942,1498
539,604,1143
811,591,1402
292,437,729
524,875,1399
807,1111,1918
502,650,1152
961,1025,1986
503,563,1066
325,868,1193
900,1065,1965
491,986,1477
457,760,1217
663,597,1260
534,1034,1568
660,634,1294
999,250,1249
580,945,1525
762,1489,2251
1161,620,1781
358,834,1192
820,705,1525
302,419,721
887,552,1439
455,545,1000
998,249,1247
853,1185,2038
727,1112,1839
1130,665,1795
691,797,1488
764,1256,2020
983,961,1944
907,443,1350
425,647,1072
902,879,1781
1197,590,1787
266,845,1111
1181,539,1720
768,792,1560
472,539,1011
1043,378,1421
710,649,1359
405,365,770
1156,353,1509
685,804,1489
55,695,750
272,544,816
807,587,1394
1060,399,1459
569,853,1422
343,561,904
876,1183,2059
608,368,976
664,601,1265
103,705,808
440,524,964
176,310,486
607,1065,1672
388,563,951
794,1732,2526
635,550,1185
248,652,900
743,1536,2279
216,337,553
254,782,1036
632,623,1255
716,779,1495
455,596,1051
268,496,764
1076,1019,2095
548,402,950
256,466,722
1730,488,2218
637,690,1327
154,723,877
603,524,1127
148,3420,3568
231,784,1015
343,995,1338
25,152,177
1319,419,1738
848,702,1550
412,707,1119
478,692,1170
354,514,868
602,769,1371
524,747,1271
500,880,1380
600,546,1146
88,303,391
752,559,1311
545,612,1157
384,790,1174
435,1211,1646
273,461,734
901,2941,3842
774,1246,2020
406,409,815
882,3415,4297
442,430,872
484,700,1184
511,721,1232
518,827,1345
400,475,875
434,986,1420
1440,2846,4286
566,831,1397
381,982,1363
320,1580,1900
662,872,1534
499,813,1312
489,1033,1522
719,893,1612
378,1508,1886
195,923,1118
619,863,1482
668,1306,1974
294,1493,1787
306,836,1142
524,612,1136
548,1075,1623
167,430,597
356,1474,1830
490,332,822
625,907,1532
812,1017,1829
620,725,1345
466,1322,1788
258,1090,1348
76,762,838
827,448,1275
1119,1483,2602
665,1338,2003
809,579,1388
126,850,976
482,1408,1890
2832,752,3584
242,322,564
711,1053,1764
544,461,1005
968,433,1401
180,844,1024
3300,1164,4464
1501,615,2116
1453,442,1895
1409,632,2041
703,344,1047
865,1222,2087
683,344,1027
613,542,1155
2768,1017,3785
1244,435,1679
1296,631,1927
1165,533,1698
917,1197,2114
742,283,1025
754,1014,1768
1345,630,1975
977,366,1343
1034,685,1719
1012,853,1865
114,540,654
1730,677,2407
1200,741,1941
998,776,1774
912,808,1720
967,826,1793
829,795,1624
1337,583,1920
68,957,1025
1324,873,2197
24,716,740
32,755,787
69,780,849
30,923,953
28,845,873
907,1162,2069
60,873,933
24,1074,1098
64,1033,1097
46,890,936
256,757,1013
30,1056,1086
2061,384,2445
47,1053,1100
209,807,1016
392,758,1150
393,1129,1522
225,870,1095
36,1050,1086
61,1068,1129
605,574,1179
410,980,1390
333,841,1174
354,946,1300
42,1255,1297
622,662,1284
657,710,1367
292,792,1084
398,1247,1645
698,794,1492
75,1172,1247
608,835,1443
445,1138,1583
691,657,1348
540,683,1223
828,1011,1839
134,1134,1268
875,381,1256
222,671,893
575,859,1434
538,679,1217
834,661,1495
709,437,1146
604,589,1193
700,931,1631
587,808,1395
401,656,1057
310,1405,1715
91,1542,1633
816,645,1461
462,614,1076
759,583,1342
875,498,1373
589,551,1140
124,810,934
687,521,1208
580,850,1430
650,695,1345
513,492,1005
656,839,1495
451,651,1102
1004,927,1931
585,823,1408
347,1317,1664
469,525,994
847,1033,1880
862,1457,2319
502,360,862
819,1039,1858
571,830,1401
729,748,1477
137,1877,2014
938,373,1311
746,483,1229
711,476,1187
643,1286,1929
746,685,1431
482,536,1018
686,866,1552
996,1680,2676
657,951,1608
857,355,1212
527,765,1292
578,336,914
670,761,1431
334,2177,2511
689,1035,1724
1505,1553,3058
428,1221,1649
481,1307,1788
772,1277,2049
573,1485,2058
1157,2101,3258
519,946,1465
1214,1657,2871
320,1087,1407
414,1305,1719
1470,1527,2997
326,1431,1757
1076,2010,3086
412,1745,2157
418,1329,1747
889,1349,2238
122,1431,1553
969,1116,2085
572,699,1271
1725,1151,2876
831,1032,1863
1987,1226,3213
1083,803,1886
1062,1170,2232
1551,418,1969
631,1148,1779
1104,1025,2129
200,1587,1787
1605,921,2526
1260,1493,2753
1501,887,2388
1349,1292,2641
1152,897,2049
292,577,869
339,390,729
1241,801,2042
446,1565,2011
1881,557,2438
1202,2035,3237
289,1720,2009
162,1649,1811
1859,1293,3152
521,3088,3609
922,1608,2530
477,428,905
290,1572,1862
1347,1208,2555
475,863,1338
1503,1112,2615
175,872,1047
1622,875,2497
393,521,914
522,974,1496
371,867,1238
610,823,1433
1242,877,2119
599,849,1448
417,1227,1644
1477,857,2334
246,777,1023
699,2981,3680
1388,385,1773
665,839,1504
636,730,1366
399,858,1257
1391,1121,2512
438,907,1345
571,1191,1762
1054,719,1773
724,883,1607
801,1192,1993
926,800,1726
404,1220,1624
1511,2353,3864
473,613,1086
1959,1182,3141
615,605,1220
989,1148,2137
1031,1118,2149
119,790,909
929,485,1414
332,1023,1355
485,973,1458
1073,658,1731
612,634,1246
427,663,1090
782,864,1646
585,1447,2032
625,1063,1688
951,744,1695
531,1083,1614
531,668,1199
566,663,1229
582,1289,1871
485,742,1227
2853,981,3834
472,771,1243
791,1078,1869
525,1442,1967
662,419,1081
1057,290,1347
867,540,1407
2607,1803,4410
637,1714,2351
1075,732,1807
1096,542,1638
480,1276,1756
358,1076,1434
633,456,1089
1134,336,1470
410,1375,1785
1944,1400,3344
1126,1639,2765
558,672,1230
519,640,1159
422,1867,2289
503,1221,1724
535,1090,1625
595,627,1222
808,1550,2358
1021,519,1540
511,1141,1652
62,937,999
165,2163,2328
1285,715,2000
1028,1376,2404
1113,1415,2528
447,2021,2468
210,707,917
70,874,944
1650,782,2432
1428,1198,2626
226,908,1134
1033,754,1787
1082,838,1920
504,1423,1927
494,703,1197
422,1068,1490
1008,1157,2165
1156,899,2055
1581,821,2402
1473,886,2359
286,1341,1627
1056,869,1925
1164,507,1671
820,451,1271
496,706,1202
316,696,1012
617,408,1025
402,703,1105
1944,662,2606
1266,795,2061
944,734,1678
1797,806,2603
1205,512,1717
1040,742,1782
813,995,1808
486,758,1244
634,394,1028
128,1059,1187
1063,1332,2395
535,1183,1718
482,601,1083
1272,755,2027
728,677,1405
724,829,1553
428,1247,1675
243,693,936
698,759,1457
856,1347,2203
345,739,1084
375,1119,1494
888,390,1278
474,1426,1900
532,630,1162
1287,1521,2808
913,408,1321
589,1359,1948
645,753,1398
610,1134,1744
995,958,1953
820,1332,2152
517,1019,1536
766,1157,1923
1304,666,1970
528,341,869
1260,538,1798
335,1312,1647
1301,495,1796
1032,1018,2050
658,1431,2089
640,1916,2556
542,1303,1845
729,708,1437
1050,720,1770
695,664,1359
56,563,619
792,475,1267
909,967,1876
1017,1067,2084
520,424,944
495,1141,1636
1156,787,1943
710,439,1149
564,1261,1825
1331,531,1862
112,675,787
1243,1698,2941
1057,740,1797
403,430,833
986,526,1512
622,1048,1670
941,833,1774
464,432,896
1103,499,1602
110,1155,1265
36,439,475
1444,1388,2832
172,885,1057
183,1114,1297
1824,1161,2985
461,791,1252
1181,530,1711
451,905,1356
663,699,1362
1539,938,2477
444,882,1326
451,914,1365
660,863,1523
1200,576,1776
752,649,1401
70,435,505
868,772,1640
1030,466,1496
584,456,1040
923,586,1509
876,1409,2285
604,652,1256
563,487,1050
738,293,1031
692,583,1275
644,736,1380
767,1139,1906
1081,705,1786
816,900,1716
658,609,1267
185,865,1050
249,680,929
599,314,913
544,410,954
523,1209,1732
513,344,857
994,788,1782
563,293,856
362,448,810
355,475,830
286,908,1194
398,311,709
253,491,744
353,347,700
547,608,1155
237,610,847
121,391,512
674,526,1200
714,2855,3569
349,405,754
494,1563,2057
453,2747,3200
168,402,570
145,1333,1478
182,1363,1545
754,1972,2726
152,445,597
367,1103,1470
1253,1151,2404
323,369,692
720,2071,2791
589,1302,1891
406,422,828
372,1607,1979
171,1767,1938
1986,969,2955
750,1201,1951
702,1424,2126
346,388,734
852,420,1272
316,638,954
1033,1204,2237
728,228,956
690,582,1272
339,778,1117
1742,506,2248
76,580,656
326,777,1103
1080,1053,2133
1399,1079,2478
757,1069,1826
2613,428,3041
690,435,1125
22,220,242
1281,467,1748
211,301,512
119,582,701
1650,840,2490
1923,830,2753
909,447,1356
1038,912,1950
188,428,616
60,354,414
1133,784,1917
481,778,1259
222,434,656
448,413,861
330,946,1276
455,399,854
960,519,1479
1147,1346,2493
464,887,1351
487,366,853
190,300,490
316,1099,1415
475,571,1046
1034,661,1695
531,624,1155
151,1279,1430
1481,1217,2698
105,1011,1116
394,750,1144
925,1259,2184
367,2822,3189
383,619,1002
841,837,1678
383,326,709
577,318,895
432,1171,1603
384,746,1130
260,565,825
744,296,1040
109,564,673
974,561,1535
755,675,1430
347,773,1120
222,672,894
234,493,727
339,672,1011
126,900,1026
376,1031,1407
167,1222,1389
141,903,1044
49,1392,1441
242,569,811
611,2626,3237
682,439,1121
512,860,1372
140,684,824
769,951,1720
461,693,1154
761,2841,3602
374,624,998
1067,455,1522
47,1036,1083
295,1326,1621
232,557,789
2712,944,3656
468,789,1257
439,1230,1669
877,863,1740
543,770,1313
138,768,906
931,843,1774
529,1055,1584
1149,635,1784
830,311,1141
297,1128,1425
589,447,1036
219,822,1041
890,706,1596
343,931,1274
277,813,1090
301,973,1274
2463,1100,3563
1084,708,1792
1215,873,2088
2426,650,3076
1204,702,1906
742,938,1680
747,552,1299
748,592,1340
407,928,1335
887,856,1743
408,602,1010
75,704,779
635,948,1583
945,680,1625
386,689,1075
601,1162,1763
420,687,1107
379,761,1140
251,895,1146
625,722,1347
706,680,1386
122,1083,1205
343,572,915
866,733,1599
459,918,1377
726,627,1353
936,1241,2177
886,1223,2109
726,928,1654
943,810,1753
765,704,1469
643,855,1498
510,869,1379
327,960,1287
351,850,1201
746,1437,2183
614,1145,1759
860,722,1582
499,848,1347
507,765,1272
667,1108,1775
323,1075,1398
421,877,1298
774,1442,2216
715,1290,2005
494,957,1451
447,622,1069
1074,518,1592
427,680,1107
723,591,1314
509,1000,1509
510,891,1401
659,518,1177
639,882,1521
392,554,946
544,1605,2149
726,306,1032
863,727,1590
775,1054,1829
1095,1028,2123
588,647,1235
673,810,1483
1131,568,1699
613,886,1499
647,1246,1893
653,1399,2052
75,331,406
603,753,1356
911,781,1692
1175,940,2115
516,674,1190
648,1235,1883
884,661,1545
800,592,1392
1142,1063,2205
961,1002,1963
792,1278,2070
806,806,1612
873,1068,1941
947,505,1452
618,1457,2075
908,724,1632
112,411,523
311,474,785
81,885,966
909,881,1790
117,710,827
426,1336,1762
194,560,754
690,1208,1898
170,713,883
397,620,1017
784,1073,1857
83,905,988
396,661,1057
617,561,1178
1460,926,2386
392,673,1065
1183,703,1886
1289,659,1948
335,649,984
269,591,860
953,721,1674
1049,514,1563
569,680,1249
585,504,1089
663,585,1248
389,702,1091
477,1755,2232
382,735,1117
528,963,1491
1318,1036,2354
593,921,1514
235,514,749
573,1265,1838
444,709,1153
576,568,1144
706,1168,1874
388,776,1164
753,826,1579
168,1082,1250
687,844,1531
744,968,1712
608,401,1009
465,897,1362
443,790,1233
819,690,1509
412,723,1135
830,1034,1864
420,527,947
920,442,1362
362,631,993
478,1001,1479
301,1072,1373
980,434,1414
599,1023,1622
482,524,1006
323,596,919
628,379,1007
631,414,1045
490,596,1086
441,1100,1541
488,1015,1503
641,567,1208
479,1121,1600
721,1068,1789
390,947,1337
297,457,754
300,351,651
904,946,1850
400,748,1148
325,545,870
813,1016,1829
402,902,1304
830,1049,1879
330,477,807
801,743,1544
1167,1428,2595
839,820,1659
771,516,1287
1022,379,1401
1027,642,1669
871,868,1739
738,400,1138
719,465,1184
854,984,1838
1205,2416,3621
908,797,1705
653,454,1107
188,781,969
948,881,1829
467,456,923
632,435,1067
381,346,727
180,850,1030
319,538,857
428,884,1312
506,511,1017
297,521,818
909,1095,2004
400,1029,1429
1743,2109,3852
384,454,838
260,1086,1346
1208,1940,3148
346,515,861
686,700,1386
308,1586,1894
792,805,1597
2431,847,3278
360,413,773
380,1493,1873
432,521,953
230,825,1055
854,1556,2410
611,834,1445
471,984,1455
2032,657,2689
426,435,861
860,715,1575
302,869,1171
368,1124,1492
712,1407,2119
672,947,1619
764,861,1625
1855,420,2275
513,522,1035
1303,440,1743
435,1153,1588
799,787,1586
962,1347,2309
732,952,1684
53,1242,1295
412,741,1153
742,793,1535
909,386,1295
597,301,898
1624,279,1903
584,1439,2023
675,1015,1690
1217,915,2132
901,601,1502
238,1911,2149
893,581,1474
1436,669,2105
740,635,1375
310,2028,2338
523,528,1051
793,810,1603
456,1106,1562
113,477,590
469,543,1012
701,1580,2281
1196,600,1796
569,923,1492
306,334,640
630,667,1297
1150,1390,2540
850,864,1714
680,1064,1744
1238,1162,2400
592,502,1094
688,587,1275
831,969,1800
318,325,643
121,665,786
1035,874,1909
412,338,750
665,786,1451
491,965,1456
1779,629,2408
128,737,865
337,484,821
1965,790,2755
255,978,1233
340,796,1136
485,610,1095
81,359,440
235,665,900
331,622,953
1078,789,1867
452,781,1233
1269,768,2037
211,1296,1507
693,1513,2206
720,470,1190
360,1144,1504
199,1521,1720
102,940,1042
422,751,1173
814,1339,2153
1389,1519,2908
780,921,1701
737,946,1683
675,913,1588
583,1346,1929
363,1377,1740
963,768,1731
601,641,1242
783,1203,1986
807,1037,1844
513,1054,1567
1045,500,1545
320,1004,1324
1369,1277,2646
414,1137,1551
548,1459,2007
289,829,1118
942,949,1891
886,808,1694
1133,746,1879
593,962,1555
930,488,1418
368,1196,1564
513,1498,2011
897,333,1230
608,1305,1913
656,638,1294
416,1148,1564
1436,785,2221
592,1310,1902
990,469,1459
482,1165,1647
673,1385,2058
672,601,1273
840,889,1729
430,755,1185
915,773,1688
350,443,793
1013,673,1686
555,898,1453
387,434,821
1233,696,1929
1123,402,1525
1151,901,2052
1075,1025,2100
821,940,1761
821,344,1165
427,310,737
842,535,1377
1039,588,1627
551,1157,1708
615,1059,1674
450,277,727
350,490,840
477,181,658
1237,989,2226
368,777,1145
1404,736,2140
527,352,879
128,355,483
922,464,1386
613,910,1523
183,287,470
946,568,1514
1210,987,2197
1116,1119,2235
576,911,1487
1150,935,2085
165,357,522
165,360,525
474,542,1016
29,924,953
218,742,960
269,758,1027
650,739,1389
283,1026,1309
825,554,1379
674,218,892
312,771,1083
730,732,1462
489,1043,1532
640,969,1609
583,872,1455
828,762,1590
612,310,922
53,1227,1280
640,1013,1653
532,604,1136
544,791,1335
607,332,939
770,1507,2277
392,434,826
868,724,1592
794,490,1284
102,754,856
392,430,822
901,631,1532
438,473,911
377,435,812
81,580,661
340,1614,1954
529,426,955
266,1494,1760
94,758,852
662,1482,2144
336,432,768
73,454,527
417,635,1052
431,477,908
94,894,988
81,989,1070
936,1202,2138
441,567,1008
513,440,953
133,873,1006
1062,1259,2321
175,445,620
338,629,967
1203,601,1804
217,454,671
650,884,1534
336,435,771
373,825,1198
104,1017,1121
307,1315,1622
88,754,842
125,1006,1131
250,501,751
1419,684,2103
433,317,750
605,595,1200
437,1063,1500
498,1094,1592
137,769,906
290,1161,1451
1291,769,2060
784,937,1721
367,738,1105
435,1008,1443
290,448,738
639,879,1518
784,804,1588
497,1089,1586
395,595,990
310,650,960
773,869,1642
1219,440,1659
1065,823,1888
673,435,1108
796,891,1687
862,625,1487
592,647,1239
57,599,656
878,682,1560
771,545,1316
891,600,1491
923,809,1732
928,1115,2043
530,918,1448
1092,682,1774
541,856,1397
616,531,1147
733,777,1510
409,1415,1824
974,453,1427
835,850,1685
842,570,1412
558,1188,1746
1018,940,1958
335,665,1000
337,1166,1503
370,507,877
887,866,1753
612,607,1219
689,936,1625
228,664,892
809,484,1293
560,1055,1615
660,1388,2048
593,465,1058
575,1144,1719
382,652,1034
381,1000,1381
329,715,1044
615,836,1451
486,926,1412
440,561,1001
1319,479,1798
735,1150,1885
616,730,1346
507,1088,1595
436,801,1237
860,741,1601
254,711,965
287,474,761
437,858,1295
1043,585,1628
772,963,1735
832,578,1410
492,921,1413
478,852,1330
684,818,1502
453,668,1121
370,643,1013
608,811,1419
902,707,1609
622,788,1410
1214,706,1920
579,572,1151
402,926,1328
527,686,1213
1046,755,1801
641,967,1608
388,743,1131
398,736,1134
703,590,1293
594,652,1246
613,664,1277
442,816,1258
975,810,1785
646,660,1306
924,543,1467
494,843,1337
836,793,1629
1079,1258,2337
964,757,1721
536,707,1243
636,683,1319
582,544,1126
587,742,1329
374,860,1234
464,348,812
759,737,1496
142,657,799
489,341,830
630,1201,1831
977,1429,2406
518,684,1202
572,300,872
687,656,1343
800,607,1407
791,1152,1943
245,343,588
664,670,1334
535,339,874
531,1038,1569
749,1242,1991
135,357,492
462,752,1214
787,1252,2039
741,1468,2209
504,744,1248
224,845,1069
567,547,1114
204,814,1018
1162,1033,2195
169,370,539
661,529,1190
632,1185,1817
594,1165,1759
594,1206,1800
495,813,1308
780,1194,1974
523,816,1339
1300,787,2087
487,775,1262
561,612,1173
266,535,801
250,1217,1467
1387,729,2116
690,886,1576
264,428,692
883,817,1700
548,1013,1561
706,652,1358
752,1194,1946
457,565,1022
791,881,1672
520,656,1176
358,564,922
981,855,1836
107,703,810
1055,632,1687
617,918,1535
944,482,1426
256,1679,1935
916,848,1764
673,645,1318
676,754,1430
471,535,1006
1080,624,1704
206,841,1047
1123,635,1758
730,637,1367
575,773,1348
778,482,1260
335,992,1327
888,605,1493
505,453,958
1125,1051,2176
585,758,1343
777,658,1435
710,476,1186
614,707,1321
620,862,1482
399,173,572
701,1101,1802
158,536,694
453,288,741
659,1003,1662
617,508,1125
115,989,1104
590,545,1135
497,1189,1686
610,877,1487
252,636,888
238,1034,1272
755,542,1297
255,1131,1386
333,999,1332
560,639,1199
434,768,1202
651,440,1091
609,727,1336
461,558,1019
555,892,1447
608,1211,1819
504,294,798
545,685,1230
668,1010,1678
489,643,1132
123,996,1119
807,740,1547
391,526,917
1051,1054,2105
983,543,1526
939,355,1294
1116,2294,3410
298,803,1101
189,1196,1385
1153,446,1599
863,487,1350
509,860,1369
480,647,1127
162,654,816
586,473,1059
653,620,1273
678,941,1619
594,440,1034
210,505,715
525,955,1480
315,471,786
502,671,1173
577,721,1298
706,1010,1716
1059,677,1736
533,606,1139
946,1525,2471
883,737,1620
745,1418,2163
1051,783,1834
96,440,536
128,1115,1243
766,665,1431
413,380,793
639,1448,2087
1531,1763,3294
205,716,921
143,707,850
694,801,1495
923,1230,2153
274,692,966
1305,462,1767
348,717,1065
341,646,987
776,1167,1943
622,1140,1762
993,2753,3746
802,1483,2285
526,961,1487
191,1871,2062
1338,584,1922
997,1698,2695
232,1427,1659
1895,1484,3379
351,1034,1385
609,646,1255
671,1824,2495
98,782,880
875,1077,1952
802,1248,2050
397,1133,1530
530,997,1527
296,1433,1729
1702,1625,3327
1084,420,1504
1279,1027,2306
1028,1569,2597
770,1496,2266
531,1355,1886
541,957,1498
1450,1385,2835
619,1545,2164
604,1879,2483
2126,1119,3245
1020,715,1735
389,1543,1932
645,1024,1669
524,1451,1975
954,1210,2164
1542,735,2277
364,1197,1561
1293,849,2142
1073,866,1939
938,597,1535
1475,635,2110
1390,779,2169
516,989,1505
959,573,1532
1333,842,2175
298,779,1077
1381,581,1962
670,734,1404
1571,835,2406
918,1716,2634
1366,634,2000
401,1433,1834
1052,471,1523
977,763,1740
1512,379,1891
1110,593,1703
783,628,1411
1451,766,2217
1513,1315,2828
650,472,1122
753,1168,1921
711,560,1271
467,591,1058
545,1326,1871
782,966,1748
489,618,1107
716,596,1312
806,1233,2039
1704,1262,2966
385,778,1163
537,309,846
695,533,1228
1202,612,1814
508,712,1220
616,611,1227
439,838,1277
1666,981,2647
415,675,1090
403,600,1003
1067,685,1752
844,995,1839
403,702,1105
528,624,1152
1181,638,1819
345,1281,1626
1082,548,1630
428,723,1151
221,760,981
639,1005,1644
650,587,1237
746,483,1229
660,1344,2004
532,750,1282
556,591,1147
561,710,1271
520,468,988
409,1026,1435
522,813,1335
587,1159,1746
1106,860,1966
344,586,930
253,428,681
830,713,1543
466,488,954
1282,772,2054
284,696,980
823,638,1461
638,358,996
216,2010,2226
706,673,1379
270,339,609
490,1131,1621
1166,262,1428
692,1030,1722
352,341,693
877,799,1676
94,539,633
773,622,1395
728,1533,2261
188,1145,1333
147,554,701
490,645,1135
214,342,556
1052,846,1898
326,704,1030
854,401,1255
226,570,796
286,770,1056
337,1019,1356
197,592,789
1053,1016,2069
435,767,1202
645,1702,2347
464,384,848
339,1289,1628
473,809,1282
438,1036,1474
336,1451,1787
1018,316,1334
265,510,775
929,983,1912
450,1291,1741
549,316,865
351,546,897
1095,473,1568
594,333,927
231,809,1040
1310,331,1641
550,577,1127
924,855,1779
1187,1421,2608
721,982,1703
1917,816,2733
915,950,1865
746,772,1518
1172,320,1492
792,519,1311
210,770,980
644,427,1071
175,333,508
698,1782,2480
1186,1299,2485
153,1001,1154
890,1726,2616
1352,1286,2638
559,526,1085
740,284,1024
70,1031,1101
207,637,844
793,527,1320
100,1259,1359
337,441,778
1255,960,2215
730,940,1670
444,832,1276
589,526,1115
1665,703,2368
1198,669,1867
673,631,1304
320,1121,1441
1166,500,1666
218,830,1048
464,1658,2122
337,524,861
1626,546,2172
347,1154,1501
50,848,898
159,664,823
1034,636,1670
627,540,1167
424,622,1046
285,1587,1872
1055,686,1741
574,480,1054
851,743,1594
82,1181,1263
83,1101,1184
567,497,1064
607,1316,1923
417,1076,1493
627,1437,2064
800,676,1476
576,493,1069
737,852,1589
445,1103,1548
357,837,1194
383,630,1013
701,1560,2261
537,662,1199
1526,788,2314
484,470,954
1059,549,1608
681,1054,1735
435,1141,1576
419,929,1348
1080,1299,2379
1038,907,1945
1494,727,2221
305,621,926
424,752,1176
1249,803,2052
309,946,1255
389,793,1182
510,754,1264
1027,885,1912
893,602,1495
430,577,1007
441,1292,1733
357,868,1225
639,612,1251
796,1307,2103
469,972,1441
474,5302,5776
565,684,1249
986,655,1641
538,553,1091
527,1141,1668
1086,911,1997
565,513,1078
371,5155,5526
1175,762,1937
829,714,1543
153,537,690
875,499,1374
1125,431,1556
513,783,1296
759,1302,2061
401,397,798
454,5202,5656
756,741,1497
585,1264,1849
264,470,734
589,5201,5790
835,1273,2108
258,623,881
450,510,960
518,331,849
586,910,1496
461,604,1065
490,1223,1713
705,537,1242
4716,619,5335
948,956,1904
587,946,1533
339,507,846
1072,743,1815
798,845,1643
677,463,1140
336,1417,1753
134,1104,1238
484,984,1468
277,464,741
494,694,1188
349,663,1012
327,820,1147
4855,639,5494
406,665,1071
310,1149,1459
592,1797,2389
402,692,1094
398,1283,1681
514,491,1005
457,474,931
1378,813,2191
5067,827,5894
839,615,1454
1008,432,1440
406,945,1351
175,832,1007
789,943,1732
286,697,983
627,787,1414
1245,2197,3442
1217,721,1938
648,1932,2580
49,807,856
746,2291,3037
676,2065,2741
510,824,1334
588,326,914
755,850,1605
523,682,1205
832,1395,2227
397,992,1389
1288,1027,2315
298,298,596
1133,1329,2462
658,982,1640
1719,801,2520
333,878,1211
850,997,1847
672,2091,2763
258,999,1257
907,672,1579
683,706,1389
562,1142,1704
717,1005,1722
416,859,1275
1943,439,2382
571,1132,1703
1900,821,2721
517,878,1395
855,1424,2279
1298,762,2060
2147,1075,3222
663,337,1000
738,1028,1766
209,1294,1503
638,1037,1675
812,948,1760
493,1196,1689
1075,1572,2647
805,837,1642
2047,1030,3077
720,1240,1960
830,879,1709
837,896,1733
674,1432,2106
892,923,1815
806,1098,1904
509,1732,2241
523,1397,1920
856,1028,1884
772,875,1647
853,1023,1876
544,1002,1546
806,1032,1838
659,1270,1929
1360,596,1956
803,1026,1829
1215,977,2192
231,1384,1615
682,1124,1806
980,808,1788
480,746,1226
907,685,1592
1164,992,2156
824,1693,2517
1240,477,1717
1071,923,1994
1551,839,2390
227,1843,2070
259,1561,1820
888,965,1853
618,752,1370
535,972,1507
629,969,1598
1031,1795,2826
717,663,1380
1185,1408,2593
1009,1427,2436
1625,1439,3064
686,1193,1879
287,941,1228
585,665,1250
829,1266,2095
1117,141,1258
532,1810,2342
653,200,853
710,1853,2563
215,1416,1631
659,1301,1960
223,1253,1476
577,1594,2171
727,1660,2387
1112,2220,3332
552,1293,1845
1169,1828,2997
824,1840,2664
939,912,1851
101,1593,1694
680,252,932
1271,1574,2845
863,1627,2490
678,1232,1910
64,557,621
225,1411,1636
1518,1093,2611
425,1545,1970
318,1599,1917
1544,1645,3189
516,1484,2000
1725,1573,3298
951,639,1590
283,1758,2041
113,560,673
347,1330,1677
655,1800,2455
166,936,1102
838,1192,2030
1193,1276,2469
1098,1378,2476
757,405,1162
1012,810,1822
763,1273,2036
1305,685,1990
54,397,451
1315,590,1905
1711,299,2010
1530,984,2514
913,1497,2410
1246,749,1995
838,986,1824
1769,391,2160
1620,1589,3209
1319,481,1800
1179,422,1601
1190,270,1460
1260,927,2187
1516,1318,2834
1092,1285,2377
1291,1081,2372
981,1239,2220
2261,1361,3622
1318,1135,2453
178,423,601
494,423,917
1195,935,2130
607,567,1174
853,1312,2165
91,710,801
1200,1089,2289
1127,1140,2267
1184,1605,2789
200,796,996
1355,1472,2827
1464,1616,3080
610,589,1199
682,494,1176
690,1350,2040
853,593,1446
125,1379,1504
313,883,1196
625,328,953
23,1458,1481
333,1184,1517
24,755,779
719,881,1600
758,922,1680
74,574,648
21,754,775
699,1071,1770
294,529,823
406,784,1190
102,755,857
273,728,1001
1012,736,1748
73,1744,1817
135,576,711
570,1109,1679
465,1211,1676
1112,712,1824
394,1460,1854
755,1415,2170
595,400,995
476,638,1114
1301,758,2059
324,1784,2108
447,851,1298
713,860,1573
691,994,1685
329,2006,2335
721,1462,2183
1181,1029,2210
642,663,1305
1193,938,2131
193,1068,1261
710,760,1470
672,548,1220
372,1310,1682
445,1284,1729
796,960,1756
1644,730,2374
384,1414,1798
821,1014,1835
1218,1262,2480
56,750,806
427,1325,1752
623,1216,1839
650,902,1552
724,765,1489
645,691,1336
998,976,1974
564,1041,1605
270,907,1177
29,1163,1192
1273,928,2201
775,1191,1966
261,964,1225
856,831,1687
1252,766,2018
523,766,1289
825,870,1695
642,573,1215
645,621,1266
1113,701,1814
814,1220,2034
1196,783,1979
1119,719,1838
1297,790,2087
1009,353,1362
546,952,1498
693,759,1452
862,529,1391
921,1308,2229
891,1364,2255
792,868,1660
612,1246,1858
1178,935,2113
1471,1277,2748
616,1118,1734
866,742,1608
618,804,1422
361,495,856
1213,560,1773
294,606,900
785,961,1746
991,943,1934
730,1013,1743
301,1026,1327
1130,1225,2355
240,1005,1245
825,422,1247
381,1795,2176
914,1637,2551
456,1036,1492
268,842,1110
577,1568,2145
349,1042,1391
605,813,1418
517,750,1267
770,400,1170
865,607,1472
619,1847,2466
1182,1030,2212
89,742,831
422,1979,2401
819,1722,2541
106,745,851
781,871,1652
556,1046,1602
672,1336,2008
204,1603,1807
352,931,1283
783,1075,1858
924,1142,2066
566,1085,1651
1341,756,2097
1526,598,2124
849,1280,2129
915,805,1720
557,754,1311
1804,665,2469
401,1368,1769
327,1000,1327
668,881,1549
731,1003,1734
977,378,1355
319,1731,2050
221,1323,1544
812,520,1332
1526,870,2396
437,503,940
580,500,1080
880,1144,2024
1758,864,2622
682,913,1595
947,499,1446
414,2007,2421
697,882,1579
574,947,1521
635,579,1214
337,965,1302
612,1143,1755
299,922,1221
1069,1174,2243
467,651,1118
1424,1056,2480
476,859,1335
904,852,1756
1082,1039,2121
370,608,978
685,831,1516
1473,672,2145
627,1232,1859
485,1582,2067
212,852,1064
30,741,771
550,1754,2304
1196,736,1932
723,346,1069
499,1219,1718
1019,1029,2048
794,885,1679
855,514,1369
554,1222,1776
1439,552,1991
737,722,1459
1059,834,1893
699,662,1361
758,778,1536
964,1308,2272
410,631,1041
984,790,1774
702,1323,2025
1033,1145,2178
637,1217,1854
638,483,1121
429,886,1315
756,1032,1788
924,478,1402
803,577,1380
566,1221,1787
101,819,920
554,623,1177
789,1536,2325
480,1120,1600
398,752,1150
656,852,1508
1088,1330,2418
555,897,1452
639,554,1193
1109,591,1700
304,1107,1411
747,546,1293
435,1142,1577
417,918,1335
275,1043,1318
762,998,1760
1285,1003,2288
707,514,1221
297,593,890
942,969,1911
757,908,1665
492,361,853
466,1499,1965
1659,293,1952
1002,780,1782
412,557,969
841,1402,2243
954,299,1253
286,752,1038
1049,1055,2104
627,888,1515
783,559,1342
228,1092,1320
1077,984,2061
658,1057,1715
250,555,805
500,1293,1793
326,960,1286
189,1628,1817
24,1506,1530
938,793,1731
308,599,907
652,723,1375
917,860,1777
779,1393,2172
163,785,948
1346,717,2063
472,1169,1641
517,482,999
742,1470,2212
827,1486,2313
395,1104,1499
1206,1220,2426
682,853,1535
513,1075,1588
579,1414,1993
330,534,864
296,733,1029
894,786,1680
806,831,1637
468,1224,1692
443,1090,1533
1042,776,1818
603,497,1100
464,1071,1535
692,1065,1757
1364,1112,2476
1179,407,1586
1022,690,1712
691,734,1425
1175,1056,2231
633,794,1427
230,582,812
1320,804,2124
1093,1070,2163
1307,490,1797
867,807,1674
726,764,1490
443,930,1373
1479,1440,2919
870,384,1254
396,659,1055
1366,1177,2543
1081,663,1744
937,550,1487
532,728,1260
1215,1146,2361
528,922,1450
563,372,935
231,703,934
369,1322,1691
531,935,1466
1169,522,1691
681,1442,2123
1022,883,1905
827,1178,2005
301,927,1228
1016,1551,2567
419,695,1114
286,810,1096
421,831,1252
851,413,1264
1191,857,2048
627,475,1102
988,710,1698
873,2487,3360
680,461,1141
876,2263,3139
676,1540,2216
512,512,1024
806,761,1567
129,768,897
1067,581,1648
1327,1165,2492
991,733,1724
1268,861,2129
344,2304,2648
591,886,1477
352,360,712
1216,624,1840
692,2140,2832
298,768,1066
583,645,1228
557,807,1364
2006,460,2466
754,855,1609
107,480,587
1251,723,1974
189,1042,1231
769,780,1549
1048,759,1807
565,564,1129
501,1211,1712
2074,442,2516
673,818,1491
540,1456,1996
361,867,1228
679,607,1286
414,1380,1794
642,1365,2007
132,831,963
328,961,1289
1915,1098,3013
47,578,625
631,874,1505
711,2299,3010
258,636,894
667,2223,2890
415,2373,2788
613,1433,2046
633,2226,2859
325,1278,1603
775,1545,2320
308,1146,1454
647,1076,1723
445,420,865
695,1898,2593
382,1209,1591
491,2389,2880
510,1555,2065
1262,1445,2707
1128,2096,3224
1061,974,2035
432,1345,1777
1271,743,2014
363,1440,1803
1160,970,2130
748,888,1636
674,2227,2901
709,1953,2662
1849,914,2763
1188,522,1710
2230,536,2766
661,985,1646
513,1666,2179
416,2101,2517
2491,476,2967
512,1544,2056
1111,1862,2973
1972,575,2547
617,1465,2082
931,500,1431
829,857,1686
948,834,1782
764,1099,1863
1015,1600,2615
437,679,1116
1817,719,2536
1201,1044,2245
771,273,1044
770,1378,2148
1303,1105,2408
1608,723,2331
41,442,483
1493,792,2285
569,1402,1971
1483,1406,2889
36,204,240
1644,827,2471
498,945,1443
1331,1042,2373
755,937,1692
955,605,1560
51,465,516
1160,998,2158
779,926,1705
75,745,820
565,1187,1752
1460,798,2258
292,586,878
739,1115,1854
597,1560,2157
450,721,1171
330,586,916
404,597,1001
547,658,1205
1179,776,1955
86,491,577
450,783,1233
378,527,905
678,1297,1975
1150,797,1947
777,519,1296
670,576,1246
659,339,998
1248,1122,2370
108,1096,1204
898,1471,2369
2089,1197,3286
737,1209,1946
648,860,1508
322,1372,1694
274,531,805
1002,681,1683
384,381,765
455,573,1028
139,1313,1452
401,1002,1403
485,551,1036
1737,1892,3629
882,819,1701
638,1247,1885
806,890,1696
456,731,1187
385,690,1075
354,1402,1756
64,1282,1346
623,733,1356
484,506,990
1110,1879,2989
632,524,1156
1289,728,2017
437,1299,1736
304,574,878
687,1448,2135
426,909,1335
452,936,1388
206,1157,1363
250,499,749
241,1023,1264
606,554,1160
548,1174,1722
592,730,1322
609,507,1116
1051,1321,2372
688,1683,2371
139,776,915
839,780,1619
1018,1020,2038
445,717,1162
260,1340,1600
1274,685,1959
591,534,1125
163,1723,1886
1684,1024,2708
852,558,1410
619,1081,1700
449,1515,1964
1178,1060,2238
544,509,1053
1400,881,2281
293,699,992
1165,601,1766
667,1147,1814
1090,699,1789
497,765,1262
797,1477,2274
452,1308,1760
294,541,835
335,565,900
638,1092,1730
364,1164,1528
827,566,1393
1005,1292,2297
1217,739,1956
557,911,1468
988,1104,2092
887,464,1351
1075,1488,2563
420,1248,1668
286,548,834
713,726,1439
891,1350,2241
302,1003,1305
331,769,1100
505,961,1466
1329,782,2111
381,1186,1567
440,723,1163
569,767,1336
758,735,1493
954,745,1699
364,1542,1906
532,1056,1588
270,920,1190
978,887,1865
658,856,1514
1071,549,1620
533,558,1091
693,641,1334
238,1156,1394
595,1629,2224
628,555,1183
461,1133,1594
1016,842,1858
777,401,1178
616,1079,1695
874,792,1666
915,488,1403
1333,774,2107
935,1192,2127
1349,607,1956
446,545,991
683,891,1574
569,1051,1620
622,996,1618
1032,1262,2294
1011,761,1772
1384,1644,3028
648,1029,1677
1397,937,2334
768,597,1365
440,1002,1442
1053,731,1784
1449,873,2322
183,809,992
886,1290,2176
442,1128,1570
1003,573,1576
183,364,547
712,907,1619
709,357,1066
1007,976,1983
285,932,1217
430,1824,2254
791,487,1278
315,961,1276
818,702,1520
733,816,1549
1111,727,1838
611,685,1296
647,1519,2166
765,1293,2058
963,510,1473
830,487,1317
945,1491,2436
931,1148,2079
618,761,1379
1150,1135,2285
509,1586,2095
252,803,1055
650,1779,2429
655,1210,1865
249,960,1209
660,502,1162
322,1324,1646
1447,1306,2753
1262,632,1894
1210,966,2176
206,681,887
1693,1110,2803
498,944,1442
1085,951,2036
1648,773,2421
482,775,1257
626,887,1513
383,893,1276
1441,504,1945
736,767,1503
458,757,1215
651,1224,1875
1097,546,1643
1229,606,1835
1162,392,1554
329,787,1116
852,792,1644
1072,600,1672
1086,938,2024
458,1048,1506
398,993,1391
513,694,1207
435,1045,1480
780,1378,2158
945,505,1450
702,1003,1705
690,701,1391
927,893,1820
953,490,1443
821,555,1376
189,742,931
573,1752,2325
754,938,1692
521,653,1174
591,1785,2376
789,1131,1920
372,793,1165
780,346,1126
420,784,1204
671,688,1359
426,507,933
781,1418,2199
626,470,1096
1090,1301,2391
424,462,886
427,673,1100
769,1552,2321
808,603,1411
709,701,1410
881,1781,2662
1068,1041,2109
455,758,1213
946,1293,2239
59,472,531
652,963,1615
1298,1203,2501
657,665,1322
617,653,1270
243,1202,1445
634,1151,1785
639,643,1282
674,629,1303
443,1073,1516
263,499,762
1562,1179,2741
895,553,1448
1612,838,2450
323,675,998
644,645,1289
516,836,1352
1206,991,2197
422,642,1064
317,722,1039
1091,846,1937
1103,368,1471
539,462,1001
533,659,1192
721,715,1436
933,519,1452
1206,973,2179
400,879,1279
228,513,741
1181,841,2022
136,1130,1266
577,468,1045
364,1210,1574
480,885,1365
879,1425,2304
751,912,1663
570,877,1447
960,2364,3324
842,1221,2063
853,353,1206
393,558,951
1705,1694,3399
480,738,1218
999,650,1649
303,500,803
389,706,1095
1100,1281,2381
142,724,866
231,813,1044
740,1257,1997
342,864,1206
295,845,1140
799,757,1556
642,1364,2006
489,748,1237
1213,1450,2663
533,1166,1699
542,766,1308
834,543,1377
574,785,1359
180,1185,1365
472,378,850
239,852,1091
2216,765,2981
1092,1036,2128
380,1130,1510
1122,516,1638
832,978,1810
613,811,1424
528,531,1059
638,1023,1661
1048,776,1824
366,946,1312
838,2050,2888
641,803,1444
846,542,1388
616,1114,1730
338,783,1121
561,1173,1734
321,1156,1477
1668,873,2541
540,379,919
697,1067,1764
819,2112,2931
638,353,991
651,522,1173
1188,1104,2292
708,1919,2627
1252,1337,2589
582,675,1257
897,518,1415
1923,715,2638
717,313,1030
539,1166,1705
461,537,998
674,943,1617
646,1070,1716
820,713,1533
134,1098,1232
712,1182,1894
1987,525,2512
302,425,727
814,1000,1814
297,615,912
547,1584,2131
1032,4896,5928
1090,1056,2146
640,4990,5630
1026,1397,2423
158,5027,5185
226,1055,1281
592,4606,5198
1043,1193,2236
620,1162,1782
4878,407,5285
1265,690,1955
543,854,1397
330,1850,2180
4798,396,5194
890,1118,2008
1742,1261,3003
92,879,971
960,985,1945
583,1683,2266
1110,1724,2834
4361,407,4768
944,1486,2430
666,459,1125
367,1314,1681
664,735,1399
1060,2092,3152
530,1339,1869
832,697,1529
828,2392,3220
790,2542,3332
226,561,787
432,1689,2121
745,389,1134
335,945,1280
431,416,847
440,1893,2333
926,1802,2728
468,1790,2258
1111,1156,2267
1396,1820,3216
189,456,645
723,693,1416
1505,1207,2712
530,372,902
362,1591,1953
1275,952,2227
437,1645,2082
900,2139,3039
893,2130,3023
1215,772,1987
252,643,895
1140,1482,2622
320,527,847
1040,395,1435
1433,733,2166
1190,1140,2330
1269,1724,2993
979,1954,2933
870,333,1203
816,1069,1885
267,855,1122
780,1732,2512
272,703,975
825,1731,2556
593,1927,2520
941,2608,3549
2451,999,3450
1317,1324,2641
483,420,903
1327,726,2053
2271,1746,4017
1593,912,2505
1881,986,2867
870,1637,2507
1725,683,2408
1802,750,2552
1576,1149,2725
161,909,1070
1173,591,1764
281,610,891
1739,1294,3033
1501,1064,2565
867,1176,2043
1465,1157,2622
893,1118,2011
1424,459,1883
448,1229,1677
385,1105,1490
1031,255,1286
54,865,919
2313,1028,3341
301,908,1209
181,978,1159
1496,777,2273
789,941,1730
1590,744,2334
446,1035,1481
457,1068,1525
755,458,1213
1637,708,2345
1604,1130,2734
505,1548,2053
588,684,1272
893,797,1690
764,1348,2112
775,1526,2301
934,681,1615
470,903,1373
531,651,1182
1413,1121,2534
257,1195,1452
1204,952,2156
809,718,1527
1048,1126,2174
702,1054,1756
680,1337,2017
503,513,1016
924,741,1665
64,931,995
617,749,1366
322,899,1221
1042,678,1720
980,1098,2078
820,726,1546
629,961,1590
546,740,1286
574,690,1264
882,721,1603
794,1138,1932
1465,738,2203
999,662,1661
801,1262,2063
1198,713,1911
1189,926,2115
576,684,1260
1003,866,1869
987,1178,2165
446,920,1366
403,879,1282
556,605,1161
959,1036,1995
762,918,1680
1212,941,2153
845,493,1338
925,811,1736
784,1496,2280
538,1066,1604
231,690,921
346,616,962
897,777,1674
768,862,1630
601,822,1423
533,667,1200
1044,637,1681
811,972,1783
525,647,1172
768,631,1399
230,747,977
497,552,1049
644,557,1201
766,746,1512
579,1521,2100
629,272,901
583,281,864
685,646,1331
589,580,1169
976,880,1856
460,712,1172
536,888,1424
435,1186,1621
1083,1180,2263
612,276,888
275,290,565
345,1371,1716
1263,1023,2286
518,1153,1671
715,940,1655
694,969,1663
746,909,1655
782,535,1317
303,479,782
787,1028,1815
712,1117,1829
140,667,807
711,804,1515
568,1160,1728
308,497,805
673,1273,1946
158,797,955
753,1367,2120
189,654,843
224,783,1007
605,933,1538
368,577,945
586,918,1504
425,589,1014
1097,895,1992
1006,747,1753
578,963,1541
665,523,1188
977,3190,4167
583,999,1582
932,673,1605
410,1103,1513
487,315,802
701,690,1391
1000,1051,2051
413,1180,1593
319,688,1007
945,674,1619
744,3390,4134
594,423,1017
593,345,938
560,3315,3875
841,707,1548
820,839,1659
1089,969,2058
520,1119,1639
703,698,1401
529,521,1050
758,1088,1846
1059,412,1471
461,311,772
402,917,1319
1141,860,2001
800,851,1651
1207,1450,2657
632,1571,2203
383,881,1264
764,1410,2174
961,2804,3765
338,1194,1532
513,554,1067
3295,959,4254
532,1116,1648
839,889,1728
3031,705,3736
870,1581,2451
620,454,1074
2727,715,3442
1013,1601,2614
161,911,1072
191,780,971
850,314,1164
471,1044,1515
591,1115,1706
792,1031,1823
808,762,1570
603,727,1330
980,1240,2220
1447,708,2155
317,864,1181
563,1144,1707
1434,693,2127
569,374,943
697,1199,1896
725,1629,2354
710,759,1469
107,914,1021
677,1930,2607
154,1166,1320
227,856,1083
656,1108,1764
1468,542,2010
591,603,1194
1017,969,1986
1270,897,2167
795,527,1322
1361,1288,2649
160,1138,1298
651,1497,2148
652,675,1327
702,1090,1792
670,637,1307
219,752,971
983,1028,2011
901,1098,1999
481,858,1339
1446,1208,2654
1049,1202,2251
628,672,1300
1027,931,1958
1774,661,2435
291,685,976
230,895,1125
1160,700,1860
871,902,1773
697,1094,1791
508,598,1106
785,1101,1886
948,852,1800
597,647,1244
572,626,1198
1009,715,1724
1136,579,1715
617,973,1590
605,412,1017
499,937,1436
779,1371,2150
876,887,1763
859,1072,1931
1050,1170,2220
898,717,1615
564,504,1068
250,407,657
810,1048,1858
758,865,1623
654,1013,1667
399,1122,1521
874,1445,2319
813,1125,1938
759,897,1656
159,705,864
331,766,1097
1280,365,1645
239,837,1076
428,1344,1772
937,1288,2225
659,535,1194
460,1367,1827
710,1266,1976
757,893,1650
746,510,1256
1025,872,1897
343,532,875
434,690,1124
143,533,676
839,886,1725
558,685,1243
974,1154,2128
989,918,1907
729,521,1250
723,1163,1886
995,474,1469
308,920,1228
698,953,1651
771,1452,2223
376,1124,1500
750,811,1561
643,1197,1840
442,492,934
1193,521,1714
933,981,1914
399,351,750
1282,670,1952
415,503,918
1405,334,1739
475,1188,1663
567,601,1168
1065,347,1412
536,701,1237
512,629,1141
760,342,1102
345,830,1175
958,1120,2078
152,339,491
1090,1425,2515
774,1284,2058
1159,1156,2315
959,463,1422
1279,2849,4128
512,1169,1681
457,522,979
738,700,1438
196,332,528
949,529,1478
468,718,1186
892,315,1207
724,1476,2200
242,640,882
1128,2724,3852
943,310,1253
215,916,1131
1388,2645,4033
291,426,717
330,954,1284
316,569,885
396,795,1191
443,906,1349
475,820,1295
1086,946,2032
255,1672,1927
669,863,1532
387,341,728
860,1495,2355
667,1709,2376
558,562,1120
664,530,1194
423,924,1347
464,984,1448
329,1632,1961
145,679,824
663,1952,2615
369,2078,2447
196,1088,1284
839,476,1315
970,1781,2751
627,749,1376
808,774,1582
277,536,813
568,1420,1988
1024,1121,2145
2354,499,2853
736,597,1333
694,1918,2612
364,856,1220
56,1288,1344
1574,959,2533
339,1302,1641
2394,1739,4133
779,1196,1975
450,1313,1763
553,1413,1966
104,1388,1492
311,1435,1746
343,877,1220
824,1729,2553
548,1280,1828
1399,1477,2876
798,1242,2040
1526,1107,2633
1017,1031,2048
424,1335,1759
1277,1287,2564
844,1231,2075
643,790,1433
1018,859,1877
1057,1354,2411
790,792,1582
2512,1555,4067
1380,633,2013
196,2234,2430
1696,725,2421
1259,744,2003
427,1303,1730
1585,1832,3417
802,1190,1992
1763,1713,3476
1225,826,2051
1096,747,1843
1424,1133,2557
1163,1447,2610
1436,937,2373
892,934,1826
1019,1192,2211
1018,945,1963
516,1499,2015
619,959,1578
1197,393,1590
1564,514,2078
700,1028,1728
900,1165,2065
663,895,1558
847,946,1793
594,795,1389
1368,1278,2646
1283,315,1598
1138,1107,2245
2165,957,3122
677,858,1535
1129,1631,2760
1152,1370,2522
851,968,1819
1605,3448,5053
408,957,1365
931,536,1467
1179,1565,2744
506,1199,1705
722,2208,2930
286,1087,1373
798,963,1761
1155,717,1872
859,754,1613
1416,521,1937
920,707,1627
769,1296,2065
454,762,1216
22,908,930
687,2433,3120
2053,3062,5115
576,768,1344
750,2326,3076
570,605,1175
912,936,1848
980,1117,2097
643,773,1416
537,609,1146
949,1537,2486
547,757,1304
898,1219,2117
1977,940,2917
737,589,1326
726,1467,2193
287,733,1020
606,744,1350
1134,3326,4460
600,897,1497
859,727,1586
3279,1123,4402
1337,1218,2555
2074,779,2853
590,1280,1870
676,724,1400
1416,888,2304
488,586,1074
1095,724,1819
967,1190,2157
693,758,1451
2931,1181,4112
405,1685,2090
2112,763,2875
364,864,1228
1077,1195,2272
447,1934,2381
771,971,1742
702,986,1688
1378,529,1907
929,1064,1993
697,719,1416
405,1426,1831
642,664,1306
812,1666,2478
1219,1198,2417
606,752,1358
1151,1262,2413
778,1044,1822
54,916,970
615,1054,1669
213,813,1026
1041,796,1837
801,1019,1820
838,739,1577
591,802,1393
1572,747,2319
936,1191,2127
588,1771,2359
1658,596,2254
440,863,1303
1160,695,1855
438,754,1192
1392,500,1892
537,1179,1716
3075,1003,4078
836,656,1492
1874,777,2651
783,1385,2168
1032,588,1620
327,1592,1919
712,960,1672
1044,799,1843
904,702,1606
414,1196,1610
995,1537,2532
536,629,1165
823,1058,1881
1048,1772,2820
497,754,1251
616,841,1457
630,1574,2204
537,1622,2159
318,547,865
570,1147,1717
634,714,1348
1388,557,1945
402,1099,1501
291,793,1084
674,1166,1840
1396,555,1951
924,1285,2209
771,700,1471
352,781,1133
984,755,1739
213,1037,1250
1150,905,2055
716,1029,1745
473,1389,1862
1425,950,2375
646,968,1614
616,1392,2008
668,1624,2292
632,794,1426
1010,968,1978
459,1025,1484
1665,511,2176
821,1028,1849
1463,887,2350
322,950,1272
886,776,1662
402,892,1294
393,971,1364
792,778,1570
606,1660,2266
372,729,1101
667,791,1458
812,572,1384
429,1700,2129
699,305,1004
903,670,1573
727,523,1250
1490,748,2238
749,309,1058
1390,811,2201
658,331,989
1099,1220,2319
857,757,1614
937,418,1355
515,1143,1658
671,977,1648
867,913,1780
555,1088,1643
456,311,767
459,347,806
922,1403,2325
1484,687,2171
1252,1048,2300
1620,625,2245
512,899,1411
656,621,1277
590,1040,1630
177,531,708
418,541,959
683,860,1543
358,575,933
433,813,1246
288,646,934
575,680,1255
1044,664,1708
46,684,730
370,837,1207
777,1052,1829
674,653,1327
789,509,1298
547,775,1322
830,769,1599
711,2112,2823
871,748,1619
551,495,1046
229,543,772
616,2375,2991
489,966,1455
58,643,701
954,1195,2149
318,873,1191
844,1480,2324
925,1754,2679
390,862,1252
692,403,1095
446,605,1051
822,475,1297
423,592,1015
585,714,1299
786,619,1405
918,715,1633
772,1655,2427
417,718,1135
187,980,1167
568,1030,1598
451,514,965
934,1430,2364
283,559,842
590,335,925
1339,1124,2463
177,1011,1188
696,329,1025
716,1771,2487
478,782,1260
359,945,1304
698,2130,2828
1459,852,2311
290,684,974
633,362,995
1031,1520,2551
2007,1411,3418
421,1338,1759
245,546,791
332,937,1269
690,872,1562
231,550,781
526,711,1237
885,753,1638
76,527,603
2201,1121,3322
511,1509,2020
306,341,647
752,660,1412
1916,1304,3220
1233,2897,4130
793,1274,2067
399,1099,1498
832,745,1577
829,701,1530
1147,728,1875
208,1138,1346
633,994,1627
1676,900,2576
1133,559,1692
834,809,1643
1297,766,2063
1058,690,1748
371,324,695
509,639,1148
1406,511,1917
989,3264,4253
458,643,1101
1077,553,1630
1555,2791,4346
249,663,912
547,500,1047
2638,1199,3837
587,849,1436
887,313,1200
211,709,920
438,488,926
450,862,1312
1090,509,1599
564,351,915
650,666,1316
921,1418,2339
3142,671,3813
1036,698,1734
718,519,1237
831,930,1761
2544,559,3103
485,756,1241
1149,1260,2409
578,368,946
528,1149,1677
1389,1562,2951
257,306,563
442,1484,1926
446,821,1267
765,824,1589
1029,551,1580
719,1890,2609
284,870,1154
551,583,1134
474,729,1203
570,1710,2280
522,1010,1532
290,780,1070
365,572,937
152,1205,1357
370,951,1321
391,659,1050
595,1792,2387
579,1330,1909
845,1564,2409
1414,995,2409
545,1664,2209
381,583,964
540,443,983
1646,599,2245
606,682,1288
404,549,953
709,519,1228
496,505,1001
1377,1534,2911
304,1149,1453
118,972,1090
1652,418,2070
582,831,1413
513,842,1355
1033,1027,2060
747,1073,1820
152,638,790
1352,1336,2688
272,1381,1653
618,1040,1658
1405,1304,2709
884,1097,1981
470,976,1446
1190,1277,2467
390,1116,1506
616,1155,1771
804,579,1383
529,1386,1915
1194,1219,2413
424,563,987
925,1015,1940
713,1353,2066
871,906,1777
570,1202,1772
425,1702,2127
1377,1315,2692
49,1263,1312
925,1325,2250
697,1600,2297
921,950,1871
1536,1336,2872
902,1355,2257
817,1196,2013
1192,1168,2360
169,1144,1313
949,1021,1970
518,1032,1550
1011,1121,2132
618,854,1472
1216,1328,2544
274,1043,1317
1357,766,2123
608,1037,1645
820,639,1459
511,1592,2103
104,465,569
890,1680,2570
813,387,1200
1044,1195,2239
509,1068,1577
883,1442,2325
965,279,1244
839,723,1562
1153,450,1603
146,955,1101
1143,436,1579
811,930,1741
840,890,1730
855,541,1396
630,1169,1799
672,674,1346
1148,414,1562
1327,568,1895
103,1012,1115
1186,542,1728
759,692,1451
138,1414,1552
1179,375,1554
130,1670,1800
862,830,1692
854,542,1396
306,2219,2525
580,603,1183
792,854,1646
1178,658,1836
1019,523,1542
40,475,515
956,492,1448
1135,670,1805
873,777,1650
1477,649,2126
1025,605,1630
1074,1279,2353
1074,1578,2652
29,811,840
976,987,1963
101,779,880
24,708,732
955,1078,2033
86,1027,1113
1186,1318,2504
36,840,876
920,736,1656
1266,892,2158
347,487,834
19,793,812
20,983,1003
2052,587,2639
420,826,1246
541,363,904
63,855,918
228,913,1141
28,655,683
28,742,770
29,818,847
27,1169,1196
846,480,1326
476,855,1331
743,356,1099
230,864,1094
416,769,1185
28,1269,1297
26,1322,1348
32,1397,1429
179,1134,1313
748,453,1201
765,646,1411
960,463,1423
641,677,1318
336,1254,1590
873,1044,1917
60,355,415
581,962,1543
605,1311,1916
987,1081,2068
28,356,384
904,696,1600
189,1603,1792
289,1494,1783
633,1143,1776
424,1712,2136
663,567,1230
659,851,1510
1099,1130,2229
719,1191,1910
104,308,412
1011,922,1933
1098,880,1978
125,526,651
24,914,938
1111,856,1967
201,507,708
82,673,755
634,1523,2157
1006,981,1987
1003,1126,2129
1147,1450,2597
1629,360,1989
99,1201,1300
1244,478,1722
1231,1136,2367
702,548,1250
365,725,1090
1351,716,2067
1004,1314,2318
186,700,886
921,1229,2150
261,1237,1498
694,530,1224
33,1233,1266
560,698,1258
669,511,1180
646,714,1360
24,1423,1447
165,551,716
873,565,1438
460,1094,1554
332,1285,1617
29,1407,1436
464,893,1357
986,516,1502
255,726,981
241,922,1163
584,718,1302
23,1626,1649
433,558,991
311,949,1260
977,792,1769
382,832,1214
517,893,1410
492,586,1078
962,1033,1995
641,1108,1749
407,1240,1647
474,619,1093
394,747,1141
677,419,1096
588,1346,1934
459,1045,1504
727,627,1354
1231,653,1884
1107,960,2067
603,870,1473
1471,692,2163
405,1308,1713
565,984,1549
586,645,1231
976,713,1689
809,1653,2462
949,706,1655
465,573,1038
700,1348,2048
1194,529,1723
813,602,1415
1006,869,1875
508,694,1202
476,1502,1978
333,845,1178
1055,1172,2227
438,518,956
186,1233,1419
833,695,1528
780,1264,2044
910,618,1528
381,1897,2278
1074,1365,2439
302,687,989
437,1059,1496
417,1232,1649
852,517,1369
434,1169,1603
1283,605,1888
765,793,1558
314,1071,1385
1146,651,1797
1520,652,2172
944,516,1460
501,276,777
658,647,1305
525,958,1483
565,1935,2500
556,846,1402
811,633,1444
1377,1608,2985
990,521,1511
847,925,1772
1816,912,2728
1041,377,1418
454,771,1225
388,834,1222
1782,799,2581
874,637,1511
534,1033,1567
506,969,1475
473,578,1051
434,1502,1936
470,1130,1600
142,1487,1629
638,881,1519
448,876,1324
954,726,1680
1198,907,2105
561,842,1403
1363,349,1712
397,1009,1406
681,541,1222
525,1058,1583
771,1198,1969
1469,460,1929
879,1048,1927
1074,1365,2439
400,628,1028
1404,367,1771
587,1095,1682
757,1026,1783
745,867,1612
744,867,1611
471,1775,2246
521,1567,2088
418,790,1208
298,1207,1505
420,577,997
801,890,1691
726,887,1613
440,1170,1610
977,801,1778
698,1747,2445
808,1457,2265
614,1144,1758
109,765,874
859,776,1635
696,693,1389
583,1008,1591
952,683,1635
957,1021,1978
1146,1232,2378
1206,887,2093
214,817,1031
855,932,1787
1534,952,2486
373,971,1344
1449,902,2351
720,593,1313
509,1178,1687
669,833,1502
448,825,1273
121,1398,1519
998,1045,2043
1592,739,2331
1141,776,1917
1059,886,1945
619,608,1227
762,788,1550
637,668,1305
690,1050,1740
716,1244,1960
1102,725,1827
898,911,1809
877,1268,2145
743,749,1492
509,715,1224
546,933,1479
1218,874,2092
757,711,1468
653,1228,1881
703,656,1359
994,552,1546
796,775,1571
627,832,1459
1089,5074,6163
750,971,1721
399,650,1049
758,850,1608
651,1252,1903
580,529,1109
1093,421,1514
431,917,1348
657,1039,1696
572,318,890
721,5005,5726
983,1015,1998
647,828,1475
804,1077,1881
596,942,1538
739,565,1304
542,1076,1618
500,832,1332
708,863,1571
327,304,631
743,4692,5435
866,1059,1925
598,1343,1941
1026,906,1932
299,1226,1525
696,1155,1851
467,1260,1727
776,737,1513
523,1268,1791
381,591,972
807,924,1731
659,904,1563
456,689,1145
214,765,979
728,923,1651
893,877,1770
872,511,1383
802,4881,5683
782,1449,2231
1100,519,1619
269,1065,1334
4939,1152,6091
667,1539,2206
1025,513,1538
479,1038,1517
806,918,1724
711,516,1227
730,1091,1821
699,977,1676
800,787,1587
795,518,1313
1025,1077,2102
4572,949,5521
705,822,1527
241,534,775
980,894,1874
153,782,935
4834,991,5825
641,591,1232
963,983,1946
991,849,1840
438,1077,1515
966,582,1548
294,546,840
832,435,1267
591,876,1467
546,1227,1773
513,1059,1572
897,364,1261
978,308,1286
858,903,1761
780,2093,2873
790,521,1311
326,365,691
499,824,1323
750,627,1377
1328,985,2313
507,860,1367
676,469,1145
735,430,1165
422,733,1155
913,1818,2731
668,1290,1958
372,681,1053
298,1047,1345
879,692,1571
466,854,1320
1430,1268,2698
558,559,1117
564,1579,2143
141,1407,1548
73,535,608
789,1430,2219
1100,758,1858
142,580,722
866,1108,1974
442,1985,2427
27,796,823
584,1190,1774
843,1104,1947
766,1010,1776
1046,1522,2568
1039,752,1791
27,1006,1033
815,1747,2562
1056,1265,2321
327,439,766
900,2296,3196
675,1432,2107
615,1427,2042
1208,557,1765
1928,1437,3365
31,815,846
1112,700,1812
33,1078,1111
802,573,1375
464,688,1152
555,1183,1738
276,997,1273
956,1136,2092
513,1400,1913
1586,1407,2993
1737,645,2382
362,931,1293
575,455,1030
437,701,1138
843,262,1105
675,780,1455
741,570,1311
1141,984,2125
1636,474,2110
1815,935,2750
831,1054,1885
894,641,1535
364,1043,1407
28,166,194
1343,725,2068
552,1066,1618
1061,848,1909
64,237,301
901,833,1734
1086,815,1901
84,339,423
923,897,1820
1453,691,2144
132,341,473
780,964,1744
811,630,1441
986,1191,2177
1132,918,2050
506,829,1335
1012,887,1899
1002,805,1807
95,923,1018
1101,727,1828
274,636,910
956,849,1805
107,808,915
914,903,1817
386,703,1089
65,1056,1121
412,545,957
25,1108,1133
256,753,1009
47,959,1006
642,522,1164
439,802,1241
287,926,1213
425,561,986
464,698,1162
683,575,1258
573,668,1241
44,753,797
800,1153,1953
898,412,1310
120,718,838
636,292,928
586,762,1348
408,837,1245
241,387,628
553,1226,1779
732,530,1262
797,1004,1801
33,1429,1462
968,1083,2051
536,835,1371
273,725,998
709,549,1258
446,278,724
505,922,1427
411,1145,1556
109,472,581
927,874,1801
409,1684,2093
390,705,1095
76,767,843
566,1129,1695
442,1873,2315
444,1245,1689
311,1378,1689
844,884,1728
602,1067,1669
1059,481,1540
148,820,968
402,847,1249
227,1308,1535
1006,582,1588
525,1946,2471
533,1095,1628
742,862,1604
191,3392,3583
789,1654,2443
620,397,1017
701,612,1313
663,1140,1803
910,1840,2750
1368,938,2306
668,542,1210
847,1367,2214
1646,707,2353
615,581,1196
202,421,623
955,364,1319
354,961,1315
663,500,1163
929,3491,4420
722,769,1491
476,745,1221
1213,3650,4863
807,929,1736
1419,700,2119
790,1539,2329
246,1281,1527
782,628,1410
265,564,829
240,1052,1292
523,1254,1777
507,554,1061
203,2298,2501
1537,425,1962
579,581,1160
552,609,1161
94,459,553
355,697,1052
3270,1435,4705
540,368,908
119,475,594
3005,1076,4081
1288,1300,2588
239,1426,1665
277,1020,1297
1293,475,1768
451,841,1292
362,1096,1458
551,1033,1584
408,396,804
411,953,1364
3357,702,4059
27,1525,1552
305,1823,2128
1318,887,2205
494,644,1138
1653,1176,2829
377,883,1260
775,880,1655
513,1682,2195
490,845,1335
274,1050,1324
1182,1201,2383
1005,494,1499
1753,1662,3415
478,596,1074
887,547,1434
1380,1041,2421
301,904,1205
558,1402,1960
1514,694,2208
867,516,1383
578,1588,2166
328,347,675
665,711,1376
1035,753,1788
1597,541,2138
330,1228,1558
296,903,1199
607,680,1287
1085,537,1622
409,1235,1644
445,887,1332
790,606,1396
736,667,1403
894,534,1428
1110,1291,2401
1442,1694,3136
747,851,1598
311,780,1091
891,666,1557
834,479,1313
1176,575,1751
880,1253,2133
727,1156,1883
158,1202,1360
361,1240,1601
1007,1801,2808
360,1015,1375
625,527,1152
1486,1219,2705
791,668,1459
1465,689,2154
601,1066,1667
331,761,1092
1446,1067,2513
490,908,1398
513,538,1051
769,660,1429
1732,486,2218
662,1098,1760
813,454,1267
549,1408,1957
1412,1271,2683
637,523,1160
1028,865,1893
528,1800,2328
1043,271,1314
758,666,1424
933,694,1627
1092,665,1757
1319,360,1679
1156,404,1560
220,1026,1246
2285,262,2547
1003,530,1533
656,434,1090
96,270,366
475,1364,1839
428,719,1147
143,271,414
1179,934,2113
316,860,1176
354,1101,1455
939,368,1307
1116,1319,2435
540,384,924
490,1041,1531
412,1378,1790
284,559,843
763,1089,1852
971,1041,2012
359,680,1039
380,1723,2103
447,818,1265
155,813,968
182,301,483
316,1036,1352
377,652,1029
336,1124,1460
571,1335,1906
1170,573,1743
1095,1677,2772
463,632,1095
664,514,1178
519,1699,2218
66,575,641
330,1085,1415
1227,1059,2286
654,337,991
739,500,1239
1540,690,2230
877,1171,2048
497,460,957
986,450,1436
632,1591,2223
807,1061,1868
411,463,874
722,1556,2278
1652,299,1951
1250,726,1976
415,470,885
534,1620,2154
790,946,1736
414,455,869
376,348,724
336,923,1259
765,461,1226
179,910,1089
606,564,1170
429,1262,1691
955,744,1699
142,708,850
127,585,712
217,714,931
232,1589,1821
361,405,766
828,2003,2831
185,362,547
476,345,821
1425,610,2035
1576,1661,3237
1012,1082,2094
1308,764,2072
1465,1409,2874
495,1237,1732
669,742,1411
406,341,747
741,1224,1965
299,765,1064
266,756,1022
156,498,654
1785,727,2512
369,1130,1499
169,917,1086
599,692,1291
64,1595,1659
236,926,1162
221,487,708
1526,463,1989
510,473,983
831,1533,2364
595,615,1210
1273,595,1868
884,1071,1955
487,1788,2275
477,923,1400
286,595,881
685,624,1309
667,1025,1692
1184,667,1851
784,3344,4128
655,846,1501
1155,1235,2390
829,1242,2071
1497,966,2463
311,629,940
497,616,1113
1546,1245,2791
716,332,1048
349,854,1203
259,856,1115
757,819,1576
1025,914,1939
621,1446,2067
999,678,1677
548,1118,1666
375,836,1211
768,1044,1812
495,880,1375
409,737,1146
465,698,1163
360,805,1165
393,800,1193
807,967,1774
996,3084,4080
632,606,1238
1018,1053,2071
871,760,1631
526,882,1408
677,765,1442
485,952,1437
725,771,1496
1194,522,1716
808,1605,2413
1152,3399,4551
778,997,1775
1353,780,2133
917,2722,3639
1048,798,1846
233,1039,1272
758,946,1704
672,542,1214
426,602,1028
1181,3215,4396
1662,756,2418
744,768,1512
716,772,1488
1448,2104,3552
767,1713,2480
678,1040,1718
486,1026,1512
2985,1429,4414
727,1260,1987
931,579,1510
419,803,1222
3256,904,4160
507,834,1341
656,1173,1829
907,705,1612
2975,661,3636
405,981,1386
572,727,1299
844,1032,1876
1480,1893,3373
806,908,1714
1085,1434,2519
664,913,1577
789,949,1738
607,611,1218
1316,486,1802
841,785,1626
659,983,1642
632,529,1161
498,592,1090
671,461,1132
2695,1373,4068
325,312,637
1996,1376,3372
911,1955,2866
625,1034,1659
1663,1250,2913
782,1695,2477
456,1623,2079
696,1329,2025
921,1566,2487
633,1565,2198
1014,1080,2094
613,1947,2560
671,2336,3007
441,1549,1990
726,1044,1770
597,1892,2489
1145,627,1772
275,435,710
439,1628,2067
797,1382,2179
829,735,1564
40,1094,1134
1576,409,1985
1218,980,2198
1335,527,1862
957,428,1385
1488,1627,3115
302,737,1039
1082,1491,2573
538,1223,1761
1683,513,2196
763,1847,2610
725,436,1161
1801,914,2715
844,592,1436
763,840,1603
1380,1819,3199
266,1038,1304
937,388,1325
1085,577,1662
291,1145,1436
1642,1017,2659
45,630,675
923,468,1391
1076,551,1627
1880,1654,3534
1223,873,2096
1162,1092,2254
969,540,1509
1522,667,2189
1131,1230,2361
195,834,1029
380,682,1062
81,1712,1793
1438,458,1896
751,364,1115
1324,877,2201
364,336,700
111,398,509
549,1888,2437
1401,762,2163
31,342,373
103,2069,2172
17,759,776
95,338,433
506,748,1254
2149,365,2514
27,1373,1400
152,319,471
610,809,1419
219,1009,1228
52,846,898
478,596,1074
620,1623,2243
814,618,1432
203,1328,1531
371,1109,1480
617,952,1569
510,1853,2363
236,1407,1643
518,1217,1735
505,712,1217
334,1394,1728
292,699,991
270,265,535
483,491,974
706,362,1068
154,771,925
600,2208,2808
266,351,617
1196,1926,3122
1835,775,2610
345,360,705
1212,573,1785
585,728,1313
350,632,982
347,1170,1517
633,1019,1652
1083,1274,2357
674,1719,2393
78,1055,1133
767,1026,1793
249,1492,1741
59,955,1014
859,939,1798
482,702,1184
247,412,659
347,1712,2059
1029,958,1987
1304,1142,2446
247,2393,2640
443,767,1210
1317,1689,3006
1297,1293,2590
849,387,1236
147,768,915
519,1426,1945
937,536,1473
308,818,1126
1892,788,2680
590,842,1432
334,834,1168
1194,1222,2416
237,1078,1315
1226,1614,2840
808,897,1705
724,990,1714
1533,1056,2589
905,1295,2200
1379,531,1910
555,485,1040
834,1406,2240
566,557,1123
1081,1692,2773
846,782,1628
880,792,1672
1291,1061,2352
1577,1017,2594
895,802,1697
802,487,1289
1509,1109,2618
2012,932,2944
634,934,1568
1271,527,1798
639,1128,1767
984,841,1825
262,969,1231
773,449,1222
609,642,1251
1117,947,2064
455,986,1441
715,977,1692
314,847,1161
936,821,1757
1454,949,2403
363,632,995
556,856,1412
902,794,1696
631,936,1567
1089,968,2057
841,706,1547
789,755,1544
335,999,1334
652,525,1177
782,699,1481
711,980,1691
5546,169,5715
837,761,1598
879,491,1370
1297,1149,2446
855,1027,1882
470,394,864
713,375,1088
599,668,1267
526,387,913
1558,901,2459
67,194,261
278,363,641
369,930,1299
747,1228,1975
113,437,550
811,1034,1845
244,335,579
856,1093,1949
559,1040,1599
792,1368,2160
878,654,1532
451,1551,2002
160,444,604
704,1263,1967
322,580,902
712,1428,2140
358,1639,1997
146,667,813
849,1143,1992
847,1398,2245
328,535,863
297,368,665
1486,523,2009
539,524,1063
351,526,877
167,722,889
715,1588,2303
800,1189,1989
227,731,958
405,958,1363
1049,810,1859
790,541,1331
203,1298,1501
830,1150,1980
444,1093,1537
809,1319,2128
249,1619,1868
1042,929,1971
774,676,1450
1276,380,1656
821,1116,1937
721,927,1648
1026,741,1767
998,378,1376
981,1130,2111
606,1313,1919
716,358,1074
574,1371,1945
793,1029,1822
1180,429,1609
227,766,993
567,390,957
956,633,1589
373,1745,2118
1224,1131,2355
579,1762,2341
511,670,1181
1190,1169,2359
925,1470,2395
170,708,878
300,967,1267
423,1165,1588
1278,1022,2300
885,286,1171
969,1584,2553
1342,1277,2619
604,1455,2059
1017,810,1827
1152,1139,2291
683,777,1460
1762,962,2724
958,888,1846
286,782,1068
133,663,796
878,641,1519
288,1393,1681
1067,680,1747
1604,895,2499
361,1303,1664
384,683,1067
1415,1687,3102
545,781,1326
1353,807,2160
755,351,1106
307,1735,2042
653,1453,2106
437,400,837
644,991,1635
545,1920,2465
984,1620,2604
874,1239,2113
1211,921,2132
1177,418,1595
1069,750,1819
545,977,1522
1374,807,2181
1111,2054,3165
783,802,1585
327,998,1325
907,1718,2625
966,1137,2103
698,784,1482
753,898,1651
596,946,1542
566,366,932
1323,1255,2578
436,1025,1461
939,352,1291
137,789,926
1179,1665,2844
695,747,1442
1685,383,2068
401,1483,1884
474,842,1316
1601,941,2542
269,973,1242
554,625,1179
760,516,1276
52,1714,1766
686,501,1187
583,750,1333
667,684,1351
689,399,1088
555,1130,1685
864,951,1815
791,717,1508
711,1315,2026
1504,1653,3157
586,1710,2296
217,752,969
308,706,1014
1543,1906,3449
454,362,816
1596,870,2466
114,510,624
840,755,1595
1344,737,2081
838,1697,2535
873,963,1836
469,680,1149
1603,1206,2809
2012,1535,3547
639,696,1335
1458,1357,2815
104,498,602
1001,815,1816
1439,1407,2846
277,1345,1622
1124,708,1832
672,1355,2027
1569,735,2304
228,695,923
1555,1365,2920
372,773,1145
1637,718,2355
526,746,1272
1824,579,2403
1036,793,1829
154,733,887
639,1373,2012
842,1617,2459
655,1377,2032
396,867,1263
721,541,1262
499,849,1348
1360,787,2147
778,905,1683
429,709,1138
273,2134,2407
1136,1010,2146
796,1452,2248
1222,913,2135
430,886,1316
587,712,1299
946,875,1821
585,920,1505
680,522,1202
560,923,1483
678,577,1255
628,993,1621
481,1841,2322
772,548,1320
579,711,1290
465,977,1442
712,344,1056
418,873,1291
692,1014,1706
490,334,824
1155,686,1841
647,908,1555
374,332,706
1067,715,1782
719,1901,2620
383,1002,1385
644,1645,2289
1092,1339,2431
649,768,1417
870,588,1458
791,905,1696
377,1403,1780
906,604,1510
2021,878,2899
1280,1345,2625
841,738,1579
1619,1098,2717
629,1258,1887
1403,1315,2718
457,770,1227
198,359,557
571,1163,1734
1336,1158,2494
813,534,1347
406,1812,2218
1657,828,2485
1164,389,1553
237,596,833
704,784,1488
1068,394,1462
672,899,1571
785,1158,1943
564,1189,1753
651,1762,2413
763,1296,2059
1078,514,1592
832,1406,2238
385,520,905
198,722,920
681,914,1595
751,615,1366
252,663,915
434,976,1410
338,608,946
379,801,1180
39,604,643
467,1818,2285
1537,1461,2998
69,1618,1687
854,1823,2677
362,761,1123
157,414,571
128,1585,1713
885,1742,2627
291,365,656
687,1041,1728
658,1625,2283
1101,1493,2594
616,2324,2940
787,469,1256
611,1995,2606
569,1239,1808
556,666,1222
1657,491,2148
351,422,773
591,658,1249
1223,1348,2571
1638,458,2096
941,1200,2141
1232,1186,2418
1620,589,2209
609,1809,2418
867,1064,1931
1694,1508,3202
309,716,1025
459,484,943
1236,1164,2400
390,715,1105
568,496,1064
1736,774,2510
1526,591,2117
110,499,609
694,1293,1987
1077,815,1892
1635,1775,3410
829,1611,2440
1320,1952,3272
1793,1662,3455
523,1603,2126
1149,770,1919
521,591,1112
149,514,663
1118,407,1525
325,654,979
369,533,902
121,939,1060
416,582,998
851,1066,1917
347,632,979
1512,1698,3210
977,1329,2306
1089,2604,3693
833,1210,2043
140,938,1078
1609,2248,3857
1303,1078,2381
477,583,1060
1785,1388,3173
1562,1642,3204
1167,893,2060
2457,782,3239
412,570,982
1473,1711,3184
1113,968,2081
1333,1080,2413
74,1018,1092
1519,956,2475
365,831,1196
707,876,1583
1198,615,1813
577,1182,1759
861,918,1779
167,1179,1346
1478,401,1879
357,597,954
330,824,1154
1082,724,1806
299,1060,1359
380,1149,1529
2049,369,2418
726,614,1340
902,974,1876
968,570,1538
408,1117,1525
781,922,1703
591,970,1561
796,404,1200
539,1081,1620
451,1313,1764
1051,682,1733
1426,1290,2716
1268,886,2154
738,681,1419
919,726,1645
545,796,1341
504,574,1078
1514,2105,3619
505,1102,1607
786,843,1629
666,857,1523
922,587,1509
765,546,1311
894,1259,2153
647,534,1181
588,1251,1839
635,1169,1804
668,2127,2795
231,794,1025
868,1073,1941
1094,1613,2707
48,1040,1088
732,991,1723
453,667,1120
239,1605,1844
1032,1056,2088
791,1750,2541
661,662,1323
429,853,1282
1768,694,2462
398,669,1067
636,453,1089
221,1000,1221
714,1237,1951
1024,947,1971
677,1567,2244
745,816,1561
886,570,1456
1966,726,2692
406,571,977
631,908,1539
1149,1022,2171
429,842,1271
979,1500,2479
478,839,1317
647,680,1327
1160,680,1840
1713,943,2656
675,827,1502
557,504,1061
561,798,1359
802,677,1479
547,680,1227
723,790,1513
1088,846,1934
954,657,1611
535,652,1187
517,511,1028
638,572,1210
880,934,1814
869,830,1699
369,1114,1483
739,668,1407
727,767,1494
1151,659,1810
370,772,1142
735,316,1051
491,816,1307
860,733,1593
297,1423,1720
553,967,1520
758,497,1255
729,858,1587
828,525,1353
419,803,1222
436,748,1184
71,1203,1274
549,593,1142
825,1195,2020
637,802,1439
1005,433,1438
546,503,1049
1021,1156,2177
460,572,1032
366,2471,2837
1249,616,1865
516,777,1293
656,775,1431
597,552,1149
769,856,1625
768,623,1391
315,844,1159
742,641,1383
909,2094,3003
1066,431,1497
164,1072,1236
662,809,1471
664,795,1459
286,655,941
569,605,1174
187,579,766
597,753,1350
1087,2132,3219
998,516,1514
404,877,1281
568,1020,1588
590,701,1291
618,723,1341
323,590,913
327,642,969
2269,809,3078
253,954,1207
798,662,1460
557,1238,1795
597,593,1190
528,652,1180
669,1094,1763
1888,838,2726
448,807,1255
681,653,1334
535,730,1265
2039,770,2809
273,691,964
725,782,1507
841,676,1517
322,715,1037
633,735,1368
534,619,1153
1065,589,1654
533,795,1328
353,862,1215
499,638,1137
219,699,918
364,458,822
789,467,1256
680,668,1348
399,569,968
384,885,1269
402,1212,1614
575,454,1029
694,323,1017
566,411,977
490,565,1055
480,542,1022
205,865,1070
494,523,1017
636,790,1426
585,327,912
457,507,964
307,821,1128
460,629,1089
221,1450,1671
363,1292,1655
327,542,869
542,798,1340
492,441,933
383,534,917
672,431,1103
155,632,787
288,490,778
284,1306,1590
504,2913,3417
199,661,860
546,1203,1749
367,2876,3243
454,591,1045
332,517,849
613,2671,3284
306,518,824
429,1022,1451
1029,1934,2963
407,967,1374
1172,662,1834
495,1435,1930
410,957,1367
2674,354,3028
630,1041,1671
561,431,992
768,1234,2002
2251,340,2591
303,552,855
1805,362,2167
455,584,1039
1026,629,1655
717,939,1656
365,478,843
625,1160,1785
860,732,1592
328,991,1319
457,1167,1624
890,1144,2034
424,1165,1589
171,1062,1233
745,916,1661
1139,673,1812
843,808,1651
160,345,505
193,835,1028
870,543,1413
323,588,911
1085,1425,2510
237,1049,1286
936,657,1593
756,527,1283
201,696,897
307,1075,1382
390,752,1142
991,351,1342
301,963,1264
994,499,1493
783,852,1635
1047,478,1525
1084,2071,3155
936,641,1577
711,875,1586
593,618,1211
1273,1786,3059
903,647,1550
770,782,1552
588,516,1104
525,928,1453
423,1172,1595
345,774,1119
481,915,1396
389,533,922
685,1219,1904
585,1079,1664
607,773,1380
248,763,1011
681,650,1331
737,815,1552
304,1401,1705
329,420,749
812,548,1360
883,901,1784
502,730,1232
114,731,845
433,1300,1733
240,659,899
623,1059,1682
682,698,1380
855,1133,1988
823,359,1182
667,676,1343
679,609,1288
705,1034,1739
323,503,826
315,490,805
1052,737,1789
367,878,1245
1078,917,1995
315,923,1238
1294,1101,2395
1043,805,1848
66,825,891
371,498,869
521,975,1496
1031,364,1395
374,492,866
670,1050,1720
239,1050,1289
1604,1416,3020
413,721,1134
779,916,1695
592,558,1150
630,932,1562
542,942,1484
1299,978,2277
736,620,1356
657,677,1334
1675,1589,3264
689,1290,1979
667,634,1301
382,854,1236
861,818,1679
933,1211,2144
817,347,1164
450,1118,1568
900,618,1518
908,1740,2648
556,1178,1734
184,813,997
1016,982,1998
245,1329,1574
868,1005,1873
674,1102,1776
261,604,865
746,627,1373
504,323,827
437,795,1232
549,974,1523
557,447,1004
1370,668,2038
83,994,1077
399,1290,1689
652,1311,1963
902,722,1624
1225,549,1774
415,562,977
351,1472,1823
1048,970,2018
1612,535,2147
347,877,1224
408,1599,2007
880,705,1585
639,861,1500
1220,690,1910
173,744,917
773,724,1497
734,675,1409
160,1379,1539
516,454,970
740,1393,2133
811,833,1644
224,1270,1494
865,1091,1956
1167,503,1670
12853,187,13040
968,1365,2333
1270,1124,2394
1063,881,1944
583,933,1516
910,1590,2500
857,1549,2406
39,1288,1327
1236,1302,2538
605,1456,2061
1226,1032,2258
123,1236,1359
1296,1129,2425
429,1120,1549
1146,420,1566
222,1135,1357
285,1125,1410
648,882,1530
1163,284,1447
778,298,1076
563,968,1531
1311,215,1526
548,365,913
991,334,1325
1312,420,1732
562,1166,1728
1222,293,1515
838,1234,2072
121,172,293
788,386,1174
119,308,427
843,899,1742
1058,280,1338
670,339,1009
64,461,525
41,2008,2049
111,491,602
169,973,1142
231,1988,2219
176,312,488
826,1109,1935
902,883,1785
64,555,619
30,2013,2043
884,887,1771
692,826,1518
19,2378,2397
225,1186,1411
583,738,1321
276,1119,1395
173,2223,2396
108,1558,1666
426,1037,1463
124,515,639
206,2426,2632
425,719,1144
156,934,1090
491,546,1037
183,547,730
531,1742,2273
397,742,1139
960,1490,2450
202,1375,1577
1811,988,2799
1798,1021,2819
866,970,1836
725,524,1249
225,976,1201
515,2160,2675
546,673,1219
345,1789,2134
1875,875,2750
2266,609,2875
386,2287,2673
2080,660,2740
408,768,1176
113,747,860
115,1165,1280
808,714,1522
163,1624,1787
888,305,1193
1095,840,1935
1360,816,2176
1516,1177,2693
2070,677,2747
1799,833,2632
389,688,1077
420,1134,1554
1439,1411,2850
442,793,1235
914,930,1844
1322,1040,2362
763,917,1680
1707,970,2677
725,519,1244
649,708,1357
473,704,1177
905,896,1801
664,1081,1745
537,712,1249
922,868,1790
665,922,1587
2197,714,2911
913,595,1508
1037,973,2010
549,740,1289
1044,956,2000
789,810,1599
377,560,937
762,1104,1866
688,559,1247
443,1383,1826
610,613,1223
598,1146,1744
890,1079,1969
850,420,1270
164,1875,2039
565,1259,1824
860,767,1627
603,761,1364
550,1138,1688
635,2272,2907
1134,575,1709
631,1386,2017
762,977,1739
1494,1519,3013
885,1244,2129
1120,601,1721
871,383,1254
1316,601,1917
622,1269,1891
646,785,1431
620,1399,2019
706,1906,2612
406,772,1178
920,1160,2080
1058,1225,2283
964,377,1341
532,1136,1668
804,398,1202
856,1001,1857
798,551,1349
954,1009,1963
483,1722,2205
68,767,835
623,435,1058
1818,739,2557
1276,1531,2807
424,1117,1541
614,805,1419
825,1184,2009
542,490,1032
597,1788,2385
1091,1205,2296
547,524,1071
57,729,786
985,917,1902
608,697,1305
308,544,852
171,1078,1249
948,941,1889
673,700,1373
847,1732,2579
555,708,1263
2143,1058,3201
252,947,1199
395,633,1028
1442,1296,2738
109,1308,1417
605,384,989
1290,324,1614
639,827,1466
615,397,1012
194,1294,1488
342,590,932
390,370,760
1819,682,2501
1238,1309,2547
657,673,1330
120,314,434
858,910,1768
842,685,1527
1078,955,2033
992,907,1899
939,1694,2633
897,1732,2629
863,1029,1892
1530,1331,2861
480,706,1186
180,358,538
1118,512,1630
1159,486,1645
766,570,1336
242,542,784
1664,1265,2929
927,1314,2241
1126,868,1994
997,1352,2349
298,950,1248
707,1148,1855
1186,684,1870
788,724,1512
730,1076,1806
735,1870,2605
1279,1257,2536
944,594,1538
619,1320,1939
624,675,1299
556,711,1267
193,519,712
710,634,1344
655,1221,1876
578,1102,1680
246,872,1118
1552,1200,2752
209,1894,2103
526,643,1169
635,405,1040
376,1389,1765
1074,1321,2395
778,708,1486
872,777,1649
998,928,1926
1794,655,2449
305,924,1229
1097,872,1969
413,521,934
1218,918,2136
358,1229,1587
731,1326,2057
548,632,1180
614,1111,1725
1581,658,2239
553,1044,1597
403,933,1336
1162,579,1741
1084,660,1744
1100,744,1844
403,523,926
1345,759,2104
1037,694,1731
1179,1187,2366
940,469,1409
1594,1367,2961
991,459,1450
1086,1724,2810
754,759,1513
497,517,1014
584,706,1290
1239,1513,2752
1211,1357,2568
604,2068,2672
495,822,1317
759,465,1224
819,806,1625
895,663,1558
403,503,906
187,595,782
1202,624,1826
601,1311,1912
780,1856,2636
503,539,1042
295,615,910
765,990,1755
405,720,1125
331,679,1010
560,1153,1713
1586,503,2089
469,878,1347
1154,1001,2155
547,716,1263
249,663,912
289,1277,1566
380,840,1220
633,823,1456
647,1849,2496
1161,700,1861
637,631,1268
1076,856,1932
673,1939,2612
518,773,1291
678,740,1418
306,752,1058
448,642,1090
879,638,1517
317,791,1108
507,649,1156
1255,822,2077
1090,651,1741
794,608,1402
618,1309,1927
721,691,1412
398,629,1027
1759,843,2602
538,976,1514
368,1827,2195
629,470,1099
413,917,1330
604,541,1145
171,335,506
800,805,1605
560,1125,1685
1603,1018,2621
523,813,1336
1101,1133,2234
416,940,1356
1617,840,2457
196,348,544
556,766,1322
589,865,1454
552,957,1509
450,876,1326
1132,951,2083
111,843,954
695,722,1417
283,424,707
427,586,1013
951,574,1525
761,1101,1862
767,1154,1921
732,963,1695
581,568,1149
484,514,998
486,1451,1937
637,1319,1956
714,462,1176
1650,698,2348
921,1028,1949
662,1105,1767
599,946,1545
159,632,791
741,468,1209
734,1213,1947
836,501,1337
1030,921,1951
227,331,558
705,922,1627
609,816,1425
632,1171,1803
275,581,856
208,985,1193
356,1415,1771
363,566,929
711,939,1650
1110,567,1677
244,1104,1348
370,434,804
688,969,1657
855,962,1817
240,656,896
749,1254,2003
446,935,1381
1179,643,1822
559,860,1419
762,820,1582
740,625,1365
883,762,1645
1146,544,1690
777,774,1551
225,615,840
352,1278,1630
746,678,1424
196,345,541
791,648,1439
824,1163,1987
631,4131,4762
823,515,1338
859,1329,2188
1056,947,2003
370,492,862
754,819,1573
186,1398,1584
233,683,916
850,579,1429
1130,725,1855
551,4482,5033
781,686,1467
858,1251,2109
1353,916,2269
499,567,1066
1045,917,1962
347,834,1181
714,629,1343
296,1517,1813
1118,727,1845
383,4629,5012
517,727,1244
675,1109,1784
437,732,1169
425,907,1332
653,900,1553
525,827,1352
499,1591,2090
461,944,1405
330,1093,1423
3778,1089,4867
1011,544,1555
525,851,1376
276,925,1201
749,722,1471
971,1036,2007
650,724,1374
291,1050,1341
748,684,1432
830,1269,2099
790,1049,1839
454,1340,1794
612,1400,2012
364,1170,1534
629,1381,2010
610,996,1606
742,518,1260
1315,1516,2831
826,669,1495
1072,1384,2456
1286,1657,2943
877,305,1182
4168,1447,5615
753,776,1529
622,861,1483
4471,1739,6210
368,967,1335
850,1553,2403
1408,1420,2828
917,1589,2506
448,1152,1600
577,1293,1870
558,1853,2411
647,2943,3590
655,1318,1973
675,1521,2196
616,2098,2714
985,1169,2154
263,3101,3364
853,712,1565
642,1313,1955
905,339,1244
460,1716,2176
800,2594,3394
1269,663,1932
223,965,1188
889,1884,2773
545,694,1239
1524,557,2081
2877,534,3411
1323,812,2135
617,722,1339
998,1347,2345
1694,793,2487
187,610,797
1172,554,1726
901,719,1620
1238,576,1814
2990,257,3247
928,1187,2115
1901,373,2274
1217,620,1837
871,525,1396
1230,405,1635
248,612,860
1686,645,2331
1376,952,2328
1582,712,2294
851,570,1421
1378,1344,2722
823,608,1431
1923,668,2591
1913,779,2692
84,812,896
1839,330,2169
127,682,809
38,798,836
77,770,847
1461,974,2435
2033,727,2760
94,820,914
114,872,986
63,958,1021
2566,874,3440
91,884,975
150,889,1039
101,1152,1253
69,956,1025
2425,621,3046
36,628,664
74,1149,1223
247,989,1236
163,660,823
82,1335,1417
93,1310,1403
470,790,1260
527,872,1399
265,897,1162
399,713,1112
56,1036,1092
96,1076,1172
198,1351,1549
222,1345,1567
579,740,1319
593,974,1567
533,712,1245
368,1070,1438
694,732,1426
143,1282,1425
223,1170,1393
75,635,710
533,1017,1550
565,996,1561
461,869,1330
873,768,1641
748,842,1590
666,1055,1721
460,1246,1706
704,1064,1768
554,955,1509
966,985,1951
701,886,1587
188,1080,1268
460,907,1367
1123,888,2011
790,1224,2014
892,861,1753
129,1563,1692
790,1078,1868
586,945,1531
759,651,1410
872,553,1425
607,1061,1668
334,1048,1382
991,1027,2018
524,806,1330
520,1723,2243
1179,1321,2500
994,473,1467
437,1541,1978
833,681,1514
571,441,1012
459,682,1141
545,1207,1752
501,630,1131
632,518,1150
1000,962,1962
389,632,1021
688,958,1646
780,662,1442
328,496,824
989,609,1598
931,1372,2303
334,1332,1666
912,1447,2359
309,529,838
559,1739,2298
497,645,1142
397,1075,1472
877,503,1380
423,275,698
544,1000,1544
712,1507,2219
465,447,912
853,1371,2224
533,889,1422
428,448,876
466,1056,1522
902,444,1346
389,675,1064
945,2290,3235
550,463,1013
1615,821,2436
895,1411,2306
880,1017,1897
126,455,581
1363,1226,2589
1046,956,2002
562,599,1161
797,344,1141
1212,955,2167
311,745,1056
1111,973,2084
735,940,1675
619,916,1535
334,416,750
357,651,1008
809,449,1258
1268,2368,3636
308,812,1120
208,641,849
375,564,939
1341,758,2099
1072,2688,3760
321,495,816
2043,1084,3127
1300,715,2015
604,233,837
556,1623,2179
425,1182,1607
491,681,1172
640,816,1456
1206,637,1843
851,862,1713
495,681,1176
1980,769,2749
859,1243,2102
614,245,859
272,1027,1299
2569,364,2933
743,1123,1866
870,849,1719
927,1072,1999
1057,376,1433
461,1758,2219
1110,734,1844
423,1221,1644
483,420,903
717,1657,2374
802,831,1633
756,1126,1882
630,1267,1897
1426,994,2420
1137,417,1554
378,887,1265
622,848,1470
1592,643,2235
233,575,808
856,1104,1960
529,1099,1628
1182,741,1923
789,396,1185
709,671,1380
504,1399,1903
1069,753,1822
277,615,892
746,865,1611
1150,428,1578
577,863,1440
569,929,1498
1003,427,1430
494,1349,1843
927,769,1696
899,894,1793
1503,341,1844
169,735,904
978,779,1757
811,855,1666
1043,592,1635
1373,410,1783
647,1239,1886
288,647,935
718,862,1580
1045,732,1777
927,618,1545
198,949,1147
746,584,1330
414,789,1203
564,579,1143
585,1248,1833
596,468,1064
300,945,1245
745,1017,1762
738,759,1497
1222,745,1967
839,628,1467
520,488,1008
249,788,1037
495,575,1070
603,792,1395
455,1094,1549
682,942,1624
307,1083,1390
1093,590,1683
785,659,1444
737,971,1708
364,1300,1664
1085,659,1744
378,900,1278
706,415,1121
646,1068,1714
523,463,986
421,591,1012
870,427,1297
806,838,1644
883,685,1568
617,973,1590
564,513,1077
254,1096,1350
680,983,1663
855,953,1808
361,781,1142
620,776,1396
452,757,1209
515,964,1479
873,561,1434
883,610,1493
674,638,1312
679,595,1274
203,1092,1295
909,657,1566
402,879,1281
758,811,1569
728,788,1516
272,1266,1538
462,847,1309
996,593,1589
621,511,1132
791,546,1337
1030,754,1784
491,876,1367
494,863,1357
721,553,1274
811,747,1558
677,719,1396
648,611,1259
363,497,860
395,637,1032
799,651,1450
1133,576,1709
621,474,1095
384,1029,1413
868,738,1606
463,853,1316
745,621,1366
504,832,1336
783,613,1396
681,442,1123
711,461,1172
885,1048,1933
179,474,653
380,492,872
316,1102,1418
227,656,883
550,685,1235
402,518,920
451,972,1423
373,470,843
751,534,1285
668,975,1643
260,630,890
272,1041,1313
440,1088,1528
445,647,1092
239,496,735
950,1375,2325
292,478,770
257,702,959
1273,1107,2380
402,701,1103
789,1181,1970
513,503,1016
247,1113,1360
404,463,867
547,426,973
603,317,920
699,700,1399
349,1371,1720
433,936,1369
911,999,1910
656,400,1056
355,592,947
485,1149,1634
65,948,1013
789,824,1613
416,707,1123
261,1371,1632
344,1303,1647
737,1288,2025
383,940,1323
634,1064,1698
213,549,762
634,829,1463
833,830,1663
376,799,1175
639,976,1615
805,634,1439
409,872,1281
471,324,795
946,312,1258
996,778,1774
424,517,941
531,1171,1702
197,748,945
1293,502,1795
752,521,1273
513,485,998
214,801,1015
989,811,1800
736,461,1197
625,552,1177
207,906,1113
597,934,1531
748,413,1161
1041,419,1460
638,1152,1790
1083,1518,2601
362,743,1105
832,1255,2087
487,438,925
350,772,1122
245,952,1197
289,906,1195
1002,985,1987
399,686,1085
1155,1241,2396
538,1345,1883
1128,1315,2443
428,1002,1430
411,1352,1763
665,1171,1836
1013,1330,2343
688,863,1551
722,1065,1787
613,1077,1690
705,1123,1828
421,1172,1593
1073,1092,2165
1082,572,1654
317,910,1227
316,1159,1475
1035,1088,2123
1113,555,1668
660,1249,1909
824,1879,2703
1321,891,2212
736,1086,1822
1296,375,1671
678,1313,1991
838,1931,2769
1095,803,1898
746,1020,1766
811,1183,1994
747,415,1162
1029,578,1607
570,961,1531
1319,390,1709
767,1229,1996
680,563,1243
501,366,867
1191,461,1652
635,1005,1640
421,1063,1484
739,578,1317
890,802,1692
779,1589,2368
831,493,1324
84,1223,1307
477,900,1377
789,432,1221
673,364,1037
843,405,1248
878,475,1353
1801,575,2376
119,1227,1346
675,723,1398
705,464,1169
532,364,896
1836,403,2239
855,507,1362
924,640,1564
812,460,1272
901,451,1352
1459,465,1924
1061,420,1481
1544,478,2022
74,435,509
1280,485,1765
836,474,1310
37,513,550
969,513,1482
58,591,649
81,689,770
71,568,639
84,600,684
86,656,742
1556,399,1955
105,561,666
47,559,606
116,797,913
63,640,703
240,490,730
1386,577,1963
45,628,673
319,505,824
65,540,605
24,1039,1063
84,647,731
191,703,894
403,473,876
269,574,843
438,496,934
297,351,648
410,652,1062
493,506,999
51,1006,1057
238,772,1010
30,770,800
325,393,718
218,964,1182
283,1005,1288
26,826,852
57,861,918
402,374,776
382,907,1289
150,716,866
300,1101,1401
336,504,840
204,391,595
252,1039,1291
161,1231,1392
1900,296,2196
443,317,760
256,897,1153
555,774,1329
144,635,779
492,1047,1539
479,486,965
791,472,1263
302,1233,1535
529,757,1286
88,963,1051
457,652,1109
669,582,1251
597,1125,1722
233,374,607
347,1073,1420
363,866,1229
833,470,1303
178,636,814
140,1081,1221
525,894,1419
322,598,920
668,1478,2146
273,691,964
344,792,1136
847,956,1803
355,488,843
253,974,1227
548,927,1475
188,1306,1494
324,946,1270
288,847,1135
506,950,1456
715,613,1328
591,1018,1609
1339,310,1649
433,454,887
290,1290,1580
1101,583,1684
851,317,1168
1009,760,1769
475,966,1441
889,322,1211
938,1244,2182
720,392,1112
669,948,1617
421,617,1038
295,524,819
772,989,1761
1063,611,1674
1003,993,1996
530,1118,1648
288,526,814
624,570,1194
1129,1162,2291
750,648,1398
568,1249,1817
1196,603,1799
786,767,1553
574,922,1496
206,407,613
600,574,1174
707,1275,1982
447,774,1221
864,752,1616
1168,880,2048
939,1230,2169
456,444,900
400,1230,1630
543,657,1200
961,1222,2183
155,1401,1556
862,900,1762
93,314,407
460,1549,2009
1256,564,1820
779,933,1712
134,972,1106
1016,585,1601
856,786,1642
412,517,929
192,994,1186
363,439,802
1007,926,1933
425,598,1023
203,1003,1206
407,890,1297
491,576,1067
1120,806,1926
790,781,1571
295,464,759
612,341,953
1023,748,1771
826,712,1538
513,289,802
787,355,1142
683,835,1518
1165,1108,2273
345,315,660
757,644,1401
628,816,1444
862,575,1437
1360,549,1909
124,977,1101
509,828,1337
1080,889,1969
924,560,1484
182,957,1139
608,1002,1610
210,584,794
727,461,1188
1011,559,1570
850,744,1594
439,387,826
719,305,1024
715,392,1107
279,887,1166
689,619,1308
378,352,730
528,680,1208
1085,532,1617
327,1646,1973
180,769,949
461,342,803
757,304,1061
484,2677,3161
865,310,1175
515,968,1483
607,784,1391
581,711,1292
399,504,903
210,739,949
807,1340,2147
648,852,1500
248,511,759
1374,1776,3150
603,729,1332
150,478,628
462,439,901
362,1408,1770
387,473,860
633,461,1094
372,1494,1866
195,733,928
366,946,1312
659,347,1006
410,1663,2073
350,327,677
201,734,935
641,1388,2029
484,1010,1494
1432,1601,3033
213,882,1095
692,977,1669
557,328,885
1211,648,1859
446,415,861
282,856,1138
90,951,1041
1361,547,1908
359,522,881
638,829,1467
1564,426,1990
682,1534,2216
383,422,805
718,923,1641
2528,727,3255
317,803,1120
283,823,1106
247,556,803
694,970,1664
453,1295,1748
290,607,897
516,435,951
462,483,945
713,826,1539
1650,976,2626
640,694,1334
641,676,1317
700,673,1373
889,1366,2255
573,479,1052
635,922,1557
816,528,1344
774,857,1631
63,573,636
244,575,819
410,477,887
854,1334,2188
711,715,1426
193,1039,1232
308,440,748
99,588,687
575,609,1184
702,537,1239
1152,1142,2294
673,764,1437
1135,992,2127
902,360,1262
1244,1380,2624
1285,648,1933
347,507,854
440,485,925
1415,1080,2495
601,783,1384
494,550,1044
630,1346,1976
341,970,1311
1414,1283,2697
1271,523,1794
431,611,1042
590,1034,1624
525,667,1192
571,379,950
462,564,1026
916,1041,1957
322,544,866
760,570,1330
443,703,1146
1024,1229,2253
739,638,1377
627,722,1349
508,635,1143
407,570,977
68,687,755
365,1015,1380
241,577,818
416,546,962
120,715,835
356,984,1340
312,562,874
527,655,1182
485,404,889
569,500,1069
405,995,1400
477,543,1020
993,944,1937
491,461,952
688,622,1310
392,469,861
1159,780,1939
773,733,1506
439,371,810
1290,571,1861
948,480,1428
978,786,1764
853,2821,3674
311,846,1157
572,312,884
814,2520,3334
487,875,1362
87,373,460
214,452,666
848,433,1281
159,519,678
248,491,739
945,813,1758
871,2418,3289
435,781,1216
358,346,704
522,1148,1670
1030,2108,3138
880,644,1524
1038,1041,2079
660,993,1653
609,328,937
314,732,1046
735,584,1319
854,998,1852
392,595,987
240,517,757
2165,415,2580
252,811,1063
1092,1387,2479
707,1026,1733
572,1059,1631
97,342,439
706,446,1152
222,597,819
310,865,1175
403,671,1074
415,1107,1522
389,1724,2113
165,974,1139
745,916,1661
466,694,1160
200,1029,1229
123,1499,1622
580,978,1558
439,2043,2482
313,937,1250
426,891,1317
915,1302,2217
2213,903,3116
253,1077,1330
794,1049,1843
169,1655,1824
605,812,1417
2080,1076,3156
640,838,1478
868,1100,1968
964,997,1961
519,777,1296
60,1027,1087
211,900,1111
900,639,1539
725,529,1254
387,2072,2459
993,994,1987
791,650,1441
640,987,1627
1122,494,1616
300,981,1281
813,458,1271
1206,285,1491
672,648,1320
788,466,1254
739,2128,2867
1378,1008,2386
119,1081,1200
661,732,1393
1323,626,1949
643,724,1367
431,1305,1736
19,284,303
1076,488,1564
901,797,1698
1349,1264,2613
781,580,1361
78,498,576
545,797,1342
861,642,1503
807,790,1597
1230,917,2147
30,431,461
864,957,1821
990,557,1547
1836,933,2769
818,680,1498
508,844,1352
227,371,598
66,714,780
575,886,1461
672,911,1583
271,621,892
1274,435,1709
48,732,780
1810,780,2590
551,552,1103
813,1066,1879
329,500,829
640,415,1055
885,985,1870
325,590,915
63,625,688
378,852,1230
475,655,1130
103,1013,1116
677,544,1221
418,501,919
467,568,1035
481,291,772
747,415,1162
315,853,1168
162,825,987
352,515,867
1199,752,1951
535,738,1273
59,777,836
309,1100,1409
544,276,820
200,396,596
996,494,1490
512,386,898
647,979,1626
265,698,963
206,745,951
625,1416,2041
568,790,1358
239,831,1070
422,693,1115
865,1869,2734
99,510,609
560,654,1214
664,511,1175
297,1647,1944
244,397,641
588,548,1136
506,354,860
55,587,642
365,428,793
220,965,1185
302,782,1084
549,414,963
431,526,957
537,511,1048
345,728,1073
598,674,1272
216,498,714
868,1077,1945
395,1087,1482
404,738,1142
695,847,1542
1660,559,2219
126,868,994
715,513,1228
282,1222,1504
273,629,902
643,427,1070
654,407,1061
438,601,1039
510,588,1098
260,701,961
1208,561,1769
870,795,1665
343,592,935
970,705,1675
676,441,1117
325,535,860
572,457,1029
297,476,773
678,447,1125
241,2391,2632
290,334,624
351,469,820
217,449,666
527,2278,2805
390,732,1122
587,292,879
223,923,1146
301,424,725
333,1008,1341
364,308,672
334,1396,1730
710,979,1689
193,2120,2313
263,281,544
1058,1202,2260
1937,719,2656
402,931,1333
307,588,895
140,1081,1221
575,1593,2168
488,716,1204
349,688,1037
2145,564,2709
794,1281,2075
456,1325,1781
700,1057,1757
199,663,862
395,1298,1693
885,1057,1942
310,332,642
405,1567,1972
1833,711,2544
1108,493,1601
353,998,1351
1131,1338,2469
344,675,1019
539,1214,1753
541,1000,1541
210,1617,1827
614,550,1164
953,483,1436
327,994,1321
1331,1425,2756
369,624,993
326,953,1279
1098,403,1501
576,536,1112
797,929,1726
949,354,1303
572,539,1111
1165,559,1724
856,1147,2003
467,809,1276
1512,894,2406
411,1532,1943
1154,930,2084
618,641,1259
340,413,753
1012,901,1913
1386,792,2178
1251,835,2086
295,508,803
909,420,1329
1115,577,1692
306,543,849
323,766,1089
461,477,938
855,782,1637
293,742,1035
1538,737,2275
1339,703,2042
420,623,1043
482,568,1050
906,677,1583
201,566,767
209,564,773
1405,800,2205
857,748,1605
630,424,1054
332,480,812
1101,712,1813
257,626,883
73,761,834
769,754,1523
299,577,876
697,571,1268
246,2230,2476
607,270,877
1082,1163,2245
299,653,952
404,737,1141
472,499,971
700,791,1491
723,847,1570
159,595,754
413,304,717
285,2365,2650
518,413,931
902,1746,2648
181,1080,1261
576,606,1182
573,446,1019
838,1616,2454
404,842,1246
568,578,1146
329,465,794
333,2448,2781
575,618,1193
456,1024,1480
773,899,1672
467,771,1238
2229,741,2970
855,697,1552
542,750,1292
350,990,1340
2159,608,2767
603,491,1094
500,719,1219
586,743,1329
522,1095,1617
65,989,1054
333,474,807
563,920,1483
366,1155,1521
2376,451,2827
921,1220,2141
596,1056,1652
440,640,1080
803,576,1379
523,490,1013
1716,875,2591
315,491,806
1485,734,2219
99,1179,1278
235,336,571
554,557,1111
355,1121,1476
799,659,1458
756,867,1623
1066,495,1561
895,956,1851
1016,755,1771
610,535,1145
790,921,1711
876,706,1582
781,374,1155
550,593,1143
924,460,1384
871,857,1728
513,337,850
721,491,1212
645,787,1432
878,422,1300
63,665,728
309,930,1239
465,900,1365
306,437,743
910,817,1727
368,1319,1687
519,337,856
515,581,1096
478,982,1460
400,872,1272
243,744,987
446,678,1124
726,396,1122
858,664,1522
609,534,1143
188,1335,1523
619,543,1162
554,663,1217
805,890,1695
461,454,915
697,555,1252
837,450,1287
400,788,1188
702,437,1139
576,312,888
859,433,1292
210,785,995
467,522,989
129,655,784
506,1347,1853
254,678,932
864,302,1166
382,453,835
556,1714,2270
392,398,790
652,248,900
208,925,1133
239,781,1020
519,425,944
691,264,955
252,786,1038
177,1207,1384
281,783,1064
255,434,689
679,678,1357
620,1054,1674
555,572,1127
280,512,792
534,1637,2171
302,888,1190
548,513,1061
154,458,612
656,545,1201
288,523,811
436,1054,1490
618,416,1034
702,671,1373
1042,949,1991
1085,618,1703
641,456,1097
1425,680,2105
357,437,794
475,472,947
337,788,1125
391,1121,1512
1475,718,2193
131,620,751
413,2413,2826
760,830,1590
877,478,1355
891,439,1330
182,2782,2964
144,946,1090
473,315,788
197,602,799
638,402,1040
168,477,645
798,809,1607
431,956,1387
940,662,1602
509,2509,3018
1055,631,1686
446,595,1041
150,1450,1600
277,748,1025
405,506,911
446,807,1253
530,326,856
413,587,1000
300,552,852
650,387,1037
259,2466,2725
332,1311,1643
2354,771,3125
441,1220,1661
504,1117,1621
251,942,1193
899,1265,2164
240,1122,1362
1345,753,2098
400,1602,2002
524,1193,1717
222,1254,1476
541,1154,1695
707,1048,1755
977,745,1722
2388,786,3174
385,1000,1385
335,1576,1911
364,1157,1521
711,1159,1870
1072,999,2071
609,828,1437
473,1117,1590
719,809,1528
1487,577,2064
2338,857,3195
213,1182,1395
1548,324,1872
336,1138,1474
484,1169,1653
1172,323,1495
937,286,1223
484,1246,1730
35,989,1024
753,972,1725
574,697,1271
1197,551,1748
300,940,1240
341,880,1221
526,1008,1534
591,227,818
731,577,1308
760,605,1365
374,1580,1954
346,751,1097
713,565,1278
1247,776,2023
509,1006,1515
580,706,1286
827,541,1368
898,801,1699
21,359,380
1022,1143,2165
534,1240,1774
320,894,1214
1025,647,1672
792,616,1408
857,590,1447
606,1149,1755
48,560,608
725,506,1231
886,654,1540
789,1513,2302
861,557,1418
221,524,745
290,700,990
888,891,1779
294,748,1042
398,1154,1552
1376,335,1711
393,617,1010
244,734,978
362,648,1010
104,601,705
264,546,810
317,421,738
341,451,792
231,886,1117
525,269,794
1064,524,1588
673,454,1127
537,641,1178
658,1403,2061
402,768,1170
636,798,1434
423,598,1021
709,474,1183
837,423,1260
724,745,1469
476,638,1114
455,381,836
689,1354,2043
610,1542,2152
459,982,1441
553,284,837
859,1890,2749
837,1346,2183
363,1020,1383
258,654,912
768,464,1232
420,1445,1865
493,736,1229
163,654,817
1076,1298,2374
447,617,1064
46,1448,1494
653,753,1406
521,530,1051
1107,446,1553
1394,1052,2446
359,705,1064
217,652,869
1314,283,1597
502,603,1105
931,1200,2131
235,789,1024
1365,307,1672
1099,1069,2168
970,516,1486
375,856,1231
486,405,891
555,746,1301
868,634,1502
543,538,1081
421,625,1046
678,666,1344
352,1420,1772
599,557,1156
571,729,1300
1467,795,2262
567,1360,1927
504,844,1348
721,586,1307
366,285,651
387,501,888
305,439,744
209,624,833
1614,556,2170
1144,914,2058
653,1097,1750
170,658,828
565,708,1273
781,564,1345
586,363,949
1298,670,1968
234,639,873
622,583,1205
609,518,1127
570,1014,1584
368,338,706
280,468,748
281,958,1239
886,1066,1952
1253,410,1663
498,361,859
1111,1177,2288
226,530,756
872,871,1743
322,1433,1755
442,340,782
298,655,953
503,1718,2221
925,635,1560
546,552,1098
478,1160,1638
402,1988,2390
569,655,1224
568,1521,2089
730,1506,2236
434,540,974
324,484,808
642,1090,1732
218,579,797
927,751,1678
493,825,1318
780,1145,1925
814,1152,1966
976,521,1497
222,1245,1467
519,1008,1527
269,650,919
261,1172,1433
1644,599,2243
976,589,1565
773,727,1500
455,823,1278
200,651,851
305,542,847
475,655,1130
1747,581,2328
1019,527,1546
469,875,1344
967,331,1298
1281,614,1895
582,751,1333
495,848,1343
349,662,1011
483,844,1327
221,1101,1322
962,336,1298
581,719,1300
481,660,1141
1335,817,2152
1025,704,1729
698,2034,2732
665,684,1349
945,434,1379
312,1075,1387
332,1376,1708
390,822,1212
338,648,986
429,583,1012
1400,1179,2579
714,608,1322
312,1995,2307
611,623,1234
395,670,1065
291,724,1015
515,1046,1561
633,638,1271
562,622,1184
1058,1275,2333
546,2005,2551
521,651,1172
893,532,1425
404,640,1044
311,763,1074
556,1047,1603
742,911,1653
664,746,1410
434,527,961
907,1181,2088
1896,724,2620
785,906,1691
1299,838,2137
573,502,1075
956,728,1684
699,1292,1991
810,828,1638
456,502,958
395,451,846
974,940,1914
1059,821,1880
293,558,851
379,933,1312
482,893,1375
1222,173,1395
499,682,1181
1819,757,2576
344,670,1014
268,759,1027
415,943,1358
224,665,889
772,643,1415
469,545,1014
471,879,1350
660,336,996
1189,790,1979
512,425,937
375,526,901
203,1031,1234
241,2046,2287
542,1051,1593
828,654,1482
670,653,1323
703,503,1206
1186,921,2107
549,761,1310
398,851,1249
535,571,1106
1752,900,2652
643,1837,2480
491,736,1227
726,769,1495
538,1208,1746
711,1733,2444
745,752,1497
564,496,1060
962,1036,1998
657,895,1552
571,881,1452
454,607,1061
476,739,1215
883,562,1445
732,263,995
805,495,1300
324,1263,1587
138,645,783
906,866,1772
1871,610,2481
429,728,1157
646,484,1130
767,607,1374
671,453,1124
402,801,1203
932,725,1657
541,1354,1895
252,1010,1262
1089,649,1738
747,1198,1945
1293,679,1972
614,517,1131
1191,749,1940
1495,750,2245
252,940,1192
654,774,1428
331,1016,1347
956,648,1604
405,584,989
476,1093,1569
592,585,1177
1209,486,1695
515,777,1292
711,953,1664
939,673,1612
626,686,1312
1072,474,1546
744,441,1185
518,840,1358
519,837,1356
866,519,1385
179,1197,1376
613,668,1281
713,800,1513
435,704,1139
708,444,1152
666,697,1363
692,697,1389
947,404,1351
383,1044,1427
624,729,1353
427,1349,1776
755,1022,1777
510,1041,1551
210,675,885
862,1170,2032
504,1007,1511
365,580,945
471,546,1017
426,994,1420
396,756,1152
601,495,1096
525,587,1112
584,773,1357
710,864,1574
571,476,1047
646,1354,2000
785,625,1410
362,328,690
327,666,993
716,1539,2255
467,1140,1607
495,1506,2001
1309,917,2226
1056,923,1979
836,1193,2029
924,460,1384
419,321,740
512,626,1138
486,1198,1684
692,1259,1951
535,586,1121
1003,632,1635
1237,496,1733
624,984,1608
747,600,1347
201,1005,1206
263,663,926
696,986,1682
888,1257,2145
988,1047,2035
356,1581,1937
1116,375,1491
837,1046,1883
1127,516,1643
505,681,1186
480,774,1254
546,1461,2007
1336,470,1806
417,437,854
872,582,1454
796,854,1650
354,524,878
928,1345,2273
274,857,1131
611,1545,2156
291,697,988
1182,1036,2218
541,1781,2322
283,504,787
877,545,1422
437,946,1383
504,924,1428
335,2298,2633
362,1007,1369
220,1047,1267
564,904,1468
1020,957,1977
1291,725,2016
221,1467,1688
721,685,1406
1168,825,1993
785,600,1385
956,2301,3257
734,574,1308
311,522,833
585,809,1394
1500,648,2148
238,1303,1541
663,457,1120
688,580,1268
1000,610,1610
565,901,1466
414,1173,1587
153,874,1027
435,1090,1525
283,746,1029
1607,991,2598
1210,2044,3254
798,1024,1822
879,889,1768
2068,1761,3829
709,635,1344
479,2547,3026
877,1144,2021
2088,1130,3218
769,1173,1942
485,2503,2988
444,991,1435
748,1054,1802
848,425,1273
894,1415,2309
412,1144,1556
652,1049,1701
1682,937,2619
741,1039,1780
476,1386,1862
1347,522,1869
909,1308,2217
724,469,1193
836,865,1701
847,510,1357
954,2291,3245
487,1084,1571
732,498,1230
407,531,938
1354,1268,2622
1165,501,1666
339,1041,1380
471,2357,2828
894,862,1756
464,979,1443
2331,923,3254
331,1492,1823
1202,410,1612
2454,750,3204
996,1644,2640
1000,1048,2048
565,416,981
1230,1162,2392
447,877,1324
967,326,1293
565,745,1310
731,974,1705
205,826,1031
165,1252,1417
429,563,992
302,2299,2601
692,365,1057
469,577,1046
2269,662,2931
117,346,463
445,811,1256
298,1145,1443
962,937,1899
1192,962,2154
947,2293,3240
949,878,1827
1329,1041,2370
1383,1172,2555
1059,496,1555
115,433,548
413,1021,1434
1325,1457,2782
1913,1231,3144
149,668,817
616,883,1499
913,747,1660
754,389,1143
542,1059,1601
963,871,1834
789,297,1086
161,1790,1951
472,852,1324
1962,1449,3411
162,1804,1966
114,846,960
18,1683,1701
2041,978,3019
639,1371,2010
312,553,865
588,1294,1882
342,1727,2069
163,1011,1174
641,1339,1980
651,656,1307
98,1238,1336
1200,292,1492
96,920,1016
1327,784,2111
740,765,1505
679,1007,1686
126,1196,1322
510,1083,1593
584,1045,1629
740,737,1477
353,1093,1446
1225,368,1593
205,1370,1575
1552,701,2253
994,828,1822
1211,540,1751
1386,520,1906
560,1233,1793
639,1037,1676
660,1038,1698
464,648,1112
773,653,1426
823,1096,1919
1154,772,1926
295,767,1062
873,616,1489
598,538,1136
637,674,1311
711,902,1613
506,856,1362
636,656,1292
805,500,1305
424,383,807
423,1226,1649
608,980,1588
1181,766,1947
42,700,742
934,420,1354
588,962,1550
827,445,1272
957,488,1445
915,692,1607
431,468,899
333,615,948
974,563,1537
170,604,774
517,469,986
1093,1069,2162
395,547,942
831,795,1626
247,473,720
1158,848,2006
304,475,779
351,825,1176
443,335,778
206,781,987
688,511,1199
166,295,461
586,1327,1913
588,608,1196
711,465,1176
137,1008,1145
398,612,1010
467,501,968
717,1385,2102
633,306,939
605,501,1106
188,965,1153
611,949,1560
313,437,750
372,990,1362
370,823,1193
322,264,586
343,1333,1676
92,772,864
484,284,768
232,372,604
369,377,746
509,1200,1709
1030,563,1593
458,323,781
797,787,1584
296,1231,1527
1241,581,1822
767,815,1582
607,314,921
1216,377,1593
192,663,855
505,566,1071
810,980,1790
918,353,1271
184,850,1034
402,688,1090
988,329,1317
276,387,663
112,657,769
732,496,1228
239,331,570
898,648,1546
645,2209,2854
736,434,1170
398,745,1143
685,709,1394
655,672,1327
84,766,850
410,422,832
1140,1816,2956
213,1160,1373
667,393,1060
681,1894,2575
376,1186,1562
218,732,950
231,815,1046
591,2801,3392
312,987,1299
711,543,1254
231,869,1100
749,312,1061
2145,449,2594
136,1478,1614
309,730,1039
411,564,975
921,2436,3357
783,1247,2030
771,561,1332
429,948,1377
695,2373,3068
467,548,1015
658,549,1207
634,834,1468
2555,544,3099
624,673,1297
152,1607,1759
809,820,1629
1158,900,2058
569,1659,2228
810,721,1531
309,839,1148
461,458,919
424,837,1261
584,1476,2060
406,1209,1615
106,755,861
2260,469,2729
583,687,1270
648,538,1186
415,1116,1531
2274,638,2912
1576,619,2195
1427,686,2113
445,1228,1673
311,803,1114
1367,909,2276
662,346,1008
651,1408,2059
429,655,1084
134,770,904
1689,1256,2945
492,544,1036
819,705,1524
314,880,1194
663,1121,1784
1042,958,2000
718,550,1268
273,810,1083
453,1317,1770
513,595,1108
391,746,1137
552,558,1110
411,963,1374
545,1560,2105
289,583,872
389,1088,1477
988,1284,2272
1469,432,1901
156,1256,1412
359,540,899
488,558,1046
805,1122,1927
895,771,1666
709,542,1251
627,836,1463
1059,660,1719
726,596,1322
817,577,1394
408,1050,1458
1135,674,1809
476,488,964
1078,382,1460
779,600,1379
892,608,1500
1400,963,2363
485,407,892
388,449,837
728,980,1708
1128,596,1724
892,1213,2105
619,1311,1930
672,985,1657
194,765,959
215,1175,1390
1275,432,1707
417,558,975
588,1099,1687
349,572,921
1271,841,2112
821,1148,1969
507,295,802
214,881,1095
565,820,1385
1075,1004,2079
258,612,870
1005,885,1890
376,827,1203
1042,1085,2127
467,741,1208
512,677,1189
405,590,995
265,1318,1583
757,680,1437
806,738,1544
463,757,1220
390,962,1352
1285,626,1911
681,674,1355
270,906,1176
492,903,1395
192,887,1079
1008,608,1616
989,670,1659
621,636,1257
625,745,1370
302,620,922
801,715,1516
1095,709,1804
664,796,1460
459,845,1304
201,1102,1303
1065,807,1872
1055,947,2002
879,489,1368
549,554,1103
112,1071,1183
485,662,1147
636,787,1423
450,691,1141
538,865,1403
530,959,1489
358,710,1068
1208,603,1811
375,590,965
826,857,1683
538,884,1422
605,768,1373
744,1000,1744
600,1019,1619
755,900,1655
403,717,1120
349,829,1178
582,577,1159
591,884,1475
593,708,1301
740,539,1279
557,1115,1672
1083,569,1652
772,534,1306
464,521,985
598,724,1322
495,740,1235
231,651,882
538,505,1043
846,535,1381
572,383,955
347,324,671
694,828,1522
364,683,1047
417,320,737
779,502,1281
283,815,1098
597,648,1245
703,482,1185
256,667,923
607,605,1212
596,668,1264
968,1161,2129
510,1279,1789
383,747,1130
73,307,380
179,1428,1607
449,654,1103
446,554,1000
406,611,1017
346,1318,1664
321,482,803
38,747,785
217,638,855
397,1018,1415
43,580,623
869,1197,2066
510,373,883
605,996,1601
574,1332,1906
565,361,926
158,671,829
351,521,872
466,839,1305
938,1326,2264
525,416,941
382,731,1113
1213,513,1726
593,1332,1925
105,726,831
191,445,636
446,681,1127
723,1612,2335
565,1261,1826
229,449,678
895,1482,2377
593,880,1473
1047,1212,2259
849,660,1509
905,572,1477
1028,1007,2035
645,681,1326
986,397,1383
1282,268,1550
915,739,1654
733,304,1037
1318,352,1670
188,1421,1609
712,822,1534
336,342,678
526,884,1410
474,878,1352
493,1214,1707
213,343,556
422,808,1230
524,382,906
822,395,1217
603,623,1226
229,751,980
443,1944,2387
1341,1093,2434
396,1234,1630
599,1084,1683
629,2293,2922
1100,1523,2623
433,1394,1827
109,462,571
631,2096,2727
319,902,1221
228,312,540
617,1730,2347
1314,535,1849
371,1488,1859
198,600,798
452,1148,1600
254,616,870
1052,598,1650
568,1215,1783
756,495,1251
1156,608,1764
573,2288,2861
1604,767,2371
1312,406,1718
366,1031,1397
2096,532,2628
311,704,1015
550,1011,1561
1447,384,1831
697,676,1373
369,474,843
742,2285,3027
1419,608,2027
1077,455,1532
1051,527,1578
658,428,1086
466,744,1210
243,712,955
391,914,1305
216,733,949
1155,1699,2854
1979,541,2520
1313,330,1643
2109,775,2884
545,422,967
597,1255,1852
612,876,1488
2193,603,2796
294,1382,1676
353,668,1021
366,1040,1406
59,813,872
113,519,632
67,600,667
419,672,1091
332,658,990
1643,473,2116
110,800,910
333,1356,1689
619,663,1282
519,927,1446
288,1102,1390
241,654,895
591,731,1322
151,816,967
506,931,1437
28,417,445
267,682,949
946,657,1603
391,786,1177
540,551,1091
1160,587,1747
270,762,1032
802,1357,2159
702,432,1134
436,640,1076
102,516,618
668,1263,1931
324,1235,1559
435,843,1278
541,594,1135
1216,598,1814
461,698,1159
729,640,1369
469,431,900
811,805,1616
489,615,1104
409,734,1143
426,440,866
735,1203,1938
514,865,1379
162,699,861
871,950,1821
646,523,1169
832,1203,2035
344,883,1227
1038,838,1876
489,903,1392
61,464,525
601,1268,1869
985,500,1485
382,523,905
761,629,1390
551,672,1223
627,1076,1703
383,783,1166
687,907,1594
545,1185,1730
92,657,749
1101,949,2050
539,1052,1591
538,714,1252
257,594,851
576,749,1325
551,1094,1645
610,748,1358
539,1175,1714
314,821,1135
342,562,904
1151,883,2034
774,724,1498
1187,1171,2358
367,660,1027
1106,798,1904
487,318,805
759,690,1449
548,909,1457
870,1047,1917
393,791,1184
654,562,1216
536,834,1370
1056,847,1903
572,655,1227
942,704,1646
620,1008,1628
859,639,1498
327,742,1069
1069,210,1279
553,904,1457
651,770,1421
371,817,1188
933,539,1472
407,1133,1540
465,837,1302
603,875,1478
508,897,1405
406,1007,1413
610,790,1400
381,353,734
1042,817,1859
557,1020,1577
686,819,1505
421,548,969
180,1126,1306
568,1013,1581
809,430,1239
950,421,1371
791,1259,2050
642,1000,1642
407,748,1155
439,586,1025
231,548,779
972,604,1576
409,1344,1753
712,524,1236
511,989,1500
615,1105,1720
487,298,785
506,1664,2170
946,873,1819
641,506,1147
241,668,909
593,900,1493
714,626,1340
884,889,1773
526,853,1379
651,1527,2178
522,584,1106
977,639,1616
627,807,1434
1221,974,2195
240,612,852
962,537,1499
586,673,1259
681,684,1365
839,694,1533
741,793,1534
416,472,888
24,812,836
363,1147,1510
113,927,1040
614,441,1055
555,543,1098
623,340,963
742,861,1603
215,883,1098
812,390,1202
350,366,716
285,896,1181
542,893,1435
224,1275,1499
941,210,1151
1414,713,2127
581,917,1498
993,482,1475
480,552,1032
717,596,1313
937,534,1471
357,1176,1533
690,482,1172
427,970,1397
734,705,1439
224,1217,1441
567,444,1011
958,891,1849
399,687,1086
542,773,1315
936,255,1191
779,745,1524
940,1658,2598
555,807,1362
792,443,1235
88,599,687
908,1823,2731
50,816,866
765,614,1379
196,623,819
1044,449,1493
900,643,1543
662,829,1491
1100,758,1858
309,629,938
325,666,991
1792,647,2439
1110,628,1738
343,546,889
258,618,876
775,1113,1888
410,674,1084
976,984,1960
347,690,1037
384,740,1124
1094,1370,2464
367,1844,2211
411,590,1001
587,542,1129
479,657,1136
533,748,1281
20,768,788
637,755,1392
545,925,1470
224,1266,1490
587,1456,2043
457,745,1202
1456,974,2430
376,1388,1764
521,425,946
461,566,1027
1693,958,2651
745,297,1042
579,802,1381
502,540,1042
906,619,1525
367,702,1069
632,840,1472
506,943,1449
490,1071,1561
522,1025,1547
321,745,1066
684,336,1020
591,1378,1969
599,1417,2016
629,809,1438
1735,1044,2779
471,615,1086
607,1228,1835
820,867,1687
1062,668,1730
676,1186,1862
527,867,1394
604,411,1015
1093,704,1797
547,906,1453
552,917,1469
687,671,1358
597,1077,1674
46,2181,2227
360,514,874
597,660,1257
960,698,1658
1262,1108,2370
427,1131,1558
208,640,848
625,1980,2605
630,542,1172
789,867,1656
929,965,1894
413,1170,1583
883,960,1843
707,892,1599
1336,848,2184
742,701,1443
116,912,1028
581,338,919
523,838,1361
1173,633,1806
512,476,988
1206,1153,2359
1087,445,1532
1170,1589,2759
562,477,1039
647,561,1208
800,459,1259
251,454,705
887,572,1459
779,438,1217
882,483,1365
443,1410,1853
163,1204,1367
2031,1075,3106
524,758,1282
697,892,1589
1088,769,1857
272,314,586
729,458,1187
360,438,798
980,996,1976
795,1268,2063
419,1303,1722
1937,815,2752
579,788,1367
366,1059,1425
1064,1080,2144
326,460,786
868,1886,2754
377,753,1130
993,888,1881
519,858,1377
598,451,1049
784,615,1399
445,910,1355
378,587,965
885,1461,2346
759,1018,1777
1405,882,2287
1263,672,1935
369,411,780
672,759,1431
827,828,1655
467,1235,1702
239,1051,1290
171,1119,1290
1186,1505,2691
1089,1451,2540
368,962,1330
1735,886,2621
991,1345,2336
1227,1152,2379
480,802,1282
1384,829,2213
952,1192,2144
671,1199,1870
862,1000,1862
751,578,1329
1032,536,1568
734,1096,1830
608,240,848
1038,592,1630
757,1041,1798
572,998,1570
507,278,785
353,1566,1919
500,836,1336
1023,1352,2375
835,805,1640
989,1466,2455
271,1757,2028
659,891,1550
833,1473,2306
355,419,774
910,600,1510
631,1401,2032
666,1319,1985
198,588,786
1215,504,1719
572,1513,2085
603,1579,2182
1206,273,1479
832,626,1458
1043,378,1421
392,1674,2066
885,716,1601
77,603,680
881,643,1524
1275,603,1878
1380,453,1833
899,627,1526
234,631,865
712,912,1624
374,1655,2029
489,445,934
1034,525,1559
682,734,1416
298,1632,1930
929,529,1458
100,656,756
1243,504,1747
399,398,797
1522,1043,2565
1133,722,1855
425,1069,1494
486,907,1393
452,530,982
435,477,912
272,724,996
306,793,1099
821,666,1487
354,527,881
150,1198,1348
426,462,888
158,1130,1288
615,351,966
483,598,1081
721,780,1501
1319,580,1899
536,412,948
385,550,935
765,2491,3256
892,766,1658
324,834,1158
1657,906,2563
563,732,1295
417,707,1124
372,679,1051
1391,1099,2490
295,940,1235
519,655,1174
461,570,1031
360,951,1311
357,865,1222
501,521,1022
533,1276,1809
758,839,1597
1406,1303,2709
981,2487,3468
543,423,966
1273,1389,2662
735,939,1674
499,1260,1759
631,478,1109
1065,566,1631
595,968,1563
639,356,995
693,946,1639
506,382,888
866,1207,2073
986,674,1660
963,796,1759
448,506,954
753,1363,2116
893,1089,1982
223,818,1041
269,1149,1418
548,922,1470
670,617,1287
1131,658,1789
430,918,1348
196,461,657
796,521,1317
1339,848,2187
992,636,1628
397,1239,1636
775,698,1473
714,750,1464
610,1099,1709
1091,636,1727
816,519,1335
505,381,886
961,471,1432
592,735,1327
1123,638,1761
756,821,1577
570,582,1152
700,942,1642
859,594,1453
1251,678,1929
370,454,824
746,561,1307
206,498,704
595,276,871
863,685,1548
397,1094,1491
398,526,924
385,1006,1391
101,530,631
350,1136,1486
196,1296,1492
377,569,946
494,283,777
143,886,1029
740,797,1537
677,687,1364
323,503,826
468,594,1062
1163,576,1739
278,2012,2290
516,536,1052
406,739,1145
975,933,1908
526,2608,3134
743,574,1317
568,958,1526
302,794,1096
1032,1445,2477
453,665,1118
452,854,1306
375,574,949
423,1041,1464
1020,3626,4646
330,846,1176
432,756,1188
385,405,790
813,752,1565
421,679,1100
1251,1388,2639
511,869,1380
422,937,1359
592,730,1322
889,311,1200
1943,775,2718
912,948,1860
750,394,1144
929,629,1558
2406,2141,4547
131,1023,1154
534,1227,1761
903,334,1237
921,461,1382
1312,568,1880
628,381,1009
513,952,1465
1302,649,1951
572,514,1086
716,1004,1720
193,1249,1442
662,521,1183
668,682,1350
471,1397,1868
766,641,1407
2544,2372,4916
883,908,1791
580,734,1314
621,522,1143
3461,1044,4505
238,1289,1527
435,406,841
643,788,1431
195,700,895
797,1157,1954
1727,887,2614
707,658,1365
407,687,1094
1184,795,1979
894,866,1760
123,473,596
383,675,1058
1275,684,1959
538,1076,1614
827,690,1517
1981,708,2689
106,1076,1182
439,581,1020
1160,733,1893
891,994,1885
201,557,758
168,676,844
1094,467,1561
449,718,1167
896,461,1357
222,470,692
294,1062,1356
483,773,1256
1175,640,1815
589,791,1380
239,844,1083
510,1379,1889
492,717,1209
177,740,917
428,851,1279
572,754,1326
265,947,1212
604,719,1323
543,895,1438
516,988,1504
566,1203,1769
700,733,1433
595,967,1562
642,1059,1701
625,457,1082
787,1587,2374
391,802,1193
354,1162,1516
148,567,715
1060,1503,2563
701,608,1309
396,1394,1790
699,771,1470
831,911,1742
318,614,932
449,835,1284
563,1014,1577
416,1331,1747
1100,694,1794
789,903,1692
768,1257,2025
289,607,896
353,403,756
1203,1115,2318
489,442,931
371,637,1008
641,1000,1641
1315,767,2082
432,432,864
373,688,1061
166,1057,1223
487,558,1045
415,1013,1428
480,441,921
638,458,1096
305,949,1254
550,631,1181
799,1120,1919
646,696,1342
651,1094,1745
494,542,1036
409,863,1272
1225,802,2027
417,478,895
427,411,838
816,588,1404
268,722,990
591,560,1151
1040,1051,2091
842,1167,2009
514,549,1063
354,662,1016
1292,945,2237
506,1224,1730
452,607,1059
1060,540,1600
1413,527,1940
546,1286,1832
907,850,1757
1030,630,1660
948,929,1877
330,443,773
1143,284,1427
180,549,729
731,1145,1876
283,289,572
82,279,361
709,641,1350
841,456,1297
866,671,1537
379,729,1108
464,673,1137
849,1088,1937
692,612,1304
582,673,1255
429,745,1174
877,1102,1979
564,1047,1611
1121,409,1530
327,865,1192
665,1237,1902
735,620,1355
367,771,1138
166,667,833
513,726,1239
469,532,1001
577,529,1106
215,1299,1514
1193,702,1895
656,457,1113
481,1113,1594
217,1160,1377
353,864,1217
517,569,1086
135,290,425
1053,578,1631
246,847,1093
598,624,1222
763,705,1468
607,453,1060
643,437,1080
591,631,1222
394,999,1393
511,410,921
868,885,1753
1067,581,1648
567,767,1334
413,1017,1430
1033,982,2015
198,894,1092
490,646,1136
509,440,949
58,1444,1502
1206,810,2016
90,1167,1257
190,649,839
587,1140,1727
695,649,1344
460,1275,1735
618,1038,1656
589,357,946
652,364,1016
612,1548,2160
147,1161,1308
731,287,1018
959,832,1791
855,767,1622
425,473,898
462,394,856
528,936,1464
476,909,1385
742,304,1046
1036,949,1985
374,889,1263
716,756,1472
1374,580,1954
793,680,1473
443,359,802
290,1262,1552
902,1027,1929
452,799,1251
256,756,1012
522,556,1078
805,289,1094
548,906,1454
477,250,727
494,123,617
238,911,1149
345,769,1114
868,1126,1994
1062,1226,2288
412,551,963
364,1511,1875
674,1144,1818
873,1229,2102
489,1630,2119
700,473,1173
298,1692,1990
271,1851,2122
547,1208,1755
764,1446,2210
653,472,1125
375,257,632
678,1668,2346
412,1181,1593
837,480,1317
114,450,564
524,1348,1872
441,459,900
140,483,623
160,1705,1865
832,466,1298
281,1860,2141
542,1320,1862
703,1615,2318
855,535,1390
450,1324,1774
1534,657,2191
375,388,763
389,1536,1925
1145,1505,2650
1742,468,2210
206,646,852
1058,821,1879
1288,487,1775
206,664,870
1420,555,1975
1214,296,1510
386,471,857
1411,2017,3428
167,502,669
1384,547,1931
782,2165,2947
628,281,909
720,337,1057
1260,1009,2269
907,1338,2245
272,425,697
1573,1134,2707
1355,1291,2646
1127,1489,2616
1158,1804,2962
450,653,1103
350,328,678
210,308,518
894,842,1736
303,432,735
429,815,1244
1071,1159,2230
1311,1150,2461
1760,1380,3140
284,1173,1457
483,896,1379
486,1153,1639
400,1116,1516
70,1067,1137
1292,1051,2343
530,664,1194
49,629,678
452,729,1181
400,495,895
257,645,902
941,309,1250
239,670,909
1870,1298,3168
1271,1111,2382
649,1031,1680
988,318,1306
1287,1296,2583
333,936,1269
309,659,968
772,474,1246
1134,709,1843
548,580,1128
573,316,889
1244,689,1933
136,1031,1167
569,411,980
208,780,988
950,506,1456
49,465,514
1046,656,1702
519,823,1342
969,759,1728
760,849,1609
954,442,1396
536,414,950
255,1055,1310
1082,1232,2314
89,474,563
865,479,1344
778,841,1619
728,760,1488
1857,608,2465
835,263,1098
506,631,1137
1020,471,1491
424,1100,1524
198,582,780
581,474,1055
762,858,1620
384,662,1046
587,1132,1719
630,499,1129
1008,579,1587
167,639,806
378,1116,1494
1030,484,1514
290,267,557
832,850,1682
541,328,869
355,424,779
2046,1593,3639
360,480,840
304,460,764
72,1011,1083
565,332,897
330,617,947
614,1224,1838
404,409,813
100,1014,1114
1721,2052,3773
572,452,1024
1281,1513,2794
514,598,1112
626,1504,2130
381,937,1318
743,1198,1941
547,993,1540
179,372,551
276,889,1165
716,1244,1960
320,643,963
458,416,874
603,1293,1896
345,653,998
448,2135,2583
210,969,1179
942,627,1569
210,612,822
710,2214,2924
170,993,1163
429,1136,1565
283,1506,1789
208,666,874
1464,1356,2820
1076,1706,2782
1357,602,1959
607,392,999
474,713,1187
753,847,1600
1208,659,1867
532,434,966
556,676,1232
783,444,1227
1209,1639,2848
902,1043,1945
1129,465,1594
2201,778,2979
2068,588,2656
1130,1065,2195
458,385,843
462,821,1283
842,432,1274
791,1333,2124
534,372,906
509,948,1457
803,801,1604
965,848,1813
2021,967,2988
1261,444,1705
922,675,1597
1208,829,2037
119,740,859
1353,653,2006
490,225,715
735,743,1478
170,2242,2412
555,524,1079
597,435,1032
643,576,1219
1040,466,1506
284,532,816
605,1307,1912
800,546,1346
940,482,1422
563,1907,2470
298,910,1208
461,461,922
511,434,945
601,1790,2391
348,404,752
515,336,851
574,1344,1918
832,1004,1836
447,634,1081
330,974,1304
128,414,542
568,415,983
327,778,1105
291,460,751
197,552,749
2025,414,2439
342,457,799
617,1639,2256
117,1154,1271
319,476,795
682,1359,2041
1787,678,2465
333,490,823
99,936,1035
1163,1426,2589
592,704,1296
485,493,978
224,453,677
923,1369,2292
1252,1179,2431
25,654,679
294,1193,1487
1227,1031,2258
127,636,763
815,1556,2371
336,416,752
1743,803,2546
215,618,833
173,1063,1236
745,1146,1891
313,1057,1370
521,1038,1559
548,440,988
849,1701,2550
676,706,1382
351,596,947
1610,723,2333
905,679,1584
1097,893,1990
613,287,900
1368,797,2165
86,529,615
453,1744,2197
607,583,1190
457,952,1409
738,878,1616
950,761,1711
902,788,1690
955,627,1582
1049,757,1806
151,809,960
1285,838,2123
502,706,1208
521,624,1145
267,464,731
704,595,1299
370,811,1181
1294,747,2041
321,1022,1343
1020,1137,2157
1462,933,2395
187,1078,1265
342,1235,1577
667,603,1270
311,318,629
455,843,1298
482,1681,2163
355,514,869
562,846,1408
973,990,1963
507,346,853
449,628,1077
809,1496,2305
617,1117,1734
959,1111,2070
1628,1015,2643
404,902,1306
1052,879,1931
531,1438,1969
704,989,1693
603,681,1284
674,1218,1892
684,714,1398
479,949,1428
748,643,1391
247,632,879
972,454,1426
1549,445,1994
469,844,1313
668,1265,1933
866,767,1633
684,1779,2463
478,584,1062
968,500,1468
96,374,470
627,471,1098
165,1122,1287
290,1193,1483
683,1120,1803
512,1706,2218
223,578,801
197,1125,1322
837,399,1236
502,722,1224
728,918,1646
177,3499,3676
285,1092,1377
739,686,1425
710,3778,4488
1072,1452,2524
550,526,1076
482,1433,1915
411,604,1015
543,982,1525
842,356,1198
373,1088,1461
521,768,1289
676,660,1336
942,517,1459
55,1481,1536
48,669,717
993,536,1529
124,1600,1724
917,692,1609
242,509,751
851,3761,4612
961,720,1681
1704,719,2423
541,1251,1792
777,980,1757
1528,1176,2704
568,710,1278
775,1166,1941
694,1249,1943
409,731,1140
828,3891,4719
1432,343,1775
1418,791,2209
497,1210,1707
615,470,1085
1094,787,1881
319,809,1128
871,865,1736
3829,763,4592
267,456,723
479,963,1442
3679,962,4641
534,808,1342
783,2212,2995
3538,678,4216
332,1030,1362
1266,731,1997
1125,2350,3475
1413,670,2083
958,532,1490
672,2459,3131
823,1080,1903
358,459,817
483,316,799
668,494,1162
570,1028,1598
1059,698,1757
227,810,1037
571,859,1430
650,794,1444
348,974,1322
34,1228,1262
643,1058,1701
884,823,1707
2056,765,2821
674,864,1538
589,1189,1778
561,1535,2096
486,917,1403
288,1098,1386
835,1018,1853
469,1054,1523
261,1728,1989
331,1220,1551
275,953,1228
2142,871,3013
304,1464,1768
621,435,1056
582,919,1501
841,739,1580
876,972,1848
270,1720,1990
932,657,1589
592,900,1492
2222,967,3189
469,1056,1525
1284,679,1963
879,598,1477
547,1286,1833
542,1094,1636
981,603,1584
935,500,1435
595,1504,2099
774,404,1178
1533,481,2014
1110,613,1723
630,982,1612
834,682,1516
919,750,1669
649,897,1546
943,465,1408
290,590,880
1327,834,2161
627,539,1166
767,804,1571
1705,457,2162
963,706,1669
1078,698,1776
725,1210,1935
104,546,650
996,502,1498
738,775,1513
87,545,632
894,1217,2111
553,844,1397
229,512,741
343,475,818
132,598,730
786,751,1537
204,506,710
331,481,812
758,607,1365
510,357,867
740,1195,1935
306,472,778
875,708,1583
69,592,661
331,596,927
328,589,917
464,367,831
303,293,596
1029,869,1898
438,3182,3620
1887,235,2122
599,735,1334
1082,2911,3993
686,682,1368
433,860,1293
493,476,969
844,183,1027
714,252,966
627,971,1598
697,668,1365
92,420,512
671,289,960
638,741,1379
670,554,1224
493,1040,1533
39,755,794
383,410,793
1003,778,1781
83,498,581
736,962,1698
150,423,573
82,666,748
72,556,628
388,858,1246
706,2949,3655
134,828,962
282,1440,1722
1474,2745,4219
131,702,833
631,1001,1632
618,1177,1795
191,868,1059
403,419,822
112,1100,1212
170,844,1014
364,845,1209
73,622,695
2758,780,3538
421,796,1217
338,512,850
450,626,1076
2810,912,3722
409,423,832
342,541,883
921,342,1263
118,645,763
674,678,1352
183,1247,1430
1001,474,1475
498,337,835
835,692,1527
522,1232,1754
687,441,1128
535,1022,1557
618,528,1146
599,611,1210
1026,719,1745
605,1010,1615
2683,436,3119
1100,583,1683
574,384,958
195,436,631
399,901,1300
331,647,978
579,708,1287
550,391,941
801,796,1597
180,1041,1221
582,764,1346
1022,338,1360
744,807,1551
672,1178,1850
436,417,853
511,763,1274
343,759,1102
457,976,1433
502,996,1498
557,919,1476
240,1535,1775
604,483,1087
151,605,756
624,392,1016
438,640,1078
949,462,1411
451,1030,1481
359,1341,1700
274,707,981
292,1536,1828
880,825,1705
538,821,1359
665,386,1051
306,1021,1327
649,810,1459
966,887,1853
156,647,803
467,779,1246
869,1153,2022
910,723,1633
291,736,1027
291,1055,1346
672,569,1241
810,1187,1997
495,750,1245
238,902,1140
1081,1021,2102
751,723,1474
764,313,1077
430,850,1280
1430,557,1987
766,422,1188
818,558,1376
1421,836,2257
548,670,1218
657,478,1135
655,659,1314
1059,656,1715
961,464,1425
255,405,660
548,725,1273
1363,786,2149
805,457,1262
509,560,1069
726,494,1220
653,338,991
448,523,971
342,352,694
666,709,1375
1040,868,1908
517,1103,1620
389,418,807
54,1007,1061
496,615,1111
179,305,484
597,1101,1698
381,546,927
512,648,1160
994,643,1637
1044,1073,2117
298,324,622
386,853,1239
543,514,1057
213,420,633
598,1189,1787
669,651,1320
181,620,801
637,750,1387
887,999,1886
284,415,699
445,943,1388
567,762,1329
720,692,1412
1006,969,1975
541,724,1265
923,694,1617
245,504,749
422,1082,1504
354,539,893
272,566,838
632,781,1413
198,699,897
198,888,1086
556,579,1135
435,852,1287
1038,773,1811
334,644,978
563,745,1308
583,734,1317
583,343,926
220,762,982
733,422,1155
467,551,1018
343,946,1289
983,551,1534
634,673,1307
1051,785,1836
317,334,651
706,954,1660
894,556,1450
748,319,1067
588,936,1524
384,859,1243
448,742,1190
481,458,939
599,892,1491
543,1125,1668
374,436,810
198,443,641
765,905,1670
632,880,1512
684,648,1332
197,454,651
541,365,906
124,929,1053
696,725,1421
373,350,723
583,640,1223
633,584,1217
252,833,1085
696,981,1677
171,541,712
682,852,1534
294,1092,1386
216,799,1015
826,823,1649
404,565,969
536,435,971
474,975,1449
633,657,1290
599,532,1131
509,969,1478
847,440,1287
509,405,914
686,873,1559
318,333,651
353,705,1058
762,471,1233
257,798,1055
751,901,1652
556,870,1426
143,1447,1590
596,761,1357
380,712,1092
716,1302,2018
452,788,1240
934,488,1422
556,651,1207
614,703,1317
735,763,1498
786,578,1364
252,966,1218
659,1195,1854
690,832,1522
566,4235,4801
838,802,1640
399,990,1389
455,1338,1793
592,980,1572
312,952,1264
617,961,1578
1087,981,2068
819,588,1407
348,1084,1432
308,4573,4881
840,510,1350
724,421,1145
172,1127,1299
676,654,1330
1186,532,1718
918,292,1210
694,831,1525
795,928,1723
114,4685,4799
892,668,1560
520,639,1159
354,4588,4942
665,912,1577
809,492,1301
504,281,785
1225,627,1852
646,609,1255
819,1099,1918
1042,537,1579
273,496,769
498,947,1445
695,1226,1921
323,499,822
767,597,1364
799,617,1416
728,677,1405
1075,777,1852
439,737,1176
4471,550,5021
430,316,746
949,976,1925
828,897,1725
460,1684,2144
844,824,1668
711,462,1173
140,591,731
363,861,1224
571,837,1408
563,523,1086
4586,769,5355
188,634,822
500,1015,1515
551,707,1258
595,590,1185
972,699,1671
337,1854,2191
792,854,1646
428,843,1271
264,637,901
4308,856,5164
153,598,751
771,662,1433
494,930,1424
889,505,1394
1125,740,1865
460,1939,2399
556,1302,1858
249,790,1039
410,672,1082
1457,872,2329
649,522,1171
1719,651,2370
196,977,1173
698,593,1291
802,861,1663
1844,511,2355
456,488,944
447,1011,1458
485,991,1476
741,801,1542
629,559,1188
605,1153,1758
377,752,1129
725,509,1234
500,845,1345
504,1152,1656
366,1427,1793
540,758,1298
823,1189,2012
671,839,1510
456,1578,2034
372,1213,1585
691,781,1472
567,1388,1955
553,1236,1789
85,779,864
738,1429,2167
555,828,1383
412,1314,1726
670,1149,1819
753,1197,1950
406,1162,1568
467,566,1033
543,1140,1683
607,1360,1967
892,1362,2254
590,560,1150
869,1354,2223
1182,400,1582
376,1354,1730
448,1619,2067
928,1141,2069
431,1219,1650
1150,852,2002
267,779,1046
624,362,986
1117,614,1731
806,556,1362
979,1260,2239
459,1331,1790
958,381,1339
925,929,1854
67,1331,1398
980,396,1376
663,653,1316
488,424,912
837,575,1412
992,784,1776
711,1049,1760
1152,253,1405
1499,394,1893
994,691,1685
273,741,1014
1158,534,1692
321,1570,1891
1037,1552,2589
711,934,1645
935,523,1458
25,526,551
1141,972,2113
79,670,749
34,529,563
222,836,1058
868,1777,2645
127,497,624
1142,502,1644
1167,1135,2302
150,479,629
1603,278,1881
928,816,1744
1222,1142,2364
92,746,838
435,847,1282
1761,374,2135
1202,766,1968
82,757,839
360,317,677
245,340,585
48,842,890
1537,1378,2915
422,402,824
298,596,894
280,706,986
848,280,1128
1228,1159,2387
106,760,866
437,566,1003
23,1105,1128
665,371,1036
339,399,738
62,779,841
305,877,1182
374,562,936
380,716,1096
778,388,1166
767,436,1203
172,772,944
709,408,1117
192,567,759
263,1085,1348
517,495,1012
32,354,386
595,731,1326
465,672,1137
409,543,952
42,1454,1496
932,358,1290
657,851,1508
702,309,1011
110,1421,1531
255,603,858
511,757,1268
322,573,895
930,1771,2701
794,490,1284
412,744,1156
267,315,582
174,1403,1577
607,533,1140
589,747,1336
302,456,758
771,371,1142
318,795,1113
1478,1951,3429
108,568,676
481,745,1226
474,820,1294
646,1642,2288
202,744,946
300,822,1122
508,377,885
272,1205,1477
1068,1168,2236
175,886,1061
640,803,1443
205,401,606
316,714,1030
1721,525,2246
407,586,993
60,1010,1070
636,358,994
252,644,896
567,596,1163
339,1217,1556
456,424,880
598,1559,2157
509,1219,1728
1498,315,1813
434,587,1021
245,949,1194
542,1009,1551
735,505,1240
670,763,1433
927,597,1524
1339,431,1770
608,672,1280
584,1099,1683
221,544,765
759,812,1571
1040,550,1590
568,721,1289
940,798,1738
582,435,1017
959,1357,2316
334,721,1055
392,404,796
680,819,1499
593,506,1099
1280,1252,2532
1077,544,1621
617,736,1353
58,613,671
1110,1698,2808
535,791,1326
909,661,1570
716,940,1656
41,704,745
1317,1561,2878
803,626,1429
371,632,1003
151,632,783
47,885,932
232,711,943
280,673,953
71,742,813
305,653,958
389,602,991
1490,1130,2620
74,1060,1134
344,841,1185
556,464,1020
1261,1161,2422
285,690,975
406,1524,1930
387,592,979
947,683,1630
554,639,1193
1034,1008,2042
554,670,1224
768,488,1256
1556,737,2293
603,1007,1610
329,653,982
1338,813,2151
896,750,1646
586,815,1401
478,296,774
587,691,1278
466,639,1105
520,491,1011
499,625,1124
402,872,1274
479,646,1125
997,657,1654
281,625,906
27,1471,1498
642,543,1185
640,575,1215
492,1014,1506
645,1157,1802
613,707,1320
930,890,1820
547,540,1087
420,487,907
167,624,791
194,1599,1793
492,446,938
362,817,1179
974,466,1440
498,534,1032
686,275,961
1048,307,1355
523,539,1062
305,934,1239
337,1690,2027
698,1398,2096
383,545,928
384,1394,1778
1339,883,2222
539,698,1237
386,372,758
832,320,1152
665,967,1632
275,738,1013
343,1503,1846
577,253,830
519,294,813
902,430,1332
670,1085,1755
767,1262,2029
723,1121,1844
810,540,1350
1112,743,1855
506,273,779
51,432,483
388,1107,1495
1413,441,1854
86,543,629
580,707,1287
1232,292,1524
887,980,1867
548,1358,1906
278,436,714
460,839,1299
1219,695,1914
775,682,1457
330,435,765
57,849,906
438,1476,1914
275,380,655
569,856,1425
1313,631,1944
377,1432,1809
134,1496,1630
1533,1145,2678
959,704,1663
483,351,834
621,1061,1682
436,562,998
56,713,769
536,293,829
364,491,855
738,963,1701
1029,468,1497
391,1089,1480
847,643,1490
1287,595,1882
283,1848,2131
717,476,1193
115,822,937
1361,678,2039
334,617,951
285,916,1201
1081,773,1854
63,851,914
523,582,1105
638,614,1252
673,962,1635
762,662,1424
583,1046,1629
1293,577,1870
354,989,1343
1093,687,1780
623,1612,2235
94,867,961
550,435,985
886,689,1575
1011,1389,2400
521,604,1125
760,419,1179
408,718,1126
222,921,1143
1385,695,2080
254,792,1046
441,657,1098
1047,559,1606
155,451,606
447,629,1076
781,467,1248
569,465,1034
502,477,979
560,776,1336
606,472,1078
203,645,848
1817,598,2415
200,1281,1481
651,488,1139
673,643,1316
644,723,1367
1461,966,2427
308,850,1158
436,1172,1608
504,440,944
314,538,852
425,1240,1665
412,1222,1634
381,615,996
354,1354,1708
710,972,1682
1152,669,1821
481,1069,1550
527,428,955
804,1021,1825
414,677,1091
862,878,1740
382,762,1144
952,1542,2494
694,1083,1777
427,851,1278
258,682,940
562,721,1283
624,912,1536
370,543,913
1177,615,1792
681,1080,1761
427,599,1026
1108,449,1557
873,596,1469
616,1252,1868
337,701,1038
474,597,1071
1211,724,1935
952,1295,2247
647,990,1637
1228,620,1848
1431,576,2007
662,402,1064
1396,632,2028
726,629,1355
771,732,1503
202,972,1174
705,611,1316
679,911,1590
885,631,1516
692,788,1480
704,805,1509
763,798,1561
914,561,1475
1005,999,2004
747,1096,1843
781,698,1479
225,640,865
1037,590,1627
769,675,1444
816,1166,1982
995,975,1970
59,1048,1107
772,1170,1942
953,1397,2350
157,939,1096
52,1077,1129
116,1187,1303
571,639,1210
969,1277,2246
42,785,827
352,991,1343
865,1098,1963
207,977,1184
224,1120,1344
1120,1403,2523
48,1233,1281
803,457,1260
304,1105,1409
517,920,1437
762,442,1204
995,347,1342
652,905,1557
1000,529,1529
539,457,996
1041,555,1596
722,952,1674
1249,1084,2333
601,861,1462
472,945,1417
361,1088,1449
286,1543,1829
1046,453,1499
522,1170,1692
284,456,740
913,447,1360
298,1563,1861
31,1533,1564
779,809,1588
1061,813,1874
1047,459,1506
417,1211,1628
1222,361,1583
332,581,913
1074,888,1962
187,564,751
752,960,1712
405,468,873
769,593,1362
294,462,756
820,483,1303
144,581,725
806,509,1315
436,1679,2115
406,679,1085
182,1798,1980
682,495,1177
735,835,1570
792,586,1378
943,786,1729
234,558,792
484,278,762
371,938,1309
1393,288,1681
277,678,955
1160,1239,2399
516,402,918
359,846,1205
1449,780,2229
582,731,1313
1392,1170,2562
413,954,1367
103,944,1047
714,745,1459
500,497,997
164,694,858
159,403,562
252,568,820
518,874,1392
558,1798,2356
1592,803,2395
538,619,1157
420,762,1182
495,849,1344
323,2450,2773
24,411,435
338,517,855
250,724,974
830,734,1564
319,726,1045
844,712,1556
373,717,1090
1599,1199,2798
43,991,1034
586,436,1022
270,819,1089
998,692,1690
449,685,1134
335,775,1110
680,566,1246
490,695,1185
1676,1026,2702
477,842,1319
86,1083,1169
171,654,825
1962,591,2553
621,796,1417
235,574,809
201,514,715
993,565,1558
338,649,987
427,539,966
255,1261,1516
598,434,1032
587,737,1324
476,591,1067
393,519,912
949,628,1577
781,609,1390
648,458,1106
383,420,803
451,312,763
222,781,1003
582,398,980
368,776,1144
489,526,1015
368,895,1263
392,875,1267
1429,504,1933
537,619,1156
518,961,1479
601,603,1204
389,376,765
701,841,1542
841,754,1595
608,898,1506
357,844,1201
66,2004,2070
257,434,691
515,853,1368
526,817,1343
313,506,819
454,481,935
191,835,1026
388,658,1046
108,1592,1700
666,759,1425
383,1896,2279
290,807,1097
640,1080,1720
538,631,1169
301,792,1093
58,607,665
424,785,1209
441,778,1219
178,1714,1892
717,644,1361
567,1976,2543
330,861,1191
763,791,1554
771,626,1397
1472,808,2280
152,939,1091
737,612,1349
595,548,1143
1674,652,2326
543,596,1139
417,820,1237
101,764,865
475,621,1096
803,392,1195
348,878,1226
415,975,1390
730,770,1500
513,740,1253
1878,472,2350
544,809,1353
185,1099,1284
685,785,1470
602,486,1088
710,308,1018
550,929,1479
687,1230,1917
835,1285,2120
793,710,1503
536,625,1161
942,1086,2028
1522,1200,2722
792,456,1248
422,593,1015
359,460,819
785,927,1712
580,466,1046
620,823,1443
504,959,1463
412,463,875
484,378,862
630,804,1434
202,723,925
935,437,1372
397,637,1034
1037,494,1531
753,629,1382
378,678,1056
850,541,1391
661,803,1464
298,331,629
481,1078,1559
519,1343,1862
333,812,1145
355,647,1002
678,511,1189
215,697,912
413,621,1034
521,763,1284
1594,1083,2677
527,1079,1606
415,890,1305
306,836,1142
913,1608,2521
476,1090,1566
347,572,919
531,483,1014
415,1196,1611
645,1102,1747
517,1056,1573
513,692,1205
897,1014,1911
363,657,1020
634,383,1017
702,927,1629
571,835,1406
956,1101,2057
579,670,1249
880,837,1717
706,1696,2402
300,810,1110
588,525,1113
944,687,1631
721,467,1188
1489,430,1919
378,635,1013
614,1364,1978
570,611,1181
281,693,974
730,1527,2257
66,1070,1136
590,591,1181
991,664,1655
618,419,1037
375,759,1134
484,669,1153
1220,1003,2223
421,783,1204
833,1461,2294
1106,1190,2296
295,1112,1407
918,587,1505
715,1041,1756
533,450,983
793,481,1274
973,1332,2305
846,545,1391
359,565,924
690,1186,1876
1636,768,2404
675,967,1642
634,516,1150
1295,864,2159
1008,884,1892
534,1248,1782
415,805,1220
924,672,1596
484,1631,2115
1344,930,2274
701,524,1225
516,506,1022
783,769,1552
365,705,1070
583,837,1420
947,985,1932
485,910,1395
866,842,1708
926,467,1393
491,1213,1704
210,1552,1762
215,1034,1249
728,613,1341
335,554,889
1434,770,2204
486,1369,1855
303,1157,1460
1043,821,1864
1017,1042,2059
416,1262,1678
477,937,1414
526,604,1130
475,1059,1534
900,515,1415
165,1167,1332
886,992,1878
1008,283,1291
294,1350,1644
1225,780,2005
403,714,1117
559,989,1548
825,319,1144
748,921,1669
1509,684,2193
584,1156,1740
645,780,1425
637,938,1575
764,1039,1803
681,1165,1846
1010,1222,2232
529,253,782
1018,950,1968
335,702,1037
43,399,442
644,960,1604
1022,494,1516
1154,880,2034
744,1106,1850
768,1345,2113
1259,601,1860
464,804,1268
917,788,1705
593,1125,1718
1174,998,2172
1123,779,1902
747,662,1409
1263,705,1968
946,780,1726
569,950,1519
757,695,1452
479,873,1352
1260,509,1769
904,902,1806
100,422,522
875,358,1233
1007,782,1789
1066,709,1775
589,1005,1594
813,596,1409
686,813,1499
473,1150,1623
590,654,1244
1175,546,1721
148,733,881
555,360,915
1037,829,1866
881,584,1465
907,943,1850
674,1041,1715
281,1139,1420
557,1351,1908
1008,700,1708
531,703,1234
493,1036,1529
321,946,1267
766,1160,1926
705,863,1568
651,518,1169
285,919,1204
853,832,1685
649,1061,1710
700,595,1295
614,762,1376
1212,540,1752
327,1196,1523
648,609,1257
901,1017,1918
607,713,1320
887,402,1289
394,1068,1462
359,1002,1361
254,1023,1277
564,820,1384
540,1033,1573
278,1545,1823
928,883,1811
730,1611,2341
695,1242,1937
425,1427,1852
872,1125,1997
599,749,1348
686,1294,1980
257,1259,1516
448,1146,1594
801,1219,2020
287,865,1152
894,1240,2134
572,887,1459
1051,523,1574
557,1411,1968
599,591,1190
1114,619,1733
647,887,1534
1297,331,1628
1149,1025,2174
245,1492,1737
997,302,1299
1001,744,1745
629,996,1625
449,598,1047
1011,322,1333
670,1642,2312
196,1425,1621
574,371,945
970,596,1566
528,2187,2715
652,1325,1977
495,1478,1973
588,973,1561
1034,306,1340
668,994,1662
246,1427,1673
639,653,1292
818,409,1227
574,1647,2221
217,1572,1789
1318,865,2183
84,507,591
999,1380,2379
1060,292,1352
973,878,1851
328,1511,1839
570,572,1142
804,956,1760
553,495,1048
256,1651,1907
863,827,1690
72,769,841
2027,400,2427
615,654,1269
678,774,1452
1262,551,1813
136,840,976
1178,781,1959
750,1179,1929
1242,738,1980
102,854,956
1298,1054,2352
1352,603,1955
1331,640,1971
82,736,818
425,758,1183
1119,650,1769
283,812,1095
467,505,972
46,775,821
185,413,598
732,424,1156
480,489,969
296,902,1198
657,1034,1691
478,458,936
497,696,1193
608,641,1249
428,1058,1486
309,448,757
795,442,1237
365,625,990
169,1072,1241
636,742,1378
874,473,1347
327,801,1128
1094,805,1899
362,514,876
241,525,766
246,721,967
1319,1400,2719
353,1140,1493
816,612,1428
660,891,1551
395,640,1035
460,1216,1676
662,655,1317
327,686,1013
354,541,895
424,754,1178
676,717,1393
1402,1360,2762
901,883,1784
222,1111,1333
457,805,1262
613,1345,1958
894,460,1354
574,1006,1580
283,749,1032
931,615,1546
512,741,1253
853,677,1530
459,641,1100
496,533,1029
581,881,1462
558,793,1351
475,883,1358
496,1149,1645
1133,487,1620
645,459,1104
1033,520,1553
366,698,1064
707,468,1175
407,832,1239
695,573,1268
637,884,1521
545,888,1433
686,712,1398
240,549,789
625,449,1074
668,906,1574
1109,729,1838
457,447,904
547,1255,1802
411,997,1408
284,708,992
798,1130,1928
904,1202,2106
696,454,1150
788,788,1576
978,770,1748
388,530,918
1239,752,1991
751,591,1342
475,1126,1601
947,1063,2010
556,491,1047
492,640,1132
431,1038,1469
547,1172,1719
372,824,1196
552,763,1315
959,556,1515
1175,635,1810
785,463,1248
932,466,1398
846,737,1583
392,888,1280
595,766,1361
1065,610,1675
738,474,1212
218,659,877
1061,501,1562
399,874,1273
684,843,1527
278,652,930
987,316,1303
697,989,1686
357,808,1165
665,349,1014
1035,461,1496
358,1111,1469
471,949,1420
518,330,848
537,616,1153
483,529,1012
661,977,1638
453,581,1034
415,1045,1460
361,693,1054
705,692,1397
490,1019,1509
511,1231,1742
379,1821,2200
361,1087,1448
395,1111,1506
355,624,979
565,889,1454
403,1028,1431
554,340,894
609,1027,1636
813,954,1767
733,777,1510
390,877,1267
614,975,1589
263,875,1138
643,829,1472
1130,653,1783
237,682,919
900,638,1538
455,490,945
966,799,1765
202,901,1103
452,1695,2147
676,629,1305
396,1174,1570
477,1972,2449
858,518,1376
830,916,1746
612,793,1405
942,906,1848
861,1371,2232
413,1035,1448
1725,803,2528
1031,517,1548
877,1248,2125
1105,415,1520
1061,763,1824
344,874,1218
335,809,1144
764,794,1558
770,1050,1820
307,1002,1309
498,1438,1936
415,1069,1484
429,1009,1438
830,1118,1948
406,961,1367
369,1023,1392
734,727,1461
616,909,1525
1539,815,2354
765,1181,1946
776,676,1452
1851,984,2835
398,620,1018
523,921,1444
355,537,892
770,508,1278
395,691,1086
50,1313,1363
477,1224,1701
530,1225,1755
815,938,1753
735,996,1731
863,807,1670
664,921,1585
794,525,1319
918,428,1346
732,659,1391
988,604,1592
519,628,1147
1271,637,1908
947,624,1571
456,990,1446
531,1637,2168
414,686,1100
763,829,1592
1458,489,1947
70,1785,1855
476,609,1085
1181,615,1796
445,1453,1898
953,1378,2331
590,695,1285
1457,499,1956
1073,866,1939
1001,1578,2579
654,873,1527
459,1241,1700
612,660,1272
405,1229,1634
553,653,1206
399,1867,2266
1714,308,2022
1074,972,2046
1165,989,2154
885,726,1611
1028,920,1948
862,1010,1872
216,607,823
1148,526,1674
1605,334,1939
438,1561,1999
473,911,1384
1377,424,1801
708,340,1048
649,1393,2042
274,907,1181
680,542,1222
1413,554,1967
840,1341,2181
504,1144,1648
1004,661,1665
1294,429,1723
536,1000,1536
496,816,1312
486,1145,1631
358,1117,1475
352,937,1289
535,1346,1881
426,663,1089
174,688,862
1300,344,1644
68,1092,1160
825,295,1120
471,675,1146
227,994,1221
760,612,1372
798,1177,1975
514,1681,2195
537,761,1298
557,795,1352
1203,497,1700
1040,341,1381
907,529,1436
589,649,1238
874,1310,2184
560,1664,2224
840,1526,2366
62,824,886
742,842,1584
455,668,1123
101,1215,1316
775,343,1118
373,569,942
415,1021,1436
785,1355,2140
687,1408,2095
1087,1100,2187
997,1056,2053
374,1014,1388
159,1206,1365
636,559,1195
656,549,1205
410,1175,1585
723,841,1564
123,728,851
1551,704,2255
818,1112,1930
459,1022,1481
1235,1038,2273
865,1259,2124
110,704,814
362,708,1070
1058,418,1476
209,1269,1478
603,1539,2142
1053,876,1929
1116,703,1819
1367,826,2193
682,1142,1824
962,509,1471
201,962,1163
456,967,1423
211,1370,1581
359,2161,2520
477,950,1427
293,955,1248
490,1329,1819
1131,1274,2405
777,951,1728
986,785,1771
823,502,1325
1223,1257,2480
704,308,1012
486,825,1311
444,812,1256
1241,995,2236
1090,790,1880
975,1191,2166
919,990,1909
1229,746,1975
1019,1009,2028
2023,499,2522
99,658,757
814,628,1442
816,620,1436
333,1177,1510
1260,598,1858
118,765,883
1144,1531,2675
71,838,909
1011,890,1901
797,1545,2342
1009,862,1871
442,534,976
472,532,1004
963,1073,2036
473,836,1309
516,860,1376
340,839,1179
1087,423,1510
560,746,1306
564,1093,1657
329,1007,1336
1246,505,1751
164,751,915
1382,623,2005
97,1184,1281
897,1609,2506
494,1348,1842
565,1291,1856
1046,951,1997
614,1392,2006
504,1177,1681
680,1247,1927
615,1434,2049
351,893,1244
1160,1038,2198
392,754,1146
917,1171,2088
294,1548,1842
558,1176,1734
670,1241,1911
745,966,1711
1253,663,1916
755,1360,2115
700,1503,2203
164,970,1134
668,1077,1745
577,1146,1723
278,1443,1721
404,1366,1770
371,804,1175
875,470,1345
889,814,1703
868,441,1309
709,1249,1958
450,1450,1900
838,1047,1885
1077,1187,2264
924,921,1845
771,307,1078
264,1089,1353
1306,640,1946
601,888,1489
1009,404,1413
447,1015,1462
913,461,1374
298,1164,1462
322,1148,1470
1098,380,1478
988,567,1555
908,567,1475
763,281,1044
864,654,1518
1123,414,1537
931,518,1449
639,722,1361
996,547,1543
694,1008,1702
1185,387,1572
1001,711,1712
1096,417,1513
1099,386,1485
956,484,1440
1188,516,1704
1026,675,1701
1109,572,1681
46,589,635
1812,239,2051
896,611,1507
1507,674,2181
33,638,671
83,837,920
63,405,468
1116,627,1743
1681,544,2225
26,580,606
140,229,369
1658,288,1946
29,802,831
134,410,544
59,612,671
38,843,881
158,419,577
27,954,981
42,932,974
21,787,808
358,308,666
36,840,876
31,947,978
100,918,1018
383,672,1055
353,689,1042
276,864,1140
371,727,1098
468,653,1121
515,667,1182
18,1042,1060
525,696,1221
438,671,1109
23,1134,1157
36,866,902
129,445,574
175,813,988
241,1276,1517
729,538,1267
53,1230,1283
495,513,1008
24,1019,1043
616,526,1142
671,781,1452
20,1467,1487
556,489,1045
660,876,1536
669,483,1152
601,562,1163
928,736,1664
598,585,1183
24,1026,1050
763,606,1369
977,449,1426
902,604,1506
272,1587,1859
600,806,1406
751,394,1145
313,1328,1641
630,1259,1889
458,712,1170
303,735,1038
719,464,1183
44,1582,1626
554,431,985
1190,592,1782
196,555,751
352,1650,2002
474,957,1431
378,548,926
804,1388,2192
360,1230,1590
62,613,675
577,1520,2097
458,529,987
430,922,1352
218,489,707
466,549,1015
1319,1066,2385
322,969,1291
707,682,1389
339,1492,1831
339,478,817
24,711,735
1144,825,1969
879,1059,1938
81,881,962
390,349,739
1534,815,2349
941,368,1309
480,918,1398
641,1278,1919
560,894,1454
1473,970,2443
1133,988,2121
593,1111,1704
306,733,1039
467,585,1052
1339,623,1962
606,650,1256
341,776,1117
288,1052,1340
1434,986,2420
280,787,1067
427,1568,1995
1167,1423,2590
743,530,1273
223,1062,1285
672,870,1542
827,640,1467
1480,829,2309
679,717,1396
465,1262,1727
783,1072,1855
1401,766,2167
683,755,1438
451,541,992
390,854,1244
882,970,1852
457,576,1033
544,803,1347
147,1520,1667
893,802,1695
806,1081,1887
826,1338,2164
358,1065,1423
850,1226,2076
637,766,1403
533,339,872
614,1179,1793
557,611,1168
1435,661,2096
762,1052,1814
688,1089,1777
693,765,1458
688,585,1273
629,824,1453
907,316,1223
584,438,1022
885,969,1854
777,453,1230
652,642,1294
861,1150,2011
670,739,1409
478,1380,1858
694,1031,1725
1020,787,1807
1226,669,1895
759,1386,2145
484,712,1196
1169,872,2041
908,440,1348
1195,962,2157
21,603,624
1002,1256,2258
126,503,629
916,1220,2136
928,974,1902
578,1146,1724
196,465,661
1033,855,1888
933,886,1819
1199,800,1999
1115,851,1966
1280,1294,2574
445,1239,1684
472,1209,1681
912,1267,2179
415,298,713
583,1163,1746
950,947,1897
636,1137,1773
1195,580,1775
709,510,1219
564,705,1269
511,1433,1944
438,735,1173
191,747,938
406,505,911
900,1357,2257
678,589,1267
23,1285,1308
656,1152,1808
470,576,1046
887,400,1287
1243,977,2220
337,532,869
669,376,1045
340,673,1013
1143,1234,2377
839,1182,2021
243,1254,1497
28,1135,1163
451,877,1328
920,597,1517
959,666,1625
151,1530,1681
594,1063,1657
176,883,1059
627,1058,1685
1122,1316,2438
224,1418,1642
867,639,1506
595,713,1308
951,819,1770
200,371,571
1048,864,1912
692,325,1017
375,926,1301
1061,716,1777
1008,1096,2104
405,1301,1706
1291,602,1893
847,637,1484
989,1156,2145
574,1049,1623
290,731,1021
554,1002,1556
1027,1274,2301
1068,1053,2121
221,837,1058
113,1007,1120
987,1144,2131
1341,694,2035
718,377,1095
436,1058,1494
637,1740,2377
728,311,1039
1235,875,2110
614,886,1500
462,1885,2347
1200,815,2015
449,681,1130
555,1154,1709
616,929,1545
212,959,1171
809,1029,1838
745,909,1654
884,769,1653
673,903,1576
880,1232,2112
933,831,1764
917,525,1442
1380,728,2108
535,853,1388
644,889,1533
605,582,1187
460,841,1301
500,689,1189
927,963,1890
186,771,957
589,695,1284
1543,582,2125
803,1365,2168
839,539,1378
675,786,1461
591,762,1353
888,730,1618
664,568,1232
1035,982,2017
244,1249,1493
662,677,1339
346,1456,1802
1073,1195,2268
760,505,1265
637,774,1411
509,790,1299
675,665,1340
144,1455,1599
609,1119,1728
701,821,1522
121,1434,1555
944,960,1904
333,655,988
929,658,1587
475,700,1175
315,700,1015
425,658,1083
705,472,1177
387,1605,1992
356,872,1228
162,998,1160
752,483,1235
581,686,1267
235,1037,1272
432,1363,1795
555,1191,1746
629,670,1299
306,1128,1434
1357,765,2122
553,823,1376
318,1030,1348
629,291,920
1363,808,2171
717,845,1562
1107,1082,2189
195,493,688
1143,549,1692
452,1015,1467
629,551,1180
1235,981,2216
348,410,758
764,899,1663
919,661,1580
803,952,1755
412,684,1096
500,658,1158
974,1016,1990
934,644,1578
714,627,1341
1242,1266,2508
58,431,489
160,1705,1865
834,706,1540
526,278,804
399,1473,1872
356,1861,2217
596,720,1316
570,926,1496
792,1488,2280
940,1222,2162
938,618,1556
1658,570,2228
1006,651,1657
535,1396,1931
1738,464,2202
536,755,1291
434,1037,1471
578,729,1307
745,1247,1992
762,1389,2151
1293,469,1762
504,1249,1753
620,1501,2121
232,629,861
322,477,799
1182,1114,2296
303,555,858
1091,987,2078
990,1554,2544
697,1470,2167
292,435,727
1061,795,1856
510,1438,1948
948,548,1496
247,1289,1536
893,1339,2232
721,487,1208
740,805,1545
1158,371,1529
309,486,795
392,1797,2189
568,2599,3167
489,1764,2253
237,1384,1621
351,1668,2019
722,1735,2457
507,1422,1929
515,617,1132
436,1658,2094
978,1614,2592
1170,438,1608
182,751,933
318,722,1040
849,563,1412
112,2053,2165
656,1609,2265
271,808,1079
1349,1799,3148
786,1336,2122
784,1581,2365
1178,839,2017
455,632,1087
70,585,655
771,1585,2356
272,2086,2358
1261,941,2202
72,695,767
325,1000,1325
1493,857,2350
401,1912,2313
635,399,1034
1318,2002,3320
1236,573,1809
426,1674,2100
431,2589,3020
2278,1094,3372
405,1224,1629
743,2045,2788
343,2620,2963
583,509,1092
1547,603,2150
938,2040,2978
1561,994,2555
548,820,1368
1448,1092,2540
2378,596,2974
1411,1012,2423
580,1218,1798
319,433,752
2553,310,2863
1784,1202,2986
1509,1067,2576
1469,327,1796
1054,511,1565
1703,1065,2768
1709,1005,2714
779,863,1642
358,1001,1359
1184,1031,2215
734,926,1660
1966,312,2278
1892,455,2347
29,886,915
1724,994,2718
627,745,1372
749,1008,1757
899,877,1776
408,1217,1625
40,541,581
728,320,1048
31,1114,1145
54,944,998
205,743,948
716,1041,1757
1061,1273,2334
187,772,959
987,815,1802
912,1139,2051
552,740,1292
537,673,1210
872,1213,2085
51,737,788
592,868,1460
437,553,990
20,430,450
381,1031,1412
165,648,813
1005,710,1715
219,1594,1813
709,874,1583
416,1170,1586
185,952,1137
589,926,1515
24,804,828
472,1187,1659
506,366,872
67,991,1058
966,543,1509
546,569,1115
464,983,1447
255,880,1135
777,813,1590
737,1004,1741
683,495,1178
314,1003,1317
556,1123,1679
418,884,1302
295,527,822
518,876,1394
274,1228,1502
193,1236,1429
253,794,1047
865,671,1536
796,779,1575
415,835,1250
665,818,1483
135,663,798
898,663,1561
391,1843,2234
380,623,1003
909,343,1252
542,1082,1624
916,699,1615
278,2330,2608
453,1296,1749
733,689,1422
910,463,1373
1204,1464,2668
339,976,1315
713,686,1399
634,1205,1839
986,479,1465
973,1047,2020
488,1238,1726
475,700,1175
874,711,1585
1579,1117,2696
519,494,1013
550,713,1263
948,972,1920
1777,610,2387
583,724,1307
616,1700,2316
892,714,1606
181,750,931
738,869,1607
251,907,1158
464,536,1000
421,1197,1618
263,1288,1551
1139,610,1749
689,966,1655
639,1041,1680
498,893,1391
452,606,1058
498,1307,1805
642,843,1485
1113,738,1851
608,1935,2543
1015,335,1350
1045,761,1806
470,1389,1859
784,1768,2552
615,369,984
679,1311,1990
1477,954,2431
604,963,1567
710,744,1454
308,363,671
707,933,1640
299,731,1030
1194,1606,2800
679,368,1047
1055,788,1843
1760,715,2475
286,576,862
612,1171,1783
380,846,1226
536,1358,1894
470,1002,1472
366,957,1323
793,1485,2278
302,513,815
1189,649,1838
1611,515,2126
542,1382,1924
1129,589,1718
449,1809,2258
624,742,1366
608,1562,2170
1263,1050,2313
47,714,761
666,1032,1698
447,1181,1628
820,682,1502
646,900,1546
160,1438,1598
1153,448,1601
990,920,1910
107,914,1021
728,939,1667
945,705,1650
357,873,1230
634,956,1590
1237,1256,2493
637,1174,1811
687,1206,1893
331,1718,2049
833,1150,1983
1456,695,2151
871,779,1650
446,735,1181
579,717,1296
663,949,1612
1056,1302,2358
543,1272,1815
306,944,1250
1253,1288,2541
910,746,1656
549,1070,1619
379,705,1084
755,677,1432
991,512,1503
1178,1076,2254
798,963,1761
815,706,1521
734,1071,1805
1166,1153,2319
790,930,1720
750,825,1575
543,777,1320
1005,1109,2114
445,914,1359
806,1788,2594
1330,564,1894
674,753,1427
1180,744,1924
781,1210,1991
845,602,1447
1242,743,1985
663,547,1210
460,1200,1660
1120,816,1936
974,763,1737
1038,558,1596
883,985,1868
807,863,1670
741,350,1091
922,655,1577
583,589,1172
576,887,1463
338,2035,2373
680,501,1181
1446,1241,2687
807,2051,2858
569,485,1054
1377,2051,3428
863,1034,1897
618,511,1129
520,532,1052
959,1545,2504
741,1161,1902
649,702,1351
1658,1000,2658
478,791,1269
435,1549,1984
686,1174,1860
282,502,784
1136,1155,2291
629,770,1399
1109,527,1636
511,1872,2383
247,532,779
1069,987,2056
1901,950,2851
495,1320,1815
709,981,1690
1960,483,2443
604,964,1568
423,793,1216
711,1760,2471
1453,660,2113
159,1141,1300
307,555,862
1928,730,2658
1098,923,2021
123,818,941
664,637,1301
645,1184,1829
819,306,1125
1028,644,1672
379,961,1340
846,517,1363
868,862,1730
750,696,1446
653,534,1187
715,1364,2079
759,945,1704
185,518,703
588,1520,2108
380,714,1094
1431,677,2108
444,337,781
533,717,1250
1155,1122,2277
984,531,1515
878,1267,2145
387,362,749
495,670,1165
790,764,1554
393,1125,1518
1069,1458,2527
813,895,1708
661,1464,2125
500,2048,2548
627,722,1349
269,368,637
592,1502,2094
592,528,1120
748,1010,1758
918,962,1880
225,727,952
383,710,1093
656,510,1166
1698,1576,3274
453,1566,2019
912,1357,2269
1556,1599,3155
814,803,1617
1253,335,1588
483,520,1003
351,1622,1973
639,690,1329
327,686,1013
473,1734,2207
1139,1149,2288
515,889,1404
587,945,1532
672,1501,2173
1324,506,1830
1172,1117,2289
442,865,1307
1547,477,2024
547,495,1042
1326,1016,2342
1536,318,1854
987,1037,2024
843,638,1481
1741,1565,3306
773,638,1411
811,1246,2057
1397,990,2387
201,550,751
309,613,922
1187,1014,2201
1354,374,1728
679,845,1524
141,845,986
413,867,1280
714,1169,1883
437,764,1201
316,1037,1353
513,673,1186
385,698,1083
417,379,796
514,916,1430
682,469,1151
1377,1149,2526
246,1477,1723
701,674,1375
1012,844,1856
1474,1970,3444
310,874,1184
1467,824,2291
1003,1374,2377
713,807,1520
492,958,1450
207,1820,2027
844,832,1676
918,730,1648
825,944,1769
53,597,650
370,382,752
1173,1386,2559
991,1349,2340
853,688,1541
275,853,1128
519,726,1245
1591,637,2228
763,534,1297
534,848,1382
1237,633,1870
600,854,1454
844,605,1449
496,373,869
559,1783,2342
418,651,1069
996,1486,2482
826,1720,2546
522,287,809
457,1298,1755
550,520,1070
520,327,847
449,1376,1825
797,1602,2399
884,1876,2760
803,1393,2196
509,1227,1736
692,1982,2674
656,1041,1697
647,1095,1742
378,548,926
187,412,599
828,899,1727
504,2415,2919
80,1633,1713
1209,1028,2237
125,1377,1502
1147,2297,3444
1278,796,2074
766,1158,1924
77,1005,1082
126,867,993
1326,872,2198
260,2222,2482
1299,1484,2783
228,1038,1266
163,1929,2092
510,2228,2738
1170,621,1791
960,453,1413
447,903,1350
962,690,1652
862,758,1620
1486,838,2324
455,837,1292
454,537,991
1615,1870,3485
349,686,1035
749,1547,2296
1663,2086,3749
1117,795,1912
853,708,1561
1599,977,2576
1096,1705,2801
1962,826,2788
1011,969,1980
2082,821,2903
732,2903,3635
574,1015,1589
473,554,1027
2143,644,2787
1082,2349,3431
845,1117,1962
511,603,1114
662,793,1455
200,885,1085
1346,1054,2400
1325,1020,2345
661,681,1342
1154,1913,3067
575,752,1327
569,503,1072
341,572,913
2645,658,3303
534,845,1379
396,808,1204
2270,497,2767
1547,646,2193
734,908,1642
496,857,1353
871,551,1422
663,713,1376
976,729,1705
619,474,1093
476,728,1204
715,891,1606
668,1047,1715
1432,1607,3039
1691,1218,2909
866,838,1704
683,545,1228
1403,495,1898
668,481,1149
625,1070,1695
810,560,1370
708,1263,1971
468,514,982
1838,1816,3654
1001,1156,2157
761,496,1257
535,716,1251
96,703,799
786,1183,1969
415,1158,1573
278,581,859
1986,1285,3271
429,1665,2094
857,1859,2716
822,936,1758
231,775,1006
201,856,1057
278,732,1010
1185,662,1847
304,940,1244
245,1049,1294
550,1674,2224
416,909,1325
1400,1329,2729
634,1855,2489
784,654,1438
433,531,964
330,923,1253
1090,921,2011
629,368,997
778,938,1716
506,1093,1599
411,672,1083
1628,971,2599
858,641,1499
712,1637,2349
588,847,1435
981,1049,2030
1581,529,2110
476,899,1375
688,1031,1719
1702,925,2627
701,731,1432
238,1677,1915
1050,1426,2476
659,682,1341
688,515,1203
828,1268,2096
689,358,1047
360,788,1148
384,782,1166
1093,881,1974
163,1247,1410
169,771,940
800,854,1654
1567,1103,2670
813,329,1142
841,641,1482
214,796,1010
564,1286,1850
1397,573,1970
413,1191,1604
200,1575,1775
733,1280,2013
899,955,1854
674,1272,1946
596,505,1101
1131,508,1639
487,981,1468
678,317,995
364,624,988
464,959,1423
463,827,1290
639,1384,2023
453,1313,1766
455,1484,1939
919,1310,2229
1248,842,2090
565,475,1040
1020,1282,2302
1087,1081,2168
1131,996,2127
621,748,1369
1433,812,2245
1068,881,1949
451,968,1419
598,1321,1919
599,471,1070
777,482,1259
696,1505,2201
1245,645,1890
198,660,858
536,440,976
1374,665,2039
1157,741,1898
708,607,1315
1154,588,1742
1201,970,2171
822,841,1663
921,612,1533
717,717,1434
454,1056,1510
26,665,691
1154,563,1717
558,1094,1652
337,546,883
281,718,999
992,1367,2359
576,1477,2053
864,627,1491
1130,748,1878
724,1191,1915
162,760,922
594,340,934
707,975,1682
382,776,1158
222,915,1137
360,1316,1676
289,614,903
479,725,1204
1008,1014,2022
623,468,1091
1195,1530,2725
268,685,953
119,1250,1369
287,662,949
517,733,1250
441,1464,1905
274,635,909
373,584,957
384,1203,1587
637,1105,1742
528,1915,2443
633,640,1273
487,1108,1595
556,705,1261
911,497,1408
390,493,883
794,1133,1927
605,1019,1624
229,897,1126
578,502,1080
1169,1269,2438
459,1089,1548
739,889,1628
488,491,979
981,883,1864
1039,2098,3137
954,723,1677
732,1099,1831
1102,1044,2146
529,1090,1619
784,690,1474
291,482,773
489,629,1118
780,864,1644
1283,1795,3078
890,511,1401
1138,1014,2152
1452,811,2263
678,557,1235
659,1097,1756
1004,1022,2026
1160,814,1974
580,1929,2509
493,1043,1536
672,970,1642
386,495,881
537,1031,1568
526,534,1060
957,832,1789
730,632,1362
365,1121,1486
501,864,1365
447,580,1027
845,645,1490
929,512,1441
474,1079,1553
939,561,1500
921,865,1786
897,392,1289
979,829,1808
690,659,1349
636,884,1520
669,643,1312
161,464,625
124,826,950
975,541,1516
917,358,1275
1286,1630,2916
708,431,1139
790,729,1519
1931,843,2774
358,612,970
307,1340,1647
220,769,989
1586,1361,2947
773,1669,2442
385,748,1133
977,1810,2787
690,488,1178
620,473,1093
623,1986,2609
660,551,1211
102,576,678
47,692,739
1470,872,2342
80,644,724
333,1642,1975
567,459,1026
1000,662,1662
414,841,1255
1844,1191,3035
965,1229,2194
152,626,778
459,1116,1575
296,704,1000
128,691,819
426,1589,2015
743,890,1633
763,1564,2327
665,1471,2136
483,1134,1617
1704,523,2227
201,959,1160
463,516,979
351,752,1103
441,1559,2000
694,1134,1828
1228,1669,2897
1208,903,2111
222,1320,1542
1942,692,2634
459,899,1358
555,647,1202
504,729,1233
1340,855,2195
902,724,1626
272,541,813
1625,1096,2721
1106,1101,2207
759,775,1534
634,909,1543
461,663,1124
577,888,1465
1519,912,2431
301,1045,1346
780,746,1526
336,1444,1780
1362,1288,2650
1018,904,1922
730,753,1483
600,1410,2010
180,866,1046
587,854,1441
623,459,1082
879,1152,2031
1018,725,1743
1014,1201,2215
1314,890,2204
695,894,1589
941,1208,2149
1241,850,2091
389,845,1234
520,807,1327
660,469,1129
322,1033,1355
747,419,1166
405,1397,1802
964,1016,1980
985,975,1960
910,591,1501
761,1189,1950
1188,1023,2211
1088,694,1782
1190,932,2122
401,1406,1807
27,447,474
1221,1051,2272
783,1032,1815
495,913,1408
725,977,1702
743,1182,1925
611,883,1494
981,531,1512
510,1425,1935
738,1335,2073
24,689,713
1150,1045,2195
660,984,1644
696,1248,1944
773,1221,1994
494,1264,1758
928,772,1700
249,1094,1343
390,1804,2194
490,862,1352
772,1473,2245
1026,1145,2171
818,1510,2328
621,895,1516
511,1027,1538
272,1340,1612
453,1022,1475
1066,572,1638
480,1232,1712
1116,1367,2483
663,965,1628
1389,301,1690
476,846,1322
706,972,1678
525,1215,1740
1055,374,1429
636,314,950
342,538,880
1323,462,1785
348,530,878
564,1266,1830
615,363,978
616,377,993
761,1336,2097
1111,466,1577
1298,1520,2818
472,1000,1472
907,272,1179
940,291,1231
500,1860,2360
641,195,836
1153,680,1833
63,362,425
680,1677,2357
115,343,458
841,645,1486
126,283,409
106,368,474
649,671,1320
1396,1002,2398
818,434,1252
142,356,498
163,353,516
619,823,1442
1134,334,1468
151,353,504
284,357,641
237,273,510
788,713,1501
1061,275,1336
840,2564,3404
673,261,934
312,560,872
150,2871,3021
32,488,520
482,749,1231
672,2526,3198
160,397,557
834,668,1502
1540,702,2242
1064,2411,3475
201,659,860
640,860,1500
578,718,1296
578,841,1419
197,633,830
169,741,910
150,939,1089
21,1138,1159
506,354,860
48,1099,1147
179,930,1109
27,468,495
208,909,1117
2508,741,3249
189,973,1162
175,1033,1208
2367,868,3235
119,765,884
406,599,1005
2316,714,3030
459,641,1100
600,887,1487
546,791,1337
332,674,1006
720,608,1328
312,874,1186
29,1743,1772
550,406,956
47,503,550
650,548,1198
401,1442,1843
525,727,1252
96,981,1077
752,619,1371
412,1307,1719
814,748,1562
163,1031,1194
372,619,991
377,748,1125
611,831,1442
729,708,1437
422,888,1310
286,795,1081
764,1024,1788
414,391,805
913,1705,2618
197,533,730
1243,462,1705
271,951,1222
221,693,914
366,879,1245
571,850,1421
465,780,1245
668,788,1456
442,581,1023
740,412,1152
1065,652,1717
1186,4769,5955
320,568,888
369,677,1046
799,434,1233
228,1061,1289
556,681,1237
479,1206,1685
292,5211,5503
529,963,1492
627,4834,5461
567,405,972
671,616,1287
1040,4625,5665
384,558,942
657,674,1331
4647,775,5422
570,5006,5576
558,963,1521
493,929,1422
775,425,1200
1156,778,1934
610,1821,2431
671,1119,1790
364,652,1016
261,1289,1550
4483,506,4989
148,1074,1222
416,556,972
779,1802,2581
4536,477,5013
442,785,1227
260,773,1033
1009,1579,2588
560,1033,1593
377,1644,2021
441,1007,1448
734,4739,5473
529,935,1464
629,484,1113
422,1055,1477
1451,791,2242
329,712,1041
611,673,1284
70,1860,1930
967,756,1723
500,632,1132
722,1006,1728
472,1710,2182
844,750,1594
776,1136,1912
381,547,928
651,1622,2273
5076,975,6051
417,685,1102
4549,1355,5904
544,1039,1583
743,972,1715
545,636,1181
4568,1190,5758
919,580,1499
911,685,1596
654,634,1288
269,517,786
1018,457,1475
436,1244,1680
396,637,1033
798,909,1707
584,498,1082
1253,321,1574
299,662,961
1503,656,2159
513,1049,1562
551,1261,1812
545,624,1169
974,955,1929
1070,1574,2644
1764,591,2355
354,1056,1410
406,655,1061
1364,1318,2682
1512,1020,2532
997,804,1801
487,943,1430
898,1559,2457
721,480,1201
391,365,756
534,600,1134
316,588,904
715,1410,2125
589,610,1199
614,855,1469
559,725,1284
817,1517,2334
710,334,1044
805,755,1560
1375,998,2373
1252,692,1944
397,389,786
954,937,1891
454,1318,1772
474,665,1139
349,1453,1802
513,813,1326
148,846,994
754,645,1399
446,386,832
539,776,1315
328,1047,1375
868,1125,1993
907,738,1645
676,696,1372
1173,954,2127
784,825,1609
896,1051,1947
290,462,752
1300,891,2191
184,762,946
45,654,699
1286,866,2152
267,1574,1841
509,543,1052
1198,507,1705
521,1029,1550
732,532,1264
407,895,1302
130,613,743
610,746,1356
1288,771,2059
203,1553,1756
303,658,961
798,509,1307
508,426,934
497,530,1027
509,784,1293
743,959,1702
469,503,972
771,638,1409
619,1121,1740
653,732,1385
851,729,1580
607,547,1154
399,964,1363
694,1285,1979
324,369,693
816,995,1811
322,1088,1410
992,806,1798
751,804,1555
450,1085,1535
811,732,1543
406,1054,1460
554,1039,1593
480,668,1148
288,700,988
867,457,1324
1407,801,2208
471,733,1204
1371,1347,2718
1036,648,1684
671,583,1254
410,1981,2391
581,930,1511
408,433,841
626,796,1422
1523,1067,2590
707,511,1218
727,700,1427
587,484,1071
584,1878,2462
796,789,1585
556,947,1503
622,523,1145
933,738,1671
1048,808,1856
296,962,1258
214,550,764
858,831,1689
405,1374,1779
1088,1211,2299
40,763,803
517,994,1511
410,921,1331
470,522,992
407,432,839
695,869,1564
1040,1333,2373
600,1211,1811
709,1227,1936
327,899,1226
600,1132,1732
170,1516,1686
915,1033,1948
552,1150,1702
339,1528,1867
1859,984,2843
807,1119,1926
837,1091,1928
1733,1161,2894
97,583,680
542,527,1069
1009,907,1916
267,1092,1359
297,5670,5967
1421,503,1924
1277,737,2014
831,812,1643
437,877,1314
150,908,1058
720,1136,1856
808,698,1506
724,1068,1792
373,923,1296
350,5672,6022
879,898,1777
498,1108,1606
391,1028,1419
61,875,936
742,826,1568
608,939,1547
817,787,1604
677,5611,6288
809,431,1240
196,861,1057
88,992,1080
1231,920,2151
1296,528,1824
558,702,1260
694,1160,1854
984,946,1930
595,5652,6247
770,538,1308
536,762,1298
532,691,1223
913,458,1371
792,700,1492
927,993,1920
5557,805,6362
932,942,1874
143,997,1140
828,857,1685
872,410,1282
767,844,1611
604,297,901
570,855,1425
199,477,676
5418,721,6139
220,1417,1637
544,849,1393
711,1110,1821
643,740,1383
750,458,1208
570,1114,1684
360,927,1287
267,1006,1273
5497,755,6252
702,1194,1896
896,890,1786
849,894,1743
291,446,737
617,361,978
867,907,1774
630,1037,1667
66,755,821
1106,706,1812
258,622,880
47,952,999
811,916,1727
568,419,987
662,477,1139
722,1264,1986
770,1405,2175
680,485,1165
662,820,1482
326,633,959
1270,1185,2455
975,975,1950
469,547,1016
1149,923,2072
645,797,1442
308,541,849
1011,1099,2110
542,800,1342
547,695,1242
120,497,617
839,1122,1961
1022,793,1815
704,793,1497
183,861,1044
964,2772,3736
867,453,1320
737,646,1383
267,1189,1456
293,451,744
1170,810,1980
774,473,1247
700,431,1131
392,450,842
353,1021,1374
781,3053,3834
722,816,1538
518,471,989
273,433,706
512,1923,2435
329,534,863
931,614,1545
329,482,811
584,888,1472
710,687,1397
713,1549,2262
1074,658,1732
627,574,1201
844,679,1523
544,1553,2097
580,387,967
837,486,1323
797,2007,2804
549,443,992
421,3281,3702
593,184,777
258,327,585
439,1024,1463
76,365,441
104,497,601
695,1764,2459
345,1017,1362
259,3583,3842
136,514,650
869,2039,2908
317,372,689
142,456,598
1089,612,1701
664,2161,2825
739,2915,3654
115,663,778
2798,1162,3960
172,517,689
572,3276,3848
138,698,836
2988,1367,4355
617,745,1362
513,3158,3671
460,443,903
680,1996,2676
573,743,1316
628,427,1055
200,358,558
833,594,1427
537,1625,2162
23,506,529
215,399,614
3495,702,4197
1891,1008,2899
633,771,1404
322,577,899
670,948,1618
76,661,737
430,2306,2736
1046,619,1665
461,233,694
1482,1588,3070
32,960,992
57,445,502
591,953,1544
105,470,575
670,907,1577
1553,1853,3406
932,1876,2808
435,744,1179
1524,1605,3129
1897,1185,3082
430,672,1102
1584,2278,3862
475,902,1377
259,372,631
1846,1768,3614
413,1133,1546
379,557,936
2283,828,3111
3122,1215,4337
1805,1527,3332
212,558,770
1026,824,1850
53,568,621
293,513,806
1139,716,1855
466,919,1385
280,386,666
626,460,1086
888,986,1874
1863,1585,3448
96,1302,1398
164,1600,1764
126,1007,1133
841,787,1628
2945,1438,4383
1942,385,2327
298,463,761
695,461,1156
1914,1794,3708
459,526,985
371,1730,2101
493,740,1233
444,1914,2358
1471,852,2323
687,645,1332
1341,827,2168
514,562,1076
1090,1100,2190
767,611,1378
23,556,579
732,1096,1828
612,353,965
442,1045,1487
1239,559,1798
42,842,884
97,414,511
320,665,985
140,974,1114
859,1113,1972
96,2035,2131
740,837,1577
97,806,903
1166,1448,2614
1463,539,2002
331,946,1277
956,1385,2341
1674,1011,2685
363,810,1173
769,2311,3080
473,2294,2767
316,1721,2037
1077,2156,3233
81,696,777
381,917,1298
976,981,1957
104,919,1023
689,674,1363
1261,522,1783
585,489,1074
410,684,1094
491,707,1198
1942,1410,3352
753,909,1662
723,833,1556
531,2344,2875
475,900,1375
203,360,563
770,518,1288
574,2474,3048
371,895,1266
530,711,1241
937,496,1433
699,675,1374
874,1250,2124
467,1762,2229
752,819,1571
931,1340,2271
1839,650,2489
1877,833,2710
629,522,1151
577,703,1280
92,517,609
246,1127,1373
702,3450,4152
648,650,1298
815,229,1044
1357,976,2333
2016,900,2916
2038,934,2972
847,651,1498
868,1140,2008
981,1085,2066
290,1512,1802
900,581,1481
1101,535,1636
101,1651,1752
267,608,875
2367,739,3106
705,517,1222
303,862,1165
790,781,1571
57,629,686
1479,2906,4385
530,700,1230
956,860,1816
1198,2817,4015
335,841,1176
465,842,1307
3151,916,4067
404,1073,1477
497,1213,1710
404,435,839
337,671,1008
584,1283,1867
1421,663,2084
448,706,1154
719,584,1303
1528,671,2199
2340,770,3110
490,749,1239
233,1544,1777
972,877,1849
2381,560,2941
637,1186,1823
570,882,1452
314,845,1159
562,1190,1752
705,705,1410
356,619,975
737,889,1626
950,335,1285
748,521,1269
1112,777,1889
368,1203,1571
497,737,1234
528,1536,2064
1455,670,2125
324,538,862
482,1134,1616
686,697,1383
515,1315,1830
347,723,1070
527,741,1268
627,1753,2380
439,597,1036
439,714,1153
1176,1231,2407
623,1132,1755
502,745,1247
1080,968,2048
398,1512,1910
1134,514,1648
415,882,1297
329,658,987
1026,1135,2161
520,1111,1631
378,922,1300
48,1326,1374
736,1399,2135
1600,322,1922
687,825,1512
347,543,890
437,1024,1461
1048,516,1564
877,896,1773
450,857,1307
572,742,1314
776,839,1615
1393,833,2226
581,1074,1655
1371,931,2302
601,743,1344
885,903,1788
352,816,1168
263,920,1183
1270,551,1821
612,510,1122
751,687,1438
999,875,1874
499,804,1303
757,528,1285
371,939,1310
578,866,1444
728,533,1261
698,894,1592
640,974,1614
978,628,1606
467,368,835
1194,983,2177
956,2328,3284
693,1011,1704
612,1033,1645
754,2316,3070
588,721,1309
665,550,1215
571,912,1483
712,866,1578
864,875,1739
195,835,1030
864,707,1571
220,342,562
623,2007,2630
824,763,1587
344,585,929
748,919,1667
489,857,1346
618,953,1571
431,1185,1616
466,1555,2021
667,755,1422
264,1249,1513
436,793,1229
174,598,772
489,622,1111
474,1061,1535
227,783,1010
643,1251,1894
323,995,1318
449,1873,2322
776,778,1554
498,1061,1559
811,920,1731
686,1080,1766
1086,679,1765
2147,497,2644
437,953,1390
634,1147,1781
714,1120,1834
2209,1062,3271
657,573,1230
491,487,978
1826,1034,2860
989,501,1490
685,769,1454
670,412,1082
888,1091,1979
967,675,1642
759,1231,1990
640,1269,1909
659,1957,2616
659,1227,1886
323,829,1152
785,462,1247
693,898,1591
618,921,1539
519,902,1421
831,626,1457
248,923,1171
666,1268,1934
1387,1362,2749
1004,637,1641
1465,1176,2641
958,908,1866
935,957,1892
383,1035,1418
1456,974,2430
742,520,1262
256,1203,1459
876,1257,2133
478,536,1014
746,687,1433
309,866,1175
1027,1072,2099
429,1174,1603
1231,505,1736
955,1116,2071
796,1076,1872
1167,1075,2242
805,906,1711
359,1095,1454
1143,877,2020
982,512,1494
893,583,1476
1176,739,1915
911,282,1193
1121,545,1666
692,937,1629
902,663,1565
128,701,829
732,1026,1758
760,741,1501
329,1069,1398
1086,754,1840
724,286,1010
347,1107,1454
457,555,1012
466,1123,1589
1087,750,1837
289,745,1034
830,988,1818
1095,1079,2174
809,603,1412
959,1444,2403
163,868,1031
209,1445,1654
797,901,1698
415,611,1026
326,519,845
1058,539,1597
777,882,1659
288,1498,1786
382,711,1093
727,1800,2527
751,493,1244
804,1078,1882
786,877,1663
199,781,980
460,806,1266
507,1707,2214
760,820,1580
621,1549,2170
908,1102,2010
810,981,1791
1413,651,2064
106,1723,1829
806,756,1562
1457,463,1920
863,303,1166
674,1025,1699
478,262,740
853,1179,2032
515,2247,2762
696,1196,1892
362,1022,1384
1315,1488,2803
1028,1743,2771
779,619,1398
1633,1144,2777
1290,1375,2665
1605,817,2422
1130,277,1407
534,1629,2163
909,1194,2103
891,292,1183
508,1632,2140
670,190,860
1091,920,2011
226,1665,1891
114,459,573
621,2011,2632
461,1479,1940
645,1477,2122
782,1857,2639
1299,391,1690
566,365,931
156,1985,2141
766,1708,2474
1207,526,1733
1332,515,1847
438,1401,1839
822,1301,2123
785,1451,2236
933,1079,2012
171,467,638
363,1566,1929
1532,718,2250
1740,380,2120
988,479,1467
1140,701,1841
1343,1869,3212
1354,440,1794
476,2063,2539
193,762,955
1288,684,1972
438,2168,2606
1631,327,1958
1165,709,1874
1498,1581,3079
117,615,732
719,2011,2730
927,513,1440
160,705,865
1910,730,2640
209,1307,1516
380,806,1186
491,582,1073
287,767,1054
918,835,1753
1688,306,1994
367,879,1246
1407,1861,3268
259,1295,1554
711,525,1236
166,1090,1256
996,668,1664
159,598,757
2003,451,2454
517,819,1336
517,671,1188
627,1136,1763
1657,931,2588
56,841,897
474,1305,1779
1168,574,1742
235,662,897
1925,669,2594
24,584,608
330,795,1125
1457,1066,2523
237,484,721
25,1095,1120
1887,898,2785
1206,592,1798
621,299,920
500,1034,1534
199,817,1016
285,834,1119
593,1410,2003
301,586,887
464,1318,1782
726,730,1456
936,1176,2112
382,1149,1531
277,770,1047
671,980,1651
454,1155,1609
495,860,1355
86,1097,1183
266,986,1252
592,685,1277
627,731,1358
331,800,1131
1320,349,1669
669,607,1276
588,655,1243
994,498,1492
379,1360,1739
938,359,1297
882,484,1366
859,1050,1909
202,1097,1299
222,492,714
632,1054,1686
640,1023,1663
913,1050,1963
1038,521,1559
597,1039,1636
706,869,1575
601,1780,2381
541,462,1003
303,353,656
1064,1077,2141
761,621,1382
328,1139,1467
1005,650,1655
1233,1942,3175
359,1446,1805
704,444,1148
793,1807,2600
355,475,830
1127,792,1919
656,448,1104
1483,1182,2665
333,679,1012
505,1365,1870
659,610,1269
264,679,943
516,843,1359
232,1161,1393
573,799,1372
906,768,1674
364,974,1338
1700,514,2214
840,789,1629
390,556,946
734,1714,2448
787,529,1316
428,1181,1609
594,1850,2444
867,992,1859
539,829,1368
721,1503,2224
1585,554,2139
523,480,1003
1090,829,1919
1460,448,1908
996,719,1715
573,650,1223
743,448,1191
268,1327,1595
315,663,978
544,711,1255
1137,859,1996
1632,351,1983
492,905,1397
288,753,1041
1059,497,1556
661,1366,2027
336,1286,1622
885,853,1738
886,850,1736
1362,474,1836
472,1303,1775
333,1145,1478
374,611,985
307,489,796
705,820,1525
589,860,1449
539,688,1227
1150,393,1543
351,1442,1793
609,949,1558
524,677,1201
998,398,1396
204,640,844
620,651,1271
407,839,1246
1055,853,1908
151,1620,1771
728,944,1672
1196,1167,2363
422,706,1128
671,357,1028
377,659,1036
511,1190,1701
782,570,1352
436,659,1095
269,527,796
579,1163,1742
513,619,1132
1137,893,2030
555,1229,1784
365,729,1094
785,944,1729
411,873,1284
521,980,1501
797,750,1547
587,6961,7548
1070,571,1641
944,447,1391
573,854,1427
367,558,925
467,651,1118
1082,378,1460
910,6672,7582
614,389,1003
601,1695,2296
585,606,1191
399,354,753
478,735,1213
566,521,1087
783,1649,2432
355,495,850
954,422,1376
1144,1177,2321
1044,879,1923
155,1155,1310
430,365,795
589,709,1298
386,1030,1416
720,591,1311
710,6803,7513
792,694,1486
135,996,1131
1162,6416,7578
1296,1566,2862
705,821,1526
211,565,776
1492,1653,3145
384,514,898
266,785,1051
761,1572,2333
526,1066,1592
180,717,897
1336,610,1946
514,1488,2002
320,600,920
1529,742,2271
518,1504,2022
205,983,1188
835,406,1241
6198,885,7083
389,795,1184
911,858,1769
232,1343,1575
490,712,1202
638,363,1001
1476,1063,2539
474,1208,1682
476,569,1045
309,1168,1477
399,1028,1427
1315,319,1634
753,821,1574
455,1211,1666
1362,809,2171
756,1099,1855
831,1244,2075
494,558,1052
450,798,1248
240,1247,1487
553,2004,2557
455,996,1451
765,1039,1804
254,1015,1269
6348,1217,7565
1222,523,1745
660,1433,2093
138,744,882
6225,1453,7678
978,659,1637
726,929,1655
422,703,1125
1226,1001,2227
943,509,1452
722,1018,1740
787,2672,3459
1015,539,1554
658,1384,2042
724,766,1490
267,828,1095
1080,1247,2327
412,681,1093
1293,1148,2441
398,473,871
1072,986,2058
702,3005,3707
956,936,1892
587,1180,1767
1007,699,1706
635,975,1610
1280,589,1869
660,796,1456
1280,1011,2291
740,1433,2173
865,379,1244
842,835,1677
995,1045,2040
855,1146,2001
611,1105,1716
530,716,1246
1199,1121,2320
599,1043,1642
1831,1868,3699
824,981,1805
20,581,601
1269,770,2039
201,1064,1265
54,905,959
422,303,725
916,1188,2104
229,790,1019
2465,1384,3849
1007,1123,2130
704,1178,1882
1093,883,1976
646,1004,1650
780,1121,1901
451,638,1089
841,1282,2123
485,620,1105
2820,1268,4088
1187,997,2184
370,775,1145
311,1094,1405
931,959,1890
1045,901,1946
632,710,1342
765,780,1545
593,976,1569
1675,1154,2829
25,846,871
791,797,1588
926,1117,2043
752,501,1253
783,828,1611
603,949,1552
1074,1481,2555
226,670,896
949,624,1573
498,1584,2082
286,647,933
252,1897,2149
712,1178,1890
287,850,1137
467,1783,2250
899,995,1894
424,703,1127
1412,952,2364
1081,627,1708
491,845,1336
467,716,1183
1084,1166,2250
1018,1927,2945
269,1220,1489
470,1243,1713
627,986,1613
1260,455,1715
684,1135,1819
1434,265,1699
606,1039,1645
1318,584,1902
468,1306,1774
738,1906,2644
371,709,1080
747,453,1200
799,1187,1986
633,1288,1921
74,2046,2120
43,407,450
295,1295,1590
229,1049,1278
555,760,1315
562,1130,1692
816,482,1298
144,459,603
617,1289,1906
994,1171,2165
1029,1065,2094
74,527,601
709,1175,1884
637,490,1127
731,1540,2271
72,1374,1446
1045,455,1500
734,587,1321
819,1828,2647
117,573,690
55,566,621
62,562,624
1707,960,2667
1139,1609,2748
859,1262,2121
575,2316,2891
416,262,678
906,1402,2308
788,943,1731
399,2021,2420
471,315,786
1234,1035,2269
138,973,1111
112,1258,1370
490,328,818
517,1509,2026
769,1132,1901
779,340,1119
1281,1169,2450
197,363,560
745,1733,2478
2147,457,2604
300,1494,1794
936,1770,2706
510,635,1145
800,1728,2528
1346,1479,2825
750,330,1080
263,307,570
1910,1171,3081
808,722,1530
707,1414,2121
596,1499,2095
1699,550,2249
917,2168,3085
1100,1812,2912
57,771,828
1098,390,1488
666,1795,2461
813,729,1542
486,1316,1802
875,483,1358
535,366,901
938,1646,2584
1052,822,1874
88,1351,1439
63,541,604
403,1582,1985
802,647,1449
1264,626,1890
620,981,1601
1102,560,1662
86,642,728
64,645,709
191,588,779
710,1234,1944
716,1365,2081
1054,1584,2638
39,613,652
1515,771,2286
746,921,1667
1165,869,2034
56,728,784
189,688,877
317,730,1047
1322,1113,2435
380,786,1166
1083,1368,2451
42,1095,1137
1430,690,2120
1263,780,2043
275,1076,1351
736,845,1581
1641,798,2439
411,994,1405
937,514,1451
1375,1215,2590
1283,366,1649
932,649,1581
24,734,758
1475,923,2398
901,936,1837
746,838,1584
697,560,1257
236,591,827
229,703,932
44,928,972
390,651,1041
35,957,992
936,532,1468
520,489,1009
733,522,1255
643,299,942
548,551,1099
1403,1325,2728
37,904,941
718,317,1035
1344,1821,3165
186,1008,1194
280,800,1080
25,1202,1227
694,499,1193
138,667,805
480,398,878
541,582,1123
423,621,1044
729,559,1288
562,1118,1680
465,1770,2235
564,783,1347
73,1398,1471
263,1167,1430
620,1991,2611
243,1073,1316
1146,1245,2391
454,883,1337
786,855,1641
159,1376,1535
292,983,1275
264,1564,1828
356,1608,1964
407,1685,2092
467,1538,2005
365,698,1063
1008,418,1426
521,940,1461
208,1431,1639
332,1525,1857
1109,1025,2134
460,1243,1703
567,1299,1866
461,1454,1915
1239,1082,2321
668,1097,1765
1097,1051,2148
1128,1087,2215
1201,408,1609
1494,645,2139
775,1613,2388
1034,640,1674
1491,841,2332
561,1411,1972
1421,794,2215
907,680,1587
290,782,1072
1100,388,1488
177,1359,1536
910,444,1354
1136,622,1758
400,1571,1971
753,1543,2296
653,459,1112
1734,1239,2973
561,1359,1920
801,583,1384
623,928,1551
1319,1102,2421
896,1719,2615
241,759,1000
359,1358,1717
1519,1514,3033
449,1556,2005
1456,1458,2914
767,1344,2111
846,635,1481
1265,980,2245
735,1450,2185
478,445,923
463,597,1060
236,1211,1447
875,1404,2279
105,753,858
694,973,1667
492,1508,2000
818,1351,2169
141,728,869
1374,607,1981
980,811,1791
1266,509,1775
601,1387,1988
433,997,1430
1276,567,1843
1250,1325,2575
593,1252,1845
232,686,918
131,701,832
1423,774,2197
669,552,1221
1226,483,1709
645,787,1432
1379,1552,2931
1233,395,1628
449,743,1192
1249,1291,2540
1164,665,1829
369,562,931
1084,1298,2382
905,1128,2033
1074,900,1974
1103,929,2032
1336,2000,3336
453,951,1404
369,929,1298
549,554,1103
1448,917,2365
428,616,1044
1164,1355,2519
906,553,1459
122,734,856
229,1070,1299
1441,1932,3373
652,568,1220
1337,1562,2899
685,815,1500
560,977,1537
1142,1282,2424
1196,443,1639
292,946,1238
382,518,900
522,671,1193
815,1174,1989
420,1334,1754
1837,683,2520
219,874,1093
1225,737,1962
1794,688,2482
766,897,1663
627,816,1443
1211,618,1829
463,672,1135
615,869,1484
1019,393,1412
251,1079,1330
675,1302,1977
464,745,1209
729,849,1578
92,1503,1595
324,1156,1480
615,942,1557
282,707,989
670,892,1562
676,303,979
546,727,1273
487,1594,2081
583,1185,1768
804,689,1493
115,1528,1643
850,1749,2599
412,1346,1758
1396,510,1906
1227,1314,2541
420,531,951
541,1115,1656
803,1496,2299
965,652,1617
744,1122,1866
1322,963,2285
432,986,1418
575,734,1309
1435,725,2160
549,1172,1721
601,913,1514
836,1462,2298
683,818,1501
1036,1478,2514
766,794,1560
1682,399,2081
1447,671,2118
520,933,1453
1331,749,2080
418,1178,1596
599,1085,1684
646,981,1627
793,753,1546
974,748,1722
1137,284,1421
1309,628,1937
1227,528,1755
1067,751,1818
1411,480,1891
326,675,1001
1048,1401,2449
396,1471,1867
684,902,1586
664,684,1348
760,468,1228
714,798,1512
605,734,1339
582,770,1352
464,487,951
80,1471,1551
651,940,1591
412,663,1075
1200,1420,2620
588,816,1404
921,729,1650
937,1398,2335
845,573,1418
413,570,983
306,1491,1797
441,683,1124
722,719,1441
587,1599,2186
217,1152,1369
507,1607,2114
469,744,1213
495,1097,1592
717,750,1467
390,609,999
730,934,1664
673,724,1397
189,1056,1245
434,1741,2175
624,1895,2519
419,726,1145
515,985,1500
556,1481,2037
659,699,1358
587,614,1201
1046,531,1577
402,1072,1474
590,1732,2322
320,794,1114
992,511,1503
522,606,1128
563,943,1506
1450,1043,2493
844,867,1711
817,532,1349
451,892,1343
1421,988,2409
614,1004,1618
585,510,1095
1371,1104,2475
607,1000,1607
717,551,1268
455,730,1185
736,672,1408
1549,771,2320
327,604,931
1281,763,2044
857,675,1532
568,897,1465
1562,830,2392
985,917,1902
1420,1046,2466
770,731,1501
406,630,1036
1247,1738,2985
798,600,1398
402,651,1053
519,865,1384
1426,1436,2862
936,674,1610
884,541,1425
968,972,1940
1299,1350,2649
384,747,1131
898,1032,1930
977,1121,2098
1843,1556,3399
511,772,1283
771,547,1318
236,415,651
236,670,906
427,834,1261
572,1002,1574
815,790,1605
752,1028,1780
321,568,889
637,1317,1954
590,1085,1675
597,364,961
299,539,838
429,1071,1500
826,694,1520
1325,1634,2959
345,748,1093
532,1188,1720
757,1010,1767
575,649,1224
605,1029,1634
429,792,1221
490,2326,2816
961,1436,2397
1252,717,1969
865,408,1273
1584,1198,2782
676,591,1267
306,1112,1418
1417,1217,2634
1047,482,1529
625,778,1403
671,924,1595
897,184,1081
535,783,1318
477,735,1212
2198,513,2711
1336,1554,2890
377,337,714
559,731,1290
1288,1562,2850
814,498,1312
695,2007,2702
1296,1474,2770
308,2004,2312
1253,892,2145
821,1557,2378
1243,484,1727
524,1807,2331
939,1430,2369
1003,546,1549
892,1227,2119
455,185,640
919,1334,2253
500,1568,2068
169,1333,1502
738,398,1136
286,1753,2039
417,1974,2391
124,411,535
1131,1107,2238
815,1230,2045
1308,448,1756
637,1810,2447
182,423,605
819,505,1324
633,725,1358
252,335,587
1339,861,2200
48,1275,1323
638,1699,2337
1779,945,2724
211,1281,1492
953,1627,2580
765,1102,1867
235,362,597
1081,1596,2677
105,745,850
696,1086,1782
347,558,905
1618,950,2568
869,692,1561
620,2489,3109
381,571,952
616,1057,1673
1895,448,2343
621,2206,2827
280,911,1191
277,1025,1302
343,350,693
991,1907,2898
806,940,1746
738,1010,1748
1227,641,1868
1226,562,1788
267,1219,1486
1201,748,1949
908,450,1358
191,849,1040
591,732,1323
1789,335,2124
218,580,798
929,712,1641
235,1073,1308
389,1264,1653
669,689,1358
432,907,1339
1402,668,2070
691,1058,1749
381,952,1333
1662,452,2114
1018,660,1678
589,897,1486
273,593,866
495,762,1257
454,598,1052
556,720,1276
697,746,1443
395,798,1193
96,528,624
1170,628,1798
576,1583,2159
26,1032,1058
196,613,809
709,1334,2043
741,555,1296
964,785,1749
518,920,1438
805,698,1503
697,863,1560
572,669,1241
67,1192,1259
305,565,870
497,561,1058
573,1143,1716
1075,986,2061
367,611,978
422,1175,1597
44,794,838
384,370,754
839,743,1582
268,454,722
414,477,891
451,926,1377
279,884,1163
222,838,1060
1323,510,1833
72,1219,1291
945,826,1771
549,942,1491
428,568,996
381,1274,1655
828,898,1726
944,1057,2001
699,520,1219
1172,561,1733
678,263,941
642,764,1406
511,995,1506
50,593,643
905,759,1664
463,1073,1536
1110,962,2072
25,413,438
599,941,1540
567,915,1482
802,1045,1847
281,1400,1681
755,815,1570
670,962,1632
60,568,628
640,1029,1669
123,540,663
656,1287,1943
954,793,1747
233,838,1071
1164,754,1918
678,1250,1928
85,1033,1118
240,736,976
558,892,1450
888,1025,1913
58,644,702
440,805,1245
664,651,1315
567,1166,1733
1051,1457,2508
341,992,1333
288,896,1184
400,1157,1557
684,796,1480
88,1354,1442
721,742,1463
693,670,1363
997,717,1714
1002,1367,2369
729,868,1597
719,748,1467
913,707,1620
697,665,1362
851,1332,2183
673,568,1241
586,1150,1736
960,648,1608
819,1175,1994
495,673,1168
611,937,1548
499,826,1325
625,795,1420
250,702,952
468,352,820
849,1102,1951
921,731,1652
1111,854,1965
1230,898,2128
524,1098,1622
245,775,1020
477,538,1015
886,1220,2106
995,724,1719
1042,747,1789
454,769,1223
589,616,1205
802,503,1305
667,612,1279
1262,777,2039
698,917,1615
914,1632,2546
529,509,1038
482,866,1348
674,1396,2070
1246,1279,2525
722,370,1092
666,477,1143
1071,912,1983
590,478,1068
741,1107,1848
354,914,1268
483,810,1293
332,1446,1778
731,972,1703
202,1106,1308
874,953,1827
764,917,1681
450,932,1382
663,1019,1682
857,825,1682
653,808,1461
666,436,1102
535,556,1091
1270,659,1929
729,934,1663
342,941,1283
843,1125,1968
383,806,1189
706,867,1573
562,782,1344
691,515,1206
1173,694,1867
692,780,1472
1344,343,1687
803,798,1601
1146,841,1987
626,1026,1652
306,924,1230
736,833,1569
928,584,1512
259,923,1182
820,930,1750
222,933,1155
460,611,1071
791,756,1547
899,1014,1913
543,585,1128
695,635,1330
860,799,1659
685,551,1236
798,904,1702
397,771,1168
457,1216,1673
704,613,1317
562,808,1370
460,677,1137
633,649,1282
598,1305,1903
643,999,1642
656,467,1123
479,939,1418
556,872,1428
711,496,1207
263,1180,1443
513,894,1407
824,861,1685
849,644,1493
998,259,1257
1040,886,1926
702,498,1200
719,256,975
475,333,808
520,1085,1605
475,956,1431
758,282,1040
824,484,1308
548,870,1418
820,630,1450
54,302,356
284,887,1171
834,895,1729
870,792,1662
1347,383,1730
547,1055,1602
1091,690,1781
711,700,1411
692,944,1636
99,326,425
742,638,1380
574,1004,1578
146,564,710
483,1067,1550
402,1026,1428
816,673,1489
918,305,1223
339,1180,1519
680,632,1312
179,630,809
436,1168,1604
248,507,755
703,2009,2712
558,492,1050
790,780,1570
653,678,1331
400,547,947
516,527,1043
396,1335,1731
709,882,1591
569,487,1056
743,2221,2964
563,1145,1708
841,742,1583
400,468,868
376,536,912
934,844,1778
675,960,1635
243,855,1098
207,1434,1641
1089,808,1897
497,644,1141
733,1018,1751
1174,670,1844
227,759,986
729,661,1390
409,748,1157
9140,322,9462
218,1717,1935
595,761,1356
659,747,1406
45,325,370
407,1684,2091
719,588,1307
761,688,1449
1015,1076,2091
511,580,1091
868,459,1327
606,541,1147
613,338,951
70,330,400
649,375,1024
401,382,783
1307,837,2144
1025,1977,3002
500,990,1490
897,1214,2111
1516,769,2285
290,486,776
921,1067,1988
361,402,763
540,646,1186
1484,506,1990
354,1383,1737
132,537,669
265,1066,1331
464,352,816
371,1444,1815
209,760,969
552,402,954
477,937,1414
317,1416,1733
787,564,1351
941,844,1785
192,523,715
473,1631,2104
1886,1572,3458
691,1515,2206
533,1371,1904
67,577,644
213,1037,1250
808,1272,2080
381,1410,1791
1138,672,1810
234,543,777
459,591,1050
894,819,1713
530,475,1005
924,1366,2290
147,883,1030
546,1021,1567
390,907,1297
1219,960,2179
230,1054,1284
288,767,1055
200,1044,1244
643,636,1279
706,826,1532
1245,767,2012
748,835,1583
2147,1909,4056
1022,875,1897
572,929,1501
1484,518,2002
567,676,1243
516,928,1444
514,834,1348
337,777,1114
291,774,1065
35,1209,1244
736,401,1137
358,915,1273
1730,2855,4585
415,884,1299
1278,1197,2475
1045,1447,2492
443,1673,2116
912,1441,2353
1385,1400,2785
340,273,613
741,620,1361
31,1436,1467
471,1034,1505
1420,1880,3300
961,1211,2172
525,1174,1699
953,1510,2463
94,416,510
466,416,882
1158,1884,3042
832,1381,2213
1728,1669,3397
626,1205,1831
555,937,1492
745,1648,2393
2258,1192,3450
153,549,702
291,1607,1898
679,631,1310
1586,594,2180
203,827,1030
592,538,1130
1548,576,2124
730,453,1183
310,1631,1941
1093,351,1444
268,252,520
342,1586,1928
839,1621,2460
370,683,1053
1321,680,2001
1498,602,2100
499,529,1028
1385,996,2381
439,1694,2133
280,263,543
1591,904,2495
712,1696,2408
468,2197,2665
1538,918,2456
780,1027,1807
1305,1170,2475
1172,1315,2487
1453,457,1910
722,969,1691
223,367,590
1166,911,2077
560,1285,1845
625,627,1252
311,412,723
196,914,1110
1613,834,2447
678,372,1050
171,886,1057
336,671,1007
239,1081,1320
755,531,1286
1425,725,2150
65,757,822
165,569,734
624,1137,1761
264,1408,1672
53,919,972
98,955,1053
476,2929,3405
229,943,1172
1621,663,2284
606,690,1296
349,424,773
37,1503,1540
894,870,1764
795,883,1678
239,523,762
290,847,1137
1417,2075,3492
681,790,1471
1361,521,1882
892,2151,3043
622,1101,1723
245,709,954
482,1079,1561
301,526,827
979,963,1942
603,369,972
692,751,1443
279,608,887
1366,633,1999
2230,510,2740
344,765,1109
658,728,1386
1655,673,2328
625,373,998
739,931,1670
1885,487,2372
86,1057,1143
772,454,1226
544,891,1435
335,463,798
585,755,1340
540,507,1047
868,1204,2072
486,794,1280
308,512,820
260,603,863
526,1515,2041
530,458,988
665,704,1369
655,1893,2548
857,1429,2286
397,754,1151
821,1328,2149
586,974,1560
53,455,508
521,1708,2229
702,1021,1723
804,524,1328
843,496,1339
837,1559,2396
183,628,811
480,795,1275
747,729,1476
672,862,1534
141,576,717
319,2033,2352
757,1866,2623
424,1018,1442
1263,501,1764
957,1396,2353
405,815,1220
430,959,1389
575,728,1303
1331,726,2057
613,937,1550
319,607,926
1154,698,1852
1559,815,2374
390,800,1190
524,996,1520
46,789,835
428,1027,1455
324,743,1067
373,1099,1472
707,750,1457
666,1805,2471
606,545,1151
550,358,908
1527,1486,3013
199,1432,1631
1848,734,2582
899,1763,2662
672,1164,1836
613,815,1428
870,349,1219
1388,1363,2751
757,456,1213
296,1183,1479
718,1149,1867
1055,391,1446
666,1382,2048
674,876,1550
713,403,1116
1657,1304,2961
1067,886,1953
445,566,1011
1109,700,1809
489,1277,1766
604,402,1006
873,1338,2211
581,764,1345
422,1072,1494
1094,1042,2136
129,586,715
1007,535,1542
1208,639,1847
853,2185,3038
225,603,828
910,1065,1975
456,1505,1961
571,652,1223
995,986,1981
346,544,890
737,535,1272
979,500,1479
1775,1960,3735
302,628,930
1007,798,1805
120,2096,2216
1613,1905,3518
1192,789,1981
302,2086,2388
586,684,1270
1938,1161,3099
242,815,1057
384,619,1003
716,510,1226
481,625,1106
1678,525,2203
495,736,1231
466,593,1059
564,671,1235
657,1781,2438
814,633,1447
1086,595,1681
940,948,1888
426,507,933
1609,298,1907
457,594,1051
533,426,959
919,1217,2136
441,884,1325
681,475,1156
482,1053,1535
1769,558,2327
225,448,673
570,1347,1917
357,348,705
713,614,1327
357,1251,1608
388,573,961
643,947,1590
919,639,1558
675,487,1162
1275,307,1582
319,1044,1363
680,511,1191
721,1244,1965
1951,833,2784
353,933,1286
877,1344,2221
1707,1135,2842
1037,378,1415
412,682,1094
533,1299,1832
52,657,709
1057,284,1341
688,802,1490
1079,979,2058
27,786,813
801,826,1627
625,861,1486
776,1181,1957
102,542,644
718,1032,1750
521,543,1064
618,934,1552
34,514,548
71,995,1066
464,694,1158
33,1105,1138
840,1096,1936
171,654,825
642,508,1150
272,870,1142
483,765,1248
37,1221,1258
44,1152,1196
572,613,1185
275,911,1186
387,756,1143
152,717,869
631,654,1285
583,760,1343
684,633,1317
757,750,1507
154,1188,1342
870,680,1550
282,1111,1393
636,716,1352
641,990,1631
924,657,1581
620,890,1510
611,1010,1621
328,674,1002
702,659,1361
667,513,1180
648,714,1362
431,617,1048
968,740,1708
327,716,1043
799,1128,1927
539,801,1340
695,1019,1714
989,993,1982
190,1150,1340
1096,741,1837
368,904,1272
667,643,1310
917,570,1487
586,849,1435
520,883,1403
643,921,1564
611,490,1101
504,1457,1961
645,710,1355
1063,276,1339
632,615,1247
374,797,1171
744,450,1194
724,727,1451
600,611,1211
288,834,1122
544,1537,2081
435,1261,1696
536,776,1312
277,709,986
956,869,1825
781,477,1258
464,840,1304
328,1087,1415
135,657,792
1026,1241,2267
453,1033,1486
449,1416,1865
569,1006,1575
1227,843,2070
606,727,1333
1457,660,2117
268,826,1094
615,1150,1765
833,1104,1937
648,834,1482
355,1191,1546
979,379,1358
345,515,860
1163,538,1701
773,859,1632
933,518,1451
769,484,1253
761,1202,1963
713,652,1365
468,1249,1717
662,1203,1865
509,518,1027
735,658,1393
937,1326,2263
632,1220,1852
1257,1042,2299
377,832,1209
437,1216,1653
1162,767,1929
916,441,1357
497,1377,1874
1304,220,1524
1045,744,1789
630,868,1498
970,805,1775
525,1025,1550
399,1253,1652
651,449,1100
525,536,1061
772,1370,2142
1018,229,1247
760,750,1510
690,537,1227
1018,880,1898
398,1187,1585
1192,467,1659
317,1052,1369
358,1077,1435
551,1384,1935
738,902,1640
1174,996,2170
157,564,721
326,1488,1814
1293,1133,2426
238,1420,1658
404,1458,1862
1144,1061,2205
366,1441,1807
633,1134,1767
876,901,1777
1052,1059,2111
312,1633,1945
1087,1337,2424
1271,884,2155
76,956,1032
628,1143,1771
1342,302,1644
311,1069,1380
1387,374,1761
689,1595,2284
736,710,1446
273,1037,1310
748,1428,2176
786,1023,1809
953,1029,1982
700,861,1561
1033,156,1189
685,592,1277
454,1124,1578
36,331,367
1266,891,2157
987,830,1817
1228,784,2012
702,645,1347
736,722,1458
863,874,1737
58,338,396
1520,766,2286
879,707,1586
80,429,509
466,598,1064
941,804,1745
737,837,1574
1347,692,2039
179,385,564
155,575,730
558,644,1202
1177,664,1841
828,770,1598
779,720,1499
713,447,1160
309,459,768
310,605,915
228,780,1008
240,877,1117
1051,935,1986
464,734,1198
697,402,1099
635,433,1068
389,820,1209
43,559,602
27,547,574
260,971,1231
717,624,1341
41,572,613
492,813,1305
802,593,1395
22,593,615
717,892,1609
665,788,1453
65,788,853
138,473,611
27,693,720
36,746,782
125,595,720
212,779,991
295,729,1024
313,572,885
333,435,768
110,1179,1289
149,723,872
370,594,964
335,1138,1473
369,696,1065
422,464,886
386,676,1062
228,732,960
415,366,781
618,933,1551
545,546,1091
385,570,955
499,358,857
661,672,1333
332,821,1153
438,696,1134
1056,559,1615
592,546,1138
495,1028,1523
372,348,720
512,582,1094
375,700,1075
544,971,1515
876,537,1413
411,592,1003
579,826,1405
548,755,1303
515,724,1239
792,683,1475
604,988,1592
465,440,905
409,996,1405
549,790,1339
719,574,1293
368,648,1016
867,403,1270
208,661,869
517,1483,2000
256,513,769
462,528,990
369,463,832
806,1323,2129
464,676,1140
567,1528,2095
648,7539,8187
891,611,1502
77,1040,1117
850,1275,2125
877,11646,12523
858,4975,5833
1422,613,2035
568,11474,12042
1096,4939,6035
307,654,961
339,11383,11722
366,631,997
647,570,1217
105,1274,1379
499,1064,1563
449,793,1242
1251,506,1757
508,5431,5939
433,950,1383
428,808,1236
746,1121,1867
884,557,1441
11419,418,11837
284,1243,1527
457,676,1133
789,5738,6527
367,1249,1616
486,945,1431
741,5574,6315
974,4644,5618
175,1182,1357
897,578,1475
5358,1036,6394
351,449,800
489,724,1213
717,555,1272
5642,508,6150
11204,563,11767
4794,1036,5830
5326,317,5643
11275,923,12198
366,502,868
922,1048,1970
879,344,1223
618,706,1324
412,1046,1458
345,1441,1786
4505,1040,5545
486,831,1317
458,1460,1918
446,1586,2032
955,1207,2162
298,327,625
992,1095,2087
1156,1195,2351
199,853,1052
213,563,776
1141,764,1905
414,1070,1484
268,1844,2112
754,867,1621
941,1048,1989
4294,1180,5474
497,1012,1509
902,1007,1909
597,772,1369
228,562,790
1375,364,1739
878,881,1759
765,584,1349
1150,1241,2391
396,1064,1460
1136,799,1935
877,1541,2418
393,940,1333
173,811,984
922,868,1790
631,1082,1713
553,612,1165
371,2071,2442
259,859,1118
798,702,1500
882,537,1419
571,1142,1713
437,923,1360
1108,1256,2364
224,1045,1269
437,1848,2285
1260,1598,2858
427,547,974
1128,759,1887
477,1516,1993
840,554,1394
654,1307,1961
359,1085,1444
716,988,1704
349,1754,2103
358,2256,2614
1686,1411,3097
456,742,1198
1008,1290,2298
1857,1285,3142
894,1366,2260
787,711,1498
651,1059,1710
1054,718,1772
942,1935,2877
210,738,948
673,779,1452
1149,652,1801
1497,1131,2628
438,551,989
415,1566,1981
1368,768,2136
809,871,1680
809,1291,2100
1274,979,2253
362,1112,1474
633,492,1125
2040,661,2701
1166,762,1928
318,1091,1409
1819,642,2461
942,936,1878
606,858,1464
754,2065,2819
1460,730,2190
453,677,1130
582,427,1009
983,1539,2522
553,726,1279
1032,518,1550
1287,1247,2534
964,599,1563
668,940,1608
901,1250,2151
1426,571,1997
625,804,1429
1062,1178,2240
670,987,1657
807,784,1591
517,707,1224
1154,1086,2240
825,795,1620
1089,1353,2442
517,1813,2330
1472,1536,3008
619,1276,1895
561,1644,2205
683,776,1459
227,730,957
812,619,1431
983,1047,2030
263,925,1188
1148,1426,2574
1636,504,2140
350,954,1304
962,566,1528
387,718,1105
1919,882,2801
760,531,1291
590,1272,1862
1037,596,1633
1320,1065,2385
510,1018,1528
1391,413,1804
453,620,1073
560,715,1275
526,1125,1651
493,818,1311
453,709,1162
639,958,1597
1239,1082,2321
710,708,1418
858,1658,2516
738,1166,1904
39,1736,1775
500,873,1373
444,1597,2041
729,577,1306
880,960,1840
616,933,1549
1477,1165,2642
757,629,1386
495,1505,2000
741,888,1629
63,1028,1091
706,1477,2183
561,1031,1592
306,848,1154
931,737,1668
370,1398,1768
248,868,1116
890,949,1839
1003,1157,2160
507,920,1427
96,922,1018
1489,694,2183
457,942,1399
529,680,1209
1076,904,1980
1648,590,2238
764,771,1535
624,1005,1629
1000,1186,2186
577,805,1382
1309,717,2026
603,1267,1870
995,1679,2674
672,899,1571
800,621,1421
1284,921,2205
746,863,1609
550,1109,1659
225,1345,1570
1057,565,1622
464,888,1352
812,1745,2557
445,1684,2129
150,596,746
731,601,1332
1067,1001,2068
865,1315,2180
823,1176,1999
467,1144,1611
378,593,971
996,1425,2421
477,753,1230
630,565,1195
449,559,1008
699,556,1255
837,1020,1857
724,527,1251
476,772,1248
706,1040,1746
768,1330,2098
461,511,972
546,672,1218
736,1534,2270
221,691,912
992,309,1301
706,1191,1897
1700,597,2297
905,1912,2817
914,1617,2531
1180,1241,2421
414,323,737
961,1838,2799
206,560,766
265,553,818
666,467,1133
346,1371,1717
733,980,1713
766,1841,2607
1110,1238,2348
1054,914,1968
1232,1645,2877
520,1454,1974
486,594,1080
1796,1064,2860
237,738,975
859,959,1818
541,829,1370
1641,1010,2651
244,1272,1516
969,939,1908
362,541,903
1283,732,2015
236,913,1149
1575,1048,2623
261,1082,1343
440,895,1335
520,670,1190
1456,1401,2857
489,1694,2183
1205,771,1976
1754,525,2279
962,1866,2828
1115,1406,2521
205,1050,1255
524,2047,2571
833,1119,1952
1462,1395,2857
864,1166,2030
950,1055,2005
797,1372,2169
1554,1216,2770
507,898,1405
1191,1230,2421
876,1148,2024
901,1201,2102
270,1400,1670
482,1252,1734
601,1146,1747
453,1161,1614
818,1220,2038
346,1219,1565
694,1055,1749
660,1122,1782
1556,534,2090
774,1413,2187
1247,993,2240
637,1594,2231
926,446,1372
721,867,1588
915,926,1841
1322,639,1961
577,1378,1955
1292,594,1886
648,1010,1658
1033,285,1318
1080,527,1607
914,268,1182
1296,368,1664
997,509,1506
1234,497,1731
871,1111,1982
1090,673,1763
1259,684,1943
1279,453,1732
1493,715,2208
1088,481,1569
1124,669,1793
769,691,1460
26,487,513
1149,271,1420
35,405,440
873,661,1534
1047,702,1749
27,472,499
1073,631,1704
1128,1539,2667
249,282,531
30,560,590
95,408,503
71,686,757
1047,770,1817
17,754,771
1144,560,1704
1537,2213,3750
1173,827,2000
127,961,1088
1924,1884,3808
26,962,988
48,781,829
272,380,652
1506,1825,3331
50,1012,1062
347,554,901
25,782,807
141,603,744
344,690,1034
410,551,961
285,896,1181
157,984,1141
520,613,1133
192,708,900
419,779,1198
649,550,1199
100,666,766
395,1096,1491
132,893,1025
407,459,866
2078,537,2615
532,999,1531
606,743,1349
471,657,1128
1719,775,2494
175,881,1056
277,910,1187
263,371,634
1144,737,1881
711,360,1071
557,986,1543
142,787,929
196,709,905
675,739,1414
738,811,1549
329,428,757
132,702,834
867,278,1145
676,592,1268
616,445,1061
661,490,1151
625,712,1337
823,985,1808
340,609,949
576,691,1267
159,717,876
469,873,1342
609,741,1350
657,491,1148
505,726,1231
167,1114,1281
666,815,1481
602,1273,1875
317,611,928
533,506,1039
702,907,1609
424,758,1182
690,595,1285
263,493,756
683,897,1580
573,4066,4639
422,1242,1664
319,485,804
393,928,1321
895,887,1782
1058,3741,4799
133,737,870
866,3763,4629
416,268,684
539,1492,2031
3395,363,3758
428,1004,1432
403,446,849
512,1670,2182
81,936,1017
178,593,771
49,913,962
3780,715,4495
97,1102,1199
656,810,1466
23,853,876
83,1311,1394
648,862,1510
507,693,1200
107,994,1101
124,1336,1460
1003,742,1745
2937,598,3535
637,1452,2089
177,757,934
2916,809,3725
1302,1040,2342
836,661,1497
328,1304,1632
191,1121,1312
597,757,1354
1115,1032,2147
388,769,1157
190,614,804
725,829,1554
989,558,1547
1584,721,2305
791,1143,1934
326,1533,1859
492,486,978
1062,992,2054
1302,922,2224
205,999,1204
625,1483,2108
854,711,1565
653,607,1260
450,753,1203
774,1102,1876
586,1560,2146
721,679,1400
347,1097,1444
1251,703,1954
1040,942,1982
542,727,1269
651,1572,2223
611,602,1213
467,938,1405
990,893,1883
412,1693,2105
796,555,1351
937,657,1594
1304,727,2031
644,853,1497
774,879,1653
463,1044,1507
616,561,1177
975,1054,2029
229,1358,1587
485,1520,2005
268,1878,2146
529,560,1089
1183,605,1788
909,1307,2216
1203,639,1842
580,1262,1842
604,1246,1850
815,702,1517
559,1492,2051
417,1219,1636
869,1309,2178
691,939,1630
781,927,1708
1151,915,2066
551,980,1531
577,1153,1730
187,1565,1752
1005,440,1445
838,1052,1890
517,954,1471
414,1589,2003
809,1330,2139
450,521,971
1441,862,2303
804,1091,1895
851,1072,1923
1218,802,2020
447,515,962
114,956,1070
1804,526,2330
1255,791,2046
491,1329,1820
659,457,1116
734,1257,1991
741,494,1235
1372,879,2251
1338,590,1928
403,1552,1955
853,259,1112
1188,807,1995
575,865,1440
842,531,1373
447,1063,1510
531,1356,1887
969,412,1381
432,522,954
257,905,1162
322,1784,2106
87,421,508
399,525,924
578,689,1267
1134,1084,2218
1450,645,2095
24,541,565
421,794,1215
535,1786,2321
184,335,519
566,904,1470
786,531,1317
952,1016,1968
500,1551,2051
1427,1060,2487
387,1594,1981
1375,640,2015
589,1193,1782
231,470,701
584,628,1212
331,521,852
1221,1485,2706
582,1014,1596
914,763,1677
620,1394,2014
662,1213,1875
56,572,628
589,1527,2116
533,1166,1699
522,480,1002
420,662,1082
1198,1615,2813
1336,451,1787
964,1457,2421
1131,1331,2462
753,1336,2089
1213,1262,2475
1352,535,1887
793,769,1562
902,1258,2160
995,1018,2013
1501,420,1921
303,571,874
554,959,1513
602,457,1059
1549,438,1987
659,574,1233
788,734,1522
1133,898,2031
1165,311,1476
657,594,1251
169,1007,1176
464,668,1132
1103,441,1544
1301,453,1754
352,1042,1394
939,420,1359
819,772,1591
994,766,1760
308,575,883
467,923,1390
305,881,1186
383,772,1155
389,1151,1540
745,314,1059
624,460,1084
519,1120,1639
1044,271,1315
710,917,1627
1083,605,1688
364,738,1102
324,1053,1377
1169,893,2062
387,557,944
618,519,1137
199,445,644
469,939,1408
379,800,1179
346,728,1074
528,1061,1589
282,1079,1361
446,724,1170
738,482,1220
460,1286,1746
514,1225,1739
283,848,1131
691,439,1130
350,759,1109
966,634,1600
113,1097,1210
859,449,1308
635,615,1250
337,844,1181
687,673,1360
1001,903,1904
811,761,1572
861,741,1602
1006,395,1401
226,1709,1935
864,788,1652
349,869,1218
507,452,959
922,1023,1945
461,647,1108
896,959,1855
435,510,945
830,1252,2082
980,392,1372
520,1455,1975
1037,515,1552
477,809,1286
582,540,1122
911,620,1531
623,815,1438
814,1330,2144
215,800,1015
287,1234,1521
711,780,1491
854,963,1817
752,628,1380
497,634,1131
756,627,1383
363,826,1189
604,477,1081
654,700,1354
301,752,1053
521,872,1393
512,792,1304
697,1121,1818
675,694,1369
1173,1252,2425
654,683,1337
400,825,1225
536,722,1258
750,684,1434
481,643,1124
698,624,1322
1365,611,1976
366,686,1052
1612,1146,2758
326,475,801
291,800,1091
369,1043,1412
250,618,868
280,623,903
854,689,1543
233,760,993
416,714,1130
518,692,1210
1125,1234,2359
436,1316,1752
502,869,1371
984,1199,2183
885,908,1793
717,1256,1973
449,1059,1508
464,999,1463
230,1231,1461
1255,1365,2620
492,863,1355
534,937,1471
935,1082,2017
1157,1275,2432
641,863,1504
492,798,1290
515,1036,1551
749,1000,1749
1014,404,1418
490,950,1440
424,1082,1506
1066,616,1682
440,1130,1570
527,862,1389
542,1110,1652
737,1210,1947
1080,716,1796
1080,476,1556
527,987,1514
896,410,1306
961,641,1602
1077,547,1624
600,702,1302
652,638,1290
415,1274,1689
1149,711,1860
1199,482,1681
918,445,1363
683,1211,1894
648,849,1497
961,586,1547
798,153,951
744,640,1384
506,1247,1753
575,614,1189
1021,776,1797
807,663,1470
505,1623,2128
915,910,1825
757,993,1750
530,1095,1625
77,301,378
618,769,1387
827,970,1797
39,625,664
116,494,610
679,796,1475
1013,613,1626
262,626,888
657,1046,1703
637,1389,2026
710,915,1625
418,500,918
966,1078,2044
1129,914,2043
155,520,675
240,770,1010
559,417,976
192,792,984
371,462,833
65,456,521
294,751,1045
1175,1099,2274
999,679,1678
989,729,1718
697,913,1610
416,741,1157
460,957,1417
1328,654,1982
202,415,617
645,785,1430
225,1057,1282
471,1042,1513
184,296,480
331,852,1183
343,1241,1584
836,592,1428
233,724,957
252,663,915
1544,824,2368
374,1245,1619
761,813,1574
392,607,999
519,511,1030
521,1072,1593
492,597,1089
931,556,1487
595,881,1476
513,782,1295
520,987,1507
614,917,1531
294,425,719
854,272,1126
54,614,668
309,792,1101
767,1051,1818
689,980,1669
481,779,1260
337,422,759
908,275,1183
753,1141,1894
803,449,1252
430,333,763
721,514,1235
887,934,1821
437,902,1339
916,391,1307
855,1062,1917
365,624,989
471,532,1003
308,690,998
798,466,1264
839,883,1722
826,451,1277
774,1036,1810
1023,249,1272
707,510,1217
617,657,1274
716,529,1245
27,367,394
26,489,515
139,457,596
654,775,1429
59,465,524
77,523,600
809,927,1736
757,800,1557
82,613,695
605,1168,1773
42,495,537
96,550,646
27,605,632
853,974,1827
200,540,740
57,374,431
273,579,852
98,735,833
99,693,792
288,1278,1566
253,597,850
346,532,878
29,791,820
316,470,786
416,746,1162
507,549,1056
511,536,1047
286,672,958
760,716,1476
432,1582,2014
87,517,604
603,480,1083
355,845,1200
125,1428,1553
178,488,666
571,678,1249
286,1257,1543
749,1490,2239
296,553,849
592,586,1178
669,761,1430
278,579,857
267,611,878
50,905,955
388,1082,1470
449,1096,1545
388,603,991
590,331,921
454,280,734
1337,390,1727
670,543,1213
431,551,982
742,996,1738
257,858,1115
481,674,1155
1131,824,1955
556,465,1021
290,986,1276
501,703,1204
397,561,958
432,599,1031
871,1763,2634
485,702,1187
798,518,1316
1316,617,1933
337,1994,2331
592,325,917
436,1095,1531
750,711,1461
431,1879,2310
463,577,1040
926,403,1329
534,532,1066
163,671,834
1205,406,1611
431,321,752
481,647,1128
876,877,1753
497,430,927
407,424,831
247,789,1036
255,810,1065
232,1443,1675
433,462,895
260,1955,2215
1622,708,2330
238,1736,1974
739,672,1411
479,609,1088
285,810,1095
761,428,1189
355,975,1330
186,427,613
697,229,926
446,2113,2559
1829,631,2460
535,415,950
909,903,1812
292,851,1143
1583,943,2526
925,1151,2076
445,1171,1616
597,402,999
513,864,1377
461,952,1413
860,793,1653
307,341,648
326,1139,1465
1315,994,2309
241,843,1084
41,355,396
590,905,1495
588,1123,1711
860,443,1303
839,667,1506
687,951,1638
623,804,1427
1748,733,2481
177,2264,2441
400,977,1377
906,743,1649
619,747,1366
328,1246,1574
907,827,1734
1171,398,1569
774,745,1519
896,462,1358
838,925,1763
979,485,1464
325,1098,1423
818,734,1552
239,227,466
699,1038,1737
1140,825,1965
1044,834,1878
376,640,1016
774,647,1421
785,654,1439
833,191,1024
619,453,1072
704,408,1112
904,565,1469
134,343,477
607,710,1317
848,826,1674
849,246,1095
821,399,1220
470,2477,2947
768,474,1242
284,961,1245
1032,774,1806
912,301,1213
112,386,498
722,624,1346
555,947,1502
455,1051,1506
232,430,662
119,511,630
62,613,675
1098,1047,2145
751,795,1546
318,446,764
286,605,891
649,887,1536
70,398,468
206,518,724
569,337,906
37,715,752
113,784,897
383,500,883
2035,1668,3703
76,738,814
217,449,666
429,931,1360
305,901,1206
313,636,949
418,902,1320
784,982,1766
289,764,1053
725,617,1342
599,347,946
422,674,1096
179,882,1061
464,237,701
1226,1093,2319
2188,1911,4099
133,650,783
321,879,1200
330,673,1003
150,801,951
409,800,1209
562,185,747
682,894,1576
788,1750,2538
2408,1880,4288
464,832,1296
458,483,941
446,1169,1615
328,1245,1573
90,894,984
581,346,927
683,1161,1844
551,734,1285
561,1382,1943
636,1019,1655
1437,1336,2773
521,677,1198
692,1168,1860
133,1022,1155
617,482,1099
844,1119,1963
208,1154,1362
148,605,753
1832,1032,2864
707,531,1238
535,515,1050
744,1327,2071
68,918,986
600,695,1295
494,837,1331
837,570,1407
270,541,811
1789,634,2423
802,802,1604
563,641,1204
64,814,878
1025,775,1800
545,617,1162
833,762,1595
683,1037,1720
1035,598,1633
474,552,1026
906,577,1483
909,1048,1957
995,651,1646
120,1056,1176
1017,552,1569
209,632,841
1080,708,1788
115,1373,1488
335,642,977
333,585,918
703,607,1310
670,1329,1999
517,466,983
409,965,1374
1528,778,2306
467,542,1009
736,931,1667
641,399,1040
440,640,1080
506,612,1118
954,768,1722
715,1191,1906
705,750,1455
959,1465,2424
201,957,1158
1045,1365,2410
239,813,1052
758,720,1478
1182,1245,2427
892,747,1639
385,820,1205
876,935,1811
326,845,1171
151,688,839
1041,798,1839
855,540,1395
267,821,1088
413,967,1380
516,821,1337
608,564,1172
1099,834,1933
636,578,1214
1047,388,1435
784,463,1247
59,699,758
477,428,905
986,421,1407
573,327,900
584,1653,2237
567,484,1051
1243,1965,3208
625,447,1072
676,539,1215
516,391,907
407,470,877
621,502,1123
595,247,842
142,1574,1716
435,2003,2438
204,1704,1908
637,697,1334
517,604,1121
372,657,1029
767,627,1394
47,265,312
481,477,958
269,1528,1797
1329,1274,2603
198,746,944
297,1742,2039
422,1629,2051
81,487,568
1182,1146,2328
582,441,1023
512,1729,2241
422,562,984
599,424,1023
264,1364,1628
304,303,607
571,1517,2088
319,312,631
388,1800,2188
1089,1197,2286
60,570,630
787,1467,2254
540,348,888
1476,540,2016
307,2028,2335
67,369,436
1810,519,2329
1411,466,1877
141,724,865
79,824,903
932,214,1146
1116,693,1809
276,714,990
1323,374,1697
1377,657,2034
1124,1390,2514
536,544,1080
65,393,458
1102,360,1462
1598,750,2348
100,532,632
688,1956,2644
64,319,383
1357,702,2059
206,400,606
939,1572,2511
213,422,635
282,418,700
125,1175,1300
390,376,766
1452,1259,2711
77,585,662
159,576,735
138,811,949
1592,1200,2792
1711,851,2562
188,316,504
1896,898,2794
264,757,1021
126,386,512
126,730,856
461,455,916
493,1064,1557
228,545,773
492,649,1141
303,1170,1473
245,1031,1276
1396,567,1963
318,752,1070
276,836,1112
1476,215,1691
333,482,815
1293,948,2241
353,875,1228
370,533,903
72,598,670
531,966,1497
123,927,1050
158,813,971
160,600,760
97,483,580
758,673,1431
308,1008,1316
501,1392,1893
131,592,723
887,601,1488
743,511,1254
489,366,855
259,755,1014
391,426,817
155,618,773
279,823,1102
659,1054,1713
913,673,1586
199,934,1133
686,446,1132
507,570,1077
597,393,990
500,999,1499
516,657,1173
626,713,1339
914,644,1558
801,1244,2045
541,544,1085
1013,690,1703
750,889,1639
850,425,1275
717,415,1132
666,507,1173
804,999,1803
762,741,1503
736,779,1515
1328,936,2264
656,642,1298
589,888,1477
1096,512,1608
46,620,666
197,593,790
40,684,724
584,1091,1675
863,846,1709
860,929,1789
1082,849,1931
101,621,722
641,892,1533
72,645,717
46,752,798
251,505,756
137,708,845
848,784,1632
289,697,986
1174,676,1850
617,1040,1657
100,853,953
369,989,1358
277,924,1201
68,759,827
388,544,932
375,616,991
489,735,1224
570,764,1334
480,560,1040
553,784,1337
745,529,1274
417,783,1200
292,998,1290
536,642,1178
491,680,1171
709,750,1459
642,821,1463
284,662,946
838,609,1447
872,276,1148
622,909,1531
489,955,1444
527,655,1182
379,818,1197
609,758,1367
669,927,1596
610,913,1523
455,1108,1563
439,717,1156
303,392,695
843,424,1267
446,1265,1711
483,773,1256
603,1051,1654
635,946,1581
529,825,1354
774,528,1302
624,1201,1825
438,403,841
604,731,1335
480,943,1423
442,446,888
436,493,929
994,364,1358
551,516,1067
619,1098,1717
1017,248,1265
494,480,974
702,576,1278
553,406,959
1052,470,1522
632,835,1467
168,392,560
715,489,1204
715,1206,1921
945,504,1449
80,400,480
864,589,1453
495,423,918
872,724,1596
802,859,1661
500,1243,1743
962,721,1683
950,775,1725
166,279,445
135,671,806
837,638,1475
78,594,672
222,663,885
1004,794,1798
1320,698,2018
301,554,855
459,650,1109
488,560,1048
78,713,791
389,762,1151
474,630,1104
141,822,963
163,812,975
216,965,1181
101,746,847
41,704,745
202,370,572
443,963,1406
470,829,1299
384,1093,1477
482,922,1404
64,1191,1255
531,735,1266
154,1069,1223
561,869,1430
779,593,1372
637,783,1420
136,1276,1412
175,727,902
551,930,1481
520,1136,1656
558,974,1532
95,778,873
766,935,1701
182,832,1014
404,1523,1927
489,433,922
908,2069,2977
645,296,941
26,665,691
111,1991,2102
133,1666,1799
302,1489,1791
559,1241,1800
377,2557,2934
611,1613,2224
1839,1382,3221
487,1686,2173
1563,952,2515
486,2479,2965
2435,847,3282
583,2514,3097
593,1778,2371
1789,771,2560
501,2244,2745
1486,1210,2696
519,2266,2785
1388,1372,2760
1495,1048,2543
48,585,633
1315,1569,2884
330,1992,2322
1841,889,2730
74,510,584
2016,928,2944
1643,1044,2687
1887,859,2746
444,1883,2327
1115,1801,2916
37,789,826
1903,1191,3094
149,465,614
348,451,799
1738,1059,2797
407,734,1141
393,548,941
1394,1700,3094
1110,2149,3259
1881,916,2797
210,546,756
28,976,1004
189,660,849
257,768,1025
187,896,1083
17,1038,1055
464,533,997
388,750,1138
1839,1542,3381
387,865,1252
523,601,1124
41,1179,1220
31,1461,1492
228,1017,1245
1650,1804,3454
23,1308,1331
713,742,1455
614,768,1382
442,661,1103
241,1135,1376
637,610,1247
555,596,1151
94,697,791
500,950,1450
316,1054,1370
963,503,1466
208,738,946
387,787,1174
171,1263,1434
3103,687,3790
700,770,1470
755,462,1217
436,1317,1753
312,794,1106
376,1272,1648
1211,424,1635
670,452,1122
661,671,1332
72,856,928
1047,467,1514
442,729,1171
344,698,1042
389,904,1293
422,888,1310
653,526,1179
535,902,1437
504,1018,1522
303,849,1152
975,766,1741
863,933,1796
352,638,990
481,1140,1621
408,779,1187
690,867,1557
577,1264,1841
578,769,1347
363,724,1087
794,918,1712
918,343,1261
215,736,951
465,768,1233
122,1170,1292
906,1269,2175
525,586,1111
537,1012,1549
458,787,1245
566,591,1157
416,351,767
772,572,1344
1043,1305,2348
800,932,1732
491,1343,1834
432,584,1016
372,1069,1441
700,1286,1986
796,1272,2068
539,436,975
541,449,990
520,1393,1913
1230,1247,2477
1062,769,1831
682,876,1558
626,465,1091
733,812,1545
1256,671,1927
967,961,1928
513,492,1005
155,596,751
426,958,1384
676,1382,2058
1177,1116,2293
415,444,859
799,905,1704
695,671,1366
1151,834,1985
926,1045,1971
379,534,913
719,868,1587
551,722,1273
815,989,1804
788,573,1361
1147,1023,2170
934,1294,2228
839,583,1422
72,880,952
472,995,1467
1049,943,1992
314,635,949
1060,910,1970
1077,798,1875
348,928,1276
616,546,1162
233,874,1107
670,1053,1723
216,985,1201
425,429,854
804,529,1333
278,1029,1307
725,1989,2714
820,445,1265
80,1271,1351
428,880,1308
1193,1795,2988
726,327,1053
370,857,1227
849,674,1523
599,777,1376
800,1708,2508
704,1349,2053
587,578,1165
655,519,1174
973,1005,1978
1592,989,2581
625,832,1457
744,418,1162
806,405,1211
808,858,1666
143,452,595
265,886,1151
509,208,717
640,417,1057
502,864,1366
1533,285,1818
269,1294,1563
386,708,1094
157,311,468
230,243,473
1570,362,1932
461,1456,1917
519,212,731
1195,951,2146
234,543,777
64,689,753
790,355,1145
592,1509,2101
101,714,815
271,239,510
264,741,1005
763,1959,2722
423,450,873
618,561,1179
595,708,1303
735,1359,2094
227,1066,1293
574,324,898
590,770,1360
591,348,939
569,463,1032
849,1462,2311
1154,1287,2441
1159,757,1916
91,620,711
640,1624,2264
84,394,478
550,619,1169
1294,630,1924
1233,797,2030
229,1104,1333
1176,1099,2275
1017,1257,2274
195,475,670
90,620,710
1635,719,2354
82,779,861
222,749,971
607,1112,1719
49,672,721
1096,1142,2238
887,845,1732
140,761,901
33,991,1024
53,961,1014
917,743,1660
174,885,1059
299,771,1070
781,574,1355
957,831,1788
271,986,1257
354,788,1142
410,474,884
386,611,997
261,809,1070
466,820,1286
604,530,1134
622,1210,1832
637,642,1279
428,476,904
766,526,1292
624,693,1317
117,922,1039
817,610,1427
355,663,1018
726,846,1572
364,392,756
670,465,1135
717,461,1178
401,755,1156
596,582,1178
421,696,1117
790,819,1609
228,459,687
578,361,939
1302,450,1752
547,371,918
869,432,1301
631,691,1322
601,471,1072
477,795,1272
255,699,954
266,517,783
462,373,835
1600,1251,2851
679,768,1447
609,682,1291
381,387,768
325,549,874
808,702,1510
492,512,1004
609,768,1377
243,608,851
489,692,1181
344,1371,1715
586,2421,3007
337,804,1141
175,514,689
193,558,751
473,971,1444
555,554,1109
376,644,1020
341,692,1033
603,639,1242
444,687,1131
160,653,813
484,904,1388
323,753,1076
582,869,1451
373,1512,1885
412,762,1174
514,693,1207
433,2091,2524
171,698,869
305,579,884
337,1359,1696
238,714,952
360,718,1078
635,1105,1740
968,749,1717
376,713,1089
1004,1080,2084
442,2553,2995
713,668,1381
463,471,934
435,862,1297
1296,1047,2343
671,704,1375
604,606,1210
666,1653,2319
331,796,1127
637,385,1022
532,616,1148
526,413,939
187,882,1069
1269,975,2244
718,712,1430
2238,1080,3318
832,966,1798
604,1717,2321
621,821,1442
681,625,1306
303,706,1009
692,325,1017
344,1137,1481
756,687,1443
516,730,1246
382,760,1142
680,1029,1709
1224,861,2085
1863,1241,3104
443,681,1124
417,476,893
948,569,1517
192,724,916
646,580,1226
178,662,840
900,838,1738
646,857,1503
460,725,1185
711,1684,2395
840,994,1834
821,738,1559
647,596,1243
1192,1058,2250
609,1041,1650
567,715,1282
491,617,1108
793,559,1352
520,558,1078
286,416,702
661,585,1246
2420,914,3334
468,443,911
550,858,1408
732,911,1643
312,719,1031
487,693,1180
475,403,878
424,688,1112
208,871,1079
625,817,1442
616,488,1104
734,938,1672
794,1263,2057
519,461,980
540,1242,1782
1008,1133,2141
1100,1209,2309
445,745,1190
331,495,826
883,1121,2004
685,1009,1694
282,641,923
870,1137,2007
585,1102,1687
921,693,1614
384,761,1145
390,594,984
319,577,896
1404,887,2291
492,1092,1584
692,562,1254
877,763,1640
940,547,1487
718,939,1657
953,509,1462
406,583,989
399,1224,1623
1135,678,1813
359,589,948
739,611,1350
225,1131,1356
673,583,1256
945,446,1391
619,811,1430
260,910,1170
1502,1600,3102
1101,861,1962
823,694,1517
399,852,1251
732,851,1583
373,1306,1679
524,771,1295
1011,738,1749
420,991,1411
463,939,1402
870,1636,2506
854,986,1840
795,804,1599
532,916,1448
716,1729,2445
161,1400,1561
114,549,663
235,853,1088
1278,832,2110
828,720,1548
1141,872,2013
1359,407,1766
377,706,1083
188,782,970
545,917,1462
969,757,1726
154,666,820
508,618,1126
494,785,1279
479,748,1227
522,770,1292
1561,312,1873
696,595,1291
446,1103,1549
341,973,1314
579,645,1224
282,710,992
492,1103,1595
772,780,1552
735,512,1247
1207,755,1962
662,878,1540
755,563,1318
599,944,1543
1295,915,2210
613,785,1398
563,949,1512
575,1300,1875
401,587,988
394,872,1266
604,663,1267
98,729,827
694,625,1319
615,749,1364
486,766,1252
316,549,865
548,369,917
518,1130,1648
466,788,1254
487,893,1380
471,437,908
617,342,959
721,578,1299
545,928,1473
398,586,984
540,755,1295
504,1046,1550
440,1108,1548
372,754,1126
682,280,962
181,1047,1228
622,1079,1701
818,321,1139
185,462,647
523,757,1280
555,307,862
802,971,1773
867,673,1540
701,470,1171
728,1469,2197
739,698,1437
335,780,1115
216,461,677
800,1748,2548
621,715,1336
476,883,1359
156,565,721
194,561,755
967,437,1404
962,511,1473
439,1049,1488
852,1002,1854
771,1373,2144
599,848,1447
495,1304,1799
380,464,844
384,395,779
234,749,983
438,798,1236
901,556,1457
175,615,790
205,898,1103
1455,745,2200
489,1125,1614
329,1261,1590
634,445,1079
813,886,1699
945,663,1608
535,814,1349
603,621,1224
486,373,859
509,660,1169
1384,625,2009
446,1023,1469
667,806,1473
437,1100,1537
1061,969,2030
748,921,1669
390,761,1151
337,779,1116
694,1089,1783
453,696,1149
980,650,1630
326,987,1313
802,886,1688
739,737,1476
105,548,653
1316,804,2120
1103,585,1688
943,313,1256
785,530,1315
390,632,1022
148,842,990
358,664,1022
674,872,1546
911,871,1782
177,1133,1310
266,1077,1343
792,1263,2055
1138,1179,2317
306,1057,1363
908,986,1894
507,520,1027
429,1120,1549
365,968,1333
680,871,1551
452,998,1450
564,553,1117
77,998,1075
1125,332,1457
41,1610,1651
1072,425,1497
287,536,823
120,1122,1242
802,697,1499
1010,363,1373
256,535,791
998,328,1326
391,1370,1761
913,488,1401
356,958,1314
652,1221,1873
672,325,997
774,299,1073
694,698,1392
210,975,1185
694,722,1416
575,461,1036
443,1443,1886
101,334,435
405,1641,2046
353,1363,1716
1513,469,1982
133,347,480
593,1515,2108
619,1122,1741
474,1328,1802
1255,421,1676
540,1331,1871
625,536,1161
1027,878,1905
904,1093,1997
474,809,1283
351,1462,1813
233,456,689
24,377,401
599,922,1521
1486,459,1945
1049,443,1492
372,1168,1540
714,245,959
990,586,1576
79,588,667
832,664,1496
1095,564,1659
1084,576,1660
139,255,394
144,646,790
1016,537,1553
835,565,1400
1186,381,1567
844,368,1212
474,385,859
210,377,587
127,1720,1847
435,408,843
951,300,1251
681,574,1255
149,266,415
260,371,631
1340,564,1904
690,581,1271
587,427,1014
157,882,1039
535,262,797
175,933,1108
170,883,1053
477,1319,1796
156,710,866
751,1415,2166
86,405,491
361,663,1024
794,1734,2528
225,648,873
335,860,1195
628,682,1310
461,619,1080
204,1687,1891
356,1003,1359
27,485,512
86,552,638
1140,1346,2486
313,974,1287
79,665,744
403,598,1001
350,454,804
730,1391,2121
550,832,1382
50,746,796
209,553,762
812,743,1555
296,792,1088
205,623,828
145,866,1011
1153,577,1730
557,607,1164
476,554,1030
367,1016,1383
41,929,970
210,745,955
685,410,1095
351,572,923
695,1018,1713
224,933,1157
1186,582,1768
107,1159,1266
510,577,1087
25,1072,1097
303,847,1150
325,624,949
425,852,1277
1134,929,2063
579,651,1230
592,632,1224
492,517,1009
312,1111,1423
433,854,1287
679,554,1233
336,1063,1399
388,770,1158
192,922,1114
796,931,1727
811,656,1467
513,495,1008
305,1295,1600
654,862,1516
747,641,1388
672,948,1620
1009,775,1784
265,1024,1289
991,742,1733
447,785,1232
524,392,916
803,676,1479
113,1056,1169
373,563,936
829,394,1223
598,890,1488
936,738,1674
915,602,1517
458,929,1387
826,508,1334
432,521,953
667,344,1011
738,442,1180
513,955,1468
294,582,876
1132,656,1788
605,361,966
332,957,1289
310,1090,1400
766,1181,1947
510,1235,1745
179,363,542
372,647,1019
746,806,1552
662,963,1625
989,467,1456
581,337,918
678,675,1353
735,1258,1993
223,510,733
493,767,1260
606,866,1472
714,476,1190
699,219,918
236,694,930
717,948,1665
570,431,1001
538,320,858
321,479,800
598,1252,1850
471,991,1462
258,451,709
250,471,721
418,1182,1600
796,1371,2167
809,1167,1976
321,679,1000
384,375,759
72,694,766
876,1660,2536
887,1289,2176
325,544,869
534,446,980
570,1565,2135
374,554,928
362,844,1206
1107,1138,2245
720,1617,2337
1056,775,1831
377,379,756
1064,645,1709
639,725,1364
117,648,765
649,513,1162
793,182,975
102,1019,1121
702,1029,1731
1061,950,2011
851,1744,2595
502,442,944
449,831,1280
53,368,421
143,691,834
636,939,1575
562,855,1417
864,926,1790
1246,583,1829
1463,867,2330
1137,890,2027
1352,796,2148
203,927,1130
1323,854,2177
527,438,965
1225,718,1943
801,766,1567
473,752,1225
23,751,774
895,875,1770
1484,698,2182
1060,602,1662
499,860,1359
542,957,1499
771,647,1418
865,647,1512
219,626,845
754,894,1648
490,867,1357
792,637,1429
170,869,1039
415,697,1112
702,1031,1733
698,709,1407
222,1537,1759
767,409,1176
288,762,1050
632,990,1622
696,911,1607
680,406,1086
819,799,1618
274,1081,1355
641,747,1388
809,475,1284
621,711,1332
430,972,1402
686,745,1431
731,544,1275
363,610,973
315,1519,1834
464,994,1458
773,316,1089
340,639,979
189,838,1027
868,598,1466
820,595,1415
626,692,1318
354,553,907
783,1243,2026
520,800,1320
478,483,961
592,809,1401
562,575,1137
392,662,1054
490,942,1432
299,821,1120
621,490,1111
1477,766,2243
549,590,1139
635,1556,2191
509,498,1007
258,1063,1321
819,853,1672
242,747,989
251,1048,1299
521,334,855
1223,939,2162
372,540,912
402,691,1093
638,2052,2690
835,689,1524
544,639,1183
702,1652,2354
635,458,1093
604,475,1079
651,328,979
978,1493,2471
829,313,1142
770,2084,2854
1074,902,1976
352,675,1027
712,933,1645
905,478,1383
686,1238,1924
466,450,916
438,503,941
688,1496,2184
447,581,1028
134,526,660
629,861,1490
782,442,1224
481,783,1264
112,616,728
1519,1001,2520
276,623,899
480,376,856
1377,672,2049
1938,990,2928
239,817,1056
933,1565,2498
678,1128,1806
488,1368,1856
480,239,719
585,1338,1923
388,1299,1687
423,1569,1992
687,811,1498
574,510,1084
588,1783,2371
526,367,893
956,826,1782
476,550,1026
619,941,1560
799,1364,2163
634,628,1262
414,1727,2141
585,488,1073
1129,693,1822
680,513,1193
897,574,1471
1930,812,2742
598,547,1145
814,967,1781
1357,632,1989
721,1261,1982
86,756,842
1470,382,1852
233,500,733
1113,450,1563
879,1057,1936
398,566,964
113,600,713
707,1036,1743
586,1204,1790
286,587,873
1261,649,1910
762,1154,1916
1293,654,1947
858,914,1772
425,558,983
115,899,1014
964,541,1505
438,611,1049
1314,1509,2823
884,822,1706
1111,644,1755
1526,1111,2637
702,1040,1742
811,586,1397
454,716,1170
426,520,946
640,528,1168
590,1409,1999
860,547,1407
295,978,1273
744,740,1484
973,430,1403
349,550,899
296,722,1018
525,700,1225
571,1427,1998
522,854,1376
413,932,1345
721,699,1420
387,557,944
375,556,931
372,1036,1408
315,653,968
1089,642,1731
744,772,1516
200,874,1074
890,651,1541
526,460,986
526,432,958
251,924,1175
428,653,1081
373,537,910
1183,835,2018
1344,666,2010
1582,1931,3513
426,659,1085
366,1850,2216
589,895,1484
372,1031,1403
457,1186,1643
728,1101,1829
696,547,1243
354,1001,1355
372,919,1291
765,1112,1877
267,1113,1380
579,1251,1830
381,966,1347
829,896,1725
330,1127,1457
585,1716,2301
554,870,1424
160,1644,1804
949,390,1339
864,985,1849
332,1011,1343
676,1454,2130
317,546,863
568,321,889
221,750,971
778,1119,1897
263,787,1050
588,1206,1794
1659,504,2163
396,601,997
288,814,1102
220,1987,2207
713,363,1076
1072,703,1775
805,354,1159
456,1412,1868
1646,696,2342
743,732,1475
700,502,1202
377,2109,2486
1455,472,1927
377,752,1129
527,708,1235
642,1225,1867
60,490,550
643,624,1267
995,429,1424
124,469,593
891,895,1786
939,528,1467
120,574,694
262,373,635
617,903,1520
781,488,1269
138,615,753
864,731,1595
1166,640,1806
1254,1366,2620
55,782,837
265,500,765
463,911,1374
800,885,1685
1190,589,1779
723,563,1286
97,827,924
1772,1093,2865
270,744,1014
245,600,845
484,328,812
248,859,1107
659,372,1031
356,300,656
317,523,840
1949,812,2761
259,672,931
770,797,1567
28,141,169
1258,925,2183
628,569,1197
502,531,1033
92,139,231
476,572,1048
566,903,1469
309,451,760
81,1154,1235
1063,431,1494
360,759,1119
551,605,1156
148,726,874
152,152,304
135,784,919
248,872,1120
577,280,857
320,1118,1438
311,663,974
617,467,1084
903,699,1602
198,1075,1273
694,310,1004
515,539,1054
454,826,1280
302,748,1050
679,302,981
215,332,547
642,576,1218
688,818,1506
236,1189,1425
211,530,741
371,934,1305
623,898,1521
371,811,1182
571,291,862
585,550,1135
912,550,1462
181,1003,1184
880,511,1391
134,591,725
789,836,1625
790,818,1608
146,470,616
1115,931,2046
728,448,1176
1115,434,1549
665,580,1245
833,744,1577
846,491,1337
505,558,1063
826,473,1299
304,1195,1499
404,454,858
499,3044,3543
746,619,1365
746,683,1429
692,4235,4927
403,411,814
317,1127,1444
274,671,945
643,4085,4728
368,1008,1376
498,1040,1538
1035,927,1962
939,570,1509
346,869,1215
429,1038,1467
725,1157,1882
102,466,568
712,710,1422
760,3852,4612
680,966,1646
76,665,741
3771,556,4327
409,887,1296
450,474,924
1045,495,1540
92,1037,1129
3769,497,4266
314,804,1118
249,700,949
285,914,1199
815,692,1507
499,1197,1696
245,1022,1267
722,541,1263
19,625,644
3775,516,4291
766,748,1514
423,903,1326
597,679,1276
814,1032,1846
300,499,799
356,706,1062
1119,354,1473
359,493,852
53,983,1036
221,1043,1264
274,1124,1398
991,376,1367
905,804,1709
306,1295,1601
420,490,910
309,622,931
468,443,911
431,1008,1439
220,963,1183
357,1534,1891
623,662,1285
445,378,823
597,1164,1761
1003,707,1710
613,1205,1818
671,1083,1754
457,437,894
590,952,1542
659,749,1408
1160,924,2084
336,1501,1837
774,790,1564
836,719,1555
1102,834,1936
373,1331,1704
1136,558,1694
195,533,728
1310,447,1757
891,693,1584
623,504,1127
847,650,1497
763,1044,1807
586,967,1553
1052,524,1576
831,802,1633
412,517,929
297,630,927
1401,415,1816
665,1004,1669
178,455,633
1004,604,1608
1262,426,1688
829,896,1725
689,491,1180
645,527,1172
496,348,844
116,741,857
728,636,1364
134,359,493
222,1065,1287
171,961,1132
692,596,1288
627,705,1332
502,563,1065
526,1270,1796
785,498,1283
458,848,1306
397,630,1027
754,471,1225
281,1278,1559
371,1205,1576
259,1208,1467
429,779,1208
755,777,1532
339,276,615
539,673,1212
556,1582,2138
321,794,1115
298,884,1182
1060,1264,2324
647,890,1537
889,646,1535
978,1639,2617
772,1154,1926
652,1438,2090
1069,1279,2348
664,576,1240
311,735,1046
717,808,1525
1134,789,1923
350,798,1148
1107,819,1926
584,1487,2071
253,634,887
431,1173,1604
642,801,1443
1252,310,1562
383,1396,1779
679,604,1283
817,435,1252
1167,611,1778
384,626,1010
39,1145,1184
865,813,1678
758,808,1566
463,1367,1830
688,1089,1777
596,435,1031
1211,728,1939
631,439,1070
443,1139,1582
1341,685,2026
780,752,1532
213,1324,1537
397,1101,1498
523,541,1064
443,394,837
962,654,1616
105,565,670
736,822,1558
584,859,1443
1130,562,1692
746,919,1665
587,426,1013
1246,655,1901
486,496,982
593,958,1551
556,469,1025
649,756,1405
287,764,1051
873,576,1449
1166,537,1703
249,651,900
641,1223,1864
971,667,1638
455,490,945
566,671,1237
310,572,882
551,2677,3228
1069,693,1762
477,533,1010
696,698,1394
298,649,947
678,2664,3342
615,283,898
358,1021,1379
366,334,700
425,1062,1487
446,797,1243
508,527,1035
545,943,1488
416,704,1120
416,2581,2997
794,586,1380
383,431,814
496,981,1477
646,593,1239
252,709,961
350,652,1002
572,870,1442
2649,717,3366
907,891,1798
505,518,1023
2609,659,3268
667,1140,1807
102,755,857
330,862,1192
356,902,1258
551,353,904
1013,1170,2183
176,3280,3456
626,593,1219
2639,652,3291
118,745,863
747,737,1484
532,964,1496
795,2063,2858
207,3294,3501
943,745,1688
1081,1947,3028
558,624,1182
631,889,1520
1125,1647,2772
302,895,1197
280,709,989
359,967,1326
273,3478,3751
787,878,1665
862,1182,2044
338,799,1137
783,990,1773
411,1065,1476
2006,488,2494
540,1527,2067
301,716,1017
680,1090,1770
51,1246,1297
3137,681,3818
688,1108,1796
757,872,1629
521,1277,1798
1779,580,2359
341,1575,1916
896,1409,2305
541,852,1393
198,1391,1589
3190,904,4094
938,593,1531
822,1011,1833
362,1156,1518
1382,734,2116
540,1002,1542
569,1541,2110
623,1153,1776
429,796,1225
747,1488,2235
1170,656,1826
606,1162,1768
229,805,1034
541,1891,2432
885,472,1357
1368,928,2296
644,468,1112
447,1173,1620
285,615,900
724,1281,2005
1150,880,2030
578,987,1565
3334,969,4303
426,700,1126
944,334,1278
1369,774,2143
699,813,1512
609,590,1199
879,1228,2107
888,1207,2095
1241,862,2103
1164,1440,2604
820,801,1621
1231,754,1985
462,1081,1543
1012,964,1976
1396,927,2323
314,703,1017
295,1050,1345
1153,774,1927
645,916,1561
590,605,1195
384,1036,1420
479,812,1291
279,1191,1470
152,624,776
530,809,1339
685,657,1342
406,417,823
756,626,1382
574,372,946
966,495,1461
617,470,1087
830,1610,2440
677,406,1083
569,1116,1685
652,488,1140
633,1630,2263
738,1346,2084
711,160,871
292,1454,1746
1003,782,1785
1577,1389,2966
581,1997,2578
783,1110,1893
85,161,246
281,1392,1673
891,859,1750
976,1486,2462
598,1796,2394
100,166,266
792,1222,2014
790,1832,2622
472,923,1395
904,1619,2523
151,190,341
842,1029,1871
1140,1374,2514
734,163,897
516,1118,1634
538,1151,1689
1216,1013,2229
1292,1347,2639
1303,1000,2303
62,593,655
455,962,1417
1897,356,2253
1081,340,1421
1659,423,2082
191,334,525
1848,386,2234
108,598,706
1076,471,1547
936,1512,2448
1197,688,1885
240,1860,2100
413,734,1147
391,630,1021
1106,413,1519
172,700,872
1533,774,2307
1185,271,1456
639,566,1205
1539,824,2363
1340,835,2175
92,516,608
84,402,486
977,1343,2320
31,535,566
153,934,1087
53,467,520
724,509,1233
1521,1218,2739
248,335,583
253,793,1046
178,380,558
1605,878,2483
1198,615,1813
489,888,1377
20,611,631
43,746,789
341,588,929
282,330,612
512,986,1498
217,486,703
358,608,966
1695,782,2477
1198,1150,2348
46,717,763
389,672,1061
112,578,690
637,1575,2212
65,670,735
235,498,733
177,666,843
282,525,807
349,550,899
384,941,1325
279,834,1113
175,705,880
439,1401,1840
384,1039,1423
1009,1422,2431
524,278,802
214,1120,1334
733,759,1492
718,1051,1769
541,990,1531
282,1157,1439
878,1286,2164
823,1677,2500
413,950,1363
221,457,678
872,1111,1983
770,385,1155
307,1039,1346
303,581,884
323,853,1176
641,1021,1662
364,1023,1387
518,819,1337
1111,778,1889
879,487,1366
687,173,860
736,970,1706
246,601,847
957,2008,2965
758,641,1399
1169,907,2076
641,1167,1808
731,1131,1862
705,575,1280
621,676,1297
738,779,1517
719,1057,1776
749,583,1332
116,2228,2344
974,793,1767
804,624,1428
425,441,866
937,602,1539
581,824,1405
749,717,1466
606,547,1153
1354,1102,2456
703,648,1351
335,506,841
497,946,1443
1724,835,2559
436,291,727
765,718,1483
60,897,957
815,569,1384
1011,708,1719
492,675,1167
536,573,1109
977,566,1543
1978,557,2535
540,700,1240
489,833,1322
567,734,1301
815,666,1481
82,962,1044
492,571,1063
835,654,1489
692,537,1229
449,427,876
581,679,1260
366,1144,1510
730,859,1589
724,544,1268
309,1233,1542
902,582,1484
257,800,1057
902,1246,2148
547,423,970
456,688,1144
375,1140,1515
828,822,1650
410,1389,1799
347,1251,1598
457,1269,1726
766,777,1543
297,859,1156
454,416,870
519,576,1095
859,948,1807
431,435,866
1083,335,1418
1236,393,1629
652,1028,1680
800,1003,1803
1082,548,1630
788,1106,1894
549,721,1270
467,575,1042
472,541,1013
1087,425,1512
583,1023,1606
208,785,993
618,1147,1765
964,315,1279
410,487,897
1166,702,1868
256,1162,1418
437,939,1376
956,449,1405
965,425,1390
1049,927,1976
611,918,1529
255,1295,1550
176,525,701
738,567,1305
936,717,1653
564,1028,1592
757,948,1705
107,557,664
135,449,584
1223,921,2144
749,941,1690
112,640,752
700,658,1358
1005,855,1860
928,581,1509
981,548,1529
569,953,1522
49,451,500
147,665,812
843,756,1599
169,859,1028
127,662,789
446,727,1173
463,600,1063
357,774,1131
313,730,1043
1178,634,1812
146,712,858
516,726,1242
110,1082,1192
535,603,1138
548,639,1187
1004,810,1814
402,878,1280
545,519,1064
662,668,1330
397,634,1031
331,712,1043
526,770,1296
723,560,1283
255,504,759
547,924,1471
780,378,1158
743,520,1263
655,1014,1669
666,501,1167
522,672,1194
1059,264,1323
323,628,951
50,617,667
396,596,992
637,331,968
391,1064,1455
278,674,952
189,757,946
493,492,985
298,630,928
580,623,1203
397,638,1035
552,591,1143
412,726,1138
162,1117,1279
359,777,1136
64,345,409
748,709,1457
385,898,1283
548,707,1255
576,624,1200
493,650,1143
64,933,997
247,572,819
58,542,600
569,886,1455
458,895,1353
351,492,843
395,421,816
557,1641,2198
284,615,899
517,352,869
322,2101,2423
324,707,1031
693,888,1581
1047,442,1489
449,457,906
254,1246,1500
454,593,1047
192,475,667
195,585,780
399,360,759
434,2170,2604
288,899,1187
628,591,1219
471,607,1078
465,1735,2200
608,1225,1833
495,478,973
756,1463,2219
185,956,1141
250,897,1147
1026,1169,2195
572,709,1281
670,658,1328
548,643,1191
330,670,1000
325,1101,1426
765,1986,2751
476,1000,1476
1574,685,2259
790,780,1570
163,844,1007
382,661,1043
218,843,1061
378,1266,1644
551,950,1501
390,784,1174
397,839,1236
792,798,1590
738,795,1533
495,537,1032
830,809,1639
1398,365,1763
878,170,1048
352,836,1188
525,766,1291
508,959,1467
2007,1057,3064
724,622,1346
1345,425,1770
1660,1411,3071
563,840,1403
824,790,1614
792,658,1450
1868,1269,3137
287,1264,1551
1036,503,1539
805,647,1452
939,846,1785
369,2227,2596
771,520,1291
978,852,1830
705,662,1367
608,529,1137
680,168,848
384,664,1048
934,509,1443
1300,329,1629
646,578,1224
1055,1593,2648
664,418,1082
292,325,617
312,683,995
691,829,1520
993,523,1516
1121,456,1577
98,590,688
1148,1459,2607
724,884,1608
720,538,1258
525,584,1109
366,462,828
107,746,853
2157,619,2776
283,521,804
223,2340,2563
547,618,1165
844,944,1788
1302,762,2064
400,915,1315
332,622,954
438,459,897
134,1145,1279
518,703,1221
489,658,1147
154,444,598
469,1201,1670
659,1193,1852
325,581,906
605,688,1293
246,2343,2589
248,640,888
309,617,926
380,911,1291
799,1504,2303
413,515,928
445,790,1235
873,533,1406
368,2540,2908
783,698,1481
1312,908,2220
645,1184,1829
308,417,725
2184,1049,3233
225,906,1131
411,1603,2014
454,1026,1480
492,702,1194
557,1264,1821
319,1587,1906
422,1168,1590
2250,1065,3315
235,1099,1334
512,821,1333
1032,1055,2087
430,993,1423
622,1686,2308
431,726,1157
91,1630,1721
452,1114,1566
2364,862,3226
484,1040,1524
412,858,1270
886,1008,1894
861,666,1527
689,847,1536
1079,1710,2789
1022,577,1599
259,573,832
504,962,1466
259,1224,1483
488,1402,1890
534,1290,1824
206,1809,2015
287,793,1080
571,665,1236
1048,727,1775
458,710,1168
433,636,1069
1202,1396,2598
439,1636,2075
1532,828,2360
1283,1314,2597
609,494,1103
1528,657,2185
611,1411,2022
407,593,1000
594,636,1230
331,700,1031
870,1528,2398
613,704,1317
577,718,1295
1601,812,2413
631,990,1621
662,553,1215
722,493,1215
209,637,846
1342,1019,2361
1107,1111,2218
708,766,1474
185,711,896
1011,749,1760
723,1001,1724
756,981,1737
403,640,1043
244,753,997
1209,637,1846
405,679,1084
470,679,1149
526,526,1052
1196,1026,2222
1481,515,1996
545,670,1215
1632,1219,2851
410,788,1198
1221,626,1847
228,517,745
521,523,1044
833,532,1365
352,969,1321
443,871,1314
623,720,1343
216,520,736
220,613,833
176,982,1158
272,500,772
363,433,796
425,435,860
235,624,859
534,828,1362
338,568,906
481,400,881
690,758,1448
872,501,1373
430,469,899
438,387,825
502,744,1246
949,621,1570
560,724,1284
286,582,868
857,872,1729
25,413,438
909,255,1164
886,184,1070
397,528,925
637,512,1149
447,999,1446
1235,1459,2694
516,596,1112
756,689,1445
66,696,762
845,764,1609
58,369,427
489,869,1358
52,658,710
626,741,1367
1122,1884,3006
853,803,1656
363,509,872
115,849,964
17,791,808
51,947,998
729,827,1556
76,305,381
204,740,944
562,1955,2517
109,530,639
305,842,1147
1197,1514,2711
319,713,1032
44,979,1023
148,734,882
439,687,1126
37,934,971
159,823,982
518,733,1251
364,799,1163
609,590,1199
315,845,1160
533,777,1310
209,871,1080
575,719,1294
537,694,1231
543,649,1192
648,702,1350
229,1041,1270
653,830,1483
421,735,1156
362,720,1082
853,693,1546
665,625,1290
727,708,1435
790,577,1367
569,644,1213
748,489,1237
1682,707,2389
587,840,1427
741,646,1387
630,744,1374
609,699,1308
802,962,1764
521,916,1437
560,740,1300
573,475,1048
400,1233,1633
485,898,1383
642,638,1280
528,541,1069
436,586,1022
1779,1087,2866
965,449,1414
787,607,1394
589,863,1452
508,830,1338
442,1051,1493
632,685,1317
284,550,834
635,2423,3058
763,765,1528
787,572,1359
1140,1404,2544
575,1039,1614
543,710,1253
393,1171,1564
791,1050,1841
577,529,1106
63,2646,2709
538,1005,1543
517,672,1189
811,980,1791
470,1550,2020
548,781,1329
441,846,1287
694,680,1374
26,706,732
491,1054,1545
445,1120,1565
101,836,937
607,833,1440
535,870,1405
37,2812,2849
566,851,1417
402,573,975
984,1095,2079
714,637,1351
272,2859,3131
645,376,1021
1240,843,2083
862,613,1475
748,278,1026
991,717,1708
1056,552,1608
414,776,1190
2463,732,3195
673,1596,2269
988,582,1570
790,387,1177
1469,695,2164
838,1591,2429
403,327,730
620,750,1370
2706,664,3370
603,847,1450
197,470,667
863,669,1532
578,1562,2140
493,594,1087
580,863,1443
554,693,1247
1048,944,1992
452,410,862
258,388,646
781,535,1316
2743,477,3220
1409,655,2064
823,829,1652
510,711,1221
542,579,1121
705,1150,1855
791,1006,1797
38,575,613
418,1848,2266
554,702,1256
285,789,1074
1423,534,1957
288,1747,2035
602,522,1124
504,1691,2195
755,582,1337
526,893,1419
191,567,758
426,606,1032
705,1524,2229
561,826,1387
690,720,1410
332,737,1069
607,704,1311
768,701,1469
236,822,1058
302,1090,1392
1678,385,2063
482,693,1175
950,543,1493
555,643,1198
286,1003,1289
696,995,1691
452,802,1254
202,1165,1367
746,1060,1806
1632,411,2043
468,1080,1548
681,693,1374
220,791,1011
608,834,1442
1451,596,2047
634,1230,1864
1478,653,2131
273,913,1186
338,831,1169
251,762,1013
624,568,1192
518,690,1208
738,503,1241
635,720,1355
214,727,941
603,730,1333
735,681,1416
754,591,1345
648,830,1478
662,1703,2365
814,591,1405
391,676,1067
915,611,1526
309,555,864
496,641,1137
695,562,1257
578,602,1180
418,1377,1795
703,820,1523
830,1661,2491
177,1700,1877
599,657,1256
648,629,1277
357,827,1184
678,559,1237
197,726,923
488,846,1334
370,618,988
1084,1638,2722
161,870,1031
412,586,998
314,633,947
769,857,1626
682,454,1136
612,852,1464
355,608,963
944,617,1561
318,1583,1901
1290,870,2160
563,500,1063
333,474,807
558,578,1136
822,1018,1840
761,539,1300
495,567,1062
430,803,1233
667,481,1148
1209,1057,2266
525,535,1060
315,490,805
444,786,1230
1596,870,2466
207,1235,1442
477,1047,1524
526,650,1176
588,815,1403
456,1181,1637
312,998,1310
443,254,697
1575,832,2407
465,1169,1634
1481,854,2335
331,546,877
540,889,1429
918,691,1609
240,1478,1718
708,674,1382
428,378,806
630,1004,1634
1419,1105,2524
702,1128,1830
434,907,1341
470,1153,1623
466,695,1161
762,1185,1947
491,1126,1617
549,1107,1656
654,485,1139
821,1089,1910
777,593,1370
694,1109,1803
446,818,1264
740,927,1667
993,702,1695
868,820,1688
609,791,1400
141,588,729
1176,927,2103
687,809,1496
954,868,1822
749,680,1429
914,1009,1923
951,836,1787
832,801,1633
290,656,946
328,598,926
1006,719,1725
728,692,1420
444,1639,2083
1018,859,1877
1076,669,1745
162,978,1140
816,778,1594
1031,672,1703
628,692,1320
152,845,997
1229,737,1966
1101,440,1541
1097,1874,2971
1055,794,1849
1125,749,1874
517,615,1132
303,916,1219
515,803,1318
398,1032,1430
563,899,1462
641,896,1537
647,830,1477
1367,1900,3267
884,631,1515
429,598,1027
759,1199,1958
469,1218,1687
168,759,927
684,308,992
589,1200,1789
420,1270,1690
604,1168,1772
338,690,1028
378,695,1073
428,1046,1474
67,1176,1243
676,403,1079
704,308,1012
603,1229,1832
654,1193,1847
998,944,1942
645,390,1035
1514,1610,3124
471,362,833
622,1318,1940
545,665,1210
516,267,783
670,491,1161
246,366,612
328,1016,1344
321,1012,1333
942,350,1292
537,601,1138
566,828,1394
467,998,1465
115,1100,1215
246,262,508
1805,1062,2867
600,1762,2362
64,1255,1319
514,282,796
524,610,1134
977,538,1515
856,530,1386
117,296,413
969,408,1377
1547,890,2437
920,626,1546
977,816,1793
428,1148,1576
91,307,398
412,706,1118
250,1455,1705
774,469,1243
945,995,1940
673,567,1240
1016,856,1872
824,988,1812
22,344,366
1090,628,1718
102,318,420
149,524,673
1157,751,1908
1118,513,1631
171,1589,1760
981,852,1833
65,345,410
147,379,526
364,349,713
1367,507,1874
591,1062,1653
101,780,881
957,725,1682
135,537,672
118,1054,1172
701,351,1052
253,782,1035
224,652,876
598,560,1158
32,351,383
494,711,1205
68,1063,1131
135,368,503
286,800,1086
490,582,1072
360,590,950
123,1238,1361
60,604,664
641,631,1272
874,359,1233
308,1119,1427
593,613,1206
548,779,1327
489,433,922
184,559,743
403,1033,1436
76,680,756
513,362,875
133,464,597
368,464,832
494,1794,2288
171,653,824
559,349,908
512,364,876
1218,244,1462
23,584,607
579,451,1030
469,391,860
1506,1539,3045
61,855,916
666,363,1029
772,510,1282
281,811,1092
43,834,877
432,401,833
793,300,1093
426,787,1213
66,1352,1418
427,815,1242
251,1204,1455
1497,1811,3308
244,869,1113
788,580,1368
684,836,1520
775,491,1266
810,673,1483
147,591,738
103,395,498
1628,1550,3178
481,935,1416
925,439,1364
1243,358,1601
207,556,763
109,659,768
966,942,1908
35,738,773
315,549,864
1292,673,1965
48,749,797
623,415,1038
118,762,880
909,434,1343
739,857,1596
84,336,420
399,516,915
1390,454,1844
325,941,1266
106,1143,1249
108,731,839
766,511,1277
156,1075,1231
625,676,1301
199,585,784
390,388,778
1000,1667,2667
799,560,1359
164,1075,1239
384,453,837
760,319,1079
642,488,1130
303,612,915
374,619,993
484,918,1402
612,319,931
373,615,988
535,355,890
1068,348,1416
557,1696,2253
104,640,744
694,711,1405
367,736,1103
691,513,1204
107,1591,1698
429,246,675
550,1055,1605
341,364,705
781,474,1255
83,1904,1987
123,1107,1230
560,781,1341
465,627,1092
179,1227,1406
242,1489,1731
74,363,437
749,1010,1759
463,398,861
925,497,1422
1230,920,2150
187,1310,1497
246,714,960
1584,737,2321
345,1209,1554
546,1342,1888
106,482,588
388,1110,1498
132,508,640
1301,657,1958
332,644,976
546,648,1194
1871,561,2432
359,1466,1825
700,779,1479
159,800,959
902,612,1514
178,827,1005
818,405,1223
533,939,1472
64,616,680
649,503,1152
1230,748,1978
1343,661,2004
671,462,1133
578,574,1152
959,784,1743
180,414,594
450,862,1312
300,998,1298
792,1620,2412
968,826,1794
475,1036,1511
1375,712,2087
128,582,710
872,1018,1890
608,948,1556
707,749,1456
126,606,732
1089,1355,2444
1302,703,2005
256,717,973
183,726,909
278,411,689
634,425,1059
126,521,647
289,690,979
1266,1282,2548
330,760,1090
448,715,1163
180,987,1167
265,913,1178
267,814,1081
930,310,1240
1140,956,2096
316,820,1136
737,1297,2034
476,645,1121
302,726,1028
551,716,1267
697,638,1335
493,772,1265
326,891,1217
649,777,1426
273,1186,1459
744,370,1114
912,651,1563
336,850,1186
616,651,1267
917,409,1326
590,715,1305
721,730,1451
304,1013,1317
554,1051,1605
634,367,1001
961,713,1674
773,975,1748
389,1206,1595
1092,743,1835
354,702,1056
576,804,1380
840,626,1466
333,648,981
396,456,852
59,964,1023
763,871,1634
568,484,1052
119,607,726
299,797,1096
607,899,1506
788,885,1673
833,820,1653
868,827,1695
435,1074,1509
596,453,1049
1002,635,1637
426,334,760
546,1707,2253
1047,563,1610
513,705,1218
668,911,1579
814,1034,1848
144,616,760
710,798,1508
631,528,1159
447,861,1308
1034,840,1874
662,1475,2137
584,576,1160
674,764,1438
505,1052,1557
377,575,952
961,853,1814
739,453,1192
873,622,1495
287,986,1273
969,1214,2183
552,246,798
495,444,939
474,713,1187
571,680,1251
530,256,786
651,654,1305
766,977,1743
1590,533,2123
137,777,914
814,582,1396
364,586,950
697,566,1263
275,733,1008
219,371,590
509,1018,1527
168,849,1017
620,468,1088
636,872,1508
724,328,1052
405,671,1076
1343,584,1927
504,684,1188
658,520,1178
353,1297,1650
560,686,1246
474,253,727
341,782,1123
652,416,1068
1310,355,1665
789,452,1241
588,1087,1675
318,472,790
874,304,1178
769,352,1121
791,987,1778
513,392,905
1007,448,1455
170,332,502
856,471,1327
912,224,1136
396,390,786
579,650,1229
218,446,664
644,818,1462
882,922,1804
266,1376,1642
820,501,1321
206,333,539
175,325,500
896,207,1103
145,603,748
820,644,1464
328,373,701
280,625,905
971,1045,2016
853,1204,2057
814,638,1452
211,444,655
245,534,779
726,789,1515
158,614,772
187,748,935
399,478,877
132,1017,1149
961,910,1871
739,1129,1868
190,885,1075
1855,432,2287
266,706,972
348,590,938
130,545,675
226,646,872
100,1257,1357
591,701,1292
468,1006,1474
349,519,868
263,1385,1648
322,745,1067
333,603,936
194,530,724
366,1044,1410
616,915,1531
1225,324,1549
414,1256,1670
570,1417,1987
93,1191,1284
954,1319,2273
134,1524,1658
501,1563,2064
491,1559,2050
575,1492,2067
306,1380,1686
425,1299,1724
259,803,1062
658,1599,2257
1433,343,1776
270,1751,2021
669,1698,2367
399,1025,1424
1120,1159,2279
239,1642,1881
445,1671,2116
505,1294,1799
765,1634,2399
895,841,1736
847,308,1155
658,1571,2229
486,997,1483
1507,456,1963
1416,511,1927
299,1987,2286
412,1900,2312
871,1412,2283
1267,567,1834
387,2082,2469
1413,629,2042
227,1913,2140
1030,1219,2249
1887,217,2104
660,998,1658
1491,227,1718
1671,446,2117
1669,844,2513
1153,396,1549
1759,425,2184
863,582,1445
1105,727,1832
1194,604,1798
800,229,1029
472,936,1408
1319,365,1684
1974,370,2344
1503,605,2108
996,742,1738
1679,306,1985
1199,1010,2209
760,465,1225
789,1377,2166
166,255,421
101,1186,1287
2031,628,2659
1928,895,2823
791,924,1715
784,491,1275
183,1234,1417
1382,398,1780
149,498,647
202,433,635
171,1193,1364
130,753,883
218,662,880
806,706,1512
174,672,846
695,1124,1819
767,988,1755
757,688,1445
1697,922,2619
53,622,675
932,684,1616
27,598,625
1350,1192,2542
207,802,1009
204,798,1002
908,1108,2016
467,1415,1882
84,994,1078
180,532,712
80,818,898
1092,668,1760
590,624,1214
75,786,861
391,773,1164
667,710,1377
1064,908,1972
541,1441,1982
438,601,1039
282,751,1033
267,762,1029
640,721,1361
502,714,1216
244,767,1011
282,906,1188
454,560,1014
440,665,1105
818,712,1530
495,592,1087
519,704,1223
1136,327,1463
560,724,1284
865,1185,2050
466,886,1352
772,626,1398
975,444,1419
1110,989,2099
659,734,1393
852,422,1274
1310,844,2154
677,1109,1786
987,764,1751
663,1117,1780
891,885,1776
503,1003,1506
660,671,1331
872,366,1238
1090,733,1823
890,989,1879
803,945,1748
1049,329,1378
702,865,1567
910,1313,2223
832,643,1475
384,359,743
750,800,1550
1058,496,1554
711,963,1674
916,808,1724
567,449,1016
585,511,1096
934,423,1357
790,1259,2049
118,710,828
389,417,806
919,1043,1962
946,1212,2158
676,1064,1740
1148,638,1786
880,1189,2069
567,470,1037
305,753,1058
138,646,784
313,789,1102
142,1251,1393
461,890,1351
268,1105,1373
534,837,1371
267,712,979
511,701,1212
490,464,954
369,854,1223
707,776,1483
1188,136,1324
502,764,1266
114,697,811
705,680,1385
82,734,816
294,977,1271
539,769,1308
854,1250,2104
51,792,843
637,225,862
659,686,1345
88,770,858
815,1773,2588
637,1111,1748
237,606,843
196,1095,1291
1251,652,1903
718,1153,1871
298,592,890
437,549,986
93,1775,1868
907,149,1056
966,209,1175
223,657,880
999,855,1854
785,1274,2059
936,1068,2004
1244,561,1805
604,428,1032
999,198,1197
1025,1113,2138
1678,398,2076
109,805,914
1137,123,1260
1843,326,2169
346,1127,1473
474,519,993
643,677,1320
1326,185,1511
1049,496,1545
312,1371,1683
924,594,1518
1122,472,1594
1170,478,1648
1201,446,1647
1117,629,1746
73,450,523
1132,581,1713
1195,526,1721
1370,655,2025
63,478,541
174,548,722
56,703,759
39,481,520
190,593,783
140,558,698
972,1035,2007
48,525,573
1015,1281,2296
53,636,689
1632,804,2436
34,605,639
80,731,811
64,938,1002
243,471,714
289,536,825
285,629,914
1183,1302,2485
332,521,853
108,584,692
1126,1411,2537
118,624,742
41,936,977
66,1119,1185
350,582,932
301,530,831
229,879,1108
311,845,1156
486,604,1090
1558,1028,2586
286,769,1055
980,1500,2480
305,422,727
372,488,860
312,855,1167
697,443,1140
355,830,1185
465,462,927
49,1128,1177
303,862,1165
1109,1670,2779
315,433,748
162,764,926
517,913,1430
712,655,1367
262,739,1001
426,824,1250
576,868,1444
303,755,1058
490,495,985
434,877,1311
532,768,1300
663,359,1022
610,572,1182
1069,894,1963
81,1124,1205
373,751,1124
877,636,1513
1101,1072,2173
194,1155,1349
677,654,1331
585,310,895
907,508,1415
284,678,962
321,1096,1417
565,1499,2064
1081,806,1887
543,659,1202
1296,799,2095
420,1276,1696
641,469,1110
3631,205,3836
814,1277,2091
798,1149,1947
250,1021,1271
159,1179,1338
70,496,566
470,896,1366
687,1364,2051
784,1133,1917
361,1013,1374
205,1195,1400
133,543,676
511,904,1415
550,1068,1618
815,529,1344
1109,397,1506
546,968,1514
273,957,1230
36,1609,1645
1047,363,1410
361,1429,1790
696,1867,2563
93,1349,1442
943,1007,1950
917,532,1449
1039,1202,2241
1105,669,1774
1113,355,1468
435,1402,1837
972,1386,2358
320,1192,1512
622,1262,1884
1003,418,1421
1063,1457,2520
1138,752,1890
977,663,1640
386,1304,1690
1492,580,2072
194,716,910
844,398,1242
1055,691,1746
411,492,903
85,571,656
947,816,1763
1206,796,2002
1531,267,1798
986,642,1628
474,839,1313
674,1460,2134
1298,305,1603
263,503,766
138,609,747
1150,681,1831
633,675,1308
1439,520,1959
1269,517,1786
475,1100,1575
640,452,1092
1354,319,1673
1482,518,2000
288,670,958
162,459,621
1810,751,2561
1068,1588,2656
544,621,1165
330,665,995
595,644,1239
1400,1094,2494
590,1121,1711
589,733,1322
709,723,1432
421,687,1108
182,481,663
693,741,1434
576,627,1203
223,786,1009
560,968,1528
350,756,1106
214,701,915
295,739,1034
916,777,1693
525,607,1132
343,291,634
215,910,1125
1067,682,1749
599,953,1552
366,891,1257
379,741,1120
894,1919,2813
377,612,989
561,773,1334
376,788,1164
704,345,1049
295,1041,1336
793,437,1230
1420,931,2351
745,568,1313
609,632,1241
452,584,1036
942,2100,3042
275,960,1235
763,351,1114
836,621,1457
640,843,1483
685,847,1532
363,1638,2001
653,1039,1692
112,2551,2663
617,764,1381
672,610,1282
624,829,1453
1439,1242,2681
521,828,1349
335,1378,1713
185,755,940
1957,774,2731
278,670,948
154,761,915
703,1252,1955
638,345,983
871,1191,2062
45,957,1002
2513,267,2780
802,340,1142
690,854,1544
104,579,683
561,495,1056
293,461,754
412,1256,1668
244,650,894
895,1531,2426
249,1017,1266
827,1295,2122
413,1322,1735
1309,1000,2309
623,780,1403
194,1741,1935
1265,719,1984
97,476,573
678,1660,2338
1017,662,1679
146,655,801
487,605,1092
834,752,1586
375,561,936
462,428,890
871,1805,2676
804,1470,2274
937,1753,2690
796,656,1452
132,1369,1501
320,931,1251
1208,573,1781
527,761,1288
337,438,775
472,1616,2088
984,628,1612
1685,850,2535
956,1807,2763
1178,546,1724
611,576,1187
242,786,1028
588,482,1070
519,984,1503
664,723,1387
645,390,1035
1403,483,1886
1816,509,2325
521,689,1210
1060,898,1958
245,294,539
477,701,1178
536,525,1061
312,1006,1318
492,797,1289
796,852,1648
1396,563,1959
1617,577,2194
366,1276,1642
1137,1018,2155
749,802,1551
720,613,1333
451,1211,1662
646,913,1559
71,582,653
220,766,986
767,869,1636
226,293,519
1531,766,2297
301,691,992
530,1075,1605
915,214,1129
550,773,1323
974,803,1777
158,828,986
602,1185,1787
892,215,1107
509,487,996
233,884,1117
458,748,1206
282,819,1101
1598,778,2376
630,1266,1896
502,523,1025
367,634,1001
487,861,1348
53,562,615
347,723,1070
689,514,1203
417,1076,1493
464,814,1278
281,1154,1435
256,617,873
1081,306,1387
745,929,1674
372,594,966
69,883,952
656,783,1439
353,675,1028
464,1195,1659
437,1175,1612
431,1088,1519
336,732,1068
45,437,482
1005,701,1706
506,645,1151
355,781,1136
454,778,1232
608,580,1188
647,1072,1719
549,860,1409
772,1062,1834
555,695,1250
47,565,612
686,707,1393
656,731,1387
996,784,1780
558,905,1463
231,761,992
768,927,1695
242,636,878
342,790,1132
400,634,1034
84,754,838
406,560,966
19,790,809
734,833,1567
306,1277,1583
214,747,961
982,734,1716
397,669,1066
357,973,1330
556,478,1034
269,764,1033
595,799,1394
528,806,1334
441,834,1275
792,533,1325
467,654,1121
651,628,1279
823,1160,1983
417,737,1154
608,656,1264
694,639,1333
981,942,1923
597,707,1304
207,942,1149
329,557,886
678,870,1548
333,617,950
647,1071,1718
560,1012,1572
697,306,1003
427,587,1014
591,1198,1789
552,924,1476
412,1279,1691
715,584,1299
371,828,1199
859,1090,1949
770,476,1246
643,1209,1852
592,476,1068
401,986,1387
192,1184,1376
827,986,1813
506,693,1199
691,759,1450
1165,742,1907
775,396,1171
615,1317,1932
525,582,1107
461,689,1150
405,1108,1513
859,1187,2046
518,652,1170
680,547,1227
1064,654,1718
933,733,1666
40,688,728
666,1280,1946
917,730,1647
337,465,802
857,810,1667
399,1558,1957
211,593,804
102,497,599
936,828,1764
814,1173,1987
695,616,1311
157,863,1020
380,476,856
1213,583,1796
906,871,1777
263,753,1016
364,617,981
1003,637,1640
784,1021,1805
549,804,1353
302,760,1062
643,374,1017
1127,585,1712
983,614,1597
438,803,1241
636,583,1219
27,639,666
1165,1305,2470
44,806,850
663,1262,1925
544,716,1260
215,707,922
549,1047,1596
670,876,1546
320,773,1093
53,1065,1118
280,1421,1701
317,804,1121
81,683,764
329,831,1160
362,824,1186
396,590,986
225,887,1112
557,664,1221
923,1246,2169
348,794,1142
1424,471,1895
639,1440,2079
545,375,920
18,796,814
716,546,1262
597,586,1183
753,520,1273
914,502,1416
754,567,1321
639,718,1357
796,683,1479
613,350,963
316,1400,1716
509,1353,1862
610,691,1301
954,1225,2179
469,697,1166
1116,1258,2374
695,653,1348
631,609,1240
912,1585,2497
898,231,1129
367,1641,2008
391,600,991
770,1512,2282
808,920,1728
517,876,1393
977,992,1969
671,563,1234
1240,743,1983
222,807,1029
28,358,386
691,1482,2173
551,486,1037
363,1744,2107
1154,902,2056
169,880,1049
669,784,1453
326,729,1055
410,1407,1817
449,623,1072
423,733,1156
485,719,1204
603,576,1179
646,478,1124
1162,453,1615
56,484,540
493,541,1034
289,378,667
922,896,1818
51,748,799
90,715,805
543,1656,2199
315,828,1143
1317,909,2226
1297,743,2040
1197,1128,2325
1265,909,2174
466,459,925
105,841,946
753,423,1176
461,902,1363
1567,1115,2682
254,843,1097
1489,922,2411
826,749,1575
1448,1112,2560
498,909,1407
231,1058,1289
868,757,1625
560,865,1425
744,628,1372
391,1096,1487
1529,964,2493
62,579,641
620,1051,1671
588,881,1469
737,323,1060
74,774,848
634,961,1595
438,583,1021
68,879,947
994,555,1549
226,641,867
659,433,1092
423,460,883
480,880,1360
272,779,1051
686,438,1124
41,997,1038
599,436,1035
437,273,710
463,712,1175
749,750,1499
47,278,325
637,706,1343
431,668,1099
1045,497,1542
434,627,1061
266,624,890
649,574,1223
410,718,1128
578,929,1507
593,896,1489
97,288,385
57,1235,1292
574,604,1178
635,860,1495
97,1495,1592
599,539,1138
457,1034,1491
724,812,1536
707,875,1582
144,419,563
488,464,952
540,1359,1899
646,1041,1687
192,583,775
802,852,1654
630,555,1185
271,990,1261
399,876,1275
849,570,1419
667,1036,1703
305,578,883
61,1953,2014
34,1099,1133
357,798,1155
1121,718,1839
410,554,964
569,870,1439
1435,697,2132
371,1279,1650
131,571,702
925,861,1786
709,691,1400
767,552,1319
735,582,1317
396,745,1141
261,944,1205
389,783,1172
793,1004,1797
335,855,1190
773,717,1490
594,591,1185
676,986,1662
507,829,1336
457,851,1308
538,434,972
479,776,1255
497,2166,2663
622,946,1568
438,1077,1515
713,717,1430
1109,1859,2968
516,884,1400
605,458,1063
466,877,1343
529,966,1495
752,674,1426
1095,606,1701
735,1435,2170
725,835,1560
769,1472,2241
417,876,1293
531,1037,1568
1779,1240,3019
334,767,1101
886,1122,2008
483,1394,1877
755,934,1689
506,1458,1964
685,806,1491
882,976,1858
802,1134,1936
845,1130,1975
1563,1371,2934
702,903,1605
571,1300,1871
741,872,1613
547,963,1510
1325,556,1881
327,839,1166
1278,486,1764
1583,907,2490
901,464,1365
526,1203,1729
710,644,1354
1022,976,1998
638,783,1421
1008,443,1451
1033,408,1441
840,624,1464
1037,957,1994
589,1232,1821
1031,852,1883
796,649,1445
862,1979,2841
1249,620,1869
663,1667,2330
685,589,1274
607,650,1257
659,671,1330
1118,809,1927
1305,900,2205
764,769,1533
871,1761,2632
847,499,1346
1112,754,1866
745,609,1354
706,1626,2332
613,363,976
1121,837,1958
587,699,1286
268,474,742
879,608,1487
993,545,1538
458,784,1242
1831,452,2283
22,745,767
772,847,1619
220,618,838
48,866,914
480,435,915
128,778,906
51,826,877
605,315,920
189,745,934
782,223,1005
239,789,1028
639,1722,2361
187,810,997
671,357,1028
511,935,1446
472,584,1056
602,482,1084
729,259,988
671,1991,2662
788,292,1080
857,630,1487
456,783,1239
426,813,1239
1575,1483,3058
1826,747,2573
888,472,1360
790,794,1584
851,855,1706
697,438,1135
168,405,573
851,276,1127
556,1573,2129
312,321,633
1739,865,2604
667,775,1442
843,724,1567
885,876,1761
189,488,677
1477,1303,2780
826,685,1511
940,447,1387
908,779,1687
803,724,1527
669,1011,1680
1879,988,2867
528,425,953
342,335,677
208,581,789
118,593,711
509,357,866
865,893,1758
133,1003,1136
170,708,878
800,844,1644
533,512,1045
479,2041,2520
166,1015,1181
660,678,1338
287,781,1068
469,2127,2596
103,1122,1225
544,608,1152
701,666,1367
1115,1522,2637
125,1250,1375
1423,474,1897
756,540,1296
493,801,1294
715,407,1122
526,697,1223
92,598,690
741,612,1353
28,660,688
1858,830,2688
27,601,628
1337,909,2246
811,599,1410
890,535,1425
180,522,702
968,916,1884
402,536,938
955,639,1594
352,490,842
217,449,666
474,747,1221
422,598,1020
708,709,1417
54,923,977
1059,467,1526
406,542,948
408,665,1073
480,412,892
412,451,863
653,1291,1944
445,605,1050
544,1150,1694
492,611,1103
441,705,1146
508,579,1087
708,643,1351
702,1413,2115
1069,878,1947
1116,729,1845
483,687,1170
43,1370,1413
387,1072,1459
27,1088,1115
324,641,965
300,656,956
538,589,1127
202,1395,1597
1181,1141,2322
393,800,1193
37,1563,1600
477,1176,1653
752,646,1398
297,1283,1580
222,783,1005
340,819,1159
331,843,1174
497,1317,1814
529,664,1193
919,842,1761
558,608,1166
230,863,1093
972,911,1883
198,909,1107
532,632,1164
1155,803,1958
541,1164,1705
1202,845,2047
518,579,1097
706,317,1023
1424,585,2009
275,1214,1489
506,1072,1578
696,567,1263
704,395,1099
929,763,1692
1217,725,1942
480,300,780
535,1000,1535
802,965,1767
1088,571,1659
610,372,982
997,997,1994
379,868,1247
572,555,1127
563,343,906
700,580,1280
472,445,917
727,928,1655
346,361,707
827,795,1622
406,790,1196
509,1217,1726
549,429,978
426,1320,1746
563,572,1135
1200,886,2086
1268,506,1774
96,763,859
727,1186,1913
676,638,1314
718,1169,1887
1139,534,1673
335,580,915
617,905,1522
776,1164,1940
661,413,1074
981,825,1806
1043,565,1608
141,788,929
734,735,1469
1032,1438,2470
1047,473,1520
269,450,719
382,1196,1578
1113,288,1401
410,428,838
349,864,1213
825,962,1787
862,804,1666
553,1078,1631
357,825,1182
600,661,1261
829,1041,1870
738,1037,1775
531,294,825
801,1018,1819
1360,436,1796
472,836,1308
653,658,1311
460,301,761
793,460,1253
825,665,1490
92,395,487
808,820,1628
314,736,1050
332,364,696
766,555,1321
84,1231,1315
995,278,1273
708,672,1380
154,705,859
835,422,1257
550,816,1366
543,479,1022
558,404,962
685,833,1518
329,379,708
321,681,1002
614,550,1164
902,486,1388
1214,775,1989
103,1300,1403
397,432,829
565,637,1202
353,508,861
284,784,1068
450,506,956
688,601,1289
1101,1423,2524
151,1541,1692
455,519,974
526,497,1023
62,546,608
1148,720,1868
347,493,840
927,599,1526
111,1101,1212
179,608,787
61,502,563
77,602,679
697,492,1189
293,677,970
219,766,985
1110,1565,2675
465,653,1118
506,621,1127
240,1050,1290
226,589,815
210,571,781
1223,654,1877
465,1035,1500
466,585,1051
444,429,873
1289,706,1995
193,413,606
585,937,1522
901,2111,3012
406,862,1268
665,1455,2120
743,955,1698
413,582,995
173,991,1164
437,649,1086
534,391,925
366,634,1000
241,2445,2686
402,632,1034
1282,934,2216
855,466,1321
343,864,1207
548,640,1188
307,865,1172
900,865,1765
541,395,936
419,764,1183
886,543,1429
437,896,1333
280,628,908
337,910,1247
832,618,1450
351,801,1152
608,351,959
403,596,999
1448,999,2447
364,677,1041
534,506,1040
615,684,1299
349,2504,2853
868,689,1557
737,588,1325
288,968,1256
1984,1357,3341
185,970,1155
908,650,1558
587,1316,1903
1397,992,2389
349,824,1173
761,496,1257
381,1293,1674
770,913,1683
614,731,1345
141,566,707
869,829,1698
2127,881,3008
682,768,1450
846,268,1114
630,583,1213
831,929,1760
77,356,433
65,743,808
1144,386,1530
465,654,1119
2325,896,3221
918,518,1436
297,568,865
380,583,963
249,519,768
183,806,989
480,726,1206
1200,411,1611
756,936,1692
556,706,1262
220,683,903
754,476,1230
453,775,1228
430,463,893
348,1142,1490
216,1240,1456
360,700,1060
460,692,1152
650,707,1357
69,992,1061
479,885,1364
377,1125,1502
642,855,1497
649,442,1091
478,1003,1481
447,689,1136
387,792,1179
567,719,1286
491,392,883
633,679,1312
532,847,1379
898,923,1821
211,993,1204
1203,626,1829
360,973,1333
308,670,978
1113,542,1655
538,400,938
1140,290,1430
84,903,987
658,672,1330
760,546,1306
628,1486,2114
782,503,1285
313,1568,1881
153,797,950
639,534,1173
566,1398,1964
791,1465,2256
173,683,856
995,380,1375
687,531,1218
772,1254,2026
529,1404,1933
124,413,537
1421,670,2091
982,828,1810
205,429,634
1198,483,1681
1327,558,1885
287,480,767
130,1714,1844
1235,494,1729
336,530,866
1193,1287,2480
554,1569,2123
766,226,992
1034,1019,2053
443,1654,2097
37,265,302
1018,1461,2479
143,1018,1161
396,1198,1594
554,1585,2139
654,1443,2097
609,502,1111
632,1325,1957
750,1422,2172
952,1345,2297
200,351,551
1188,560,1748
626,1742,2368
530,206,736
61,272,333
539,1690,2229
685,690,1375
1078,1280,2358
329,1142,1471
295,276,571
627,768,1395
976,582,1558
70,572,642
81,503,584
701,1697,2398
1171,461,1632
98,788,886
762,1627,2389
110,967,1077
330,515,845
68,793,861
1577,661,2238
125,731,856
216,1602,1818
517,362,879
1228,805,2033
418,1535,1953
148,1083,1231
1239,794,2033
497,718,1215
117,809,926
1367,748,2115
471,830,1301
232,193,425
1184,707,1891
1054,478,1532
706,716,1422
183,832,1015
542,831,1373
1151,802,1953
263,479,742
504,845,1349
573,851,1424
906,716,1622
428,1078,1506
369,684,1053
1427,1085,2512
406,535,941
729,870,1599
767,319,1086
1266,508,1774
270,705,975
718,1098,1816
1519,928,2447
2818,272,3090
651,535,1186
857,275,1132
972,574,1546
938,616,1554
686,800,1486
774,419,1193
1004,596,1600
148,241,389
114,456,570
740,569,1309
87,618,705
145,421,566
105,469,574
366,332,698
127,435,562
191,392,583
323,344,667
754,447,1201
314,1183,1497
276,367,643
377,327,704
413,823,1236
778,1028,1806
172,468,640
1464,1112,2576
275,1117,1392
824,1202,2026
790,1488,2278
517,1232,1749
408,1130,1538
68,1079,1147
386,1163,1549
392,322,714
327,506,833
214,981,1195
516,1381,1897
25,1261,1286
1275,1453,2728
720,1085,1805
819,1694,2513
889,1423,2312
179,689,868
254,993,1247
964,1166,2130
318,808,1126
661,856,1517
850,1883,2733
455,1074,1529
147,709,856
950,1802,2752
740,1624,2364
859,839,1698
726,814,1540
309,822,1131
729,550,1279
765,1810,2575
792,918,1710
198,1115,1313
846,1071,1917
974,866,1840
1045,862,1907
983,861,1844
1091,936,2027
1115,851,1966
846,626,1472
158,277,435
452,675,1127
392,1139,1531
1279,688,1967
631,517,1148
1162,1125,2287
1033,1624,2657
641,316,957
457,683,1140
187,1680,1867
862,664,1526
573,1106,1679
598,629,1227
1581,730,2311
652,1137,1789
1280,1305,2585
567,336,903
201,893,1094
227,1858,2085
582,909,1491
1031,898,1929
400,1139,1539
823,758,1581
689,879,1568
1439,1292,2731
450,1277,1727
598,880,1478
1010,1231,2241
398,1130,1528
767,918,1685
776,898,1674
270,438,708
578,1068,1646
926,829,1755
159,853,1012
1428,1767,3195
460,747,1207
1039,521,1560
201,857,1058
858,915,1773
1322,1195,2517
1179,550,1729
945,897,1842
402,906,1308
658,1565,2223
642,598,1240
99,2025,2124
280,658,938
282,700,982
1536,1370,2906
987,444,1431
994,1003,1997
607,1316,1923
518,843,1361
885,1553,2438
1195,1215,2410
423,1423,1846
768,545,1313
1515,904,2419
778,994,1772
622,1269,1891
267,727,994
1330,607,1937
1146,589,1735
458,583,1041
1787,1277,3064
507,504,1011
928,521,1449
792,334,1126
70,735,805
719,1129,1848
222,1005,1227
790,346,1136
271,883,1154
1622,1454,3076
518,1083,1601
751,1135,1886
33,566,599
1285,821,2106
854,299,1153
560,878,1438
300,450,750
1538,494,2032
288,367,655
686,1582,2268
191,1083,1274
741,761,1502
865,569,1434
839,843,1682
827,1480,2307
334,512,846
210,1014,1224
370,672,1042
744,491,1235
553,1891,2444
315,888,1203
1098,769,1867
748,393,1141
1060,693,1753
405,1621,2026
709,201,910
754,698,1452
370,1002,1372
85,504,589
597,1567,2164
1056,577,1633
583,1421,2004
1349,1102,2451
52,622,674
114,710,824
164,641,805
50,749,799
98,600,698
511,1412,1923
478,366,844
547,1645,2192
1625,874,2499
527,461,988
514,1713,2227
90,992,1082
1201,1050,2251
546,1365,1911
99,1337,1436
1218,397,1615
281,578,859
281,1016,1297
1289,922,2211
339,447,786
294,1354,1648
172,602,774
1239,458,1697
534,1151,1685
572,854,1426
566,913,1479
69,1080,1149
41,1205,1246
579,1854,2433
882,912,1794
763,480,1243
910,380,1290
893,941,1834
663,2075,2738
221,577,798
195,1706,1901
338,1945,2283
1235,605,1840
405,1702,2107
295,1224,1519
559,809,1368
702,1258,1960
1287,1507,2794
386,812,1198
417,1796,2213
252,593,845
542,1747,2289
971,421,1392
1000,1221,2221
582,1649,2231
600,1157,1757
460,1596,2056
1010,1602,2612
444,845,1289
1339,2716,4055
126,1016,1142
1849,731,2580
1561,1328,2889
331,1078,1409
852,575,1427
725,1122,1847
963,1153,2116
566,897,1463
1079,815,1894
1319,2504,3823
705,563,1268
205,1117,1322
1041,644,1685
1094,927,2021
473,1098,1571
1465,786,2251
1014,833,1847
1490,2553,4043
1564,1050,2614
1015,958,1973
259,1127,1386
988,342,1330
408,1008,1416
592,1125,1717
1400,668,2068
889,674,1563
697,1036,1733
1377,903,2280
278,842,1120
663,622,1285
663,549,1212
733,872,1605
2292,867,3159
541,441,982
1017,745,1762
1432,999,2431
959,876,1835
532,794,1326
1229,1110,2339
1193,1040,2233
288,665,953
2208,878,3086
788,691,1479
571,449,1020
2403,971,3374
295,955,1250
846,963,1809
657,1328,1985
637,805,1442
760,690,1450
129,1809,1938
650,553,1203
889,705,1594
772,750,1522
613,1404,2017
1009,534,1543
908,1642,2550
1097,986,2083
790,709,1499
464,586,1050
268,1885,2153
1447,349,1796
596,1104,1700
68,922,990
715,999,1714
865,325,1190
353,1201,1554
677,1265,1942
507,1138,1645
633,1011,1644
797,1444,2241
373,944,1317
285,611,896
530,1075,1605
538,662,1200
1242,329,1571
981,1010,1991
679,676,1355
1530,1261,2791
326,1051,1377
371,1506,1877
853,1282,2135
1697,840,2537
597,901,1498
290,924,1214
846,1275,2121
203,897,1100
317,1334,1651
816,727,1543
698,968,1666
495,1315,1810
299,1268,1567
364,1256,1620
425,714,1139
1304,817,2121
526,877,1403
847,878,1725
374,434,808
858,1735,2593
1288,438,1726
358,1378,1736
477,1305,1782
1135,566,1701
587,1555,2142
593,1494,2087
1149,621,1770
159,438,597
704,1275,1979
906,738,1644
617,581,1198
935,1000,1935
382,934,1316
869,411,1280
1167,676,1843
607,1207,1814
118,418,536
394,970,1364
1307,718,2025
623,2154,2777
795,1459,2254
681,631,1312
124,402,526
795,1708,2503
731,744,1475
828,587,1415
1084,488,1572
1603,777,2380
513,2090,2603
609,703,1312
292,290,582
1049,1659,2708
1155,818,1973
904,1693,2597
588,1031,1619
1188,1264,2452
682,1355,2037
597,1387,1984
394,340,734
614,376,990
2094,720,2814
992,788,1780
325,457,782
859,969,1828
1950,767,2717
247,587,834
599,1297,1896
670,477,1147
375,814,1189
105,1243,1348
1340,714,2054
1241,961,2202
728,630,1358
336,995,1331
1594,649,2243
594,1159,1753
918,737,1655
648,811,1459
98,1469,1567
567,968,1535
1486,1024,2510
37,659,696
95,915,1010
718,1056,1774
1158,953,2111
29,1050,1079
219,1660,1879
26,770,796
958,919,1877
244,1165,1409
64,1119,1183
421,825,1246
65,1269,1334
988,1176,2164
177,980,1157
837,1428,2265
338,948,1286
586,806,1392
237,1154,1391
591,953,1544
310,1054,1364
1122,1001,2123
64,1495,1559
581,1032,1613
696,857,1553
445,811,1256
298,781,1079
782,1049,1831
859,752,1611
638,1013,1651
658,753,1411
1377,1063,2440
1150,446,1596
407,1327,1734
453,1013,1466
812,580,1392
1401,633,2034
785,1322,2107
747,977,1724
866,1022,1888
1434,635,2069
833,1110,1943
713,692,1405
606,1349,1955
784,539,1323
988,663,1651
414,1097,1511
1087,1058,2145
534,1645,2179
735,996,1731
1260,532,1792
705,1126,1831
775,519,1294
385,831,1216
716,1282,1998
917,1068,1985
618,807,1425
903,1147,2050
704,810,1514
283,552,835
833,524,1357
560,1088,1648
312,740,1052
1033,909,1942
394,745,1139
494,1023,1517
987,1067,2054
563,1639,2202
294,1347,1641
732,1090,1822
602,550,1152
360,747,1107
836,1072,1908
150,1342,1492
574,1245,1819
659,451,1110
420,1307,1727
984,1070,2054
189,842,1031
431,1094,1525
851,546,1397
606,1049,1655
1062,550,1612
1319,1312,2631
1161,724,1885
1038,296,1334
715,1577,2292
905,1007,1912
710,784,1494
897,785,1682
316,696,1012
703,1853,2556
337,896,1233
391,1099,1490
1049,323,1372
781,706,1487
283,859,1142
1045,767,1812
576,896,1472
682,1623,2305
395,745,1140
684,750,1434
726,952,1678
996,1116,2112
1157,1297,2454
769,546,1315
868,1241,2109
1198,1898,3096
848,554,1402
637,546,1183
366,535,901
770,1599,2369
955,815,1770
1361,1328,2689
935,1195,2130
539,998,1537
1121,1414,2535
1729,933,2662
669,287,956
1036,1138,2174
592,1851,2443
1784,463,2247
180,558,738
315,1439,1754
1286,483,1769
164,934,1098
696,709,1405
428,1662,2090
883,1141,2024
624,342,966
213,1348,1561
763,1063,1826
222,575,797
1507,927,2434
600,1230,1830
277,2104,2381
764,1534,2298
692,1458,2150
621,1008,1629
55,1061,1116
594,1318,1912
393,860,1253
343,971,1314
157,280,437
209,742,951
933,715,1648
1474,1027,2501
1184,1040,2224
1244,1179,2423
815,480,1295
714,1950,2664
533,1058,1591
820,1387,2207
181,639,820
360,786,1146
1047,900,1947
1588,1163,2751
460,938,1398
1194,662,1856
1159,1190,2349
1348,1716,3064
625,1062,1687
207,850,1057
679,1326,2005
1879,1133,3012
950,890,1840
464,787,1251
815,616,1431
1784,899,2683
702,606,1308
183,998,1181
881,562,1443
915,581,1496
1486,1089,2575
557,784,1341
945,1056,2001
908,436,1344
1414,561,1975
1071,686,1757
929,662,1591
746,1026,1772
846,428,1274
982,1256,2238
839,524,1363
1433,1309,2742
957,1226,2183
709,833,1542
1036,412,1448
879,584,1463
458,1287,1745
531,787,1318
511,753,1264
329,1228,1557
717,670,1387
429,830,1259
700,818,1518
686,1389,2075
519,797,1316
720,829,1549
576,961,1537
1005,356,1361
527,662,1189
281,843,1124
949,774,1723
888,927,1815
208,537,745
105,1608,1713
1040,377,1417
1193,578,1771
847,1573,2420
944,1052,1996
438,1277,1715
585,730,1315
765,710,1475
1323,758,2081
432,404,836
896,691,1587
1304,564,1868
829,1941,2770
515,1280,1795
770,385,1155
651,1146,1797
400,1027,1427
971,1424,2395
562,360,922
29,1319,1348
647,1436,2083
330,476,806
1021,1402,2423
199,1162,1361
315,1153,1468
631,652,1283
453,1315,1768
536,970,1506
1393,1376,2769
104,939,1043
1201,389,1590
320,312,632
179,1124,1303
426,1194,1620
1000,411,1411
272,651,923
388,953,1341
1687,810,2497
494,1351,1845
953,1588,2541
501,542,1043
628,505,1133
573,1234,1807
828,1799,2627
920,477,1397
61,638,699
1266,1320,2586
467,552,1019
467,1316,1783
876,285,1161
269,1503,1772
1049,541,1590
972,742,1714
1134,857,1991
309,1284,1593
1242,757,1999
1399,849,2248
1186,449,1635
862,532,1394
728,316,1044
1155,416,1571
988,1407,2395
1051,989,2040
1209,602,1811
1134,1437,2571
1110,996,2106
1725,610,2335
140,793,933
328,727,1055
603,1170,1773
1112,750,1862
703,850,1553
588,690,1278
40,963,1003
1325,363,1688
588,1447,2035
297,485,782
512,497,1009
1190,483,1673
364,1181,1545
71,775,846
117,1217,1334
1133,694,1827
220,820,1040
543,2022,2565
265,850,1115
428,1060,1488
1358,525,1883
481,1080,1561
292,625,917
410,907,1317
788,997,1785
519,271,790
378,2194,2572
164,870,1034
580,705,1285
1225,1455,2680
978,729,1707
167,1413,1580
471,680,1151
512,1313,1825
402,867,1269
868,1162,2030
594,996,1590
1774,718,2492
688,1108,1796
991,873,1864
420,645,1065
485,655,1140
1145,905,2050
647,969,1616
320,879,1199
576,679,1255
1346,790,2136
579,1200,1779
627,696,1323
611,898,1509
907,776,1683
511,1156,1667
953,1051,2004
53,831,884
2043,592,2635
1179,525,1704
1047,531,1578
645,2043,2688
712,1059,1771
375,1018,1393
309,578,887
754,1124,1878
441,1136,1577
648,966,1614
857,778,1635
731,906,1637
690,1011,1701
647,1009,1656
478,1162,1640
529,1090,1619
943,790,1733
1192,1133,2325
802,761,1563
685,2255,2940
774,811,1585
508,941,1449
711,976,1687
810,1604,2414
497,1329,1826
849,722,1571
474,1185,1659
571,1311,1882
1007,785,1792
1040,2390,3430
55,1059,1114
608,622,1230
794,1818,2612
964,988,1952
604,1474,2078
737,615,1352
706,1494,2200
542,737,1279
606,723,1329
840,1191,2031
496,820,1316
610,1654,2264
697,816,1513
496,1721,2217
761,678,1439
467,661,1128
1613,1610,3223
803,654,1457
779,661,1440
1213,909,2122
842,1474,2316
542,575,1117
906,869,1775
1711,858,2569
541,1246,1787
769,949,1718
2112,1256,3368
932,740,1672
742,1091,1833
496,780,1276
2079,1133,3212
312,545,857
1406,724,2130
874,1446,2320
485,853,1338
297,948,1245
1045,1392,2437
188,1163,1351
1439,1015,2454
1420,972,2392
520,760,1280
1339,649,1988
838,479,1317
1381,791,2172
839,747,1586
478,592,1070
823,1110,1933
976,436,1412
732,347,1079
651,449,1100
1296,784,2080
555,963,1518
377,1077,1454
1108,1369,2477
369,645,1014
691,1122,1813
523,656,1179
765,378,1143
688,522,1210
403,1059,1462
554,937,1491
565,1351,1916
399,1615,2014
638,1320,1958
603,857,1460
310,1349,1659
303,1326,1629
561,650,1211
590,1151,1741
103,849,952
395,1836,2231
525,580,1105
690,602,1292
854,1663,2517
271,1392,1663
286,827,1113
1187,519,1706
1087,939,2026
635,988,1623
1360,760,2120
1185,658,1843
629,621,1250
740,692,1432
577,1066,1643
104,924,1028
1349,687,2036
139,1364,1503
181,2265,2446
914,708,1622
1252,628,1880
302,1204,1506
273,1324,1597
403,797,1200
1588,559,2147
608,786,1394
630,544,1174
1465,792,2257
795,1527,2322
1083,594,1677
314,514,828
928,1531,2459
717,762,1479
241,777,1018
646,1400,2046
883,965,1848
709,740,1449
680,1363,2043
1427,636,2063
207,875,1082
630,656,1286
764,1281,2045
1265,356,1621
365,870,1235
804,898,1702
1311,404,1715
559,326,885
942,578,1520
658,500,1158
620,1870,2490
945,585,1530
651,1181,1832
429,837,1266
983,2343,3326
954,577,1531
529,387,916
356,743,1099
358,814,1172
1028,575,1603
853,1708,2561
581,868,1449
967,545,1512
578,1038,1616
444,1948,2392
2036,1157,3193
146,549,695
524,1803,2327
383,985,1368
572,657,1229
260,710,970
698,811,1509
518,841,1359
1650,1349,2999
647,1063,1710
1459,522,1981
2015,738,2753
768,1435,2203
373,356,729
773,929,1702
730,1227,1957
740,849,1589
345,1167,1512
474,859,1333
786,831,1617
301,734,1035
1007,699,1706
1242,1518,2760
176,1201,1377
431,880,1311
943,1079,2022
1123,2032,3155
710,980,1690
705,485,1190
452,676,1128
1177,665,1842
585,1203,1788
444,1039,1483
542,986,1528
1323,497,1820
673,1183,1856
220,1060,1280
763,896,1659
755,677,1432
1070,824,1894
542,671,1213
579,633,1212
1156,632,1788
615,818,1433
379,663,1042
1062,659,1721
1001,787,1788
505,714,1219
515,518,1033
383,665,1048
733,995,1728
1695,489,2184
427,682,1109
559,491,1050
1604,1498,3102
541,672,1213
911,554,1465
529,357,886
575,670,1245
741,506,1247
798,818,1616
548,1986,2534
672,380,1052
381,1534,1915
1167,451,1618
646,1561,2207
976,711,1687
542,531,1073
667,1520,2187
838,1374,2212
764,781,1545
1314,1771,3085
438,459,897
258,1514,1772
612,932,1544
419,464,883
582,943,1525
324,719,1043
568,717,1285
707,1416,2123
1028,944,1972
1954,1385,3339
176,947,1123
775,1290,2065
662,865,1527
411,882,1293
883,1250,2133
354,1247,1601
497,764,1261
1855,1618,3473
1416,1034,2450
420,720,1140
1249,756,2005
406,862,1268
272,994,1266
228,649,877
1385,620,2005
604,611,1215
481,1637,2118
797,522,1319
1477,1132,2609
674,816,1490
588,730,1318
389,645,1034
1457,1279,2736
409,758,1167
708,784,1492
110,1251,1361
1195,881,2076
773,787,1560
1080,646,1726
316,1372,1688
567,744,1311
1152,793,1945
1418,1295,2713
647,748,1395
627,1044,1671
565,703,1268
1452,800,2252
620,1146,1766
756,607,1363
693,419,1112
957,653,1610
530,1238,1768
1119,763,1882
363,460,823
1202,807,2009
427,921,1348
881,710,1591
693,576,1269
546,741,1287
584,939,1523
1669,928,2597
596,661,1257
513,729,1242
1147,677,1824
556,519,1075
906,1194,2100
1039,718,1757
285,1005,1290
1176,1866,3042
710,1454,2164
286,1127,1413
1434,1813,3247
779,1180,1959
1207,671,1878
506,1945,2451
539,520,1059
685,642,1327
519,1496,2015
810,1331,2141
583,752,1335
1105,1084,2189
679,1702,2381
801,493,1294
948,1149,2097
737,674,1411
920,796,1716
603,1294,1897
514,715,1229
1293,704,1997
1679,326,2005
1675,781,2456
1374,693,2067
1479,786,2265
814,874,1688
552,591,1143
1546,857,2403
1024,1009,2033
488,1248,1736
393,1040,1433
455,1009,1464
647,1214,1861
760,536,1296
679,939,1618
601,785,1386
451,1416,1867
570,658,1228
348,2011,2359
447,706,1153
657,632,1289
641,909,1550
497,1521,2018
490,704,1194
1306,449,1755
198,1069,1267
615,598,1213
360,1804,2164
1068,1203,2271
598,1546,2144
787,502,1289
526,1526,2052
188,1634,1822
847,734,1581
768,587,1355
668,781,1449
844,1361,2205
338,724,1062
663,782,1445
236,871,1107
1031,1167,2198
1317,741,2058
1015,502,1517
448,706,1154
242,1241,1483
1462,656,2118
639,540,1179
371,708,1079
434,1308,1742
968,1530,2498
33,528,561
281,1407,1688
504,2817,3321
658,1775,2433
990,407,1397
998,934,1932
362,393,755
393,1089,1482
485,472,957
1131,1760,2891
387,571,958
1048,2100,3148
1348,953,2301
1968,1161,3129
238,582,820
1378,1430,2808
269,505,774
341,744,1085
965,1032,1997
1486,1425,2911
482,532,1014
324,904,1228
1672,1393,3065
867,812,1679
287,723,1010
387,852,1239
1455,1461,2916
503,1199,1702
203,857,1060
1184,1132,2316
1456,1204,2660
583,1779,2362
277,1404,1681
1222,2016,3238
1397,1098,2495
888,878,1766
731,1172,1903
2698,1204,3902
1119,812,1931
970,874,1844
1898,1201,3099
583,1107,1690
303,900,1203
1058,907,1965
675,1246,1921
470,1298,1768
532,1039,1571
1101,920,2021
937,884,1821
1646,1037,2683
36,783,819
733,1034,1767
1171,631,1802
708,803,1511
199,1473,1672
1005,548,1553
600,1056,1656
657,867,1524
573,1244,1817
351,1393,1744
347,843,1190
867,711,1578
392,1614,2006
293,1471,1764
817,572,1389
1133,493,1626
719,1809,2528
684,647,1331
650,676,1326
1058,885,1943
769,673,1442
1136,633,1769
167,676,843
659,1416,2075
661,1258,1919
937,1033,1970
1065,1224,2289
484,944,1428
956,888,1844
786,823,1609
387,505,892
639,807,1446
939,1116,2055
230,505,735
772,786,1558
584,724,1308
357,438,795
658,823,1481
153,713,866
1181,1369,2550
1283,858,2141
1597,1510,3107
1650,797,2447
697,1014,1711
1163,1170,2333
245,896,1141
765,797,1562
1076,1089,2165
707,896,1603
377,645,1022
1043,1840,2883
464,397,861
1196,712,1908
599,998,1597
350,1018,1368
775,1038,1813
1010,609,1619
406,1044,1450
688,1128,1816
668,1410,2078
442,545,987
631,941,1572
1482,1336,2818
931,1846,2777
489,598,1087
742,928,1670
153,712,865
1047,1125,2172
767,801,1568
543,542,1085
464,759,1223
885,788,1673
876,783,1659
702,880,1582
530,930,1460
203,1036,1239
1436,769,2205
707,1121,1828
311,1166,1477
595,1016,1611
947,940,1887
888,553,1441
313,682,995
928,519,1447
675,1011,1686
1039,1139,2178
1192,1544,2736
593,760,1353
831,602,1433
248,812,1060
580,804,1384
447,786,1233
1672,765,2437
654,1358,2012
358,1127,1485
715,1000,1715
628,827,1455
616,795,1411
549,1040,1589
317,933,1250
704,802,1506
790,872,1662
747,1233,1980
299,1517,1816
1038,669,1707
927,683,1610
460,1921,2381
298,964,1262
1180,1674,2854
708,592,1300
308,957,1265
695,855,1550
1216,1554,2770
748,1272,2020
1108,628,1736
921,656,1577
601,1765,2366
957,1332,2289
763,768,1531
911,618,1529
539,1405,1944
718,624,1342
694,816,1510
726,612,1338
1009,985,1994
397,588,985
1224,496,1720
781,1108,1889
974,1433,2407
1388,1533,2921
1415,730,2145
1806,1409,3215
717,918,1635
500,314,814
892,1320,2212
1592,599,2191
755,1022,1777
767,1289,2056
572,694,1266
1367,695,2062
1463,760,2223
621,443,1064
803,1010,1813
1278,564,1842
605,806,1411
965,945,1910
579,439,1018
1150,1024,2174
1426,887,2313
247,440,687
1202,612,1814
410,1059,1469
738,688,1426
430,866,1296
591,619,1210
972,679,1651
1028,529,1557
666,874,1540
533,1373,1906
260,505,765
786,529,1315
97,876,973
517,664,1181
844,410,1254
1156,609,1765
634,1121,1755
484,464,948
1172,959,2131
682,404,1086
82,1167,1249
496,1438,1934
288,753,1041
458,835,1293
853,947,1800
878,787,1665
818,499,1317
563,457,1020
827,1234,2061
268,375,643
350,1469,1819
1318,1916,3234
348,507,855
294,582,876
795,1627,2422
427,999,1426
335,616,951
1255,1230,2485
969,379,1348
234,641,875
934,1789,2723
1318,901,2219
858,510,1368
1101,1858,2959
26,1018,1044
364,926,1290
602,828,1430
462,809,1271
1062,702,1764
1151,894,2045
1384,385,1769
166,567,733
1312,551,1863
210,1086,1296
451,1422,1873
139,1231,1370
574,838,1412
407,762,1169
617,885,1502
410,1227,1637
417,700,1117
658,1111,1769
578,1077,1655
848,674,1522
731,503,1234
368,1234,1602
120,1014,1134
1028,530,1558
255,727,982
549,872,1421
469,940,1409
616,763,1379
925,933,1858
779,506,1285
640,1262,1902
938,952,1890
1425,637,2062
985,940,1925
527,2576,3103
346,1297,1643
1086,783,1869
764,782,1546
765,1250,2015
1151,488,1639
419,1140,1559
424,1255,1679
978,2756,3734
781,879,1660
1125,510,1635
646,329,975
405,1129,1534
861,543,1404
666,339,1005
1710,1156,2866
504,815,1319
374,405,779
1166,580,1746
1264,2541,3805
703,934,1637
155,420,575
239,987,1226
458,1598,2056
151,1808,1959
263,1147,1410
928,923,1851
695,572,1267
2289,1454,3743
824,680,1504
2414,892,3306
599,1453,2052
535,1203,1738
372,1671,2043
2457,781,3238
580,1074,1654
933,923,1856
758,723,1481
307,330,637
722,940,1662
683,1323,2006
757,951,1708
848,1479,2327
1342,407,1749
524,1122,1646
1820,693,2513
452,552,1004
34,788,822
952,566,1518
1565,692,2257
1022,1486,2508
1070,658,1728
625,1328,1953
601,845,1446
530,525,1055
109,976,1085
689,473,1162
1335,480,1815
954,1394,2348
1238,933,2171
842,1505,2347
675,1688,2363
995,945,1940
86,662,748
1276,771,2047
785,1483,2268
879,490,1369
456,475,931
193,1078,1271
1223,948,2171
669,529,1198
395,652,1047
1062,515,1577
456,678,1134
427,960,1387
1279,572,1851
569,896,1465
370,1347,1717
385,548,933
617,540,1157
149,1141,1290
434,854,1288
187,883,1070
843,2022,2865
1603,605,2208
717,842,1559
740,1271,2011
466,653,1119
259,416,675
674,1376,2050
756,1153,1909
416,869,1285
358,911,1269
962,1980,2942
343,1515,1858
782,880,1662
152,754,906
387,538,925
647,1277,1924
1220,724,1944
462,699,1161
646,803,1449
1397,747,2144
233,744,977
815,2696,3511
640,1058,1698
255,880,1135
556,394,950
1114,708,1822
707,778,1485
616,372,988
940,676,1616
1032,2546,3578
614,872,1486
754,1433,2187
597,828,1425
729,1265,1994
1263,1104,2367
514,915,1429
620,677,1297
376,1563,1939
743,768,1511
1326,2276,3602
768,939,1707
384,1222,1606
646,514,1160
370,1233,1603
857,2181,3038
400,696,1096
459,948,1407
2569,954,3523
703,935,1638
409,337,746
2423,773,3196
475,344,819
560,821,1381
1792,1660,3452
223,642,865
654,1480,2134
248,932,1180
1091,815,1906
170,840,1010
1717,1847,3564
2100,695,2795
630,1458,2088
936,719,1655
630,1603,2233
796,829,1625
2023,1574,3597
853,1342,2195
506,704,1210
1300,888,2188
1582,934,2516
1258,564,1822
257,1114,1371
1187,1982,3169
200,1123,1323
381,968,1349
868,1547,2415
525,741,1266
696,738,1434
564,1531,2095
589,2332,2921
452,1296,1748
1493,742,2235
1137,1934,3071
192,1746,1938
718,1083,1801
1384,911,2295
290,1950,2240
529,1278,1807
1331,1603,2934
590,1447,2037
707,282,989
1098,1869,2967
1021,480,1501
622,1053,1675
397,1146,1543
769,736,1505
1069,576,1645
481,903,1384
684,794,1478
1207,1524,2731
593,938,1531
1057,535,1592
509,1481,1990
478,1226,1704
204,841,1045
912,1511,2423
1332,818,2150
400,760,1160
1754,764,2518
1315,1127,2442
342,1861,2203
1962,840,2802
716,1343,2059
1376,1109,2485
853,1712,2565
519,2294,2813
935,546,1481
1281,436,1717
504,718,1222
705,916,1621
549,964,1513
1012,815,1827
160,1309,1469
656,439,1095
1777,991,2768
870,632,1502
686,1034,1720
1761,819,2580
1398,1300,2698
420,951,1371
658,1068,1726
985,418,1403
691,1022,1713
1344,761,2105
517,1067,1584
1354,1136,2490
355,962,1317
1363,1189,2552
442,990,1432
302,1185,1487
634,1142,1776
872,556,1428
164,887,1051
884,735,1619
1337,981,2318
1010,775,1785
576,2263,2839
671,998,1669
78,457,535
454,376,830
859,918,1777
387,1429,1816
230,812,1042
516,364,880
672,1155,1827
301,3027,3328
577,378,955
306,649,955
2069,1518,3587
312,851,1163
681,1230,1911
270,1824,2094
906,1410,2316
1173,720,1893
1011,813,1824
247,376,623
372,1082,1454
2092,1528,3620
328,872,1200
749,1399,2148
650,876,1526
768,1614,2382
1307,1377,2684
793,766,1559
593,1773,2366
668,880,1548
276,586,862
1702,763,2465
853,966,1819
833,845,1678
1409,544,1953
559,843,1402
237,543,780
482,1283,1765
2874,652,3526
423,667,1090
482,1251,1733
354,1293,1647
700,587,1287
977,1226,2203
861,1296,2157
1087,1007,2094
673,988,1661
1199,1043,2242
497,1559,2056
1144,1188,2332
728,1188,1916
1244,748,1992
1219,1054,2273
610,724,1334
432,1003,1435
1088,352,1440
449,1021,1470
658,527,1185
1741,605,2346
951,332,1283
877,669,1546
893,761,1654
616,362,978
363,1040,1403
653,824,1477
995,1250,2245
443,1752,2195
882,528,1410
770,1498,2268
384,918,1302
259,384,643
894,834,1728
65,1870,1935
681,705,1386
371,357,728
1130,1163,2293
579,1376,1955
1111,656,1767
525,1535,2060
1113,757,1870
271,1715,1986
61,368,429
611,2568,3179
709,810,1519
1409,1076,2485
466,665,1131
1105,1722,2827
1690,1041,2731
945,914,1859
434,954,1388
796,1437,2233
117,521,638
966,1170,2136
393,850,1243
1418,1514,2932
244,689,933
956,1228,2184
1110,707,1817
389,1016,1405
966,784,1750
1868,665,2533
476,990,1466
588,785,1373
2105,484,2589
303,701,1004
691,1240,1931
1103,611,1714
1429,991,2420
454,1202,1656
391,1258,1649
1177,1202,2379
1671,1114,2785
1568,620,2188
513,594,1107
367,916,1283
923,1012,1935
551,1079,1630
432,713,1145
276,1307,1583
540,1067,1607
1032,641,1673
1203,889,2092
1137,869,2006
566,1092,1658
793,1109,1902
627,988,1615
677,1148,1825
489,722,1211
512,1266,1778
612,700,1312
737,758,1495
397,870,1267
799,944,1743
406,950,1356
979,862,1841
890,969,1859
615,1058,1673
337,1432,1769
883,695,1578
1034,503,1537
928,1120,2048
856,975,1831
1158,862,2020
615,891,1506
812,753,1565
1133,1232,2365
1093,1026,2119
929,880,1809
994,515,1509
1005,1056,2061
968,983,1951
620,834,1454
541,601,1142
1237,385,1622
1040,1169,2209
194,609,803
366,811,1177
662,933,1595
938,718,1656
480,645,1125
1163,962,2125
735,1093,1828
914,387,1301
792,615,1407
653,779,1432
422,497,919
679,1257,1936
778,923,1701
1066,536,1602
683,939,1622
613,1474,2087
780,897,1677
550,621,1171
875,846,1721
660,1526,2186
445,524,969
866,1299,2165
856,1222,2078
699,763,1462
986,729,1715
616,1435,2051
482,612,1094
1055,1182,2237
521,695,1216
818,1217,2035
851,865,1716
37,892,929
818,525,1343
920,887,1807
673,522,1195
663,1564,2227
733,836,1569
522,604,1126
787,1196,1983
536,1177,1713
173,960,1133
82,796,878
756,843,1599
664,1394,2058
933,1048,1981
709,653,1362
645,1397,2042
253,1019,1272
374,861,1235
1153,1077,2230
1276,881,2157
535,609,1144
599,837,1436
1171,1068,2239
1344,1058,2402
784,458,1242
225,1048,1273
267,1225,1492
1057,1083,2140
614,673,1287
585,1071,1656
961,470,1431
675,974,1649
313,678,991
1200,825,2025
1020,322,1342
1088,578,1666
565,1280,1845
1171,1042,2213
1164,1015,2179
775,1153,1928
745,652,1397
1202,820,2022
1029,341,1370
257,548,805
277,875,1152
918,777,1695
676,1016,1692
1352,1339,2691
1327,1225,2552
553,1156,1709
545,683,1228
785,783,1568
913,380,1293
522,1208,1730
562,753,1315
952,1029,1981
1042,1149,2191
878,1060,1938
923,513,1436
180,819,999
100,558,658
542,1397,1939
1009,734,1743
156,773,929
623,1248,1871
1066,755,1821
798,1048,1846
903,1361,2264
1184,674,1858
728,1263,1991
306,961,1267
1259,563,1822
637,1087,1724
809,1276,2085
925,356,1281
1077,915,1992
843,879,1722
362,913,1275
507,640,1147
299,346,645
290,728,1018
526,1146,1672
408,883,1291
387,1115,1502
1111,311,1422
947,895,1842
1080,1065,2145
1161,512,1673
652,1100,1752
942,915,1857
360,390,750
688,690,1378
381,570,951
235,592,827
287,859,1146
255,574,829
956,1230,2186
699,514,1213
546,1231,1777
768,1064,1832
545,490,1035
768,1135,1903
1024,853,1877
446,1782,2228
582,466,1048
776,639,1415
652,1019,1671
838,1232,2070
689,1122,1811
141,585,726
779,658,1437
192,844,1036
1168,909,2077
471,636,1107
974,553,1527
214,1352,1566
495,647,1142
1003,514,1517
325,1440,1765
942,646,1588
410,831,1241
466,616,1082
819,726,1545
360,2282,2642
489,1080,1569
493,647,1140
715,1932,2647
969,927,1896
383,1085,1468
345,1385,1730
753,333,1086
536,850,1386
826,2611,3437
452,748,1200
534,719,1253
1518,1607,3125
264,682,946
478,570,1048
2081,1095,3176
890,1393,2283
689,1915,2604
387,1526,1913
2278,406,2684
527,762,1289
712,1232,1944
1473,412,1885
578,2421,2999
775,1180,1955
1156,1078,2234
396,1549,1945
744,2195,2939
820,1854,2674
1322,1206,2528
172,1654,1826
1134,1494,2628
1225,1354,2579
281,839,1120
735,1048,1783
941,371,1312
1291,935,2226
577,1036,1613
915,641,1556
982,504,1486
934,1559,2493
1552,1428,2980
646,1175,1821
334,1284,1618
599,585,1184
26,464,490
542,1424,1966
477,1195,1672
1411,445,1856
1158,228,1386
1230,1118,2348
1316,892,2208
1867,373,2240
72,761,833
731,826,1557
123,947,1070
917,1141,2058
62,446,508
690,1110,1800
1104,952,2056
1698,556,2254
2303,1081,3384
1396,669,2065
408,1202,1610
427,687,1114
1992,1142,3134
85,587,672
486,1485,1971
1208,1055,2263
1138,793,1931
120,745,865
99,736,835
1455,1148,2603
940,1007,1947
1322,1150,2472
1204,865,2069
894,681,1575
953,887,1840
200,542,742
353,555,908
612,1414,2026
822,486,1308
548,626,1174
428,652,1080
335,538,873
1397,978,2375
930,910,1840
257,648,905
771,892,1663
915,1758,2673
837,505,1342
22,1064,1086
600,631,1231
362,1074,1436
1375,638,2013
406,932,1338
447,1053,1500
481,863,1344
607,730,1337
601,910,1511
841,790,1631
480,1058,1538
797,782,1579
559,765,1324
554,1669,2223
777,510,1287
934,744,1678
631,1082,1713
516,1130,1646
680,592,1272
390,713,1103
849,948,1797
949,510,1459
378,1378,1756
591,726,1317
701,600,1301
787,997,1784
406,899,1305
731,437,1168
511,834,1345
616,669,1285
1228,1447,2675
179,542,721
625,769,1394
1416,1205,2621
232,470,702
939,1192,2131
1510,1130,2640
665,803,1468
485,1150,1635
985,720,1705
909,908,1817
1018,995,2013
243,485,728
77,1044,1121
245,843,1088
550,331,881
233,1143,1376
784,909,1693
785,290,1075
532,1212,1744
263,1742,2005
148,899,1047
440,433,873
186,1558,1744
588,552,1140
271,1713,1984
633,1433,2066
556,774,1330
728,539,1267
215,887,1102
690,1364,2054
386,998,1384
538,637,1175
655,1564,2219
206,857,1063
1036,911,1947
546,1107,1653
760,411,1171
601,844,1445
274,1563,1837
691,1055,1746
599,1337,1936
399,1231,1630
990,1035,2025
684,1025,1709
699,370,1069
58,1024,1082
1095,835,1930
245,1116,1361
133,1772,1905
420,859,1279
514,1656,2170
976,669,1645
392,479,871
935,1339,2274
928,1157,2085
1145,858,2003
890,1079,1969
360,1704,2064
1274,1086,2360
1354,1051,2405
780,1621,2401
894,1096,1990
1213,835,2048
426,1167,1593
1576,459,2035
695,651,1346
690,1778,2468
1222,815,2037
877,566,1443
187,619,806
1489,716,2205
1419,1047,2466
1140,527,1667
763,861,1624
900,1090,1990
739,1579,2318
762,799,1561
924,1001,1925
280,944,1224
1036,1165,2201
675,991,1666
1592,703,2295
634,786,1420
1525,484,2009
577,1613,2190
904,601,1505
834,665,1499
732,625,1357
1529,598,2127
934,861,1795
471,1021,1492
1455,602,2057
87,821,908
1014,1469,2483
274,805,1079
223,934,1157
449,778,1227
483,888,1371
502,819,1321
414,945,1359
998,767,1765
508,892,1400
685,504,1189
407,1050,1457
844,549,1393
505,778,1283
708,815,1523
498,316,814
619,674,1293
608,580,1188
960,975,1935
1106,1486,2592
537,1080,1617
468,2128,2596
302,576,878
522,324,846
540,1965,2505
473,771,1244
620,1471,2091
1030,1448,2478
309,1786,2095
349,960,1309
991,1271,2262
491,1648,2139
65,755,820
761,934,1695
582,557,1139
1220,1041,2261
754,862,1616
676,763,1439
550,1526,2076
448,1774,2222
762,1018,1780
1775,765,2540
142,1312,1454
985,532,1517
545,1250,1795
1776,788,2564
618,1133,1751
219,1368,1587
337,1123,1460
497,1853,2350
1220,1114,2334
352,470,822
372,1592,1964
882,1733,2615
567,1261,1828
1233,724,1957
668,1178,1846
876,1042,1918
411,561,972
1225,693,1918
1217,503,1720
764,1264,2028
1561,614,2175
768,966,1734
444,863,1307
1139,873,2012
1653,770,2423
473,569,1042
244,1238,1482
1053,513,1566
817,1038,1855
1231,852,2083
1123,736,1859
1110,944,2054
1323,548,1871
1628,531,2159
688,1250,1938
585,703,1288
440,693,1133
355,878,1233
1186,1287,2473
417,691,1108
201,1074,1275
279,1671,1950
1300,1344,2644
494,559,1053
666,707,1373
692,494,1186
836,684,1520
758,654,1412
464,700,1164
353,1406,1759
475,1856,2331
791,1653,2444
342,827,1169
697,1338,2035
863,1180,2043
725,1272,1997
632,824,1456
543,722,1265
671,1748,2419
1147,939,2086
450,1045,1495
892,348,1240
945,1129,2074
718,1958,2676
816,1432,2248
1253,751,2004
466,673,1139
1407,689,2096
454,654,1108
1281,821,2102
532,877,1409
1130,845,1975
581,688,1269
1235,1197,2432
1682,866,2548
601,738,1339
855,1075,1930
920,737,1657
499,1050,1549
617,678,1295
550,825,1375
440,1263,1703
416,867,1283
476,738,1214
200,1041,1241
922,1111,2033
1190,542,1732
729,1093,1822
768,491,1259
773,866,1639
856,955,1811
439,1283,1722
396,559,955
836,788,1624
766,1357,2123
737,1308,2045
855,307,1162
197,732,929
692,1250,1942
741,731,1472
1249,1088,2337
893,301,1194
631,364,995
1166,671,1837
974,982,1956
231,865,1096
514,1101,1615
1519,720,2239
624,667,1291
484,773,1257
729,250,979
1779,1412,3191
1011,336,1347
624,1203,1827
57,458,515
729,565,1294
100,517,617
427,1073,1500
422,544,966
513,989,1502
187,510,697
798,961,1759
1061,501,1562
941,961,1902
920,1282,2202
579,803,1382
1126,1341,2467
870,1144,2014
927,738,1665
822,1253,2075
610,958,1568
497,746,1243
1085,1286,2371
1233,1427,2660
837,810,1647
723,1595,2318
520,1574,2094
1181,1051,2232
536,1242,1778
305,806,1111
260,948,1208
1346,1027,2373
498,262,760
717,645,1362
1073,1087,2160
327,971,1298
1039,797,1836
1225,1043,2268
1411,687,2098
661,1437,2098
779,1049,1828
274,1760,2034
776,356,1132
828,1337,2165
471,1586,2057
1201,936,2137
809,369,1178
70,1238,1308
728,1191,1919
537,412,949
97,1245,1342
1421,549,1970
260,344,604
1243,993,2236
126,1251,1377
175,355,530
1038,582,1620
1244,1230,2474
1507,748,2255
565,867,1432
1090,326,1416
751,1103,1854
936,1778,2714
497,1731,2228
275,394,669
1059,656,1715
669,1153,1822
1078,465,1543
355,1500,1855
756,1269,2025
785,1241,2026
988,1520,2508
746,760,1506
262,1701,1963
391,500,891
460,1692,2152
950,648,1598
441,1625,2066
569,1567,2136
989,822,1811
735,668,1403
1014,720,1734
373,1631,2004
575,897,1472
807,778,1585
45,689,734
718,1475,2193
1085,981,2066
115,677,792
492,902,1394
137,627,764
480,1693,2173
850,1366,2216
129,862,991
1122,870,1992
1395,683,2078
1013,685,1698
763,648,1411
224,799,1023
517,292,809
393,1067,1460
1412,691,2103
395,635,1030
636,894,1530
1427,449,1876
1622,961,2583
1564,823,2387
1564,903,2467
1210,975,2185
1479,863,2342
422,1112,1534
272,1102,1374
835,475,1310
816,863,1679
1762,532,2294
1486,1264,2750
904,361,1265
708,705,1413
92,632,724
369,907,1276
80,1014,1094
691,749,1440
802,827,1629
187,492,679
503,1472,1975
157,800,957
110,686,796
37,547,584
30,661,691
1730,505,2235
861,667,1528
1577,1185,2762
110,836,946
735,1385,2120
160,755,915
527,525,1052
43,1004,1047
271,640,911
317,674,991
480,752,1232
92,1153,1245
832,1270,2102
254,1087,1341
952,1398,2350
296,800,1096
304,851,1155
387,808,1195
307,897,1204
616,734,1350
656,621,1277
492,796,1288
64,765,829
26,767,793
847,835,1682
144,1118,1262
594,748,1342
860,1002,1862
290,1586,1876
101,868,969
476,1087,1563
466,1037,1503
270,540,810
256,1587,1843
602,1292,1894
370,629,999
431,1412,1843
297,522,819
1075,762,1837
410,968,1378
588,787,1375
933,916,1849
462,1459,1921
754,748,1502
983,489,1472
406,495,901
515,662,1177
820,1219,2039
1133,345,1478
442,688,1130
551,515,1066
1030,1056,2086
770,979,1749
745,677,1422
563,1171,1734
856,342,1198
1258,488,1746
790,741,1531
198,1188,1386
388,454,842
193,545,738
586,991,1577
309,525,834
54,471,525
979,913,1892
976,507,1483
354,1539,1893
1002,474,1476
396,1465,1861
480,840,1320
567,1545,2112
136,458,594
252,773,1025
252,1177,1429
342,574,916
608,1318,1926
627,766,1393
1056,568,1624
411,1686,2097
338,1294,1632
601,824,1425
457,1485,1942
801,922,1723
271,1096,1367
389,590,979
636,811,1447
503,916,1419
533,684,1217
451,1050,1501
903,1007,1910
1031,1573,2604
620,1099,1719
1407,661,2068
891,662,1553
704,553,1257
1081,1002,2083
147,610,757
670,703,1373
677,2381,3058
846,1761,2607
376,1267,1643
1190,983,2173
1009,421,1430
1308,1246,2554
169,743,912
379,1456,1835
673,798,1471
1070,2052,3122
1387,1246,2633
360,1635,1995
1567,784,2351
690,663,1353
815,2264,3079
1362,795,2157
1102,728,1830
409,1000,1409
668,518,1186
534,1363,1897
809,606,1415
426,809,1235
1276,1147,2423
552,546,1098
954,1027,1981
211,830,1041
2037,629,2666
292,876,1168
408,1656,2064
1383,609,1992
1780,881,2661
463,774,1237
1605,604,2209
365,1485,1850
1100,714,1814
516,649,1165
1093,930,2023
457,1438,1895
2052,651,2703
673,504,1177
244,662,906
154,784,938
991,1381,2372
1352,520,1872
173,1316,1489
883,580,1463
1434,561,1995
384,756,1140
352,788,1140
1224,544,1768
345,1368,1713
506,500,1006
898,1394,2292
1279,629,1908
525,464,989
399,1388,1787
619,524,1143
765,433,1198
585,833,1418
299,725,1024
1041,1445,2486
749,943,1692
585,1286,1871
572,541,1113
620,1773,2393
401,607,1008
342,698,1040
948,226,1174
392,591,983
614,452,1066
361,1445,1806
471,694,1165
563,1497,2060
476,1506,1982
953,1469,2422
960,990,1950
317,852,1169
1148,1145,2293
384,686,1070
423,1420,1843
783,634,1417
605,785,1390
563,686,1249
514,644,1158
1166,772,1938
277,685,962
453,669,1122
1044,1035,2079
588,618,1206
410,1161,1571
485,1486,1971
65,1675,1740
720,530,1250
351,1119,1470
1375,677,2052
522,489,1011
445,918,1363
865,656,1521
227,1226,1453
1248,1177,2425
554,876,1430
1267,710,1977
424,498,922
588,886,1474
1299,1030,2329
522,501,1023
670,650,1320
711,608,1319
461,1203,1664
1113,1627,2740
636,892,1528
1294,917,2211
470,717,1187
570,914,1484
1511,894,2405
587,721,1308
408,938,1346
1208,1480,2688
1383,1637,3020
1332,1324,2656
1503,1025,2528
763,971,1734
417,857,1274
457,1327,1784
590,967,1557
326,949,1275
1080,1167,2247
1026,1358,2384
937,1467,2404
688,387,1075
1409,375,1784
250,785,1035
555,690,1245
498,1044,1542
783,861,1644
375,1214,1589
1046,1005,2051
966,1594,2560
1416,992,2408
760,1017,1777
1139,961,2100
1078,971,2049
713,626,1339
796,813,1609
539,959,1498
1218,502,1720
947,1628,2575
1409,964,2373
445,1152,1597
1023,526,1549
1009,1638,2647
747,930,1677
583,690,1273
381,936,1317
534,809,1343
1195,1328,2523
1336,950,2286
934,664,1598
771,733,1504
767,1819,2586
700,858,1558
825,874,1699
684,504,1188
98,1342,1440
152,985,1137
1414,833,2247
698,846,1544
791,1206,1997
669,537,1206
162,985,1147
545,1065,1610
885,1256,2141
335,871,1206
675,861,1536
1607,918,2525
610,684,1294
1242,826,2068
718,688,1406
752,825,1577
435,1773,2208
771,493,1264
575,769,1344
1371,867,2238
882,911,1793
971,868,1839
901,539,1440
834,954,1788
1086,733,1819
65,812,877
339,1183,1522
112,865,977
892,1582,2474
785,839,1624
87,965,1052
826,870,1696
67,920,987
392,748,1140
25,672,697
451,723,1174
827,1501,2328
888,654,1542
361,978,1339
300,1059,1359
717,537,1254
810,1787,2597
347,1186,1533
535,2260,2795
1722,2142,3864
935,1923,2858
659,732,1391
402,1182,1584
467,960,1427
296,610,906
338,1176,1514
559,1021,1580
1820,1215,3035
426,671,1097
384,1471,1855
589,604,1193
714,1041,1755
702,1071,1773
455,583,1038
293,1267,1560
781,437,1218
1453,1347,2800
773,1145,1918
446,461,907
479,1564,2043
1214,1410,2624
1156,941,2097
413,822,1235
225,853,1078
630,1450,2080
1112,1078,2190
948,508,1456
627,805,1432
350,1072,1422
412,304,716
1464,2078,3542
1125,353,1478
1632,579,2211
1043,889,1932
596,1301,1897
801,475,1276
525,795,1320
1241,2409,3650
621,743,1364
658,1181,1839
1496,1543,3039
799,1269,2068
733,616,1349
1078,865,1943
1139,950,2089
1185,399,1584
1475,769,2244
1304,455,1759
1207,387,1594
1672,1464,3136
1093,1320,2413
916,1411,2327
63,495,558
1404,441,1845
1021,1113,2134
106,693,799
51,840,891
37,927,964
2249,1064,3313
1519,1076,2595
65,543,608
1433,921,2354
262,993,1255
92,945,1037
256,584,840
52,1164,1216
189,861,1050
38,1094,1132
465,793,1258
664,751,1415
361,717,1078
560,680,1240
24,897,921
792,340,1132
53,1281,1334
31,852,883
554,906,1460
809,613,1422
382,1243,1625
723,696,1419
316,713,1029
854,743,1597
570,1064,1634
255,374,629
591,837,1428
31,1609,1640
1047,635,1682
25,1182,1207
174,1245,1419
721,370,1091
179,1770,1949
322,486,808
776,400,1176
188,1152,1340
51,887,938
381,719,1100
347,1476,1823
555,323,878
733,869,1602
512,1515,2027
318,1536,1854
614,1167,1781
260,899,1159
682,1438,2120
326,494,820
605,635,1240
479,1333,1812
169,1045,1214
1361,733,2094
245,1317,1562
756,1455,2211
243,1025,1268
860,706,1566
457,1138,1595
607,1427,2034
592,567,1159
440,851,1291
714,701,1415
897,1632,2529
1566,701,2267
1104,505,1609
409,959,1368
1056,809,1865
755,932,1687
845,1414,2259
1047,958,2005
459,552,1011
529,827,1356
796,810,1606
1378,406,1784
686,298,984
581,706,1287
427,1258,1685
267,843,1110
957,1003,1960
1161,779,1940
51,389,440
817,1015,1832
1173,792,1965
894,748,1642
497,415,912
693,508,1201
1552,754,2306
734,619,1353
747,449,1196
576,655,1231
770,696,1466
616,1798,2414
1151,777,1928
1280,1000,2280
1035,797,1832
576,622,1198
1238,768,2006
561,541,1102
709,675,1384
109,1390,1499
980,1433,2413
763,1036,1799
538,1350,1888
752,918,1670
802,1158,1960
87,654,741
771,777,1548
562,1011,1573
761,838,1599
539,625,1164
347,1072,1419
322,718,1040
756,854,1610
172,1818,1990
400,1225,1625
982,567,1549
171,707,878
797,1586,2383
919,1116,2035
343,625,968
744,541,1285
502,588,1090
259,847,1106
1523,1021,2544
671,317,988
795,444,1239
270,2059,2329
625,442,1067
771,513,1284
494,681,1175
511,656,1167
473,1174,1647
450,1086,1536
914,1142,2056
383,857,1240
1266,1299,2565
342,340,682
1208,1349,2557
545,1286,1831
1749,1251,3000
918,1179,2097
845,267,1112
368,1093,1461
1103,430,1533
661,706,1367
449,599,1048
40,441,481
2016,908,2924
1252,860,2112
575,726,1301
1127,729,1856
1326,722,2048
1475,1550,3025
654,682,1336
1109,440,1549
833,803,1636
67,2169,2236
1001,521,1522
334,489,823
945,763,1708
1015,531,1546
307,2192,2499
1269,642,1911
509,335,844
998,679,1677
834,767,1601
656,573,1229
881,904,1785
1043,693,1736
58,1053,1111
455,950,1405
432,796,1228
335,810,1145
347,2219,2566
623,1071,1694
63,1102,1165
139,1030,1169
1028,1062,2090
279,425,704
747,1269,2016
886,1749,2635
351,803,1154
51,1503,1554
213,691,904
313,1247,1560
188,754,942
351,684,1035
2066,875,2941
619,1500,2119
613,832,1445
190,1220,1410
1392,1038,2430
1096,505,1601
2011,888,2899
470,1362,1832
401,701,1102
399,1379,1778
568,758,1326
510,872,1382
560,638,1198
663,1329,1992
237,743,980
1373,475,1848
1416,749,2165
779,1224,2003
470,814,1284
1055,917,1972
614,1113,1727
737,1299,2036
952,1095,2047
290,1392,1682
986,1320,2306
820,653,1473
641,1164,1805
1231,994,2225
651,682,1333
1211,523,1734
2050,1045,3095
693,740,1433
562,914,1476
395,1391,1786
577,1286,1863
998,776,1774
1047,1017,2064
688,1230,1918
473,1004,1477
1326,532,1858
581,1505,2086
862,705,1567
392,990,1382
527,1591,2118
1064,928,1992
1144,1240,2384
719,788,1507
780,969,1749
734,453,1187
1125,370,1495
666,1373,2039
420,1037,1457
369,1261,1630
1058,1006,2064
1005,1221,2226
698,1026,1724
911,454,1365
902,1244,2146
415,1219,1634
1073,845,1918
912,1392,2304
822,675,1497
1402,909,2311
806,915,1721
705,511,1216
124,942,1066
959,649,1608
444,715,1159
1174,690,1864
585,607,1192
632,630,1262
157,1065,1222
418,891,1309
334,1651,1985
769,608,1377
1063,1204,2267
173,536,709
794,538,1332
1179,1450,2629
243,1289,1532
640,613,1253
696,706,1402
311,893,1204
652,1556,2208
1065,635,1700
815,2079,2894
583,850,1433
1154,1266,2420
928,2059,2987
840,479,1319
767,592,1359
897,757,1654
1086,1609,2695
463,819,1282
709,652,1361
940,854,1794
1621,433,2054
795,1061,1856
619,728,1347
1765,364,2129
332,1301,1633
296,514,810
698,729,1427
682,583,1265
1517,1392,2909
127,821,948
1413,688,2101
531,1835,2366
534,917,1451
382,1602,1984
615,234,849
833,1052,1885
534,1130,1664
1225,991,2216
486,1440,1926
1082,690,1772
320,674,994
807,1644,2451
465,1362,1827
650,441,1091
728,671,1399
520,1322,1842
1174,998,2172
576,893,1469
372,1093,1465
996,887,1883
538,727,1265
1105,494,1599
309,609,918
1512,367,1879
558,1162,1720
355,1176,1531
1530,649,2179
1312,1158,2470
1145,594,1739
118,966,1084
804,551,1355
394,1489,1883
358,784,1142
601,1326,1927
738,1125,1863
500,698,1198
504,1144,1648
712,450,1162
213,1965,2178
515,972,1487
1667,1355,3022
663,384,1047
885,1204,2089
237,504,741
620,1314,1934
543,1762,2305
840,713,1553
365,1474,1839
1000,1516,2516
746,612,1358
1554,1360,2914
526,372,898
1882,527,2409
1049,1391,2440
326,569,895
1074,968,2042
1636,532,2168
1065,565,1630
498,721,1219
490,1551,2041
883,1225,2108
227,1941,2168
1249,548,1797
748,1665,2413
1096,1800,2896
675,712,1387
317,1051,1368
828,1378,2206
706,1214,1920
589,650,1239
297,2170,2467
1236,690,1926
485,528,1013
916,1630,2546
274,476,750
1224,872,2096
1109,533,1642
1371,640,2011
398,1703,2101
727,1466,2193
549,1187,1736
282,1168,1450
1250,398,1648
1097,1050,2147
1366,1027,2393
905,755,1660
37,722,759
377,379,756
1105,359,1464
1711,356,2067
342,503,845
821,1007,1828
1878,706,2584
638,902,1540
1515,413,1928
193,713,906
1447,325,1772
1603,343,1946
2067,520,2587
992,725,1717
1292,201,1493
1434,382,1816
912,669,1581
210,1276,1486
75,597,672
783,595,1378
1082,1007,2089
1016,581,1597
1079,796,1875
56,243,299
833,935,1768
79,771,850
129,1558,1687
51,771,822
24,568,592
62,426,488
352,418,770
223,474,697
982,992,1974
50,499,549
860,666,1526
237,1656,1893
43,919,962
98,1133,1231
492,313,805
240,1077,1317
36,1044,1080
34,1193,1227
84,962,1046
852,903,1755
31,1291,1322
724,385,1109
515,671,1186
432,410,842
790,353,1143
1262,844,2106
80,648,728
33,1473,1506
902,299,1201
341,952,1293
1094,1207,2301
671,725,1396
203,649,852
44,756,800
151,477,628
351,987,1338
355,1237,1592
57,342,399
853,623,1476
31,1622,1653
141,1435,1576
141,807,948
25,1824,1849
953,923,1876
453,1006,1459
532,1189,1721
94,522,616
1390,514,1904
1096,889,1985
60,1688,1748
350,909,1259
1133,725,1858
178,1189,1367
817,656,1473
640,1137,1777
994,690,1684
493,1290,1783
1625,322,1947
381,1354,1735
551,1103,1654
450,1705,2155
1097,576,1673
365,1521,1886
191,744,935
933,938,1871
577,895,1472
401,1731,2132
271,1128,1399
664,498,1162
973,930,1903
446,1073,1519
1043,1036,2079
800,1196,1996
758,819,1577
437,1918,2355
363,969,1332
1439,1366,2805
656,1005,1661
178,688,866
450,921,1371
654,569,1223
211,1071,1282
1127,940,2067
339,755,1094
795,530,1325
914,684,1598
510,1574,2084
1448,544,1992
859,427,1286
375,1361,1736
1412,887,2299
384,1260,1644
693,728,1421
211,368,579
455,1104,1559
866,844,1710
837,455,1292
761,867,1628
275,490,765
939,817,1756
1121,589,1710
949,1981,2930
84,799,883
124,807,931
1223,1878,3101
237,649,886
275,493,768
1576,934,2510
71,680,751
93,817,910
30,656,686
354,584,938
280,642,922
1012,965,1977
458,469,927
130,611,741
1832,1483,3315
932,1437,2369
618,1714,2332
576,550,1126
262,787,1049
1113,1342,2455
1040,1964,3004
505,775,1280
545,505,1050
796,519,1315
1017,1588,2605
547,806,1353
577,645,1222
838,679,1517
1563,1058,2621
495,550,1045
481,606,1087
443,646,1089
616,956,1572
408,1137,1545
508,616,1124
408,272,680
602,1023,1625
645,1150,1795
462,1499,1961
148,655,803
495,314,809
269,1314,1583
1219,1415,2634
1228,808,2036
349,547,896
716,451,1167
822,681,1503
420,990,1410
459,991,1450
592,445,1037
1417,798,2215
1532,1833,3365
239,622,861
481,661,1142
1009,1395,2404
1776,1728,3504
776,493,1269
509,1334,1843
617,719,1336
991,1019,2010
1664,779,2443
402,536,938
524,615,1139
764,1072,1836
37,637,674
1231,1350,2581
584,957,1541
1228,916,2144
1308,876,2184
770,669,1439
550,1508,2058
157,511,668
1104,1731,2835
663,1034,1697
264,455,719
1437,1226,2663
820,1007,1827
699,1045,1744
493,963,1456
505,954,1459
726,1990,2716
921,1002,1923
1682,870,2552
810,1137,1947
27,2158,2185
512,624,1136
1158,866,2024
479,407,886
1165,1078,2243
476,847,1323
329,613,942
1126,1020,2146
1416,869,2285
823,996,1819
750,723,1473
260,942,1202
516,754,1270
338,854,1192
491,1155,1646
366,993,1359
555,1143,1698
864,812,1676
1416,1124,2540
687,942,1629
701,609,1310
1075,1007,2082
761,939,1700
178,883,1061
695,1223,1918
754,732,1486
485,902,1387
1866,481,2347
977,870,1847
831,345,1176
747,992,1739
2060,975,3035
801,765,1566
715,1078,1793
1008,881,1889
854,464,1318
492,706,1198
904,623,1527
367,652,1019
836,733,1569
685,473,1158
400,666,1066
152,931,1083
318,1420,1738
907,1100,2007
728,778,1506
337,640,977
406,707,1113
535,1289,1824
859,974,1833
339,526,865
569,1554,2123
187,962,1149
862,953,1815
669,1315,1984
544,719,1263
46,1308,1354
1243,816,2059
697,1239,1936
559,446,1005
485,779,1264
1206,467,1673
1079,1127,2206
807,1279,2086
1109,361,1470
706,537,1243
702,808,1510
265,929,1194
106,891,997
1143,614,1757
377,728,1105
590,1177,1767
720,1193,1913
766,322,1088
1088,687,1775
757,1218,1975
50,497,547
1000,441,1441
1166,666,1832
118,473,591
804,798,1602
472,1325,1797
650,690,1340
453,837,1290
300,475,775
693,1200,1893
1028,453,1481
354,1039,1393
336,481,817
865,1079,1944
1095,589,1684
530,820,1350
595,594,1189
583,288,871
690,1111,1801
409,598,1007
521,1002,1523
157,483,640
1121,528,1649
426,1458,1884
285,309,594
692,773,1465
765,311,1076
342,1650,1992
401,661,1062
1092,620,1712
580,1477,2057
342,428,770
577,411,988
359,1509,1868
693,427,1120
683,653,1336
734,1522,2256
418,444,862
199,870,1069
519,1143,1662
373,1136,1509
594,379,973
251,1080,1331
657,2402,3059
981,615,1596
1089,1755,2844
671,356,1027
518,641,1159
420,1149,1569
131,611,742
389,1591,1980
585,2123,2708
624,778,1402
1094,1672,2766
524,665,1189
123,390,513
1375,577,1952
247,913,1160
280,1136,1416
1231,1137,2368
363,1188,1551
514,1015,1529
963,2353,3316
519,1260,1779
2206,843,3049
848,466,1314
226,1110,1336
1370,1959,3329
728,1197,1925
866,2103,2969
469,951,1420
1674,1160,2834
170,1010,1180
1807,898,2705
493,1285,1778
936,1147,2083
1133,357,1490
2088,645,2733
1044,1282,2326
1571,1657,3228
986,334,1320
226,1219,1445
1463,1040,2503
939,1270,2209
509,1103,1612
382,467,849
302,1180,1482
397,1151,1548
806,629,1435
999,388,1387
1368,1035,2403
1889,413,2302
638,1114,1752
1130,558,1688
490,446,936
638,728,1366
877,480,1357
681,768,1449
866,347,1213
205,1672,1877
724,634,1358
973,429,1402
149,1939,2088
1289,1748,3037
523,1722,2245
23,409,432
145,345,490
901,484,1385
776,686,1462
901,945,1846
23,816,839
867,921,1788
368,1414,1782
1050,362,1412
230,632,862
179,428,607
217,1415,1632
902,1398,2300
564,376,940
820,920,1740
861,1856,2717
47,427,474
1235,644,1879
1788,976,2764
244,644,888
72,448,520
186,290,476
344,639,983
607,533,1140
211,366,577
190,935,1125
1836,1499,3335
199,788,987
316,334,650
1328,742,2070
133,1153,1286
481,901,1382
147,1407,1554
915,290,1205
718,848,1566
348,860,1208
979,1342,2321
619,861,1480
450,754,1204
1521,1685,3206
1672,506,2178
479,765,1244
476,1101,1577
527,699,1226
31,1030,1061
122,785,907
1010,719,1729
175,351,526
80,1066,1146
1338,494,1832
613,612,1225
1618,1390,3008
220,1215,1435
151,555,706
1373,1594,2967
694,831,1525
237,814,1051
268,1290,1558
614,331,945
650,789,1439
238,1127,1365
1467,1809,3276
551,682,1233
359,1030,1389
1066,625,1691
197,1070,1267
1124,358,1482
659,648,1307
1082,820,1902
608,1314,1922
807,694,1501
1410,564,1974
1010,579,1589
48,731,779
302,528,830
837,278,1115
567,1145,1712
876,500,1376
520,349,869
370,1019,1389
641,1091,1732
1089,783,1872
504,296,800
972,710,1682
1606,2670,4276
367,1097,1464
490,305,795
1442,2627,4069
690,1208,1898
654,1222,1876
1452,1861,3313
1079,688,1767
411,1178,1589
125,1052,1177
301,514,815
217,1003,1220
548,1236,1784
892,501,1393
310,1946,2256
906,454,1360
358,1396,1754
1051,694,1745
283,354,637
539,799,1338
899,1168,2067
667,890,1557
598,1014,1612
929,546,1475
478,1540,2018
274,1066,1340
298,992,1290
197,733,930
808,1490,2298
127,1246,1373
410,1109,1519
302,1483,1785
241,898,1139
881,732,1613
666,496,1162
2437,910,3347
1800,524,2324
334,1091,1425
935,772,1707
1279,659,1938
1049,937,1986
565,1257,1822
1380,395,1775
1113,985,2098
778,1322,2100
2512,1012,3524
489,378,867
1019,755,1774
914,991,1905
1368,704,2072
1622,1237,2859
955,662,1617
309,846,1155
600,290,890
432,690,1122
1189,721,1910
47,410,457
627,1001,1628
908,445,1353
819,1257,2076
250,329,579
754,540,1294
285,1168,1453
282,324,606
1215,481,1696
578,1124,1702
991,733,1724
480,950,1430
579,1462,2041
524,994,1518
404,253,657
664,1183,1847
909,894,1803
60,367,427
543,882,1425
748,611,1359
1208,796,2004
923,1061,1984
777,973,1750
1084,1296,2380
1120,678,1798
738,1180,1918
106,424,530
341,770,1111
651,1466,2117
990,816,1806
410,930,1340
875,1464,2339
1022,1826,2848
599,1028,1627
1053,496,1549
464,2214,2678
176,641,817
678,813,1491
702,727,1429
1138,1595,2733
291,930,1221
292,1546,1838
603,847,1450
580,1251,1831
1079,1073,2152
868,931,1799
491,888,1379
814,1312,2126
294,1453,1747
553,1048,1601
294,2151,2445
937,566,1503
580,1485,2065
411,852,1263
592,747,1339
1157,1228,2385
1874,663,2537
398,1268,1666
1087,1557,2644
824,1306,2130
763,1026,1789
103,1279,1382
871,1635,2506
595,509,1104
1167,834,2001
753,722,1475
443,830,1273
810,1329,2139
1162,473,1635
1359,1546,2905
1106,634,1740
906,1021,1927
439,638,1077
2097,789,2886
1050,612,1662
779,883,1662
1232,1162,2394
887,458,1345
847,921,1768
1392,1252,2644
1585,1221,2806
782,1561,2343
669,637,1306
1912,1159,3071
972,1210,2182
386,846,1232
527,1159,1686
1100,1386,2486
656,569,1225
670,850,1520
719,945,1664
1323,1032,2355
1267,1018,2285
452,1115,1567
1043,566,1609
1041,1038,2079
1214,676,1890
754,1717,2471
762,707,1469
670,535,1205
1511,301,1812
998,1337,2335
734,1211,1945
798,715,1513
1059,488,1547
1222,511,1733
611,685,1296
685,632,1317
1189,1137,2326
1151,1003,2154
1491,955,2446
357,557,914
402,1091,1493
1506,535,2041
1138,898,2036
843,536,1379
381,534,915
1058,560,1618
1138,909,2047
1109,805,1914
631,907,1538
794,926,1720
251,1332,1583
527,1821,2348
1099,521,1620
438,874,1312
781,479,1260
918,479,1397
247,1044,1291
493,701,1194
650,539,1189
497,1233,1730
532,1330,1862
591,1596,2187
471,843,1314
505,848,1353
765,461,1226
255,975,1230
377,1196,1573
225,1041,1266
788,690,1478
954,931,1885
265,1810,2075
500,1027,1527
1077,856,1933
1087,1167,2254
775,615,1390
736,804,1540
469,1026,1495
455,510,965
750,571,1321
497,1015,1512
286,1063,1349
965,706,1671
764,914,1678
472,828,1300
802,779,1581
664,927,1591
758,1732,2490
41,715,756
899,665,1564
372,1122,1494
1646,1174,2820
888,895,1783
912,589,1501
1284,1142,2426
600,433,1033
1596,921,2517
337,645,982
681,630,1311
284,655,939
851,352,1203
892,946,1838
214,1146,1360
879,542,1421
571,483,1054
798,460,1258
453,849,1302
1189,1111,2300
380,1370,1750
485,986,1471
376,1006,1382
660,1181,1841
976,917,1893
407,461,868
380,865,1245
834,591,1425
1622,1329,2951
396,1607,2003
908,368,1276
484,844,1328
1022,1227,2249
715,1398,2113
715,889,1604
1020,916,1936
358,638,996
612,532,1144
605,1023,1628
307,1084,1391
144,721,865
965,1323,2288
838,1140,1978
756,739,1495
377,888,1265
1044,873,1917
218,822,1040
633,615,1248
284,927,1211
1300,795,2095
775,1041,1816
537,818,1355
790,616,1406
420,1054,1474
489,690,1179
1466,520,1986
603,504,1107
1003,1619,2622
583,530,1113
411,1020,1431
822,596,1418
814,738,1552
604,1013,1617
441,680,1121
407,526,933
515,726,1241
630,1570,2200
315,416,731
938,1222,2160
366,373,739
835,961,1796
1068,1259,2327
306,305,611
706,1220,1926
326,294,620
60,1229,1289
276,288,564
731,598,1329
195,297,492
1113,276,1389
377,637,1014
828,1578,2406
1228,280,1508
181,238,419
547,1617,2164
898,2462,3360
222,546,768
1172,1981,3153
755,2429,3184
1153,316,1469
1158,2117,3275
1001,824,1825
658,1335,1993
59,2431,2490
853,1001,1854
909,2275,3184
552,1535,2087
145,2708,2853
99,1015,1114
260,546,806
493,1009,1502
581,2305,2886
573,685,1258
227,748,975
515,1448,1963
285,1596,1881
1615,1323,2938
342,504,846
2260,699,2959
273,1719,1992
1377,763,2140
2166,530,2696
2405,346,2751
678,2040,2718
642,1174,1816
1455,713,2168
2212,544,2756
2185,338,2523
700,452,1152
908,1868,2776
81,894,975
362,1537,1899
400,513,913
614,824,1438
898,558,1456
1536,673,2209
1325,981,2306
1101,410,1511
1857,440,2297
1075,1008,2083
1477,1832,3309
813,575,1388
1435,1197,2632
1869,1788,3657
1774,667,2441
976,448,1424
1090,531,1621
135,1115,1250
19,707,726
31,567,598
1398,1218,2616
115,599,714
1864,1502,3366
906,815,1721
1004,653,1657
1445,1680,3125
529,1555,2084
887,1087,1974
2055,434,2489
911,1000,1911
56,590,646
1423,286,1709
29,780,809
111,963,1074
25,717,742
1491,544,2035
796,1535,2331
700,628,1328
483,712,1195
39,649,688
759,575,1334
23,1073,1096
27,711,738
143,969,1112
26,1409,1435
36,1057,1093
429,935,1364
55,919,974
285,415,700
508,761,1269
654,286,940
38,673,711
1114,1307,2421
95,1264,1359
453,921,1374
69,1459,1528
112,1192,1304
138,1188,1326
295,1014,1309
772,581,1353
26,518,544
186,782,968
525,1151,1676
651,811,1462
561,1096,1657
621,1025,1646
63,1302,1365
490,1135,1625
444,1240,1684
262,511,773
21,722,743
996,797,1793
595,1184,1779
1026,688,1714
332,1212,1544
702,821,1523
100,1525,1625
757,932,1689
262,847,1109
41,1007,1048
632,713,1345
797,1281,2078
1063,976,2039
651,1418,2069
21,1329,1350
808,1160,1968
335,955,1290
327,923,1250
589,569,1158
1310,845,2155
642,866,1508
638,916,1554
232,975,1207
794,936,1730
359,1141,1500
1082,1119,2201
276,849,1125
609,806,1415
776,728,1504
724,1212,1936
445,925,1370
913,842,1755
640,927,1567
1101,670,1771
608,1197,1805
956,783,1739
618,861,1479
826,897,1723
1169,782,1951
821,903,1724
518,767,1285
155,948,1103
661,693,1354
1122,887,2009
595,1586,2181
730,831,1561
467,960,1427
581,1946,2527
438,851,1289
790,712,1502
646,718,1364
279,525,804
550,864,1414
545,504,1049
500,492,992
809,560,1369
547,534,1081
517,500,1017
369,525,894
621,1762,2383
841,792,1633
918,714,1632
684,443,1127
398,704,1102
459,869,1328
636,476,1112
437,1089,1526
186,392,578
354,709,1063
232,1623,1855
358,972,1330
774,1814,2588
704,1378,2082
662,1305,1967
1351,1423,2774
732,693,1425
267,502,769
550,1547,2097
633,506,1139
385,660,1045
378,1359,1737
379,1212,1591
336,465,801
202,1445,1647
1395,862,2257
288,1785,2073
392,758,1150
610,906,1516
1649,803,2452
586,523,1109
394,1376,1770
825,989,1814
454,1394,1848
1319,725,2044
1500,970,2470
1232,593,1825
283,788,1071
667,1056,1723
585,651,1236
1452,480,1932
360,510,870
600,885,1485
1132,712,1844
1491,578,2069
1393,506,1899
892,571,1463
785,772,1557
525,546,1071
509,425,934
889,546,1435
372,640,1012
711,291,1002
1352,681,2033
805,651,1456
754,225,979
1224,665,1889
1031,482,1513
410,928,1338
438,602,1040
840,709,1549
403,1277,1680
448,252,700
1089,872,1961
403,736,1139
675,558,1233
674,913,1587
453,658,1111
437,1876,2313
781,687,1468
1079,823,1902
711,757,1468
634,718,1352
516,817,1333
676,641,1317
310,1139,1449
711,778,1489
550,536,1086
903,619,1522
845,532,1377
532,1134,1666
455,1879,2334
876,798,1674
673,696,1369
664,315,979
1064,675,1739
669,519,1188
252,496,748
470,384,854
586,1762,2348
513,1312,1825
550,740,1290
77,1241,1318
658,951,1609
432,343,775
853,1118,1971
944,1087,2031
408,620,1028
1152,798,1950
1790,851,2641
245,757,1002
242,626,868
1650,973,2623
523,624,1147
918,1018,1936
351,494,845
1678,644,2322
530,675,1205
496,1169,1665
222,307,529
646,1117,1763
725,389,1114
543,1270,1813
1297,1449,2746
829,649,1478
888,340,1228
150,1210,1360
1263,479,1742
253,313,566
209,1232,1441
869,597,1466
668,826,1494
1087,1591,2678
710,1832,2542
903,462,1365
922,742,1664
543,1805,2348
353,430,783
666,919,1585
785,612,1397
346,1587,1933
854,1269,2123
943,823,1766
335,735,1070
901,1039,1940
1150,639,1789
1199,433,1632
70,562,632
918,1042,1960
1311,547,1858
1104,569,1673
399,398,797
881,407,1288
418,567,985
265,1545,1810
677,579,1256
110,694,804
140,910,1050
1464,696,2160
334,343,677
335,679,1014
333,764,1097
562,324,886
729,531,1260
487,561,1048
1451,547,1998
690,540,1230
394,1093,1487
968,613,1581
440,433,873
941,632,1573
1600,614,2214
289,547,836
433,537,970
464,568,1032
470,576,1046
455,416,871
203,1154,1357
61,505,566
583,452,1035
1487,862,2349
511,561,1072
270,450,720
506,641,1147
603,828,1431
653,2035,2688
298,1124,1422
535,252,787
607,604,1211
638,646,1284
21,2156,2177
522,976,1498
577,261,838
480,700,1180
291,1010,1301
743,764,1507
544,746,1290
51,2159,2210
649,866,1515
247,1340,1587
453,865,1318
378,646,1024
503,968,1471
946,1018,1964
317,564,881
1851,483,2334
490,959,1449
855,455,1310
469,625,1094
408,660,1068
697,490,1187
1024,910,1934
333,312,645
1054,490,1544
596,619,1215
877,295,1172
47,473,520
559,1260,1819
87,471,558
633,914,1547
2022,702,2724
873,833,1706
1317,1238,2555
386,1135,1521
627,1050,1677
412,1524,1936
175,535,710
291,1392,1683
170,907,1077
750,862,1612
200,851,1051
777,1092,1869
341,1816,2157
122,569,691
435,1631,2066
918,1198,2116
579,1639,2218
401,559,960
575,548,1123
464,629,1093
432,823,1255
1232,757,1989
404,578,982
195,1656,1851
886,378,1264
237,693,930
876,1121,1997
1734,291,2025
2187,1003,3190
731,559,1290
1157,453,1610
191,937,1128
1101,436,1537
1413,591,2004
677,381,1058
588,378,966
863,1182,2045
1033,702,1735
786,289,1075
547,667,1214
664,1046,1710
840,996,1836
797,434,1231
92,298,390
797,380,1177
29,1785,1814
597,936,1533
473,450,923
111,308,419
768,264,1032
378,1487,1865
733,891,1624
50,1550,1600
464,524,988
957,574,1531
224,345,569
162,294,456
79,513,592
497,878,1375
796,334,1130
116,385,501
233,407,640
798,1150,1948
644,1174,1818
1144,634,1778
885,1036,1921
97,561,658
521,881,1402
223,467,690
706,336,1042
230,1752,1982
470,1058,1528
1684,686,2370
117,887,1004
279,1043,1322
689,761,1450
1064,166,1230
294,1043,1337
132,429,561
860,1770,2630
1432,850,2282
672,587,1259
1233,339,1572
1002,857,1859
124,822,946
844,531,1375
72,222,294
181,588,769
1454,1487,2941
691,977,1668
211,398,609
123,830,953
499,1155,1654
357,958,1315
270,426,696
607,430,1037
689,413,1102
440,1077,1517
1552,1276,2828
571,581,1152
283,887,1170
160,1011,1171
663,1324,1987
475,587,1062
344,772,1116
273,725,998
269,1059,1328
680,1455,2135
210,718,928
254,440,694
149,1169,1318
696,645,1341
1366,730,2096
172,1445,1617
539,630,1169
426,881,1307
575,579,1154
1001,1166,2167
265,1303,1568
693,655,1348
747,610,1357
830,709,1539
790,911,1701
539,507,1046
652,855,1507
899,639,1538
283,1025,1308
477,492,969
495,943,1438
220,480,700
1191,579,1770
1042,843,1885
577,281,858
964,463,1427
256,872,1128
540,657,1197
534,745,1279
1050,546,1596
720,484,1204
484,623,1107
290,877,1167
1312,658,1970
208,287,495
212,466,678
638,491,1129
481,1230,1711
824,476,1300
1304,579,1883
552,618,1170
617,1408,2025
1293,757,2050
999,1039,2038
417,1149,1566
232,815,1047
707,626,1333
466,1352,1818
361,661,1022
558,580,1138
454,765,1219
501,1260,1761
975,744,1719
315,646,961
262,392,654
922,360,1282
663,211,874
487,808,1295
785,875,1660
598,592,1190
357,500,857
767,445,1212
1005,948,1953
344,378,722
553,401,954
1026,311,1337
116,633,749
426,498,924
1100,465,1565
253,573,826
175,806,981
122,469,591
553,1395,1948
151,489,640
1356,388,1744
164,466,630
427,1398,1825
222,467,689
928,820,1748
459,594,1053
764,1101,1865
378,319,697
502,827,1329
776,1003,1779
266,782,1048
909,493,1402
488,1483,1971
384,500,884
552,720,1272
589,662,1251
261,291,552
180,711,891
385,342,727
340,751,1091
892,1213,2105
1086,391,1477
670,464,1134
490,577,1067
366,404,770
389,695,1084
721,479,1200
507,1722,2229
634,868,1502
991,510,1501
528,489,1017
567,663,1230
261,516,777
349,666,1015
620,587,1207
524,557,1081
32,1802,1834
350,1039,1389
359,508,867
235,321,556
491,792,1283
831,1233,2064
189,835,1024
303,454,757
588,1358,1946
294,1339,1633
102,683,785
253,662,915
243,690,933
512,494,1006
546,2396,2942
210,830,1040
382,1224,1606
51,2410,2461
783,1453,2236
375,570,945
417,386,803
667,621,1288
1572,571,2143
340,741,1081
701,998,1699
925,1582,2507
353,698,1051
1324,1171,2495
610,466,1076
606,588,1194
259,973,1232
905,1014,1919
460,481,941
504,793,1297
2266,507,2773
412,948,1360
867,1379,2246
2326,626,2952
1339,848,2187
1181,828,2009
485,504,989
415,647,1062
1736,809,2545
119,1052,1171
478,556,1034
1454,694,2148
1030,1255,2285
463,935,1398
44,673,717
459,887,1346
1004,725,1729
255,1249,1504
158,1322,1480
499,555,1054
617,850,1467
934,505,1439
951,777,1728
750,716,1466
430,265,695
959,638,1597
749,811,1560
919,837,1756
348,555,903
197,1501,1698
677,392,1069
1072,406,1478
811,529,1340
1388,575,1963
1129,434,1563
420,661,1081
742,1083,1825
257,401,658
270,1282,1552
683,813,1496
604,612,1216
491,529,1020
759,882,1641
770,430,1200
468,628,1096
861,1044,1905
465,857,1322
601,1422,2023
605,805,1410
397,2478,2875
1193,851,2044
576,2295,2871
1214,820,2034
632,649,1281
309,2122,2431
62,872,934
723,709,1432
524,950,1474
1336,618,1954
1216,389,1605
389,444,833
395,752,1147
993,784,1777
222,817,1039
985,1512,2497
544,786,1330
277,1066,1343
382,648,1030
2287,374,2661
211,374,585
515,807,1322
363,822,1185
799,723,1522
249,948,1197
538,677,1215
661,851,1512
672,328,1000
2164,349,2513
572,1017,1589
835,825,1660
453,813,1266
437,709,1146
943,454,1397
648,380,1028
373,1042,1415
263,855,1118
390,395,785
729,792,1521
795,323,1118
513,925,1438
478,636,1114
713,589,1302
349,1076,1425
285,974,1259
869,366,1235
589,931,1520
678,528,1206
730,559,1289
195,1137,1332
684,638,1322
960,460,1420
851,342,1193
837,825,1662
967,341,1308
78,497,575
564,1009,1573
619,1093,1712
49,492,541
612,1028,1640
962,671,1633
1506,150,1656
117,513,630
902,527,1429
111,670,781
961,469,1430
753,904,1657
27,492,519
865,826,1691
1987,474,2461
77,165,242
231,800,1031
20,748,768
148,762,910
314,417,731
120,347,467
46,754,800
163,482,645
406,610,1016
24,640,664
590,451,1041
119,783,902
875,975,1850
62,970,1032
167,475,642
862,871,1733
460,637,1097
983,1416,2399
288,636,924
309,464,773
267,1002,1269
23,1391,1414
570,955,1525
326,1063,1389
506,499,1005
82,945,1027
151,1351,1502
51,1544,1595
256,1200,1456
527,852,1379
213,901,1114
266,985,1251
102,883,985
459,1165,1624
297,879,1176
631,1102,1733
61,1618,1679
246,1503,1749
357,968,1325
616,419,1035
214,1790,2004
616,1089,1705
225,1411,1636
1274,437,1711
694,1355,2049
751,1045,1796
701,1231,1932
639,1237,1876
877,537,1414
1071,997,2068
1333,741,2074
291,712,1003
337,946,1283
1603,363,1966
1356,594,1950
282,780,1062
592,1236,1828
545,640,1185
1139,839,1978
1133,610,1743
1108,480,1588
963,919,1882
665,1146,1811
726,676,1402
252,753,1005
796,1015,1811
800,765,1565
1101,1104,2205
1086,734,1820
724,902,1626
569,264,833
793,893,1686
968,731,1699
946,815,1761
562,672,1234
325,513,838
1203,356,1559
1272,1041,2313
500,382,882
621,827,1448
27,389,416
1168,556,1724
374,653,1027
621,407,1028
139,320,459
786,750,1536
300,915,1215
623,604,1227
704,877,1581
701,731,1432
990,780,1770
1022,857,1879
428,697,1125
657,905,1562
695,692,1387
384,510,894
496,815,1311
790,515,1305
837,808,1645
1045,1190,2235
718,221,939
329,677,1006
451,1053,1504
175,916,1091
988,892,1880
262,715,977
481,1413,1894
536,316,852
512,555,1067
430,1230,1660
591,459,1050
635,373,1008
695,383,1078
624,192,816
731,756,1487
809,1721,2530
733,315,1048
742,464,1206
667,999,1666
310,964,1274
825,1599,2424
897,343,1240
1042,235,1277
220,1172,1392
667,1214,1881
669,1257,1926
515,1620,2135
437,1090,1527
1070,468,1538
940,465,1405
612,1149,1761
558,1748,2306
995,378,1373
1005,406,1411
412,1340,1752
408,1186,1594
1556,658,2214
1097,627,1724
1190,616,1806
937,707,1644
46,505,551
60,722,782
96,592,688
1190,870,2060
716,1708,2424
952,405,1357
26,507,533
55,815,870
107,583,690
36,628,664
66,814,880
22,731,753
1171,1012,2183
209,706,915
200,456,656
118,934,1052
262,903,1165
329,564,893
364,693,1057
30,1095,1125
534,627,1161
474,593,1067
1372,469,1841
245,920,1165
336,596,932
42,947,989
177,744,921
365,702,1067
261,684,945
1262,1071,2333
20,978,998
509,595,1104
204,681,885
577,689,1266
459,789,1248
718,477,1195
264,589,853
512,679,1191
1707,1155,2862
758,619,1377
316,618,934
303,1027,1330
701,487,1188
1564,1232,2796
522,335,857
676,868,1544
346,705,1051
354,600,954
432,606,1038
409,832,1241
505,924,1429
426,701,1127
536,963,1499
210,579,789
520,335,855
310,840,1150
486,710,1196
757,857,1614
111,677,788
760,670,1430
402,652,1054
920,687,1607
565,615,1180
491,1315,1806
173,622,795
369,1324,1693
438,898,1336
1081,545,1626
565,988,1553
414,880,1294
514,936,1450
428,1542,1970
739,649,1388
674,335,1009
768,518,1286
411,539,950
549,973,1522
514,474,988
915,1068,1983
518,907,1425
841,1336,2177
479,512,991
509,1372,1881
357,1077,1434
153,454,607
532,941,1473
791,691,1482
392,1182,1574
528,675,1203
1003,680,1683
859,704,1563
317,416,733
1251,799,2050
757,666,1423
1236,948,2184
393,562,955
879,659,1538
360,543,903
801,1195,1996
1123,378,1501
396,777,1173
726,913,1639
254,1058,1312
41,697,738
558,633,1191
567,2487,3054
961,710,1671
552,1172,1724
621,509,1130
565,720,1285
1461,1003,2464
191,605,796
793,530,1323
1247,1178,2425
416,555,971
808,798,1606
892,506,1398
494,557,1051
1114,628,1742
752,2320,3072
1135,905,2040
301,2941,3242
361,853,1214
920,2291,3211
432,1078,1510
623,2893,3516
591,484,1075
776,506,1282
340,552,892
127,880,1007
2402,528,2930
322,1041,1363
111,449,560
1094,2462,3556
950,435,1385
485,583,1068
291,619,910
430,681,1111
2206,591,2797
519,934,1453
782,609,1391
554,495,1049
2789,691,3480
832,3377,4209
436,509,945
434,612,1046
2836,548,3384
544,541,1085
400,818,1218
793,599,1392
748,536,1284
595,523,1118
351,1017,1368
607,3325,3932
596,1250,1846
933,731,1664
563,583,1146
474,3224,3698
857,573,1430
139,532,671
515,866,1381
435,1337,1772
357,899,1256
363,609,972
451,675,1126
888,473,1361
318,812,1130
220,506,726
181,545,726
778,239,1017
490,496,986
237,1496,1733
498,450,948
1238,723,1961
810,303,1113
426,286,712
1400,377,1777
494,899,1393
417,391,808
2167,511,2678
478,515,993
2277,617,2894
339,1182,1521
527,802,1329
1438,412,1850
508,1423,1931
272,324,596
373,1617,1990
57,333,390
753,961,1714
579,1263,1842
498,669,1167
690,396,1086
274,1306,1580
293,451,744
516,1640,2156
276,404,680
571,1092,1663
427,1058,1485
209,670,879
268,509,777
406,1302,1708
351,523,874
184,1587,1771
333,484,817
802,871,1673
242,586,828
524,466,990
311,597,908
1266,462,1728
264,499,763
204,1280,1484
579,616,1195
218,604,822
371,427,798
599,500,1099
3315,482,3797
1194,589,1783
297,435,732
780,836,1616
1311,571,1882
1208,616,1824
341,541,882
552,293,845
358,558,916
491,304,795
65,438,503
805,759,1564
1487,778,2265
3301,1839,5140
340,555,895
462,605,1067
796,943,1739
1345,833,2178
3250,1873,5123
765,869,1634
1099,888,1987
311,906,1217
505,815,1320
475,2169,2644
221,354,575
77,479,556
372,1922,2294
553,496,1049
341,562,903
543,2822,3365
847,1140,1987
327,1053,1380
372,747,1119
604,487,1091
493,826,1319
1839,745,2584
510,528,1038
245,738,983
876,2181,3057
225,1019,1244
597,670,1267
1744,652,2396
583,637,1220
174,915,1089
356,935,1291
1801,693,2494
340,998,1338
374,574,948
381,827,1208
623,732,1355
491,541,1032
2029,1187,3216
844,433,1277
377,1006,1383
304,507,811
444,439,883
918,401,1319
475,1906,2381
580,430,1010
391,1373,1764
609,870,1479
2627,947,3574
490,777,1267
392,1391,1783
910,654,1564
749,1973,2722
495,1514,2009
518,1151,1669
2085,1035,3120
760,1410,2170
666,853,1519
749,222,971
652,1097,1749
811,1846,2657
1097,1118,2215
577,686,1263
233,978,1211
760,1582,2342
436,877,1313
19,467,486
1319,291,1610
1101,882,1983
967,672,1639
1523,328,1851
448,1116,1564
703,1031,1734
552,1021,1573
345,902,1247
728,450,1178
17,654,671
1063,478,1541
486,655,1141
1110,1335,2445
31,842,873
378,512,890
1019,596,1615
555,698,1253
302,631,933
639,880,1519
1355,470,1825
369,728,1097
606,1296,1902
1668,712,2380
250,1885,2135
469,477,946
1107,445,1552
733,1579,2312
563,2259,2822
498,474,972
57,730,787
983,958,1941
806,1946,2752
1463,839,2302
288,451,739
104,733,837
1126,619,1745
653,526,1179
42,907,949
724,504,1228
883,658,1541
35,1036,1071
1803,914,2717
1158,894,2052
302,566,868
616,790,1406
2097,471,2568
368,642,1010
166,871,1037
424,669,1093
1293,488,1781
77,1535,1612
411,791,1202
472,842,1314
742,1118,1860
717,1063,1780
624,812,1436
978,941,1919
357,904,1261
771,685,1456
774,733,1507
1897,481,2378
405,866,1271
652,721,1373
717,511,1228
245,1293,1538
238,827,1065
129,681,810
788,590,1378
612,483,1095
788,760,1548
582,665,1247
393,795,1188
452,371,823
502,1218,1720
202,800,1002
392,1250,1642
507,461,968
628,1088,1716
462,1341,1803
820,544,1364
754,857,1611
963,805,1768
382,1476,1858
662,527,1189
402,388,790
531,1136,1667
1164,674,1838
698,1202,1900
756,757,1513
394,468,862
239,813,1052
570,736,1306
590,528,1118
1122,508,1630
1148,475,1623
231,1083,1314
1177,513,1690
367,1005,1372
684,547,1231
1080,488,1568
592,738,1330
1047,1043,2090
212,468,680
875,658,1533
639,761,1400
884,1143,2027
508,483,991
1049,481,1530
263,828,1091
715,748,1463
379,733,1112
428,1170,1598
650,551,1201
604,835,1439
701,781,1482
645,1654,2299
678,965,1643
500,440,940
293,868,1161
476,507,983
638,532,1170
217,683,900
717,606,1323
723,737,1460
363,560,923
1010,657,1667
441,1174,1615
930,1107,2037
292,1148,1440
592,948,1540
224,653,877
646,779,1425
444,1196,1640
494,1214,1708
562,823,1385
611,777,1388
350,454,804
966,1007,1973
379,892,1271
213,567,780
527,780,1307
1031,1199,2230
376,829,1205
230,1277,1507
362,1206,1568
1082,362,1444
990,498,1488
613,413,1026
591,704,1295
1118,1146,2264
513,667,1180
369,1183,1552
470,884,1354
680,665,1345
525,820,1345
649,596,1245
510,935,1445
623,438,1061
736,687,1423
487,1092,1579
700,590,1290
185,1132,1317
349,461,810
973,452,1425
756,1398,2154
248,646,894
524,325,849
1024,559,1583
1000,1059,2059
577,319,896
716,761,1477
936,600,1536
474,955,1429
1026,580,1606
275,822,1097
357,457,814
643,1312,1955
1129,924,2053
1017,2526,3543
265,313,578
636,1520,2156
1046,877,1923
1574,1878,3452
208,425,633
567,1798,2365
208,459,667
975,902,1877
658,1877,2535
734,882,1616
417,574,991
272,570,842
1011,724,1735
186,1061,1247
247,403,650
1257,878,2135
397,728,1125
1240,603,1843
2130,407,2537
383,1215,1598
135,803,938
350,558,908
1031,967,1998
192,611,803
1357,743,2100
638,929,1567
607,806,1413
658,523,1181
1790,458,2248
825,735,1560
359,633,992
337,933,1270
388,933,1321
357,783,1140
470,1030,1500
502,1092,1594
474,711,1185
719,806,1525
1944,492,2436
287,530,817
762,543,1305
579,844,1423
585,259,844
657,1203,1860
613,1259,1872
680,799,1479
559,1382,1941
595,290,885
850,809,1659
1683,661,2344
620,264,884
791,862,1653
1034,928,1962
867,863,1730
707,1193,1900
442,450,892
678,1038,1716
132,438,570
676,354,1030
716,671,1387
365,655,1020
505,866,1371
456,583,1039
1140,849,1989
583,589,1172
186,596,782
208,430,638
467,800,1267
995,555,1550
626,840,1466
273,520,793
1017,560,1577
869,497,1366
759,579,1338
325,440,765
733,483,1216
829,732,1561
728,1330,2058
613,1456,2069
456,319,775
622,878,1500
277,1634,1911
858,529,1387
509,473,982
630,1745,2375
425,340,765
702,1672,2374
163,1716,1879
485,561,1046
742,687,1429
29,802,831
368,545,913
627,609,1236
770,683,1453
253,924,1177
318,1735,2053
831,464,1295
380,1725,2105
351,917,1268
415,754,1169
1288,999,2287
1059,1271,2330
394,1681,2075
1572,563,2135
1275,1207,2482
1631,584,2215
191,1946,2137
415,732,1147
318,2399,2717
545,942,1487
1470,668,2138
699,643,1342
606,482,1088
374,519,893
816,670,1486
1474,810,2284
520,732,1252
174,1385,1559
469,520,989
436,693,1129
465,1370,1835
885,298,1183
791,413,1204
681,2060,2741
1568,972,2540
511,574,1085
1678,870,2548
1919,1051,2970
360,1470,1830
1028,838,1866
544,770,1314
301,840,1141
917,380,1297
355,1266,1621
768,956,1724
489,1550,2039
1204,1009,2213
2309,563,2872
245,1635,1880
559,839,1398
683,443,1126
432,870,1302
705,458,1163
210,1531,1741
694,1092,1786
1185,804,1989
436,1140,1576
2046,725,2771
293,1582,1875
911,611,1522
740,1320,2060
420,619,1039
1364,746,2110
815,795,1610
580,1449,2029
1075,773,1848
931,619,1550
857,498,1355
216,1057,1273
544,635,1179
879,851,1730
1087,370,1457
417,594,1011
634,618,1252
901,868,1769
618,332,950
692,888,1580
736,947,1683
749,1026,1775
634,632,1266
1434,588,2022
641,922,1563
322,720,1042
1641,562,2203
956,849,1805
1282,1012,2294
210,1490,1700
495,1212,1707
307,1522,1829
1507,1472,2979
831,986,1817
575,1282,1857
797,723,1520
446,1396,1842
679,1373,2052
194,1398,1592
834,732,1566
1411,2249,3660
916,472,1388
870,1195,2065
440,1153,1593
611,408,1019
509,1144,1653
1313,317,1630
344,406,750
455,1285,1740
263,302,565
1384,2081,3465
1347,734,2081
695,1814,2509
590,1799,2389
425,1769,2194
477,1757,2234
254,759,1013
533,1805,2338
221,224,445
774,1914,2688
244,507,751
1386,732,2118
536,929,1465
1093,572,1665
482,1735,2217
1430,240,1670
271,2124,2395
127,2294,2421
584,1925,2509
428,312,740
2146,941,3087
1154,945,2099
325,2341,2666
1349,951,2300
1562,814,2376
57,1214,1271
267,982,1249
1626,912,2538
304,2584,2888
1493,960,2453
52,518,570
392,896,1288
369,2617,2986
1679,471,2150
175,2313,2488
1454,1312,2766
778,459,1237
1798,1099,2897
806,2385,3191
1884,1246,3130
70,826,896
1916,1608,3524
349,1190,1539
2534,821,3355
454,2556,3010
1963,1057,3020
1073,485,1558
367,607,974
228,1058,1286
650,849,1499
1309,1791,3100
711,816,1527
32,2269,2301
2236,1143,3379
1698,1167,2865
2544,1152,3696
2206,1035,3241
635,773,1408
2417,908,3325
109,1106,1215
781,1091,1872
411,1507,1918
479,790,1269
667,734,1401
2256,1406,3662
323,1181,1504
454,1058,1512
744,802,1546
905,649,1554
937,1351,2288
608,1579,2187
754,1302,2056
1477,1843,3320
840,1277,2117
309,1300,1609
792,1454,2246
161,2632,2793
1011,1828,2839
967,808,1775
605,1463,2068
1699,1131,2830
394,843,1237
2304,527,2831
2539,199,2738
1206,771,1977
584,830,1414
694,1021,1715
944,1688,2632
1652,224,1876
1048,1084,2132
680,785,1465
1196,1835,3031
1546,1537,3083
909,941,1850
586,1039,1625
593,1322,1915
1026,1325,2351
878,1840,2718
1103,898,2001
769,2262,3031
474,2000,2474
2076,1767,3843
1160,776,1936
468,900,1368
501,919,1420
842,672,1514
1188,286,1474
1295,1468,2763
945,553,1498
764,2043,2807
1428,1191,2619
878,1950,2828
175,479,654
891,1473,2364
767,813,1580
64,168,232
589,2122,2711
1302,781,2083
1071,750,1821
1040,1571,2611
1896,566,2462
1482,1054,2536
1232,805,2037
553,818,1371
105,315,420
1615,824,2439
1387,1321,2708
1136,1735,2871
298,349,647
1967,571,2538
146,485,631
168,744,912
338,617,955
534,515,1049
186,504,690
328,707,1035
1592,967,2559
1680,916,2596
159,488,647
1232,805,2037
1874,873,2747
1989,964,2953
1126,1548,2674
755,1011,1766
33,810,843
553,546,1099
792,616,1408
308,629,937
444,787,1231
1436,1204,2640
655,707,1362
363,487,850
25,1316,1341
719,695,1414
390,333,723
563,635,1198
942,608,1550
213,820,1033
594,624,1218
608,550,1158
561,615,1176
338,630,968
381,1135,1516
161,600,761
810,1028,1838
505,879,1384
1047,390,1437
571,724,1295
824,955,1779
791,425,1216
553,440,993
843,436,1279
674,889,1563
73,440,513
139,564,703
170,1118,1288
545,1013,1558
794,294,1088
607,908,1515
118,638,756
819,559,1378
953,679,1632
194,778,972
172,654,826
616,1599,2215
451,552,1003
773,1022,1795
120,459,579
241,499,740
405,1257,1662
486,525,1011
541,1367,1908
248,1734,1982
691,1817,2508
490,559,1049
625,1225,1850
234,1263,1497
662,738,1400
280,947,1227
734,547,1281
219,654,873
521,976,1497
944,1668,2612
38,1458,1496
338,736,1074
446,985,1431
985,577,1562
365,1220,1585
298,1752,2050
860,587,1447
431,1143,1574
1456,937,2393
581,1113,1694
1200,693,1893
23,432,455
694,775,1469
972,2113,3085
79,877,956
838,388,1226
530,2291,2821
507,727,1234
1055,889,1944
1185,620,1805
582,853,1435
253,1139,1392
941,1849,2790
1700,919,2619
251,809,1060
883,638,1521
1508,1048,2556
980,597,1577
1358,907,2265
1177,1030,2207
585,1508,2093
969,993,1962
431,1137,1568
383,1956,2339
315,1004,1319
802,806,1608
814,946,1760
1044,848,1892
378,1245,1623
475,2041,2516
882,906,1788
456,1091,1547
566,651,1217
1359,1450,2809
795,768,1563
737,556,1293
556,1744,2300
1844,1216,3060
586,960,1546
829,492,1321
1785,948,2733
848,741,1589
948,684,1632
607,517,1124
593,944,1537
1059,667,1726
847,1462,2309
889,525,1414
765,485,1250
1305,380,1685
1480,1075,2555
636,404,1040
694,1210,1904
244,543,787
780,488,1268
123,1087,1210
373,526,899
2062,866,2928
430,537,967
867,503,1370
1560,864,2424
509,522,1031
984,1551,2535
580,640,1220
531,516,1047
347,493,840
455,509,964
1670,1602,3272
738,906,1644
1298,640,1938
342,1481,1823
1904,1575,3479
788,654,1442
241,652,893
378,1550,1928
252,676,928
767,1109,1876
1065,1492,2557
191,661,852
381,492,873
679,1163,1842
483,1069,1552
809,571,1380
421,594,1015
334,585,919
1411,636,2047
348,600,948
419,1279,1698
398,819,1217
1440,445,1885
391,587,978
735,1749,2484
192,771,963
902,1534,2436
365,611,976
816,1147,1963
448,734,1182
760,1073,1833
1293,1107,2400
335,791,1126
269,922,1191
674,1756,2430
503,495,998
339,773,1112
1059,495,1554
469,865,1334
531,650,1181
951,736,1687
644,474,1118
157,538,695
752,1464,2216
246,492,738
201,546,747
452,642,1094
512,683,1195
472,497,969
703,691,1394
841,546,1387
511,754,1265
1273,913,2186
1706,653,2359
1460,1011,2471
1087,758,1845
648,452,1100
451,539,990
428,569,997
301,503,804
1513,732,2245
1071,1052,2123
1014,756,1770
434,659,1093
747,198,945
477,841,1318
796,341,1137
192,830,1022
748,622,1370
1444,752,2196
834,357,1191
526,953,1479
783,388,1171
388,971,1359
886,974,1860
925,773,1698
1096,459,1555
499,746,1245
529,781,1310
564,403,967
1404,1621,3025
513,712,1225
730,1278,2008
959,1045,2004
810,837,1647
340,1117,1457
436,1227,1663
521,836,1357
663,850,1513
679,933,1612
299,664,963
812,911,1723
466,877,1343
847,278,1125
662,1270,1932
263,915,1178
860,305,1165
586,1135,1721
696,782,1478
267,992,1259
970,2501,3471
1189,195,1384
144,1015,1159
1158,1896,3054
792,408,1200
628,916,1544
861,1115,1976
576,744,1320
1076,691,1767
437,630,1067
513,1380,1893
733,1914,2647
992,601,1593
610,1185,1795
874,441,1315
680,2839,3519
1075,941,2016
868,521,1389
1002,637,1639
1068,596,1664
905,356,1261
806,1062,1868
1049,514,1563
996,1158,2154
714,2481,3195
245,335,580
184,1795,1979
33,512,545
928,1152,2080
1425,1473,2898
1099,650,1749
33,513,546
1168,312,1480
288,293,581
1191,583,1774
279,1947,2226
1492,1541,3033
872,719,1591
2352,1084,3436
192,492,684
230,356,586
1745,1284,3029
924,881,1805
342,707,1049
391,2130,2521
451,536,987
1303,1200,2503
648,420,1068
573,446,1019
2730,700,3430
695,293,988
37,1129,1166
99,478,577
17,894,911
1110,484,1594
75,1262,1337
232,318,550
96,442,538
809,764,1573
79,540,619
642,628,1270
55,1438,1493
1647,952,2599
596,767,1363
972,607,1579
268,308,576
217,487,704
1019,499,1518
1005,582,1587
322,452,774
280,553,833
72,664,736
462,571,1033
58,770,828
333,570,903
489,311,800
1130,432,1562
75,1034,1109
257,442,699
574,650,1224
160,656,816
571,618,1189
1814,1083,2897
356,469,825
1946,1215,3161
330,489,819
2394,966,3360
398,666,1064
422,536,958
93,841,934
1631,1732,3363
526,275,801
341,845,1186
356,1159,1515
326,522,848
468,668,1136
913,611,1524
402,1174,1576
275,1530,1805
472,801,1273
326,865,1191
727,974,1701
391,1150,1541
538,524,1062
236,891,1127
565,1147,1712
477,1387,1864
73,967,1040
537,957,1494
606,486,1092
380,793,1173
1183,576,1759
657,426,1083
642,732,1374
322,615,937
354,743,1097
1470,567,2037
493,2411,2904
600,539,1139
697,1909,2606
983,722,1705
656,666,1322
796,362,1158
523,616,1139
383,812,1195
831,484,1315
853,500,1353
692,2382,3074
727,1070,1797
163,387,550
899,709,1608
524,779,1303
256,2404,2660
1391,678,2069
293,764,1057
270,779,1049
1234,1802,3036
1076,964,2040
535,600,1135
198,710,908
542,1116,1658
184,440,624
2109,604,2713
1287,898,2185
417,872,1289
644,2030,2674
1026,1016,2042
296,307,603
455,763,1218
676,1107,1783
215,686,901
346,673,1019
475,898,1373
2244,623,2867
362,472,834
244,656,900
325,881,1206
555,845,1400
567,592,1159
437,681,1118
689,744,1433
266,833,1099
511,916,1427
546,553,1099
755,670,1425
649,865,1514
661,581,1242
467,812,1279
453,582,1035
22,496,518
360,762,1122
227,622,849
612,327,939
547,582,1129
535,706,1241
2280,632,2912
1772,1097,2869
87,496,583
454,408,862
1613,1374,2987
622,624,1246
503,497,1000
1937,1049,2986
853,336,1189
545,735,1280
846,914,1760
140,592,732
898,1020,1918
454,443,897
532,309,841
595,1341,1936
1328,203,1531
423,433,856
322,351,673
763,1176,1939
731,671,1402
803,295,1098
254,465,719
386,1046,1432
531,616,1147
813,217,1030
448,665,1113
989,861,1850
843,1377,2220
537,1203,1740
316,485,801
933,1036,1969
691,812,1503
843,346,1189
1163,384,1547
480,637,1117
857,334,1191
1148,353,1501
836,516,1352
875,369,1244
506,1257,1763
129,534,663
138,396,534
138,577,715
1278,630,1908
43,223,266
703,1273,1976
521,1080,1601
986,955,1941
147,473,620
944,1163,2107
172,551,723
381,1319,1700
176,571,747
1092,1012,2104
849,969,1818
725,1492,2217
1057,937,1994
191,710,901
425,702,1127
24,426,450
146,538,684
59,345,404
809,382,1191
1066,849,1915
1298,960,2258
97,715,812
762,374,1136
135,895,1030
132,781,913
508,286,794
245,971,1216
27,522,549
355,828,1183
734,604,1338
1060,1117,2177
128,934,1062
136,732,868
35,782,817
808,772,1580
184,297,481
403,975,1378
809,725,1534
875,672,1547
229,893,1122
267,826,1093
191,984,1175
721,704,1425
152,446,598
306,1066,1372
854,823,1677
671,585,1256
217,501,718
796,664,1460
279,951,1230
250,552,802
818,514,1332
597,501,1098
974,541,1515
649,839,1488
514,427,941
582,663,1245
847,604,1451
185,528,713
487,1240,1727
463,535,998
567,706,1273
344,875,1219
367,820,1187
466,955,1421
630,1760,2390
245,1063,1308
411,836,1247
401,1484,1885
666,807,1473
656,1665,2321
448,795,1243
761,1505,2266
509,782,1291
433,1142,1575
898,1082,1980
375,1100,1475
798,1407,2205
594,842,1436
549,1352,1901
361,641,1002
516,1695,2211
354,900,1254
457,1566,2023
362,851,1213
441,1063,1504
1437,603,2040
545,1613,2158
274,927,1201
696,1443,2139
745,1869,2614
1424,511,1935
449,1343,1792
1593,848,2441
592,693,1285
880,536,1416
688,1663,2351
1538,817,2355
1566,642,2208
412,509,921
543,846,1389
451,1110,1561
623,1619,2242
538,836,1374
272,612,884
914,829,1743
660,1908,2568
453,599,1052
937,656,1593
1474,851,2325
955,735,1690
625,1097,1722
1136,719,1855
1754,404,2158
1249,717,1966
351,1471,1822
532,601,1133
1300,761,2061
489,608,1097
1005,906,1911
1156,779,1935
534,591,1125
477,281,758
383,669,1052
652,1385,2037
440,1038,1478
642,1081,1723
578,613,1191
323,1774,2097
501,1003,1504
468,1716,2184
473,633,1106
375,746,1121
1007,1125,2132
1101,1023,2124
812,731,1543
320,1274,1594
1746,266,2012
1339,1625,2964
379,1022,1401
764,1221,1985
516,815,1331
547,1103,1650
497,1351,1848
923,396,1319
972,1316,2288
675,1539,2214
94,1540,1634
431,1067,1498
1205,982,2187
628,1245,1873
656,877,1533
407,1209,1616
628,1569,2197
947,429,1376
622,1347,1969
914,1253,2167
628,1066,1694
749,745,1494
1402,709,2111
338,628,966
964,2014,2978
1459,697,2156
330,616,946
1204,541,1745
156,1874,2030
1351,681,2032
577,2227,2804
1216,853,2069
583,1707,2290
1377,1012,2389
1194,880,2074
339,254,593
630,1703,2333
785,2133,2918
1644,973,2617
1017,882,1899
1295,1224,2519
1106,1093,2199
796,2123,2919
687,557,1244
1091,1155,2246
1885,787,2672
1495,654,2149
1046,1390,2436
1447,963,2410
1190,988,2178
1264,1056,2320
642,532,1174
873,1531,2404
57,1154,1211
637,521,1158
676,1110,1786
493,665,1158
95,440,535
1035,1199,2234
514,558,1072
494,787,1281
1868,805,2673
2051,457,2508
401,700,1101
1303,460,1763
151,926,1077
1716,589,2305
2049,648,2697
1466,445,1911
338,368,706
401,741,1142
1017,460,1477
373,1109,1482
204,1006,1210
821,741,1562
672,653,1325
813,481,1294
1507,1720,3227
411,512,923
760,587,1347
1729,461,2190
354,476,830
515,979,1494
383,1015,1398
729,1250,1979
275,452,727
614,1025,1639
857,687,1544
445,685,1130
622,615,1237
797,896,1693
265,949,1214
992,738,1730
583,915,1498
428,1220,1648
450,708,1158
411,749,1160
736,849,1585
497,1169,1666
322,811,1133
483,637,1120
768,796,1564
1107,536,1643
441,608,1049
326,466,792
1704,1693,3397
899,774,1673
525,2246,2771
887,289,1176
1083,305,1388
918,914,1832
229,1289,1518
882,353,1235
575,411,986
926,1100,2026
588,1043,1631
583,465,1048
408,1022,1430
1377,1380,2757
722,428,1150
403,513,916
413,413,826
298,1918,2216
1564,1189,2753
1133,566,1699
900,902,1802
229,1095,1324
906,1061,1967
689,567,1256
185,422,607
95,517,612
1156,1206,2362
2189,435,2624
1142,574,1716
358,488,846
997,1395,2392
276,1214,1490
1000,544,1544
356,484,840
338,1128,1466
903,797,1700
1287,629,1916
102,724,826
900,584,1484
1862,539,2401
472,548,1020
387,736,1123
400,573,973
980,623,1603
799,920,1719
476,692,1168
918,572,1490
448,583,1031
1241,435,1676
446,518,964
524,541,1065
1084,495,1579
411,499,910
793,928,1721
564,1298,1862
335,735,1070
1014,913,1927
264,442,706
203,501,704
562,746,1308
423,486,909
89,567,656
382,660,1042
637,1676,2313
774,615,1389
419,303,722
540,514,1054
922,1532,2454
207,724,931
416,679,1095
133,502,635
198,795,993
765,432,1197
395,791,1186
583,584,1167
486,301,787
618,1066,1684
293,953,1246
162,1172,1334
534,428,962
404,749,1153
308,555,863
174,1209,1383
1134,1161,2295
820,495,1315
271,832,1103
552,2940,3492
407,789,1196
1568,678,2246
711,2945,3656
482,999,1481
341,958,1299
590,836,1426
562,613,1175
621,743,1364
492,649,1141
591,526,1117
143,619,762
1463,585,2048
887,2304,3191
296,422,718
243,1121,1364
996,792,1788
382,722,1104
536,569,1105
440,685,1125
82,1061,1143
213,928,1141
899,488,1387
2818,587,3405
139,848,987
375,1009,1384
841,718,1559
471,534,1005
312,869,1181
432,1018,1450
451,923,1374
957,784,1741
2829,672,3501
339,685,1024
806,530,1336
846,713,1559
602,733,1335
484,689,1173
338,870,1208
945,500,1445
71,737,808
685,652,1337
2071,725,2796
512,833,1345
534,1117,1651
277,741,1018
577,883,1460
471,548,1019
451,876,1327
712,590,1302
421,429,850
836,484,1320
648,917,1565
894,885,1779
653,413,1066
661,651,1312
826,936,1762
513,714,1227
968,1218,2186
393,573,966
929,694,1623
334,918,1252
530,686,1216
639,1057,1696
512,591,1103
307,974,1281
569,827,1396
677,324,1001
398,783,1181
630,716,1346
832,876,1708
401,961,1362
551,892,1443
91,602,693
495,926,1421
892,423,1315
525,618,1143
381,425,806
633,923,1556
298,467,765
611,856,1467
571,547,1118
635,725,1360
441,643,1084
580,1194,1774
416,1355,1771
388,664,1052
1140,341,1481
799,883,1682
864,325,1189
624,724,1348
971,844,1815
865,770,1635
36,459,495
983,715,1698
1000,1079,2079
791,517,1308
714,433,1147
806,896,1702
876,1209,2085
22,540,562
878,714,1592
418,889,1307
26,444,470
696,780,1476
866,718,1584
704,613,1317
821,648,1469
716,788,1504
1223,741,1964
57,591,648
193,612,805
38,931,969
300,591,891
123,702,825
37,873,910
87,895,982
681,1053,1734
599,1136,1735
38,1070,1108
361,960,1321
703,1352,2055
355,586,941
432,726,1158
365,1067,1432
314,842,1156
471,691,1162
1137,576,1713
499,426,925
444,839,1283
399,901,1300
344,567,911
358,1109,1467
670,710,1380
678,666,1344
541,847,1388
306,1207,1513
1107,487,1594
988,580,1568
836,634,1470
497,1049,1546
65,613,678
504,597,1101
503,745,1248
916,630,1546
547,1115,1662
439,1257,1696
946,494,1440
717,848,1565
732,751,1483
629,426,1055
271,1495,1766
580,1015,1595
621,627,1248
520,827,1347
255,1037,1292
484,1198,1682
582,604,1186
469,995,1464
332,1162,1494
511,403,914
323,1603,1926
435,581,1016
520,1602,2122
503,610,1113
1113,727,1840
322,543,865
812,839,1651
639,852,1491
770,764,1534
282,1091,1373
894,568,1462
1171,583,1754
911,664,1575
498,642,1140
1055,747,1802
936,606,1542
219,584,803
952,456,1408
1335,619,1954
1063,814,1877
394,726,1120
521,867,1388
187,342,529
932,986,1918
1091,821,1912
232,831,1063
1474,644,2118
322,993,1315
538,886,1424
646,703,1349
276,342,618
563,875,1438
562,769,1331
440,809,1249
219,709,928
222,616,838
613,1305,1918
413,578,991
137,849,986
474,446,920
671,1564,2235
773,1106,1879
347,431,778
589,378,967
209,748,957
595,395,990
1069,1236,2305
476,505,981
687,702,1389
538,1702,2240
620,423,1043
578,1752,2330
283,630,913
570,1218,1788
984,1429,2413
682,414,1096
681,383,1064
517,589,1106
561,656,1217
649,1490,2139
935,793,1728
1273,829,2102
934,1033,1967
777,535,1312
1064,298,1362
1662,408,2070
1692,523,2215
1077,302,1379
1289,319,1608
1138,345,1483
1231,438,1669
119,420,539
46,411,457
1053,470,1523
182,390,572
1367,313,1680
146,484,630
1359,408,1767
1756,236,1992
292,591,883
62,1121,1183
1210,690,1900
250,1340,1590
432,1046,1478
626,1024,1650
119,1165,1284
280,624,904
232,949,1181
807,721,1528
560,949,1509
381,1009,1390
1321,1250,2571
823,790,1613
223,1402,1625
986,1852,2838
666,1326,1992
620,951,1571
578,835,1413
269,1227,1496
122,1064,1186
108,1099,1207
553,316,869
241,1398,1639
690,1208,1898
168,1470,1638
578,1251,1829
502,1177,1679
682,1002,1684
570,1374,1944
707,1164,1871
348,524,872
421,764,1185
541,1525,2066
1286,651,1937
537,1208,1745
442,1634,2076
628,1283,1911
528,719,1247
648,1347,1995
886,1622,2508
486,595,1081
480,680,1160
328,1824,2152
1071,311,1382
458,967,1425
651,1389,2040
544,830,1374
676,803,1479
730,1376,2106
1565,841,2406
613,648,1261
1049,689,1738
389,520,909
709,430,1139
622,602,1224
1251,1207,2458
572,424,996
607,767,1374
1176,791,1967
633,356,989
194,726,920
1211,1246,2457
287,727,1014
777,270,1047
48,414,462
1627,788,2415
34,451,485
868,891,1759
1026,646,1672
44,468,512
747,842,1589
365,1170,1535
1566,822,2388
39,421,460
67,489,556
1355,1093,2448
402,1210,1612
542,1250,1792
656,1519,2175
767,1026,1793
1100,1076,2176
523,1363,1886
837,1096,1933
113,499,612
281,380,661
855,1198,2053
530,1133,1663
431,1267,1698
329,668,997
763,1833,2596
666,774,1440
164,791,955
73,1162,1235
796,1019,1815
415,637,1052
1083,1441,2524
1117,1039,2156
692,722,1414
557,775,1332
1080,1232,2312
423,1074,1497
280,882,1162
508,955,1463
371,1207,1578
1089,311,1400
1113,294,1407
463,1028,1491
364,840,1204
739,1603,2342
163,721,884
563,1817,2380
994,285,1279
1060,185,1245
1150,297,1447
1222,292,1514
240,1370,1610
598,457,1055
844,415,1259
1004,1264,2268
920,181,1101
1285,330,1615
458,1150,1608
640,437,1077
903,308,1211
614,1045,1659
1121,1529,2650
632,1232,1864
1371,569,1940
951,424,1375
1444,511,1955
1254,737,1991
1227,1017,2244
1170,968,2138
1156,469,1625
1249,1136,2385
971,435,1406
1456,626,2082
53,499,552
152,496,648
1123,687,1810
94,613,707
30,725,755
31,638,669
1261,736,1997
97,675,772
1090,978,2068
2028,188,2216
1232,1093,2325
235,648,883
102,642,744
112,194,306
24,799,823
980,521,1501
496,626,1122
23,858,881
940,1170,2110
362,437,799
1055,1089,2144
358,642,1000
435,986,1421
358,822,1180
517,764,1281
229,655,884
408,598,1006
63,929,992
542,810,1352
375,678,1053
535,644,1179
448,798,1246
665,822,1487
542,810,1352
589,769,1358
700,711,1411
842,749,1591
277,904,1181
454,765,1219
845,736,1581
589,779,1368
1102,240,1342
404,1144,1548
158,811,969
472,649,1121
868,1158,2026
553,819,1372
520,1694,2214
953,784,1737
1072,410,1482
567,638,1205
341,1477,1818
765,837,1602
383,1710,2093
802,798,1600
475,1406,1881
691,1039,1730
648,551,1199
909,475,1384
1589,344,1933
827,588,1415
644,1676,2320
947,818,1765
1106,361,1467
110,1162,1272
477,1653,2130
897,633,1530
66,499,565
27,2726,2753
708,318,1026
1003,996,1999
879,676,1555
869,830,1699
163,206,369
223,686,909
775,634,1409
245,453,698
153,2056,2209
28,977,1005
1213,329,1542
1614,535,2149
103,434,537
124,629,753
208,673,881
323,2458,2781
891,857,1748
327,570,897
198,2076,2274
912,2193,3105
29,812,841
390,702,1092
2541,609,3150
235,551,786
507,563,1070
253,954,1207
357,603,960
2226,603,2829
503,579,1082
618,707,1325
423,470,893
293,699,992
1575,692,2267
276,690,966
308,699,1007
78,1134,1212
300,2131,2431
2022,331,2353
358,1134,1492
706,668,1374
633,329,962
417,1017,1434
516,783,1299
1466,1000,2466
545,586,1131
789,1187,1976
399,726,1125
237,1157,1394
840,586,1426
462,1013,1475
615,1181,1796
1788,758,2546
608,1148,1756
581,858,1439
518,857,1375
260,669,929
486,607,1093
437,477,914
866,769,1635
339,1493,1832
1847,1283,3130
1089,691,1780
507,1081,1588
529,265,794
411,1244,1655
1073,328,1401
639,986,1625
561,529,1090
597,1476,2073
1128,534,1662
2040,1379,3419
1087,935,2022
1036,302,1338
499,1209,1708
615,1196,1811
1217,523,1740
715,1836,2551
616,549,1165
817,1234,2051
591,538,1129
609,1349,1958
579,864,1443
921,454,1375
110,1496,1606
406,1370,1776
954,586,1540
937,1679,2616
259,610,869
1590,654,2244
291,627,918
496,1461,1957
393,630,1023
1379,753,2132
813,838,1651
124,595,719
338,1562,1900
1264,607,1871
443,618,1061
310,531,841
1247,872,2119
1091,581,1672
855,920,1775
1063,974,2037
1275,873,2148
1040,750,1790
512,562,1074
477,695,1172
483,405,888
779,1763,2542
463,585,1048
1282,558,1840
1305,730,2035
1119,942,2061
424,668,1092
432,728,1160
335,692,1027
1350,762,2112
1776,1047,2823
501,669,1170
536,694,1230
749,534,1283
642,668,1310
791,502,1293
513,578,1091
698,496,1194
1350,855,2205
492,696,1188
597,617,1214
458,839,1297
481,447,928
660,608,1268
545,611,1156
254,849,1103
602,943,1545
497,593,1090
755,760,1515
1387,1002,2389
812,1590,2402
480,745,1225
478,378,856
436,946,1382
674,525,1199
1406,1317,2723
336,1672,2008
643,578,1221
567,809,1376
944,886,1830
877,808,1685
478,458,936
542,666,1208
370,691,1061
740,849,1589
351,1690,2041
508,755,1263
547,495,1042
810,796,1606
1474,774,2248
523,710,1233
429,668,1097
655,400,1055
1225,528,1753
457,827,1284
246,1052,1298
819,465,1284
425,776,1201
279,720,999
422,849,1271
699,650,1349
474,695,1169
533,663,1196
774,529,1303
477,1327,1804
1581,518,2099
584,471,1055
206,1028,1234
592,640,1232
450,814,1264
456,939,1395
655,752,1407
711,607,1318
621,1620,2241
716,820,1536
739,1135,1874
1438,1187,2625
563,1117,1680
620,843,1463
402,2268,2670
359,1039,1398
618,1038,1656
596,580,1176
848,928,1776
568,1159,1727
183,1030,1213
666,1124,1790
703,235,938
640,1026,1666
257,2267,2524
730,1669,2399
670,328,998
449,1057,1506
449,1236,1685
1137,1544,2681
589,1892,2481
573,1369,1942
173,1220,1393
577,847,1424
215,1038,1253
1025,531,1556
110,1181,1291
651,249,900
436,918,1354
2212,525,2737
558,1091,1649
506,1529,2035
870,587,1457
665,630,1295
616,956,1572
1012,682,1694
783,693,1476
862,661,1523
765,604,1369
1003,377,1380
324,954,1278
727,704,1431
1193,890,2083
947,1260,2207
1205,393,1598
714,703,1417
1001,296,1297
1142,857,1999
2185,619,2804
860,865,1725
104,1061,1165
285,372,657
847,620,1467
1351,715,2066
118,389,507
1396,1043,2439
767,441,1208
1495,645,2140
501,833,1334
1012,636,1648
359,351,710
1711,929,2640
1265,407,1672
239,603,842
62,681,743
442,362,804
110,685,795
927,484,1411
956,800,1756
612,323,935
300,433,733
470,829,1299
511,811,1322
210,956,1166
647,361,1008
299,939,1238
846,485,1331
537,511,1048
107,495,602
821,522,1343
31,553,584
791,541,1332
701,702,1403
462,669,1131
558,853,1411
42,616,658
112,539,651
663,561,1224
1208,1220,2428
72,468,540
700,733,1433
113,978,1091
630,779,1409
116,691,807
179,1255,1434
28,494,522
241,389,630
87,539,626
464,443,907
271,351,622
518,1152,1670
401,328,729
321,428,749
400,422,822
319,702,1021
131,594,725
407,711,1118
425,437,862
654,796,1450
301,453,754
604,1241,1845
308,802,1110
780,341,1121
794,384,1178
829,1211,2040
604,915,1519
112,428,540
750,410,1160
344,315,659
349,1268,1617
24,218,242
115,1300,1415
851,719,1570
649,730,1379
338,832,1170
41,478,519
139,563,702
124,697,821
636,796,1432
735,616,1351
157,415,572
96,674,770
654,916,1570
60,402,462
151,1471,1622
915,723,1638
100,700,800
437,450,887
71,793,864
213,428,641
250,536,786
36,943,979
145,547,692
521,1274,1795
1064,616,1680
206,758,964
404,550,954
655,1089,1744
1147,885,2032
281,593,874
424,468,892
575,598,1173
1398,681,2079
96,916,1012
402,588,990
989,518,1507
1197,802,1999
238,607,845
656,1459,2115
702,334,1036
304,606,910
289,754,1043
359,650,1009
586,685,1271
548,763,1311
479,619,1098
407,808,1215
321,898,1219
242,347,589
438,672,1110
687,934,1621
466,404,870
390,811,1201
288,483,771
813,1014,1827
511,1204,1715
668,712,1380
251,470,721
732,629,1361
342,511,853
763,717,1480
310,443,753
536,1133,1669
782,982,1764
88,1552,1640
493,616,1109
498,724,1222
395,1262,1657
881,547,1428
370,660,1030
843,1006,1849
273,725,998
855,419,1274
505,720,1225
27,2048,2075
469,452,921
396,791,1187
526,626,1152
128,482,610
374,621,995
421,927,1348
256,786,1042
544,509,1053
56,1125,1181
1179,1088,2267
456,463,919
580,814,1394
602,700,1302
322,719,1041
1354,1108,2462
618,902,1520
544,501,1045
519,393,912
925,741,1666
233,464,697
650,945,1595
659,855,1514
379,864,1243
1963,570,2533
499,1343,1842
782,813,1595
667,1041,1708
335,527,862
747,637,1384
271,615,886
829,1462,2291
439,912,1351
674,750,1424
240,1336,1576
1029,1336,2365
218,910,1128
732,1067,1799
796,882,1678
968,944,1912
597,959,1556
435,766,1201
433,955,1388
1349,267,1616
611,1656,2267
571,1050,1621
427,665,1092
335,1096,1431
646,1077,1723
949,945,1894
1174,625,1799
827,304,1131
1331,280,1611
404,1196,1600
890,931,1821
966,1666,2632
652,868,1520
881,772,1653
545,1183,1728
516,1272,1788
881,537,1418
915,674,1589
685,1390,2075
492,992,1484
749,683,1432
681,1038,1719
782,552,1334
964,675,1639
1148,284,1432
723,1666,2389
755,606,1361
984,1878,2862
528,316,844
1241,1198,2439
852,885,1737
758,862,1620
1061,483,1544
922,649,1571
861,931,1792
763,1063,1826
1019,382,1401
562,834,1396
897,875,1772
923,1067,1990
415,1785,2200
286,823,1109
698,662,1360
1623,1105,2728
551,345,896
1195,639,1834
95,1019,1114
1660,1175,2835
535,814,1349
1522,465,1987
2618,136,2754
476,521,997
702,543,1245
1125,756,1881
96,137,233
654,497,1151
124,1233,1357
791,719,1510
904,483,1387
752,509,1261
82,770,852
496,722,1218
274,580,854
146,150,296
161,696,857
690,688,1378
815,728,1543
269,1478,1747
421,2038,2459
198,1134,1332
570,678,1248
1197,1835,3032
777,483,1260
434,187,621
295,1326,1621
335,854,1189
215,662,877
481,382,863
165,352,517
381,408,789
1644,1455,3099
141,693,834
249,1163,1412
976,1019,1995
584,659,1243
323,818,1141
453,468,921
620,1049,1669
572,351,923
381,640,1021
1870,1172,3042
70,581,651
626,800,1426
44,306,350
486,1414,1900
430,566,996
728,670,1398
1159,990,2149
605,479,1084
389,1660,2049
495,600,1095
170,571,741
1114,1130,2244
447,1828,2275
697,442,1139
1730,614,2344
881,770,1651
268,654,922
721,1852,2573
567,814,1381
979,565,1544
270,666,936
409,313,722
1393,866,2259
519,550,1069
1262,1162,2424
110,296,406
683,1642,2325
143,1002,1145
840,329,1169
275,624,899
457,465,922
341,996,1337
321,805,1126
1292,1244,2536
171,773,944
541,667,1208
303,696,999
722,840,1562
1054,900,1954
296,540,836
764,591,1355
1573,874,2447
220,982,1202
414,508,922
257,750,1007
966,608,1574
1498,905,2403
322,1089,1411
940,443,1383
1736,840,2576
119,1032,1151
519,820,1339
772,388,1160
319,642,961
1032,1749,2781
670,682,1352
461,969,1430
664,940,1604
601,447,1048
1063,954,2017
1536,916,2452
518,411,929
632,450,1082
900,2011,2911
918,656,1574
406,984,1390
220,2009,2229
577,1044,1621
909,910,1819
1465,887,2352
944,1331,2275
566,776,1342
261,1357,1618
1505,745,2250
515,1204,1719
820,1224,2044
456,770,1226
434,1043,1477
931,1360,2291
82,1109,1191
729,1244,1973
411,1238,1649
695,1266,1961
418,911,1329
467,1092,1559
218,745,963
813,556,1369
323,1843,2166
1927,445,2372
116,1120,1236
740,1256,1996
1126,325,1451
564,1192,1756
707,1228,1935
813,1292,2105
692,758,1450
579,1483,2062
299,2237,2536
748,674,1422
827,681,1508
601,1747,2348
693,642,1335
729,1355,2084
1106,907,2013
190,2193,2383
382,657,1039
673,694,1367
963,869,1832
1114,1126,2240
853,307,1160
884,961,1845
1326,711,2037
1085,1418,2503
590,343,933
1655,426,2081
606,1717,2323
520,443,963
1152,740,1892
970,1248,2218
978,1252,2230
1002,699,1701
646,1194,1840
2170,590,2760
1054,1229,2283
806,433,1239
1019,1213,2232
2101,679,2780
584,715,1299
1142,1157,2299
822,1221,2043
1388,582,1970
410,679,1089
1084,1301,2385
1229,768,1997
1216,1008,2224
750,485,1235
1123,633,1756
576,451,1027
206,690,896
607,986,1593
182,461,643
551,577,1128
838,950,1788
928,454,1382
825,483,1308
804,464,1268
948,475,1423
70,1309,1379
393,446,839
266,589,855
699,521,1220
585,789,1374
164,673,837
1034,454,1488
391,1311,1702
347,442,789
436,561,997
222,1389,1611
491,1203,1694
484,1291,1775
445,570,1015
210,976,1186
565,476,1041
58,1294,1352
488,585,1073
463,607,1070
376,821,1197
559,1250,1809
275,1046,1321
683,551,1234
382,593,975
1314,710,2024
408,561,969
366,839,1205
72,1236,1308
397,876,1273
488,665,1153
384,845,1229
289,776,1065
509,480,989
1026,629,1655
413,712,1125
827,666,1493
1094,425,1519
492,879,1371
317,911,1228
1137,566,1703
530,1052,1582
476,598,1074
280,492,772
1069,491,1560
442,938,1380
819,483,1302
616,385,1001
661,1123,1784
1087,570,1657
666,461,1127
737,457,1194
771,939,1710
459,715,1174
1106,880,1986
771,687,1458
1248,542,1790
374,1303,1677
860,1014,1874
458,735,1193
539,487,1026
638,603,1241
737,1149,1886
653,782,1435
227,400,627
884,441,1325
133,743,876
392,1080,1472
293,772,1065
307,748,1055
738,811,1549
624,780,1404
837,1085,1922
400,758,1158
870,600,1470
439,821,1260
312,720,1032
932,1033,1965
1058,486,1544
639,498,1137
422,504,926
166,875,1041
446,488,934
348,1030,1378
1064,336,1400
497,505,1002
907,868,1775
631,1333,1964
544,515,1059
686,791,1477
1181,857,2038
649,428,1077
408,1372,1780
826,342,1168
963,937,1900
337,661,998
200,893,1093
444,555,999
447,516,963
263,881,1144
261,1200,1461
610,610,1220
818,1239,2057
199,884,1083
893,973,1866
711,746,1457
781,1211,1992
673,846,1519
749,891,1640
517,877,1394
346,1005,1351
410,721,1131
841,593,1434
550,924,1474
867,682,1549
213,392,605
882,470,1352
856,910,1766
565,866,1431
651,929,1580
709,350,1059
1098,876,1974
534,554,1088
748,1040,1788
1101,440,1541
252,724,976
755,959,1714
551,423,974
801,1097,1898
401,807,1208
449,320,769
277,999,1276
945,625,1570
759,926,1685
218,705,923
320,1124,1444
700,471,1171
714,636,1350
1319,738,2057
752,650,1402
384,445,829
505,608,1113
1132,1216,2348
370,1138,1508
214,986,1200
146,808,954
803,758,1561
951,587,1538
633,502,1135
609,1067,1676
265,800,1065
795,685,1480
1078,1080,2158
686,804,1490
320,805,1125
519,859,1378
380,1204,1584
197,748,945
400,478,878
824,1053,1877
702,789,1491
1119,475,1594
598,329,927
856,544,1400
573,1126,1699
527,657,1184
1020,760,1780
183,705,888
447,1189,1636
466,713,1179
757,820,1577
949,471,1420
734,258,992
569,576,1145
818,739,1557
755,788,1543
393,441,834
283,1219,1502
353,1037,1390
637,632,1269
184,1244,1428
859,731,1590
404,891,1295
516,599,1115
619,638,1257
486,982,1468
1108,484,1592
497,1360,1857
714,606,1320
382,783,1165
261,452,713
545,420,965
324,1179,1503
652,439,1091
1083,433,1516
359,708,1067
682,748,1430
1007,1266,2273
477,1274,1751
409,638,1047
217,683,900
348,366,714
716,801,1517
1142,464,1606
366,869,1235
902,1312,2214
858,952,1810
357,935,1292
148,700,848
402,453,855
647,691,1338
243,894,1137
892,1070,1962
693,659,1352
540,665,1205
1037,1144,2181
1152,670,1822
866,575,1441
568,1244,1812
1176,851,2027
1200,684,1884
472,632,1104
669,1183,1852
629,1275,1904
651,463,1114
377,986,1363
365,640,1005
644,1233,1877
498,422,920
765,683,1448
789,444,1233
550,454,1004
891,1185,2076
506,794,1300
1229,654,1883
713,717,1430
870,616,1486
720,1101,1821
510,1062,1572
647,872,1519
913,906,1819
1216,589,1805
196,956,1152
826,478,1304
574,612,1186
616,1426,2042
50,892,942
544,498,1042
1113,670,1783
288,756,1044
828,493,1321
723,769,1492
613,348,961
1007,1213,2220
334,451,785
482,602,1084
632,379,1011
256,1063,1319
795,297,1092
251,782,1033
640,938,1578
213,1183,1396
675,1000,1675
341,748,1089
529,1204,1733
831,643,1474
477,265,742
54,776,830
924,592,1516
1112,884,1996
932,581,1513
407,825,1232
278,485,763
841,960,1801
249,782,1031
452,956,1408
434,611,1045
569,341,910
510,1121,1631
47,814,861
593,887,1480
54,383,437
1014,697,1711
299,800,1099
755,218,973
1039,697,1736
1200,804,2004
637,676,1313
215,679,894
736,658,1394
452,547,999
692,269,961
523,492,1015
466,285,751
253,251,504
288,178,466
288,251,539
448,1475,1923
782,636,1418
283,207,490
781,1187,1968
506,1461,1967
85,1044,1129
86,237,323
435,1561,1996
544,1190,1734
330,1242,1572
147,527,674
833,1294,2127
859,900,1759
409,1381,1790
124,404,528
53,579,632
1026,1289,2315
60,1384,1444
975,1747,2722
109,1568,1677
573,1231,1804
699,1814,2513
851,2250,3101
832,1303,2135
200,549,749
110,549,659
381,1140,1521
976,518,1494
273,1710,1983
596,1495,2091
304,1700,2004
857,2401,3258
641,1569,2210
87,755,842
399,493,892
1346,457,1803
1253,481,1734
771,1353,2124
1449,770,2219
951,766,1717
1045,688,1733
970,769,1739
790,797,1587
1232,547,1779
251,747,998
197,788,985
1370,777,2147
566,448,1014
302,822,1124
1343,597,1940
1536,771,2307
326,2490,2816
319,860,1179
1594,816,2410
536,646,1182
222,709,931
457,576,1033
1986,1366,3352
1539,746,2285
465,587,1052
982,903,1885
1265,718,1983
807,535,1342
501,285,786
1156,1571,2727
545,1062,1607
2136,994,3130
1412,1227,2639
173,1199,1372
2268,1085,3353
1204,536,1740
517,651,1168
726,1025,1751
762,538,1300
415,991,1406
725,647,1372
462,699,1161
1581,1049,2630
544,480,1024
270,637,907
396,618,1014
783,1129,1912
211,420,631
767,556,1323
315,900,1215
257,419,676
393,907,1300
1178,1118,2296
879,814,1693
462,242,704
1066,1805,2871
922,802,1724
547,201,748
552,628,1180
744,430,1174
528,1630,2158
485,820,1305
285,619,904
494,991,1485
591,1301,1892
795,146,941
761,176,937
540,863,1403
1744,187,1931
839,136,975
698,967,1665
1488,599,2087
1021,1015,2036
703,256,959
546,560,1106
702,1092,1794
872,483,1355
696,658,1354
1074,355,1429
1220,753,1973
40,652,692
1199,980,2179
188,1172,1360
194,524,718
1480,907,2387
1117,1137,2254
1182,1084,2266
138,535,673
1078,1244,2322
521,979,1500
1147,413,1560
225,483,708
931,906,1837
294,841,1135
707,1227,1934
94,581,675
21,824,845
858,912,1770
1149,1243,2392
44,829,873
955,863,1818
1127,610,1737
813,1203,2016
198,418,616
314,726,1040
968,1135,2103
225,877,1102
317,844,1161
936,1156,2092
555,392,947
203,1153,1356
181,855,1036
460,1196,1656
606,940,1546
934,1225,2159
117,1322,1439
625,1018,1643
748,897,1645
821,957,1778
700,501,1201
370,1127,1497
515,632,1147
476,955,1431
611,633,1244
1112,1149,2261
46,1100,1146
298,1172,1470
798,1405,2203
513,966,1479
724,740,1464
649,1099,1748
763,523,1286
582,1417,1999
963,641,1604
321,878,1199
434,766,1200
690,1142,1832
350,1502,1852
883,963,1846
733,416,1149
776,956,1732
65,724,789
885,851,1736
559,858,1417
402,944,1346
452,879,1331
1201,780,1981
830,1052,1882
24,688,712
870,896,1766
801,939,1740
935,839,1774
779,1204,1983
1111,891,2002
177,776,953
32,1117,1149
237,979,1216
282,998,1280
1059,1020,2079
1252,958,2210
711,489,1200
310,1019,1329
1065,1132,2197
700,854,1554
374,1105,1479
1412,185,1597
738,653,1391
336,1044,1380
942,2165,3107
448,1015,1463
546,1117,1663
1085,762,1847
984,949,1933
350,1747,2097
1164,1990,3154
624,1073,1697
567,2536,3103
916,1322,2238
982,784,1766
745,963,1708
943,1336,2279
1172,880,2052
1010,2021,3031
861,2315,3176
1017,758,1775
1318,311,1629
1294,246,1540
19,571,590
864,1047,1911
1377,562,1939
19,594,613
1329,805,2134
1734,829,2563
280,2179,2459
917,2596,3513
1804,526,2330
940,1030,1970
141,452,593
1844,551,2395
326,408,734
47,631,678
327,497,824
1359,484,1843
2123,619,2742
50,2860,2910
1226,1164,2390
195,684,879
163,1101,1264
329,635,964
110,878,988
351,712,1063
412,870,1282
2170,860,3030
431,783,1214
806,498,1304
132,766,898
55,609,664
278,868,1146
459,757,1216
1035,333,1368
107,801,908
271,1233,1504
849,883,1732
419,532,951
761,408,1169
1997,890,2887
552,523,1075
616,846,1462
355,403,758
267,753,1020
300,1014,1314
1332,1846,3178
716,398,1114
232,959,1191
21,1936,1957
274,1094,1368
281,2861,3142
293,686,979
184,455,639
557,721,1278
542,741,1283
618,566,1184
189,1550,1739
430,1171,1601
340,1086,1426
182,1826,2008
2371,1585,3956
341,611,952
476,790,1266
505,886,1391
260,1025,1285
272,809,1081
718,1244,1962
884,592,1476
1561,774,2335
2675,1642,4317
594,747,1341
632,1100,1732
558,1245,1803
607,857,1464
240,893,1133
195,839,1034
953,1247,2200
469,884,1353
914,831,1745
1001,1271,2272
575,961,1536
466,1295,1761
959,967,1926
586,628,1214
1769,812,2581
460,658,1118
629,784,1413
840,562,1402
1051,666,1717
1031,521,1552
655,1698,2353
2592,1703,4295
538,674,1212
1125,473,1598
719,1231,1950
1582,893,2475
711,454,1165
816,602,1418
1466,1075,2541
1009,636,1645
1342,1261,2603
784,672,1456
638,1064,1702
816,1604,2420
683,653,1336
1174,547,1721
502,615,1117
729,1639,2368
681,1006,1687
757,656,1413
1506,1105,2611
1070,1139,2209
749,878,1627
846,798,1644
1472,1022,2494
447,687,1134
982,737,1719
1172,608,1780
1197,890,2087
1418,476,1894
740,860,1600
370,656,1026
1527,950,2477
241,697,938
207,877,1084
960,461,1421
522,774,1296
375,758,1133
867,761,1628
1540,439,1979
588,828,1416
403,1165,1568
703,836,1539
403,727,1130
900,477,1377
766,994,1760
564,612,1176
768,646,1414
630,559,1189
779,407,1186
503,892,1395
729,531,1260
730,439,1169
593,574,1167
587,871,1458
587,902,1489
394,594,988
343,844,1187
371,856,1227
615,805,1420
513,716,1229
615,610,1225
476,1611,2087
576,1049,1625
492,1180,1672
584,366,950
680,745,1425
780,236,1016
804,652,1456
940,1315,2255
607,602,1209
414,679,1093
524,1470,1994
549,1461,2010
616,514,1130
340,842,1182
770,1207,1977
1030,597,1627
536,530,1066
959,1030,1989
745,375,1120
737,1443,2180
688,697,1385
694,1031,1725
343,1840,2183
1160,484,1644
1032,1349,2381
589,1572,2161
322,1798,2120
669,1075,1744
86,494,580
1357,995,2352
518,1761,2279
1392,722,2114
594,1532,2126
436,1718,2154
1576,1112,2688
1068,752,1820
1293,788,2081
515,1845,2360
1268,1356,2624
62,566,628
465,1674,2139
813,1959,2772
922,1121,2043
27,864,891
649,1210,1859
120,770,890
1674,603,2277
1613,1034,2647
80,705,785
1309,1005,2314
1519,471,1990
547,736,1283
677,225,902
1622,832,2454
687,1283,1970
849,500,1349
1430,1431,2861
104,879,983
459,689,1148
371,592,963
495,601,1096
636,488,1124
55,385,440
1744,964,2708
160,1118,1278
284,327,611
98,482,580
447,684,1131
387,388,775
63,796,859
99,777,876
544,735,1279
895,1593,2488
1715,919,2634
785,575,1360
129,508,637
87,1210,1297
545,662,1207
243,892,1135
238,880,1118
855,765,1620
611,921,1532
451,845,1296
256,559,815
387,752,1139
1484,1396,2880
724,949,1673
325,476,801
511,778,1289
477,1068,1545
746,455,1201
489,734,1223
727,879,1606
572,329,901
537,652,1189
1022,659,1681
52,751,803
25,902,927
217,656,873
725,700,1425
1103,1041,2144
727,679,1406
322,1152,1474
454,620,1074
281,834,1115
1032,1129,2161
72,892,964
44,912,956
239,801,1040
363,791,1154
617,1027,1644
132,1062,1194
694,581,1275
801,796,1597
449,932,1381
1200,1392,2592
536,906,1442
768,835,1603
143,979,1122
520,611,1131
244,1783,2027
297,585,882
317,796,1113
1168,1311,2479
645,580,1225
733,519,1252
474,674,1148
464,1087,1551
823,694,1517
450,1630,2080
1035,598,1633
735,753,1488
665,602,1267
849,616,1465
898,631,1529
897,306,1203
501,555,1056
572,846,1418
825,687,1512
1091,376,1467
749,1019,1768
393,585,978
625,794,1419
504,1346,1850
568,449,1017
350,694,1044
637,765,1402
1419,642,2061
1046,415,1461
706,408,1114
389,453,842
736,961,1697
308,556,864
429,765,1194
287,620,907
463,586,1049
784,1008,1792
1447,648,2095
569,530,1099
446,549,995
106,658,764
322,793,1115
255,678,933
745,926,1671
485,547,1032
355,991,1346
572,738,1310
570,1204,1774
291,696,987
82,792,874
880,953,1833
733,1002,1735
442,554,996
228,861,1089
188,775,963
679,671,1350
724,863,1587
1237,686,1923
774,869,1643
340,877,1217
926,684,1610
194,546,740
402,757,1159
580,604,1184
560,855,1415
391,1443,1834
322,930,1252
615,541,1156
965,295,1260
536,747,1283
653,698,1351
463,458,921
776,550,1326
497,440,937
609,529,1138
555,2172,2727
373,1141,1514
483,1096,1579
613,508,1121
541,630,1171
541,1259,1800
304,622,926
630,604,1234
549,609,1158
619,529,1148
200,2317,2517
618,1074,1692
181,1154,1335
747,400,1147
660,641,1301
898,950,1848
555,540,1095
656,715,1371
815,479,1294
571,609,1180
96,730,826
789,713,1502
94,793,887
268,588,856
74,418,492
552,1094,1646
186,735,921
479,779,1258
323,591,914
521,778,1299
185,1255,1440
993,757,1750
1245,1432,2677
430,480,910
141,669,810
951,906,1857
975,768,1743
635,457,1092
272,698,970
987,954,1941
375,713,1088
361,734,1095
1947,1053,3000
900,754,1654
978,979,1957
358,731,1089
187,449,636
355,887,1242
613,698,1311
587,851,1438
771,666,1437
2134,1081,3215
731,761,1492
1206,810,2016
212,465,677
835,700,1535
649,705,1354
418,642,1060
436,560,996
286,692,978
1341,1104,2445
640,456,1096
171,762,933
491,939,1430
552,605,1157
406,683,1089
209,602,811
552,517,1069
282,865,1147
976,744,1720
688,476,1164
419,853,1272
689,1176,1865
719,472,1191
304,856,1160
485,790,1275
642,535,1177
429,1649,2078
886,584,1470
564,442,1006
446,557,1003
601,1636,2237
915,712,1627
402,570,972
267,428,695
568,549,1117
252,1132,1384
339,865,1204
301,917,1218
653,699,1352
439,357,796
584,1135,1719
397,889,1286
341,574,915
427,379,806
1082,701,1783
551,1023,1574
766,1032,1798
637,790,1427
562,743,1305
400,1325,1725
693,806,1499
428,935,1363
321,547,868
1322,821,2143
1038,579,1617
547,675,1222
662,1132,1794
354,440,794
999,405,1404
799,1096,1895
858,636,1494
990,514,1504
943,312,1255
477,631,1108
385,111,496
381,951,1332
723,716,1439
330,378,708
644,423,1067
625,460,1085
635,1182,1817
555,709,1264
240,1004,1244
826,1613,2439
436,1112,1548
1508,691,2199
402,150,552
1220,1279,2499
487,1441,1928
372,1134,1506
192,917,1109
427,775,1202
1041,923,1964
491,1573,2064
237,1017,1254
551,697,1248
720,908,1628
814,1304,2118
1438,341,1779
368,1247,1615
452,844,1296
1001,303,1304
451,952,1403
1129,288,1417
177,834,1011
557,900,1457
223,954,1177
682,764,1446
856,1305,2161
854,601,1455
733,363,1096
1102,355,1457
643,1660,2303
1061,633,1694
612,758,1370
1162,1050,2212
867,553,1420
580,1004,1584
1060,477,1537
1005,744,1749
396,1506,1902
1182,779,1961
40,570,610
807,1187,1994
913,508,1421
859,793,1652
586,763,1349
35,671,706
1448,352,1800
163,1694,1857
692,789,1481
311,491,802
984,1863,2847
24,539,563
608,1453,2061
846,1004,1850
829,908,1737
28,636,664
93,498,591
1102,456,1558
22,797,819
381,418,799
1510,1391,2901
22,861,883
135,885,1020
146,742,888
955,1612,2567
263,955,1218
331,921,1252
43,881,924
187,647,834
1334,869,2203
307,603,910
1649,725,2374
356,686,1042
305,913,1218
144,754,898
669,608,1277
41,1212,1253
44,1067,1111
692,792,1484
237,737,974
253,1246,1499
478,1031,1509
991,336,1327
724,827,1551
1556,948,2504
951,735,1686
1157,460,1617
405,854,1259
784,1180,1964
513,1165,1678
1132,332,1464
609,363,972
309,1445,1754
1244,752,1996
447,1317,1764
561,898,1459
666,551,1217
346,1641,1987
540,1314,1854
480,1358,1838
719,569,1288
627,797,1424
807,916,1723
623,1527,2150
650,999,1649
49,721,770
548,535,1083
388,1715,2103
797,1575,2372
1164,567,1731
749,377,1126
1072,597,1669
106,730,836
1368,809,2177
1209,331,1540
692,807,1499
602,324,926
589,1583,2172
356,544,900
1323,576,1899
439,296,735
939,621,1560
1379,302,1681
928,1130,2058
623,339,962
659,499,1158
1637,514,2151
609,343,952
574,377,951
533,1541,2074
499,272,771
1518,471,1989
559,1655,2214
760,859,1619
1007,455,1462
886,1621,2507
1034,1463,2497
217,1319,1536
975,1331,2306
786,1927,2713
244,1417,1661
963,205,1168
732,272,1004
85,651,736
663,1552,2215
883,370,1253
1432,362,1794
139,779,918
845,2221,3066
90,514,604
172,804,976
166,399,565
814,478,1292
197,883,1080
104,1573,1677
1341,510,1851
520,2219,2739
1045,500,1545
87,858,945
710,400,1110
60,325,385
89,671,760
376,1927,2303
1234,827,2061
272,574,846
149,667,816
1334,859,2193
23,717,740
1339,1321,2660
867,1861,2728
1292,727,2019
687,381,1068
114,871,985
414,516,930
721,499,1220
146,864,1010
2119,780,2899
163,587,750
149,564,713
175,921,1096
704,180,884
189,1314,1503
382,386,768
313,1187,1500
395,583,978
155,630,785
1221,1410,2631
434,538,972
133,1172,1305
56,491,547
729,518,1247
2062,871,2933
527,903,1430
463,526,989
100,680,780
1748,1305,3053
544,1115,1659
652,893,1545
1139,559,1698
649,706,1355
1397,961,2358
216,1116,1332
16,688,704
325,1310,1635
1667,1092,2759
510,1151,1661
301,1626,1927
329,511,840
104,937,1041
1143,839,1982
808,960,1768
346,615,961
619,1277,1896
1358,1189,2547
882,973,1855
395,780,1175
550,409,959
344,789,1133
678,551,1229
473,612,1085
234,389,623
1195,807,2002
863,843,1706
347,1063,1410
567,804,1371
236,400,636
676,708,1384
53,650,703
757,783,1540
981,621,1602
608,1353,1961
633,936,1569
420,1068,1488
1424,776,2200
353,438,791
3638,233,3871
434,1102,1536
423,597,1020
972,770,1742
816,727,1543
717,1127,1844
872,926,1798
278,949,1227
792,775,1567
969,1096,2065
223,666,889
490,797,1287
204,618,822
469,765,1234
778,909,1687
406,684,1090
696,1095,1791
206,992,1198
643,514,1157
1190,939,2129
446,886,1332
724,892,1616
637,798,1435
1010,650,1660
564,983,1547
716,604,1320
603,646,1249
845,1136,1981
273,667,940
92,408,500
670,881,1551
822,509,1331
874,483,1357
509,868,1377
834,619,1453
786,367,1153
488,1344,1832
540,803,1343
551,469,1020
695,788,1483
642,948,1590
638,751,1389
585,784,1369
511,823,1334
94,1123,1217
774,1279,2053
984,866,1850
383,485,868
128,1416,1544
942,840,1782
618,772,1390
900,916,1816
1207,649,1856
518,1132,1650
678,798,1476
765,640,1405
1104,481,1585
330,1282,1612
212,762,974
689,635,1324
789,300,1089
569,936,1505
490,1094,1584
422,346,768
864,469,1333
775,974,1749
305,1174,1479
908,752,1660
721,590,1311
399,1034,1433
670,1020,1690
570,968,1538
693,809,1502
647,658,1305
735,1158,1893
979,766,1745
321,807,1128
1339,582,1921
305,331,636
404,1139,1543
792,769,1561
526,435,961
136,1242,1378
595,650,1245
519,1119,1638
431,514,945
358,770,1128
1147,760,1907
689,469,1158
719,1277,1996
613,821,1434
687,801,1488
741,450,1191
986,598,1584
839,802,1641
481,651,1132
345,462,807
779,835,1614
756,666,1422
654,1570,2224
562,685,1247
697,795,1492
161,626,787
716,644,1360
673,499,1172
409,280,689
1011,760,1771
1022,1393,2415
590,593,1183
1022,1051,2073
402,684,1086
911,986,1897
1477,547,2024
673,446,1119
357,444,801
1046,1000,2046
1242,402,1644
226,1102,1328
491,963,1454
691,606,1297
976,286,1262
783,450,1233
1177,689,1866
423,313,736
568,644,1212
605,647,1252
89,1397,1486
583,926,1509
205,1269,1474
748,690,1438
365,629,994
541,1008,1549
635,833,1468
126,305,431
218,796,1014
567,627,1194
858,728,1586
519,1020,1539
244,2272,2516
195,429,624
605,824,1429
385,769,1154
446,1197,1643
364,708,1072
365,618,983
857,556,1413
667,794,1461
862,655,1517
545,706,1251
770,801,1571
522,1031,1553
794,800,1594
1010,1126,2136
542,814,1356
335,2257,2592
610,1160,1770
506,726,1232
416,718,1134
539,579,1118
700,600,1300
740,540,1280
1328,991,2319
197,473,670
370,997,1367
124,462,586
1171,1012,2183
606,750,1356
919,737,1656
156,471,627
155,494,649
1251,1889,3140
859,951,1810
341,524,865
913,645,1558
561,694,1255
2232,1203,3435
583,1143,1726
246,770,1016
355,662,1017
900,788,1688
649,868,1517
602,1300,1902
475,514,989
387,446,833
597,917,1514
263,782,1045
51,769,820
535,497,1032
802,1431,2233
2163,1132,3295
362,304,666
671,1589,2260
422,638,1060
362,988,1350
536,679,1215
432,732,1164
51,1166,1217
325,1213,1538
723,1463,2186
382,829,1211
1728,1003,2731
845,1429,2274
348,1324,1672
245,1027,1272
897,848,1745
535,341,876
580,948,1528
202,1003,1205
684,870,1554
683,1059,1742
861,667,1528
755,488,1243
705,644,1349
1035,754,1789
265,731,996
318,729,1047
611,1102,1713
1049,639,1688
745,708,1453
1017,789,1806
445,1136,1581
1282,767,2049
1294,781,2075
591,931,1522
426,824,1250
888,653,1541
1036,917,1953
617,886,1503
854,274,1128
345,1047,1392
1216,625,1841
862,642,1504
738,1032,1770
599,1018,1617
778,707,1485
789,821,1610
640,1281,1921
880,683,1563
423,785,1208
539,652,1191
959,843,1802
605,1160,1765
58,1001,1059
682,560,1242
460,890,1350
1036,682,1718
434,756,1190
628,600,1228
47,863,910
799,649,1448
232,731,963
590,889,1479
699,1241,1940
233,1013,1246
467,955,1422
433,642,1075
389,566,955
297,748,1045
746,678,1424
443,1224,1667
1073,843,1916
385,882,1267
742,513,1255
604,734,1338
528,859,1387
455,767,1222
588,1353,1941
620,476,1096
1071,776,1847
936,1313,2249
474,1345,1819
769,704,1473
530,1678,2208
844,1662,2506
661,1025,1686
884,1555,2439
717,990,1707
671,1796,2467
854,1629,2483
630,935,1565
563,1809,2372
358,1246,1604
771,864,1635
433,1032,1465
998,1799,2797
586,1074,1660
269,1117,1386
892,1372,2264
576,1002,1578
816,1005,1821
1027,1484,2511
764,1252,2016
588,860,1448
1705,674,2379
603,1531,2134
990,512,1502
820,1128,1948
956,1245,2201
304,1588,1892
401,1657,2058
480,1637,2117
812,590,1402
1267,538,1805
683,1148,1831
1038,746,1784
690,749,1439
1232,1257,2489
1631,981,2612
856,1541,2397
791,726,1517
1262,497,1759
251,1506,1757
911,986,1897
1096,638,1734
349,1592,1941
1385,800,2185
1392,1105,2497
1458,1026,2484
889,1000,1889
222,584,806
653,1588,2241
1792,879,2671
1289,1566,2855
320,475,795
1246,1376,2622
375,548,923
46,760,806
492,512,1004
999,845,1844
286,627,913
279,729,1008
1531,1311,2842
966,1142,2108
1108,561,1669
1188,1162,2350
556,1164,1720
851,1398,2249
1189,557,1746
647,1003,1650
553,407,960
1527,1521,3048
785,956,1741
1505,800,2305
330,674,1004
924,469,1393
938,598,1536
947,628,1575
95,580,675
1061,613,1674
1509,1301,2810
814,730,1544
1108,381,1489
40,498,538
975,1101,2076
460,799,1259
199,394,593
1339,1544,2883
1522,1289,2811
798,1066,1864
203,528,731
37,826,863
71,516,587
44,869,913
937,1048,1985
1505,1467,2972
78,705,783
829,1401,2230
834,1759,2593
56,627,683
1185,1487,2672
25,1074,1099
425,1163,1588
57,1269,1326
1125,750,1875
72,1483,1555
771,342,1113
1570,1005,2575
372,541,913
105,884,989
113,1440,1553
769,1264,2033
378,1275,1653
17,1479,1496
1510,378,1888
571,1057,1628
373,1614,1987
1355,562,1917
429,1163,1592
36,1934,1970
1163,829,1992
73,563,636
449,1192,1641
891,1019,1910
752,1142,1894
809,1229,2038
817,1312,2129
309,784,1093
947,1421,2368
1120,1184,2304
1385,759,2144
588,1641,2229
1700,658,2358
116,605,721
542,912,1454
487,1511,1998
578,685,1263
173,1337,1510
1231,1373,2604
770,864,1634
1029,1394,2423
992,872,1864
668,716,1384
430,607,1037
648,988,1636
599,893,1492
702,1039,1741
1072,859,1931
607,473,1080
1185,751,1936
1007,889,1896
522,669,1191
468,895,1363
1304,675,1979
680,877,1557
422,1072,1494
808,745,1553
648,1067,1715
403,947,1350
683,913,1596
1173,574,1747
697,740,1437
746,561,1307
300,2146,2446
706,1247,1953
566,738,1304
492,934,1426
145,2292,2437
795,669,1464
603,707,1310
746,663,1409
806,1830,2636
531,693,1224
28,2049,2077
1239,1304,2543
581,883,1464
350,479,829
319,1973,2292
508,669,1177
837,1822,2659
699,703,1402
1820,577,2397
570,536,1106
947,499,1446
1863,577,2440
567,334,901
802,1121,1923
1800,364,2164
799,944,1743
2175,661,2836
742,1025,1767
266,325,591
1609,660,2269
621,1006,1627
338,993,1331
596,331,927
600,957,1557
1051,1338,2389
364,1061,1425
380,279,659
503,809,1312
1068,1662,2730
551,1115,1666
681,1232,1913
417,1291,1708
339,505,844
617,867,1484
391,1592,1983
136,671,807
1157,1077,2234
1726,598,2324
212,654,866
224,448,672
608,1339,1947
583,890,1473
218,721,939
409,1017,1426
966,1103,2069
907,458,1365
1196,1010,2206
384,1356,1740
420,499,919
973,782,1755
1313,624,1937
833,1390,2223
123,734,857
524,521,1045
1117,876,1993
1039,506,1545
578,525,1103
1201,691,1892
738,787,1525
633,1059,1692
1125,781,1906
408,791,1199
913,920,1833
386,702,1088
866,857,1723
366,532,898
891,635,1526
672,990,1662
402,447,849
535,729,1264
911,876,1787
436,458,894
1284,553,1837
461,676,1137
1192,521,1713
304,975,1279
296,985,1281
508,906,1414
654,858,1512
398,1420,1818
547,721,1268
462,2247,2709
945,718,1663
815,1173,1988
1473,838,2311
627,614,1241
711,662,1373
516,1150,1666
977,1372,2349
577,496,1073
800,609,1409
1236,473,1709
418,460,878
688,873,1561
1074,334,1408
460,674,1134
363,708,1071
337,780,1117
1013,342,1355
408,1269,1677
887,598,1485
362,2550,2912
609,1181,1790
921,942,1863
525,631,1156
784,428,1212
363,793,1156
491,271,762
706,891,1597
677,694,1371
543,635,1178
646,2716,3362
461,1060,1521
760,803,1563
2098,1391,3489
1080,516,1596
379,991,1370
690,986,1676
2378,941,3319
474,750,1224
639,1186,1825
774,634,1408
2550,496,3046
753,528,1281
487,1520,2007
722,472,1194
1221,318,1539
869,412,1281
1238,1014,2252
891,345,1236
458,591,1049
1056,1165,2221
590,713,1303
437,1807,2244
505,873,1378
48,482,530
969,809,1778
728,962,1690
552,1630,2182
832,404,1236
280,423,703
791,836,1627
442,388,830
89,1074,1163
584,791,1375
610,650,1260
953,326,1279
508,1228,1736
403,1662,2065
915,249,1164
1370,785,2155
142,1179,1321
656,387,1043
389,1195,1584
860,236,1096
368,648,1016
336,563,899
509,1350,1859
285,1603,1888
271,922,1193
1727,742,2469
539,954,1493
403,933,1336
891,555,1446
1592,725,2317
561,1403,1964
738,307,1045
395,1449,1844
679,740,1419
322,978,1300
301,472,773
323,847,1170
181,1121,1302
447,694,1141
1053,629,1682
751,1253,2004
733,1486,2219
1057,1006,2063
47,701,748
1115,907,2022
70,1163,1233
130,674,804
867,1215,2082
1098,669,1767
523,877,1400
807,498,1305
286,1263,1549
192,798,990
569,557,1126
323,1078,1401
390,718,1108
1313,565,1878
1310,627,1937
775,761,1536
88,903,991
1361,959,2320
382,811,1193
632,1051,1683
513,343,856
692,964,1656
467,895,1362
865,1006,1871
674,636,1310
810,1004,1814
116,1169,1285
1422,1416,2838
375,1147,1522
631,482,1113
1093,786,1879
489,900,1389
857,735,1592
758,760,1518
882,847,1729
1378,1342,2720
562,1078,1640
1012,799,1811
512,802,1314
1130,807,1937
538,665,1203
962,500,1462
465,774,1239
814,697,1511
999,422,1421
638,925,1563
793,1127,1920
770,1110,1880
513,650,1163
849,967,1816
379,949,1328
774,1104,1878
134,829,963
724,685,1409
456,634,1090
566,1645,2211
408,1363,1771
680,1317,1997
1182,1321,2503
786,1223,2009
324,1241,1565
615,1460,2075
1012,1114,2126
704,830,1534
736,1301,2037
750,1054,1804
932,1077,2009
679,1050,1729
1028,412,1440
808,856,1664
867,1491,2358
1030,469,1499
823,954,1777
617,1055,1672
389,1263,1652
1245,753,1998
1164,371,1535
526,1126,1652
1118,321,1439
1093,921,2014
822,1228,2050
1012,625,1637
224,1057,1281
1372,678,2050
800,412,1212
580,1116,1696
856,328,1184
626,685,1311
723,644,1367
1053,710,1763
366,832,1198
779,338,1117
59,476,535
463,1293,1756
103,646,749
94,463,557
791,357,1148
1118,781,1899
139,753,892
308,427,735
757,744,1501
1123,692,1815
83,1550,1633
444,422,866
335,579,914
638,1198,1836
235,702,937
1012,894,1906
620,1657,2277
1116,711,1827
362,644,1006
741,873,1614
612,460,1072
298,538,836
757,2103,2860
1322,474,1796
626,450,1076
799,1270,2069
535,678,1213
43,450,493
573,2137,2710
133,434,567
49,762,811
669,1481,2150
156,621,777
277,602,879
635,663,1298
1039,311,1350
346,508,854
1548,1291,2839
39,586,625
512,626,1138
439,370,809
1117,1450,2567
115,910,1025
493,342,835
507,463,970
444,753,1197
1956,522,2478
312,647,959
31,334,365
529,715,1244
686,559,1245
51,477,528
625,545,1170
1292,1152,2444
77,359,436
858,460,1318
375,733,1108
70,563,633
257,307,564
489,1136,1625
118,1295,1413
29,484,513
1950,908,2858
124,362,486
162,1596,1758
348,509,857
568,1227,1795
695,970,1665
1430,179,1609
1091,640,1731
295,525,820
246,977,1223
1267,1208,2475
381,679,1060
1474,332,1806
85,797,882
438,414,852
69,463,532
331,867,1198
754,488,1242
759,1163,1922
72,645,717
86,544,630
589,890,1479
277,791,1068
466,783,1249
71,720,791
133,643,776
788,563,1351
919,591,1510
516,1691,2207
298,687,985
477,410,887
346,557,903
552,977,1529
467,549,1016
829,1419,2248
679,338,1017
441,406,847
625,360,985
565,294,859
593,292,885
583,1019,1602
757,281,1038
470,1381,1851
737,317,1054
771,695,1466
637,362,999
1186,890,2076
671,223,894
672,427,1099
31,1031,1062
590,336,926
1517,723,2240
871,349,1220
826,459,1285
651,1041,1692
133,406,539
158,1345,1503
120,1547,1667
721,570,1291
39,545,584
407,1470,1877
33,521,554
133,691,824
66,553,619
991,798,1789
651,1212,1863
91,601,692
296,1182,1478
576,1355,1931
95,748,843
39,678,717
39,391,430
225,450,675
140,761,901
971,1088,2059
39,947,986
34,689,723
1182,848,2030
297,628,925
193,819,1012
711,1029,1740
1340,566,1906
179,696,875
788,583,1371
326,734,1060
318,831,1149
366,528,894
673,449,1122
479,751,1230
421,909,1330
509,327,836
489,500,989
212,834,1046
403,324,727
494,710,1204
641,609,1250
515,768,1283
1056,1016,2072
478,999,1477
468,616,1084
613,570,1183
355,1475,1830
351,326,677
403,852,1255
341,608,949
659,541,1200
790,602,1392
776,866,1642
504,312,816
530,890,1420
188,371,559
390,253,643
678,424,1102
438,1329,1767
654,803,1457
716,1292,2008
770,725,1495
1452,739,2191
1403,499,1902
225,459,684
618,621,1239
400,796,1196
649,152,801
801,892,1693
377,680,1057
896,756,1652
435,1611,2046
288,870,1158
255,713,968
639,899,1538
594,1662,2256
520,683,1203
353,729,1082
778,966,1744
609,1463,2072
228,768,996
736,543,1279
56,329,385
517,855,1372
1517,471,1988
683,687,1370
97,606,703
427,702,1129
760,790,1550
1245,536,1781
276,671,947
773,451,1224
464,1413,1877
362,367,729
1563,431,1994
148,696,844
538,579,1117
465,640,1105
1182,923,2105
498,499,997
539,552,1091
764,1296,2060
1219,614,1833
278,835,1113
300,916,1216
632,1061,1693
387,645,1032
182,1101,1283
598,619,1217
624,637,1261
499,1428,1927
411,612,1023
532,700,1232
391,1001,1392
632,1244,1876
219,721,940
226,1232,1458
556,597,1153
1297,761,2058
22,715,737
437,789,1226
419,1010,1429
515,776,1291
262,693,955
574,605,1179
744,788,1532
162,924,1086
439,581,1020
461,1222,1683
746,727,1473
754,739,1493
1082,778,1860
333,786,1119
987,739,1726
92,800,892
361,761,1122
610,452,1062
887,1101,1988
588,682,1270
542,813,1355
1234,833,2067
599,635,1234
1206,683,1889
272,987,1259
1055,578,1633
820,528,1348
466,491,957
494,777,1271
506,798,1304
539,745,1284
619,765,1384
572,889,1461
765,888,1653
627,539,1166
658,843,1501
1099,844,1943
711,751,1462
570,667,1237
607,663,1270
826,615,1441
714,721,1435
481,709,1190
520,793,1313
636,559,1195
352,739,1091
335,915,1250
129,638,767
353,487,840
617,646,1263
1136,1161,2297
287,939,1226
373,722,1095
575,304,879
668,464,1132
693,607,1300
376,914,1290
386,572,958
473,525,998
927,1116,2043
567,795,1362
624,755,1379
590,456,1046
530,991,1521
448,604,1052
75,972,1047
182,918,1100
212,319,531
263,951,1214
255,567,822
339,358,697
980,608,1588
759,624,1383
698,517,1215
264,1025,1289
359,735,1094
223,798,1021
303,729,1032
771,573,1344
373,619,992
967,581,1548
1009,576,1585
405,1107,1512
329,1022,1351
915,648,1563
858,460,1318
545,968,1513
429,587,1016
236,522,758
625,699,1324
542,914,1456
163,1166,1329
603,900,1503
699,772,1471
125,478,603
478,626,1104
421,1157,1578
1010,539,1549
283,486,769
67,703,770
477,1047,1524
727,526,1253
600,911,1511
290,952,1242
214,790,1004
840,737,1577
570,1051,1621
265,551,816
942,737,1679
548,581,1129
554,391,945
783,974,1757
470,1023,1493
390,676,1066
645,457,1102
758,11545,12303
342,468,810
601,637,1238
668,685,1353
448,891,1339
135,1029,1164
133,1408,1541
472,1587,2059
433,1009,1442
514,760,1274
806,11918,12724
584,633,1217
607,836,1443
602,752,1354
489,11742,12231
347,907,1254
412,871,1283
794,495,1289
570,1055,1625
753,627,1380
394,1007,1401
579,309,888
868,958,1826
799,1116,1915
413,766,1179
422,967,1389
923,449,1372
263,1063,1326
1085,1021,2106
659,277,936
538,784,1322
222,1480,1702
704,385,1089
427,951,1378
826,11175,12001
1203,660,1863
561,788,1349
720,954,1674
753,1390,2143
474,561,1035
11754,517,12271
1003,512,1515
556,611,1167
771,625,1396
606,837,1443
11322,526,11848
605,482,1087
775,483,1258
542,1340,1882
214,1817,2031
885,443,1328
822,350,1172
1007,241,1248
1399,1093,2492
918,413,1331
529,1246,1775
53,316,369
1280,844,2124
724,857,1581
1150,297,1447
1361,668,2029
949,517,1466
1226,879,2105
26,430,456
11538,711,12249
33,523,556
1320,1106,2426
867,776,1643
39,639,678
2001,898,2899
1091,854,1945
48,440,488
87,559,646
25,659,684
175,496,671
88,630,718
46,639,685
1117,578,1695
31,882,913
89,758,847
536,540,1076
63,834,897
23,867,890
532,650,1182
29,976,1005
1147,589,1736
198,470,668
128,1136,1264
71,1315,1386
133,916,1049
297,653,950
24,1304,1328
569,658,1227
474,690,1164
291,1077,1368
47,1222,1269
210,863,1073
726,500,1226
898,478,1376
284,907,1191
257,463,720
434,504,938
50,1048,1098
1075,319,1394
591,698,1289
411,306,717
23,1292,1315
669,425,1094
463,607,1070
372,1009,1381
386,998,1384
406,748,1154
707,332,1039
895,605,1500
429,302,731
241,1398,1639
79,917,996
395,1115,1510
517,1013,1530
156,1058,1214
650,1049,1699
643,728,1371
368,518,886
217,1260,1477
380,663,1043
978,656,1634
294,984,1278
491,1479,1970
288,1214,1502
463,1034,1497
271,484,755
1055,803,1858
815,871,1686
448,859,1307
618,668,1286
340,1152,1492
252,655,907
871,655,1526
646,689,1335
1084,1290,2374
195,966,1161
923,648,1571
1057,953,2010
805,866,1671
404,593,997
635,758,1393
778,754,1532
282,1105,1387
432,778,1210
898,595,1493
853,827,1680
404,463,867
85,934,1019
997,600,1597
759,1139,1898
376,741,1117
424,862,1286
122,1098,1220
760,536,1296
444,766,1210
653,525,1178
945,1222,2167
758,507,1265
791,467,1258
547,1160,1707
1089,989,2078
946,500,1446
707,1266,1973
686,523,1209
1132,900,2032
724,1052,1776
482,537,1019
312,1433,1745
1115,1025,2140
761,369,1130
537,764,1301
465,757,1222
890,849,1739
1088,561,1649
505,776,1281
881,398,1279
503,778,1281
870,1806,2676
98,536,634
534,1101,1635
902,815,1717
64,773,837
1358,1932,3290
424,1105,1529
1114,677,1791
818,1181,1999
765,1027,1792
704,813,1517
987,561,1548
670,427,1097
367,515,882
475,572,1047
150,581,731
214,611,825
1065,1214,2279
983,1163,2146
547,582,1129
857,294,1151
584,548,1132
1046,458,1504
778,1224,2002
195,948,1143
350,860,1210
916,1458,2374
636,1354,1990
1165,1007,2172
774,494,1268
954,1040,1994
511,527,1038
545,951,1496
370,599,969
289,1095,1384
459,520,979
373,483,856
255,955,1210
1016,1804,2820
707,377,1084
421,870,1291
944,610,1554
753,1306,2059
270,804,1074
530,1052,1582
492,1020,1512
80,830,910
1491,1659,3150
757,757,1514
812,515,1327
850,970,1820
214,743,957
261,400,661
331,958,1289
653,770,1423
882,819,1701
1883,1212,3095
418,749,1167
987,1060,2047
894,624,1518
1672,1381,3053
252,996,1248
508,655,1163
962,837,1799
794,792,1586
862,832,1694
155,599,754
1265,1130,2395
723,660,1383
916,780,1696
448,845,1293
986,901,1887
387,657,1044
358,420,778
657,1071,1728
277,634,911
869,1047,1916
424,1008,1432
728,706,1434
1491,615,2106
519,986,1505
547,398,945
861,688,1549
457,590,1047
499,635,1134
453,542,995
663,618,1281
486,537,1023
657,359,1016
931,862,1793
27,1127,1154
636,510,1146
1122,869,1991
562,615,1177
738,589,1327
309,478,787
784,547,1331
902,614,1516
731,1175,1906
1113,854,1967
336,979,1315
675,781,1456
448,598,1046
525,748,1273
561,531,1092
120,594,714
444,622,1066
481,797,1278
352,1332,1684
826,726,1552
863,772,1635
379,489,868
211,1478,1689
577,885,1462
444,919,1363
391,496,887
339,647,986
409,669,1078
412,1106,1518
431,507,938
321,627,948
1060,687,1747
195,473,668
532,671,1203
1109,588,1697
397,796,1193
442,793,1235
573,1005,1578
501,952,1453
368,877,1245
560,701,1261
1224,1686,2910
615,957,1572
346,619,965
409,334,743
620,615,1235
802,1010,1812
413,882,1295
235,554,789
393,743,1136
818,2308,3126
308,852,1160
579,800,1379
570,491,1061
1031,767,1798
782,974,1756
818,765,1583
559,619,1178
917,713,1630
565,616,1181
778,966,1744
623,597,1220
1348,417,1765
531,458,989
549,980,1529
532,1018,1550
350,511,861
903,574,1477
423,2310,2733
473,633,1106
59,901,960
791,574,1365
1422,1753,3175
342,666,1008
408,836,1244
384,914,1298
810,623,1433
844,1399,2243
835,472,1307
775,782,1557
518,635,1153
589,509,1098
2180,890,3070
394,692,1086
346,660,1006
100,1091,1191
697,623,1320
276,491,767
764,674,1438
489,1019,1508
685,995,1680
296,1011,1307
649,504,1153
814,697,1511
380,796,1176
310,485,795
526,1789,2315
471,894,1365
394,845,1239
532,1060,1592
236,1236,1472
756,837,1593
820,526,1346
460,1098,1558
718,1992,2710
759,1082,1841
516,607,1123
506,552,1058
924,694,1618
800,543,1343
552,794,1346
290,1268,1558
906,531,1437
608,1097,1705
362,908,1270
881,931,1812
570,402,972
2110,883,2993
426,1122,1548
707,623,1330
827,471,1298
589,523,1112
959,312,1271
890,669,1559
1268,1451,2719
333,807,1140
485,860,1345
628,553,1181
942,658,1600
278,1044,1322
432,790,1222
315,886,1201
884,653,1537
954,697,1651
468,797,1265
438,563,1001
364,1322,1686
1012,707,1719
242,646,888
1593,1642,3235
737,1481,2218
347,1253,1600
621,440,1061
1114,964,2078
977,590,1567
743,784,1527
602,493,1095
444,538,982
364,343,707
1968,1231,3199
361,1402,1763
1235,351,1586
396,356,752
861,1393,2254
1045,369,1414
1275,1223,2498
657,172,829
758,955,1713
1582,2298,3880
684,1575,2259
619,1206,1825
745,2340,3085
79,178,257
272,1384,1656
1044,884,1928
1440,545,1985
607,1106,1713
663,2176,2839
1133,636,1769
1129,700,1829
463,615,1078
127,287,414
629,251,880
594,252,846
54,860,914
1114,1449,2563
944,332,1276
947,340,1287
1528,372,1900
1023,431,1454
945,635,1580
973,242,1215
944,672,1616
102,874,976
298,736,1034
224,661,885
245,702,947
134,250,384
469,641,1110
273,761,1034
2444,543,2987
126,471,597
148,1005,1153
394,693,1087
531,666,1197
128,482,610
141,637,778
225,644,869
665,623,1288
408,433,841
2213,812,3025
778,501,1279
202,843,1045
329,1199,1528
761,505,1266
137,537,674
1338,1125,2463
396,485,881
407,447,854
510,605,1115
335,732,1067
437,642,1079
557,485,1042
464,769,1233
180,1028,1208
391,575,966
403,876,1279
556,585,1141
411,1017,1428
621,2364,2985
658,802,1460
134,492,626
41,502,543
454,601,1055
134,1161,1295
346,336,682
532,632,1164
245,1024,1269
375,1222,1597
915,561,1476
122,773,895
455,621,1076
472,1136,1608
349,586,935
428,338,766
151,600,751
1062,547,1609
531,872,1403
286,638,924
331,660,991
114,1703,1817
554,401,955
388,677,1065
826,611,1437
397,1532,1929
151,997,1148
519,540,1059
776,316,1092
157,473,630
714,997,1711
597,638,1235
632,2232,2864
362,880,1242
302,1380,1682
706,448,1154
829,424,1253
921,333,1254
105,391,496
396,1499,1895
779,558,1337
157,1164,1321
697,959,1656
419,1233,1652
797,606,1403
78,791,869
947,959,1906
84,902,986
858,2846,3704
651,999,1650
38,597,635
1084,498,1582
1514,1010,2524
88,622,710
40,747,787
727,361,1088
1913,1882,3795
885,774,1659
120,969,1089
141,476,617
1178,1072,2250
2221,1538,3759
142,847,989
361,399,760
47,922,969
383,414,797
265,1028,1293
311,481,792
392,680,1072
527,790,1317
866,390,1256
293,694,987
1274,1202,2476
2573,813,3386
628,644,1272
520,927,1447
457,655,1112
736,580,1316
295,721,1016
655,674,1329
957,289,1246
1559,720,2279
743,692,1435
103,1269,1372
937,889,1826
54,1522,1576
523,755,1278
304,364,668
820,655,1475
191,1613,1804
321,313,634
951,708,1659
717,1107,1824
418,429,847
947,666,1613
594,1578,2172
906,947,1853
54,452,506
648,1496,2144
93,1687,1780
77,473,550
623,481,1104
360,1152,1512
974,604,1578
765,673,1438
450,1221,1671
857,797,1654
287,1512,1799
367,934,1301
284,321,605
80,800,880
334,469,803
331,499,830
236,1875,2111
353,940,1293
400,424,824
564,890,1454
583,748,1331
1426,330,1756
55,458,513
455,516,971
1431,592,2023
840,806,1646
654,490,1144
723,769,1492
264,898,1162
425,739,1164
681,547,1228
235,339,574
858,795,1653
733,659,1392
302,501,803
878,832,1710
627,694,1321
1100,678,1778
312,1088,1400
121,1075,1196
1411,762,2173
469,1477,1946
814,641,1455
371,741,1112
106,1656,1762
357,502,859
497,531,1028
585,875,1460
381,788,1169
1176,1291,2467
1017,1139,2156
638,997,1635
1580,1883,3463
482,1221,1703
595,817,1412
603,996,1599
659,579,1238
353,761,1114
830,662,1492
397,486,883
580,784,1364
588,2611,3199
702,557,1259
638,1181,1819
660,660,1320
1066,588,1654
1401,1046,2447
672,561,1233
1129,537,1666
1491,910,2401
527,587,1114
883,532,1415
629,1267,1896
479,881,1360
965,973,1938
310,561,871
62,973,1035
192,540,732
1056,915,1971
54,814,868
918,1253,2171
1726,1572,3298
242,1212,1454
393,3159,3552
364,365,729
226,873,1099
650,3469,4119
668,480,1148
357,739,1096
417,1366,1783
1052,2070,3122
446,1694,2140
1110,858,1968
1779,1304,3083
391,911,1302
2231,1476,3707
637,689,1326
820,664,1484
396,915,1311
244,1834,2078
280,731,1011
889,624,1513
1002,1236,2238
297,1092,1389
1062,616,1678
676,863,1539
350,1195,1545
688,853,1541
1447,1296,2743
264,931,1195
533,918,1451
2824,1083,3907
1205,587,1792
503,763,1266
691,652,1343
425,550,975
1396,724,2120
1737,857,2594
774,743,1517
3168,858,4026
1115,597,1712
644,988,1632
714,936,1650
1371,975,2346
725,597,1322
1102,879,1981
515,698,1213
283,1375,1658
506,616,1122
886,710,1596
419,875,1294
194,1709,1903
335,565,900
937,943,1880
445,1481,1926
1162,1055,2217
881,622,1503
854,877,1731
715,551,1266
635,958,1593
345,571,916
512,591,1103
187,923,1110
742,883,1625
646,535,1181
403,859,1262
169,794,963
626,695,1321
523,541,1064
1016,620,1636
795,336,1131
540,609,1149
319,1237,1556
261,1263,1524
33,896,929
496,3429,3925
162,677,839
363,548,911
283,617,900
180,779,959
375,491,866
395,1170,1565
335,883,1218
617,563,1180
1072,669,1741
304,805,1109
397,572,969
418,1621,2039
528,520,1048
488,1270,1758
687,1017,1704
249,614,863
616,566,1182
418,3056,3474
441,641,1082
637,1357,1994
879,3166,4045
552,2143,2695
51,1576,1627
1449,1197,2646
107,2336,2443
410,532,942
172,774,946
45,1077,1122
1227,1237,2464
713,515,1228
3261,827,4088
260,1376,1636
421,1064,1485
806,1559,2365
895,570,1465
1979,723,2702
375,869,1244
403,1020,1423
2858,1334,4192
298,1374,1672
388,1394,1782
890,1233,2123
546,956,1502
456,1129,1585
1042,1295,2337
408,1040,1448
2894,850,3744
2215,839,3054
350,1130,1480
688,1868,2556
982,861,1843
1040,536,1576
697,1024,1721
452,1402,1854
474,797,1271
1081,385,1466
536,974,1510
457,1327,1784
720,561,1281
415,752,1167
944,1297,2241
631,905,1536
257,1490,1747
710,1464,2174
1086,222,1308
982,582,1564
1165,1202,2367
860,485,1345
102,360,462
892,1021,1913
965,942,1907
1111,797,1908
1146,1311,2457
776,909,1685
608,1647,2255
1443,1473,2916
204,798,1002
670,2170,2840
712,534,1246
124,485,609
941,598,1539
337,928,1265
1291,1291,2582
159,685,844
1150,1695,2845
1252,891,2143
1064,980,2044
228,661,889
585,825,1410
1232,828,2060
269,836,1105
724,782,1506
356,523,879
1241,933,2174
427,713,1140
778,809,1587
1003,738,1741
847,2030,2877
945,841,1786
308,492,800
1411,1795,3206
408,889,1297
104,681,785
711,555,1266
285,1052,1337
1028,639,1667
496,1596,2092
736,801,1537
481,1081,1562
2085,693,2778
1211,1107,2318
628,1151,1779
412,777,1189
627,781,1408
789,676,1465
1395,1177,2572
811,415,1226
1897,833,2730
369,1336,1705
630,955,1585
522,371,893
547,546,1093
511,755,1266
618,1271,1889
575,823,1398
306,824,1130
1001,323,1324
1326,615,1941
325,710,1035
600,746,1346
591,853,1444
562,792,1354
484,892,1376
714,943,1657
304,818,1122
755,1026,1781
719,539,1258
402,1241,1643
746,814,1560
620,617,1237
786,623,1409
559,757,1316
1443,1078,2521
664,624,1288
268,1004,1272
617,836,1453
1361,1586,2947
794,655,1449
1121,840,1961
718,473,1191
383,686,1069
949,1011,1960
354,629,983
615,666,1281
413,933,1346
988,1090,2078
672,806,1478
791,910,1701
426,490,916
637,1234,1871
895,647,1542
532,917,1449
58,956,1014
482,456,938
1307,739,2046
895,1186,2081
536,1620,2156
685,302,987
691,1080,1771
647,636,1283
1180,975,2155
650,485,1135
1486,606,2092
255,988,1243
550,290,840
308,723,1031
789,752,1541
435,1005,1440
843,1138,1981
1011,585,1596
609,789,1398
585,1035,1620
237,422,659
364,417,781
733,493,1226
352,779,1131
1051,935,1986
987,1537,2524
642,609,1251
574,921,1495
546,879,1425
722,963,1685
962,731,1693
915,619,1534
494,1364,1858
1469,740,2209
501,1026,1527
927,491,1418
211,554,765
525,325,850
863,866,1729
420,699,1119
495,685,1180
433,1392,1825
534,851,1385
820,849,1669
354,1539,1893
674,467,1141
887,1217,2104
563,1037,1600
1296,653,1949
257,690,947
816,647,1463
632,839,1471
262,855,1117
762,1050,1812
845,1386,2231
398,890,1288
401,913,1314
710,731,1441
836,1318,2154
767,1176,1943
589,650,1239
136,1177,1313
900,1873,2773
638,543,1181
1141,504,1645
645,745,1390
141,891,1032
319,548,867
942,1417,2359
888,719,1607
802,735,1537
309,1274,1583
1390,1398,2788
872,448,1320
1356,764,2120
560,1048,1608
427,1059,1486
1076,1059,2135
556,991,1547
680,740,1420
269,1170,1439
684,1077,1761
1264,1411,2675
648,450,1098
487,903,1390
588,1301,1889
594,668,1262
402,1010,1412
939,825,1764
627,1018,1645
428,981,1409
1039,836,1875
1169,805,1974
961,839,1800
593,829,1422
1076,844,1920
1210,555,1765
1694,812,2506
461,694,1155
924,668,1592
1278,935,2213
607,645,1252
990,955,1945
1055,691,1746
899,699,1598
631,314,945
883,334,1217
747,623,1370
677,473,1150
936,863,1799
795,771,1566
300,432,732
1162,829,1991
845,733,1578
693,403,1096
406,1077,1483
924,625,1549
227,710,937
301,1062,1363
656,1870,2526
355,696,1051
606,872,1478
749,447,1196
317,456,773
509,487,996
432,713,1145
626,917,1543
809,1461,2270
488,630,1118
445,644,1089
379,622,1001
77,542,619
625,992,1617
631,459,1090
463,722,1185
825,948,1773
53,1307,1360
206,1043,1249
747,759,1506
599,825,1424
362,829,1191
620,598,1218
860,638,1498
521,1019,1540
416,1074,1490
119,556,675
380,953,1333
496,2243,2739
544,752,1296
974,1424,2398
270,931,1201
379,888,1267
1690,958,2648
21,1090,1111
381,664,1045
712,712,1424
629,2306,2935
391,767,1158
1269,314,1583
476,797,1273
385,896,1281
1055,935,1990
637,721,1358
415,490,905
582,960,1542
748,979,1727
542,658,1200
617,333,950
427,890,1317
486,962,1448
1220,1031,2251
643,616,1259
687,337,1024
390,1104,1494
894,582,1476
592,1148,1740
865,815,1680
552,1215,1767
770,467,1237
795,1014,1809
328,1360,1688
491,1264,1755
844,646,1490
792,1146,1938
664,802,1466
556,2249,2805
815,771,1586
904,896,1800
60,665,725
2055,1455,3510
477,1363,1840
1015,878,1893
866,592,1458
1772,1265,3037
699,1065,1764
519,575,1094
502,895,1397
512,1175,1687
979,1133,2112
545,1435,1980
558,1072,1630
1944,1135,3079
935,803,1738
1069,594,1663
1367,456,1823
650,495,1145
975,856,1831
1149,918,2067
1162,357,1519
958,1029,1987
447,1065,1512
91,585,676
596,1073,1669
692,861,1553
1226,837,2063
498,469,967
757,838,1595
614,768,1382
1064,1135,2199
685,287,972
368,779,1147
133,1445,1578
720,297,1017
498,1357,1855
191,1670,1861
290,279,569
1005,758,1763
1033,816,1849
948,671,1619
173,292,465
487,788,1275
382,943,1325
73,985,1058
925,1004,1929
604,1295,1899
469,877,1346
210,541,751
970,494,1464
836,637,1473
314,1176,1490
446,908,1354
535,859,1394
349,1125,1474
585,1005,1590
214,307,521
1034,635,1669
1006,1253,2259
872,779,1651
181,635,816
319,1196,1515
447,756,1203
681,869,1550
486,950,1436
489,1241,1730
407,1283,1690
1047,459,1506
826,486,1312
1074,647,1721
219,660,879
572,1156,1728
36,1876,1912
767,626,1393
685,464,1149
374,1501,1875
850,601,1451
1098,669,1767
637,1345,1982
152,1108,1260
656,1736,2392
767,1104,1871
665,1209,1874
528,817,1345
940,1104,2044
690,987,1677
696,1777,2473
918,1015,1933
581,809,1390
1770,904,2674
644,1075,1719
515,972,1487
825,444,1269
293,784,1077
535,1165,1700
1236,443,1679
792,552,1344
391,1259,1650
224,1077,1301
1208,875,2083
1093,1211,2304
865,543,1408
893,502,1395
495,1707,2202
668,1027,1695
1020,895,1915
855,433,1288
444,1606,2050
343,1075,1418
875,1752,2627
552,535,1087
873,809,1682
1602,456,2058
505,1139,1644
220,435,655
491,1183,1674
861,564,1425
742,437,1179
831,1430,2261
925,805,1730
966,332,1298
549,1516,2065
838,674,1512
1429,419,1848
1521,610,2131
874,986,1860
579,587,1166
787,967,1754
1646,889,2535
215,1114,1329
135,653,788
762,434,1196
704,962,1666
181,839,1020
1211,551,1762
152,373,525
944,1016,1960
953,802,1755
607,1232,1839
1465,695,2160
59,1131,1190
269,618,887
1086,729,1815
104,1380,1484
689,769,1458
192,356,548
420,350,770
481,606,1087
1310,750,2060
1208,1345,2553
131,1327,1458
276,1168,1444
590,937,1527
781,993,1774
1261,553,1814
21,812,833
760,1099,1859
194,792,986
332,890,1222
31,1057,1088
444,416,860
400,751,1151
1131,697,1828
986,752,1738
67,967,1034
418,758,1176
584,539,1123
197,503,700
638,504,1142
1164,673,1837
1399,2449,3848
68,678,746
309,896,1205
1091,2410,3501
266,1031,1297
665,520,1185
1196,2079,3275
228,1041,1269
1223,646,1869
1208,939,2147
78,696,774
642,784,1426
743,947,1690
576,1018,1594
320,744,1064
406,541,947
811,973,1784
593,911,1504
791,771,1562
316,628,944
2346,767,3113
110,1102,1212
624,649,1273
524,606,1130
221,731,952
515,735,1250
300,970,1270
339,775,1114
274,891,1165
1089,749,1838
254,837,1091
547,883,1430
686,700,1386
938,1040,1978
630,872,1502
781,627,1408
573,672,1245
419,1238,1657
801,1300,2101
406,617,1023
2107,565,2672
566,644,1210
457,589,1046
1447,1025,2472
338,634,972
432,898,1330
791,818,1609
368,1029,1397
496,687,1183
618,613,1231
510,763,1273
550,692,1242
946,320,1266
749,285,1034
559,813,1372
555,1192,1747
1043,799,1842
606,286,892
866,655,1521
785,688,1473
614,297,911
503,778,1281
951,311,1262
727,843,1570
514,611,1125
578,983,1561
583,989,1572
737,944,1681
470,978,1448
398,864,1262
196,306,502
677,437,1114
592,949,1541
475,826,1301
310,1459,1769
799,751,1550
425,1250,1675
704,970,1674
545,2164,2709
509,619,1128
729,1303,2032
226,605,831
734,434,1168
725,734,1459
550,1289,1839
622,864,1486
238,812,1050
368,697,1065
1153,746,1899
869,800,1669
578,771,1349
620,322,942
589,1294,1883
780,614,1394
295,654,949
118,489,607
498,1808,2306
763,435,1198
721,592,1313
469,1677,2146
450,435,885
1128,350,1478
964,1401,2365
343,628,971
1150,646,1796
709,614,1323
686,392,1078
957,979,1936
599,723,1322
1242,995,2237
510,625,1135
721,623,1344
1469,563,2032
174,1037,1211
767,1134,1901
1190,1777,2967
358,559,917
640,658,1298
199,1527,1726
453,631,1084
470,621,1091
1059,1928,2987
620,660,1280
591,830,1421
610,1335,1945
228,852,1080
305,1341,1646
85,647,732
782,1896,2678
374,462,836
576,1120,1696
843,1836,2679
581,1182,1763
1536,554,2090
644,1118,1762
1853,848,2701
58,624,682
230,771,1001
1727,516,2243
553,794,1347
1062,906,1968
611,614,1225
518,722,1240
2005,1452,3457
522,576,1098
903,1034,1937
1178,1905,3083
811,610,1421
1455,996,2451
238,1128,1366
670,617,1287
244,1453,1697
521,763,1284
1625,303,1928
858,1107,1965
491,1583,2074
1053,400,1453
449,1308,1757
1419,815,2234
1156,855,2011
603,674,1277
552,1675,2227
434,897,1331
891,1050,1941
319,646,965
573,1220,1793
745,888,1633
1661,1341,3002
700,896,1596
877,968,1845
1232,714,1946
660,595,1255
407,947,1354
358,683,1041
1043,940,1983
673,785,1458
1060,1514,2574
731,639,1370
1159,588,1747
923,464,1387
1473,569,2042
776,620,1396
440,835,1275
597,631,1228
731,550,1281
366,686,1052
917,736,1653
537,534,1071
374,877,1251
1519,764,2283
656,1279,1935
824,498,1322
635,946,1581
262,1197,1459
594,808,1402
511,511,1022
507,1017,1524
276,385,661
513,499,1012
846,827,1673
554,1114,1668
221,1175,1396
422,672,1094
442,688,1130
688,727,1415
188,1699,1887
1030,1604,2634
369,494,863
433,408,841
819,526,1345
779,1129,1908
692,659,1351
515,764,1279
645,542,1187
632,1136,1768
1191,599,1790
613,1483,2096
361,457,818
1811,943,2754
1126,1295,2421
565,1375,1940
520,823,1343
1251,1994,3245
422,514,936
1001,1195,2196
1029,588,1617
796,438,1234
386,662,1048
734,605,1339
682,563,1245
1151,602,1753
586,933,1519
420,875,1295
261,967,1228
1603,657,2260
1160,800,1960
476,759,1235
523,567,1090
1079,1505,2584
198,423,621
53,779,832
772,1689,2461
627,674,1301
169,682,851
1281,870,2151
1405,932,2337
541,868,1409
1022,666,1688
886,814,1700
60,1055,1115
423,1035,1458
195,647,842
783,1076,1859
289,717,1006
545,814,1359
984,789,1773
446,764,1210
732,1113,1845
473,647,1120
324,561,885
535,698,1233
359,712,1071
266,948,1214
319,700,1019
293,988,1281
451,962,1413
556,836,1392
686,779,1465
690,616,1306
340,840,1180
279,496,775
1934,599,2533
912,628,1540
583,842,1425
485,519,1004
343,1014,1357
309,652,961
266,668,934
954,505,1459
473,1243,1716
472,632,1104
1432,1318,2750
337,803,1140
569,507,1076
492,644,1136
482,1238,1720
345,814,1159
524,625,1149
515,695,1210
1032,682,1714
638,761,1399
319,788,1107
699,796,1495
663,952,1615
671,1146,1817
511,598,1109
584,861,1445
703,1039,1742
399,1805,2204
560,863,1423
228,1799,2027
533,782,1315
438,1121,1559
1090,759,1849
767,1096,1863
1550,1356,2906
395,1062,1457
581,938,1519
243,1967,2210
740,898,1638
1170,400,1570
467,843,1310
400,1221,1621
679,1106,1785
539,2114,2653
672,583,1255
131,979,1110
623,988,1611
571,1070,1641
1013,1259,2272
590,584,1174
517,1404,1921
651,437,1088
1021,1929,2950
582,978,1560
570,584,1154
456,1619,2075
685,533,1218
787,441,1228
1049,1202,2251
919,721,1640
631,592,1223
727,1383,2110
1777,765,2542
1104,396,1500
724,530,1254
513,1991,2504
99,418,517
848,410,1258
592,847,1439
653,1468,2121
1540,1026,2566
305,993,1298
959,791,1750
1342,987,2329
560,736,1296
1063,793,1856
1008,722,1730
126,356,482
495,846,1341
1118,456,1574
1929,1300,3229
995,537,1532
1181,901,2082
1813,1172,2985
1048,983,2031
275,535,810
1038,1047,2085
178,530,708
752,735,1487
230,726,956
52,740,792
1663,1289,2952
1411,627,2038
168,821,989
471,510,981
626,526,1152
91,823,914
204,736,940
772,482,1254
38,1225,1263
634,645,1279
225,936,1161
441,706,1147
246,1072,1318
338,715,1053
457,901,1358
439,534,973
588,519,1107
803,496,1299
620,809,1429
352,713,1065
1621,1744,3365
1007,1540,2547
477,813,1290
518,891,1409
559,668,1227
861,330,1191
518,677,1195
385,674,1059
80,980,1060
580,972,1552
779,460,1239
1406,1792,3198
307,752,1059
712,402,1114
681,682,1363
444,498,942
20,1818,1838
705,862,1567
499,678,1177
453,713,1166
62,2041,2103
425,712,1137
377,772,1149
524,392,916
1092,914,2006
603,803,1406
1037,1008,2045
666,1382,2048
248,741,989
1878,1703,3581
642,1644,2286
481,1196,1677
305,607,912
567,1052,1619
793,826,1619
565,609,1174
547,1022,1569
706,1688,2394
409,785,1194
334,2204,2538
1554,936,2490
561,1113,1674
149,708,857
715,1064,1779
844,1237,2081
663,759,1422
788,698,1486
511,1367,1878
1700,943,2643
961,1814,2775
899,730,1629
528,1201,1729
664,967,1631
1503,1569,3072
1076,871,1947
1809,913,2722
688,644,1332
243,889,1132
1263,1017,2280
941,736,1677
492,1090,1582
1131,589,1720
619,767,1386
680,1104,1784
1050,676,1726
1353,1135,2488
649,1155,1804
888,1481,2369
1530,1008,2538
2167,715,2882
629,875,1504
864,1069,1933
633,483,1116
746,782,1528
1583,987,2570
165,656,821
488,1187,1675
1382,719,2101
830,886,1716
538,1178,1716
872,737,1609
235,762,997
1227,558,1785
826,927,1753
696,344,1040
407,482,889
513,329,842
414,1440,1854
912,624,1536
406,709,1115
751,828,1579
456,814,1270
945,941,1886
460,547,1007
1081,802,1883
753,554,1307
433,963,1396
352,552,904
657,766,1423
503,461,964
666,769,1435
348,1021,1369
753,339,1092
588,389,977
781,520,1301
633,321,954
854,617,1471
653,1569,2222
767,1110,1877
962,869,1831
617,1678,2295
797,1941,2738
431,345,776
118,666,784
879,373,1252
481,463,944
691,655,1346
968,872,1840
180,850,1030
449,563,1012
28,460,488
1006,1580,2586
248,811,1059
1281,1286,2567
368,458,826
464,632,1096
584,515,1099
375,503,878
510,777,1287
734,372,1106
166,660,826
701,1506,2207
526,655,1181
535,332,867
729,1665,2394
536,381,917
241,1743,1984
584,359,943
618,360,978
418,842,1260
615,1502,2117
593,1038,1631
486,468,954
1089,730,1819
443,2056,2499
457,349,806
488,340,828
756,1711,2467
71,469,540
135,464,599
1716,907,2623
777,1642,2419
299,1019,1318
156,683,839
160,429,589
888,1671,2559
1301,1056,2357
283,1159,1442
1453,587,2040
159,487,646
1501,792,2293
1691,804,2495
618,807,1425
291,798,1089
185,577,762
911,1491,2402
1254,1872,3126
194,1445,1639
1400,1118,2518
238,700,938
356,1054,1410
1598,1846,3444
490,590,1080
1415,1508,2923
474,745,1219
944,1825,2769
1970,891,2861
610,1427,2037
1623,603,2226
628,529,1157
756,1055,1811
241,915,1156
674,603,1277
1476,882,2358
275,1554,1829
422,625,1047
75,1132,1207
1503,1050,2553
1729,325,2054
988,997,1985
767,465,1232
430,1095,1525
1733,560,2293
946,1168,2114
301,452,753
382,1423,1805
1543,796,2339
1660,931,2591
1395,489,1884
669,879,1548
522,1033,1555
394,505,899
1059,932,1991
436,467,903
663,1300,1963
739,842,1581
325,639,964
511,611,1122
1006,601,1607
815,608,1423
191,536,727
756,974,1730
1057,1141,2198
1020,1215,2235
724,711,1435
178,565,743
1326,716,2042
965,761,1726
592,623,1215
248,551,799
966,864,1830
801,1276,2077
1341,1651,2992
1350,863,2213
252,610,862
1103,619,1722
235,738,973
557,527,1084
463,478,941
843,782,1625
356,848,1204
222,548,770
800,870,1670
1079,1059,2138
675,1631,2306
1173,1505,2678
682,602,1284
882,1586,2468
1065,566,1631
367,475,842
605,693,1298
1205,1124,2329
402,423,825
1132,1575,2707
257,1055,1312
764,635,1399
497,537,1034
1431,798,2229
421,673,1094
732,1095,1827
1450,589,2039
151,634,785
664,606,1270
440,445,885
637,1459,2096
506,1111,1617
759,467,1226
453,1510,1963
598,1241,1839
1419,472,1891
245,1098,1343
565,580,1145
257,609,866
977,968,1945
415,1136,1551
1368,709,2077
303,677,980
1442,843,2285
305,724,1029
850,1214,2064
518,577,1095
332,627,959
204,1239,1443
527,633,1160
499,974,1473
369,853,1222
552,702,1254
990,620,1610
368,1439,1807
1160,722,1882
462,1021,1483
315,789,1104
613,919,1532
336,890,1226
566,536,1102
272,838,1110
388,1455,1843
464,717,1181
306,518,824
395,1537,1932
432,1355,1787
949,307,1256
595,295,890
1385,710,2095
476,872,1348
767,712,1479
690,498,1188
538,817,1355
1200,622,1822
402,644,1046
907,794,1701
956,1178,2134
731,952,1683
483,510,993
995,1279,2274
533,1428,1961
1170,1832,3002
105,858,963
1113,1710,2823
728,1354,2082
912,1666,2578
1332,1410,2742
699,1185,1884
314,1099,1413
265,778,1043
1021,667,1688
589,1326,1915
546,1164,1710
306,1212,1518
480,1447,1927
703,1055,1758
902,992,1894
406,1697,2103
1354,1004,2358
1055,1332,2387
1164,357,1521
540,1710,2250
810,1217,2027
1074,453,1527
149,1211,1360
964,739,1703
1553,557,2110
450,1697,2147
1212,1371,2583
157,868,1025
1284,605,1889
684,1165,1849
199,1394,1593
407,1226,1633
915,1981,2896
1037,870,1907
1105,559,1664
1022,1125,2147
1192,444,1636
1584,523,2107
482,1513,1995
516,829,1345
491,2006,2497
529,1605,2134
1612,683,2295
882,1757,2639
983,831,1814
1457,1279,2736
1617,662,2279
94,1170,1264
721,571,1292
830,733,1563
1863,840,2703
867,684,1551
1543,1257,2800
1229,514,1743
700,745,1445
310,1072,1382
1222,588,1810
749,857,1606
1239,485,1724
139,725,864
846,543,1389
911,496,1407
21,754,775
762,1319,2081
490,1030,1520
970,644,1614
436,1056,1492
358,599,957
1940,756,2696
1158,973,2131
366,789,1155
332,456,788
836,1031,1867
91,628,719
713,1042,1755
1149,760,1909
1678,956,2634
101,1173,1274
227,686,913
480,573,1053
116,1254,1370
38,1196,1234
584,677,1261
523,618,1141
1168,1018,2186
448,1071,1519
261,692,953
476,679,1155
545,887,1432
390,504,894
274,1153,1427
691,1070,1761
839,646,1485
622,996,1618
886,862,1748
826,901,1727
611,338,949
386,1237,1623
545,1172,1717
289,883,1172
1079,776,1855
800,973,1773
648,1026,1674
355,696,1051
659,811,1470
1019,812,1831
545,617,1162
879,625,1504
821,760,1581
440,473,913
445,1441,1886
65,1347,1412
405,1079,1484
431,789,1220
331,1452,1783
835,328,1163
187,795,982
857,990,1847
558,784,1342
940,619,1559
759,1624,2383
552,1091,1643
1020,603,1623
688,504,1192
390,666,1056
400,628,1028
1323,522,1845
433,551,984
675,928,1603
953,1601,2554
494,1095,1589
543,490,1033
323,598,921
670,785,1455
682,1152,1834
1336,576,1912
556,1126,1682
575,1278,1853
980,894,1874
816,1097,1913
596,536,1132
1096,835,1931
754,1557,2311
1173,1646,2819
585,742,1327
333,1004,1337
1352,1039,2391
565,1236,1801
712,901,1613
800,739,1539
619,1434,2053
217,925,1142
298,949,1247
124,837,961
430,555,985
1515,929,2444
999,726,1725
1051,625,1676
1515,845,2360
755,1036,1791
619,503,1122
361,1440,1801
356,1217,1573
1395,659,2054
1231,678,1909
650,661,1311
393,1310,1703
854,715,1569
668,503,1171
589,1290,1879
1247,663,1910
565,453,1018
733,1215,1948
470,835,1305
832,700,1532
503,795,1298
692,715,1407
1122,847,1969
585,474,1059
320,889,1209
33,462,495
1308,690,1998
61,641,702
1193,600,1793
624,915,1539
269,519,788
160,528,688
172,821,993
372,1186,1558
931,534,1465
575,736,1311
328,1276,1604
649,920,1569
620,475,1095
265,775,1040
365,498,863
727,802,1529
711,1091,1802
602,1509,2111
547,1221,1768
391,389,780
216,1801,2017
387,1543,1930
459,501,960
347,500,847
607,632,1239
216,438,654
894,1461,2355
675,1144,1819
382,551,933
239,457,696
1223,1366,2589
386,1108,1494
486,626,1112
865,628,1493
495,1887,2382
897,1414,2311
389,683,1072
585,1056,1641
1224,552,1776
640,979,1619
1141,846,1987
493,1866,2359
170,869,1039
283,1062,1345
664,766,1430
1062,911,1973
1175,387,1562
653,766,1419
1022,844,1866
366,904,1270
1530,1011,2541
308,844,1152
490,1079,1569
875,504,1379
1775,861,2636
430,322,752
570,474,1044
1277,729,2006
463,917,1380
945,796,1741
800,348,1148
791,673,1464
235,978,1213
827,850,1677
1256,554,1810
564,801,1365
628,1021,1649
251,478,729
468,884,1352
672,763,1435
185,954,1139
824,556,1380
514,909,1423
807,901,1708
1749,561,2310
361,449,810
467,852,1319
271,928,1199
568,782,1350
251,1303,1554
600,612,1212
806,764,1570
360,1044,1404
644,1007,1651
568,696,1264
714,1099,1813
184,1510,1694
188,698,886
831,1026,1857
664,1138,1802
396,579,975
899,761,1660
777,555,1332
735,1117,1852
696,249,945
685,853,1538
403,1246,1649
1257,609,1866
431,845,1276
806,807,1613
786,1016,1802
69,565,634
732,769,1501
698,285,983
641,1251,1892
638,530,1168
820,837,1657
679,612,1291
862,988,1850
922,1564,2486
609,685,1294
634,262,896
851,878,1729
655,1561,2216
20,423,443
864,773,1637
1516,474,1990
736,766,1502
66,430,496
764,1343,2107
720,491,1211
917,860,1777
743,1236,1979
547,1533,2080
844,993,1837
119,1387,1506
858,664,1522
106,453,559
844,469,1313
285,1936,2221
96,895,991
404,635,1039
878,1235,2113
452,561,1013
437,615,1052
572,980,1552
525,543,1068
425,390,815
616,1662,2278
52,1197,1249
296,555,851
1432,462,1894
1176,843,2019
264,767,1031
810,313,1123
1477,969,2446
1355,675,2030
452,642,1094
590,690,1280
1360,675,2035
676,644,1320
1281,1112,2393
166,550,716
192,424,616
21,682,703
205,211,416
719,719,1438
412,300,712
249,1355,1604
421,311,732
237,503,740
220,508,728
1089,905,1994
1804,688,2492
1030,500,1530
274,510,784
447,317,764
684,1814,2498
1624,715,2339
820,689,1509
876,765,1641
334,1344,1678
414,477,891
490,289,779
565,578,1143
463,1408,1871
732,946,1678
170,533,703
622,511,1133
336,1422,1758
680,1555,2235
335,920,1255
885,402,1287
182,530,712
548,703,1251
42,517,559
428,880,1308
1105,832,1937
57,563,620
1649,644,2293
349,918,1267
542,956,1498
799,378,1177
982,833,1815
514,819,1333
390,851,1241
1222,968,2190
734,580,1314
558,498,1056
540,1271,1811
31,783,814
1207,911,2118
508,370,878
491,1038,1529
148,480,628
252,969,1221
37,1033,1070
425,829,1254
445,904,1349
100,1062,1162
615,660,1275
378,831,1209
454,912,1366
622,519,1141
570,1040,1610
11749,578,12327
606,995,1601
64,597,661
862,1488,2350
788,701,1489
1297,1244,2541
120,1055,1175
652,660,1312
505,1513,2018
412,1604,2016
636,372,1008
456,797,1253
709,655,1364
750,1250,2000
592,768,1360
110,588,698
551,666,1217
827,1026,1853
519,542,1061
723,593,1316
171,819,990
548,258,806
669,1328,1997
989,338,1327
39,1538,1577
284,1448,1732
169,1526,1695
703,966,1669
88,561,649
553,486,1039
337,1249,1586
268,278,546
1295,352,1647
454,778,1232
125,2063,2188
1181,686,1867
1260,602,1862
749,1232,1981
618,1985,2603
1117,440,1557
406,2046,2452
516,1238,1754
915,1729,2644
130,2198,2328
475,522,997
922,488,1410
1727,708,2435
1158,837,1995
1120,1325,2445
100,418,518
601,730,1331
2032,507,2539
217,543,760
943,691,1634
535,898,1433
254,552,806
725,577,1302
1869,373,2242
1171,547,1718
722,189,911
1576,596,2172
537,578,1115
380,1990,2370
1457,807,2264
393,484,877
62,1194,1256
674,1154,1828
61,901,962
218,478,696
534,585,1119
445,1025,1470
2000,421,2421
112,1062,1174
192,636,828
377,888,1265
245,1587,1832
256,481,737
1152,753,1905
616,344,960
446,1550,1996
367,1187,1554
165,819,984
598,786,1384
164,1106,1270
233,855,1088
335,574,909
345,1135,1480
643,389,1032
423,478,901
808,1350,2158
656,1040,1696
818,2421,3239
996,618,1614
802,712,1514
366,677,1043
662,737,1399
632,1169,1801
744,361,1105
1088,697,1785
637,635,1272
1187,668,1855
835,746,1581
441,521,962
413,1059,1472
474,799,1273
273,1496,1769
656,391,1047
812,1187,1999
1155,2695,3850
348,634,982
1348,780,2128
801,1070,1871
476,1095,1571
542,554,1096
308,1028,1336
862,1373,2235
440,352,792
1749,2466,4215
525,862,1387
698,531,1229
374,525,899
2246,1573,3819
828,280,1108
134,978,1112
813,905,1718
856,312,1168
288,1199,1487
971,731,1702
499,325,824
560,994,1554
2406,856,3262
343,632,975
140,352,492
242,1589,1831
1027,1035,2062
2272,597,2869
582,1395,1977
1155,852,2007
579,989,1568
1268,1235,2503
492,1010,1502
427,937,1364
253,296,549
629,1270,1899
1419,458,1877
456,1152,1608
236,525,761
675,1118,1793
775,695,1470
1167,916,2083
731,877,1608
1297,535,1832
731,809,1540
446,912,1358
1075,545,1620
810,1132,1942
159,1018,1177
634,394,1028
1045,320,1365
841,756,1597
116,524,640
217,518,735
498,1170,1668
924,529,1453
785,973,1758
1049,1430,2479
660,1019,1679
469,529,998
427,326,753
1291,1083,2374
201,1472,1673
644,602,1246
386,479,865
1050,929,1979
1123,804,1927
960,608,1568
1031,648,1679
1356,531,1887
853,985,1838
186,603,789
393,1634,2027
257,500,757
622,844,1466
221,786,1007
720,999,1719
250,596,846
409,1127,1536
974,343,1317
866,826,1692
150,538,688
744,1640,2384
400,604,1004
1030,893,1923
225,513,738
471,1443,1914
450,1127,1577
451,395,846
611,691,1302
843,839,1682
793,1812,2605
714,552,1266
587,959,1546
448,2035,2483
306,795,1101
465,1214,1679
314,398,712
396,682,1078
827,711,1538
871,871,1742
1440,1226,2666
581,985,1566
916,971,1887
1493,834,2327
1354,1234,2588
310,1298,1608
452,488,940
1749,628,2377
1290,1208,2498
543,1409,1952
272,793,1065
1048,798,1846
681,1256,1937
647,863,1510
443,1126,1569
322,604,926
882,708,1590
627,909,1536
1940,625,2565
266,791,1057
413,945,1358
933,985,1918
530,1133,1663
348,611,959
1007,464,1471
765,924,1689
613,1220,1833
532,813,1345
1143,684,1827
608,792,1400
731,645,1376
1005,933,1938
795,702,1497
853,982,1835
1246,636,1882
1101,669,1770
793,427,1220
733,1048,1781
621,534,1155
557,475,1032
665,612,1277
647,1001,1648
1107,608,1715
1107,715,1822
924,764,1688
664,858,1522
515,666,1181
623,172,795
711,650,1361
815,980,1795
414,1058,1472
93,347,440
1090,609,1699
534,840,1374
808,669,1477
362,751,1113
119,343,462
657,527,1184
392,762,1154
1016,801,1817
479,1255,1734
568,669,1237
792,785,1577
919,396,1315
881,871,1752
459,986,1445
463,943,1406
813,1193,2006
479,2122,2601
371,826,1197
632,804,1436
447,402,849
168,370,538
656,787,1443
171,511,682
520,962,1482
594,1344,1938
598,946,1544
584,621,1205
688,838,1526
275,986,1261
560,470,1030
277,713,990
277,869,1146
531,573,1104
901,1894,2795
726,695,1421
485,1377,1862
766,482,1248
312,1030,1342
609,645,1254
273,700,973
502,1112,1614
761,1212,1973
578,843,1421
1158,2002,3160
718,691,1409
866,1492,2358
785,758,1543
766,806,1572
971,594,1565
534,751,1285
510,592,1102
507,1112,1619
968,734,1702
584,1324,1908
842,1333,2175
267,946,1213
553,602,1155
637,724,1361
886,1240,2126
542,568,1110
331,953,1284
453,986,1439
299,328,627
385,1253,1638
241,1586,1827
713,320,1033
895,800,1695
445,703,1148
1221,1005,2226
1036,1028,2064
837,853,1690
788,813,1601
329,361,690
648,1382,2030
885,820,1705
203,756,959
806,811,1617
1399,787,2186
305,737,1042
1205,1024,2229
742,696,1438
248,544,792
446,458,904
862,1299,2161
1006,556,1562
1112,477,1589
2042,1095,3137
1223,928,2151
767,318,1085
1182,743,1925
1201,1328,2529
1694,1988,3682
982,966,1948
1456,848,2304
599,701,1300
533,641,1174
453,744,1197
644,516,1160
544,930,1474
579,814,1393
1502,1683,3185
680,674,1354
293,683,976
1246,789,2035
713,718,1431
958,858,1816
300,1028,1328
448,891,1339
741,816,1557
680,598,1278
969,1494,2463
794,649,1443
288,1056,1344
566,981,1547
666,686,1352
445,1178,1623
395,639,1034
87,989,1076
962,1513,2475
582,838,1420
1846,812,2658
823,796,1619
377,886,1263
613,735,1348
509,810,1319
804,1015,1819
812,442,1254
249,1494,1743
487,992,1479
495,1296,1791
612,816,1428
404,423,827
714,1126,1840
361,560,921
427,445,872
702,990,1692
558,1505,2063
527,2784,3311
536,1307,1843
344,296,640
556,1333,1889
1199,1729,2928
673,1119,1792
507,1329,1836
878,404,1282
602,337,939
1457,1530,2987
532,1033,1565
476,851,1327
939,939,1878
1465,1571,3036
628,1113,1741
634,1612,2246
1424,289,1713
84,405,489
1097,508,1605
900,1776,2676
328,949,1277
538,802,1340
1111,1545,2656
1355,1637,2992
1062,500,1562
1438,750,2188
2670,345,3015
992,514,1506
641,606,1247
793,789,1582
1519,827,2346
1163,452,1615
745,1429,2174
143,750,893
1333,461,1794
61,487,548
1144,1036,2180
196,1146,1342
370,1004,1374
927,949,1876
1449,625,2074
221,1093,1314
1213,896,2109
480,1093,1573
911,937,1848
45,817,862
1409,899,2308
434,729,1163
490,1017,1507
19,513,532
117,493,610
742,475,1217
71,1410,1481
419,522,941
363,595,958
1347,665,2012
404,320,724
539,1145,1684
61,793,854
590,612,1202
1168,1439,2607
504,422,926
614,766,1380
459,614,1073
150,606,756
474,287,761
596,814,1410
854,961,1815
94,868,962
661,1976,2637
663,816,1479
798,784,1582
349,948,1297
718,640,1358
289,758,1047
160,568,728
547,453,1000
391,1268,1659
452,473,925
962,1677,2639
118,566,684
981,670,1651
188,790,978
317,681,998
183,539,722
503,770,1273
445,803,1248
999,1354,2353
687,648,1335
133,728,861
1576,401,1977
857,1349,2206
571,490,1061
359,947,1306
434,400,834
1335,1264,2599
672,806,1478
647,987,1634
312,598,910
1501,2051,3552
252,1030,1282
1021,1251,2272
94,1030,1124
781,1050,1831
56,620,676
1114,808,1922
858,907,1765
487,787,1274
654,533,1187
337,2263,2600
545,811,1356
1865,1168,3033
351,724,1075
1005,528,1533
846,1217,2063
1167,1354,2521
1040,653,1693
735,795,1530
107,901,1008
678,1091,1769
320,757,1077
283,1299,1582
375,742,1117
431,1337,1768
550,758,1308
103,2408,2511
547,436,983
587,700,1287
136,1052,1188
348,670,1018
671,908,1579
115,1244,1359
360,761,1121
960,1051,2011
490,1639,2129
1837,1088,2925
238,1619,1857
466,1025,1491
558,521,1079
2090,1091,3181
660,1619,2279
651,684,1335
642,733,1375
630,747,1377
843,981,1824
632,956,1588
655,942,1597
1203,684,1887
586,914,1500
2101,863,2964
448,616,1064
939,821,1760
947,686,1633
441,1264,1705
157,715,872
1061,908,1969
637,782,1419
1446,330,1776
601,752,1353
875,1176,2051
929,820,1749
1100,1097,2197
989,510,1499
719,1458,2177
221,714,935
658,646,1304
509,689,1198
582,491,1073
558,1394,1952
586,944,1530
926,889,1815
741,1138,1879
646,793,1439
496,935,1431
594,507,1101
337,772,1109
503,677,1180
553,1187,1740
875,1075,1950
669,894,1563
297,794,1091
1513,923,2436
615,885,1500
327,1151,1478
420,652,1072
648,832,1480
1067,535,1602
444,736,1180
675,729,1404
553,802,1355
1063,550,1613
579,1038,1617
788,519,1307
652,1016,1668
1000,542,1542
1078,1314,2392
665,683,1348
813,942,1755
555,638,1193
543,1026,1569
660,531,1191
958,1034,1992
348,297,645
188,669,857
661,994,1655
1024,1169,2193
382,1268,1650
520,813,1333
907,484,1391
356,873,1229
595,948,1543
724,578,1302
417,461,878
423,1030,1453
630,474,1104
732,799,1531
832,1509,2341
1329,1166,2495
960,501,1461
838,650,1488
757,593,1350
798,535,1333
761,909,1670
654,1026,1680
393,755,1148
910,1542,2452
540,1115,1655
1066,481,1547
508,839,1347
241,511,752
827,1470,2297
426,808,1234
359,732,1091
632,681,1313
1177,1249,2426
503,1170,1673
698,513,1211
1412,762,2174
479,638,1117
1260,1260,2520
530,1004,1534
641,396,1037
989,1224,2213
896,698,1594
925,856,1781
840,452,1292
226,1190,1416
594,1486,2080
1080,630,1710
217,1189,1406
639,426,1065
294,581,875
725,642,1367
435,912,1347
888,877,1765
700,577,1277
757,1378,2135
1364,698,2062
412,1031,1443
369,587,956
495,891,1386
1111,811,1922
518,488,1006
1038,582,1620
1025,608,1633
1114,868,1982
258,477,735
973,460,1433
224,566,790
326,1038,1364
1433,563,1996
957,522,1479
262,747,1009
432,1066,1498
665,821,1486
403,358,761
426,605,1031
870,1276,2146
561,1043,1604
999,1257,2256
611,598,1209
1413,990,2403
263,1438,1701
788,808,1596
344,360,704
560,896,1456
339,473,812
412,464,876
606,1263,1869
694,642,1336
425,454,879
1242,882,2124
408,1475,1883
597,722,1319
611,775,1386
999,1136,2135
399,965,1364
116,491,607
520,1353,1873
361,1093,1454
1136,1052,2188
571,685,1256
387,1412,1799
967,902,1869
877,809,1686
1095,758,1853
158,803,961
1106,844,1950
538,715,1253
684,1274,1958
491,800,1291
673,1738,2411
703,984,1687
233,1060,1293
788,821,1609
1236,832,2068
576,1701,2277
557,689,1246
327,1094,1421
896,1239,2135
287,670,957
472,698,1170
723,1124,1847
949,673,1622
687,356,1043
969,663,1632
199,900,1099
894,947,1841
1236,650,1886
412,626,1038
382,361,743
833,1107,1940
434,628,1062
557,1325,1882
381,804,1185
421,533,954
1032,849,1881
1450,883,2333
433,764,1197
533,1354,1887
498,320,818
826,985,1811
400,734,1134
601,765,1366
867,782,1649
558,1847,2405
409,816,1225
1560,985,2545
544,963,1507
723,660,1383
910,812,1722
599,967,1566
1152,733,1885
579,220,799
960,628,1588
50,605,655
592,1788,2380
1648,1067,2715
1205,1382,2587
219,929,1148
269,1461,1730
365,851,1216
958,1732,2690
832,1301,2133
1615,684,2299
253,977,1230
532,1114,1646
634,672,1306
808,1433,2241
829,937,1766
639,1350,1989
1009,1487,2496
559,815,1374
807,945,1752
1284,703,1987
687,1256,1943
644,480,1124
939,623,1562
862,1435,2297
481,1403,1884
282,748,1030
1180,702,1882
1159,508,1667
618,1344,1962
440,1233,1673
730,496,1226
491,729,1220
1158,626,1784
571,1222,1793
947,349,1296
519,868,1387
813,636,1449
552,1303,1855
431,1522,1953
981,962,1943
302,1250,1552
43,1661,1704
1088,666,1754
470,1379,1849
73,357,430
419,820,1239
498,1233,1731
1114,641,1755
926,366,1292
801,689,1490
679,1213,1892
858,715,1573
1322,1137,2459
638,1004,1642
79,482,561
1073,1301,2374
1374,412,1786
535,867,1402
483,817,1300
209,722,931
1586,571,2157
598,1254,1852
757,519,1276
1136,508,1644
518,705,1223
703,897,1600
426,674,1100
42,550,592
240,745,985
1129,1010,2139
331,918,1249
565,997,1562
1098,1018,2116
566,752,1318
719,538,1257
517,1398,1915
1334,1065,2399
297,482,779
44,707,751
324,1202,1526
288,288,576
781,506,1287
1088,1241,2329
313,461,774
1197,1198,2395
1154,874,2028
1025,1159,2184
668,864,1532
990,1258,2248
812,975,1787
347,467,814
404,624,1028
245,701,946
649,467,1116
58,593,651
501,685,1186
298,852,1150
906,924,1830
839,357,1196
214,1042,1256
652,421,1073
293,496,789
1283,391,1674
225,1025,1250
515,264,779
712,238,950
996,1013,2009
788,696,1484
534,794,1328
683,607,1290
399,688,1087
335,930,1265
432,871,1303
877,355,1232
153,1780,1933
638,721,1359
1026,545,1571
629,702,1331
259,806,1065
505,606,1111
856,632,1488
92,1045,1137
776,369,1145
382,541,923
827,592,1419
218,2063,2281
826,618,1444
86,740,826
352,506,858
345,728,1073
670,528,1198
393,1039,1432
528,373,901
526,725,1251
291,703,994
520,2064,2584
360,650,1010
136,732,868
600,480,1080
162,910,1072
528,605,1133
259,273,532
569,862,1431
1068,279,1347
632,803,1435
1285,951,2236
283,270,553
707,929,1636
864,754,1618
470,514,984
193,481,674
406,873,1279
979,995,1974
111,325,436
345,961,1306
1533,864,2397
802,708,1510
322,300,622
495,984,1479
611,1445,2056
198,610,808
538,893,1431
101,1521,1622
690,1038,1728
83,606,689
1875,685,2560
370,642,1012
527,1271,1798
442,598,1040
146,717,863
743,535,1278
316,782,1098
282,1487,1769
626,689,1315
409,828,1237
435,499,934
636,742,1378
658,735,1393
172,1105,1277
193,911,1104
623,700,1323
1330,647,1977
785,582,1367
166,446,612
99,1091,1190
855,680,1535
218,980,1198
134,1478,1612
256,1206,1462
978,627,1605
710,812,1522
560,1105,1665
588,589,1177
720,810,1530
515,661,1176
600,560,1160
1020,752,1772
270,647,917
483,928,1411
437,551,988
361,481,842
86,871,957
1100,783,1883
730,756,1486
615,839,1454
1269,320,1589
390,702,1092
330,767,1097
743,396,1139
917,680,1597
599,404,1003
622,354,976
356,630,986
332,610,942
556,1034,1590
424,837,1261
473,664,1137
566,567,1133
225,1227,1452
821,428,1249
535,574,1109
107,413,520
568,692,1260
536,780,1316
245,825,1070
897,428,1325
120,1531,1651
575,795,1370
303,1227,1530
692,461,1153
499,828,1327
333,820,1153
293,492,785
434,1212,1646
528,518,1046
625,603,1228
671,707,1378
958,747,1705
1102,722,1824
469,566,1035
259,833,1092
600,1101,1701
344,681,1025
873,799,1672
742,296,1038
492,658,1150
688,832,1520
631,1397,2028
932,937,1869
105,750,855
438,959,1397
1141,590,1731
312,564,876
303,838,1141
676,1263,1939
535,396,931
1468,574,2042
1088,605,1693
732,443,1175
626,823,1449
408,867,1275
501,420,921
343,675,1018
708,945,1653
182,572,754
783,204,987
505,790,1295
902,767,1669
561,410,971
283,772,1055
645,577,1222
591,1324,1915
1234,664,1898
1029,972,2001
680,650,1330
175,681,856
426,1591,2017
409,1084,1493
688,572,1260
396,714,1110
1138,913,2051
485,649,1134
885,367,1252
206,1054,1260
1026,627,1653
326,395,721
784,438,1222
687,429,1116
716,442,1158
794,655,1449
485,927,1412
517,961,1478
378,1254,1632
826,1144,1970
1464,220,1684
641,1155,1796
614,344,958
745,420,1165
66,614,680
1006,879,1885
475,1433,1908
482,695,1177
1051,372,1423
1053,1086,2139
863,634,1497
355,1350,1705
710,489,1199
729,726,1455
254,1201,1455
988,897,1885
60,729,789
681,819,1500
101,588,689
1155,843,1998
910,716,1626
236,1041,1277
1304,675,1979
94,749,843
504,1023,1527
705,1034,1739
546,515,1061
699,515,1214
30,740,770
720,1060,1780
117,901,1018
1367,560,1927
42,745,787
318,740,1058
1286,515,1801
84,1059,1143
74,963,1037
290,897,1187
80,1123,1203
497,1840,2337
520,735,1255
551,465,1016
54,1402,1456
702,686,1388
385,907,1292
190,877,1067
284,1175,1459
787,682,1469
469,655,1124
919,593,1512
557,769,1326
385,710,1095
1013,714,1727
748,857,1605
491,806,1297
412,901,1313
440,1835,2275
416,1541,1957
545,986,1531
395,858,1253
576,1022,1598
553,586,1139
593,884,1477
941,626,1567
375,691,1066
762,1932,2694
553,1162,1715
1209,379,1588
767,522,1289
855,678,1533
578,1572,2150
1000,954,1954
843,504,1347
805,922,1727
609,1503,2112
1184,1194,2378
813,1163,1976
666,1043,1709
425,905,1330
1396,702,2098
500,927,1427
590,1466,2056
691,1520,2211
1368,1207,2575
817,387,1204
544,1115,1659
430,1129,1559
555,1803,2358
993,898,1891
592,1322,1914
189,991,1180
538,766,1304
644,1427,2071
1028,393,1421
1815,1088,2903
1404,773,2177
551,940,1491
1239,638,1877
1042,743,1785
785,1388,2173
887,1203,2090
759,1106,1865
936,1007,1943
806,1103,1909
554,974,1528
910,904,1814
1151,203,1354
452,612,1064
1382,1227,2609
1467,1421,2888
1121,1469,2590
1612,1093,2705
417,1543,1960
876,334,1210
933,1396,2329
906,253,1159
631,1461,2092
793,1215,2008
996,1451,2447
505,2004,2509
922,448,1370
1248,711,1959
1472,299,1771
340,2398,2738
89,470,559
832,1526,2358
1196,306,1502
907,355,1262
1241,1145,2386
835,300,1135
1021,1762,2783
497,1398,1895
1586,1505,3091
153,444,597
2317,537,2854
528,1968,2496
657,964,1621
454,1274,1728
37,403,440
1101,785,1886
1309,329,1638
844,997,1841
620,421,1041
1169,1019,2188
34,572,606
895,1861,2756
17,584,601
1529,1225,2754
192,636,828
1163,1390,2553
1486,597,2083
35,625,660
1566,689,2255
301,740,1041
1336,695,2031
1153,1025,2178
536,591,1127
1256,877,2133
1067,1987,3054
38,583,621
913,1420,2333
265,494,759
292,2309,2601
215,627,842
131,795,926
491,264,755
170,516,686
982,1236,2218
519,291,810
897,1117,2014
832,1155,1987
236,598,834
647,1258,1905
273,320,593
1594,1583,3177
593,1994,2587
406,607,1013
1172,1680,2852
242,737,979
440,873,1313
425,813,1238
1765,794,2559
835,701,1536
122,331,453
493,822,1315
1884,1684,3568
535,851,1386
933,640,1573
412,893,1305
424,559,983
1233,749,1982
1684,698,2382
614,802,1416
474,1210,1684
2068,1333,3401
920,809,1729
514,988,1502
1032,909,1941
473,689,1162
624,1229,1853
1509,446,1955
446,1063,1509
242,540,782
637,860,1497
785,530,1315
609,611,1220
626,1062,1688
586,669,1255
730,631,1361
658,1396,2054
61,908,969
555,597,1152
1000,802,1802
1360,629,1989
438,601,1039
422,1211,1633
661,1097,1758
491,1011,1502
783,659,1442
665,1166,1831
1120,719,1839
107,1061,1168
470,615,1085
605,769,1374
361,641,1002
685,740,1425
932,795,1727
560,784,1344
893,988,1881
1232,731,1963
975,630,1605
745,836,1581
602,1091,1693
536,807,1343
591,654,1245
515,570,1085
467,955,1422
539,893,1432
1072,848,1920
790,871,1661
942,578,1520
1031,506,1537
1113,1106,2219
562,491,1053
548,606,1154
533,613,1146
870,881,1751
684,319,1003
1100,602,1702
530,1047,1577
562,766,1328
1402,982,2384
280,908,1188
888,763,1651
597,594,1191
725,474,1199
994,905,1899
449,564,1013
446,916,1362
1007,1004,2011
333,1045,1378
736,614,1350
514,768,1282
378,650,1028
422,1042,1464
303,748,1051
779,782,1561
512,613,1125
407,1053,1460
974,700,1674
318,965,1283
609,945,1554
890,497,1387
198,751,949
513,627,1140
761,785,1546
691,946,1637
639,876,1515
492,1197,1689
942,625,1567
808,665,1473
710,347,1057
851,1141,1992
971,428,1399
776,796,1572
627,441,1068
367,613,980
784,435,1219
742,753,1495
544,669,1213
390,742,1132
665,1190,1855
460,366,826
508,975,1483
847,491,1338
529,826,1355
890,721,1611
812,458,1270
641,624,1265
478,710,1188
843,1378,2221
204,368,572
564,838,1402
491,769,1260
901,1240,2141
1160,646,1806
703,583,1286
481,566,1047
674,1027,1701
473,1282,1755
289,462,751
320,423,743
683,630,1313
548,867,1415
995,681,1676
179,610,789
779,603,1382
675,704,1379
1098,806,1904
529,1673,2202
228,959,1187
686,1081,1767
641,520,1161
569,1631,2200
1246,607,1853
240,595,835
292,713,1005
611,535,1146
542,640,1182
428,671,1099
728,730,1458
310,941,1251
537,570,1107
271,950,1221
365,967,1332
178,580,758
549,741,1290
695,1083,1778
591,551,1142
735,598,1333
201,820,1021
1121,796,1917
490,1158,1648
1018,632,1650
361,1280,1641
1530,1038,2568
1032,1123,2155
384,1191,1575
264,756,1020
336,1325,1661
549,840,1389
524,968,1492
649,1753,2402
1555,828,2383
261,1113,1374
734,856,1590
338,928,1266
610,679,1289
747,1032,1779
754,740,1494
903,518,1421
964,1559,2523
372,1109,1481
510,816,1326
912,509,1421
707,665,1372
475,318,793
1028,460,1488
250,1247,1497
952,520,1472
739,498,1237
708,1216,1924
681,473,1154
748,863,1611
472,1034,1506
927,495,1422
899,1532,2431
1039,654,1693
498,1234,1732
895,739,1634
444,484,928
763,806,1569
534,1123,1657
457,865,1322
1214,295,1509
866,1470,2336
1505,1119,2624
385,956,1341
620,427,1047
1250,1438,2688
272,1252,1524
619,536,1155
372,1331,1703
756,1088,1844
1379,895,2274
740,638,1378
1122,811,1933
1161,1029,2190
839,839,1678
1318,776,2094
859,730,1589
348,493,841
447,1163,1610
1489,836,2325
602,467,1069
407,1209,1616
735,1043,1778
399,1255,1654
855,620,1475
937,948,1885
409,817,1226
1261,426,1687
1016,955,1971
1011,501,1512
102,971,1073
569,544,1113
580,847,1427
876,280,1156
985,662,1647
673,784,1457
1254,324,1578
89,779,868
544,692,1236
754,954,1708
840,292,1132
159,966,1125
786,865,1651
1053,972,2025
956,329,1285
369,906,1275
595,905,1500
484,1036,1520
412,967,1379
357,374,731
794,609,1403
619,1143,1762
1368,1098,2466
554,990,1544
143,508,651
930,1195,2125
610,696,1306
714,593,1307
598,1056,1654
316,1328,1644
766,486,1252
899,452,1351
186,548,734
288,1099,1387
416,1069,1485
814,525,1339
281,584,865
584,1116,1700
660,502,1162
487,1392,1879
758,816,1574
815,601,1416
1151,282,1433
319,1498,1817
778,774,1552
1013,1015,2028
230,439,669
208,753,961
943,613,1556
1312,709,2021
1087,718,1805
438,1259,1697
738,534,1272
1274,632,1906
946,576,1522
580,585,1165
865,848,1713
962,634,1596
730,502,1232
342,1345,1687
573,451,1024
1188,745,1933
398,1556,1954
99,1027,1126
420,447,867
227,1425,1652
855,955,1810
318,925,1243
286,1401,1687
543,1164,1707
501,1614,2115
567,744,1311
947,1595,2542
498,506,1004
253,1930,2183
374,689,1063
1431,331,1762
893,674,1567
430,1842,2272
524,809,1333
707,529,1236
762,2020,2782
471,443,914
389,1451,1840
501,1313,1814
1155,435,1590
874,1265,2139
500,1566,2066
320,1588,1908
229,1633,1862
1036,613,1649
1017,1271,2288
552,1361,1913
645,1924,2569
191,616,807
1767,508,2275
747,662,1409
1096,672,1768
339,2100,2439
1151,841,1992
593,982,1575
1540,602,2142
1091,1346,2437
77,653,730
327,520,847
1349,467,1816
1398,750,2148
114,970,1084
1227,379,1606
697,639,1336
283,948,1231
1684,539,2223
1501,328,1829
679,520,1199
422,871,1293
542,410,952
1983,513,2496
824,521,1345
199,684,883
1141,556,1697
751,1095,1846
422,538,960
297,617,914
1323,608,1931
700,1214,1914
1001,1100,2101
1251,569,1820
414,487,901
286,761,1047
262,1320,1582
344,784,1128
673,315,988
239,259,498
514,773,1287
226,306,532
861,779,1640
510,568,1078
364,496,860
457,194,651
513,1123,1636
223,580,803
628,865,1493
796,639,1435
257,259,516
447,575,1022
964,510,1474
500,333,833
563,720,1283
212,754,966
221,581,802
25,836,861
105,1114,1219
493,537,1030
58,1025,1083
498,1380,1878
1084,444,1528
533,795,1328
674,441,1115
340,701,1041
67,195,262
58,363,421
723,450,1173
1031,893,1924
961,285,1246
749,1063,1812
511,713,1224
207,423,630
56,641,697
195,310,505
75,629,704
272,438,710
85,788,873
163,742,905
321,591,912
210,687,897
1027,1033,2060
501,1039,1540
266,702,968
405,635,1040
1117,589,1706
263,1466,1729
332,719,1051
211,335,546
417,1373,1790
238,720,958
300,480,780
156,641,797
983,866,1849
122,832,954
703,594,1297
674,879,1553
632,332,964
242,571,813
120,1421,1541
718,346,1064
39,738,777
533,1763,2296
594,617,1211
114,725,839
817,716,1533
368,4258,4626
484,828,1312
499,431,930
321,659,980
604,995,1599
279,999,1278
436,559,995
748,1035,1783
416,473,889
817,322,1139
578,827,1405
1078,462,1540
611,744,1355
632,441,1073
1428,3264,4692
205,1316,1521
564,794,1358
1641,3142,4783
377,666,1043
550,1141,1691
768,466,1234
4055,540,4595
469,818,1287
808,433,1241
601,462,1063
394,831,1225
376,1031,1407
347,441,788
632,764,1396
367,1026,1393
269,501,770
371,458,829
724,586,1310
696,701,1397
476,765,1241
303,927,1230
899,860,1759
2938,557,3495
283,956,1239
366,991,1357
2589,590,3179
558,733,1291
879,461,1340
510,802,1312
392,656,1048
545,766,1311
820,475,1295
1070,787,1857
471,657,1128
494,1973,2467
445,626,1071
725,779,1504
613,639,1252
276,911,1187
665,836,1501
396,812,1208
584,476,1060
281,320,601
361,667,1028
379,937,1316
577,1994,2571
361,566,927
632,1918,2550
289,959,1248
546,660,1206
348,1050,1398
859,448,1307
222,980,1202
398,542,940
1043,851,1894
624,663,1287
778,387,1165
590,1151,1741
916,943,1859
821,941,1762
709,1182,1891
378,1010,1388
632,950,1582
555,1157,1712
425,506,931
555,1073,1628
685,1464,2149
1808,581,2389
1009,731,1740
462,1229,1691
630,908,1538
683,1426,2109
886,411,1297
368,635,1003
561,941,1502
720,1241,1961
247,1017,1264
729,722,1451
542,1358,1900
722,1055,1777
816,707,1523
835,1669,2504
415,749,1164
715,1226,1941
1321,599,1920
754,744,1498
389,624,1013
1892,1077,2969
392,690,1082
873,419,1292
1198,455,1653
426,1180,1606
1074,568,1642
1256,366,1622
1811,1078,2889
689,1601,2290
52,654,706
1046,572,1618
255,480,735
738,738,1476
1132,372,1504
625,696,1321
735,460,1195
407,1083,1490
653,803,1456
1036,1406,2442
993,836,1829
881,608,1489
409,410,819
400,694,1094
1082,380,1462
929,261,1190
376,406,782
789,497,1286
1453,404,1857
434,931,1365
508,788,1296
81,552,633
860,388,1248
1390,1084,2474
744,697,1441
59,477,536
846,850,1696
765,490,1255
27,430,457
724,700,1424
1027,1111,2138
669,595,1264
82,856,938
1260,1069,2329
39,479,518
45,669,714
485,473,958
89,638,727
36,580,616
67,571,638
1307,410,1717
796,988,1784
50,664,714
50,821,871
55,821,876
205,541,746
240,918,1158
488,478,966
304,484,788
273,511,784
157,671,828
302,893,1195
261,928,1189
17,1280,1297
1330,1014,2344
668,610,1278
75,602,677
222,1214,1436
222,704,926
587,241,828
269,870,1139
302,691,993
381,908,1289
277,1290,1567
413,504,917
375,724,1099
451,419,870
66,1473,1539
649,616,1265
642,283,925
213,1493,1706
236,1108,1344
587,1144,1731
547,393,940
512,912,1424
458,770,1228
625,866,1491
64,504,568
573,301,874
1069,809,1878
258,1664,1922
201,480,681
377,992,1369
758,585,1343
535,994,1529
643,853,1496
802,794,1596
420,1307,1727
279,462,741
296,615,911
754,1351,2105
337,407,744
482,1044,1526
774,1063,1837
127,669,796
804,1245,2049
1158,613,1771
1326,794,2120
398,607,1005
457,439,896
732,907,1639
707,1544,2251
808,534,1342
1144,981,2125
267,599,866
1460,663,2123
688,1234,1922
791,1465,2256
1318,801,2119
1355,567,1922
870,1132,2002
1224,966,2190
404,781,1185
1066,955,2021
51,612,663
937,839,1776
762,952,1714
953,759,1712
83,912,995
1533,403,1936
601,1092,1693
754,411,1165
319,721,1040
568,967,1535
792,848,1640
265,924,1189
1023,448,1471
1282,468,1750
286,650,936
910,1101,2011
492,633,1125
856,741,1597
670,632,1302
1112,619,1731
320,1054,1374
491,961,1452
201,1030,1231
386,1030,1416
749,939,1688
737,717,1454
424,888,1312
802,502,1304
671,977,1648
294,883,1177
231,933,1164
528,924,1452
185,742,927
659,574,1233
864,664,1528
365,608,973
822,1592,2414
569,1316,1885
914,557,1471
710,438,1148
447,1542,1989
760,433,1193
207,2020,2227
695,1167,1862
807,978,1785
381,609,990
989,901,1890
552,1230,1782
721,1477,2198
508,692,1200
667,1201,1868
491,487,978
740,1619,2359
899,1429,2328
85,485,570
771,1590,2361
569,1659,2228
671,1454,2125
751,1396,2147
870,501,1371
999,1233,2232
759,1069,1828
416,198,614
469,1544,2013
1333,1102,2435
676,952,1628
317,1255,1572
890,1925,2815
521,564,1085
1468,606,2074
1322,344,1666
813,1162,1975
1285,361,1646
498,258,756
447,1013,1460
1140,810,1950
838,185,1023
306,1325,1631
508,1111,1619
1489,280,1769
363,1308,1671
320,1132,1452
1377,187,1564
1464,556,2020
843,887,1730
872,1541,2413
54,341,395
1574,939,2513
508,628,1136
969,902,1871
531,1791,2322
42,350,392
1134,767,1901
683,501,1184
475,2110,2585
82,369,451
19,140,159
1135,557,1692
1166,1380,2546
520,1009,1529
788,602,1390
77,555,632
689,742,1431
1829,1033,2862
1214,617,1831
43,766,809
198,361,559
613,575,1188
184,681,865
666,950,1616
1568,1070,2638
1490,984,2474
716,190,906
1088,670,1758
119,679,798
307,246,553
472,380,852
353,660,1013
240,1240,1480
806,870,1676
1645,1245,2890
431,2127,2558
1230,698,1928
598,572,1170
396,639,1035
905,1587,2492
338,860,1198
358,862,1220
109,870,979
2052,963,3015
888,639,1527
157,837,994
227,708,935
1094,1323,2417
789,170,959
875,794,1669
248,871,1119
1985,416,2401
34,580,614
416,737,1153
423,635,1058
1357,429,1786
470,1057,1527
462,723,1185
383,436,819
512,1132,1644
931,447,1378
363,551,914
434,424,858
943,1001,1944
474,714,1188
348,1024,1372
346,445,791
527,946,1473
832,745,1577
337,320,657
576,433,1009
92,1500,1592
959,614,1573
511,429,940
508,405,913
555,1132,1687
586,907,1493
592,630,1222
151,437,588
621,456,1077
803,349,1152
886,885,1771
235,573,808
223,539,762
99,1110,1209
866,592,1458
212,537,749
276,641,917
636,472,1108
205,1713,1918
317,507,824
39,983,1022
239,626,865
843,913,1756
849,517,1366
436,356,792
305,730,1035
541,459,1000
516,1461,1977
364,679,1043
368,706,1074
689,1122,1811
1044,734,1778
855,417,1272
184,467,651
65,626,691
1386,524,1910
486,2686,3172
1454,473,1927
485,692,1177
76,1581,1657
997,875,1872
995,332,1327
201,610,811
568,1547,2115
200,663,863
719,2402,3121
567,542,1109
185,824,1009
328,643,971
397,2458,2855
307,559,866
400,774,1174
353,645,998
753,2142,2895
285,799,1084
761,907,1668
606,622,1228
937,1248,2185
145,739,884
539,719,1258
579,835,1414
457,1144,1601
382,603,985
2014,450,2464
707,733,1440
1467,962,2429
310,330,640
297,632,929
430,841,1271
1418,673,2091
495,677,1172
529,670,1199
1060,667,1727
2224,426,2650
553,473,1026
801,463,1264
298,1224,1522
543,396,939
509,338,847
615,1139,1754
338,1588,1926
832,620,1452
341,799,1140
286,1281,1567
1846,674,2520
820,680,1500
184,1203,1387
581,314,895
656,542,1198
309,740,1049
1080,816,1896
323,1346,1669
195,402,597
615,733,1348
582,952,1534
538,514,1052
676,678,1354
303,701,1004
618,861,1479
680,815,1495
732,982,1714
219,1131,1350
531,1234,1765
413,728,1141
1005,565,1570
1061,741,1802
504,800,1304
593,575,1168
510,796,1306
1390,724,2114
445,645,1090
454,601,1055
165,962,1127
743,745,1488
480,664,1144
1208,639,1847
647,530,1177
618,646,1264
301,1190,1491
299,1486,1785
312,352,664
546,506,1052
742,987,1729
668,527,1195
294,722,1016
173,992,1165
855,578,1433
648,339,987
562,1256,1818
977,802,1779
484,773,1257
898,602,1500
843,824,1667
307,426,733
581,874,1455
565,375,940
528,931,1459
916,1130,2046
1276,1074,2350
87,799,886
226,821,1047
1338,902,2240
609,1217,1826
312,626,938
624,1076,1700
497,388,885
514,615,1129
657,1080,1737
398,657,1055
1052,576,1628
564,567,1131
445,1356,1801
715,687,1402
641,1022,1663
386,703,1089
791,501,1292
321,1153,1474
886,505,1391
694,598,1292
155,571,726
802,360,1162
1041,229,1270
236,593,829
259,1176,1435
717,528,1245
504,529,1033
401,339,740
856,505,1361
803,665,1468
609,245,854
332,1168,1500
465,602,1067
370,478,848
615,1005,1620
395,1022,1417
475,345,820
455,348,803
983,732,1715
251,1188,1439
411,1385,1796
687,1022,1709
533,277,810
452,941,1393
585,528,1113
1137,335,1472
517,1085,1602
733,212,945
947,965,1912
1061,637,1698
348,965,1313
728,327,1055
726,367,1093
254,1341,1595
891,780,1671
78,455,533
135,236,371
312,1697,2009
889,738,1627
104,377,481
1220,494,1714
1278,816,2094
581,873,1454
33,464,497
737,828,1565
150,647,797
542,982,1524
992,742,1734
87,400,487
798,799,1597
133,431,564
302,1770,2072
121,555,676
774,677,1451
66,834,900
1435,1397,2832
262,445,707
438,587,1025
86,829,915
1230,1405,2635
970,699,1669
1534,1154,2688
275,500,775
348,883,1231
90,502,592
982,286,1268
416,563,979
633,526,1159
244,831,1075
928,286,1214
353,586,939
532,531,1063
403,633,1036
298,464,762
459,697,1156
332,820,1152
248,873,1121
213,687,900
926,321,1247
316,852,1168
631,692,1323
628,1889,2517
323,683,1006
472,554,1026
459,923,1382
699,690,1389
301,787,1088
374,1004,1378
814,343,1157
434,2073,2507
801,643,1444
510,695,1205
578,696,1274
725,1955,2680
710,377,1087
431,653,1084
596,1162,1758
571,721,1292
833,293,1126
473,525,998
469,688,1157
339,303,642
760,290,1050
1134,826,1960
174,480,654
357,1169,1526
620,527,1147
756,501,1257
1435,573,2008
618,436,1054
551,696,1247
235,322,557
1504,2030,3534
640,2045,2685
649,1974,2623
156,750,906
1539,1101,2640
454,894,1348
1765,451,2216
717,1217,1934
201,799,1000
430,906,1336
1971,321,2292
153,1296,1449
599,1330,1929
1821,346,2167
318,1206,1524
247,900,1147
241,801,1042
1672,988,2660
636,1335,1971
776,701,1477
557,420,977
377,378,755
362,1213,1575
546,994,1540
461,440,901
1215,344,1559
381,449,830
1108,452,1560
401,1362,1763
739,974,1713
801,400,1201
122,381,503
225,410,635
1072,1366,2438
652,743,1395
362,1172,1534
178,1388,1566
712,716,1428
562,381,943
251,2364,2615
271,630,901
403,455,858
682,1336,2018
437,2209,2646
81,813,894
180,639,819
390,2258,2648
1191,894,2085
629,1757,2386
894,573,1467
525,1975,2500
929,1313,2242
154,676,830
1126,1596,2722
320,617,937
621,341,962
199,442,641
848,1939,2787
265,2494,2759
828,1537,2365
981,1040,2021
805,1726,2531
692,2231,2923
578,622,1200
995,854,1849
678,549,1227
300,668,968
2261,716,2977
1971,1009,2980
1713,841,2554
2173,745,2918
309,848,1157
1888,578,2466
1361,760,2121
786,463,1249
298,1154,1452
386,1082,1468
622,877,1499
1208,929,2137
730,694,1424
1690,592,2282
1399,1153,2552
1443,601,2044
130,632,762
424,515,939
2366,713,3079
341,629,970
288,671,959
371,772,1143
626,835,1461
1877,723,2600
358,1115,1473
1058,732,1790
210,935,1145
892,860,1752
1958,726,2684
696,1045,1741
557,1059,1616
824,436,1260
159,667,826
631,641,1272
251,1064,1315
469,725,1194
743,597,1340
773,584,1357
263,492,755
911,1063,1974
483,520,1003
801,419,1220
598,446,1044
327,932,1259
539,831,1370
727,458,1185
668,876,1544
564,759,1323
539,585,1124
508,1309,1817
300,1047,1347
1010,755,1765
480,499,979
967,1193,2160
442,1037,1479
593,1360,1953
782,564,1346
394,830,1224
681,1180,1861
349,1016,1365
381,807,1188
582,371,953
940,508,1448
405,767,1172
566,1041,1607
505,818,1323
943,346,1289
222,585,807
788,648,1436
141,726,867
389,436,825
819,529,1348
908,1050,1958
197,717,914
734,1302,2036
589,1008,1597
614,249,863
689,279,968
1064,700,1764
485,1193,1678
866,320,1186
340,637,977
655,1070,1725
284,524,808
651,721,1372
670,358,1028
435,274,709
243,530,773
352,619,971
839,1346,2185
1222,539,1761
479,478,957
543,1690,2233
1091,649,1740
882,876,1758
430,555,985
339,382,721
88,546,634
1191,1204,2395
738,925,1663
386,1823,2209
853,718,1571
1166,899,2065
79,378,457
556,1850,2406
520,817,1337
157,709,866
1515,690,2205
373,497,870
1050,1147,2197
578,939,1517
278,892,1170
401,978,1379
157,530,687
567,821,1388
145,1636,1781
211,788,999
776,721,1497
1736,501,2237
393,653,1046
1076,873,1949
649,558,1207
1737,608,2345
457,781,1238
469,687,1156
488,1339,1827
665,1119,1784
876,1073,1949
195,1216,1411
1026,987,2013
374,1107,1481
470,789,1259
1093,1000,2093
670,571,1241
402,1213,1615
891,1224,2115
441,1019,1460
178,651,829
1573,730,2303
622,944,1566
316,796,1112
931,1626,2557
579,663,1242
677,1008,1685
730,1889,2619
333,969,1302
167,560,727
1130,742,1872
756,597,1353
651,718,1369
265,879,1144
246,1047,1293
344,1171,1515
369,951,1320
318,881,1199
492,1080,1572
335,703,1038
915,700,1615
546,1277,1823
827,876,1703
1019,703,1722
825,1218,2043
231,1134,1365
921,741,1662
348,1120,1468
940,675,1615
591,499,1090
771,840,1611
469,1164,1633
896,1047,1943
844,847,1691
1441,1068,2509
501,2784,3285
431,849,1280
833,865,1698
810,2760,3570
796,493,1289
465,1109,1574
728,679,1407
515,759,1274
839,1002,1841
1408,962,2370
965,722,1687
184,879,1063
741,930,1671
1112,1083,2195
463,926,1389
1052,857,1909
392,720,1112
653,685,1338
999,733,1732
985,2388,3373
430,1054,1484
983,872,1855
476,637,1113
862,735,1597
543,919,1462
624,1028,1652
872,678,1550
937,492,1429
658,1077,1735
2486,872,3358
693,1014,1707
664,882,1546
645,472,1117
373,700,1073
782,1096,1878
804,505,1309
657,838,1495
753,1120,1873
570,1770,2340
2342,846,3188
206,828,1034
464,1767,2231
840,844,1684
356,628,984
416,679,1095
711,621,1332
765,879,1644
597,588,1185
832,1084,1916
758,1035,1793
658,710,1368
840,1036,1876
2027,1030,3057
440,882,1322
395,697,1092
753,1115,1868
257,603,860
899,1150,2049
905,1381,2286
803,1085,1888
680,575,1255
619,891,1510
609,935,1544
1616,910,2526
756,578,1334
508,617,1125
561,662,1223
759,947,1706
307,682,989
716,996,1712
669,558,1227
681,954,1635
393,1002,1395
1575,751,2326
572,823,1395
937,995,1932
557,1286,1843
444,732,1176
437,614,1051
983,1002,1985
1002,859,1861
543,839,1382
1218,978,2196
841,999,1840
353,507,860
764,791,1555
833,743,1576
806,650,1456
968,819,1787
786,958,1744
604,1263,1867
869,839,1708
413,1278,1691
637,453,1090
506,1181,1687
625,634,1259
729,977,1706
395,970,1365
522,948,1470
383,775,1158
721,592,1313
453,1851,2304
973,1096,2069
695,648,1343
382,658,1040
524,1765,2289
942,448,1390
848,897,1745
1131,1047,2178
877,272,1149
873,562,1435
852,1833,2685
439,279,718
930,613,1543
711,831,1542
1146,1242,2388
132,303,435
569,788,1357
870,950,1820
393,609,1002
971,615,1586
749,1829,2578
950,858,1808
890,726,1616
726,1789,2515
1703,693,2396
181,317,498
737,805,1542
746,1057,1803
1607,599,2206
162,712,874
685,1000,1685
935,520,1455
1199,618,1817
1590,481,2071
290,979,1269
620,1261,1881
338,747,1085
1645,619,2264
324,771,1095
375,1115,1490
634,1267,1901
738,669,1407
326,925,1251
214,506,720
538,1228,1766
557,1376,1933
502,843,1345
887,930,1817
582,1072,1654
249,831,1080
604,855,1459
509,457,966
1639,458,2097
49,954,1003
609,926,1535
413,1890,2303
529,772,1301
1203,605,1808
96,1113,1209
1156,421,1577
343,948,1291
521,631,1152
496,1256,1752
927,398,1325
922,1295,2217
854,434,1288
716,434,1150
936,250,1186
715,1085,1800
1163,1096,2259
776,438,1214
456,502,958
802,254,1056
637,959,1596
971,990,1961
614,442,1056
377,286,663
830,541,1371
898,842,1740
620,1319,1939
356,1079,1435
81,394,475
479,3220,3699
959,483,1442
615,1280,1895
134,492,626
596,3049,3645
630,1166,1796
748,139,887
533,1440,1973
897,964,1861
899,471,1370
411,1818,2229
1140,244,1384
787,431,1218
185,541,726
1146,311,1457
842,471,1313
387,1567,1954
157,839,996
817,746,1563
969,768,1737
95,301,396
965,281,1246
1771,1704,3475
565,897,1462
457,2093,2550
899,1323,2222
466,589,1055
369,694,1063
741,1904,2645
456,363,819
75,366,441
80,480,560
1151,316,1467
247,2183,2430
1411,739,2150
487,681,1168
105,679,784
800,1708,2508
739,1824,2563
535,679,1214
2669,1265,3934
90,569,659
201,709,910
1477,893,2370
105,539,644
116,683,799
1198,810,2008
1738,884,2622
221,821,1042
470,753,1223
577,518,1095
215,675,890
450,1963,2413
122,925,1047
439,557,996
608,192,800
1742,1053,2795
247,1027,1274
594,815,1409
2852,1224,4076
635,210,845
2118,782,2900
285,661,946
44,1285,1329
810,499,1309
1803,789,2592
618,946,1564
532,770,1302
524,664,1188
1615,1650,3265
449,700,1149
436,1066,1502
68,1434,1502
504,596,1100
1967,765,2732
349,633,982
897,597,1494
1756,714,2470
1245,1335,2580
610,543,1153
553,724,1277
342,1029,1371
680,1109,1789
814,1045,1859
475,716,1191
536,1140,1676
572,663,1235
599,812,1411
660,555,1215
36,808,844
647,523,1170
452,1034,1486
354,646,1000
790,507,1297
1190,689,1879
260,590,850
881,866,1747
469,675,1144
1000,798,1798
619,519,1138
688,880,1568
1039,671,1710
583,693,1276
779,612,1391
443,564,1007
478,848,1326
534,845,1379
328,737,1065
252,822,1074
879,321,1200
666,478,1144
570,464,1034
60,978,1038
525,535,1060
1292,598,1890
811,371,1182
627,831,1458
132,1181,1313
19,754,773
494,906,1400
355,368,723
171,499,670
150,740,890
1256,329,1585
506,898,1404
60,556,616
197,722,919
98,529,627
99,870,969
518,632,1150
273,713,986
174,739,913
1062,631,1693
92,1151,1243
443,502,945
428,488,916
127,540,667
172,838,1010
499,584,1083
697,539,1236
261,580,841
616,493,1109
443,846,1289
698,1409,2107
217,778,995
1202,1284,2486
468,735,1203
806,1307,2113
670,1782,2452
729,551,1280
484,416,900
529,578,1107
664,661,1325
446,583,1029
309,557,866
651,677,1328
422,705,1127
343,1339,1682
557,1663,2220
310,589,899
1094,616,1710
397,839,1236
449,413,862
568,813,1381
323,717,1040
444,1406,1850
235,566,801
644,942,1586
394,749,1143
508,478,986
1129,452,1581
458,949,1407
727,454,1181
677,580,1257
484,540,1024
736,473,1209
549,814,1363
462,797,1259
573,444,1017
985,919,1904
513,651,1164
462,403,865
746,1092,1838
1206,592,1798
834,330,1164
698,683,1381
577,691,1268
305,873,1178
788,506,1294
614,1161,1775
313,674,987
284,757,1041
357,609,966
1247,874,2121
422,893,1315
362,704,1066
344,1678,2022
719,1139,1858
155,610,765
1450,1027,2477
722,895,1617
403,547,950
1475,1487,2962
671,1664,2335
1044,796,1840
275,431,706
663,1677,2340
845,427,1272
212,896,1108
670,615,1285
321,479,800
587,1262,1849
786,1686,2472
368,445,813
394,1727,2121
809,425,1234
505,1116,1621
1615,884,2499
1013,1266,2279
462,990,1452
1478,628,2106
535,967,1502
296,1357,1653
1214,324,1538
650,434,1084
476,422,898
1467,605,2072
924,1339,2263
150,579,729
478,813,1291
704,905,1609
971,346,1317
72,657,729
164,608,772
1655,414,2069
1594,638,2232
860,1393,2253
1035,497,1532
347,1477,1824
872,543,1415
938,347,1285
124,716,840
357,481,838
568,542,1110
265,794,1059
1365,1040,2405
539,467,1006
228,1792,2020
618,501,1119
409,321,730
57,543,600
745,1021,1766
516,458,974
583,1380,1963
108,667,775
329,482,811
1300,832,2132
486,533,1019
225,635,860
1261,1095,2356
394,725,1119
1233,881,2114
447,471,918
1138,805,1943
458,294,752
648,1135,1783
257,938,1195
204,645,849
353,689,1042
619,1196,1815
618,1904,2522
172,736,908
795,663,1458
716,2499,3215
447,512,959
990,795,1785
478,2726,3204
357,327,684
745,1106,1851
420,2041,2461
522,562,1084
1576,577,2153
431,700,1131
116,637,753
702,944,1646
574,2693,3267
345,954,1299
531,789,1320
357,674,1031
1010,791,1801
1304,1333,2637
497,792,1289
176,957,1133
823,641,1464
367,2510,2877
434,1343,1777
532,526,1058
240,777,1017
880,634,1514
744,594,1338
1763,1064,2827
839,319,1158
557,713,1270
523,1010,1533
2503,580,3083
749,490,1239
608,883,1491
754,287,1041
570,570,1140
530,619,1149
822,633,1455
272,1648,1920
422,837,1259
705,435,1140
665,492,1157
1890,746,2636
513,610,1123
192,566,758
682,936,1618
1186,945,2131
289,1676,1965
489,485,974
337,467,804
964,760,1724
196,1814,2010
530,625,1155
390,1095,1485
604,618,1222
2528,743,3271
546,621,1167
275,728,1003
450,1180,1630
731,305,1036
424,474,898
756,392,1148
551,404,955
842,549,1391
2195,1094,3289
539,516,1055
676,410,1086
797,503,1300
499,1068,1567
318,431,749
577,1400,1977
921,423,1344
796,1710,2506
1593,425,2018
681,943,1624
372,635,1007
1605,941,2546
675,1397,2072
682,738,1420
709,270,979
372,402,774
1691,803,2494
289,1338,1627
479,816,1295
390,712,1102
894,588,1482
520,1186,1706
1360,513,1873
312,1008,1320
524,889,1413
1372,521,1893
1256,1554,2810
551,320,871
354,886,1240
303,726,1029
844,527,1371
386,754,1140
291,1077,1368
1322,461,1783
72,1048,1120
431,699,1130
464,707,1171
483,699,1182
188,1788,1976
655,559,1214
555,1088,1643
423,478,901
869,2183,3052
660,1390,2050
453,1641,2094
349,1384,1733
308,745,1053
940,363,1303
421,1702,2123
528,1075,1603
844,2199,3043
946,1003,1949
557,1525,2082
517,513,1030
100,1481,1581
456,817,1273
399,1023,1422
477,475,952
524,652,1176
1390,1364,2754
1117,1028,2145
942,1497,2439
1352,446,1798
144,1656,1800
231,970,1201
770,1082,1852
463,695,1158
357,659,1016
2146,615,2761
1307,1199,2506
412,1609,2021
1471,520,1991
208,1787,1995
665,713,1378
1038,725,1763
583,1446,2029
1539,523,2062
2104,694,2798
1368,599,1967
813,836,1649
312,681,993
467,679,1146
818,1278,2096
1305,1124,2429
1017,802,1819
1524,708,2232
105,517,622
1228,724,1952
930,761,1691
1522,453,1975
494,855,1349
551,747,1298
1400,781,2181
493,649,1142
195,823,1018
793,1288,2081
770,429,1199
175,749,924
1337,556,1893
183,839,1022
645,675,1320
1654,634,2288
250,685,935
881,1040,1921
909,1076,1985
1018,901,1919
267,284,551
319,779,1098
772,1326,2098
393,654,1047
329,738,1067
247,403,650
536,743,1279
51,752,803
645,635,1280
340,367,707
391,447,838
1379,604,1983
411,493,904
311,863,1174
392,823,1215
341,470,811
108,757,865
438,483,921
457,923,1380
435,464,899
734,663,1397
306,997,1303
775,1082,1857
461,1052,1513
168,733,901
735,442,1177
731,475,1206
713,803,1516
505,1408,1913
42,462,504
897,429,1326
233,1226,1459
1037,656,1693
131,541,672
106,415,521
472,946,1418
1178,743,1921
412,416,828
625,1010,1635
613,936,1549
380,1161,1541
593,1162,1755
446,1094,1540
131,539,670
826,902,1728
504,1375,1879
527,1119,1646
1507,242,1749
627,1193,1820
808,808,1616
892,1078,1970
88,413,501
1203,846,2049
407,703,1110
532,494,1026
1030,828,1858
525,665,1190
589,485,1074
50,587,637
49,455,504
619,499,1118
134,421,555
1244,697,1941
528,620,1148
343,961,1304
236,600,836
178,591,769
702,547,1249
422,875,1297
202,992,1194
206,1011,1217
364,566,930
240,1100,1340
761,393,1154
276,1095,1371
283,467,750
294,1117,1411
436,882,1318
745,661,1406
605,297,902
385,799,1184
533,430,963
668,863,1531
335,730,1065
435,500,935
774,733,1507
736,589,1325
419,859,1278
585,657,1242
308,1100,1408
845,1040,1885
549,1128,1677
400,749,1149
883,1219,2102
488,1378,1866
775,678,1453
825,290,1115
433,933,1366
979,906,1885
828,912,1740
623,912,1535
213,960,1173
624,1186,1810
985,941,1926
671,639,1310
662,453,1115
807,1093,1900
286,1215,1501
955,777,1732
636,673,1309
517,1064,1581
827,827,1654
981,931,1912
965,1139,2104
757,1054,1811
936,650,1586
370,687,1057
543,510,1053
416,802,1218
769,719,1488
64,822,886
463,699,1162
834,1288,2122
1124,795,1919
411,496,907
610,668,1278
1090,837,1927
1186,506,1692
259,683,942
709,621,1330
337,647,984
488,511,999
477,679,1156
885,627,1512
562,1816,2378
1020,714,1734
652,898,1550
1126,574,1700
500,631,1131
445,577,1022
361,1628,1989
977,440,1417
644,427,1071
444,778,1222
587,533,1120
948,817,1765
634,1035,1669
496,592,1088
746,600,1346
237,1601,1838
370,1059,1429
622,697,1319
581,777,1358
279,1778,2057
1005,795,1800
1125,798,1923
451,1897,2348
408,479,887
502,1218,1720
491,962,1453
535,2284,2819
504,992,1496
419,607,1026
1544,892,2436
586,751,1337
408,641,1049
352,709,1061
562,690,1252
1689,828,2517
750,529,1279
531,592,1123
548,862,1410
454,906,1360
564,1210,1774
327,1268,1595
454,839,1293
747,688,1435
840,545,1385
322,819,1141
442,609,1051
1112,279,1391
497,1177,1674
1571,558,2129
386,1178,1564
494,467,961
890,580,1470
832,589,1421
957,1164,2121
406,1168,1574
567,993,1560
662,1154,1816
2219,328,2547
1417,1163,2580
639,1072,1711
733,776,1509
475,594,1069
1238,539,1777
818,1104,1922
1120,522,1642
419,1297,1716
526,442,968
406,1284,1690
629,573,1202
365,711,1076
534,800,1334
849,610,1459
813,551,1364
183,915,1098
1087,628,1715
1029,864,1893
511,761,1272
93,811,904
755,749,1504
695,489,1184
237,787,1024
438,765,1203
588,490,1078
314,761,1075
554,886,1440
497,771,1268
751,892,1643
995,437,1432
978,698,1676
388,1024,1412
640,575,1215
785,348,1133
700,440,1140
1162,741,1903
606,844,1450
1053,468,1521
546,309,855
954,887,1841
1648,1162,2810
390,1069,1459
482,663,1145
302,390,692
583,327,910
722,536,1258
743,625,1368
643,615,1258
1194,673,1867
645,338,983
490,2097,2587
496,984,1480
525,372,897
726,409,1135
404,618,1022
270,978,1248
116,386,502
602,720,1322
315,1040,1355
202,310,512
588,761,1349
437,1026,1463
99,421,520
248,306,554
260,799,1059
557,739,1296
100,560,660
942,587,1529
382,1205,1587
895,572,1467
585,940,1525
696,1283,1979
976,1524,2500
282,312,594
473,734,1207
614,1267,1881
899,1258,2157
207,433,640
599,970,1569
869,492,1361
1070,1785,2855
812,960,1772
879,689,1568
508,673,1181
989,916,1905
742,1237,1979
275,424,699
236,750,986
682,1089,1771
1990,965,2955
518,1133,1651
71,610,681
388,880,1268
275,890,1165
251,516,767
536,579,1115
970,401,1371
1393,929,2322
325,501,826
482,776,1258
815,522,1337
1710,636,2346
619,717,1336
444,945,1389
1059,572,1631
291,1113,1404
435,321,756
855,860,1715
262,447,709
886,565,1451
694,687,1381
485,1056,1541
763,513,1276
955,428,1383
1135,617,1752
674,942,1616
169,375,544
964,1030,1994
284,1377,1661
741,557,1298
307,427,734
113,646,759
1004,1097,2101
953,890,1843
573,785,1358
236,575,811
518,1419,1937
504,671,1175
487,1102,1589
813,905,1718
357,711,1068
274,747,1021
423,764,1187
313,815,1128
765,571,1336
176,1789,1965
546,1564,2110
682,1341,2023
449,784,1233
823,1128,1951
254,1143,1397
352,1139,1491
473,1685,2158
652,808,1460
247,1231,1478
562,979,1541
645,1496,2141
545,1147,1692
821,618,1439
1159,1018,2177
386,877,1263
664,1497,2161
890,928,1818
474,1032,1506
991,1311,2302
1537,412,1949
395,740,1135
583,664,1247
756,581,1337
857,1218,2075
1194,636,1830
1337,1127,2464
675,765,1440
1044,636,1680
811,1530,2341
1544,1117,2661
567,831,1398
1077,645,1722
599,1492,2091
1413,328,1741
631,745,1376
536,509,1045
1286,883,2169
578,732,1310
500,356,856
1122,594,1716
533,665,1198
1254,628,1882
462,746,1208
929,814,1743
764,1576,2340
438,557,995
154,1931,2085
196,315,511
886,370,1256
906,829,1735
766,747,1513
1059,927,1986
720,466,1186
494,892,1386
860,1646,2506
112,551,663
255,589,844
564,901,1465
661,1046,1707
253,591,844
219,610,829
1381,813,2194
573,1002,1575
317,1843,2160
298,577,875
1415,1004,2419
863,795,1658
32,1002,1034
541,453,994
387,490,877
1029,1023,2052
557,1939,2496
702,1036,1738
1835,691,2526
395,315,710
1451,913,2364
1734,686,2420
616,460,1076
638,481,1119
458,618,1076
719,552,1271
673,730,1403
511,444,955
478,689,1167
1538,840,2378
797,546,1343
342,719,1061
426,616,1042
168,446,614
326,534,860
373,531,904
720,773,1493
594,759,1353
424,320,744
824,823,1647
759,740,1499
297,304,601
698,776,1474
1818,358,2176
631,299,930
387,694,1081
704,547,1251
236,1362,1598
226,619,845
189,1732,1921
615,440,1055
385,1645,2030
357,333,690
430,554,984
585,1509,2094
492,833,1325
295,446,741
755,470,1225
808,1390,2198
639,658,1297
678,704,1382
518,265,783
604,838,1442
645,171,816
357,429,786
376,678,1054
573,1004,1577
503,352,855
649,200,849
672,1025,1697
1495,628,2123
56,1735,1791
520,263,783
1740,482,2222
681,484,1165
802,1190,1992
808,659,1467
26,154,180
252,1240,1492
369,1621,1990
719,669,1388
47,294,341
630,981,1611
1506,515,2021
598,790,1388
631,1555,2186
236,2101,2337
67,351,418
397,997,1394
563,2007,2570
922,508,1430
44,470,514
765,1067,1832
478,640,1118
288,560,848
1234,1507,2741
618,1235,1853
681,1308,1989
389,480,869
1622,1270,2892
86,642,728
555,1065,1620
127,506,633
1990,716,2706
464,793,1257
1398,1398,2796
1401,405,1806
1014,1032,2046
115,403,518
1486,1276,2762
849,311,1160
279,667,946
896,1124,2020
857,821,1678
548,316,864
1206,1035,2241
1423,834,2257
290,442,732
290,638,928
1731,732,2463
330,811,1141
330,934,1264
146,747,893
592,749,1341
350,257,607
990,882,1872
419,1000,1419
1158,783,1941
1038,674,1712
1318,711,2029
557,928,1485
498,813,1311
753,812,1565
68,473,541
646,1056,1702
490,905,1395
403,875,1278
516,972,1488
796,508,1304
1208,644,1852
696,651,1347
753,672,1425
353,605,958
95,966,1061
658,806,1464
485,461,946
563,933,1496
261,1407,1668
813,630,1443
441,1124,1565
556,1184,1740
606,637,1243
271,1159,1430
815,990,1805
338,453,791
879,626,1505
130,603,733
869,830,1699
704,654,1358
525,787,1312
211,1058,1269
514,693,1207
364,1148,1512
1014,444,1458
691,777,1468
660,739,1399
836,523,1359
605,780,1385
814,558,1372
556,445,1001
835,478,1313
366,1089,1455
485,696,1181
608,1150,1758
880,848,1728
498,762,1260
225,898,1123
384,937,1321
481,593,1074
293,724,1017
719,474,1193
926,733,1659
673,616,1289
392,846,1238
437,1025,1462
535,592,1127
428,1065,1493
375,724,1099
517,708,1225
430,579,1009
955,760,1715
450,622,1072
595,927,1522
572,1124,1696
625,602,1227
906,755,1661
628,468,1096
300,972,1272
370,594,964
1018,855,1873
509,563,1072
715,767,1482
1349,746,2095
1037,743,1780
677,699,1376
949,630,1579
1082,1306,2388
876,715,1591
617,879,1496
651,719,1370
743,1347,2090
485,700,1185
666,667,1333
698,820,1518
683,474,1157
715,870,1585
583,904,1487
717,412,1129
745,463,1208
994,604,1598
867,700,1567
524,564,1088
864,1119,1983
572,587,1159
417,966,1383
447,661,1108
495,411,906
565,565,1130
628,804,1432
622,670,1292
855,415,1270
1289,303,1592
832,1164,1996
478,915,1393
351,1071,1422
1312,673,1985
306,583,889
335,1356,1691
367,1095,1462
577,729,1306
750,569,1319
605,856,1461
370,1062,1432
554,786,1340
615,521,1136
676,897,1573
510,569,1079
508,1245,1753
599,646,1245
382,890,1272
530,642,1172
1015,464,1479
482,733,1215
297,832,1129
64,840,904
163,582,745
555,1077,1632
591,1118,1709
717,631,1348
306,646,952
235,716,951
101,747,848
816,639,1455
535,931,1466
742,646,1388
1021,1133,2154
1278,596,1874
410,639,1049
506,484,990
388,596,984
248,761,1009
439,525,964
332,812,1144
620,569,1189
507,848,1355
1001,1071,2072
502,608,1110
772,584,1356
927,1131,2058
560,661,1221
532,918,1450
636,466,1102
976,587,1563
706,420,1126
485,539,1024
308,833,1141
785,239,1024
1062,704,1766
466,767,1233
59,1468,1527
403,755,1158
492,661,1153
746,1026,1772
116,1531,1647
671,873,1544
506,731,1237
684,1127,1811
491,864,1355
538,1168,1706
581,814,1395
355,785,1140
475,754,1229
621,782,1403
1364,378,1742
899,531,1430
714,731,1445
568,814,1382
566,246,812
330,771,1101
943,282,1225
1447,278,1725
1008,558,1566
492,1110,1602
784,384,1168
511,283,794
376,883,1259
558,355,913
255,549,804
600,925,1525
839,384,1223
489,1009,1498
861,271,1132
694,414,1108
449,935,1384
671,907,1578
762,484,1246
768,295,1063
665,1054,1719
445,806,1251
47,542,589
498,676,1174
951,412,1363
911,668,1579
400,1306,1706
1031,864,1895
37,503,540
29,569,598
203,715,918
904,426,1330
138,698,836
57,668,725
398,593,991
869,1018,1887
159,613,772
480,543,1023
168,1018,1186
272,579,851
279,362,641
362,1540,1902
77,1169,1246
2125,602,2727
611,1607,2218
278,1011,1289
496,299,795
161,1244,1405
259,1045,1304
215,1025,1240
915,1244,2159
330,292,622
269,417,686
1205,1111,2316
365,573,938
409,496,905
236,977,1213
363,1095,1458
1007,344,1351
204,717,921
271,1330,1601
448,1271,1719
91,611,702
922,884,1806
392,491,883
590,1113,1703
130,740,870
251,617,868
747,904,1651
102,751,853
390,1400,1790
528,1382,1910
731,975,1706
1352,606,1958
396,1192,1588
348,579,927
940,446,1386
1202,815,2017
766,477,1243
474,630,1104
454,1363,1817
957,821,1778
760,914,1674
707,595,1302
1161,827,1988
712,367,1079
356,436,792
901,957,1858
731,623,1354
860,415,1275
844,784,1628
278,885,1163
1015,938,1953
543,609,1152
153,433,586
150,1309,1459
563,788,1351
1181,665,1846
541,492,1033
405,794,1199
189,833,1022
1399,730,2129
303,645,948
685,716,1401
700,694,1394
997,677,1674
752,710,1462
824,926,1750
558,1092,1650
1078,792,1870
131,2633,2764
547,1314,1861
338,1239,1577
258,2885,3143
213,432,645
607,1109,1716
480,863,1343
1227,1910,3137
624,646,1270
680,433,1113
925,466,1391
665,526,1191
143,587,730
392,646,1038
413,883,1296
497,868,1365
166,674,840
272,1384,1656
2472,729,3201
1163,297,1460
933,1050,1983
194,689,883
2684,499,3183
863,1303,2166
21,658,679
1758,536,2294
305,602,907
626,985,1611
647,499,1146
570,503,1073
277,949,1226
695,1731,2426
678,1225,1903
41,1045,1086
654,1588,2242
611,1109,1720
1104,530,1634
363,575,938
750,1535,2285
467,1110,1577
864,803,1667
554,966,1520
454,1067,1521
870,846,1716
293,966,1259
280,301,581
940,845,1785
513,404,917
324,788,1112
510,1118,1628
353,1222,1575
455,991,1446
38,863,901
407,1149,1556
1209,803,2012
515,1428,1943
455,1201,1656
360,856,1216
472,1143,1615
968,856,1824
309,1578,1887
217,1096,1313
828,933,1761
1370,677,2047
945,1058,2003
649,1165,1814
875,1175,2050
803,884,1687
1422,717,2139
715,920,1635
957,638,1595
965,740,1705
709,815,1524
1089,828,1917
1206,557,1763
764,823,1587
112,1057,1169
1209,563,1772
419,1173,1592
868,497,1365
1223,818,2041
1341,529,1870
456,332,788
999,633,1632
254,2143,2397
377,1413,1790
35,557,592
923,732,1655
830,1222,2052
673,981,1654
278,577,855
883,1125,2008
464,324,788
728,2256,2984
857,979,1836
192,478,670
48,669,717
311,634,945
1117,905,2022
255,469,724
319,747,1066
1127,801,1928
324,831,1155
1397,1586,2983
395,734,1129
706,1025,1731
1021,1202,2223
359,548,907
358,918,1276
237,493,730
984,1564,2548
576,623,1199
691,1000,1691
2072,1078,3150
599,604,1203
767,1927,2694
2154,881,3035
632,591,1223
421,961,1382
886,1753,2639
1338,1274,2612
788,697,1485
383,972,1355
1056,732,1788
586,928,1514
526,671,1197
908,721,1629
549,822,1371
540,1159,1699
648,1254,1902
793,1058,1851
441,981,1422
712,499,1211
202,1217,1419
768,741,1509
588,479,1067
649,1587,2236
692,1232,1924
643,629,1272
1291,818,2109
887,771,1658
510,908,1418
501,603,1104
745,998,1743
1167,1043,2210
822,1486,2308
739,1254,1993
560,531,1091
406,527,933
707,818,1525
1614,529,2143
372,835,1207
853,700,1553
523,1401,1924
879,734,1613
916,1364,2280
638,1230,1868
281,628,909
1517,752,2269
811,870,1681
863,751,1614
404,1005,1409
640,938,1578
340,1635,1975
927,933,1860
634,960,1594
483,773,1256
723,1123,1846
540,662,1202
934,741,1675
809,886,1695
1641,1077,2718
374,898,1272
780,485,1265
1220,1449,2669
212,748,960
601,813,1414
1154,746,1900
392,1299,1691
662,829,1491
1329,738,2067
402,689,1091
595,926,1521
853,837,1690
511,485,996
652,487,1139
838,1103,1941
682,605,1287
716,482,1198
508,380,888
555,1168,1723
1129,659,1788
561,419,980
960,813,1773
1108,948,2056
570,1847,2417
767,449,1216
534,328,862
449,944,1393
508,983,1491
587,1164,1751
222,426,648
641,337,978
1285,575,1860
385,919,1304
974,743,1717
572,892,1464
401,362,763
982,523,1505
541,994,1535
753,1367,2120
412,479,891
882,556,1438
660,1208,1868
391,922,1313
621,704,1325
570,1200,1770
1076,895,1971
194,570,764
74,2464,2538
637,400,1037
1167,569,1736
1245,1884,3129
846,599,1445
1039,432,1471
750,725,1475
260,607,867
1627,1636,3263
428,999,1427
816,328,1144
876,934,1810
299,1007,1306
168,1357,1525
735,927,1662
342,696,1038
391,832,1223
231,829,1060
494,773,1267
243,1130,1373
396,353,749
482,1205,1687
826,877,1703
276,917,1193
2374,945,3319
321,1320,1641
628,187,815
351,1070,1421
826,1100,1926
947,637,1584
332,663,995
828,1428,2256
308,912,1220
1753,714,2467
278,1043,1321
656,690,1346
638,775,1413
585,878,1463
766,485,1251
951,910,1861
82,332,414
648,1521,2169
743,836,1579
80,567,647
760,866,1626
818,807,1625
1080,1175,2255
119,601,720
1443,838,2281
1294,556,1850
814,484,1298
643,1156,1799
1143,465,1608
818,1011,1829
452,539,991
729,657,1386
1140,1304,2444
418,520,938
1056,929,1985
422,562,984
1384,805,2189
260,890,1150
92,564,656
745,1388,2133
466,729,1195
561,942,1503
748,1079,1827
339,618,957
576,1090,1666
207,604,811
1056,845,1901
389,313,702
656,1287,1943
497,944,1441
953,1344,2297
374,818,1192
1252,743,1995
562,761,1323
569,701,1270
281,529,810
905,1356,2261
785,751,1536
698,948,1646
417,707,1124
319,1123,1442
890,603,1493
195,950,1145
448,453,901
578,749,1327
514,1199,1713
971,953,1924
608,590,1198
885,797,1682
531,862,1393
262,873,1135
382,1056,1438
240,726,966
1142,858,2000
685,767,1452
607,516,1123
952,736,1688
625,844,1469
934,618,1552
640,652,1292
932,468,1400
545,452,997
637,386,1023
603,437,1040
213,543,756
481,363,844
624,1415,2039
588,1313,1901
619,1447,2066
293,1791,2084
329,413,742
1192,1198,2390
879,1785,2664
544,1129,1673
759,1510,2269
935,1023,1958
351,1335,1686
750,1271,2021
536,179,715
433,294,727
852,1108,1960
458,692,1150
1281,322,1603
375,1378,1753
132,506,638
355,1054,1409
1166,283,1449
234,1963,2197
1275,363,1638
650,1533,2183
556,1405,1961
313,1838,2151
1351,432,1783
1065,1121,2186
962,1283,2245
782,1411,2193
994,384,1378
327,1030,1357
139,435,574
1693,330,2023
1159,295,1454
185,507,692
149,1239,1388
1399,527,1926
1740,346,2086
851,1677,2528
275,823,1098
1432,732,2164
270,356,626
1735,948,2683
115,582,697
381,565,946
509,1613,2122
393,390,783
1412,265,1677
1038,1800,2838
393,688,1081
89,413,502
95,415,510
146,705,851
224,786,1010
391,1210,1601
1196,1128,2324
1068,485,1553
239,1419,1658
1413,921,2334
408,793,1201
728,801,1529
1557,959,2516
159,702,861
523,1927,2450
1098,1340,2438
118,412,530
325,863,1188
1608,765,2373
282,711,993
592,826,1418
683,461,1144
866,670,1536
319,819,1138
1333,1495,2828
121,442,563
1126,489,1615
724,663,1387
670,485,1155
1609,1303,2912
304,822,1126
461,1085,1546
157,1034,1191
316,680,996
485,872,1357
768,975,1743
419,314,733
361,544,905
387,925,1312
23,811,834
483,978,1461
435,570,1005
464,439,903
459,890,1349
843,690,1533
225,829,1054
623,319,942
1063,1042,2105
969,1186,2155
1853,867,2720
1326,1127,2453
420,437,857
439,272,711
1370,947,2317
341,820,1161
348,765,1113
674,365,1039
429,586,1015
957,2046,3003
71,1030,1101
759,1116,1875
451,847,1298
1125,717,1842
650,726,1376
234,830,1064
149,739,888
344,462,806
840,520,1360
546,1971,2517
589,844,1433
325,551,876
359,944,1303
848,1458,2306
46,557,603
781,681,1462
361,710,1071
854,699,1553
106,1163,1269
469,694,1163
679,589,1268
659,641,1300
534,842,1376
200,451,651
714,841,1555
921,717,1638
791,804,1595
723,607,1330
404,463,867
787,958,1745
877,667,1544
723,938,1661
284,650,934
1090,427,1517
582,994,1576
894,877,1771
389,461,850
478,480,958
388,951,1339
415,686,1101
1001,833,1834
1756,606,2362
593,626,1219
472,734,1206
519,360,879
368,604,972
760,593,1353
765,625,1390
610,1134,1744
543,1183,1726
1895,1188,3083
468,1097,1565
725,770,1495
785,1251,2036
396,641,1037
816,411,1227
719,636,1355
656,895,1551
1399,1159,2558
362,971,1333
1135,456,1591
914,793,1707
513,843,1356
849,530,1379
637,634,1271
443,752,1195
842,707,1549
587,874,1461
842,807,1649
638,565,1203
1153,449,1602
601,592,1193
916,2241,3157
394,387,781
967,647,1614
949,611,1560
653,1926,2579
521,701,1222
387,971,1358
118,634,752
761,661,1422
631,467,1098
274,613,887
507,461,968
590,634,1224
493,753,1246
451,535,986
448,514,962
645,767,1412
823,585,1408
594,1739,2333
510,432,942
600,554,1154
435,630,1065
382,361,743
376,507,883
119,995,1114
561,515,1076
627,1137,1764
2066,576,2642
616,430,1046
195,679,874
629,769,1398
681,663,1344
421,355,776
535,717,1252
261,1287,1548
441,473,914
586,1625,2211
450,1102,1552
526,659,1185
539,381,920
434,634,1068
188,1098,1286
917,926,1843
226,694,920
137,774,911
352,582,934
954,1419,2373
847,1006,1853
355,608,963
131,513,644
400,538,938
287,668,955
182,804,986
514,821,1335
1069,1698,2767
127,1572,1699
1290,582,1872
575,442,1017
1760,692,2452
1063,1806,2869
392,1782,2174
593,455,1048
150,755,905
1073,562,1635
765,590,1355
220,848,1068
1693,1405,3098
1378,900,2278
836,712,1548
409,812,1221
243,1341,1584
816,473,1289
476,307,783
511,1559,2070
888,625,1513
1591,653,2244
1415,605,2020
473,631,1104
1575,941,2516
1631,560,2191
552,926,1478
117,485,602
1689,535,2224
252,1911,2163
615,627,1242
555,478,1033
291,486,777
218,659,877
298,576,874
386,947,1333
580,811,1391
321,551,872
581,1753,2334
444,1207,1651
527,867,1394
481,468,949
816,562,1378
620,1558,2178
546,342,888
456,336,792
1644,590,2234
316,733,1049
672,616,1288
1312,862,2174
655,620,1275
466,733,1199
228,790,1018
768,1313,2081
361,451,812
275,1156,1431
1658,416,2074
550,1164,1714
676,601,1277
1253,967,2220
369,507,876
50,1524,1574
435,1013,1448
415,939,1354
773,663,1436
523,1078,1601
462,357,819
561,626,1187
504,1017,1521
459,842,1301
1025,592,1617
417,842,1259
521,508,1029
1081,1090,2171
1466,508,1974
411,858,1269
411,1135,1546
226,910,1136
327,486,813
310,755,1065
1387,281,1668
747,423,1170
1186,545,1731
383,1025,1408
453,721,1174
601,743,1344
406,735,1141
721,778,1499
522,340,862
895,529,1424
903,337,1240
582,841,1423
564,420,984
598,303,901
217,769,986
810,650,1460
696,732,1428
721,489,1210
136,783,919
1000,983,1983
968,691,1659
783,448,1231
992,829,1821
769,553,1322
138,490,628
1650,245,1895
174,1251,1425
711,471,1182
487,1039,1526
960,287,1247
407,873,1280
855,341,1196
990,826,1816
116,575,691
163,481,644
227,454,681
625,1079,1704
114,676,790
312,519,831
1125,441,1566
614,1160,1774
40,814,854
240,586,826
292,476,768
1121,771,1892
571,1082,1653
322,622,944
91,850,941
126,523,649
765,1241,2006
252,839,1091
135,726,861
175,659,834
99,428,527
729,533,1262
511,465,976
301,708,1009
312,828,1140
254,1063,1317
92,558,650
538,725,1263
380,479,859
29,847,876
697,699,1396
311,399,710
138,1180,1318
858,484,1342
1002,398,1400
357,890,1247
436,573,1009
465,772,1237
64,956,1020
350,638,988
366,413,779
604,667,1271
126,1362,1488
329,712,1041
865,744,1609
432,630,1062
558,1331,1889
246,586,832
1042,859,1901
548,932,1480
1276,657,1933
682,1311,1993
366,932,1298
360,1730,2090
502,1123,1625
617,712,1329
370,1033,1403
340,1340,1680
653,1013,1666
416,383,799
275,1425,1700
367,873,1240
860,437,1297
253,1020,1273
718,1290,2008
439,557,996
373,861,1234
861,1195,2056
271,243,514
41,642,683
666,1062,1728
836,958,1794
773,666,1439
189,1269,1458
887,354,1241
308,1437,1745
431,1560,1991
492,555,1047
494,1373,1867
360,436,796
437,1032,1469
1051,603,1654
348,444,792
564,1944,2508
467,517,984
962,310,1272
407,1895,2302
469,859,1328
1380,599,1979
717,761,1478
1084,1388,2472
423,662,1085
933,718,1651
776,1899,2675
679,867,1546
461,1376,1837
762,752,1514
1025,528,1553
1078,1555,2633
896,456,1352
744,1478,2222
1505,821,2326
326,413,739
1845,540,2385
140,623,763
344,667,1011
682,891,1573
278,530,808
82,770,852
878,700,1578
1122,737,1859
1757,555,2312
364,710,1074
1474,396,1870
1117,891,2008
215,444,659
589,443,1032
519,632,1151
390,502,892
142,1107,1249
304,912,1216
1287,665,1952
1494,571,2065
1152,549,1701
511,274,785
370,1007,1377
553,708,1261
579,374,953
324,971,1295
503,940,1443
374,595,969
46,721,767
850,361,1211
519,1059,1578
1032,438,1470
141,731,872
137,630,767
134,804,938
273,603,876
150,1199,1349
293,527,820
905,673,1578
642,650,1292
764,976,1740
276,653,929
305,664,969
450,841,1291
144,1058,1202
710,930,1640
485,554,1039
469,701,1170
232,782,1014
523,612,1135
740,574,1314
654,458,1112
191,1046,1237
138,1161,1299
644,1155,1799
158,841,999
557,712,1269
377,520,897
442,1121,1563
510,442,952
493,481,974
903,437,1340
428,570,998
289,609,898
753,1047,1800
960,462,1422
553,447,1000
870,742,1612
700,856,1556
360,360,720
533,785,1318
589,553,1142
204,1472,1676
864,650,1514
301,438,739
231,617,848
934,635,1569
463,880,1343
550,378,928
292,621,913
517,1303,1820
539,1039,1578
848,1035,1883
484,496,980
1010,873,1883
604,491,1095
782,371,1153
286,385,671
465,932,1397
364,318,682
1111,908,2019
1017,573,1590
469,341,810
334,721,1055
654,465,1119
441,436,877
417,426,843
786,1018,1804
886,467,1353
461,809,1270
1410,536,1946
313,896,1209
218,706,924
271,551,822
280,371,651
273,876,1149
301,546,847
213,575,788
444,345,789
347,1272,1619
345,260,605
401,510,911
1190,1116,2306
559,1287,1846
341,580,921
492,674,1166
473,3540,4013
172,1424,1596
801,429,1230
75,539,614
788,3777,4565
478,1117,1595
418,892,1310
238,572,810
783,990,1773
448,381,829
125,1200,1325
938,3626,4564
494,957,1451
857,1398,2255
425,537,962
1669,2631,4300
905,632,1537
441,217,658
713,1312,2025
576,366,942
492,571,1063
257,1180,1437
682,996,1678
1301,582,1883
3161,356,3517
824,1183,2007
289,437,726
386,598,984
511,464,975
3208,379,3587
992,451,1443
498,1014,1512
304,445,749
139,645,784
176,794,970
1109,628,1737
447,1048,1495
337,372,709
2279,312,2591
1294,366,1660
1122,491,1613
456,621,1077
439,483,922
838,800,1638
989,761,1750
799,437,1236
180,379,559
329,876,1205
574,327,901
415,833,1248
580,504,1084
1163,447,1610
534,563,1097
552,447,999
716,2203,2919
148,428,576
558,726,1284
617,558,1175
139,488,627
343,2339,2682
737,615,1352
151,697,848
143,612,755
844,2194,3038
179,542,721
127,544,671
659,666,1325
790,1802,2592
487,432,919
405,473,878
152,614,766
533,565,1098
196,670,866
297,655,952
358,705,1063
487,413,900
282,729,1011
286,646,932
409,696,1105
420,637,1057
1054,689,1743
685,1755,2440
320,777,1097
627,533,1160
250,443,693
1129,1582,2711
301,966,1267
498,547,1045
710,2104,2814
229,862,1091
529,846,1375
576,323,899
2072,1293,3365
384,1174,1558
635,332,967
1277,1434,2711
434,836,1270
261,544,805
461,387,848
494,166,660
417,757,1174
443,682,1125
1980,973,2953
568,665,1233
73,1694,1767
481,591,1072
605,649,1254
737,565,1302
365,1591,1956
613,1038,1651
225,597,822
2080,991,3071
1599,634,2233
285,680,965
414,1047,1461
897,732,1629
561,286,847
1277,679,1956
741,1263,2004
52,676,728
1240,589,1829
1591,1167,2758
77,436,513
601,493,1094
752,815,1567
591,459,1050
1541,620,2161
620,859,1479
201,624,825
497,893,1390
895,790,1685
1396,1052,2448
376,507,883
907,843,1750
267,597,864
1308,594,1902
550,1258,1808
123,606,729
323,611,934
400,730,1130
866,803,1669
307,1176,1483
571,551,1122
132,694,826
100,1143,1243
788,710,1498
167,881,1048
318,474,792
312,1461,1773
430,798,1228
480,893,1373
724,456,1180
939,979,1918
587,1237,1824
542,566,1108
615,717,1332
275,877,1152
515,616,1131
695,775,1470
357,661,1018
411,602,1013
515,767,1282
1133,856,1989
374,670,1044
738,302,1040
707,941,1648
325,555,880
387,651,1038
1230,301,1531
514,529,1043
642,473,1115
821,552,1373
962,738,1700
287,896,1183
882,815,1697
462,734,1196
426,871,1297
1143,571,1714
801,648,1449
431,815,1246
295,774,1069
546,534,1080
870,584,1454
423,697,1120
309,553,862
159,894,1053
88,568,656
651,865,1516
736,469,1205
436,718,1154
419,1069,1488
557,809,1366
733,507,1240
562,1264,1826
516,706,1222
607,645,1252
209,488,697
656,909,1565
74,910,984
741,1287,2028
270,645,915
318,552,870
33,935,968
166,844,1010
409,612,1021
327,693,1020
458,557,1015
902,1797,2699
475,402,877
392,684,1076
770,308,1078
665,1159,1824
510,802,1312
425,799,1224
937,679,1616
599,1344,1943
387,768,1155
826,310,1136
863,578,1441
651,1691,2342
565,348,913
387,770,1157
624,457,1081
312,1162,1474
673,613,1286
427,375,802
569,651,1220
920,1187,2107
527,479,1006
358,1132,1490
503,717,1220
968,465,1433
194,699,893
656,1082,1738
668,582,1250
662,797,1459
667,591,1258
733,2050,2783
630,657,1287
1226,768,1994
1592,1097,2689
610,974,1584
429,1119,1548
228,318,546
610,1199,1809
129,1103,1232
336,1216,1552
122,2111,2233
61,824,885
1299,1085,2384
1092,926,2018
649,894,1543
386,1460,1846
89,333,422
471,1081,1552
640,953,1593
756,1010,1766
139,2226,2365
506,1203,1709
1089,1089,2178
885,977,1862
424,901,1325
350,2023,2373
106,1246,1352
969,579,1548
428,699,1127
1795,756,2551
974,642,1616
166,436,602
396,826,1222
826,631,1457
427,1836,2263
226,1506,1732
595,529,1124
915,478,1393
286,741,1027
144,800,944
774,622,1396
865,700,1565
1277,1247,2524
174,882,1056
569,1339,1908
802,876,1678
2008,903,2911
1897,667,2564
785,804,1589
773,811,1584
602,365,967
484,912,1396
398,692,1090
149,439,588
418,514,932
1621,612,2233
2112,920,3032
553,617,1170
548,639,1187
694,923,1617
1106,566,1672
451,967,1418
417,463,880
394,501,895
893,852,1745
718,533,1251
114,765,879
551,917,1468
692,673,1365
721,758,1479
186,2094,2280
578,363,941
275,937,1212
510,728,1238
1069,965,2034
371,640,1011
297,738,1035
440,479,919
596,1655,2251
470,813,1283
555,792,1347
185,534,719
274,663,937
1265,1094,2359
461,834,1295
245,648,893
524,907,1431
271,1106,1377
153,436,589
38,923,961
642,1840,2482
575,894,1469
526,897,1423
679,699,1378
250,654,904
844,1704,2548
518,575,1093
488,1092,1580
403,743,1146
264,728,992
734,630,1364
820,409,1229
25,1048,1073
186,795,981
667,383,1050
44,1281,1325
663,426,1089
338,1019,1357
652,506,1158
775,621,1396
756,391,1147
156,931,1087
1144,553,1697
759,850,1609
385,680,1065
533,551,1084
409,944,1353
500,638,1138
758,533,1291
609,1091,1700
924,546,1470
831,664,1495
1282,929,2211
449,979,1428
653,541,1194
781,680,1461
767,579,1346
510,698,1208
107,552,659
1214,516,1730
89,744,833
298,1061,1359
266,552,818
319,625,944
323,551,874
118,702,820
619,1090,1709
917,643,1560
1536,904,2440
871,1309,2180
820,802,1622
518,1564,2082
357,484,841
513,1183,1696
709,1229,1938
245,1718,1963
772,710,1482
441,792,1233
382,603,985
450,746,1196
435,449,884
590,720,1310
413,712,1125
628,577,1205
994,766,1760
866,1154,2020
347,664,1011
129,667,796
1027,447,1474
612,742,1354
455,548,1003
425,626,1051
386,565,951
653,627,1280
543,678,1221
1439,577,2016
567,858,1425
358,731,1089
1091,436,1527
636,830,1466
330,825,1155
537,539,1076
277,1228,1505
661,593,1254
956,641,1597
630,801,1431
351,468,819
489,432,921
702,726,1428
667,828,1495
416,880,1296
233,477,710
319,1319,1638
557,975,1532
509,576,1085
500,668,1168
529,858,1387
1642,609,2251
637,505,1142
500,1309,1809
499,1060,1559
510,868,1378
1087,865,1952
625,378,1003
695,838,1533
1101,738,1839
788,761,1549
799,1030,1829
1302,775,2077
747,580,1327
688,845,1533
709,694,1403
1507,486,1993
975,671,1646
488,922,1410
1006,786,1792
453,778,1231
735,510,1245
609,1015,1624
232,911,1143
996,736,1732
586,849,1435
637,646,1283
1371,452,1823
732,546,1278
777,724,1501
924,272,1196
627,384,1011
852,529,1381
548,838,1386
944,861,1805
334,502,836
897,689,1586
528,1111,1639
611,648,1259
826,724,1550
867,1062,1929
725,711,1436
745,824,1569
959,590,1549
925,1183,2108
305,729,1034
490,1761,2251
387,558,945
893,681,1574
244,1220,1464
237,1755,1992
387,728,1115
699,895,1594
475,579,1054
498,654,1152
433,588,1021
773,962,1735
809,450,1259
513,439,952
390,414,804
258,787,1045
859,474,1333
273,1013,1286
924,467,1391
377,845,1222
399,412,811
526,868,1394
283,1117,1400
547,332,879
425,763,1188
950,426,1376
337,1068,1405
412,954,1366
216,601,817
278,1044,1322
677,491,1168
399,496,895
462,539,1001
483,1150,1633
738,529,1267
489,1174,1663
294,1003,1297
906,1094,2000
613,816,1429
1029,443,1472
110,500,610
1658,1196,2854
313,1117,1430
730,463,1193
701,756,1457
1661,1067,2728
614,917,1531
282,662,944
275,1136,1411
956,1065,2021
918,785,1703
468,1222,1690
88,907,995
780,814,1594
901,924,1825
603,853,1456
448,946,1394
732,754,1486
790,1364,2154
989,320,1309
295,1159,1454
576,602,1178
388,696,1084
811,480,1291
799,464,1263
902,833,1735
692,848,1540
857,488,1345
708,1297,2005
844,752,1596
663,417,1080
1095,705,1800
690,1191,1881
828,441,1269
597,700,1297
1010,719,1729
466,427,893
905,602,1507
890,903,1793
372,723,1095
677,873,1550
1137,464,1601
942,1133,2075
848,691,1539
335,474,809
751,852,1603
219,437,656
980,693,1673
328,398,726
352,992,1344
769,774,1543
368,381,749
239,654,893
596,869,1465
525,809,1334
421,1397,1818
701,671,1372
328,1113,1441
600,852,1452
342,1671,2013
395,397,792
414,819,1233
283,664,947
377,1112,1489
1196,592,1788
326,662,988
836,538,1374
592,795,1387
785,532,1317
240,1551,1791
592,677,1269
324,920,1244
597,933,1530
536,995,1531
575,795,1370
336,485,821
586,720,1306
483,916,1399
1091,838,1929
1378,631,2009
798,897,1695
766,1124,1890
930,1036,1966
747,1179,1926
481,805,1286
394,830,1224
693,1077,1770
578,759,1337
693,694,1387
709,946,1655
1597,727,2324
477,905,1382
966,1021,1987
1202,661,1863
850,680,1530
1119,965,2084
959,912,1871
339,1154,1493
386,718,1104
554,950,1504
719,1015,1734
655,784,1439
705,1103,1808
1082,729,1811
476,576,1052
379,1929,2308
1112,752,1864
623,930,1553
1505,990,2495
476,1051,1527
985,908,1893
468,1341,1809
871,1165,2036
1059,1249,2308
858,821,1679
1017,1184,2201
524,637,1161
757,1014,1771
537,795,1332
993,1033,2026
487,2051,2538
635,1430,2065
406,1037,1443
907,672,1579
882,1136,2018
760,363,1123
899,828,1727
699,659,1358
655,1113,1768
888,2026,2914
808,1228,2036
727,1314,2041
1134,844,1978
727,820,1547
707,458,1165
736,851,1587
1879,1476,3355
355,1378,1733
831,1861,2692
746,1487,2233
837,1662,2499
389,1431,1820
472,1659,2131
290,1212,1502
1952,1338,3290
1164,1247,2411
712,1842,2554
668,1909,2577
836,1654,2490
377,1157,1534
658,1720,2378
513,1579,2092
372,1570,1942
1582,1086,2668
675,1340,2015
789,1345,2134
86,1702,1788
649,1537,2186
1375,638,2013
782,1415,2197
1796,408,2204
1208,499,1707
1650,555,2205
1306,1261,2567
1122,709,1831
1192,1111,2303
1156,586,1742
1119,1132,2251
514,820,1334
1493,291,1784
1493,430,1923
1049,587,1636
1458,582,2040
1256,604,1860
951,1457,2408
1677,567,2244
262,1293,1555
1595,343,1938
1031,1484,2515
1855,831,2686
1217,803,2020
611,1457,2068
1017,762,1779
855,1458,2313
1767,729,2496
1047,811,1858
560,1419,1979
1375,708,2083
1549,781,2330
1970,798,2768
505,758,1263
101,924,1025
46,878,924
898,1690,2588
34,748,782
1484,581,2065
36,868,904
73,930,1003
1175,1006,2181
36,893,929
45,853,898
1487,959,2446
1328,1337,2665
24,767,791
75,970,1045
245,807,1052
1598,823,2421
322,926,1248
366,687,1053
244,743,987
1315,823,2138
1354,555,1909
280,1141,1421
1506,940,2446
86,856,942
357,901,1258
479,684,1163
649,617,1266
649,822,1471
287,1237,1524
69,811,880
337,1261,1598
620,679,1299
82,1450,1532
120,1051,1171
111,976,1087
564,568,1132
760,733,1493
409,1282,1691
404,1187,1591
638,731,1369
638,1057,1695
27,1884,1911
701,1182,1883
807,542,1349
499,729,1228
559,729,1288
670,1111,1781
771,910,1681
468,752,1220
475,1008,1483
598,1065,1663
515,682,1197
922,621,1543
971,842,1813
657,1431,2088
523,710,1233
1071,703,1774
261,978,1239
520,1301,1821
747,851,1598
412,641,1053
1003,1279,2282
1199,495,1694
523,988,1511
913,493,1406
641,700,1341
794,784,1578
605,865,1470
829,318,1147
992,1247,2239
327,1085,1412
181,886,1067
684,1130,1814
834,767,1601
972,600,1572
593,990,1583
1095,662,1757
340,711,1051
1002,738,1740
375,862,1237
381,1665,2046
546,649,1195
193,751,944
595,775,1370
321,787,1108
580,842,1422
612,757,1369
1166,763,1929
819,590,1409
1239,1835,3074
824,667,1491
748,726,1474
34,893,927
673,653,1326
734,841,1575
269,939,1208
794,908,1702
213,769,982
1695,1597,3292
968,852,1820
344,803,1147
786,669,1455
1056,898,1954
491,670,1161
824,831,1655
267,589,856
442,872,1314
639,826,1465
571,474,1045
392,508,900
238,872,1110
530,936,1466
774,507,1281
517,465,982
1467,1674,3141
408,1658,2066
187,811,998
646,1134,1780
1497,969,2466
735,510,1245
435,982,1417
620,898,1518
615,521,1136
746,488,1234
582,2298,2880
739,1111,1850
625,745,1370
148,822,970
771,762,1533
622,904,1526
368,1140,1508
518,510,1028
486,1282,1768
679,2481,3160
783,582,1365
723,1232,1955
1438,915,2353
339,781,1120
659,1237,1896
495,690,1185
1571,1201,2772
1476,1577,3053
667,1003,1670
566,812,1378
269,469,738
98,600,698
659,1477,2136
314,1404,1718
551,893,1444
983,511,1494
503,1276,1779
2298,873,3171
498,1237,1735
303,899,1202
47,1286,1333
2437,824,3261
378,1079,1457
1098,268,1366
528,816,1344
1315,784,2099
1143,295,1438
493,923,1416
960,1427,2387
874,1113,1987
1162,361,1523
178,814,992
1067,958,2025
542,611,1153
626,989,1615
667,641,1308
677,966,1643
558,1223,1781
906,940,1846
123,371,494
552,860,1412
741,1076,1817
804,1072,1876
856,1441,2297
248,906,1154
382,578,960
881,1651,2532
736,999,1735
400,775,1175
608,1462,2070
67,1035,1102
764,1008,1772
1448,615,2063
271,1085,1356
845,362,1207
341,736,1077
235,480,715
669,728,1397
531,967,1498
682,1425,2107
472,793,1265
1074,1317,2391
884,574,1458
781,740,1521
389,1282,1671
394,787,1181
764,1197,1961
58,866,924
959,705,1664
460,1444,1904
796,359,1155
82,928,1010
638,1286,1924
105,787,892
669,1035,1704
145,1272,1417
249,1041,1290
602,582,1184
1146,720,1866
1199,1499,2698
575,547,1122
643,589,1232
1259,1960,3219
923,494,1417
1201,942,2143
1389,1561,2950
360,1118,1478
437,1062,1499
436,678,1114
710,435,1145
1139,724,1863
1049,779,1828
225,517,742
606,609,1215
1195,835,2030
837,907,1744
1144,1321,2465
733,1085,1818
985,844,1829
260,874,1134
531,723,1254
744,545,1289
279,516,795
653,1343,1996
1878,521,2399
817,1203,2020
297,619,916
55,1732,1787
538,953,1491
579,285,864
449,517,966
306,1549,1855
616,464,1080
525,1243,1768
1054,871,1925
459,835,1294
1198,838,2036
1643,327,1970
477,1007,1484
912,1228,2140
1429,657,2086
1301,763,2064
274,477,751
515,1481,1996
763,895,1658
1143,1026,2169
1191,345,1536
1329,811,2140
335,597,932
976,877,1853
583,1034,1617
1022,729,1751
923,1422,2345
205,846,1051
604,1005,1609
712,450,1162
445,547,992
1196,1518,2714
106,563,669
528,1189,1717
660,883,1543
409,1059,1468
1286,506,1792
144,794,938
808,1171,1979
422,1012,1434
534,487,1021
612,980,1592
150,606,756
734,1225,1959
950,1323,2273
204,883,1087
417,567,984
440,962,1402
433,831,1264
409,713,1122
916,506,1422
819,1008,1827
789,1490,2279
1113,570,1683
402,732,1134
579,530,1109
1005,693,1698
867,994,1861
660,521,1181
965,392,1357
762,1126,1888
1117,887,2004
918,536,1454
513,772,1285
942,642,1584
781,1231,2012
530,1123,1653
835,795,1630
678,1231,1909
774,1122,1896
1175,1071,2246
415,499,914
1094,627,1721
555,654,1209
378,790,1168
371,1173,1544
229,641,870
1292,788,2080
486,718,1204
259,795,1054
716,717,1433
885,1201,2086
183,683,866
444,827,1271
79,827,906
1021,809,1830
280,663,943
479,1343,1822
1071,937,2008
426,1478,1904
1017,949,1966
295,1827,2122
500,1354,1854
978,1106,2084
640,638,1278
633,1498,2131
1018,693,1711
119,651,770
1018,1338,2356
790,1571,2361
1129,274,1403
435,1482,1917
242,1103,1345
722,1252,1974
119,1220,1339
506,267,773
513,1884,2397
530,1083,1613
729,1221,1950
427,773,1200
494,1048,1542
922,1596,2518
1150,283,1433
736,1598,2334
698,333,1031
577,2004,2581
72,627,699
307,940,1247
1025,807,1832
657,1751,2408
103,872,975
632,1661,2293
560,659,1219
2032,501,2533
733,1145,1878
992,1397,2389
901,452,1353
1420,710,2130
700,1985,2685
1725,972,2697
664,863,1527
1528,715,2243
128,932,1060
546,870,1416
377,1421,1798
157,887,1044
214,1113,1327
554,1902,2456
224,1566,1790
568,896,1464
568,789,1357
985,887,1872
209,907,1116
1754,738,2492
505,957,1462
726,1020,1746
1249,890,2139
464,834,1298
1262,1011,2273
699,629,1328
940,1253,2193
661,483,1144
1084,914,1998
1511,1562,3073
737,718,1455
826,567,1393
1301,839,2140
711,977,1688
846,804,1650
1454,953,2407
647,1563,2210
320,1280,1600
1010,754,1764
452,1416,1868
566,1284,1850
1267,1281,2548
729,351,1080
784,1096,1880
757,911,1668
1483,1070,2553
1140,530,1670
661,575,1236
608,826,1434
672,781,1453
413,1018,1431
696,900,1596
1312,1344,2656
587,1071,1658
808,662,1470
1004,1824,2828
836,1649,2485
855,1028,1883
572,809,1381
644,682,1326
595,813,1408
1115,312,1427
1167,512,1679
465,1073,1538
803,1489,2292
630,1474,2104
773,1520,2293
509,1170,1679
829,834,1663
1382,784,2166
232,1412,1644
1006,818,1824
909,843,1752
1263,520,1783
774,1574,2348
748,447,1195
1337,1115,2452
1435,289,1724
937,595,1532
737,890,1627
1153,1536,2689
401,950,1351
581,475,1056
595,792,1387
1634,921,2555
694,1659,2353
1328,735,2063
451,2198,2649
727,921,1648
1091,718,1809
560,802,1362
1367,334,1701
1289,640,1929
250,300,550
600,915,1515
1384,1123,2507
1312,1561,2873
659,1761,2420
637,973,1610
173,1129,1302
594,1981,2575
42,1160,1202
321,625,946
283,640,923
883,1018,1901
1444,847,2291
980,1717,2697
636,322,958
139,1227,1366
707,1099,1806
2083,544,2627
451,783,1234
500,732,1232
131,904,1035
1578,895,2473
77,599,676
612,1460,2072
253,1033,1286
514,882,1396
400,1090,1490
1556,741,2297
528,784,1312
880,525,1405
743,924,1667
201,1373,1574
1413,932,2345
498,789,1287
926,725,1651
296,1507,1803
1059,872,1931
814,675,1489
39,904,943
702,892,1594
1854,702,2556
621,860,1481
1140,661,1801
291,945,1236
1271,685,1956
462,1383,1845
654,470,1124
80,1018,1098
677,672,1349
1178,724,1902
312,1024,1336
577,1153,1730
489,826,1315
751,642,1393
759,1672,2431
1000,1377,2377
902,543,1445
274,922,1196
1415,593,2008
550,746,1296
707,678,1385
1029,781,1810
491,784,1275
1017,1483,2500
729,449,1178
808,338,1146
510,1157,1667
592,1288,1880
200,517,717
790,1128,1918
732,1177,1909
501,519,1020
449,1147,1596
279,1675,1954
568,855,1423
507,823,1330
461,804,1265
894,1244,2138
260,482,742
1249,769,2018
174,640,814
184,671,855
469,1118,1587
538,1604,2142
442,885,1327
867,1026,1893
1358,949,2307
170,1185,1355
618,915,1533
1127,769,1896
372,520,892
407,787,1194
631,1180,1811
645,1352,1997
1541,782,2323
623,767,1390
1113,977,2090
394,763,1157
423,996,1419
1101,1035,2136
684,1354,2038
620,1958,2578
1278,787,2065
1658,688,2346
922,734,1656
920,911,1831
440,721,1161
986,605,1591
645,1131,1776
453,1118,1571
760,650,1410
567,1748,2315
897,617,1514
707,913,1620
1097,668,1765
536,799,1335
958,544,1502
1009,1430,2439
610,1030,1640
562,2055,2617
1040,489,1529
570,414,984
1368,591,1959
530,1204,1734
557,1871,2428
366,298,664
758,765,1523
1237,834,2071
953,899,1852
750,833,1583
213,419,632
894,1754,2648
849,1512,2361
858,947,1805
230,724,954
356,300,656
1384,1431,2815
607,384,991
459,1257,1716
696,699,1395
1317,1031,2348
38,418,456
1266,781,2047
89,380,469
760,1072,1832
879,1956,2835
503,802,1305
1105,861,1966
227,1039,1266
536,981,1517
656,872,1528
1003,1462,2465
138,1356,1494
1041,508,1549
832,986,1818
1570,1632,3202
758,1228,1986
351,332,683
613,847,1460
1001,361,1362
415,329,744
332,1209,1541
606,414,1020
446,1249,1695
1548,1356,2904
1863,1272,3135
41,1019,1060
1775,1023,2798
436,1371,1807
1725,1494,3219
448,813,1261
740,1031,1771
191,300,491
728,1164,1892
130,760,890
764,679,1443
52,1138,1190
646,1386,2032
1634,1326,2960
589,699,1288
1423,692,2115
229,1041,1270
465,1045,1510
791,646,1437
728,682,1410
30,1410,1440
680,895,1575
745,515,1260
261,1006,1267
178,1506,1684
922,876,1798
246,1343,1589
311,350,661
787,778,1565
970,700,1670
983,727,1710
295,1180,1475
563,520,1083
928,803,1731
846,945,1791
104,1589,1693
575,944,1519
1331,679,2010
1106,808,1914
590,696,1286
896,848,1744
1358,471,1829
876,796,1672
190,1142,1332
591,976,1567
959,829,1788
1156,670,1826
551,477,1028
1178,969,2147
554,905,1459
1257,486,1743
683,508,1191
782,1294,2076
238,1504,1742
563,882,1445
738,1028,1766
670,1103,1773
1115,1090,2205
215,1847,2062
521,1260,1781
1476,1042,2518
834,1097,1931
838,1012,1850
551,1022,1573
690,1576,2266
554,1047,1601
1049,1237,2286
778,834,1612
473,933,1406
996,1820,2816
196,1106,1302
901,354,1255
314,1225,1539
722,1367,2089
255,1047,1302
716,285,1001
578,1197,1775
638,1770,2408
802,923,1725
471,1125,1596
185,1171,1356
878,823,1701
632,1196,1828
963,831,1794
921,832,1753
663,809,1472
672,1392,2064
921,321,1242
1157,1339,2496
1226,950,2176
951,867,1818
976,766,1742
1412,933,2345
92,319,411
1300,713,2013
986,642,1628
751,742,1493
379,1373,1752
1666,716,2382
896,588,1484
131,332,463
1065,824,1889
636,633,1269
701,875,1576
618,1086,1704
1141,633,1774
325,607,932
156,393,549
1106,686,1792
1158,709,1867
1381,2087,3468
226,413,639
340,766,1106
918,1122,2040
393,582,975
434,540,974
490,409,899
98,1020,1118
636,990,1626
625,539,1164
72,2977,3049
160,533,693
621,489,1110
1203,1010,2213
117,3197,3314
244,501,745
116,688,804
571,974,1545
375,1019,1394
448,366,814
382,773,1155
118,505,623
1652,1968,3620
381,2971,3352
614,930,1544
1048,2180,3228
839,699,1538
300,566,866
499,1115,1614
310,332,642
67,1136,1203
136,856,992
377,544,921
246,846,1092
306,773,1079
893,2042,2935
133,546,679
390,677,1067
793,993,1786
478,1381,1859
533,667,1200
630,702,1332
625,893,1518
863,1185,2048
204,537,741
454,746,1200
484,1449,1933
465,446,911
771,772,1543
543,812,1355
865,705,1570
192,445,637
1022,1049,2071
449,698,1147
203,464,667
517,940,1457
232,1331,1563
407,307,714
846,708,1554
480,1441,1921
267,517,784
1127,697,1824
79,1701,1780
442,865,1307
1083,686,1769
1765,1027,2792
65,338,403
896,702,1598
808,894,1702
658,1126,1784
325,625,950
432,1770,2202
333,724,1057
777,647,1424
413,801,1214
119,527,646
587,489,1076
728,1351,2079
141,678,819
842,2704,3546
644,1317,1961
487,767,1254
2901,2003,4904
338,994,1332
927,1121,2048
676,812,1488
2618,1954,4572
208,667,875
210,648,858
626,985,1611
260,453,713
2579,1942,4521
387,869,1256
1146,660,1806
1245,864,2109
246,638,884
1901,409,2310
583,979,1562
908,1037,1945
313,802,1115
659,668,1327
956,441,1397
149,665,814
1564,420,1984
391,1099,1490
1643,1321,2964
1064,846,1910
483,689,1172
1644,2352,3996
481,789,1270
844,598,1442
921,2122,3043
1605,548,2153
743,651,1394
358,966,1324
787,671,1458
519,878,1397
374,893,1267
802,904,1706
559,652,1211
1038,1337,2375
952,964,1916
646,575,1221
903,629,1532
366,1134,1500
546,844,1390
620,1015,1635
330,607,937
594,793,1387
2094,498,2592
393,720,1113
1320,1101,2421
974,741,1715
719,763,1482
1600,2484,4084
531,1197,1728
174,966,1140
736,629,1365
1795,654,2449
1484,2071,3555
343,864,1207
723,981,1704
742,871,1613
499,840,1339
720,947,1667
839,738,1577
1188,812,2000
777,1944,2721
791,855,1646
639,678,1317
839,1200,2039
682,648,1330
512,1151,1663
528,749,1277
314,803,1117
2267,461,2728
1030,665,1695
776,611,1387
987,1073,2060
693,742,1435
550,877,1427
442,1154,1596
529,767,1296
575,928,1503
1950,602,2552
846,592,1438
631,487,1118
725,1045,1770
482,842,1324
594,1267,1861
712,670,1382
692,1303,1995
535,767,1302
1712,773,2485
696,603,1299
478,1132,1610
1112,798,1910
532,675,1207
647,1181,1828
1081,835,1916
819,833,1652
605,667,1272
372,794,1166
550,652,1202
900,696,1596
398,622,1020
726,1170,1896
284,857,1141
688,441,1129
890,843,1733
699,760,1459
1102,762,1864
568,633,1201
244,540,784
818,644,1462
722,1220,1942
791,1055,1846
426,488,914
1007,747,1754
668,1429,2097
322,583,905
552,813,1365
598,1118,1716
32,294,326
435,884,1319
467,521,988
509,595,1104
1292,781,2073
504,764,1268
875,251,1126
757,560,1317
504,1187,1691
43,271,314
633,457,1090
552,326,878
855,748,1603
38,282,320
469,858,1327
593,1048,1641
587,452,1039
584,851,1435
170,521,691
78,388,466
787,1169,1956
900,733,1633
64,312,376
101,916,1017
1317,1054,2371
883,797,1680
97,580,677
572,1047,1619
1048,608,1656
765,815,1580
246,484,730
904,782,1686
603,648,1251
140,1006,1146
389,582,971
398,578,976
981,1661,2642
60,1037,1097
168,613,781
939,270,1209
292,988,1280
505,811,1316
50,1096,1146
114,538,652
504,791,1295
640,1811,2451
614,2609,3223
230,847,1077
448,2515,2963
271,788,1059
378,1188,1566
183,1178,1361
587,1796,2383
742,585,1327
275,908,1183
653,2376,3029
300,1000,1300
392,1450,1842
540,1367,1907
1005,1066,2071
135,1371,1506
104,1423,1527
567,921,1488
911,591,1502
168,1708,1876
2419,654,3073
584,1424,2008
484,1450,1934
850,1417,2267
1254,1204,2458
374,1508,1882
502,843,1345
2213,847,3060
2824,541,3365
102,1419,1521
899,617,1516
945,1207,2152
1562,1080,2642
495,1584,2079
672,850,1522
892,1237,2129
423,1002,1425
1008,737,1745
2231,682,2913
515,1141,1656
1206,479,1685
1273,978,2251
1093,746,1839
1297,615,1912
864,721,1585
1075,1454,2529
484,1220,1704
222,625,847
625,919,1544
481,1306,1787
1275,642,1917
996,886,1882
1344,670,2014
732,1445,2177
578,706,1284
795,1060,1855
775,1660,2435
258,518,776
1179,982,2161
415,866,1281
680,1525,2205
1272,1479,2751
1383,1046,2429
1048,510,1558
500,933,1433
316,506,822
652,870,1522
338,671,1009
574,488,1062
867,713,1580
1158,1548,2706
703,906,1609
1194,325,1519
347,914,1261
904,772,1676
1324,459,1783
583,1054,1637
366,498,864
803,483,1286
684,1157,1841
345,856,1201
358,848,1206
266,1089,1355
879,502,1381
242,478,720
523,1088,1611
543,1238,1781
397,672,1069
335,665,1000
529,1516,2045
424,1678,2102
627,511,1138
851,737,1588
787,879,1666
963,796,1759
288,744,1032
239,533,772
764,1501,2265
670,1663,2333
982,1036,2018
393,837,1230
548,1231,1779
568,1083,1651
331,1080,1411
374,1282,1656
270,1140,1410
560,873,1433
234,271,505
318,689,1007
599,2067,2666
919,602,1521
1359,1234,2593
148,1532,1680
1340,1830,3170
78,427,505
350,1415,1765
858,1641,2499
683,1064,1747
727,1089,1816
793,1501,2294
562,900,1462
532,2182,2714
1554,237,1791
1089,1025,2114
139,1347,1486
526,914,1440
134,488,622
604,935,1539
1508,1571,3079
1347,220,1567
765,480,1245
192,739,931
1782,264,2046
760,1632,2392
627,1767,2394
1498,934,2432
688,682,1370
989,1966,2955
813,859,1672
1177,654,1831
1329,432,1761
802,780,1582
626,1579,2205
448,375,823
1130,313,1443
1029,1728,2757
912,727,1639
1463,1460,2923
1873,232,2105
1192,377,1569
926,1721,2647
501,853,1354
446,951,1397
1533,1291,2824
802,589,1391
1531,1835,3366
550,1058,1608
59,763,822
1544,959,2503
1140,1267,2407
1082,1356,2438
1713,896,2609
1463,693,2156
45,489,534
53,482,535
1671,908,2579
24,738,762
1257,1189,2446
1008,1338,2346
391,426,817
28,879,907
863,707,1570
45,834,879
405,636,1041
65,737,802
1715,674,2389
1467,1039,2506
1042,1265,2307
348,698,1046
26,1036,1062
33,1239,1272
219,887,1106
480,649,1129
746,592,1338
617,547,1164
791,639,1430
394,1261,1655
474,755,1229
427,820,1247
726,826,1552
120,917,1037
1724,999,2723
727,614,1341
348,566,914
551,1291,1842
218,1143,1361
731,1932,2663
533,636,1169
945,650,1595
751,687,1438
1114,1798,2912
85,997,1082
564,650,1214
673,817,1490
251,1611,1862
399,1393,1792
874,1005,1879
712,1219,1931
336,894,1230
390,1469,1859
965,1061,2026
534,536,1070
560,1025,1585
448,645,1093
562,663,1225
604,863,1467
384,963,1347
977,994,1971
378,544,922
763,882,1645
431,1086,1517
1416,668,2084
617,1072,1689
455,467,922
741,1069,1810
689,699,1388
596,822,1418
1282,553,1835
430,687,1117
456,1062,1518
485,1376,1861
1658,771,2429
854,1019,1873
588,1459,2047
1357,967,2324
1165,734,1899
1030,1305,2335
522,710,1232
556,540,1096
280,1064,1344
776,1317,2093
689,904,1593
329,1308,1637
1104,696,1800
630,829,1459
617,954,1571
431,1429,1860
237,789,1026
734,488,1222
873,1464,2337
1188,538,1726
714,854,1568
875,877,1752
778,1140,1918
1035,940,1975
1124,574,1698
1286,750,2036
165,1217,1382
690,1128,1818
576,820,1396
676,1151,1827
763,779,1542
674,1099,1773
572,685,1257
1274,565,1839
759,1376,2135
1075,691,1766
197,1157,1354
619,678,1297
195,700,895
992,411,1403
1359,378,1737
583,775,1358
1017,441,1458
888,1283,2171
471,683,1154
586,432,1018
500,484,984
256,812,1068
490,522,1012
366,681,1047
499,1299,1798
822,1226,2048
898,236,1134
870,1340,2210
514,1388,1902
485,811,1296
346,487,833
634,478,1112
1144,1299,2443
250,1744,1994
1153,964,2117
481,833,1314
812,1152,1964
353,1217,1570
917,840,1757
688,812,1500
324,589,913
320,1311,1631
546,1551,2097
818,1061,1879
525,630,1155
1060,718,1778
1126,648,1774
211,606,817
546,665,1211
634,2091,2725
413,430,843
247,1460,1707
1258,596,1854
722,844,1566
1296,623,1919
588,1138,1726
400,476,876
527,633,1160
422,1506,1928
720,1863,2583
50,986,1036
246,544,790
1450,886,2336
237,1011,1248
1103,798,1901
598,957,1555
1351,895,2246
605,1082,1687
323,514,837
616,840,1456
288,1425,1713
372,624,996
290,1045,1335
485,888,1373
459,1530,1989
1440,705,2145
1346,582,1928
179,1512,1691
369,752,1121
1013,790,1803
1232,527,1759
834,698,1532
562,1060,1622
1101,1686,2787
696,493,1189
1015,775,1790
272,494,766
1869,1257,3126
941,1242,2183
680,877,1557
358,747,1105
632,879,1511
313,1328,1641
743,689,1432
1057,371,1428
730,767,1497
531,1143,1674
556,777,1333
767,472,1239
490,668,1158
493,963,1456
1712,1123,2835
622,674,1296
539,959,1498
978,587,1565
309,679,988
148,820,968
809,647,1456
515,1880,2395
394,853,1247
1200,506,1706
1606,1263,2869
911,517,1428
660,785,1445
568,878,1446
747,710,1457
344,664,1008
856,1278,2134
594,2035,2629
502,669,1171
558,740,1298
508,1360,1868
667,539,1206
989,812,1801
806,856,1662
679,675,1354
247,940,1187
528,909,1437
1104,724,1828
573,922,1495
749,518,1267
323,1208,1531
271,557,828
223,764,987
848,863,1711
268,1354,1622
288,2186,2474
775,840,1615
1008,1165,2173
569,1075,1644
526,483,1009
1027,1141,2168
815,868,1683
603,901,1504
368,1249,1617
858,1118,1976
461,558,1019
312,856,1168
340,1230,1570
407,967,1374
822,398,1220
137,520,657
363,982,1345
851,955,1806
290,647,937
755,547,1302
172,753,925
1774,1248,3022
475,816,1291
506,424,930
458,1003,1461
998,1224,2222
378,621,999
1267,688,1955
1716,1270,2986
663,835,1498
942,686,1628
586,362,948
1182,1043,2225
790,772,1562
1116,592,1708
1998,1026,3024
326,840,1166
1125,535,1660
728,1013,1741
617,581,1198
999,671,1670
514,681,1195
957,507,1464
446,829,1275
400,780,1180
1083,356,1439
914,681,1595
1101,461,1562
1097,552,1649
401,1186,1587
1299,600,1899
1295,589,1884
164,624,788
1014,832,1846
241,492,733
1296,739,2035
68,419,487
1185,724,1909
102,637,739
87,660,747
226,462,688
117,782,899
174,584,758
30,712,742
31,874,905
111,844,955
84,917,1001
23,765,788
29,1049,1078
215,749,964
28,922,950
276,488,764
54,1170,1224
224,817,1041
116,1013,1129
304,796,1100
365,874,1239
2340,386,2726
518,760,1278
473,589,1062
1732,1210,2942
946,417,1363
640,687,1327
363,808,1171
31,595,626
402,779,1181
112,1093,1205
523,693,1216
127,1215,1342
476,699,1175
345,606,951
364,373,737
822,912,1734
187,1500,1687
27,717,744
661,903,1564
195,638,833
237,873,1110
23,767,790
44,572,616
264,1335,1599
688,1043,1731
244,514,758
484,1752,2236
417,937,1354
788,678,1466
493,1727,2220
423,374,797
764,677,1441
338,1630,1968
599,268,867
203,2119,2322
783,314,1097
373,264,637
161,1442,1603
352,2023,2375
607,285,892
270,272,542
283,1324,1607
604,284,888
672,1000,1672
201,255,456
233,337,570
1232,183,1415
53,946,999
620,1994,2614
716,1350,2066
135,1345,1480
212,344,556
1124,933,2057
293,1775,2068
532,1000,1532
148,1781,1929
225,340,565
318,1790,2108
1116,608,1724
218,336,554
1621,449,2070
920,1242,2162
365,1724,2089
1643,565,2208
1473,332,1805
617,1608,2225
1521,330,1851
211,595,806
251,1681,1932
1007,234,1241
566,1687,2253
1132,469,1601
669,1400,2069
142,719,861
1360,355,1715
1474,868,2342
479,2364,2843
1269,196,1465
1105,1672,2777
1218,1093,2311
377,564,941
902,646,1548
1719,1521,3240
96,695,791
780,2127,2907
1729,1538,3267
484,2504,2988
419,2296,2715
914,1230,2144
173,1137,1310
115,570,685
1516,866,2382
241,459,700
1624,726,2350
26,719,745
278,544,822
1455,1551,3006
1527,1239,2766
131,1381,1512
36,846,882
908,1177,2085
2146,865,3011
1998,774,2772
969,750,1719
2378,640,3018
1381,1038,2419
162,998,1160
23,893,916
1380,1041,2421
92,1190,1282
27,1358,1385
2185,461,2646
801,865,1666
97,1330,1427
978,564,1542
630,966,1596
18,1350,1368
465,386,851
179,719,898
496,879,1375
1013,737,1750
743,655,1398
733,880,1613
743,659,1402
502,1111,1613
814,685,1499
196,1209,1405
295,929,1224
385,1039,1424
829,1117,1946
728,850,1578
843,752,1595
1039,698,1737
43,672,715
793,1030,1823
766,410,1176
630,1071,1701
1288,214,1502
776,925,1701
784,855,1639
1096,904,2000
111,461,572
216,734,950
1051,804,1855
670,1030,1700
21,1015,1036
786,538,1324
1215,599,1814
62,1110,1172
148,487,635
408,1044,1452
209,971,1180
606,735,1341
292,552,844
569,894,1463
496,877,1373
999,757,1756
1109,690,1799
341,717,1058
525,314,839
636,749,1385
620,1343,1963
819,364,1183
29,1219,1248
457,1328,1785
705,946,1651
223,1366,1589
189,414,603
562,641,1203
380,700,1080
311,658,969
276,787,1063
740,750,1490
692,1111,1803
498,936,1434
187,769,956
1201,798,1999
1004,624,1628
422,1506,1928
401,1454,1855
511,667,1178
486,1623,2109
530,486,1016
205,1498,1703
655,710,1365
816,419,1235
463,887,1350
599,1028,1627
218,761,979
496,374,870
636,985,1621
406,1447,1853
309,459,768
342,472,814
330,1461,1791
1051,639,1690
416,575,991
855,584,1439
389,1183,1572
668,963,1631
379,596,975
518,1016,1534
1070,1117,2187
579,485,1064
1219,560,1779
854,1516,2370
1317,1116,2433
108,1157,1265
1281,736,2017
245,776,1021
1312,866,2178
350,799,1149
383,646,1029
800,1025,1825
430,737,1167
1092,1789,2881
141,1321,1462
569,516,1085
480,1225,1705
1304,1593,2897
809,567,1376
543,642,1185
400,621,1021
992,535,1527
857,1224,2081
865,849,1714
347,719,1066
1301,1094,2395
974,767,1741
575,665,1240
637,628,1265
863,1112,1975
1395,654,2049
137,635,772
786,414,1200
453,898,1351
304,1181,1485
435,506,941
1214,591,1805
557,1458,2015
511,1597,2108
657,1119,1776
767,693,1460
279,704,983
602,848,1450
621,580,1201
425,425,850
1498,496,1994
196,947,1143
469,1328,1797
617,583,1200
1001,853,1854
464,729,1193
995,987,1982
504,567,1071
256,1022,1278
1435,428,1863
888,848,1736
418,801,1219
261,1335,1596
774,1628,2402
631,838,1469
290,853,1143
582,487,1069
22,854,876
486,1028,1514
1092,493,1585
969,820,1789
444,1108,1552
644,2687,3331
1049,1757,2806
247,401,648
894,733,1627
923,2377,3300
251,871,1122
434,570,1004
627,407,1034
762,1171,1933
595,847,1442
1133,1540,2673
661,705,1366
1140,2217,3357
537,660,1197
841,1110,1951
53,650,703
794,1024,1818
94,905,999
48,829,877
1537,1187,2724
144,1462,1606
2546,680,3226
368,552,920
1610,864,2474
339,1323,1662
2308,659,2967
205,720,925
812,890,1702
1993,644,2637
722,335,1057
637,1034,1671
1252,592,1844
50,832,882
569,1100,1669
491,616,1107
506,864,1370
410,884,1294
412,528,940
546,881,1427
320,1087,1407
708,1191,1899
705,782,1487
956,311,1267
969,1082,2051
696,630,1326
1003,686,1689
654,1079,1733
558,554,1112
775,656,1431
854,886,1740
423,716,1139
647,875,1522
702,282,984
878,528,1406
439,832,1271
474,1750,2224
755,720,1475
873,340,1213
454,874,1328
411,1057,1468
450,825,1275
742,514,1256
780,373,1153
495,1098,1593
571,834,1405
669,1846,2515
349,380,729
96,1538,1634
376,1322,1698
744,1584,2328
653,663,1316
701,1259,1960
588,2132,2720
898,1172,2070
334,1050,1384
229,325,554
715,1088,1803
435,686,1121
276,846,1122
918,1170,2088
565,437,1002
845,1744,2589
1183,949,2132
423,1031,1454
586,855,1441
1053,487,1540
443,1062,1505
290,1045,1335
866,1887,2753
1420,650,2070
1563,787,2350
1814,883,2697
731,724,1455
1002,491,1493
1547,725,2272
493,1195,1688
859,805,1664
125,1177,1302
266,978,1244
814,721,1535
558,1345,1903
713,967,1680
269,574,843
1952,362,2314
903,908,1811
1602,1167,2769
628,515,1143
1502,1296,2798
713,916,1629
485,508,993
760,1295,2055
1034,698,1732
267,539,806
677,1481,2158
939,1013,1952
477,1058,1535
422,407,829
724,1086,1810
91,1477,1568
330,1146,1476
474,455,929
1048,617,1665
88,1494,1582
1028,1080,2108
605,1843,2448
421,456,877
1073,600,1673
629,1027,1656
332,1163,1495
1465,893,2358
699,741,1440
962,674,1636
592,1214,1806
749,1597,2346
381,557,938
787,817,1604
1101,999,2100
583,1091,1674
410,1354,1764
881,906,1787
1114,831,1945
618,1000,1618
1349,588,1937
1151,1159,2310
786,598,1384
118,711,829
958,652,1610
310,1307,1617
575,2512,3087
490,1094,1584
1450,695,2145
1415,820,2235
974,1057,2031
888,938,1826
897,906,1803
688,2821,3509
855,535,1390
1025,1153,2178
182,1271,1453
872,2011,2883
966,1048,2014
1506,1222,2728
926,1572,2498
1218,899,2117
830,1134,1964
2132,821,2953
739,394,1133
751,607,1358
761,1060,1821
259,1544,1803
414,1174,1588
2436,632,3068
1066,1499,2565
322,1581,1903
582,1233,1815
1945,463,2408
572,1304,1876
993,257,1250
718,574,1292
547,1315,1862
614,1152,1766
1131,834,1965
778,374,1152
911,873,1784
432,1693,2125
1482,565,2047
825,398,1223
409,723,1132
646,1280,1926
1460,553,2013
633,1672,2305
828,365,1193
845,237,1082
1051,733,1784
869,1627,2496
837,822,1659
560,1113,1673
310,941,1251
63,442,505
1046,1509,2555
854,438,1292
58,380,438
518,871,1389
60,465,525
387,1768,2155
1273,673,1946
109,663,772
1135,704,1839
1201,1019,2220
573,309,882
843,1060,1903
1505,752,2257
1006,1071,2077
516,2096,2612
54,443,497
1537,800,2337
935,1579,2514
1269,493,1762
40,336,376
233,931,1164
1928,313,2241
1510,1304,2814
886,1610,2496
39,462,501
1921,619,2540
278,370,648
1054,1872,2926
34,471,505
40,681,721
1638,1130,2768
16,619,635
1173,1776,2949
130,421,551
382,357,739
1919,648,2567
207,926,1133
165,626,791
563,409,972
408,891,1299
1715,940,2655
306,292,598
902,909,1811
85,367,452
247,1207,1454
1252,1028,2280
307,1135,1442
206,783,989
913,196,1109
405,360,765
533,1530,2063
377,903,1280
138,918,1056
1041,285,1326
32,1347,1379
435,1450,1885
653,679,1332
658,609,1267
73,330,403
31,714,745
784,773,1557
119,352,471
194,590,784
48,1608,1656
575,1233,1808
168,374,542
479,334,813
646,1091,1737
837,1141,1978
32,417,449
536,354,890
750,620,1370
832,1033,1865
509,313,822
30,1000,1030
737,570,1307
275,738,1013
773,1161,1934
195,365,560
1175,802,1977
17,1571,1588
756,681,1437
65,1005,1070
18,1242,1260
218,1020,1238
904,521,1425
42,1161,1203
231,526,757
709,524,1233
1190,835,2025
263,1036,1299
33,1379,1412
522,340,862
648,1727,2375
24,1525,1549
283,756,1039
484,969,1453
1515,968,2483
890,583,1473
325,1259,1584
405,296,701
1318,1353,2671
278,826,1104
672,1135,1807
1383,1579,2962
758,1010,1768
934,777,1711
1046,830,1876
356,1333,1689
461,548,1009
437,858,1295
953,1259,2212
586,1082,1668
207,1093,1300
1380,889,2269
887,857,1744
897,1306,2203
720,1734,2454
47,473,520
691,822,1513
301,950,1251
891,1568,2459
102,1132,1234
730,898,1628
139,1178,1317
834,1095,1929
355,1055,1410
840,640,1480
952,1118,2070
544,757,1301
396,581,977
766,683,1449
1303,830,2133
969,1612,2581
1340,883,2223
735,398,1133
910,1151,2061
1144,604,1748
1128,1531,2659
43,1196,1239
418,834,1252
796,626,1422
1424,1301,2725
107,1367,1474
728,766,1494
564,766,1330
1080,1476,2556
1757,613,2370
1168,811,1979
647,1612,2259
855,638,1493
778,1273,2051
355,1152,1507
633,669,1302
1405,552,1957
742,769,1511
1568,954,2522
134,828,962
526,1167,1693
92,792,884
768,988,1756
356,684,1040
759,912,1671
982,1330,2312
1152,530,1682
481,580,1061
1472,1110,2582
470,728,1198
371,731,1102
593,339,932
518,1292,1810
334,960,1294
775,1189,1964
1278,608,1886
1069,690,1759
709,1074,1783
364,2007,2371
1293,938,2231
478,1392,1870
726,599,1325
952,287,1239
426,767,1193
211,537,748
697,803,1500
163,313,476
714,914,1628
260,848,1108
1073,719,1792
253,681,934
442,781,1223
475,685,1160
657,588,1245
545,441,986
1252,1383,2635
587,1641,2228
783,691,1474
908,711,1619
776,1347,2123
1371,1446,2817
591,669,1260
1012,1842,2854
783,514,1297
62,467,529
1982,938,2920
927,585,1512
976,958,1934
585,948,1533
63,791,854
697,602,1299
696,940,1636
257,583,840
203,597,800
96,947,1043
260,746,1006
276,697,973
599,2446,3045
403,655,1058
1394,1392,2786
322,791,1113
557,1576,2133
310,497,807
75,811,886
359,623,982
308,739,1047
1254,945,2199
707,1202,1909
525,536,1061
1498,853,2351
333,1164,1497
712,1460,2172
533,326,859
446,789,1235
1185,1990,3175
326,1171,1497
916,1210,2126
697,753,1450
921,320,1241
747,810,1557
343,636,979
470,509,979
742,1671,2413
625,542,1167
546,859,1405
1412,1078,2490
790,831,1621
755,654,1409
589,893,1482
1547,2015,3562
436,708,1144
621,380,1001
998,371,1369
1261,756,2017
792,1223,2015
465,778,1243
1029,710,1739
2030,1622,3652
736,875,1611
255,1629,1884
726,499,1225
853,1054,1907
428,708,1136
1558,638,2196
388,666,1054
246,715,961
992,599,1591
832,757,1589
494,1444,1938
1275,1192,2467
591,632,1223
634,1424,2058
1864,1189,3053
156,642,798
265,853,1118
404,1390,1794
722,663,1385
342,673,1015
444,540,984
1536,508,2044
568,492,1060
1737,1104,2841
1194,2054,3248
405,643,1048
552,1356,1908
823,1868,2691
775,923,1698
890,1162,2052
393,384,777
561,1186,1747
376,500,876
1458,1015,2473
468,874,1342
655,535,1190
1057,1522,2579
158,870,1028
1360,604,1964
349,543,892
432,1902,2334
412,713,1125
418,581,999
624,1736,2360
687,887,1574
301,336,637
1900,810,2710
1131,1070,2201
559,929,1488
1642,683,2325
1022,810,1832
690,1578,2268
1228,677,1905
574,833,1407
806,1587,2393
719,701,1420
1199,891,2090
810,1072,1882
613,1673,2286
287,1339,1626
344,350,694
1704,430,2134
486,475,961
722,1095,1817
476,1260,1736
572,550,1122
1008,1084,2092
825,1146,1971
513,1481,1994
425,700,1125
758,1157,1915
950,1091,2041
252,878,1130
452,840,1292
291,892,1183
550,572,1122
956,697,1653
1268,838,2106
938,639,1577
311,920,1231
1397,1143,2540
1310,2190,3500
1640,675,2315
772,820,1592
1082,691,1773
313,797,1110
34,1011,1045
696,721,1417
582,637,1219
980,1973,2953
1021,1182,2203
488,849,1337
708,1091,1799
1378,1777,3155
500,842,1342
281,1686,1967
1001,1385,2386
1158,1005,2163
216,2347,2563
392,2208,2600
584,889,1473
429,1119,1548
676,1358,2034
632,2026,2658
500,2135,2635
1000,1282,2282
1004,328,1332
571,789,1360
1757,375,2132
658,2038,2696
354,1327,1681
869,1881,2750
837,829,1666
1242,499,1741
734,2724,3458
1851,825,2676
1580,775,2355
625,1479,2104
827,402,1229
1190,436,1626
1489,1174,2663
1757,418,2175
2045,1061,3106
929,506,1435
490,1461,1951
729,662,1391
1069,2113,3182
1852,1122,2974
646,1244,1890
517,1051,1568
550,369,919
570,1795,2365
2573,392,2965
1796,422,2218
462,1174,1636
1270,379,1649
1052,1445,2497
1590,412,2002
1994,859,2853
1768,681,2449
890,597,1487
2145,653,2798
1347,836,2183
1138,517,1655
1230,711,1941
1026,349,1375
2037,394,2431
500,1378,1878
1563,923,2486
26,639,665
777,873,1650
27,611,638
933,1036,1969
29,1014,1043
326,1211,1537
25,950,975
1656,1607,3263
1170,1210,2380
1208,1124,2332
91,747,838
447,566,1013
70,756,826
20,867,887
20,882,902
2293,353,2646
1248,1315,2563
102,1261,1363
36,645,681
215,750,965
642,390,1032
57,1356,1413
681,618,1299
110,1242,1352
573,812,1385
411,544,955
251,1340,1591
51,371,422
215,870,1085
720,990,1710
415,803,1218
148,1260,1408
228,1254,1482
101,1261,1362
545,1198,1743
204,550,754
86,645,731
490,1242,1732
453,514,967
192,786,978
580,1295,1875
390,1270,1660
801,1239,2040
1164,771,1935
255,997,1252
560,1251,1811
988,736,1724
1067,741,1808
590,1448,2038
287,751,1038
433,1236,1669
749,1179,1928
838,791,1629
1160,535,1695
348,514,862
694,1469,2163
1106,1006,2112
501,1263,1764
447,744,1191
987,1237,2224
1230,913,2143
1124,742,1866
1099,534,1633
420,930,1350
999,1004,2003
875,803,1678
781,1242,2023
635,806,1441
945,1159,2104
707,1091,1798
568,677,1245
864,687,1551
365,943,1308
987,928,1915
633,938,1571
1299,674,1973
514,871,1385
551,949,1500
1223,634,1857
650,792,1442
215,735,950
1147,1148,2295
419,861,1280
328,1246,1574
403,861,1264
1089,777,1866
242,744,986
568,711,1279
479,581,1060
527,1250,1777
1078,1008,2086
502,690,1192
553,2642,3195
1110,856,1966
691,776,1467
949,699,1648
405,947,1352
610,837,1447
766,1390,2156
747,1046,1793
472,869,1341
762,782,1544
535,2608,3143
723,594,1317
613,840,1453
705,715,1420
956,754,1710
619,1216,1835
527,610,1137
306,729,1035
1076,1031,2107
775,1268,2043
1045,2316,3361
838,1369,2207
676,1085,1761
459,1389,1848
100,934,1034
770,892,1662
494,480,974
1184,639,1823
254,577,831
520,691,1211
2461,900,3361
884,1010,1894
771,682,1453
642,1566,2208
328,853,1181
240,1051,1291
880,521,1401
133,913,1046
289,1165,1454
2375,899,3274
488,992,1480
19,907,926
689,1566,2255
548,875,1423
459,519,978
511,534,1045
803,1051,1854
183,1053,1236
1889,916,2805
1109,700,1809
392,1065,1457
404,617,1021
701,1248,1949
431,836,1267
413,590,1003
812,677,1489
688,854,1542
1337,504,1841
507,1137,1644
606,646,1252
294,1736,2030
781,890,1671
576,1528,2104
287,540,827
926,607,1533
663,1524,2187
945,705,1650
840,490,1330
771,1034,1805
664,1518,2182
624,1138,1762
383,806,1189
494,558,1052
810,792,1602
884,569,1453
1069,743,1812
356,699,1055
555,753,1308
1029,990,2019
484,1357,1841
568,1089,1657
790,1028,1818
700,1374,2074
813,1091,1904
1341,516,1857
418,691,1109
980,693,1673
387,668,1055
353,1212,1565
515,1061,1576
909,568,1477
620,1036,1656
848,1543,2391
1003,1399,2402
1375,698,2073
377,1542,1919
1546,1283,2829
915,895,1810
754,1083,1837
734,335,1069
510,1036,1546
619,605,1224
243,739,982
622,894,1516
350,1536,1886
1095,912,2007
910,890,1800
286,900,1186
958,832,1790
565,537,1102
986,839,1825
1359,1131,2490
447,1336,1783
1283,677,1960
795,863,1658
270,729,999
493,919,1412
752,833,1585
401,682,1083
1049,834,1883
1245,1240,2485
356,1334,1690
558,698,1256
1435,651,2086
535,1246,1781
1334,659,1993
968,891,1859
606,1404,2010
691,967,1658
1129,866,1995
653,863,1516
577,1242,1819
697,842,1539
215,898,1113
1154,694,1848
555,844,1399
504,1181,1685
775,901,1676
961,993,1954
776,780,1556
410,1358,1768
1034,732,1766
419,1015,1434
781,1148,1929
540,738,1278
396,1040,1436
743,997,1740
1135,907,2042
563,989,1552
1283,568,1851
1254,665,1919
742,891,1633
1116,850,1966
231,862,1093
736,1322,2058
727,822,1549
680,826,1506
732,803,1535
972,688,1660
1054,393,1447
697,795,1492
1278,676,1954
235,886,1121
691,1176,1867
861,874,1735
487,953,1440
476,919,1395
785,822,1607
716,578,1294
520,914,1434
718,894,1612
575,754,1329
486,741,1227
749,1261,2010
70,824,894
904,928,1832
773,564,1337
627,774,1401
663,526,1189
510,979,1489
1073,774,1847
89,1197,1286
806,1127,1933
863,516,1379
778,1185,1963
614,1230,1844
626,1114,1740
590,1343,1933
231,1308,1539
748,738,1486
375,697,1072
976,3057,4033
739,744,1483
422,807,1229
506,712,1218
674,2825,3499
420,700,1120
342,574,916
678,2729,3407
997,998,1995
691,965,1656
801,1522,2323
1106,1153,2259
719,996,1715
462,891,1353
442,819,1261
535,469,1004
611,999,1610
621,928,1549
731,1025,1756
601,962,1563
598,1617,2215
600,1030,1630
558,1310,1868
625,968,1593
520,466,986
868,797,1665
863,1135,1998
142,1173,1315
992,1078,2070
812,1019,1831
706,1278,1984
576,829,1405
774,1104,1878
597,2649,3246
1046,726,1772
873,1009,1882
550,520,1070
540,742,1282
228,1847,2075
915,1440,2355
1234,1172,2406
1128,1921,3049
1420,1056,2476
979,1670,2649
2399,1438,3837
762,1127,1889
1549,816,2365
954,1410,2364
2473,1388,3861
737,921,1658
981,292,1273
1463,631,2094
2629,1295,3924
613,778,1391
876,355,1231
1085,370,1455
1459,398,1857
1054,321,1375
654,340,994
1156,320,1476
1016,1330,2346
718,345,1063
236,357,593
1108,397,1505
1341,206,1547
743,1311,2054
543,462,1005
589,1739,2328
667,1097,1764
464,432,896
271,450,721
320,518,838
798,715,1513
739,902,1641
717,946,1663
124,390,514
358,523,881
597,2086,2683
784,1629,2413
358,632,990
833,1657,2490
671,1765,2436
687,388,1075
401,1947,2348
532,370,902
660,1823,2483
578,404,982
177,2406,2583
1136,538,1674
992,1990,2982
564,1788,2352
904,943,1847
91,455,546
1036,918,1954
650,606,1256
374,2230,2604
723,412,1135
931,1842,2773
210,805,1015
451,697,1148
1392,841,2233
85,285,370
143,1352,1495
326,784,1110
119,741,860
494,1281,1775
458,2013,2471
694,401,1095
108,672,780
1438,691,2129
291,2229,2520
1917,954,2871
1485,913,2398
575,2074,2649
219,862,1081
152,759,911
1575,1154,2729
1569,1384,2953
297,831,1128
1619,1786,3405
2324,937,3261
648,705,1353
1515,1911,3426
2045,1028,3073
364,662,1026
1766,1269,3035
799,867,1666
1650,993,2643
357,539,896
368,882,1250
1765,1215,2980
794,541,1335
643,1050,1693
598,483,1081
1907,923,2830
569,1179,1748
437,718,1155
182,1267,1449
187,862,1049
1242,468,1710
1927,1294,3221
489,884,1373
631,665,1296
735,354,1089
988,867,1855
137,1160,1297
715,654,1369
930,1344,2274
822,910,1732
598,1248,1846
463,891,1354
1232,1339,2571
487,691,1178
585,686,1271
1088,1361,2449
1589,858,2447
779,808,1587
1295,541,1836
307,1519,1826
955,628,1583
821,744,1565
430,1150,1580
374,912,1286
364,558,922
1130,897,2027
559,907,1466
817,869,1686
1250,325,1575
500,731,1231
801,1065,1866
617,1174,1791
733,737,1470
1715,1138,2853
633,547,1180
116,1335,1451
771,1128,1899
1270,521,1791
546,927,1473
1060,953,2013
507,893,1400
424,666,1090
227,1399,1626
575,1506,2081
743,696,1439
1035,1614,2649
414,1241,1655
1011,544,1555
740,1288,2028
768,505,1273
150,706,856
1028,926,1954
609,917,1526
1073,1340,2413
429,678,1107
1044,1357,2401
549,710,1259
573,562,1135
598,1000,1598
1250,438,1688
535,530,1065
565,1306,1871
1382,1293,2675
827,766,1593
575,337,912
994,803,1797
1421,1281,2702
751,482,1233
660,1027,1687
914,809,1723
862,936,1798
386,778,1164
818,753,1571
1376,1035,2411
350,1252,1602
826,1057,1883
1281,475,1756
1180,781,1961
1181,433,1614
383,697,1080
1339,928,2267
360,534,894
649,778,1427
1116,898,2014
469,1474,1943
584,1076,1660
912,646,1558
1170,739,1909
442,1232,1674
346,606,952
884,852,1736
393,546,939
636,1662,2298
804,1088,1892
394,721,1115
201,330,531
1164,767,1931
552,737,1289
354,814,1168
1053,1166,2219
217,1146,1363
645,698,1343
349,1864,2213
529,510,1039
993,685,1678
526,906,1432
709,1582,2291
794,907,1701
510,875,1385
383,596,979
1040,694,1734
632,1493,2125
937,588,1525
787,519,1306
550,822,1372
735,1510,2245
655,559,1214
230,1094,1324
484,632,1116
139,975,1114
478,690,1168
1133,1651,2784
516,692,1208
221,1142,1363
1383,1401,2784
367,891,1258
548,589,1137
169,1589,1758
618,749,1367
816,463,1279
411,791,1202
1570,760,2330
1003,1005,2008
454,964,1418
1020,1201,2221
338,554,892
746,963,1709
1766,1165,2931
844,678,1522
1521,633,2154
455,690,1145
1376,933,2309
530,1043,1573
732,687,1419
609,641,1250
385,552,937
1266,484,1750
279,1027,1306
1080,403,1483
695,622,1317
386,669,1055
652,768,1420
495,1541,2036
222,988,1210
639,1327,1966
1240,446,1686
747,626,1373
365,822,1187
646,964,1610
790,781,1571
576,895,1471
1049,656,1705
565,1047,1612
471,1049,1520
864,2170,3034
1083,935,2018
889,461,1350
801,609,1410
400,788,1188
687,1661,2348
754,748,1502
545,671,1216
874,763,1637
689,690,1379
1362,1953,3315
561,535,1096
122,496,618
998,667,1665
916,1657,2573
353,653,1006
538,901,1439
912,943,1855
371,560,931
465,1195,1660
826,285,1111
310,562,872
547,499,1046
676,469,1145
861,871,1732
386,683,1069
1023,819,1842
287,522,809
1051,1062,2113
77,458,535
438,1377,1815
606,688,1294
413,1076,1489
1037,1799,2836
173,692,865
613,806,1419
325,555,880
398,1444,1842
432,697,1129
704,1345,2049
1199,1119,2318
525,1671,2196
458,1083,1541
2057,1321,3378
119,657,776
375,1671,2046
1674,1287,2961
1006,515,1521
683,488,1171
250,1517,1767
1451,1545,2996
813,843,1656
908,860,1768
333,583,916
642,1017,1659
1158,940,2098
939,778,1717
1160,828,1988
521,749,1270
1523,1359,2882
167,989,1156
1707,1242,2949
920,1323,2243
400,976,1376
662,886,1548
1090,862,1952
970,742,1712
427,1080,1507
568,725,1293
784,761,1545
363,1129,1492
1601,555,2156
303,926,1229
732,881,1613
535,1203,1738
577,698,1275
932,621,1553
506,919,1425
647,633,1280
675,1303,1978
822,669,1491
1240,905,2145
1141,705,1846
768,759,1527
932,897,1829
365,502,867
1255,724,1979
1008,811,1819
595,433,1028
386,1451,1837
994,472,1466
988,1037,2025
616,911,1527
892,742,1634
766,1195,1961
595,1022,1617
1238,1089,2327
657,726,1383
506,489,995
660,1166,1826
769,859,1628
626,528,1154
1168,627,1795
1245,1385,2630
310,1102,1412
515,916,1431
796,825,1621
1187,1052,2239
592,689,1281
380,854,1234
589,1059,1648
572,1594,2166
587,824,1411
434,581,1015
729,971,1700
1174,913,2087
817,809,1626
163,848,1011
1005,874,1879
234,674,908
921,780,1701
679,1536,2215
525,1266,1791
51,834,885
818,676,1494
1344,984,2328
257,1098,1355
885,634,1519
646,419,1065
502,989,1491
787,729,1516
735,813,1548
955,1150,2105
569,1144,1713
1250,275,1525
688,830,1518
1195,899,2094
1023,1456,2479
129,433,562
577,700,1277
1434,1119,2553
206,796,1002
644,1008,1652
48,728,776
754,399,1153
954,1248,2202
319,1143,1462
132,440,572
368,672,1040
832,613,1445
1349,1048,2397
282,404,686
662,1272,1934
291,534,825
177,418,595
514,983,1497
313,644,957
594,640,1234
485,1589,2074
571,1061,1632
449,2086,2535
85,957,1042
483,736,1219
436,1352,1788
687,1886,2573
448,1150,1598
456,438,894
1162,1256,2418
356,1574,1930
262,513,775
606,1576,2182
565,710,1275
818,1218,2036
196,1870,2066
156,594,750
833,618,1451
502,1617,2119
435,801,1236
1450,897,2347
1110,1122,2232
715,957,1672
1213,659,1872
1855,418,2273
536,503,1039
564,553,1117
387,1479,1866
1369,737,2106
62,1029,1091
294,1515,1809
292,483,775
619,1114,1733
1195,1036,2231
65,1038,1103
595,1257,1852
1594,316,1910
1726,420,2146
821,1557,2378
963,1190,2153
841,721,1562
676,1434,2110
383,1218,1601
554,426,980
34,1503,1537
841,750,1591
1107,1064,2171
211,701,912
729,855,1584
62,1038,1100
594,523,1117
1143,489,1632
55,428,483
820,301,1121
844,1435,2279
776,1024,1800
905,559,1464
1878,1187,3065
1315,796,2111
143,577,720
635,338,973
203,556,759
856,731,1587
289,990,1279
578,1132,1710
621,494,1115
121,434,555
894,1383,2277
177,780,957
107,1293,1400
1022,1360,2382
343,889,1232
1062,1193,2255
503,931,1434
543,793,1336
283,334,617
1113,1612,2725
1409,402,1811
339,2198,2537
923,796,1719
219,717,936
894,1904,2798
1053,434,1487
294,566,860
372,577,949
749,1626,2375
666,1067,1733
862,807,1669
447,1161,1608
1889,533,2422
100,1226,1326
1330,470,1800
521,537,1058
499,669,1168
620,1642,2262
1076,607,1683
160,1186,1346
151,411,562
138,760,898
437,353,790
235,1248,1483
164,2538,2702
452,522,974
74,880,954
433,1087,1520
71,1246,1317
334,1149,1483
599,636,1235
264,668,932
594,2274,2868
330,459,789
298,777,1075
43,1096,1139
905,743,1648
492,748,1240
102,893,995
428,707,1135
1596,1418,3014
254,576,830
908,396,1304
302,979,1281
945,720,1665
631,666,1297
660,658,1318
1080,988,2068
437,599,1036
935,580,1515
476,887,1363
868,858,1726
781,510,1291
533,768,1301
285,700,985
2090,674,2764
1079,804,1883
938,663,1601
414,726,1140
1699,887,2586
505,640,1145
461,547,1008
1118,1242,2360
327,666,993
797,590,1387
534,603,1137
1247,831,2078
585,747,1332
531,689,1220
623,471,1094
519,741,1260
189,677,866
295,705,1000
667,794,1461
659,1027,1686
315,696,1011
469,571,1040
158,732,890
595,435,1030
852,723,1575
579,443,1022
555,1115,1670
303,807,1110
610,522,1132
770,878,1648
531,264,795
1088,665,1753
659,909,1568
649,5085,5734
513,652,1165
424,395,819
357,898,1255
418,707,1125
778,534,1312
446,967,1413
633,573,1206
277,270,547
553,494,1047
660,384,1044
483,468,951
621,413,1034
124,341,465
22,517,539
453,878,1331
750,4579,5329
701,838,1539
139,315,454
1015,643,1658
473,1257,1730
609,1029,1638
170,420,590
346,1062,1408
985,4752,5737
147,600,747
203,675,878
528,1272,1800
604,768,1372
532,1044,1576
309,1440,1749
822,876,1698
1096,4866,5962
180,363,543
304,479,783
573,1096,1669
3978,1086,5064
654,855,1509
4461,666,5127
912,1239,2151
219,876,1095
209,1526,1735
212,701,913
141,916,1057
514,849,1363
486,764,1250
93,237,330
232,1227,1459
4657,543,5200
411,1068,1479
324,637,961
1043,1016,2059
204,978,1182
592,1073,1665
550,923,1473
265,1076,1341
953,506,1459
252,958,1210
629,854,1483
112,1017,1129
782,731,1513
828,798,1626
1284,973,2257
111,668,779
563,922,1485
709,620,1329
962,541,1503
608,707,1315
163,1132,1295
888,559,1447
1089,823,1912
1199,902,2101
495,708,1203
979,936,1915
658,1024,1682
160,1802,1962
723,498,1221
786,918,1704
834,482,1316
325,561,886
542,625,1167
785,914,1699
428,694,1122
619,638,1257
560,889,1449
828,1468,2296
259,568,827
195,673,868
545,1223,1768
1106,856,1962
895,952,1847
317,617,934
406,1482,1888
778,728,1506
699,869,1568
322,367,689
255,1345,1600
442,671,1113
116,1180,1296
812,1236,2048
860,1740,2600
788,1011,1799
494,1053,1547
1002,774,1776
397,399,796
341,1104,1445
690,489,1179
552,1565,2117
495,530,1025
598,513,1111
1604,1244,2848
1048,1307,2355
647,1465,2112
547,918,1465
34,772,806
996,1272,2268
1075,614,1689
970,596,1566
637,459,1096
359,546,905
1426,762,2188
578,1053,1631
50,778,828
386,452,838
1279,448,1727
614,1289,1903
397,557,954
955,415,1370
1346,640,1986
411,610,1021
415,670,1085
76,787,863
663,759,1422
1101,576,1677
595,787,1382
256,848,1104
774,706,1480
928,504,1432
289,603,892
334,841,1175
642,680,1322
1062,835,1897
1116,556,1672
684,863,1547
944,1351,2295
533,536,1069
212,567,779
593,635,1228
921,1843,2764
277,550,827
460,1329,1789
519,592,1111
278,423,701
619,1108,1727
100,730,830
367,550,917
1175,726,1901
407,2116,2523
666,464,1130
573,1110,1683
394,1175,1569
397,795,1192
675,1184,1859
503,2211,2714
191,841,1032
1167,674,1841
452,2079,2531
226,797,1023
895,1358,2253
953,497,1450
170,1108,1278
1012,1523,2535
311,1116,1427
468,2290,2758
2012,529,2541
382,362,744
452,762,1214
689,1971,2660
443,1073,1516
884,366,1250
398,899,1297
466,1018,1484
1760,1191,2951
588,524,1112
683,941,1624
468,890,1358
2034,1031,3065
472,1237,1709
1026,721,1747
469,587,1056
655,1030,1685
1858,469,2327
351,1180,1531
1162,1324,2486
740,1089,1829
218,1094,1312
1945,760,2705
464,1197,1661
274,1259,1533
917,673,1590
407,1258,1665
1117,774,1891
742,1026,1768
650,897,1547
1192,1475,2667
452,1131,1583
810,719,1529
340,770,1110
919,549,1468
1046,555,1601
1155,672,1827
909,914,1823
790,1419,2209
308,1261,1569
827,1473,2300
847,1222,2069
702,957,1659
734,748,1482
561,1773,2334
990,563,1553
439,1358,1797
234,1763,1997
845,368,1213
1989,1599,3588
1124,1236,2360
576,1378,1954
1017,1309,2326
948,1678,2626
929,1261,2190
1202,1428,2630
917,1439,2356
477,1639,2116
566,1434,2000
1045,1827,2872
974,1292,2266
634,1315,1949
677,1394,2071
239,1211,1450
777,1616,2393
537,373,910
1289,1134,2423
1172,1141,2313
693,1153,1846
1391,1673,3064
1099,1145,2244
349,1624,1973
698,1753,2451
826,1878,2704
1560,801,2361
1290,1250,2540
775,1605,2380
1603,1005,2608
942,1524,2466
246,958,1204
1290,1263,2553
1204,950,2154
1662,924,2586
1236,637,1873
1065,1111,2176
1257,1075,2332
1146,913,2059
1005,524,1529
747,611,1358
184,1054,1238
1055,397,1452
1368,639,2007
315,1537,1852
961,562,1523
1354,648,2002
1504,715,2219
1509,967,2476
1049,551,1600
260,1297,1557
1451,775,2226
814,2050,2864
793,1327,2120
897,663,1560
1790,1078,2868
660,858,1518
1181,539,1720
949,1544,2493
893,756,1649
1115,1838,2953
1086,704,1790
32,281,313
785,1256,2041
599,1592,2191
433,452,885
299,1432,1731
469,1519,1988
1665,1317,2982
1381,1777,3158
180,762,942
818,1217,2035
1945,1016,2961
348,894,1242
1115,908,2023
1508,539,2047
690,1697,2387
812,666,1478
85,295,380
1532,1214,2746
1030,365,1395
134,735,869
571,663,1234
879,1656,2535
192,733,925
889,1377,2266
770,1851,2621
767,708,1475
1198,1730,2928
1203,1375,2578
624,812,1436
466,699,1165
432,1338,1770
627,713,1340
1531,707,2238
208,1302,1510
628,759,1387
532,1340,1872
1225,718,1943
428,1439,1867
773,1224,1997
95,738,833
495,616,1111
255,1174,1429
459,1638,2097
509,703,1212
895,1105,2000
905,735,1640
311,1372,1683
1539,735,2274
1209,725,1934
636,655,1291
491,747,1238
21,1800,1821
546,916,1462
1086,1352,2438
1480,629,2109
537,1444,1981
1036,1579,2615
598,684,1282
575,720,1295
1315,897,2212
313,1508,1821
861,1289,2150
491,887,1378
588,559,1147
1145,1102,2247
570,1051,1621
536,896,1432
1034,1066,2100
1268,747,2015
752,753,1505
683,1218,1901
1147,625,1772
478,845,1323
549,572,1121
622,1723,2345
575,1118,1693
423,935,1358
669,899,1568
226,935,1161
821,493,1314
712,1433,2145
376,652,1028
425,777,1202
625,1423,2048
983,1470,2453
879,384,1263
938,816,1754
298,925,1223
552,680,1232
422,844,1266
233,1342,1575
723,792,1515
1262,663,1925
1133,896,2029
933,1521,2454
823,348,1171
680,823,1503
520,865,1385
1437,935,2372
647,814,1461
1337,1279,2616
1649,1927,3576
20,805,825
1350,923,2273
1644,1088,2732
332,711,1043
1314,727,2041
747,791,1538
1029,1938,2967
60,1002,1062
1342,1482,2824
1104,1643,2747
1075,935,2010
573,2237,2810
795,958,1753
499,548,1047
96,2191,2287
284,584,868
626,786,1412
1417,1471,2888
158,1240,1398
1332,940,2272
257,1234,1491
744,996,1740
423,746,1169
460,1256,1716
945,812,1757
593,1720,2313
491,631,1122
719,996,1715
951,870,1821
361,931,1292
318,1028,1346
1585,814,2399
662,1089,1751
1329,448,1777
296,1163,1459
1826,955,2781
419,547,966
879,470,1349
1045,1229,2274
594,1419,2013
493,1532,2025
2117,812,2929
805,1462,2267
669,1525,2194
2143,998,3141
523,742,1265
453,541,994
601,1295,1896
1377,916,2293
409,544,953
894,878,1772
744,1162,1906
1086,598,1684
304,987,1291
209,1076,1285
269,1374,1643
569,752,1321
683,763,1446
213,508,721
940,1335,2275
918,773,1691
538,1015,1553
1377,562,1939
322,1290,1612
861,519,1380
363,1142,1505
1330,739,2069
251,739,990
902,682,1584
288,939,1227
852,1316,2168
1169,745,1914
558,1270,1828
475,1120,1595
1053,1324,2377
660,777,1437
1091,895,1986
641,496,1137
434,750,1184
748,561,1309
476,1634,2110
1172,896,2068
925,834,1759
574,2192,2766
955,601,1556
1193,823,2016
993,1206,2199
822,581,1403
255,916,1171
642,1673,2315
885,918,1803
401,561,962
557,925,1482
581,1901,2482
418,394,812
1110,698,1808
456,1021,1477
1034,882,1916
427,342,769
659,995,1654
462,760,1222
840,1873,2713
473,564,1037
536,891,1427
2069,854,2923
600,733,1333
931,938,1869
1622,670,2292
742,709,1451
1033,965,1998
1574,457,2031
696,723,1419
650,827,1477
803,684,1487
536,1423,1959
477,415,892
907,554,1461
566,669,1235
750,1437,2187
364,1156,1520
584,547,1131
824,685,1509
581,1640,2221
376,1513,1889
166,756,922
645,290,935
804,621,1425
474,700,1174
728,1251,1979
1136,1196,2332
536,503,1039
1258,968,2226
1307,1727,3034
633,1801,2434
206,904,1110
1346,516,1862
850,1044,1894
610,680,1290
293,1062,1355
376,867,1243
329,533,862
576,612,1188
604,1092,1696
418,1424,1842
788,865,1653
528,831,1359
1055,1152,2207
598,1876,2474
594,782,1376
944,501,1445
1451,1062,2513
273,947,1220
394,874,1268
523,637,1160
323,997,1320
1538,1563,3101
1142,779,1921
602,625,1227
806,819,1625
1686,887,2573
51,1206,1257
604,643,1247
688,910,1598
1571,771,2342
373,703,1076
548,467,1015
1001,794,1795
1220,1012,2232
353,1216,1569
764,661,1425
327,809,1136
360,1085,1445
921,488,1409
725,701,1426
619,942,1561
29,483,512
406,1034,1440
881,740,1621
916,948,1864
1006,1118,2124
303,520,823
745,512,1257
736,1137,1873
1104,1932,3036
434,611,1045
434,1110,1544
508,979,1487
754,701,1455
718,653,1371
347,547,894
601,983,1584
349,873,1222
361,877,1238
531,585,1116
590,504,1094
551,1178,1729
836,890,1726
757,903,1660
826,1075,1901
64,1356,1420
764,491,1255
1164,1324,2488
310,434,744
290,706,996
301,852,1153
1034,772,1806
537,929,1466
855,684,1539
567,906,1473
142,667,809
900,1247,2147
326,664,990
333,886,1219
522,520,1042
1451,1541,2992
558,1178,1736
561,968,1529
395,962,1357
1072,657,1729
948,1015,1963
515,794,1309
444,795,1239
548,800,1348
930,661,1591
632,1425,2057
800,870,1670
925,848,1773
316,863,1179
624,1092,1716
507,683,1190
936,746,1682
724,497,1221
570,824,1394
222,901,1123
836,708,1544
979,810,1789
744,677,1421
603,565,1168
490,738,1228
614,555,1169
623,587,1210
787,628,1415
1505,3143,4648
1419,656,2075
786,455,1241
707,526,1233
1241,1527,2768
977,638,1615
604,581,1185
641,1790,2431
668,642,1310
592,1797,2389
764,158,922
695,277,972
712,1531,2243
1612,2684,4296
592,632,1224
91,389,480
639,1802,2441
1055,2197,3252
658,658,1316
148,406,554
392,1448,1840
911,1645,2556
794,1735,2529
417,2114,2531
931,1061,1992
310,1145,1455
88,283,371
685,1282,1967
1984,1273,3257
705,1701,2406
624,2034,2658
765,507,1272
745,398,1143
954,1562,2516
679,2143,2822
133,783,916
159,996,1155
1261,1765,3026
992,824,1816
1618,667,2285
550,664,1214
878,982,1860
1636,951,2587
1396,835,2231
397,1188,1585
614,685,1299
1299,1279,2578
1924,776,2700
57,958,1015
59,703,762
1521,1036,2557
1154,921,2075
1550,1084,2634
102,636,738
358,1917,2275
668,579,1247
1241,1101,2342
2048,781,2829
1108,1104,2212
259,818,1077
125,937,1062
1341,933,2274
150,1408,1558
1023,1498,2521
30,1261,1291
1544,876,2420
32,1276,1308
195,1725,1920
274,1206,1480
545,841,1386
560,1284,1844
1039,1572,2611
399,949,1348
222,969,1191
1687,932,2619
906,829,1735
849,1062,1911
29,1546,1575
669,949,1618
1400,781,2181
621,1063,1684
347,1626,1973
1229,500,1729
1050,975,2025
1170,659,1829
898,1236,2134
327,1153,1480
636,1075,1711
501,1026,1527
894,1002,1896
785,996,1781
776,1158,1934
386,473,859
1436,809,2245
786,1231,2017
722,1461,2183
1032,929,1961
876,1165,2041
28,2348,2376
1006,722,1728
548,863,1411
580,2043,2623
759,697,1456
623,1107,1730
878,1146,2024
864,1823,2687
854,539,1393
1414,649,2063
819,957,1776
479,678,1157
393,542,935
799,1645,2444
307,1051,1358
680,1481,2161
1072,982,2054
188,523,711
1090,1680,2770
1372,983,2355
489,1167,1656
197,1001,1198
442,541,983
825,1165,1990
998,918,1916
771,1469,2240
252,519,771
1963,558,2521
640,526,1166
1056,1428,2484
290,1158,1448
1451,706,2157
1046,765,1811
324,1192,1516
627,922,1549
693,1339,2032
177,1033,1210
313,543,856
651,897,1548
935,1230,2165
579,1065,1644
403,523,926
429,1208,1637
1121,641,1762
1395,805,2200
480,751,1231
432,489,921
912,1378,2290
1215,1116,2331
765,759,1524
1370,662,2032
366,991,1357
713,544,1257
680,663,1343
349,1037,1386
738,1099,1837
761,737,1498
1248,832,2080
1043,613,1656
1168,613,1781
1548,659,2207
211,473,684
1141,698,1839
938,532,1470
407,1033,1440
1022,860,1882
902,577,1479
428,559,987
785,1211,1996
611,895,1506
715,480,1195
764,683,1447
500,638,1138
983,666,1649
648,245,893
1064,969,2033
368,583,951
825,1327,2152
365,889,1254
719,597,1316
1274,733,2007
464,589,1053
672,545,1217
1111,786,1897
393,177,570
400,956,1356
589,511,1100
862,781,1643
151,863,1014
918,247,1165
581,766,1347
305,997,1302
869,1089,1958
1328,307,1635
983,655,1638
407,407,814
449,784,1233
364,672,1036
651,573,1224
971,603,1574
492,1189,1681
694,894,1588
92,707,799
385,570,955
503,1235,1738
613,536,1149
771,468,1239
562,1094,1656
570,775,1345
174,735,909
712,839,1551
368,1001,1369
867,364,1231
263,605,868
297,969,1266
623,965,1588
658,276,934
1234,351,1585
589,475,1064
647,983,1630
423,573,996
173,550,723
917,531,1448
513,607,1120
735,331,1066
463,426,889
1190,369,1559
715,960,1675
1145,499,1644
819,499,1318
487,826,1313
494,467,961
762,599,1361
477,1171,1648
206,992,1198
868,598,1466
290,464,754
924,568,1492
358,1842,2200
573,589,1162
548,612,1160
665,560,1225
902,1756,2658
761,757,1518
632,875,1507
393,418,811
896,493,1389
561,942,1503
236,486,722
515,392,907
387,546,933
239,722,961
677,1647,2324
299,402,701
345,514,859
743,1463,2206
964,629,1593
923,706,1629
1147,1513,2660
320,599,919
470,694,1164
759,732,1491
165,1768,1933
336,395,731
212,575,787
1678,605,2283
493,548,1041
272,849,1121
310,783,1093
350,607,957
1805,519,2324
669,904,1573
1767,443,2210
339,1357,1696
517,663,1180
167,522,689
1036,432,1468
381,467,848
574,570,1144
525,872,1397
1813,438,2251
439,893,1332
1020,865,1885
749,1051,1800
412,714,1126
260,563,823
465,432,897
247,702,949
661,415,1076
548,991,1539
299,445,744
744,672,1416
729,793,1522
539,1069,1608
139,1499,1638
581,316,897
526,506,1032
566,420,986
1633,702,2335
533,481,1014
341,643,984
1409,1149,2558
164,862,1026
1026,771,1797
169,1704,1873
767,1013,1780
607,648,1255
486,543,1029
686,664,1350
435,828,1263
819,1297,2116
746,1029,1775
412,591,1003
883,814,1697
678,1458,2136
660,416,1076
349,594,943
399,845,1244
767,764,1531
737,593,1330
172,1155,1327
791,828,1619
627,419,1046
1548,751,2299
988,890,1878
130,650,780
390,729,1119
768,845,1613
953,711,1664
694,876,1570
543,712,1255
356,806,1162
562,483,1045
1330,830,2160
374,602,976
257,812,1069
541,1208,1749
437,579,1016
1191,751,1942
924,932,1856
596,618,1214
918,567,1485
617,398,1015
327,926,1253
1039,970,2009
811,596,1407
303,592,895
532,594,1126
194,940,1134
1204,622,1826
688,416,1104
436,934,1370
614,367,981
540,684,1224
1075,1046,2121
447,1417,1864
408,526,934
577,667,1244
738,891,1629
543,418,961
799,676,1475
541,414,955
724,550,1274
705,1178,1883
1041,653,1694
680,286,966
1118,254,1372
1148,175,1323
620,161,781
605,735,1340
545,340,885
399,390,789
1190,171,1361
1052,267,1319
616,159,775
638,827,1465
1253,174,1427
510,738,1248
731,284,1015
737,958,1695
647,568,1215
1138,261,1399
1032,530,1562
956,312,1268
676,721,1397
910,197,1107
773,622,1395
794,404,1198
970,336,1306
787,480,1267
940,201,1141
991,410,1401
1112,219,1331
1046,639,1685
883,1887,2770
1125,570,1695
67,972,1039
597,492,1089
244,845,1089
184,948,1132
424,786,1210
1542,1347,2889
358,836,1194
453,787,1240
347,780,1127
813,394,1207
1383,1404,2787
509,802,1311
640,571,1211
436,740,1176
1812,589,2401
820,176,996
141,525,666
1258,321,1579
80,713,793
673,211,884
1118,283,1401
1354,280,1634
135,587,722
546,268,814
640,198,838
905,347,1252
302,519,821
615,246,861
459,412,871
671,256,927
521,441,962
185,350,535
288,1817,2105
212,1831,2043
388,1735,2123
155,360,515
435,1674,2109
369,1691,2060
200,428,628
475,1711,2186
429,1740,2169
469,1718,2187
72,832,904
514,1808,2322
235,497,732
655,1504,2159
287,2030,2317
1136,1153,2289
396,2043,2439
1352,356,1708
418,2102,2520
1132,315,1447
313,462,775
491,2161,2652
266,358,624
1346,386,1732
271,1543,1814
448,2108,2556
116,882,998
265,2163,2428
424,277,701
484,380,864
160,458,618
657,1812,2469
1372,580,1952
1284,643,1927
165,1107,1272
123,599,722
280,266,546
1489,721,2210
1501,441,1942
211,539,750
1714,390,2104
498,442,940
1567,613,2180
163,1343,1506
263,838,1101
417,524,941
761,345,1106
655,323,978
123,630,753
826,771,1597
236,895,1131
463,635,1098
129,339,468
1034,613,1647
172,717,889
114,348,462
509,693,1202
737,471,1208
223,302,525
709,528,1237
127,414,541
548,616,1164
596,670,1266
600,687,1287
190,295,485
479,603,1082
410,274,684
503,377,880
568,155,723
750,169,919
483,489,972
354,172,526
448,2534,2982
151,1224,1375
135,215,350
1512,646,2158
506,637,1143
306,2509,2815
271,717,988
776,216,992
573,693,1266
601,735,1336
190,555,745
752,198,950
1003,417,1420
278,2485,2763
884,578,1462
929,348,1277
814,595,1409
912,728,1640
1203,354,1557
261,628,889
484,670,1154
1070,534,1604
666,539,1205
332,2507,2839
608,531,1139
604,252,856
269,724,993
713,540,1253
388,480,868
466,694,1160
593,662,1255
197,755,952
2560,458,3018
656,628,1284
657,248,905
227,971,1198
343,429,772
497,819,1316
329,855,1184
342,704,1046
504,723,1227
2663,566,3229
383,646,1029
715,429,1144
721,632,1353
615,388,1003
788,831,1619
568,773,1341
540,623,1163
663,475,1138
2549,635,3184
481,724,1205
418,369,787
411,679,1090
247,1152,1399
586,897,1483
822,660,1482
649,711,1360
447,496,943
661,722,1383
503,767,1270
565,572,1137
751,643,1394
831,1030,1861
338,563,901
340,594,934
110,562,672
243,644,887
534,417,951
198,2728,2926
858,796,1654
662,333,995
319,605,924
904,1045,1949
562,432,994
454,307,761
385,594,979
609,658,1267
639,761,1400
155,835,990
376,2708,3084
1185,964,2149
391,945,1336
539,560,1099
376,452,828
234,293,527
750,768,1518
542,608,1150
608,2765,3373
301,1161,1462
667,801,1468
483,880,1363
828,760,1588
769,885,1654
384,1234,1618
190,550,740
462,1114,1576
292,625,917
813,2245,3058
684,846,1530
873,736,1609
477,645,1122
621,1079,1700
877,1333,2210
528,505,1033
819,440,1259
659,1035,1694
415,821,1236
2473,730,3203
687,948,1635
816,635,1451
475,1024,1499
940,1415,2355
248,645,893
484,585,1069
468,750,1218
2670,662,3332
1035,398,1433
912,585,1497
1120,436,1556
1140,681,1821
648,938,1586
772,1464,2236
294,924,1218
521,739,1260
261,760,1021
2140,629,2769
465,829,1294
1066,558,1624
806,555,1361
833,718,1551
593,771,1364
1568,537,2105
772,949,1721
589,957,1546
791,314,1105
552,822,1374
1347,467,1814
875,563,1438
400,833,1233
1013,421,1434
687,655,1342
1588,640,2228
530,518,1048
677,657,1334
705,880,1585
690,725,1415
1214,726,1940
435,600,1035
684,839,1523
623,384,1007
766,937,1703
1440,786,2226
474,742,1216
854,666,1520
403,751,1154
531,677,1208
951,893,1844
429,804,1233
511,665,1176
669,807,1476
395,894,1289
755,738,1493
570,527,1097
659,629,1288
679,506,1185
436,945,1381
424,725,1149
717,854,1571
805,343,1148
828,725,1553
561,512,1073
624,824,1448
783,625,1408
599,816,1415
393,802,1195
502,930,1432
920,798,1718
696,278,974
752,522,1274
355,714,1069
724,530,1254
869,554,1423
716,705,1421
428,679,1107
496,676,1172
828,545,1373
545,350,895
754,285,1039
939,722,1661
566,513,1079
1023,310,1333
746,599,1345
790,200,990
448,839,1287
884,689,1573
907,334,1241
753,568,1321
349,379,728
957,392,1349
751,310,1061
552,231,783
959,322,1281
905,625,1530
468,293,761
798,337,1135
903,207,1110
553,398,951
646,501,1147
597,561,1158
754,438,1192
843,187,1030
951,283,1234
47,439,486
260,234,494
719,549,1268
125,539,664
831,484,1315
280,418,698
181,422,603
188,502,690
759,577,1336
218,626,844
326,333,659
278,583,861
285,617,902
353,604,957
313,442,755
216,683,899
84,567,651
346,596,942
170,548,718
377,517,894
414,2886,3300
481,464,945
231,745,976
294,659,953
698,2548,3246
340,677,1017
409,580,989
308,463,771
856,2247,3103
296,787,1083
445,731,1176
1750,290,2040
534,854,1388
337,660,997
175,943,1118
552,484,1036
172,669,841
342,529,871
206,666,872
856,2195,3051
104,520,624
372,620,992
542,612,1154
426,1091,1517
133,643,776
734,325,1059
490,501,991
467,1223,1690
2659,205,2864
240,574,814
404,561,965
672,508,1180
177,665,842
348,813,1161
549,949,1498
777,735,1512
581,274,855
416,737,1153
991,264,1255
371,482,853
2506,266,2772
473,1257,1730
1105,350,1455
1792,448,2240
630,487,1117
503,851,1354
806,250,1056
716,190,906
395,772,1167
851,818,1669
677,287,964
255,373,628
825,342,1167
518,968,1486
260,469,729
1192,390,1582
687,496,1183
884,994,1878
364,621,985
900,264,1164
257,646,903
350,619,969
223,807,1030
304,538,842
526,2334,2860
821,984,1805
310,770,1080
567,317,884
140,2339,2479
807,1109,1916
593,271,864
241,765,1006
1529,686,2215
157,2365,2522
211,987,1198
771,1092,1863
316,282,598
807,817,1624
2037,555,2592
448,1077,1525
278,1070,1348
120,340,460
530,902,1432
496,575,1071
2214,286,2500
832,862,1694
173,335,508
1118,363,1481
581,692,1273
668,535,1203
484,427,911
2263,336,2599
392,915,1307
750,451,1201
515,1199,1714
871,510,1381
311,1749,2060
551,399,950
730,1359,2089
947,368,1315
217,349,566
973,486,1459
687,427,1114
776,1347,2123
775,1358,2133
281,521,802
768,454,1222
140,400,540
744,1232,1976
803,1385,2188
147,455,602
156,458,614
1730,290,2020
1261,210,1471
972,371,1343
928,181,1109
1013,289,1302
1232,243,1475
1239,238,1477
200,718,918
231,677,908
234,313,547
193,697,890
197,371,568
1339,291,1630
803,162,965
226,341,567
1201,181,1382
349,322,671
276,454,730
165,236,401
885,187,1072
289,209,498
293,538,831
197,339,536
635,227,862
313,2664,2977
832,144,976
283,548,831
760,505,1265
477,170,647
971,341,1312
322,786,1108
1013,1051,2064
337,759,1096
404,458,862
689,335,1024
862,438,1300
248,341,589
469,364,833
827,647,1474
709,320,1029
723,384,1107
448,536,984
425,610,1035
403,559,962
565,332,897
829,2626,3455
290,445,735
259,248,507
243,609,852
437,641,1078
493,447,940
992,2865,3857
750,475,1225
367,2960,3327
683,416,1099
361,1088,1449
775,719,1494
308,636,944
299,3214,3513
396,607,1003
375,1054,1429
727,2235,2962
411,532,943
311,695,1006
764,410,1174
627,348,975
1390,2103,3493
520,577,1097
324,466,790
606,436,1042
821,819,1640
127,294,421
768,173,941
245,992,1237
878,258,1136
238,857,1095
241,234,475
2107,992,3099
2613,1120,3733
399,923,1322
432,226,658
402,286,688
494,732,1226
3310,213,3523
500,816,1316
375,191,566
571,426,997
420,985,1405
279,1326,1605
651,147,798
371,428,799
521,347,868
251,266,517
415,521,936
3056,389,3445
130,910,1040
1124,548,1672
1541,398,1939
943,163,1106
157,616,773
663,498,1161
2104,529,2633
822,839,1661
407,414,821
858,742,1600
595,724,1319
247,651,898
1126,443,1569
998,662,1660
1141,520,1661
757,931,1688
409,920,1329
553,684,1237
505,669,1174
635,783,1418
527,405,932
688,702,1390
764,471,1235
2602,508,3110
451,603,1054
399,610,1009
486,767,1253
603,593,1196
270,470,740
823,302,1125
1050,947,1997
412,614,1026
608,911,1519
460,577,1037
577,300,877
343,843,1186
365,447,812
727,319,1046
783,782,1565
463,457,920
562,237,799
452,909,1361
682,268,950
429,846,1275
971,439,1410
504,831,1335
920,456,1376
905,564,1469
675,154,829
835,180,1015
1108,331,1439
924,368,1292
927,542,1469
203,169,372
827,492,1319
890,424,1314
910,268,1178
978,406,1384
882,403,1285
236,286,522
983,616,1599
285,258,543
961,306,1267
998,477,1475
284,319,603
745,300,1045
313,429,742
369,218,587
415,171,586
1021,470,1491
416,347,763
495,187,682
148,600,748
406,338,744
370,311,681
280,548,828
439,183,622
492,353,845
346,828,1174
273,633,906
436,640,1076
341,372,713
463,750,1213
1768,237,2005
383,593,976
252,247,499
1675,167,1842
389,864,1253
1015,342,1357
1727,2483,4210
466,493,959
531,429,960
431,493,924
437,471,908
1778,2673,4451
318,666,984
495,618,1113
773,309,1082
1034,342,1376
219,503,722
179,626,805
323,458,781
752,605,1357
402,403,805
302,2525,2827
265,572,837
613,436,1049
525,320,845
217,435,652
405,481,886
453,931,1384
612,688,1300
413,681,1094
732,135,867
421,307,728
420,366,786
666,691,1357
1128,271,1399
235,1064,1299
796,215,1011
217,709,926
542,766,1308
720,220,940
565,795,1360
494,475,969
991,189,1180
458,701,1159
508,2731,3239
794,242,1036
658,433,1091
1019,308,1327
1078,228,1306
889,221,1110
996,218,1214
2981,421,3402
1040,199,1239
1030,187,1217
1081,173,1254
2824,550,3374
1041,245,1286
319,149,468
328,150,478
2254,251,2505
448,182,630
338,284,622
393,212,605
507,150,657
428,240,668
432,228,660
439,239,678
563,141,704
548,215,763
516,184,700
559,148,707
424,386,810
590,206,796
690,162,852
685,151,836
617,184,801
776,174,950
762,167,929
641,154,795
835,153,988
675,168,843
591,197,788
512,132,644
805,138,943
546,159,705
776,223,999
635,205,840
595,299,894
610,265,875
698,287,985
765,310,1075
587,246,833
592,177,769
604,311,915
541,253,794
645,183,828
628,279,907
591,242,833
602,250,852
585,240,825
636,193,829
611,295,906
600,162,762
617,232,849
608,273,881
657,134,791
650,145,795
629,207,836
650,154,804
574,279,853
548,143,691
755,147,902
661,170,831
626,192,818
510,174,684
593,140,733
733,184,917
613,203,816
667,127,794
597,173,770
746,149,895
595,163,758
588,181,769
604,539,1143
693,490,1183
679,492,1171
3581,183,3764
864,149,1013
564,476,1040
694,489,1183
675,529,1204
555,511,1066
3612,154,3766
582,451,1033
705,564,1269
2682,273,2955
423,509,932
518,630,1148
480,654,1134
2542,354,2896
2732,399,3131
410,618,1028
442,547,989
477,682,1159
2549,487,3036
252,379,631
554,573,1127
23,360,383
401,626,1027
940,167,1107
806,200,1006
398,762,1160
111,602,713
609,396,1005
643,421,1064
897,593,1490
845,608,1453
915,569,1484
669,1599,2268
827,606,1433
939,521,1460
561,1643,2204
396,586,982
395,488,883
500,421,921
491,1627,2118
598,191,789
845,1184,2029
387,184,571
230,189,419
1764,164,1928
316,182,498
1751,161,1912
278,217,495
359,191,550
1227,193,1420
153,250,403
268,147,415
122,144,266
233,245,478
177,113,290
78,305,383
814,1200,2014
174,211,385
860,1413,2273
110,331,441
171,2064,2235
456,1368,1824
986,1652,2638
163,366,529
845,1466,2311
991,1644,2635
425,1378,1803
1051,1610,2661
943,1656,2599
207,446,653
665,1473,2138
186,221,407
1474,276,1750
1026,1633,2659
997,1269,2266
491,1632,2123
196,576,772
428,305,733
589,1486,2075
1351,298,1649
269,2298,2567
168,1439,1607
1452,163,1615
273,396,669
89,639,728
914,1889,2803
387,415,802
547,2045,2592
1187,494,1681
74,168,242
1263,418,1681
137,688,825
923,2226,3149
122,299,421
596,2143,2739
1286,571,1857
85,455,540
253,594,847
918,1896,2814
478,2264,2742
177,302,479
473,541,1014
1378,553,1931
186,513,699
143,578,721
1607,465,2072
582,2094,2676
431,431,862
187,353,540
343,445,788
442,611,1053
906,408,1314
251,579,830
307,339,646
136,361,497
402,459,861
604,553,1157
1733,487,2220
216,3327,3543
568,295,863
225,322,547
686,419,1105
363,407,770
804,2745,3549
498,253,751
502,423,925
629,2817,3446
572,272,844
1009,2455,3464
703,159,862
908,161,1069
653,253,906
2348,893,3241
706,281,987
1066,323,1389
191,254,445
489,427,916
2778,134,2912
2605,166,2771
383,555,938
2103,211,2314
303,289,592
283,719,1002
501,623,1124
2139,361,2500
294,671,965
363,298,661
487,665,1152
210,631,841
473,752,1225
488,1385,1873
428,751,1179
741,375,1116
570,700,1270
508,629,1137
274,731,1005
522,801,1323
281,779,1060
606,394,1000
410,970,1380
537,536,1073
211,460,671
772,319,1091
495,1015,1510
323,813,1136
798,371,1169
529,737,1266
335,507,842
444,818,1262
240,281,521
491,566,1057
598,618,1216
453,1003,1456
767,1215,1982
218,517,735
936,388,1324
788,333,1121
249,740,989
624,725,1349
669,753,1422
759,546,1305
397,1525,1922
367,1540,1907
157,783,940
563,719,1282
768,626,1394
229,223,452
1039,903,1942
435,536,971
492,1443,1935
1215,696,1911
266,318,584
558,1415,1973
638,444,1082
1555,178,1733
278,332,610
809,718,1527
506,695,1201
1073,521,1594
612,148,760
982,574,1556
1062,636,1698
661,175,836
674,176,850
477,397,874
753,205,958
800,248,1048
647,759,1406
794,786,1580
500,695,1195
1342,302,1644
473,2066,2539
822,777,1599
759,314,1073
2281,498,2779
704,290,994
712,674,1386
721,766,1487
576,631,1207
1035,763,1798
838,272,1110
782,809,1591
835,1013,1848
2263,498,2761
860,1028,1888
725,866,1591
720,1035,1755
541,742,1283
726,479,1205
900,902,1802
521,1039,1560
2010,591,2601
882,1020,1902
935,441,1376
463,549,1012
575,799,1374
601,603,1204
734,490,1224
459,1062,1521
1094,939,2033
494,1142,1636
505,878,1383
1011,348,1359
979,1357,2336
966,683,1649
585,717,1302
884,415,1299
729,726,1455
723,716,1439
588,883,1471
779,868,1647
514,1357,1871
925,489,1414
661,1101,1762
375,549,924
403,558,961
795,925,1720
527,591,1118
970,555,1525
811,996,1807
839,560,1399
572,518,1090
825,774,1599
402,686,1088
545,861,1406
940,765,1705
120,583,703
1084,712,1796
824,1084,1908
961,303,1264
548,388,936
364,724,1088
796,719,1515
1257,679,1936
678,482,1160
171,822,993
1048,811,1859
268,679,947
422,870,1292
485,566,1051
369,898,1267
426,714,1140
449,849,1298
594,1036,1630
479,1149,1628
471,562,1033
911,547,1458
603,638,1241
580,915,1495
630,718,1348
203,651,854
635,702,1337
629,505,1134
780,575,1355
670,644,1314
349,508,857
842,666,1508
1294,765,2059
634,611,1245
457,589,1046
449,814,1263
949,2447,3396
1156,136,1292
624,604,1228
689,1035,1724
970,194,1164
318,815,1133
783,709,1492
399,631,1030
1034,156,1190
1170,2695,3865
828,556,1384
497,720,1217
1021,261,1282
590,2719,3309
101,541,642
931,233,1164
331,544,875
516,175,691
691,230,921
545,2532,3077
734,315,1049
572,965,1537
2896,359,3255
1032,347,1379
666,421,1087
1195,622,1817
791,510,1301
2832,398,3230
998,186,1184
1076,304,1380
2628,411,3039
778,451,1229
308,300,608
754,522,1276
818,900,1718
107,660,767
225,339,564
858,331,1189
494,1366,1860
199,585,784
887,356,1243
143,555,698
169,687,856
612,172,784
1097,768,1865
198,676,874
300,462,762
820,640,1460
501,363,864
164,730,894
331,348,679
235,617,852
390,245,635
668,170,838
305,584,889
387,499,886
746,1173,1919
820,1090,1910
563,332,895
245,751,996
398,668,1066
305,655,960
203,590,793
420,781,1201
514,486,1000
447,540,987
671,1386,2057
831,492,1323
656,335,991
371,724,1095
571,205,776
789,356,1145
347,713,1060
285,791,1076
561,572,1133
370,718,1088
1431,893,2324
806,769,1575
297,576,873
725,715,1440
677,280,957
652,591,1243
328,852,1180
649,546,1195
525,678,1203
624,506,1130
1045,791,1836
1132,589,1721
635,433,1068
730,652,1382
263,314,577
930,485,1415
551,814,1365
714,791,1505
838,544,1382
665,907,1572
1178,494,1672
400,740,1140
187,607,794
801,941,1742
339,548,887
333,670,1003
535,594,1129
535,667,1202
680,758,1438
437,690,1127
401,724,1125
278,812,1090
534,678,1212
731,690,1421
403,831,1234
533,645,1178
727,506,1233
1441,660,2101
387,644,1031
613,424,1037
644,559,1203
599,670,1269
307,1076,1383
552,629,1181
849,845,1694
727,1248,1975
887,1607,2494
514,840,1354
839,770,1609
518,826,1344
382,840,1222
588,899,1487
724,1194,1918
690,1093,1783
454,1540,1994
583,1541,2124
584,1200,1784
657,825,1482
541,501,1042
686,847,1533
859,794,1653
756,819,1575
859,1349,2208
678,1463,2141
557,1222,1779
499,963,1462
491,938,1429
795,223,1018
630,1134,1764
807,898,1705
680,922,1602
820,1028,1848
643,1353,1996
1098,775,1873
504,644,1148
1408,577,1985
554,1290,1844
1435,597,2032
1132,542,1674
779,159,938
1284,483,1767
960,256,1216
597,1208,1805
751,383,1134
716,298,1014
1508,457,1965
1267,582,1849
1376,404,1780
1045,555,1600
922,287,1209
824,608,1432
958,236,1194
1305,324,1629
586,578,1164
831,329,1160
1348,690,2038
1059,213,1272
816,320,1136
971,620,1591
1233,476,1709
1289,648,1937
167,238,405
148,292,440
224,245,469
832,593,1425
824,423,1247
197,258,455
1168,632,1800
166,281,447
1142,175,1317
260,266,526
191,403,594
694,994,1688
837,543,1380
175,290,465
188,265,453
447,169,616
367,251,618
779,639,1418
500,215,715
708,277,985
692,311,1003
838,737,1575
440,656,1096
698,145,843
355,2645,3000
771,177,948
157,984,1141
240,386,626
1673,333,2006
534,142,676
285,1012,1297
280,384,664
251,1123,1374
586,3030,3616
326,328,654
190,1103,1293
698,751,1449
733,3121,3854
220,524,744
279,232,511
276,566,842
267,467,734
953,2681,3634
554,860,1414
322,703,1025
504,526,1030
554,442,996
574,551,1125
256,726,982
359,473,832
722,430,1152
305,864,1169
401,579,980
451,1063,1514
518,538,1056
190,1000,1190
738,967,1705
2917,387,3304
311,719,1030
635,499,1134
612,602,1214
2863,693,3556
956,952,1908
567,634,1201
775,547,1322
296,1272,1568
367,600,967
299,610,909
476,433,909
380,510,890
295,706,1001
693,977,1670
494,1179,1673
832,433,1265
777,949,1726
2515,694,3209
352,606,958
446,573,1019
264,1060,1324
1172,663,1835
364,861,1225
568,558,1126
337,434,771
448,552,1000
880,938,1818
1179,613,1792
620,944,1564
861,772,1633
397,441,838
850,628,1478
429,595,1024
859,512,1371
501,780,1281
604,548,1152
771,516,1287
488,350,838
388,1051,1439
459,708,1167
704,825,1529
386,611,997
715,1021,1736
329,714,1043
470,537,1007
594,834,1428
243,337,580
212,481,693
543,535,1078
400,1202,1602
690,278,968
658,444,1102
731,1083,1814
336,580,916
382,360,742
623,741,1364
656,322,978
715,870,1585
417,540,957
317,1219,1536
448,844,1292
382,814,1196
781,226,1007
893,727,1620
864,441,1305
138,509,647
472,1169,1641
478,1942,2420
417,953,1370
309,546,855
218,1332,1550
186,594,780
1116,1731,2847
231,959,1190
556,579,1135
746,1339,2085
924,1651,2575
818,400,1218
403,512,915
576,1287,1863
907,250,1157
519,435,954
1295,578,1873
509,159,668
1696,837,2533
761,376,1137
1006,740,1746
368,646,1014
552,383,935
178,1004,1182
897,267,1164
572,345,917
567,321,888
719,465,1184
840,521,1361
985,499,1484
726,1061,1787
109,288,397
1305,550,1855
589,257,846
601,292,893
1219,251,1470
1172,416,1588
1376,265,1641
737,610,1347
346,186,532
252,420,672
1707,830,2537
193,579,772
1343,308,1651
2303,481,2784
1992,243,2235
257,722,979
450,373,823
330,535,865
1353,404,1757
1197,397,1594
640,429,1069
1329,452,1781
563,1071,1634
934,486,1420
322,499,821
570,451,1021
331,852,1183
758,404,1162
1162,598,1760
430,615,1045
819,481,1300
368,532,900
436,630,1066
141,608,749
431,809,1240
281,561,842
304,521,825
338,740,1078
579,650,1229
822,504,1326
392,928,1320
183,738,921
335,556,891
682,679,1361
481,558,1039
411,831,1242
648,443,1091
29,181,210
345,585,930
320,810,1130
391,465,856
365,760,1125
301,699,1000
442,508,950
430,666,1096
679,553,1232
120,328,448
262,863,1125
718,507,1225
567,614,1181
355,836,1191
1137,2249,3386
354,871,1225
595,786,1381
486,789,1275
222,469,691
447,852,1299
749,670,1419
419,533,952
473,861,1334
1510,2548,4058
799,704,1503
954,466,1420
621,636,1257
496,652,1148
407,506,913
1841,2177,4018
650,522,1172
766,573,1339
818,520,1338
545,810,1355
2155,1127,3282
579,664,1243
679,511,1190
777,519,1296
715,640,1355
425,360,785
700,684,1384
275,592,867
578,200,778
2402,377,2779
772,522,1294
480,375,855
743,595,1338
576,522,1098
309,597,906
500,523,1023
657,254,911
505,920,1425
797,334,1131
439,477,916
448,644,1092
2139,416,2555
459,549,1008
835,379,1214
729,224,953
1153,650,1803
363,958,1321
302,576,878
743,512,1255
406,2094,2500
513,708,1221
823,403,1226
165,401,566
427,613,1040
280,498,778
461,317,778
460,618,1078
521,698,1219
332,519,851
585,549,1134
258,615,873
343,979,1322
1935,144,2079
177,801,978
531,850,1381
627,2083,2710
237,434,671
132,845,977
694,2062,2756
83,405,488
680,882,1562
388,492,880
146,532,678
755,1004,1759
445,634,1079
483,623,1106
553,678,1231
687,1961,2648
450,609,1059
437,492,929
345,844,1189
208,540,748
583,830,1413
489,897,1386
572,804,1376
710,731,1441
1967,418,2385
182,1001,1183
360,1093,1453
779,489,1268
553,758,1311
597,696,1293
915,527,1442
2004,488,2492
395,913,1308
319,788,1107
496,724,1220
335,1016,1351
550,823,1373
769,528,1297
557,843,1400
1924,671,2595
499,968,1467
756,849,1605
494,717,1211
323,830,1153
658,767,1425
817,662,1479
445,486,931
747,710,1457
395,581,976
963,654,1617
661,1053,1714
352,855,1207
458,919,1377
603,825,1428
574,712,1286
495,523,1018
742,726,1468
435,686,1121
879,650,1529
443,684,1127
472,772,1244
489,943,1432
736,606,1342
757,706,1463
585,849,1434
690,609,1299
539,739,1278
847,734,1581
328,604,932
756,830,1586
1102,792,1894
780,712,1492
563,914,1477
394,1023,1417
784,919,1703
443,933,1376
854,998,1852
661,1004,1665
565,889,1454
573,829,1402
608,1233,1841
652,721,1373
452,2931,3383
555,785,1340
388,1118,1506
432,1102,1534
607,3172,3779
694,704,1398
473,820,1293
674,523,1197
693,1593,2286
555,840,1395
486,836,1322
402,627,1029
707,356,1063
593,903,1496
431,3069,3500
537,289,826
850,724,1574
556,349,905
609,1129,1738
717,370,1087
584,273,857
584,1117,1701
609,824,1433
636,2987,3623
916,1407,2323
809,875,1684
836,374,1210
1198,402,1600
461,825,1286
3048,368,3416
643,1423,2066
606,1246,1852
437,880,1317
899,448,1347
796,352,1148
644,1501,2145
1515,578,2093
773,895,1668
564,1485,2049
1059,314,1373
1032,691,1723
3050,337,3387
947,1060,2007
705,368,1073
821,585,1406
1227,532,1759
1406,761,2167
1202,661,1863
3234,391,3625
852,402,1254
971,454,1425
948,487,1435
1418,251,1669
1405,515,1920
179,396,575
170,427,597
356,248,604
151,457,608
264,379,643
1267,745,2012
129,506,635
1243,438,1681
1088,698,1786
1303,866,2169
181,609,790
151,1062,1213
348,855,1203
298,784,1082
677,220,897
327,602,929
26,505,531
256,339,595
117,735,852
641,558,1199
161,1059,1220
509,589,1098
227,365,592
578,362,940
79,721,800
140,648,788
210,917,1127
338,884,1222
263,465,728
660,696,1356
201,641,842
292,453,745
145,703,848
295,743,1038
180,1294,1474
424,984,1408
458,554,1012
359,1124,1483
434,796,1230
261,685,946
988,583,1571
293,610,903
619,993,1612
562,1065,1627
376,816,1192
230,1174,1404
163,819,982
763,861,1624
376,553,929
515,696,1211
514,606,1120
484,628,1112
550,494,1044
223,1147,1370
596,763,1359
412,979,1391
259,1056,1315
468,853,1321
808,770,1578
667,787,1454
432,864,1296
244,741,985
780,799,1579
694,739,1433
426,1162,1588
577,906,1483
419,785,1204
810,608,1418
300,782,1082
691,774,1465
388,643,1031
1102,611,1713
594,758,1352
1140,504,1644
760,842,1602
352,864,1216
519,670,1189
680,619,1299
534,726,1260
812,930,1742
652,514,1166
694,602,1296
592,612,1204
1021,736,1757
570,864,1434
457,701,1158
844,1018,1862
723,936,1659
764,814,1578
789,1135,1924
1139,721,1860
473,575,1048
774,669,1443
361,547,908
697,821,1518
411,595,1006
588,1246,1834
607,666,1273
461,1030,1491
524,1119,1643
661,1031,1692
600,835,1435
891,1006,1897
853,718,1571
924,876,1800
957,725,1682
558,1370,1928
636,901,1537
519,568,1087
644,802,1446
552,1121,1673
535,832,1367
388,810,1198
898,447,1345
288,1180,1468
968,503,1471
572,650,1222
567,915,1482
456,1002,1458
807,465,1272
454,1115,1569
592,536,1128
599,861,1460
569,476,1045
515,1175,1690
315,477,792
792,616,1408
410,1341,1751
921,920,1841
952,818,1770
515,1068,1583
395,453,848
488,721,1209
641,827,1468
404,1290,1694
285,388,673
732,790,1522
587,1046,1633
947,751,1698
328,423,751
298,1518,1816
354,959,1313
995,691,1686
1128,1102,2230
883,927,1810
512,340,852
791,625,1416
1022,714,1736
765,1093,1858
809,741,1550
736,752,1488
344,515,859
1317,812,2129
1074,1013,2087
521,444,965
700,668,1368
632,773,1405
712,1137,1849
511,1059,1570
303,738,1041
690,978,1668
1299,634,1933
543,1405,1948
386,1339,1725
735,676,1411
176,1343,1519
903,1035,1938
1008,507,1515
625,1047,1672
524,444,968
691,1131,1822
1311,774,2085
660,784,1444
899,891,1790
1030,827,1857
782,643,1425
684,900,1584
1070,1092,2162
1361,392,1753
1172,476,1648
1416,905,2321
631,664,1295
642,949,1591
937,502,1439
569,913,1482
852,844,1696
780,440,1220
816,1779,2595
1112,401,1513
988,1031,2019
515,442,957
532,1022,1554
394,537,931
432,1018,1450
1053,1018,2071
941,1386,2327
630,381,1011
360,1225,1585
566,424,990
1000,916,1916
1229,1137,2366
498,633,1131
777,849,1626
680,1001,1681
422,703,1125
1014,439,1453
41,607,648
534,750,1284
336,506,842
1225,836,2061
280,496,776
390,477,867
1012,1361,2373
746,1158,1904
1664,862,2526
792,310,1102
133,724,857
894,602,1496
1324,811,2135
370,583,953
607,865,1472
588,286,874
809,2705,3514
339,961,1300
1108,666,1774
593,487,1080
485,349,834
1326,532,1858
778,639,1417
418,758,1176
870,948,1818
362,708,1070
736,749,1485
677,1448,2125
332,562,894
994,1078,2072
435,357,792
825,368,1193
580,680,1260
529,891,1420
1041,2656,3697
628,655,1283
797,1365,2162
122,749,871
655,900,1555
463,839,1302
903,654,1557
443,855,1298
893,2930,3823
202,759,961
294,778,1072
281,1087,1368
415,1383,1798
824,637,1461
574,547,1121
2660,1180,3840
582,802,1384
573,716,1289
861,862,1723
514,965,1479
1316,517,1833
1087,395,1482
326,639,965
236,686,922
750,389,1139
2480,816,3296
666,692,1358
874,532,1406
771,723,1494
767,821,1588
1122,542,1664
227,780,1007
830,507,1337
506,750,1256
712,331,1043
2705,473,3178
694,505,1199
699,531,1230
1372,265,1637
655,688,1343
1391,398,1789
510,655,1165
556,437,993
1086,248,1334
748,787,1535
876,284,1160
991,421,1412
1057,354,1411
955,281,1236
621,561,1182
1103,161,1264
549,525,1074
746,698,1444
840,582,1422
279,369,648
238,256,494
1007,334,1341
338,400,738
28,554,582
260,485,745
166,393,559
894,467,1361
891,987,1878
243,309,552
689,668,1357
305,665,970
58,996,1054
159,691,850
772,1088,1860
335,250,585
324,529,853
847,1142,1989
313,635,948
286,840,1126
121,487,608
503,657,1160
93,519,612
60,1239,1299
466,971,1437
109,659,768
142,658,800
600,2283,2883
494,1043,1537
361,1013,1374
349,1101,1450
158,1199,1357
413,1151,1564
874,1414,2288
477,379,856
370,1135,1505
245,1026,1271
707,2125,2832
432,639,1071
241,1106,1347
474,1258,1732
668,1263,1931
1134,1884,3018
597,525,1122
343,953,1296
192,1276,1468
91,975,1066
898,860,1758
987,391,1378
1041,379,1420
846,1131,1977
141,1355,1496
301,537,838
606,1419,2025
424,1368,1792
1284,820,2104
378,1169,1547
496,321,817
918,364,1282
916,674,1590
442,1132,1574
1008,1198,2206
534,1128,1662
1717,544,2261
1030,352,1382
1118,980,2098
457,341,798
712,494,1206
1276,365,1641
817,1038,1855
747,396,1143
130,1002,1132
959,551,1510
768,1021,1789
991,748,1739
1037,826,1863
220,670,890
1086,848,1934
1675,671,2346
94,381,475
163,2336,2499
570,537,1107
972,685,1657
644,515,1159
1074,862,1936
497,535,1032
1240,822,2062
748,927,1675
1038,832,1870
574,2059,2633
24,433,457
1034,905,1939
918,567,1485
68,621,689
1118,695,1813
108,483,591
130,567,697
1324,1302,2626
166,720,886
265,693,958
165,582,747
344,567,911
702,707,1409
216,683,899
1022,1141,2163
485,650,1135
424,577,1001
248,943,1191
731,1198,1929
481,878,1359
588,682,1270
503,767,1270
982,474,1456
263,1228,1491
360,449,809
899,551,1450
412,860,1272
540,985,1525
623,550,1173
629,785,1414
922,488,1410
703,387,1090
337,548,885
599,2028,2627
512,1107,1619
718,559,1277
298,651,949
597,553,1150
505,1022,1527
1205,272,1477
366,535,901
677,872,1549
184,865,1049
440,305,745
512,489,1001
451,542,993
277,804,1081
2062,1342,3404
593,837,1430
535,248,783
1165,443,1608
817,304,1121
640,586,1226
755,665,1420
587,754,1341
1981,1553,3534
602,842,1444
630,436,1066
382,975,1357
917,493,1410
883,291,1174
640,588,1228
1194,372,1566
221,750,971
167,559,726
875,866,1741
808,478,1286
776,664,1440
763,715,1478
189,562,751
1944,1640,3584
68,855,923
201,611,812
787,824,1611
964,966,1930
222,671,893
416,477,893
738,951,1689
299,513,812
1175,940,2115
297,652,949
1030,649,1679
299,481,780
1450,825,2275
570,535,1105
318,770,1088
436,539,975
793,629,1422
236,1372,1608
379,1228,1607
415,947,1362
434,350,784
1191,134,1325
482,798,1280
1563,740,2303
595,581,1176
566,991,1557
68,585,653
788,792,1580
349,310,659
169,722,891
378,305,683
54,737,791
893,716,1609
1181,157,1338
176,764,940
662,776,1438
221,3779,4000
321,1586,1907
1012,480,1492
632,458,1090
344,3828,4172
519,1231,1750
370,1291,1661
512,3715,4227
154,576,730
578,1478,2056
636,457,1093
831,307,1138
611,1656,2267
575,1230,1805
3817,347,4164
768,173,941
623,1404,2027
370,1679,2049
1151,165,1316
820,1967,2787
1525,542,2067
184,322,506
66,368,434
797,823,1620
626,1628,2254
3510,548,4058
465,1898,2363
1093,654,1747
268,282,550
487,319,806
1183,514,1697
123,1708,1831
3661,602,4263
1270,675,1945
1489,985,2474
253,323,576
1115,684,1799
1439,725,2164
138,384,522
1490,560,2050
144,783,927
1600,569,2169
559,429,988
335,648,983
720,2157,2877
812,373,1185
189,898,1087
397,555,952
1550,672,2222
665,451,1116
1075,776,1851
190,637,827
230,413,643
310,247,557
254,957,1211
440,646,1086
573,411,984
1890,462,2352
473,755,1228
308,773,1081
245,435,680
615,2404,3019
181,607,788
261,579,840
141,601,742
629,843,1472
744,515,1259
607,280,887
217,567,784
438,610,1048
249,563,812
303,678,981
462,949,1411
1013,332,1345
89,2707,2796
534,3581,4115
554,1737,2291
625,346,971
365,689,1054
342,613,955
535,728,1263
585,1719,2304
340,139,479
593,572,1165
591,659,1250
504,586,1090
379,794,1173
880,717,1597
656,535,1191
673,488,1161
304,3882,4186
391,620,1011
785,1009,1794
653,495,1148
610,683,1293
503,572,1075
387,4028,4415
778,457,1235
782,590,1372
1159,427,1586
583,525,1108
906,218,1124
868,223,1091
795,638,1433
835,570,1405
1545,379,1924
3576,914,4490
906,702,1608
811,366,1177
909,187,1096
753,411,1164
852,216,1068
511,483,994
719,335,1054
3494,786,4280
744,867,1611
686,419,1105
1620,691,2311
747,484,1231
460,702,1162
965,815,1780
220,253,473
636,553,1189
652,475,1127
792,348,1140
695,531,1226
238,641,879
4033,314,4347
301,396,697
614,468,1082
545,544,1089
693,491,1184
299,631,930
422,574,996
577,363,940
538,1012,1550
1969,2858,4827
361,661,1022
202,585,787
1234,689,1923
1070,494,1564
2245,2701,4946
582,459,1041
454,400,854
403,759,1162
288,628,916
2869,2134,5003
431,480,911
841,764,1605
731,515,1246
517,583,1100
429,561,990
461,845,1306
571,725,1296
544,447,991
397,933,1330
594,423,1017
194,555,749
366,2547,2913
504,770,1274
235,746,981
341,661,1002
1118,1665,2783
154,725,879
563,2541,3104
321,635,956
423,653,1076
986,681,1667
663,2491,3154
486,505,991
272,610,882
2635,522,3157
527,482,1009
516,529,1045
525,549,1074
651,473,1124
539,726,1265
551,582,1133
706,400,1106
2249,584,2833
501,559,1060
670,286,956
620,652,1272
622,470,1092
913,395,1308
778,291,1069
476,225,701
401,682,1083
227,468,695
871,255,1126
804,314,1118
495,285,780
335,440,775
521,278,799
778,866,1644
773,2507,3280
643,269,912
1747,803,2550
702,260,962
648,650,1298
307,1800,2107
2868,708,3576
483,1707,2190
2764,743,3507
2445,817,3262
1079,1252,2331
882,765,1647
864,805,1669
810,826,1636
32,776,808
920,1199,2119
120,822,942
104,823,927
873,896,1769
34,747,781
1506,365,1871
144,959,1103
370,514,884
49,1097,1146
681,1230,1911
61,890,951
522,597,1119
954,1022,1976
200,542,742
478,173,651
88,967,1055
698,733,1431
164,1119,1283
466,390,856
733,1336,2069
446,318,764
734,1404,2138
27,1097,1124
96,243,339
113,876,989
457,600,1057
138,1138,1276
502,396,898
76,826,902
721,1437,2158
229,1333,1562
131,1379,1510
139,317,456
569,1266,1835
931,309,1240
229,288,517
473,974,1447
608,480,1088
1100,702,1802
289,711,1000
51,1310,1361
626,851,1477
37,308,345
464,977,1441
987,586,1573
241,1247,1488
42,376,418
732,974,1706
939,612,1551
595,463,1058
1218,386,1604
865,776,1641
698,1075,1773
95,380,475
68,626,694
431,423,854
248,444,692
1080,660,1740
76,638,714
326,844,1170
535,1597,2132
936,839,1775
28,764,792
129,426,555
249,406,655
1166,1067,2233
444,388,832
625,1129,1754
400,400,800
376,357,733
24,754,778
357,649,1006
991,1067,2058
811,469,1280
1032,1122,2154
441,520,961
311,441,752
230,870,1100
753,432,1185
835,686,1521
1505,963,2468
196,354,550
1390,1201,2591
1140,261,1401
857,633,1490
483,797,1280
536,1002,1538
656,1218,1874
236,693,929
870,969,1839
165,552,717
83,399,482
113,678,791
443,1394,1837
892,843,1735
783,895,1678
645,1963,2608
255,669,924
820,1035,1855
359,467,826
834,1326,2160
140,832,972
608,629,1237
322,564,886
321,771,1092
130,493,623
467,520,987
780,1124,1904
89,855,944
582,597,1179
169,903,1072
808,402,1210
514,431,945
856,1270,2126
207,682,889
153,1169,1322
706,396,1102
801,706,1507
461,482,943
1816,673,2489
827,481,1308
619,783,1402
154,1012,1166
504,822,1326
1067,664,1731
730,657,1387
894,843,1737
759,782,1541
257,860,1117
203,1425,1628
886,644,1530
1242,476,1718
583,483,1066
1025,700,1725
869,687,1556
435,198,633
633,689,1322
562,768,1330
810,794,1604
506,1259,1765
160,495,655
655,817,1472
758,566,1324
1048,770,1818
693,791,1484
706,610,1316
558,1432,1990
538,297,835
129,766,895
381,743,1124
467,446,913
576,361,937
663,339,1002
692,1020,1712
492,418,910
1435,835,2270
611,465,1076
83,1171,1254
275,894,1169
594,573,1167
582,525,1107
144,1133,1277
533,601,1134
599,707,1306
1397,554,1951
679,550,1229
89,1169,1258
699,604,1303
717,537,1254
119,653,772
126,1249,1375
731,830,1561
494,828,1322
367,765,1132
273,770,1043
825,673,1498
572,596,1168
470,658,1128
1549,585,2134
372,598,970
811,547,1358
474,485,959
585,522,1107
1123,544,1667
560,440,1000
290,933,1223
537,701,1238
339,719,1058
467,918,1385
491,1257,1748
497,603,1100
190,1698,1888
1208,626,1834
602,1606,2208
701,437,1138
691,322,1013
493,794,1287
614,1615,2229
486,1058,1544
654,797,1451
678,788,1466
1137,983,2120
591,716,1307
445,811,1256
570,563,1133
628,532,1160
683,565,1248
472,1322,1794
555,913,1468
594,940,1534
303,588,891
1281,968,2249
271,658,929
616,946,1562
296,690,986
311,636,947
218,789,1007
348,797,1145
1500,427,1927
344,863,1207
511,564,1075
462,729,1191
1171,946,2117
345,730,1075
670,652,1322
857,683,1540
829,871,1700
218,748,966
1353,663,2016
333,787,1120
374,657,1031
642,792,1434
966,945,1911
470,1079,1549
673,402,1075
744,814,1558
746,877,1623
270,891,1161
586,591,1177
339,655,994
647,873,1520
1247,832,2079
393,323,716
418,896,1314
447,871,1318
503,860,1363
420,474,894
456,533,989
606,710,1316
505,981,1486
333,442,775
414,978,1392
368,674,1042
267,401,668
334,880,1214
386,919,1305
539,467,1006
388,1018,1406
698,800,1498
233,965,1198
667,980,1647
761,407,1168
262,242,504
519,1664,2183
1049,499,1548
1013,536,1549
681,639,1320
218,426,644
633,1147,1780
687,711,1398
801,1526,2327
578,731,1309
600,495,1095
234,1013,1247
456,772,1228
734,623,1357
700,1334,2034
812,602,1414
641,737,1378
658,720,1378
359,1075,1434
798,641,1439
298,576,874
695,640,1335
209,1387,1596
269,619,888
755,869,1624
613,356,969
244,799,1043
601,356,957
266,690,956
533,637,1170
817,239,1056
408,431,839
827,348,1175
826,329,1155
782,235,1017
573,340,913
460,455,915
872,365,1237
869,309,1178
144,367,511
811,323,1134
174,384,558
684,400,1084
197,403,600
630,326,956
745,405,1150
282,365,647
243,299,542
387,259,646
224,360,584
166,452,618
565,179,744
607,268,875
946,1211,2157
268,419,687
918,1297,2215
1230,756,1986
929,1360,2289
394,501,895
1282,780,2062
319,564,883
561,338,899
188,165,353
359,779,1138
641,378,1019
168,365,533
1287,923,2210
1095,1207,2302
252,499,751
1142,1087,2229
161,380,541
1638,1296,2934
207,497,704
572,640,1212
256,334,590
1274,444,1718
211,412,623
342,548,890
1613,652,2265
231,307,538
490,624,1114
2221,1032,3253
205,501,706
1854,1102,2956
1248,696,1944
490,512,1002
170,995,1165
453,411,864
1281,999,2280
318,395,713
404,753,1157
2063,1197,3260
163,963,1126
1290,1076,2366
190,640,830
411,690,1101
380,465,845
462,556,1018
246,453,699
619,524,1143
1268,1110,2378
361,768,1129
457,837,1294
176,951,1127
293,774,1067
431,613,1044
368,901,1269
341,420,761
637,599,1236
873,628,1501
839,386,1225
413,528,941
779,369,1148
401,739,1140
1217,398,1615
538,699,1237
417,659,1076
922,491,1413
1045,391,1436
342,369,711
575,451,1026
747,460,1207
1058,283,1341
480,337,817
791,1006,1797
584,240,824
657,608,1265
1313,1364,2677
360,760,1120
57,563,620
175,532,707
248,497,745
330,487,817
122,443,565
1344,866,2210
373,1088,1461
342,243,585
329,1079,1408
1229,773,2002
268,770,1038
879,645,1524
1006,897,1903
611,691,1302
991,610,1601
323,765,1088
513,625,1138
250,583,833
521,686,1207
367,834,1201
706,544,1250
991,656,1647
709,602,1311
357,612,969
549,317,866
429,296,725
174,840,1014
765,245,1010
400,344,744
270,273,543
474,360,834
185,834,1019
899,1479,2378
427,379,806
591,215,806
826,1465,2291
136,373,509
1065,3070,4135
522,474,996
464,1676,2140
750,1431,2181
587,436,1023
693,1549,2242
175,440,615
530,330,860
768,2523,3291
661,468,1129
589,1675,2264
138,367,505
718,1407,2125
190,432,622
766,562,1328
831,1481,2312
239,866,1105
1146,2245,3391
322,460,782
318,1377,1695
282,646,928
2075,1403,3478
108,648,756
422,1374,1796
370,362,732
77,736,813
2204,565,2769
899,1570,2469
538,728,1266
150,532,682
191,601,792
1980,396,2376
1234,678,1912
88,359,447
296,616,912
1220,557,1777
386,1619,2005
55,860,915
211,632,843
345,522,867
1379,287,1666
314,726,1040
1239,669,1908
678,379,1057
1282,704,1986
516,473,989
1467,332,1799
432,851,1283
234,888,1122
355,694,1049
129,418,547
1352,886,2238
215,325,540
605,577,1182
1313,1006,2319
88,603,691
564,946,1510
642,548,1190
519,760,1279
686,507,1193
412,905,1317
250,446,696
423,311,734
234,613,847
189,676,865
965,731,1696
430,450,880
633,1112,1745
291,1047,1338
550,913,1463
274,470,744
205,613,818
252,621,873
286,730,1016
282,686,968
524,665,1189
491,615,1106
283,680,963
559,590,1149
699,1044,1743
1350,793,2143
580,738,1318
438,363,801
729,954,1683
1386,1890,3276
753,640,1393
578,506,1084
290,781,1071
649,703,1352
657,574,1231
502,487,989
527,624,1151
311,1233,1544
1192,1708,2900
435,815,1250
777,726,1503
560,878,1438
383,713,1096
932,609,1541
167,500,667
648,587,1235
723,1785,2508
832,895,1727
632,583,1215
201,611,812
534,1045,1579
339,657,996
126,748,874
554,563,1117
186,626,812
588,1114,1702
1403,584,1987
926,933,1859
307,729,1036
850,909,1759
424,597,1021
96,973,1069
1154,852,2006
283,716,999
440,536,976
727,1166,1893
385,950,1335
483,822,1305
218,793,1011
442,860,1302
760,664,1424
680,654,1334
565,840,1405
527,629,1156
1539,566,2105
444,852,1296
339,994,1333
319,795,1114
972,453,1425
780,405,1185
671,1213,1884
524,631,1155
676,461,1137
1575,939,2514
730,616,1346
691,957,1648
516,891,1407
443,954,1397
829,337,1166
828,1002,1830
625,1344,1969
843,359,1202
1067,885,1952
475,482,957
450,1329,1779
645,528,1173
646,549,1195
935,979,1914
515,1015,1530
1119,957,2076
555,896,1451
984,670,1654
479,580,1059
555,1099,1654
759,1069,1828
680,417,1097
1081,705,1786
939,745,1684
445,587,1032
1329,648,1977
770,859,1629
777,709,1486
625,360,985
841,658,1499
924,263,1187
450,562,1012
750,675,1425
760,753,1513
887,481,1368
423,270,693
592,1035,1627
59,585,644
998,399,1397
898,420,1318
932,678,1610
440,456,896
516,220,736
872,1032,1904
1214,515,1729
217,560,777
788,163,951
549,389,938
210,346,556
571,147,718
41,840,881
773,1217,1990
273,291,564
830,222,1052
265,767,1032
898,229,1127
849,539,1388
1108,707,1815
597,832,1429
656,799,1455
867,784,1651
1173,465,1638
662,1006,1668
763,710,1473
319,505,824
661,1214,1875
1391,811,2202
750,1501,2251
309,298,607
249,528,777
547,513,1060
607,1219,1826
842,882,1724
302,804,1106
292,693,985
483,767,1250
236,917,1153
162,1817,1979
323,595,918
956,322,1278
297,541,838
158,568,726
346,885,1231
343,815,1158
293,853,1146
676,614,1290
304,972,1276
1171,906,2077
312,717,1029
349,1005,1354
990,306,1296
348,560,908
523,645,1168
467,685,1152
315,1048,1363
904,570,1474
763,652,1415
1339,886,2225
250,835,1085
479,1007,1486
791,355,1146
419,624,1043
574,693,1267
245,569,814
661,588,1249
748,722,1470
489,975,1464
1181,678,1859
711,631,1342
349,787,1136
791,881,1672
1055,564,1619
622,530,1152
830,689,1519
559,1015,1574
841,715,1556
943,750,1693
1096,613,1709
565,538,1103
745,365,1110
948,402,1350
380,530,910
1034,815,1849
361,600,961
383,502,885
901,530,1431
204,623,827
407,694,1101
588,339,927
946,1115,2061
386,688,1074
594,847,1441
541,1354,1895
871,577,1448
352,591,943
490,584,1074
673,1130,1803
676,1140,1816
220,280,500
945,741,1686
400,670,1070
961,908,1869
162,912,1074
517,544,1061
480,673,1153
590,748,1338
964,947,1911
349,1069,1418
535,924,1459
604,957,1561
854,1504,2358
552,705,1257
215,1076,1291
202,615,817
604,1138,1742
358,700,1058
1066,564,1630
438,565,1003
903,592,1495
615,1133,1748
696,782,1478
521,986,1507
475,604,1079
213,805,1018
491,624,1115
350,695,1045
958,645,1603
510,668,1178
207,460,667
471,642,1113
802,345,1147
567,651,1218
769,346,1115
1368,288,1656
705,434,1139
619,920,1539
714,482,1196
480,704,1184
159,540,699
276,357,633
1004,1051,2055
377,401,778
938,348,1286
57,753,810
1001,403,1404
376,385,761
600,156,756
404,388,792
871,1039,1910
89,754,843
545,416,961
679,186,865
620,430,1050
915,230,1145
606,495,1101
106,213,319
706,380,1086
852,953,1805
700,804,1504
165,461,626
956,398,1354
818,828,1646
725,1116,1841
151,466,617
295,360,655
162,298,460
746,772,1518
441,336,777
177,593,770
854,831,1685
1526,352,1878
664,2192,2856
587,1196,1783
338,421,759
190,639,829
249,413,662
544,1822,2366
662,1032,1694
222,687,909
396,527,923
215,653,868
248,405,653
1104,529,1633
1024,1425,2449
83,810,893
363,496,859
1693,557,2250
161,980,1141
110,662,772
602,558,1160
306,847,1153
867,334,1201
269,937,1206
986,260,1246
846,895,1741
1790,482,2272
477,910,1387
1180,747,1927
905,841,1746
578,852,1430
252,885,1137
128,1081,1209
366,1140,1506
641,859,1500
307,1160,1467
71,631,702
100,1399,1499
624,152,776
183,1755,1938
375,1138,1513
546,1071,1617
545,956,1501
1001,809,1810
79,721,800
686,1040,1726
196,1685,1881
588,1042,1630
211,1909,2120
659,238,897
723,268,991
107,805,912
720,1284,2004
205,800,1005
271,1958,2229
718,229,947
721,263,984
624,373,997
95,893,988
623,1105,1728
808,1056,1864
521,555,1076
1656,420,2076
705,343,1048
826,249,1075
363,696,1059
730,449,1179
652,1400,2052
149,971,1120
564,866,1430
1757,622,2379
987,421,1408
877,593,1470
1645,479,2124
1070,591,1661
949,840,1789
1001,555,1556
727,457,1184
1064,479,1543
1963,611,2574
130,476,606
59,543,602
63,705,768
1022,476,1498
79,697,776
190,423,613
114,583,697
109,559,668
180,574,754
1736,193,1929
149,594,743
340,346,686
161,609,770
211,539,750
75,700,775
144,767,911
87,310,397
323,550,873
515,274,789
355,529,884
630,251,881
41,920,961
513,577,1090
647,382,1029
293,694,987
153,554,707
156,1014,1170
506,461,967
469,416,885
237,303,540
683,502,1185
503,368,871
563,634,1197
271,1045,1316
554,443,997
432,468,900
548,640,1188
315,573,888
813,435,1248
314,388,702
699,547,1246
820,472,1292
446,624,1070
231,574,805
542,641,1183
474,548,1022
608,770,1378
290,455,745
185,500,685
336,1302,1638
449,556,1005
360,650,1010
218,828,1046
66,700,766
274,1178,1452
561,538,1099
240,570,810
227,2675,2902
538,1449,1987
398,518,916
339,465,804
623,621,1244
327,659,986
525,597,1122
487,588,1075
312,719,1031
904,2228,3132
906,856,1762
496,599,1095
321,592,913
495,658,1153
491,643,1134
465,743,1208
630,578,1208
380,646,1026
1227,2054,3281
1115,796,1911
655,538,1193
115,650,765
711,590,1301
651,622,1273
547,609,1156
285,553,838
291,573,864
2014,593,2607
431,547,978
1312,432,1744
245,638,883
389,539,928
799,2807,3606
397,547,944
461,549,1010
282,2675,2957
554,607,1161
521,510,1031
593,428,1021
599,388,987
406,678,1084
1057,384,1441
515,593,1108
863,324,1187
226,672,898
318,577,895
426,542,968
262,297,559
653,449,1102
431,246,677
543,1017,1560
282,303,585
527,1001,1528
634,953,1587
2119,542,2661
803,553,1356
478,931,1409
500,274,774
772,669,1441
396,967,1363
1936,1102,3038
179,337,516
224,588,812
252,566,818
299,231,530
556,424,980
804,656,1460
760,795,1555
349,337,686
237,607,844
205,875,1080
533,309,842
298,597,895
684,235,919
715,526,1241
668,298,966
296,785,1081
102,240,342
494,2453,2947
589,582,1171
470,675,1145
613,524,1137
496,3664,4160
607,882,1489
692,596,1288
588,351,939
2485,1436,3921
666,969,1635
252,979,1231
574,1588,2162
933,408,1341
716,706,1422
58,306,364
696,836,1532
581,530,1111
2480,1413,3893
64,677,741
64,588,652
793,902,1695
98,722,820
3576,462,4038
126,589,715
619,1005,1624
92,905,997
308,613,921
101,312,413
1342,465,1807
65,587,652
721,958,1679
108,831,939
327,458,785
604,1074,1678
67,680,747
590,423,1013
387,1007,1394
1344,465,1809
309,738,1047
877,1232,2109
171,871,1042
735,573,1308
81,1702,1783
592,866,1458
224,1056,1280
728,580,1308
167,1031,1198
378,944,1322
577,370,947
833,502,1335
527,1940,2467
521,885,1406
846,430,1276
397,546,943
760,717,1477
564,931,1495
418,1145,1563
371,838,1209
667,534,1201
1415,1288,2703
367,541,908
948,734,1682
1568,1308,2876
239,941,1180
593,985,1578
592,876,1468
1566,508,2074
429,975,1404
643,1041,1684
503,1117,1620
749,593,1342
1030,469,1499
480,1238,1718
464,421,885
346,459,805
992,702,1694
375,728,1103
422,1140,1562
753,825,1578
987,702,1689
88,1132,1220
918,993,1911
513,716,1229
443,836,1279
820,679,1499
651,574,1225
649,748,1397
701,654,1355
361,925,1286
534,857,1391
131,1236,1367
309,753,1062
316,891,1207
550,937,1487
874,752,1626
850,592,1442
1219,341,1560
766,904,1670
1022,633,1655
390,691,1081
526,467,993
560,667,1227
1020,1013,2033
504,588,1092
783,472,1255
930,641,1571
626,655,1281
526,1564,2090
516,939,1455
733,684,1417
660,499,1159
693,1308,2001
572,822,1394
813,599,1412
1167,573,1740
899,919,1818
780,619,1399
498,689,1187
968,414,1382
825,541,1366
487,822,1309
820,579,1399
827,722,1549
781,569,1350
629,683,1312
701,308,1009
444,682,1126
443,598,1041
895,1169,2064
1622,196,1818
819,270,1089
441,895,1336
596,570,1166
1276,623,1899
481,682,1163
523,458,981
471,686,1157
1057,1496,2553
267,812,1079
887,571,1458
768,361,1129
751,555,1306
683,472,1155
544,791,1335
586,721,1307
515,588,1103
713,1600,2313
358,1983,2341
1171,315,1486
479,790,1269
704,604,1308
141,479,620
486,902,1388
594,714,1308
201,619,820
853,708,1561
218,2212,2430
667,1613,2280
153,669,822
660,828,1488
437,877,1314
538,833,1371
239,509,748
412,440,852
95,1047,1142
758,1793,2551
725,1494,2219
174,855,1029
124,966,1090
222,594,816
660,1092,1752
369,605,974
206,956,1162
414,680,1094
1910,730,2640
499,674,1173
1016,1379,2395
459,591,1050
400,941,1341
444,714,1158
662,570,1232
300,892,1192
735,488,1223
2146,762,2908
421,796,1217
972,1334,2306
526,723,1249
575,864,1439
654,1020,1674
798,636,1434
802,400,1202
733,905,1638
1661,799,2460
584,655,1239
1025,794,1819
982,1079,2061
346,941,1287
1108,694,1802
985,816,1801
32,421,453
1294,945,2239
797,718,1515
905,1042,1947
1345,2236,3581
799,926,1725
1237,1149,2386
972,1113,2085
876,1264,2140
1228,1074,2302
280,706,986
625,1302,1927
140,842,982
716,1042,1758
824,832,1656
1632,1985,3617
947,988,1935
389,731,1120
318,758,1076
629,2092,2721
531,801,1332
622,1176,1798
648,1307,1955
662,1248,1910
461,901,1362
225,891,1116
342,1003,1345
578,648,1226
697,592,1289
2206,491,2697
251,1186,1437
423,1041,1464
343,980,1323
1084,356,1440
940,455,1395
1836,578,2414
632,428,1060
621,867,1488
501,583,1084
1050,367,1417
1287,196,1483
1238,293,1531
2092,279,2371
821,239,1060
1037,256,1293
1493,214,1707
687,1057,1744
1114,311,1425
1590,293,1883
1376,508,1884
853,324,1177
1311,298,1609
993,475,1468
264,207,471
1226,416,1642
1232,339,1571
981,375,1356
611,1097,1708
1315,273,1588
981,716,1697
270,310,580
183,421,604
308,429,737
211,504,715
1267,546,1813
301,472,773
912,851,1763
347,390,737
290,441,731
358,452,810
270,579,849
454,498,952
391,480,871
68,989,1057
467,420,887
361,512,873
353,606,959
922,1189,2111
404,640,1044
202,788,990
461,681,1142
101,1453,1554
692,587,1279
445,951,1396
869,672,1541
905,218,1123
373,712,1085
716,259,975
923,278,1201
809,647,1456
943,653,1596
913,244,1157
808,718,1526
1049,174,1223
397,785,1182
220,682,902
415,359,774
572,174,746
1063,265,1328
1112,208,1320
435,517,952
489,1239,1728
1157,736,1893
1009,832,1841
676,4121,4797
611,1108,1719
594,625,1219
754,287,1041
285,417,702
629,1140,1769
867,469,1336
782,551,1333
701,4083,4784
278,1058,1336
479,702,1181
320,409,729
396,867,1263
412,1086,1498
867,606,1473
853,648,1501
613,591,1204
425,1118,1543
364,504,868
364,746,1110
937,4084,5021
1051,785,1836
769,941,1710
879,953,1832
1172,809,1981
1044,822,1866
606,711,1317
419,685,1104
3884,1030,4914
664,585,1249
965,770,1735
675,707,1382
499,730,1229
1199,509,1708
645,703,1348
448,730,1178
731,604,1335
594,891,1485
518,1069,1587
871,444,1315
674,899,1573
625,641,1266
155,520,675
916,896,1812
307,513,820
772,1753,2525
909,599,1508
321,627,948
1064,804,1868
312,632,944
814,582,1396
4152,861,5013
418,547,965
954,2669,3623
342,510,852
810,1792,2602
444,602,1046
507,466,973
259,830,1089
611,393,1004
605,620,1225
530,640,1170
415,833,1248
786,2172,2958
457,594,1051
763,1974,2737
150,1002,1152
3819,1263,5082
636,567,1203
186,1227,1413
424,513,937
528,757,1285
443,1042,1485
884,2203,3087
521,459,980
1652,671,2323
392,585,977
932,589,1521
490,709,1199
409,712,1121
275,617,892
551,642,1193
963,1172,2135
593,635,1228
488,573,1061
612,1284,1896
314,679,993
1754,821,2575
561,766,1327
1126,803,1929
1124,261,1385
213,1202,1415
504,783,1287
1143,541,1684
505,650,1155
428,597,1025
762,566,1328
1150,216,1366
1954,739,2693
601,648,1249
400,1235,1635
496,802,1298
995,482,1477
438,729,1167
2587,1189,3776
515,588,1103
594,846,1440
451,190,641
615,818,1433
684,515,1199
2046,1330,3376
721,576,1297
647,808,1455
820,713,1533
546,1227,1773
445,804,1249
1166,929,2095
589,360,949
513,585,1098
650,630,1280
64,558,622
284,803,1087
590,653,1243
400,297,697
387,616,1003
507,759,1266
316,1023,1339
476,231,707
1210,733,1943
88,561,649
567,792,1359
65,650,715
2218,1158,3376
619,762,1381
432,598,1030
289,615,904
485,279,764
496,1225,1721
813,795,1608
302,540,842
761,561,1322
111,1285,1396
696,1521,2217
119,896,1015
416,1371,1787
563,1397,1960
454,255,709
569,1146,1715
285,937,1222
545,578,1123
465,604,1069
484,487,971
937,1029,1966
428,818,1246
572,776,1348
818,733,1551
58,417,475
951,1257,2208
278,1085,1363
580,748,1328
422,1595,2017
727,1116,1843
433,672,1105
552,642,1194
448,934,1382
634,634,1268
105,655,760
202,817,1019
970,688,1658
594,902,1496
844,1594,2438
1123,1042,2165
299,684,983
1459,664,2123
475,952,1427
1308,1192,2500
752,893,1645
971,809,1780
594,474,1068
268,861,1129
155,836,991
563,587,1150
671,895,1566
1010,855,1865
682,673,1355
1203,827,2030
835,873,1708
772,698,1470
554,620,1174
481,813,1294
444,859,1303
511,1035,1546
888,547,1435
785,730,1515
1102,609,1711
558,568,1126
829,452,1281
665,618,1283
466,825,1291
488,552,1040
1394,690,2084
1082,969,2051
1038,1092,2130
467,913,1380
689,619,1308
514,373,887
404,730,1134
710,597,1307
681,774,1455
757,742,1499
1483,940,2423
538,1040,1578
738,709,1447
755,796,1551
1036,492,1528
447,674,1121
943,1036,1979
746,727,1473
502,426,928
754,995,1749
631,568,1199
345,897,1242
282,514,796
182,435,617
969,985,1954
190,640,830
733,1089,1822
320,847,1167
498,832,1330
936,1144,2080
296,734,1030
787,688,1475
610,394,1004
209,796,1005
638,1263,1901
545,653,1198
359,958,1317
874,986,1860
667,610,1277
581,794,1375
335,1002,1337
887,874,1761
451,687,1138
388,578,966
271,658,929
699,854,1553
165,887,1052
895,699,1594
402,1158,1560
1044,653,1697
934,1232,2166
589,736,1325
495,707,1202
606,655,1261
497,659,1156
670,511,1181
869,387,1256
615,741,1356
715,1143,1858
852,441,1293
823,767,1590
269,799,1068
578,520,1098
1102,585,1687
469,675,1144
725,640,1365
690,552,1242
681,498,1179
909,1370,2279
564,798,1362
387,2010,2397
880,291,1171
813,581,1394
678,1762,2440
672,818,1490
603,312,915
633,532,1165
394,1748,2142
931,1487,2418
265,491,756
623,1052,1675
118,449,567
611,1061,1672
788,457,1245
249,903,1152
678,688,1366
608,1080,1688
1010,1236,2246
326,471,797
1122,1121,2243
139,678,817
611,1131,1742
84,830,914
436,893,1329
860,900,1760
409,1031,1440
428,708,1136
291,519,810
959,1173,2132
156,784,940
949,993,1942
85,934,1019
1010,1352,2362
972,760,1732
1911,901,2812
1034,1184,2218
608,925,1533
589,702,1291
258,1191,1449
792,847,1639
407,1123,1530
714,849,1563
354,902,1256
1517,1265,2782
638,733,1371
918,672,1590
1685,1038,2723
785,791,1576
1057,345,1402
506,948,1454
506,822,1328
640,853,1493
472,346,818
553,626,1179
270,1079,1349
409,1056,1465
769,1087,1856
691,988,1679
1022,726,1748
597,764,1361
1459,1239,2698
458,341,799
432,495,927
1060,830,1890
395,599,994
908,1245,2153
756,815,1571
433,1663,2096
184,1510,1694
371,1220,1591
198,440,638
520,472,992
824,672,1496
589,427,1016
832,938,1770
382,642,1024
493,512,1005
1054,757,1811
596,1141,1737
286,510,796
633,767,1400
844,1461,2305
667,527,1194
1031,738,1769
139,2675,2814
820,593,1413
1185,820,2005
1040,723,1763
141,742,883
341,571,912
278,662,940
991,937,1928
958,484,1442
539,740,1279
801,1744,2545
1530,624,2154
626,2194,2820
354,666,1020
356,673,1029
569,551,1120
1030,871,1901
673,470,1143
467,687,1154
1515,1027,2542
451,793,1244
232,501,733
532,730,1262
273,576,849
765,702,1467
1087,892,1979
928,2188,3116
549,687,1236
1326,919,2245
1346,2099,3445
383,683,1066
149,556,705
171,816,987
1574,867,2441
634,919,1553
688,737,1425
241,892,1133
430,401,831
773,928,1701
2341,678,3019
483,831,1314
346,1496,1842
515,628,1143
529,665,1194
452,811,1263
506,656,1162
400,705,1105
392,941,1333
477,801,1278
178,669,847
625,753,1378
656,819,1475
612,804,1416
784,735,1519
744,486,1230
460,540,1000
555,884,1439
633,723,1356
374,668,1042
522,588,1110
1916,909,2825
625,598,1223
589,711,1300
777,488,1265
719,884,1603
400,1474,1874
334,734,1068
413,820,1233
507,514,1021
571,729,1300
1955,886,2841
439,627,1066
206,1210,1416
718,409,1127
713,750,1463
449,1980,2429
788,465,1253
446,810,1256
749,571,1320
637,1015,1652
472,605,1077
302,1762,2064
548,553,1101
507,701,1208
635,900,1535
569,426,995
713,541,1254
714,718,1432
758,630,1388
605,453,1058
511,1743,2254
639,688,1327
360,724,1084
1186,1057,2243
303,590,893
634,262,896
943,585,1528
815,348,1163
507,455,962
851,1221,2072
820,748,1568
342,664,1006
853,559,1412
724,262,986
340,912,1252
574,1400,1974
651,844,1495
439,873,1312
600,360,960
684,806,1490
1647,735,2382
550,751,1301
602,468,1070
734,363,1097
1272,1311,2583
803,1151,1954
615,774,1389
777,715,1492
619,481,1100
617,836,1453
1707,659,2366
752,698,1450
663,810,1473
491,537,1028
1823,1305,3128
602,1302,1904
915,598,1513
413,565,978
599,664,1263
869,689,1558
363,689,1052
678,803,1481
792,655,1447
278,705,983
1013,1123,2136
610,1463,2073
687,691,1378
445,719,1164
1230,760,1990
743,782,1525
456,587,1043
780,691,1471
811,554,1365
771,722,1493
1138,744,1882
693,863,1556
706,535,1241
458,897,1355
632,987,1619
1246,791,2037
605,558,1163
672,765,1437
402,810,1212
595,941,1536
1322,1048,2370
647,438,1085
479,977,1456
1382,561,1943
649,488,1137
791,501,1292
394,591,985
555,916,1471
754,754,1508
604,922,1526
757,712,1469
903,526,1429
750,717,1467
467,475,942
545,907,1452
1262,974,2236
599,419,1018
498,1148,1646
1115,1158,2273
639,765,1404
648,798,1446
809,393,1202
696,781,1477
770,392,1162
427,692,1119
425,629,1054
1076,982,2058
647,865,1512
845,659,1504
620,690,1310
599,677,1276
1087,478,1565
677,666,1343
442,1132,1574
576,365,941
644,910,1554
914,666,1580
924,1197,2121
492,609,1101
1057,403,1460
629,573,1202
821,1229,2050
451,634,1085
462,743,1205
390,1243,1633
937,905,1842
844,706,1550
882,640,1522
1058,720,1778
191,601,792
832,966,1798
739,904,1643
1114,922,2036
309,887,1196
515,1308,1823
1085,510,1595
952,657,1609
371,776,1147
617,489,1106
543,725,1268
247,818,1065
758,1191,1949
570,737,1307
804,927,1731
316,1445,1761
1011,465,1476
593,637,1230
535,966,1501
614,657,1271
639,773,1412
279,801,1080
894,552,1446
541,995,1536
770,939,1709
1201,739,1940
885,512,1397
648,808,1456
796,1066,1862
464,721,1185
519,799,1318
619,520,1139
576,454,1030
886,764,1650
1192,744,1936
562,630,1192
612,939,1551
826,1107,1933
705,812,1517
560,735,1295
673,793,1466
549,576,1125
1039,648,1687
1604,625,2229
570,443,1013
583,911,1494
1211,902,2113
867,560,1427
1025,326,1351
550,713,1263
389,1545,1934
946,742,1688
850,588,1438
959,548,1507
845,1366,2211
763,548,1311
600,666,1266
1196,906,2102
658,1249,1907
903,596,1499
778,948,1726
575,640,1215
1026,839,1865
661,537,1198
857,1148,2005
945,1412,2357
618,316,934
737,411,1148
672,1233,1905
1120,1151,2271
1015,754,1769
985,951,1936
346,630,976
936,641,1577
786,1070,1856
557,462,1019
393,616,1009
861,1184,2045
495,588,1083
1331,409,1740
515,1019,1534
745,512,1257
1035,375,1410
618,886,1504
705,883,1588
758,483,1241
1076,400,1476
1353,301,1654
697,334,1031
918,423,1341
790,747,1537
900,694,1594
506,712,1218
495,673,1168
1471,545,2016
1359,288,1647
877,352,1229
813,364,1177
632,675,1307
1053,539,1592
858,428,1286
736,503,1239
1172,884,2056
213,294,507
174,376,550
162,369,531
963,459,1422
847,523,1370
160,408,568
221,426,647
65,460,525
202,421,623
311,308,619
1970,220,2190
198,465,663
577,162,739
363,270,633
334,282,616
577,357,934
338,165,503
347,330,677
1291,476,1767
481,241,722
581,360,941
649,1172,1821
282,476,758
678,364,1042
661,412,1073
903,1065,1968
463,430,893
770,399,1169
271,1041,1312
225,256,481
237,205,442
687,413,1100
250,268,518
249,302,551
730,690,1420
304,393,697
294,341,635
334,267,601
211,473,684
325,375,700
153,324,477
106,217,323
253,454,707
219,325,544
149,224,373
348,485,833
347,205,552
273,165,438
220,386,606
396,170,566
234,351,585
729,1264,1993
1066,1026,2092
371,567,938
669,1599,2268
888,802,1690
344,581,925
398,1262,1660
898,1553,2451
415,596,1011
326,1058,1384
738,1089,1827
995,840,1835
348,1021,1369
814,1052,1866
1284,603,1887
792,617,1409
1100,644,1744
308,441,749
391,1113,1504
914,1955,2869
332,1087,1419
779,880,1659
377,1056,1433
948,1276,2224
233,590,823
1021,1358,2379
1096,1200,2296
348,556,904
263,845,1108
182,776,958
1175,1437,2612
589,250,839
1054,1499,2553
837,1349,2186
96,700,796
339,809,1148
240,810,1050
1206,1449,2655
133,826,959
856,476,1332
310,1264,1574
472,554,1026
80,527,607
547,409,956
937,622,1559
1015,1213,2228
82,1006,1088
928,519,1447
363,656,1019
173,595,768
1144,2050,3194
1032,473,1505
167,463,630
222,1037,1259
138,954,1092
116,1003,1119
352,1379,1731
192,1206,1398
416,364,780
533,580,1113
309,536,845
365,1140,1505
187,446,633
1738,1844,3582
392,684,1076
241,652,893
1123,858,1981
164,635,799
187,1029,1216
349,972,1321
227,450,677
339,517,856
229,1133,1362
620,729,1349
186,1161,1347
657,236,893
319,1080,1399
194,1058,1252
432,926,1358
601,250,851
916,1045,1961
905,571,1476
374,1322,1696
305,800,1105
1047,2043,3090
842,867,1709
959,474,1433
940,872,1812
1164,2599,3763
354,250,604
954,645,1599
712,443,1155
307,574,881
1034,1924,2958
800,652,1452
705,539,1244
748,1186,1934
1003,3123,4126
472,225,697
717,456,1173
584,798,1382
343,989,1332
1656,1372,3028
1078,1653,2731
113,1239,1352
887,1300,2187
101,433,534
485,1467,1952
413,989,1402
108,615,723
763,1228,1991
453,841,1294
825,1008,1833
749,796,1545
1527,1579,3106
871,947,1818
900,736,1636
152,614,766
1022,1021,2043
468,991,1459
79,486,565
931,570,1501
518,1008,1526
1632,973,2605
1204,580,1784
1179,512,1691
446,484,930
1201,405,1606
171,1063,1234
1442,2597,4039
1068,1198,2266
390,604,994
308,974,1282
726,873,1599
735,592,1327
436,910,1346
590,942,1532
790,605,1395
1009,970,1979
2214,1923,4137
542,1518,2060
429,611,1040
446,725,1171
748,634,1382
427,705,1132
825,721,1546
794,762,1556
1300,1000,2300
2846,1516,4362
649,899,1548
360,917,1277
572,1045,1617
521,955,1476
154,1136,1290
297,473,770
511,1024,1535
738,442,1180
447,642,1089
1733,1533,3266
897,475,1372
909,932,1841
834,850,1684
2010,752,2762
945,1381,2326
446,1668,2114
1278,746,2024
309,789,1098
554,694,1248
839,1597,2436
621,802,1423
376,647,1023
1016,1466,2482
324,891,1215
1431,503,1934
667,848,1515
833,880,1713
722,745,1467
268,663,931
802,1459,2261
875,614,1489
936,758,1694
1546,1165,2711
345,1263,1608
380,504,884
156,810,966
308,1221,1529
218,816,1034
500,1207,1707
1520,811,2331
330,774,1104
802,1009,1811
1270,1273,2543
586,1220,1806
455,655,1110
1325,843,2168
806,886,1692
95,790,885
709,1241,1950
1336,732,2068
619,710,1329
282,821,1103
438,1023,1461
178,1398,1576
290,914,1204
1009,517,1526
511,1019,1530
813,1126,1939
328,771,1099
1294,840,2134
422,794,1216
608,588,1196
203,1065,1268
933,707,1640
1144,605,1749
524,793,1317
1020,753,1773
757,835,1592
709,937,1646
748,841,1589
550,876,1426
549,1401,1950
1092,926,2018
1013,1065,2078
686,761,1447
719,639,1358
541,777,1318
798,893,1691
704,814,1518
562,828,1390
962,517,1479
785,1168,1953
530,1262,1792
908,767,1675
824,617,1441
155,708,863
899,533,1432
727,753,1480
1088,952,2040
961,716,1677
960,1165,2125
857,1285,2142
243,646,889
236,696,932
390,520,910
356,647,1003
344,645,989
1337,960,2297
320,746,1066
1146,906,2052
762,1150,1912
346,656,1002
532,593,1125
365,669,1034
546,638,1184
605,538,1143
714,459,1173
454,797,1251
607,729,1336
1086,901,1987
959,742,1701
30,573,603
897,883,1780
787,406,1193
630,698,1328
517,476,993
368,743,1111
754,782,1536
996,808,1804
694,709,1403
91,1107,1198
624,642,1266
577,756,1333
762,555,1317
168,1684,1852
490,912,1402
431,381,812
1054,918,1972
57,1896,1953
868,577,1445
896,439,1335
692,1324,2016
537,932,1469
154,769,923
788,775,1563
120,547,667
563,840,1403
768,729,1497
569,1147,1716
170,694,864
1464,620,2084
805,1035,1840
927,766,1693
1758,516,2274
158,1061,1219
276,641,917
629,1219,1848
123,1008,1131
371,848,1219
234,779,1013
308,1008,1316
715,506,1221
127,774,901
352,889,1241
323,813,1136
1042,1046,2088
538,746,1284
235,985,1220
396,892,1288
875,345,1220
227,1104,1331
441,847,1288
644,1029,1673
510,452,962
741,1187,1928
372,1155,1527
808,612,1420
127,925,1052
684,516,1200
532,1100,1632
801,533,1334
988,772,1760
461,410,871
45,1840,1885
822,752,1574
872,646,1518
307,723,1030
261,527,788
712,513,1225
519,1066,1585
595,882,1477
921,547,1468
372,1438,1810
672,1281,1953
897,427,1324
655,487,1142
531,765,1296
651,628,1279
431,1081,1512
658,1315,1973
679,886,1565
503,1641,2144
904,1269,2173
913,567,1480
736,1586,2322
763,850,1613
969,235,1204
355,1252,1607
769,1028,1797
409,895,1304
497,649,1146
1528,877,2405
752,623,1375
1146,874,2020
466,1047,1513
225,456,681
986,896,1882
723,1154,1877
875,604,1479
665,820,1485
1066,959,2025
49,804,853
1668,549,2217
821,771,1592
483,371,854
1483,463,1946
1371,709,2080
327,656,983
55,984,1039
1139,790,1929
492,545,1037
948,851,1799
402,674,1076
228,477,705
745,564,1309
370,984,1354
498,825,1323
426,943,1369
561,802,1363
544,821,1365
1275,1028,2303
768,628,1396
334,657,991
840,898,1738
759,794,1553
277,823,1100
972,555,1527
890,662,1552
1103,454,1557
1005,760,1765
620,820,1440
303,644,947
413,933,1346
520,860,1380
430,911,1341
1085,526,1611
181,651,832
575,595,1170
768,315,1083
234,747,981
679,671,1350
701,375,1076
1087,491,1578
736,372,1108
907,1487,2394
697,492,1189
771,1094,1865
413,382,795
2739,1271,4010
948,1109,2057
233,583,816
865,705,1570
499,1698,2197
184,1886,2070
252,1817,2069
1000,1479,2479
752,308,1060
1113,780,1893
317,503,820
897,719,1616
173,1838,2011
577,330,907
754,1510,2264
518,1859,2377
719,730,1449
674,1153,1827
1224,1216,2440
240,1696,1936
360,472,832
807,747,1554
616,1836,2452
339,2031,2370
728,1818,2546
750,1459,2209
749,1800,2549
140,507,647
665,1915,2580
504,1625,2129
568,1563,2131
98,330,428
1381,609,1990
1406,795,2201
409,473,882
1509,647,2156
203,830,1033
1235,639,1874
1641,524,2165
218,750,968
590,1261,1851
148,575,723
1420,919,2339
827,470,1297
693,1828,2521
125,987,1112
1694,299,1993
223,394,617
655,960,1615
1716,519,2235
146,542,688
1569,856,2425
1432,746,2178
2253,377,2630
867,2063,2930
1289,833,2122
978,860,1838
1071,657,1728
181,512,693
408,1180,1588
183,753,936
334,377,711
148,809,957
1098,1857,2955
1164,1008,2172
209,399,608
151,632,783
207,1053,1260
648,1169,1817
202,769,971
313,519,832
948,1253,2201
203,756,959
1673,1495,3168
579,882,1461
286,858,1144
393,666,1059
180,1066,1246
456,482,938
593,675,1268
737,423,1160
1311,508,1819
609,804,1413
1962,991,2953
777,644,1421
805,515,1320
376,882,1258
760,646,1406
497,1143,1640
407,891,1298
327,323,650
1278,1672,2950
665,654,1319
818,967,1785
1070,474,1544
140,651,791
664,784,1448
862,691,1553
420,624,1044
535,1059,1594
457,391,848
731,1136,1867
354,649,1003
1116,820,1936
936,825,1761
128,851,979
267,824,1091
52,1311,1363
525,630,1155
29,1572,1601
433,914,1347
475,707,1182
592,755,1347
513,927,1440
989,758,1747
334,975,1309
625,809,1434
485,893,1378
342,778,1120
45,2137,2182
683,909,1592
752,461,1213
636,668,1304
767,887,1654
328,1040,1368
562,947,1509
842,715,1557
692,865,1557
600,935,1535
1384,992,2376
714,774,1488
176,583,759
82,656,738
822,752,1574
560,968,1528
864,800,1664
1075,713,1788
1136,580,1716
695,838,1533
1442,1092,2534
384,558,942
398,654,1052
339,516,855
95,681,776
659,1038,1697
299,703,1002
164,832,996
183,700,883
230,851,1081
2048,651,2699
629,437,1066
585,468,1053
650,327,977
386,571,957
587,598,1185
520,529,1049
354,753,1107
385,721,1106
453,746,1199
801,527,1328
641,633,1274
516,552,1068
829,504,1333
793,525,1318
900,588,1488
738,680,1418
1028,391,1419
462,893,1355
768,768,1536
947,714,1661
1100,511,1611
1000,327,1327
775,560,1335
865,728,1593
1278,412,1690
378,491,869
342,290,632
107,802,909
1041,649,1690
916,558,1474
773,171,944
842,637,1479
854,506,1360
245,615,860
286,632,918
416,470,886
80,226,306
322,471,793
250,767,1017
414,668,1082
266,187,453
56,1056,1112
490,620,1110
346,770,1116
1063,982,2045
624,437,1061
476,648,1124
374,815,1189
816,285,1101
378,245,623
555,732,1287
493,804,1297
693,668,1361
479,387,866
239,581,820
275,510,785
593,676,1269
606,263,869
329,560,889
479,894,1373
721,213,934
174,1178,1352
227,362,589
364,524,888
333,664,997
424,188,612
574,363,937
593,450,1043
405,215,620
230,1349,1579
427,359,786
830,190,1020
530,407,937
736,477,1213
542,160,702
1146,619,1765
590,397,987
696,363,1059
769,315,1084
144,157,301
859,450,1309
500,409,909
485,312,797
554,288,842
481,378,859
502,324,826
188,246,434
256,201,457
148,317,465
279,227,506
300,162,462
339,156,495
288,214,502
359,171,530
859,854,1713
220,392,612
373,237,610
1605,183,1788
334,353,687
465,1403,1868
1098,244,1342
574,251,825
545,1462,2007
380,409,789
1267,458,1725
838,224,1062
346,172,518
1589,548,2137
385,553,938
1312,518,1830
169,216,385
378,221,599
1274,457,1731
94,611,705
1365,569,1934
252,445,697
553,2456,3009
514,662,1176
655,689,1344
180,244,424
223,656,879
1498,508,2006
237,449,686
2796,393,3189
331,722,1053
226,833,1059
196,531,727
436,600,1036
315,612,927
543,286,829
2101,501,2602
698,524,1222
474,375,849
841,320,1161
560,430,990
299,282,581
417,705,1122
333,1022,1355
28,863,891
289,645,934
283,761,1044
1478,869,2347
2142,758,2900
198,877,1075
631,485,1116
658,459,1117
1043,709,1752
81,1241,1322
624,604,1228
598,642,1240
376,971,1347
108,1475,1583
104,764,868
500,1041,1541
163,651,814
586,970,1556
532,902,1434
65,761,826
730,868,1598
39,779,818
114,688,802
343,675,1018
176,708,884
701,988,1689
544,1211,1755
56,868,924
299,1068,1367
599,760,1359
47,973,1020
543,1356,1899
254,727,981
1112,636,1748
313,560,873
468,800,1268
461,608,1069
305,713,1018
501,1361,1862
783,522,1305
254,847,1101
592,794,1386
296,868,1164
464,1000,1464
613,734,1347
887,342,1229
717,714,1431
564,807,1371
573,943,1516
718,352,1070
1476,720,2196
901,689,1590
743,915,1658
119,582,701
627,885,1512
641,828,1469
317,1342,1659
784,2327,3111
852,638,1490
507,1553,2060
1130,698,1828
843,841,1684
825,658,1483
144,581,725
657,721,1378
319,564,883
575,1077,1652
414,2598,3012
101,666,767
987,1076,2063
108,849,957
636,1027,1663
266,716,982
226,677,903
337,768,1105
476,528,1004
643,1166,1809
557,2634,3191
707,1006,1713
1229,895,2124
279,847,1126
112,1184,1296
622,467,1089
483,673,1156
491,859,1350
466,1171,1637
190,1271,1461
1832,1052,2884
230,1065,1295
830,659,1489
546,808,1354
510,1159,1669
378,1115,1493
856,872,1728
562,719,1281
424,900,1324
485,896,1381
550,783,1333
741,747,1488
745,566,1311
1256,253,1509
656,308,964
2125,1379,3504
222,306,528
2237,1255,3492
384,1952,2336
270,264,534
277,1600,1877
797,1300,2097
406,960,1366
878,1456,2334
799,1181,1980
490,1397,1887
1047,1226,2273
646,1343,1989
595,1552,2147
686,1311,1997
662,1310,1972
252,323,575
906,1030,1936
632,1114,1746
908,1048,1956
43,1308,1351
228,1129,1357
588,818,1406
577,794,1371
970,442,1412
918,1661,2579
959,1313,2272
552,1419,1971
765,275,1040
819,1476,2295
974,682,1656
1067,1146,2213
208,761,969
1323,345,1668
524,1246,1770
727,245,972
1133,241,1374
783,245,1028
922,254,1176
684,257,941
304,286,590
202,293,495
203,287,490
1800,835,2635
1370,883,2253
474,235,709
203,479,682
1446,568,2014
36,242,278
2095,391,2486
387,1394,1781
262,1282,1544
419,360,779
946,609,1555
25,247,272
1345,1074,2419
1712,446,2158
1438,1334,2772
2099,1338,3437
846,959,1805
1338,1397,2735
38,521,559
668,722,1390
60,421,481
1369,1037,2406
1301,171,1472
1636,818,2454
2187,858,3045
899,1159,2058
1948,1034,2982
20,683,703
285,627,912
94,582,676
99,908,1007
257,911,1168
529,2099,2628
1712,975,2687
1238,1026,2264
1605,1175,2780
1415,1104,2519
111,312,423
1413,943,2356
128,892,1020
488,621,1109
552,634,1186
1157,1169,2326
1380,782,2162
375,896,1271
926,1478,2404
421,788,1209
1155,1117,2272
1071,1214,2285
530,853,1383
527,710,1237
1243,1227,2470
1242,906,2148
696,988,1684
288,491,779
461,914,1375
687,1061,1748
702,647,1349
713,1028,1741
205,715,920
412,911,1323
575,771,1346
855,877,1732
519,1026,1545
602,813,1415
359,777,1136
96,885,981
953,476,1429
305,330,635
461,1191,1652
350,798,1148
865,1034,1899
100,1043,1143
252,991,1243
681,1087,1768
292,1048,1340
341,689,1030
954,893,1847
394,803,1197
613,546,1159
989,892,1881
616,885,1501
220,1242,1462
617,725,1342
846,1724,2570
423,1155,1578
452,921,1373
739,615,1354
688,884,1572
530,644,1174
952,565,1517
313,713,1026
705,792,1497
37,1028,1065
378,692,1070
576,1050,1626
289,1021,1310
508,602,1110
1176,1154,2330
310,886,1196
944,698,1642
934,714,1648
371,1165,1536
646,824,1470
560,861,1421
913,1080,1993
823,1074,1897
681,1222,1903
508,725,1233
945,1277,2222
330,1227,1557
608,1612,2220
1005,459,1464
705,593,1298
1129,910,2039
513,496,1009
343,709,1052
652,833,1485
876,942,1818
678,1098,1776
790,772,1562
925,1570,2495
666,1009,1675
298,648,946
237,701,938
920,1157,2077
557,602,1159
901,928,1829
285,879,1164
1024,802,1826
803,1211,2014
387,470,857
623,1180,1803
479,1455,1934
413,737,1150
563,608,1171
598,706,1304
299,904,1203
1218,684,1902
1217,940,2157
402,957,1359
566,904,1470
828,1371,2199
471,883,1354
777,597,1374
578,847,1425
555,667,1222
156,974,1130
591,845,1436
1466,830,2296
802,601,1403
364,1333,1697
739,845,1584
353,964,1317
293,477,770
801,747,1548
157,1562,1719
423,1294,1717
1088,638,1726
700,619,1319
826,1283,2109
1022,1033,2055
882,732,1614
339,830,1169
447,807,1254
788,842,1630
901,838,1739
794,929,1723
527,801,1328
879,1228,2107
1339,856,2195
581,855,1436
830,702,1532
1492,818,2310
1152,1207,2359
902,695,1597
899,698,1597
1076,436,1512
780,567,1347
314,578,892
639,845,1484
502,930,1432
513,999,1512
1100,788,1888
545,1138,1683
766,1156,1922
105,786,891
1156,477,1633
132,922,1054
444,524,968
782,714,1496
1157,928,2085
549,648,1197
441,810,1251
775,1235,2010
308,874,1182
816,581,1397
331,817,1148
651,865,1516
689,1107,1796
57,1324,1381
70,538,608
202,1468,1670
300,1182,1482
399,975,1374
456,917,1373
945,1215,2160
659,799,1458
509,986,1495
104,511,615
192,1051,1243
977,745,1722
54,928,982
876,754,1630
633,411,1044
648,991,1639
529,1405,1934
461,1151,1612
381,483,864
373,1406,1779
488,526,1014
1205,675,1880
272,796,1068
19,1071,1090
345,792,1137
614,1367,1981
181,669,850
431,581,1012
684,1242,1926
451,625,1076
689,584,1273
501,695,1196
326,1014,1340
595,452,1047
1153,845,1998
214,871,1085
725,622,1347
398,610,1008
628,613,1241
44,1182,1226
599,613,1212
1001,523,1524
664,551,1215
409,309,718
662,956,1618
278,505,783
772,698,1470
549,614,1163
961,1818,2779
951,644,1595
971,436,1407
1135,673,1808
670,738,1408
676,832,1508
893,556,1449
384,841,1225
872,757,1629
713,529,1242
167,512,679
734,777,1511
203,1303,1506
293,631,924
677,678,1355
922,607,1529
1406,1427,2833
671,947,1618
52,707,759
152,757,909
131,531,662
436,415,851
1118,1198,2316
878,824,1702
186,776,962
1361,663,2024
811,1856,2667
694,1034,1728
174,757,931
146,769,915
403,603,1006
419,858,1277
118,988,1106
436,656,1092
412,684,1096
638,603,1241
351,683,1034
1196,1348,2544
395,816,1211
592,573,1165
1203,1196,2399
1269,1471,2740
1592,879,2471
418,805,1223
629,492,1121
788,465,1253
255,850,1105
423,846,1269
87,1123,1210
743,621,1364
157,1481,1638
806,842,1648
1335,1259,2594
636,907,1543
695,782,1477
373,791,1164
484,1129,1613
430,853,1283
612,1056,1668
547,468,1015
413,1425,1838
959,887,1846
1770,1039,2809
495,909,1404
585,795,1380
459,975,1434
455,1112,1567
717,725,1442
809,1038,1847
52,657,709
972,1041,2013
1345,691,2036
962,1111,2073
293,631,924
61,849,910
1060,569,1629
673,1128,1801
756,726,1482
669,1082,1751
692,948,1640
1358,835,2193
735,876,1611
397,1047,1444
390,598,988
312,829,1141
767,496,1263
931,988,1919
393,1012,1405
1286,151,1437
631,875,1506
1111,1209,2320
689,850,1539
857,570,1427
614,1023,1637
150,540,690
653,777,1430
432,252,684
511,1282,1793
33,741,774
1133,666,1799
748,1028,1776
643,123,766
178,631,809
767,1668,2435
1289,1556,2845
470,1532,2002
632,350,982
572,1557,2129
435,618,1053
831,1480,2311
637,1623,2260
683,637,1320
694,1474,2168
623,425,1048
466,675,1141
730,2009,2739
58,651,709
755,1562,2317
305,663,968
623,2117,2740
40,580,620
789,1572,2361
534,519,1053
1111,1105,2216
792,1401,2193
550,616,1166
788,1741,2529
847,1629,2476
469,401,870
440,1610,2050
111,1083,1194
446,1462,1908
402,616,1018
873,1128,2001
157,1684,1841
101,650,751
1063,1738,2801
241,1011,1252
1231,847,2078
865,1999,2864
45,1034,1079
616,1063,1679
1085,994,2079
596,419,1015
1814,1389,3203
903,1267,2170
346,751,1097
1161,951,2112
35,1096,1131
179,1157,1336
1156,1202,2358
1773,734,2507
841,1037,1878
1833,708,2541
363,639,1002
943,1224,2167
1424,1038,2462
1462,1130,2592
677,649,1326
1433,920,2353
1087,385,1472
705,539,1244
1409,1006,2415
1633,940,2573
691,1000,1691
1538,992,2530
343,523,866
124,776,900
380,675,1055
935,912,1847
515,1608,2123
982,1007,1989
852,1013,1865
856,1460,2316
1150,1440,2590
170,951,1121
1651,872,2523
1360,812,2172
156,846,1002
368,994,1362
1316,872,2188
421,1014,1435
728,736,1464
1249,1091,2340
1379,877,2256
1431,795,2226
987,1005,1992
403,794,1197
809,1509,2318
669,961,1630
790,886,1676
558,863,1421
1107,655,1762
1184,636,1820
1110,730,1840
756,1138,1894
711,637,1348
1770,1169,2939
361,1598,1959
551,1172,1723
251,693,944
149,688,837
226,609,835
235,674,909
936,960,1896
1523,1318,2841
816,1362,2178
836,909,1745
801,972,1773
322,651,973
374,624,998
239,793,1032
307,764,1071
1004,1952,2956
653,773,1426
1100,1255,2355
868,1432,2300
712,589,1301
473,1131,1604
758,825,1583
405,753,1158
433,748,1181
597,909,1506
850,668,1518
397,744,1141
1292,817,2109
652,903,1555
498,822,1320
725,1920,2645
445,769,1214
559,826,1385
447,799,1246
1021,541,1562
835,681,1516
533,791,1324
1059,767,1826
929,314,1243
447,920,1367
859,2056,2915
655,1062,1717
545,797,1342
611,817,1428
734,401,1135
788,941,1729
568,924,1492
1099,792,1891
977,252,1229
630,929,1559
854,1757,2611
879,950,1829
655,840,1495
1479,895,2374
232,599,831
543,855,1398
690,894,1584
658,672,1330
1105,346,1451
680,939,1619
587,1132,1719
529,825,1354
774,401,1175
501,867,1368
945,902,1847
194,1055,1249
346,949,1295
801,717,1518
1781,681,2462
312,872,1184
542,851,1393
690,683,1373
651,698,1349
587,876,1463
40,399,439
900,658,1558
1706,884,2590
92,409,501
663,785,1448
844,714,1558
810,811,1621
144,426,570
300,540,840
504,1417,1921
688,1011,1699
322,655,977
799,912,1711
594,924,1518
306,1624,1930
322,683,1005
998,1102,2100
279,352,631
373,535,908
929,1042,1971
846,898,1744
61,570,631
327,943,1270
594,1547,2141
496,994,1490
410,901,1311
78,1075,1153
513,518,1031
25,1047,1072
81,1282,1363
537,937,1474
102,590,692
357,1039,1396
922,1455,2377
702,1488,2190
370,706,1076
322,1077,1399
270,879,1149
404,789,1193
812,724,1536
741,904,1645
190,731,921
610,837,1447
908,833,1741
145,1588,1733
820,467,1287
936,627,1563
492,829,1321
1063,752,1815
503,1349,1852
620,809,1429
478,608,1086
875,738,1613
532,1159,1691
706,576,1282
304,904,1208
1282,550,1832
507,1174,1681
688,703,1391
276,713,989
742,649,1391
710,416,1126
605,703,1308
860,817,1677
847,539,1386
471,617,1088
542,1033,1575
612,763,1375
518,633,1151
723,491,1214
622,461,1083
1302,576,1878
1180,1058,2238
782,582,1364
589,415,1004
1315,514,1829
675,606,1281
628,632,1260
920,527,1447
810,244,1054
1673,800,2473
598,1015,1613
762,750,1512
1051,630,1681
854,1092,1946
809,489,1298
768,475,1243
971,911,1882
139,782,921
984,1733,2717
285,726,1011
828,758,1586
1619,1087,2706
208,384,592
171,769,940
159,999,1158
321,625,946
708,447,1155
553,658,1211
455,720,1175
1408,937,2345
1775,426,2201
1715,437,2152
1075,584,1659
974,1193,2167
268,1030,1298
450,665,1115
39,667,706
516,675,1191
345,1198,1543
737,768,1505
1823,629,2452
104,462,566
389,1160,1549
217,1204,1421
233,571,804
138,632,770
630,1084,1714
472,1112,1584
252,720,972
434,694,1128
268,1019,1287
417,766,1183
76,1021,1097
444,1179,1623
258,850,1108
300,493,793
817,702,1519
675,604,1279
295,831,1126
81,781,862
857,516,1373
578,674,1252
193,1183,1376
516,842,1358
401,640,1041
22,983,1005
800,666,1466
846,664,1510
328,827,1155
881,390,1271
625,1298,1923
598,670,1268
448,1135,1583
300,1011,1311
555,695,1250
437,1183,1620
994,682,1676
884,851,1735
559,801,1360
482,1371,1853
747,477,1224
616,596,1212
486,371,857
671,857,1528
474,697,1171
910,528,1438
534,1424,1958
282,844,1126
147,976,1123
739,1178,1917
868,924,1792
494,503,997
724,835,1559
488,752,1240
530,874,1404
527,1935,2462
564,624,1188
353,817,1170
1040,1141,2181
1174,726,1900
944,468,1412
1032,760,1792
296,1105,1401
889,978,1867
1100,1268,2368
989,326,1315
985,1105,2090
248,422,670
1259,842,2101
946,653,1599
892,712,1604
1015,924,1939
1282,1036,2318
853,1138,1991
213,745,958
189,916,1105
264,725,989
245,855,1100
446,625,1071
604,1054,1658
457,674,1131
1866,683,2549
1003,733,1736
451,648,1099
663,457,1120
589,555,1144
473,738,1211
898,1332,2230
579,731,1310
581,851,1432
319,1118,1437
609,710,1319
110,572,682
94,643,737
557,797,1354
517,1010,1527
865,600,1465
787,774,1561
481,1277,1758
351,603,954
604,1065,1669
433,405,838
312,1233,1545
302,595,897
576,425,1001
533,514,1047
610,1168,1778
120,672,792
1916,780,2696
342,864,1206
567,644,1211
464,622,1086
577,693,1270
668,795,1463
903,517,1420
864,340,1204
656,119,775
712,797,1509
1355,886,2241
1053,1252,2305
232,1197,1429
455,951,1406
330,1137,1467
544,1044,1588
774,955,1729
801,1161,1962
592,1065,1657
483,1591,2074
366,1555,1921
147,712,859
539,1494,2033
924,1174,2098
520,619,1139
861,1308,2169
92,1155,1247
870,1373,2243
682,1288,1970
560,746,1306
642,1360,2002
123,1290,1413
239,626,865
301,1180,1481
524,863,1387
900,1269,2169
840,763,1603
967,735,1702
246,1329,1575
725,770,1495
387,443,830
604,918,1522
757,751,1508
488,793,1281
1171,517,1688
1093,726,1819
407,593,1000
432,760,1192
461,691,1152
521,908,1429
414,723,1137
933,414,1347
826,771,1597
1270,691,1961
105,1042,1147
31,1049,1080
872,432,1304
352,947,1299
970,356,1326
438,952,1390
160,661,821
1272,664,1936
56,1322,1378
159,594,753
1120,497,1617
529,704,1233
733,883,1616
161,797,958
220,791,1011
691,1584,2275
34,240,274
872,782,1654
294,797,1091
289,683,972
363,757,1120
163,710,873
647,1078,1725
1039,401,1440
744,3135,3879
1185,511,1696
543,616,1159
313,942,1255
517,597,1114
208,877,1085
550,467,1017
113,686,799
722,3150,3872
284,415,699
595,592,1187
229,647,876
485,246,731
241,582,823
344,573,917
616,139,755
54,910,964
1235,2870,4105
454,1062,1516
78,655,733
469,152,621
410,384,794
22,148,170
469,337,806
519,311,830
225,151,376
222,139,361
2713,793,3506
536,894,1430
146,702,848
3368,423,3791
2842,660,3502
352,1390,1742
2993,469,3462
680,1025,1705
749,1122,1871
1097,525,1622
198,795,993
695,1166,1861
161,834,995
1293,743,2036
1154,992,2146
1227,676,1903
1139,673,1812
1241,885,2126
595,550,1145
1151,837,1988
261,890,1151
19,727,746
1292,1518,2810
1061,1045,2106
697,870,1567
1230,791,2021
918,593,1511
680,629,1309
592,962,1554
628,891,1519
90,185,275
1713,916,2629
188,870,1058
137,340,477
1253,1340,2593
1733,1097,2830
127,847,974
378,783,1161
669,1054,1723
43,784,827
221,670,891
395,1043,1438
188,347,535
737,1336,2073
1354,760,2114
605,292,897
329,803,1132
370,774,1144
79,325,404
474,1351,1825
573,592,1165
459,1009,1468
319,1308,1627
179,699,878
293,784,1077
874,967,1841
149,1098,1247
98,358,456
1032,823,1855
607,599,1206
293,1547,1840
160,528,688
322,503,825
635,1178,1813
227,508,735
708,990,1698
541,1146,1687
949,494,1443
432,918,1350
842,891,1733
610,1141,1751
588,472,1060
231,538,769
871,1037,1908
419,885,1304
634,1077,1711
331,495,826
502,1606,2108
738,858,1596
409,1434,1843
376,737,1113
400,397,797
728,1185,1913
640,1146,1786
671,541,1212
625,449,1074
402,1555,1957
577,727,1304
1053,905,1958
380,483,863
448,511,959
711,1227,1938
793,501,1294
834,503,1337
1594,406,2000
1441,593,2034
147,1213,1360
1249,305,1554
870,780,1650
424,658,1082
757,515,1272
886,612,1498
1081,447,1528
329,616,945
544,1047,1591
1157,231,1388
1039,961,2000
1089,859,1948
716,265,981
497,582,1079
548,550,1098
477,752,1229
448,720,1168
543,547,1090
1030,1089,2119
1289,686,1975
427,921,1348
154,291,445
603,941,1544
894,208,1102
723,576,1299
860,638,1498
1249,732,1981
1317,436,1753
65,748,813
152,504,656
683,1083,1766
616,933,1549
81,679,760
1299,789,2088
75,560,635
932,962,1894
52,740,792
134,642,776
96,681,777
696,1280,1976
301,576,877
1139,595,1734
622,920,1542
292,856,1148
534,1513,2047
380,551,931
158,777,935
312,525,837
654,597,1251
472,808,1280
701,728,1429
513,685,1198
684,1050,1734
875,469,1344
967,1262,2229
4485,637,5122
790,1340,2130
437,943,1380
527,660,1187
469,749,1218
717,547,1264
857,540,1397
118,377,495
65,1468,1533
121,1114,1235
756,1076,1832
699,1032,1731
632,749,1381
120,1617,1737
309,1450,1759
38,736,774
768,1144,1912
733,1341,2074
224,1264,1488
992,1040,2032
170,515,685
210,703,913
1092,719,1811
276,657,933
895,796,1691
889,1202,2091
561,1073,1634
1078,1049,2127
260,714,974
1475,747,2222
1376,603,1979
518,730,1248
491,654,1145
195,580,775
413,659,1072
503,677,1180
384,733,1117
558,715,1273
1105,213,1318
921,389,1310
886,453,1339
432,702,1134
271,1161,1432
554,906,1460
493,1751,2244
572,927,1499
864,685,1549
1131,469,1600
673,669,1342
937,677,1614
512,591,1103
679,484,1163
507,916,1423
785,1666,2451
512,694,1206
675,739,1414
903,847,1750
700,608,1308
635,547,1182
436,967,1403
234,428,662
657,590,1247
393,863,1256
253,1860,2113
272,1286,1558
626,581,1207
642,823,1465
1560,726,2286
446,1547,1993
1132,331,1463
256,624,880
867,1375,2242
830,703,1533
388,509,897
136,759,895
643,1500,2143
844,770,1614
1580,623,2203
1049,937,1986
650,366,1016
125,901,1026
724,483,1207
1037,883,1920
604,1278,1882
266,782,1048
577,647,1224
1778,494,2272
298,897,1195
229,437,666
316,1016,1332
472,341,813
1642,275,1917
1202,202,1404
627,813,1440
602,254,856
198,492,690
412,967,1379
455,482,937
407,964,1371
535,244,779
741,779,1520
1293,232,1525
288,515,803
324,203,527
246,644,890
658,252,910
697,906,1603
586,495,1081
898,337,1235
457,733,1190
775,424,1199
818,505,1323
1152,205,1357
960,474,1434
1122,245,1367
1742,330,2072
737,347,1084
962,541,1503
271,912,1183
269,478,747
970,605,1575
337,1049,1386
1018,632,1650
380,358,738
344,395,739
502,378,880
234,398,632
573,626,1199
320,420,740
60,762,822
1180,263,1443
850,682,1532
377,600,977
74,2154,2228
418,493,911
245,861,1106
638,1266,1904
407,661,1068
262,885,1147
693,759,1452
359,1133,1492
349,901,1250
1972,701,2673
411,893,1304
309,1171,1480
838,896,1734
59,646,705
519,1232,1751
695,965,1660
705,806,1511
611,1080,1691
2023,928,2951
379,1123,1502
693,690,1383
637,1542,2179
109,811,920
733,1092,1825
585,1201,1786
709,709,1418
201,929,1130
882,858,1740
2133,1211,3344
1200,730,1930
1412,164,1576
178,862,1040
214,1555,1769
546,1253,1799
1233,1006,2239
1352,297,1649
254,2735,2989
620,1237,1857
329,342,671
1074,1073,2147
594,1326,1920
373,552,925
1475,1211,2686
460,2602,3062
761,1302,2063
307,551,858
518,1552,2070
1305,903,2208
469,1691,2160
1201,624,1825
1122,1224,2346
654,2518,3172
1109,991,2100
267,545,812
885,1403,2288
1306,1120,2426
862,1441,2303
530,629,1159
252,879,1131
2651,374,3025
672,175,847
1124,1251,2375
1323,1027,2350
1088,161,1249
2220,402,2622
1024,291,1315
653,164,817
1225,305,1530
491,1140,1631
571,521,1092
811,424,1235
819,878,1697
979,449,1428
1011,249,1260
1337,568,1905
725,646,1371
3026,199,3225
182,422,604
909,464,1373
1384,732,2116
117,332,449
707,1019,1726
375,1101,1476
206,306,512
155,353,508
971,915,1886
927,746,1673
163,388,551
871,786,1657
233,336,569
192,390,582
144,542,686
247,477,724
540,336,876
131,758,889
429,529,958
751,918,1669
311,463,774
437,261,698
482,2204,2686
61,768,829
185,418,603
179,763,942
827,1223,2050
239,598,837
594,371,965
72,360,432
1354,1496,2850
327,832,1159
348,752,1100
608,674,1282
467,503,970
68,542,610
31,426,457
584,1631,2215
514,804,1318
706,536,1242
185,512,697
621,752,1373
134,576,710
211,1051,1262
1784,550,2334
247,558,805
955,511,1466
44,602,646
227,1095,1322
1462,343,1805
281,634,915
610,339,949
460,920,1380
2580,236,2816
207,741,948
1406,302,1708
1164,520,1684
577,564,1141
795,219,1014
584,264,848
944,211,1155
457,319,776
264,234,498
969,168,1137
802,197,999
553,718,1271
753,193,946
475,163,638
726,193,919
515,153,668
806,179,985
1232,210,1442
905,180,1085
913,149,1062
1061,194,1255
1047,132,1179
731,181,912
725,168,893
1103,140,1243
1483,190,1673
704,141,845
820,153,973
1146,167,1313
1196,219,1415
797,147,944
806,187,993
1056,173,1229
1096,152,1248
808,153,961
731,148,879
1206,169,1375
715,176,891
786,163,949
741,152,893
892,196,1088
774,178,952
809,191,1000
861,158,1019
729,157,886
754,157,911
717,144,861
783,135,918
831,166,997
747,169,916
737,187,924
746,193,939
877,199,1076
628,163,791
742,164,906
833,178,1011
830,151,981
721,153,874
727,185,912
766,165,931
818,187,1005
681,141,822
688,143,831
658,156,814
884,146,1030
678,161,839
739,195,934
885,143,1028
613,183,796
863,174,1037
718,214,932
831,223,1054
658,228,886
685,250,935
908,170,1078
906,233,1139
927,259,1186
818,182,1000
685,234,919
859,197,1056
688,292,980
760,318,1078
853,273,1126
645,153,798
648,214,862
693,258,951
873,357,1230
845,231,1076
816,494,1310
680,449,1129
778,373,1151
560,344,904
594,386,980
678,406,1084
704,458,1162
782,357,1139
815,559,1374
728,508,1236
563,454,1017
575,324,899
487,407,894
624,539,1163
552,536,1088
586,409,995
753,590,1343
353,472,825
308,340,648
221,435,656
210,575,785
463,704,1167
351,666,1017
506,869,1375
906,320,1226
283,869,1152
553,509,1062
82,465,547
33,578,611
60,531,591
456,794,1250
88,468,556
362,792,1154
430,439,869
336,644,980
358,689,1047
591,849,1440
78,477,555
799,661,1460
568,791,1359
652,632,1284
149,723,872
554,514,1068
283,736,1019
219,336,555
43,907,950
50,498,548
256,680,936
268,806,1074
453,627,1080
341,571,912
555,524,1079
534,1153,1687
207,1251,1458
71,1009,1080
167,777,944
543,439,982
481,713,1194
460,743,1203
347,710,1057
700,503,1203
61,1308,1369
248,1750,1998
165,693,858
269,1322,1591
39,596,635
522,822,1344
191,676,867
230,664,894
572,819,1391
352,800,1152
378,709,1087
505,669,1174
468,1138,1606
993,664,1657
549,374,923
269,938,1207
386,794,1180
377,697,1074
577,668,1245
305,867,1172
581,642,1223
267,721,988
430,922,1352
49,485,534
257,502,759
498,697,1195
454,1806,2260
638,1274,1912
467,777,1244
499,819,1318
598,776,1374
952,1245,2197
320,459,779
1139,702,1841
390,1171,1561
754,1719,2473
557,956,1513
1104,510,1614
412,628,1040
453,494,947
788,980,1768
963,515,1478
349,575,924
120,1040,1160
468,715,1183
469,884,1353
589,602,1191
322,918,1240
475,854,1329
820,308,1128
154,588,742
579,803,1382
673,673,1346
782,567,1349
1291,1308,2599
861,449,1310
356,617,973
259,752,1011
332,567,899
929,416,1345
837,547,1384
287,567,854
1533,1509,3042
172,777,949
533,474,1007
1595,974,2569
496,531,1027
696,431,1127
507,645,1152
1129,879,2008
431,696,1127
328,576,904
586,531,1117
402,568,970
261,1396,1657
698,685,1383
1424,466,1890
431,489,920
618,1500,2118
366,438,804
440,615,1055
597,1373,1970
332,764,1096
237,651,888
884,474,1358
1325,738,2063
554,720,1274
600,596,1196
413,580,993
387,768,1155
529,314,843
116,631,747
648,574,1222
1435,316,1751
547,521,1068
665,1159,1824
469,590,1059
369,692,1061
179,540,719
184,2317,2501
185,606,791
1117,396,1513
698,484,1182
725,1105,1830
251,622,873
251,620,871
181,628,809
373,2256,2629
304,593,897
462,439,901
515,428,943
484,1049,1533
397,581,978
428,564,992
130,688,818
537,2152,2689
520,460,980
127,514,641
391,496,887
1198,368,1566
526,387,913
698,421,1119
2536,165,2701
814,200,1014
775,327,1102
383,510,893
513,495,1008
976,531,1507
649,596,1245
401,661,1062
2367,444,2811
1179,476,1655
961,207,1168
901,229,1130
130,457,587
863,438,1301
168,360,528
681,564,1245
2265,546,2811
439,13083,13522
352,2211,2563
269,317,586
186,427,613
652,533,1185
796,834,1630
869,229,1098
882,12703,13585
179,977,1156
1460,12194,13654
307,838,1145
550,11988,12538
615,596,1211
576,632,1208
11708,407,12115
459,290,749
34,1319,1353
11822,349,12171
63,1405,1468
11864,358,12222
318,1131,1449
232,1206,1438
156,819,975
276,1275,1551
339,1167,1506
632,957,1589
187,830,1017
751,807,1558
445,3243,3688
556,937,1493
503,496,999
817,372,1189
569,3106,3675
455,456,911
318,1258,1576
67,1290,1357
288,1584,1872
159,1081,1240
180,962,1142
885,246,1131
340,690,1030
664,2492,3156
85,526,611
699,1117,1816
287,732,1019
315,1069,1384
263,514,777
108,1417,1525
2276,1035,3311
944,530,1474
897,627,1524
520,1595,2115
268,752,1020
146,1607,1753
64,1924,1988
2985,574,3559
886,408,1294
549,1565,2114
974,331,1305
59,374,433
213,1202,1415
912,686,1598
462,1537,1999
1898,808,2706
1281,490,1771
916,403,1319
1092,776,1868
142,356,498
47,375,422
118,1861,1979
1247,644,1891
1070,922,1992
925,853,1778
969,851,1820
113,795,908
763,748,1511
106,561,667
88,500,588
802,1388,2190
68,1008,1076
1598,652,2250
1313,970,2283
448,820,1268
135,1248,1383
1049,637,1686
203,552,755
120,618,738
1111,1255,2366
69,794,863
250,782,1032
61,1032,1093
759,661,1420
317,1170,1487
87,291,378
547,790,1337
1608,634,2242
1793,812,2605
375,814,1189
416,655,1071
82,1236,1318
655,842,1497
563,797,1360
665,765,1430
312,813,1125
405,932,1337
768,794,1562
1016,583,1599
385,529,914
587,712,1299
553,993,1546
184,478,662
1119,514,1633
465,837,1302
669,858,1527
677,756,1433
727,808,1535
540,688,1228
649,664,1313
771,588,1359
581,836,1417
707,715,1422
301,838,1139
618,774,1392
796,644,1440
625,409,1034
957,849,1806
630,480,1110
55,978,1033
988,1067,2055
685,380,1065
799,250,1049
269,820,1089
729,908,1637
1001,1171,2172
443,222,665
792,909,1701
315,242,557
168,748,916
264,624,888
977,806,1783
929,709,1638
471,166,637
640,909,1549
684,454,1138
571,537,1108
684,534,1218
1303,490,1793
64,399,463
669,520,1189
820,478,1298
697,583,1280
1010,1024,2034
267,1215,1482
876,718,1594
1096,664,1760
927,687,1614
155,633,788
748,769,1517
753,646,1399
602,830,1432
735,1229,1964
1034,702,1736
360,740,1100
1087,669,1756
701,889,1590
190,783,973
812,920,1732
864,973,1837
388,881,1269
1672,729,2401
896,852,1748
553,592,1145
1071,548,1619
1303,899,2202
243,880,1123
300,894,1194
463,1000,1463
338,887,1225
507,927,1434
1032,914,1946
263,626,889
320,596,916
1125,836,1961
471,781,1252
551,740,1291
749,657,1406
827,2552,3379
669,790,1459
314,627,941
138,1325,1463
278,914,1192
251,951,1202
488,802,1290
313,1108,1421
726,1005,1731
376,899,1275
2306,1171,3477
774,1007,1781
560,821,1381
439,962,1401
839,588,1427
462,1011,1473
701,994,1695
809,623,1432
365,947,1312
514,1134,1648
824,688,1512
107,928,1035
1176,533,1709
707,958,1665
616,1065,1681
2399,1299,3698
108,876,984
393,934,1327
876,1034,1910
64,857,921
179,874,1053
559,668,1227
714,1087,1801
234,1046,1280
549,1365,1914
3250,428,3678
479,983,1462
1866,492,2358
166,1253,1419
598,769,1367
172,409,581
728,792,1520
789,1558,2347
356,877,1233
935,636,1571
228,994,1222
268,489,757
611,995,1606
463,855,1318
683,731,1414
475,565,1040
328,1521,1849
122,1141,1263
999,818,1817
493,1191,1684
706,787,1493
592,191,783
867,978,1845
709,1118,1827
792,1167,1959
516,404,920
697,551,1248
687,1237,1924
128,957,1085
811,1044,1855
776,857,1633
431,801,1232
756,1287,2043
852,506,1358
449,403,852
1380,1070,2450
1086,333,1419
278,527,805
1009,898,1907
1375,893,2268
318,1028,1346
633,652,1285
271,723,994
409,1280,1689
715,963,1678
628,351,979
108,512,620
960,1038,1998
906,702,1608
688,1251,1939
792,657,1449
329,1043,1372
748,1858,2606
444,1232,1676
432,345,777
215,532,747
806,959,1765
862,916,1778
649,605,1254
290,957,1247
552,1715,2267
866,845,1711
38,468,506
74,747,821
743,866,1609
890,1038,1928
773,645,1418
316,733,1049
573,866,1439
834,751,1585
1060,765,1825
771,950,1721
589,838,1427
249,620,869
929,730,1659
1058,1364,2422
669,880,1549
412,516,928
822,763,1585
927,637,1564
175,955,1130
507,668,1175
650,401,1051
1080,1734,2814
1818,809,2627
1107,879,1986
170,1089,1259
815,464,1279
833,441,1274
737,520,1257
582,806,1388
160,462,622
834,1705,2539
1663,860,2523
609,823,1432
253,480,733
465,296,761
383,378,761
800,516,1316
644,769,1413
187,563,750
536,1768,2304
1068,897,1965
852,718,1570
457,544,1001
1105,1440,2545
632,575,1207
365,882,1247
687,649,1336
845,1679,2524
514,800,1314
699,687,1386
681,720,1401
625,555,1180
898,387,1285
1570,895,2465
691,661,1352
454,965,1419
762,630,1392
725,807,1532
811,521,1332
834,731,1565
801,771,1572
652,740,1392
173,549,722
1786,630,2416
798,704,1502
680,789,1469
811,1450,2261
254,584,838
144,713,857
865,889,1754
724,899,1623
705,918,1623
377,958,1335
1814,801,2615
153,863,1016
601,714,1315
343,1756,2099
452,683,1135
72,1070,1142
669,625,1294
602,751,1353
329,1116,1445
494,962,1456
431,895,1326
1424,920,2344
124,710,834
635,578,1213
895,305,1200
411,883,1294
1514,935,2449
238,1260,1498
136,546,682
352,394,746
564,898,1462
372,315,687
473,878,1351
583,751,1334
1126,610,1736
760,787,1547
511,887,1398
339,410,749
682,901,1583
571,160,731
592,1056,1648
362,539,901
529,663,1192
418,667,1085
532,1622,2154
154,527,681
606,1360,1966
496,470,966
627,276,903
895,896,1791
641,538,1179
934,748,1682
778,1274,2052
502,487,989
865,1396,2261
640,1001,1641
431,1094,1525
800,903,1703
263,1405,1668
530,1185,1715
741,1062,1803
1412,1012,2424
848,941,1789
691,1154,1845
484,1174,1658
591,1141,1732
93,1895,1988
723,809,1532
552,1413,1965
174,1035,1209
614,1041,1655
751,2313,3064
864,1046,1910
777,1205,1982
569,1111,1680
932,467,1399
961,1240,2201
1173,809,1982
523,1638,2161
390,843,1233
107,1215,1322
940,2173,3113
915,898,1813
623,1522,2145
105,1384,1489
950,480,1430
1083,1349,2432
1284,1023,2307
995,973,1968
726,702,1428
950,649,1599
1383,1264,2647
567,1210,1777
411,458,869
309,1267,1576
261,1367,1628
723,2073,2796
728,704,1432
169,457,626
162,1266,1428
749,1040,1789
2069,867,2936
958,896,1854
777,616,1393
1134,673,1807
923,834,1757
976,826,1802
767,1021,1788
2073,791,2864
126,1418,1544
912,952,1864
706,489,1195
1348,817,2165
585,1345,1930
1147,620,1767
677,798,1475
1580,818,2398
1161,1061,2222
795,704,1499
996,698,1694
1199,840,2039
923,1007,1930
893,657,1550
480,756,1236
777,539,1316
778,911,1689
806,553,1359
833,566,1399
813,538,1351
1151,988,2139
267,457,724
149,631,780
281,534,815
1268,790,2058
313,375,688
897,478,1375
461,312,773
752,920,1672
322,399,721
430,1458,1888
61,613,674
321,527,848
921,2302,3223
735,725,1460
816,483,1299
995,2102,3097
81,1061,1142
208,1383,1591
183,428,611
871,416,1287
512,588,1100
340,617,957
194,438,632
1396,1640,3036
557,729,1286
787,851,1638
466,1128,1594
209,1041,1250
206,542,748
779,749,1528
545,1256,1801
256,348,604
2037,507,2544
160,755,915
787,856,1643
1451,734,2185
38,1445,1483
209,807,1016
182,942,1124
720,1137,1857
251,606,857
146,1047,1193
345,1029,1374
552,493,1045
1450,695,2145
712,1412,2124
301,876,1177
154,1108,1262
467,1324,1791
413,867,1280
657,675,1332
915,488,1403
85,394,479
444,637,1081
619,836,1455
102,1173,1275
1040,459,1499
489,902,1391
1287,1120,2407
660,649,1309
866,622,1488
138,521,659
235,595,830
420,528,948
311,1381,1692
533,2257,2790
785,732,1517
587,1245,1832
1080,1210,2290
846,589,1435
771,2138,2909
978,727,1705
585,1263,1848
791,1163,1954
1324,1495,2819
539,707,1246
892,582,1474
185,2045,2230
890,974,1864
688,570,1258
806,937,1743
299,809,1108
314,437,751
1248,533,1781
600,542,1142
504,276,780
1343,138,1481
269,508,777
969,658,1627
687,245,932
780,271,1051
319,344,663
1175,583,1758
447,380,827
394,430,824
392,470,862
1200,702,1902
502,456,958
58,505,563
360,550,910
587,501,1088
167,546,713
49,509,558
155,632,787
949,1388,2337
782,1438,2220
1827,1447,3274
774,1567,2341
219,724,943
963,1526,2489
147,748,895
467,625,1092
1927,699,2626
962,205,1167
1168,965,2133
2743,839,3582
1526,1089,2615
383,812,1195
1444,776,2220
383,705,1088
451,769,1220
1457,831,2288
223,395,618
1200,1126,2326
2741,936,3677
1195,1248,2443
390,948,1338
1496,901,2397
553,729,1282
646,741,1387
1359,820,2179
270,752,1022
216,906,1122
157,651,808
1257,1068,2325
387,677,1064
1241,1117,2358
166,893,1059
148,918,1066
488,537,1025
830,2637,3467
690,941,1631
1261,1036,2297
1452,971,2423
415,920,1335
167,898,1065
529,1051,1580
217,785,1002
631,919,1550
331,893,1224
1239,1910,3149
468,994,1462
376,1158,1534
509,892,1401
363,1002,1365
455,931,1386
759,307,1066
500,850,1350
883,686,1569
563,957,1520
1291,2158,3449
583,1069,1652
530,1179,1709
768,884,1652
843,1022,1865
525,1273,1798
374,790,1164
716,1262,1978
509,872,1381
813,1218,2031
545,855,1400
859,1110,1969
813,794,1607
584,1083,1667
627,593,1220
555,1000,1555
479,1007,1486
340,946,1286
907,550,1457
665,695,1360
415,1117,1532
888,521,1409
268,1305,1573
741,1013,1754
479,659,1138
535,1055,1590
389,809,1198
926,695,1621
1288,302,1590
790,1023,1813
706,878,1584
553,1239,1792
1001,611,1612
515,658,1173
761,482,1243
51,994,1045
669,628,1297
761,593,1354
521,502,1023
151,1220,1371
716,798,1514
2465,972,3437
1163,879,2042
189,827,1016
661,719,1380
299,1215,1514
878,1136,2014
518,585,1103
637,450,1087
344,1219,1563
484,810,1294
1445,1983,3428
732,1095,1827
570,777,1347
871,965,1836
659,1135,1794
74,851,925
113,845,958
275,726,1001
758,1139,1897
353,692,1045
1635,1890,3525
547,1062,1609
520,749,1269
764,888,1652
895,1149,2044
262,729,991
291,884,1175
342,748,1090
876,915,1791
807,1098,1905
516,1788,2304
368,941,1309
1164,852,2016
1103,1381,2484
1192,762,1954
743,476,1219
576,794,1370
410,941,1351
744,531,1275
737,660,1397
726,536,1262
1070,590,1660
909,1340,2249
895,887,1782
892,712,1604
1002,791,1793
827,1042,1869
629,934,1563
634,743,1377
862,769,1631
856,1163,2019
1232,810,2042
1048,418,1466
837,877,1714
1220,836,2056
1096,460,1556
1048,512,1560
922,656,1578
1291,766,2057
1717,1642,3359
186,505,691
925,742,1667
1117,785,1902
1640,1371,3011
217,573,790
170,683,853
1284,705,1989
1028,602,1630
231,533,764
426,810,1236
185,1083,1268
385,549,934
1459,1102,2561
304,955,1259
273,789,1062
2031,735,2766
215,604,819
504,738,1242
230,1028,1258
1850,1285,3135
519,906,1425
399,746,1145
1570,947,2517
469,840,1309
733,638,1371
1716,723,2439
300,1120,1420
718,693,1411
372,1114,1486
368,587,955
848,719,1567
475,1115,1590
84,744,828
512,1372,1884
154,776,930
1196,708,1904
750,914,1664
831,1063,1894
71,981,1052
180,667,847
135,902,1037
134,705,839
998,549,1547
746,941,1687
127,925,1052
991,748,1739
111,1044,1155
292,1211,1503
217,1158,1375
325,624,949
327,868,1195
334,763,1097
444,962,1406
121,1065,1186
76,1185,1261
508,988,1496
390,1000,1390
416,936,1352
682,813,1495
606,886,1492
632,764,1396
790,754,1544
787,587,1374
819,1315,2134
528,976,1504
989,609,1598
812,453,1265
774,1186,1960
600,1174,1774
423,1592,2015
523,1334,1857
527,1269,1796
874,1342,2216
729,1352,2081
884,920,1804
601,1096,1697
587,469,1056
698,1220,1918
775,1151,1926
868,651,1519
873,335,1208
305,615,920
1276,430,1706
1270,448,1718
530,1611,2141
830,827,1657
351,1534,1885
1324,439,1763
877,1632,2509
297,526,823
837,515,1352
393,571,964
574,1496,2070
563,1117,1680
814,1329,2143
398,1791,2189
1067,269,1336
298,1189,1487
401,493,894
854,1679,2533
914,503,1417
456,908,1364
379,1458,1837
1336,384,1720
712,960,1672
1084,329,1413
1264,675,1939
640,368,1008
1014,226,1240
1114,325,1439
1649,334,1983
147,498,645
86,469,555
950,1935,2885
1361,670,2031
1430,340,1770
63,532,595
409,1788,2197
204,420,624
150,436,586
1602,267,1869
1342,781,2123
1394,904,2298
311,457,768
269,571,840
82,417,499
109,958,1067
1812,658,2470
549,304,853
583,345,928
126,477,603
89,1004,1093
199,257,456
1851,417,2268
1553,941,2494
114,339,453
95,1241,1336
147,380,527
1432,1752,3184
774,404,1178
196,328,524
81,1215,1296
1674,1069,2743
254,200,454
246,287,533
422,1027,1449
979,251,1230
450,872,1322
224,340,564
846,821,1667
784,718,1502
1179,347,1526
1329,143,1472
484,1032,1516
200,824,1024
154,881,1035
681,177,858
584,448,1032
1074,538,1612
258,798,1056
215,884,1099
217,184,401
627,540,1167
793,330,1123
762,378,1140
1059,191,1250
577,890,1467
295,156,451
660,623,1283
531,353,884
219,640,859
200,823,1023
611,957,1568
409,1244,1653
1509,168,1677
571,435,1006
452,727,1179
75,168,243
265,776,1041
466,749,1215
41,534,575
276,716,992
558,639,1197
451,386,837
766,1048,1814
22,524,546
143,263,406
38,638,676
469,790,1259
765,494,1259
80,652,732
33,726,759
306,1152,1458
65,723,788
215,251,466
129,829,958
604,566,1170
410,479,889
619,225,844
182,626,808
198,1686,1884
186,518,704
42,1026,1068
285,473,758
314,778,1092
260,742,1002
68,239,307
245,1647,1892
518,671,1189
103,1136,1239
540,535,1075
481,1528,2009
445,737,1182
933,923,1856
36,557,593
779,785,1564
555,759,1314
562,921,1483
474,673,1147
272,871,1143
67,356,423
511,4694,5205
467,851,1318
797,602,1399
57,598,655
413,730,1143
347,564,911
100,611,711
780,721,1501
548,4820,5368
1106,1077,2183
1015,519,1534
326,567,893
961,4266,5227
787,1208,1995
132,797,929
659,984,1643
484,821,1305
628,415,1043
606,346,952
492,1152,1644
45,1001,1046
214,840,1054
436,440,876
661,474,1135
534,193,727
914,234,1148
393,159,552
954,185,1139
549,744,1293
1204,1176,2380
445,836,1281
1073,400,1473
2023,559,2582
775,768,1543
821,464,1285
292,1461,1753
2062,565,2627
637,727,1364
725,444,1169
1052,703,1755
622,398,1020
872,543,1415
301,319,620
3940,1459,5399
246,275,521
4596,925,5521
253,518,771
1147,636,1783
596,1486,2082
304,1607,1911
255,504,759
271,627,898
1161,1145,2306
611,561,1172
4660,946,5606
1224,1151,2375
1284,684,1968
324,514,838
310,1702,2012
1383,578,1961
608,390,998
265,766,1031
35,666,701
751,697,1448
1141,622,1763
188,1261,1449
523,834,1357
1383,1197,2580
157,1032,1189
1164,714,1878
36,548,584
257,942,1199
1202,584,1786
151,719,870
100,709,809
485,1013,1498
172,1359,1531
1433,1418,2851
149,1362,1511
1477,713,2190
1492,1320,2812
50,820,870
319,902,1221
276,757,1033
149,852,1001
512,1193,1705
308,986,1294
405,874,1279
1133,775,1908
164,859,1023
668,703,1371
515,795,1310
361,1030,1391
452,1017,1469
841,764,1605
310,1391,1701
543,813,1356
259,858,1117
869,520,1389
105,908,1013
811,705,1516
420,1059,1479
559,864,1423
330,1212,1542
1029,614,1643
870,1193,2063
297,654,951
465,321,786
300,1145,1445
319,832,1151
329,515,844
716,810,1526
290,735,1025
535,1152,1687
501,621,1122
1307,910,2217
526,550,1076
513,418,931
603,978,1581
612,1087,1699
557,580,1137
543,695,1238
736,419,1155
836,1005,1841
641,474,1115
884,896,1780
613,614,1227
236,423,659
443,895,1338
377,1004,1381
727,563,1290
1055,306,1361
812,505,1317
914,538,1452
513,388,901
1129,330,1459
531,484,1015
328,680,1008
1007,682,1689
461,1316,1777
394,870,1264
943,656,1599
953,375,1328
1279,583,1862
1033,663,1696
155,439,594
760,466,1226
920,838,1758
1168,714,1882
901,527,1428
934,506,1440
628,736,1364
824,1022,1846
896,722,1618
261,738,999
217,371,588
246,488,734
954,618,1572
1644,219,1863
307,708,1015
722,1072,1794
1339,536,1875
1066,652,1718
194,888,1082
312,698,1010
281,733,1014
171,956,1127
83,338,421
284,819,1103
200,1056,1256
633,648,1281
287,988,1275
447,808,1255
890,557,1447
342,865,1207
376,889,1265
212,568,780
630,657,1287
513,901,1414
254,626,880
504,922,1426
703,716,1419
233,1169,1402
542,1175,1717
491,942,1433
276,879,1155
511,285,796
954,687,1641
404,724,1128
514,586,1100
520,851,1371
1005,870,1875
526,1178,1704
628,600,1228
944,813,1757
536,668,1204
389,608,997
94,507,601
835,1004,1839
576,533,1109
443,952,1395
884,491,1375
65,1360,1425
700,727,1427
563,835,1398
657,765,1422
817,600,1417
124,1374,1498
508,1088,1596
38,715,753
535,1059,1594
300,1425,1725
354,1273,1627
997,658,1655
732,904,1636
765,1053,1818
782,653,1435
195,822,1017
888,915,1803
297,659,956
576,1204,1780
119,787,906
283,951,1234
30,680,710
392,696,1088
104,1221,1325
344,872,1216
443,704,1147
461,913,1374
1067,774,1841
1347,733,2080
599,908,1507
594,687,1281
294,1030,1324
477,885,1362
618,699,1317
454,879,1333
528,627,1155
997,410,1407
1279,1067,2346
929,676,1605
704,986,1690
537,702,1239
134,514,648
749,754,1503
966,738,1704
580,1039,1619
344,1121,1465
847,943,1790
826,509,1335
606,752,1358
881,510,1391
251,399,650
223,643,866
1091,533,1624
871,858,1729
934,940,1874
1027,1162,2189
295,852,1147
175,1161,1336
528,903,1431
373,1022,1395
807,445,1252
401,619,1020
672,811,1483
328,268,596
387,1074,1461
938,524,1462
717,886,1603
277,1380,1657
658,774,1432
708,703,1411
61,280,341
1958,855,2813
307,453,760
88,509,597
880,860,1740
152,864,1016
110,665,775
910,711,1621
810,1900,2710
671,1034,1705
936,487,1423
222,612,834
171,893,1064
1048,838,1886
708,479,1187
554,1532,2086
82,515,597
211,986,1197
118,486,604
621,1549,2170
215,1380,1595
138,707,845
566,505,1071
155,511,666
419,751,1170
485,1844,2329
1037,1178,2215
546,801,1347
47,770,817
1146,484,1630
691,790,1481
722,703,1425
363,1930,2293
761,859,1620
127,931,1058
1242,486,1728
104,907,1011
829,1675,2504
371,722,1093
379,861,1240
1460,229,1689
90,1047,1137
817,384,1201
468,213,681
954,464,1418
1343,696,2039
901,386,1287
726,1159,1885
327,379,706
390,1037,1427
1376,943,2319
1312,736,2048
1188,689,1877
390,909,1299
1074,616,1690
2029,238,2267
728,420,1148
1108,763,1871
975,1071,2046
714,766,1480
73,452,525
687,711,1398
753,748,1501
750,703,1453
802,758,1560
312,1161,1473
358,1012,1370
406,1121,1527
793,529,1322
32,495,527
701,862,1563
35,757,792
1000,1268,2268
792,1061,1853
31,882,913
782,997,1779
225,723,948
24,714,738
456,1243,1699
292,679,971
889,1107,1996
37,984,1021
729,1017,1746
319,776,1095
277,800,1077
233,652,885
85,1139,1224
254,645,899
24,1215,1239
22,1094,1116
378,615,993
177,939,1116
491,597,1088
115,1349,1464
479,667,1146
408,702,1110
846,1134,1980
548,585,1133
310,438,748
533,478,1011
427,971,1398
351,761,1112
391,965,1356
235,565,800
714,418,1132
505,609,1114
363,958,1321
902,267,1169
416,354,770
672,961,1633
485,1036,1521
381,693,1074
683,582,1265
1133,359,1492
513,944,1457
525,1144,1669
755,475,1230
751,696,1447
898,388,1286
847,1029,1876
43,504,547
839,620,1459
146,445,591
1416,568,1984
704,1129,1833
809,1016,1825
62,578,640
217,551,768
140,619,759
127,456,583
121,499,620
414,1257,1671
514,866,1380
145,615,760
799,925,1724
473,529,1002
889,1159,2048
112,859,971
964,1043,2007
198,673,871
886,835,1721
147,1270,1417
87,825,912
459,993,1452
453,651,1104
572,888,1460
131,1034,1165
684,612,1296
745,475,1220
179,1245,1424
874,593,1467
233,910,1143
870,646,1516
270,784,1054
116,731,847
523,727,1250
138,635,773
1590,574,2164
352,499,851
336,445,781
332,1051,1383
979,578,1557
325,1158,1483
740,801,1541
487,1117,1604
92,963,1055
114,740,854
298,581,879
1290,465,1755
403,669,1072
436,523,959
1581,265,1846
342,774,1116
591,545,1136
787,309,1096
716,355,1071
229,1084,1313
761,225,986
570,627,1197
894,359,1253
905,296,1201
849,345,1194
618,819,1437
581,815,1396
674,767,1441
830,541,1371
795,544,1339
570,625,1195
1110,366,1476
1035,741,1776
738,479,1217
415,506,921
258,658,916
1126,596,1722
901,353,1254
805,765,1570
199,388,587
369,1957,2326
529,1739,2268
365,751,1116
793,757,1550
1525,849,2374
123,424,547
1146,273,1419
850,775,1625
205,608,813
934,896,1830
1162,877,2039
304,644,948
147,821,968
1541,831,2372
84,770,854
17,397,414
402,710,1112
231,677,908
795,1068,1863
30,476,506
365,675,1040
177,909,1086
1780,438,2218
195,781,976
1302,883,2185
425,765,1190
336,686,1022
266,1005,1271
40,486,526
663,801,1464
358,960,1318
320,627,947
435,912,1347
1623,1004,2627
188,796,984
638,681,1319
180,675,855
417,777,1194
323,703,1026
329,744,1073
650,420,1070
511,757,1268
315,799,1114
394,786,1180
488,736,1224
693,804,1497
317,504,821
275,1021,1296
648,1114,1762
25,665,690
556,805,1361
343,471,814
796,646,1442
1046,828,1874
303,522,825
921,1193,2114
56,757,813
296,690,986
432,452,884
271,732,1003
118,918,1036
502,454,956
360,1397,1757
294,650,944
416,676,1092
284,857,1141
567,1217,1784
524,561,1085
413,684,1097
113,513,626
596,1156,1752
513,509,1022
296,910,1206
744,460,1204
198,852,1050
859,324,1183
586,763,1349
269,607,876
710,685,1395
455,1155,1610
558,587,1145
385,682,1067
802,949,1751
404,721,1125
685,576,1261
844,868,1712
548,719,1267
578,630,1208
139,539,678
912,698,1610
398,1910,2308
981,821,1802
669,633,1302
88,574,662
1044,849,1893
608,750,1358
430,1083,1513
207,668,875
673,857,1530
673,1062,1735
925,688,1613
94,988,1082
876,1884,2760
816,767,1583
84,867,951
480,615,1095
28,669,697
192,617,809
59,1039,1098
496,655,1151
299,767,1066
480,2053,2533
387,734,1121
165,701,866
111,880,991
351,737,1088
596,582,1178
509,726,1235
603,589,1192
1596,1089,2685
528,723,1251
402,660,1062
320,852,1172
377,861,1238
757,540,1297
462,729,1191
412,1110,1522
540,806,1346
551,713,1264
824,492,1316
551,624,1175
1526,787,2313
499,811,1310
950,467,1417
595,687,1282
484,1049,1533
850,646,1496
750,785,1535
650,848,1498
710,488,1198
1823,861,2684
584,756,1340
401,666,1067
447,644,1091
665,1151,1816
882,548,1430
805,403,1208
721,464,1185
695,784,1479
1109,733,1842
838,658,1496
737,660,1397
442,715,1157
609,958,1567
731,546,1277
153,405,558
944,982,1926
461,670,1131
283,639,922
993,709,1702
1503,194,1697
799,784,1583
523,582,1105
55,212,267
727,677,1404
70,735,805
512,449,961
810,646,1456
230,1127,1357
763,409,1172
169,825,994
308,7282,7590
86,355,441
371,999,1370
136,1005,1141
273,383,656
277,551,828
335,1172,1507
461,1011,1472
485,999,1484
288,1365,1653
261,628,889
445,7689,8134
561,1076,1637
389,1271,1660
504,1241,1745
568,1020,1588
147,651,798
193,7546,7739
487,653,1140
533,1225,1758
553,679,1232
662,7162,7824
435,470,905
114,510,624
614,596,1210
232,1114,1346
617,1225,1842
22,627,649
278,1318,1596
588,1273,1861
703,570,1273
362,1158,1520
486,431,917
685,940,1625
878,646,1524
905,516,1421
83,1363,1446
558,1654,2212
164,931,1095
7489,357,7846
767,788,1555
611,602,1213
975,648,1623
495,554,1049
971,623,1594
134,1447,1581
298,671,969
931,331,1262
7258,750,8008
1014,590,1604
788,897,1685
985,739,1724
431,592,1023
570,452,1022
136,519,655
928,400,1328
539,824,1363
132,1301,1433
7269,576,7845
26,1720,1746
446,944,1390
327,1402,1729
363,1541,1904
108,847,955
91,942,1033
306,439,745
864,1049,1913
379,648,1027
1298,825,2123
347,560,907
1061,484,1545
730,1476,2206
525,531,1056
621,529,1150
248,946,1194
1352,1030,2382
791,384,1175
1342,816,2158
454,586,1040
1082,729,1811
895,501,1396
1384,803,2187
1326,653,1979
130,608,738
396,843,1239
1498,922,2420
249,404,653
372,519,891
277,629,906
883,717,1600
539,546,1085
314,624,938
523,978,1501
937,597,1534
406,1263,1669
380,424,804
615,407,1022
502,623,1125
640,1230,1870
247,419,666
795,950,1745
465,717,1182
395,812,1207
369,1042,1411
184,474,658
451,866,1317
562,652,1214
464,764,1228
229,631,860
281,653,934
352,612,964
64,527,591
528,1144,1672
550,883,1433
111,1260,1371
778,575,1353
348,370,718
62,1620,1682
197,1347,1544
582,425,1007
404,612,1016
48,1542,1590
584,1753,2337
899,714,1613
566,569,1135
325,634,959
258,1412,1670
404,513,917
461,624,1085
294,398,692
624,691,1315
149,750,899
1062,680,1742
752,542,1294
96,1755,1851
423,549,972
318,1398,1716
707,667,1374
339,563,902
148,704,852
662,1149,1811
325,623,948
283,742,1025
443,596,1039
805,1215,2020
377,827,1204
347,1712,2059
765,833,1598
1116,795,1911
604,458,1062
1403,838,2241
479,581,1060
370,578,948
494,724,1218
1636,628,2264
1231,818,2049
468,677,1145
573,807,1380
1429,725,2154
667,522,1189
451,842,1293
482,797,1279
1186,1074,2260
1614,474,2088
569,474,1043
572,789,1361
505,774,1279
622,943,1565
1696,827,2523
227,544,771
552,788,1340
813,865,1678
303,532,835
82,902,984
233,660,893
561,1049,1610
184,1014,1198
1092,780,1872
501,595,1096
503,429,932
812,1028,1840
568,1581,2149
350,682,1032
113,563,676
316,928,1244
203,984,1187
693,455,1148
186,624,810
471,504,975
540,1481,2021
583,661,1244
267,707,974
1016,989,2005
836,450,1286
792,637,1429
639,661,1300
350,1170,1520
302,573,875
181,808,989
488,971,1459
876,1301,2177
279,570,849
777,730,1507
422,531,953
666,422,1088
711,788,1499
468,657,1125
393,689,1082
346,866,1212
330,1223,1553
1257,468,1725
810,584,1394
1024,288,1312
412,759,1171
362,828,1190
687,191,878
1459,403,1862
565,951,1516
388,1437,1825
228,711,939
1137,454,1591
526,722,1248
426,1227,1653
760,286,1046
1205,490,1695
207,957,1164
617,1030,1647
1271,654,1925
530,778,1308
827,918,1745
329,750,1079
921,771,1692
1143,382,1525
887,1373,2260
868,598,1466
796,707,1503
743,948,1691
1104,959,2063
1009,811,1820
60,465,525
1135,1076,2211
1594,713,2307
33,583,616
23,613,636
909,1104,2013
1116,905,2021
395,290,685
1148,833,1981
838,1048,1886
25,598,623
412,281,693
1258,530,1788
37,782,819
28,908,936
542,188,730
69,514,583
828,1065,1893
1165,761,1926
991,677,1668
796,883,1679
434,258,692
326,488,814
635,138,773
1252,1024,2276
84,761,845
88,939,1027
522,291,813
800,1254,2054
498,418,916
600,519,1119
1078,1006,2084
487,435,922
654,389,1043
34,1157,1191
559,576,1135
730,636,1366
552,412,964
696,452,1148
311,980,1291
731,486,1217
1059,204,1263
1183,166,1349
1068,273,1341
965,379,1344
1074,314,1388
243,382,625
906,619,1525
1121,361,1482
310,361,671
988,525,1513
1054,346,1400
335,428,763
270,287,557
946,776,1722
250,591,841
385,318,703
217,558,775
368,513,881
407,375,782
348,430,778
857,455,1312
1437,267,1704
207,444,651
283,603,886
342,1757,2099
273,687,960
763,525,1288
416,957,1373
419,359,778
161,380,541
438,967,1405
330,1226,1556
822,1894,2716
504,996,1500
39,849,888
522,915,1437
671,779,1450
77,994,1071
143,572,715
361,1353,1714
151,902,1053
394,1196,1590
143,891,1034
358,1227,1585
207,900,1107
847,2064,2911
733,1309,2042
276,621,897
270,1444,1714
607,825,1432
1001,1365,2366
602,546,1148
303,927,1230
1017,928,1945
1675,1475,3150
614,1305,1919
704,672,1376
520,741,1261
456,1032,1488
640,916,1556
621,1113,1734
1289,704,1993
1630,927,2557
780,609,1389
864,696,1560
635,931,1566
807,727,1534
673,1046,1719
1085,672,1757
1810,921,2731
877,693,1570
872,751,1623
649,1098,1747
1109,645,1754
805,1066,1871
203,1277,1480
1103,331,1434
1331,712,2043
471,1789,2260
531,1112,1643
186,970,1156
1196,1118,2314
1219,643,1862
983,1235,2218
633,630,1263
530,824,1354
438,701,1139
1104,825,1929
49,881,930
1233,1128,2361
769,736,1505
819,611,1430
455,807,1262
377,957,1334
840,648,1488
395,3532,3927
494,1196,1690
1132,831,1963
808,1113,1921
659,1423,2082
616,1478,2094
412,925,1337
981,924,1905
765,1252,2017
70,1100,1170
1147,812,1959
650,3339,3989
558,1341,1899
394,1500,1894
238,3341,3579
415,904,1319
585,1169,1754
351,910,1261
529,3042,3571
212,1152,1364
767,1187,1954
561,966,1527
1149,1103,2252
625,1722,2347
453,992,1445
879,1542,2421
476,1190,1666
376,1095,1471
400,1112,1512
493,1214,1707
463,1313,1776
706,901,1607
740,1763,2503
826,542,1368
741,386,1127
1005,529,1534
887,1239,2126
964,510,1474
798,896,1694
3259,329,3588
608,936,1544
1255,407,1662
799,816,1615
1066,573,1639
1169,868,2037
787,716,1503
1453,680,2133
1137,1072,2209
3385,718,4103
1001,450,1451
1003,685,1688
1252,623,1875
645,1430,2075
1097,603,1700
1204,531,1735
1144,394,1538
880,834,1714
545,317,862
2777,603,3380
216,683,899
117,577,694
1555,749,2304
1436,1088,2524
90,727,817
307,585,892
109,647,756
328,544,872
231,644,875
221,684,905
141,806,947
308,594,902
1074,845,1919
1117,1136,2253
582,1500,2082
310,728,1038
382,950,1332
1127,1292,2419
165,879,1044
424,613,1037
507,817,1324
316,710,1026
512,597,1109
528,620,1148
263,645,908
418,627,1045
292,781,1073
166,1260,1426
959,1339,2298
634,544,1178
405,993,1398
804,752,1556
448,835,1283
571,629,1200
1151,446,1597
377,681,1058
238,851,1089
477,623,1100
340,449,789
565,358,923
458,978,1436
419,692,1111
396,477,873
1142,463,1605
788,861,1649
666,522,1188
450,508,958
602,558,1160
594,589,1183
493,794,1287
403,679,1082
489,1177,1666
935,1046,1981
523,773,1296
662,358,1020
543,346,889
144,1402,1546
325,1250,1575
643,360,1003
247,413,660
400,1184,1584
357,1257,1614
425,722,1147
298,405,703
401,979,1380
799,666,1465
60,671,731
591,454,1045
354,788,1142
1089,962,2051
89,726,815
695,937,1632
1031,604,1635
664,1604,2268
837,907,1744
256,630,886
558,581,1139
508,1529,2037
755,1018,1773
1173,423,1596
1174,497,1671
881,1187,2068
926,833,1759
189,748,937
141,893,1034
232,654,886
1165,532,1697
1134,569,1703
1452,413,1865
574,647,1221
647,760,1407
235,790,1025
376,688,1064
377,869,1246
751,742,1493
83,193,276
1446,489,1935
474,1220,1694
282,611,893
923,637,1560
407,751,1158
679,889,1568
139,207,346
294,857,1151
413,612,1025
859,887,1746
446,673,1119
363,655,1018
558,818,1376
645,656,1301
838,618,1456
191,413,604
357,1514,1871
384,1059,1443
575,1047,1622
484,825,1309
552,945,1497
761,1040,1801
1238,596,1834
892,683,1575
752,719,1471
818,813,1631
483,686,1169
590,1106,1696
251,557,808
673,1139,1812
535,1366,1901
333,688,1021
691,687,1378
929,655,1584
692,987,1679
45,702,747
809,589,1398
782,1347,2129
580,488,1068
460,791,1251
833,613,1446
937,445,1382
426,1147,1573
732,694,1426
961,899,1860
560,1071,1631
500,453,953
383,731,1114
597,856,1453
883,548,1431
195,981,1176
542,606,1148
703,990,1693
1270,551,1821
886,317,1203
225,614,839
244,628,872
426,723,1149
583,1006,1589
1415,921,2336
509,537,1046
531,780,1311
624,818,1442
911,1094,2005
596,656,1252
1256,937,2193
651,870,1521
824,409,1233
741,552,1293
520,846,1366
492,855,1347
713,530,1243
404,962,1366
454,768,1222
928,320,1248
723,788,1511
646,634,1280
504,885,1389
877,782,1659
548,429,977
1065,455,1520
320,788,1108
508,663,1171
568,2564,3132
564,861,1425
49,977,1026
311,684,995
743,367,1110
194,797,991
900,618,1518
822,373,1195
361,554,915
536,645,1181
411,3070,3481
675,441,1116
810,566,1376
265,775,1040
912,352,1264
572,726,1298
636,740,1376
731,527,1258
864,1053,1917
432,909,1341
448,3259,3707
688,454,1142
448,512,960
834,156,990
463,1220,1683
346,712,1058
936,342,1278
268,986,1254
2498,1230,3728
757,381,1138
306,1663,1969
947,1055,2002
646,682,1328
587,1359,1946
180,612,792
576,216,792
819,395,1214
2915,934,3849
911,337,1248
356,535,891
935,1128,2063
1442,475,1917
846,658,1504
924,1026,1950
469,512,981
141,411,552
934,715,1649
3262,810,4072
422,1230,1652
558,563,1121
1294,777,2071
1080,636,1716
922,800,1722
1074,730,1804
532,669,1201
133,537,670
1247,938,2185
928,698,1626
1105,795,1900
72,694,766
1570,613,2183
848,558,1406
872,881,1753
474,980,1454
149,889,1038
125,871,996
542,751,1293
127,1060,1187
310,745,1055
708,598,1306
877,910,1787
475,1228,1703
388,918,1306
608,897,1505
196,913,1109
532,929,1461
310,796,1106
396,918,1314
351,631,982
810,193,1003
298,865,1163
292,1753,2045
838,436,1274
945,760,1705
449,1024,1473
774,748,1522
565,974,1539
424,1206,1630
601,1126,1727
742,449,1191
460,1109,1569
1100,691,1791
795,728,1523
683,547,1230
576,905,1481
818,615,1433
542,451,993
801,880,1681
1064,1325,2389
629,649,1278
640,498,1138
804,751,1555
696,491,1187
526,675,1201
173,1689,1862
94,720,814
622,653,1275
944,486,1430
608,817,1425
210,653,863
873,965,1838
818,691,1509
1116,1438,2554
451,472,923
392,1700,2092
440,495,935
715,1028,1743
855,748,1603
142,725,867
724,626,1350
748,870,1618
490,726,1216
544,342,886
425,854,1279
422,858,1280
414,579,993
966,849,1815
442,572,1014
254,905,1159
365,842,1207
912,919,1831
755,518,1273
578,461,1039
411,746,1157
487,858,1345
1437,1123,2560
759,1489,2248
525,831,1356
597,927,1524
951,871,1822
635,560,1195
631,771,1402
446,899,1345
711,596,1307
400,603,1003
1532,1082,2614
207,633,840
638,899,1537
746,604,1350
1203,1359,2562
401,950,1351
761,590,1351
792,595,1387
449,582,1031
1498,977,2475
771,598,1369
310,788,1098
670,1000,1670
698,455,1153
371,1285,1656
1304,1630,2934
718,1008,1726
1437,1399,2836
516,1178,1694
199,1179,1378
563,1104,1667
648,897,1545
484,855,1339
918,1011,1929
796,1553,2349
441,1134,1575
768,964,1732
767,825,1592
554,991,1545
746,921,1667
680,947,1627
746,1057,1803
775,1127,1902
1331,1104,2435
722,874,1596
555,1227,1782
522,1141,1663
1052,684,1736
1052,1050,2102
99,851,950
825,894,1719
788,846,1634
1096,451,1547
373,564,937
547,1052,1599
661,377,1038
1417,510,1927
461,414,875
323,521,844
950,200,1150
843,228,1071
667,321,988
499,1344,1843
601,449,1050
802,366,1168
967,177,1144
631,921,1552
439,218,657
1099,154,1253
234,1254,1488
264,605,869
813,307,1120
838,333,1171
1015,938,1953
457,998,1455
558,282,840
1125,242,1367
712,253,965
330,2112,2442
748,335,1083
803,205,1008
886,859,1745
744,876,1620
240,365,605
76,369,445
936,1682,2618
1228,418,1646
242,325,567
327,929,1256
1117,771,1888
1177,245,1422
790,1070,1860
272,435,707
704,943,1647
379,421,800
210,625,835
274,562,836
463,1146,1609
179,580,759
237,932,1169
470,619,1089
272,555,827
443,570,1013
1129,1609,2738
264,596,860
235,960,1195
566,281,847
584,641,1225
881,792,1673
551,757,1308
244,678,922
1780,877,2657
453,1045,1498
547,319,866
225,569,794
521,491,1012
865,548,1413
556,767,1323
329,704,1033
1744,951,2695
413,602,1015
135,382,517
332,571,903
679,411,1090
412,804,1216
509,632,1141
1669,698,2367
734,779,1513
825,1560,2385
718,317,1035
147,461,608
57,640,697
226,484,710
396,673,1069
713,533,1246
887,569,1456
693,404,1097
903,608,1511
514,1598,2112
808,1078,1886
25,729,754
440,604,1044
891,1384,2275
482,714,1196
650,339,989
47,396,443
697,533,1230
527,557,1084
988,724,1712
77,1142,1219
104,671,775
430,668,1098
1322,958,2280
647,688,1335
89,603,692
629,858,1487
19,557,576
565,863,1428
47,712,759
78,837,915
136,1308,1444
877,399,1276
295,568,863
53,799,852
631,1055,1686
62,789,851
706,221,927
215,565,780
686,970,1656
103,874,977
727,269,996
652,902,1554
115,673,788
427,235,662
349,830,1179
41,265,306
1434,597,2031
259,750,1009
516,717,1233
669,652,1321
69,261,330
1261,978,2239
423,809,1232
284,739,1023
300,438,738
614,1053,1667
868,1162,2030
639,833,1472
317,664,981
108,342,450
292,688,980
771,701,1472
738,654,1392
305,1228,1533
560,852,1412
795,693,1488
725,746,1471
535,572,1107
149,452,601
362,430,792
509,1252,1761
810,771,1581
472,1191,1663
790,463,1253
423,1231,1654
620,691,1311
648,759,1407
232,526,758
411,425,836
443,653,1096
444,673,1117
758,340,1098
353,1279,1632
993,411,1404
569,466,1035
651,1319,1970
690,1226,1916
327,562,889
657,562,1219
419,1379,1798
609,1479,2088
1041,703,1744
845,388,1233
612,1576,2188
960,1180,2140
508,635,1143
743,493,1236
593,1302,1895
1217,641,1858
564,575,1139
1152,723,1875
116,414,530
1149,453,1602
1133,899,2032
601,565,1166
257,444,701
431,1143,1574
661,645,1306
83,585,668
742,813,1555
514,1159,1673
1315,368,1683
849,890,1739
65,820,885
1131,525,1656
940,704,1644
593,818,1411
297,535,832
274,451,725
564,923,1487
436,571,1007
1068,647,1715
209,671,880
57,766,823
1267,683,1950
152,942,1094
98,810,908
435,876,1311
546,676,1222
239,812,1051
367,585,952
228,1074,1302
641,568,1209
475,565,1040
576,781,1357
698,677,1375
401,796,1197
316,679,995
701,649,1350
706,629,1335
388,665,1053
506,545,1051
457,621,1078
413,670,1083
739,374,1113
777,583,1360
1204,460,1664
1698,545,2243
540,600,1140
314,549,863
1069,558,1627
797,758,1555
538,1318,1856
851,491,1342
329,1335,1664
346,690,1036
174,665,839
396,530,926
649,660,1309
468,628,1096
512,401,913
412,531,943
721,1281,2002
564,622,1186
332,703,1035
528,486,1014
764,637,1401
255,1408,1663
570,515,1085
469,583,1052
718,1401,2119
542,750,1292
685,618,1303
650,596,1246
549,726,1275
680,565,1245
347,1476,1823
288,472,760
691,409,1100
477,1234,1711
317,482,799
116,763,879
910,1183,2093
701,725,1426
383,681,1064
420,705,1125
1334,729,2063
369,729,1098
455,733,1188
1064,770,1834
579,588,1167
382,830,1212
850,1387,2237
692,636,1328
818,548,1366
437,984,1421
1807,579,2386
601,1003,1604
549,848,1397
659,745,1404
554,903,1457
1601,874,2475
276,800,1076
396,1273,1669
319,687,1006
735,1014,1749
115,654,769
452,674,1126
664,1556,2220
534,529,1063
712,886,1598
859,649,1508
345,680,1025
438,764,1202
871,248,1119
233,871,1104
238,509,747
860,1147,2007
1539,750,2289
608,710,1318
572,245,817
1402,1334,2736
537,931,1468
723,693,1416
484,473,957
547,761,1308
1297,371,1668
521,682,1203
803,285,1088
63,1181,1244
948,360,1308
840,440,1280
438,950,1388
883,370,1253
536,476,1012
598,1004,1602
537,1162,1699
317,311,628
1152,1098,2250
514,684,1198
653,456,1109
514,1876,2390
249,713,962
732,728,1460
324,1789,2113
234,1068,1302
183,261,444
309,938,1247
256,508,764
140,1336,1476
216,365,581
1445,1279,2724
515,821,1336
944,775,1719
248,371,619
679,951,1630
902,592,1494
153,793,946
609,1503,2112
420,823,1243
805,485,1290
711,1065,1776
173,496,669
1002,770,1772
132,387,519
234,751,985
1253,689,1942
304,489,793
645,504,1149
490,871,1361
725,438,1163
897,1129,2026
591,533,1124
335,968,1303
1111,764,1875
375,674,1049
867,1200,2067
359,469,828
1741,656,2397
706,1458,2164
225,279,504
1176,876,2052
1585,987,2572
361,745,1106
272,421,693
21,636,657
952,1234,2186
714,1093,1807
658,773,1431
178,1397,1575
803,816,1619
885,848,1733
300,571,871
217,793,1010
617,1287,1904
276,831,1107
674,893,1567
168,725,893
1003,968,1971
492,1601,2093
1294,1194,2488
950,1127,2077
366,711,1077
810,1327,2137
562,1319,1881
562,937,1499
1439,772,2211
753,1477,2230
728,1119,1847
707,826,1533
491,689,1180
1369,884,2253
508,986,1494
847,525,1372
596,905,1501
490,1447,1937
591,1609,2200
927,555,1482
467,1194,1661
676,247,923
627,1013,1640
386,683,1069
938,684,1622
620,716,1336
319,1055,1374
39,1686,1725
1065,1200,2265
503,1458,1961
1099,662,1761
590,252,842
1241,409,1650
706,625,1331
983,899,1882
559,286,845
724,674,1398
472,1514,1986
1000,1104,2104
974,434,1408
501,1318,1819
669,331,1000
1393,774,2167
539,831,1370
1167,582,1749
89,291,380
758,727,1485
934,722,1656
47,433,480
1275,442,1717
78,501,579
1039,501,1540
162,447,609
524,991,1515
479,715,1194
501,1242,1743
668,874,1542
983,1068,2051
912,1296,2208
885,1071,1956
87,531,618
213,414,627
459,320,779
902,469,1371
741,620,1361
644,1086,1730
469,513,982
1154,797,1951
1554,1089,2643
771,988,1759
273,514,787
1121,932,2053
526,914,1440
229,826,1055
86,713,799
158,696,854
274,612,886
1179,1054,2233
68,1129,1197
263,439,702
454,772,1226
51,1230,1281
457,699,1156
198,734,932
467,654,1121
280,687,967
1171,947,2118
608,696,1304
458,378,836
460,571,1031
455,924,1379
449,661,1110
364,710,1074
367,752,1119
312,784,1096
903,649,1552
789,631,1420
173,472,645
556,703,1259
762,566,1328
827,408,1235
829,384,1213
760,399,1159
481,663,1144
561,1676,2237
728,771,1499
1332,213,1545
503,577,1080
480,372,852
892,461,1353
361,608,969
414,610,1024
794,681,1475
291,474,765
1193,1362,2555
1279,613,1892
679,487,1166
556,574,1130
544,580,1124
747,382,1129
775,395,1170
796,410,1206
1112,184,1296
313,861,1174
145,453,598
961,713,1674
730,587,1317
799,453,1252
843,441,1284
800,1393,2193
192,432,624
214,417,631
537,221,758
170,571,741
710,745,1455
313,314,627
698,560,1258
196,414,610
1102,1301,2403
246,501,747
287,468,755
611,200,811
362,764,1126
173,573,746
378,558,936
524,242,766
268,812,1080
223,610,833
323,866,1189
412,776,1188
685,550,1235
382,935,1317
490,791,1281
88,513,601
649,725,1374
587,747,1334
756,532,1288
802,523,1325
77,593,670
522,957,1479
251,583,834
796,749,1545
293,591,884
114,696,810
214,726,940
446,492,938
840,698,1538
340,667,1007
593,942,1535
1270,1277,2547
445,423,868
765,698,1463
626,543,1169
931,519,1450
464,377,841
215,1028,1243
226,660,886
299,576,875
1394,1367,2761
147,906,1053
599,485,1084
96,884,980
662,525,1187
564,726,1290
603,477,1080
165,567,732
295,903,1198
678,279,957
864,1398,2262
578,855,1433
510,707,1217
779,621,1400
461,861,1322
536,1080,1616
200,1272,1472
752,657,1409
290,445,735
122,525,647
1022,326,1348
477,784,1261
626,869,1495
220,373,593
1109,508,1617
427,518,945
459,1105,1564
90,656,746
329,436,765
184,584,768
451,493,944
917,595,1512
804,827,1631
229,795,1024
1262,575,1837
741,941,1682
478,1234,1712
354,652,1006
466,590,1056
345,600,945
525,629,1154
470,745,1215
1193,795,1988
620,619,1239
512,579,1091
797,492,1289
647,747,1394
706,718,1424
531,742,1273
377,938,1315
384,293,677
769,505,1274
125,538,663
162,1075,1237
274,618,892
616,582,1198
474,607,1081
283,1306,1589
508,709,1217
398,882,1280
350,526,876
724,693,1417
410,319,729
250,514,764
185,701,886
709,667,1376
148,765,913
683,627,1310
693,227,920
252,711,963
691,215,906
748,137,885
698,279,977
346,614,960
768,251,1019
23,611,634
827,325,1152
850,309,1159
597,581,1178
817,326,1143
109,690,799
968,321,1289
790,248,1038
616,327,943
461,913,1374
829,411,1240
218,461,679
824,543,1367
666,509,1175
329,785,1114
842,509,1351
674,695,1369
856,1065,1921
762,566,1328
296,569,865
260,618,878
366,1089,1455
178,624,802
347,546,893
375,358,733
305,402,707
1579,758,2337
137,573,710
425,461,886
808,567,1375
1117,900,2017
290,712,1002
645,367,1012
921,564,1485
413,785,1198
1000,972,1972
426,643,1069
153,563,716
348,590,938
1335,494,1829
1044,861,1905
424,736,1160
1057,953,2010
512,463,975
291,707,998
474,771,1245
216,705,921
1024,901,1925
370,559,929
626,695,1321
504,649,1153
288,602,890
435,601,1036
381,866,1247
215,865,1080
601,667,1268
447,671,1118
846,697,1543
181,634,815
423,830,1253
745,373,1118
500,738,1238
61,630,691
19,718,737
587,261,848
454,1017,1471
274,516,790
462,253,715
284,491,775
698,665,1363
437,422,859
281,287,568
509,381,890
814,204,1018
563,345,908
150,287,437
628,309,937
852,166,1018
453,256,709
200,291,491
508,1072,1580
567,218,785
359,289,648
215,321,536
1057,198,1255
850,984,1834
645,1008,1653
133,361,494
1683,198,1881
1093,238,1331
304,1117,1421
1161,317,1478
1160,169,1329
1088,257,1345
1177,303,1480
1241,207,1448
658,1275,1933
846,1252,2098
300,223,523
919,336,1255
1310,269,1579
1975,234,2209
1072,272,1344
1704,287,1991
275,237,512
217,313,530
1143,271,1414
1711,171,1882
339,265,604
1636,279,1915
378,221,599
335,274,609
301,240,541
1377,219,1596
346,308,654
1313,322,1635
261,279,540
448,333,781
423,295,718
326,290,616
325,652,977
372,684,1056
1362,139,1501
691,148,839
1514,202,1716
348,666,1014
199,1170,1369
252,671,923
308,653,961
95,638,733
343,688,1031
1171,420,1591
361,935,1296
383,936,1319
1166,467,1633
1126,623,1749
405,1442,1847
359,439,798
194,900,1094
328,798,1126
260,942,1202
1197,964,2161
255,934,1189
1206,735,1941
1165,1059,2224
392,1049,1441
1601,1150,2751
246,972,1218
681,785,1466
246,1013,1259
1207,1091,2298
386,797,1183
706,727,1433
235,1060,1295
1444,1205,2649
346,879,1225
549,816,1365
753,501,1254
869,602,1471
410,958,1368
1489,1287,2776
669,643,1312
635,306,941
139,1688,1827
1082,298,1380
1098,261,1359
981,386,1367
986,300,1286
532,755,1287
1118,347,1465
1161,293,1454
864,258,1122
768,385,1153
594,1317,1911
679,351,1030
1093,435,1528
664,311,975
562,1299,1861
205,1207,1412
705,154,859
491,1206,1697
728,1338,2066
75,210,285
708,1283,1991
1620,427,2047
120,212,332
885,1159,2044
1012,435,1447
644,257,901
1299,270,1569
974,281,1255
983,333,1316
270,319,589
1340,319,1659
1228,420,1648
723,1168,1891
321,438,759
217,473,690
190,504,694
1285,1049,2334
287,367,654
336,458,794
316,497,813
298,525,823
368,390,758
421,474,895
700,2014,2714
126,385,511
567,1660,2227
274,478,752
29,480,509
101,384,485
146,448,594
370,501,871
573,2270,2843
89,817,906
744,2396,3140
1105,1130,2235
321,713,1034
1831,769,2600
267,229,496
256,415,671
950,1445,2395
143,465,608
68,820,888
656,764,1420
1347,1211,2558
93,502,595
67,1006,1073
2111,548,2659
251,769,1020
186,1084,1270
944,1442,2386
297,765,1062
232,1452,1684
319,583,902
462,840,1302
1599,1110,2709
724,1161,1885
807,531,1338
232,910,1142
567,651,1218
310,832,1142
651,620,1271
2229,524,2753
519,731,1250
1055,932,1987
394,1190,1584
119,926,1045
597,332,929
1071,644,1715
309,793,1102
325,1181,1506
696,823,1519
303,767,1070
1392,1179,2571
702,495,1197
391,1168,1559
101,890,991
651,508,1159
795,354,1149
1335,842,2177
461,1324,1785
368,870,1238
337,978,1315
526,996,1522
831,419,1250
593,1315,1908
353,1014,1367
436,672,1108
706,366,1072
891,812,1703
570,1121,1691
577,716,1293
378,1025,1403
940,791,1731
924,721,1645
1132,1345,2477
441,1293,1734
324,541,865
486,743,1229
726,769,1495
878,1139,2017
243,941,1184
643,919,1562
931,573,1504
730,515,1245
460,1539,1999
112,752,864
580,474,1054
222,869,1091
804,1315,2119
1299,774,2073
436,1295,1731
1196,696,1892
702,1387,2089
508,1780,2288
711,908,1619
916,996,1912
1345,1142,2487
831,1136,1967
711,985,1696
278,811,1089
792,1007,1799
410,967,1377
790,312,1102
1295,726,2021
635,1151,1786
507,989,1496
458,656,1114
1153,695,1848
1159,711,1870
272,672,944
538,948,1486
1605,598,2203
620,1045,1665
1147,487,1634
1062,516,1578
299,892,1191
734,980,1714
1206,581,1787
938,668,1606
506,1167,1673
401,1034,1435
1012,534,1546
962,506,1468
622,1370,1992
206,728,934
1028,756,1784
379,1451,1830
820,836,1656
621,772,1393
654,1084,1738
806,646,1452
532,784,1316
1012,801,1813
560,709,1269
913,574,1487
655,686,1341
924,635,1559
744,906,1650
672,943,1615
227,1407,1634
991,674,1665
555,799,1354
917,2070,2987
574,853,1427
229,595,824
165,678,843
724,947,1671
941,750,1691
417,1000,1417
473,660,1133
567,639,1206
1028,765,1793
671,2081,2752
1050,537,1587
1130,730,1860
671,615,1286
849,958,1807
561,1005,1566
512,666,1178
722,511,1233
569,959,1528
464,686,1150
443,912,1355
1354,836,2190
580,576,1156
421,856,1277
275,1134,1409
577,539,1116
782,430,1212
578,2253,2831
704,1174,1878
1967,1095,3062
329,952,1281
1246,1009,2255
615,1249,1864
1912,877,2789
433,1090,1523
563,991,1554
592,729,1321
692,768,1460
341,1247,1588
734,424,1158
386,771,1157
2007,651,2658
833,663,1496
499,631,1130
859,1134,1993
921,425,1346
889,1068,1957
584,662,1246
398,797,1195
656,714,1370
684,678,1362
677,714,1391
769,420,1189
827,1063,1890
1070,901,1971
735,955,1690
53,719,772
1151,347,1498
362,394,756
649,843,1492
268,525,793
528,1070,1598
943,730,1673
1074,1020,2094
396,465,861
486,729,1215
163,624,787
568,596,1164
1176,873,2049
387,661,1048
515,503,1018
392,627,1019
925,1008,1933
988,1078,2066
857,380,1237
204,808,1012
701,543,1244
255,660,915
751,599,1350
783,546,1329
344,1606,1950
636,791,1427
834,1218,2052
209,451,660
399,655,1054
139,574,713
304,1968,2272
112,634,746
54,618,672
343,500,843
802,748,1550
303,1937,2240
222,546,768
304,569,873
416,1837,2253
579,1721,2300
112,738,850
39,726,765
928,779,1707
464,490,954
804,864,1668
344,700,1044
544,1439,1983
531,554,1085
832,217,1049
374,600,974
339,606,945
233,613,846
484,500,984
1586,332,1918
559,668,1227
511,672,1183
769,851,1620
554,1907,2461
983,175,1158
660,225,885
1284,1286,2570
541,767,1308
1629,600,2229
317,474,791
236,542,778
414,811,1225
973,1102,2075
1669,863,2532
944,347,1291
898,341,1239
503,1052,1555
41,860,901
589,1021,1610
339,490,829
236,650,886
687,806,1493
289,665,954
873,1138,2011
853,635,1488
1087,464,1551
550,387,937
329,648,977
282,1756,2038
470,574,1044
507,500,1007
846,234,1080
820,218,1038
1149,880,2029
593,491,1084
966,142,1108
624,259,883
1663,1366,3029
742,167,909
1978,1073,3051
409,873,1282
561,912,1473
1489,475,1964
1337,926,2263
954,454,1408
552,742,1294
1108,533,1641
814,456,1270
1800,526,2326
769,328,1097
776,334,1110
1100,336,1436
786,541,1327
939,565,1504
148,278,426
109,293,402
154,281,435
921,394,1315
820,426,1246
151,300,451
110,292,402
167,292,459
584,841,1425
214,257,471
291,203,494
662,1078,1740
286,260,546
1169,370,1539
227,219,446
318,272,590
383,460,843
245,270,515
335,421,756
383,268,651
542,377,919
226,755,981
166,407,573
394,357,751
1097,499,1596
1092,981,2073
222,398,620
400,791,1191
308,2240,2548
212,707,919
787,1810,2597
163,2488,2651
676,1825,2501
776,1938,2714
1941,518,2459
845,1921,2766
542,1151,1693
884,1983,2867
505,1178,1683
2070,626,2696
1644,209,1853
900,1792,2692
110,1136,1246
655,1106,1761
1634,311,1945
647,1367,2014
516,294,810
168,1104,1272
736,1008,1744
1627,327,1954
152,452,604
526,321,847
1116,196,1312
1223,782,2005
522,329,851
183,1230,1413
195,328,523
233,672,905
336,1693,2029
250,455,705
368,875,1243
1158,209,1367
1734,311,2045
134,290,424
226,1220,1446
261,1196,1457
593,1559,2152
217,1279,1496
978,538,1516
1105,177,1282
1074,512,1586
205,471,676
430,1266,1696
708,954,1662
255,1642,1897
301,1280,1581
795,601,1396
453,1038,1491
932,362,1294
437,385,822
745,492,1237
214,174,388
1410,583,1993
398,1127,1525
1001,567,1568
734,567,1301
124,440,564
194,403,597
128,466,594
560,640,1200
278,375,653
1577,631,2208
1046,413,1459
391,439,830
983,492,1475
178,626,804
233,606,839
960,871,1831
121,775,896
1367,604,1971
1088,491,1579
405,430,835
1192,347,1539
338,559,897
567,360,927
1304,688,1992
165,834,999
591,508,1099
1172,538,1710
457,503,960
109,410,519
520,495,1015
130,436,566
333,537,870
487,719,1206
456,640,1096
127,513,640
342,538,880
356,727,1083
149,660,809
229,699,928
167,699,866
183,700,883
789,652,1441
256,679,935
611,288,899
550,616,1166
373,582,955
402,644,1046
539,487,1026
683,693,1376
389,752,1141
371,738,1109
137,580,717
727,599,1326
273,832,1105
498,635,1133
1247,804,2051
374,240,614
410,3080,3490
560,707,1267
586,653,1239
339,450,789
319,508,827
543,881,1424
636,582,1218
211,659,870
209,924,1133
513,592,1105
450,3429,3879
468,737,1205
254,1067,1321
582,587,1169
392,852,1244
185,1077,1262
364,943,1307
371,786,1157
442,769,1211
806,424,1230
325,3307,3632
498,841,1339
173,556,729
651,641,1292
845,551,1396
598,821,1419
418,1044,1462
54,828,882
522,992,1514
863,777,1640
2645,916,3561
288,593,881
153,568,721
623,729,1352
167,724,891
877,438,1315
406,660,1066
812,729,1541
764,954,1718
364,610,974
788,306,1094
299,1038,1337
618,338,956
234,1034,1268
338,866,1204
211,1091,1302
3045,779,3824
381,1024,1405
574,699,1273
718,971,1689
124,318,442
455,886,1341
975,392,1367
499,1093,1592
147,444,591
484,909,1393
3301,963,4264
797,704,1501
877,368,1245
378,1003,1381
870,597,1467
81,396,477
568,1032,1600
169,489,658
594,1003,1597
1041,801,1842
911,803,1714
181,698,879
540,1200,1740
408,526,934
143,584,727
745,1003,1748
528,291,819
1017,678,1695
128,881,1009
398,646,1044
179,797,976
904,854,1758
440,629,1069
432,433,865
572,572,1144
531,813,1344
452,814,1266
431,667,1098
506,650,1156
872,459,1331
90,391,481
555,640,1195
641,658,1299
76,527,603
653,606,1259
287,795,1082
711,601,1312
480,611,1091
400,416,816
126,655,781
725,761,1486
909,447,1356
259,564,823
861,584,1445
645,751,1396
421,547,968
248,723,971
541,405,946
179,732,911
324,716,1040
828,234,1062
778,601,1379
375,583,958
402,700,1102
574,527,1101
293,571,864
83,472,555
573,900,1473
712,2078,2790
257,584,841
620,757,1377
528,368,896
531,429,960
226,731,957
386,619,1005
113,459,572
549,418,967
227,799,1026
224,277,501
310,1957,2267
261,802,1063
643,418,1061
481,616,1097
359,2146,2505
148,556,704
424,929,1353
241,450,691
342,759,1101
207,599,806
484,724,1208
643,1278,1921
1195,1351,2546
569,690,1259
501,898,1399
267,529,796
776,582,1358
404,430,834
82,973,1055
354,1185,1539
1666,500,2166
63,441,504
657,445,1102
159,922,1081
379,690,1069
144,1688,1832
513,483,996
626,1100,1726
1817,537,2354
478,508,986
695,451,1146
476,777,1253
488,736,1224
362,1503,1865
551,724,1275
756,592,1348
799,577,1376
527,599,1126
963,316,1279
497,860,1357
322,572,894
384,1577,1961
359,616,975
577,778,1355
515,487,1002
517,447,964
849,598,1447
106,409,515
485,937,1422
421,600,1021
1666,417,2083
431,1151,1582
749,583,1332
652,602,1254
83,521,604
132,614,746
1021,682,1703
142,605,747
299,701,1000
1250,613,1863
188,1222,1410
812,503,1315
541,1308,1849
226,641,867
684,838,1522
1572,566,2138
558,534,1092
385,835,1220
373,1536,1909
918,114,1032
342,1346,1688
335,801,1136
346,711,1057
175,490,665
544,482,1026
656,844,1500
523,758,1281
221,708,929
57,360,417
992,954,1946
609,337,946
157,548,705
588,855,1443
871,828,1699
393,344,737
177,822,999
698,335,1033
614,560,1174
115,559,674
299,1614,1913
668,891,1559
211,852,1063
161,991,1152
456,1915,2371
226,1073,1299
508,288,796
733,477,1210
277,986,1263
1238,757,1995
1181,567,1748
303,1108,1411
490,730,1220
765,707,1472
816,777,1593
317,1021,1338
343,904,1247
274,570,844
575,594,1169
386,912,1298
546,970,1516
739,566,1305
281,928,1209
752,858,1610
760,876,1636
575,748,1323
274,629,903
438,746,1184
721,588,1309
842,534,1376
268,427,695
857,714,1571
541,653,1194
744,703,1447
506,759,1265
1057,466,1523
681,568,1249
1379,648,2027
911,536,1447
223,875,1098
595,849,1444
377,632,1009
842,647,1489
947,423,1370
637,648,1285
981,663,1644
292,1063,1355
491,865,1356
696,1391,2087
927,367,1294
742,451,1193
904,495,1399
642,858,1500
792,1127,1919
1058,849,1907
752,781,1533
747,770,1517
578,646,1224
1103,817,1920
801,757,1558
1239,299,1538
822,1188,2010
796,750,1546
785,824,1609
385,984,1369
837,1159,1996
858,823,1681
806,854,1660
594,758,1352
120,922,1042
1270,951,2221
694,1394,2088
423,1899,2322
543,1123,1666
707,1088,1795
1075,168,1243
1098,400,1498
910,307,1217
804,323,1127
855,854,1709
906,515,1421
769,1242,2011
782,646,1428
1004,809,1813
792,1321,2113
807,1492,2299
941,1005,1946
878,605,1483
576,1373,1949
907,400,1307
1053,1387,2440
1145,288,1433
947,412,1359
986,959,1945
994,1071,2065
1286,782,2068
1078,1023,2101
964,608,1572
895,952,1847
935,897,1832
834,1682,2516
84,536,620
167,523,690
964,891,1855
1272,671,1943
1271,664,1935
133,481,614
486,445,931
837,1099,1936
1096,846,1942
1749,992,2741
81,735,816
264,597,861
119,665,784
171,770,941
1419,593,2012
192,741,933
714,254,968
1270,687,1957
1275,883,2158
1408,977,2385
233,954,1187
756,445,1201
426,909,1335
349,854,1203
327,682,1009
111,894,1005
556,813,1369
1636,759,2395
395,828,1223
426,458,884
604,748,1352
294,770,1064
400,793,1193
227,630,857
744,754,1498
243,906,1149
389,407,796
650,705,1355
694,678,1372
457,392,849
847,618,1465
448,1037,1485
1094,426,1520
977,689,1666
404,1328,1732
431,912,1343
804,416,1220
579,552,1131
550,764,1314
522,290,812
842,642,1484
536,1096,1632
560,768,1328
842,912,1754
636,1240,1876
708,1139,1847
582,418,1000
687,562,1249
542,820,1362
160,417,577
623,728,1351
742,987,1729
749,1168,1917
644,804,1448
497,677,1174
882,1059,1941
353,372,725
585,538,1123
747,762,1509
384,475,859
772,888,1660
673,746,1419
624,808,1432
828,1040,1868
207,511,718
896,619,1515
283,488,771
276,623,899
748,1135,1883
851,279,1130
1050,549,1599
522,381,903
852,711,1563
1277,895,2172
221,843,1064
954,815,1769
423,802,1225
495,591,1086
949,926,1875
146,265,411
743,561,1304
820,379,1199
1041,692,1733
695,762,1457
210,510,720
786,796,1582
824,983,1807
478,793,1271
110,757,867
274,444,718
704,1424,2128
562,949,1511
463,459,922
1109,1315,2424
170,485,655
1002,1131,2133
882,710,1592
659,835,1494
328,557,885
248,509,757
380,899,1279
326,717,1043
515,453,968
1093,1215,2308
245,763,1008
521,674,1195
231,572,803
135,967,1102
585,478,1063
173,767,940
379,907,1286
821,914,1735
1251,895,2146
146,876,1022
818,431,1249
617,1176,1793
376,397,773
484,1357,1841
438,819,1257
184,1392,1576
401,600,1001
42,871,913
585,597,1182
504,1117,1621
214,878,1092
683,715,1398
701,556,1257
867,1342,2209
348,469,817
433,719,1152
815,711,1526
368,897,1265
769,508,1277
1029,636,1665
755,573,1328
455,702,1157
254,775,1029
420,461,881
519,1133,1652
545,590,1135
1008,534,1542
517,1331,1848
611,412,1023
1314,342,1656
569,538,1107
789,405,1194
432,683,1115
183,495,678
586,911,1497
1077,598,1675
1023,1029,2052
228,671,899
508,938,1446
370,523,893
694,606,1300
900,466,1366
707,260,967
805,1142,1947
388,551,939
1012,490,1502
178,622,800
239,956,1195
475,589,1064
629,693,1322
553,627,1180
191,419,610
1116,1419,2535
388,721,1109
457,1238,1695
512,599,1111
381,413,794
648,837,1485
812,473,1285
457,394,851
226,593,819
1186,1198,2384
590,773,1363
689,791,1480
552,926,1478
416,492,908
342,1620,1962
384,532,916
741,250,991
488,582,1070
537,1722,2259
590,634,1224
1084,627,1711
395,865,1260
734,1256,1990
1257,1214,2471
531,881,1412
611,537,1148
375,693,1068
182,640,822
869,596,1465
414,643,1057
434,1038,1472
1496,515,2011
590,524,1114
764,1269,2033
641,821,1462
1619,443,2062
163,456,619
519,485,1004
609,452,1061
158,657,815
1088,774,1862
528,457,985
409,632,1041
901,829,1730
497,724,1221
1126,458,1584
199,437,636
110,600,710
1007,940,1947
351,1288,1639
808,882,1690
87,756,843
634,1822,2456
497,1258,1755
352,577,929
378,431,809
141,826,967
454,1151,1605
937,476,1413
366,524,890
502,969,1471
150,728,878
448,1697,2145
377,479,856
805,451,1256
334,690,1024
1195,414,1609
518,649,1167
344,889,1233
291,865,1156
332,765,1097
497,1798,2295
235,374,609
542,894,1436
1690,805,2495
710,652,1362
984,322,1306
649,500,1149
323,834,1157
702,499,1201
824,695,1519
524,721,1245
668,603,1271
1618,653,2271
1214,597,1811
1019,674,1693
366,528,894
620,1342,1962
653,527,1180
690,611,1301
769,259,1028
429,536,965
1928,545,2473
548,714,1262
385,1344,1729
353,1106,1459
363,972,1335
317,458,775
130,572,702
862,926,1788
244,463,707
628,712,1340
174,558,732
535,1287,1822
845,938,1783
618,1025,1643
804,1198,2002
332,474,806
287,532,819
794,1109,1903
246,640,886
92,889,981
193,733,926
487,1332,1819
710,1112,1822
692,1053,1745
487,1560,2047
540,477,1017
467,574,1041
531,1194,1725
138,781,919
412,929,1341
270,648,918
498,922,1420
956,981,1937
1171,856,2027
492,755,1247
463,692,1155
740,623,1363
346,647,993
1239,696,1935
891,550,1441
914,598,1512
600,904,1504
479,630,1109
462,663,1125
840,704,1544
492,681,1173
94,1009,1103
408,712,1120
969,854,1823
1008,580,1588
808,396,1204
476,1207,1683
401,535,936
646,695,1341
705,841,1546
709,497,1206
653,1101,1754
512,658,1170
958,678,1636
285,542,827
526,594,1120
567,963,1530
837,659,1496
439,448,887
871,592,1463
576,647,1223
344,625,969
979,333,1312
576,739,1315
145,395,540
218,804,1022
453,587,1040
374,579,953
885,1058,1943
786,743,1529
603,1182,1785
560,512,1072
294,280,574
885,841,1726
592,1180,1772
444,626,1070
792,1476,2268
27,429,456
457,769,1226
748,852,1600
191,565,756
845,658,1503
610,999,1609
894,1338,2232
218,1142,1360
1132,478,1610
687,796,1483
393,858,1251
1156,454,1610
1027,523,1550
599,719,1318
412,1162,1574
591,938,1529
732,608,1340
535,1090,1625
892,728,1620
398,459,857
1077,533,1610
945,1665,2610
849,741,1590
879,812,1691
895,770,1665
1155,1203,2358
587,529,1116
986,838,1824
326,584,910
439,638,1077
262,445,707
1127,1420,2547
581,991,1572
520,557,1077
1103,855,1958
415,360,775
321,1662,1983
804,702,1506
386,640,1026
848,899,1747
1631,858,2489
246,1138,1384
363,863,1226
209,560,769
521,342,863
635,1361,1996
466,480,946
401,729,1130
684,568,1252
495,667,1162
150,325,475
550,844,1394
622,602,1224
474,2236,2710
101,894,995
68,477,545
192,1506,1698
416,2237,2653
103,701,804
228,293,521
1046,1103,2149
652,854,1506
154,895,1049
127,524,651
299,741,1040
1081,645,1726
181,533,714
1463,1292,2755
108,1008,1116
609,181,790
1046,1040,2086
1104,638,1742
536,554,1090
334,573,907
583,742,1325
762,835,1597
235,722,957
2169,722,2891
406,1305,1711
1053,721,1774
792,1081,1873
432,718,1150
585,608,1193
420,657,1077
575,620,1195
135,278,413
670,787,1457
468,893,1361
147,676,823
242,678,920
506,907,1413
718,774,1492
506,362,868
565,562,1127
958,838,1796
602,526,1128
391,553,944
333,651,984
280,767,1047
62,377,439
503,759,1262
485,652,1137
113,1022,1135
215,308,523
921,714,1635
432,694,1126
816,567,1383
845,306,1151
1784,631,2415
613,695,1308
698,503,1201
242,942,1184
364,437,801
714,329,1043
263,319,582
68,598,666
427,285,712
816,1219,2035
806,1050,1856
405,335,740
389,999,1388
406,508,914
270,722,992
333,587,920
344,603,947
489,500,989
420,1287,1707
907,1948,2855
484,514,998
551,559,1110
420,428,848
294,827,1121
440,443,883
1011,591,1602
673,399,1072
583,1250,1833
1112,1492,2604
538,477,1015
52,616,668
127,520,647
77,636,713
461,1581,2042
609,830,1439
267,879,1146
689,784,1473
143,621,764
760,780,1540
174,549,723
86,641,727
1533,551,2084
116,577,693
297,548,845
638,713,1351
261,618,879
398,483,881
325,622,947
1223,559,1782
233,660,893
193,649,842
653,2482,3135
596,571,1167
752,725,1477
330,263,593
398,611,1009
765,314,1079
218,1127,1345
941,658,1599
465,675,1140
241,2477,2718
596,747,1343
380,443,823
1472,551,2023
217,662,879
410,486,896
327,1047,1374
1202,917,2119
186,739,925
595,435,1030
415,1069,1484
488,457,945
336,704,1040
425,599,1024
859,300,1159
334,672,1006
223,872,1095
413,664,1077
908,292,1200
565,2270,2835
70,550,620
567,618,1185
487,650,1137
140,450,590
464,766,1230
143,631,774
601,195,796
205,2424,2629
565,237,802
400,841,1241
750,435,1185
448,342,790
600,1208,1808
692,629,1321
586,159,745
2081,612,2693
580,208,788
1028,388,1416
431,485,916
688,1157,1845
717,309,1026
1522,270,1792
893,316,1209
612,1512,2124
845,634,1479
2172,1080,3252
148,495,643
646,729,1375
180,553,733
2878,400,3278
151,487,638
169,436,605
977,493,1470
696,816,1512
470,907,1377
167,491,658
833,785,1618
1032,769,1801
354,1270,1624
900,876,1776
174,574,748
240,625,865
793,564,1357
191,542,733
1177,141,1318
454,714,1168
195,786,981
267,712,979
918,984,1902
116,863,979
392,937,1329
240,899,1139
374,317,691
123,425,548
93,136,229
200,832,1032
386,780,1166
105,1049,1154
298,1029,1327
590,744,1334
288,973,1261
472,713,1185
370,965,1335
129,253,382
652,555,1207
375,946,1321
690,819,1509
667,688,1355
1405,897,2302
587,836,1423
765,940,1705
157,490,647
410,901,1311
33,727,760
620,726,1346
604,1100,1704
612,324,936
725,1260,1985
400,621,1021
283,722,1005
624,1265,1889
203,698,901
378,1033,1411
623,1352,1975
626,705,1331
777,1013,1790
621,498,1119
476,632,1108
295,912,1207
252,723,975
694,1227,1921
945,1358,2303
1176,183,1359
514,898,1412
742,857,1599
802,552,1354
607,676,1283
644,746,1390
743,804,1547
406,736,1142
579,1029,1608
929,572,1501
1106,566,1672
844,908,1752
26,666,692
529,643,1172
626,484,1110
636,741,1377
1225,278,1503
625,706,1331
753,856,1609
434,440,874
834,282,1116
1272,516,1788
432,758,1190
564,1335,1899
571,593,1164
618,649,1267
721,1212,1933
260,658,918
787,621,1408
794,1418,2212
447,935,1382
495,717,1212
609,1524,2133
442,594,1036
855,785,1640
216,262,478
166,602,768
28,1418,1446
721,723,1444
609,700,1309
609,1366,1975
235,665,900
553,1140,1693
256,626,882
504,433,937
842,797,1639
285,723,1008
390,655,1045
1041,797,1838
523,546,1069
665,521,1186
271,762,1033
512,393,905
1235,756,1991
1362,461,1823
546,674,1220
431,782,1213
523,543,1066
1418,402,1820
1198,795,1993
1434,543,1977
360,726,1086
511,474,985
736,1048,1784
105,865,970
646,458,1104
737,400,1137
718,384,1102
606,1563,2169
249,1137,1386
711,393,1104
537,405,942
472,415,887
493,1664,2157
1308,918,2226
815,611,1426
764,385,1149
476,1604,2080
81,906,987
1023,434,1457
336,1424,1760
758,490,1248
1425,487,1912
1045,456,1501
1095,345,1440
986,482,1468
126,532,658
208,509,717
1460,671,2131
1082,384,1466
232,515,747
1389,526,1915
158,755,913
1390,456,1846
189,459,648
1685,523,2208
205,758,963
267,519,786
201,682,883
86,629,715
1367,553,1920
147,528,675
397,545,942
1687,584,2271
210,743,953
180,582,762
637,537,1174
75,970,1045
435,629,1064
516,559,1075
113,585,698
673,481,1154
352,496,848
67,1124,1191
332,599,931
39,611,650
2358,323,2681
739,801,1540
720,832,1552
442,567,1009
86,1497,1583
337,1058,1395
93,663,756
67,932,999
143,857,1000
430,737,1167
177,949,1126
167,681,848
423,1426,1849
325,803,1128
384,1542,1926
179,1066,1245
507,700,1207
501,439,940
857,1057,1914
364,848,1212
917,1085,2002
593,768,1361
599,479,1078
724,351,1075
481,1493,1974
537,981,1518
591,590,1181
1468,720,2188
1035,701,1736
817,694,1511
803,454,1257
707,262,969
618,1386,2004
185,1891,2076
690,654,1344
573,665,1238
1049,903,1952
463,1791,2254
871,423,1294
183,1469,1652
89,469,558
129,1499,1628
946,628,1574
380,639,1019
912,699,1611
501,1368,1869
687,858,1545
113,513,626
479,1852,2331
812,515,1327
1264,679,1943
85,1933,2018
324,707,1031
97,678,775
923,728,1651
175,632,807
399,527,926
145,905,1050
54,839,893
444,525,969
420,530,950
107,344,451
489,1804,2293
955,579,1534
85,544,629
1275,474,1749
302,1782,2084
546,561,1107
160,776,936
53,541,594
546,415,961
355,1887,2242
973,1743,2716
93,943,1036
182,729,911
718,1519,2237
1706,643,2349
94,623,717
594,480,1074
205,499,704
1656,708,2364
650,560,1210
1584,991,2575
133,1131,1264
402,758,1160
163,979,1142
1637,1227,2864
434,1078,1512
295,931,1226
387,577,964
844,691,1535
724,610,1334
373,476,849
898,450,1348
243,939,1182
63,1549,1612
471,910,1381
404,970,1374
1045,224,1269
542,730,1272
1229,835,2064
662,613,1275
432,807,1239
319,985,1304
885,754,1639
1395,724,2119
357,774,1131
464,753,1217
896,386,1282
422,777,1199
538,894,1432
689,667,1356
541,223,764
331,612,943
1375,702,2077
632,236,868
535,1301,1836
617,569,1186
809,441,1250
607,1290,1897
590,832,1422
839,673,1512
1710,657,2367
527,656,1183
510,651,1161
94,234,328
888,1299,2187
432,571,1003
698,313,1011
486,1152,1638
641,1052,1693
228,853,1081
879,327,1206
1118,471,1589
72,393,465
684,945,1629
574,905,1479
589,631,1220
166,479,645
545,877,1422
495,783,1278
259,619,878
122,646,768
1156,479,1635
104,576,680
648,798,1446
627,1082,1709
666,628,1294
1208,1004,2212
146,911,1057
557,958,1515
237,621,858
206,565,771
968,625,1593
101,696,797
483,1052,1535
603,1041,1644
134,909,1043
482,847,1329
542,1454,1996
958,788,1746
411,651,1062
610,483,1093
697,614,1311
532,794,1326
610,1294,1904
292,987,1279
325,639,964
1039,979,2018
257,800,1057
506,619,1125
641,700,1341
888,453,1341
714,640,1354
502,1053,1555
512,873,1385
776,680,1456
379,866,1245
484,872,1356
546,736,1282
723,401,1124
557,562,1119
782,850,1632
816,696,1512
551,811,1362
605,805,1410
549,640,1189
704,236,940
698,385,1083
1089,600,1689
955,341,1296
370,617,987
458,682,1140
559,510,1069
503,241,744
688,676,1364
519,345,864
936,336,1272
603,1133,1736
1010,235,1245
25,1001,1026
692,286,978
965,310,1275
372,1169,1541
344,1084,1428
816,726,1542
999,177,1176
1064,833,1897
946,522,1468
454,1459,1913
1076,271,1347
944,336,1280
1127,171,1298
878,1349,2227
402,1506,1908
385,394,779
136,475,611
201,576,777
973,1296,2269
219,498,717
185,596,781
1327,480,1807
846,826,1672
851,515,1366
916,930,1846
678,293,971
1293,582,1875
175,526,701
270,581,851
753,278,1031
246,567,813
252,559,811
415,168,583
858,1010,1868
946,1017,1963
976,1048,2024
850,1291,2141
1356,865,2221
328,712,1040
369,639,1008
300,824,1124
462,780,1242
427,377,804
173,1144,1317
542,781,1323
904,1297,2201
331,1052,1383
771,693,1464
286,1352,1638
426,674,1100
530,830,1360
406,701,1107
245,639,884
964,679,1643
403,931,1334
55,162,217
294,1001,1295
581,1016,1597
764,614,1378
249,1302,1551
626,640,1266
283,1226,1509
1209,459,1668
911,761,1672
327,1347,1674
94,737,831
701,799,1500
833,991,1824
571,981,1552
846,1012,1858
398,543,941
379,745,1124
1173,467,1640
261,1058,1319
1289,789,2078
142,924,1066
447,816,1263
751,857,1608
963,704,1667
1140,726,1866
439,708,1147
616,555,1171
589,554,1143
1158,430,1588
485,431,916
593,1080,1673
932,761,1693
1260,509,1769
903,472,1375
586,671,1257
631,402,1033
339,658,997
740,346,1086
625,712,1337
234,1243,1477
808,653,1461
913,493,1406
705,724,1429
409,650,1059
472,1014,1486
429,1021,1450
327,630,957
670,320,990
714,1164,1878
682,806,1488
740,546,1286
247,467,714
660,485,1145
478,666,1144
413,953,1366
803,784,1587
289,674,963
739,289,1028
532,599,1131
481,760,1241
669,948,1617
663,681,1344
1065,575,1640
330,892,1222
724,987,1711
62,575,637
704,580,1284
414,938,1352
115,499,614
161,992,1153
801,642,1443
648,835,1483
370,334,704
565,794,1359
635,841,1476
86,694,780
290,799,1089
670,939,1609
87,975,1062
673,237,910
669,326,995
828,1553,2381
804,649,1453
535,416,951
665,494,1159
694,1253,1947
384,484,868
1019,871,1890
650,417,1067
611,912,1523
458,738,1196
827,1233,2060
629,380,1009
35,1383,1418
782,380,1162
244,997,1241
561,520,1081
683,585,1268
929,1003,1932
116,855,971
327,655,982
602,911,1513
834,636,1470
64,1358,1422
581,877,1458
985,457,1442
271,1209,1480
437,1082,1519
349,778,1127
1031,600,1631
222,611,833
104,1382,1486
696,931,1627
674,686,1360
626,1097,1723
625,1020,1645
391,535,926
920,601,1521
419,534,953
1095,655,1750
934,678,1612
141,849,990
691,939,1630
50,618,668
1207,537,1744
416,583,999
376,536,912
1067,644,1711
500,470,970
66,556,622
1341,417,1758
571,524,1095
707,469,1176
256,915,1171
519,678,1197
660,724,1384
628,933,1561
520,798,1318
296,1344,1640
905,757,1662
768,939,1707
1345,969,2314
452,1374,1826
489,914,1403
550,903,1453
883,904,1787
881,739,1620
215,1569,1784
422,935,1357
568,798,1366
776,856,1632
108,746,854
508,857,1365
269,1773,2042
584,1358,1942
558,380,938
1253,479,1732
568,917,1485
603,1019,1622
608,781,1389
867,1139,2006
656,313,969
1195,368,1563
569,1003,1572
477,1619,2096
338,516,854
1461,597,2058
1101,691,1792
544,1043,1587
455,1105,1560
329,797,1126
111,1309,1420
449,1026,1475
632,834,1466
273,623,896
1046,292,1338
893,286,1179
323,602,925
382,1076,1458
1609,484,2093
827,652,1479
192,779,971
587,1139,1726
629,882,1511
107,426,533
125,634,759
914,614,1528
1720,671,2391
558,1281,1839
125,649,774
763,915,1678
679,1262,1941
471,332,803
192,737,929
1100,596,1696
905,608,1513
491,538,1029
937,935,1872
424,629,1053
553,1103,1656
349,669,1018
263,603,866
1035,1087,2122
740,416,1156
88,637,725
670,176,846
575,1998,2573
531,512,1043
681,554,1235
558,369,927
515,540,1055
440,758,1198
900,289,1189
235,852,1087
125,511,636
207,764,971
649,283,932
301,643,944
119,1515,1634
788,744,1532
1128,394,1522
305,1182,1487
709,663,1372
409,695,1104
129,381,510
604,497,1101
243,1405,1648
880,777,1657
75,472,547
621,1010,1631
108,561,669
574,614,1188
155,464,619
649,1258,1907
492,837,1329
242,633,875
794,626,1420
102,551,653
579,920,1499
357,535,892
373,622,995
349,1411,1760
518,1708,2226
633,801,1434
232,563,795
1474,663,2137
185,636,821
378,667,1045
498,459,957
484,569,1053
231,680,911
1031,734,1765
843,1524,2367
382,686,1068
1214,646,1860
705,544,1249
411,799,1210
1006,1483,2489
655,580,1235
548,793,1341
548,475,1023
238,445,683
550,682,1232
1598,558,2156
133,619,752
601,638,1239
1420,796,2216
317,517,834
273,533,806
641,804,1445
233,611,844
250,571,821
1061,554,1615
400,695,1095
611,433,1044
834,755,1589
545,374,919
397,519,916
633,496,1129
263,932,1195
238,481,719
1338,498,1836
642,448,1090
313,674,987
248,683,931
262,502,764
350,1079,1429
434,812,1246
285,823,1108
357,425,782
543,937,1480
348,596,944
312,700,1012
320,748,1068
434,708,1142
391,1091,1482
34,675,709
774,3613,4387
264,502,766
437,694,1131
490,1717,2207
1135,3659,4794
319,935,1254
198,606,804
897,302,1199
461,392,853
282,640,922
153,1683,1836
478,3380,3858
531,415,946
504,445,949
680,513,1193
502,507,1009
1420,2521,3941
541,808,1349
385,1538,1923
410,1118,1528
3653,452,4105
609,395,1004
332,405,737
568,1026,1594
155,644,799
239,667,906
190,1305,1495
1580,565,2145
673,1086,1759
560,904,1464
625,425,1050
263,1273,1536
1035,654,1689
493,354,847
578,702,1280
931,598,1529
3297,454,3751
727,1297,2024
491,773,1264
1045,318,1363
1342,689,2031
2483,708,3191
832,583,1415
587,547,1134
402,1068,1470
816,918,1734
109,642,751
122,482,604
1135,301,1436
1551,699,2250
302,574,876
367,478,845
356,409,765
256,780,1036
114,1834,1948
907,901,1808
417,601,1018
222,679,901
176,600,776
458,1184,1642
480,1055,1535
214,474,688
387,662,1049
419,418,837
48,1312,1360
374,578,952
526,514,1040
215,884,1099
218,1041,1259
965,1111,2076
592,725,1317
467,844,1311
257,914,1171
248,1145,1393
132,567,699
385,691,1076
494,948,1442
881,649,1530
181,654,835
563,619,1182
527,834,1361
774,824,1598
560,891,1451
513,361,874
247,641,888
429,1050,1479
1240,348,1588
148,2026,2174
1207,1066,2273
616,671,1287
98,890,988
427,2641,3068
489,1098,1587
516,714,1230
277,842,1119
514,1084,1598
1071,563,1634
690,712,1402
1109,1414,2523
583,708,1291
1766,1320,3086
879,864,1743
462,428,890
569,600,1169
571,735,1306
872,919,1791
769,439,1208
752,707,1459
893,965,1858
635,668,1303
867,815,1682
45,617,662
796,921,1717
601,792,1393
979,640,1619
712,826,1538
221,494,715
784,616,1400
889,444,1333
1785,1241,3026
747,730,1477
702,732,1434
1173,625,1798
698,827,1525
360,644,1004
35,727,762
637,295,932
70,627,697
2508,779,3287
737,826,1563
549,464,1013
453,784,1237
885,602,1487
572,444,1016
662,647,1309
666,669,1335
264,822,1086
837,995,1832
1124,944,2068
947,1297,2244
511,247,758
72,881,953
842,1234,2076
772,525,1297
698,656,1354
336,1103,1439
574,772,1346
257,1264,1521
1167,1017,2184
234,574,808
636,855,1491
635,938,1573
404,1199,1603
512,682,1194
482,734,1216
62,500,562
372,1331,1703
488,1195,1683
357,569,926
375,1040,1415
594,722,1316
1065,680,1745
75,799,874
522,745,1267
89,784,873
261,669,930
841,1029,1870
137,1335,1472
366,584,950
600,852,1452
514,519,1033
1006,735,1741
315,1392,1707
907,814,1721
1047,487,1534
473,1191,1664
322,694,1016
1093,785,1878
705,580,1285
1196,594,1790
1013,553,1566
541,856,1397
582,695,1277
730,667,1397
584,709,1293
760,809,1569
1165,614,1779
120,989,1109
917,640,1557
710,743,1453
445,511,956
558,630,1188
486,603,1089
351,1123,1474
581,838,1419
430,1161,1591
739,631,1370
384,1458,1842
432,855,1287
548,702,1250
673,694,1367
1088,792,1880
263,578,841
623,540,1163
642,1056,1698
866,1085,1951
470,964,1434
515,442,957
343,575,918
303,669,972
1033,601,1634
380,789,1169
283,433,716
227,833,1060
884,759,1643
328,956,1284
456,500,956
491,724,1215
595,1240,1835
827,483,1310
975,655,1630
514,689,1203
509,664,1173
1001,392,1393
1393,812,2205
752,773,1525
494,910,1404
497,685,1182
697,859,1556
435,905,1340
1185,1238,2423
538,680,1218
398,956,1354
505,391,896
272,1295,1567
438,990,1428
548,880,1428
176,801,977
340,667,1007
497,1167,1664
469,757,1226
203,1614,1817
516,877,1393
200,1358,1558
919,732,1651
224,1143,1367
695,783,1478
632,917,1549
442,1090,1532
977,609,1586
640,1424,2064
459,898,1357
576,827,1403
696,786,1482
648,1158,1806
689,824,1513
738,953,1691
889,624,1513
1001,852,1853
605,564,1169
609,1028,1637
1042,615,1657
1059,760,1819
1037,619,1656
844,615,1459
610,1827,2437
479,1891,2370
630,915,1545
721,374,1095
567,868,1435
1134,1362,2496
595,705,1300
1063,276,1339
710,992,1702
1156,1544,2700
488,620,1108
910,563,1473
710,359,1069
465,515,980
1441,1195,2636
645,922,1567
565,497,1062
835,644,1479
1201,1571,2772
561,853,1414
665,773,1438
558,529,1087
425,762,1187
1705,790,2495
533,697,1230
788,401,1189
872,482,1354
1635,855,2490
1149,627,1776
558,715,1273
86,654,740
910,692,1602
788,828,1616
652,712,1364
177,780,957
55,511,566
88,457,545
838,699,1537
476,557,1033
1092,554,1646
191,604,795
322,580,902
448,827,1275
426,488,914
401,860,1261
542,394,936
1439,683,2122
111,688,799
264,655,919
324,518,842
272,727,999
364,777,1141
732,709,1441
518,487,1005
769,836,1605
1448,887,2335
1105,772,1877
399,644,1043
588,345,933
180,1406,1586
268,2451,2719
282,786,1068
295,786,1081
482,2696,3178
266,552,818
319,1209,1528
546,511,1057
399,866,1265
560,593,1153
460,1301,1761
453,826,1279
405,718,1123
612,610,1222
475,1040,1515
625,705,1330
276,341,617
703,823,1526
299,1147,1446
647,2378,3025
426,935,1361
694,762,1456
370,869,1239
812,1063,1875
606,683,1289
373,1139,1512
937,563,1500
2490,880,3370
513,657,1170
873,649,1522
744,791,1535
434,1147,1581
2622,550,3172
318,533,851
473,370,843
774,947,1721
367,981,1348
659,583,1242
395,541,936
1186,455,1641
286,816,1102
462,539,1001
2308,549,2857
528,431,959
400,486,886
652,408,1060
1072,233,1305
296,1322,1618
530,734,1264
1121,231,1352
471,1028,1499
501,444,945
721,684,1405
593,2179,2772
501,743,1244
669,719,1388
764,674,1438
807,479,1286
222,241,463
513,1622,2135
77,425,502
1052,1313,2365
460,721,1181
463,822,1285
743,552,1295
1080,1407,2487
540,756,1296
62,550,612
865,1225,2090
96,466,562
292,502,794
224,336,560
845,584,1429
141,649,790
2219,229,2448
710,957,1667
437,602,1039
766,630,1396
1380,549,1929
458,584,1042
197,470,667
53,530,583
987,1251,2238
134,625,759
822,1356,2178
486,342,828
134,1235,1369
214,890,1104
1596,314,1910
731,356,1087
218,878,1096
108,893,1001
794,1082,1876
163,498,661
385,850,1235
678,628,1306
591,658,1249
123,647,770
247,440,687
700,1341,2041
383,1024,1407
133,721,854
430,1017,1447
735,1027,1762
1045,618,1663
371,539,910
706,904,1610
1087,704,1791
1152,551,1703
277,508,785
629,671,1300
651,751,1402
1614,992,2606
286,740,1026
344,505,849
619,337,956
458,601,1059
1185,597,1782
530,564,1094
310,567,877
880,467,1347
542,1217,1759
460,1354,1814
430,600,1030
642,507,1149
627,488,1115
717,597,1314
651,1079,1730
415,416,831
302,998,1300
398,458,856
798,1200,1998
578,1493,2071
565,1119,1684
643,704,1347
420,545,965
865,599,1464
1090,651,1741
455,553,1008
360,986,1346
440,611,1051
183,727,910
616,671,1287
152,1412,1564
316,911,1227
460,898,1358
487,818,1305
525,888,1413
288,1073,1361
1139,447,1586
237,768,1005
717,627,1344
713,1051,1764
489,1494,1983
374,857,1231
467,854,1321
779,744,1523
28,681,709
985,529,1514
429,927,1356
676,287,963
929,805,1734
341,662,1003
248,832,1080
974,1174,2148
483,701,1184
714,458,1172
488,624,1112
200,787,987
396,466,862
1092,1107,2199
638,821,1459
108,1093,1201
337,712,1049
223,950,1173
583,589,1172
437,827,1264
497,939,1436
1432,1163,2595
816,929,1745
275,1101,1376
333,628,961
634,425,1059
788,896,1684
727,730,1457
542,1075,1617
734,470,1204
521,575,1096
864,1242,2106
1073,537,1610
836,715,1551
552,768,1320
608,769,1377
1397,1288,2685
740,477,1217
813,481,1294
950,900,1850
994,445,1439
829,640,1469
1005,598,1603
1297,1237,2534
441,459,900
590,519,1109
850,356,1206
995,384,1379
235,465,700
740,578,1318
811,367,1178
1153,542,1695
962,1211,2173
462,767,1229
406,683,1089
838,685,1523
235,493,728
506,1003,1509
400,708,1108
387,378,765
787,478,1265
825,1150,1975
454,714,1168
178,512,690
521,845,1366
416,453,869
267,1126,1393
309,493,802
214,1036,1250
334,957,1291
425,1315,1740
195,682,877
501,605,1106
472,568,1040
80,754,834
254,661,915
980,2020,3000
1165,629,1794
416,863,1279
689,708,1397
456,910,1366
1043,965,2008
182,795,977
296,904,1200
354,613,967
697,2205,2902
308,862,1170
168,948,1116
675,637,1312
916,669,1585
342,599,941
382,1513,1895
479,862,1341
451,765,1216
365,862,1227
508,641,1149
749,513,1262
713,1115,1828
1028,919,1947
402,793,1195
622,2256,2878
838,705,1543
539,1071,1610
852,544,1396
869,685,1554
573,631,1204
699,562,1261
891,278,1169
411,636,1047
519,2466,2985
1231,577,1808
397,319,716
899,631,1530
572,566,1138
698,635,1333
557,633,1190
665,601,1266
769,1128,1897
681,608,1289
1955,837,2792
750,1008,1758
623,755,1378
628,738,1366
2176,849,3025
564,263,827
491,600,1091
2332,597,2929
608,986,1594
842,546,1388
702,1132,1834
582,816,1398
606,1179,1785
266,599,865
52,421,473
198,758,956
397,626,1023
728,470,1198
522,698,1220
427,1943,2370
858,420,1278
250,1042,1292
293,947,1240
100,560,660
967,624,1591
417,900,1317
471,1011,1482
489,855,1344
884,635,1519
734,792,1526
539,798,1337
146,764,910
329,804,1133
482,1033,1515
616,697,1313
361,825,1186
536,1116,1652
773,971,1744
561,761,1322
450,961,1411
989,355,1344
1340,1660,3000
666,774,1440
793,348,1141
508,826,1334
896,1780,2676
950,526,1476
613,219,832
641,611,1252
1747,982,2729
772,493,1265
739,505,1244
571,464,1035
361,1356,1717
622,1639,2261
751,338,1089
412,1325,1737
1071,1309,2380
752,1044,1796
389,1468,1857
1377,675,2052
612,1059,1671
936,1309,2245
1036,892,1928
626,1748,2374
1452,551,2003
278,1355,1633
1034,502,1536
737,1066,1803
1069,747,1816
676,1439,2115
811,592,1403
490,1133,1623
698,1127,1825
1279,377,1656
1597,158,1755
474,166,640
1066,1165,2231
609,1223,1832
1305,259,1564
332,664,996
88,535,623
1031,458,1489
1289,399,1688
799,313,1112
839,199,1038
1003,1098,2101
680,215,895
671,235,906
381,1222,1603
819,369,1188
1490,320,1810
64,213,277
57,258,315
705,581,1286
697,595,1292
374,1796,2170
978,532,1510
199,892,1091
98,509,607
706,305,1011
681,325,1006
142,541,683
164,410,574
711,487,1198
298,894,1192
220,1194,1414
147,437,584
146,647,793
725,682,1407
118,485,603
188,822,1010
136,449,585
135,666,801
542,896,1438
833,1671,2504
115,653,768
454,337,791
41,900,941
873,2070,2943
772,662,1434
229,880,1109
217,457,674
1773,923,2696
525,286,811
1625,949,2574
965,211,1176
1636,414,2050
109,821,930
185,187,372
271,559,830
76,768,844
1118,652,1770
100,995,1095
141,646,787
172,898,1070
153,468,621
303,1055,1358
400,1016,1416
129,1210,1339
92,1029,1121
255,1345,1600
312,1130,1442
349,1297,1646
333,1189,1522
808,708,1516
710,1012,1722
263,1393,1656
140,1202,1342
649,1142,1791
569,1024,1593
539,1320,1859
1192,596,1788
771,850,1621
839,1271,2110
638,392,1030
1031,832,1863
799,1029,1828
607,1098,1705
406,1117,1523
730,1133,1863
831,1322,2153
1024,847,1871
522,759,1281
1196,932,2128
42,587,629
968,975,1943
868,661,1529
978,621,1599
596,1470,2066
384,1055,1439
1006,515,1521
777,700,1477
1157,777,1934
955,930,1885
597,780,1377
258,900,1158
715,1111,1826
35,693,728
1075,1308,2383
629,1087,1716
57,714,771
46,830,876
725,1092,1817
854,983,1837
649,531,1180
461,792,1253
247,610,857
665,1360,2025
558,684,1242
134,906,1040
173,1162,1335
1104,1014,2118
309,1184,1493
616,798,1414
689,801,1490
459,692,1151
1426,847,2273
766,482,1248
420,781,1201
508,1004,1512
238,1122,1360
564,1047,1611
706,985,1691
1111,522,1633
965,785,1750
718,789,1507
286,599,885
680,814,1494
680,1113,1793
717,856,1573
1017,933,1950
808,755,1563
950,805,1755
1002,657,1659
641,722,1363
863,873,1736
411,810,1221
426,600,1026
965,787,1752
612,458,1070
736,849,1585
360,300,660
585,650,1235
370,929,1299
430,269,699
695,731,1426
1180,469,1649
618,706,1324
684,786,1470
797,885,1682
365,298,663
552,863,1415
398,2006,2404
274,1561,1835
438,1035,1473
677,825,1502
205,367,572
673,761,1434
750,618,1368
519,1968,2487
559,1400,1959
740,667,1407
497,662,1159
711,861,1572
932,1096,2028
438,1240,1678
637,1096,1733
273,1479,1752
478,789,1267
756,993,1749
1635,202,1837
534,1206,1740
487,1405,1892
1090,317,1407
1265,205,1470
959,258,1217
438,1236,1674
37,2720,2757
219,1568,1787
692,1492,2184
156,1159,1315
391,1345,1736
511,1433,1944
1684,470,2154
885,509,1394
1287,505,1792
2018,897,2915
1449,617,2066
464,773,1237
663,960,1623
1375,719,2094
2160,1066,3226
823,1657,2480
71,512,583
1124,883,2007
1237,901,2138
1485,850,2335
618,1048,1666
1287,1139,2426
1328,781,2109
1061,1287,2348
957,872,1829
52,542,594
1170,892,2062
2547,750,3297
1311,945,2256
1037,1100,2137
1338,875,2213
1212,984,2196
1236,1325,2561
456,602,1058
312,1002,1314
570,607,1177
1342,1186,2528
576,477,1053
1067,1515,2582
464,790,1254
538,629,1167
582,465,1047
1254,1274,2528
74,663,737
665,521,1186
785,508,1293
185,1108,1293
262,811,1073
657,528,1185
424,771,1195
454,426,880
511,929,1440
162,963,1125
415,690,1105
562,608,1170
517,1014,1531
26,1307,1333
590,410,1000
372,933,1305
365,494,859
871,614,1485
851,756,1607
419,931,1350
673,749,1422
884,791,1675
526,712,1238
637,879,1516
382,488,870
332,650,982
714,530,1244
441,752,1193
433,676,1109
801,951,1752
886,1043,1929
462,824,1286
589,1092,1681
496,980,1476
272,1255,1527
886,571,1457
506,1038,1544
809,1050,1859
660,1104,1764
1007,674,1681
435,1069,1504
686,642,1328
368,737,1105
727,1248,1975
409,1142,1551
665,745,1410
894,767,1661
840,912,1752
360,1787,2147
306,630,936
448,637,1085
1105,1390,2495
606,941,1547
630,562,1192
655,671,1326
899,810,1709
843,1024,1867
327,816,1143
123,633,756
988,923,1911
1239,1082,2321
363,1080,1443
718,682,1400
338,651,989
722,644,1366
593,650,1243
350,921,1271
874,646,1520
910,516,1426
1536,802,2338
461,885,1346
696,352,1048
580,624,1204
599,945,1544
549,681,1230
446,1263,1709
301,1271,1572
636,1325,1961
1022,602,1624
1263,656,1919
456,1162,1618
544,342,886
395,946,1341
998,659,1657
769,891,1660
397,459,856
656,727,1383
808,785,1593
464,708,1172
463,854,1317
594,809,1403
623,999,1622
667,1084,1751
1239,488,1727
281,483,764
537,1481,2018
722,973,1695
1159,357,1516
429,617,1046
768,610,1378
342,776,1118
739,933,1672
891,338,1229
670,687,1357
286,618,904
713,558,1271
646,1646,2292
904,1071,1975
582,643,1225
540,741,1281
1168,654,1822
307,451,758
578,816,1394
392,1855,2247
664,668,1332
569,1748,2317
624,1777,2401
901,1267,2168
770,1178,1948
731,1503,2234
939,1146,2085
844,1394,2238
1229,521,1750
438,1178,1616
873,1280,2153
676,273,949
871,1029,1900
406,1400,1806
1107,2265,3372
735,759,1494
342,1567,1909
1328,1884,3212
642,1166,1808
674,1420,2094
1658,1603,3261
580,1360,1940
668,1300,1968
748,2245,2993
708,333,1041
413,1880,2293
952,591,1543
501,1017,1518
32,1436,1468
2155,449,2604
1494,1734,3228
305,704,1009
22,1313,1335
47,1028,1075
688,1156,1844
805,821,1626
903,725,1628
978,608,1586
1250,441,1691
1449,1652,3101
216,715,931
1309,643,1952
344,785,1129
199,1537,1736
1223,794,2017
291,622,913
1181,630,1811
807,1090,1897
39,1646,1685
405,553,958
499,410,909
173,768,941
222,1973,2195
1277,797,2074
635,1662,2297
833,1102,1935
387,1535,1922
715,303,1018
35,553,588
209,784,993
1133,1120,2253
507,696,1203
463,2004,2467
1234,639,1873
845,1571,2416
995,844,1839
908,496,1404
751,1331,2082
1972,809,2781
982,583,1565
193,540,733
1435,1145,2580
335,419,754
933,1712,2645
237,901,1138
196,663,859
366,828,1194
758,1283,2041
1426,1395,2821
379,909,1288
218,772,990
730,1181,1911
1631,1387,3018
446,774,1220
590,465,1055
223,1244,1467
1212,1161,2373
1519,875,2394
1520,941,2461
514,593,1107
1916,1178,3094
545,787,1332
521,623,1144
1353,893,2246
393,776,1169
1033,485,1518
903,512,1415
1109,564,1673
1272,482,1754
717,761,1478
479,1352,1831
623,1354,1977
1452,1446,2898
1155,574,1729
793,659,1452
680,372,1052
371,582,953
978,820,1798
313,686,999
309,343,652
303,547,850
341,893,1234
278,1118,1396
1888,1408,3296
409,840,1249
533,1478,2011
1033,931,1964
847,1161,2008
549,1078,1627
266,1178,1444
494,934,1428
508,660,1168
830,1689,2519
350,556,906
745,574,1319
608,1644,2252
729,1019,1748
567,875,1442
738,798,1536
123,1024,1147
537,900,1437
1152,1632,2784
640,795,1435
409,897,1306
940,1087,2027
874,1061,1935
649,935,1584
753,500,1253
486,699,1185
1051,1156,2207
855,611,1466
1167,1006,2173
108,1137,1245
1014,695,1709
1433,964,2397
229,1025,1254
534,872,1406
1723,601,2324
1148,1092,2240
787,633,1420
828,659,1487
115,1553,1668
671,634,1305
108,1761,1869
559,789,1348
806,368,1174
774,728,1502
1583,1018,2601
423,373,796
815,757,1572
229,1819,2048
967,588,1555
1014,537,1551
692,727,1419
1020,548,1568
918,1089,2007
926,1037,1963
465,385,850
136,2682,2818
472,1823,2295
870,801,1671
597,1306,1903
494,2691,3185
834,699,1533
1072,1305,2377
754,1233,1987
312,844,1156
577,758,1335
1527,946,2473
540,1389,1929
1698,1536,3234
843,978,1821
1536,872,2408
419,1376,1795
2571,850,3421
69,1267,1336
252,662,914
130,943,1073
889,708,1597
556,658,1214
553,981,1534
331,1203,1534
2513,475,2988
1610,759,2369
722,1019,1741
225,1320,1545
489,521,1010
1117,548,1665
1018,1024,2042
708,581,1289
1193,664,1857
696,752,1448
824,885,1709
552,1364,1916
545,1202,1747
761,1030,1791
214,485,699
1182,680,1862
980,1062,2042
570,776,1346
756,575,1331
705,719,1424
1175,1097,2272
1317,756,2073
595,1319,1914
833,899,1732
274,1490,1764
507,1453,1960
297,730,1027
635,552,1187
277,1736,2013
202,872,1074
365,861,1226
249,670,919
813,640,1453
452,818,1270
273,787,1060
948,949,1897
1053,1011,2064
862,348,1210
383,1582,1965
436,1032,1468
606,656,1262
696,522,1218
1114,684,1798
649,674,1323
190,554,744
725,1063,1788
1130,1075,2205
656,763,1419
1412,748,2160
1174,1508,2682
630,679,1309
647,1081,1728
772,934,1706
786,706,1492
452,972,1424
962,861,1823
690,516,1206
1385,725,2110
876,503,1379
499,661,1160
1456,878,2334
422,844,1266
1042,884,1926
361,717,1078
344,1327,1671
566,1322,1888
322,1022,1344
627,1319,1946
541,1739,2280
631,511,1142
755,1039,1794
537,1104,1641
616,680,1296
869,909,1778
1050,557,1607
969,305,1274
511,1601,2112
445,635,1080
288,569,857
539,793,1332
751,920,1671
450,686,1136
829,1141,1970
1317,283,1600
497,717,1214
495,891,1386
960,433,1393
420,1213,1633
421,918,1339
765,1532,2297
394,468,862
463,858,1321
555,688,1243
946,1364,2310
734,893,1627
398,978,1376
660,1283,1943
765,680,1445
1340,1291,2631
360,875,1235
174,518,692
1177,1459,2636
350,508,858
513,1350,1863
364,796,1160
582,1000,1582
1424,829,2253
307,1743,2050
535,838,1373
1467,1037,2504
131,524,655
971,885,1856
675,528,1203
549,1280,1829
778,1038,1816
1225,699,1924
855,505,1360
38,1193,1231
1645,383,2028
1464,1127,2591
1235,584,1819
500,1233,1733
1201,1268,2469
223,613,836
1151,679,1830
671,657,1328
668,641,1309
333,673,1006
910,672,1582
674,847,1521
693,1111,1804
670,857,1527
719,369,1088
677,603,1280
577,717,1294
395,686,1081
518,595,1113
1056,1169,2225
483,873,1356
601,1087,1688
1152,1585,2737
1004,779,1783
387,549,936
397,761,1158
900,1245,2145
1078,691,1769
24,629,653
1143,854,1997
772,715,1487
826,1506,2332
594,691,1285
1074,849,1923
489,543,1032
1140,1280,2420
554,816,1370
61,846,907
908,1191,2099
887,965,1852
652,744,1396
468,826,1294
1250,510,1760
391,841,1232
778,995,1773
399,767,1166
988,354,1342
685,1004,1689
1389,616,2005
522,1169,1691
1043,729,1772
302,889,1191
316,360,676
980,875,1855
714,758,1472
510,1087,1597
745,477,1222
466,1788,2254
357,579,936
797,473,1270
376,759,1135
382,797,1179
528,840,1368
746,1300,2046
468,929,1397
1047,408,1455
501,1051,1552
695,2729,3424
328,819,1147
695,462,1157
188,830,1018
734,701,1435
744,941,1685
576,1258,1834
342,773,1115
422,815,1237
572,1052,1624
545,2938,3483
1155,825,1980
173,579,752
434,981,1415
694,1157,1851
167,987,1154
498,658,1156
585,427,1012
501,2055,2556
994,620,1614
449,1924,2373
969,1307,2276
938,862,1800
607,1746,2353
1527,2318,3845
820,1273,2093
755,480,1235
1675,654,2329
606,859,1465
1102,746,1848
412,506,918
1733,388,2121
580,1766,2346
1187,311,1498
1739,262,2001
653,322,975
644,913,1557
543,298,841
945,1839,2784
448,180,628
1148,393,1541
1017,2011,3028
2605,1322,3927
611,1765,2376
520,544,1064
819,1507,2326
85,208,293
37,862,899
129,569,698
679,1639,2318
118,325,443
490,726,1216
492,1758,2250
243,534,777
749,1932,2681
517,729,1246
697,1591,2288
240,1562,1802
130,342,472
689,604,1293
256,373,629
622,2111,2733
278,2078,2356
177,402,579
2874,1565,4439
1616,1289,2905
408,2093,2501
314,368,682
556,1196,1752
1847,1498,3345
843,1936,2779
1072,1472,2544
475,273,748
419,1856,2275
1700,879,2579
1463,438,1901
1193,1118,2311
942,1587,2529
763,868,1631
2012,635,2647
1580,817,2397
63,1235,1298
1266,719,1985
1440,923,2363
1734,1044,2778
942,1654,2596
1636,836,2472
75,1231,1306
1386,496,1882
1700,1057,2757
1427,879,2306
896,644,1540
1045,1305,2350
790,708,1498
102,533,635
119,788,907
96,836,932
184,690,874
1738,1057,2795
108,828,936
939,915,1854
187,492,679
795,740,1535
720,707,1427
104,858,962
1490,932,2422
1388,707,2095
24,897,921
410,397,807
454,624,1078
792,495,1287
227,914,1141
1790,720,2510
409,469,878
412,539,951
1054,944,1998
236,898,1134
41,916,957
732,356,1088
1071,785,1856
590,494,1084
503,719,1222
1554,1322,2876
709,466,1175
86,1066,1152
515,1004,1519
183,1098,1281
766,657,1423
1231,1160,2391
799,664,1463
252,861,1113
183,1673,1856
745,830,1575
189,1311,1500
307,1004,1311
394,1608,2002
727,601,1328
811,880,1691
620,613,1233
1209,799,2008
942,455,1397
118,607,725
639,562,1201
740,1001,1741
38,696,734
279,1018,1297
1103,417,1520
389,1175,1564
287,493,780
738,747,1485
939,778,1717
171,555,726
416,1155,1571
81,454,535
73,763,836
264,764,1028
799,812,1611
450,348,798
702,1046,1748
385,986,1371
1097,726,1823
345,729,1074
955,1005,1960
691,699,1390
124,1126,1250
325,741,1066
777,1262,2039
22,1413,1435
1277,336,1613
659,881,1540
804,500,1304
493,1057,1550
722,696,1418
299,1151,1450
624,680,1304
824,1523,2347
23,1523,1546
1010,759,1769
981,719,1700
120,676,796
805,904,1709
564,1058,1622
381,526,907
486,1413,1899
761,953,1714
135,900,1035
103,862,965
252,666,918
368,686,1054
313,961,1274
894,538,1432
1033,1006,2039
1296,589,1885
576,772,1348
920,521,1441
480,964,1444
1566,755,2321
1087,711,1798
716,539,1255
1249,843,2092
366,962,1328
247,370,617
539,488,1027
833,361,1194
192,357,549
555,1195,1750
56,528,584
430,833,1263
240,327,567
87,501,588
743,985,1728
768,731,1499
1070,443,1513
189,312,501
618,1244,1862
91,792,883
117,503,620
1004,1037,2041
798,913,1711
195,1242,1437
937,815,1752
40,1054,1094
354,765,1119
208,675,883
375,427,802
283,312,595
302,806,1108
755,1214,1969
936,1316,2252
37,1027,1064
586,478,1064
259,1694,1953
215,855,1070
255,587,842
670,1505,2175
585,701,1286
553,1016,1569
873,1331,2204
722,835,1557
614,1897,2511
766,541,1307
958,570,1528
92,1583,1675
554,513,1067
722,1465,2187
286,694,980
430,609,1039
476,689,1165
486,1421,1907
836,690,1526
675,743,1418
498,1185,1683
612,1065,1677
292,853,1145
737,1979,2716
527,1352,1879
392,1031,1423
1160,1944,3104
695,1169,1864
596,753,1349
455,562,1017
984,975,1959
396,679,1075
56,977,1033
518,702,1220
1159,957,2116
643,623,1266
113,1194,1307
1154,923,2077
653,1093,1746
1329,274,1603
1442,504,1946
1297,693,1990
957,1031,1988
502,475,977
912,713,1625
593,455,1048
306,1277,1583
829,579,1408
249,1297,1546
344,1082,1426
1088,704,1792
883,910,1793
582,1098,1680
848,901,1749
1190,836,2026
516,679,1195
839,727,1566
590,299,889
435,1095,1530
1432,1409,2841
1115,907,2022
1021,772,1793
944,910,1854
626,733,1359
542,1414,1956
644,865,1509
566,882,1448
167,1438,1605
1825,1066,2891
36,918,954
1173,659,1832
951,1084,2035
640,622,1262
544,736,1280
893,1426,2319
292,812,1104
1080,1077,2157
937,1281,2218
711,1293,2004
274,746,1020
1023,666,1689
377,988,1365
461,678,1139
970,892,1862
139,811,950
790,898,1688
1342,794,2136
1268,699,1967
379,840,1219
779,782,1561
284,1090,1374
510,835,1345
280,1083,1363
869,1250,2119
800,717,1517
1352,694,2046
564,809,1373
1362,983,2345
1197,636,1833
963,648,1611
608,998,1606
745,1518,2263
687,639,1326
539,1015,1554
661,892,1553
605,434,1039
625,644,1269
1069,683,1752
610,743,1353
579,587,1166
724,474,1198
755,492,1247
759,842,1601
502,1444,1946
926,663,1589
601,1543,2144
658,904,1562
497,598,1095
755,530,1285
333,372,705
798,456,1254
418,516,934
802,1359,2161
709,1535,2244
822,1116,1938
830,1433,2263
715,997,1712
373,614,987
744,1204,1948
404,569,973
811,816,1627
557,762,1319
401,696,1097
1438,844,2282
528,1065,1593
925,1231,2156
39,722,761
472,428,900
543,743,1286
625,1474,2099
602,599,1201
474,1202,1676
486,407,893
1380,869,2249
360,1049,1409
962,1263,2225
486,442,928
386,916,1302
948,819,1767
558,878,1436
659,553,1212
696,849,1545
1144,661,1805
607,701,1308
708,578,1286
456,941,1397
157,1558,1715
124,1063,1187
1421,781,2202
277,1917,2194
901,1249,2150
1427,865,2292
813,601,1414
759,1151,1910
1157,1071,2228
748,615,1363
393,1074,1467
1447,707,2154
1204,1434,2638
675,581,1256
1100,1066,2166
333,570,903
925,715,1640
241,722,963
638,1354,1992
832,870,1702
660,356,1016
1453,1389,2842
175,846,1021
1118,1122,2240
833,1022,1855
339,695,1034
52,555,607
901,1258,2159
359,1099,1458
415,826,1241
709,854,1563
303,1303,1606
1684,1433,3117
334,1256,1590
327,1405,1732
752,909,1661
255,861,1116
556,1089,1645
36,1307,1343
718,1016,1734
536,1155,1691
639,1130,1769
900,812,1712
448,1138,1586
305,1103,1408
571,894,1465
176,940,1116
311,1206,1517
344,1665,2009
879,972,1851
753,1200,1953
788,707,1495
265,1059,1324
938,833,1771
790,1198,1988
569,570,1139
414,1268,1682
516,1041,1557
986,660,1646
599,1037,1636
792,585,1377
980,763,1743
908,705,1613
643,1061,1704
637,553,1190
1060,1111,2171
939,455,1394
669,576,1245
779,1037,1816
767,902,1669
543,840,1383
417,1449,1866
623,532,1155
425,1652,2077
987,1235,2222
741,609,1350
838,459,1297
323,319,642
636,443,1079
1022,958,1980
811,841,1652
1277,1117,2394
428,673,1101
311,659,970
1119,651,1770
1028,512,1540
1041,1330,2371
904,371,1275
1196,626,1822
575,1292,1867
722,472,1194
857,1230,2087
71,390,461
184,1007,1191
1022,953,1975
860,1330,2190
112,402,514
853,1484,2337
1026,874,1900
262,310,572
82,954,1036
766,1149,1915
473,987,1460
56,460,516
624,517,1141
752,1101,1853
130,614,744
1416,1439,2855
256,460,716
853,691,1544
740,1042,1782
1437,1752,3189
451,466,917
736,444,1180
326,902,1228
203,786,989
283,987,1270
818,504,1322
542,704,1246
998,1038,2036
479,936,1415
1478,1063,2541
57,500,557
764,765,1529
874,886,1760
52,755,807
172,454,626
32,535,567
154,581,735
887,415,1302
90,1101,1191
190,1507,1697
792,1018,1810
470,574,1044
256,1681,1937
982,653,1635
197,593,790
305,1639,1944
1228,558,1786
259,1490,1749
417,768,1185
437,912,1349
140,733,873
526,532,1058
317,556,873
140,1135,1275
935,1080,2015
24,740,764
522,521,1043
313,1126,1439
667,1329,1996
778,1212,1990
340,934,1274
449,934,1383
982,675,1657
1067,414,1481
642,680,1322
242,571,813
519,1050,1569
298,664,962
290,1361,1651
209,934,1143
1074,2017,3091
950,673,1623
376,997,1373
1041,583,1624
504,2296,2800
1206,553,1759
56,928,984
281,818,1099
484,1254,1738
318,974,1292
470,1032,1502
736,896,1632
876,722,1598
648,683,1331
672,2169,2841
409,425,834
311,1009,1320
359,756,1115
558,609,1167
533,830,1363
294,666,960
552,819,1371
682,694,1376
836,482,1318
568,672,1240
447,1266,1713
310,1389,1699
24,677,701
893,938,1831
655,1571,2226
558,1243,1801
994,719,1713
818,670,1488
761,1191,1952
1866,1407,3273
266,870,1136
434,388,822
1786,1360,3146
876,1413,2289
338,1559,1897
1283,1079,2362
1326,891,2217
54,1274,1328
658,1354,2012
545,576,1121
161,1227,1388
1769,1369,3138
1092,1008,2100
1101,407,1508
1274,1306,2580
986,755,1741
446,763,1209
706,1637,2343
1301,424,1725
901,830,1731
823,1307,2130
1177,433,1610
1221,365,1586
1236,612,1848
780,1953,2733
1024,560,1584
678,841,1519
60,763,823
746,740,1486
791,850,1641
293,1725,2018
365,1553,1918
884,1017,1901
654,443,1097
283,506,789
631,1362,1993
696,324,1020
1325,738,2063
241,673,914
549,1531,2080
555,926,1481
127,1150,1277
340,450,790
720,462,1182
1176,1122,2298
332,624,956
655,1668,2323
678,403,1081
1079,1170,2249
241,466,707
1159,793,1952
897,1321,2218
344,592,936
397,1143,1540
1379,1439,2818
656,2155,2811
284,546,830
1382,1202,2584
1298,1113,2411
708,291,999
836,1455,2291
117,903,1020
628,990,1618
1648,677,2325
541,2522,3063
716,897,1613
601,532,1133
1097,1229,2326
763,2495,3258
29,687,716
619,931,1550
372,909,1281
1939,1374,3313
888,549,1437
628,894,1522
1006,1116,2122
29,518,547
1385,1156,2541
25,702,727
798,1379,2177
1616,876,2492
252,766,1018
223,668,891
885,1613,2498
1204,1004,2208
1260,848,2108
45,988,1033
1163,1720,2883
65,895,960
506,537,1043
462,687,1149
962,1376,2338
406,877,1283
2437,597,3034
826,762,1588
1658,1576,3234
653,904,1557
539,738,1277
1091,500,1591
1200,1810,3010
314,798,1112
2393,994,3387
247,822,1069
1223,1125,2348
232,709,941
1056,1602,2658
1128,525,1653
1566,1309,2875
719,781,1500
779,806,1585
34,1192,1226
830,1071,1901
479,923,1402
639,612,1251
487,1434,1921
542,1200,1742
528,1523,2051
721,1449,2170
980,753,1733
662,843,1505
318,1670,1988
473,543,1016
330,870,1200
208,1041,1249
589,691,1280
415,905,1320
814,1102,1916
433,1472,1905
428,1024,1452
565,914,1479
794,1489,2283
1472,686,2158
410,1044,1454
389,1092,1481
760,731,1491
315,846,1161
796,1008,1804
1339,740,2079
1377,746,2123
547,1048,1595
1276,770,2046
1154,1397,2551
1029,794,1823
1267,750,2017
673,909,1582
789,763,1552
1599,1161,2760
1410,1097,2507
685,972,1657
259,902,1161
1485,1020,2505
668,953,1621
678,501,1179
533,1707,2240
501,1150,1651
1151,1470,2621
879,1009,1888
506,917,1423
692,902,1594
1390,919,2309
904,764,1668
581,510,1091
744,1268,2012
760,596,1356
818,1107,1925
585,956,1541
675,1004,1679
748,1018,1766
1194,894,2088
630,657,1287
481,1493,1974
1100,1162,2262
943,747,1690
510,494,1004
747,1136,1883
991,810,1801
585,1052,1637
655,1011,1666
793,898,1691
410,780,1190
549,932,1481
947,1203,2150
592,956,1548
842,694,1536
840,1049,1889
881,973,1854
776,1138,1914
203,875,1078
672,673,1345
862,1275,2137
1043,977,2020
574,704,1278
660,516,1176
1153,898,2051
784,929,1713
899,833,1732
945,980,1925
849,760,1609
555,1633,2188
896,910,1806
860,1271,2131
729,861,1590
392,480,872
520,997,1517
869,928,1797
934,665,1599
439,829,1268
865,1014,1879
341,866,1207
1068,885,1953
893,1059,1952
1245,1718,2963
449,708,1157
627,886,1513
362,1724,2086
699,597,1296
70,764,834
590,846,1436
599,791,1390
850,774,1624
457,1231,1688
494,519,1013
642,1656,2298
631,1093,1724
520,1309,1829
469,1399,1868
786,855,1641
622,1293,1915
695,538,1233
237,1503,1740
1240,2080,3320
711,938,1649
1087,266,1353
1160,1778,2938
643,673,1316
327,1154,1481
824,1299,2123
820,1206,2026
588,1528,2116
1165,2038,3203
73,1138,1211
400,1268,1668
1199,613,1812
1195,1600,2795
414,760,1174
687,833,1520
173,1482,1655
1475,1551,3026
402,829,1231
998,1438,2436
237,1383,1620
589,1129,1718
1021,690,1711
855,315,1170
1065,748,1813
448,1353,1801
1067,867,1934
578,727,1305
1399,1233,2632
465,1369,1834
772,702,1474
1623,698,2321
661,1690,2351
1082,463,1545
1071,921,1992
1490,740,2230
1275,1400,2675
774,192,966
1240,593,1833
1396,546,1942
314,849,1163
1211,433,1644
752,900,1652
1889,771,2660
1024,789,1813
1363,941,2304
1320,1041,2361
532,844,1376
251,560,811
1112,793,1905
788,239,1027
719,475,1194
1059,550,1609
57,318,375
94,465,559
1068,919,1987
864,525,1389
103,872,975
111,415,526
624,1144,1768
1555,1150,2705
706,1432,2138
265,803,1068
1332,1309,2641
57,420,477
82,517,599
155,875,1030
113,514,627
37,1052,1089
1378,884,2262
364,1319,1683
264,913,1177
89,1149,1238
195,367,562
982,870,1852
59,614,673
305,1231,1536
900,836,1736
1270,1315,2585
536,401,937
356,942,1298
896,913,1809
678,1473,2151
219,851,1070
500,743,1243
72,597,669
725,582,1307
709,399,1108
233,670,903
1030,781,1811
602,712,1314
1215,990,2205
1011,642,1653
803,667,1470
470,872,1342
827,1158,1985
123,400,523
433,842,1275
235,1357,1592
839,415,1254
305,758,1063
244,990,1234
98,786,884
206,567,773
903,555,1458
93,737,830
169,1658,1827
430,686,1116
238,617,855
708,1176,1884
296,1410,1706
143,595,738
616,318,934
79,668,747
725,1211,1936
458,812,1270
207,944,1151
616,523,1139
251,726,977
197,1534,1731
292,324,616
690,1363,2053
494,837,1331
504,880,1384
410,864,1274
809,1272,2081
231,976,1207
50,903,953
448,994,1442
359,445,804
1023,1373,2396
705,859,1564
60,743,803
902,694,1596
1531,1025,2556
160,1664,1824
314,689,1003
536,517,1053
165,633,798
473,1390,1863
720,449,1169
584,621,1205
1114,793,1907
516,893,1409
129,1565,1694
322,801,1123
861,707,1568
705,1148,1853
269,722,991
756,455,1211
829,425,1254
904,513,1417
1541,522,2063
322,840,1162
634,645,1279
1037,545,1582
875,1285,2160
330,1927,2257
1073,523,1596
521,687,1208
1046,1391,2437
232,361,593
591,864,1455
1089,661,1750
362,1126,1488
655,1332,1987
631,1488,2119
327,808,1135
783,1154,1937
1477,999,2476
295,339,634
698,518,1216
608,1384,1992
314,582,896
458,955,1413
470,984,1454
221,867,1088
715,813,1528
1141,790,1931
332,471,803
317,827,1144
1227,534,1761
642,1250,1892
653,832,1485
1129,2175,3304
322,813,1135
1140,695,1835
718,1219,1937
441,921,1362
340,844,1184
1021,1435,2456
679,747,1426
340,635,975
715,556,1271
712,425,1137
564,2638,3202
854,651,1505
805,329,1134
608,1004,1612
1339,926,2265
575,689,1264
211,1081,1292
79,1312,1391
1046,928,1974
716,676,1392
233,1732,1965
473,1524,1997
518,634,1152
770,1652,2422
1322,1442,2764
1177,2349,3526
594,810,1404
833,1376,2209
1909,1727,3636
694,1303,1997
666,297,963
797,787,1584
250,1839,2089
806,536,1342
772,590,1362
1303,554,1857
1237,983,2220
954,1285,2239
410,1114,1524
143,738,881
507,828,1335
393,1848,2241
336,616,952
186,919,1105
832,903,1735
1199,1005,2204
1347,443,1790
157,889,1046
539,1420,1959
2489,956,3445
541,890,1431
1429,798,2227
2231,1084,3315
530,845,1375
771,857,1628
1502,797,2299
725,568,1293
338,987,1325
978,1152,2130
585,595,1180
1027,1106,2133
751,620,1371
1657,751,2408
1231,628,1859
635,461,1096
810,390,1200
769,943,1712
1669,736,2405
859,1142,2001
355,878,1233
1685,1022,2707
1117,966,2083
809,890,1699
790,418,1208
831,729,1560
720,629,1349
1032,880,1912
483,1077,1560
766,1214,1980
325,878,1203
1164,762,1926
1028,670,1698
644,717,1361
872,648,1520
774,721,1495
732,783,1515
650,565,1215
784,763,1547
762,993,1755
1055,667,1722
173,1282,1455
632,898,1530
458,1584,2042
757,535,1292
732,959,1691
597,671,1268
47,847,894
835,845,1680
820,646,1466
195,772,967
737,1079,1816
609,891,1500
481,701,1182
902,1272,2174
300,804,1104
340,886,1226
747,1113,1860
802,433,1235
382,661,1043
528,872,1400
70,591,661
917,1038,1955
675,739,1414
620,834,1454
68,1359,1427
230,1193,1423
735,504,1239
468,806,1274
617,964,1581
892,1034,1926
976,491,1467
73,787,860
437,1042,1479
1177,1728,2905
481,1338,1819
382,646,1028
573,1044,1617
29,965,994
386,1111,1497
322,1108,1430
538,805,1343
345,841,1186
597,625,1222
537,937,1474
735,682,1417
445,935,1380
375,1092,1467
737,1408,2145
1316,538,1854
685,541,1226
854,2741,3595
848,659,1507
879,1202,2081
443,1434,1877
1389,2658,4047
614,1330,1944
780,617,1397
579,1122,1701
109,820,929
934,434,1368
825,665,1490
687,1143,1830
429,627,1056
842,1741,2583
1601,1776,3377
826,1155,1981
541,1434,1975
2662,938,3600
432,695,1127
1090,861,1951
395,753,1148
721,1017,1738
636,1646,2282
789,565,1354
915,887,1802
506,429,935
335,534,869
1017,1423,2440
378,892,1270
558,489,1047
1473,735,2208
831,510,1341
1270,662,1932
358,935,1293
1175,559,1734
532,789,1321
1214,1248,2462
392,1079,1471
712,913,1625
481,538,1019
722,526,1248
708,1041,1749
651,1749,2400
1078,418,1496
333,1553,1886
652,827,1479
194,1699,1893
2444,562,3006
598,547,1145
404,1513,1917
344,701,1045
891,1082,1973
61,1185,1246
624,1409,2033
813,822,1635
332,932,1264
1506,1295,2801
1102,1134,2236
922,962,1884
567,1124,1691
52,588,640
317,704,1021
1512,483,1995
557,1079,1636
533,754,1287
724,800,1524
829,1621,2450
1482,794,2276
1576,849,2425
300,1632,1932
822,1192,2014
1271,809,2080
140,1277,1417
971,1008,1979
1435,869,2304
829,711,1540
370,1137,1507
736,853,1589
1214,803,2017
644,606,1250
278,956,1234
123,1416,1539
1104,347,1451
573,962,1535
343,1394,1737
877,325,1202
973,288,1261
1258,253,1511
476,1150,1626
423,1739,2162
699,302,1001
702,864,1566
512,2031,2543
690,231,921
382,1471,1853
528,1159,1687
994,704,1698
792,1529,2321
852,2339,3191
705,383,1088
1010,955,1965
845,481,1326
991,490,1481
906,1404,2310
1608,759,2367
92,465,557
568,680,1248
730,1460,2190
127,422,549
1134,251,1385
591,1785,2376
101,479,580
1169,491,1660
931,804,1735
1307,861,2168
1109,2514,3623
1446,818,2264
248,353,601
643,1379,2022
1429,2052,3481
129,571,700
70,696,766
119,749,868
269,426,695
1808,998,2806
109,788,897
1218,597,1815
278,686,964
739,1611,2350
1348,759,2107
528,519,1047
260,581,841
2185,650,2835
1020,712,1732
1298,595,1893
126,812,938
1813,564,2377
946,1658,2604
292,847,1139
576,774,1350
692,769,1461
845,233,1078
771,450,1221
447,579,1026
1117,1509,2626
552,2112,2664
110,463,573
591,540,1131
165,1488,1653
1552,1070,2622
211,381,592
590,595,1185
573,775,1348
1382,1082,2464
143,389,532
1136,1437,2573
1314,341,1655
296,308,604
936,933,1869
486,1615,2101
766,812,1578
1920,662,2582
540,1605,2145
62,696,758
110,1072,1182
1328,597,1925
913,972,1885
711,844,1555
83,722,805
307,908,1215
114,1076,1190
419,999,1418
117,1107,1224
612,803,1415
1531,582,2113
920,425,1345
447,1024,1471
758,704,1462
136,653,789
371,923,1294
115,723,838
611,923,1534
288,974,1262
27,450,477
333,563,896
651,646,1297
130,722,852
551,381,932
253,1853,2106
890,821,1711
490,558,1048
617,969,1586
83,1172,1255
1009,511,1520
505,665,1170
137,1271,1408
635,359,994
431,919,1350
1025,777,1802
717,483,1200
594,696,1290
181,384,565
879,694,1573
690,2266,2956
187,452,639
82,1227,1309
247,897,1144
302,814,1116
707,466,1173
207,406,613
486,926,1412
573,1076,1649
303,433,736
105,1281,1386
168,667,835
540,394,934
409,552,961
687,2599,3286
734,940,1674
440,1117,1557
453,728,1181
384,1090,1474
230,780,1010
237,1037,1274
565,829,1394
66,483,549
459,805,1264
834,1219,2053
88,656,744
841,400,1241
403,1136,1539
652,823,1475
351,608,959
545,1044,1589
555,1966,2521
561,322,883
760,1193,1953
292,491,783
808,279,1087
65,1048,1113
812,500,1312
298,601,899
459,532,991
70,1098,1168
873,890,1763
561,1937,2498
1609,1867,3476
833,318,1151
1084,687,1771
348,898,1246
206,656,862
167,1044,1211
637,2072,2709
586,795,1381
939,1344,2283
1330,1758,3088
849,492,1341
338,657,995
792,1335,2127
147,674,821
407,669,1076
1025,1356,2381
1647,653,2300
275,909,1184
414,871,1285
1380,1443,2823
647,750,1397
1662,889,2551
561,686,1247
191,729,920
111,1318,1429
697,743,1440
608,988,1596
450,1286,1736
338,1186,1524
1907,691,2598
509,612,1121
418,713,1131
938,701,1639
668,852,1520
290,1341,1631
603,1168,1771
569,775,1344
1674,1609,3283
966,485,1451
562,871,1433
749,662,1411
1292,691,1983
814,982,1796
515,1433,1948
1467,603,2070
1219,2059,3278
804,1134,1938
743,528,1271
777,724,1501
740,1027,1767
1270,711,1981
536,1311,1847
1114,944,2058
645,605,1250
1282,477,1759
825,647,1472
643,427,1070
952,327,1279
1046,1438,2484
709,904,1613
1431,1530,2961
481,319,800
1282,1041,2323
759,1020,1779
552,915,1467
813,928,1741
1089,1142,2231
1026,1040,2066
808,941,1749
827,1892,2719
653,615,1268
268,288,556
292,2063,2355
553,968,1521
716,1064,1780
645,1316,1961
1330,1079,2409
296,1068,1364
661,545,1206
1637,645,2282
493,901,1394
450,430,880
729,660,1389
846,1207,2053
794,1276,2070
752,808,1560
1161,1652,2813
192,1052,1244
923,548,1471
895,739,1634
1911,1514,3425
962,500,1462
1215,1252,2467
963,493,1456
572,1125,1697
1949,393,2342
238,1441,1679
646,719,1365
128,647,775
546,463,1009
1296,1382,2678
667,1224,1891
348,467,815
531,511,1042
991,890,1881
866,700,1566
451,1657,2108
858,845,1703
179,1023,1202
715,522,1237
795,690,1485
1078,1005,2083
579,1324,1903
756,482,1238
792,1222,2014
563,814,1377
151,1685,1836
255,1074,1329
1512,1228,2740
477,690,1167
435,1665,2100
1316,875,2191
338,863,1201
1254,815,2069
646,393,1039
265,1042,1307
346,669,1015
1107,814,1921
495,1047,1542
1249,557,1806
1309,909,2218
259,1283,1542
298,844,1142
598,537,1135
620,874,1494
522,1262,1784
428,979,1407
1092,524,1616
753,1089,1842
1277,742,2019
334,1034,1368
1023,515,1538
1607,674,2281
1088,942,2030
897,914,1811
486,775,1261
620,678,1298
378,1373,1751
698,910,1608
702,799,1501
360,692,1052
586,1316,1902
986,1103,2089
591,620,1211
1100,354,1454
906,1027,1933
916,904,1820
670,523,1193
385,703,1088
870,733,1603
513,939,1452
451,425,876
1105,835,1940
756,764,1520
627,821,1448
736,762,1498
618,673,1291
998,595,1593
1247,566,1813
815,607,1422
973,516,1489
507,596,1103
1036,2047,3083
714,481,1195
677,488,1165
641,633,1274
834,2034,2868
109,669,778
293,312,605
313,936,1249
792,1292,2084
533,644,1177
368,921,1289
825,512,1337
1154,667,1821
276,779,1055
681,1859,2540
167,1794,1961
321,318,639
68,1049,1117
1886,628,2514
715,1353,2068
596,1253,1849
512,633,1145
534,915,1449
607,1260,1867
253,783,1036
441,1728,2169
402,434,836
385,931,1316
1164,734,1898
444,904,1348
848,631,1479
543,1180,1723
425,908,1333
609,1650,2259
174,537,711
851,1255,2106
442,990,1432
542,741,1283
755,411,1166
1170,419,1589
1188,862,2050
479,759,1238
1860,428,2288
1946,656,2602
1104,559,1663
847,738,1585
62,419,481
984,735,1719
261,724,985
786,739,1525
59,447,506
1117,447,1564
1204,257,1461
300,471,771
457,282,739
210,274,484
936,1136,2072
254,263,517
383,1597,1980
167,256,423
316,1619,1935
1863,1487,3350
1663,1280,2943
557,1675,2232
568,1404,1972
725,1194,1919
107,818,925
721,1288,2009
1496,1234,2730
650,1484,2134
983,998,1981
776,1266,2042
111,1142,1253
1247,823,2070
133,1242,1375
234,1081,1315
288,801,1089
1148,208,1356
126,1293,1419
732,1324,2056
371,970,1341
1221,548,1769
995,456,1451
1148,342,1490
95,1553,1648
409,823,1232
1124,359,1483
1195,446,1641
714,514,1228
404,1271,1675
1159,264,1423
1171,454,1625
235,728,963
487,517,1004
84,830,914
699,449,1148
1207,273,1480
787,495,1282
1516,516,2032
597,1292,1889
695,902,1597
137,1220,1357
1283,401,1684
1466,573,2039
1095,600,1695
148,431,579
153,523,676
1339,1178,2517
391,1389,1780
775,1016,1791
77,626,703
1429,1097,2526
100,722,822
928,1014,1942
1336,1093,2429
92,791,883
1716,1066,2782
30,726,756
123,579,702
121,886,1007
1226,742,1968
115,524,639
163,784,947
186,907,1093
151,1033,1184
271,540,811
47,1039,1086
1366,1330,2696
85,771,856
455,427,882
189,857,1046
211,583,794
251,632,883
212,2141,2353
392,464,856
321,929,1250
622,540,1162
974,1771,2745
923,382,1305
1159,1442,2601
422,792,1214
366,783,1149
117,409,526
170,776,946
726,1305,2031
937,351,1288
55,412,467
183,919,1102
518,1054,1572
123,558,681
124,334,458
676,1113,1789
759,1158,1917
58,559,617
566,390,956
656,1121,1777
124,1683,1807
347,1214,1561
836,1042,1878
1120,288,1408
183,336,519
739,868,1607
1186,784,1970
142,495,637
865,1009,1874
962,724,1686
975,1242,2217
1000,964,1964
721,422,1143
62,738,800
189,1163,1352
731,644,1375
107,967,1074
353,603,956
36,1223,1259
142,1186,1328
1315,1055,2370
963,1249,2212
522,312,834
42,1356,1398
78,1538,1616
749,574,1323
168,937,1105
512,679,1191
295,1350,1645
552,699,1251
38,693,731
429,872,1301
629,834,1463
505,1230,1735
1387,1112,2499
193,700,893
638,723,1361
966,684,1650
79,909,988
401,1201,1602
51,874,925
762,884,1646
938,686,1624
89,1104,1193
610,1116,1726
407,724,1131
1226,710,1936
1365,484,1849
325,906,1231
468,1479,1947
1026,890,1916
1022,1009,2031
199,718,917
316,1116,1432
603,1069,1672
909,1238,2147
872,673,1545
601,850,1451
767,664,1431
608,639,1247
702,1062,1764
599,753,1352
692,648,1340
754,1230,1984
767,757,1524
247,1110,1357
481,704,1185
75,660,735
524,1033,1557
544,979,1523
786,899,1685
764,856,1620
713,1197,1910
625,891,1516
1143,589,1732
792,472,1264
595,926,1521
840,848,1688
999,868,1867
1003,748,1751
873,772,1645
1278,931,2209
566,922,1488
874,624,1498
297,521,818
633,935,1568
1060,961,2021
519,763,1282
420,751,1171
594,848,1442
1159,658,1817
231,776,1007
1352,760,2112
246,1017,1263
916,1451,2367
914,769,1683
695,655,1350
718,863,1581
728,711,1439
830,887,1717
595,604,1199
528,530,1058
829,1017,1846
975,1478,2453
860,814,1674
726,890,1616
808,1086,1894
700,941,1641
911,558,1469
601,911,1512
371,522,893
837,1272,2109
616,1060,1676
405,872,1277
407,807,1214
1282,1024,2306
556,604,1160
462,816,1278
1405,628,2033
785,1252,2037
376,735,1111
713,1403,2116
716,1572,2288
718,631,1349
529,722,1251
745,1273,2018
669,1643,2312
439,920,1359
981,492,1473
821,1569,2390
895,1480,2375
965,569,1534
900,755,1655
462,769,1231
761,831,1592
497,888,1385
788,1103,1891
963,777,1740
708,745,1453
714,681,1395
603,536,1139
1382,537,1919
777,892,1669
578,437,1015
196,953,1149
720,825,1545
1105,1119,2224
879,786,1665
476,693,1169
543,706,1249
215,523,738
596,1544,2140
90,746,836
1098,917,2015
864,882,1746
294,763,1057
1261,874,2135
696,821,1517
174,779,953
372,642,1014
399,1503,1902
469,732,1201
1523,633,2156
1487,869,2356
287,840,1127
308,759,1067
726,1019,1745
700,2222,2922
335,798,1133
534,593,1127
412,1372,1784
506,813,1319
1338,1087,2425
876,1059,1935
425,925,1350
680,648,1328
840,655,1495
725,968,1693
519,902,1421
96,838,934
1380,712,2092
733,750,1483
659,1023,1682
334,941,1275
705,2730,3435
436,777,1213
729,960,1689
500,784,1284
442,940,1382
635,712,1347
717,737,1454
612,1145,1757
109,1237,1346
541,772,1313
1024,898,1922
633,914,1547
411,735,1146
479,3006,3485
1176,1093,2269
748,482,1230
435,1193,1628
2019,1567,3586
936,948,1884
768,795,1563
595,888,1483
480,606,1086
592,825,1417
532,579,1111
710,1053,1763
2655,989,3644
857,730,1587
644,630,1274
494,1004,1498
668,885,1553
955,924,1879
1260,595,1855
517,399,916
801,836,1637
1023,372,1395
2931,515,3446
290,1565,1855
981,357,1338
219,774,993
467,1828,2295
781,451,1232
820,720,1540
742,471,1213
1400,567,1967
806,780,1586
636,569,1205
446,926,1372
764,1595,2359
547,973,1520
616,718,1334
1101,432,1533
1002,604,1606
1265,271,1536
180,619,799
1096,564,1660
637,1524,2161
900,802,1702
955,832,1787
688,1348,2036
1555,398,1953
98,447,545
131,628,759
196,710,906
1641,690,2331
273,779,1052
208,964,1172
54,1136,1190
79,514,593
132,724,856
79,908,987
1428,918,2346
530,538,1068
357,1054,1411
690,854,1544
108,787,895
557,890,1447
671,631,1302
18,1287,1305
115,1534,1649
87,687,774
961,1120,2081
380,1246,1626
427,749,1176
248,864,1112
61,1795,1856
844,759,1603
1400,1167,2567
559,1012,1571
780,667,1447
572,1043,1615
157,872,1029
387,784,1171
547,1316,1863
724,504,1228
217,684,901
691,1107,1798
24,494,518
1351,486,1837
46,1598,1644
273,450,723
539,1141,1680
422,867,1289
221,988,1209
875,630,1505
743,682,1425
821,347,1168
735,1140,1875
928,1563,2491
1072,1056,2128
242,1455,1697
61,1042,1103
225,1924,2149
383,195,578
654,1174,1828
107,1445,1552
352,1600,1952
1646,1212,2858
959,1225,2184
85,2456,2541
265,1877,2142
387,1771,2158
73,373,446
423,1296,1719
708,1232,1940
130,537,667
831,1044,1875
1022,1338,2360
186,534,720
417,1903,2320
416,1207,1623
904,1546,2450
418,1724,2142
621,1395,2016
343,1445,1788
1067,1851,2918
524,666,1190
728,1395,2123
1005,1310,2315
1583,695,2278
371,1922,2293
644,554,1198
865,1254,2119
1531,1872,3403
1021,1363,2384
690,1134,1824
1261,1764,3025
1246,1536,2782
1836,694,2530
584,1014,1598
1661,1189,2850
1291,738,2029
911,1656,2567
391,746,1137
509,1083,1592
1394,691,2085
624,1302,1926
643,1070,1713
35,490,525
2379,1286,3665
294,1260,1554
179,730,909
698,978,1676
829,834,1663
1627,1458,3085
44,1130,1174
1010,1031,2041
1579,1331,2910
265,992,1257
1136,520,1656
1160,963,2123
1451,1089,2540
1178,706,1884
717,716,1433
1382,1064,2446
396,687,1083
1024,518,1542
896,459,1355
1004,1032,2036
360,810,1170
590,601,1191
747,729,1476
58,919,977
875,1308,2183
401,539,940
693,495,1188
935,769,1704
409,797,1206
634,482,1116
534,474,1008
775,713,1488
1038,475,1513
255,1363,1618
910,1721,2631
621,1023,1644
628,878,1506
586,804,1390
184,478,662
682,1295,1977
950,466,1416
703,581,1284
1013,762,1775
218,1794,2012
283,1914,2197
978,1073,2051
594,489,1083
250,595,845
775,1462,2237
364,1484,1848
469,1005,1474
428,569,997
520,1478,1998
610,700,1310
906,1103,2009
1771,299,2070
373,726,1099
773,788,1561
774,1488,2262
403,631,1034
896,945,1841
414,623,1037
235,693,928
754,1203,1957
1157,304,1461
318,864,1182
779,820,1599
1156,976,2132
202,836,1038
1180,730,1910
620,915,1535
1375,1069,2444
467,882,1349
182,1329,1511
1304,643,1947
391,1050,1441
1014,655,1669
816,1436,2252
778,997,1775
425,994,1419
1132,685,1817
667,861,1528
352,1606,1958
928,532,1460
720,749,1469
556,674,1230
761,525,1286
1175,478,1653
470,1160,1630
627,570,1197
1316,1525,2841
683,1513,2196
481,798,1279
1517,1694,3211
783,495,1278
185,1059,1244
245,685,930
464,654,1118
375,544,919
548,724,1272
238,1270,1508
301,1343,1644
998,1519,2517
561,889,1450
409,1112,1521
620,885,1505
1322,1020,2342
1043,754,1797
879,915,1794
717,463,1180
1469,952,2421
328,896,1224
392,1161,1553
348,724,1072
328,1355,1683
711,1315,2026
115,459,574
997,835,1832
403,1105,1508
440,541,981
1214,766,1980
730,926,1656
1389,430,1819
391,1082,1473
236,1285,1521
885,325,1210
153,1287,1440
1435,930,2365
940,791,1731
392,1292,1684
511,916,1427
348,904,1252
584,740,1324
858,880,1738
555,965,1520
425,1056,1481
812,584,1396
472,670,1142
1124,797,1921
56,839,895
738,919,1657
955,625,1580
902,519,1421
131,1332,1463
739,1321,2060
97,843,940
780,811,1591
643,1452,2095
296,623,919
589,531,1120
621,607,1228
505,530,1035
995,889,1884
646,1301,1947
672,1456,2128
733,1102,1835
906,1599,2505
766,1177,1943
387,727,1114
475,641,1116
384,711,1095
438,344,782
617,952,1569
454,1113,1567
587,1442,2029
423,1168,1591
965,1844,2809
666,790,1456
1221,877,2098
465,560,1025
694,1483,2177
179,973,1152
1219,1376,2595
286,1654,1940
1205,534,1739
1364,1683,3047
910,783,1693
356,1002,1358
356,730,1086
764,871,1635
1193,1004,2197
773,1034,1807
585,1015,1600
499,1118,1617
863,705,1568
305,1763,2068
617,735,1352
407,1039,1446
1470,728,2198
901,811,1712
778,1005,1783
53,858,911
985,678,1663
1511,586,2097
832,1063,1895
1007,1184,2191
865,781,1646
267,634,901
859,1163,2022
689,770,1459
913,621,1534
323,937,1260
1226,708,1934
1263,1268,2531
856,947,1803
551,628,1179
1313,1310,2623
698,972,1670
617,878,1495
771,629,1400
1400,1034,2434
840,1197,2037
504,683,1187
601,1592,2193
775,832,1607
965,708,1673
627,561,1188
1096,862,1958
535,702,1237
1083,762,1845
963,633,1596
414,589,1003
962,685,1647
849,410,1259
754,309,1063
1046,1030,2076
783,825,1608
1016,1019,2035
1073,957,2030
915,670,1585
998,231,1229
606,1041,1647
577,2238,2815
703,667,1370
1186,538,1724
1224,1020,2244
692,542,1234
1050,903,1953
912,1001,1913
88,322,410
1733,1579,3312
227,497,724
26,634,660
933,842,1775
54,591,645
671,867,1538
58,680,738
196,690,886
1088,443,1531
219,818,1037
163,686,849
654,1114,1768
1732,1504,3236
402,529,931
116,743,859
374,626,1000
846,1692,2538
77,729,806
523,448,971
562,526,1088
441,582,1023
232,960,1192
1093,883,1976
585,436,1021
641,378,1019
90,1201,1291
2136,1415,3551
457,998,1455
549,322,871
278,952,1230
1407,857,2264
582,385,967
427,579,1006
507,871,1378
670,1481,2151
553,811,1364
816,829,1645
291,716,1007
224,300,524
893,1764,2657
898,775,1673
478,465,943
769,2384,3153
796,233,1029
1120,813,1933
44,470,514
462,1068,1530
758,1957,2715
420,823,1243
924,777,1701
994,1200,2194
175,385,560
539,691,1230
751,2107,2858
61,501,562
474,832,1306
256,1097,1353
733,661,1394
515,1868,2383
140,950,1090
1081,1093,2174
230,564,794
712,777,1489
551,1892,2443
304,483,787
762,659,1421
391,812,1203
414,1325,1739
985,1285,2270
942,1030,1972
1734,976,2710
650,1420,2070
42,1113,1155
598,861,1459
680,845,1525
1517,645,2162
860,636,1496
326,1101,1427
1141,531,1672
194,1153,1347
198,931,1129
175,1623,1798
463,1016,1479
904,2058,2962
242,1566,1808
544,1201,1745
842,723,1565
581,1235,1816
397,1100,1497
749,822,1571
1458,338,1796
627,505,1132
447,1591,2038
1317,407,1724
1216,319,1535
364,1092,1456
664,1396,2060
890,2141,3031
253,1410,1663
630,918,1548
749,2237,2986
879,551,1430
1700,662,2362
860,965,1825
566,1090,1656
747,777,1524
914,808,1722
662,950,1612
452,1052,1504
1635,1165,2800
1125,326,1451
839,737,1576
1830,585,2415
1405,480,1885
797,1439,2236
432,732,1164
957,989,1946
782,1070,1852
1819,2200,4019
140,679,819
1337,612,1949
2118,476,2594
230,1127,1357
1237,634,1871
202,820,1022
1080,969,2049
478,592,1070
513,784,1297
681,777,1458
663,619,1282
722,793,1515
191,773,964
422,572,994
1167,616,1783
516,1175,1691
1724,2062,3786
357,1019,1376
660,735,1395
102,606,708
49,1410,1459
951,1941,2892
881,510,1391
540,760,1300
310,424,734
282,472,754
470,1024,1494
892,591,1483
856,1068,1924
413,644,1057
556,457,1013
874,380,1254
457,869,1326
626,592,1218
133,423,556
1234,568,1802
1370,1099,2469
2049,583,2632
58,489,547
1011,526,1537
1942,1177,3119
132,436,568
1272,970,2242
830,714,1544
877,1250,2127
104,561,665
169,365,534
850,565,1415
1318,839,2157
896,1645,2541
978,405,1383
36,821,857
1004,404,1408
852,1146,1998
1811,869,2680
163,321,484
77,765,842
848,896,1744
184,799,983
52,884,936
92,949,1041
196,717,913
80,1107,1187
357,432,789
85,1222,1307
223,574,797
69,1303,1372
461,730,1191
464,586,1050
126,828,954
224,747,971
764,542,1306
1034,1266,2300
475,759,1234
811,715,1526
614,910,1524
307,546,853
89,629,718
343,893,1236
30,870,900
54,1501,1555
47,997,1044
814,688,1502
619,910,1529
393,469,862
634,855,1489
215,701,916
624,848,1472
45,1593,1638
34,1625,1659
133,1523,1656
358,823,1181
183,1610,1793
358,732,1090
582,458,1040
639,793,1432
452,646,1098
457,625,1082
476,676,1152
1067,802,1869
617,597,1214
685,1182,1867
621,1335,1956
538,822,1360
641,1164,1805
604,1681,2285
522,865,1387
496,799,1295
864,1383,2247
618,860,1478
724,673,1397
1445,680,2125
1025,1314,2339
761,859,1620
277,676,953
862,1535,2397
1177,770,1947
1468,791,2259
430,937,1367
1111,714,1825
1292,824,2116
582,962,1544
260,609,869
589,1410,1999
330,915,1245
512,1550,2062
505,400,905
1000,830,1830
1500,1204,2704
485,955,1440
555,380,935
448,1205,1653
685,792,1477
470,337,807
1399,918,2317
693,1033,1726
538,742,1280
620,1185,1805
589,910,1499
783,832,1615
1082,1206,2288
587,681,1268
114,375,489
982,1156,2138
1458,907,2365
893,894,1787
166,566,732
724,1180,1904
1358,922,2280
247,532,779
818,845,1663
907,647,1554
1057,688,1745
1035,653,1688
679,696,1375
670,553,1223
650,706,1356
1092,472,1564
578,1514,2092
1235,985,2220
431,1359,1790
277,502,779
861,815,1676
757,351,1108
705,1094,1799
249,551,800
267,1672,1939
963,1017,1980
353,489,842
430,1631,2061
722,317,1039
927,900,1827
408,464,872
583,1057,1640
792,1233,2025
446,527,973
840,767,1607
368,2011,2379
1339,759,2098
907,960,1867
504,550,1054
403,2032,2435
477,919,1396
391,490,881
318,796,1114
1167,1289,2456
617,875,1492
1574,645,2219
959,642,1601
835,755,1590
121,625,746
647,724,1371
974,726,1700
285,831,1116
865,501,1366
1722,450,2172
600,934,1534
1269,708,1977
153,504,657
472,684,1156
786,867,1653
886,686,1572
359,1058,1417
1895,559,2454
749,1086,1835
408,296,704
164,831,995
655,1264,1919
847,1707,2554
773,920,1693
494,964,1458
19,718,737
532,689,1221
1295,628,1923
818,1013,1831
274,463,737
93,830,923
384,842,1226
308,623,931
566,1042,1608
317,630,947
208,557,765
226,777,1003
227,1132,1359
107,1287,1394
503,526,1029
372,446,818
254,1126,1380
748,2123,2871
448,965,1413
499,716,1215
321,321,642
621,634,1255
691,292,983
885,519,1404
625,2275,2900
813,827,1640
497,955,1452
411,800,1211
457,2348,2805
588,795,1383
340,398,738
368,499,867
562,420,982
294,834,1128
1543,1305,2848
727,589,1316
1053,678,1731
714,1134,1848
1173,2454,3627
636,815,1451
746,1445,2191
1046,2663,3709
2022,1174,3196
648,1299,1947
842,853,1695
2084,1027,3111
534,1564,2098
510,949,1459
429,895,1324
2094,1387,3481
244,669,913
662,878,1540
998,466,1464
2439,747,3186
561,583,1144
1237,811,2048
709,1841,2550
577,674,1251
969,986,1955
620,1848,2468
1008,639,1647
950,1346,2296
2293,506,2799
1026,764,1790
749,883,1632
746,549,1295
241,1186,1427
666,1066,1732
1451,927,2378
410,1537,1947
558,987,1545
1224,739,1963
496,1089,1585
358,387,745
643,694,1337
1342,742,2084
1867,491,2358
875,672,1547
503,555,1058
813,1218,2031
521,1228,1749
684,1000,1684
698,1304,2002
354,713,1067
1229,1121,2350
1054,958,2012
339,592,931
542,1363,1905
388,913,1301
851,824,1675
793,940,1733
496,1476,1972
252,1462,1714
267,784,1051
248,1292,1540
1115,645,1760
373,826,1199
1725,633,2358
527,700,1227
1072,976,2048
1007,867,1874
1162,1207,2369
589,1091,1680
492,675,1167
1029,522,1551
1189,535,1724
806,617,1423
464,1240,1704
458,947,1405
924,964,1888
579,615,1194
698,1071,1769
533,1108,1641
1270,609,1879
910,1124,2034
1356,1286,2642
436,1283,1719
687,1162,1849
1333,1570,2903
549,1366,1915
473,601,1074
646,661,1307
426,1304,1730
1092,846,1938
835,759,1594
510,1980,2490
1111,914,2025
865,750,1615
490,604,1094
866,777,1643
1112,713,1825
869,774,1643
1037,495,1532
911,1667,2578
473,1652,2125
563,1106,1669
785,963,1748
332,782,1114
919,1050,1969
403,986,1389
406,1605,2011
989,855,1844
1237,615,1852
493,1179,1672
700,1450,2150
683,847,1530
521,1177,1698
373,1425,1798
802,1314,2116
493,669,1162
275,931,1206
657,1496,2153
1451,367,1818
44,668,712
434,799,1233
1522,615,2137
620,880,1500
1302,402,1704
763,583,1346
1351,594,1945
917,872,1789
1032,1370,2402
467,307,774
807,712,1519
846,1269,2115
580,531,1111
531,1778,2309
266,1275,1541
1195,352,1547
430,448,878
721,243,964
589,1016,1605
1312,222,1534
582,1728,2310
467,506,973
531,520,1051
1145,2763,3908
86,269,355
1079,248,1327
919,1501,2420
308,577,885
1427,1872,3299
1094,470,1564
294,3029,3323
852,1297,2149
1628,1750,3378
132,502,634
701,323,1024
53,690,743
202,704,906
785,2008,2793
1042,372,1414
751,2728,3479
1602,586,2188
1595,1830,3425
372,1970,2342
1032,2584,3616
223,751,974
1628,1685,3313
833,1490,2323
45,476,521
730,1020,1750
1212,594,1806
519,482,1001
312,456,768
366,759,1125
72,682,754
1652,366,2018
281,337,618
685,999,1684
1358,371,1729
264,458,722
1750,255,2005
310,467,777
386,344,730
1571,453,2024
131,1069,1200
502,406,908
51,735,786
509,764,1273
1043,893,1936
781,256,1037
1931,658,2589
590,843,1433
916,720,1636
900,402,1302
326,971,1297
700,876,1576
1776,483,2259
1884,1805,3689
414,1136,1550
155,448,603
2015,603,2618
1173,441,1614
614,840,1454
53,547,600
54,1293,1347
62,817,879
65,763,828
2969,1063,4032
130,737,867
110,685,795
91,449,540
341,578,919
716,1002,1718
725,837,1562
78,1649,1727
486,816,1302
142,700,842
2580,1244,3824
111,879,990
332,729,1061
99,673,772
300,897,1197
845,376,1221
348,983,1331
85,1287,1372
531,696,1227
147,1364,1511
1689,1456,3145
589,366,955
732,1297,2029
767,904,1671
536,943,1479
232,1178,1410
1216,1210,2426
600,515,1115
131,1371,1502
497,762,1259
439,873,1312
203,1454,1657
930,724,1654
595,1063,1658
538,1033,1571
1172,608,1780
581,836,1417
1110,629,1739
774,984,1758
241,495,736
732,668,1400
849,621,1470
534,965,1499
1104,530,1634
937,484,1421
579,1006,1585
544,832,1376
1253,434,1687
506,396,902
620,784,1404
1260,850,2110
764,496,1260
804,479,1283
706,567,1273
313,1389,1702
709,1155,1864
352,1005,1357
752,770,1522
397,1157,1554
842,1163,2005
1114,728,1842
781,540,1321
610,863,1473
616,619,1235
247,924,1171
740,809,1549
569,895,1464
213,703,916
379,1194,1573
981,1056,2037
31,934,965
415,1382,1797
726,514,1240
366,1727,2093
544,286,830
136,1919,2055
505,675,1180
367,2036,2403
554,1562,2116
507,548,1055
908,689,1597
1053,523,1576
716,552,1268
774,419,1193
709,812,1521
180,960,1140
790,546,1336
922,1152,2074
885,1166,2051
919,847,1766
575,969,1544
1063,1140,2203
1262,861,2123
185,589,774
760,795,1555
1515,1083,2598
1823,662,2485
248,715,963
1953,680,2633
1021,956,1977
650,1098,1748
312,535,847
399,609,1008
959,664,1623
1027,345,1372
1006,1271,2277
1187,662,1849
230,1189,1419
463,1336,1799
267,1312,1579
246,671,917
179,764,943
960,330,1290
277,942,1219
838,474,1312
761,1296,2057
627,955,1582
146,1661,1807
619,1239,1858
536,1316,1852
601,768,1369
842,805,1647
551,791,1342
459,586,1045
967,1379,2346
309,786,1095
844,1285,2129
650,1485,2135
1020,1132,2152
362,876,1238
1020,1258,2278
541,855,1396
534,715,1249
433,1072,1505
518,1045,1563
406,1149,1555
1120,904,2024
751,862,1613
140,773,913
614,973,1587
985,507,1492
135,941,1076
470,947,1417
1110,1205,2315
423,836,1259
1129,830,1959
546,780,1326
624,940,1564
877,787,1664
633,929,1562
1589,756,2345
787,446,1233
1108,990,2098
1174,829,2003
1376,730,2106
702,672,1374
705,1046,1751
708,889,1597
1217,594,1811
822,814,1636
688,605,1293
1267,1478,2745
1058,968,2026
630,672,1302
1066,851,1917
789,555,1344
483,541,1024
1008,670,1678
581,818,1399
1303,1205,2508
1064,955,2019
771,832,1603
589,946,1535
339,1383,1722
701,705,1406
786,862,1648
448,840,1288
1319,443,1762
682,692,1374
701,489,1190
985,468,1453
596,756,1352
1011,1050,2061
612,717,1329
734,792,1526
751,295,1046
689,940,1629
452,335,787
1022,470,1492
297,1046,1343
1183,321,1504
637,409,1046
925,608,1533
754,641,1395
127,548,675
757,1372,2129
169,641,810
216,524,740
559,1324,1883
325,961,1286
347,438,785
599,667,1266
684,586,1270
663,1463,2126
258,775,1033
724,661,1385
616,1373,1989
268,1299,1567
580,767,1347
911,1820,2731
606,738,1344
823,1659,2482
473,939,1412
493,690,1183
176,1276,1452
951,885,1836
303,599,902
711,1521,2232
709,1000,1709
697,2023,2720
367,425,792
448,880,1328
1085,597,1682
1250,679,1929
584,1031,1615
1216,509,1725
991,700,1691
874,580,1454
480,605,1085
194,966,1160
250,1054,1304
836,1663,2499
897,1309,2206
1144,156,1300
90,2091,2181
524,991,1515
789,487,1276
765,571,1336
803,733,1536
357,1207,1564
444,1141,1585
1040,1368,2408
1355,1576,2931
74,316,390
1042,1511,2553
929,1294,2223
587,634,1221
944,521,1465
754,919,1673
550,1276,1826
558,945,1503
1623,1165,2788
1344,1348,2692
887,1073,1960
1899,891,2790
932,1072,2004
203,675,878
141,755,896
727,991,1718
863,1296,2159
368,676,1044
846,1132,1978
1153,711,1864
928,727,1655
2003,1067,3070
666,594,1260
236,892,1128
1185,767,1952
1222,1320,2542
1436,1220,2656
951,559,1510
953,986,1939
118,500,618
1409,922,2331
375,860,1235
713,933,1646
172,1310,1482
1227,1082,2309
961,480,1441
925,548,1473
1429,1078,2507
593,650,1243
799,922,1721
580,864,1444
501,546,1047
748,1134,1882
781,1062,1843
410,594,1004
725,527,1252
258,589,847
158,1245,1403
432,1094,1526
451,723,1174
786,826,1612
964,979,1943
218,921,1139
855,825,1680
228,1457,1685
681,1080,1761
623,702,1325
339,938,1277
244,775,1019
427,778,1205
545,599,1144
113,1136,1249
189,1060,1249
534,596,1130
949,1146,2095
332,1022,1354
325,1058,1383
1061,835,1896
480,771,1251
475,2165,2640
886,1254,2140
626,513,1139
1017,1734,2751
877,969,1846
579,925,1504
911,1000,1911
1111,1207,2318
915,1107,2022
591,2102,2693
991,1123,2114
1183,1022,2205
744,826,1570
464,1283,1747
868,1992,2860
787,1017,1804
558,846,1404
720,1365,2085
769,1127,1896
1729,586,2315
716,807,1523
853,505,1358
1017,455,1472
660,1382,2042
422,899,1321
1003,1522,2525
858,363,1221
638,451,1089
1199,637,1836
810,1689,2499
787,284,1071
1031,873,1904
628,980,1608
374,477,851
831,717,1548
811,402,1213
1128,561,1689
378,1356,1734
721,1279,2000
1936,435,2371
687,1443,2130
1462,860,2322
627,1180,1807
1165,547,1712
617,1264,1881
383,1384,1767
950,630,1580
2195,635,2830
1437,1183,2620
240,457,697
924,855,1779
355,1319,1674
1684,869,2553
191,529,720
95,649,744
1272,496,1768
126,801,927
48,287,335
1473,396,1869
905,878,1783
389,487,876
1286,467,1753
341,497,838
81,303,384
184,840,1024
107,575,682
616,542,1158
1253,1058,2311
151,678,829
328,583,911
1064,1044,2108
172,1157,1329
759,523,1282
210,1433,1643
1135,395,1530
177,1418,1595
371,528,899
1126,1166,2292
505,401,906
145,1561,1706
283,438,721
358,1253,1611
268,450,718
1017,697,1714
240,439,679
602,1140,1742
911,835,1746
266,1251,1517
1234,431,1665
136,598,734
178,468,646
668,1063,1731
73,1730,1803
537,432,969
70,570,640
901,1054,1955
146,801,947
862,1233,2095
1063,948,2011
78,2163,2241
954,822,1776
503,801,1304
266,762,1028
103,1303,1406
299,976,1275
152,1358,1510
69,1423,1492
962,1475,2437
266,1119,1385
1485,1076,2561
818,820,1638
554,974,1528
58,935,993
42,1493,1535
688,783,1471
106,1329,1435
821,546,1367
703,849,1552
397,809,1206
1965,761,2726
94,747,841
828,1101,1929
1728,848,2576
797,1003,1800
1056,720,1776
212,1281,1493
80,1168,1248
1133,862,1995
524,1258,1782
412,736,1148
98,954,1052
189,1139,1328
89,924,1013
1432,558,1990
890,825,1715
59,1161,1220
294,770,1064
1356,674,2030
286,1046,1332
464,898,1362
411,778,1189
321,1038,1359
23,1228,1251
77,696,773
999,549,1548
504,771,1275
445,1007,1452
192,643,835
394,1122,1516
1061,339,1400
489,767,1256
948,931,1879
1130,713,1843
195,734,929
958,699,1657
576,1107,1683
1088,520,1608
739,785,1524
59,491,550
827,478,1305
464,926,1390
502,1270,1772
443,1213,1656
941,1202,2143
759,682,1441
581,816,1397
225,1229,1454
1283,327,1610
26,557,583
30,683,713
1005,647,1652
303,1472,1775
708,1095,1803
661,1192,1853
982,832,1814
882,1469,2351
735,1657,2392
79,558,637
302,496,798
515,1541,2056
23,843,866
770,1263,2033
922,1034,1956
766,1177,1943
238,829,1067
159,740,899
1241,1434,2675
120,752,872
329,671,1000
802,1350,2152
240,866,1106
1088,1152,2240
419,866,1285
583,798,1381
451,694,1145
201,1045,1246
733,879,1612
1063,1436,2499
385,845,1230
875,758,1633
213,1250,1463
214,864,1078
715,833,1548
701,672,1373
495,972,1467
883,683,1566
905,779,1684
814,877,1691
336,816,1152
1075,611,1686
270,928,1198
655,627,1282
667,902,1569
1052,649,1701
529,868,1397
586,625,1211
596,1021,1617
556,787,1343
766,353,1119
1013,810,1823
425,738,1163
1184,1046,2230
206,1334,1540
737,745,1482
488,824,1312
743,716,1459
806,763,1569
435,1479,1914
759,1276,2035
339,680,1019
1078,886,1964
928,717,1645
742,873,1615
731,483,1214
477,616,1093
274,564,838
639,1317,1956
619,460,1079
921,1072,1993
646,1124,1770
793,726,1519
726,847,1573
839,382,1221
611,631,1242
759,1134,1893
248,384,632
968,972,1940
249,1107,1356
741,660,1401
217,686,903
1021,1065,2086
84,754,838
632,1107,1739
771,826,1597
1531,454,1985
612,789,1401
476,558,1034
771,1650,2421
479,614,1093
92,1194,1286
543,582,1125
1310,639,1949
642,582,1224
219,697,916
593,688,1281
493,1509,2002
618,550,1168
564,611,1175
512,1078,1590
235,441,676
594,689,1283
575,582,1157
874,1411,2285
716,1430,2146
800,426,1226
56,626,682
66,1012,1078
388,361,749
997,473,1470
37,816,853
456,1186,1642
1176,561,1737
230,665,895
134,721,855
426,437,863
490,516,1006
268,661,929
277,1211,1488
597,579,1176
418,744,1162
381,644,1025
354,1550,1904
315,515,830
565,1121,1686
450,744,1194
58,478,536
113,713,826
426,576,1002
93,539,632
759,464,1223
352,881,1233
1280,745,2025
1168,660,1828
410,553,963
766,596,1362
114,2014,2128
278,567,845
528,924,1452
238,640,878
825,847,1672
1349,1048,2397
531,471,1002
874,1230,2104
497,620,1117
404,1956,2360
369,689,1058
680,832,1512
418,667,1085
1200,601,1801
162,1063,1225
360,504,864
938,1077,2015
606,754,1360
534,2126,2660
969,1302,2271
550,973,1523
1467,962,2429
726,1063,1789
405,1107,1512
2031,451,2482
456,704,1160
497,833,1330
459,929,1388
551,540,1091
378,1026,1404
397,974,1371
467,1097,1564
935,927,1862
913,643,1556
476,1003,1479
696,976,1672
647,1611,2258
639,707,1346
2089,435,2524
835,577,1412
854,525,1379
792,1036,1828
358,972,1330
900,685,1585
796,1044,1840
1100,613,1713
835,999,1834
963,642,1605
865,590,1455
412,943,1355
1123,686,1809
353,1206,1559
848,2763,3611
448,620,1068
696,666,1362
876,793,1669
827,719,1546
273,784,1057
466,805,1271
400,1071,1471
231,3109,3340
296,976,1272
773,321,1094
639,1008,1647
1357,2199,3556
775,828,1603
765,897,1662
664,928,1592
884,1174,2058
559,666,1225
410,722,1132
670,953,1623
249,1501,1750
1034,678,1712
2747,781,3528
675,834,1509
882,466,1348
853,661,1514
776,1060,1836
578,1195,1773
264,1509,1773
463,1348,1811
575,1495,2070
677,1079,1756
878,952,1830
2654,1088,3742
873,1086,1959
547,909,1456
456,1155,1611
748,601,1349
172,1333,1505
383,1677,2060
858,1013,1871
866,935,1801
2037,1001,3038
429,1596,2025
764,1381,2145
595,1313,1908
448,1127,1575
861,1344,2205
589,1457,2046
1026,556,1582
1114,667,1781
1051,469,1520
1257,1129,2386
968,1325,2293
535,1877,2412
1252,485,1737
1682,667,2349
972,1127,2099
900,336,1236
755,1224,1979
882,516,1398
1041,1144,2185
1138,1093,2231
924,800,1724
364,293,657
733,1186,1919
1013,846,1859
635,757,1392
913,1364,2277
378,304,682
1282,232,1514
1258,504,1762
903,576,1479
878,625,1503
502,1380,1882
60,766,826
1095,474,1569
967,373,1340
695,1686,2381
1017,320,1337
569,1879,2448
608,1524,2132
553,327,880
306,2278,2584
254,449,703
346,507,853
405,343,748
719,1915,2634
1100,993,2093
593,331,924
1500,949,2449
1566,1057,2623
1139,1470,2609
1352,894,2246
976,199,1175
1784,1182,2966
1368,632,2000
771,334,1105
1786,348,2134
840,227,1067
2166,547,2713
928,298,1226
176,299,475
1728,1021,2749
1270,246,1516
125,762,887
329,526,855
119,610,729
1104,648,1752
150,677,827
138,759,897
1006,1084,2090
146,795,941
447,544,991
270,660,930
460,485,945
245,488,733
864,672,1536
333,656,989
415,330,745
1063,1423,2486
270,687,957
36,1130,1166
551,629,1180
661,323,984
502,596,1098
315,587,902
455,715,1170
1705,908,2613
496,610,1106
539,623,1162
437,534,971
420,785,1205
479,624,1103
462,391,853
340,725,1065
554,1548,2102
104,845,949
1333,1226,2559
344,734,1078
1194,1107,2301
87,773,860
495,953,1448
335,719,1054
123,659,782
254,901,1155
73,992,1065
455,1282,1737
665,920,1585
603,745,1348
444,591,1035
1076,539,1615
643,295,938
330,722,1052
525,785,1310
572,707,1279
696,1203,1899
449,723,1172
724,779,1503
443,964,1407
373,802,1175
472,470,942
874,539,1413
681,674,1355
769,571,1340
454,569,1023
502,827,1329
557,899,1456
689,803,1492
459,791,1250
596,475,1071
536,692,1228
598,550,1148
340,1100,1440
246,744,990
473,512,985
643,829,1472
327,1151,1478
589,713,1302
382,944,1326
546,715,1261
872,620,1492
935,700,1635
629,520,1149
601,692,1293
607,1033,1640
168,1383,1551
760,843,1603
812,857,1669
396,821,1217
459,1371,1830
651,732,1383
727,925,1652
493,893,1386
582,927,1509
73,725,798
1059,297,1356
1110,1220,2330
375,989,1364
650,922,1572
780,618,1398
684,654,1338
933,471,1404
694,1122,1816
491,547,1038
307,903,1210
227,1250,1477
815,826,1641
380,910,1290
63,563,626
392,1143,1535
441,726,1167
626,431,1057
520,1009,1529
770,771,1541
1070,819,1889
547,311,858
1072,1378,2450
401,780,1181
379,313,692
370,812,1182
666,535,1201
787,392,1179
806,867,1673
441,532,973
1309,955,2264
437,571,1008
624,1658,2282
568,855,1423
429,841,1270
931,524,1455
743,729,1472
600,727,1327
963,618,1581
1020,654,1674
1072,984,2056
294,578,872
1086,1076,2162
768,884,1652
666,1020,1686
550,677,1227
565,817,1382
704,275,979
909,817,1726
704,587,1291
629,619,1248
379,647,1026
664,1102,1766
90,692,782
606,896,1502
379,821,1200
294,578,872
728,840,1568
812,434,1246
668,704,1372
681,867,1548
640,1034,1674
407,517,924
721,947,1668
298,585,883
809,662,1471
458,348,806
90,704,794
1290,1009,2299
1034,605,1639
505,474,979
935,695,1630
769,368,1137
272,754,1026
373,568,941
197,979,1176
665,743,1408
670,374,1044
396,355,751
375,1001,1376
122,1440,1562
140,947,1087
1359,1127,2486
418,923,1341
561,416,977
490,558,1048
847,547,1394
602,283,885
531,252,783
425,996,1421
541,1478,2019
48,389,437
864,1219,2083
865,621,1486
593,753,1346
934,1254,2188
74,398,472
711,720,1431
1063,785,1848
200,405,605
848,550,1398
592,567,1159
1353,498,1851
450,244,694
614,810,1424
631,755,1386
1121,403,1524
562,717,1279
571,1170,1741
379,468,847
626,1181,1807
41,242,283
634,1312,1946
185,729,914
590,403,993
84,352,436
561,400,961
604,1075,1679
828,241,1069
151,439,590
119,481,600
512,723,1235
93,354,447
197,462,659
1011,1043,2054
432,1553,1985
103,262,365
794,1168,1962
487,1529,2016
100,535,635
132,473,605
303,418,721
56,365,421
928,395,1323
1163,1027,2190
491,731,1222
99,1500,1599
356,1220,1576
258,618,876
254,620,874
340,508,848
831,1192,2023
922,1455,2377
238,808,1046
922,783,1705
146,1511,1657
161,769,930
1227,555,1782
958,987,1945
457,1451,1908
432,665,1097
1389,616,2005
504,1432,1936
391,660,1051
389,741,1130
143,826,969
274,888,1162
373,693,1066
614,900,1514
1051,496,1547
1239,1081,2320
953,633,1586
487,733,1220
330,1517,1847
391,743,1134
700,541,1241
832,1092,1924
503,521,1024
585,496,1081
1068,739,1807
422,602,1024
483,952,1435
982,1560,2542
704,1203,1907
70,1550,1620
345,1148,1493
754,529,1283
49,1093,1142
1320,657,1977
271,1273,1544
916,1206,2122
925,1095,2020
694,296,990
580,961,1541
620,819,1439
975,1191,2166
231,800,1031
719,913,1632
574,1143,1717
467,649,1116
1166,1071,2237
500,888,1388
721,965,1686
1906,204,2110
529,716,1245
997,854,1851
172,474,646
968,418,1386
1502,955,2457
1059,334,1393
977,1028,2005
1209,284,1493
1704,218,1922
1425,1028,2453
1124,425,1549
796,371,1167
1053,668,1721
931,1224,2155
868,533,1401
222,1098,1320
563,588,1151
1284,700,1984
1468,648,2116
867,1016,1883
843,1126,1969
1117,866,1983
920,1016,1936
545,939,1484
1307,1112,2419
1214,750,1964
464,1005,1469
889,1067,1956
939,606,1545
1098,792,1890
527,641,1168
841,1355,2196
780,1441,2221
1414,730,2144
1459,1231,2690
456,1172,1628
761,1464,2225
819,1079,1898
497,699,1196
1058,965,2023
836,335,1171
785,908,1693
365,1030,1395
1063,1168,2231
1114,1225,2339
878,479,1357
668,1272,1940
140,1399,1539
740,576,1316
1025,1128,2153
489,816,1305
771,746,1517
241,1076,1317
769,587,1356
824,748,1572
553,476,1029
1385,643,2028
783,726,1509
928,463,1391
384,1684,2068
989,568,1557
652,811,1463
1084,450,1534
388,1492,1880
938,720,1658
869,784,1653
1159,615,1774
863,805,1668
332,1244,1576
826,1009,1835
582,796,1378
388,430,818
208,399,607
1365,435,1800
468,521,989
1093,707,1800
577,915,1492
47,612,659
1221,709,1930
291,435,726
167,531,698
1027,799,1826
1539,319,1858
650,398,1048
1034,1054,2088
365,776,1141
226,453,679
242,561,803
315,486,801
545,588,1133
420,874,1294
774,448,1222
643,549,1192
748,697,1445
678,386,1064
884,231,1115
1004,703,1707
94,599,693
73,534,607
1150,763,1913
607,815,1422
161,416,577
91,640,731
692,671,1363
766,1612,2378
143,582,725
64,844,908
501,1001,1502
1136,432,1568
203,625,828
424,324,748
945,751,1696
138,561,699
374,1402,1776
456,505,961
123,891,1014
331,616,947
452,443,895
458,1464,1922
147,893,1040
155,700,855
186,659,845
432,629,1061
324,772,1096
411,514,925
528,511,1039
1395,578,1973
443,647,1090
442,414,856
667,667,1334
884,559,1443
686,419,1105
1414,543,1957
493,698,1191
1022,454,1476
75,560,635
164,617,781
578,325,903
469,435,904
678,512,1190
736,432,1168
767,1665,2432
347,901,1248
264,812,1076
164,1083,1247
459,682,1141
334,668,1002
429,448,877
396,1043,1439
995,1631,2626
456,546,1002
156,1669,1825
514,907,1421
446,710,1156
453,338,791
609,543,1152
346,703,1049
257,596,853
327,959,1286
267,1636,1903
272,576,848
185,1816,2001
915,533,1448
361,738,1099
380,562,942
680,1031,1711
504,708,1212
498,1042,1540
217,694,911
530,745,1275
325,684,1009
1439,683,2122
359,1005,1364
869,528,1397
781,927,1708
267,1762,2029
565,807,1372
781,584,1365
339,828,1167
295,792,1087
1496,732,2228
1581,793,2374
954,471,1425
810,656,1466
148,956,1104
837,802,1639
1634,661,2295
597,780,1377
521,631,1152
1539,733,2272
966,342,1308
545,571,1116
516,715,1231
476,765,1241
523,556,1079
739,696,1435
663,654,1317
692,738,1430
667,491,1158
951,377,1328
636,763,1399
1038,259,1297
416,610,1026
431,635,1066
573,698,1271
482,861,1343
899,270,1169
335,444,779
774,619,1393
1010,171,1181
516,273,789
814,356,1170
518,433,951
642,883,1525
603,227,830
953,402,1355
856,452,1308
627,311,938
627,414,1041
998,548,1546
803,210,1013
876,224,1100
645,565,1210
933,264,1197
429,861,1290
909,303,1212
976,528,1504
208,494,702
855,450,1305
631,682,1313
175,466,641
802,422,1224
281,465,746
221,386,607
298,485,783
321,430,751
264,542,806
735,880,1615
1608,246,1854
186,691,877
494,623,1117
350,502,852
153,256,409
209,515,724
262,542,804
508,618,1126
244,703,947
320,553,873
375,802,1177
725,471,1196
246,557,803
256,880,1136
358,568,926
1821,1987,3808
338,685,1023
322,738,1060
353,588,941
188,577,765
376,314,690
382,846,1228
147,922,1069
315,713,1028
330,809,1139
425,525,950
317,757,1074
233,594,827
406,640,1046
1065,1614,2679
792,397,1189
497,797,1294
578,495,1073
342,1017,1359
262,476,738
83,1058,1141
75,722,797
477,624,1101
365,483,848
296,1050,1346
778,649,1427
535,614,1149
547,953,1500
814,1854,2668
765,400,1165
100,846,946
567,629,1196
649,624,1273
725,671,1396
283,1001,1284
174,1041,1215
582,522,1104
726,700,1426
149,597,746
208,351,559
964,681,1645
488,780,1268
979,717,1696
441,1558,1999
211,750,961
742,553,1295
470,357,827
452,1596,2048
241,731,972
957,531,1488
408,716,1124
966,634,1600
567,636,1203
503,646,1149
470,696,1166
47,499,546
81,635,716
719,648,1367
401,703,1104
476,802,1278
617,704,1321
722,1159,1881
351,892,1243
692,627,1319
103,572,675
253,442,695
869,1206,2075
436,514,950
661,684,1345
361,377,738
418,1156,1574
857,2123,2980
1374,860,2234
647,656,1303
617,1166,1783
1458,1841,3299
217,603,820
416,735,1151
351,741,1092
189,658,847
1576,707,2283
1794,1561,3355
505,480,985
489,728,1217
394,743,1137
248,579,827
1772,1344,3116
651,527,1178
365,875,1240
1103,789,1892
743,528,1271
341,651,992
257,744,1001
501,715,1216
553,782,1335
1784,174,1958
741,699,1440
498,436,934
841,323,1164
515,693,1208
329,1023,1352
501,674,1175
1411,198,1609
502,599,1101
252,415,667
1178,286,1464
827,283,1110
505,1006,1511
708,390,1098
522,230,752
494,888,1382
295,1313,1608
955,245,1200
435,425,860
809,185,994
1049,407,1456
483,1325,1808
691,685,1376
980,410,1390
866,320,1186
824,240,1064
139,153,292
682,448,1130
1697,266,1963
599,1348,1947
694,381,1075
590,655,1245
734,541,1275
250,260,510
216,299,515
769,646,1415
201,337,538
644,1215,1859
269,379,648
808,594,1402
219,229,448
236,432,668
738,667,1405
164,625,789
733,726,1459
323,365,688
251,403,654
441,429,870
289,420,709
189,449,638
291,581,872
241,436,677
149,719,868
678,284,962
376,275,651
127,584,711
648,262,910
188,839,1027
744,286,1030
376,205,581
721,212,933
845,197,1042
461,163,624
354,234,588
427,571,998
657,877,1534
1322,1413,2735
437,885,1322
1502,1265,2767
1897,892,2789
1127,577,1704
578,437,1015
971,737,1708
1386,737,2123
1042,768,1810
295,652,947
543,1269,1812
548,1145,1693
612,863,1475
293,864,1157
579,603,1182
651,975,1626
946,616,1562
722,633,1355
522,475,997
306,858,1164
595,1135,1730
909,736,1645
427,388,815
377,1122,1499
440,758,1198
787,720,1507
78,1052,1130
315,637,952
162,574,736
1189,1018,2207
684,1177,1861
887,697,1584
391,437,828
1225,1404,2629
895,1013,1908
496,610,1106
218,1272,1490
974,1102,2076
144,387,531
388,725,1113
250,639,889
939,1258,2197
550,435,985
218,660,878
688,605,1293
638,797,1435
928,1446,2374
119,439,558
581,889,1470
614,666,1280
465,486,951
1131,337,1468
899,1350,2249
297,601,898
114,445,559
367,928,1295
571,321,892
1369,141,1510
760,731,1491
98,558,656
331,935,1266
296,810,1106
92,149,241
932,412,1344
112,628,740
366,508,874
293,294,587
874,352,1226
283,448,731
613,1053,1666
680,644,1324
622,795,1417
137,148,285
343,964,1307
128,775,903
654,265,919
626,1344,1970
306,1137,1443
1336,207,1543
390,808,1198
666,789,1455
238,443,681
173,502,675
134,459,593
350,684,1034
672,1087,1759
312,921,1233
821,477,1298
815,689,1504
526,1169,1695
59,719,778
169,495,664
208,536,744
757,744,1501
1303,173,1476
380,1268,1648
168,719,887
187,720,907
566,1156,1722
142,756,898
207,580,787
226,610,836
203,777,980
634,359,993
827,949,1776
209,778,987
329,704,1033
1050,725,1775
318,655,973
419,503,922
403,561,964
197,875,1072
626,453,1079
341,842,1183
307,775,1082
631,747,1378
184,739,923
555,611,1166
298,706,1004
646,531,1177
638,311,949
706,730,1436
463,752,1215
757,472,1229
869,380,1249
549,562,1111
338,713,1051
760,659,1419
130,325,455
830,431,1261
657,442,1099
760,738,1498
189,307,496
111,572,683
53,590,643
657,706,1363
610,800,1410
149,418,567
931,787,1718
478,885,1363
620,852,1472
229,410,639
264,423,687
811,941,1752
906,951,1857
749,887,1636
159,553,712
583,1097,1680
201,723,924
254,520,774
268,530,798
220,438,658
78,943,1021
824,1056,1880
246,878,1124
428,841,1269
277,1067,1344
304,762,1066
311,558,869
420,557,977
744,526,1270
606,1051,1657
551,838,1389
443,729,1172
101,745,846
578,745,1323
435,608,1043
788,624,1412
167,704,871
789,517,1306
441,995,1436
169,763,932
222,663,885
343,557,900
833,581,1414
749,686,1435
768,529,1297
373,640,1013
706,368,1074
756,768,1524
637,417,1054
325,1132,1457
419,632,1051
847,291,1138
986,431,1417
731,448,1179
773,308,1081
520,619,1139
167,450,617
897,745,1642
393,516,909
734,771,1505
175,2988,3163
559,645,1204
409,479,888
583,1086,1669
267,644,911
620,282,902
909,683,1592
600,369,969
635,382,1017
506,968,1474
778,3399,4177
701,359,1060
402,729,1131
439,672,1111
64,426,490
470,704,1174
27,384,411
39,506,545
512,1360,1872
215,3474,3689
92,504,596
505,810,1315
652,655,1307
81,569,650
599,786,1385
62,542,604
48,653,701
284,712,996
98,751,849
173,791,964
420,619,1039
213,707,920
124,712,836
1033,599,1632
443,574,1017
620,470,1090
1093,431,1524
417,524,941
105,858,963
504,670,1174
115,662,777
364,726,1090
103,744,847
611,443,1054
647,272,919
1040,1012,2052
420,3418,3838
439,688,1127
183,819,1002
639,505,1144
248,1135,1383
527,823,1350
179,990,1169
648,611,1259
145,555,700
617,1702,2319
3306,1318,4624
590,1007,1597
533,687,1220
194,669,863
3284,1352,4636
600,1053,1653
506,919,1425
210,737,947
162,749,911
1222,1339,2561
158,986,1144
347,569,916
448,600,1048
168,994,1162
3273,1223,4496
301,844,1145
542,1083,1625
265,969,1234
815,1445,2260
628,870,1498
525,1583,2108
408,781,1189
418,789,1207
508,703,1211
1278,659,1937
690,672,1362
520,674,1194
517,825,1342
1577,820,2397
287,1239,1526
700,847,1547
1098,971,2069
606,819,1425
560,731,1291
602,713,1315
898,708,1606
568,818,1386
718,907,1625
947,829,1776
485,1253,1738
299,674,973
1230,841,2071
752,1318,2070
863,764,1627
742,906,1648
570,844,1414
507,1062,1569
799,676,1475
561,912,1473
437,554,991
373,671,1044
870,1121,1991
1191,734,1925
236,905,1141
1127,801,1928
825,1105,1930
927,511,1438
694,1000,1694
785,980,1765
732,414,1146
570,639,1209
1437,986,2423
269,876,1145
232,698,930
396,490,886
388,1146,1534
434,1168,1602
664,788,1452
183,1017,1200
260,735,995
403,1241,1644
492,1102,1594
254,710,964
594,433,1027
616,1190,1806
706,938,1644
141,989,1130
453,1309,1762
308,846,1154
660,1191,1851
339,941,1280
807,868,1675
505,903,1408
547,717,1264
406,915,1321
274,705,979
590,1355,1945
466,844,1310
683,657,1340
476,1045,1521
476,1249,1725
1011,543,1554
1038,590,1628
668,750,1418
937,575,1512
608,796,1404
997,590,1587
796,963,1759
1087,652,1739
1108,607,1715
942,629,1571
668,840,1508
1211,646,1857
779,768,1547
884,421,1305
1113,314,1427
1189,587,1776
767,568,1335
790,600,1390
900,529,1429
828,887,1715
942,544,1486
497,462,959
771,774,1545
390,470,860
170,480,650
198,857,1055
973,732,1705
478,581,1059
310,582,892
549,520,1069
558,1450,2008
520,535,1055
291,862,1153
96,578,674
395,904,1299
856,1292,2148
23,417,440
258,420,678
185,1249,1434
77,534,611
558,706,1264
504,838,1342
403,746,1149
764,649,1413
326,670,996
70,311,381
367,352,719
826,653,1479
320,3344,3664
112,549,661
597,709,1306
403,1210,1613
444,1390,1834
541,1657,2198
1147,1125,2272
112,1367,1479
509,1217,1726
423,1143,1566
269,1204,1473
707,1590,2297
601,1012,1613
472,4035,4507
103,1728,1831
464,1566,2030
137,1492,1629
241,1698,1939
186,1236,1422
468,1183,1651
172,1616,1788
392,1079,1471
1000,3686,4686
312,1708,2020
977,1092,2069
665,1065,1730
881,3469,4350
1183,963,2146
478,1162,1640
706,1057,1763
3361,1031,4392
648,963,1611
221,1346,1567
604,544,1148
1149,537,1686
1791,401,2192
730,1369,2099
1574,561,2135
1186,549,1735
886,585,1471
3580,292,3872
433,762,1195
1189,602,1791
702,957,1659
1377,604,1981
133,2198,2331
1102,876,1978
1073,398,1471
1545,703,2248
1800,551,2351
2902,662,3564
492,791,1283
1042,458,1500
465,2465,2930
887,1788,2675
991,595,1586
651,272,923
131,500,631
1350,1335,2685
1225,677,1902
908,850,1758
581,932,1513
200,547,747
613,2494,3107
1001,769,1770
118,719,837
140,666,806
1040,743,1783
1327,1118,2445
95,816,911
127,823,950
115,504,619
285,665,950
147,1030,1177
348,685,1033
381,688,1069
110,840,950
282,996,1278
511,829,1340
368,1003,1371
317,955,1272
601,606,1207
599,751,1350
317,812,1129
212,894,1106
528,799,1327
1522,926,2448
333,966,1299
157,1057,1214
302,1008,1310
127,1054,1181
1401,1567,2968
352,1111,1463
734,967,1701
610,606,1216
611,950,1561
908,553,1461
622,749,1371
2333,1304,3637
829,912,1741
790,344,1134
352,1412,1764
631,894,1525
661,937,1598
638,644,1282
877,378,1255
2260,1144,3404
643,281,924
555,1270,1825
835,734,1569
899,879,1778
948,348,1296
766,1020,1786
622,1055,1677
1070,396,1466
946,1214,2160
957,307,1264
791,1141,1932
598,463,1061
1355,461,1816
1224,336,1560
924,703,1627
679,659,1338
1259,458,1717
932,203,1135
1359,484,1843
1508,513,2021
1080,415,1495
1016,189,1205
258,189,447
761,646,1407
942,283,1225
1155,603,1758
1347,592,1939
216,172,388
1203,310,1513
912,1479,2391
255,162,417
251,284,535
388,289,677
1094,835,1929
887,522,1409
280,191,471
337,199,536
277,311,588
498,159,657
362,223,585
392,155,547
376,262,638
270,153,423
486,135,621
306,210,516
380,153,533
358,173,531
1034,1053,2087
792,985,1777
765,1001,1766
264,182,446
350,238,588
162,917,1079
1780,156,1936
397,232,629
831,1042,1873
1678,235,1913
991,141,1132
926,199,1125
488,138,626
999,228,1227
956,168,1124
457,151,608
537,189,726
600,150,750
1287,150,1437
614,179,793
1146,152,1298
599,143,742
1174,181,1355
1170,166,1336
1175,170,1345
659,166,825
651,156,807
780,138,918
1316,177,1493
1421,202,1623
730,162,892
1402,176,1578
1377,187,1564
906,199,1105
605,168,773
1409,254,1663
885,245,1130
785,315,1100
725,170,895
881,254,1135
745,296,1041
789,578,1367
785,611,1396
885,614,1499
641,552,1193
731,610,1341
686,691,1377
747,656,1403
714,563,1277
853,617,1470
710,650,1360
759,575,1334
850,613,1463
762,702,1464
566,658,1224
593,689,1282
611,617,1228
656,647,1303
734,676,1410
479,697,1176
590,837,1427
569,739,1308
709,715,1424
468,637,1105
494,591,1085
420,613,1033
679,698,1377
443,575,1018
465,850,1315
527,551,1078
621,829,1450
412,614,1026
492,540,1032
545,626,1171
596,751,1347
642,502,1144
614,774,1388
511,755,1266
602,720,1322
591,635,1226
625,555,1180
761,591,1352
761,296,1057
929,406,1335
856,522,1378
566,633,1199
859,549,1408
572,524,1096
733,661,1394
405,463,868
691,544,1235
507,397,904
845,631,1476
811,501,1312
854,601,1455
414,569,983
611,459,1070
593,407,1000
508,542,1050
780,260,1040
422,633,1055
630,495,1125
668,803,1471
523,542,1065
281,705,986
569,535,1104
464,453,917
734,626,1360
668,717,1385
339,414,753
461,440,901
620,2168,2788
584,1958,2542
428,589,1017
538,346,884
553,382,935
368,482,850
707,521,1228
235,726,961
378,743,1121
718,1857,2575
370,658,1028
125,371,496
246,828,1074
487,593,1080
249,555,804
190,298,488
375,766,1141
667,468,1135
686,1837,2523
379,824,1203
430,838,1268
468,777,1245
140,620,760
540,805,1345
413,837,1250
146,514,660
274,570,844
1851,738,2589
411,489,900
302,580,882
603,373,976
815,479,1294
540,425,965
60,948,1008
59,881,940
181,702,883
1747,492,2239
587,423,1010
231,548,779
539,2767,3306
461,364,825
72,735,807
692,461,1153
167,1073,1240
499,791,1290
545,690,1235
684,512,1196
749,545,1294
408,689,1097
588,2803,3391
795,354,1149
278,859,1137
1861,621,2482
772,650,1422
97,479,576
502,783,1285
592,414,1006
590,549,1139
843,2593,3436
494,704,1198
834,595,1429
528,830,1358
568,876,1444
819,810,1629
127,501,628
905,575,1480
931,757,1688
177,782,959
2073,1479,3552
532,786,1318
369,655,1024
318,659,977
2552,785,3337
227,829,1056
193,631,824
91,653,744
880,925,1805
453,635,1088
161,576,737
175,1026,1201
677,1093,1770
263,631,894
2603,543,3146
431,698,1129
61,824,885
607,453,1060
281,1008,1289
376,862,1238
276,453,729
569,847,1416
450,504,954
1400,702,2102
654,696,1350
245,707,952
402,652,1054
342,1102,1444
605,791,1396
462,649,1111
210,1362,1572
355,316,671
632,572,1204
532,709,1241
595,1103,1698
473,719,1192
256,1003,1259
738,1050,1788
606,604,1210
846,259,1105
1302,209,1511
208,668,876
186,752,938
772,496,1268
124,877,1001
902,572,1474
614,903,1517
670,825,1495
650,454,1104
1006,964,1970
657,497,1154
772,376,1148
776,1134,1910
933,208,1141
424,379,803
550,1005,1555
768,1174,1942
548,1150,1698
879,1025,1904
515,1485,2000
894,968,1862
832,989,1821
1002,921,1923
681,1041,1722
945,970,1915
556,1163,1719
202,1111,1313
364,981,1345
818,1182,2000
425,938,1363
386,998,1384
675,945,1620
250,1065,1315
1056,378,1434
538,1680,2218
1064,318,1382
1135,574,1709
792,2337,3129
276,1025,1301
680,789,1469
891,1341,2232
833,985,1818
869,574,1443
932,528,1460
557,1142,1699
359,1310,1669
892,731,1623
896,631,1527
855,453,1308
1095,467,1562
500,2919,3419
408,1360,1768
1075,571,1646
1034,630,1664
451,1423,1874
698,2896,3594
635,561,1196
974,525,1499
682,600,1282
421,1212,1633
474,1448,1922
1921,1430,3351
281,512,793
672,189,861
743,670,1413
2680,263,2943
461,428,889
471,163,634
900,150,1050
522,225,747
2812,204,3016
529,189,718
708,898,1606
546,166,712
1402,248,1650
268,177,445
1109,237,1346
502,159,661
345,192,537
740,223,963
331,144,475
331,165,496
987,1247,2234
444,1893,2337
1003,944,1947
638,496,1134
1374,476,1850
308,354,662
698,1475,2173
1770,441,2211
1476,1103,2579
426,636,1062
362,1631,1993
524,343,867
688,786,1474
889,1499,2388
509,1265,1774
1645,667,2312
536,756,1292
2016,857,2873
1063,375,1438
1717,745,2462
60,601,661
356,467,823
304,595,899
1235,574,1809
85,688,773
1757,966,2723
22,731,753
1169,1000,2169
52,722,774
42,910,952
467,371,838
945,1333,2278
360,619,979
131,849,980
1281,721,2002
118,819,937
1398,522,1920
1691,293,1984
224,630,854
670,387,1057
1397,820,2217
394,604,998
564,440,1004
449,531,980
54,1138,1192
622,520,1142
768,382,1150
531,651,1182
760,563,1323
538,502,1040
914,1300,2214
468,602,1070
1348,579,1927
51,568,619
357,527,884
671,390,1061
578,719,1297
966,505,1471
490,544,1034
146,1180,1326
354,1397,1751
594,710,1304
743,677,1420
69,1556,1625
213,558,771
198,593,791
576,790,1366
735,655,1390
532,654,1186
699,947,1646
346,1444,1790
240,631,871
114,784,898
122,1651,1773
366,572,938
452,446,898
361,633,994
339,667,1006
562,478,1040
814,797,1611
1111,797,1908
349,683,1032
260,814,1074
503,1402,1905
461,648,1109
68,567,635
452,711,1163
391,680,1071
102,596,698
972,802,1774
1180,623,1803
261,857,1118
265,808,1073
1462,776,2238
209,844,1053
526,621,1147
739,833,1572
413,814,1227
623,722,1345
413,878,1291
1450,796,2246
207,785,992
488,639,1127
524,850,1374
622,584,1206
372,1015,1387
651,720,1371
632,673,1305
351,1034,1385
686,653,1339
780,455,1235
849,855,1704
642,745,1387
248,628,876
865,594,1459
599,1119,1718
258,644,902
783,785,1568
399,1168,1567
488,564,1052
144,905,1049
1541,777,2318
407,457,864
812,1047,1859
254,717,971
1375,1072,2447
271,626,897
398,570,968
467,588,1055
480,571,1051
710,1050,1760
454,572,1026
128,1038,1166
508,597,1105
134,1071,1205
282,875,1157
547,674,1221
491,512,1003
663,508,1171
389,947,1336
533,518,1051
528,650,1178
445,669,1114
360,925,1285
297,955,1252
531,775,1306
425,485,910
707,479,1186
863,569,1432
373,613,986
799,497,1296
472,732,1204
632,616,1248
446,744,1190
443,724,1167
531,653,1184
323,486,809
883,828,1711
442,770,1212
908,699,1607
447,628,1075
532,741,1273
566,562,1128
607,758,1365
607,695,1302
600,834,1434
569,599,1168
785,769,1554
685,472,1157
97,544,641
334,1681,2015
423,655,1078
948,451,1399
331,394,725
525,1786,2311
281,466,747
568,756,1324
168,605,773
895,946,1841
695,831,1526
340,602,942
184,707,891
444,1103,1547
187,801,988
455,417,872
986,1264,2250
338,408,746
393,1780,2173
629,640,1269
540,416,956
423,623,1046
1583,790,2373
305,962,1267
533,463,996
250,748,998
1667,483,2150
512,743,1255
530,748,1278
645,546,1191
1075,1153,2228
566,548,1114
1674,589,2263
387,621,1008
725,880,1605
739,1785,2524
568,751,1319
347,517,864
707,514,1221
105,1377,1482
527,612,1139
836,222,1058
344,660,1004
483,1105,1588
918,1780,2698
977,316,1293
527,879,1406
742,541,1283
758,843,1601
266,718,984
349,236,585
375,661,1036
968,738,1706
693,1786,2479
677,391,1068
616,840,1456
291,433,724
736,561,1297
551,566,1117
320,1054,1374
419,295,714
219,497,716
454,577,1031
897,802,1699
314,1043,1357
337,623,960
1399,631,2030
373,1277,1650
576,216,792
1383,425,1808
1642,625,2267
504,569,1073
809,1204,2013
931,546,1477
737,365,1102
479,282,761
486,1154,1640
253,270,523
156,519,675
1747,553,2300
581,493,1074
159,547,706
1140,796,1936
519,753,1272
205,521,726
451,462,913
280,465,745
829,833,1662
119,705,824
232,534,766
168,1335,1503
635,1000,1635
694,752,1446
269,695,964
525,439,964
343,526,869
266,806,1072
480,514,994
511,803,1314
1132,710,1842
1105,730,1835
1227,673,1900
567,358,925
576,543,1119
204,625,829
617,1777,2394
547,709,1256
335,781,1116
863,477,1340
1111,913,2024
641,758,1399
345,822,1167
413,651,1064
316,636,952
356,732,1088
439,1843,2282
542,877,1419
626,578,1204
1321,857,2178
640,815,1455
594,1052,1646
519,695,1214
465,758,1223
412,704,1116
213,721,934
678,773,1451
575,432,1007
522,715,1237
842,913,1755
289,590,879
593,732,1325
754,1672,2426
137,882,1019
391,819,1210
336,813,1149
728,335,1063
458,605,1063
969,568,1537
528,1129,1657
722,761,1483
810,758,1568
562,970,1532
584,1011,1595
638,700,1338
215,1127,1342
818,936,1754
756,855,1611
860,855,1715
253,539,792
658,984,1642
560,920,1480
424,1019,1443
798,1175,1973
815,595,1410
688,821,1509
807,915,1722
595,841,1436
1138,780,1918
723,699,1422
259,792,1051
761,787,1548
884,699,1583
900,779,1679
770,893,1663
741,326,1067
864,238,1102
475,412,887
457,653,1110
531,656,1187
855,263,1118
895,250,1145
623,507,1130
205,2118,2323
1154,1013,2167
911,193,1104
735,294,1029
391,482,873
762,407,1169
1689,1379,3068
858,1054,1912
986,177,1163
611,324,935
1746,1364,3110
222,1195,1417
1052,465,1517
760,579,1339
454,923,1377
1867,1088,2955
1049,485,1534
914,472,1386
913,427,1340
1195,241,1436
1282,443,1725
858,523,1381
1069,192,1261
815,440,1255
134,206,340
234,177,411
791,400,1191
1030,352,1382
157,243,400
243,206,449
161,379,540
236,349,585
254,218,472
286,194,480
869,668,1537
1051,643,1694
275,378,653
1199,737,1936
250,344,594
160,617,777
80,383,463
303,268,571
535,316,851
277,430,707
180,609,789
159,314,473
308,235,543
721,249,970
427,148,575
795,176,971
266,140,406
1746,340,2086
1528,593,2121
407,250,657
253,207,460
263,224,487
1093,232,1325
271,722,993
321,275,596
116,903,1019
257,151,408
277,255,532
767,258,1025
459,167,626
1163,252,1415
382,153,535
763,325,1088
213,427,640
911,158,1069
904,138,1042
902,239,1141
320,312,632
590,980,1570
1245,1200,2445
350,1014,1364
909,230,1139
355,333,688
437,286,723
1200,366,1566
638,160,798
1246,217,1463
1502,265,1767
1169,267,1436
1665,1093,2758
999,263,1262
466,210,676
427,299,726
1704,234,1938
1458,255,1713
764,630,1394
740,236,976
521,268,789
560,233,793
540,507,1047
1500,146,1646
1332,164,1496
798,144,942
750,196,946
928,565,1493
506,162,668
292,400,692
1520,215,1735
708,410,1118
689,476,1165
616,396,1012
625,168,793
740,389,1129
734,327,1061
769,189,958
860,484,1344
1185,550,1735
425,458,883
497,588,1085
483,303,786
563,258,821
494,419,913
871,389,1260
773,267,1040
551,789,1340
1007,528,1535
683,794,1477
554,842,1396
688,735,1423
259,523,782
358,455,813
429,208,637
466,974,1440
374,624,998
533,768,1301
880,497,1377
800,871,1671
557,863,1420
405,631,1036
696,632,1328
438,603,1041
489,584,1073
219,876,1095
630,1164,1794
393,830,1223
439,812,1251
859,911,1770
454,836,1290
427,400,827
451,632,1083
422,823,1245
777,769,1546
624,745,1369
328,813,1141
613,689,1302
274,801,1075
961,625,1586
854,368,1222
452,638,1090
443,1074,1517
308,845,1153
558,625,1183
756,849,1605
492,699,1191
599,732,1331
536,639,1175
642,636,1278
668,1208,1876
485,624,1109
427,1233,1660
616,845,1461
735,636,1371
377,764,1141
680,710,1390
628,597,1225
683,577,1260
588,609,1197
556,1304,1860
902,811,1713
1028,769,1797
752,893,1645
638,621,1259
586,619,1205
696,612,1308
700,617,1317
735,758,1493
347,614,961
273,1398,1671
807,1055,1862
951,910,1861
552,893,1445
302,730,1032
438,606,1044
368,723,1091
539,581,1120
388,734,1122
413,710,1123
1147,698,1845
687,1001,1688
1148,664,1812
758,861,1619
541,657,1198
714,490,1204
617,628,1245
512,688,1200
439,668,1107
489,638,1127
1208,667,1875
558,783,1341
726,715,1441
780,654,1434
517,636,1153
651,524,1175
556,786,1342
640,627,1267
560,775,1335
1385,709,2094
614,573,1187
702,604,1306
852,816,1668
768,602,1370
671,695,1366
665,509,1174
825,395,1220
719,463,1182
782,268,1050
1124,235,1359
654,674,1328
730,462,1192
55,508,563
568,711,1279
888,676,1564
403,234,637
358,289,647
691,695,1386
614,761,1375
204,370,574
513,279,792
762,716,1478
783,1059,1842
483,242,725
542,309,851
743,989,1732
688,963,1651
233,670,903
542,371,913
404,660,1064
603,553,1156
581,535,1116
552,1102,1654
804,388,1192
74,816,890
473,887,1360
863,397,1260
446,498,944
321,968,1289
156,538,694
192,357,549
848,561,1409
470,387,857
576,804,1380
209,735,944
964,545,1509
306,560,866
486,929,1415
977,2074,3051
116,406,522
627,581,1208
488,502,990
797,390,1187
434,532,966
696,916,1612
946,1934,2880
184,441,625
752,911,1663
128,584,712
446,969,1415
502,1282,1784
176,414,590
641,734,1375
177,615,792
309,435,744
801,1944,2745
239,527,766
448,1173,1621
326,686,1012
420,623,1043
500,820,1320
169,1404,1573
796,869,1665
817,571,1388
206,637,843
1579,617,2196
384,812,1196
446,583,1029
555,649,1204
406,1338,1744
971,270,1241
485,562,1047
125,1026,1151
338,603,941
1677,634,2311
296,633,929
358,480,838
689,548,1237
376,1289,1665
770,270,1040
604,346,950
1222,671,1893
423,547,970
1803,621,2424
358,806,1164
452,963,1415
478,633,1111
724,458,1182
363,547,910
1245,431,1676
718,435,1153
764,431,1195
836,429,1265
384,1123,1507
481,588,1069
481,334,815
809,277,1086
1100,479,1579
662,478,1140
683,450,1133
745,334,1079
360,1080,1440
553,592,1145
556,729,1285
321,370,691
718,455,1173
570,561,1131
745,514,1259
180,352,532
804,608,1412
727,491,1218
716,1324,2040
407,340,747
805,639,1444
259,572,831
302,340,642
228,572,800
1019,518,1537
349,537,886
1088,1086,2174
360,641,1001
360,437,797
516,590,1106
665,1215,1880
1048,565,1613
545,460,1005
379,593,972
348,611,959
528,634,1162
392,761,1153
465,495,960
1242,517,1759
411,815,1226
333,577,910
909,612,1521
510,531,1041
208,1313,1521
283,549,832
208,690,898
116,390,506
276,3270,3546
294,896,1190
1129,430,1559
487,583,1070
151,946,1097
483,453,936
464,616,1080
536,493,1029
539,637,1176
431,3058,3489
590,959,1549
219,715,934
159,633,792
314,861,1175
235,504,739
354,654,1008
52,592,644
370,826,1196
690,1241,1931
924,2531,3455
479,784,1263
759,1023,1782
399,1526,1925
436,631,1067
35,1158,1193
561,1041,1602
702,1272,1974
372,1040,1412
117,1354,1471
414,1069,1483
294,1220,1514
761,942,1703
2865,808,3673
431,706,1137
683,906,1589
528,1112,1640
110,723,833
2949,1027,3976
311,1369,1680
341,1149,1490
541,999,1540
742,606,1348
771,597,1368
779,577,1356
721,989,1710
1172,336,1508
119,771,890
2356,927,3283
834,960,1794
322,673,995
820,205,1025
602,787,1389
181,766,947
1021,817,1838
710,877,1587
1107,730,1837
445,448,893
137,927,1064
525,486,1011
339,707,1046
1436,260,1696
507,479,986
155,910,1065
374,678,1052
557,487,1044
724,402,1126
1045,688,1733
725,260,985
1233,604,1837
969,262,1231
440,848,1288
895,186,1081
420,391,811
618,287,905
804,646,1450
756,356,1112
762,413,1175
950,352,1302
475,549,1024
698,253,951
963,345,1308
757,360,1117
69,292,361
1044,201,1245
970,300,1270
1279,245,1524
1331,328,1659
1281,275,1556
128,365,493
1305,303,1608
306,240,546
373,175,548
269,261,530
63,702,765
406,233,639
43,711,754
242,317,559
318,330,648
373,326,699
526,258,784
514,413,927
627,397,1024
1278,418,1696
573,433,1006
618,311,929
794,368,1162
354,398,752
581,470,1051
565,360,925
847,352,1199
407,390,797
319,457,776
489,319,808
386,287,673
397,349,746
364,1167,1531
550,858,1408
626,821,1447
767,710,1477
605,889,1494
261,401,662
283,438,721
738,698,1436
251,407,658
407,1066,1473
513,892,1405
992,585,1577
433,994,1427
1090,668,1758
284,530,814
258,597,855
1143,641,1784
1178,770,1948
332,635,967
306,1036,1342
1027,618,1645
1044,301,1345
308,525,833
786,907,1693
303,706,1009
1098,641,1739
932,549,1481
174,1116,1290
32,746,778
549,739,1288
202,724,926
370,913,1283
286,647,933
340,986,1326
174,817,991
176,908,1084
593,868,1461
302,677,979
679,793,1472
1580,337,1917
461,622,1083
369,612,981
386,760,1146
733,290,1023
268,801,1069
621,959,1580
443,764,1207
927,649,1576
46,514,560
1005,693,1698
494,602,1096
124,357,481
704,492,1196
407,742,1149
900,336,1236
477,660,1137
674,1034,1708
542,626,1168
61,612,673
879,828,1707
191,1025,1216
617,227,844
182,423,605
116,646,762
556,687,1243
220,1029,1249
718,501,1219
506,307,813
831,314,1145
845,2336,3181
560,682,1242
637,757,1394
523,899,1422
420,981,1401
43,1477,1520
724,692,1416
54,502,556
584,618,1202
145,576,721
1053,2128,3181
225,493,718
817,697,1514
495,1036,1531
160,732,892
387,481,868
799,668,1467
203,625,828
271,1332,1603
578,1112,1690
197,858,1055
229,678,907
736,1168,1904
154,986,1140
689,1116,1805
189,984,1173
1148,240,1388
520,2253,2773
914,190,1104
403,1092,1495
1046,264,1310
1028,344,1372
286,706,992
1736,269,2005
1148,388,1536
1147,416,1563
1136,419,1555
302,345,647
1185,391,1576
1263,554,1817
1080,453,1533
1256,538,1794
1504,226,1730
485,675,1160
1277,505,1782
2601,395,2996
492,448,940
1343,291,1634
2224,888,3112
1560,292,1852
1359,342,1701
607,435,1042
1705,394,2099
732,508,1240
1474,623,2097
1510,347,1857
676,514,1190
459,801,1260
2375,796,3171
698,649,1347
1480,824,2304
422,527,949
872,532,1404
582,720,1302
687,742,1429
680,380,1060
445,711,1156
634,650,1284
534,820,1354
791,559,1350
534,885,1419
566,613,1179
657,654,1311
902,413,1315
928,945,1873
800,617,1417
572,731,1303
524,522,1046
951,539,1490
794,725,1519
447,654,1101
458,713,1171
439,732,1171
675,512,1187
600,916,1516
542,608,1150
673,881,1554
665,498,1163
623,643,1266
451,642,1093
775,482,1257
617,549,1166
479,725,1204
453,972,1425
625,805,1430
553,1075,1628
930,515,1445
973,1003,1976
1008,646,1654
180,514,694
470,864,1334
966,490,1456
541,892,1433
708,842,1550
693,780,1473
735,953,1688
449,260,709
566,748,1314
1098,540,1638
181,636,817
951,877,1828
673,804,1477
771,966,1737
916,839,1755
351,1228,1579
407,687,1094
655,1166,1821
243,699,942
430,549,979
673,423,1096
443,333,776
497,590,1087
655,446,1101
561,545,1106
1013,1164,2177
299,941,1240
229,844,1073
617,318,935
393,686,1079
1114,1416,2530
536,589,1125
544,684,1228
690,1144,1834
66,745,811
743,611,1354
213,304,517
340,1131,1471
110,1401,1511
507,691,1198
768,471,1239
227,644,871
369,497,866
452,600,1052
592,480,1072
831,710,1541
806,694,1500
567,685,1252
942,502,1444
270,352,622
238,607,845
455,420,875
551,354,905
1251,479,1730
946,757,1703
793,706,1499
741,790,1531
220,646,866
307,676,983
410,496,906
592,435,1027
1183,460,1643
1437,397,1834
572,580,1152
456,732,1188
153,683,836
482,632,1114
584,450,1034
476,388,864
636,500,1136
690,468,1158
668,521,1189
525,618,1143
236,653,889
526,492,1018
696,633,1329
173,511,684
524,1103,1627
667,817,1484
340,636,976
597,683,1280
706,626,1332
210,492,702
428,500,928
367,626,993
433,596,1029
594,350,944
684,2660,3344
679,2758,3437
625,555,1180
274,682,956
442,780,1222
343,857,1200
307,813,1120
568,691,1259
459,744,1203
619,701,1320
108,539,647
161,2840,3001
529,780,1309
258,461,719
491,675,1166
408,2537,2945
495,898,1393
279,564,843
136,702,838
445,789,1234
113,695,808
282,2864,3146
279,631,910
293,598,891
239,713,952
437,757,1194
523,1018,1541
297,732,1029
463,609,1072
875,345,1220
248,817,1065
2525,797,3322
874,2285,3159
439,727,1166
532,495,1027
340,827,1167
639,752,1391
440,955,1395
687,749,1436
380,868,1248
652,421,1073
65,507,572
121,476,597
2497,1453,3950
345,295,640
126,1261,1387
2554,1211,3765
376,295,671
2752,909,3661
765,1249,2014
420,1012,1432
309,263,572
559,1412,1971
698,1216,1914
342,1163,1505
647,912,1559
335,223,558
745,1350,2095
437,1226,1663
986,1070,2056
914,622,1536
742,1153,1895
2207,1022,3229
499,1159,1658
595,1075,1670
610,1132,1742
794,932,1726
1084,736,1820
903,184,1087
2842,1133,3975
460,1278,1738
831,950,1781
1220,490,1710
904,227,1131
577,1311,1888
366,1108,1474
324,1039,1363
661,1501,2162
569,811,1380
1027,448,1475
1333,453,1786
785,495,1280
819,982,1801
1005,495,1500
1052,450,1502
613,1445,2058
1156,363,1519
945,474,1419
1296,332,1628
531,1420,1951
857,636,1493
1294,449,1743
1401,583,1984
1101,699,1800
753,344,1097
1160,472,1632
1168,321,1489
1592,240,1832
1024,261,1285
1093,366,1459
1018,511,1529
1217,438,1655
376,693,1069
238,326,564
1216,825,2041
358,249,607
518,710,1228
329,361,690
1150,659,1809
264,336,600
440,285,725
205,613,818
173,443,616
281,461,742
285,524,809
249,393,642
367,449,816
388,308,696
578,265,843
428,675,1103
559,567,1126
267,547,814
1357,1044,2401
302,760,1062
1730,159,1889
576,587,1163
317,836,1153
1689,737,2426
745,354,1099
84,558,642
635,564,1199
702,791,1493
299,264,563
378,479,857
132,600,732
969,322,1291
32,622,654
347,245,592
446,1030,1476
450,342,792
446,230,676
713,742,1455
317,297,614
456,211,667
384,302,686
894,852,1746
812,838,1650
600,287,887
878,953,1831
862,282,1144
799,370,1169
1329,741,2070
647,610,1257
915,336,1251
444,744,1188
880,1100,1980
222,442,664
944,324,1268
698,615,1313
907,547,1454
976,360,1336
991,390,1381
806,475,1281
561,318,879
322,242,564
1083,346,1429
1008,475,1483
1119,325,1444
325,913,1238
386,227,613
1063,460,1523
410,1220,1630
304,349,653
337,335,672
307,299,606
834,301,1135
190,937,1127
1027,512,1539
641,234,875
316,356,672
443,1505,1948
289,1149,1438
608,221,829
534,820,1354
655,754,1409
665,238,903
920,216,1136
537,277,814
1273,800,2073
339,1350,1689
181,300,481
146,213,359
307,878,1185
1065,688,1753
170,328,498
849,612,1461
913,444,1357
324,227,551
194,858,1052
304,317,621
195,435,630
468,261,729
1063,394,1457
309,359,668
446,1038,1484
416,382,798
1322,892,2214
441,366,807
323,506,829
545,425,970
1826,742,2568
427,469,896
473,1176,1649
454,200,654
1169,464,1633
497,409,906
294,431,725
487,375,862
319,1330,1649
497,694,1191
1426,510,1936
583,1268,1851
444,510,954
530,654,1184
475,448,923
37,173,210
332,497,829
1150,455,1605
577,1090,1667
431,566,997
449,907,1356
478,865,1343
470,633,1103
815,641,1456
582,879,1461
352,433,785
418,733,1151
728,642,1370
447,902,1349
1220,539,1759
99,184,283
506,845,1351
234,877,1111
453,593,1046
722,510,1232
638,627,1265
362,567,929
160,441,601
751,456,1207
829,482,1311
987,656,1643
734,393,1127
735,423,1158
538,683,1221
380,625,1005
145,499,644
645,343,988
606,270,876
1037,1246,2283
748,428,1176
575,447,1022
525,915,1440
463,312,775
204,690,894
459,276,735
657,553,1210
277,597,874
95,366,461
392,675,1067
638,668,1306
116,313,429
1330,1093,2423
669,657,1326
684,477,1161
369,573,942
100,376,476
503,695,1198
581,795,1376
131,419,550
136,519,655
679,782,1461
145,580,725
703,421,1124
414,516,930
457,1221,1678
581,835,1416
266,586,852
470,784,1254
427,296,723
883,645,1528
295,447,742
378,501,879
371,635,1006
328,360,688
611,744,1355
466,432,898
491,2120,2611
1124,822,1946
585,455,1040
348,567,915
522,590,1112
417,561,978
424,311,735
576,727,1303
742,264,1006
418,2272,2690
1171,932,2103
636,689,1325
306,744,1050
698,349,1047
649,2420,3069
253,531,784
831,384,1215
586,265,851
585,2412,2997
462,589,1051
382,722,1104
856,570,1426
550,367,917
298,612,910
424,635,1059
609,404,1013
2298,588,2886
278,773,1051
748,744,1492
632,747,1379
261,389,650
1141,790,1931
380,611,991
2453,284,2737
630,589,1219
498,2546,3044
745,366,1111
517,633,1150
482,2542,3024
586,433,1019
433,329,762
2422,325,2747
477,441,918
603,764,1367
527,595,1122
437,2559,2996
682,358,1040
770,313,1083
262,795,1057
834,367,1201
741,415,1156
377,1154,1531
1002,236,1238
2037,1098,3135
361,846,1207
116,485,601
565,845,1410
149,412,561
692,484,1176
98,494,592
2404,494,2898
641,818,1459
169,522,691
530,759,1289
115,370,485
1115,399,1514
657,879,1536
2514,489,3003
232,791,1023
871,1840,2711
292,426,718
131,646,777
236,372,608
144,839,983
615,720,1335
411,590,1001
322,687,1009
118,667,785
511,570,1081
450,576,1026
536,363,899
298,964,1262
62,149,211
869,1693,2562
465,582,1047
539,429,968
110,1121,1231
328,689,1017
650,534,1184
335,553,888
555,676,1231
479,934,1413
737,1755,2492
338,950,1288
781,310,1091
526,638,1164
621,564,1185
310,648,958
663,776,1439
820,1509,2329
56,379,435
619,813,1432
50,694,744
1177,298,1475
264,477,741
368,357,725
305,1085,1390
600,259,859
93,607,700
763,372,1135
151,581,732
499,237,736
357,429,786
342,1133,1475
472,422,894
226,697,923
822,563,1385
386,672,1058
585,574,1159
858,279,1137
313,1252,1565
562,463,1025
448,689,1137
904,441,1345
1129,535,1664
288,1126,1414
157,374,531
641,585,1226
782,438,1220
800,450,1250
1055,388,1443
1377,862,2239
111,498,609
634,564,1198
158,395,553
699,639,1338
123,545,668
1082,407,1489
1028,674,1702
1613,234,1847
222,907,1129
279,917,1196
94,678,772
1586,1114,2700
191,1011,1202
466,854,1320
170,698,868
385,877,1262
120,931,1051
109,296,405
280,1079,1359
743,471,1214
154,1004,1158
407,811,1218
226,709,935
83,1336,1419
303,1238,1541
276,1143,1419
75,533,608
286,735,1021
441,1157,1598
260,1050,1310
73,899,972
128,655,783
613,211,824
280,1218,1498
523,391,914
675,766,1441
255,1326,1581
567,1035,1602
72,212,284
374,1211,1585
551,561,1112
683,474,1157
273,1460,1733
185,660,845
373,1279,1652
765,963,1728
1179,510,1689
120,212,332
462,1303,1765
394,480,874
798,374,1172
572,505,1077
809,525,1334
385,460,845
523,828,1351
531,1316,1847
975,371,1346
594,326,920
561,666,1227
1004,386,1390
997,226,1223
1101,385,1486
1135,289,1424
848,197,1045
1214,166,1380
255,589,844
408,1131,1539
1185,223,1408
174,161,335
1123,514,1637
126,242,368
882,847,1729
234,239,473
231,181,412
185,233,418
169,240,409
1065,651,1716
572,536,1108
289,198,487
752,647,1399
258,222,480
252,307,559
1206,341,1547
260,427,687
227,532,759
533,309,842
1413,225,1638
467,1111,1578
204,369,573
634,156,790
525,228,753
612,225,837
589,649,1238
268,696,964
588,648,1236
995,1986,2981
548,610,1158
294,788,1082
287,437,724
820,2001,2821
284,877,1161
259,633,892
339,716,1055
574,835,1409
548,912,1460
310,444,754
543,739,1282
144,547,691
578,970,1548
711,726,1437
316,600,916
487,564,1051
403,626,1029
1145,1524,2669
366,666,1032
356,751,1107
161,633,794
180,565,745
1231,567,1798
508,719,1227
618,567,1185
489,672,1161
497,699,1196
189,773,962
154,730,884
575,583,1158
550,634,1184
457,497,954
502,699,1201
657,361,1018
620,687,1307
1534,392,1926
643,409,1052
398,298,696
1759,214,1973
460,610,1070
766,296,1062
466,280,746
578,226,804
782,415,1197
510,147,657
273,251,524
348,222,570
1014,178,1192
463,138,601
208,240,448
165,215,380
605,165,770
324,189,513
311,186,497
149,264,413
371,226,597
190,201,391
244,175,419
202,266,468
193,216,409
204,208,412
303,214,517
203,302,505
215,254,469
93,234,327
735,1060,1795
207,292,499
135,247,382
1755,500,2255
142,720,862
131,226,357
475,1443,1918
864,1209,2073
856,1236,2092
373,2123,2496
570,1330,1900
1811,478,2289
1663,419,2082
498,421,919
179,713,892
1248,486,1734
1875,451,2326
455,497,952
1882,424,2306
681,2044,2725
1904,563,2467
1835,464,2299
129,305,434
177,692,869
180,810,990
459,385,844
1357,664,2021
577,434,1011
1652,554,2206
811,1934,2745
424,508,932
1453,833,2286
395,910,1305
1370,652,2022
321,834,1155
1507,572,2079
1533,811,2344
366,920,1286
444,502,946
2038,755,2793
413,609,1022
462,879,1341
623,421,1044
74,1073,1147
688,582,1270
580,269,849
839,314,1153
1357,584,1941
1976,597,2573
1041,237,1278
922,369,1291
416,516,932
201,1341,1542
794,626,1420
532,463,995
818,165,983
555,823,1378
2141,326,2467
1124,223,1347
589,362,951
546,768,1314
586,1094,1680
923,524,1447
1118,258,1376
565,276,841
455,803,1258
1072,294,1366
1495,319,1814
917,296,1213
493,897,1390
1009,223,1232
656,441,1097
794,747,1541
334,209,543
786,264,1050
1498,259,1757
487,532,1019
369,173,542
649,484,1133
1073,582,1655
685,510,1195
1142,177,1319
601,1079,1680
583,417,1000
841,201,1042
582,816,1398
1214,394,1608
458,713,1171
762,383,1145
209,401,610
1291,498,1789
1053,626,1679
508,660,1168
891,376,1267
493,469,962
407,247,654
439,756,1195
454,889,1343
1164,461,1625
1112,555,1667
527,873,1400
226,403,629
297,541,838
438,397,835
367,431,798
343,620,963
433,954,1387
435,530,965
892,665,1557
222,580,802
588,144,732
937,571,1508
245,447,692
860,233,1093
822,171,993
145,932,1077
591,331,922
632,290,922
645,365,1010
730,163,893
714,247,961
703,263,966
1018,155,1173
718,252,970
1022,137,1159
444,171,615
881,163,1044
883,146,1029
985,155,1140
836,168,1004
944,157,1101
545,131,676
578,185,763
553,170,723
499,240,739
593,140,733
637,147,784
358,143,501
418,180,598
475,155,630
519,154,673
493,179,672
346,190,536
455,209,664
548,177,725
454,150,604
417,158,575
628,159,787
395,144,539
508,166,674
452,171,623
408,145,553
576,140,716
406,170,576
482,150,632
552,309,861
346,1674,2020
708,1477,2185
424,486,910
871,2120,2991
394,575,969
479,517,996
420,530,950
1732,176,1908
645,532,1177
1940,451,2391
593,619,1212
424,458,882
373,2310,2683
1626,588,2214
384,946,1330
544,616,1160
384,647,1031
2101,462,2563
344,703,1047
430,606,1036
617,364,981
394,2517,2911
416,616,1032
570,270,840
413,746,1159
2109,728,2837
371,894,1265
560,443,1003
377,917,1294
626,547,1173
1586,839,2425
550,284,834
1670,594,2264
441,736,1177
491,526,1017
414,1022,1436
2238,563,2801
636,565,1201
386,739,1125
1627,476,2103
143,455,598
391,792,1183
706,561,1267
1678,1178,2856
400,337,737
553,774,1327
754,506,1260
667,693,1360
583,571,1154
527,976,1503
341,791,1132
712,462,1174
220,1185,1405
34,348,382
603,658,1261
768,224,992
54,442,496
240,686,926
944,740,1684
196,393,589
283,581,864
978,819,1797
872,636,1508
413,827,1240
553,533,1086
533,876,1409
374,754,1128
475,1080,1555
274,380,654
278,956,1234
156,241,397
950,695,1645
656,1824,2480
575,591,1166
286,625,911
590,1138,1728
244,793,1037
1130,747,1877
520,397,917
709,942,1651
493,744,1237
307,501,808
748,1696,2444
699,470,1169
614,675,1289
386,657,1043
982,1621,2603
403,574,977
177,614,791
253,655,908
410,1049,1459
199,875,1074
1207,901,2108
625,557,1182
732,480,1212
126,1238,1364
1565,374,1939
540,627,1167
660,1086,1746
208,834,1042
489,621,1110
539,833,1372
546,610,1156
1610,814,2424
691,1239,1930
347,920,1267
567,1512,2079
478,1269,1747
314,1235,1549
624,1349,1973
453,634,1087
350,1279,1629
1367,734,2101
560,679,1239
641,754,1395
386,926,1312
909,778,1687
472,584,1056
436,1213,1649
682,597,1279
433,936,1369
408,730,1138
609,878,1487
523,1545,2068
954,629,1583
322,459,781
680,1104,1784
675,602,1277
908,1207,2115
360,454,814
378,919,1297
649,352,1001
1218,299,1517
286,526,812
1309,462,1771
782,1590,2372
949,1351,2300
394,527,921
346,588,934
732,186,918
579,359,938
1123,1378,2501
1142,513,1655
692,420,1112
1455,481,1936
713,291,1004
497,300,797
376,953,1329
1316,691,2007
1029,1090,2119
980,425,1405
705,704,1409
618,1636,2254
353,529,882
434,569,1003
809,664,1473
1201,388,1589
1661,501,2162
375,560,935
1104,382,1486
1405,952,2357
525,494,1019
592,553,1145
798,739,1537
211,368,579
1220,571,1791
197,458,655
201,361,562
1464,1029,2493
130,400,530
210,440,650
935,530,1465
1048,556,1604
1839,140,1979
602,445,1047
392,716,1108
417,716,1133
280,556,836
1351,836,2187
392,690,1082
508,352,860
318,732,1050
509,708,1217
956,828,1784
209,697,906
72,485,557
507,574,1081
193,1088,1281
694,448,1142
529,567,1096
220,485,705
190,934,1124
196,1077,1273
495,713,1208
32,594,626
408,772,1180
378,924,1302
69,138,207
74,503,577
401,348,749
125,495,620
562,765,1327
671,662,1333
247,406,653
154,559,713
475,287,762
126,460,586
416,412,828
266,466,732
104,774,878
577,347,924
362,383,745
267,1071,1338
551,748,1299
509,271,780
191,505,696
579,372,951
501,1040,1541
225,790,1015
478,1142,1620
578,505,1083
644,404,1048
399,508,907
739,460,1199
839,214,1053
884,270,1154
864,332,1196
1039,144,1183
1071,249,1320
1017,389,1406
403,153,556
894,517,1411
310,320,630
971,260,1231
912,692,1604
1022,307,1329
1182,349,1531
1161,262,1423
1182,327,1509
396,269,665
300,425,725
1411,287,1698
290,452,742
441,357,798
329,499,828
503,349,852
487,216,703
467,371,838
740,199,939
490,379,869
376,531,907
553,329,882
1970,180,2150
539,653,1192
726,172,898
1247,189,1436
483,461,944
507,430,937
584,495,1079
1280,225,1505
545,870,1415
656,447,1103
832,503,1335
234,206,440
526,522,1048
492,579,1071
478,485,963
453,735,1188
591,863,1454
454,805,1259
620,556,1176
495,663,1158
215,207,422
755,640,1395
571,659,1230
258,520,778
578,629,1207
559,876,1435
713,950,1663
552,1135,1687
530,720,1250
387,992,1379
481,1213,1694
504,404,908
268,649,917
565,557,1122
586,972,1558
837,1112,1949
507,590,1097
675,462,1137
240,974,1214
407,501,908
425,1076,1501
100,335,435
393,661,1054
446,1265,1711
356,708,1064
426,1184,1610
636,432,1068
897,294,1191
947,287,1234
481,734,1215
457,444,901
908,472,1380
236,707,943
371,1098,1469
370,996,1366
684,818,1502
134,244,378
260,435,695
139,739,878
613,815,1428
553,1011,1564
933,855,1788
406,822,1228
316,1020,1336
571,1068,1639
183,488,671
295,685,980
767,455,1222
75,995,1070
978,734,1712
577,1191,1768
1118,693,1811
289,812,1101
101,1032,1133
591,952,1543
310,575,885
490,886,1376
478,569,1047
195,793,988
459,789,1248
1057,624,1681
383,876,1259
651,887,1538
22,712,734
1209,809,2018
734,690,1424
75,783,858
176,758,934
467,954,1421
912,902,1814
42,850,892
119,874,993
904,872,1776
929,671,1600
933,1196,2129
371,710,1081
207,828,1035
334,657,991
657,594,1251
884,985,1869
268,843,1111
562,626,1188
982,834,1816
630,662,1292
584,1100,1684
613,953,1566
781,585,1366
591,630,1221
553,617,1170
846,985,1831
423,875,1298
411,830,1241
728,683,1411
812,813,1625
602,899,1501
685,1281,1966
632,542,1174
500,576,1076
561,514,1075
678,571,1249
727,699,1426
743,763,1506
703,602,1305
848,538,1386
982,668,1650
377,1342,1719
710,522,1232
572,671,1243
533,508,1041
526,796,1322
659,1215,1874
418,607,1025
564,659,1223
829,496,1325
1031,628,1659
706,635,1341
594,425,1019
577,769,1346
708,580,1288
638,712,1350
1408,356,1764
601,426,1027
758,960,1718
458,598,1056
1319,515,1834
842,797,1639
609,490,1099
524,738,1262
594,922,1516
489,801,1290
892,726,1618
703,514,1217
713,621,1334
454,780,1234
1275,407,1682
770,313,1083
513,1080,1593
755,679,1434
826,786,1612
654,942,1596
223,702,925
702,865,1567
1110,359,1469
92,736,828
66,779,845
804,834,1638
841,788,1629
90,521,611
88,907,995
528,429,957
809,847,1656
593,768,1361
227,755,982
630,947,1577
140,960,1100
422,711,1133
149,541,690
203,841,1044
574,527,1101
66,985,1051
666,543,1209
274,884,1158
494,578,1072
512,735,1247
734,555,1289
307,580,887
84,1177,1261
1156,470,1626
738,706,1444
703,516,1219
462,568,1030
632,726,1358
95,1097,1192
885,532,1417
905,358,1263
364,1201,1565
666,663,1329
139,1111,1250
698,521,1219
240,968,1208
888,473,1361
217,575,792
216,772,988
605,1094,1699
773,560,1333
672,969,1641
708,1057,1765
394,479,873
575,372,947
432,673,1105
463,985,1448
388,529,917
460,694,1154
372,564,936
466,613,1079
523,479,1002
542,664,1206
568,547,1115
544,466,1010
724,917,1641
1087,764,1851
925,756,1681
462,807,1269
333,783,1116
678,237,915
1188,914,2102
907,698,1605
562,927,1489
710,886,1596
317,599,916
964,689,1653
473,670,1143
768,445,1213
655,698,1353
735,614,1349
364,888,1252
594,807,1401
494,910,1404
588,326,914
193,1268,1461
697,429,1126
335,710,1045
777,910,1687
529,792,1321
562,457,1019
861,529,1390
620,413,1033
1051,624,1675
1327,961,2288
997,557,1554
807,633,1440
935,268,1203
760,834,1594
463,626,1089
1454,923,2377
633,361,994
974,303,1277
1017,218,1235
258,682,940
795,253,1048
430,515,945
1447,1068,2515
1161,312,1473
630,881,1511
655,1311,1966
609,1507,2116
732,887,1619
1238,902,2140
866,682,1548
839,862,1701
1082,980,2062
1042,946,1988
1013,907,1920
1015,837,1852
976,1125,2101
832,1472,2304
736,1103,1839
1199,787,1986
944,1025,1969
414,1965,2379
908,1409,2317
139,832,971
124,992,1116
1239,1124,2363
1019,954,1973
1036,1368,2404
1018,1104,2122
178,1099,1277
1083,1372,2455
816,1329,2145
141,984,1125
1259,995,2254
276,1214,1490
391,1201,1592
1147,255,1402
1239,1053,2292
1276,319,1595
108,1244,1352
1546,201,1747
1448,299,1747
1342,125,1467
1980,188,2168
1263,331,1594
1657,224,1881
1626,220,1846
1107,181,1288
1354,156,1510
1778,132,1910
1853,161,2014
1966,168,2134
1905,153,2058
1919,167,2086
1337,176,1513
2219,204,2423
1977,166,2143
1589,182,1771
2071,153,2224
2081,162,2243
2009,169,2178
2130,144,2274
2156,199,2355
1308,139,1447
968,140,1108
2111,163,2274
1010,145,1155
1009,161,1170
2392,152,2544
1092,229,1321
1178,222,1400
1015,175,1190
1444,168,1612
916,222,1138
860,202,1062
2391,155,2546
976,170,1146
854,207,1061
945,159,1104
975,170,1145
953,252,1205
1310,160,1470
1760,160,1920
789,204,993
912,201,1113
928,213,1141
1189,190,1379
1049,139,1188
864,158,1022
965,207,1172
2396,221,2617
899,191,1090
1420,221,1641
929,235,1164
2538,191,2729
1261,192,1453
1192,201,1393
973,307,1280
1048,394,1442
858,258,1116
1095,424,1519
841,355,1196
828,243,1071
1011,391,1402
728,428,1156
831,373,1204
1284,313,1597
744,342,1086
1105,481,1586
568,146,714
824,350,1174
702,440,1142
765,431,1196
546,227,773
845,369,1214
625,391,1016
736,480,1216
577,419,996
763,327,1090
609,468,1077
654,473,1127
632,394,1026
559,357,916
678,474,1152
907,649,1556
525,398,923
596,192,788
484,411,895
509,446,955
907,737,1644
616,212,828
570,251,821
480,410,890
790,242,1032
921,145,1066
774,795,1569
615,269,884
771,719,1490
846,1182,2028
716,819,1535
1178,523,1701
475,514,989
550,615,1165
1117,487,1604
481,502,983
418,1021,1439
1139,189,1328
597,590,1187
587,483,1070
861,726,1587
779,916,1695
448,653,1101
628,775,1403
803,881,1684
1402,682,2084
866,547,1413
103,401,504
1028,677,1705
699,784,1483
457,889,1346
98,584,682
570,965,1535
667,764,1431
921,647,1568
69,545,614
399,893,1292
589,763,1352
622,786,1408
388,529,917
145,569,714
146,795,941
362,617,979
1117,999,2116
550,468,1018
123,741,864
610,1071,1681
27,986,1013
39,954,993
333,641,974
322,557,879
295,670,965
476,532,1008
1028,1146,2174
507,550,1057
330,678,1008
153,1148,1301
295,798,1093
275,813,1088
580,510,1090
466,505,971
617,492,1109
503,646,1149
283,994,1277
500,578,1078
376,795,1171
527,790,1317
506,724,1230
462,765,1227
442,635,1077
669,610,1279
582,511,1093
810,743,1553
567,817,1384
521,409,930
678,570,1248
942,742,1684
833,651,1484
789,616,1405
1001,556,1557
656,682,1338
1318,148,1466
750,610,1360
826,626,1452
537,508,1045
671,635,1306
1066,934,2000
450,746,1196
321,768,1089
525,913,1438
527,709,1236
667,680,1347
767,714,1481
854,694,1548
860,499,1359
366,1274,1640
131,676,807
851,649,1500
660,811,1471
712,783,1495
725,859,1584
157,687,844
228,614,842
570,1101,1671
248,602,850
117,886,1003
272,660,932
189,810,999
150,765,915
173,772,945
88,739,827
555,1169,1724
762,190,952
710,351,1061
778,274,1052
323,696,1019
576,409,985
902,179,1081
883,212,1095
778,149,927
785,393,1178
751,201,952
852,148,1000
1039,153,1192
774,314,1088
900,296,1196
877,241,1118
772,229,1001
940,144,1084
981,178,1159
470,146,616
977,234,1211
615,241,856
537,159,696
627,250,877
511,225,736
486,245,731
455,216,671
573,258,831
500,168,668
426,271,697
414,218,632
542,219,761
438,208,646
319,194,513
427,220,647
408,165,573
370,188,558
468,172,640
546,253,799
345,175,520
373,202,575
365,248,613
562,188,750
317,179,496
474,164,638
370,1959,2329
447,181,628
485,225,710
346,232,578
425,164,589
1216,1728,2944
108,2006,2114
1221,2040,3261
382,386,768
471,391,862
1924,241,2165
167,2103,2270
394,556,950
357,174,531
2305,318,2623
432,487,919
96,2128,2224
333,423,756
328,365,693
2016,276,2292
179,2121,2300
421,582,1003
407,615,1022
2348,385,2733
322,585,907
155,2237,2392
1788,526,2314
303,444,747
379,737,1116
1968,399,2367
356,678,1034
668,353,1021
346,525,871
153,622,775
511,425,936
143,579,722
341,702,1043
263,2182,2445
240,2404,2644
674,495,1169
701,306,1007
584,476,1060
666,193,859
422,472,894
669,225,894
660,545,1205
288,999,1287
681,501,1182
525,233,758
529,246,775
2160,657,2817
624,390,1014
2126,707,2833
2209,750,2959
599,243,842
617,240,857
2210,783,2993
249,312,561
743,638,1381
625,641,1266
636,232,868
909,376,1285
188,445,633
665,282,947
2447,600,3047
331,287,618
705,218,923
508,704,1212
268,340,608
706,212,918
1010,657,1667
281,637,918
784,233,1017
367,491,858
990,724,1714
798,262,1060
705,392,1097
491,2244,2735
804,270,1074
195,336,531
793,638,1431
321,2200,2521
780,237,1017
294,640,934
265,451,716
2564,745,3309
394,2181,2575
347,559,906
273,471,744
391,671,1062
400,845,1245
550,1836,2386
328,527,855
283,745,1028
890,331,1221
886,587,1473
506,452,958
1082,411,1493
360,534,894
345,681,1026
405,1200,1605
586,423,1009
302,519,821
381,670,1051
720,504,1224
869,424,1293
359,503,862
337,671,1008
1031,568,1599
708,220,928
453,642,1095
587,335,922
799,553,1352
582,191,773
156,624,780
789,185,974
457,364,821
781,515,1296
2168,972,3140
716,551,1267
886,629,1515
990,532,1522
862,540,1402
2391,873,3264
120,547,667
532,970,1502
2124,696,2820
172,560,732
834,1408,2242
127,1555,1682
582,155,737
362,185,547
798,712,1510
668,968,1636
743,997,1740
77,167,244
1086,1586,2672
904,1517,2421
792,997,1789
169,770,939
871,814,1685
128,192,320
986,876,1862
100,198,298
1433,1119,2552
688,1130,1818
725,1139,1864
180,197,377
96,762,858
100,796,896
1070,865,1935
784,1396,2180
179,511,690
150,1202,1352
757,1428,2185
735,1373,2108
191,519,710
163,592,755
796,302,1098
789,335,1124
195,403,598
1114,372,1486
45,1188,1233
729,170,899
438,222,660
962,1320,2282
75,1396,1471
216,760,976
880,374,1254
868,420,1288
759,513,1272
730,719,1449
207,862,1069
371,547,918
1149,631,1780
930,455,1385
69,1308,1377
727,322,1049
551,620,1171
567,393,960
703,295,998
448,593,1041
910,491,1401
677,470,1147
935,603,1538
1153,418,1571
644,364,1008
926,450,1376
808,561,1369
1198,433,1631
872,190,1062
331,726,1057
590,353,943
645,397,1042
1087,177,1264
784,177,961
398,700,1098
566,627,1193
1294,663,1957
812,653,1465
1277,500,1777
575,536,1111
317,566,883
410,313,723
1701,708,2409
291,449,740
424,495,919
449,512,961
1029,698,1727
620,497,1117
396,593,989
750,822,1572
65,341,406
928,634,1562
311,847,1158
587,321,908
1298,201,1499
428,826,1254
342,767,1109
599,1132,1731
523,672,1195
432,596,1028
218,968,1186
413,516,929
418,770,1188
436,419,855
481,907,1388
359,601,960
431,861,1292
489,564,1053
663,662,1325
380,1008,1388
498,800,1298
273,778,1051
721,595,1316
508,660,1168
556,702,1258
278,819,1097
657,750,1407
837,340,1177
528,809,1337
629,674,1303
637,724,1361
596,258,854
562,1180,1742
598,676,1274
173,974,1147
541,1009,1550
640,863,1503
448,736,1184
764,193,957
691,566,1257
149,595,744
994,809,1803
768,391,1159
572,695,1267
744,852,1596
353,818,1171
774,829,1603
358,241,599
815,557,1372
733,758,1491
583,774,1357
613,690,1303
541,822,1363
466,695,1161
744,940,1684
1057,417,1474
504,689,1193
520,224,744
778,928,1706
731,480,1211
942,580,1522
586,643,1229
1153,640,1793
795,224,1019
850,383,1233
1160,137,1297
1187,715,1902
970,255,1225
316,450,766
944,341,1285
937,438,1375
786,303,1089
492,377,869
984,190,1174
1385,233,1618
510,372,882
720,455,1175
684,246,930
362,356,718
766,286,1052
1254,321,1575
292,409,701
442,1935,2377
156,300,456
272,285,557
430,383,813
633,178,811
254,379,633
717,1160,1877
481,1572,2053
663,1714,2377
711,1355,2066
228,416,644
605,230,835
241,568,809
585,509,1094
582,345,927
1139,655,1794
1523,654,2177
655,607,1262
1360,957,2317
493,409,902
181,321,502
1179,477,1656
451,603,1054
208,531,739
185,478,663
1394,804,2198
203,525,728
964,1128,2092
866,1622,2488
175,525,700
158,616,774
82,164,246
199,519,718
148,608,756
1320,932,2252
214,606,820
1271,806,2077
307,672,979
1188,1741,2929
170,627,797
143,268,411
885,1213,2098
153,858,1011
447,791,1238
166,690,856
374,300,674
1026,1349,2375
357,726,1083
1603,1173,2776
591,700,1291
394,659,1053
417,820,1237
546,581,1127
1601,1010,2611
300,861,1161
48,309,357
432,984,1416
507,507,1014
287,775,1062
700,620,1320
441,788,1229
558,804,1362
587,875,1462
513,740,1253
127,351,478
1641,597,2238
302,739,1041
365,733,1098
225,827,1052
735,702,1437
1209,252,1461
878,282,1160
549,530,1079
845,231,1076
345,760,1105
886,253,1139
1018,147,1165
989,166,1155
583,136,719
431,921,1352
626,303,929
778,529,1307
946,446,1392
987,352,1339
186,709,895
709,347,1056
1174,293,1467
1013,406,1419
189,766,955
1065,431,1496
930,148,1078
762,366,1128
800,383,1183
978,234,1212
1027,183,1210
700,500,1200
1070,190,1260
849,428,1277
1101,208,1309
263,194,457
664,576,1240
379,183,562
286,251,537
394,156,550
317,167,484
467,229,696
221,341,562
373,197,570
422,193,615
452,139,591
510,174,684
369,272,641
495,164,659
466,186,652
446,355,801
477,277,754
312,202,514
443,316,759
538,262,800
311,251,562
387,245,632
404,244,648
415,177,592
431,222,653
351,175,526
360,186,546
251,157,408
440,168,608
267,212,479
237,242,479
216,433,649
399,160,559
237,361,598
353,238,591
315,464,779
307,527,834
412,186,598
425,284,709
148,214,362
394,403,797
472,480,952
409,445,854
305,236,541
526,348,874
191,334,525
2412,409,2821
366,535,901
192,466,658
214,303,517
103,1816,1919
668,566,1234
346,487,833
287,398,685
1528,426,1954
398,470,868
256,712,968
54,2002,2056
648,634,1282
1564,575,2139
1601,879,2480
297,658,955
379,472,851
1906,184,2090
464,942,1406
593,505,1098
429,569,998
1696,792,2488
3288,210,3498
1712,848,2560
161,942,1103
365,763,1128
66,321,387
268,1149,1417
684,787,1471
712,432,1144
1985,675,2660
490,1028,1518
1844,865,2709
580,655,1235
230,807,1037
118,333,451
605,830,1435
273,779,1052
188,419,607
220,745,965
223,1005,1228
666,485,1151
410,802,1212
180,560,740
912,443,1355
233,650,883
753,479,1232
898,672,1570
571,500,1071
647,744,1391
741,635,1376
264,534,798
837,441,1278
443,568,1011
559,376,935
850,745,1595
820,291,1111
819,655,1474
636,529,1165
583,492,1075
359,494,853
478,578,1056
1013,689,1702
618,322,940
273,524,797
431,885,1316
743,481,1224
467,499,966
730,898,1628
210,916,1126
354,827,1181
588,550,1138
53,555,608
277,1091,1368
685,888,1573
165,670,835
830,1080,1910
626,660,1286
338,1908,2246
190,1026,1216
397,2567,2964
180,820,1000
695,1367,2062
229,1189,1418
516,1019,1535
137,712,849
375,1036,1411
216,754,970
64,2210,2274
282,1265,1547
688,2306,2994
532,480,1012
418,1254,1672
60,2510,2570
37,1159,1196
325,828,1153
629,1295,1924
1584,1020,2604
595,351,946
575,1209,1784
429,1089,1518
589,695,1284
634,1062,1696
665,758,1423
347,2144,2491
380,998,1378
271,1360,1631
2272,410,2682
195,523,718
471,858,1329
1303,259,1562
688,565,1253
728,918,1646
1059,530,1589
1765,1057,2822
638,948,1586
798,1340,2138
2539,327,2866
274,607,881
592,509,1101
1231,292,1523
382,638,1020
903,902,1805
1114,633,1747
2233,771,3004
995,840,1835
941,991,1932
1079,412,1491
1983,756,2739
792,430,1222
1172,381,1553
568,669,1237
898,905,1803
649,595,1244
839,174,1013
1252,808,2060
734,727,1461
1280,944,2224
839,657,1496
914,545,1459
534,677,1211
294,175,469
1002,169,1171
628,664,1292
909,764,1673
111,675,786
1386,705,2091
700,616,1316
982,518,1500
855,453,1308
361,172,533
235,352,587
740,435,1175
858,553,1411
364,1113,1477
724,788,1512
271,439,710
608,335,943
199,570,769
1172,456,1628
106,677,783
637,281,918
538,426,964
738,900,1638
580,1162,1742
469,509,978
730,276,1006
1249,540,1789
459,247,706
790,309,1099
392,575,967
876,198,1074
794,205,999
570,316,886
987,268,1255
705,485,1190
344,432,776
602,351,953
592,577,1169
1063,184,1247
572,782,1354
683,173,856
928,352,1280
848,342,1190
977,258,1235
821,400,1221
744,516,1260
548,404,952
691,608,1299
539,323,862
562,258,820
458,555,1013
645,169,814
639,338,977
516,450,966
745,213,958
781,227,1008
694,299,993
754,226,980
753,362,1115
766,232,998
698,311,1009
656,367,1023
713,283,996
579,209,788
660,150,810
611,228,839
473,394,867
628,199,827
569,267,836
571,147,718
536,165,701
560,165,725
626,280,906
740,219,959
697,396,1093
632,254,886
594,283,877
485,236,721
530,233,763
691,271,962
515,283,798
650,331,981
508,194,702
666,312,978
460,220,680
615,281,896
484,227,711
463,258,721
387,364,751
375,391,766
235,190,425
574,259,833
264,183,447
241,240,481
533,313,846
506,352,858
927,213,1140
326,269,595
384,224,608
462,260,722
422,206,628
370,360,730
469,187,656
518,199,717
400,303,703
1078,242,1320
763,1923,2686
707,3122,3829
1057,253,1310
527,446,973
674,327,1001
399,181,580
576,275,851
334,255,589
377,232,609
307,174,481
674,268,942
300,174,474
465,254,719
412,295,707
355,402,757
420,279,699
204,206,410
583,182,765
154,282,436
280,207,487
166,282,448
204,289,493
350,190,540
213,278,491
195,308,503
218,276,494
233,207,440
215,306,521
175,277,452
150,202,352
204,300,504
204,175,379
152,258,410
208,231,439
195,228,423
228,217,445
680,1167,1847
289,162,451
600,838,1438
1367,217,1584
333,194,527
880,315,1195
3011,1388,4399
216,1411,1627
292,416,708
400,220,620
979,372,1351
4212,237,4449
1394,356,1750
345,424,769
277,152,429
884,301,1185
1553,295,1848
4351,187,4538
491,359,850
405,215,620
489,203,692
192,1119,1311
663,1972,2635
444,257,701
686,1983,2669
2255,2003,4258
1487,848,2335
664,284,948
1011,620,1631
3543,808,4351
647,410,1057
1140,558,1698
1855,703,2558
1454,920,2374
136,303,439
2120,784,2904
3392,642,4034
264,302,566
1230,492,1722
2066,671,2737
520,887,1407
177,315,492
2018,860,2878
2024,534,2558
720,624,1344
170,387,557
2247,644,2891
238,396,634
392,346,738
2134,745,2879
220,732,952
557,358,915
578,1064,1642
1662,1170,2832
1707,1241,2948
462,740,1202
534,295,829
370,703,1073
681,649,1330
752,236,988
528,633,1161
553,1228,1781
620,1273,1893
550,1350,1900
640,661,1301
249,1280,1529
690,515,1205
604,800,1404
262,485,747
904,596,1500
494,776,1270
629,866,1495
712,1326,2038
302,303,605
682,646,1328
154,534,688
768,729,1497
327,720,1047
236,1311,1547
188,843,1031
592,1080,1672
685,367,1052
962,1027,1989
370,417,787
740,1128,1868
1072,524,1596
174,892,1066
854,1129,1983
331,992,1323
80,344,424
1304,717,2021
529,702,1231
225,1134,1359
1356,656,2012
225,1100,1325
1173,918,2091
457,945,1402
151,402,553
796,767,1563
664,701,1365
415,1053,1468
25,785,810
560,888,1448
1368,896,2264
882,671,1553
160,538,698
467,700,1167
363,590,953
324,1225,1549
97,809,906
1066,530,1596
825,842,1667
45,959,1004
449,1310,1759
619,538,1157
297,687,984
619,539,1158
552,649,1201
605,1288,1893
454,747,1201
1159,793,1952
718,665,1383
419,838,1257
586,1604,2190
686,669,1355
397,798,1195
888,477,1365
620,754,1374
675,810,1485
497,901,1398
100,783,883
684,831,1515
215,758,973
757,1612,2369
884,670,1554
795,958,1753
1184,449,1633
618,976,1594
660,813,1473
724,1023,1747
432,1128,1560
453,538,991
447,1616,2063
126,833,959
473,673,1146
115,841,956
464,749,1213
728,1264,1992
115,783,898
432,1732,2164
660,539,1199
1308,914,2222
660,688,1348
152,1042,1194
171,719,890
313,633,946
471,1034,1505
610,640,1250
361,995,1356
344,776,1120
347,831,1178
1528,926,2454
322,933,1255
447,1046,1493
1119,1253,2372
379,838,1217
514,726,1240
596,701,1297
528,1611,2139
496,502,998
1157,983,2140
592,434,1026
496,297,793
252,244,496
668,1531,2199
791,572,1363
468,1915,2383
739,785,1524
286,1240,1526
186,1257,1443
1253,462,1715
534,1859,2393
293,1463,1756
584,1882,2466
1103,1349,2452
258,195,453
457,1276,1733
447,1309,1756
704,470,1174
796,1738,2534
632,1244,1876
1114,1481,2595
601,1411,2012
99,283,382
577,1289,1866
388,1225,1613
578,561,1139
402,1610,2012
867,823,1690
678,1422,2100
385,341,726
160,364,524
384,1013,1397
491,1252,1743
813,1275,2088
1646,473,2119
1325,489,1814
1175,1013,2188
300,330,630
293,377,670
1036,472,1508
1376,211,1587
894,717,1611
786,2216,3002
1743,258,2001
1028,279,1307
358,1248,1606
1305,378,1683
1661,203,1864
1328,350,1678
1235,583,1818
473,2185,2658
695,207,902
1198,464,1662
1061,182,1243
424,1479,1903
1417,539,1956
1451,206,1657
1327,580,1907
1132,1543,2675
217,153,370
1307,370,1677
447,1312,1759
376,254,630
1280,324,1604
843,418,1261
338,292,630
781,502,1283
304,232,536
564,158,722
486,263,749
430,350,780
470,338,808
633,164,797
388,214,602
292,518,810
719,149,868
251,451,702
608,309,917
268,504,772
471,485,956
686,211,897
532,341,873
397,591,988
675,205,880
409,604,1013
412,273,685
437,162,599
655,346,1001
603,146,749
584,486,1070
545,516,1061
511,176,687
509,308,817
515,381,896
585,291,876
611,280,891
648,319,967
652,284,936
547,284,831
514,324,838
446,435,881
611,331,942
475,317,792
492,329,821
382,491,873
458,372,830
483,331,814
227,278,505
170,455,625
230,327,557
320,362,682
279,341,620
240,404,644
266,428,694
340,380,720
431,250,681
205,368,573
281,322,603
184,145,329
414,193,607
210,180,390
992,390,1382
1624,2876,4500
112,948,1060
487,1402,1889
217,3075,3292
427,1509,1936
569,324,893
350,396,746
786,517,1303
3591,720,4311
443,502,945
1264,873,2137
3278,675,3953
1270,924,2194
469,477,946
1370,825,2195
2719,845,3564
567,754,1321
298,245,543
1097,381,1478
1305,927,2232
142,595,737
1490,542,2032
2911,938,3849
707,978,1685
300,337,637
402,477,879
1587,706,2293
269,544,813
676,240,916
349,527,876
1112,721,1833
393,496,889
696,347,1043
476,931,1407
362,1197,1559
2284,1158,3442
794,544,1338
294,1802,2096
685,382,1067
3200,690,3890
913,315,1228
712,634,1346
669,347,1016
439,1471,1910
800,786,1586
820,533,1353
987,1326,2313
795,525,1320
706,947,1653
182,403,585
906,574,1480
791,685,1476
186,1579,1765
740,922,1662
375,367,742
1065,770,1835
309,513,822
1254,470,1724
140,557,697
226,635,861
135,741,876
981,829,1810
397,754,1151
173,583,756
1174,678,1852
1368,557,1925
311,793,1104
153,913,1066
1119,1385,2504
79,1077,1156
489,825,1314
434,729,1163
851,481,1332
327,990,1317
1754,489,2243
769,513,1282
781,545,1326
118,1110,1228
1662,1407,3069
415,914,1329
186,484,670
146,516,662
189,389,578
789,647,1436
603,818,1421
369,875,1244
729,964,1693
476,950,1426
602,804,1406
739,689,1428
893,624,1517
512,956,1468
414,435,849
194,534,728
249,712,961
146,680,826
679,1146,1825
714,343,1057
377,682,1059
220,797,1017
626,425,1051
792,274,1066
808,291,1099
777,280,1057
825,257,1082
911,219,1130
593,259,852
596,286,882
682,288,970
423,349,772
176,326,502
309,226,535
334,251,585
142,158,300
179,343,522
140,232,372
595,943,1538
243,414,657
175,279,454
1035,551,1586
152,372,524
207,273,480
881,563,1444
197,348,545
285,237,522
271,287,558
170,214,384
109,253,362
219,192,411
128,245,373
174,168,342
207,198,405
1534,1344,2878
231,159,390
251,186,437
1717,389,2106
1065,2130,3195
251,434,685
269,462,731
797,1823,2620
260,494,754
197,1171,1368
1837,1696,3533
1899,317,2216
2397,245,2642
233,560,793
2326,333,2659
1577,489,2066
2643,288,2931
1269,253,1522
2407,442,2849
2189,363,2552
414,470,884
2678,272,2950
854,2258,3112
1856,263,2119
746,2237,2983
2630,523,3153
720,1520,2240
1149,264,1413
240,407,647
2578,559,3137
2695,503,3198
1059,689,1748
1467,267,1734
234,456,690
2423,590,3013
2349,168,2517
1152,663,1815
444,333,777
1910,466,2376
2723,504,3227
274,1324,1598
285,1373,1658
2263,488,2751
285,1075,1360
317,397,714
1512,681,2193
274,535,809
236,590,826
652,664,1316
1151,712,1863
1100,788,1888
391,658,1049
794,805,1599
1007,764,1771
748,349,1097
929,838,1767
344,669,1013
1052,443,1495
430,525,955
927,868,1795
477,750,1227
1067,733,1800
738,483,1221
573,894,1467
76,1009,1085
224,756,980
1233,337,1570
502,718,1220
316,731,1047
201,857,1058
535,678,1213
370,643,1013
51,956,1007
1245,903,2148
448,902,1350
79,331,410
560,576,1136
480,1104,1584
321,1210,1531
509,746,1255
535,719,1254
462,1402,1864
72,1274,1346
160,895,1055
601,475,1076
82,616,698
647,766,1413
645,874,1519
223,925,1148
156,716,872
579,913,1492
310,1395,1705
286,1265,1551
138,850,988
390,1100,1490
418,665,1083
441,633,1074
274,846,1120
301,941,1242
701,1224,1925
303,879,1182
412,925,1337
312,946,1258
617,525,1142
206,752,958
805,1134,1939
413,1519,1932
551,741,1292
698,731,1429
439,979,1418
652,689,1341
578,839,1417
771,764,1535
565,741,1306
332,1219,1551
1170,1009,2179
811,490,1301
717,786,1503
508,611,1119
472,622,1094
324,632,956
959,213,1172
464,732,1196
501,1164,1665
866,864,1730
310,945,1255
571,661,1232
818,370,1188
973,257,1230
735,1127,1862
687,423,1110
1107,1585,2692
939,1345,2284
484,959,1443
665,1079,1744
517,795,1312
1525,346,1871
1122,1358,2480
620,728,1348
886,1161,2047
942,432,1374
993,920,1913
1150,856,2006
515,1583,2098
899,1150,2049
628,869,1497
646,880,1526
1503,654,2157
929,685,1614
923,982,1905
861,804,1665
1085,341,1426
592,303,895
674,1101,1775
186,773,959
387,311,698
731,1120,1851
668,1550,2218
1023,1555,2578
685,339,1024
447,360,807
834,766,1600
760,497,1257
728,481,1209
865,1228,2093
936,1193,2129
842,1337,2179
371,316,687
930,1529,2459
196,487,683
521,846,1367
72,356,428
80,1330,1410
1084,317,1401
976,1328,2304
1059,673,1732
88,362,450
292,479,771
500,479,979
706,834,1540
276,1019,1295
171,1336,1507
200,301,501
239,405,644
55,402,457
148,1036,1184
89,833,922
1235,389,1624
304,382,686
670,325,995
79,514,593
438,813,1251
227,325,552
1274,404,1678
721,1104,1825
629,541,1170
723,455,1178
264,614,878
1077,823,1900
1450,400,1850
114,1336,1450
682,554,1236
961,414,1375
313,706,1019
1203,166,1369
148,379,527
151,1430,1581
128,1084,1212
135,450,585
583,568,1151
1091,571,1662
173,420,593
161,1233,1394
147,486,633
377,349,726
481,273,754
173,450,623
1046,862,1908
240,411,651
432,305,737
459,360,819
1519,846,2365
971,531,1502
507,372,879
728,156,884
180,899,1079
166,831,997
460,609,1069
759,210,969
169,885,1054
156,907,1063
839,233,1072
817,248,1065
827,229,1056
356,200,556
692,454,1146
284,297,581
313,280,593
696,554,1250
230,521,751
381,413,794
1025,468,1493
972,549,1521
416,430,846
211,715,926
354,543,897
520,380,900
511,503,1014
335,681,1016
525,460,985
509,531,1040
416,602,1018
84,466,550
207,490,697
433,633,1066
148,509,657
195,664,859
705,566,1271
387,561,948
147,594,741
97,608,705
814,2270,3084
170,577,747
242,646,888
331,567,898
277,773,1050
2184,169,2353
421,578,999
589,571,1160
267,828,1095
26,1939,1965
280,903,1183
446,717,1163
316,685,1001
280,997,1277
101,379,480
565,797,1362
77,599,676
348,991,1339
97,2090,2187
447,931,1378
414,884,1298
485,765,1250
448,912,1360
331,822,1153
157,532,689
177,648,825
510,1073,1583
303,894,1197
464,678,1142
423,671,1094
242,963,1205
511,684,1195
507,1071,1578
200,781,981
479,828,1307
696,531,1227
667,520,1187
450,879,1329
147,802,949
336,951,1287
1616,846,2462
125,808,933
655,730,1385
667,352,1019
656,724,1380
395,621,1016
534,881,1415
224,484,708
330,1174,1504
861,638,1499
516,638,1154
888,620,1508
1879,1065,2944
1130,310,1440
738,415,1153
740,610,1350
317,427,744
886,426,1312
664,1051,1715
296,624,920
577,863,1440
527,639,1166
777,1180,1957
598,3503,4101
449,615,1064
511,554,1065
706,219,925
513,462,975
1388,1225,2613
463,682,1145
270,892,1162
870,330,1200
609,611,1220
908,3331,4239
641,540,1181
564,684,1248
186,333,519
347,3340,3687
73,641,714
662,1296,1958
333,966,1299
255,385,640
415,321,736
576,729,1305
843,443,1286
683,585,1268
236,450,686
3560,155,3715
895,471,1366
651,945,1596
1290,186,1476
1108,720,1828
573,931,1504
935,283,1218
703,547,1250
351,680,1031
3789,268,4057
301,516,817
1293,678,1971
534,550,1084
639,673,1312
263,707,970
1048,207,1255
735,391,1126
436,635,1071
726,726,1452
316,869,1185
247,1195,1442
759,660,1419
366,305,671
3550,311,3861
859,586,1445
855,637,1492
1382,653,2035
656,628,1284
1120,372,1492
999,383,1382
300,477,777
1008,599,1607
1059,669,1728
212,591,803
423,401,824
793,740,1533
632,199,831
247,641,888
260,681,941
358,598,956
243,158,401
844,232,1076
334,160,494
958,164,1122
395,701,1096
328,250,578
884,409,1293
425,921,1346
952,378,1330
520,393,913
1074,333,1407
648,333,981
608,371,979
685,351,1036
698,333,1031
299,379,678
973,806,1779
848,992,1840
1159,515,1674
825,883,1708
379,633,1012
260,491,751
1004,1321,2325
216,594,810
1082,311,1393
362,371,733
977,482,1459
1147,395,1542
466,633,1099
840,600,1440
1286,191,1477
281,465,746
1364,537,1901
452,304,756
70,221,291
1026,641,1667
1562,538,2100
500,857,1357
461,811,1272
408,660,1068
1066,898,1964
692,393,1085
53,265,318
872,994,1866
893,931,1824
782,694,1476
311,701,1012
681,550,1231
1129,832,1961
335,779,1114
66,516,582
50,625,675
365,956,1321
36,532,568
1219,875,2094
126,584,710
84,380,464
285,861,1146
502,576,1078
223,483,706
460,1325,1785
1322,1252,2574
283,494,777
117,748,865
541,846,1387
307,823,1130
175,844,1019
844,2513,3357
492,1213,1705
354,649,1003
593,338,931
603,665,1268
591,1462,2053
669,976,1645
614,640,1254
686,643,1329
436,938,1374
448,612,1060
636,449,1085
157,437,594
761,1231,1992
292,615,907
1460,795,2255
866,861,1727
324,444,768
1022,504,1526
325,638,963
220,867,1087
1062,713,1775
362,591,953
311,907,1218
71,641,712
218,650,868
485,579,1064
828,923,1751
682,1054,1736
773,342,1115
669,551,1220
581,551,1132
562,796,1358
412,824,1236
592,583,1175
646,597,1243
753,1370,2123
184,1165,1349
754,472,1226
71,752,823
149,587,736
696,878,1574
473,950,1423
34,744,778
51,683,734
830,678,1508
303,1234,1537
302,584,886
315,652,967
198,700,898
1004,662,1666
283,607,890
84,845,929
264,602,866
459,557,1016
521,1074,1595
790,777,1567
347,686,1033
578,1534,2112
654,510,1164
371,600,971
447,810,1257
525,765,1290
670,682,1352
340,912,1252
659,885,1544
436,609,1045
1232,916,2148
828,662,1490
836,372,1208
764,864,1628
628,750,1378
742,883,1625
325,681,1006
870,942,1812
979,574,1553
549,1492,2041
411,687,1098
917,1354,2271
643,1189,1832
245,946,1191
950,1117,2067
685,442,1127
1391,988,2379
670,1320,1990
719,1367,2086
293,414,707
411,1006,1417
379,859,1238
183,728,911
180,328,508
1058,342,1400
2761,3384,6145
579,793,1372
110,727,837
245,328,573
209,1119,1328
163,1184,1347
4715,1046,5761
551,385,936
147,735,882
141,1402,1543
944,611,1555
281,1282,1563
570,385,955
647,290,937
574,1847,2421
138,1459,1597
1057,527,1584
580,1032,1612
655,284,939
943,1722,2665
296,1335,1631
417,690,1107
360,1476,1836
4508,1064,5572
587,1072,1659
469,364,833
596,1317,1913
2693,1311,4004
1002,526,1528
613,477,1090
1574,515,2089
846,697,1543
1068,534,1602
780,384,1164
1127,539,1666
274,728,1002
1044,579,1623
144,361,505
798,574,1372
448,177,625
457,220,677
548,322,870
308,183,491
398,1082,1480
943,249,1192
1287,679,1966
320,392,712
924,755,1679
889,802,1691
431,279,710
117,819,936
981,809,1790
1260,637,1897
1008,1798,2806
579,407,986
438,345,783
159,846,1005
146,869,1015
706,165,871
123,796,919
240,827,1067
233,848,1081
1138,1740,2878
514,514,1028
535,471,1006
188,900,1088
230,859,1089
228,238,466
548,473,1021
251,898,1149
236,910,1146
1256,1272,2528
120,547,667
929,213,1142
730,510,1240
613,573,1186
405,280,685
568,624,1192
446,394,840
167,508,675
1151,243,1394
869,423,1292
450,250,700
899,436,1335
193,605,798
517,359,876
1165,302,1467
28,243,271
616,824,1440
506,986,1492
1351,242,1593
569,380,949
85,363,448
735,505,1240
261,895,1156
52,256,308
905,183,1088
129,384,513
701,505,1206
1050,149,1199
971,206,1177
997,295,1292
1003,244,1247
206,338,544
1111,206,1317
335,193,528
1642,293,1935
966,297,1263
327,269,596
444,230,674
337,245,582
453,197,650
538,237,775
388,403,791
443,274,717
571,193,764
508,215,723
622,149,771
654,216,870
404,174,578
588,246,834
568,326,894
666,203,869
474,171,645
364,192,556
176,1121,1297
473,739,1212
322,302,624
364,491,855
710,171,881
563,938,1501
706,212,918
960,465,1425
401,909,1310
693,398,1091
525,288,813
663,504,1167
313,257,570
988,516,1504
353,357,710
296,473,769
315,435,750
140,514,654
179,534,713
373,327,700
983,854,1837
380,378,758
368,497,865
398,437,835
227,536,763
512,1502,2014
255,569,824
457,358,815
1223,751,1974
475,388,863
436,494,930
437,471,908
347,517,864
640,1479,2119
348,568,916
548,444,992
1376,424,1800
403,462,865
469,541,1010
343,520,863
378,441,819
487,1429,1916
1735,199,1934
457,741,1198
549,608,1157
960,540,1500
828,209,1037
312,689,1001
879,183,1062
220,825,1045
774,1513,2287
99,506,605
786,441,1227
364,820,1184
1112,532,1644
476,880,1356
741,461,1202
728,635,1363
1016,840,1856
208,559,767
223,284,507
337,345,682
331,257,588
1112,817,1929
333,415,748
227,502,729
209,551,760
147,663,810
275,491,766
247,493,740
580,1046,1626
339,442,781
818,857,1675
1595,434,2029
284,647,931
384,606,990
375,897,1272
454,588,1042
816,218,1034
762,1270,2032
306,614,920
659,479,1138
587,752,1339
713,515,1228
727,546,1273
453,965,1418
246,392,638
536,1033,1569
74,819,893
166,582,748
776,726,1502
201,576,777
294,800,1094
198,695,893
267,492,759
144,812,956
189,610,799
751,804,1555
611,1046,1657
189,932,1121
674,483,1157
303,578,881
468,693,1161
354,683,1037
249,713,962
356,928,1284
513,722,1235
1016,738,1754
686,648,1334
190,709,899
512,802,1314
347,877,1224
1068,908,1976
316,668,984
348,630,978
377,1078,1455
484,992,1476
571,539,1110
466,964,1430
403,664,1067
423,1080,1503
572,527,1099
679,460,1139
28,742,770
995,509,1504
375,914,1289
98,688,786
252,446,698
565,826,1391
513,682,1195
76,882,958
787,778,1565
229,548,777
1409,297,1706
363,503,866
286,698,984
199,611,810
261,703,964
318,291,609
331,828,1159
587,298,885
392,274,666
444,287,731
494,249,743
260,272,532
143,237,380
167,263,430
175,212,387
197,249,446
640,650,1290
2299,806,3105
274,213,487
1094,255,1349
282,302,584
803,293,1096
253,252,505
260,309,569
926,251,1177
283,293,576
285,315,600
812,258,1070
834,1056,1890
87,367,454
240,335,575
85,323,408
227,237,464
438,1104,1542
1800,369,2169
590,1247,1837
665,1339,2004
760,1349,2109
110,630,740
182,391,573
370,274,644
1380,522,1902
1698,272,1970
1515,662,2177
1576,432,2008
1925,372,2297
244,682,926
270,682,952
542,286,828
1499,561,2060
1254,316,1570
1638,709,2347
1732,522,2254
1979,567,2546
434,843,1277
150,574,724
1305,789,2094
206,626,832
223,572,795
1257,898,2155
1289,727,2016
210,894,1104
404,938,1342
1160,744,1904
537,562,1099
319,558,877
378,572,950
447,840,1287
575,455,1030
495,749,1244
446,927,1373
120,571,691
736,1026,1762
768,658,1426
571,830,1401
57,663,720
101,687,788
389,523,912
874,659,1533
535,1050,1585
217,506,723
760,918,1678
250,526,776
206,635,841
239,723,962
504,411,915
520,489,1009
301,790,1091
395,790,1185
670,549,1219
415,674,1089
543,799,1342
598,635,1233
801,555,1356
343,759,1102
558,608,1166
512,465,977
601,585,1186
474,781,1255
183,1248,1431
614,571,1185
654,561,1215
356,1080,1436
523,634,1157
711,375,1086
393,804,1197
518,1042,1560
60,561,621
548,806,1354
584,680,1264
710,575,1285
287,471,758
657,488,1145
311,1086,1397
181,863,1044
121,591,712
416,901,1317
387,676,1063
676,1025,1701
385,706,1091
498,663,1161
486,542,1028
46,537,583
248,1241,1489
737,4462,5199
629,1650,2279
1096,1326,2422
4443,765,5208
348,1135,1483
314,1004,1318
566,1176,1742
393,138,531
4312,772,5084
222,1256,1478
640,751,1391
94,365,459
3827,781,4608
919,3869,4788
743,1035,1778
644,1123,1767
989,1272,2261
75,1496,1571
323,1197,1520
368,742,1110
164,355,519
712,168,880
3629,1027,4656
980,167,1147
740,1215,1955
652,1381,2033
180,1774,1954
3264,1132,4396
917,307,1224
225,462,687
370,196,566
1073,788,1861
478,317,795
309,1779,2088
404,348,752
1079,1052,2131
1225,268,1493
638,1004,1642
995,1183,2178
881,650,1531
1207,252,1459
1161,374,1535
426,1864,2290
1195,211,1406
1888,182,2070
1099,337,1436
3282,1420,4702
1053,541,1594
1474,368,1842
1159,493,1652
1298,276,1574
1003,468,1471
1162,244,1406
1175,222,1397
995,310,1305
1624,183,1807
785,652,1437
118,479,597
239,385,624
269,336,605
217,435,652
295,407,702
890,749,1639
201,524,725
320,427,747
467,2681,3148
319,374,693
259,533,792
637,274,911
386,319,705
371,416,787
389,424,813
484,2598,3082
458,404,862
1576,895,2471
650,389,1039
400,2511,2911
181,537,718
828,204,1032
29,349,378
165,612,777
286,544,830
337,975,1312
925,272,1197
1685,1254,2939
221,696,917
127,250,377
55,427,482
279,531,810
488,430,918
371,1000,1371
158,427,585
269,675,944
507,493,1000
2449,576,3025
122,454,576
174,286,460
902,317,1219
218,419,637
2311,443,2754
209,468,677
363,1202,1565
218,399,617
902,437,1339
691,374,1065
878,402,1280
413,263,676
427,349,776
613,261,874
336,587,923
448,477,925
814,155,969
84,384,468
920,197,1117
644,342,986
129,399,528
806,186,992
1442,169,1611
919,234,1153
319,157,476
289,212,501
362,140,502
291,218,509
387,203,590
348,185,533
385,167,552
361,235,596
423,221,644
433,193,626
437,207,644
429,175,604
478,186,664
270,205,475
448,273,721
368,278,646
302,216,518
366,194,560
360,175,535
322,281,603
238,357,595
332,228,560
343,168,511
297,175,472
298,245,543
327,344,671
224,204,428
302,168,470
287,197,484
329,155,484
262,316,578
173,1223,1396
219,260,479
260,232,492
238,233,471
313,416,729
1076,269,1345
198,2554,2752
428,1723,2151
3806,302,4108
286,277,563
287,424,711
1113,283,1396
265,2547,2812
367,1783,2150
1021,347,1368
655,285,940
1176,323,1499
716,1606,2322
602,223,825
437,2500,2937
68,308,376
409,187,596
337,297,634
1066,500,1566
649,186,835
331,233,564
252,347,599
327,187,514
334,370,704
362,307,669
411,213,624
396,262,658
437,267,704
472,211,683
498,272,770
517,306,823
642,594,1236
548,307,855
458,244,702
251,314,565
289,302,591
831,2227,3058
303,1986,2289
442,699,1141
840,245,1085
2721,488,3209
306,402,708
657,231,888
320,414,734
376,398,774
1922,530,2452
554,749,1303
389,171,560
397,454,851
398,198,596
428,218,646
132,461,593
690,338,1028
708,405,1113
406,552,958
269,463,732
335,142,477
458,274,732
757,409,1166
436,443,879
357,423,780
315,291,606
228,783,1011
556,385,941
1941,908,2849
163,855,1018
586,360,946
430,253,683
485,415,900
2683,193,2876
383,437,820
221,446,667
979,162,1141
401,531,932
368,340,708
943,244,1187
1034,164,1198
546,372,918
1099,258,1357
447,260,707
1138,161,1299
2788,1077,3865
200,646,846
438,273,711
548,331,879
2960,518,3478
301,425,726
1224,162,1386
1089,139,1228
678,319,997
1091,422,1513
1209,209,1418
617,166,783
452,591,1043
456,197,653
1260,297,1557
449,242,691
612,522,1134
443,169,612
575,249,824
546,227,773
537,289,826
616,228,844
419,180,599
522,215,737
521,257,778
596,336,932
581,255,836
475,337,812
565,142,707
512,229,741
432,295,727
540,187,727
517,256,773
423,317,740
214,180,394
422,237,659
275,196,471
228,316,544
512,304,816
286,238,524
336,197,533
360,227,587
366,243,609
394,176,570
442,277,719
516,161,677
413,192,605
419,193,612
277,146,423
525,175,700
483,280,763
542,208,750
379,163,542
357,185,542
434,154,588
505,140,645
415,156,571
525,150,675
510,136,646
541,126,667
554,159,713
525,196,721
148,2403,2551
444,1652,2096
265,2318,2583
445,273,718
671,357,1028
444,373,817
455,391,846
683,200,883
709,162,871
547,233,780
604,174,778
574,148,722
502,211,713
510,169,679
410,217,627
198,177,375
287,157,444
527,301,828
274,170,444
266,297,563
131,155,286
128,226,354
96,282,378
195,176,371
178,212,390
153,274,427
246,162,408
233,191,424
192,260,452
202,149,351
264,190,454
274,254,528
273,150,423
262,238,500
327,162,489
202,229,431
109,170,279
114,188,302
172,188,360
159,182,341
154,221,375
211,190,401
220,177,397
204,205,409
262,166,428
244,170,414
242,196,438
236,197,433
227,213,440
222,241,463
245,192,437
255,164,419
218,186,404
92,168,260
138,200,338
170,206,376
190,163,353
210,177,387
238,178,416
285,166,451
321,171,492
266,247,513
182,193,375
242,162,404
315,225,540
266,174,440
294,244,538
320,213,533
212,187,399
190,217,407
265,193,458
301,156,457
267,188,455
296,168,464
305,205,510
204,175,379
299,257,556
259,186,445
289,243,532
324,173,497
292,184,476
105,209,314
174,180,354
216,184,400
191,170,361
286,168,454
266,158,424
260,234,494
296,151,447
306,211,517
308,174,482
244,251,495
186,221,407
267,173,440
302,155,457
223,161,384
296,130,426
272,153,425
136,3860,3996
244,1094,1338
898,398,1296
942,396,1338
3371,951,4322
1014,268,1282
3440,1019,4459
3639,815,4454
715,245,960
596,4376,4972
2541,4452,6993
377,1032,1409
738,315,1053
5910,1197,7107
2493,4577,7070
3919,1012,4931
443,208,651
184,1027,1211
5956,1162,7118
152,343,495
555,328,883
5878,1169,7047
283,1406,1689
578,4913,5491
3839,1085,4924
959,4312,5271
4199,1336,5535
198,1139,1337
5780,1179,6959
3943,947,4890
4183,1351,5534
501,1058,1559
2098,4785,6883
3940,1098,5038
210,350,560
305,442,747
234,1514,1748
4190,1419,5609
579,617,1196
4399,1045,5444
5213,1771,6984
907,314,1221
4085,1571,5656
376,530,906
5093,1783,6876
230,723,953
896,360,1256
4170,1218,5388
228,542,770
105,1723,1828
85,375,460
4132,1242,5374
4262,1326,5588
991,374,1365
218,757,975
79,552,631
1075,663,1738
688,694,1382
551,1578,2129
160,556,716
770,531,1301
1219,370,1589
123,833,956
1084,147,1231
941,435,1376
657,1051,1708
1369,915,2284
195,670,865
1027,487,1514
145,716,861
493,638,1131
208,265,473
309,217,526
239,1293,1532
564,692,1256
450,558,1008
1427,752,2179
177,929,1106
141,508,649
445,189,634
443,297,740
967,735,1702
619,593,1212
1842,301,2143
279,486,765
464,289,753
550,453,1003
1017,864,1881
24,247,271
409,513,922
310,537,847
626,296,922
728,201,929
82,348,430
88,971,1059
555,496,1051
793,285,1078
247,246,493
116,986,1102
172,169,341
371,174,545
769,306,1075
889,393,1282
780,453,1233
219,288,507
706,567,1273
898,332,1230
1138,235,1373
1164,274,1438
350,365,715
254,442,696
214,448,662
188,635,823
1220,230,1450
544,337,881
520,369,889
386,482,868
468,403,871
443,426,869
172,520,692
319,279,598
625,399,1024
606,428,1034
287,432,719
248,455,703
396,355,751
121,471,592
145,488,633
372,420,792
445,246,691
212,763,975
218,497,715
222,359,581
242,361,603
311,242,553
332,965,1297
441,345,786
343,565,908
366,334,700
731,291,1022
868,188,1056
413,614,1027
376,334,710
407,660,1067
944,173,1117
424,445,869
555,300,855
2862,288,3150
435,365,800
443,460,903
692,380,1072
555,315,870
801,163,964
1099,291,1390
786,342,1128
548,302,850
759,239,998
540,361,901
1071,192,1263
877,199,1076
579,249,828
1308,194,1502
322,192,514
730,327,1057
366,187,553
780,207,987
842,262,1104
496,242,738
536,152,688
668,238,906
583,210,793
559,246,805
664,181,845
612,182,794
716,147,863
517,321,838
690,161,851
744,179,923
640,241,881
631,180,811
667,403,1070
734,195,929
705,161,866
689,151,840
412,174,586
809,181,990
638,257,895
609,505,1114
547,210,757
432,253,685
593,209,802
620,177,797
603,246,849
570,242,812
750,199,949
1000,223,1223
764,148,912
753,208,961
646,218,864
594,259,853
542,208,750
682,179,861
670,155,825
625,207,832
934,254,1188
598,169,767
686,215,901
653,212,865
692,277,969
890,187,1077
699,268,967
674,219,893
762,170,932
702,163,865
675,166,841
575,288,863
713,197,910
703,237,940
702,191,893
649,259,908
667,221,888
718,153,871
642,218,860
623,259,882
705,210,915
823,216,1039
604,155,759
647,173,820
649,200,849
718,245,963
671,326,997
759,158,917
669,156,825
673,232,905
780,187,967
723,291,1014
614,236,850
685,164,849
713,235,948
664,162,826
637,270,907
548,200,748
648,239,887
619,182,801
700,213,913
691,271,962
609,306,915
612,267,879
678,200,878
663,290,953
596,277,873
582,262,844
613,275,888
629,218,847
605,299,904
516,162,678
686,226,912
614,292,906
587,165,752
512,201,713
621,286,907
643,329,972
553,196,749
693,327,1020
620,240,860
535,157,692
674,276,950
664,253,917
586,294,880
529,353,882
628,233,861
708,241,949
576,308,884
602,216,818
591,196,787
550,265,815
643,232,875
624,278,902
712,198,910
704,215,919
699,220,919
585,286,871
661,234,895
634,221,855
653,191,844
518,263,781
613,355,968
579,153,732
573,184,757
610,199,809
533,248,781
559,215,774
703,183,886
635,320,955
680,269,949
617,280,897
697,162,859
650,254,904
655,281,936
624,261,885
651,394,1045
648,260,908
656,185,841
444,246,690
602,302,904
561,179,740
506,232,738
718,297,1015
538,235,773
577,256,833
659,189,848
426,227,653
538,169,707
657,178,835
537,166,703
535,288,823
622,291,913
414,229,643
676,255,931
561,178,739
651,192,843
641,152,793
668,175,843
824,248,1072
573,153,726
613,182,795
660,192,852
619,171,790
667,182,849
598,184,782
613,195,808
653,302,955
754,217,971
778,178,956
701,233,934
588,241,829
678,199,877
483,208,691
803,220,1023
607,273,880
529,412,941
273,6145,6418
699,302,1001
810,244,1054
591,215,806
675,207,882
661,277,938
556,267,823
609,247,856
506,277,783
468,269,737
412,247,659
180,308,488
184,283,467
204,237,441
156,308,464
197,211,408
68,315,383
207,319,526
267,171,438
113,318,431
192,324,516
159,178,337
160,317,477
109,301,410
211,186,397
215,333,548
167,280,447
191,192,383
225,302,527
223,258,481
234,168,402
223,300,523
239,262,501
235,174,409
264,285,549
223,283,506
240,175,415
287,275,562
217,311,528
206,171,377
218,296,514
278,290,568
177,165,342
165,282,447
183,159,342
247,311,558
235,400,635
325,210,535
251,381,632
353,181,534
405,150,555
423,140,563
276,614,890
741,179,920
254,1015,1269
143,2297,2440
733,244,977
269,975,1244
580,2624,3204
1819,686,2505
666,264,930
540,2710,3250
2294,706,3000
1943,634,2577
2361,960,3321
329,1049,1378
2209,708,2917
212,273,485
1907,686,2593
2286,869,3155
2260,697,2957
352,1033,1385
219,401,620
673,307,980
2167,835,3002
633,352,985
968,447,1415
229,403,632
771,2785,3556
755,315,1070
175,322,497
6236,2847,9083
786,347,1133
2138,1396,3534
7801,1368,9169
723,3082,3805
209,421,630
532,243,775
597,2923,3520
133,609,742
2030,1551,3581
7852,1376,9228
2443,1427,3870
483,460,943
366,162,528
1882,1463,3345
171,732,903
2313,1518,3831
150,523,673
1775,1637,3412
393,623,1016
1323,424,1747
2197,1521,3718
107,240,347
1167,697,1864
321,482,803
288,413,701
147,519,666
309,256,565
2105,1731,3836
164,306,470
291,419,710
1993,1545,3538
457,339,796
725,473,1198
561,911,1472
1959,1726,3685
806,796,1602
101,1214,1315
1397,753,2150
774,321,1095
889,169,1058
622,245,867
1258,400,1658
362,476,838
357,259,616
251,1106,1357
85,1228,1313
361,865,1226
164,346,510
1488,884,2372
795,676,1471
738,544,1282
338,258,596
290,320,610
563,910,1473
176,571,747
262,363,625
931,521,1452
399,331,730
294,434,728
1139,1669,2808
296,418,714
812,686,1498
745,632,1377
310,493,803
1189,409,1598
188,1819,2007
311,813,1124
835,164,999
1231,630,1861
794,223,1017
557,598,1155
331,843,1174
950,1259,2209
294,146,440
483,508,991
250,247,497
642,663,1305
473,837,1310
58,574,632
461,826,1287
830,557,1387
485,683,1168
529,151,680
768,602,1370
268,274,542
385,337,722
848,597,1445
654,175,829
28,288,316
583,379,962
548,358,906
241,750,991
261,665,926
675,215,890
388,712,1100
57,478,535
615,570,1185
598,514,1112
300,878,1178
353,925,1278
264,264,528
407,861,1268
110,602,712
628,669,1297
27,639,666
782,455,1237
222,660,882
486,353,839
278,539,817
415,996,1411
245,1172,1417
315,349,664
366,412,778
803,552,1355
439,502,941
502,369,871
244,661,905
2338,166,2504
559,434,993
732,991,1723
1063,1597,2660
356,667,1023
363,688,1051
315,920,1235
349,637,986
857,294,1151
266,921,1187
110,294,404
496,621,1117
565,761,1326
1162,1693,2855
562,506,1068
591,1089,1680
551,872,1423
642,582,1224
263,411,674
346,1069,1415
175,552,727
486,902,1388
741,517,1258
1576,1657,3233
203,809,1012
193,1079,1272
477,1207,1684
270,990,1260
220,873,1093
631,1009,1640
623,447,1070
457,764,1221
1103,622,1725
434,924,1358
1201,939,2140
328,994,1322
872,1024,1896
1387,914,2301
645,669,1314
102,627,729
526,939,1465
367,985,1352
716,728,1444
945,935,1880
606,864,1470
636,994,1630
357,802,1159
269,693,962
462,699,1161
400,679,1079
760,945,1705
698,962,1660
1617,693,2310
510,681,1191
386,853,1239
1001,897,1898
688,494,1182
490,671,1161
643,600,1243
631,1228,1859
102,778,880
343,1011,1354
536,833,1369
734,475,1209
610,1256,1866
724,669,1393
713,593,1306
504,792,1296
830,445,1275
981,1081,2062
244,1087,1331
761,734,1495
401,692,1093
606,356,962
77,1364,1441
800,708,1508
598,513,1111
833,638,1471
700,355,1055
704,973,1677
601,874,1475
587,654,1241
668,544,1212
678,586,1264
170,1578,1748
701,791,1492
175,832,1007
450,1065,1515
411,673,1084
1071,980,2051
791,1088,1879
744,845,1589
752,736,1488
783,399,1182
1103,881,1984
430,809,1239
680,550,1230
869,866,1735
748,501,1249
994,835,1829
982,858,1840
738,661,1399
739,631,1370
286,760,1046
725,1006,1731
687,875,1562
133,799,932
534,1200,1734
214,536,750
639,1104,1743
179,883,1062
221,879,1100
352,708,1060
313,659,972
328,823,1151
154,967,1121
1015,900,1915
249,950,1199
1109,829,1938
391,855,1246
349,896,1245
745,528,1273
483,714,1197
492,846,1338
408,882,1290
605,906,1511
644,732,1376
708,853,1561
549,887,1436
32,888,920
90,616,706
855,535,1390
457,599,1056
1256,943,2199
680,796,1476
921,757,1678
598,824,1422
1084,642,1726
905,742,1647
672,856,1528
222,785,1007
422,790,1212
626,498,1124
1534,1688,3222
474,755,1229
428,873,1301
307,1020,1327
614,1662,2276
751,440,1191
423,942,1365
393,853,1246
607,743,1350
766,521,1287
529,818,1347
725,705,1430
492,995,1487
524,795,1319
134,423,557
682,1601,2283
539,951,1490
540,971,1511
596,679,1275
201,573,774
664,1046,1710
853,782,1635
277,758,1035
732,963,1695
495,335,830
1244,706,1950
802,1005,1807
917,931,1848
218,813,1031
661,1137,1798
394,723,1117
677,391,1068
401,796,1197
563,458,1021
1434,730,2164
399,886,1285
266,1034,1300
452,824,1276
654,1301,1955
414,883,1297
190,543,733
751,638,1389
620,619,1239
1524,831,2355
638,826,1464
325,804,1129
275,959,1234
310,1279,1589
640,947,1587
546,733,1279
622,841,1463
847,567,1414
546,882,1428
381,785,1166
192,651,843
257,396,653
330,1270,1600
936,430,1366
748,985,1733
817,995,1812
835,1259,2094
640,1002,1642
420,996,1416
704,770,1474
114,1014,1128
1650,1337,2987
986,785,1771
182,615,797
710,1033,1743
277,988,1265
711,1116,1827
186,653,839
303,595,898
106,1382,1488
166,741,907
892,839,1731
607,697,1304
963,852,1815
253,403,656
1166,1188,2354
110,909,1019
817,1073,1890
1118,849,1967
186,1520,1706
304,700,1004
371,804,1175
350,663,1013
554,594,1148
471,796,1267
893,226,1119
375,895,1270
1069,331,1400
330,537,867
653,280,933
1109,306,1415
136,841,977
723,296,1019
695,446,1141
941,672,1613
316,434,750
120,521,641
1252,430,1682
136,484,620
224,509,733
438,246,684
220,568,788
403,617,1020
516,261,777
518,1101,1619
285,241,526
681,833,1514
99,260,359
540,885,1425
797,839,1636
819,337,1156
134,340,474
1080,320,1400
562,374,936
353,924,1277
231,409,640
695,382,1077
639,327,966
650,423,1073
340,371,711
279,280,559
792,347,1139
694,374,1068
322,269,591
371,337,708
279,308,587
767,421,1188
244,331,575
299,445,744
541,213,754
200,442,642
287,335,622
223,440,663
126,223,349
301,392,693
56,337,393
313,356,669
178,230,408
89,396,485
134,374,508
185,427,612
249,292,541
203,450,653
220,426,646
271,401,672
229,311,540
331,375,706
268,430,698
345,301,646
82,300,382
270,434,704
319,451,770
127,386,513
127,410,537
274,346,620
151,461,612
146,435,581
138,423,561
300,358,658
239,393,632
239,453,692
156,501,657
334,425,759
66,436,502
265,505,770
123,427,550
197,368,565
174,374,548
169,394,563
162,432,594
212,394,606
314,640,954
256,381,637
347,284,631
287,401,688
196,622,818
323,352,675
228,287,515
193,341,534
256,571,827
270,324,594
248,323,571
256,300,556
251,331,582
159,570,729
349,320,669
227,322,549
416,356,772
134,442,576
178,323,501
189,330,519
463,356,819
183,431,614
262,279,541
238,282,520
437,286,723
289,370,659
60,280,340
95,284,379
171,200,371
364,328,692
145,322,467
203,241,444
239,298,537
182,321,503
274,222,496
310,308,618
381,198,579
58,273,331
281,311,592
183,194,377
97,275,372
221,233,454
107,248,355
141,338,479
165,331,496
149,281,430
201,369,570
125,304,429
334,245,579
212,345,557
184,324,508
112,275,387
76,348,424
57,356,413
143,306,449
103,402,505
93,431,524
193,332,525
174,835,1009
260,298,558
269,306,575
181,351,532
260,820,1080
312,325,637
309,314,623
229,338,567
185,833,1018
249,338,587
294,335,629
156,353,509
471,677,1148
224,355,579
190,386,576
276,320,596
466,396,862
249,415,664
281,317,598
238,440,678
261,417,678
544,390,934
273,363,636
329,438,767
354,367,721
568,455,1023
301,448,749
134,396,530
96,458,554
149,379,528
135,448,583
137,480,617
172,459,631
161,593,754
251,567,818
288,529,817
303,536,839
964,6213,7177
198,499,697
228,480,708
288,457,745
331,413,744
284,485,769
363,433,796
1698,5505,7203
368,460,828
294,503,797
1589,6418,8007
1075,6179,7254
442,973,1415
1053,6296,7349
481,262,743
2267,5402,7669
1359,5861,7220
635,6501,7136
480,354,834
2303,5382,7685
68,968,1036
1670,5912,7582
469,276,745
528,200,728
1508,5616,7124
102,1059,1161
1807,5446,7253
443,366,809
1155,5294,6449
729,5852,6581
165,1018,1183
514,428,942
1909,5477,7386
1676,6005,7681
5298,382,5680
937,294,1231
1314,5866,7180
1240,5422,6662
1004,6298,7302
401,260,661
1070,170,1240
968,5969,6937
674,6091,6765
5245,317,5562
1945,5973,7918
5695,453,6148
5742,440,6182
392,253,645
627,321,948
543,404,947
1653,5935,7588
5388,935,6323
1119,5926,7045
6071,342,6413
5767,352,6119
6251,168,6419
1234,184,1418
1246,186,1432
1009,240,1249
1467,229,1696
950,278,1228
1100,311,1411
842,301,1143
276,273,549
252,284,536
263,325,588
397,235,632
363,280,643
341,311,652
529,186,715
430,269,699
385,311,696
351,386,737
535,412,947
272,642,914
486,410,896
636,339,975
491,309,800
537,477,1014
431,559,990
390,372,762
403,734,1137
593,508,1101
598,438,1036
511,576,1087
549,513,1062
326,572,898
373,476,849
481,762,1243
596,417,1013
737,1514,2251
387,508,895
615,678,1293
225,539,764
369,748,1117
327,466,793
609,547,1156
414,512,926
1744,721,2465
361,876,1237
551,349,900
1116,770,1886
289,642,931
329,548,877
234,779,1013
168,623,791
284,778,1062
94,463,557
1341,615,1956
359,701,1060
270,870,1140
505,617,1122
216,872,1088
405,630,1035
98,537,635
278,490,768
538,628,1166
663,501,1164
131,687,818
412,782,1194
199,637,836
182,544,726
377,444,821
253,727,980
280,619,899
332,545,877
347,532,879
466,466,932
1403,166,1569
417,511,928
583,417,1000
428,469,897
224,614,838
663,552,1215
370,597,967
340,435,775
626,259,885
336,501,837
474,492,966
574,698,1272
74,283,357
475,702,1177
717,238,955
232,798,1030
679,364,1043
699,399,1098
126,461,587
1020,228,1248
236,300,536
377,784,1161
205,367,572
194,497,691
221,745,966
608,848,1456
265,566,831
429,319,748
605,741,1346
248,597,845
347,672,1019
212,665,877
894,220,1114
50,594,644
414,698,1112
677,343,1020
458,602,1060
726,1103,1829
459,623,1082
645,629,1274
454,673,1127
226,430,656
104,784,888
440,839,1279
234,483,717
67,709,776
224,1187,1411
315,663,978
151,725,876
84,763,847
256,538,794
278,868,1146
714,789,1503
121,714,835
90,985,1075
362,1359,1721
246,883,1129
78,798,876
186,875,1061
5359,156,5515
507,677,1184
446,875,1321
274,1019,1293
449,823,1272
1062,862,1924
482,817,1299
588,884,1472
263,802,1065
113,281,394
858,660,1518
627,840,1467
441,1049,1490
182,443,625
847,808,1655
750,752,1502
794,870,1664
396,883,1279
588,1020,1608
555,340,895
149,1286,1435
617,844,1461
1039,761,1800
342,715,1057
441,640,1081
742,849,1591
281,1443,1724
712,475,1187
326,1419,1745
429,814,1243
473,769,1242
431,792,1223
672,599,1271
642,711,1353
462,1445,1907
751,608,1359
798,637,1435
647,966,1613
621,766,1387
672,725,1397
813,442,1255
572,1344,1916
527,855,1382
1039,352,1391
111,616,727
1125,524,1649
199,651,850
237,1535,1772
705,679,1384
323,507,830
830,804,1634
114,681,795
258,1439,1697
368,389,757
1302,472,1774
361,567,928
238,613,851
380,582,962
270,1524,1794
483,1368,1851
1269,563,1832
115,1236,1351
1667,437,2104
506,426,932
752,204,956
388,153,541
862,763,1625
500,1233,1733
479,802,1281
943,839,1782
1262,1479,2741
529,787,1316
516,828,1344
1042,948,1990
380,588,968
1087,359,1446
977,1072,2049
920,1120,2040
417,1621,2038
1664,1215,2879
985,1243,2228
1546,852,2398
1134,599,1733
909,1098,2007
1466,895,2361
1028,242,1270
681,576,1257
757,899,1656
1498,1158,2656
1277,537,1814
1165,854,2019
914,576,1490
959,1101,2060
1075,1043,2118
144,387,531
1000,864,1864
896,819,1715
1517,1287,2804
1326,903,2229
1549,687,2236
63,703,766
194,732,926
152,588,740
23,903,926
1207,689,1896
942,993,1935
849,1013,1862
429,673,1102
393,461,854
334,1011,1345
207,664,871
321,597,918
297,789,1086
460,701,1161
162,1046,1208
351,777,1128
353,713,1066
356,885,1241
556,486,1042
459,616,1075
456,755,1211
118,650,768
793,515,1308
546,694,1240
554,650,1204
449,897,1346
561,744,1305
662,632,1294
229,606,835
351,521,872
287,630,917
114,864,978
841,698,1539
800,816,1616
470,579,1049
763,201,964
698,319,1017
468,576,1044
473,620,1093
535,651,1186
256,316,572
805,347,1152
317,234,551
929,798,1727
672,506,1178
697,540,1237
626,677,1303
269,495,764
557,191,748
893,705,1598
464,442,906
376,541,917
410,573,983
591,351,942
136,229,365
369,652,1021
167,334,501
442,545,987
355,693,1048
662,349,1011
457,634,1091
651,636,1287
180,283,463
593,525,1118
93,699,792
982,191,1173
226,305,531
518,825,1343
176,459,635
199,595,794
395,529,924
133,703,836
573,416,989
639,306,945
428,650,1078
219,770,989
559,372,931
441,620,1061
455,530,985
625,476,1101
116,400,516
477,747,1224
505,778,1283
1942,4628,6570
83,533,616
612,592,1204
739,2597,3336
471,767,1238
86,615,701
137,560,697
243,563,806
1114,3975,5089
214,516,730
154,624,778
425,2492,2917
632,841,1473
126,632,758
225,615,840
1182,4030,5212
331,544,875
248,717,965
475,465,940
268,859,1127
324,672,996
4645,265,4910
626,326,952
359,626,985
174,347,521
479,1146,1625
415,647,1062
3696,256,3952
259,352,611
894,146,1040
342,872,1214
826,260,1086
440,777,1217
560,206,766
4511,639,5150
397,776,1173
1089,295,1384
394,815,1209
162,746,908
740,302,1042
732,619,1351
226,579,805
866,383,1249
761,235,996
826,289,1115
332,323,655
616,582,1198
753,436,1189
364,298,662
469,801,1270
792,497,1289
4192,214,4406
155,312,467
439,658,1097
646,809,1455
213,580,793
241,429,670
256,596,852
260,662,922
110,342,452
545,1126,1671
60,973,1033
319,639,958
319,676,995
290,566,856
336,612,948
138,451,589
886,963,1849
519,598,1117
377,707,1084
440,661,1101
31,567,598
317,555,872
193,544,737
340,1009,1349
324,811,1135
510,605,1115
357,711,1068
591,855,1446
97,648,745
278,733,1011
849,726,1575
516,985,1501
545,654,1199
784,809,1593
169,760,929
283,716,999
717,723,1440
154,1007,1161
520,687,1207
508,742,1250
559,511,1070
482,803,1285
513,582,1095
275,800,1075
456,673,1129
925,577,1502
524,1121,1645
527,733,1260
155,578,733
887,462,1349
194,408,602
546,966,1512
920,4581,5501
698,583,1281
227,648,875
484,1135,1619
322,663,985
301,643,944
887,612,1499
423,712,1135
572,1106,1678
2373,2816,5189
638,687,1325
354,730,1084
695,1155,1850
196,1163,1359
319,597,916
452,740,1192
731,428,1159
2493,2866,5359
274,1080,1354
681,568,1249
436,800,1236
730,697,1427
492,574,1066
410,728,1138
511,921,1432
4193,681,4874
934,465,1399
2821,781,3602
477,944,1421
641,695,1336
118,908,1026
28,465,493
587,959,1546
169,607,776
389,736,1125
2549,599,3148
828,800,1628
315,639,954
202,884,1086
1034,486,1520
276,882,1158
413,784,1197
127,947,1074
2864,418,3282
1459,466,1925
820,320,1140
719,385,1104
658,622,1280
667,557,1224
836,426,1262
223,486,709
322,387,709
342,390,732
950,381,1331
338,384,722
419,352,771
436,302,738
341,421,762
1031,337,1368
456,299,755
550,264,814
555,250,805
454,437,891
221,195,416
424,252,676
346,312,658
291,786,1077
85,1140,1225
355,1374,1729
55,1070,1125
548,414,962
331,515,846
217,437,654
830,375,1205
942,492,1434
350,235,585
973,355,1328
912,456,1368
491,297,788
330,448,778
1439,505,1944
913,376,1289
382,754,1136
507,378,885
804,194,998
1078,475,1553
586,443,1029
462,539,1001
449,209,658
348,363,711
873,277,1150
191,468,659
1041,635,1676
821,616,1437
338,460,798
185,554,739
507,196,703
224,387,611
460,313,773
253,504,757
1145,710,1855
275,651,926
297,429,726
510,365,875
370,492,862
278,223,501
339,506,845
456,258,714
451,209,660
605,352,957
483,271,754
164,2634,2798
337,509,846
419,626,1045
513,462,975
1917,200,2117
593,231,824
677,494,1171
338,2672,3010
453,493,946
1951,411,2362
549,767,1316
332,654,986
402,422,824
776,254,1030
642,661,1303
679,360,1039
682,387,1069
766,334,1100
200,284,484
728,2353,3081
204,341,545
173,381,554
240,253,493
278,333,611
245,305,550
248,384,632
292,316,608
361,202,563
317,335,652
371,332,703
330,328,658
363,296,659
237,159,396
425,259,684
408,246,654
409,326,735
191,273,464
325,208,533
350,257,607
281,302,583
411,207,618
293,277,570
381,266,647
325,181,506
375,294,669
499,147,646
420,138,558
249,324,573
373,223,596
487,155,642
570,1288,1858
502,148,650
1115,217,1332
289,178,467
539,174,713
353,150,503
1206,179,1385
377,247,624
542,297,839
466,237,703
414,251,665
441,235,676
477,250,727
430,210,640
1310,268,1578
497,259,756
476,281,757
523,228,751
487,245,732
436,167,603
415,237,652
466,221,687
501,209,710
359,178,537
476,230,706
381,408,789
352,628,980
454,413,867
3198,416,3614
352,4021,4373
409,693,1102
2626,525,3151
401,590,991
374,809,1183
653,2373,3026
2355,286,2641
558,612,1170
2383,194,2577
767,297,1064
2365,286,2651
463,822,1285
524,584,1108
2432,236,2668
648,500,1148
711,228,939
580,148,728
550,149,699
4224,866,5090
377,1067,1444
517,1109,1626
410,1117,1527
4504,398,4902
980,482,1462
1076,540,1616
445,629,1074
460,358,818
706,314,1020
733,308,1041
4623,327,4950
560,394,954
851,753,1604
166,284,450
492,294,786
576,255,831
792,405,1197
130,412,542
1002,469,1471
291,211,502
646,227,873
695,218,913
301,348,649
402,149,551
843,412,1255
258,324,582
234,142,376
426,278,704
261,152,413
435,330,765
359,326,685
366,185,551
525,222,747
866,1063,1929
465,1202,1667
693,1101,1794
343,341,684
329,372,701
1523,484,2007
1458,470,1928
1161,420,1581
617,294,911
649,298,947
883,484,1367
837,513,1350
868,527,1395
167,284,451
269,248,517
1021,375,1396
842,572,1414
238,260,498
866,580,1446
273,274,547
363,370,733
554,193,747
277,250,527
593,203,796
359,357,716
2105,2550,4655
545,545,1090
779,717,1496
1272,381,1653
834,852,1686
466,416,882
611,766,1377
166,1113,1279
4504,516,5020
765,315,1080
253,961,1214
260,658,918
730,413,1143
176,1164,1340
707,279,986
237,1026,1263
4571,602,5173
139,384,523
103,548,651
123,787,910
99,579,678
158,1251,1409
254,1068,1322
581,852,1433
2653,613,3266
575,1082,1657
815,709,1524
731,732,1463
1013,179,1192
239,941,1180
143,629,772
145,481,626
579,1131,1710
1124,573,1697
1191,494,1685
202,817,1019
159,476,635
307,816,1123
704,362,1066
590,670,1260
285,986,1271
231,890,1121
555,691,1246
555,660,1215
1432,400,1832
218,1137,1355
207,143,350
436,509,945
483,866,1349
574,810,1384
118,1078,1196
529,871,1400
734,667,1401
1056,375,1431
771,522,1293
242,492,734
484,835,1319
588,297,885
325,563,888
998,499,1497
324,524,848
175,559,734
279,1167,1446
429,404,833
440,528,968
707,200,907
577,327,904
485,511,996
381,573,954
218,782,1000
706,934,1640
114,470,584
935,157,1092
870,180,1050
569,512,1081
395,297,692
376,276,652
639,380,1019
705,540,1245
506,569,1075
585,152,737
876,601,1477
816,172,988
677,334,1011
841,625,1466
318,474,792
1197,289,1486
116,220,336
129,279,408
724,393,1117
537,652,1189
146,325,471
142,252,394
191,270,461
174,378,552
177,294,471
194,232,426
266,1602,1868
222,238,460
264,287,551
275,225,500
578,196,774
541,283,824
40,735,775
137,260,397
630,249,879
111,313,424
507,694,1201
697,1318,2015
1142,250,1392
538,706,1244
641,1712,2353
137,263,400
32,333,365
162,273,435
568,283,851
748,646,1394
77,469,546
186,406,592
1340,789,2129
173,406,579
510,791,1301
650,639,1289
92,649,741
190,1301,1491
514,984,1498
395,244,639
660,890,1550
242,465,707
177,431,608
371,488,859
114,723,837
181,544,725
355,452,807
384,564,948
1123,505,1628
538,992,1530
133,287,420
162,795,957
273,1308,1581
211,392,603
716,550,1266
491,1527,2018
295,576,871
181,599,780
869,646,1515
644,282,926
574,776,1350
650,547,1197
743,663,1406
605,443,1048
616,334,950
878,642,1520
269,210,479
975,579,1554
749,589,1338
1123,569,1692
1190,668,1858
389,884,1273
235,524,759
334,641,975
354,1124,1478
246,708,954
264,682,946
208,726,934
593,989,1582
665,332,997
224,842,1066
1417,392,1809
542,1144,1686
400,583,983
454,482,936
606,385,991
193,968,1161
108,334,442
430,876,1306
503,778,1281
549,836,1385
80,786,866
490,995,1485
599,3256,3855
223,674,897
177,526,703
315,643,958
828,604,1432
183,812,995
455,958,1413
192,911,1103
855,3373,4228
406,707,1113
376,513,889
456,1255,1711
728,451,1179
692,1164,1856
228,780,1008
90,573,663
293,1042,1335
261,3468,3729
657,481,1138
440,655,1095
531,655,1186
740,579,1319
679,1279,1958
307,442,749
217,468,685
268,407,675
312,3496,3808
385,475,860
579,646,1225
286,624,910
4556,199,4755
1061,325,1386
610,718,1328
3364,606,3970
872,467,1339
990,1024,2014
80,193,273
233,817,1050
1061,1194,2255
2967,549,3516
132,285,417
384,761,1145
697,547,1244
3437,167,3604
892,298,1190
960,269,1229
340,220,560
968,406,1374
1138,274,1412
919,448,1367
177,1313,1490
1085,379,1464
578,159,737
343,371,714
450,356,806
1674,518,2192
435,412,847
423,525,948
1322,398,1720
397,595,992
409,1403,1812
507,567,1074
659,391,1050
530,510,1040
695,368,1063
571,696,1267
672,552,1224
630,655,1285
758,568,1326
621,716,1337
919,1213,2132
647,760,1407
622,545,1167
680,648,1328
740,586,1326
719,779,1498
351,650,1001
648,742,1390
500,602,1102
415,682,1097
478,1198,1676
659,780,1439
569,819,1388
390,510,900
454,557,1011
674,924,1598
653,784,1437
534,916,1450
341,620,961
1308,707,2015
595,882,1477
310,980,1290
234,673,907
567,392,959
477,686,1163
564,918,1482
575,833,1408
665,1034,1699
431,1022,1453
689,897,1586
527,957,1484
720,538,1258
409,734,1143
84,510,594
800,737,1537
407,339,746
674,1016,1690
516,704,1220
404,953,1357
386,349,735
608,1235,1843
1220,877,2097
721,589,1310
155,563,718
891,558,1449
648,716,1364
452,1013,1465
553,1459,2012
600,899,1499
648,945,1593
721,188,909
236,880,1116
179,856,1035
410,709,1119
359,878,1237
988,840,1828
368,1536,1904
435,872,1307
291,1022,1313
625,829,1454
468,802,1270
743,496,1239
469,821,1290
472,845,1317
74,324,398
510,1583,2093
1064,1473,2537
613,869,1482
673,1165,1838
1362,1130,2492
738,1138,1876
834,755,1589
862,1127,1989
731,438,1169
961,282,1243
843,1030,1873
1229,756,1985
472,1455,1927
157,2173,2330
324,895,1219
261,1268,1529
578,1453,2031
513,1715,2228
447,1114,1561
1492,881,2373
100,1303,1403
376,2017,2393
448,1094,1542
376,1101,1477
717,1430,2147
789,1429,2218
870,734,1604
716,1028,1744
928,1614,2542
548,270,818
513,1358,1871
117,1691,1808
1093,656,1749
662,1007,1669
145,1607,1752
1422,488,1910
954,837,1791
2012,403,2415
399,702,1101
362,1572,1934
1046,387,1433
404,732,1136
388,802,1190
928,350,1278
167,1679,1846
864,574,1438
1593,473,2066
93,792,885
840,1130,1970
1375,242,1617
434,675,1109
606,1584,2190
1517,171,1688
922,646,1568
730,689,1419
135,1103,1238
931,776,1707
1021,277,1298
335,1408,1743
225,237,462
888,436,1324
919,869,1788
607,779,1386
1128,713,1841
302,316,618
823,810,1633
316,293,609
203,467,670
1463,305,1768
918,541,1459
200,1365,1565
723,766,1489
1275,608,1883
385,1365,1750
254,591,845
252,557,809
1538,304,1842
312,616,928
858,955,1813
1180,533,1713
436,562,998
831,263,1094
329,661,990
472,592,1064
417,1414,1831
562,485,1047
563,563,1126
795,148,943
873,188,1061
242,710,952
322,154,476
894,2393,3287
673,370,1043
844,448,1292
333,231,564
973,1957,2930
337,374,711
435,225,660
259,416,675
393,220,613
720,394,1114
579,155,734
403,332,735
566,224,790
481,273,754
505,197,702
423,435,858
605,210,815
637,173,810
565,235,800
593,231,824
588,375,963
516,233,749
553,163,716
581,168,749
632,273,905
504,232,736
547,282,829
502,222,724
498,187,685
519,281,800
534,269,803
540,174,714
511,217,728
626,252,878
601,180,781
567,183,750
400,179,579
324,256,580
369,223,592
371,145,516
510,193,703
433,276,709
466,238,704
457,185,642
363,195,558
545,196,741
426,184,610
533,170,703
509,221,730
424,162,586
493,152,645
470,256,726
588,146,734
515,192,707
350,167,517
494,215,709
621,166,787
401,203,604
501,178,679
511,182,693
484,180,664
388,197,585
545,151,696
400,170,570
486,237,723
474,246,720
552,160,712
438,202,640
399,252,651
496,196,692
513,164,677
531,241,772
409,214,623
382,236,618
470,149,619
475,179,654
462,267,729
527,224,751
446,204,650
377,2976,3353
446,272,718
737,2564,3301
421,358,779
453,281,734
453,331,784
440,275,715
440,232,672
384,2557,2941
515,353,868
412,425,837
534,2537,3071
301,367,668
377,486,863
374,361,735
308,423,731
414,502,916
363,669,1032
387,564,951
2637,468,3105
406,702,1108
242,612,854
199,549,748
2494,633,3127
416,517,933
390,926,1316
820,4345,5165
302,560,862
1048,338,1386
455,707,1162
474,426,900
611,3253,3864
206,535,741
307,991,1298
2574,531,3105
355,527,882
4672,908,5580
171,3777,3948
409,835,1244
167,459,626
59,705,764
478,479,957
3556,1062,4618
545,499,1044
2871,964,3835
3694,991,4685
3619,1048,4667
2945,1094,4039
169,523,692
214,495,709
3142,997,4139
316,819,1135
1050,348,1398
230,675,905
556,649,1205
262,1255,1517
3882,914,4796
3188,973,4161
295,501,796
524,710,1234
404,783,1187
374,507,881
756,532,1288
394,1116,1510
500,487,987
596,591,1187
224,854,1078
253,504,757
528,605,1133
300,821,1121
446,549,995
707,524,1231
529,947,1476
430,825,1255
533,652,1185
729,496,1225
289,959,1248
37,455,492
787,811,1598
391,1194,1585
763,748,1511
540,901,1441
947,627,1574
208,579,787
294,722,1016
493,824,1317
987,818,1805
73,778,851
97,830,927
304,1104,1408
258,833,1091
395,942,1337
392,710,1102
419,604,1023
320,734,1054
962,408,1370
843,666,1509
131,923,1054
738,481,1219
872,726,1598
581,1056,1637
436,860,1296
778,430,1208
889,988,1877
370,650,1020
799,586,1385
701,500,1201
606,1212,1818
800,635,1435
516,607,1123
291,1322,1613
408,1586,1994
196,635,831
567,469,1036
405,716,1121
246,634,880
856,729,1585
901,1011,1912
453,835,1288
490,596,1086
524,1163,1687
712,1469,2181
500,936,1436
776,447,1223
628,643,1271
697,1325,2022
683,716,1399
493,629,1122
511,874,1385
447,434,881
873,707,1580
596,672,1268
323,787,1110
717,539,1256
399,838,1237
1141,928,2069
417,548,965
804,623,1427
462,836,1298
391,600,991
945,706,1651
464,845,1309
513,779,1292
530,1301,1831
651,736,1387
1252,616,1868
512,763,1275
331,540,871
1093,636,1729
704,607,1311
575,603,1178
768,615,1383
667,875,1542
723,609,1332
618,592,1210
511,941,1452
528,478,1006
507,657,1164
668,604,1272
550,1532,2082
433,764,1197
697,820,1517
677,520,1197
411,1708,2119
672,932,1604
658,812,1470
408,802,1210
662,724,1386
717,632,1349
758,1015,1773
726,429,1155
612,257,869
1086,785,1871
575,550,1125
252,1271,1523
573,597,1170
471,758,1229
339,565,904
473,862,1335
543,663,1206
445,838,1283
907,587,1494
785,737,1522
781,600,1381
455,1212,1667
530,667,1197
742,512,1254
314,610,924
584,842,1426
825,795,1620
298,752,1050
1044,740,1784
677,1156,1833
637,714,1351
1314,752,2066
1133,825,1958
676,669,1345
648,840,1488
332,431,763
1526,925,2451
1108,2034,3142
293,565,858
682,810,1492
852,457,1309
548,935,1483
1110,573,1683
783,549,1332
472,485,957
594,558,1152
583,910,1493
1090,539,1629
451,1995,2446
361,664,1025
281,726,1007
682,863,1545
627,638,1265
611,524,1135
566,650,1216
779,804,1583
684,406,1090
434,767,1201
567,766,1333
569,429,998
333,1018,1351
651,895,1546
674,1856,2530
260,758,1018
480,681,1161
488,972,1460
511,482,993
533,741,1274
271,269,540
342,707,1049
351,205,556
712,1032,1744
450,167,617
475,1179,1654
577,598,1175
412,1000,1412
274,1634,1908
1943,1310,3253
339,1588,1927
526,873,1399
517,905,1422
655,1223,1878
1924,1221,3145
747,1181,1928
301,628,929
544,903,1447
888,991,1879
484,1199,1683
611,1218,1829
1677,1117,2794
322,761,1083
698,1670,2368
739,1559,2298
1233,376,1609
505,1705,2210
704,367,1071
761,1410,2171
1617,309,1926
793,348,1141
852,828,1680
614,650,1264
606,1233,1839
893,416,1309
788,1572,2360
1607,286,1893
483,274,757
903,383,1286
937,1463,2400
1469,474,1943
623,675,1298
525,1397,1922
942,379,1321
746,313,1059
661,368,1029
1164,348,1512
279,633,912
1111,432,1543
996,611,1607
394,890,1284
754,1508,2262
110,470,580
1137,492,1629
1617,674,2291
340,265,605
1428,244,1672
525,547,1072
486,170,656
233,157,390
982,129,1111
400,146,546
320,174,494
353,131,484
266,162,428
1090,220,1310
276,154,430
253,165,418
1196,1000,2196
1211,1032,2243
925,717,1642
672,757,1429
1434,867,2301
1255,1164,2419
862,936,1798
178,162,340
1855,579,2434
1028,207,1235
1092,173,1265
651,645,1296
611,699,1310
1111,329,1440
935,401,1336
675,846,1521
176,725,901
864,564,1428
667,788,1455
858,450,1308
567,208,775
646,897,1543
1058,384,1442
975,593,1568
293,1227,1520
852,854,1706
217,921,1138
928,809,1737
202,550,752
445,534,979
1062,348,1410
195,1335,1530
911,753,1664
221,1249,1470
519,625,1144
890,845,1735
64,1125,1189
347,711,1058
151,577,728
556,872,1428
629,605,1234
999,922,1921
555,696,1251
163,1452,1615
650,727,1377
695,767,1462
205,1141,1346
404,866,1270
292,872,1164
752,739,1491
480,1123,1603
52,1033,1085
726,543,1269
975,677,1652
764,622,1386
245,1101,1346
495,722,1217
192,1333,1525
1050,681,1731
222,924,1146
686,989,1675
316,819,1135
824,1239,2063
1058,820,1878
481,788,1269
902,486,1388
426,1630,2056
455,822,1277
781,664,1445
489,892,1381
643,796,1439
512,581,1093
1358,766,2124
981,138,1119
212,934,1146
328,820,1148
943,511,1454
562,841,1403
695,670,1365
947,681,1628
461,842,1303
487,698,1185
500,697,1197
855,716,1571
416,667,1083
348,1732,2080
1035,132,1167
584,667,1251
541,573,1114
981,1101,2082
747,896,1643
786,1310,2096
820,877,1697
765,911,1676
1140,1615,2755
822,352,1174
201,669,870
477,447,924
1021,1188,2209
642,494,1136
1181,1624,2805
764,912,1676
560,669,1229
1177,1857,3034
208,598,806
226,951,1177
578,767,1345
1305,1451,2756
551,878,1429
416,736,1152
412,1009,1421
321,777,1098
647,1250,1897
622,445,1067
492,682,1174
1356,1137,2493
607,597,1204
880,1523,2403
540,738,1278
580,970,1550
935,682,1617
901,666,1567
875,840,1715
246,596,842
589,878,1467
1510,695,2205
943,996,1939
1372,809,2181
745,1214,1959
1757,902,2659
799,866,1665
998,802,1800
392,583,975
331,742,1073
99,1051,1150
905,863,1768
1249,754,2003
622,481,1103
134,810,944
563,1576,2139
1428,484,1912
476,841,1317
338,656,994
250,1084,1334
502,923,1425
337,642,979
652,769,1421
955,801,1756
883,1461,2344
459,576,1035
735,1148,1883
710,790,1500
363,738,1101
558,613,1171
510,742,1252
1032,654,1686
236,977,1213
686,584,1270
758,1048,1806
299,908,1207
1330,1608,2938
766,529,1295
1627,196,1823
1033,477,1510
599,833,1432
510,921,1431
710,1008,1718
622,732,1354
569,1225,1794
545,723,1268
358,836,1194
526,1075,1601
953,1102,2055
532,741,1273
849,659,1508
709,1204,1913
613,1052,1665
896,812,1708
631,762,1393
893,860,1753
569,1171,1740
1136,1240,2376
1164,495,1659
928,384,1312
620,831,1451
450,861,1311
845,782,1627
1668,220,1888
427,780,1207
812,973,1785
368,1131,1499
1428,1225,2653
917,323,1240
304,501,805
889,1412,2301
952,323,1275
681,1222,1903
361,672,1033
671,1450,2121
815,844,1659
1067,425,1492
595,936,1531
905,334,1239
1046,901,1947
177,284,461
647,1366,2013
152,489,641
571,831,1402
1053,837,1890
306,1329,1635
884,1070,1954
689,1448,2137
702,837,1539
208,408,616
1506,1391,2897
523,1348,1871
681,852,1533
943,668,1611
849,854,1703
779,934,1713
831,1026,1857
217,885,1102
1419,544,1963
225,643,868
1298,627,1925
988,967,1955
460,677,1137
142,1014,1156
179,446,625
1251,591,1842
511,803,1314
684,563,1247
1367,759,2126
263,949,1212
240,1111,1351
559,478,1037
925,570,1495
502,730,1232
542,909,1451
657,672,1329
494,633,1127
186,1095,1281
644,652,1296
603,864,1467
334,542,876
925,620,1545
361,585,946
302,509,811
345,551,896
916,625,1541
416,620,1036
898,686,1584
813,760,1573
138,643,781
95,673,768
525,666,1191
48,722,770
496,490,986
914,762,1676
463,482,945
458,518,976
104,1015,1119
195,769,964
345,568,913
536,706,1242
491,764,1255
325,467,792
547,767,1314
129,1042,1171
505,685,1190
464,528,992
451,390,841
644,568,1212
537,1000,1537
405,531,936
421,527,948
505,591,1096
349,1055,1404
524,785,1309
511,1320,1831
297,592,889
536,738,1274
654,697,1351
618,680,1298
467,744,1211
221,731,952
692,562,1254
583,1065,1648
881,2559,3440
450,556,1006
595,690,1285
568,661,1229
958,713,1671
654,917,1571
565,534,1099
317,642,959
360,823,1183
608,2094,2702
435,599,1034
400,674,1074
964,770,1734
544,678,1222
441,791,1232
261,600,861
427,689,1116
995,708,1703
747,2022,2769
698,643,1341
1044,300,1344
680,401,1081
427,1018,1445
779,318,1097
551,310,861
708,421,1129
1138,434,1572
1342,349,1691
771,238,1009
675,363,1038
1042,424,1466
414,665,1079
740,409,1149
744,419,1163
971,151,1122
1079,1018,2097
2617,807,3424
605,153,758
400,1333,1733
424,1356,1780
569,1041,1610
850,956,1806
1021,795,1816
2223,1061,3284
1051,800,1851
108,216,324
745,1002,1747
520,522,1042
2177,1066,3243
810,955,1765
987,899,1886
323,288,611
1048,304,1352
600,466,1066
989,360,1349
149,299,448
910,1081,1991
91,959,1050
582,570,1152
623,608,1231
239,357,596
224,1078,1302
218,1042,1260
487,273,760
586,571,1157
723,430,1153
398,284,682
508,717,1225
467,241,708
148,618,766
277,268,545
817,512,1329
931,412,1343
552,573,1125
127,733,860
211,769,980
119,1066,1185
842,288,1130
248,856,1104
1161,511,1672
1011,646,1657
106,279,385
421,776,1197
583,525,1108
196,1140,1336
221,177,398
568,543,1111
1198,459,1657
1212,412,1624
556,269,825
546,722,1268
644,523,1167
650,767,1417
274,172,446
1014,460,1474
1117,501,1618
160,474,634
795,671,1466
667,691,1358
254,423,677
805,494,1299
101,500,601
275,504,779
377,392,769
1145,448,1593
669,585,1254
302,593,895
295,561,856
94,763,857
98,947,1045
393,480,873
713,297,1010
441,417,858
502,468,970
435,674,1109
408,153,561
704,465,1169
548,700,1248
548,598,1146
669,534,1203
435,195,630
1022,272,1294
190,536,726
341,366,707
323,163,486
1023,217,1240
528,263,791
287,459,746
611,138,749
527,276,803
601,328,929
658,270,928
795,814,1609
873,825,1698
758,777,1535
578,214,792
447,361,808
564,261,825
830,358,1188
313,419,732
771,181,952
553,725,1278
569,332,901
418,565,983
587,410,997
937,486,1423
343,485,828
229,523,752
754,481,1235
696,780,1476
170,669,839
189,546,735
453,182,635
813,561,1374
217,643,860
279,435,714
260,556,816
317,693,1010
662,840,1502
123,554,677
480,429,909
458,414,872
842,839,1681
421,452,873
514,2141,2655
258,507,765
460,454,914
304,684,988
267,522,789
107,542,649
751,1033,1784
390,717,1107
293,636,929
701,2015,2716
333,569,902
540,383,923
179,854,1033
217,2073,2290
153,645,798
425,956,1381
1937,437,2374
469,491,960
218,518,736
391,641,1032
235,476,711
281,832,1113
489,762,1251
312,689,1001
561,829,1390
692,993,1685
340,563,903
365,717,1082
557,791,1348
255,690,945
330,564,894
492,646,1138
500,624,1124
818,763,1581
438,747,1185
545,860,1405
1739,442,2181
724,607,1331
722,2391,3113
189,746,935
680,736,1416
2297,684,2981
565,672,1237
392,779,1171
464,604,1068
1923,763,2686
295,643,938
815,732,1547
541,798,1339
750,481,1231
2353,697,3050
660,844,1504
208,629,837
384,586,970
281,900,1181
484,780,1264
561,614,1175
909,643,1552
824,346,1170
2243,805,3048
521,602,1123
422,559,981
565,529,1094
403,930,1333
534,571,1105
510,496,1006
780,681,1461
587,448,1035
688,323,1011
578,585,1163
347,952,1299
664,481,1145
620,549,1169
777,507,1284
587,710,1297
583,706,1289
647,611,1258
829,638,1467
456,640,1096
716,318,1034
497,2070,2567
565,755,1320
405,607,1012
214,251,465
702,685,1387
750,486,1236
828,585,1413
575,747,1322
914,392,1306
856,713,1569
567,539,1106
816,821,1637
806,558,1364
267,240,507
533,713,1246
531,719,1250
236,2199,2435
451,637,1088
171,482,653
213,454,667
443,911,1354
226,491,717
1974,154,2128
452,635,1087
519,788,1307
422,687,1109
459,834,1293
188,860,1048
681,611,1292
232,312,544
353,932,1285
831,1870,2701
100,154,254
772,349,1121
2006,1045,3051
674,469,1143
143,455,598
691,1020,1711
541,742,1283
667,459,1126
588,745,1333
616,925,1541
764,401,1165
377,847,1224
2122,987,3109
877,731,1608
93,606,699
554,1151,1705
1809,974,2783
368,472,840
654,919,1573
869,167,1036
153,309,462
909,211,1120
533,619,1152
700,1043,1743
541,468,1009
152,777,929
531,421,952
679,1192,1871
896,457,1353
655,935,1590
214,858,1072
1233,851,2084
1074,193,1267
195,659,854
606,684,1290
243,1004,1247
590,618,1208
675,794,1469
873,363,1236
509,996,1505
829,707,1536
948,437,1385
563,824,1387
931,706,1637
638,817,1455
330,671,1001
402,616,1018
598,1140,1738
841,278,1119
398,760,1158
468,821,1289
981,739,1720
297,1168,1465
765,964,1729
59,295,354
640,516,1156
418,736,1154
835,904,1739
484,285,769
511,506,1017
491,720,1211
421,837,1258
228,810,1038
815,1207,2022
76,827,903
287,640,927
834,792,1626
505,476,981
516,585,1101
518,510,1028
215,631,846
453,614,1067
663,951,1614
779,1157,1936
143,999,1142
599,687,1286
761,692,1453
776,1649,2425
379,617,996
105,631,736
837,641,1478
646,668,1314
312,1139,1451
435,494,929
731,424,1155
604,649,1253
608,783,1391
779,1176,1955
421,634,1055
271,1100,1371
819,1030,1849
508,1047,1555
748,947,1695
552,429,981
393,877,1270
416,667,1083
464,1108,1572
603,650,1253
650,420,1070
650,1107,1757
922,673,1595
453,616,1069
465,631,1096
469,625,1094
848,771,1619
629,1256,1885
545,565,1110
632,983,1615
975,651,1626
484,510,994
642,1057,1699
613,556,1169
735,542,1277
549,1095,1644
563,591,1154
967,528,1495
997,694,1691
865,440,1305
379,581,960
715,495,1210
630,1273,1903
588,640,1228
499,516,1015
468,1105,1573
752,656,1408
891,1428,2319
971,670,1641
183,633,816
219,609,828
673,212,885
549,1151,1700
295,613,908
25,839,864
1124,610,1734
209,736,945
1347,1312,2659
970,758,1728
558,590,1148
158,761,919
544,967,1511
240,1216,1456
1015,1103,2118
809,1504,2313
238,767,1005
560,993,1553
1041,1774,2815
182,872,1054
377,1186,1563
520,534,1054
1162,1181,2343
199,947,1146
793,894,1687
794,1691,2485
331,879,1210
111,687,798
744,910,1654
1029,845,1874
361,773,1134
229,395,624
369,889,1258
440,895,1335
998,916,1914
187,1110,1297
588,1256,1844
924,446,1370
1121,705,1826
395,1021,1416
878,426,1304
211,396,607
856,479,1335
361,517,878
1508,492,2000
311,1201,1512
339,1319,1658
1001,625,1626
554,518,1072
621,1620,2241
429,691,1120
841,477,1318
541,646,1187
553,653,1206
342,1642,1984
564,1197,1761
391,1488,1879
269,685,954
819,565,1384
1629,686,2315
651,475,1126
106,433,539
635,549,1184
189,640,829
643,1371,2014
165,639,804
546,661,1207
131,576,707
862,737,1599
454,686,1140
137,886,1023
1219,1172,2391
231,635,866
589,262,851
1148,653,1801
719,721,1440
297,570,867
279,700,979
139,904,1043
135,403,538
828,951,1779
1072,925,1997
341,783,1124
731,960,1691
1285,694,1979
294,767,1061
614,476,1090
587,539,1126
247,1257,1504
132,401,533
988,855,1843
155,760,915
131,775,906
1341,891,2232
575,889,1464
633,984,1617
591,579,1170
814,716,1530
458,1080,1538
652,426,1078
157,762,919
197,654,851
264,770,1034
330,863,1193
1223,837,2060
153,669,822
213,876,1089
751,428,1179
995,772,1767
632,1248,1880
461,613,1074
755,428,1183
960,716,1676
503,499,1002
570,638,1208
425,684,1109
81,775,856
670,424,1094
591,794,1385
417,572,989
884,426,1310
529,676,1205
451,557,1008
1078,377,1455
1003,355,1358
969,281,1250
568,975,1543
468,755,1223
898,587,1485
689,334,1023
834,675,1509
973,342,1315
594,528,1122
763,343,1106
628,876,1504
157,1222,1379
761,270,1031
388,645,1033
889,580,1469
1056,411,1467
469,409,878
219,358,577
684,500,1184
480,460,940
679,635,1314
659,1018,1677
296,418,714
170,359,529
399,591,990
99,447,546
521,507,1028
536,922,1458
220,436,656
211,397,608
350,463,813
242,395,637
262,433,695
658,892,1550
178,369,547
463,430,893
459,445,904
854,540,1394
223,506,729
355,399,754
160,417,577
327,594,921
433,527,960
767,428,1195
249,474,723
430,375,805
333,440,773
303,518,821
808,546,1354
358,675,1033
400,474,874
413,505,918
441,451,892
296,703,999
94,566,660
850,1775,2625
1113,1482,2595
194,446,640
2135,216,2351
441,301,742
488,570,1058
342,799,1141
1418,1816,3234
253,712,965
802,1706,2508
216,697,913
1905,345,2250
547,401,948
191,939,1130
220,934,1154
2447,376,2823
2334,337,2671
449,922,1371
2488,574,3062
349,864,1213
1742,521,2263
641,578,1219
820,412,1232
94,1518,1612
516,896,1412
1071,413,1484
1899,600,2499
1646,507,2153
920,557,1477
258,719,977
828,544,1372
185,636,821
787,732,1519
217,1390,1607
1120,544,1664
762,867,1629
327,1485,1812
182,779,961
823,441,1264
115,846,961
323,841,1164
456,439,895
333,968,1301
2272,822,3094
1040,698,1738
447,1444,1891
507,758,1265
2048,892,2940
381,632,1013
1294,532,1826
1512,1277,2789
540,519,1059
400,717,1117
656,609,1265
808,611,1419
936,642,1578
455,462,917
1333,1387,2720
375,749,1124
624,665,1289
292,575,867
819,444,1263
324,707,1031
717,1221,1938
696,726,1422
1308,424,1732
385,1187,1572
582,988,1570
396,786,1182
560,685,1245
377,1100,1477
362,1009,1371
206,1669,1875
474,652,1126
275,676,951
669,614,1283
496,1014,1510
723,1077,1800
495,857,1352
742,1187,1929
541,1021,1562
722,1478,2200
532,474,1006
365,650,1015
1336,1071,2407
627,731,1358
672,583,1255
492,651,1143
96,886,982
667,944,1611
1076,608,1684
557,822,1379
346,605,951
1297,813,2110
1184,919,2103
407,601,1008
728,942,1670
289,725,1014
966,1207,2173
910,747,1657
617,532,1149
578,550,1128
1463,489,1952
952,709,1661
455,537,992
748,1177,1925
685,507,1192
775,571,1346
659,473,1132
631,657,1288
896,480,1376
892,421,1313
889,716,1605
1141,258,1399
448,525,973
886,911,1797
757,522,1279
684,408,1092
1103,701,1804
479,582,1061
771,470,1241
1414,798,2212
941,623,1564
615,230,845
511,588,1099
664,825,1489
417,455,872
831,285,1116
871,1247,2118
418,755,1173
450,1982,2432
148,266,414
687,392,1079
592,545,1137
413,803,1216
607,702,1309
428,714,1142
793,813,1606
567,1306,1873
588,639,1227
375,2137,2512
173,260,433
75,509,584
634,825,1459
481,794,1275
187,373,560
1098,1066,2164
582,1196,1778
335,361,696
851,411,1262
124,605,729
366,579,945
554,814,1368
208,825,1033
597,609,1206
436,1909,2345
1163,834,1997
573,842,1415
250,857,1107
880,1036,1916
414,708,1122
665,259,924
156,1041,1197
252,739,991
1807,958,2765
111,357,468
298,1004,1302
360,759,1119
1439,686,2125
523,691,1214
1252,734,1986
355,931,1286
105,769,874
358,851,1209
120,370,490
580,801,1381
644,477,1121
2031,886,2917
670,652,1322
706,779,1485
496,912,1408
1818,920,2738
634,723,1357
995,570,1565
693,752,1445
593,866,1459
732,533,1265
186,746,932
59,1004,1063
290,506,796
168,437,605
880,604,1484
144,818,962
380,793,1173
908,694,1602
543,530,1073
584,754,1338
609,530,1139
304,728,1032
65,1011,1076
427,1051,1478
678,682,1360
359,722,1081
676,772,1448
63,1312,1375
831,562,1393
138,509,647
398,843,1241
395,869,1264
739,823,1562
594,904,1498
394,314,708
732,695,1427
152,640,792
570,915,1485
918,506,1424
506,840,1346
573,945,1518
207,619,826
674,934,1608
464,293,757
162,764,926
385,598,983
271,614,885
982,608,1590
735,298,1033
859,696,1555
655,355,1010
561,465,1026
1264,385,1649
346,693,1039
823,247,1070
437,451,888
940,714,1654
674,490,1164
722,311,1033
682,680,1362
810,234,1044
431,382,813
828,248,1076
309,1185,1494
512,1456,1968
863,490,1353
852,928,1780
145,373,518
1118,720,1838
661,920,1581
103,361,464
1035,769,1804
823,1149,1972
109,349,458
330,530,860
857,898,1755
169,326,495
75,539,614
294,692,986
312,195,507
82,532,614
113,698,811
359,266,625
499,375,874
1117,973,2090
831,1115,1946
399,329,728
853,1390,2243
796,986,1782
638,179,817
402,500,902
307,323,630
117,1343,1460
841,1059,1900
771,2379,3150
740,1471,2211
51,444,495
516,440,956
62,1518,1580
790,795,1585
124,1148,1272
79,477,556
142,2603,2745
40,176,216
447,507,954
550,598,1148
73,454,527
949,437,1386
174,792,966
151,1203,1354
140,439,579
1011,540,1551
324,916,1240
1015,567,1582
202,691,893
476,2405,2881
322,514,836
1312,266,1578
120,729,849
1673,1501,3174
1033,582,1615
261,768,1029
2528,631,3159
313,544,857
128,468,596
138,312,450
1412,596,2008
506,494,1000
1096,542,1638
607,558,1165
334,754,1088
532,786,1318
371,612,983
90,613,703
745,327,1072
417,591,1008
103,736,839
130,444,574
797,556,1353
236,520,756
439,447,886
239,620,859
168,505,673
113,744,857
1317,227,1544
162,687,849
573,816,1389
286,709,995
462,616,1078
110,2383,2493
359,572,931
320,673,993
632,509,1141
213,813,1026
576,2194,2770
545,614,1159
480,527,1007
384,783,1167
546,629,1175
258,692,950
209,863,1072
662,508,1170
61,2528,2589
437,560,997
808,1913,2721
329,1067,1396
143,852,995
313,720,1033
430,801,1231
735,1967,2702
572,364,936
62,2726,2788
550,367,917
189,934,1123
2176,460,2636
318,815,1133
417,667,1084
371,817,1188
406,587,993
394,386,780
304,2578,2882
658,302,960
80,947,1027
614,646,1260
1375,381,1756
469,852,1321
594,559,1153
524,887,1411
720,699,1419
2501,624,3125
115,1119,1234
735,642,1377
756,706,1462
2654,627,3281
159,1219,1378
978,564,1542
615,564,1179
689,800,1489
679,580,1259
828,656,1484
778,563,1341
2590,336,2926
823,446,1269
751,647,1398
882,404,1286
265,1089,1354
846,595,1441
308,423,731
443,255,698
310,451,761
383,404,787
563,747,1310
336,415,751
267,532,799
507,254,761
344,452,796
422,396,818
447,328,775
313,530,843
542,237,779
113,259,372
145,200,345
377,455,832
964,729,1693
130,248,378
266,143,409
395,512,907
1712,998,2710
221,253,474
476,281,757
426,196,622
589,179,768
1052,258,1310
611,264,875
1114,243,1357
858,1140,1998
769,193,962
489,903,1392
419,380,799
1101,1004,2105
733,177,910
1195,362,1557
358,296,654
1291,324,1615
1117,550,1667
319,978,1297
434,178,612
773,465,1238
1241,696,1937
533,543,1076
507,386,893
773,587,1360
454,740,1194
1506,355,1861
1236,798,2034
282,388,670
912,578,1490
1377,630,2007
546,708,1254
151,523,674
359,643,1002
1291,483,1774
1957,674,2631
622,517,1139
498,841,1339
416,801,1217
145,484,629
563,778,1341
379,697,1076
248,615,863
1928,1165,3093
475,695,1170
1371,838,2209
415,478,893
657,664,1321
518,978,1496
212,562,774
349,313,662
876,1205,2081
488,543,1031
325,582,907
744,211,955
664,694,1358
732,286,1018
304,633,937
982,1094,2076
34,480,514
635,983,1618
713,449,1162
551,807,1358
196,734,930
216,619,835
488,904,1392
437,308,745
194,1200,1394
657,1040,1697
315,1290,1605
154,619,773
604,1131,1735
315,386,701
381,1280,1661
789,660,1449
548,889,1437
473,469,942
460,1086,1546
465,846,1311
772,548,1320
1053,723,1776
541,617,1158
637,722,1359
970,366,1336
889,906,1795
775,678,1453
63,694,757
839,491,1330
284,1367,1651
560,959,1519
1070,422,1492
306,569,875
984,410,1394
555,939,1494
206,849,1055
105,822,927
613,296,909
632,1325,1957
919,1235,2154
626,435,1061
386,1086,1472
395,350,745
232,855,1087
469,1105,1574
303,729,1032
611,378,989
875,852,1727
429,1322,1751
252,1046,1298
585,599,1184
1116,742,1858
572,619,1191
106,797,903
578,399,977
229,928,1157
439,464,903
113,1454,1567
801,1056,1857
482,885,1367
799,473,1272
987,582,1569
873,614,1487
344,758,1102
276,1284,1560
188,758,946
508,1094,1602
252,457,709
1081,631,1712
984,643,1627
783,571,1354
817,619,1436
756,755,1511
722,447,1169
684,558,1242
580,506,1086
83,495,578
301,1064,1365
1103,755,1858
986,687,1673
202,466,668
793,539,1332
614,866,1480
931,970,1901
807,913,1720
129,673,802
414,738,1152
122,569,691
875,906,1781
379,346,725
225,907,1132
224,742,966
245,907,1152
148,798,946
961,773,1734
553,609,1162
341,888,1229
385,785,1170
502,696,1198
438,601,1039
357,787,1144
720,610,1330
443,565,1008
766,471,1237
625,598,1223
687,532,1219
557,790,1347
591,652,1243
210,541,751
88,668,756
423,338,761
746,688,1434
191,1219,1410
1421,915,2336
451,386,837
581,192,773
729,598,1327
215,629,844
431,398,829
808,1816,2624
1112,1249,2361
659,343,1002
457,441,898
649,216,865
321,453,774
580,337,917
1272,1452,2724
410,1152,1562
687,1082,1769
603,317,920
519,1324,1843
654,359,1013
238,903,1141
546,1227,1773
584,1225,1809
726,596,1322
966,384,1350
1259,854,2113
806,450,1256
788,685,1473
751,856,1607
1055,427,1482
742,443,1185
867,770,1637
873,774,1647
184,343,527
712,713,1425
121,461,582
688,784,1472
778,944,1722
161,497,658
111,543,654
857,907,1764
1146,705,1851
111,469,580
105,654,759
901,706,1607
121,587,708
281,578,859
1020,772,1792
127,621,748
387,516,903
162,1082,1244
560,320,880
408,515,923
232,822,1054
827,326,1153
441,821,1262
139,822,961
548,674,1222
306,867,1173
347,945,1292
395,802,1197
184,1226,1410
422,1118,1540
856,803,1659
945,964,1909
443,975,1418
53,368,421
553,983,1536
492,775,1267
318,449,767
418,1947,2365
486,1783,2269
650,1831,2481
144,1685,1829
539,1435,1974
145,1895,2040
593,1216,1809
918,1818,2736
330,2138,2468
324,1631,1955
513,2209,2722
711,1977,2688
1997,495,2492
613,2522,3135
170,1769,1939
717,1638,2355
378,1726,2104
395,1854,2249
524,2282,2806
724,1502,2226
65,2272,2337
759,1705,2464
83,2698,2781
26,2479,2505
647,1632,2279
354,1940,2294
405,1978,2383
1627,781,2408
662,2439,3101
550,1938,2488
270,2188,2458
1056,2133,3189
1307,552,1859
869,1646,2515
1451,2099,3550
1108,745,1853
792,1661,2453
1667,985,2652
2646,994,3640
1646,295,1941
1409,714,2123
1005,816,1821
197,297,494
535,1909,2444
1710,1071,2781
884,1369,2253
1600,1469,3069
1705,1090,2795
1818,626,2444
1686,930,2616
1350,772,2122
805,1274,2079
229,313,542
2161,986,3147
260,1237,1497
1077,1011,2088
2071,817,2888
2277,1041,3318
1767,511,2278
1616,735,2351
2323,1177,3500
1531,799,2330
262,507,769
2075,765,2840
590,1222,1812
1442,882,2324
1537,877,2414
2629,928,3557
352,672,1024
540,482,1022
1669,1111,2780
82,1143,1225
146,937,1083
207,939,1146
718,1212,1930
417,771,1188
188,1043,1231
241,855,1096
543,721,1264
464,992,1456
304,1086,1390
574,803,1377
557,832,1389
1091,1029,2120
551,833,1384
459,792,1251
769,973,1742
495,866,1361
225,939,1164
414,788,1202
695,1148,1843
147,645,792
486,719,1205
766,1039,1805
717,758,1475
561,744,1305
507,722,1229
881,669,1550
828,910,1738
727,1012,1739
280,608,888
942,943,1885
785,1158,1943
919,1117,2036
172,1494,1666
1007,1035,2042
679,754,1433
590,867,1457
691,821,1512
805,653,1458
728,972,1700
983,963,1946
620,1021,1641
410,756,1166
428,1507,1935
731,884,1615
879,324,1203
361,847,1208
344,917,1261
329,1457,1786
350,916,1266
1021,221,1242
1055,204,1259
939,359,1298
715,1137,1852
1123,395,1518
1054,231,1285
1248,593,1841
978,301,1279
730,1177,1907
975,416,1391
1232,839,2071
1030,320,1350
860,1004,1864
776,525,1301
948,974,1922
673,1285,1958
511,997,1508
625,346,971
158,326,484
1260,501,1761
717,775,1492
877,1139,2016
1045,527,1572
749,849,1598
181,377,558
1414,604,2018
1013,612,1625
385,314,699
170,379,549
731,824,1555
929,1127,2056
205,585,790
198,226,424
927,853,1780
1074,498,1572
399,391,790
919,741,1660
1088,739,1827
133,531,664
203,617,820
164,769,933
229,722,951
1631,289,1920
192,739,931
186,619,805
194,867,1061
306,664,970
142,763,905
675,369,1044
676,335,1011
163,908,1071
283,368,651
299,681,980
401,813,1214
736,612,1348
831,286,1117
583,259,842
333,565,898
599,610,1209
393,636,1029
1077,273,1350
1143,274,1417
478,778,1256
65,733,798
371,1019,1390
895,419,1314
1173,403,1576
232,1102,1334
231,645,876
573,1116,1689
699,1025,1724
863,741,1604
735,663,1398
1013,209,1222
271,948,1219
1047,915,1962
1112,503,1615
1278,855,2133
459,1574,2033
995,1237,2232
1331,347,1678
465,1655,2120
563,710,1273
122,412,534
579,554,1133
186,1289,1475
1507,945,2452
1615,741,2356
972,860,1832
168,1279,1447
1599,873,2472
197,868,1065
621,1252,1873
633,1741,2374
224,1004,1228
1167,926,2093
1660,792,2452
413,791,1204
186,951,1137
469,1144,1613
1423,779,2202
419,919,1338
899,1269,2168
672,856,1528
627,932,1559
110,361,471
1618,1287,2905
495,813,1308
549,1551,2100
783,784,1567
880,1473,2353
756,833,1589
398,921,1319
1026,567,1593
237,940,1177
812,804,1616
421,1435,1856
969,785,1754
1671,880,2551
1452,1394,2846
511,712,1223
999,972,1971
774,819,1593
498,1356,1854
288,1275,1563
1139,2052,3191
264,730,994
570,836,1406
585,697,1282
449,541,990
675,1030,1705
778,984,1762
938,817,1755
722,1167,1889
1063,913,1976
754,785,1539
792,1094,1886
412,822,1234
1198,1844,3042
373,805,1178
646,1039,1685
463,829,1292
874,294,1168
948,853,1801
353,1031,1384
248,1183,1431
844,478,1322
459,1790,2249
471,922,1393
302,1128,1430
786,687,1473
1858,523,2381
1213,1103,2316
531,986,1517
446,1066,1512
590,420,1010
605,450,1055
712,848,1560
1092,489,1581
521,419,940
1940,496,2436
933,771,1704
665,594,1259
965,787,1752
650,588,1238
653,641,1294
990,708,1698
702,618,1320
327,808,1135
1432,532,1964
416,912,1328
627,603,1230
683,758,1441
867,596,1463
280,600,880
752,660,1412
818,535,1353
560,517,1077
790,526,1316
259,646,905
416,524,940
855,658,1513
225,696,921
327,650,977
675,303,978
806,589,1395
846,294,1140
231,827,1058
908,684,1592
365,546,911
340,512,852
445,531,976
476,939,1415
330,287,617
438,209,647
398,3490,3888
437,473,910
636,713,1349
407,1019,1426
220,802,1022
482,569,1051
475,544,1019
486,490,976
563,456,1019
580,630,1210
312,543,855
701,816,1517
237,957,1194
683,485,1168
963,364,1327
698,710,1408
426,592,1018
680,667,1347
798,627,1425
508,533,1041
1484,2580,4064
741,529,1270
441,978,1419
436,380,816
550,688,1238
1135,2931,4066
66,745,811
781,1257,2038
259,632,891
391,458,849
941,303,1244
976,627,1603
688,368,1056
618,1026,1644
905,646,1551
1677,2433,4110
268,723,991
315,361,676
378,678,1056
2210,930,3140
644,627,1271
875,802,1677
420,1349,1769
654,1238,1892
623,582,1205
529,423,952
555,1713,2268
455,254,709
444,707,1151
2701,495,3196
111,1320,1431
699,717,1416
458,803,1261
59,1021,1080
527,1426,1953
236,861,1097
250,1143,1393
77,825,902
485,933,1418
522,873,1395
94,820,914
471,1006,1477
211,1261,1472
2354,1115,3469
550,932,1482
825,1090,1915
151,883,1034
351,1768,2119
346,816,1162
156,844,1000
647,865,1512
397,1177,1574
685,984,1669
1365,1255,2620
411,1260,1671
281,858,1139
502,1753,2255
1008,180,1188
1012,1442,2454
692,1119,1811
916,369,1285
283,1068,1351
626,256,882
741,416,1157
840,887,1727
1330,1051,2381
1006,980,1986
581,365,946
1403,1086,2489
977,427,1404
975,514,1489
577,852,1429
1105,893,1998
1142,1383,2525
629,670,1299
408,559,967
1132,354,1486
1655,384,2039
841,341,1182
726,365,1091
580,989,1569
872,1259,2131
474,605,1079
917,386,1303
778,487,1265
1276,495,1771
1138,736,1874
321,750,1071
858,273,1131
828,298,1126
883,517,1400
941,451,1392
899,270,1169
154,192,346
64,324,388
978,236,1214
229,176,405
202,210,412
271,240,511
1145,429,1574
1173,400,1573
903,493,1396
1212,359,1571
312,263,575
367,218,585
249,510,759
300,432,732
329,457,786
399,285,684
251,443,694
633,525,1158
436,257,693
666,546,1212
1011,937,1948
2029,149,2178
124,307,431
208,245,453
324,468,792
783,561,1344
115,632,747
54,646,700
1056,307,1363
90,324,414
1086,398,1484
356,467,823
155,449,604
162,430,592
176,739,915
206,593,799
837,570,1407
159,674,833
424,315,739
216,458,674
400,251,651
236,895,1131
271,917,1188
878,859,1737
225,936,1161
486,380,866
326,473,799
411,335,746
643,577,1220
109,858,967
601,473,1074
793,471,1264
538,429,967
441,384,825
345,556,901
438,367,805
615,526,1141
218,448,666
738,411,1149
245,428,673
383,1643,2026
591,513,1104
735,482,1217
314,864,1178
482,593,1075
486,414,900
831,352,1183
280,366,646
361,754,1115
498,237,735
810,469,1279
416,499,915
214,411,625
364,1889,2253
754,667,1421
319,428,747
416,531,947
454,1944,2398
44,1691,1735
356,521,877
369,692,1061
546,386,932
297,784,1081
234,1882,2116
833,751,1584
470,501,971
703,303,1006
540,1698,2238
439,1725,2164
690,349,1039
700,506,1206
1460,1043,2503
533,595,1128
727,1533,2260
112,906,1018
687,634,1321
101,578,679
1865,767,2632
1497,1065,2562
103,504,607
218,397,615
1781,563,2344
250,869,1119
120,924,1044
555,1542,2097
910,373,1283
428,800,1228
300,864,1164
243,856,1099
564,612,1176
1718,701,2419
407,625,1032
235,868,1103
651,610,1261
356,927,1283
501,840,1341
1607,996,2603
833,446,1279
656,580,1236
1548,662,2210
431,726,1157
592,782,1374
830,573,1403
933,383,1316
754,618,1372
181,1479,1660
422,545,967
324,657,981
411,608,1019
746,650,1396
563,442,1005
569,372,941
512,522,1034
498,1229,1727
643,394,1037
554,497,1051
397,721,1118
679,375,1054
481,586,1067
599,1215,1814
313,451,764
254,615,869
410,406,816
558,582,1140
520,225,745
463,396,859
698,274,972
1786,991,2777
430,481,911
575,277,852
320,778,1098
156,487,643
747,262,1009
109,449,558
774,1038,1812
292,351,643
1526,1446,2972
571,836,1407
345,307,652
294,1771,2065
517,474,991
552,1000,1552
643,848,1491
298,1936,2234
585,504,1089
320,1779,2099
783,912,1695
407,488,895
1245,504,1749
566,1770,2336
734,269,1003
681,426,1107
385,566,951
1507,478,1985
299,379,678
518,559,1077
539,774,1313
1215,426,1641
357,362,719
598,521,1119
205,251,456
319,484,803
219,235,454
803,678,1481
1616,673,2289
786,368,1154
612,1000,1612
393,493,886
2103,362,2465
388,652,1040
562,776,1338
692,948,1640
442,543,985
1587,934,2521
412,658,1070
769,807,1576
504,544,1048
2046,500,2546
1536,505,2041
621,771,1392
845,447,1292
829,962,1791
438,664,1102
1024,448,1472
1382,748,2130
498,741,1239
544,549,1093
782,616,1398
737,464,1201
648,888,1536
269,312,581
1582,510,2092
989,752,1741
448,394,842
351,525,876
787,623,1410
349,504,853
709,1111,1820
364,549,913
800,621,1421
787,657,1444
411,469,880
242,543,785
229,552,781
312,586,898
829,861,1690
682,974,1656
533,451,984
102,555,657
567,415,982
566,365,931
284,567,851
650,201,851
483,478,961
141,647,788
272,897,1169
242,617,859
160,534,694
636,587,1223
307,626,933
667,463,1130
327,487,814
299,524,823
186,1000,1186
530,665,1195
197,1571,1768
523,381,904
145,662,807
778,1036,1814
426,635,1061
105,637,742
557,905,1462
468,603,1071
780,563,1343
504,597,1101
864,921,1785
608,724,1332
463,553,1016
611,1190,1801
1214,357,1571
192,746,938
403,582,985
513,1113,1626
122,873,995
276,764,1040
1254,417,1671
110,645,755
71,933,1004
313,863,1176
662,403,1065
312,740,1052
318,831,1149
1970,225,2195
123,994,1117
415,674,1089
812,896,1708
229,1018,1247
756,514,1270
566,529,1095
575,623,1198
196,992,1188
364,838,1202
537,519,1056
444,780,1224
411,947,1358
820,506,1326
647,470,1117
447,717,1164
70,1362,1432
249,1080,1329
651,586,1237
818,434,1252
859,620,1479
619,439,1058
791,504,1295
212,1160,1372
221,301,522
907,492,1399
741,541,1282
689,717,1406
234,414,648
393,444,837
470,1227,1697
283,360,643
667,562,1229
843,374,1217
895,466,1361
641,779,1420
291,393,684
964,704,1668
761,978,1739
462,452,914
746,699,1445
436,457,893
1252,683,1935
591,245,836
677,1159,1836
249,983,1232
586,406,992
304,1413,1717
892,534,1426
438,492,930
877,525,1402
359,438,797
1033,528,1561
1033,563,1596
583,1084,1667
67,257,324
1528,725,2253
1026,146,1172
928,623,1551
418,498,916
428,576,1004
1060,1114,2174
1010,739,1749
1069,690,1759
97,942,1039
463,631,1094
490,676,1166
361,827,1188
993,1285,2278
411,1108,1519
451,871,1322
416,1312,1728
396,1362,1758
1296,1203,2499
856,345,1201
550,1165,1715
450,1275,1725
454,1362,1816
429,1116,1545
466,1124,1590
136,1767,1903
446,1364,1810
530,1456,1986
787,844,1631
567,865,1432
777,1010,1787
1188,557,1745
1182,2028,3210
983,618,1601
710,950,1660
1316,363,1679
1343,1408,2751
312,1476,1788
574,1690,2264
319,1660,1979
1369,350,1719
775,1556,2331
476,1257,1733
888,1400,2288
939,1260,2199
1092,979,2071
670,313,983
1043,762,1805
848,963,1811
1376,891,2267
1281,995,2276
1321,640,1961
1653,217,1870
1794,356,2150
1678,250,1928
794,419,1213
986,192,1178
973,233,1206
552,808,1360
690,588,1278
800,500,1300
668,1944,2612
1123,242,1365
949,281,1230
617,553,1170
168,277,445
700,2348,3048
737,745,1482
188,221,409
743,533,1276
205,226,431
837,1761,2598
192,871,1063
200,284,484
181,482,663
210,279,489
681,1264,1945
896,267,1163
230,301,531
1103,927,2030
415,252,667
286,231,517
1250,313,1563
450,1542,1992
397,251,648
999,875,1874
455,236,691
1303,810,2113
727,450,1177
64,1394,1458
585,174,759
642,169,811
632,574,1206
1347,1034,2381
1349,351,1700
353,317,670
812,1214,2026
159,1242,1401
403,267,670
107,1325,1432
170,1703,1873
414,299,713
155,1278,1433
425,324,749
873,672,1545
389,314,703
416,1148,1564
397,584,981
928,1580,2508
415,486,901
435,374,809
624,991,1615
372,352,724
482,227,709
914,534,1448
427,1297,1724
424,602,1026
176,1668,1844
462,443,905
1409,297,1706
277,562,839
777,1056,1833
514,169,683
1520,195,1715
393,703,1096
1014,236,1250
244,614,858
511,377,888
794,452,1246
1638,253,1891
711,259,970
228,1285,1513
545,328,873
727,344,1071
288,585,873
518,192,710
668,392,1060
1120,1306,2426
225,1918,2143
510,697,1207
655,366,1021
775,397,1172
946,173,1119
405,719,1124
943,218,1161
683,242,925
658,661,1319
1924,527,2451
822,1629,2451
988,587,1575
623,361,984
726,298,1024
762,393,1155
635,733,1368
679,472,1151
179,420,599
648,638,1286
1932,799,2731
804,1402,2206
1047,905,1952
258,559,817
261,609,870
684,817,1501
1337,1149,2486
227,630,857
211,739,950
186,932,1118
1026,986,2012
295,630,925
286,740,1026
316,588,904
1906,630,2536
304,748,1052
1333,658,1991
605,692,1297
397,719,1116
325,912,1237
310,853,1163
244,897,1141
361,1326,1687
347,1410,1757
765,858,1623
647,1223,1870
360,2082,2442
541,1423,1964
291,2269,2560
753,1206,1959
433,1829,2262
463,1420,1883
519,1503,2022
476,1545,2021
1032,1420,2452
312,2262,2574
788,1251,2039
884,1342,2226
519,2150,2669
812,1488,2300
649,1953,2602
1417,749,2166
389,991,1380
651,1988,2639
710,1877,2587
709,1892,2601
842,1435,2277
679,1230,1909
708,726,1434
1452,796,2248
750,704,1454
1294,1139,2433
358,2022,2380
1714,735,2449
475,2215,2690
803,579,1382
350,724,1074
1478,969,2447
337,634,971
2059,479,2538
684,1915,2599
455,852,1307
1049,829,1878
829,587,1416
1155,1873,3028
1220,1761,2981
2073,874,2947
717,2545,3262
449,611,1060
1851,807,2658
617,594,1211
879,812,1691
909,938,1847
1799,1111,2910
1965,1399,3364
1780,1639,3419
1220,922,2142
838,2347,3185
2152,1302,3454
1347,893,2240
1896,808,2704
396,684,1080
1619,901,2520
606,4113,4719
562,1418,1980
1575,837,2412
311,705,1016
1896,924,2820
454,1118,1572
578,799,1377
671,715,1386
492,4089,4581
661,1054,1715
931,893,1824
727,1055,1782
1331,863,2194
767,1232,1999
821,685,1506
420,1160,1580
598,4150,4748
144,1715,1859
881,918,1799
412,1522,1934
422,1221,1643
787,1321,2108
937,1218,2155
907,3966,4873
1012,685,1697
880,1270,2150
1067,699,1766
1083,581,1664
667,1212,1879
396,741,1137
737,420,1157
624,549,1173
1441,527,1968
568,350,918
790,442,1232
402,292,694
616,673,1289
2113,1444,3557
225,622,847
424,523,947
475,351,826
2069,224,2293
657,319,976
265,719,984
1378,331,1709
545,295,840
378,435,813
1428,527,1955
563,594,1157
695,590,1285
202,550,752
439,611,1050
138,559,697
574,736,1310
327,516,843
178,610,788
202,512,714
630,699,1329
56,536,592
573,1747,2320
486,319,805
345,269,614
465,299,764
656,361,1017
765,1681,2446
423,572,995
554,418,972
192,368,560
616,443,1059
276,490,766
304,1967,2271
37,428,465
65,468,533
535,459,994
514,1770,2284
69,415,484
387,578,965
45,560,605
97,523,620
385,258,643
993,2234,3227
3105,165,3270
1416,2687,4103
2463,163,2626
3133,286,3419
507,474,981
106,1039,1145
325,770,1095
1627,1170,2797
879,490,1369
3973,3176,7149
2406,563,2969
490,1317,1807
786,422,1208
1819,3242,5061
898,456,1354
3229,435,3664
1020,396,1416
6483,829,7312
1079,475,1554
2896,590,3486
792,343,1135
5551,1024,6575
143,547,690
825,841,1666
2186,504,2690
3929,834,4763
836,477,1313
2769,671,3440
734,531,1265
3090,735,3825
121,549,670
940,1084,2024
3433,1097,4530
1806,684,2490
1134,240,1374
337,942,1279
80,685,765
1053,465,1518
352,414,766
265,539,804
1182,602,1784
3048,1545,4593
275,595,870
581,933,1514
524,1437,1961
681,5372,6053
999,950,1949
1226,1401,2627
1013,916,1929
267,855,1122
1347,621,1968
302,503,805
475,1737,2212
950,384,1334
516,852,1368
670,1523,2193
314,813,1127
210,1036,1246
1266,952,2218
214,766,980
5855,584,6439
656,740,1396
924,1407,2331
404,450,854
817,1056,1873
406,1399,1805
208,1148,1356
432,1257,1689
670,386,1056
230,1252,1482
5201,898,6099
275,1291,1566
715,1499,2214
1329,292,1621
558,1285,1843
327,2030,2357
664,921,1585
560,760,1320
547,885,1432
566,811,1377
1102,606,1708
5295,1471,6766
400,1389,1789
290,1225,1515
1323,1313,2636
981,1434,2415
411,1785,2196
194,1326,1520
729,1522,2251
473,1763,2236
987,897,1884
445,1549,1994
533,1445,1978
1003,1460,2463
1051,1694,2745
1065,917,1982
778,1327,2105
1216,1490,2706
542,1466,2008
1806,208,2014
1004,541,1545
1238,414,1652
1451,246,1697
1266,391,1657
1002,953,1955
1275,455,1730
759,247,1006
1304,302,1606
381,1267,1648
44,254,298
1244,1478,2722
466,308,774
1324,442,1766
715,674,1389
1299,622,1921
57,330,387
70,264,334
351,345,696
845,593,1438
1398,550,1948
113,298,411
106,293,399
112,357,469
1185,218,1403
1374,544,1918
161,285,446
350,2043,2393
407,2780,3187
636,225,861
324,275,599
147,283,430
1252,2359,3611
555,2302,2857
1705,1709,3414
374,275,649
789,1814,2603
1805,1756,3561
1606,1375,2981
664,284,948
791,1843,2634
103,274,377
2582,587,3169
602,409,1011
720,464,1184
566,475,1041
841,1890,2731
75,389,464
86,493,579
993,1148,2141
2169,493,2662
64,492,556
151,349,500
84,516,600
199,377,576
1749,767,2516
82,425,507
2141,706,2847
51,2972,3023
656,2071,2727
30,562,592
570,878,1448
43,968,1011
38,704,742
1766,611,2377
91,594,685
1233,900,2133
1763,785,2548
600,2602,3202
453,915,1368
360,275,635
1015,2605,3620
549,821,1370
423,759,1182
855,532,1387
749,651,1400
184,825,1009
836,3858,4694
336,819,1155
2902,791,3693
661,616,1277
331,1051,1382
873,306,1179
248,778,1026
218,854,1072
778,429,1207
667,346,1013
106,828,934
2486,749,3235
1481,1042,2523
848,585,1433
404,1050,1454
2496,560,3056
762,700,1462
403,354,757
637,426,1063
1064,201,1265
365,1167,1532
548,459,1007
1086,3880,4966
637,536,1173
1996,1020,3016
349,218,567
792,371,1163
775,456,1231
611,969,1580
744,1168,1912
969,1314,2283
1316,3790,5106
433,374,807
726,1065,1791
736,556,1292
414,315,729
854,1040,1894
956,1307,2263
732,187,919
3780,1440,5220
929,647,1576
1325,356,1681
690,796,1486
411,367,778
1134,394,1528
3906,751,4657
999,482,1481
1146,447,1593
572,684,1256
1034,204,1238
1321,568,1889
3697,765,4462
962,488,1450
964,682,1646
918,552,1470
325,277,602
161,678,839
1569,549,2118
256,449,705
309,715,1024
302,389,691
265,542,807
249,619,868
1506,519,2025
380,480,860
79,3352,3431
319,657,976
326,800,1126
478,492,970
55,3470,3525
315,662,977
326,746,1072
24,396,420
1326,605,1931
624,2914,3538
133,736,869
210,988,1198
246,945,1191
281,880,1161
931,697,1628
366,784,1150
909,580,1489
210,1164,1374
218,1185,1403
130,1022,1152
294,1045,1339
439,868,1307
42,630,672
346,972,1318
417,1049,1466
651,149,800
1114,220,1334
1306,244,1550
826,320,1146
624,1018,1642
362,1178,1540
481,1273,1754
492,1235,1727
915,349,1264
887,714,1601
558,1300,1858
865,782,1647
938,3572,4510
814,570,1384
1224,627,1851
995,720,1715
908,557,1465
848,810,1658
952,699,1651
1094,657,1751
807,922,1729
1004,344,1348
4300,408,4708
962,665,1627
1250,329,1579
1025,759,1784
950,853,1803
101,621,722
252,348,600
948,935,1883
1094,759,1853
3791,528,4319
128,719,847
254,589,843
1100,759,1859
986,615,1601
3531,623,4154
308,390,698
89,766,855
144,832,976
1059,864,1923
368,472,840
452,440,892
151,597,748
1234,756,1990
274,505,779
374,554,928
197,673,870
1096,988,2084
59,919,978
480,713,1193
242,986,1228
188,669,857
635,300,935
586,826,1412
448,687,1135
171,464,635
428,1112,1540
584,708,1292
426,551,977
590,411,1001
399,955,1354
967,328,1295
715,698,1413
598,590,1188
666,394,1060
746,612,1358
707,737,1444
911,491,1402
466,988,1454
666,439,1105
619,905,1524
158,433,591
193,660,853
519,717,1236
142,603,745
331,426,757
1021,674,1695
651,1341,1992
691,798,1489
388,1127,1515
506,1035,1541
410,603,1013
188,668,856
865,1172,2037
140,737,877
340,542,882
175,660,835
626,1255,1881
447,584,1031
309,490,799
902,727,1629
454,585,1039
111,574,685
1035,804,1839
301,702,1003
106,892,998
304,799,1103
569,1292,1861
399,570,969
519,689,1208
553,754,1307
622,602,1224
1056,931,1987
145,329,474
502,689,1191
437,770,1207
618,592,1210
405,865,1270
773,624,1397
40,773,813
291,581,872
207,316,523
320,591,911
613,735,1348
246,632,878
89,772,861
273,319,592
479,411,890
501,419,920
173,299,472
555,338,893
624,181,805
296,720,1016
554,731,1285
612,658,1270
520,796,1316
279,724,1003
530,840,1370
443,1028,1471
205,759,964
262,712,974
945,860,1805
820,647,1467
1167,498,1665
245,732,977
1240,421,1661
438,673,1111
538,709,1247
1237,563,1800
366,665,1031
250,824,1074
1234,722,1956
1135,906,2041
1009,624,1633
702,324,1026
1345,379,1724
982,1010,1992
906,683,1589
872,576,1448
161,1003,1164
596,575,1171
715,925,1640
979,925,1904
629,753,1382
760,511,1271
584,644,1228
1004,1141,2145
621,798,1419
1104,829,1933
744,758,1502
623,594,1217
816,1045,1861
1389,767,2156
403,881,1284
794,338,1132
656,737,1393
1018,1055,2073
976,451,1427
729,1168,1897
337,604,941
787,599,1386
678,1305,1983
529,906,1435
533,744,1277
514,313,827
911,819,1730
748,750,1498
455,446,901
748,671,1419
1062,699,1761
871,682,1553
267,969,1236
668,706,1374
472,400,872
799,837,1636
1127,375,1502
528,608,1136
93,1107,1200
136,644,780
996,724,1720
705,914,1619
319,1074,1393
1158,612,1770
258,1106,1364
772,689,1461
341,735,1076
752,583,1335
372,734,1106
451,846,1297
806,887,1693
537,924,1461
777,563,1340
443,1045,1488
500,440,940
814,509,1323
335,980,1315
780,657,1437
498,874,1372
414,537,951
553,1075,1628
314,668,982
616,394,1010
506,1916,2422
670,1335,2005
498,1689,2187
764,248,1012
595,1192,1787
716,1132,1848
751,1355,2106
446,312,758
145,1126,1271
231,1078,1309
1597,568,2165
337,321,658
358,936,1294
646,696,1342
753,1677,2430
554,1346,1900
579,423,1002
139,320,459
972,1325,2297
972,353,1325
122,1352,1474
673,1534,2207
978,1216,2194
1068,486,1554
169,1476,1645
378,1225,1603
90,1689,1779
222,457,679
1615,273,1888
943,398,1341
1003,806,1809
496,898,1394
1398,391,1789
1020,732,1752
993,1709,2702
669,1078,1747
1048,525,1573
245,587,832
1227,737,1964
1347,591,1938
1344,314,1658
298,1525,1823
703,683,1386
212,1464,1676
818,1692,2510
819,493,1312
293,730,1023
427,930,1357
1143,599,1742
27,315,342
1490,707,2197
94,762,856
1301,845,2146
661,1446,2107
1586,719,2305
224,734,958
302,938,1240
992,569,1561
65,400,465
194,970,1164
410,546,956
1394,800,2194
1463,538,2001
498,590,1088
333,718,1051
448,700,1148
450,1119,1569
250,474,724
126,481,607
188,958,1146
1403,616,2019
675,726,1401
411,1874,2285
823,614,1437
647,657,1304
1562,648,2210
254,734,988
1333,819,2152
186,721,907
221,1190,1411
329,693,1022
687,512,1199
404,946,1350
746,1408,2154
795,896,1691
1318,877,2195
520,840,1360
384,814,1198
423,780,1203
467,755,1222
488,815,1303
364,838,1202
575,432,1007
992,1316,2308
615,915,1530
654,748,1402
474,812,1286
616,625,1241
555,734,1289
720,778,1498
588,854,1442
159,735,894
1803,748,2551
677,788,1465
292,669,961
514,487,1001
638,910,1548
305,685,990
570,570,1140
92,960,1052
137,953,1090
177,832,1009
1163,764,1927
298,906,1204
574,723,1297
310,740,1050
393,763,1156
367,820,1187
717,494,1211
238,974,1212
594,770,1364
598,653,1251
741,584,1325
677,672,1349
1235,703,1938
565,795,1360
117,613,730
781,573,1354
691,739,1430
616,682,1298
921,350,1271
607,687,1294
257,565,822
385,609,994
856,581,1437
506,523,1029
373,618,991
618,417,1035
316,320,636
831,582,1413
805,613,1418
450,945,1395
522,608,1130
437,292,729
259,476,735
403,339,742
482,386,868
347,414,761
812,697,1509
378,522,900
630,1324,1954
664,944,1608
526,580,1106
208,496,704
397,495,892
461,439,900
295,664,959
212,387,599
185,988,1173
177,740,917
610,1422,2032
406,253,659
705,1646,2351
1006,843,1849
605,1206,1811
98,668,766
48,770,818
704,957,1661
1236,625,1861
315,1041,1356
289,1023,1312
456,263,719
521,1752,2273
584,2110,2694
133,796,929
229,739,968
543,677,1220
368,1204,1572
1247,322,1569
522,735,1257
531,846,1377
323,368,691
386,1740,2126
575,2328,2903
733,605,1338
980,730,1710
1214,791,2005
700,2136,2836
738,499,1237
831,708,1539
552,328,880
255,1085,1340
555,929,1484
824,1042,1866
1200,463,1663
614,1299,1913
1428,637,2065
1845,653,2498
681,316,997
820,512,1332
50,443,493
255,483,738
334,891,1225
692,1006,1698
667,640,1307
958,851,1809
1577,694,2271
20,839,859
386,1226,1612
311,475,786
285,641,926
287,447,734
572,1148,1720
974,986,1960
315,654,969
805,990,1795
39,656,695
141,762,903
648,1286,1934
323,632,955
177,880,1057
325,507,832
747,1184,1931
878,905,1783
172,752,924
1254,612,1866
447,639,1086
787,1359,2146
544,933,1477
217,751,968
491,659,1150
797,713,1510
420,603,1023
666,877,1543
550,599,1149
313,804,1117
640,293,933
2085,653,2738
745,836,1581
127,930,1057
1055,1031,2086
1992,1485,3477
363,869,1232
822,877,1699
840,193,1033
617,996,1613
539,732,1271
389,859,1248
938,810,1748
359,842,1201
854,386,1240
329,1519,1848
699,298,997
405,848,1253
527,476,1003
701,675,1376
1148,1409,2557
818,480,1298
1187,635,1822
807,176,983
545,1460,2005
510,521,1031
747,325,1072
988,322,1310
393,1270,1663
406,1263,1669
971,1254,2225
436,1376,1812
665,743,1408
765,261,1026
1318,461,1779
251,622,873
557,591,1148
756,334,1090
426,1222,1648
156,846,1002
660,1272,1932
659,1215,1874
703,785,1488
735,224,959
1349,906,2255
1241,626,1867
798,524,1322
1115,358,1473
359,1481,1840
1144,508,1652
1376,726,2102
159,916,1075
607,824,1431
110,403,513
1399,894,2293
253,804,1057
820,941,1761
109,510,619
1205,826,2031
1027,271,1298
1192,1026,2218
1078,699,1777
1354,915,2269
434,619,1053
1174,996,2170
561,682,1243
397,1058,1455
564,467,1031
127,662,789
195,614,809
374,729,1103
425,816,1241
199,928,1127
618,849,1467
793,260,1053
66,465,531
136,682,818
616,1201,1817
522,695,1217
889,278,1167
73,1183,1256
743,1038,1781
464,726,1190
665,1198,1863
281,735,1016
576,694,1270
515,400,915
419,253,672
485,916,1401
555,846,1401
431,1029,1460
305,1117,1422
168,1140,1308
69,254,323
278,426,704
468,808,1276
608,835,1443
652,812,1464
124,254,378
348,1031,1379
376,430,806
511,735,1246
255,184,439
150,353,503
365,553,918
292,170,462
284,256,540
516,1878,2394
341,243,584
881,1555,2436
1097,668,1765
1002,756,1758
849,810,1659
789,969,1758
852,454,1306
880,1035,1915
1459,412,1871
1019,503,1522
1334,614,1948
804,822,1626
542,690,1232
773,298,1071
563,478,1041
1137,907,2044
1119,586,1705
1067,633,1700
1006,724,1730
862,911,1773
770,605,1375
93,418,511
35,523,558
886,1019,1905
699,638,1337
41,959,1000
770,711,1481
870,751,1621
229,1027,1256
465,2206,2671
94,570,664
677,2152,2829
701,737,1438
56,711,767
1076,1067,2143
221,863,1084
332,1085,1417
145,969,1114
254,1057,1311
356,931,1287
428,913,1341
357,824,1181
302,841,1143
363,987,1350
510,897,1407
554,880,1434
730,557,1287
699,592,1291
522,924,1446
990,290,1280
893,554,1447
347,517,864
581,293,874
955,407,1362
604,304,908
616,328,944
564,345,909
472,286,758
1433,2190,3623
656,291,947
692,298,990
519,191,710
1426,2103,3529
236,250,486
1633,2195,3828
662,322,984
214,1478,1692
510,414,924
264,1721,1985
443,287,730
445,222,667
209,1634,1843
567,140,707
1044,2203,3247
558,178,736
344,1483,1827
1180,2052,3232
714,339,1053
350,1728,2078
2016,1491,3507
588,1410,1998
412,1668,2080
644,1498,2142
1729,579,2308
1274,1217,2491
475,1750,2225
1078,532,1610
609,330,939
1718,656,2374
1836,565,2401
1018,590,1608
1642,610,2252
1505,163,1668
1947,449,2396
1641,164,1805
642,566,1208
1246,490,1736
221,693,914
1370,156,1526
193,487,680
171,486,657
384,339,723
563,703,1266
231,748,979
1267,569,1836
138,407,545
113,948,1061
578,433,1011
1666,279,1945
206,784,990
179,1061,1240
43,669,712
617,749,1366
736,398,1134
674,600,1274
1256,212,1468
20,172,192
72,705,777
269,558,827
205,895,1100
1669,540,2209
597,433,1030
246,717,963
373,386,759
638,809,1447
162,759,921
101,671,772
470,388,858
383,541,924
270,684,954
722,782,1504
249,763,1012
716,341,1057
482,383,865
411,697,1108
447,581,1028
493,285,778
623,1257,1880
229,688,917
424,467,891
82,178,260
511,562,1073
60,732,792
240,848,1088
777,429,1206
243,973,1216
533,680,1213
182,1222,1404
717,533,1250
461,474,935
139,745,884
539,712,1251
469,512,981
221,1202,1423
482,566,1048
242,1276,1518
296,792,1088
343,1175,1518
626,587,1213
190,1398,1588
199,863,1062
310,681,991
548,607,1155
730,822,1552
573,531,1104
521,574,1095
750,918,1668
625,881,1506
480,639,1119
884,758,1642
531,719,1250
503,766,1269
603,984,1587
140,805,945
230,822,1052
120,778,898
1195,760,1955
378,625,1003
1081,630,1711
282,784,1066
987,761,1748
201,909,1110
288,715,1003
598,1070,1668
522,831,1353
331,911,1242
289,763,1052
514,553,1067
1243,663,1906
1060,834,1894
219,1173,1392
450,867,1317
801,538,1339
380,418,798
432,762,1194
63,590,653
728,558,1286
412,1072,1484
723,830,1553
417,997,1414
373,419,792
625,816,1441
353,493,846
712,659,1371
391,523,914
478,825,1303
845,648,1493
245,1264,1509
209,719,928
361,559,920
565,367,932
317,702,1019
551,343,894
648,840,1488
414,563,977
483,553,1036
386,584,970
453,375,828
619,347,966
237,864,1101
506,589,1095
778,175,953
569,546,1115
859,217,1076
641,155,796
877,269,1146
479,1360,1839
409,819,1228
976,260,1236
581,744,1325
613,560,1173
934,406,1340
1035,168,1203
525,1589,2114
465,703,1168
811,594,1405
127,356,483
672,590,1262
881,530,1411
1140,686,1826
1037,423,1460
835,519,1354
839,473,1312
106,341,447
88,463,551
1011,397,1408
113,497,610
918,717,1635
1166,807,1973
846,519,1365
110,555,665
776,594,1370
129,466,595
184,573,757
217,430,647
996,892,1888
1578,579,2157
298,617,915
136,675,811
141,856,997
309,397,706
368,485,853
229,535,764
99,912,1011
485,625,1110
256,704,960
425,440,865
46,945,991
345,476,821
64,570,634
259,666,925
405,626,1031
578,587,1165
406,665,1071
230,542,772
275,446,721
205,521,726
439,648,1087
252,924,1176
298,482,780
330,450,780
672,596,1268
567,283,850
748,375,1123
411,357,768
604,330,934
242,408,650
873,450,1323
28,792,820
406,539,945
446,335,781
471,493,964
2164,362,2526
312,720,1032
420,436,856
100,947,1047
821,194,1015
898,167,1065
949,207,1156
917,240,1157
231,296,527
593,511,1104
71,532,603
723,376,1099
308,433,741
73,801,874
352,291,643
313,359,672
212,732,944
116,806,922
420,559,979
160,1112,1272
317,430,747
23,198,221
904,877,1781
255,592,847
348,518,866
412,557,969
167,553,720
794,535,1329
363,620,983
82,357,439
378,833,1211
328,831,1159
247,325,572
810,354,1164
244,624,868
1107,1082,2189
505,648,1153
163,422,585
527,777,1304
318,886,1204
375,320,695
616,407,1023
330,418,748
353,1104,1457
70,724,794
251,473,724
779,378,1157
493,690,1183
816,564,1380
440,476,916
551,1092,1643
410,469,879
566,1004,1570
292,667,959
344,514,858
551,598,1149
946,243,1189
330,468,798
380,1333,1713
768,532,1300
121,308,429
381,538,919
736,599,1335
266,663,929
478,523,1001
621,578,1199
459,924,1383
615,622,1237
655,1182,1837
263,419,682
563,698,1261
682,909,1591
786,759,1545
580,561,1141
757,459,1216
174,308,482
700,2353,3053
458,1195,1653
338,367,705
49,605,654
470,363,833
655,706,1361
854,925,1779
176,744,920
186,743,929
389,467,856
63,2524,2587
314,794,1108
554,2223,2777
395,496,891
192,1390,1582
481,694,1175
2260,554,2814
116,668,784
1149,725,1874
323,795,1118
114,771,885
55,638,693
943,971,1914
331,500,831
2418,427,2845
226,576,802
51,874,925
495,440,935
485,912,1397
480,802,1282
292,799,1091
326,723,1049
729,791,1520
544,1229,1773
724,835,1559
365,593,958
363,1175,1538
153,1541,1694
609,963,1572
547,915,1462
458,665,1123
650,1007,1657
443,845,1288
970,766,1736
609,496,1105
352,890,1242
744,516,1260
512,830,1342
801,514,1315
509,878,1387
580,498,1078
967,242,1209
842,237,1079
1019,162,1181
1086,361,1447
517,549,1066
1048,220,1268
795,160,955
283,722,1005
909,496,1405
879,637,1516
934,477,1411
2100,377,2477
598,471,1069
343,528,871
362,446,808
671,1424,2095
463,1854,2317
293,591,884
1321,1407,2728
480,1798,2278
1337,846,2183
883,1596,2479
807,1611,2418
111,404,515
1177,1153,2330
720,711,1431
84,610,694
279,1329,1608
1240,854,2094
1179,1073,2252
398,1014,1412
1234,1012,2246
970,590,1560
453,1747,2200
1564,966,2530
1477,272,1749
717,1020,1737
1336,810,2146
443,1136,1579
1144,1185,2329
469,1903,2372
764,1066,1830
1484,351,1835
122,606,728
372,1015,1387
756,985,1741
437,1146,1583
80,1050,1130
722,1183,1905
358,1927,2285
468,1077,1545
620,361,981
962,789,1751
1506,806,2312
326,718,1044
624,268,892
672,503,1175
889,686,1575
313,757,1070
918,482,1400
595,262,857
862,561,1423
533,783,1316
61,849,910
763,262,1025
707,638,1345
520,764,1284
858,559,1417
945,621,1566
81,375,456
1040,545,1585
1009,446,1455
114,960,1074
183,404,587
294,512,806
266,529,795
279,455,734
518,805,1323
113,582,695
516,345,861
197,1077,1274
685,655,1340
216,602,818
411,424,835
1817,472,2289
319,540,859
1334,170,1504
282,505,787
81,279,360
642,896,1538
519,939,1458
524,653,1177
96,310,406
1939,1042,2981
529,446,975
148,293,441
447,867,1314
465,899,1364
157,653,810
379,492,871
147,345,492
444,512,956
248,1170,1418
137,733,870
185,705,890
562,853,1415
486,984,1470
564,383,947
195,814,1009
509,739,1248
762,834,1596
305,1266,1571
899,400,1299
602,444,1046
301,342,643
269,797,1066
425,441,866
250,824,1074
249,662,911
2206,572,2778
779,462,1241
925,858,1783
239,796,1035
946,569,1515
219,797,1016
292,1124,1416
600,312,912
466,893,1359
520,1105,1625
507,1158,1665
226,661,887
309,801,1110
696,442,1138
310,670,980
162,471,633
85,486,571
131,554,685
568,652,1220
223,1114,1337
538,732,1270
120,580,700
589,626,1215
344,975,1319
375,902,1277
317,527,844
453,784,1237
216,571,787
339,932,1271
356,591,947
573,1084,1657
268,425,693
132,592,724
524,820,1344
504,1091,1595
826,619,1445
200,784,984
482,502,984
844,893,1737
1600,217,1817
568,617,1185
375,658,1033
1002,788,1790
853,1233,2086
1108,798,1906
989,1891,2880
311,737,1048
552,830,1382
786,1716,2502
612,1285,1897
315,708,1023
337,1569,1906
514,1105,1619
536,1156,1692
429,1173,1602
949,927,1876
622,1332,1954
99,214,313
498,689,1187
1691,270,1961
247,993,1240
727,1033,1760
411,501,912
834,1301,2135
79,228,307
373,621,994
140,724,864
1478,320,1798
376,1330,1706
112,1037,1149
311,1050,1361
535,814,1349
284,670,954
600,1270,1870
1514,393,1907
689,1164,1853
161,1045,1206
470,1409,1879
97,784,881
784,873,1657
512,1208,1720
466,1247,1713
970,906,1876
770,1052,1822
508,1477,1985
1583,282,1865
903,679,1582
187,1652,1839
1574,563,2137
1442,685,2127
182,1134,1316
1224,796,2020
1565,399,1964
920,484,1404
1236,474,1710
1536,688,2224
1534,607,2141
1354,399,1753
1347,728,2075
184,2540,2724
77,395,472
1055,808,1863
859,779,1638
1361,796,2157
1308,661,1969
276,723,999
398,676,1074
1070,1130,2200
960,497,1457
495,476,971
801,936,1737
1396,857,2253
498,705,1203
470,2255,2725
93,401,494
272,489,761
1018,580,1598
1027,792,1819
699,299,998
1219,1439,2658
1390,717,2107
344,799,1143
1104,1540,2644
1595,1292,2887
291,831,1122
849,1467,2316
740,1004,1744
370,869,1239
385,549,934
371,562,933
928,739,1667
1147,1288,2435
1181,577,1758
350,1019,1369
450,592,1042
520,775,1295
522,744,1266
350,1439,1789
1467,381,1848
584,580,1164
618,779,1397
361,867,1228
681,696,1377
374,1511,1885
1412,458,1870
283,579,862
39,661,700
1442,1642,3084
337,1459,1796
132,937,1069
725,738,1463
190,1486,1676
459,656,1115
473,882,1355
529,389,918
1520,2498,4018
409,715,1124
554,779,1333
512,1223,1735
187,735,922
465,818,1283
2076,1694,3770
543,753,1296
323,773,1096
736,657,1393
1079,414,1493
1203,868,2071
1027,414,1441
79,756,835
1252,1084,2336
827,527,1354
324,916,1240
446,382,828
343,603,946
582,874,1456
841,1367,2208
560,591,1151
731,1067,1798
1300,1531,2831
1085,507,1592
570,687,1257
473,546,1019
470,519,989
909,1545,2454
618,646,1264
578,957,1535
2240,1006,3246
1050,266,1316
323,571,894
342,619,961
906,312,1218
279,291,570
1386,1020,2406
315,2834,3149
388,184,572
456,764,1220
504,2704,3208
246,1556,1802
571,601,1172
36,467,503
539,1338,1877
1187,993,2180
57,219,276
548,1113,1661
1486,829,2315
771,1614,2385
428,2587,3015
549,1098,1647
673,1155,1828
82,657,739
185,986,1171
102,435,537
1355,719,2074
1093,868,1961
654,549,1203
2843,536,3379
215,1681,1896
1350,1003,2353
1102,777,1879
80,745,825
138,905,1043
1346,1704,3050
789,535,1324
927,330,1257
2530,678,3208
385,1568,1953
741,1487,2228
860,590,1450
2462,822,3284
347,893,1240
851,1262,2113
178,607,785
582,927,1509
619,523,1142
304,1016,1320
273,1116,1389
823,1904,2727
82,974,1056
209,664,873
495,1293,1788
480,659,1139
422,721,1143
712,719,1431
359,710,1069
578,1070,1648
483,1365,1848
339,757,1096
270,885,1155
417,962,1379
824,489,1313
437,718,1155
552,794,1346
580,726,1306
836,2126,2962
900,375,1275
622,1451,2073
787,760,1547
1436,1807,3243
887,481,1368
666,525,1191
633,564,1197
442,630,1072
530,945,1475
977,681,1658
291,545,836
1007,1060,2067
1605,935,2540
1312,728,2040
597,774,1371
364,537,901
624,528,1152
499,738,1237
623,357,980
621,742,1363
1018,939,1957
1896,907,2803
469,790,1259
514,389,903
276,911,1187
840,1355,2195
608,1703,2311
761,724,1485
1308,847,2155
954,2106,3060
403,958,1361
620,1149,1769
1275,2509,3784
600,1280,1880
1265,1819,3084
601,933,1534
42,1466,1508
502,1884,2386
399,1325,1724
695,832,1527
1632,1174,2806
77,1540,1617
462,2396,2858
1149,251,1400
607,1066,1673
515,2451,2966
1388,1048,2436
512,903,1415
1959,1115,3074
885,1391,2276
354,1363,1717
1193,1210,2403
1076,2506,3582
807,332,1139
1388,377,1765
1670,708,2378
825,864,1689
883,373,1256
882,1291,2173
59,452,511
560,1076,1636
931,1335,2266
918,1232,2150
100,481,581
1452,546,1998
1816,664,2480
868,1051,1919
1167,2852,4019
840,957,1797
1893,964,2857
637,1034,1671
865,1890,2755
786,2090,2876
1186,991,2177
1159,738,1897
857,2082,2939
957,1343,2300
2211,1252,3463
1128,620,1748
2256,951,3207
1011,792,1803
978,761,1739
592,759,1351
843,1070,1913
653,1185,1838
2258,1393,3651
455,1972,2427
614,486,1100
632,1773,2405
2684,903,3587
28,1170,1198
430,761,1191
648,470,1118
684,1023,1707
792,469,1261
714,888,1602
1249,1399,2648
1784,587,2371
866,581,1447
1654,1015,2669
1019,842,1861
663,654,1317
719,212,931
638,580,1218
281,357,638
644,975,1619
292,1048,1340
821,816,1637
911,302,1213
321,1461,1782
1086,1247,2333
45,520,565
880,215,1095
692,981,1673
609,1256,1865
1950,809,2759
1143,580,1723
645,924,1569
397,1478,1875
26,719,745
53,539,592
169,1628,1797
612,1002,1614
1017,1018,2035
1395,473,1868
760,914,1674
585,1079,1664
1262,950,2212
1825,721,2546
309,517,826
617,1133,1750
814,1125,1939
1381,486,1867
77,375,452
1066,1007,2073
478,602,1080
795,983,1778
130,728,858
654,1580,2234
287,1142,1429
329,888,1217
384,929,1313
1499,490,1989
117,966,1083
688,763,1451
118,638,756
158,1141,1299
1164,753,1917
630,822,1452
400,652,1052
790,963,1753
869,733,1602
976,550,1526
140,655,795
1772,1548,3320
1005,600,1605
1131,1170,2301
564,1143,1707
598,2065,2663
579,733,1312
248,1050,1298
340,766,1106
733,1138,1871
870,873,1743
427,959,1386
672,1427,2099
369,1255,1624
1260,1021,2281
757,845,1602
204,2303,2507
865,956,1821
757,857,1614
567,644,1211
355,1269,1624
235,1161,1396
547,1079,1626
987,926,1913
1011,248,1259
537,1434,1971
1277,669,1946
1095,1461,2556
69,976,1045
65,880,945
451,1444,1895
1088,718,1806
851,585,1436
419,1412,1831
1032,1054,2086
610,1492,2102
1319,1055,2374
703,522,1225
2117,713,2830
476,756,1232
1133,862,1995
2063,1021,3084
850,1423,2273
687,720,1407
641,1745,2386
677,912,1589
927,806,1733
775,1441,2216
679,907,1586
698,1152,1850
305,853,1158
776,1040,1816
733,620,1353
1424,1162,2586
490,871,1361
851,895,1746
272,1085,1357
660,555,1215
390,1024,1414
553,674,1227
587,1112,1699
835,1779,2614
1181,1034,2215
680,530,1210
473,1309,1782
544,870,1414
95,1022,1117
564,1954,2518
147,1003,1150
312,639,951
913,1521,2434
1464,979,2443
618,564,1182
953,1370,2323
795,965,1760
726,568,1294
125,2309,2434
448,1541,1989
1100,1331,2431
922,309,1231
718,1005,1723
768,1230,1998
1593,1003,2596
165,320,485
955,339,1294
725,730,1455
411,806,1217
1375,642,2017
944,1161,2105
606,713,1319
921,663,1584
205,334,539
847,870,1717
603,999,1602
886,1785,2671
809,1341,2150
482,1098,1580
1145,535,1680
454,1276,1730
805,1290,2095
217,536,753
1305,582,1887
835,611,1446
418,1255,1673
446,435,881
668,508,1176
479,1197,1676
832,1058,1890
659,619,1278
322,1243,1565
611,1054,1665
340,957,1297
1157,611,1768
89,487,576
40,544,584
842,848,1690
918,813,1731
1211,1322,2533
1008,939,1947
811,2242,3053
887,2229,3116
1098,328,1426
679,872,1551
2175,1415,3590
1088,405,1493
1643,1513,3156
720,624,1344
212,777,989
1507,1166,2673
1042,734,1776
202,1550,1752
1139,431,1570
321,390,711
916,1469,2385
570,401,971
384,960,1344
928,1182,2110
447,596,1043
1923,895,2818
948,920,1868
144,668,812
925,308,1233
1315,1427,2742
188,821,1009
381,1186,1567
51,492,543
2038,946,2984
1303,780,2083
586,1094,1680
633,1031,1664
87,480,567
662,796,1458
918,753,1671
1259,920,2179
762,896,1658
928,898,1826
1039,416,1455
557,1115,1672
963,1007,1970
118,510,628
1409,942,2351
443,1193,1636
1387,695,2082
119,1024,1143
765,1240,2005
82,958,1040
752,1153,1905
548,752,1300
322,588,910
129,907,1036
993,1220,2213
446,703,1149
232,913,1145
633,943,1576
104,1120,1224
630,744,1374
553,776,1329
941,849,1790
229,1267,1496
171,710,881
688,919,1607
866,650,1516
692,893,1585
426,968,1394
1030,537,1567
1044,518,1562
469,1211,1680
730,1050,1780
401,1281,1682
400,745,1145
756,1061,1817
887,728,1615
255,1196,1451
1095,864,1959
592,1278,1870
1107,663,1770
634,1242,1876
1203,288,1491
349,877,1226
506,701,1207
491,804,1295
876,1161,2037
451,1882,2333
727,884,1611
642,1353,1995
596,950,1546
489,1536,2025
436,736,1172
436,1100,1536
923,600,1523
860,1268,2128
520,1746,2266
520,1354,1874
550,900,1450
965,919,1884
926,959,1885
701,813,1514
647,726,1373
827,981,1808
395,547,942
811,1684,2495
591,891,1482
652,1192,1844
420,658,1078
1777,966,2743
882,856,1738
34,909,943
1541,669,2210
1019,1173,2192
428,583,1011
559,789,1348
1224,1119,2343
513,1949,2462
691,522,1213
222,927,1149
1461,452,1913
407,1398,1805
244,512,756
372,931,1303
507,840,1347
648,794,1442
847,560,1407
1097,1325,2422
1076,1037,2113
508,810,1318
848,1253,2101
249,1771,2020
340,579,919
1061,1223,2284
889,702,1591
689,874,1563
472,598,1070
1101,835,1936
766,832,1598
638,690,1328
1501,1417,2918
369,2040,2409
254,595,849
1261,564,1825
1014,715,1729
1677,1150,2827
1335,451,1786
687,870,1557
582,580,1162
863,1718,2581
568,1481,2049
1176,507,1683
316,964,1280
195,803,998
687,1024,1711
1346,1026,2372
432,991,1423
847,1857,2704
676,1152,1828
740,902,1642
1746,1065,2811
455,1373,1828
523,1473,1996
203,966,1169
559,944,1503
305,1224,1529
364,1090,1454
755,2182,2937
250,1020,1270
311,776,1087
508,1057,1565
1295,1469,2764
612,1912,2524
638,840,1478
78,1458,1536
392,1218,1610
306,2136,2442
851,451,1302
541,1121,1662
1255,384,1639
1441,1054,2495
1112,2196,3308
790,1036,1826
967,427,1394
764,1002,1766
1484,1161,2645
816,550,1366
938,503,1441
1232,713,1945
1447,1332,2779
752,939,1691
802,823,1625
1401,617,2018
898,635,1533
724,1375,2099
1222,2800,4022
995,606,1601
1665,558,2223
743,660,1403
1062,749,1811
979,696,1675
333,1429,1762
653,813,1466
751,2226,2977
1139,546,1685
1192,1290,2482
755,533,1288
1237,334,1571
60,338,398
606,2072,2678
1485,2305,3790
485,737,1222
187,877,1064
282,508,790
934,659,1593
1372,1176,2548
539,790,1329
1217,580,1797
1180,1533,2713
1760,1937,3697
112,1076,1188
120,345,465
1438,865,2303
370,925,1295
128,1099,1227
273,574,847
2052,871,2923
2573,1340,3913
461,1020,1481
550,451,1001
121,1228,1349
370,966,1336
184,911,1095
850,531,1381
446,906,1352
1247,1245,2492
1886,858,2744
2199,1153,3352
1142,1201,2343
125,1453,1578
1334,1026,2360
792,814,1606
708,1180,1888
867,932,1799
957,663,1620
83,647,730
944,1016,1960
1212,646,1858
410,1211,1621
331,756,1087
65,954,1019
227,667,894
996,563,1559
562,650,1212
404,779,1183
35,977,1012
912,319,1231
748,498,1246
761,1237,1998
189,1036,1225
470,504,974
186,1080,1266
48,1064,1112
722,498,1220
515,556,1071
169,1187,1356
881,513,1394
435,749,1184
695,198,893
399,886,1285
382,1047,1429
1953,979,2932
432,1164,1596
130,1391,1521
428,871,1299
790,743,1533
281,1175,1456
374,1131,1505
938,533,1471
558,1242,1800
72,468,540
539,1004,1543
983,514,1497
758,841,1599
322,795,1117
286,1552,1838
783,782,1565
669,1205,1874
483,659,1142
121,496,617
736,911,1647
794,820,1614
846,531,1377
208,896,1104
1030,914,1944
256,727,983
989,1212,2201
538,1232,1770
317,619,936
1196,1235,2431
1054,563,1617
433,559,992
1160,783,1943
821,979,1800
797,813,1610
819,526,1345
668,1208,1876
168,716,884
601,718,1319
1119,569,1688
1087,337,1424
472,1706,2178
670,1384,2054
721,661,1382
42,1389,1431
1169,1124,2293
95,1163,1258
246,735,981
607,949,1556
280,362,642
527,390,917
542,492,1034
389,711,1100
689,1073,1762
291,1587,1878
444,703,1147
348,1157,1505
699,2182,2881
515,1064,1579
202,771,973
211,537,748
589,526,1115
730,1304,2034
303,715,1018
1022,1103,2125
646,1316,1962
627,1175,1802
1340,1051,2391
1370,1680,3050
327,1077,1404
761,1177,1938
517,599,1116
921,1307,2228
734,985,1719
336,1457,1793
498,692,1190
652,353,1005
1020,737,1757
766,1068,1834
855,1427,2282
646,735,1381
1323,1348,2671
1488,649,2137
641,792,1433
1600,1606,3206
828,972,1800
101,787,888
273,719,992
761,791,1552
755,1071,1826
492,703,1195
909,1214,2123
1844,1359,3203
1016,650,1666
1212,793,2005
446,1146,1592
1273,589,1862
749,867,1616
1245,563,1808
970,1341,2311
555,832,1387
532,408,940
1390,1070,2460
1077,552,1629
472,878,1350
667,625,1292
978,684,1662
1226,1049,2275
501,881,1382
374,793,1167
896,572,1468
639,760,1399
989,1558,2547
774,1229,2003
529,1088,1617
1107,1088,2195
684,785,1469
857,1307,2164
1176,609,1785
658,330,988
543,757,1300
951,806,1757
919,1711,2630
300,774,1074
414,851,1265
562,1504,2066
678,477,1155
617,598,1215
977,877,1854
694,420,1114
61,498,559
864,917,1781
281,877,1158
639,1800,2439
515,1203,1718
889,1144,2033
459,1081,1540
609,945,1554
280,374,654
601,972,1573
1055,543,1598
677,600,1277
675,717,1392
1241,1072,2313
256,1612,1868
979,1208,2187
622,647,1269
751,929,1680
358,456,814
1293,942,2235
80,1100,1180
584,1607,2191
735,335,1070
1681,874,2555
450,1300,1750
403,1185,1588
744,681,1425
497,1506,2003
315,1108,1423
594,876,1470
608,648,1256
853,1274,2127
911,691,1602
1576,909,2485
367,883,1250
418,628,1046
1388,540,1928
982,1408,2390
878,782,1660
564,535,1099
769,769,1538
811,593,1404
724,1387,2111
277,998,1275
1225,534,1759
1492,948,2440
758,529,1287
1317,631,1948
771,889,1660
590,1132,1722
378,653,1031
290,1395,1685
447,750,1197
378,408,786
413,1086,1499
703,1029,1732
442,382,824
1073,1150,2223
697,1091,1788
339,1080,1419
961,1021,1982
754,1120,1874
359,1611,1970
550,1264,1814
956,998,1954
1058,708,1766
549,366,915
1046,700,1746
113,1228,1341
201,512,713
1320,771,2091
264,1480,1744
814,362,1176
1418,975,2393
721,860,1581
665,595,1260
696,946,1642
786,1055,1841
226,520,746
1264,910,2174
745,1048,1793
856,500,1356
273,1445,1718
932,796,1728
728,1226,1954
1107,827,1934
520,977,1497
147,628,775
994,707,1701
410,1145,1555
913,576,1489
400,574,974
977,666,1643
346,1339,1685
1269,736,2005
604,547,1151
915,1065,1980
1186,1173,2359
1168,571,1739
146,693,839
333,523,856
523,730,1253
1186,934,2120
501,1352,1853
503,806,1309
769,554,1323
782,687,1469
786,822,1608
822,888,1710
466,842,1308
672,549,1221
633,2040,2673
839,691,1530
665,1072,1737
797,435,1232
1082,537,1619
643,824,1467
763,894,1657
704,579,1283
74,487,561
596,1833,2429
674,1046,1720
387,789,1176
995,814,1809
774,541,1315
957,835,1792
689,935,1624
452,595,1047
106,680,786
1087,1259,2346
631,1351,1982
686,2010,2696
754,764,1518
123,539,662
407,486,893
225,844,1069
1627,993,2620
448,683,1131
399,845,1244
562,1271,1833
337,709,1046
406,673,1079
638,1221,1859
1228,1211,2439
569,534,1103
1798,779,2577
840,1195,2035
841,483,1324
666,1512,2178
552,769,1321
394,717,1111
430,1120,1550
448,1300,1748
713,1833,2546
214,909,1123
925,939,1864
354,1541,1895
233,911,1144
651,1151,1802
1014,874,1888
749,1148,1897
492,691,1183
295,952,1247
887,413,1300
1428,530,1958
824,306,1130
665,657,1322
615,424,1039
762,327,1089
1149,349,1498
809,387,1196
899,542,1441
403,269,672
1105,292,1397
517,400,917
781,426,1207
71,365,436
699,1536,2235
477,455,932
550,2030,2580
530,1364,1894
501,1442,1943
1002,1604,2606
301,1382,1683
80,510,590
1814,1902,3716
530,1464,1994
358,2419,2777
872,1680,2552
643,1089,1732
139,1547,1686
647,1531,2178
580,2259,2839
597,1682,2279
341,1288,1629
128,554,682
866,1350,2216
581,1377,1958
140,482,622
1486,673,2159
1150,450,1600
223,2963,3186
1239,320,1559
150,904,1054
812,2712,3524
292,1117,1409
188,1077,1265
1481,547,2028
1369,662,2031
644,839,1483
1355,621,1976
1038,1978,3016
1728,1041,2769
358,1264,1622
1079,2298,3377
1895,776,2671
911,849,1760
1065,431,1496
1315,972,2287
1351,796,2147
486,790,1276
1304,762,2066
928,716,1644
331,1566,1897
526,809,1335
1291,2326,3617
633,1284,1917
1035,684,1719
1004,835,1839
839,467,1306
1006,983,1989
2164,1256,3420
998,1098,2096
449,1064,1513
989,434,1423
1767,2431,4198
659,1010,1669
26,393,419
2724,1240,3964
117,593,710
933,1161,2094
352,1335,1687
1196,1126,2322
80,1349,1429
2079,1625,3704
314,1480,1794
428,1558,1986
2274,1270,3544
707,816,1523
230,781,1011
1092,706,1798
2194,836,3030
253,1031,1284
76,396,472
1898,1255,3153
657,1422,2079
581,750,1331
577,1307,1884
38,1411,1449
428,1172,1600
997,546,1543
283,563,846
130,826,956
999,1333,2332
752,751,1503
695,1372,2067
1012,1318,2330
224,1328,1552
632,1263,1895
908,662,1570
969,654,1623
578,320,898
1140,711,1851
578,694,1272
801,958,1759
1430,985,2415
1030,976,2006
545,1289,1834
328,1113,1441
359,786,1145
1035,1130,2165
600,860,1460
285,1237,1522
780,760,1540
1110,791,1901
679,529,1208
1207,876,2083
626,632,1258
1192,1176,2368
207,724,931
916,599,1515
650,921,1571
508,1737,2245
508,802,1310
961,456,1417
482,950,1432
788,947,1735
549,768,1317
1056,714,1770
1103,883,1986
897,1663,2560
794,899,1693
250,685,935
580,387,967
972,279,1251
997,556,1553
722,589,1311
618,950,1568
117,1034,1151
498,673,1171
646,777,1423
1124,1711,2835
210,1178,1388
906,555,1461
607,756,1363
574,1376,1950
369,1786,2155
312,891,1203
256,1410,1666
281,639,920
1343,1269,2612
795,847,1642
268,1413,1681
1460,837,2297
265,967,1232
678,757,1435
708,1763,2471
401,920,1321
474,548,1022
476,2055,2531
632,831,1463
657,760,1417
1620,927,2547
136,1229,1365
949,887,1836
760,656,1416
1382,722,2104
267,1119,1386
1575,781,2356
801,971,1772
527,1096,1623
1099,899,1998
827,620,1447
1050,838,1888
717,1228,1945
1794,355,2149
470,726,1196
1199,710,1909
708,582,1290
643,971,1614
682,1427,2109
780,930,1710
558,548,1106
531,1068,1599
514,1473,1987
848,1517,2365
528,918,1446
849,639,1488
757,870,1627
877,1154,2031
779,717,1496
681,1426,2107
290,496,786
1019,936,1955
454,1114,1568
739,773,1512
587,654,1241
1133,997,2130
1373,527,1900
452,399,851
991,718,1709
660,1048,1708
510,736,1246
1250,457,1707
848,636,1484
845,962,1807
512,1327,1839
541,899,1440
877,446,1323
523,877,1400
521,1155,1676
1613,322,1935
1226,1732,2958
141,589,730
1249,424,1673
1161,1150,2311
739,542,1281
182,1097,1279
1024,334,1358
612,822,1434
624,1226,1850
682,799,1481
994,521,1515
1082,848,1930
1220,1342,2562
941,898,1839
128,511,639
1377,700,2077
1214,1290,2504
1033,1079,2112
1020,540,1560
878,711,1589
943,703,1646
182,688,870
1321,2021,3342
1085,1111,2196
251,363,614
434,865,1299
853,904,1757
730,1029,1759
305,560,865
198,643,841
802,1157,1959
33,718,751
183,2712,2895
1136,1527,2663
498,1384,1882
1217,770,1987
487,443,930
923,1110,2033
534,389,923
395,777,1172
104,1018,1122
389,985,1374
587,590,1177
417,561,978
30,557,587
540,932,1472
977,1390,2367
24,569,593
710,487,1197
1627,1482,3109
165,706,871
1079,1258,2337
896,517,1413
50,1263,1313
557,1362,1919
138,1661,1799
155,1359,1514
970,1009,1979
1835,1650,3485
379,1213,1592
837,631,1468
2561,1174,3735
465,902,1367
571,815,1386
1292,996,2288
129,1838,1967
199,714,913
1127,818,1945
516,482,998
1159,515,1674
302,1033,1335
572,1361,1933
307,1148,1455
641,771,1412
1112,400,1512
1175,1001,2176
511,882,1393
1098,468,1566
297,941,1238
494,697,1191
667,883,1550
345,1286,1631
600,1025,1625
168,1143,1311
687,1779,2466
1455,890,2345
605,730,1335
340,956,1296
209,1878,2087
45,954,999
707,1220,1927
639,1298,1937
584,550,1134
1248,878,2126
536,548,1084
629,515,1144
770,1057,1827
724,674,1398
849,463,1312
1677,974,2651
804,917,1721
528,702,1230
993,741,1734
698,1061,1759
797,629,1426
623,494,1117
932,657,1589
881,913,1794
422,1704,2126
832,785,1617
396,509,905
732,1055,1787
194,1225,1419
347,667,1014
275,1101,1376
1204,738,1942
267,1845,2112
1542,1108,2650
382,2063,2445
193,394,587
1422,1121,2543
550,1023,1573
294,489,783
209,769,978
1499,1053,2552
506,812,1318
442,486,928
688,1095,1783
818,1680,2498
553,1151,1704
1109,1294,2403
495,668,1163
593,1619,2212
941,654,1595
705,869,1574
481,1104,1585
847,1367,2214
946,520,1466
312,1273,1585
1940,511,2451
798,1045,1843
654,379,1033
704,772,1476
581,882,1463
674,821,1495
70,945,1015
720,1214,1934
965,516,1481
55,1008,1063
639,774,1413
299,670,969
448,739,1187
746,1357,2103
324,2156,2480
1396,567,1963
154,843,997
998,1351,2349
312,679,991
1153,830,1983
242,1070,1312
420,589,1009
958,1254,2212
354,852,1206
917,988,1905
308,699,1007
532,777,1309
1027,1837,2864
1490,1073,2563
538,570,1108
1196,1063,2259
520,502,1022
518,706,1224
919,936,1855
742,856,1598
113,1120,1233
782,863,1645
1081,2111,3192
1082,784,1866
344,564,908
355,1036,1391
220,1093,1313
739,365,1104
619,956,1575
289,1740,2029
719,1088,1807
348,1048,1396
723,617,1340
642,553,1195
834,1497,2331
895,328,1223
554,1078,1632
1057,1303,2360
404,319,723
859,1231,2090
343,1003,1346
390,182,572
494,2025,2519
500,1356,1856
424,1023,1447
108,194,302
574,1348,1922
908,672,1580
1172,487,1659
651,608,1259
743,1028,1771
630,1685,2315
1956,1336,3292
955,1594,2549
942,1458,2400
1324,1760,3084
1380,1176,2556
777,961,1738
750,1115,1865
1178,355,1533
1016,263,1279
793,1439,2232
1528,1501,3029
1773,514,2287
1296,1162,2458
717,1717,2434
596,1388,1984
403,416,819
1421,415,1836
849,2099,2948
1116,1278,2394
1486,714,2200
1011,714,1725
902,2132,3034
945,595,1540
588,785,1373
47,592,639
1305,458,1763
1167,444,1611
1683,583,2266
926,613,1539
1343,1398,2741
223,617,840
50,808,858
86,773,859
1054,469,1523
462,630,1092
984,1024,2008
258,838,1096
381,481,862
1857,525,2382
1270,826,2096
308,805,1113
209,662,871
1034,622,1656
582,1379,1961
809,1174,1983
454,439,893
2187,383,2570
1209,850,2059
777,504,1281
662,333,995
84,883,967
1217,224,1441
275,1186,1461
472,406,878
1538,452,1990
802,150,952
868,747,1615
484,483,967
312,839,1151
488,695,1183
275,448,723
678,402,1080
1137,176,1313
726,1073,1799
1007,1496,2503
512,763,1275
1015,391,1406
350,490,840
387,403,790
582,510,1092
1217,365,1582
865,290,1155
1170,582,1752
798,551,1349
970,680,1650
947,299,1246
1259,889,2148
134,587,721
959,743,1702
1150,1874,3024
175,584,759
224,965,1189
915,740,1655
1512,2003,3515
244,468,712
913,597,1510
221,363,584
251,628,879
317,448,765
999,605,1604
59,957,1016
88,911,999
501,389,890
419,550,969
380,529,909
778,1276,2054
69,1019,1088
92,660,752
740,1368,2108
320,876,1196
274,827,1101
105,630,735
506,404,910
1653,1225,2878
73,1340,1413
525,502,1027
387,444,831
512,706,1218
524,684,1208
673,700,1373
697,487,1184
683,512,1195
99,1309,1408
400,1031,1431
408,935,1343
542,502,1044
599,286,885
409,566,975
588,404,992
1605,1118,2723
338,1355,1693
1080,744,1824
183,367,550
1771,1243,3014
801,1066,1867
411,798,1209
713,495,1208
875,1232,2107
111,587,698
851,659,1510
1189,821,2010
27,1321,1348
1134,761,1895
708,662,1370
769,970,1739
995,720,1715
58,1643,1701
1093,500,1593
31,492,523
193,347,540
933,836,1769
82,814,896
225,733,958
584,834,1418
307,563,870
713,253,966
510,385,895
95,710,805
351,1146,1497
1165,667,1832
207,781,988
350,957,1307
174,1051,1225
572,656,1228
716,520,1236
471,887,1358
828,435,1263
760,657,1417
1122,887,2009
127,293,420
642,740,1382
803,586,1389
138,552,690
682,1000,1682
383,1757,2140
29,880,909
174,797,971
941,804,1745
107,698,805
388,1379,1767
629,627,1256
462,387,849
642,1901,2543
894,393,1287
503,825,1328
436,562,998
135,658,793
1227,1815,3042
785,931,1716
472,829,1301
692,1611,2303
237,1381,1618
577,441,1018
614,743,1357
1269,1178,2447
336,1158,1494
1516,1727,3243
62,924,986
635,579,1214
132,809,941
599,1065,1664
384,599,983
477,570,1047
683,1088,1771
68,1362,1430
726,1872,2598
369,740,1109
105,928,1033
426,1223,1649
647,703,1350
149,1799,1948
559,563,1122
1764,747,2511
316,1280,1596
583,1389,1972
268,679,947
689,1245,1934
1031,839,1870
367,976,1343
1353,942,2295
395,684,1079
795,1135,1930
268,1345,1613
1336,592,1928
372,762,1134
823,813,1636
1243,833,2076
696,590,1286
822,867,1689
1663,432,2095
1059,661,1720
1031,588,1619
574,673,1247
370,799,1169
1470,1090,2560
452,619,1071
549,999,1548
1149,424,1573
1334,539,1873
810,771,1581
697,552,1249
873,575,1448
563,885,1448
1613,1185,2798
556,782,1338
1167,685,1852
184,952,1136
919,1373,2292
344,708,1052
307,748,1055
1053,830,1883
763,1213,1976
394,806,1200
1205,897,2102
449,729,1178
947,1419,2366
557,678,1235
534,715,1249
492,734,1226
970,865,1835
516,756,1272
446,978,1424
722,668,1390
282,1582,1864
196,765,961
608,978,1586
440,766,1206
140,950,1090
554,675,1229
598,614,1212
426,893,1319
702,541,1243
808,827,1635
648,498,1146
749,684,1433
882,286,1168
1102,860,1962
605,314,919
591,1490,2081
1275,811,2086
77,808,885
715,806,1521
270,291,561
184,1243,1427
544,704,1248
614,1155,1769
323,332,655
326,1296,1622
397,1113,1510
788,825,1613
633,1036,1669
372,1432,1804
765,624,1389
525,644,1169
618,788,1406
359,525,884
631,923,1554
1249,944,2193
673,866,1539
1352,495,1847
1107,461,1568
586,1416,2002
1388,1261,2649
284,601,885
461,614,1075
711,1083,1794
648,1033,1681
657,780,1437
1174,617,1791
745,450,1195
443,1362,1805
285,678,963
1080,407,1487
823,681,1504
715,492,1207
430,1056,1486
304,460,764
892,843,1735
1372,660,2032
184,1398,1582
511,737,1248
316,626,942
603,1576,2179
872,447,1319
481,1288,1769
951,443,1394
835,863,1698
323,914,1237
560,790,1350
436,865,1301
745,713,1458
1015,969,1984
626,1004,1630
266,697,963
594,941,1535
1259,961,2220
478,668,1146
101,684,785
1372,744,2116
246,1396,1642
268,676,944
642,552,1194
323,705,1028
378,1768,2146
943,997,1940
485,882,1367
447,547,994
574,993,1567
766,1186,1952
879,309,1188
1109,806,1915
619,582,1201
397,953,1350
617,509,1126
617,548,1165
37,1328,1365
1032,977,2009
618,403,1021
1153,926,2079
767,621,1388
316,783,1099
1640,768,2408
675,918,1593
430,1082,1512
622,958,1580
311,1593,1904
606,742,1348
439,1370,1809
543,647,1190
694,769,1463
580,1352,1932
340,986,1326
753,352,1105
872,864,1736
647,1408,2055
453,1037,1490
400,763,1163
572,1017,1589
731,716,1447
120,1261,1381
586,1108,1694
501,327,828
862,521,1383
514,1501,2015
678,519,1197
755,12523,13278
640,1595,2235
332,1100,1432
1159,1064,2223
583,1004,1587
669,1457,2126
947,1433,2380
950,907,1857
870,235,1105
534,13254,13788
815,1379,2194
945,530,1475
727,561,1288
550,444,994
842,1606,2448
1285,900,2185
1562,804,2366
300,13431,13731
658,1023,1681
1005,1686,2691
1378,1153,2531
12095,1672,13767
1217,838,2055
68,953,1021
13111,707,13818
824,565,1389
906,876,1782
1347,1126,2473
1429,752,2181
670,622,1292
420,709,1129
1344,626,1970
13212,490,13702
575,1283,1858
934,687,1621
1314,1586,2900
525,421,946
450,1393,1843
512,450,962
539,841,1380
75,1055,1130
846,883,1729
1050,664,1714
1518,463,1981
952,2056,3008
1513,435,1948
490,1169,1659
554,460,1014
110,1125,1235
195,634,829
240,964,1204
664,653,1317
1180,1184,2364
164,712,876
1180,1760,2940
468,603,1071
862,495,1357
718,520,1238
328,1593,1921
1518,1253,2771
260,432,692
677,766,1443
743,1315,2058
398,665,1063
1966,517,2483
273,407,680
900,618,1518
278,1107,1385
46,586,632
301,1087,1388
461,799,1260
477,1182,1659
851,1225,2076
31,1112,1143
1272,543,1815
179,641,820
316,1262,1578
152,612,764
982,648,1630
827,842,1669
383,790,1173
1938,216,2154
822,381,1203
785,1114,1899
204,1156,1360
1363,488,1851
365,1485,1850
359,1056,1415
612,612,1224
344,856,1200
688,1420,2108
81,426,507
1286,655,1941
1000,878,1878
55,606,661
918,1090,2008
81,469,550
698,967,1665
862,959,1821
1340,1233,2573
82,859,941
60,753,813
663,924,1587
47,778,825
965,856,1821
57,780,837
347,570,917
1422,520,1942
489,462,951
660,1223,1883
292,826,1118
159,874,1033
743,513,1256
908,894,1802
660,336,996
1085,1021,2106
444,682,1126
617,404,1021
417,416,833
769,452,1221
320,1073,1393
368,446,814
744,389,1133
649,814,1463
631,929,1560
253,1315,1568
761,984,1745
1008,579,1587
510,1205,1715
810,887,1697
1335,419,1754
799,849,1648
1344,833,2177
1037,609,1646
786,1125,1911
843,466,1309
1091,469,1560
873,1207,2080
1054,686,1740
169,497,666
1234,739,1973
1183,824,2007
1008,425,1433
862,486,1348
1206,718,1924
681,1047,1728
155,442,597
157,698,855
1130,1400,2530
242,601,843
211,494,705
1237,1164,2401
462,514,976
300,641,941
773,1242,2015
813,978,1791
212,686,898
1144,1397,2541
723,975,1698
93,796,889
893,1387,2280
760,1365,2125
428,765,1193
304,464,768
347,887,1234
276,803,1079
1063,337,1400
1035,1316,2351
307,552,859
770,490,1260
996,321,1317
463,752,1215
210,580,790
533,493,1026
44,1136,1180
567,432,999
426,1096,1522
244,1010,1254
596,423,1019
1257,264,1521
723,844,1567
686,1041,1727
245,1427,1672
347,1009,1356
575,804,1379
1046,773,1819
681,1216,1897
292,1049,1341
905,481,1386
1012,942,1954
110,438,548
114,1117,1231
886,490,1376
440,1581,2021
60,912,972
916,728,1644
829,1508,2337
25,911,936
136,716,852
1119,519,1638
57,707,764
256,697,953
445,1131,1576
95,1002,1097
735,1379,2114
691,310,1001
584,607,1191
215,950,1165
821,689,1510
594,688,1282
304,1392,1696
122,1084,1206
1027,1004,2031
1402,694,2096
726,325,1051
370,1019,1389
972,618,1590
29,991,1020
483,1016,1499
448,654,1102
271,1212,1483
583,1105,1688
300,631,931
517,904,1421
539,535,1074
507,1017,1524
558,1113,1671
456,506,962
589,789,1378
196,691,887
982,1286,2268
945,614,1559
512,502,1014
257,657,914
423,693,1116
899,462,1361
495,731,1226
125,1087,1212
425,285,710
788,1945,2733
841,742,1583
406,524,930
431,1503,1934
819,730,1549
832,1143,1975
222,566,788
883,705,1588
331,1598,1929
233,2160,2393
495,579,1074
875,450,1325
894,1279,2173
405,2082,2487
871,727,1598
463,321,784
700,1617,2317
894,1205,2099
67,412,479
444,501,945
494,1430,1924
1138,646,1784
980,1158,2138
1808,698,2506
597,1173,1770
1388,795,2183
1065,1294,2359
114,464,578
370,1051,1421
715,892,1607
1045,776,1821
183,672,855
561,732,1293
1878,777,2655
628,1485,2113
1118,569,1687
1048,764,1812
1073,1197,2270
595,904,1499
642,1138,1780
1715,673,2388
1362,491,1853
622,898,1520
507,1173,1680
642,1116,1758
703,1269,1972
623,594,1217
402,886,1288
478,696,1174
297,875,1172
1092,581,1673
410,499,909
634,574,1208
1525,873,2398
1093,759,1852
945,189,1134
652,396,1048
460,1292,1752
411,1365,1776
412,846,1258
1334,707,2041
1155,624,1779
1284,861,2145
1055,304,1359
1217,719,1936
862,1255,2117
368,1153,1521
561,660,1221
503,1182,1685
1276,914,2190
328,1312,1640
840,1205,2045
1127,450,1577
961,452,1413
415,1158,1573
1133,818,1951
580,1117,1697
49,574,623
949,987,1936
479,1083,1562
541,330,871
827,1171,1998
667,1038,1705
899,793,1692
1271,887,2158
705,949,1654
103,464,567
639,1091,1730
851,933,1784
46,498,544
698,913,1611
104,902,1006
1178,949,2127
796,981,1777
236,553,789
1211,762,1973
429,562,991
17,893,910
946,261,1207
240,1073,1313
614,2218,2832
1236,702,1938
454,760,1214
61,787,848
427,660,1087
1576,610,2186
743,246,989
818,1077,1895
91,312,403
903,967,1870
799,873,1672
297,1508,1805
526,1117,1643
1172,633,1805
775,1013,1788
1068,782,1850
1367,1922,3289
42,521,563
19,1613,1632
890,852,1742
440,949,1389
392,1176,1568
493,1024,1517
942,1017,1959
978,863,1841
210,877,1087
869,2217,3086
109,794,903
651,1315,1966
69,671,740
34,567,601
246,842,1088
891,1084,1975
588,567,1155
140,899,1039
263,886,1149
1236,850,2086
322,946,1268
751,1646,2397
332,863,1195
680,528,1208
559,819,1378
1798,1695,3493
1468,1094,2562
501,770,1271
730,618,1348
578,901,1479
958,867,1825
1623,1334,2957
571,420,991
702,660,1362
763,595,1358
1208,605,1813
1940,1010,2950
630,403,1033
271,477,748
974,361,1335
779,360,1139
984,760,1744
740,322,1062
430,360,790
619,274,893
1210,324,1534
556,381,937
498,295,793
746,215,961
715,235,950
177,1757,1934
386,431,817
228,302,530
335,1705,2040
546,1626,2172
205,314,519
231,431,662
665,1582,2247
554,1535,2089
191,483,674
295,1461,1756
886,1268,2154
192,540,732
699,1130,1829
150,530,680
1438,473,1911
344,389,733
1379,254,1633
210,524,734
465,439,904
1457,402,1859
233,674,907
1061,325,1386
63,2697,2760
1015,389,1404
262,681,943
1345,406,1751
638,330,968
106,675,781
1186,625,1811
26,419,445
188,2710,2898
129,2643,2772
549,380,929
179,654,833
543,2437,2980
376,583,959
143,483,626
534,2746,3280
664,2384,3048
20,674,694
357,298,655
185,575,760
30,442,472
474,2855,3329
292,683,975
745,2588,3333
454,284,738
1539,674,2213
1237,2152,3389
352,1002,1354
16,831,847
1454,680,2134
71,1255,1326
352,764,1116
715,2397,3112
715,351,1066
514,581,1095
103,981,1084
2680,880,3560
848,2848,3696
293,806,1099
194,865,1059
358,993,1351
414,931,1345
2654,732,3386
780,598,1378
702,898,1600
2474,997,3471
654,669,1323
178,606,784
341,958,1299
2247,659,2906
34,935,969
136,1186,1322
619,529,1148
252,746,998
2254,951,3205
650,1123,1773
687,917,1604
468,654,1122
207,808,1015
784,773,1557
403,820,1223
527,296,823
685,449,1134
112,543,655
1105,874,1979
507,700,1207
1217,2902,4119
717,339,1056
80,1204,1284
484,875,1359
1828,1282,3110
448,693,1141
2817,1649,4466
197,1104,1301
940,298,1238
802,490,1292
2795,1255,4050
402,950,1352
474,1115,1589
2907,855,3762
397,799,1196
27,457,484
445,693,1138
617,1124,1741
1139,241,1380
516,631,1147
748,915,1663
594,1009,1603
524,662,1186
859,264,1123
1030,940,1970
691,533,1224
67,958,1025
358,472,830
580,727,1307
915,471,1386
117,1192,1309
222,1165,1387
444,365,809
875,551,1426
694,697,1391
197,442,639
884,739,1623
856,674,1530
903,719,1622
350,412,762
1447,351,1798
725,641,1366
169,519,688
138,786,924
545,383,928
499,260,759
622,1054,1676
306,616,922
243,532,775
62,300,362
717,1062,1779
531,425,956
90,310,400
101,1018,1119
498,435,933
686,307,993
791,300,1091
140,302,442
118,399,517
200,287,487
240,297,537
414,160,574
845,346,1191
977,255,1232
295,233,528
474,1238,1712
379,1273,1652
237,791,1028
425,1177,1602
499,779,1278
1149,1425,2574
500,510,1010
1254,543,1797
1381,505,1886
242,535,777
1261,907,2168
375,783,1158
1193,939,2132
622,512,1134
543,1633,2176
1218,1140,2358
25,722,747
1449,1972,3421
329,1028,1357
72,707,779
1345,666,2011
694,755,1449
264,550,814
1390,841,2231
1012,924,1936
1477,1114,2591
607,1009,1616
1402,968,2370
1491,1243,2734
343,779,1122
592,249,841
961,1172,2133
352,697,1049
1344,1171,2515
338,1151,1489
735,906,1641
1465,762,2227
292,899,1191
591,396,987
330,1206,1536
801,403,1204
1489,1253,2742
608,646,1254
559,809,1368
1405,1142,2547
68,1144,1212
349,593,942
613,741,1354
299,527,826
927,665,1592
72,1300,1372
541,624,1165
163,717,880
455,985,1440
329,928,1257
550,1071,1621
444,739,1183
578,826,1404
753,1139,1892
626,863,1489
425,686,1111
261,616,877
902,1008,1910
615,772,1387
781,521,1302
1167,1258,2425
654,811,1465
94,1465,1559
524,1235,1759
417,1223,1640
191,1868,2059
612,379,991
1081,435,1516
956,693,1649
700,909,1609
114,1968,2082
798,969,1767
636,701,1337
557,1099,1656
1005,774,1779
493,965,1458
1178,964,2142
996,581,1577
681,1654,2335
862,1131,1993
729,853,1582
688,1067,1755
390,948,1338
1505,808,2313
910,641,1551
1004,1432,2436
1183,903,2086
197,788,985
1894,709,2603
1227,496,1723
905,596,1501
1690,557,2247
683,628,1311
1556,476,2032
1068,692,1760
1019,456,1475
787,723,1510
1268,305,1573
605,920,1525
799,664,1463
455,731,1186
691,356,1047
1012,946,1958
1312,293,1605
758,496,1254
708,812,1520
567,450,1017
572,1264,1836
779,619,1398
647,1790,2437
678,799,1477
578,1974,2552
827,402,1229
776,505,1281
725,1482,2207
1064,162,1226
694,1108,1802
470,840,1310
909,777,1686
1069,603,1672
666,1700,2366
775,948,1723
130,845,975
1527,730,2257
956,1038,1994
81,351,432
740,1280,2020
643,946,1589
69,599,668
47,671,718
497,1122,1619
69,1193,1262
237,773,1010
1767,549,2316
980,1306,2286
124,643,767
907,1061,1968
1406,793,2199
79,1059,1138
38,1145,1183
623,598,1221
492,795,1287
277,1199,1476
1236,979,2215
417,617,1034
456,1026,1482
166,2418,2584
182,1197,1379
969,588,1557
489,776,1265
391,1211,1602
688,318,1006
562,942,1504
658,1060,1718
19,877,896
440,2623,3063
155,814,969
682,896,1578
188,629,817
756,1047,1803
949,717,1666
1016,908,1924
1023,1128,2151
732,663,1395
167,966,1133
1046,2201,3247
218,1743,1961
765,296,1061
525,750,1275
675,1255,1930
416,779,1195
505,946,1451
808,1459,2267
948,580,1528
503,912,1415
2367,1193,3560
671,1623,2294
358,1099,1457
589,876,1465
661,1024,1685
300,713,1013
801,1014,1815
671,1219,1890
561,791,1352
725,1016,1741
2494,974,3468
708,1799,2507
454,1195,1649
824,1143,1967
629,1443,2072
1243,1037,2280
904,668,1572
1158,947,2105
599,734,1333
875,909,1784
2134,987,3121
99,905,1004
837,966,1803
1088,941,2029
746,1271,2017
1333,738,2071
955,943,1898
845,737,1582
519,921,1440
661,897,1558
950,903,1853
595,912,1507
819,736,1555
1344,726,2070
990,1298,2288
1559,775,2334
667,662,1329
679,900,1579
943,1042,1985
1243,883,2126
648,1030,1678
743,481,1224
1076,1016,2092
843,546,1389
927,399,1326
671,782,1453
1123,909,2032
1078,972,2050
473,726,1199
1205,649,1854
816,1289,2105
857,954,1811
853,1072,1925
617,808,1425
797,1242,2039
880,757,1637
861,2244,3105
740,1414,2154
440,1088,1528
1019,1380,2399
744,1239,1983
893,731,1624
1111,1245,2356
543,1173,1716
137,808,945
761,1252,2013
556,1211,1767
794,984,1778
280,1549,1829
850,1040,1890
456,713,1169
889,1103,1992
783,1346,2129
916,1985,2901
179,1283,1462
508,1818,2326
733,2178,2911
271,811,1082
570,1585,2155
841,1556,2397
574,886,1460
120,955,1075
808,1329,2137
662,730,1392
440,1295,1735
2147,819,2966
112,997,1109
1069,1338,2407
581,841,1422
456,988,1444
1795,865,2660
764,994,1758
810,678,1488
598,756,1354
446,939,1385
148,1291,1439
494,786,1280
690,984,1674
829,1120,1949
637,928,1565
1510,401,1911
921,486,1407
875,843,1718
728,547,1275
210,1569,1779
675,660,1335
468,730,1198
800,1385,2185
869,869,1738
825,422,1247
1109,1131,2240
1088,799,1887
498,635,1133
1428,679,2107
1147,1250,2397
903,887,1790
708,1307,2015
109,394,503
1169,360,1529
1490,290,1780
1268,1149,2417
880,703,1583
710,922,1632
823,792,1615
292,708,1000
46,430,476
330,364,694
1077,1280,2357
90,557,647
989,704,1693
359,501,860
401,349,750
1074,692,1766
55,721,776
529,429,958
55,888,943
320,470,790
550,885,1435
452,1483,1935
742,963,1705
844,1167,2011
602,1583,2185
306,788,1094
1577,1027,2604
126,611,737
66,908,974
130,728,858
161,1403,1564
1245,954,2199
122,1343,1465
478,639,1117
507,782,1289
345,848,1193
544,666,1210
770,1462,2232
867,1272,2139
490,917,1407
571,432,1003
53,1715,1768
415,914,1329
346,1006,1352
547,932,1479
68,1520,1588
357,1430,1787
651,546,1197
1056,802,1858
543,681,1224
881,985,1866
440,578,1018
570,460,1030
1111,823,1934
759,945,1704
1053,771,1824
632,827,1459
1185,813,1998
771,992,1763
185,871,1056
562,558,1120
234,1249,1483
595,826,1421
1376,628,2004
643,1538,2181
422,759,1181
839,691,1530
494,1125,1619
781,1220,2001
791,691,1482
757,485,1242
739,1415,2154
841,570,1411
1238,997,2235
1205,1359,2564
508,483,991
646,1102,1748
840,1201,2041
491,709,1200
1276,677,1953
1531,544,2075
424,1495,1919
701,957,1658
706,1132,1838
1335,1154,2489
807,979,1786
1137,491,1628
725,1020,1745
298,1246,1544
899,974,1873
901,913,1814
698,727,1425
775,1140,1915
1093,337,1430
942,530,1472
553,635,1188
1002,595,1597
648,1352,2000
438,1098,1536
700,815,1515
321,921,1242
849,768,1617
686,643,1329
1137,821,1958
475,551,1026
565,1110,1675
592,813,1405
481,1286,1767
286,1100,1386
955,1055,2010
1034,752,1786
524,651,1175
592,1158,1750
1159,487,1646
807,628,1435
304,805,1109
706,677,1383
1163,829,1992
554,1169,1723
1124,963,2087
1033,434,1467
1301,1417,2718
402,1891,2293
793,515,1308
600,640,1240
538,1012,1550
1161,734,1895
903,986,1889
643,882,1525
1095,469,1564
966,1234,2200
917,873,1790
505,600,1105
609,548,1157
943,1093,2036
430,1149,1579
1242,1850,3092
63,761,824
681,831,1512
904,1463,2367
1095,1217,2312
616,513,1129
1244,906,2150
1352,659,2011
617,671,1288
1099,2126,3225
150,748,898
1108,723,1831
1124,1716,2840
1184,2315,3499
1086,848,1934
1096,556,1652
980,1292,2272
759,521,1280
356,895,1251
577,1452,2029
1686,1107,2793
771,1045,1816
1004,1811,2815
468,376,844
1312,1110,2422
375,758,1133
472,791,1263
189,1103,1292
953,1399,2352
672,877,1549
247,917,1164
2068,723,2791
1600,704,2304
637,876,1513
460,770,1230
2209,658,2867
476,1031,1507
952,1376,2328
678,518,1196
641,918,1559
984,589,1573
523,594,1117
949,1259,2208
531,676,1207
1740,598,2338
1026,1631,2657
608,655,1263
599,1323,1922
825,377,1202
986,1029,2015
981,640,1621
469,928,1397
606,754,1360
928,1460,2388
454,725,1179
238,1153,1391
932,1409,2341
1220,1056,2276
657,642,1299
1276,1047,2323
521,834,1355
1224,847,2071
421,700,1121
512,758,1270
453,981,1434
694,1623,2317
582,867,1449
22,751,773
710,695,1405
1183,840,2023
1026,1023,2049
429,1874,2303
1520,817,2337
836,1074,1910
1332,882,2214
1157,810,1967
763,1213,1976
923,1431,2354
835,614,1449
767,693,1460
113,732,845
298,487,785
960,468,1428
1368,679,2047
585,628,1213
545,715,1260
561,931,1492
697,1392,2089
724,631,1355
600,1582,2182
928,1074,2002
738,824,1562
601,855,1456
1789,486,2275
668,564,1232
568,737,1305
781,720,1501
861,1210,2071
229,538,767
360,1009,1369
1031,600,1631
835,1457,2292
546,924,1470
611,1234,1845
566,690,1256
1091,1238,2329
705,711,1416
483,357,840
1121,732,1853
545,894,1439
241,602,843
674,1503,2177
477,1288,1765
607,715,1322
247,1936,2183
264,1100,1364
532,513,1045
263,1266,1529
903,700,1603
466,635,1101
510,530,1040
429,930,1359
338,1398,1736
542,799,1341
1145,1087,2232
630,643,1273
495,1918,2413
872,963,1835
252,659,911
911,885,1796
775,1002,1777
254,770,1024
1394,1022,2416
1371,1137,2508
869,1784,2653
826,909,1735
399,767,1166
440,724,1164
571,799,1370
501,1193,1694
326,1300,1626
886,1083,1969
1817,767,2584
1195,1544,2739
765,1254,2019
706,1191,1897
335,1215,1550
705,686,1391
354,793,1147
416,1349,1765
375,1881,2256
741,702,1443
845,1137,1982
1868,986,2854
810,1487,2297
905,1575,2480
1175,1482,2657
595,828,1423
633,1061,1694
981,1078,2059
674,741,1415
891,866,1757
1215,1295,2510
1037,1288,2325
724,1474,2198
723,1096,1819
682,1086,1768
1522,1069,2591
648,747,1395
751,798,1549
1348,1085,2433
564,503,1067
1071,1185,2256
556,1428,1984
1288,325,1613
1356,810,2166
774,1273,2047
1694,698,2392
1228,824,2052
1105,371,1476
1418,538,1956
657,446,1103
983,761,1744
454,1635,2089
887,555,1442
634,598,1232
1274,764,2038
1027,830,1857
337,1045,1382
513,2362,2875
695,886,1581
759,736,1495
408,1201,1609
707,401,1108
522,838,1360
912,701,1613
226,523,749
470,819,1289
598,1892,2490
1098,1924,3022
733,780,1513
854,805,1659
187,1221,1408
698,482,1180
690,617,1307
899,860,1759
933,942,1875
354,1246,1600
340,936,1276
1120,728,1848
598,2259,2857
105,1280,1385
398,1023,1421
897,561,1458
778,1312,2090
956,273,1229
618,2038,2656
1535,1669,3204
1176,940,2116
89,901,990
1173,2252,3425
188,1620,1808
572,1133,1705
623,363,986
990,1754,2744
417,1221,1638
1482,1300,2782
685,1950,2635
498,621,1119
2094,1618,3712
1981,1060,3041
612,1659,2271
548,1251,1799
128,637,765
1163,566,1729
1272,582,1854
421,638,1059
817,1395,2212
1038,521,1559
1656,1575,3231
516,1726,2242
803,1429,2232
666,687,1353
1912,605,2517
271,1182,1453
77,1085,1162
365,1954,2319
931,311,1242
1735,1374,3109
416,975,1391
74,1548,1622
216,459,675
1344,836,2180
992,832,1824
1036,1409,2445
1642,679,2321
554,1987,2541
698,566,1264
377,1764,2141
571,881,1452
587,1158,1745
1302,509,1811
271,902,1173
1245,951,2196
74,788,862
480,1240,1720
707,1917,2624
50,990,1040
406,767,1173
919,767,1686
1243,768,2011
730,215,945
1466,800,2266
455,1720,2175
286,1027,1313
1589,943,2532
310,989,1299
665,566,1231
603,837,1440
751,672,1423
133,589,722
766,735,1501
783,1673,2456
333,1168,1501
1751,970,2721
396,1102,1498
767,692,1459
1158,625,1783
977,966,1943
26,514,540
180,863,1043
609,615,1224
1480,1300,2780
88,758,846
889,349,1238
913,860,1773
1834,946,2780
262,669,931
1301,1714,3015
604,832,1436
620,845,1465
762,875,1637
191,981,1172
167,284,451
793,728,1521
485,524,1009
392,698,1090
756,691,1447
1611,1045,2656
439,573,1012
351,1230,1581
395,1159,1554
565,886,1451
243,362,605
475,986,1461
382,290,672
1249,1781,3030
646,712,1358
1527,888,2415
715,527,1242
665,1022,1687
890,1677,2567
676,927,1603
701,813,1514
436,358,794
903,401,1304
941,471,1412
1053,695,1748
502,689,1191
801,975,1776
685,775,1460
301,769,1070
1124,892,2016
491,428,919
606,623,1229
974,852,1826
1019,542,1561
834,171,1005
995,554,1549
268,489,757
98,704,802
859,518,1377
1243,1487,2730
1078,596,1674
62,928,990
286,529,815
312,455,767
651,843,1494
1104,855,1959
200,625,825
385,667,1052
717,817,1534
1559,198,1757
1028,1070,2098
776,516,1292
235,480,715
1070,907,1977
1028,1026,2054
214,761,975
292,572,864
1425,1425,2850
279,756,1035
449,600,1049
268,836,1104
445,1103,1548
301,782,1083
391,1121,1512
251,1252,1503
312,705,1017
573,1035,1608
473,924,1397
789,565,1354
419,1010,1429
601,597,1198
738,834,1572
1865,1442,3307
504,1219,1723
445,1272,1717
187,748,935
556,857,1413
708,945,1653
57,1010,1067
673,764,1437
314,749,1063
328,877,1205
345,1674,2019
543,1252,1795
822,858,1680
453,674,1127
960,492,1452
777,445,1222
870,1155,2025
348,1290,1638
516,960,1476
1020,767,1787
396,960,1356
900,1416,2316
995,982,1977
318,1847,2165
592,658,1250
1026,493,1519
713,1199,1912
1240,981,2221
1238,412,1650
554,1626,2180
644,793,1437
302,992,1294
891,430,1321
910,422,1332
1079,1089,2168
473,403,876
457,411,868
392,321,713
301,234,535
1101,950,2051
1179,1315,2494
1473,1038,2511
216,685,901
1407,468,1875
1464,538,2002
1551,416,1967
379,644,1023
993,612,1605
850,1306,2156
1596,1044,2640
1756,1344,3100
1111,747,1858
874,1371,2245
2205,558,2763
227,531,758
1191,793,1984
1338,602,1940
2076,702,2778
1443,1106,2549
439,834,1273
812,1420,2232
1358,764,2122
1475,578,2053
1437,399,1836
729,790,1519
375,1271,1646
197,564,761
1359,863,2222
1173,631,1804
1592,556,2148
1229,538,1767
891,752,1643
890,1377,2267
1274,853,2127
1542,1082,2624
274,822,1096
1148,1089,2237
1272,1515,2787
297,796,1093
377,870,1247
775,248,1023
409,696,1105
615,564,1179
598,583,1181
789,804,1593
218,1019,1237
1166,650,1816
277,811,1088
223,1056,1279
1206,885,2091
1084,814,1898
654,562,1216
854,329,1183
352,827,1179
1135,1262,2397
494,1096,1590
223,829,1052
444,798,1242
513,1130,1643
377,1233,1610
545,683,1228
194,764,958
943,721,1664
685,541,1226
89,1670,1759
652,935,1587
628,680,1308
692,396,1088
817,1064,1881
514,1207,1721
833,761,1594
263,1193,1456
889,1018,1907
706,1228,1934
411,1391,1802
516,998,1514
614,520,1134
977,727,1704
908,740,1648
579,1155,1734
619,655,1274
1510,457,1967
627,781,1408
1063,710,1773
455,658,1113
566,839,1405
687,639,1326
499,376,875
694,1598,2292
203,979,1182
925,457,1382
927,635,1562
915,572,1487
403,1116,1519
589,1085,1674
229,735,964
257,608,865
1453,374,1827
1016,986,2002
388,1001,1389
601,918,1519
533,397,930
574,862,1436
374,1090,1464
629,1158,1787
81,400,481
770,754,1524
807,614,1421
834,639,1473
982,490,1472
374,823,1197
659,1779,2438
544,865,1409
567,1133,1700
1079,627,1706
928,1244,2172
887,402,1289
752,833,1585
127,641,768
72,631,703
282,745,1027
130,568,698
952,584,1536
1088,1407,2495
707,358,1065
234,947,1181
977,775,1752
807,715,1522
794,329,1123
109,628,737
796,493,1289
268,303,571
1314,1914,3228
514,1573,2087
396,1002,1398
547,764,1311
132,874,1006
1079,828,1907
1043,1309,2352
320,656,976
363,1132,1495
278,940,1218
427,1864,2291
803,1315,2118
530,926,1456
525,874,1399
507,1083,1590
389,1119,1508
1447,1760,3207
450,731,1181
368,1181,1549
1151,1122,2273
1712,1964,3676
477,735,1212
221,314,535
568,940,1508
618,1042,1660
673,568,1241
768,840,1608
933,841,1774
550,708,1258
941,1080,2021
1826,1248,3074
713,604,1317
258,949,1207
702,1125,1827
612,927,1539
312,552,864
854,1006,1860
1091,1113,2204
879,834,1713
389,1241,1630
1002,789,1791
704,785,1489
206,1093,1299
892,859,1751
480,580,1060
985,801,1786
1585,726,2311
1302,1093,2395
650,448,1098
424,1229,1653
1402,929,2331
523,395,918
338,1131,1469
771,977,1748
969,571,1540
412,733,1145
804,986,1790
581,944,1525
563,400,963
664,1218,1882
1849,997,2846
585,763,1348
704,974,1678
706,957,1663
941,1184,2125
618,991,1609
1028,1068,2096
755,905,1660
699,498,1197
954,755,1709
850,441,1291
400,348,748
661,1016,1677
449,304,753
598,871,1469
173,262,435
184,668,852
746,1432,2178
705,1505,2210
96,573,669
574,1403,1977
919,1338,2257
882,1426,2308
1037,1138,2175
645,1248,1893
888,1356,2244
99,1010,1109
512,843,1355
260,1107,1367
1120,1304,2424
657,1630,2287
1195,180,1375
824,1932,2756
653,1552,2205
767,1850,2617
1197,237,1434
403,950,1353
468,1865,2333
1150,223,1373
967,1338,2305
226,1360,1586
1237,307,1544
808,1789,2597
448,1107,1555
808,1620,2428
1184,1234,2418
1449,233,1682
799,1809,2608
1347,591,1938
1492,620,2112
1394,796,2190
985,802,1787
1569,585,2154
1171,550,1721
1562,637,2199
1729,532,2261
238,1255,1493
1024,1889,2913
105,475,580
583,1279,1862
180,456,636
1347,569,1916
1473,1031,2504
91,509,600
1161,840,2001
450,199,649
821,959,1780
1426,456,1882
120,639,759
828,1632,2460
1664,937,2601
244,775,1019
1154,943,2097
198,335,533
1718,848,2566
426,603,1029
556,1982,2538
493,563,1056
601,530,1131
224,949,1173
573,427,1000
236,808,1044
753,605,1358
393,1463,1856
456,834,1290
739,737,1476
448,2433,2881
30,889,919
594,742,1336
423,404,827
38,1567,1605
640,939,1579
586,541,1127
622,529,1151
700,584,1284
1247,1656,2903
789,905,1694
87,581,668
444,794,1238
128,1481,1609
282,806,1088
1597,798,2395
141,1896,2037
211,543,754
1206,1368,2574
714,1343,2057
656,1112,1768
680,907,1587
1468,665,2133
1389,572,1961
580,876,1456
1328,2258,3586
1432,1520,2952
227,2442,2669
58,993,1051
547,550,1097
1500,651,2151
397,2368,2765
1317,714,2031
598,1011,1609
2538,234,2772
894,869,1763
377,1202,1579
256,1561,1817
467,753,1220
1275,595,1870
858,779,1637
1801,1633,3434
467,457,924
2420,268,2688
915,922,1837
765,848,1613
347,1783,2130
715,990,1705
564,723,1287
776,788,1564
1071,757,1828
570,550,1120
2194,466,2660
796,1058,1854
875,856,1731
538,565,1103
1153,1210,2363
567,1862,2429
863,2010,2873
837,1026,1863
810,2047,2857
429,1592,2021
152,692,844
850,1264,2114
944,1067,2011
608,552,1160
1351,1006,2357
671,540,1211
1625,1299,2924
393,1035,1428
541,2072,2613
690,3039,3729
194,910,1104
641,985,1626
1845,2041,3886
272,544,816
1670,948,2618
1682,1885,3567
1415,1456,2871
2670,490,3160
626,1504,2130
1863,1234,3097
458,839,1297
942,706,1648
908,704,1612
398,640,1038
1052,964,2016
1706,954,2660
568,1060,1628
1734,385,2119
813,1023,1836
1886,994,2880
1120,785,1905
837,809,1646
550,1237,1787
461,987,1448
938,1283,2221
673,1406,2079
1841,472,2313
1923,1002,2925
1371,779,2150
923,819,1742
34,586,620
797,804,1601
784,591,1375
45,585,630
999,1284,2283
906,497,1403
363,1360,1723
642,994,1636
403,1012,1415
529,1292,1821
129,731,860
937,1325,2262
319,366,685
774,1196,1970
456,497,953
483,394,877
1205,1508,2713
514,423,937
1098,796,1894
263,774,1037
468,653,1121
1060,1012,2072
654,1505,2159
525,673,1198
1300,754,2054
467,612,1079
853,1255,2108
638,391,1029
769,606,1375
1773,559,2332
1345,784,2129
263,1164,1427
1233,277,1510
1166,327,1493
739,750,1489
254,297,551
546,388,934
1314,352,1666
398,189,587
598,239,837
649,1380,2029
656,298,954
500,520,1020
1460,430,1890
346,574,920
502,322,824
714,1081,1795
705,370,1075
753,311,1064
466,483,949
467,646,1113
308,1942,2250
648,568,1216
599,687,1286
1427,368,1795
242,466,708
113,479,592
468,736,1204
789,1629,2418
586,309,895
183,578,761
449,736,1185
271,596,867
1282,1150,2432
590,410,1000
556,592,1148
1243,547,1790
351,469,820
527,457,984
615,398,1013
1278,535,1813
288,546,834
312,409,721
616,374,990
1405,551,1956
111,442,553
419,426,845
231,438,669
187,425,612
522,461,983
340,364,704
271,458,729
318,383,701
207,591,798
72,376,448
413,362,775
204,296,500
370,452,822
185,296,481
300,237,537
171,442,613
216,339,555
70,246,316
407,230,637
119,223,342
254,293,547
149,283,432
181,310,491
215,404,619
336,256,592
202,1699,1901
1107,1710,2817
239,352,591
2024,411,2435
253,394,647
367,562,929
301,2179,2480
1451,2688,4139
1274,2741,4015
1872,495,2367
283,369,652
640,237,877
2333,267,2600
1332,528,1860
3452,484,3936
2340,251,2591
79,432,511
804,212,1016
186,524,710
288,333,621
2991,546,3537
1742,831,2573
284,1509,1793
2922,374,3296
2076,772,2848
2976,934,3910
2738,500,3238
316,498,814
1760,781,2541
2616,851,3467
399,526,925
842,440,1282
648,665,1313
1287,762,2049
74,593,667
365,634,999
584,572,1156
54,628,682
2677,334,3011
217,501,718
1138,990,2128
318,781,1099
526,711,1237
429,783,1212
791,743,1534
1846,3565,5411
226,2122,2348
46,834,880
302,422,724
543,389,932
1289,1173,2462
334,901,1235
69,1101,1170
286,927,1213
517,695,1212
4710,698,5408
1754,785,2539
544,817,1361
794,614,1408
664,454,1118
365,1101,1466
495,815,1310
145,1255,1400
74,1038,1112
277,977,1254
52,746,798
1726,1014,2740
579,818,1397
230,467,697
27,644,671
630,947,1577
4139,878,5017
461,1107,1568
145,1427,1572
820,526,1346
3409,1183,4592
75,1670,1745
703,754,1457
219,711,930
56,891,947
916,922,1838
516,674,1190
477,711,1188
632,1176,1808
528,706,1234
273,951,1224
473,1526,1999
935,907,1842
499,902,1401
2047,933,2980
879,917,1796
565,697,1262
227,733,960
342,1367,1709
961,1092,2053
511,778,1289
504,802,1306
965,1046,2011
924,562,1486
675,711,1386
595,988,1583
267,918,1185
765,1134,1899
360,1075,1435
421,593,1014
759,1028,1787
521,529,1050
790,682,1472
488,792,1280
855,920,1775
584,1628,2212
531,1295,1826
696,529,1225
1539,1352,2891
561,1123,1684
1009,1012,2021
590,695,1285
1245,1122,2367
711,1422,2133
674,892,1566
581,1239,1820
187,504,691
578,894,1472
977,1164,2141
594,756,1350
834,898,1732
644,691,1335
1455,901,2356
1132,872,2004
401,686,1087
1005,979,1984
1004,912,1916
451,872,1323
857,1746,2603
221,830,1051
425,1545,1970
514,510,1024
286,1281,1567
387,241,628
578,1010,1588
625,1828,2453
1102,514,1616
990,1374,2364
1157,1153,2310
436,311,747
1115,219,1334
401,1388,1789
1229,1093,2322
411,334,745
735,238,973
996,817,1813
849,996,1845
1269,240,1509
1224,300,1524
916,1886,2802
1304,277,1581
256,1719,1975
781,1900,2681
1298,1380,2678
900,345,1245
871,1959,2830
708,1602,2310
1308,1455,2763
700,326,1026
521,1679,2200
868,1945,2813
245,633,878
676,507,1183
341,1854,2195
660,2038,2698
795,368,1163
916,388,1304
666,1712,2378
75,1030,1105
919,1900,2819
842,1560,2402
86,640,726
252,756,1008
1083,1515,2598
732,1538,2270
237,561,798
243,578,821
68,896,964
105,1656,1761
765,2128,2893
314,1623,1937
312,585,897
1849,638,2487
1100,1526,2626
1748,657,2405
278,661,939
533,730,1263
396,627,1023
1247,1199,2446
1744,947,2691
1381,785,2166
349,635,984
1738,701,2439
130,1816,1946
301,1014,1315
217,946,1163
410,743,1153
622,727,1349
1548,899,2447
1891,1037,2928
695,604,1299
1575,749,2324
1428,877,2305
1055,1391,2446
315,890,1205
531,790,1321
1444,921,2365
962,641,1603
427,1015,1442
209,725,934
168,563,731
1436,1096,2532
346,901,1247
1652,1039,2691
1342,968,2310
2041,862,2903
1767,947,2714
97,864,961
881,600,1481
353,585,938
219,700,919
185,908,1093
431,1193,1624
616,519,1135
1352,636,1988
1549,498,2047
64,1103,1167
654,1030,1684
500,763,1263
1716,1158,2874
559,583,1142
503,633,1136
764,1068,1832
454,482,936
82,792,874
267,511,778
237,1058,1295
273,1247,1520
725,822,1547
1277,1216,2493
764,1021,1785
535,943,1478
813,1223,2036
471,863,1334
876,646,1522
321,943,1264
603,924,1527
612,1242,1854
423,973,1396
982,895,1877
505,1239,1744
868,1264,2132
625,708,1333
1050,854,1904
109,607,716
850,673,1523
545,1202,1747
1023,1008,2031
566,886,1452
98,1177,1275
420,1118,1538
407,853,1260
1122,920,2042
793,1100,1893
361,630,991
768,1387,2155
795,615,1410
884,1036,1920
97,925,1022
568,1579,2147
1134,866,2000
607,665,1272
206,1239,1445
714,1682,2396
699,768,1467
399,867,1266
453,640,1093
796,517,1313
999,1531,2530
999,650,1649
476,1014,1490
470,1259,1729
876,2014,2890
1047,1347,2394
565,1010,1575
991,1697,2688
530,524,1054
528,1421,1949
1059,911,1970
749,660,1409
532,505,1037
500,1064,1564
1691,310,2001
971,882,1853
610,1467,2077
317,1157,1474
1335,728,2063
759,966,1725
808,988,1796
428,509,937
1171,841,2012
541,899,1440
337,1982,2319
613,970,1583
929,854,1783
454,1048,1502
722,823,1545
903,927,1830
853,431,1284
578,1439,2017
1529,787,2316
1045,1426,2471
812,445,1257
1506,311,1817
697,750,1447
643,1260,1903
332,694,1026
767,1194,1961
648,483,1131
937,844,1781
1033,978,2011
1277,1371,2648
1016,274,1290
1046,759,1805
806,776,1582
1259,1112,2371
342,833,1175
1237,923,2160
124,953,1077
467,1248,1715
736,1075,1811
383,971,1354
351,413,764
867,691,1558
508,777,1285
633,1124,1757
301,626,927
1828,765,2593
245,880,1125
165,627,792
1205,777,1982
686,500,1186
697,759,1456
599,510,1109
598,1078,1676
663,1310,1973
656,629,1285
530,656,1186
483,355,838
834,823,1657
593,960,1553
1264,944,2208
777,485,1262
1027,841,1868
1202,957,2159
631,623,1254
773,593,1366
509,477,986
1010,814,1824
418,985,1403
1284,1117,2401
634,547,1181
1049,919,1968
482,1111,1593
760,596,1356
913,684,1597
1057,674,1731
1162,1068,2230
215,634,849
484,466,950
667,599,1266
811,662,1473
948,574,1522
310,905,1215
566,1100,1666
1033,576,1609
1003,827,1830
799,1018,1817
1228,1075,2303
351,636,987
928,459,1387
367,682,1049
657,627,1284
350,893,1243
737,644,1381
1120,1878,2998
1068,797,1865
524,810,1334
117,481,598
269,753,1022
712,421,1133
544,906,1450
330,617,947
890,1827,2717
807,664,1471
449,629,1078
304,466,770
429,1195,1624
836,649,1485
466,772,1238
344,852,1196
942,1702,2644
520,725,1245
705,446,1151
447,459,906
595,1056,1651
792,427,1219
429,364,793
498,1076,1574
1792,585,2377
558,530,1088
118,713,831
624,1264,1888
511,409,920
404,506,910
539,757,1296
247,699,946
469,563,1032
1149,456,1605
1540,650,2190
569,462,1031
364,730,1094
743,565,1308
467,599,1066
457,614,1071
382,878,1260
507,1565,2072
567,562,1129
781,1381,2162
1608,574,2182
465,480,945
666,631,1297
955,414,1369
659,607,1266
870,331,1201
121,611,732
436,1648,2084
149,477,626
796,1380,2176
283,506,789
759,689,1448
620,884,1504
514,1693,2207
287,473,760
244,1498,1742
640,643,1283
215,555,770
673,1014,1687
1270,537,1807
189,770,959
875,604,1479
146,644,790
570,227,797
470,443,913
598,368,966
269,566,835
1537,319,1856
293,598,891
300,643,943
436,425,861
1747,522,2269
709,515,1224
323,422,745
83,698,781
1139,748,1887
178,874,1052
412,1003,1415
499,481,980
265,1326,1591
538,467,1005
1154,412,1566
587,197,784
561,477,1038
371,559,930
447,1130,1577
999,581,1580
522,596,1118
425,1188,1613
768,497,1265
474,270,744
278,1012,1290
647,259,906
1737,591,2328
529,603,1132
484,328,812
636,480,1116
814,956,1770
427,882,1309
1728,823,2551
634,780,1414
545,351,896
698,649,1347
605,895,1500
752,829,1581
1349,194,1543
217,278,495
481,541,1022
541,296,837
958,623,1581
796,282,1078
1199,320,1519
430,199,629
427,176,603
619,477,1096
780,182,962
1000,229,1229
1520,176,1696
431,145,576
882,160,1042
511,150,661
873,229,1102
654,1149,1803
613,638,1251
517,177,694
1263,164,1427
328,856,1184
679,444,1123
454,180,634
1658,140,1798
795,189,984
976,159,1135
513,208,721
556,175,731
735,216,951
767,165,932
1332,168,1500
750,210,960
1225,270,1495
480,181,661
1141,155,1296
565,629,1194
500,497,997
527,2237,2764
758,557,1315
1527,552,2079
649,596,1245
632,583,1215
585,2336,2921
694,608,1302
552,564,1116
624,2349,2973
581,540,1121
416,2264,2680
419,567,986
717,208,925
795,150,945
2524,160,2684
372,158,530
1059,1000,2059
460,918,1378
402,182,584
580,962,1542
952,1135,2087
2425,175,2600
443,963,1406
702,650,1352
503,1104,1607
2289,299,2588
684,594,1278
325,566,891
451,1077,1528
291,598,889
606,813,1419
730,173,903
507,371,878
591,372,963
709,186,895
758,207,965
123,437,560
911,179,1090
782,304,1086
676,283,959
196,512,708
680,242,922
524,849,1373
411,324,735
1380,1946,3326
203,303,506
323,1605,1928
611,1829,2440
1165,1832,2997
706,2227,2933
411,201,612
367,234,601
898,1115,2013
524,1857,2381
562,1849,2411
934,1923,2857
97,272,369
482,1157,1639
361,1861,2222
725,1474,2199
836,1903,2739
246,188,434
1455,194,1649
1407,276,1683
142,235,377
502,360,862
958,241,1199
318,399,717
234,685,919
608,302,910
327,324,651
416,296,712
1382,304,1686
427,317,744
742,431,1173
534,159,693
404,425,829
1366,202,1568
620,465,1085
480,280,760
467,259,726
272,544,816
623,285,908
731,393,1124
220,201,421
562,208,770
444,442,886
822,281,1103
332,169,501
309,270,579
413,497,910
433,222,655
470,169,639
610,390,1000
399,133,532
414,284,698
484,230,714
433,401,834
428,388,816
551,197,748
596,169,765
519,315,834
419,317,736
442,339,781
578,209,787
235,247,482
273,234,507
567,376,943
603,315,918
420,158,578
292,143,435
275,262,537
354,275,629
341,355,696
272,363,635
466,627,1093
452,264,716
427,258,685
453,213,666
571,220,791
548,671,1219
871,2955,3826
592,570,1162
457,580,1037
393,283,676
3269,372,3641
458,611,1069
817,3307,4124
211,1301,1512
434,828,1262
2827,386,3213
482,561,1043
441,567,1008
546,695,1241
374,716,1090
402,671,1073
3293,502,3795
1427,519,1946
426,747,1173
441,689,1130
2152,411,2563
427,740,1167
331,652,983
539,510,1049
499,600,1099
282,709,991
2111,568,2679
1495,562,2057
457,618,1075
902,165,1067
405,284,689
650,494,1144
506,444,950
281,846,1127
554,576,1130
423,396,819
496,644,1140
688,525,1213
379,634,1013
844,311,1155
2177,688,2865
1615,254,1869
577,795,1372
428,1054,1482
1038,154,1192
689,498,1187
903,207,1110
724,479,1203
498,942,1440
1034,215,1249
485,700,1185
626,265,891
555,913,1468
309,1342,1651
876,200,1076
707,517,1224
711,264,975
1079,378,1457
425,219,644
799,242,1041
804,333,1137
292,371,663
953,406,1359
817,298,1115
559,194,753
508,152,660
415,387,802
413,425,838
1046,326,1372
401,264,665
550,154,704
482,633,1115
542,373,915
521,154,675
445,591,1036
848,797,1645
537,709,1246
384,483,867
540,311,851
482,469,951
473,523,996
521,1548,2069
978,981,1959
495,1084,1579
308,580,888
1071,388,1459
1626,462,2088
424,429,853
340,535,875
434,790,1224
1974,484,2458
504,619,1123
1101,545,1646
414,793,1207
385,638,1023
1011,508,1519
1583,467,2050
366,548,914
347,809,1156
1148,647,1795
446,846,1292
1138,692,1830
448,966,1414
452,500,952
663,700,1363
908,708,1616
796,564,1360
651,387,1038
567,353,920
452,614,1066
1055,211,1266
592,471,1063
2014,609,2623
680,451,1131
572,430,1002
778,484,1262
505,578,1083
639,745,1384
1028,205,1233
1685,1014,2699
582,667,1249
479,744,1223
1194,824,2018
955,358,1313
718,758,1476
623,596,1219
1019,340,1359
756,617,1373
726,399,1125
548,711,1259
726,741,1467
706,609,1315
307,430,737
745,519,1264
452,564,1016
1061,204,1265
573,476,1049
884,325,1209
633,764,1397
1084,350,1434
806,172,978
655,660,1315
610,443,1053
834,191,1025
601,368,969
911,477,1388
951,253,1204
603,538,1141
279,247,526
865,172,1037
700,599,1299
851,442,1293
802,248,1050
1018,149,1167
1200,202,1402
951,237,1188
1144,774,1918
872,377,1249
926,301,1227
356,404,760
985,179,1164
1246,149,1395
974,256,1230
1273,226,1499
929,326,1255
974,270,1244
611,261,872
1054,421,1475
743,225,968
643,392,1035
1446,235,1681
886,531,1417
748,176,924
482,511,993
655,324,979
660,247,907
465,366,831
571,289,860
1036,288,1324
542,533,1075
419,324,743
589,646,1235
200,285,485
501,240,741
469,436,905
594,274,868
543,320,863
709,496,1205
337,210,547
550,638,1188
588,600,1188
383,224,607
497,552,1049
835,793,1628
278,397,675
714,497,1211
321,680,1001
609,916,1525
950,2010,2960
458,799,1257
429,497,926
394,400,794
2394,365,2759
42,519,561
550,359,909
734,342,1076
363,633,996
219,822,1041
458,644,1102
232,536,768
292,199,491
2436,336,2772
156,491,647
202,494,696
348,378,726
596,647,1243
317,574,891
223,696,919
247,534,781
506,795,1301
2285,492,2777
425,500,925
624,662,1286
420,604,1024
1427,138,1565
351,552,903
443,504,947
458,517,975
217,900,1117
456,678,1134
131,525,656
815,753,1568
445,878,1323
92,201,293
881,846,1727
101,525,626
150,378,528
258,442,700
538,513,1051
92,484,576
895,886,1781
548,715,1263
90,629,719
113,719,832
210,391,601
584,302,886
697,370,1067
329,629,958
622,965,1587
706,301,1007
511,306,817
785,298,1083
363,686,1049
692,300,992
230,1448,1678
630,261,891
614,326,940
256,649,905
616,249,865
409,685,1094
604,364,968
745,1008,1753
691,1116,1807
771,335,1106
236,328,564
689,588,1277
774,346,1120
652,208,860
705,448,1153
577,393,970
702,950,1652
1157,550,1707
632,755,1387
492,419,911
695,767,1462
860,765,1625
226,845,1071
121,465,586
470,548,1018
902,667,1569
100,368,468
711,625,1336
559,576,1135
554,559,1113
209,602,811
948,917,1865
630,973,1603
803,1321,2124
150,451,601
392,671,1063
310,761,1071
206,807,1013
162,777,939
497,2746,3243
887,1133,2020
426,642,1068
505,509,1014
413,665,1078
151,2813,2964
812,870,1682
207,900,1107
495,609,1104
358,742,1100
642,461,1103
1037,696,1733
516,501,1017
190,2825,3015
603,519,1122
377,811,1188
548,683,1231
587,405,992
600,359,959
729,348,1077
1191,1891,3082
683,444,1127
460,673,1133
123,403,526
2398,369,2767
514,662,1176
808,303,1111
611,646,1257
239,395,634
2432,417,2849
664,530,1194
332,350,682
1878,335,2213
134,1238,1372
250,891,1141
343,1448,1791
685,164,849
132,1522,1654
407,1263,1670
257,368,625
724,219,943
508,1298,1806
96,209,305
278,1418,1696
396,1243,1639
95,216,311
530,1277,1807
146,204,350
147,211,358
203,193,396
205,207,412
189,187,376
138,199,337
177,188,365
181,207,388
121,166,287
140,198,338
183,154,337
461,1551,2012
202,191,393
605,1318,1923
859,1067,1926
214,162,376
203,205,408
1059,187,1246
1004,246,1250
2007,191,2198
1446,233,1679
1437,272,1709
1387,378,1765
734,205,939
1435,296,1731
856,175,1031
913,194,1107
879,209,1088
1366,397,1763
942,250,1192
387,389,776
745,430,1175
364,444,808
897,304,1201
1001,501,1502
1098,295,1393
624,287,911
1088,290,1378
1090,277,1367
1798,405,2203
1087,386,1473
899,496,1395
482,557,1039
425,363,788
943,608,1551
507,377,884
795,344,1139
571,335,906
580,515,1095
1261,500,1761
512,525,1037
396,650,1046
490,396,886
709,625,1334
609,624,1233
558,393,951
623,450,1073
413,430,843
541,476,1017
654,634,1288
484,684,1168
737,579,1316
508,404,912
502,523,1025
622,656,1278
497,529,1026
618,468,1086
553,445,998
587,320,907
496,895,1391
591,836,1427
431,633,1064
596,200,796
630,1051,1681
418,595,1013
357,835,1192
471,511,982
603,585,1188
647,682,1329
528,964,1492
453,532,985
540,654,1194
414,469,883
229,575,804
471,613,1084
541,477,1018
551,571,1122
868,467,1335
587,1167,1754
682,688,1370
332,950,1282
510,968,1478
381,893,1274
187,444,631
569,901,1470
56,591,647
611,986,1597
539,721,1260
880,555,1435
642,921,1563
790,1161,1951
228,727,955
511,776,1287
135,616,751
793,1078,1871
205,529,734
297,1187,1484
512,1104,1616
549,924,1473
800,1138,1938
227,735,962
367,661,1028
438,534,972
924,802,1726
748,1120,1868
462,1172,1634
896,801,1697
1142,705,1847
336,575,911
738,604,1342
315,1019,1334
762,626,1388
622,553,1175
960,382,1342
654,751,1405
399,792,1191
476,693,1169
854,509,1363
373,947,1320
433,682,1115
694,636,1330
1016,289,1305
788,677,1465
899,533,1432
621,709,1330
1016,440,1456
645,864,1509
721,660,1381
453,779,1232
512,364,876
320,557,877
513,515,1028
398,606,1004
956,455,1411
283,434,717
600,486,1086
759,272,1031
687,752,1439
551,477,1028
466,504,970
583,653,1236
294,529,823
429,354,783
438,862,1300
618,246,864
944,687,1631
622,512,1134
377,575,952
549,1644,2193
135,441,576
842,491,1333
323,302,625
651,610,1261
669,453,1122
810,615,1425
243,494,737
614,594,1208
502,1530,2032
354,732,1086
400,392,792
688,648,1336
359,654,1013
368,590,958
510,881,1391
1069,381,1450
264,535,799
338,583,921
757,2631,3388
274,343,617
518,549,1067
471,609,1080
565,1638,2203
76,2711,2787
399,329,728
652,443,1095
309,762,1071
535,616,1151
240,886,1126
487,603,1090
509,553,1062
692,531,1223
402,1635,2037
195,2597,2792
406,271,677
487,597,1084
486,382,868
493,828,1321
605,691,1296
453,498,951
325,465,790
2631,445,3076
348,850,1198
512,627,1139
1393,618,2011
521,686,1207
519,790,1309
610,478,1088
922,422,1344
1442,832,2274
2693,579,3272
808,525,1333
728,457,1185
601,1066,1667
776,413,1189
2631,512,3143
383,218,601
85,473,558
906,859,1765
179,391,570
165,497,662
380,229,609
476,150,626
130,725,855
1077,761,1838
535,478,1013
904,828,1732
664,387,1051
523,514,1037
672,559,1231
1116,1216,2332
470,487,957
715,557,1272
806,226,1032
1024,1007,2031
893,822,1715
697,453,1150
1553,863,2416
596,1100,1696
605,790,1395
550,652,1202
622,1089,1711
625,298,923
1944,1303,3247
1231,928,2159
912,859,1771
780,301,1081
626,532,1158
663,809,1472
766,371,1137
983,670,1653
599,285,884
759,1130,1889
224,248,472
1315,1326,2641
795,295,1090
670,1224,1894
307,742,1049
1249,360,1609
341,755,1096
356,648,1004
587,373,960
782,1222,2004
308,697,1005
779,981,1760
767,302,1069
946,953,1899
218,452,670
1168,706,1874
382,766,1148
345,783,1128
346,737,1083
454,503,957
479,645,1124
546,739,1285
433,956,1389
405,792,1197
700,522,1222
401,798,1199
492,608,1100
1222,163,1385
745,344,1089
810,266,1076
831,158,989
1184,196,1380
826,675,1501
470,688,1158
330,986,1316
1109,210,1319
1297,356,1653
1072,385,1457
970,379,1349
130,195,325
992,327,1319
955,526,1481
959,420,1379
168,273,441
103,252,355
932,528,1460
1210,255,1465
1262,276,1538
110,447,557
1481,277,1758
298,161,459
330,197,527
1260,303,1563
1646,272,1918
458,195,653
411,282,693
411,268,679
581,271,852
538,170,708
587,198,785
574,197,771
500,278,778
578,240,818
618,176,794
642,185,827
660,248,908
586,202,788
747,257,1004
779,225,1004
731,157,888
672,201,873
766,248,1014
696,180,876
714,171,885
847,249,1096
666,198,864
742,323,1065
604,199,803
589,197,786
750,214,964
741,171,912
501,201,702
819,224,1043
716,168,884
671,206,877
786,210,996
795,134,929
917,1870,2787
607,230,837
609,251,860
754,150,904
1395,1385,2780
691,254,945
580,248,828
620,189,809
698,229,927
665,250,915
601,161,762
709,485,1194
685,478,1163
710,633,1343
666,517,1183
556,480,1036
645,571,1216
773,381,1154
343,461,804
476,538,1014
544,432,976
233,208,441
649,281,930
263,227,490
299,253,552
800,1192,1992
314,250,564
783,1296,2079
769,1227,1996
82,2996,3078
669,1124,1793
247,242,489
741,1156,1897
626,1149,1775
2056,1001,3057
550,1088,1638
202,246,448
636,1102,1738
475,1084,1559
2080,1000,3080
140,237,377
712,1316,2028
2367,737,3104
199,228,427
654,2596,3250
586,1288,1874
680,1543,2223
1977,1413,3390
584,991,1575
193,319,512
823,740,1563
349,763,1112
443,1203,1646
548,1382,1930
1812,1428,3240
938,317,1255
207,464,671
545,1580,2125
1049,209,1258
124,582,706
1011,410,1421
624,1238,1862
138,412,550
193,623,816
1010,631,1641
1088,540,1628
158,440,598
867,718,1585
1760,1320,3080
168,546,714
1097,347,1444
248,391,639
1113,672,1785
303,437,740
28,394,422
493,1804,2297
351,953,1304
365,847,1212
56,849,905
1415,266,1681
338,646,984
87,362,449
40,535,575
256,284,540
464,433,897
739,1749,2488
58,558,616
424,1017,1441
475,742,1217
177,717,894
705,530,1235
167,518,685
394,1567,1961
281,441,722
169,767,936
1184,1034,2218
99,571,670
432,1115,1547
496,733,1229
1203,179,1382
295,941,1236
189,1847,2036
88,665,753
184,652,836
209,1047,1256
421,591,1012
490,754,1244
846,729,1575
61,518,579
341,541,882
289,985,1274
889,1458,2347
187,977,1164
269,957,1226
743,898,1641
533,662,1195
336,614,950
758,648,1406
557,996,1553
86,983,1069
347,1054,1401
1534,937,2471
438,887,1325
247,889,1136
117,632,749
417,756,1173
396,704,1100
1083,436,1519
953,636,1589
276,938,1214
848,697,1545
1797,794,2591
527,797,1324
473,804,1277
1360,709,2069
489,627,1116
718,558,1276
643,648,1291
1120,498,1618
914,664,1578
220,800,1020
491,641,1132
1077,411,1488
976,342,1318
460,1014,1474
444,714,1158
544,1061,1605
1120,516,1636
531,574,1105
887,774,1661
829,633,1462
1398,182,1580
421,860,1281
625,656,1281
1408,310,1718
539,922,1461
482,583,1065
641,844,1485
1418,541,1959
678,901,1579
616,230,846
1199,471,1670
895,743,1638
770,562,1332
1100,667,1767
505,510,1015
1078,740,1818
657,1047,1704
1125,805,1930
514,641,1155
709,414,1123
398,1087,1485
1295,651,1946
806,390,1196
1555,489,2044
671,564,1235
1124,1243,2367
666,660,1326
116,1113,1229
595,879,1474
766,699,1465
373,1261,1634
593,768,1361
252,692,944
255,728,983
861,664,1525
774,676,1450
281,797,1078
432,1159,1591
437,775,1212
599,641,1240
340,772,1112
724,1031,1755
682,722,1404
306,814,1120
876,637,1513
258,746,1004
650,941,1591
551,1274,1825
468,1068,1536
742,560,1302
233,963,1196
972,1083,2055
462,1060,1522
314,969,1283
813,576,1389
596,722,1318
720,920,1640
1053,1056,2109
747,802,1549
701,544,1245
337,726,1063
1297,599,1896
751,646,1397
743,597,1340
952,487,1439
596,805,1401
651,944,1595
731,1065,1796
1127,501,1628
718,726,1444
621,887,1508
1252,925,2177
1074,346,1420
952,889,1841
901,538,1439
701,661,1362
967,575,1542
933,976,1909
832,865,1697
791,1053,1844
264,382,646
1073,925,1998
750,601,1351
1113,553,1666
446,666,1112
785,923,1708
299,913,1212
496,740,1236
594,555,1149
945,863,1808
340,795,1135
873,703,1576
712,478,1190
1097,757,1854
465,749,1214
1000,956,1956
818,459,1277
528,696,1224
831,430,1261
657,951,1608
544,862,1406
685,751,1436
549,972,1521
282,619,901
116,718,834
195,801,996
641,865,1506
232,746,978
305,608,913
950,477,1427
840,826,1666
531,416,947
1022,1158,2180
485,538,1023
572,540,1112
413,610,1023
563,493,1056
664,493,1157
601,592,1193
438,518,956
897,1072,1969
787,300,1087
656,516,1172
672,644,1316
695,543,1238
845,1173,2018
741,417,1158
441,304,745
382,1025,1407
821,413,1234
705,198,903
667,732,1399
810,408,1218
532,981,1513
611,245,856
736,481,1217
1074,429,1503
780,615,1395
358,1012,1370
686,412,1098
596,735,1331
680,349,1029
586,265,851
1150,459,1609
751,267,1018
625,520,1145
575,458,1033
580,194,774
1246,227,1473
572,263,835
667,604,1271
509,185,694
298,228,526
384,167,551
778,926,1704
881,393,1274
400,166,566
439,368,807
517,645,1162
567,279,846
689,149,838
946,549,1495
321,226,547
1086,169,1255
553,239,792
355,218,573
1177,194,1371
474,496,970
1312,420,1732
1008,177,1185
515,413,928
1033,2552,3585
701,1118,1819
518,230,748
420,504,924
688,376,1064
959,424,1383
373,397,770
59,2766,2825
364,170,534
475,557,1032
389,407,796
300,404,704
489,533,1022
579,171,750
316,2541,2857
464,622,1086
442,565,1007
393,325,718
423,311,734
324,570,894
400,628,1028
470,238,708
466,240,706
460,344,804
457,503,960
576,237,813
682,151,833
595,406,1001
849,1770,2619
348,785,1133
786,235,1021
1650,555,2205
769,468,1237
93,196,289
1476,1648,3124
967,193,1160
780,398,1178
901,256,1157
1713,527,2240
725,566,1291
1436,1242,2678
76,345,421
1638,635,2273
739,654,1393
103,512,615
188,400,588
2540,663,3203
209,351,560
1778,742,2520
136,446,582
563,193,756
542,240,782
89,584,673
230,459,689
2007,782,2789
224,490,714
1827,780,2607
198,517,715
607,217,824
194,601,795
341,462,803
776,3325,4101
886,826,1712
109,566,675
1640,613,2253
562,264,826
2929,1512,4441
767,298,1065
199,599,798
443,663,1106
1201,663,1864
2742,1629,4371
242,966,1208
265,956,1221
987,586,1573
50,816,866
438,825,1263
306,1017,1323
841,531,1372
3213,756,3969
240,1114,1354
263,1437,1700
519,884,1403
36,928,964
71,830,901
331,618,949
295,1193,1488
92,585,677
1271,740,2011
312,1237,1549
266,1650,1916
221,877,1098
58,945,1003
604,1288,1892
696,388,1084
381,1223,1604
125,799,924
824,1005,1829
498,1185,1683
731,518,1249
118,924,1042
400,773,1173
1442,618,2060
335,1149,1484
259,1114,1373
236,863,1099
1644,205,1849
558,884,1442
454,905,1359
909,537,1446
462,976,1438
360,1781,2141
861,771,1632
474,712,1186
1076,443,1519
999,696,1695
837,770,1607
993,605,1598
717,741,1458
635,1612,2247
1085,652,1737
448,679,1127
650,680,1330
1170,627,1797
701,777,1478
836,539,1375
861,497,1358
413,1376,1789
1125,530,1655
648,623,1271
800,268,1068
905,576,1481
964,530,1494
363,321,684
145,557,702
1482,430,1912
756,456,1212
363,382,745
472,309,781
628,157,785
526,239,765
774,174,948
579,206,785
394,1353,1747
572,405,977
872,1214,2086
261,462,723
626,338,964
1594,438,2032
39,187,226
620,391,1011
667,1115,1782
1915,501,2416
949,1120,2069
897,205,1102
838,282,1120
229,474,703
911,273,1184
263,426,689
372,516,888
154,1501,1655
476,380,856
130,1588,1718
271,1573,1844
482,623,1105
444,1245,1689
552,541,1093
394,484,878
424,529,953
945,978,1923
820,1076,1896
417,488,905
484,634,1118
814,972,1786
403,480,883
459,631,1090
1362,501,1863
415,837,1252
318,923,1241
374,507,881
459,466,925
1456,612,2068
444,841,1285
371,621,992
439,864,1303
459,897,1356
292,985,1277
293,887,1180
406,464,870
1015,461,1476
404,1065,1469
430,596,1026
477,878,1355
908,341,1249
484,374,858
858,501,1359
422,748,1170
448,605,1053
425,518,943
624,933,1557
1114,660,1774
435,885,1320
863,542,1405
357,706,1063
576,556,1132
828,502,1330
597,678,1275
327,541,868
1041,537,1578
611,624,1235
853,543,1396
1132,304,1436
394,586,980
940,554,1494
288,739,1027
909,454,1363
135,346,481
945,662,1607
968,397,1365
572,515,1087
432,746,1178
472,538,1010
434,179,613
619,487,1106
749,2604,3353
506,425,931
1399,1971,3370
543,461,1004
664,540,1204
494,229,723
469,234,703
757,425,1182
613,334,947
767,1869,2636
893,602,1495
660,376,1036
208,415,623
608,520,1128
796,1073,1869
690,418,1108
714,483,1197
309,369,678
495,588,1083
89,1252,1341
337,448,785
287,907,1194
558,807,1365
332,1035,1367
325,1069,1394
1002,1808,2810
558,519,1077
441,954,1395
144,339,483
644,630,1274
1157,295,1452
339,1121,1460
594,810,1404
292,424,716
758,785,1543
794,328,1122
621,841,1462
345,617,962
193,1333,1526
1003,176,1179
1924,637,2561
637,980,1617
433,674,1107
314,464,778
1033,561,1594
224,863,1087
255,996,1251
202,595,797
627,1128,1755
83,215,298
1637,926,2563
530,852,1382
734,617,1351
131,385,516
680,781,1461
444,1014,1458
461,1021,1482
269,775,1044
184,1309,1493
423,820,1243
1749,1009,2758
795,769,1564
754,764,1518
187,392,579
693,789,1482
592,968,1560
728,782,1510
585,520,1105
891,780,1671
310,979,1289
188,631,819
932,723,1655
525,722,1247
154,500,654
496,696,1192
348,766,1114
795,855,1650
944,683,1627
1072,694,1766
530,618,1148
367,572,939
695,795,1490
659,439,1098
347,1169,1516
868,758,1626
934,727,1661
1246,763,2009
299,659,958
349,628,977
561,763,1324
686,268,954
749,977,1726
631,771,1402
565,838,1403
538,769,1307
259,929,1188
556,640,1196
650,820,1470
201,475,676
718,911,1629
779,816,1595
650,619,1269
633,744,1377
913,836,1749
839,492,1331
668,755,1423
934,488,1422
397,1489,1886
453,452,905
291,612,903
555,793,1348
595,1353,1948
543,481,1024
469,555,1024
325,683,1008
662,417,1079
215,554,769
76,722,798
469,713,1182
647,454,1101
237,882,1119
416,833,1249
472,868,1340
578,513,1091
478,540,1018
537,494,1031
642,557,1199
405,393,798
363,731,1094
471,806,1277
796,2029,2825
45,478,523
482,1257,1739
436,728,1164
954,1908,2862
206,930,1136
541,549,1090
642,767,1409
322,596,918
625,767,1392
500,493,993
435,726,1161
858,1270,2128
784,421,1205
698,1890,2588
494,1163,1657
193,728,921
972,869,1841
351,596,947
1897,525,2422
615,643,1258
482,708,1190
395,924,1319
728,597,1325
607,1204,1811
425,543,968
231,997,1228
445,1232,1677
535,452,987
816,1113,1929
611,474,1085
400,855,1255
468,831,1299
669,907,1576
1017,864,1881
359,740,1099
552,604,1156
1077,616,1693
656,474,1130
200,357,557
731,602,1333
604,798,1402
904,291,1195
1073,799,1872
276,1129,1405
1110,313,1423
48,652,700
435,779,1214
995,629,1624
514,1005,1519
213,761,974
1514,502,2016
87,814,901
676,363,1039
724,624,1348
205,427,632
1598,1051,2649
401,626,1027
240,742,982
300,638,938
554,375,929
67,1027,1094
817,721,1538
419,266,685
383,830,1213
318,799,1117
378,290,668
426,275,701
434,814,1248
334,202,536
375,198,573
872,256,1128
391,193,584
186,191,377
706,253,959
815,713,1528
801,811,1612
1308,749,2057
360,778,1138
745,802,1547
1267,455,1722
1386,279,1665
665,723,1388
1190,461,1651
799,558,1357
998,432,1430
1002,473,1475
1211,461,1672
1459,333,1792
1000,512,1512
863,612,1475
1064,468,1532
683,440,1123
673,356,1029
615,1346,1961
632,449,1081
1199,453,1652
654,469,1123
637,540,1177
201,352,553
1053,1017,2070
1050,1067,2117
1151,993,2144
1202,629,1831
95,1014,1109
1686,220,1906
248,870,1118
108,1054,1162
144,1028,1172
165,802,967
469,707,1176
93,1166,1259
254,1112,1366
147,1111,1258
312,1053,1365
402,1020,1422
456,978,1434
1001,1031,2032
153,799,952
323,1233,1556
130,1044,1174
127,1141,1268
434,694,1128
144,1270,1414
824,802,1626
715,778,1493
341,306,647
845,341,1186
472,805,1277
337,556,893
802,530,1332
1250,753,2003
465,1216,1681
275,355,630
531,494,1025
350,366,716
892,409,1301
703,1029,1732
178,1114,1292
663,394,1057
561,695,1256
611,1205,1816
113,618,731
71,481,552
178,1329,1507
960,738,1698
332,1292,1624
529,522,1051
217,536,753
462,1217,1679
1050,656,1706
184,1558,1742
907,512,1419
114,765,879
182,590,772
488,408,896
325,1293,1618
1077,556,1633
314,1502,1816
596,243,839
141,874,1015
43,447,490
808,451,1259
1286,266,1552
378,182,560
354,720,1074
211,317,528
699,338,1037
432,188,620
363,220,583
754,1385,2139
383,297,680
675,229,904
674,666,1340
939,238,1177
639,301,940
738,165,903
317,1506,1823
703,171,874
504,1590,2094
999,871,1870
111,167,278
109,860,969
969,469,1438
151,241,392
178,231,409
1354,597,1951
668,574,1242
966,1270,2236
1278,664,1942
156,247,403
265,864,1129
1333,882,2215
128,345,473
167,301,468
1414,740,2154
130,573,703
861,1295,2156
208,258,466
198,473,671
687,756,1443
1343,754,2097
223,541,764
1293,956,2249
366,538,904
1144,600,1744
219,724,943
415,459,874
393,639,1032
192,551,743
393,532,925
430,716,1146
401,649,1050
706,382,1088
118,730,848
2025,137,2162
439,465,904
257,622,879
397,2383,2780
439,622,1061
524,833,1357
130,503,633
539,773,1312
491,590,1081
852,687,1539
73,163,236
464,449,913
413,491,904
196,2557,2753
66,979,1045
412,713,1125
689,371,1060
375,2521,2896
69,978,1047
599,570,1169
129,324,453
434,502,936
172,895,1067
306,747,1053
359,818,1177
758,965,1723
587,351,938
157,2435,2592
150,1020,1170
516,548,1064
231,400,631
230,500,730
707,444,1151
440,872,1312
537,784,1321
533,954,1487
363,464,827
2400,347,2747
451,871,1322
330,592,922
533,518,1051
790,786,1576
921,676,1597
580,1199,1779
327,615,942
2539,567,3106
1038,635,1673
599,312,911
714,402,1116
2163,422,2585
706,598,1304
1033,625,1658
536,768,1304
1009,685,1694
148,363,511
111,410,521
858,694,1552
170,403,573
825,645,1470
175,410,585
770,808,1578
346,975,1321
805,683,1488
127,450,577
290,1138,1428
517,1748,2265
248,407,655
843,591,1434
383,316,699
206,437,643
634,581,1215
1146,600,1746
249,518,767
292,1285,1577
794,1399,2193
258,691,949
475,766,1241
350,719,1069
1267,353,1620
709,569,1278
307,684,991
612,1185,1797
423,501,924
775,1379,2154
430,584,1014
114,1079,1193
400,670,1070
70,586,656
122,664,786
327,1019,1346
154,1275,1429
750,569,1319
1761,567,2328
136,566,702
345,1081,1426
206,632,838
139,653,792
416,417,833
443,421,864
946,607,1553
234,643,877
967,651,1618
561,378,939
484,1149,1633
276,884,1160
1140,769,1909
486,637,1123
622,846,1468
536,1153,1689
1168,675,1843
537,607,1144
610,602,1212
209,868,1077
1196,668,1864
1306,640,1946
579,861,1440
478,649,1127
811,780,1591
24,1084,1108
498,561,1059
650,657,1307
599,838,1437
303,1151,1454
63,1234,1297
596,626,1222
652,602,1254
571,594,1165
1027,600,1627
539,806,1345
103,604,707
564,852,1416
635,1057,1692
840,747,1587
253,547,800
44,754,798
172,672,844
521,577,1098
322,630,952
794,564,1358
411,527,938
783,879,1662
829,1108,1937
357,729,1086
410,627,1037
221,812,1033
450,807,1257
295,745,1040
481,608,1089
1008,755,1763
472,617,1089
539,781,1320
513,835,1348
562,784,1346
620,690,1310
695,1095,1790
402,630,1032
513,665,1178
1017,824,1841
687,550,1237
558,605,1163
384,866,1250
516,668,1184
441,628,1069
619,534,1153
668,926,1594
1172,852,2024
699,876,1575
794,896,1690
643,796,1439
477,377,854
259,1322,1581
272,630,902
297,623,920
513,656,1169
680,780,1460
499,1188,1687
807,1020,1827
349,550,899
703,1004,1707
704,255,959
282,1737,2019
644,573,1217
549,684,1233
504,798,1302
1008,1201,2209
589,808,1397
388,988,1376
306,534,840
350,1039,1389
1253,804,2057
778,630,1408
863,688,1551
674,1051,1725
1650,461,2111
705,688,1393
631,1094,1725
1009,363,1372
589,455,1044
813,743,1556
787,671,1458
599,678,1277
969,596,1565
943,1019,1962
589,788,1377
653,538,1191
957,830,1787
560,324,884
204,798,1002
714,786,1500
593,939,1532
96,869,965
910,637,1547
956,746,1702
260,616,876
221,790,1011
915,752,1667
385,467,852
285,897,1182
792,1612,2404
771,836,1607
330,808,1138
322,796,1118
933,1517,2450
681,552,1233
365,676,1041
571,829,1400
711,582,1293
660,769,1429
538,625,1163
393,816,1209
540,768,1308
123,555,678
738,804,1542
683,614,1297
676,545,1221
930,1388,2318
713,620,1333
432,1086,1518
472,673,1145
151,838,989
680,859,1539
1505,784,2289
782,665,1447
760,339,1099
578,619,1197
754,702,1456
1347,436,1783
670,667,1337
697,619,1316
593,481,1074
382,716,1098
520,665,1185
669,344,1013
545,557,1102
1254,442,1696
450,731,1181
517,702,1219
729,327,1056
390,609,999
739,612,1351
857,216,1073
728,659,1387
674,708,1382
763,276,1039
40,234,274
602,628,1230
36,310,346
966,325,1291
808,162,970
74,290,364
915,215,1130
62,317,379
307,170,477
169,272,441
185,268,453
312,226,538
372,156,528
232,272,504
274,236,510
364,240,604
339,155,494
251,257,508
350,213,563
295,776,1071
341,849,1190
298,775,1073
277,774,1051
780,1373,2153
264,830,1094
273,744,1017
307,919,1226
786,776,1562
515,2892,3407
923,1672,2595
214,911,1125
665,760,1425
1799,641,2440
478,1745,2223
305,809,1114
239,929,1168
906,1859,2765
852,652,1504
1707,620,2327
454,760,1214
1679,967,2646
1504,822,2326
219,728,947
605,208,813
897,282,1179
856,2888,3744
642,577,1219
291,230,521
1572,982,2554
686,291,977
1217,683,1900
666,2726,3392
1570,916,2486
474,518,992
1143,921,2064
590,388,978
273,961,1234
310,1365,1675
227,533,760
714,577,1291
855,2588,3443
522,563,1085
1194,2243,3437
714,783,1497
2591,925,3516
390,570,960
249,813,1062
775,228,1003
2642,659,3301
161,626,787
592,447,1039
1134,138,1272
365,599,964
710,1085,1795
211,361,572
156,465,621
144,511,655
164,358,522
172,468,640
1678,1727,3405
242,385,627
541,857,1398
296,1403,1699
833,1032,1865
736,795,1531
2219,483,2702
804,839,1643
189,562,751
212,562,774
1532,2120,3652
602,1160,1762
121,2012,2133
294,542,836
329,289,618
214,789,1003
402,645,1047
638,568,1206
241,785,1026
288,436,724
273,1058,1331
954,1020,1974
89,565,654
341,624,965
1000,647,1647
131,573,704
262,886,1148
616,926,1542
476,874,1350
828,494,1322
860,664,1524
455,863,1318
474,705,1179
765,713,1478
587,170,757
454,879,1333
489,960,1449
591,943,1534
1116,2157,3273
297,705,1002
604,1094,1698
332,737,1069
736,407,1143
658,355,1013
292,813,1105
834,991,1825
105,1083,1188
1443,1513,2956
593,500,1093
652,636,1288
1017,1262,2279
524,732,1256
597,428,1025
792,572,1364
280,983,1263
1020,988,2008
513,539,1052
618,462,1080
424,749,1173
1232,2042,3274
694,695,1389
625,719,1344
582,491,1073
1952,1488,3440
861,777,1638
848,814,1662
355,812,1167
1138,1365,2503
717,821,1538
1042,672,1714
473,318,791
202,501,703
476,736,1212
823,708,1531
567,682,1249
231,783,1014
2093,219,2312
943,877,1820
643,757,1400
543,505,1048
310,650,960
447,910,1357
960,564,1524
558,494,1052
396,686,1082
1536,226,1762
878,868,1746
648,473,1121
308,555,863
532,585,1117
800,485,1285
952,262,1214
452,1025,1477
911,305,1216
570,948,1518
1814,177,1991
1133,648,1781
483,945,1428
302,959,1261
1116,2352,3468
992,508,1500
1019,487,1506
641,278,919
746,839,1585
900,663,1563
220,439,659
846,814,1660
881,755,1636
811,670,1481
266,715,981
213,581,794
251,583,834
1171,582,1753
166,894,1060
287,674,961
449,650,1099
200,802,1002
878,1096,1974
825,808,1633
261,725,986
262,811,1073
413,853,1266
406,696,1102
526,621,1147
473,628,1101
1366,2532,3898
135,1102,1237
451,640,1091
480,750,1230
709,604,1313
692,573,1265
582,709,1291
567,702,1269
1022,269,1291
589,767,1356
657,469,1126
645,502,1147
1143,2456,3599
862,402,1264
900,196,1096
1100,2534,3634
598,777,1375
952,671,1623
602,637,1239
2500,1045,3545
780,766,1546
746,188,934
635,316,951
434,558,992
484,389,873
1409,318,1727
1158,268,1426
250,564,814
807,155,962
872,237,1109
541,486,1027
469,267,736
931,216,1147
365,695,1060
876,241,1117
886,600,1486
390,317,707
453,456,909
947,338,1285
444,617,1061
160,927,1087
482,863,1345
570,152,722
257,2034,2291
1043,514,1557
424,585,1009
259,537,796
414,881,1295
344,811,1155
302,646,948
450,2283,2733
2520,662,3182
608,1963,2571
877,495,1372
55,811,866
265,549,814
1173,684,1857
409,619,1028
366,660,1026
357,871,1228
650,2324,2974
2959,869,3828
192,1035,1227
922,687,1609
453,1008,1461
1400,957,2357
873,841,1714
453,623,1076
760,1965,2725
264,980,1244
1127,2043,3170
190,711,901
563,704,1267
654,461,1115
2387,582,2969
808,962,1770
914,967,1881
871,2141,3012
548,823,1371
326,1308,1634
490,700,1190
624,546,1170
566,1236,1802
1221,287,1508
1144,307,1451
1834,936,2770
1051,575,1626
916,418,1334
599,890,1489
513,1247,1760
2143,897,3040
1217,659,1876
883,566,1449
1078,576,1654
2008,890,2898
1060,665,1725
1224,534,1758
1117,469,1586
1334,569,1903
2448,503,2951
1303,746,2049
784,655,1439
1469,225,1694
1449,277,1726
2122,691,2813
463,495,958
1203,672,1875
221,636,857
1002,714,1716
236,682,918
1298,466,1764
173,815,988
917,732,1649
249,838,1087
127,931,1058
731,247,978
271,851,1122
508,598,1106
247,804,1051
439,537,976
586,615,1201
966,184,1150
377,801,1178
1277,689,1966
634,507,1141
360,300,660
538,773,1311
575,655,1230
714,508,1222
771,440,1211
671,674,1345
650,599,1249
414,497,911
563,234,797
289,983,1272
284,945,1229
504,689,1193
307,608,915
768,525,1293
618,420,1038
530,485,1015
961,605,1566
901,649,1550
235,479,714
697,1079,1776
149,579,728
667,1065,1732
434,825,1259
844,917,1761
545,278,823
824,674,1498
1171,356,1527
875,385,1260
706,1561,2267
279,512,791
228,561,789
885,1050,1935
439,1097,1536
646,1117,1763
579,990,1569
713,1273,1986
851,994,1845
708,1118,1826
779,1043,1822
1010,1136,2146
543,426,969
726,962,1688
744,997,1741
1176,1233,2409
156,1048,1204
882,1025,1907
388,871,1259
834,1317,2151
617,346,963
394,904,1298
494,593,1087
279,1076,1355
374,958,1332
1203,978,2181
219,1135,1354
364,1104,1468
841,631,1472
1540,876,2416
510,754,1264
763,717,1480
452,786,1238
1034,724,1758
771,750,1521
1037,1135,2172
924,479,1403
821,735,1556
1018,584,1602
910,743,1653
496,932,1428
928,589,1517
259,739,998
306,845,1151
964,583,1547
795,1062,1857
768,706,1474
929,570,1499
885,620,1505
1050,584,1634
441,718,1159
876,946,1822
1157,887,2044
764,675,1439
1113,1145,2258
1195,908,2103
1011,497,1508
641,1096,1737
305,1036,1341
1071,644,1715
853,1179,2032
525,1230,1755
931,1539,2470
921,1591,2512
656,873,1529
273,1270,1543
658,818,1476
741,1306,2047
460,888,1348
1120,729,1849
1102,1620,2722
897,1064,1961
816,562,1378
410,1196,1606
581,689,1270
944,737,1681
714,707,1421
865,842,1707
648,1526,2174
1303,944,2247
513,668,1181
597,1139,1736
788,957,1745
346,510,856
969,517,1486
730,772,1502
459,1408,1867
1240,319,1559
961,1271,2232
917,1629,2546
872,572,1444
518,487,1005
1209,297,1506
783,1271,2054
1519,285,1804
662,415,1077
595,1099,1694
257,437,694
654,1752,2406
1567,386,1953
795,274,1069
354,286,640
1220,1022,2242
1438,627,2065
936,359,1295
366,618,984
1003,1587,2590
504,582,1086
452,498,950
580,470,1050
674,1357,2031
1552,311,1863
678,257,935
1441,1055,2496
944,409,1353
651,447,1098
151,339,490
108,344,452
792,749,1541
1602,598,2200
58,434,492
414,150,564
193,341,534
279,253,532
1301,1016,2317
554,837,1391
1200,623,1823
1146,686,1832
315,223,538
975,386,1361
1437,266,1703
414,217,631
615,345,960
455,696,1151
646,388,1034
155,684,839
22,141,163
704,148,852
109,453,562
162,622,784
1105,467,1572
1278,248,1526
787,380,1167
237,349,586
203,1041,1244
81,159,240
225,413,638
405,799,1204
145,1098,1243
170,230,400
98,694,792
298,466,764
428,905,1333
766,599,1365
441,946,1387
308,458,766
300,408,708
723,654,1377
230,680,910
289,472,761
508,425,933
338,508,846
767,804,1571
244,733,977
544,257,801
290,664,954
467,421,888
371,454,825
480,920,1400
295,710,1005
232,815,1047
820,198,1018
651,409,1060
830,310,1140
652,533,1185
634,524,1158
684,465,1149
801,276,1077
682,548,1230
862,240,1102
934,247,1181
740,761,1501
900,301,1201
69,386,455
1020,679,1699
285,210,495
252,235,487
1055,318,1373
1019,404,1423
430,346,776
369,308,677
464,399,863
625,1239,1864
538,338,876
967,357,1324
206,473,679
421,493,914
469,245,714
402,343,745
612,296,908
853,1145,1998
573,231,804
317,721,1038
327,634,961
555,470,1025
470,289,759
571,440,1011
506,256,762
1066,942,2008
622,272,894
448,687,1135
446,547,993
477,607,1084
594,241,835
565,406,971
593,342,935
486,835,1321
63,1289,1352
599,448,1047
393,269,662
545,624,1169
1044,646,1690
116,225,341
426,1124,1550
440,700,1140
88,337,425
148,382,530
405,2665,3070
667,545,1212
627,434,1061
475,643,1118
1053,656,1709
481,908,1389
1039,819,1858
393,804,1197
213,396,609
264,340,604
955,2744,3699
151,556,707
268,443,711
991,264,1255
1130,776,1906
764,981,1745
971,919,1890
624,748,1372
594,364,958
451,488,939
257,2862,3119
441,421,862
193,565,758
284,497,781
281,458,739
643,1085,1728
960,742,1702
147,853,1000
512,535,1047
347,3054,3401
536,583,1119
458,615,1073
523,646,1169
1033,226,1259
486,604,1090
1163,784,1947
672,697,1369
438,894,1332
320,681,1001
2853,602,3455
893,374,1267
220,712,932
240,733,973
123,338,461
982,338,1320
818,716,1534
774,744,1518
791,656,1447
586,450,1036
1102,574,1676
172,417,589
434,655,1089
439,677,1116
181,425,606
541,243,784
264,568,832
883,689,1572
533,296,829
2161,701,2862
147,532,679
239,469,708
195,508,703
568,185,753
2541,915,3456
212,946,1158
494,463,957
761,337,1098
438,483,921
595,651,1246
256,938,1194
521,703,1224
58,473,531
314,793,1107
698,566,1264
256,876,1132
173,335,508
890,413,1303
455,764,1219
499,655,1154
643,592,1235
196,401,597
824,453,1277
103,546,649
612,950,1562
1027,259,1286
254,495,749
430,1030,1460
38,386,424
220,471,691
248,510,758
550,189,739
542,239,781
839,742,1581
625,950,1575
570,221,791
236,567,803
333,496,829
560,223,783
640,143,783
166,738,904
705,938,1643
425,375,800
908,759,1667
750,151,901
556,451,1007
462,328,790
817,275,1092
858,156,1014
139,866,1005
686,267,953
917,205,1122
718,274,992
581,500,1081
956,374,1330
198,982,1180
938,319,1257
902,398,1300
169,1085,1254
110,308,418
760,447,1207
132,362,494
229,305,534
214,346,560
902,587,1489
155,465,620
233,388,621
261,422,683
124,381,505
235,1226,1461
143,521,664
114,654,768
244,405,649
255,391,646
264,416,680
143,518,661
1254,327,1581
805,1203,2008
115,726,841
605,580,1185
278,460,738
1283,521,1804
196,809,1005
487,528,1015
219,385,604
1929,156,2085
521,525,1046
589,602,1191
1907,239,2146
495,370,865
610,785,1395
659,524,1183
415,477,892
166,573,739
436,660,1096
383,453,836
396,580,976
56,414,470
515,961,1476
1170,274,1444
600,913,1513
542,636,1178
495,749,1244
430,1064,1494
1216,591,1807
757,696,1453
659,710,1369
211,539,750
283,597,880
494,394,888
394,707,1101
217,673,890
492,1305,1797
542,597,1139
493,623,1116
390,938,1328
460,846,1306
552,590,1142
530,1257,1787
590,617,1207
436,1231,1667
294,666,960
392,451,843
1044,725,1769
677,462,1139
405,684,1089
303,835,1138
775,895,1670
663,1089,1752
223,429,652
563,857,1420
37,562,599
196,524,720
1023,476,1499
232,518,750
129,648,777
468,969,1437
603,931,1534
394,1540,1934
244,540,784
724,826,1550
305,523,828
211,647,858
1064,480,1544
257,639,896
253,644,897
389,635,1024
364,803,1167
584,1181,1765
442,496,938
1343,327,1670
538,607,1145
533,865,1398
862,805,1667
364,1365,1729
189,1246,1435
470,568,1038
438,962,1400
522,833,1355
858,1740,2598
769,1211,1980
836,755,1591
612,837,1449
761,1595,2356
590,900,1490
516,926,1442
885,762,1647
326,1233,1559
1554,1132,2686
791,1221,2012
1153,742,1895
454,1099,1553
816,1205,2021
723,910,1633
593,1070,1663
245,638,883
857,852,1709
1038,1196,2234
944,837,1781
140,819,959
803,946,1749
860,1271,2131
261,853,1114
693,1123,1816
224,557,781
109,939,1048
1453,728,2181
844,633,1477
301,771,1072
115,1025,1140
1641,299,1940
688,531,1219
580,565,1145
810,514,1324
492,439,931
768,374,1142
850,447,1297
591,708,1299
856,688,1544
561,769,1330
908,305,1213
1074,443,1517
293,750,1043
245,280,525
827,646,1473
511,738,1249
671,544,1215
922,674,1596
1152,400,1552
406,891,1297
311,224,535
1045,629,1674
198,447,645
888,842,1730
1212,529,1741
108,1260,1368
829,565,1394
77,286,363
35,688,723
204,454,658
809,815,1624
230,571,801
207,1344,1551
239,589,828
994,511,1505
64,857,921
353,515,868
1100,492,1592
85,356,441
211,572,783
318,539,857
158,658,816
414,467,881
1364,523,1887
682,331,1013
327,407,734
627,256,883
444,673,1117
1115,1039,2154
385,523,908
334,642,976
203,267,470
80,1389,1469
700,573,1273
532,490,1022
659,427,1086
227,256,483
96,792,888
323,718,1041
622,612,1234
144,430,574
134,1365,1499
163,937,1100
197,357,554
748,898,1646
260,227,487
773,584,1357
655,554,1209
590,571,1161
559,681,1240
570,1115,1685
224,409,633
369,237,606
941,626,1567
61,532,593
434,367,801
331,425,756
159,611,770
736,973,1709
511,233,744
1352,333,1685
358,328,686
564,263,827
681,142,823
1426,273,1699
806,938,1744
761,379,1140
762,423,1185
803,363,1166
838,317,1155
810,373,1183
924,354,1278
103,348,451
83,368,451
111,400,511
475,370,845
1016,458,1474
146,331,477
971,366,1337
585,1007,1592
189,416,605
127,358,485
932,414,1346
245,487,732
207,501,708
337,469,806
30,306,336
241,606,847
220,515,735
160,626,786
275,630,905
258,587,845
293,628,921
291,652,943
66,433,499
287,523,810
779,822,1601
366,581,947
298,749,1047
159,673,832
398,545,943
352,654,1006
69,504,573
367,519,886
170,1082,1252
381,644,1025
291,759,1050
369,567,936
277,498,775
275,489,764
106,576,682
266,467,733
586,767,1353
1440,3099,4539
180,643,823
349,551,900
314,699,1013
1738,533,2271
477,481,958
311,802,1113
280,692,972
360,533,893
752,893,1645
308,3361,3669
380,571,951
473,758,1231
529,543,1072
122,746,868
482,678,1160
505,613,1118
515,631,1146
515,652,1167
968,661,1629
308,3456,3764
616,634,1250
684,524,1208
828,2877,3705
171,879,1050
519,647,1166
648,596,1244
612,672,1284
675,798,1473
577,807,1384
683,389,1072
579,928,1507
3343,489,3832
775,808,1583
77,788,865
334,592,926
3466,551,4017
75,879,954
550,767,1317
776,582,1358
141,862,1003
218,766,984
472,666,1138
329,683,1012
335,705,1040
2183,416,2599
58,826,884
367,758,1125
409,697,1106
562,588,1150
53,511,564
124,1013,1137
569,589,1158
71,1148,1219
357,770,1127
188,810,998
490,606,1096
488,196,684
514,878,1392
131,489,620
256,340,596
479,741,1220
340,862,1202
441,785,1226
477,827,1304
605,620,1225
774,515,1289
554,823,1377
400,313,713
294,411,705
62,705,767
768,501,1269
721,692,1413
793,624,1417
769,612,1381
481,365,846
617,253,870
340,638,978
595,337,932
428,483,911
683,273,956
505,312,817
585,424,1009
682,270,952
732,349,1081
906,183,1089
951,194,1145
963,205,1168
779,313,1092
1022,200,1222
905,267,1172
808,389,1197
916,263,1179
213,166,379
128,250,378
222,200,422
164,301,465
322,157,479
284,206,490
362,194,556
395,222,617
345,265,610
227,323,550
174,355,529
232,164,396
286,180,466
293,782,1075
438,559,997
464,205,669
426,682,1108
764,164,928
1756,166,1922
356,580,936
343,361,704
83,181,264
1270,198,1468
364,537,901
458,521,979
496,616,1112
450,195,645
283,694,977
433,691,1124
594,391,985
397,907,1304
242,683,925
805,1652,2457
349,351,700
224,391,615
263,855,1118
1773,831,2604
262,720,982
626,388,1014
143,350,493
469,405,874
377,688,1065
203,860,1063
274,885,1159
606,463,1069
115,868,983
555,776,1331
202,748,950
543,680,1223
234,817,1051
205,746,951
724,444,1168
828,430,1258
795,317,1112
416,757,1173
648,780,1428
228,894,1122
870,447,1317
310,914,1224
458,658,1116
344,880,1224
92,700,792
804,634,1438
673,684,1357
164,1544,1708
912,652,1564
370,472,842
714,624,1338
423,1265,1688
680,736,1416
124,844,968
469,1398,1867
331,911,1242
194,1721,1915
587,878,1465
657,1263,1920
480,619,1099
661,492,1153
935,582,1517
313,876,1189
859,562,1421
432,815,1247
669,1383,2052
381,633,1014
721,627,1348
913,430,1343
38,783,821
355,497,852
442,529,971
394,949,1343
175,788,963
566,842,1408
1477,652,2129
485,747,1232
464,621,1085
635,697,1332
770,894,1664
1624,713,2337
415,793,1208
667,478,1145
559,914,1473
429,580,1009
568,487,1055
680,817,1497
1208,581,1789
484,768,1252
696,902,1598
708,649,1357
123,1241,1364
559,728,1287
502,1088,1590
614,758,1372
1090,400,1490
277,1386,1663
698,365,1063
677,819,1496
517,665,1182
390,827,1217
772,937,1709
453,712,1165
292,1462,1754
674,583,1257
403,1062,1465
1114,561,1675
208,616,824
806,683,1489
783,1078,1861
627,655,1282
452,920,1372
1384,168,1552
445,911,1356
1149,1099,2248
618,554,1172
984,923,1907
610,830,1440
590,375,965
214,684,898
374,1002,1376
1409,305,1714
197,817,1014
729,865,1594
353,347,700
304,770,1074
353,1290,1643
585,478,1063
713,283,996
808,278,1086
514,587,1101
929,179,1108
310,1275,1585
763,353,1116
221,1124,1345
890,507,1397
1041,143,1184
734,491,1225
1376,529,1905
1073,166,1239
776,1309,2085
214,275,489
984,789,1773
931,472,1403
1167,614,1781
659,1000,1659
181,275,456
1070,729,1799
1183,622,1805
543,1240,1783
987,802,1789
1006,530,1536
219,284,503
1088,450,1538
1083,506,1589
1011,567,1578
232,567,799
861,1178,2039
1291,744,2035
466,340,806
1106,738,1844
217,649,866
84,355,439
703,254,957
72,680,752
764,300,1064
239,208,447
121,285,406
289,217,506
109,719,828
214,274,488
220,650,870
353,248,601
325,243,568
248,649,897
166,242,408
372,449,821
365,196,561
607,682,1289
308,385,693
286,180,466
689,658,1347
444,173,617
648,146,794
454,220,674
365,164,529
607,285,892
578,160,738
855,609,1464
908,709,1617
779,268,1047
398,259,657
848,699,1547
574,330,904
821,159,980
915,156,1071
456,280,736
798,325,1123
804,241,1045
409,184,593
774,174,948
552,342,894
626,189,815
561,187,748
660,1053,1713
1002,332,1334
830,468,1298
1331,573,1904
794,283,1077
1083,540,1623
497,455,952
636,420,1056
854,393,1247
928,397,1325
680,314,994
1503,356,1859
480,314,794
979,563,1542
542,317,859
1140,621,1761
679,879,1558
669,256,925
420,462,882
542,440,982
521,462,983
642,524,1166
777,605,1382
305,538,843
216,275,491
437,525,962
585,765,1350
603,663,1266
681,643,1324
512,575,1087
506,532,1038
727,1001,1728
411,570,981
326,692,1018
521,534,1055
866,365,1231
509,658,1167
654,603,1257
611,555,1166
439,565,1004
642,961,1603
548,583,1131
446,719,1165
784,279,1063
594,463,1057
450,663,1113
462,667,1129
472,647,1119
463,376,839
617,430,1047
394,498,892
447,772,1219
683,245,928
417,1041,1458
671,523,1194
917,363,1280
873,629,1502
570,548,1118
606,469,1075
691,412,1103
527,634,1161
544,662,1206
942,287,1229
527,1208,1735
608,428,1036
739,531,1270
872,760,1632
637,604,1241
794,370,1164
943,333,1276
782,566,1348
1043,173,1216
199,266,465
483,1299,1782
585,543,1128
774,591,1365
966,800,1766
893,448,1341
172,394,566
213,407,620
287,563,850
242,436,678
252,366,618
403,1248,1651
50,663,713
44,776,820
230,576,806
245,606,851
800,664,1464
356,532,888
343,581,924
1868,128,1996
682,460,1142
402,565,967
109,97,206
704,474,1178
264,390,654
500,602,1102
590,191,781
463,866,1329
306,420,726
570,815,1385
328,547,875
229,518,747
672,275,947
355,392,747
625,800,1425
1292,544,1836
543,747,1290
422,580,1002
688,702,1390
311,496,807
175,672,847
171,715,886
1312,1011,2323
306,184,490
481,1065,1546
514,432,946
268,650,918
665,1003,1668
410,167,577
771,829,1600
661,322,983
292,602,894
479,551,1030
357,707,1064
720,236,956
929,141,1070
928,158,1086
444,769,1213
986,206,1192
499,791,1290
589,325,914
941,275,1216
348,939,1287
313,909,1222
156,752,908
910,453,1363
824,163,987
1012,487,1499
683,481,1164
833,337,1170
230,313,543
591,865,1456
668,622,1290
303,908,1211
713,608,1321
735,353,1088
1045,654,1699
32,450,482
141,332,473
73,571,644
725,767,1492
704,643,1347
672,749,1421
493,1001,1494
663,778,1441
71,525,596
343,539,882
62,574,636
991,607,1598
190,531,721
176,415,591
939,737,1676
467,677,1144
308,419,727
459,343,802
1521,264,1785
303,566,869
360,566,926
264,704,968
266,548,814
394,735,1129
660,405,1065
364,606,970
510,533,1043
314,376,690
483,544,1027
487,696,1183
598,361,959
429,530,959
652,542,1194
578,477,1055
792,340,1132
549,540,1089
374,446,820
600,575,1175
692,307,999
635,400,1035
156,507,663
735,565,1300
534,746,1280
433,685,1118
602,500,1102
644,433,1077
574,810,1384
290,425,715
432,321,753
368,594,962
409,305,714
756,633,1389
708,250,958
898,360,1258
452,510,962
567,282,849
198,732,930
157,486,643
588,444,1032
411,873,1284
198,245,443
504,593,1097
491,611,1102
179,327,506
223,402,625
541,815,1356
1129,249,1378
260,423,683
137,598,735
624,712,1336
237,480,717
230,1220,1450
320,579,899
74,276,350
280,484,764
345,537,882
262,681,943
447,361,808
197,521,718
424,539,963
103,370,473
685,381,1066
396,559,955
332,300,632
407,374,781
599,947,1546
760,254,1014
726,320,1046
227,359,586
165,1020,1185
2972,658,3630
734,400,1134
460,351,811
399,452,851
375,723,1098
109,1238,1347
851,429,1280
702,173,875
253,535,788
267,1129,1396
850,442,1292
335,154,489
647,362,1009
284,1301,1585
198,408,606
951,539,1490
1068,550,1618
194,767,961
1042,676,1718
610,500,1110
591,1607,2198
177,464,641
422,529,951
276,373,649
291,1782,2073
253,606,859
492,255,747
468,402,870
1193,639,1832
641,896,1537
1133,271,1404
563,495,1058
115,848,963
348,1080,1428
420,1658,2078
279,608,887
115,407,522
406,408,814
493,597,1090
153,922,1075
1193,550,1743
611,1169,1780
461,600,1061
853,890,1743
1492,715,2207
363,610,973
477,947,1424
178,522,700
407,728,1135
227,987,1214
563,510,1073
123,1204,1327
442,717,1159
1672,732,2404
382,1223,1605
781,708,1489
230,746,976
743,863,1606
709,1037,1746
409,683,1092
130,516,646
621,451,1072
1576,863,2439
131,884,1015
442,1274,1716
267,824,1091
888,819,1707
625,752,1377
760,376,1136
174,1149,1323
306,336,642
447,587,1034
978,531,1509
1059,859,1918
581,635,1216
897,659,1556
567,652,1219
363,835,1198
312,469,781
315,1070,1385
346,473,819
556,1672,2228
486,735,1221
1114,1239,2353
730,478,1208
529,730,1259
989,928,1917
75,364,439
554,587,1141
723,698,1421
45,374,419
1094,340,1434
217,477,694
164,281,445
438,308,746
463,267,730
291,1426,1717
339,381,720
419,215,634
395,434,829
20,230,250
502,374,876
484,2044,2528
306,1531,1837
57,219,276
155,293,448
1168,1398,2566
437,2160,2597
440,1339,1779
477,1360,1837
571,1842,2413
231,1837,2068
211,413,624
531,1405,1936
90,264,354
67,331,398
723,1414,2137
1237,1419,2656
164,390,554
423,1374,1797
405,1824,2229
1356,1023,2379
468,701,1169
52,1290,1342
590,1834,2424
2050,374,2424
448,1747,2195
202,412,614
1260,1186,2446
1180,1329,2509
724,1380,2104
72,780,852
243,1303,1546
540,1866,2406
123,381,504
130,891,1021
1236,655,1891
728,1936,2664
1227,363,1590
1156,531,1687
1160,678,1838
154,764,918
482,1393,1875
217,1495,1712
1244,528,1772
756,433,1189
854,1021,1875
814,406,1220
722,526,1248
476,166,642
1123,822,1945
1571,589,2160
1472,553,2025
1087,216,1303
616,158,774
625,658,1283
1990,188,2178
1985,213,2198
754,152,906
1112,152,1264
647,819,1466
1613,175,1788
543,181,724
935,134,1069
1658,201,1859
343,184,527
428,631,1059
770,144,914
728,206,934
350,558,908
1061,153,1214
1435,1140,2575
2149,194,2343
967,632,1599
877,235,1112
1796,468,2264
513,3321,3834
312,649,961
389,665,1054
289,557,846
275,446,721
345,594,939
394,817,1211
568,387,955
364,197,561
1541,469,2010
1799,2265,4064
582,392,974
346,1408,1754
860,847,1707
332,556,888
533,401,934
392,790,1182
1614,612,2226
421,711,1132
998,596,1594
1478,2085,3563
664,223,887
433,606,1039
475,816,1291
202,684,886
655,515,1170
1431,613,2044
491,1032,1523
473,480,953
1867,1799,3666
632,434,1066
439,1165,1604
207,900,1107
1125,177,1302
843,506,1349
1192,830,2022
387,1349,1736
693,601,1294
782,193,975
2097,625,2722
362,713,1075
746,599,1345
425,701,1126
323,168,491
1911,745,2656
1015,709,1724
254,1386,1640
1138,365,1503
798,382,1180
528,854,1382
946,423,1369
372,257,629
215,411,626
274,370,644
436,304,740
917,551,1468
532,1337,1869
395,268,663
517,216,733
427,316,743
569,270,839
667,162,829
605,218,823
649,150,799
627,196,823
729,137,866
753,147,900
759,144,903
819,205,1024
888,167,1055
648,176,824
685,150,835
624,238,862
743,174,917
773,200,973
589,176,765
633,149,782
657,170,827
743,137,880
727,231,958
642,160,802
658,187,845
544,684,1228
413,545,958
516,209,725
584,144,728
497,444,941
999,1767,2766
971,2174,3145
678,144,822
432,657,1089
1045,2073,3118
3077,396,3473
460,699,1159
614,141,755
778,139,917
2033,370,2403
501,750,1251
1670,2035,3705
450,635,1085
2958,532,3490
2045,391,2436
1966,648,2614
287,723,1010
620,835,1455
2070,454,2524
432,706,1138
645,227,872
2053,569,2622
2063,501,2564
562,868,1430
608,246,854
1703,604,2307
549,1385,1934
1999,562,2561
639,486,1125
725,302,1027
552,400,952
2069,652,2721
313,449,762
435,1142,1577
1770,786,2556
527,1320,1847
329,634,963
338,1360,1698
786,461,1247
627,574,1201
508,530,1038
351,673,1024
544,914,1458
625,510,1135
457,1442,1899
581,654,1235
306,1444,1750
439,684,1123
597,553,1150
935,347,1282
588,468,1056
845,795,1640
265,458,723
208,621,829
1457,444,1901
765,617,1382
850,891,1741
604,624,1228
665,616,1281
554,807,1361
839,1006,1845
1094,833,1927
551,236,787
1293,479,1772
1368,624,1992
127,603,730
151,749,900
841,616,1457
228,508,736
265,690,955
553,772,1325
1343,655,1998
624,616,1240
677,397,1074
371,888,1259
1639,518,2157
384,922,1306
891,419,1310
273,819,1092
860,435,1295
213,641,854
31,791,822
729,604,1333
518,416,934
462,880,1342
460,426,886
269,615,884
278,835,1113
481,485,966
383,431,814
283,732,1015
654,305,959
510,462,972
503,685,1188
138,1166,1304
699,334,1033
680,623,1303
532,554,1086
274,339,613
816,367,1183
190,1501,1691
22,544,566
458,419,877
636,356,992
936,417,1353
230,634,864
701,317,1018
497,652,1149
363,200,563
141,347,488
674,392,1066
697,1246,1943
661,508,1169
191,333,524
537,601,1138
613,466,1079
434,726,1160
316,619,935
655,243,898
727,1063,1790
528,650,1178
303,228,531
235,454,689
140,529,669
664,638,1302
560,650,1210
126,585,711
1089,814,1903
244,570,814
92,288,380
247,531,778
273,505,778
168,690,858
286,583,869
152,649,801
981,642,1623
384,827,1211
441,521,962
413,443,856
297,534,831
316,566,882
128,381,509
478,556,1034
142,728,870
452,687,1139
485,2320,2805
472,427,899
143,629,772
312,633,945
572,454,1026
621,204,825
300,631,931
580,556,1136
520,762,1282
686,681,1367
193,2258,2451
556,488,1044
401,2191,2592
242,182,424
427,634,1061
442,697,1139
463,646,1109
679,422,1101
223,2416,2639
360,573,933
641,2129,2770
286,232,518
159,474,633
645,619,1264
568,655,1223
134,357,491
549,614,1163
372,2408,2780
680,168,848
192,1313,1505
369,349,718
244,590,834
521,423,944
684,464,1148
288,748,1036
371,637,1008
135,177,312
651,434,1085
566,974,1540
157,339,496
1409,204,1613
2142,719,2861
564,555,1119
248,933,1181
2028,773,2801
406,830,1236
396,563,959
157,471,628
122,1173,1295
203,321,524
97,418,515
2122,1073,3195
815,691,1506
287,474,761
2212,1037,3249
2095,1122,3217
476,841,1317
446,372,818
592,763,1355
206,517,723
112,947,1059
845,698,1543
477,930,1407
172,447,619
2473,947,3420
495,1046,1541
484,472,956
274,849,1123
307,557,864
592,857,1449
309,775,1084
1163,512,1675
568,1193,1761
730,790,1520
459,1089,1548
472,1222,1694
491,570,1061
460,782,1242
643,1010,1653
280,930,1210
309,941,1250
372,1335,1707
981,587,1568
219,552,771
388,812,1200
350,844,1194
535,868,1403
761,477,1238
569,694,1263
653,1036,1689
510,1333,1843
788,650,1438
700,773,1473
375,301,676
544,902,1446
1048,871,1919
153,577,730
923,1083,2006
486,992,1478
252,541,793
724,1220,1944
943,1252,2195
779,766,1545
414,442,856
574,960,1534
1107,544,1651
671,1229,1900
597,723,1320
434,1248,1682
404,260,664
1177,690,1867
481,1088,1569
887,708,1595
500,326,826
638,1047,1685
997,652,1649
994,1337,2331
364,863,1227
590,1254,1844
706,348,1054
1244,701,1945
550,599,1149
314,801,1115
96,397,493
572,802,1374
896,509,1405
817,467,1284
138,918,1056
652,807,1459
885,509,1394
922,555,1477
729,1443,2172
493,650,1143
150,474,624
501,706,1207
124,620,744
131,467,598
305,984,1289
969,667,1636
328,542,870
1141,1074,2215
299,604,903
242,584,826
794,645,1439
390,533,923
166,753,919
877,566,1443
1297,389,1686
378,613,991
1304,636,1940
521,758,1279
468,544,1012
1200,853,2053
635,540,1175
305,373,678
781,393,1174
576,651,1227
1134,324,1458
320,433,753
549,730,1279
408,429,837
653,174,827
283,553,836
29,354,383
811,715,1526
453,454,907
686,184,870
347,564,911
161,303,464
301,659,960
226,377,603
379,162,541
219,324,543
793,926,1719
721,959,1680
249,828,1077
844,241,1085
1070,219,1289
830,958,1788
341,384,725
970,318,1288
1164,214,1378
784,668,1452
986,925,1911
666,322,988
428,196,624
906,356,1262
1051,400,1451
947,175,1122
905,686,1591
740,394,1134
543,603,1146
1175,402,1577
1017,551,1568
835,443,1278
135,225,360
237,413,650
513,574,1087
1264,461,1725
295,430,725
260,180,440
278,383,661
819,525,1344
928,457,1385
321,186,507
1236,290,1526
324,693,1017
579,1321,1900
867,432,1299
599,301,900
872,394,1266
290,531,821
693,241,934
158,889,1047
309,710,1019
346,473,819
1253,586,1839
476,604,1080
550,625,1175
541,473,1014
583,409,992
754,233,987
782,432,1214
570,514,1084
562,802,1364
1108,548,1656
891,767,1658
562,684,1246
210,768,978
614,960,1574
750,757,1507
1316,700,2016
337,673,1010
786,203,989
452,505,957
118,630,748
423,550,973
385,1029,1414
624,810,1434
420,1026,1446
490,467,957
473,854,1327
761,294,1055
516,644,1160
512,586,1098
208,764,972
515,1162,1677
1701,685,2386
714,1004,1718
540,821,1361
725,362,1087
510,801,1311
487,815,1302
548,755,1303
481,359,840
724,448,1172
194,1239,1433
620,888,1508
800,657,1457
310,833,1143
623,1125,1748
658,367,1025
130,869,999
568,455,1023
532,452,984
597,1069,1666
1090,364,1454
1059,693,1752
650,832,1482
607,718,1325
534,811,1345
779,547,1326
999,288,1287
658,306,964
1177,664,1841
703,721,1424
757,714,1471
794,677,1471
803,636,1439
756,422,1178
829,617,1446
135,346,481
137,388,525
1050,750,1800
959,613,1572
711,614,1325
680,1337,2017
1124,392,1516
144,608,752
967,1069,2036
220,365,585
1041,552,1593
156,460,616
1120,475,1595
133,499,632
242,514,756
818,707,1525
322,487,809
403,433,836
761,1019,1780
391,774,1165
497,778,1275
209,818,1027
372,826,1198
405,737,1142
731,441,1172
526,762,1288
704,456,1160
441,720,1161
527,1331,1858
232,524,756
183,470,653
794,395,1189
863,432,1295
182,444,626
720,561,1281
571,700,1271
750,509,1259
526,611,1137
764,654,1418
425,810,1235
187,571,758
413,309,722
242,534,776
250,563,813
447,379,826
532,889,1421
544,263,807
512,347,859
261,591,852
530,987,1517
552,331,883
577,394,971
564,253,817
654,951,1605
780,216,996
316,699,1015
260,924,1184
840,982,1822
203,967,1170
760,327,1087
1538,491,2029
803,361,1164
946,400,1346
858,488,1346
1203,162,1365
883,467,1350
721,486,1207
293,877,1170
1121,316,1437
1310,185,1495
1030,283,1313
1079,294,1373
885,581,1466
386,206,592
848,639,1487
384,289,673
797,822,1619
175,324,499
286,219,505
323,281,604
748,629,1377
384,174,558
427,245,672
382,353,735
295,366,661
319,384,703
939,683,1622
478,239,717
495,308,803
459,311,770
417,371,788
447,379,826
178,721,899
325,231,556
402,310,712
339,354,693
328,317,645
366,376,742
233,239,472
386,337,723
233,258,491
155,350,505
1877,276,2153
810,1352,2162
213,533,746
343,318,661
36,1349,1385
846,1382,2228
392,304,696
840,306,1146
941,334,1275
1081,439,1520
263,448,711
431,365,796
973,457,1430
1060,588,1648
458,349,807
1052,415,1467
1091,309,1400
1182,380,1562
525,299,824
999,335,1334
218,259,477
95,298,393
1196,443,1639
360,1088,1448
1336,505,1841
351,275,626
322,302,624
228,279,507
715,178,893
1162,476,1638
410,865,1275
199,396,595
1299,997,2296
523,1119,1642
1087,357,1444
320,481,801
264,515,779
478,271,749
190,144,334
467,766,1233
529,705,1234
206,579,785
201,649,850
506,825,1331
1074,773,1847
1288,349,1637
424,637,1061
228,803,1031
249,458,707
222,1067,1289
273,598,871
282,544,826
293,663,956
641,834,1475
1152,850,2002
990,686,1676
462,1179,1641
252,938,1190
723,753,1476
853,766,1619
321,763,1084
301,750,1051
276,684,960
571,661,1232
235,601,836
602,670,1272
441,1331,1772
614,598,1212
348,912,1260
504,688,1192
597,1403,2000
369,864,1233
440,1059,1499
555,894,1449
374,1197,1571
985,807,1792
602,656,1258
785,677,1462
764,892,1656
688,493,1181
970,664,1634
902,658,1560
567,828,1395
638,827,1465
421,704,1125
513,666,1179
582,1027,1609
718,682,1400
553,673,1226
476,501,977
1210,617,1827
585,1200,1785
602,1166,1768
779,768,1547
595,940,1535
607,377,984
825,711,1536
711,985,1696
734,629,1363
727,1534,2261
751,897,1648
626,1502,2128
450,844,1294
1306,869,2175
611,1190,1801
1488,745,2233
453,1403,1856
939,853,1792
532,897,1429
722,1311,2033
519,810,1329
648,793,1441
644,1129,1773
903,1002,1905
874,658,1532
549,661,1210
1218,322,1540
499,728,1227
690,945,1635
1184,1052,2236
650,975,1625
433,887,1320
1045,295,1340
887,1034,1921
976,712,1688
1424,239,1663
512,316,828
237,1161,1398
998,1495,2493
645,735,1380
289,329,618
820,162,982
611,270,881
1103,414,1517
656,1476,2132
506,942,1448
221,359,580
1326,400,1726
794,390,1184
663,1287,1950
716,570,1286
477,213,690
657,165,822
939,238,1177
552,2730,3282
1393,567,1960
625,317,942
205,385,590
160,378,538
150,367,517
773,2319,3092
219,458,677
67,160,227
202,481,683
204,499,703
1131,1896,3027
285,448,733
485,177,662
1397,685,2082
113,786,899
1414,1662,3076
1310,505,1815
1398,451,1849
1222,721,1943
72,458,530
33,768,801
183,1033,1216
121,882,1003
1361,803,2164
45,772,817
193,1117,1310
113,596,709
55,710,765
123,897,1020
382,967,1349
690,634,1324
349,520,869
85,822,907
798,622,1420
337,492,829
310,640,950
2065,589,2654
216,622,838
64,661,725
478,753,1231
808,673,1481
809,717,1526
921,468,1389
1729,1007,2736
86,796,882
81,643,724
395,332,727
52,795,847
1584,1058,2642
87,805,892
203,682,885
595,307,902
646,842,1488
457,867,1324
505,656,1161
342,477,819
444,742,1186
627,360,987
638,611,1249
1256,573,1829
875,509,1384
758,695,1453
1003,312,1315
952,457,1409
777,820,1597
725,417,1142
841,627,1468
924,603,1527
361,679,1040
994,560,1554
678,569,1247
816,346,1162
817,221,1038
788,352,1140
1203,699,1902
453,641,1094
895,460,1355
1214,1021,2235
560,802,1362
633,520,1153
503,604,1107
1178,1811,2989
406,679,1085
944,438,1382
740,610,1350
517,1027,1544
274,2012,2286
323,901,1224
442,1022,1464
810,313,1123
16,527,543
393,920,1313
454,1109,1563
45,751,796
179,598,777
720,1034,1754
1199,1396,2595
613,907,1520
506,1099,1605
1451,1130,2581
86,971,1057
49,760,809
250,567,817
441,706,1147
545,1719,2264
124,881,1005
697,563,1260
75,910,985
569,473,1042
849,763,1612
552,533,1085
487,1283,1770
967,877,1844
606,1093,1699
1624,849,2473
81,1228,1309
1557,1383,2940
606,726,1332
609,463,1072
352,672,1024
596,646,1242
868,1248,2116
564,509,1073
437,1008,1445
1076,982,2058
167,1299,1466
1424,1374,2798
644,850,1494
453,1136,1589
486,786,1272
1489,766,2255
535,957,1492
813,604,1417
495,874,1369
525,850,1375
780,428,1208
651,646,1297
767,1100,1867
786,648,1434
440,905,1345
820,554,1374
1058,1132,2190
502,995,1497
643,864,1507
1211,771,1982
699,856,1555
671,941,1612
810,415,1225
389,1219,1608
803,375,1178
809,834,1643
711,558,1269
528,1006,1534
623,1036,1659
957,663,1620
356,1030,1386
1131,1108,2239
1295,547,1842
1067,1269,2336
792,680,1472
806,709,1515
832,715,1547
781,1111,1892
1135,413,1548
858,727,1585
873,1072,1945
192,705,897
1131,1295,2426
147,819,966
724,1162,1886
186,866,1052
1290,1074,2364
353,653,1006
230,583,813
315,759,1074
462,561,1023
471,709,1180
361,767,1128
822,987,1809
115,989,1104
597,723,1320
514,1085,1599
286,704,990
95,846,941
636,522,1158
249,847,1096
98,1460,1558
549,824,1373
812,632,1444
407,757,1164
505,1066,1571
699,884,1583
155,1273,1428
823,338,1161
714,594,1308
383,781,1164
66,645,711
776,461,1237
732,892,1624
660,595,1255
276,659,935
333,435,768
30,624,654
229,537,766
551,1296,1847
185,1486,1671
593,625,1218
539,1276,1815
876,1209,2085
525,471,996
340,454,794
656,1192,1848
1124,1160,2284
479,533,1012
416,473,889
72,1150,1222
846,1510,2356
687,909,1596
131,489,620
739,528,1267
38,756,794
410,1613,2023
430,751,1181
722,510,1232
1159,1330,2489
802,1647,2449
1005,342,1347
870,493,1363
50,1465,1515
1145,1153,2298
1383,461,1844
397,823,1220
121,1128,1249
957,1331,2288
1374,1079,2453
158,540,698
437,1069,1506
947,524,1471
889,634,1523
447,1196,1643
283,778,1061
1053,353,1406
493,1071,1564
692,761,1453
966,751,1717
180,575,755
660,989,1649
774,728,1502
1122,757,1879
226,963,1189
267,1380,1647
498,1454,1952
619,683,1302
748,496,1244
183,827,1010
536,1509,2045
1072,875,1947
674,655,1329
797,435,1232
668,811,1479
553,177,730
130,475,605
360,1032,1392
579,156,735
1201,1001,2202
204,1558,1762
79,634,713
888,623,1511
198,1638,1836
357,357,714
742,795,1537
1287,1084,2371
926,1159,2085
55,745,800
1176,1018,2194
862,911,1773
464,1553,2017
1193,678,1871
48,827,875
301,1034,1335
110,790,900
483,686,1169
745,484,1229
443,389,832
1268,787,2055
1320,816,2136
985,471,1456
538,819,1357
287,1096,1383
1499,952,2451
553,659,1212
360,1198,1558
615,577,1192
1279,1689,2968
24,405,429
525,696,1221
461,517,978
723,675,1398
737,1903,2640
50,584,634
752,926,1678
172,529,701
309,720,1029
934,840,1774
900,618,1518
638,1273,1911
895,888,1783
174,1814,1988
1332,1008,2340
650,914,1564
88,636,724
234,547,781
288,738,1026
354,848,1202
463,522,985
971,828,1799
26,1075,1101
1181,1012,2193
1100,1226,2326
1071,791,1862
775,1235,2010
469,1452,1921
686,532,1218
425,806,1231
500,675,1175
590,847,1437
256,1071,1327
1635,737,2372
543,676,1219
59,975,1034
182,1052,1234
542,1628,2170
707,883,1590
103,1133,1236
548,738,1286
386,1223,1609
1690,896,2586
719,583,1302
246,501,747
678,1276,1954
204,1312,1516
966,381,1347
908,717,1625
276,497,773
735,806,1541
742,890,1632
464,830,1294
279,1096,1375
1082,936,2018
499,1001,1500
633,491,1124
923,932,1855
1076,955,2031
549,962,1511
857,592,1449
638,1146,1784
262,744,1006
380,2005,2385
880,1095,1975
594,1356,1950
579,977,1556
249,1370,1619
1146,700,1846
757,755,1512
847,858,1705
294,723,1017
1037,1517,2554
1018,907,1925
630,1424,2054
401,1072,1473
777,1085,1862
849,1409,2258
502,771,1273
623,913,1536
464,673,1137
1018,1489,2507
325,1474,1799
734,776,1510
627,789,1416
437,498,935
1287,432,1719
950,1175,2125
446,783,1229
739,801,1540
756,722,1478
1397,1118,2515
1389,481,1870
712,871,1583
330,447,777
1042,1353,2395
931,440,1371
965,691,1656
959,406,1365
1384,1842,3226
358,774,1132
1455,522,1977
988,595,1583
798,378,1176
927,395,1322
835,1621,2456
983,410,1393
610,363,973
1375,550,1925
1358,502,1860
796,462,1258
1277,1047,2324
1548,614,2162
1734,636,2370
1317,438,1755
1454,659,2113
1997,602,2599
1420,357,1777
1062,759,1821
1096,577,1673
119,628,747
143,750,893
102,418,520
1342,716,2058
86,757,843
1095,639,1734
337,545,882
1076,778,1854
267,548,815
1148,700,1848
91,829,920
47,406,453
63,1122,1185
62,1018,1080
1697,523,2220
374,648,1022
97,1010,1107
138,1016,1154
126,1034,1160
372,472,844
34,877,911
369,727,1096
314,769,1083
41,1236,1277
88,920,1008
72,775,847
101,1117,1218
516,481,997
484,536,1020
140,1072,1212
523,757,1280
724,440,1164
346,941,1287
219,866,1085
72,1136,1208
321,987,1308
590,685,1275
166,623,789
269,1129,1398
115,958,1073
202,911,1113
611,1253,1864
434,1002,1436
394,1231,1625
976,601,1577
481,1000,1481
875,1167,2042
901,559,1460
559,961,1520
429,1415,1844
584,1073,1657
449,628,1077
343,787,1130
400,1298,1698
889,628,1517
1053,1036,2089
614,1074,1688
724,1021,1745
149,631,780
1377,668,2045
915,829,1744
453,406,859
1045,831,1876
849,1016,1865
1126,735,1861
441,373,814
1250,556,1806
44,1018,1062
380,676,1056
973,712,1685
922,701,1623
589,478,1067
330,686,1016
423,807,1230
1170,746,1916
561,280,841
613,513,1126
798,1677,2475
1461,1309,2770
702,313,1015
632,781,1413
517,525,1042
549,990,1539
293,751,1044
935,735,1670
37,537,574
741,2063,2804
1110,1424,2534
856,408,1264
79,776,855
133,1636,1769
436,837,1273
365,590,955
128,815,943
256,551,807
203,1491,1694
448,553,1001
1056,1304,2360
566,515,1081
654,418,1072
388,1307,1695
614,915,1529
316,631,947
214,857,1071
523,584,1107
628,1028,1656
605,782,1387
208,1680,1888
1154,1659,2813
694,383,1077
503,889,1392
1047,1125,2172
164,739,903
521,1690,2211
673,1322,1995
429,772,1201
370,685,1055
22,2149,2171
485,531,1016
260,938,1198
1181,1063,2244
993,715,1708
729,674,1403
343,1721,2064
245,1829,2074
472,791,1263
776,763,1539
412,1953,2365
1075,1285,2360
874,555,1429
472,762,1234
1473,753,2226
1112,1138,2250
672,1041,1713
1259,1110,2369
880,792,1672
1581,818,2399
31,717,748
594,378,972
725,868,1593
1691,598,2289
1188,1348,2536
531,410,941
1358,1510,2868
978,769,1747
1579,725,2304
101,1186,1287
676,743,1419
1204,1423,2627
402,989,1391
958,440,1398
957,1122,2079
1424,1786,3210
2027,1013,3040
684,657,1341
1942,468,2410
383,1059,1442
619,932,1551
1016,996,2012
691,584,1275
629,900,1529
974,1247,2221
622,994,1616
364,464,828
109,419,528
756,643,1399
985,558,1543
646,1064,1710
1208,548,1756
535,1756,2291
1217,602,1819
1037,514,1551
391,553,944
493,486,979
642,923,1565
599,735,1334
1240,1458,2698
978,983,1961
630,936,1566
899,646,1545
1907,254,2161
669,964,1633
120,672,792
1567,1018,2585
31,757,788
943,829,1772
1612,1269,2881
71,288,359
150,992,1142
1068,929,1997
478,844,1322
956,991,1947
1094,569,1663
140,571,711
119,546,665
1067,924,1991
986,833,1819
351,730,1081
154,748,902
802,596,1398
209,1301,1510
237,1142,1379
313,662,975
31,857,888
137,1323,1460
115,1172,1287
395,811,1206
29,1490,1519
1073,581,1654
494,946,1440
687,712,1399
487,954,1441
46,1211,1257
1014,566,1580
38,1493,1531
199,1820,2019
430,750,1180
467,1257,1724
220,740,960
445,1052,1497
73,1115,1188
202,725,927
1055,762,1817
176,1325,1501
171,710,881
104,1822,1926
840,930,1770
285,994,1279
229,1183,1412
408,1037,1445
409,1085,1494
598,698,1296
602,750,1352
308,1757,2065
231,1854,2085
1253,740,1993
1010,459,1469
322,930,1252
490,981,1471
712,1325,2037
505,1035,1540
418,851,1269
931,666,1597
934,1332,2266
1543,729,2272
671,663,1334
1226,1050,2276
588,1114,1702
1618,933,2551
1123,1139,2262
822,699,1521
511,1050,1561
244,773,1017
1212,1347,2559
434,995,1429
733,881,1614
591,1092,1683
1013,968,1981
1480,684,2164
512,1298,1810
990,739,1729
316,1015,1331
279,986,1265
1354,1016,2370
979,987,1966
527,988,1515
1109,1012,2121
739,1193,1932
502,825,1327
606,781,1387
584,974,1558
876,738,1614
507,968,1475
56,1362,1418
476,1170,1646
276,778,1054
535,1253,1788
789,1022,1811
878,556,1434
542,990,1532
687,983,1670
724,963,1687
646,1250,1896
832,1194,2026
471,1044,1515
1002,743,1745
953,1117,2070
598,504,1102
1025,757,1782
341,1060,1401
758,1146,1904
714,505,1219
877,957,1834
455,1070,1525
437,788,1225
685,882,1567
541,506,1047
1302,867,2169
454,972,1426
976,668,1644
878,524,1402
989,737,1726
1102,972,2074
542,720,1262
479,773,1252
850,1970,2820
990,874,1864
674,1079,1753
198,822,1020
1183,1700,2883
672,965,1637
514,552,1066
605,1000,1605
814,933,1747
621,506,1127
898,616,1514
418,1231,1649
599,881,1480
430,835,1265
497,382,879
771,890,1661
267,615,882
768,722,1490
870,932,1802
357,330,687
640,817,1457
656,1461,2117
889,1362,2251
152,1101,1253
436,528,964
329,558,887
215,1207,1422
629,887,1516
903,912,1815
615,768,1383
991,201,1192
354,1628,1982
239,1301,1540
645,854,1499
690,1358,2048
114,1325,1439
516,889,1405
663,1074,1737
618,1052,1670
809,691,1500
847,2101,2948
1107,816,1923
286,1197,1483
1250,617,1867
400,2018,2418
334,1731,2065
656,1398,2054
394,619,1013
1223,479,1702
826,1758,2584
515,2278,2793
709,359,1068
1134,807,1941
1111,998,2109
1056,1858,2914
799,1632,2431
419,784,1203
315,2068,2383
804,1739,2543
94,1126,1220
1792,1263,3055
459,366,825
839,1663,2502
616,1035,1651
946,1517,2463
1507,2131,3638
845,439,1284
530,538,1068
1253,1294,2547
2134,443,2577
1094,2104,3198
920,433,1353
1395,302,1697
1811,455,2266
1150,305,1455
657,1636,2293
742,371,1113
881,1438,2319
1462,337,1799
1281,293,1574
1048,1579,2627
1280,250,1530
725,953,1678
726,1125,1851
565,543,1108
30,1122,1152
688,505,1193
1496,228,1724
57,1199,1256
69,539,608
1167,579,1746
1217,631,1848
64,548,612
1305,708,2013
718,701,1419
180,489,669
29,659,688
105,755,860
268,494,762
27,703,730
969,588,1557
39,813,852
64,665,729
41,920,961
61,758,819
1625,773,2398
425,367,792
433,564,997
251,565,816
19,855,874
1259,422,1681
152,618,770
248,982,1230
79,826,905
318,773,1091
226,547,773
598,472,1070
509,707,1216
125,692,817
687,1498,2185
389,558,947
124,883,1007
534,702,1236
924,1371,2295
635,520,1155
557,760,1317
824,557,1381
51,523,574
184,533,717
1793,610,2403
132,497,629
212,1327,1539
1229,559,1788
737,723,1460
807,394,1201
235,694,929
626,512,1138
91,1455,1546
394,404,798
380,521,901
859,513,1372
1001,638,1639
186,1083,1269
271,1320,1591
173,1118,1291
126,1888,2014
793,793,1586
303,916,1219
167,2135,2302
377,1190,1567
253,689,942
1631,630,2261
223,1194,1417
280,444,724
411,626,1037
689,3447,4136
764,846,1610
121,1074,1195
1249,710,1959
64,3765,3829
323,1479,1802
450,637,1087
461,381,842
718,546,1264
1742,544,2286
69,746,815
474,893,1367
225,1059,1284
2036,468,2504
515,1002,1517
513,701,1214
499,431,930
964,620,1584
42,3789,3831
427,632,1059
255,1011,1266
283,648,931
402,549,951
321,1432,1753
791,1153,1944
171,701,872
447,505,952
417,1136,1553
3221,993,4214
828,770,1598
407,418,825
423,800,1223
579,1274,1853
291,1063,1354
523,810,1333
684,452,1136
806,727,1533
748,1005,1753
154,388,542
1296,496,1792
177,588,765
496,1394,1890
657,863,1520
43,635,678
3611,1046,4657
469,600,1069
81,789,870
1001,1012,2013
974,540,1514
217,589,806
724,1081,1805
1041,1298,2339
577,1087,1664
3667,1242,4909
1221,755,1976
425,826,1251
574,996,1570
300,655,955
494,704,1198
33,980,1013
676,1144,1820
868,394,1262
872,1059,1931
429,621,1050
732,1250,1982
360,379,739
535,1011,1546
447,737,1184
561,949,1510
434,982,1416
293,568,861
684,955,1639
1257,968,2225
908,662,1570
445,356,801
423,987,1410
405,522,927
931,673,1604
532,625,1157
270,547,817
1007,569,1576
959,924,1883
262,554,816
446,1354,1800
683,472,1155
483,1318,1801
539,1130,1669
822,1201,2023
668,617,1285
592,1085,1677
1071,944,2015
831,633,1464
533,638,1171
425,613,1038
641,835,1476
271,466,737
471,612,1083
820,1377,2197
1057,584,1641
454,613,1067
195,551,746
379,1120,1499
1079,447,1526
333,486,819
500,1339,1839
896,1197,2093
547,411,958
228,588,816
1055,847,1902
807,1156,1963
802,780,1582
462,469,931
1046,621,1667
1177,682,1859
748,1282,2030
232,797,1029
1125,420,1545
513,570,1083
1117,560,1677
668,1472,2140
538,373,911
241,2029,2270
548,630,1178
713,1199,1912
340,836,1176
1160,1355,2515
1051,393,1444
494,1628,2122
837,432,1269
537,771,1308
422,813,1235
422,798,1220
1133,1217,2350
184,572,756
662,294,956
377,1700,2077
500,1087,1587
662,731,1393
480,952,1432
1203,771,1974
121,853,974
151,1023,1174
394,471,865
569,530,1099
803,1403,2206
439,1160,1599
103,727,830
41,749,790
520,1646,2166
537,680,1217
406,847,1253
488,753,1241
1918,599,2517
1300,732,2032
18,1299,1317
219,636,855
56,759,815
1054,1157,2211
669,731,1400
751,632,1383
646,817,1463
1128,876,2004
1576,738,2314
738,740,1478
333,667,1000
359,634,993
1247,914,2161
977,699,1676
637,534,1171
1328,484,1812
787,1003,1790
503,755,1258
879,701,1580
640,537,1177
624,541,1165
1208,561,1769
368,606,974
675,912,1587
666,857,1523
775,428,1203
431,822,1253
327,827,1154
502,1096,1598
62,423,485
602,959,1561
709,432,1141
157,947,1104
958,571,1529
614,653,1267
635,528,1163
514,1275,1789
609,831,1440
58,411,469
41,248,289
395,1048,1443
496,1247,1743
77,428,505
556,1042,1598
239,542,781
646,999,1645
254,717,971
203,525,728
909,968,1877
674,783,1457
445,555,1000
631,1156,1787
132,454,586
690,1195,1885
567,1104,1671
271,738,1009
297,594,891
199,710,909
851,1131,1982
300,480,780
1313,684,1997
96,1155,1251
841,1116,1957
768,704,1472
466,606,1072
92,1520,1612
700,749,1449
512,455,967
688,623,1311
55,1551,1606
361,818,1179
718,893,1611
315,571,886
809,723,1532
812,1013,1825
127,639,766
177,1213,1390
143,645,788
529,1129,1658
389,1009,1398
874,760,1634
635,962,1597
888,1007,1895
1110,591,1701
521,1314,1835
329,697,1026
783,847,1630
554,702,1256
1353,528,1881
1016,854,1870
386,978,1364
1419,730,2149
511,665,1176
851,510,1361
242,983,1225
830,512,1342
185,855,1040
936,1091,2027
396,1033,1429
285,1191,1476
805,834,1639
452,907,1359
775,615,1390
1022,1446,2468
313,972,1285
378,972,1350
672,1264,1936
523,848,1371
423,1632,2055
345,977,1322
490,1028,1518
544,897,1441
441,1412,1853
611,859,1470
715,863,1578
406,913,1319
600,866,1466
788,1349,2137
880,1092,1972
551,959,1510
836,1388,2224
684,9828,10512
863,662,1525
357,858,1215
1090,996,2086
946,1368,2314
975,541,1516
398,934,1332
655,833,1488
662,836,1498
74,9681,9755
1099,953,2052
713,1121,1834
876,836,1712
641,9290,9931
715,578,1293
1044,1066,2110
982,9007,9989
755,575,1330
938,1297,2235
694,591,1285
1155,729,1884
797,704,1501
1312,1137,2449
673,860,1533
734,848,1582
753,984,1737
929,1101,2030
173,448,621
805,942,1747
1244,706,1950
1197,579,1776
204,529,733
9523,405,9928
791,767,1558
1067,764,1831
9052,710,9762
1060,496,1556
792,716,1508
9321,304,9625
900,1022,1922
783,816,1599
719,1185,1904
136,350,486
367,989,1356
1037,638,1675
787,348,1135
496,919,1415
567,989,1556
120,1164,1284
116,589,705
91,421,512
787,661,1448
534,979,1513
55,596,651
182,335,517
469,766,1235
1065,383,1448
154,312,466
760,812,1572
154,560,714
584,600,1184
127,536,663
510,584,1094
139,524,663
201,739,940
736,1024,1760
186,628,814
813,1128,1941
583,1336,1919
387,512,899
686,1432,2118
692,384,1076
283,736,1019
284,1183,1467
455,1770,2225
423,441,864
389,741,1130
283,467,750
462,824,1286
831,1541,2372
411,703,1114
703,571,1274
470,1227,1697
405,1960,2365
310,789,1099
386,755,1141
572,585,1157
682,1890,2572
37,1282,1319
626,670,1296
155,768,923
228,1709,1937
456,541,997
1087,421,1508
407,590,997
268,1597,1865
174,366,540
312,773,1085
743,1322,2065
1145,489,1634
1551,470,2021
420,415,835
1174,766,1940
633,483,1116
109,514,623
243,1426,1669
734,781,1515
1048,1061,2109
1293,853,2146
1605,652,2257
1011,1040,2051
621,623,1244
174,1251,1425
1512,928,2440
216,1634,1850
1354,779,2133
609,982,1591
493,913,1406
260,1510,1770
1025,1124,2149
410,893,1303
248,1935,2183
304,1504,1808
599,1188,1787
273,1627,1900
397,1333,1730
1216,920,2136
487,920,1407
1202,814,2016
247,936,1183
636,626,1262
757,1082,1839
550,899,1449
1547,741,2288
1067,981,2048
1210,647,1857
782,822,1604
1847,682,2529
669,927,1596
760,683,1443
1512,755,2267
720,885,1605
1090,751,1841
1086,682,1768
1265,722,1987
887,876,1763
827,632,1459
482,629,1111
740,592,1332
755,434,1189
785,705,1490
535,762,1297
1152,948,2100
284,507,791
679,495,1174
202,592,794
527,1515,2042
525,831,1356
1225,819,2044
638,1254,1892
492,414,906
352,679,1031
799,1136,1935
599,2073,2672
627,738,1365
588,974,1562
728,913,1641
316,415,731
492,1236,1728
1331,406,1737
728,903,1631
303,545,848
419,2241,2660
116,1136,1252
422,611,1033
668,1137,1805
348,882,1230
43,440,483
957,413,1370
521,684,1205
309,2257,2566
67,856,923
609,683,1292
302,1083,1385
399,951,1350
747,582,1329
292,992,1284
329,1304,1633
340,620,960
371,1134,1505
184,865,1049
375,800,1175
765,958,1723
1002,685,1687
418,945,1363
158,630,788
194,818,1012
1972,790,2762
291,951,1242
465,938,1403
46,1164,1210
1091,723,1814
1060,640,1700
679,898,1577
379,605,984
256,1265,1521
760,435,1195
768,717,1485
543,1043,1586
728,889,1617
776,862,1638
2034,1063,3097
734,955,1689
786,1047,1833
562,744,1306
1938,1126,3064
559,778,1337
1072,833,1905
547,555,1102
982,468,1450
802,875,1677
199,899,1098
381,631,1012
445,1077,1522
395,774,1169
739,788,1527
944,769,1713
1100,1031,2131
542,800,1342
574,514,1088
218,1188,1406
675,682,1357
293,642,935
870,480,1350
589,865,1454
661,678,1339
701,722,1423
807,613,1420
927,635,1562
667,515,1182
568,641,1209
546,1533,2079
764,480,1244
759,833,1592
528,773,1301
755,1449,2204
940,447,1387
531,859,1390
451,469,920
676,493,1169
565,1018,1583
225,732,957
331,476,807
428,1444,1872
803,438,1241
643,501,1144
356,728,1084
455,876,1331
725,994,1719
504,460,964
175,874,1049
556,1628,2184
536,1004,1540
1511,521,2032
577,952,1529
308,916,1224
627,586,1213
379,1002,1381
269,379,648
813,607,1420
315,840,1155
360,691,1051
410,592,1002
809,325,1134
111,709,820
299,1243,1542
354,901,1255
1213,694,1907
775,1193,1968
479,1065,1544
303,1063,1366
725,1072,1797
869,493,1362
146,703,849
860,471,1331
673,607,1280
1307,1028,2335
644,1099,1743
896,600,1496
603,967,1570
219,1722,1941
1196,615,1811
595,434,1029
371,806,1177
236,973,1209
719,920,1639
646,583,1229
439,694,1133
154,1106,1260
306,2445,2751
287,643,930
558,605,1163
471,851,1322
504,503,1007
735,797,1532
643,828,1471
711,794,1505
949,776,1725
1316,1343,2659
479,964,1443
506,1039,1545
515,532,1047
196,1033,1229
828,456,1284
582,430,1012
900,791,1691
836,640,1476
1489,1428,2917
864,982,1846
691,639,1330
351,649,1000
439,1179,1618
846,1020,1866
254,438,692
913,863,1776
2287,885,3172
830,831,1661
910,1036,1946
331,480,811
428,1188,1616
440,1349,1789
470,957,1427
746,757,1503
1264,764,2028
914,502,1416
483,819,1302
337,552,889
366,669,1035
860,968,1828
265,726,991
716,887,1603
383,774,1157
1217,727,1944
796,436,1232
726,1231,1957
765,586,1351
1104,737,1841
961,1236,2197
377,666,1043
410,1452,1862
611,714,1325
381,992,1373
567,590,1157
431,1153,1584
944,831,1775
751,679,1430
319,726,1045
586,12483,13069
542,1249,1791
685,12372,13057
432,1050,1482
640,1117,1757
799,1040,1839
1119,829,1948
304,1248,1552
1281,11553,12834
601,1450,2051
717,1136,1853
604,852,1456
699,1001,1700
782,756,1538
1136,782,1918
505,1273,1778
12320,544,12864
972,1039,2011
596,1245,1841
735,1045,1780
586,792,1378
672,1098,1770
57,1002,1059
625,497,1122
543,826,1369
546,1450,1996
12128,883,13011
902,1062,1964
630,1413,2043
343,991,1334
11148,876,12024
657,997,1654
968,1365,2333
586,1039,1625
839,824,1663
1020,2143,3163
373,661,1034
646,756,1402
796,2029,2825
577,783,1360
465,1994,2459
910,885,1795
912,2020,2932
1155,544,1699
870,891,1761
549,1470,2019
1172,1045,2217
488,931,1419
681,1152,1833
288,630,918
910,1170,2080
747,380,1127
839,1123,1962
1462,1102,2564
1052,1046,2098
467,1978,2445
340,845,1185
1516,553,2069
536,404,940
286,747,1033
1779,648,2427
570,841,1411
868,1375,2243
392,776,1168
1251,263,1514
953,204,1157
903,629,1532
954,761,1715
153,967,1120
668,722,1390
603,925,1528
1651,972,2623
259,2116,2375
845,483,1328
89,282,371
26,214,240
1747,1136,2883
391,1178,1569
227,1470,1697
426,916,1342
64,382,446
1875,1050,2925
1110,465,1575
527,1263,1790
675,839,1514
676,1129,1805
762,884,1646
312,1547,1859
933,864,1797
104,392,496
1941,864,2805
48,726,774
699,1214,1913
71,440,511
1054,999,2053
139,1152,1291
432,592,1024
608,1272,1880
583,692,1275
540,801,1341
1207,935,2142
265,615,880
474,1361,1835
998,405,1403
156,726,882
598,598,1196
1012,421,1433
695,604,1299
610,961,1571
113,985,1098
329,996,1325
442,1033,1475
896,751,1647
277,874,1151
777,916,1693
1473,743,2216
267,1444,1711
80,745,825
843,870,1713
151,1398,1549
649,1136,1785
498,1241,1739
142,702,844
399,331,730
86,943,1029
512,2212,2724
338,673,1011
501,713,1214
513,683,1196
813,2213,3026
325,896,1221
708,518,1226
523,523,1046
309,732,1041
479,817,1296
620,1160,1780
379,856,1235
797,1176,1973
401,1266,1667
599,872,1471
874,527,1401
784,513,1297
578,735,1313
718,875,1593
896,719,1615
32,1567,1599
503,1779,2282
384,1318,1702
272,857,1129
575,672,1247
611,520,1131
472,854,1326
351,883,1234
953,706,1659
440,609,1049
188,1594,1782
1444,1263,2707
758,1065,1823
303,1186,1489
724,654,1378
712,703,1415
2028,938,2966
621,1063,1684
391,878,1269
463,683,1146
721,862,1583
1033,1063,2096
785,1020,1805
1406,962,2368
1116,546,1662
386,894,1280
544,1695,2239
1177,815,1992
659,666,1325
830,954,1784
673,686,1359
1231,962,2193
558,1524,2082
440,736,1176
648,1241,1889
1358,1193,2551
81,555,636
1087,548,1635
582,991,1573
1401,1285,2686
1011,996,2007
938,926,1864
447,1116,1563
1343,1067,2410
800,1306,2106
418,1203,1621
166,860,1026
733,1578,2311
373,1103,1476
555,954,1509
438,797,1235
723,1417,2140
1159,531,1690
758,1159,1917
1053,1046,2099
1252,963,2215
689,934,1623
763,1144,1907
418,1167,1585
547,744,1291
583,1447,2030
801,879,1680
424,1043,1467
708,1348,2056
600,599,1199
1324,759,2083
1235,1080,2315
614,638,1252
627,677,1304
571,1543,2114
707,636,1343
668,1068,1736
510,1321,1831
659,1122,1781
960,702,1662
1183,1261,2444
647,786,1433
400,1675,2075
1032,1000,2032
861,710,1571
1214,897,2111
1059,590,1649
962,514,1476
468,1000,1468
1229,558,1787
1313,552,1865
553,630,1183
921,942,1863
821,485,1306
995,1158,2153
848,1283,2131
1173,1189,2362
822,964,1786
347,514,861
1016,548,1564
505,418,923
1052,396,1448
290,1290,1580
628,457,1085
726,1061,1787
545,635,1180
449,1243,1692
548,1101,1649
856,771,1627
707,501,1208
363,466,829
273,1007,1280
245,648,893
685,646,1331
238,1071,1309
829,1080,1909
808,648,1456
520,471,991
403,1010,1413
1120,473,1593
453,547,1000
364,626,990
1110,468,1578
878,748,1626
1013,821,1834
83,629,712
430,310,740
214,540,754
1219,1183,2402
708,667,1375
531,915,1446
245,712,957
1488,1509,2997
121,737,858
532,827,1359
1120,1542,2662
313,771,1084
911,491,1402
711,771,1482
880,770,1650
491,535,1026
476,421,897
1000,1217,2217
636,759,1395
928,1328,2256
910,1096,2006
244,973,1217
442,2233,2675
1442,466,1908
44,780,824
525,594,1119
631,2359,2990
822,599,1421
227,614,841
328,716,1044
361,1103,1464
1036,773,1809
1066,415,1481
126,811,937
693,921,1614
397,2226,2623
249,834,1083
327,697,1024
543,537,1080
441,1008,1449
157,1027,1184
1115,521,1636
604,639,1243
424,592,1016
806,374,1180
642,602,1244
401,1003,1404
92,374,466
514,942,1456
1138,922,2060
68,360,428
2010,793,2803
831,834,1665
630,1017,1647
600,800,1400
350,1076,1426
702,1185,1887
784,829,1613
922,584,1506
735,2839,3574
123,300,423
2054,1050,3104
59,792,851
613,2721,3334
611,1022,1633
2090,1240,3330
876,887,1763
841,1107,1948
916,684,1600
572,664,1236
152,511,663
1298,1238,2536
718,489,1207
890,1993,2883
127,711,838
630,1224,1854
2574,632,3206
360,974,1334
198,1428,1626
192,838,1030
63,753,816
275,1088,1363
606,429,1035
409,1180,1589
312,1056,1368
115,494,609
97,1167,1264
615,1747,2362
496,806,1302
194,961,1155
507,1287,1794
772,739,1511
2621,646,3267
573,2185,2758
547,880,1427
334,477,811
675,856,1531
350,541,891
131,552,683
541,823,1364
663,1111,1774
179,881,1060
1887,881,2768
966,2049,3015
731,877,1608
824,1174,1998
463,1044,1507
788,250,1038
233,1370,1603
209,956,1165
1416,685,2101
721,392,1113
407,949,1356
413,1893,2306
662,820,1482
877,1322,2199
948,1237,2185
131,429,560
390,1019,1409
1196,2062,3258
167,502,669
346,1160,1506
975,1385,2360
830,688,1518
351,1273,1624
923,1421,2344
109,641,750
746,834,1580
1496,1309,2805
109,660,769
807,881,1688
1312,1142,2454
1712,1193,2905
147,784,931
597,1362,1959
370,799,1169
258,808,1066
1953,803,2756
1148,796,1944
222,656,878
84,792,876
1482,649,2131
553,772,1325
391,597,988
873,906,1779
923,572,1495
680,691,1371
660,1111,1771
742,971,1713
288,1577,1865
959,1142,2101
678,1401,2079
563,2361,2924
837,1039,1876
1951,962,2913
821,1369,2190
869,1007,1876
583,1448,2031
713,1080,1793
552,1050,1602
765,1407,2172
693,2432,3125
462,1371,1833
974,747,1721
110,981,1091
972,983,1955
263,821,1084
541,1850,2391
538,650,1188
31,1063,1094
819,1140,1959
617,531,1148
467,1486,1953
149,650,799
126,1032,1158
447,694,1141
622,1738,2360
1018,1185,2203
698,653,1351
396,476,872
832,611,1443
776,385,1161
322,545,867
489,636,1125
734,683,1417
871,1404,2275
769,893,1662
696,605,1301
568,1397,1965
887,345,1232
720,1045,1765
273,611,884
1181,343,1524
1547,248,1795
1311,451,1762
84,562,646
69,445,514
1353,507,1860
644,666,1310
643,953,1596
20,314,334
137,554,691
127,675,802
99,769,868
80,573,653
225,587,812
104,765,869
188,606,794
868,1263,2131
47,484,531
912,1001,1913
63,781,844
438,2169,2607
69,695,764
362,501,863
241,663,904
259,2462,2721
64,584,648
343,483,826
1314,812,2126
360,633,993
183,637,820
555,485,1040
327,809,1136
1147,1680,2827
57,1087,1144
503,637,1140
549,669,1218
345,653,998
2113,1976,4089
201,759,960
607,615,1222
1098,1900,2998
524,949,1473
286,1098,1384
552,385,937
506,832,1338
2153,2317,4470
237,763,1000
282,778,1060
2298,743,3041
795,997,1792
393,1147,1540
570,666,1236
1379,691,2070
987,722,1709
2303,2052,4355
636,483,1119
475,756,1231
457,913,1370
345,861,1206
655,444,1099
1478,582,2060
886,560,1446
1320,914,2234
382,674,1056
503,696,1199
448,761,1209
413,1394,1807
131,852,983
499,1281,1780
1095,586,1681
1623,780,2403
685,633,1318
521,661,1182
655,655,1310
666,827,1493
448,1397,1845
295,745,1040
608,1035,1643
1750,812,2562
609,552,1161
485,796,1281
490,796,1286
428,1073,1501
583,724,1307
490,988,1478
88,220,308
204,1010,1214
645,897,1542
400,1417,1817
378,899,1277
674,878,1552
725,1478,2203
455,802,1257
141,416,557
735,1061,1796
97,598,695
540,696,1236
1297,846,2143
733,599,1332
553,837,1390
892,1333,2225
797,542,1339
1035,1182,2217
336,864,1200
590,1014,1604
1322,1043,2365
602,941,1543
558,841,1399
716,1430,2146
569,523,1092
568,764,1332
1319,715,2034
381,1094,1475
297,478,775
1292,1098,2390
704,1095,1799
333,1141,1474
41,1038,1079
486,981,1467
905,499,1404
95,1112,1207
655,876,1531
807,617,1424
745,1126,1871
756,747,1503
1112,718,1830
546,628,1174
669,1225,1894
352,964,1316
904,905,1809
676,1292,1968
900,1282,2182
995,513,1508
229,630,859
556,1534,2090
837,1256,2093
1333,929,2262
461,474,935
865,795,1660
755,766,1521
873,503,1376
955,948,1903
793,898,1691
373,1383,1756
609,721,1330
641,859,1500
566,682,1248
583,1007,1590
594,676,1270
422,865,1287
236,1825,2061
510,396,906
322,576,898
619,1267,1886
251,1037,1288
1232,844,2076
1020,1102,2122
342,862,1204
678,973,1651
281,1858,2139
1112,1595,2707
1031,848,1879
594,854,1448
577,753,1330
1351,975,2326
340,1062,1402
537,1535,2072
192,833,1025
936,1112,2048
606,441,1047
855,640,1495
581,1819,2400
1500,986,2486
734,770,1504
1157,1431,2588
535,492,1027
1245,967,2212
865,1611,2476
568,665,1233
647,656,1303
1505,868,2373
475,799,1274
674,635,1309
635,575,1210
613,668,1281
1405,613,2018
1049,948,1997
536,664,1200
1683,900,2583
761,791,1552
683,1080,1763
412,628,1040
678,888,1566
735,1140,1875
708,719,1427
981,693,1674
338,702,1040
1459,871,2330
645,684,1329
803,1044,1847
699,840,1539
306,915,1221
492,703,1195
853,1088,1941
465,1018,1483
649,947,1596
394,1504,1898
750,652,1402
650,984,1634
516,1610,2126
588,644,1232
689,788,1477
392,825,1217
785,714,1499
842,956,1798
565,563,1128
427,577,1004
934,960,1894
944,743,1687
522,805,1327
577,651,1228
1187,687,1874
628,663,1291
584,679,1263
464,796,1260
1297,727,2024
702,536,1238
237,1221,1458
809,1271,2080
733,571,1304
958,592,1550
387,651,1038
440,1224,1664
1519,602,2121
815,599,1414
832,669,1501
291,1328,1619
614,811,1425
422,850,1272
701,602,1303
575,1312,1887
380,916,1296
669,680,1349
805,946,1751
510,744,1254
556,920,1476
617,452,1069
550,1045,1595
443,785,1228
584,736,1320
617,860,1477
956,629,1585
503,758,1261
469,978,1447
593,924,1517
1116,807,1923
474,700,1174
744,513,1257
1000,801,1801
528,876,1404
468,830,1298
544,670,1214
569,968,1537
621,1258,1879
531,1133,1664
1158,585,1743
1174,931,2105
417,997,1414
427,773,1200
633,639,1272
825,1034,1859
565,1179,1744
833,838,1671
456,671,1127
901,1064,1965
908,821,1729
848,598,1446
333,989,1322
621,872,1493
728,1057,1785
521,669,1190
730,941,1671
710,789,1499
845,709,1554
616,1067,1683
716,708,1424
802,603,1405
1187,773,1960
339,603,942
446,1101,1547
692,747,1439
826,862,1688
538,579,1117
641,963,1604
720,399,1119
890,705,1595
528,517,1045
318,1195,1513
779,620,1399
870,743,1613
496,566,1062
509,958,1467
603,780,1383
853,720,1573
628,679,1307
901,546,1447
437,1190,1627
366,1189,1555
836,986,1822
941,889,1830
655,652,1307
845,1057,1902
754,763,1517
586,511,1097
831,1076,1907
387,943,1330
1065,785,1850
576,672,1248
371,1012,1383
302,635,937
633,1219,1852
775,685,1460
615,716,1331
331,920,1251
489,1026,1515
498,355,853
686,884,1570
456,1562,2018
1049,675,1724
652,829,1481
477,1201,1678
603,865,1468
615,597,1212
582,338,920
427,928,1355
1110,935,2045
503,421,924
322,688,1010
182,905,1087
976,704,1680
237,861,1098
816,685,1501
427,629,1056
450,949,1399
202,509,711
451,809,1260
745,595,1340
1084,854,1938
896,529,1425
872,728,1600
484,976,1460
671,1033,1704
319,1291,1610
718,1145,1863
907,2119,3026
1430,1067,2497
516,890,1406
424,1347,1771
12110,475,12585
252,1934,2186
793,768,1561
639,1127,1766
531,1076,1607
485,1387,1872
720,1249,1969
467,1529,1996
54,622,676
761,1341,2102
697,1229,1926
462,1464,1926
1126,727,1853
283,1962,2245
96,801,897
742,1114,1856
857,1135,1992
209,746,955
1827,610,2437
478,1112,1590
139,852,991
590,704,1294
1857,522,2379
883,602,1485
1476,401,1877
103,754,857
910,1187,2097
1244,583,1827
679,1392,2071
503,691,1194
153,1727,1880
1705,632,2337
1075,597,1672
684,1197,1881
578,473,1051
1171,304,1475
437,1416,1853
1274,588,1862
629,479,1108
136,437,573
835,457,1292
719,1397,2116
399,653,1052
549,779,1328
661,1246,1907
563,784,1347
1006,926,1932
659,617,1276
146,475,621
74,657,731
1681,557,2238
1217,939,2156
756,790,1546
393,1263,1656
82,777,859
636,854,1490
1185,503,1688
113,644,757
35,798,833
271,916,1187
697,483,1180
302,702,1004
131,946,1077
285,736,1021
854,1322,2176
714,488,1202
229,817,1046
1016,582,1598
327,886,1213
660,1238,1898
372,663,1035
536,606,1142
562,1389,1951
283,325,608
454,708,1162
544,860,1404
370,414,784
686,674,1360
266,772,1038
605,712,1317
579,991,1570
759,303,1062
296,766,1062
490,660,1150
1212,1555,2767
676,588,1264
301,595,896
424,421,845
914,798,1712
821,220,1041
404,1310,1714
876,246,1122
324,506,830
695,372,1067
800,837,1637
535,855,1390
49,385,434
1184,801,1985
781,962,1743
596,1419,2015
703,558,1261
643,596,1239
406,628,1034
1267,1485,2752
564,1118,1682
369,951,1320
877,743,1620
489,971,1460
587,751,1338
800,661,1461
726,623,1349
39,389,428
526,1129,1655
520,2045,2565
101,806,907
82,687,769
783,832,1615
813,1430,2243
78,713,791
765,811,1576
740,802,1542
218,664,882
1368,1352,2720
124,984,1108
409,632,1041
1179,1329,2508
779,1622,2401
638,469,1107
439,788,1227
142,664,806
550,478,1028
317,809,1126
455,535,990
241,992,1233
1863,710,2573
78,853,931
512,793,1305
589,689,1278
1181,1098,2279
525,349,874
999,608,1607
308,1256,1564
866,503,1369
516,693,1209
1016,645,1661
1147,516,1663
589,573,1162
749,416,1165
440,960,1400
525,1076,1601
811,301,1112
195,563,758
450,1162,1612
405,379,784
561,586,1147
1282,1139,2421
588,266,854
632,1184,1816
436,400,836
430,1188,1618
1070,1195,2265
560,642,1202
260,728,988
1018,999,2017
556,1197,1753
700,1132,1832
1005,786,1791
519,607,1126
54,287,341
505,441,946
690,1188,1878
1032,370,1402
448,876,1324
666,1466,2132
101,576,677
546,1568,2114
718,1123,1841
612,695,1307
1183,1103,2286
1002,870,1872
272,407,679
67,551,618
1007,540,1547
207,616,823
225,942,1167
1048,1051,2099
374,1294,1668
386,1333,1719
1050,1058,2108
302,520,822
82,764,846
980,452,1432
619,493,1112
875,364,1239
1204,810,2014
634,1090,1724
821,1547,2368
1021,1099,2120
549,401,950
152,1011,1163
542,523,1065
311,537,848
475,948,1423
363,771,1134
284,1203,1487
1109,1519,2628
493,7130,7623
558,933,1491
523,759,1282
1145,1346,2491
732,731,1463
871,1057,1928
143,1187,1330
391,579,970
1089,897,1986
36,7127,7163
588,388,976
1211,692,1903
595,882,1477
737,1126,1863
903,547,1450
779,823,1602
1209,593,1802
46,7260,7306
602,305,907
1235,639,1874
818,1099,1917
564,1096,1660
300,7189,7489
294,928,1222
1037,726,1763
1600,796,2396
451,697,1148
1096,513,1609
874,1789,2663
1209,529,1738
270,1440,1710
443,929,1372
7155,412,7567
471,913,1384
790,630,1420
182,447,629
1004,1466,2470
165,844,1009
1062,977,2039
248,1436,1684
887,818,1705
7244,718,7962
617,1404,2021
350,805,1155
325,890,1215
951,987,1938
665,742,1407
691,1142,1833
621,757,1378
536,1357,1893
617,931,1548
485,1079,1564
112,760,872
1209,368,1577
391,828,1219
1100,831,1931
7189,728,7917
710,360,1070
848,874,1722
121,731,852
334,533,867
512,1379,1891
937,666,1603
304,819,1123
537,1429,1966
1001,987,1988
676,919,1595
613,974,1587
1471,1228,2699
757,1023,1780
272,1159,1431
836,1122,1958
957,1202,2159
680,694,1374
1210,844,2054
1144,1077,2221
866,335,1201
350,1141,1491
231,1118,1349
1101,361,1462
563,540,1103
334,1263,1597
728,717,1445
630,746,1376
513,698,1211
604,1080,1684
227,773,1000
478,1131,1609
607,1132,1739
1103,388,1491
418,1356,1774
79,1057,1136
831,683,1514
935,615,1550
225,1036,1261
321,937,1258
828,1016,1844
752,818,1570
835,537,1372
819,1126,1945
364,1731,2095
683,769,1452
1134,868,2002
468,982,1450
74,1081,1155
1062,794,1856
550,978,1528
278,701,979
1009,807,1816
478,1740,2218
527,801,1328
1130,593,1723
709,642,1351
1207,1087,2294
834,1574,2408
967,582,1549
302,806,1108
943,574,1517
596,785,1381
998,956,1954
600,676,1276
671,863,1534
829,606,1435
498,1136,1634
1655,680,2335
933,730,1663
612,873,1485
1103,495,1598
928,669,1597
876,1215,2091
828,1005,1833
141,651,792
913,580,1493
1768,905,2673
526,1683,2209
71,654,725
70,792,862
730,1117,1847
248,1789,2037
354,335,689
1131,801,1932
598,1053,1651
1587,958,2545
1142,1212,2354
189,635,824
980,1131,2111
114,1011,1125
407,331,738
195,811,1006
962,1094,2056
929,1182,2111
423,510,933
219,679,898
1006,1718,2724
402,1007,1409
1491,659,2150
410,667,1077
743,1267,2010
892,793,1685
325,1105,1430
603,712,1315
1367,1679,3046
461,601,1062
622,781,1403
50,1648,1698
176,517,693
200,1501,1701
574,2434,3008
556,1028,1584
553,1233,1786
835,681,1516
581,789,1370
915,648,1563
411,1260,1671
222,849,1071
282,857,1139
713,647,1360
1015,2377,3392
856,909,1765
794,1146,1940
476,1384,1860
1320,647,1967
1398,595,1993
358,1029,1387
890,927,1817
777,1082,1859
712,1452,2164
577,1267,1844
1531,2085,3616
1219,593,1812
202,1120,1322
702,1113,1815
156,1099,1255
700,1558,2258
296,1123,1419
2281,1284,3565
280,544,824
863,1505,2368
502,955,1457
626,792,1418
766,1549,2315
609,1710,2319
375,1175,1550
1957,991,2948
364,602,966
992,1248,2240
876,779,1655
1208,850,2058
965,582,1547
1251,1545,2796
1061,737,1798
1087,836,1923
2022,744,2766
555,1005,1560
472,885,1357
686,1404,2090
1419,687,2106
563,1809,2372
1044,765,1809
1133,1603,2736
842,749,1591
744,815,1559
1265,745,2010
577,1445,2022
811,481,1292
1020,1061,2081
1698,608,2306
1060,1210,2270
768,737,1505
955,996,1951
163,785,948
40,913,953
335,675,1010
498,1913,2411
62,682,744
1146,1732,2878
716,768,1484
260,804,1064
991,809,1800
1340,600,1940
864,901,1765
201,1056,1257
759,2139,2898
1187,1139,2326
399,744,1143
454,633,1087
643,690,1333
334,1126,1460
363,924,1287
1718,1217,2935
1516,972,2488
933,340,1273
603,805,1408
820,625,1445
430,1299,1729
79,443,522
787,758,1545
1834,879,2713
434,1277,1711
129,454,583
546,985,1531
878,1134,2012
815,629,1444
65,700,765
1649,948,2597
96,731,827
1971,638,2609
932,813,1745
891,879,1770
1325,1376,2701
553,990,1543
375,656,1031
304,746,1050
1053,845,1898
445,642,1087
358,857,1215
266,959,1225
343,936,1279
864,1453,2317
54,775,829
1163,768,1931
421,812,1233
419,821,1240
803,575,1378
879,798,1677
756,529,1285
936,1135,2071
855,1614,2469
515,738,1253
404,544,948
718,760,1478
644,710,1354
441,1136,1577
174,860,1034
684,1139,1823
144,807,951
65,1557,1622
972,899,1871
362,811,1173
105,1793,1898
730,962,1692
665,1120,1785
309,739,1048
342,866,1208
626,561,1187
1175,898,2073
540,670,1210
390,792,1182
999,963,1962
285,1078,1363
280,1081,1361
725,591,1316
730,858,1588
387,1052,1439
70,590,660
770,484,1254
682,634,1316
1510,603,2113
1353,850,2203
410,1023,1433
886,534,1420
159,872,1031
793,766,1559
114,1437,1551
473,649,1122
578,589,1167
1119,630,1749
616,766,1382
840,863,1703
515,762,1277
436,611,1047
688,655,1343
424,1318,1742
272,839,1111
533,617,1150
293,929,1222
642,860,1502
332,951,1283
773,819,1592
489,480,969
103,802,905
889,743,1632
514,656,1170
302,871,1173
559,1155,1714
238,2274,2512
699,719,1418
981,822,1803
375,507,882
572,886,1458
448,853,1301
569,854,1423
444,622,1066
550,1917,2467
495,999,1494
569,505,1074
765,851,1616
277,828,1105
870,1065,1935
598,1905,2503
212,570,782
745,1101,1846
718,825,1543
149,644,793
351,837,1188
570,759,1329
575,703,1278
1148,1077,2225
639,966,1605
811,800,1611
362,624,986
1065,798,1863
549,783,1332
730,844,1574
945,836,1781
703,680,1383
821,1385,2206
851,1827,2678
665,678,1343
514,688,1202
1148,1303,2451
387,679,1066
593,793,1386
345,853,1198
626,2146,2772
781,427,1208
950,1566,2516
743,622,1365
334,557,891
324,1488,1812
43,676,719
417,834,1251
395,531,926
521,1144,1665
1872,1332,3204
256,657,913
223,510,733
1364,500,1864
272,788,1060
772,865,1637
59,893,952
997,869,1866
509,596,1105
1200,956,2156
1750,1477,3227
470,338,808
503,1013,1516
674,916,1590
1395,695,2090
94,1079,1173
668,1180,1848
886,1383,2269
545,449,994
1242,749,1991
2078,1465,3543
384,574,958
336,1152,1488
658,1446,2104
1443,728,2171
512,980,1492
473,1529,2002
398,1040,1438
767,1057,1824
746,1071,1817
611,896,1507
624,688,1312
535,1364,1899
728,1611,2339
706,573,1279
631,742,1373
698,1342,2040
984,894,1878
689,1466,2155
836,968,1804
1197,845,2042
907,763,1670
309,1846,2155
779,1044,1823
1456,475,1931
1172,1169,2341
985,1378,2363
746,1676,2422
834,876,1710
890,352,1242
1109,1490,2599
743,580,1323
1197,522,1719
1369,1071,2440
758,1275,2033
828,1235,2063
1187,1274,2461
999,920,1919
1093,1336,2429
728,704,1432
647,641,1288
440,513,953
1527,496,2023
937,470,1407
531,1231,1762
945,1133,2078
779,1083,1862
1170,1047,2217
1471,919,2390
501,895,1396
753,1197,1950
304,680,984
1311,496,1807
547,1499,2046
230,905,1135
805,681,1486
1166,732,1898
894,683,1577
198,687,885
1131,1061,2192
389,842,1231
236,1206,1442
1706,1041,2747
190,847,1037
621,950,1571
293,1004,1297
935,703,1638
430,684,1114
793,782,1575
996,739,1735
309,900,1209
355,479,834
771,840,1611
1003,959,1962
572,599,1171
639,1478,2117
1090,461,1551
1122,931,2053
1097,1240,2337
955,845,1800
836,493,1329
1033,1232,2265
961,816,1777
450,615,1065
685,452,1137
635,1016,1651
670,1588,2258
594,990,1584
774,1381,2155
388,1484,1872
1356,500,1856
586,1145,1731
691,494,1185
392,724,1116
583,677,1260
272,459,731
963,1124,2087
702,1520,2222
1081,1424,2505
964,1035,1999
1330,781,2111
603,953,1556
822,883,1705
1265,782,2047
1087,786,1873
597,1175,1772
433,1056,1489
726,626,1352
912,786,1698
399,1196,1595
475,1486,1961
791,697,1488
1410,444,1854
849,1632,2481
403,611,1014
896,888,1784
813,576,1389
398,1304,1702
590,269,859
375,490,865
1151,1419,2570
875,708,1583
632,369,1001
1077,453,1530
891,829,1720
430,1173,1603
423,585,1008
1022,491,1513
630,1394,2024
675,359,1034
1360,704,2064
417,430,847
1043,1178,2221
302,468,770
123,658,781
1339,934,2273
394,575,969
529,1285,1814
431,693,1124
645,1158,1803
1109,789,1898
930,1128,2058
501,658,1159
550,1443,1993
1525,1153,2678
323,1743,2066
592,1357,1949
583,300,883
269,1393,1662
538,1193,1731
628,501,1129
1418,418,1836
733,1086,1819
1102,751,1853
1066,803,1869
373,1913,2286
37,594,631
857,1056,1913
1300,972,2272
212,469,681
1206,1203,2409
574,1129,1703
1137,1017,2154
306,1941,2247
901,1311,2212
1055,1189,2244
656,1315,1971
190,785,975
953,1183,2136
28,902,930
1306,916,2222
1431,656,2087
40,1376,1416
614,856,1470
84,654,738
574,828,1402
765,698,1463
916,498,1414
523,357,880
665,1695,2360
1132,397,1529
31,1700,1731
1327,1470,2797
1662,1593,3255
629,602,1231
601,1412,2013
1078,1778,2856
1746,1561,3307
591,1337,1928
456,579,1035
828,1170,1998
87,1383,1470
1739,1274,3013
30,2028,2058
450,481,931
1115,436,1551
479,1665,2144
195,1272,1467
1116,468,1584
389,1788,2177
86,655,741
594,1009,1603
903,1445,2348
47,542,589
551,1014,1565
1065,363,1428
713,1576,2289
534,1123,1657
1238,618,1856
764,1235,1999
1898,693,2591
765,311,1076
1259,1364,2623
164,736,900
1305,578,1883
442,2505,2947
351,465,816
1117,683,1800
1304,802,2106
21,1797,1818
1593,598,2191
376,1332,1708
592,2421,3013
611,1325,1936
1039,741,1780
566,2382,2948
566,531,1097
955,865,1820
1385,731,2116
306,784,1090
1441,697,2138
349,1550,1899
644,1766,2410
758,914,1672
399,2283,2682
60,799,859
536,895,1431
100,946,1046
588,998,1586
267,975,1242
237,1746,1983
1089,1116,2205
438,789,1227
230,894,1124
1185,867,2052
1533,1971,3504
327,776,1103
130,1171,1301
1112,964,2076
2201,688,2889
304,1103,1407
704,541,1245
384,990,1374
357,1126,1483
660,862,1522
648,676,1324
664,887,1551
1279,935,2214
2208,1079,3287
397,628,1025
316,725,1041
1634,755,2389
2081,929,3010
453,611,1064
315,798,1113
440,480,920
281,571,852
256,719,975
539,817,1356
494,460,954
610,553,1163
864,694,1558
1672,2131,3803
489,1123,1612
758,516,1274
621,462,1083
263,1801,2064
186,827,1013
667,321,988
781,768,1549
626,944,1570
2049,1708,3757
804,1395,2199
42,472,514
803,724,1527
342,1120,1462
529,1728,2257
642,579,1221
815,586,1401
790,1640,2430
241,1643,1884
1379,1784,3163
1078,1392,2470
122,409,531
984,334,1318
788,1366,2154
136,586,722
73,595,668
725,1103,1828
1381,566,1947
2002,1314,3316
157,838,995
144,688,832
735,906,1641
113,760,873
1357,448,1805
197,852,1049
530,616,1146
895,1449,2344
1579,736,2315
1608,818,2426
422,629,1051
715,356,1071
690,1304,1994
552,529,1081
677,597,1274
335,849,1184
614,1405,2019
1118,983,2101
1475,632,2107
1251,848,2099
548,670,1218
189,466,655
360,1130,1490
46,650,696
765,583,1348
709,632,1341
100,1478,1578
595,1001,1596
54,744,798
261,640,901
302,524,826
180,583,763
744,186,930
114,704,818
249,673,922
920,690,1610
332,1329,1661
1077,625,1702
299,632,931
505,1103,1608
282,695,977
282,736,1018
917,214,1131
399,801,1200
452,868,1320
464,970,1434
1407,659,2066
756,734,1490
535,829,1364
1167,992,2159
936,426,1362
1048,630,1678
128,363,491
758,686,1444
672,702,1374
625,1006,1631
1431,836,2267
358,913,1271
966,578,1544
725,1036,1761
733,1018,1751
262,797,1059
140,494,634
703,951,1654
1693,326,2019
978,1052,2030
162,544,706
134,571,705
914,1152,2066
627,680,1307
324,803,1127
467,923,1390
270,962,1232
59,336,395
180,1035,1215
285,925,1210
607,811,1418
148,869,1017
581,717,1298
439,932,1371
87,486,573
248,697,945
598,731,1329
916,513,1429
640,770,1410
864,869,1733
154,948,1102
245,1143,1388
431,936,1367
661,908,1569
361,1409,1770
515,1177,1692
823,817,1640
533,467,1000
762,1136,1898
517,845,1362
524,838,1362
822,1121,1943
406,761,1167
321,667,988
47,962,1009
344,1504,1848
562,748,1310
474,1164,1638
397,1210,1607
473,949,1422
421,1388,1809
561,880,1441
174,644,818
563,1152,1715
245,803,1048
765,1066,1831
649,931,1580
216,1479,1695
558,1043,1601
663,712,1375
549,662,1211
660,853,1513
536,552,1088
1161,719,1880
782,1298,2080
475,1307,1782
492,1970,2462
509,1218,1727
1134,857,1991
367,1358,1725
883,893,1776
1046,452,1498
801,518,1319
1184,523,1707
646,1108,1754
585,700,1285
760,2197,2957
604,1371,1975
646,860,1506
779,770,1549
932,1161,2093
664,643,1307
877,692,1569
718,1022,1740
686,1108,1794
721,628,1349
1063,1569,2632
762,1018,1780
862,903,1765
1043,1264,2307
251,800,1051
742,1075,1817
1326,657,1983
1165,672,1837
706,754,1460
365,818,1183
1172,1103,2275
881,906,1787
393,1073,1466
220,1562,1782
416,911,1327
890,732,1622
1657,1229,2886
1107,858,1965
644,780,1424
1102,969,2071
1088,883,1971
646,668,1314
406,735,1141
712,826,1538
299,1109,1408
532,570,1102
922,998,1920
1027,691,1718
403,1171,1574
1124,1165,2289
283,886,1169
873,874,1747
370,1260,1630
1952,1028,2980
897,560,1457
832,532,1364
604,863,1467
1305,735,2040
627,791,1418
796,1199,1995
456,1147,1603
799,881,1680
515,1148,1663
1357,1289,2646
268,752,1020
365,728,1093
225,834,1059
379,741,1120
955,841,1796
843,1084,1927
786,1018,1804
209,1037,1246
1052,753,1805
1070,1293,2363
522,698,1220
485,813,1298
663,607,1270
187,815,1002
419,1011,1430
453,893,1346
715,811,1526
601,836,1437
547,711,1258
450,1085,1535
223,839,1062
420,1062,1482
397,644,1041
915,1168,2083
579,996,1575
788,792,1580
851,664,1515
854,966,1820
597,676,1273
502,831,1333
508,1079,1587
836,1299,2135
835,739,1574
1219,915,2134
680,963,1643
1096,1066,2162
869,1391,2260
1297,703,2000
984,537,1521
235,1575,1810
796,989,1785
679,1226,1905
1011,643,1654
475,1531,2006
677,1123,1800
1036,795,1831
739,1323,2062
1018,845,1863
823,1052,1875
1263,615,1878
1145,946,2091
204,786,990
1069,982,2051
156,929,1085
283,635,918
343,908,1251
378,837,1215
130,1087,1217
538,706,1244
180,811,991
389,965,1354
1498,569,2067
183,1196,1379
254,1095,1349
948,1364,2312
739,596,1335
438,873,1311
495,1080,1575
438,1020,1458
710,803,1513
327,976,1303
524,814,1338
87,848,935
762,472,1234
598,1190,1788
489,976,1465
548,830,1378
529,1069,1598
528,1081,1609
606,1335,1941
695,1031,1726
781,1154,1935
260,1006,1266
702,1073,1775
210,1081,1291
598,607,1205
752,1304,2056
148,1248,1396
357,885,1242
1053,180,1233
341,1095,1436
463,865,1328
657,615,1272
764,179,943
614,718,1332
721,628,1349
698,303,1001
971,388,1359
1123,257,1380
336,224,560
865,281,1146
938,300,1238
996,1551,2547
869,1708,2577
413,1467,1880
660,2227,2887
715,2030,2745
263,1674,1937
681,1379,2060
1068,1859,2927
260,1788,2048
438,1662,2100
603,1400,2003
570,1650,2220
609,1536,2145
316,1792,2108
1037,1957,2994
431,1770,2201
615,1555,2170
635,1283,1918
807,968,1775
738,1707,2445
280,881,1161
1007,1249,2256
1618,335,1953
640,358,998
1071,1170,2241
527,1392,1919
606,1296,1902
785,649,1434
989,1387,2376
73,939,1012
1675,397,2072
1670,336,2006
563,777,1340
1528,595,2123
1115,540,1655
1361,593,1954
23,762,785
757,883,1640
1591,644,2235
121,1164,1285
1593,656,2249
36,1002,1038
176,1358,1534
505,686,1191
1346,787,2133
48,1198,1246
1501,713,2214
146,1045,1191
1672,655,2327
1385,533,1918
42,1026,1068
876,709,1585
1503,504,2007
77,671,748
1497,554,2051
455,950,1405
1103,388,1491
1204,600,1804
185,609,794
555,736,1291
243,562,805
303,453,756
589,850,1439
201,714,915
188,1186,1374
493,453,946
222,923,1145
280,794,1074
480,602,1082
732,444,1176
956,755,1711
806,1079,1885
1164,571,1735
66,454,520
677,491,1168
736,508,1244
740,464,1204
1051,894,1945
40,469,509
663,743,1406
111,533,644
88,544,632
719,814,1533
102,565,667
207,297,504
224,471,695
589,841,1430
292,428,720
371,538,909
166,647,813
123,633,756
239,530,769
634,1135,1769
268,679,947
487,520,1007
288,635,923
413,366,779
460,463,923
1056,797,1853
382,625,1007
58,567,625
537,824,1361
65,547,612
156,497,653
384,652,1036
545,533,1078
311,402,713
1555,2014,3569
501,693,1194
161,573,734
286,2203,2489
324,629,953
129,745,874
177,724,901
430,607,1037
456,309,765
278,746,1024
865,516,1381
451,569,1020
414,544,958
385,740,1125
424,796,1220
436,2079,2515
389,684,1073
549,673,1222
517,449,966
466,541,1007
433,818,1251
398,473,871
1998,711,2709
636,551,1187
383,688,1071
1571,679,2250
619,531,1150
672,533,1205
670,484,1154
1554,666,2220
422,865,1287
334,770,1104
493,608,1101
610,547,1157
537,396,933
539,434,973
644,671,1315
245,939,1184
337,595,932
451,516,967
575,482,1057
585,394,979
535,514,1049
351,457,808
397,459,856
697,682,1379
337,859,1196
446,418,864
432,567,999
656,798,1454
671,788,1459
283,469,752
437,1081,1518
456,480,936
492,639,1131
609,567,1176
823,598,1421
234,712,946
358,1183,1541
620,401,1021
613,580,1193
554,600,1154
748,595,1343
624,458,1082
406,1168,1574
98,434,532
553,504,1057
732,360,1092
997,716,1713
141,494,635
201,421,622
725,406,1131
296,475,771
1195,3798,4993
374,410,784
1249,288,1537
598,758,1356
487,231,718
404,419,823
334,640,974
822,3833,4655
727,391,1118
1463,191,1654
55,3902,3957
746,335,1081
523,679,1202
796,413,1209
80,3921,4001
40,575,615
319,877,1196
62,398,460
155,557,712
647,784,1431
221,519,740
137,631,768
3490,581,4071
217,654,871
105,511,616
682,616,1298
29,864,893
205,647,852
4920,414,5334
3788,537,4325
274,804,1078
131,741,872
1766,168,1934
3823,703,4526
89,329,418
41,691,732
93,669,762
515,628,1143
289,800,1089
161,1246,1407
60,599,659
269,833,1102
119,348,467
35,1205,1240
323,707,1030
544,627,1171
313,867,1180
46,1678,1724
434,906,1340
565,1103,1668
147,852,999
373,1378,1751
615,1068,1683
474,432,906
324,394,718
761,661,1422
431,482,913
382,700,1082
974,808,1782
609,464,1073
420,1374,1794
676,887,1563
519,576,1095
345,849,1194
290,1035,1325
164,514,678
528,613,1141
1658,335,1993
369,1061,1430
546,1303,1849
474,390,864
206,1538,1744
368,1082,1450
209,990,1199
1119,364,1483
193,843,1036
555,1000,1555
371,657,1028
898,428,1326
1175,632,1807
501,2036,2537
214,1371,1585
1049,1130,2179
522,838,1360
918,980,1898
1653,527,2180
887,841,1728
884,712,1596
1360,552,1912
270,1014,1284
1090,1638,2728
537,649,1186
1416,809,2225
489,1006,1495
1457,615,2072
488,775,1263
419,1436,1855
538,1032,1570
308,1031,1339
585,1313,1898
889,859,1748
580,933,1513
987,563,1550
345,572,917
872,1276,2148
455,1213,1668
687,1832,2519
559,1414,1973
629,918,1547
859,935,1794
841,536,1377
84,682,766
635,522,1157
478,865,1343
131,814,945
1786,1173,2959
317,1597,1914
681,666,1347
563,817,1380
1283,1082,2365
343,1337,1680
834,647,1481
885,896,1781
391,611,1002
1485,1082,2567
841,1228,2069
927,639,1566
512,513,1025
428,1331,1759
690,617,1307
841,1165,2006
305,639,944
806,416,1222
1839,802,2641
30,411,441
683,379,1062
921,1015,1936
723,663,1386
704,556,1260
889,1125,2014
484,720,1204
1331,862,2193
426,1220,1646
768,516,1284
94,377,471
846,1040,1886
446,938,1384
745,767,1512
1146,991,2137
846,1156,2002
1224,1142,2366
711,468,1179
1044,898,1942
747,865,1612
893,1186,2079
70,891,961
119,515,634
667,1097,1764
82,847,929
271,696,967
559,1166,1725
62,589,651
666,530,1196
581,363,944
282,625,907
979,1109,2088
690,331,1021
903,886,1789
912,1201,2113
821,354,1175
521,381,902
882,1735,2617
294,901,1195
457,540,997
758,1157,1915
36,996,1032
593,893,1486
375,696,1071
298,386,684
97,902,999
679,1581,2260
617,666,1283
779,536,1315
324,1320,1644
145,1259,1404
968,501,1469
419,1007,1426
196,450,646
139,1339,1478
138,1398,1536
647,842,1489
531,628,1159
656,1058,1714
547,1139,1686
680,972,1652
491,1003,1494
422,1400,1822
632,1056,1688
840,962,1802
556,917,1473
925,1350,2275
796,2424,3220
254,727,981
1193,997,2190
1127,745,1872
488,2078,2566
300,718,1018
1014,814,1828
803,248,1051
498,2019,2517
839,1104,1943
258,951,1209
785,544,1329
2264,268,2532
1201,1235,2436
417,237,654
418,1492,1910
231,1222,1453
118,421,539
80,1346,1426
764,1501,2265
2013,317,2330
1300,1120,2420
609,1491,2100
864,1557,2421
391,1638,2029
336,272,608
1058,1121,2179
300,1409,1709
476,1475,1951
446,320,766
468,1472,1940
1094,1677,2771
2083,352,2435
47,422,469
902,379,1281
374,1197,1571
748,1257,2005
81,609,690
1171,1102,2273
1170,702,1872
822,1617,2439
47,647,694
774,466,1240
654,924,1578
276,830,1106
1491,600,2091
111,631,742
468,997,1465
1324,1054,2378
994,657,1651
309,606,915
796,596,1392
45,1032,1077
1025,619,1644
1191,572,1763
52,795,847
1160,692,1852
536,404,940
1014,817,1831
169,1069,1238
149,684,833
450,618,1068
410,692,1102
500,794,1294
1285,1631,2916
549,316,865
350,528,878
724,652,1376
624,308,932
360,772,1132
519,636,1155
572,789,1361
47,322,369
884,2187,3071
797,924,1721
599,713,1312
927,375,1302
643,1981,2624
533,1063,1596
1102,780,1882
717,559,1276
104,498,602
1047,1558,2605
900,793,1693
192,635,827
1347,1164,2511
544,852,1396
721,1146,1867
2017,703,2720
417,497,914
581,639,1220
740,1413,2153
929,1113,2042
269,598,867
209,944,1153
593,1462,2055
619,1228,1847
391,799,1190
1488,620,2108
579,1006,1585
518,1287,1805
581,487,1068
1869,472,2341
62,700,762
813,346,1159
247,281,528
473,768,1241
782,780,1562
269,859,1128
370,342,712
659,1177,1836
954,3768,4722
586,638,1224
377,796,1173
386,322,708
827,880,1707
504,3816,4320
202,615,817
596,614,1210
576,934,1510
828,3546,4374
110,271,381
1030,699,1729
715,477,1192
588,304,892
677,273,950
925,879,1804
297,3469,3766
350,1202,1552
486,356,842
712,715,1427
650,655,1305
165,329,494
895,590,1485
187,658,845
714,326,1040
1128,772,1900
3388,288,3676
51,1557,1608
618,318,936
738,1299,2037
780,745,1525
198,555,753
877,466,1343
370,1345,1715
632,235,867
820,844,1664
3477,462,3939
92,1745,1837
476,309,785
917,1304,2221
727,620,1347
496,347,843
449,563,1012
461,1394,1855
561,626,1187
356,626,982
3616,440,4056
1254,697,1951
534,1115,1649
112,333,445
146,433,579
638,522,1160
563,1385,1948
1261,705,1966
116,683,799
161,655,816
1378,901,2279
795,364,1159
179,667,846
244,772,1016
1872,577,2449
1388,501,1889
267,609,876
323,622,945
1302,653,1955
580,562,1142
277,744,1021
652,717,1369
695,564,1259
1321,971,2292
122,673,795
221,533,754
27,443,470
442,837,1279
402,287,689
409,755,1164
1207,887,2094
594,582,1176
98,587,685
565,947,1512
574,178,752
477,550,1027
636,1405,2041
284,692,976
745,883,1628
171,638,809
342,743,1085
329,823,1152
410,673,1083
573,481,1054
491,749,1240
1146,525,1671
448,1410,1858
604,513,1117
503,282,785
238,1205,1443
321,820,1141
370,827,1197
680,549,1229
92,1282,1374
794,462,1256
714,1327,2041
782,633,1415
223,612,835
318,1204,1522
345,1120,1465
354,673,1027
710,712,1422
709,602,1311
272,1180,1452
258,924,1182
870,782,1652
649,440,1089
147,741,888
355,1225,1580
454,1185,1639
434,606,1040
498,747,1245
352,880,1232
447,1279,1726
336,882,1218
1069,731,1800
683,594,1277
1048,651,1699
1179,574,1753
497,876,1373
643,693,1336
218,699,917
347,856,1203
556,830,1386
1240,632,1872
475,559,1034
228,863,1091
1101,657,1758
996,564,1560
851,659,1510
223,807,1030
1155,478,1633
341,768,1109
682,469,1151
632,789,1421
579,608,1187
864,232,1096
793,606,1399
373,831,1204
657,757,1414
841,289,1130
534,1020,1554
671,485,1156
564,630,1194
797,769,1566
113,183,296
479,707,1186
333,651,984
231,129,360
424,634,1058
143,278,421
1072,626,1698
711,928,1639
634,1080,1714
550,937,1487
152,295,447
164,224,388
657,802,1459
657,940,1597
513,998,1511
524,876,1400
794,849,1643
1056,628,1684
204,349,553
730,651,1381
822,810,1632
665,659,1324
563,848,1411
712,592,1304
678,1164,1842
444,315,759
597,811,1408
470,324,794
661,736,1397
444,557,1001
633,990,1623
729,954,1683
552,508,1060
496,405,901
705,964,1669
531,460,991
663,858,1521
587,437,1024
1052,703,1755
610,482,1092
257,422,679
689,321,1010
714,490,1204
753,340,1093
405,797,1202
448,763,1211
525,578,1103
739,509,1248
452,781,1233
205,315,520
272,359,631
898,381,1279
426,189,615
319,283,602
331,279,610
380,283,663
414,280,694
376,307,683
380,297,677
430,283,713
446,276,722
428,291,719
256,307,563
173,467,640
990,777,1767
551,178,729
886,732,1618
192,483,675
775,485,1260
147,341,488
678,711,1389
759,1328,2087
288,419,707
767,1341,2108
122,922,1044
766,420,1186
501,521,1022
826,788,1614
786,788,1574
549,489,1038
526,441,967
851,738,1589
692,733,1425
726,682,1408
172,706,878
136,365,501
815,918,1733
486,185,671
861,1066,1927
855,779,1634
962,1213,2175
619,217,836
570,959,1529
838,1043,1881
1153,680,1833
863,1027,1890
1146,629,1775
123,836,959
877,1044,1921
147,707,854
147,658,805
378,383,761
479,637,1116
970,812,1782
341,426,767
938,996,1934
335,460,795
126,912,1038
340,699,1039
187,837,1024
313,503,816
170,547,717
1134,732,1866
293,690,983
472,656,1128
208,801,1009
136,984,1120
432,481,913
377,503,880
698,226,924
794,939,1733
646,781,1427
519,867,1386
808,920,1728
766,593,1359
778,873,1651
758,904,1662
445,1126,1571
650,815,1465
468,1164,1632
131,590,721
691,819,1510
702,1009,1711
508,1244,1752
804,784,1588
864,717,1581
732,938,1670
1324,530,1854
506,310,816
1000,783,1783
328,684,1012
762,872,1634
892,562,1454
371,391,762
84,892,976
619,428,1047
691,1149,1840
480,289,769
201,867,1068
105,810,915
121,810,931
433,1392,1825
268,801,1069
658,420,1078
135,1090,1225
70,299,369
204,956,1160
109,909,1018
462,361,823
293,673,966
348,730,1078
118,1076,1194
840,1166,2006
741,585,1326
118,374,492
94,1331,1425
1052,586,1638
400,203,603
629,434,1063
555,554,1109
1148,381,1529
180,1495,1675
211,644,855
571,920,1491
440,577,1017
80,356,436
523,461,984
136,717,853
504,927,1431
732,606,1338
193,278,471
205,1310,1515
364,622,986
1234,321,1555
641,723,1364
615,1164,1779
796,772,1568
344,814,1158
860,791,1651
92,482,574
213,283,496
535,466,1001
122,568,690
249,406,655
568,744,1312
1076,692,1768
1166,462,1628
226,890,1116
1230,616,1846
98,732,830
583,219,802
1040,733,1773
325,631,956
184,680,864
748,1063,1811
118,993,1111
420,690,1110
142,866,1008
324,853,1177
222,852,1074
135,371,506
711,552,1263
439,715,1154
208,804,1012
411,1483,1894
508,734,1242
613,757,1370
210,1070,1280
679,603,1282
381,896,1277
152,558,710
139,656,795
650,586,1236
478,779,1257
594,1529,2123
527,925,1452
83,626,709
339,1173,1512
127,781,908
674,782,1456
168,681,849
297,576,873
296,671,967
334,691,1025
675,1064,1739
320,881,1201
331,545,876
1239,755,1994
374,666,1040
416,714,1130
347,633,980
338,741,1079
899,695,1594
489,817,1306
520,740,1260
572,640,1212
1400,642,2042
519,826,1345
611,781,1392
476,797,1273
581,796,1377
592,934,1526
703,751,1454
694,548,1242
544,804,1348
984,444,1428
762,744,1506
729,753,1482
692,692,1384
595,742,1337
744,966,1710
681,780,1461
614,545,1159
148,572,720
558,682,1240
422,823,1245
516,745,1261
429,845,1274
555,792,1347
651,989,1640
38,951,989
883,827,1710
187,662,849
210,799,1009
386,567,953
757,644,1401
541,722,1263
494,831,1325
618,743,1361
470,698,1168
579,658,1237
371,765,1136
292,686,978
737,682,1419
786,867,1653
535,990,1525
649,657,1306
459,968,1427
760,654,1414
697,837,1534
358,706,1064
439,807,1246
654,2070,2724
216,588,804
440,1024,1464
592,1031,1623
688,431,1119
389,736,1125
728,426,1154
629,1169,1798
586,1009,1595
674,623,1297
870,2148,3018
1096,477,1573
728,717,1445
821,337,1158
611,729,1340
1087,449,1536
561,1017,1578
685,562,1247
636,1224,1860
1015,436,1451
938,2127,3065
652,689,1341
992,1055,2047
83,349,432
401,1949,2350
962,314,1276
760,831,1591
370,1404,1774
705,631,1336
255,475,730
1530,754,2284
1024,928,1952
145,438,583
691,569,1260
459,1818,2277
1144,709,1853
171,570,741
786,774,1560
609,1849,2458
1676,800,2476
780,732,1512
239,579,818
40,891,931
1329,411,1740
763,1131,1894
114,1003,1117
701,1273,1974
272,468,740
1848,348,2196
1957,686,2643
781,1050,1831
309,436,745
867,404,1271
522,664,1186
684,683,1367
580,528,1108
606,726,1332
274,767,1041
651,943,1594
660,685,1345
345,1062,1407
459,562,1021
495,1119,1614
1820,573,2393
1088,477,1565
671,821,1492
360,1313,1673
684,969,1653
1814,752,2566
884,836,1720
625,779,1404
351,696,1047
23,707,730
700,829,1529
431,1166,1597
140,1796,1936
425,1106,1531
298,863,1161
474,1399,1873
718,1085,1803
881,852,1733
603,781,1384
763,916,1679
50,1092,1142
623,1391,2014
246,768,1014
139,791,930
1191,400,1591
712,1381,2093
1027,1036,2063
1851,500,2351
1932,723,2655
1725,186,1911
1908,265,2173
1142,420,1562
1367,520,1887
1598,538,2136
1172,368,1540
1841,297,2138
109,1165,1274
1446,845,2291
1309,1152,2461
2089,390,2479
1849,589,2438
1734,532,2266
1865,483,2348
2116,559,2675
1480,121,1601
1086,280,1366
2122,1005,3127
1710,985,2695
1739,788,2527
1972,890,2862
2053,833,2886
2055,1189,3244
1145,825,1970
1492,560,2052
2291,1028,3319
1284,707,1991
608,3453,4061
2165,1109,3274
1227,362,1589
1169,668,1837
891,760,1651
1294,479,1773
3358,366,3724
1009,1230,2239
956,807,1763
3436,349,3785
1558,705,2263
1655,1526,3181
307,433,740
209,526,735
1890,1768,3658
1205,1002,2207
1340,695,2035
3249,368,3617
102,662,764
1264,569,1833
440,325,765
223,548,771
505,435,940
189,575,764
1028,1449,2477
1323,858,2181
1073,1221,2294
520,435,955
257,424,681
208,921,1129
282,736,1018
156,769,925
200,1115,1315
275,516,791
332,717,1049
260,1041,1301
233,474,707
1586,1099,2685
369,854,1223
436,874,1310
302,938,1240
376,467,843
774,708,1482
279,1030,1309
490,545,1035
125,846,971
135,990,1125
746,502,1248
155,501,656
774,667,1441
866,572,1438
551,877,1428
429,798,1227
467,1001,1468
509,299,808
374,404,778
788,875,1663
1045,281,1326
536,1011,1547
385,958,1343
875,819,1694
998,504,1502
531,489,1020
397,589,986
1416,303,1719
437,833,1270
939,581,1520
811,537,1348
565,484,1049
721,624,1345
1311,306,1617
1396,594,1990
1082,580,1662
536,636,1172
914,556,1470
444,1180,1624
289,924,1213
459,784,1243
1057,493,1550
432,686,1118
111,536,647
621,691,1312
974,731,1705
1270,818,2088
281,824,1105
677,408,1085
636,1238,1874
512,456,968
1032,198,1230
659,1429,2088
729,1066,1795
790,1253,2043
491,645,1136
523,833,1356
289,1365,1654
591,528,1119
922,271,1193
1062,663,1725
281,1288,1569
336,1118,1454
562,670,1232
744,1326,2070
388,937,1325
591,613,1204
438,1271,1709
827,1707,2534
1335,592,1927
1015,567,1582
754,652,1406
800,333,1133
325,1075,1400
1077,505,1582
365,1539,1904
209,608,817
891,1946,2837
766,1014,1780
382,715,1097
372,1803,2175
976,891,1867
877,245,1122
1600,589,2189
160,218,378
1662,552,2214
168,260,428
1733,302,2035
202,248,450
1177,1213,2390
1162,1353,2515
1248,927,2175
817,662,1479
961,1254,2215
232,702,934
708,170,878
1341,1379,2720
398,3815,4213
952,1244,2196
569,310,879
128,174,302
1235,1363,2598
621,3647,4268
1069,1185,2254
702,777,1479
1214,1232,2446
615,333,948
382,3590,3972
112,1369,1481
475,1147,1622
234,246,480
178,242,420
632,386,1018
277,1619,1896
1106,962,2068
158,794,952
187,302,489
114,389,503
3700,282,3982
479,1578,2057
1545,1114,2659
592,1262,1854
687,1257,1944
767,388,1155
970,559,1529
205,790,995
624,933,1557
3611,345,3956
655,1520,2175
89,1027,1116
268,285,553
147,575,722
979,573,1552
704,442,1146
550,509,1059
3794,322,4116
50,1674,1724
675,515,1190
694,231,925
521,368,889
1296,381,1677
286,898,1184
594,590,1184
79,387,466
88,292,380
158,392,550
267,245,512
355,950,1305
992,309,1301
138,406,544
742,617,1359
289,302,591
183,251,434
725,540,1265
1185,626,1811
855,437,1292
558,1495,2053
1241,837,2078
391,462,853
187,1537,1724
241,327,568
226,261,487
1742,411,2153
647,239,886
466,249,715
588,746,1334
721,173,894
584,1218,1802
761,590,1351
475,827,1302
417,259,676
265,452,717
186,454,640
547,794,1341
648,241,889
271,425,696
476,262,738
862,1379,2241
252,596,848
695,162,857
648,796,1444
615,177,792
314,496,810
164,694,858
567,1176,1743
326,519,845
536,250,786
1756,493,2249
375,397,772
300,659,959
253,756,1009
318,684,1002
370,583,953
325,564,889
48,1707,1755
208,612,820
1234,596,1830
90,1982,2072
340,747,1087
275,783,1058
371,806,1177
843,406,1249
385,1125,1510
431,403,834
363,842,1205
671,804,1475
582,805,1387
454,739,1193
422,904,1326
604,896,1500
235,1161,1396
455,1058,1513
750,1388,2138
679,942,1621
766,739,1505
687,720,1407
120,532,652
905,501,1406
694,660,1354
834,907,1741
1084,533,1617
61,747,808
772,1039,1811
499,540,1039
86,773,859
474,893,1367
159,802,961
746,341,1087
133,712,845
408,692,1100
159,958,1117
76,318,394
214,765,979
781,1082,1863
401,705,1106
501,494,995
659,368,1027
366,914,1280
833,783,1616
334,1115,1449
112,318,430
600,593,1193
475,1821,2296
706,432,1138
850,532,1382
212,392,604
270,1071,1341
1106,1067,2173
568,875,1443
162,468,630
521,1832,2353
880,440,1320
271,537,808
330,438,768
472,1132,1604
721,967,1688
671,887,1558
251,557,808
879,1532,2411
450,513,963
349,563,912
297,523,820
984,693,1677
433,1024,1457
171,848,1019
173,630,803
1457,439,1896
325,614,939
695,593,1288
206,644,850
535,670,1205
1466,686,2152
931,809,1740
769,583,1352
436,483,919
1534,436,1970
922,624,1546
1578,932,2510
788,583,1371
600,1468,2068
401,588,989
660,610,1270
434,474,908
975,562,1537
449,766,1215
457,674,1131
458,665,1123
1874,2250,4124
861,496,1357
292,1400,1692
478,391,869
683,443,1126
517,648,1165
1074,586,1660
511,1314,1825
684,512,1196
611,722,1333
1248,2291,3539
192,518,710
216,501,717
330,526,856
200,595,795
152,651,803
1343,477,1820
220,637,857
333,486,819
387,884,1271
780,2044,2824
579,667,1246
413,358,771
466,1132,1598
515,308,823
330,546,876
1461,264,1725
393,466,859
587,1037,1624
2103,598,2701
612,284,896
458,735,1193
413,883,1296
435,758,1193
1048,351,1399
526,986,1512
741,599,1340
1387,557,1944
437,659,1096
193,1212,1405
511,721,1232
509,737,1246
337,343,680
1098,441,1539
803,829,1632
186,526,712
680,711,1391
719,698,1417
44,799,843
200,706,906
600,853,1453
718,476,1194
199,697,896
319,607,926
209,790,999
26,542,568
444,405,849
493,591,1084
178,924,1102
645,1065,1710
71,633,704
360,592,952
359,777,1136
703,1025,1728
60,650,710
496,416,912
396,827,1223
2278,692,2970
219,633,852
954,1297,2251
716,588,1304
451,473,924
163,1114,1277
396,418,814
827,507,1334
1954,1449,3403
619,597,1216
1076,1101,2177
668,297,965
465,693,1158
586,442,1028
253,1322,1575
250,547,797
638,855,1493
516,465,981
936,765,1701
728,853,1581
750,797,1547
130,653,783
751,989,1740
311,663,974
749,427,1176
158,873,1031
366,442,808
1018,739,1757
498,598,1096
485,985,1470
671,846,1517
307,1183,1490
984,685,1669
512,583,1095
167,1527,1694
487,729,1216
49,573,622
1056,632,1688
25,600,625
98,1080,1178
480,857,1337
321,1014,1335
746,725,1471
562,812,1374
881,599,1480
467,554,1021
99,624,723
281,462,743
73,849,922
292,504,796
394,1818,2212
294,736,1030
329,758,1087
322,758,1080
933,687,1620
506,598,1104
1286,1260,2546
807,1041,1848
778,487,1265
641,503,1144
1406,1111,2517
532,795,1327
737,318,1055
391,1262,1653
520,548,1068
778,367,1145
1100,852,1952
739,965,1704
665,433,1098
557,371,928
593,713,1306
588,919,1507
620,457,1077
429,724,1153
718,961,1679
375,884,1259
542,495,1037
1804,881,2685
580,1121,1701
552,934,1486
373,980,1353
862,380,1242
1315,308,1623
502,488,990
654,338,992
838,221,1059
233,557,790
567,241,808
886,298,1184
243,431,674
619,255,874
666,277,943
318,368,686
1490,716,2206
1555,959,2514
1084,707,1791
1070,760,1830
1075,892,1967
1644,741,2385
434,559,993
468,663,1131
1144,848,1992
1131,895,2026
1221,495,1716
1087,746,1833
582,617,1199
550,691,1241
1274,818,2092
1085,561,1646
1104,917,2021
60,615,675
1341,1004,2345
1239,1158,2397
1151,1261,2412
942,1536,2478
753,1001,1754
1144,1294,2438
72,580,652
62,650,712
718,1064,1782
540,1263,1803
1284,1197,2481
1000,1545,2545
26,1163,1189
33,701,734
650,1418,2068
519,1352,1871
37,1134,1171
254,1067,1321
335,1037,1372
1027,501,1528
259,1347,1606
207,1151,1358
1051,470,1521
364,890,1254
715,1349,2064
232,1172,1404
943,583,1526
1197,875,2072
756,792,1548
187,1043,1230
946,675,1621
737,1725,2462
400,1027,1427
461,990,1451
1084,502,1586
701,580,1281
1020,623,1643
1196,316,1512
787,796,1583
862,700,1562
973,412,1385
646,997,1643
233,554,787
446,1523,1969
993,729,1722
482,1117,1599
459,858,1317
333,508,841
777,409,1186
1046,771,1817
1103,589,1692
640,1168,1808
213,507,720
334,437,771
648,1438,2086
521,491,1012
787,661,1448
439,293,732
1432,516,1948
1156,704,1860
448,1168,1616
480,286,766
384,983,1367
291,1400,1691
734,642,1376
373,603,976
285,429,714
1232,651,1883
999,859,1858
577,449,1026
643,379,1022
1368,511,1879
676,761,1437
133,398,531
960,812,1772
1099,653,1752
107,394,501
541,303,844
797,1421,2218
472,1267,1739
902,569,1471
62,552,614
1069,1211,2280
506,525,1031
955,880,1835
52,455,507
196,292,488
655,683,1338
639,751,1390
558,1236,1794
278,381,659
132,795,927
743,1011,1754
798,784,1582
367,1308,1675
93,606,699
103,728,831
74,658,732
172,733,905
307,622,929
308,385,693
608,1211,1819
1313,565,1878
870,593,1463
83,1233,1316
228,800,1028
1285,627,1912
115,809,924
207,771,978
343,861,1204
482,797,1279
535,654,1189
778,575,1353
490,770,1260
686,596,1282
604,367,971
681,464,1145
180,624,804
875,547,1422
111,1224,1335
361,307,668
597,491,1088
1021,473,1494
353,1115,1468
385,328,713
850,971,1821
723,1081,1804
537,642,1179
761,727,1488
194,1403,1597
498,1084,1582
483,975,1458
722,585,1307
668,628,1296
327,303,630
639,1269,1908
139,911,1050
706,1094,1800
323,488,811
299,1418,1717
1048,593,1641
284,761,1045
236,469,705
808,434,1242
609,1417,2026
682,618,1300
186,914,1100
230,594,824
830,456,1286
1010,898,1908
80,799,879
467,736,1203
380,764,1144
142,1192,1334
376,578,954
1308,793,2101
235,579,814
502,911,1413
778,1373,2151
792,571,1363
854,854,1708
628,752,1380
1028,679,1707
628,557,1185
350,779,1129
328,896,1224
386,593,979
743,752,1495
405,1061,1466
487,625,1112
1074,488,1562
927,908,1835
414,1048,1462
580,575,1155
798,521,1319
525,439,964
724,800,1524
457,529,986
900,677,1577
333,985,1318
790,1082,1872
797,404,1201
827,1050,1877
481,526,1007
621,546,1167
1191,500,1691
561,484,1045
666,925,1591
495,885,1380
286,517,803
354,966,1320
594,400,994
621,927,1548
403,923,1326
825,692,1517
726,848,1574
466,486,952
951,939,1890
824,924,1748
368,497,865
342,1127,1469
431,621,1052
582,975,1557
809,797,1606
498,828,1326
749,803,1552
390,551,941
268,2021,2289
999,893,1892
279,709,988
885,620,1505
201,475,676
948,557,1505
840,790,1630
438,892,1330
704,840,1544
820,670,1490
463,2159,2622
456,752,1208
172,780,952
597,484,1081
448,651,1099
370,738,1108
947,655,1602
787,892,1679
257,674,931
650,457,1107
582,653,1235
946,712,1658
489,748,1237
604,457,1061
245,981,1226
617,565,1182
803,899,1702
325,1129,1454
728,564,1292
658,807,1465
464,526,990
899,826,1725
386,768,1154
568,330,898
615,397,1012
671,492,1163
454,694,1148
322,534,856
887,271,1158
386,809,1195
870,551,1421
817,768,1585
822,1846,2668
730,804,1534
332,425,757
692,490,1182
362,542,904
659,285,944
422,821,1243
159,648,807
413,425,838
467,882,1349
1924,1457,3381
846,1494,2340
701,721,1422
67,451,518
524,1059,1583
2034,1365,3399
433,424,857
586,449,1035
713,1140,1853
514,1475,1989
629,688,1317
96,464,560
414,937,1351
1642,1186,2828
383,526,909
698,614,1312
461,708,1169
705,633,1338
398,1393,1791
608,528,1136
388,870,1258
308,425,733
654,1839,2493
242,562,804
926,434,1360
358,607,965
1283,725,2008
383,486,869
418,516,934
1272,612,1884
351,708,1059
441,965,1406
400,378,778
294,488,782
632,597,1229
1350,616,1966
675,812,1487
822,567,1389
673,449,1122
1316,790,2106
645,1917,2562
478,352,830
453,647,1100
588,438,1026
775,1745,2520
633,1074,1707
403,1142,1545
231,940,1171
1699,938,2637
1140,789,1929
533,326,859
533,1580,2113
1171,530,1701
473,326,799
555,1088,1643
615,898,1513
378,505,883
695,1108,1803
316,739,1055
267,413,680
411,579,990
555,1310,1865
346,594,940
275,936,1211
695,1121,1816
1746,655,2401
516,763,1279
996,896,1892
607,1563,2170
1616,788,2404
358,894,1252
434,735,1169
1226,609,1835
275,830,1105
876,368,1244
517,906,1423
387,888,1275
789,1855,2644
534,1054,1588
861,291,1152
960,333,1293
826,355,1181
1405,855,2260
1000,617,1617
448,402,850
689,745,1434
182,1187,1369
583,1069,1652
47,1089,1136
240,1091,1331
586,429,1015
338,874,1212
566,476,1042
752,1007,1759
548,420,968
568,1021,1589
508,997,1505
365,899,1264
842,987,1829
599,677,1276
668,703,1371
859,558,1417
223,576,799
1462,919,2381
634,743,1377
991,327,1318
995,970,1965
528,859,1387
964,486,1450
425,660,1085
336,1286,1622
131,752,883
270,691,961
1815,789,2604
877,472,1349
728,1520,2248
786,1322,2108
408,1781,2189
755,469,1224
827,1016,1843
370,1119,1489
928,1182,2110
686,1442,2128
570,948,1518
182,1402,1584
333,954,1287
323,1580,1903
754,926,1680
773,1125,1898
679,1234,1913
823,905,1728
915,1138,2053
910,831,1741
866,856,1722
716,838,1554
1018,987,2005
1020,554,1574
523,1236,1759
768,1443,2211
848,1379,2227
1344,213,1557
1158,965,2123
1386,943,2329
1068,341,1409
856,780,1636
618,1355,1973
1104,1348,2452
944,1711,2655
344,1311,1655
1042,753,1795
899,600,1499
814,446,1260
485,1426,1911
1147,1057,2204
839,1641,2480
873,721,1594
259,919,1178
522,675,1197
698,524,1222
1116,521,1637
880,1407,2287
1250,718,1968
963,1010,1973
399,1632,2031
686,1491,2177
1022,720,1742
1368,723,2091
1147,1049,2196
866,731,1597
1624,718,2342
1337,338,1675
788,1082,1870
1099,466,1565
433,514,947
170,804,974
728,1422,2150
358,293,651
1517,188,1705
780,1650,2430
304,329,633
912,600,1512
49,534,583
754,683,1437
312,352,664
352,490,842
1544,786,2330
100,514,614
1213,1369,2582
1307,869,2176
816,476,1292
41,790,831
1261,1445,2706
721,1334,2055
98,787,885
325,466,791
537,1399,1936
828,1128,1956
1332,674,2006
355,575,930
516,1012,1528
162,340,502
131,1104,1235
1348,944,2292
26,785,811
1226,770,1996
703,274,977
1461,578,2039
803,1227,2030
957,431,1388
97,527,624
403,570,973
894,301,1195
232,598,830
582,375,957
426,679,1105
110,1343,1453
224,815,1039
366,533,899
28,1132,1160
521,689,1210
382,735,1117
917,482,1399
913,408,1321
518,501,1019
150,1061,1211
279,1095,1374
601,451,1052
458,1058,1516
427,1166,1593
382,868,1250
140,806,946
946,619,1565
545,740,1285
162,810,972
714,539,1253
151,538,689
721,545,1266
486,1058,1544
388,1145,1533
415,854,1269
391,627,1018
571,339,910
628,1075,1703
640,849,1489
402,1387,1789
623,547,1170
288,885,1173
1020,1060,2080
959,872,1831
292,852,1144
418,944,1362
201,668,869
1054,1045,2099
702,644,1346
241,795,1036
280,754,1034
209,596,805
623,483,1106
1009,701,1710
443,926,1369
477,701,1178
856,324,1180
600,346,946
452,645,1097
506,731,1237
54,803,857
302,725,1027
668,1509,2177
57,1149,1206
1176,1061,2237
663,332,995
958,905,1863
1068,863,1931
714,645,1359
834,1150,1984
790,815,1605
312,766,1078
968,1683,2651
537,834,1371
894,1392,2286
290,760,1050
402,640,1042
481,583,1064
495,797,1292
859,834,1693
491,729,1220
625,825,1450
1282,1364,2646
836,787,1623
721,846,1567
764,672,1436
582,652,1234
642,754,1396
1310,1090,2400
1056,468,1524
660,715,1375
217,674,891
345,433,778
476,467,943
419,457,876
605,473,1078
1432,619,2051
460,617,1077
232,725,957
742,1016,1758
533,563,1096
550,660,1210
893,1526,2419
242,532,774
725,792,1517
446,367,813
902,717,1619
221,209,430
1138,1032,2170
659,870,1529
241,1177,1418
1220,620,1840
695,482,1177
691,1253,1944
264,234,498
581,1043,1624
474,1143,1617
595,1030,1625
910,820,1730
526,775,1301
368,330,698
649,1097,1746
395,547,942
1236,435,1671
13,364,377
107,919,1026
690,349,1039
520,1194,1714
474,892,1366
706,474,1180
1008,445,1453
169,1196,1365
935,531,1466
142,1802,1944
14,501,515
358,1327,1685
685,1278,1963
496,1081,1577
456,770,1226
967,573,1540
592,1200,1792
938,692,1630
1071,849,1920
530,215,745
424,1381,1805
1089,865,1954
630,739,1369
1112,872,1984
1035,429,1464
557,422,979
1479,199,1678
1404,475,1879
590,339,929
28,1512,1540
619,544,1163
699,702,1401
615,1959,2574
266,1969,2235
629,557,1186
362,2188,2550
918,615,1533
294,787,1081
1303,180,1483
528,214,742
1222,803,2025
1255,356,1611
856,2128,2984
478,2144,2622
1350,445,1795
467,1050,1517
631,261,892
689,417,1106
58,182,240
604,492,1096
516,720,1236
2008,813,2821
911,1376,2287
1446,792,2238
668,750,1418
2142,880,3022
44,535,579
633,618,1251
61,630,691
537,703,1240
1922,559,2481
55,864,919
766,1036,1802
386,456,842
87,330,417
1874,594,2468
2005,670,2675
343,599,942
138,633,771
542,542,1084
109,623,732
44,862,906
34,830,864
1258,563,1821
532,417,949
368,728,1096
616,448,1064
375,604,979
416,612,1028
191,643,834
188,769,957
376,576,952
669,524,1193
493,566,1059
696,345,1041
483,659,1142
251,795,1046
1615,822,2437
317,372,689
700,544,1244
367,823,1190
261,420,681
612,1641,2253
657,641,1298
659,980,1639
684,470,1154
26,1502,1528
527,474,1001
22,1739,1761
377,447,824
401,1442,1843
418,643,1061
860,963,1823
619,437,1056
476,889,1365
1579,241,1820
378,373,751
278,820,1098
39,558,597
814,860,1674
500,1264,1764
1123,206,1329
131,892,1023
395,1008,1403
307,597,904
427,560,987
239,957,1196
532,960,1492
408,1057,1465
379,291,670
342,674,1016
768,1665,2433
553,1639,2192
472,1185,1657
811,426,1237
332,934,1266
428,1219,1647
705,951,1656
613,2111,2724
666,1130,1796
264,596,860
556,1243,1799
269,1299,1568
146,1035,1181
354,1303,1657
379,539,918
768,442,1210
874,1761,2635
445,1198,1643
593,1109,1702
395,800,1195
452,946,1398
1295,1189,2484
535,563,1098
656,709,1365
641,811,1452
41,591,632
637,1043,1680
800,622,1422
971,452,1423
107,799,906
1016,1236,2252
696,761,1457
1079,173,1252
786,845,1631
1524,1271,2795
158,1289,1447
1084,986,2070
353,1194,1547
1134,937,2071
661,881,1542
575,699,1274
647,113,760
482,1128,1610
840,1328,2168
528,1076,1604
197,1191,1388
843,558,1401
530,867,1397
748,1042,1790
1508,1428,2936
1180,1005,2185
1106,1123,2229
550,1324,1874
1819,1437,3256
579,1113,1692
475,1239,1714
1164,1350,2514
1827,1446,3273
1290,206,1496
661,1599,2260
1051,1262,2313
111,1125,1236
620,1164,1784
1136,1359,2495
711,1386,2097
854,483,1337
658,658,1316
1171,1539,2710
1192,857,2049
618,1404,2022
519,1464,1983
987,521,1508
770,898,1668
935,1189,2124
411,1339,1750
851,747,1598
1188,348,1536
1115,702,1817
991,582,1573
818,1388,2206
762,598,1360
1204,652,1856
1589,830,2419
1405,690,2095
1040,713,1753
567,904,1471
116,482,598
1007,673,1680
1209,567,1776
1246,462,1708
1128,653,1781
1178,572,1750
1176,922,2098
416,784,1200
226,577,803
1057,818,1875
1343,1091,2434
1111,800,1911
230,706,936
60,1007,1067
1513,774,2287
1042,964,2006
713,330,1043
644,874,1518
387,691,1078
916,1316,2232
432,1223,1655
1054,196,1250
890,752,1642
1083,450,1533
946,495,1441
1127,131,1258
568,166,734
785,897,1682
490,779,1269
783,484,1267
676,588,1264
243,140,383
695,977,1672
478,1066,1544
704,871,1575
547,622,1169
417,1018,1435
101,218,319
343,453,796
126,1079,1205
674,701,1375
615,1340,1955
502,933,1435
576,1521,2097
238,502,740
425,993,1418
726,625,1351
1663,542,2205
547,677,1224
446,1303,1749
270,877,1147
949,736,1685
641,1185,1826
735,673,1408
731,608,1339
1142,762,1904
989,893,1882
952,1881,2833
835,943,1778
58,598,656
46,656,702
1305,569,1874
532,891,1423
1144,830,1974
604,2280,2884
406,656,1062
297,670,967
309,723,1032
830,1067,1897
82,1064,1146
804,530,1334
257,2274,2531
554,732,1286
356,794,1150
636,638,1274
343,1006,1349
661,760,1421
21,761,782
248,755,1003
670,1564,2234
1665,1104,2769
288,691,979
611,576,1187
474,536,1010
620,721,1341
1051,1640,2691
677,3357,4034
363,763,1126
842,3022,3864
2115,941,3056
883,3236,4119
893,3296,4189
645,1316,1961
59,1281,1340
225,688,913
487,609,1096
708,1294,2002
2092,851,2943
616,587,1203
632,3149,3781
307,889,1196
108,579,687
465,3113,3578
635,1507,2142
661,293,954
939,1083,2022
830,699,1529
974,3493,4467
3246,539,3785
212,499,711
339,1297,1636
1335,778,2113
87,731,818
1286,894,2180
462,1187,1649
1004,793,1797
94,841,935
452,393,845
900,3127,4027
1300,379,1679
3114,548,3662
550,514,1064
313,569,882
2878,1135,4013
1004,730,1734
523,3565,4088
139,844,983
498,482,980
676,557,1233
3010,1308,4318
2913,705,3618
271,954,1225
348,779,1127
549,566,1115
555,724,1279
564,860,1424
707,427,1134
283,556,839
3113,688,3801
447,676,1123
374,778,1152
307,1057,1364
3148,826,3974
740,730,1470
780,643,1423
751,654,1405
1012,574,1586
613,866,1479
38,562,600
774,678,1452
682,581,1263
705,389,1094
733,638,1371
2953,1339,4292
760,569,1329
240,517,757
435,1184,1619
828,1237,2065
197,412,609
913,1176,2089
3321,746,4067
406,861,1267
477,500,977
836,1179,2015
297,1466,1763
322,762,1084
453,798,1251
393,639,1032
415,1399,1814
622,1357,1979
377,680,1057
751,679,1430
1045,1371,2416
937,1258,2195
538,790,1328
403,1686,2089
724,1224,1948
1076,1207,2283
1205,1045,2250
553,1657,2210
115,1478,1593
916,618,1534
482,680,1162
369,807,1176
982,450,1432
508,745,1253
738,822,1560
625,1522,2147
285,1421,1706
339,1285,1624
978,774,1752
607,1589,2196
1262,604,1866
481,864,1345
1095,534,1629
463,970,1433
495,603,1098
240,1668,1908
712,838,1550
1025,790,1815
549,585,1134
172,1021,1193
29,1164,1193
1041,980,2021
1405,592,1997
471,678,1149
220,1009,1229
1110,477,1587
495,1963,2458
290,813,1103
969,565,1534
1336,749,2085
1216,614,1830
1473,441,1914
466,590,1056
1092,845,1937
764,2014,2778
579,444,1023
1347,1196,2543
410,741,1151
756,419,1175
1501,555,2056
635,508,1143
1297,785,2082
364,863,1227
539,693,1232
812,598,1410
474,827,1301
508,683,1191
735,516,1251
534,553,1087
344,661,1005
436,827,1263
647,395,1042
396,1379,1775
217,356,573
654,614,1268
735,864,1599
1867,714,2581
604,393,997
465,705,1170
774,946,1720
1058,1047,2105
1893,900,2793
208,541,749
434,772,1206
831,1220,2051
924,1100,2024
1084,819,1903
199,578,777
147,701,848
789,1215,2004
729,364,1093
564,853,1417
494,1103,1597
493,1590,2083
408,1164,1572
342,863,1205
570,1415,1985
113,1198,1311
630,1382,2012
933,367,1300
852,1102,1954
1127,212,1339
790,1097,1887
288,1173,1461
792,1571,2363
268,1288,1556
1211,512,1723
778,717,1495
668,1764,2432
1024,525,1549
1352,450,1802
536,1546,2082
1758,525,2283
733,1650,2383
1824,902,2726
906,1417,2323
241,1359,1600
1120,984,2104
1059,1000,2059
1440,1068,2508
674,1087,1761
1159,938,2097
1243,984,2227
1299,816,2115
1194,432,1626
895,653,1548
1095,933,2028
1049,678,1727
1371,877,2248
812,1029,1841
1072,981,2053
1421,755,2176
587,364,951
1387,686,2073
244,829,1073
1030,903,1933
660,440,1100
509,372,881
1543,689,2232
1087,993,2080
63,540,603
1379,462,1841
1252,979,2231
372,592,964
304,816,1120
530,444,974
627,289,916
217,937,1154
628,511,1139
120,826,946
28,1030,1058
360,953,1313
577,715,1292
198,1013,1211
26,1184,1210
653,487,1140
462,914,1376
700,604,1304
42,1194,1236
237,755,992
107,483,590
562,643,1205
432,809,1241
171,596,767
785,579,1364
368,474,842
1163,764,1927
829,484,1313
215,755,970
1013,504,1517
162,723,885
445,626,1071
691,613,1304
386,1103,1489
672,406,1078
382,755,1137
711,625,1336
1061,647,1708
487,1660,2147
361,1631,1992
517,1456,1973
558,591,1149
307,618,925
192,1284,1476
792,1259,2051
970,698,1668
463,1636,2099
417,788,1205
702,1443,2145
653,1103,1756
607,839,1446
802,1203,2005
366,686,1052
409,1192,1601
931,1047,1978
1350,338,1688
630,1494,2124
620,642,1262
317,1483,1800
1390,462,1852
297,1018,1315
380,1326,1706
449,758,1207
389,696,1085
285,1593,1878
215,1106,1321
827,1140,1967
323,1060,1383
656,1245,1901
332,1070,1402
1112,1000,2112
904,845,1749
406,1420,1826
1276,549,1825
1239,956,2195
376,1178,1554
549,403,952
1397,507,1904
1243,725,1968
1191,627,1818
568,772,1340
553,696,1249
706,477,1183
1068,888,1956
703,775,1478
1147,553,1700
1261,798,2059
372,1172,1544
1008,257,1265
896,902,1798
949,721,1670
1105,1047,2152
1108,960,2068
346,432,778
818,571,1389
1154,677,1831
490,931,1421
322,582,904
466,1148,1614
1077,1062,2139
594,1128,1722
970,1209,2179
982,415,1397
434,761,1195
110,1136,1246
984,598,1582
151,1094,1245
335,573,908
725,517,1242
963,837,1800
260,270,530
848,433,1281
22,1334,1356
1101,339,1440
53,1466,1519
974,502,1476
742,372,1114
283,1256,1539
324,383,707
457,906,1363
534,1151,1685
237,230,467
287,1038,1325
240,997,1237
1007,1538,2545
542,1195,1737
925,307,1232
441,879,1320
1126,506,1632
231,225,456
241,687,928
480,1074,1554
226,1659,1885
934,861,1795
1044,213,1257
555,1704,2259
1081,638,1719
426,666,1092
1183,926,2109
334,724,1058
474,1229,1703
936,393,1329
1378,890,2268
501,1382,1883
389,918,1307
1391,930,2321
596,526,1122
794,1193,1987
17,556,573
1275,672,1947
725,936,1661
48,517,565
609,1014,1623
835,1046,1881
834,703,1537
172,332,504
771,1570,2341
947,741,1688
1580,524,2104
206,555,761
557,444,1001
662,783,1445
716,751,1467
15,583,598
131,1048,1179
395,672,1067
248,641,889
172,820,992
26,1055,1081
540,533,1073
658,2580,3238
254,774,1028
504,324,828
53,518,571
1144,698,1842
502,578,1080
475,750,1225
507,583,1090
482,516,998
338,2542,2880
461,904,1365
45,540,585
170,391,561
1371,930,2301
742,635,1377
76,671,747
305,429,734
647,869,1516
498,1229,1727
384,2620,3004
313,333,646
190,546,736
140,637,777
350,430,780
2253,540,2793
101,823,924
957,1370,2327
483,364,847
545,758,1303
398,476,874
469,435,904
270,474,744
814,435,1249
2277,547,2824
253,857,1110
512,491,1003
321,349,670
585,344,929
532,465,997
1424,1011,2435
551,357,908
888,766,1654
1009,1295,2304
242,1031,1273
315,517,832
358,475,833
931,675,1606
337,894,1231
707,609,1316
571,448,1019
251,876,1127
2482,440,2922
62,266,328
324,651,975
556,552,1108
432,658,1090
109,281,390
795,633,1428
590,1042,1632
469,817,1286
1183,559,1742
755,948,1703
901,799,1700
687,805,1492
344,539,883
470,393,863
741,797,1538
705,148,853
683,561,1244
471,687,1158
103,811,914
711,138,849
78,949,1027
413,560,973
624,589,1213
189,866,1055
534,1004,1538
927,753,1680
517,634,1151
166,291,457
185,1106,1291
455,439,894
644,361,1005
127,1050,1177
302,240,542
477,631,1108
82,460,542
342,960,1302
46,1239,1285
127,5133,5260
358,1094,1452
467,593,1060
689,523,1212
111,1214,1325
272,1180,1452
95,371,466
417,1061,1478
125,890,1015
344,4988,5332
925,599,1524
829,472,1301
525,748,1273
414,1092,1506
1137,456,1593
720,581,1301
195,1217,1412
431,859,1290
936,293,1229
396,551,947
753,774,1527
121,563,684
1077,616,1693
193,858,1051
207,1337,1544
906,931,1837
327,873,1200
403,4924,5327
873,668,1541
165,368,533
509,882,1391
170,863,1033
995,769,1764
361,734,1095
800,843,1643
205,905,1110
981,958,1939
1078,580,1658
363,903,1266
454,693,1147
220,524,744
4868,779,5647
440,702,1142
439,744,1183
4500,1265,5765
387,943,1330
4678,1107,5785
694,644,1338
755,907,1662
680,715,1395
592,819,1411
152,583,735
627,1077,1704
1026,656,1682
790,406,1196
967,770,1737
1228,134,1362
319,1233,1552
196,1002,1198
755,1078,1833
399,989,1388
733,802,1535
782,1119,1901
552,969,1521
497,1106,1603
1204,1109,2313
573,1110,1683
422,854,1276
217,858,1075
605,1180,1785
342,900,1242
548,1319,1867
539,1516,2055
602,1315,1917
1050,267,1317
828,1063,1891
1056,387,1443
558,1302,1860
550,1687,2237
653,1263,1916
678,593,1271
649,1006,1655
783,959,1742
495,1566,2061
1078,323,1401
1094,852,1946
1068,1213,2281
924,1032,1956
732,1979,2711
1244,931,2175
732,2128,2860
1157,1013,2170
1578,995,2573
665,767,1432
1082,1067,2149
1228,937,2165
503,1352,1855
1148,1068,2216
1936,514,2450
1013,1067,2080
1526,607,2133
1140,1265,2405
46,583,629
773,828,1601
98,1077,1175
993,1130,2123
644,514,1158
807,1228,2035
1891,272,2163
1037,1108,2145
643,611,1254
1290,1155,2445
1140,1072,2212
1101,1066,2167
603,221,824
331,823,1154
608,514,1122
257,1000,1257
616,233,849
26,987,1013
298,796,1094
223,1181,1404
16,1347,1363
446,989,1435
630,796,1426
349,600,949
539,787,1326
452,247,699
231,1204,1435
164,723,887
456,1179,1635
592,1001,1593
988,564,1552
522,1113,1635
815,670,1485
1069,1157,2226
892,630,1522
216,392,608
313,1185,1498
407,567,974
935,773,1708
1041,741,1782
383,708,1091
1067,663,1730
957,549,1506
856,953,1809
900,540,1440
208,560,768
958,924,1882
529,595,1124
701,806,1507
634,1466,2100
566,664,1230
761,781,1542
1206,954,2160
812,1516,2328
997,778,1775
724,817,1541
175,787,962
676,647,1323
723,733,1456
348,759,1107
531,1087,1618
682,689,1371
1115,1272,2387
580,1027,1607
606,1310,1916
457,717,1174
457,756,1213
674,742,1416
886,427,1313
181,684,865
530,607,1137
759,547,1306
1064,975,2039
171,983,1154
246,1121,1367
631,1274,1905
686,1110,1796
592,830,1422
623,844,1467
273,775,1048
353,749,1102
972,1033,2005
915,256,1171
619,1492,2111
425,1129,1554
711,1281,1992
654,301,955
859,1057,1916
240,1570,1810
636,1119,1755
697,1048,1745
1470,1069,2539
399,863,1262
368,1478,1846
484,1027,1511
698,279,977
914,1515,2429
890,351,1241
1187,1257,2444
824,1070,1894
1063,479,1542
601,667,1268
348,1089,1437
662,1073,1735
677,1062,1739
890,1225,2115
1094,613,1707
169,405,574
1290,400,1690
611,672,1283
704,427,1131
687,1178,1865
241,756,997
703,1064,1767
320,1730,2050
586,459,1045
1105,374,1479
875,584,1459
1126,980,2106
719,642,1361
1138,601,1739
818,529,1347
1091,724,1815
430,435,865
732,768,1500
731,1116,1847
1533,301,1834
191,612,803
891,846,1737
902,510,1412
620,387,1007
980,771,1751
253,440,693
520,478,998
1345,554,1899
26,894,920
829,280,1109
235,1237,1472
62,1022,1084
491,962,1453
99,944,1043
368,354,722
286,2695,2981
226,674,900
364,654,1018
530,2862,3392
244,1317,1561
406,700,1106
518,1226,1744
1463,873,2336
210,790,1000
884,2194,3078
259,809,1068
317,730,1047
529,808,1337
938,1581,2519
276,795,1071
923,2257,3180
837,464,1301
270,853,1123
2695,262,2957
103,774,877
1159,1450,2609
478,415,893
1014,437,1451
834,410,1244
529,1144,1673
559,443,1002
2150,295,2445
649,1463,2112
228,485,713
1374,311,1685
279,1467,1746
1052,388,1440
1001,876,1877
454,1260,1714
1258,278,1536
219,1355,1574
578,1771,2349
481,1310,1791
363,1241,1604
799,214,1013
373,1518,1891
1352,328,1680
1397,207,1604
852,442,1294
633,1284,1917
1122,263,1385
1137,218,1355
855,1250,2105
1553,476,2029
1331,488,1819
1356,414,1770
1090,1288,2378
1257,669,1926
267,269,536
1911,537,2448
1392,545,1937
2907,535,3442
90,654,744
1799,243,2042
1521,632,2153
115,413,528
1486,695,2181
69,465,534
182,748,930
153,747,900
127,844,971
100,715,815
148,761,909
234,460,694
157,784,941
1274,716,1990
132,462,594
179,676,855
1406,699,2105
74,882,956
197,998,1195
159,1137,1296
268,616,884
292,763,1055
146,1073,1219
207,555,762
382,734,1116
329,941,1270
468,577,1045
392,514,906
449,622,1071
658,433,1091
88,814,902
168,1187,1355
421,803,1224
311,629,940
170,527,697
381,495,876
795,356,1151
888,460,1348
21,1076,1097
521,864,1385
521,291,812
345,1111,1456
629,812,1441
339,506,845
523,440,963
847,723,1570
196,602,798
306,479,785
25,1089,1114
1052,562,1614
238,573,811
865,343,1208
574,450,1024
134,1132,1266
367,570,937
301,1393,1694
639,1122,1761
221,708,929
466,848,1314
334,1167,1501
347,825,1172
382,578,960
238,482,720
445,899,1344
737,601,1338
305,495,800
418,606,1024
831,484,1315
759,640,1399
483,668,1151
552,660,1212
350,914,1264
901,618,1519
385,602,987
514,1289,1803
307,591,898
633,591,1224
429,607,1036
597,1691,2288
956,273,1229
161,883,1044
505,339,844
322,1489,1811
993,591,1584
953,886,1839
661,843,1504
571,303,874
896,1250,2146
307,1059,1366
469,430,899
395,621,1016
450,1340,1790
349,750,1099
374,2050,2424
673,604,1277
704,944,1648
484,631,1115
1219,1160,2379
520,454,974
413,736,1149
1133,870,2003
1390,1051,2441
112,557,669
176,804,980
509,929,1438
533,825,1358
1823,468,2291
321,411,732
573,675,1248
794,757,1551
446,1055,1501
520,580,1100
221,839,1060
1633,599,2232
451,764,1215
767,690,1457
1091,833,1924
816,1170,1986
614,901,1515
819,635,1454
756,732,1488
761,1121,1882
872,1015,1887
861,621,1482
367,416,783
592,754,1346
649,1052,1701
1051,269,1320
536,724,1260
660,725,1385
586,728,1314
679,1017,1696
1223,842,2065
657,540,1197
426,670,1096
450,552,1002
276,1162,1438
733,928,1661
403,1052,1455
645,869,1514
412,701,1113
1021,419,1440
933,967,1900
510,585,1095
970,724,1694
330,826,1156
461,1282,1743
1007,966,1973
920,1174,2094
70,1299,1369
1015,142,1157
901,1090,1991
279,973,1252
742,1040,1782
422,981,1403
1066,347,1413
1207,405,1612
558,518,1076
752,300,1052
136,485,621
298,1003,1301
898,1080,1978
309,331,640
771,702,1473
325,1227,1552
903,654,1557
1015,631,1646
801,572,1373
799,777,1576
543,1305,1848
520,946,1466
117,212,329
1153,395,1548
625,819,1444
570,624,1194
851,790,1641
426,2385,2811
944,562,1506
165,853,1018
689,2402,3091
613,2278,2891
267,561,828
600,2125,2725
126,513,639
583,2306,2889
647,911,1558
423,2070,2493
109,690,799
475,1960,2435
839,532,1371
363,499,862
595,628,1223
414,450,864
894,1990,2884
890,1158,2048
459,2083,2542
123,876,999
2177,440,2617
422,632,1054
667,855,1522
47,614,661
2190,572,2762
287,961,1248
2042,531,2573
605,584,1189
2107,531,2638
342,1016,1358
1833,501,2334
91,690,781
2180,540,2720
545,766,1311
1013,384,1397
854,1045,1899
291,720,1011
611,664,1275
299,502,801
318,583,901
1812,534,2346
565,602,1167
481,732,1213
562,602,1164
672,405,1077
1907,536,2443
335,860,1195
619,596,1215
469,756,1225
538,831,1369
1892,491,2383
514,572,1086
806,560,1366
286,742,1028
619,536,1155
601,668,1269
692,536,1228
540,402,942
646,439,1085
700,609,1309
1223,1258,2481
216,470,686
349,355,704
340,436,776
292,642,934
514,824,1338
229,400,629
497,885,1382
392,557,949
362,629,991
469,836,1305
75,979,1054
215,469,684
359,633,992
382,1210,1592
259,341,600
79,605,684
568,449,1017
444,838,1282
797,4072,4869
655,1685,2340
301,1031,1332
338,1466,1804
863,195,1058
663,1015,1678
218,381,599
122,1052,1174
279,786,1065
280,744,1024
961,4123,5084
834,1931,2765
475,880,1355
491,1043,1534
1112,1670,2782
421,1618,2039
452,1236,1688
285,1288,1573
682,527,1209
515,1393,1908
246,796,1042
953,779,1732
924,710,1634
1224,680,1904
316,1222,1538
763,4354,5117
747,646,1393
1597,1196,2793
1250,697,1947
869,858,1727
3851,1121,4972
1822,809,2631
1160,337,1497
447,843,1290
891,646,1537
1034,412,1446
1333,584,1917
380,1441,1821
484,820,1304
3739,901,4640
599,292,891
1031,494,1525
548,1202,1750
97,1043,1140
734,263,997
931,1160,2091
1148,756,1904
103,1074,1177
604,269,873
611,270,881
852,1288,2140
233,1295,1528
423,859,1282
885,353,1238
719,1673,2392
754,819,1573
399,1366,1765
787,775,1562
1237,927,2164
697,488,1185
620,293,913
1158,632,1790
659,557,1216
24,407,431
1105,760,1865
86,330,416
876,622,1498
4041,713,4754
755,920,1675
1048,662,1710
807,651,1458
110,611,721
979,1041,2020
146,658,804
830,544,1374
803,1067,1870
749,1695,2444
65,563,628
180,572,752
603,1008,1611
96,792,888
853,724,1577
842,270,1112
62,415,477
838,771,1609
111,819,930
176,677,853
352,549,901
247,668,915
1538,337,1875
419,568,987
680,574,1254
885,265,1150
895,1719,2614
368,888,1256
279,770,1049
450,844,1294
196,1090,1286
130,1028,1158
415,986,1401
659,581,1240
934,452,1386
1360,1760,3120
476,903,1379
346,899,1245
515,627,1142
196,863,1059
387,879,1266
408,1163,1571
473,1170,1643
468,709,1177
412,907,1319
682,1188,1870
45,1447,1492
693,583,1276
273,1032,1305
841,695,1536
50,672,722
1579,1330,2909
362,670,1032
427,1130,1557
321,991,1312
218,933,1151
1555,1289,2844
684,702,1386
1041,543,1584
649,537,1186
298,906,1204
767,874,1641
341,871,1212
1336,850,2186
740,601,1341
600,805,1405
1216,738,1954
1075,842,1917
544,800,1344
725,567,1292
1266,321,1587
1344,357,1701
797,753,1550
1034,410,1444
810,506,1316
150,654,804
972,496,1468
162,715,877
652,1376,2028
306,582,888
196,649,845
792,705,1497
908,1299,2207
538,396,934
351,676,1027
1037,1079,2116
51,784,835
474,621,1095
506,333,839
207,560,767
633,1275,1908
922,999,1921
64,430,494
644,718,1362
1323,568,1891
935,1249,2184
569,1188,1757
873,1058,1931
567,609,1176
237,1199,1436
372,1063,1435
305,827,1132
426,457,883
542,693,1235
962,395,1357
540,476,1016
197,505,702
980,515,1495
559,921,1480
415,507,922
1043,648,1691
797,1234,2031
462,551,1013
106,988,1094
1183,402,1585
744,1138,1882
583,838,1421
781,403,1184
360,1122,1482
252,897,1149
1009,651,1660
525,706,1231
154,1149,1303
490,810,1300
393,411,804
1181,687,1868
551,962,1513
215,844,1059
528,517,1045
1132,876,2008
915,625,1540
464,628,1092
415,988,1403
871,1021,1892
337,1016,1353
825,641,1466
664,1040,1704
165,497,662
865,962,1827
600,1675,2275
434,352,786
313,669,982
461,1146,1607
522,521,1043
405,1115,1520
1044,496,1540
552,1309,1861
561,1015,1576
618,940,1558
317,874,1191
784,854,1638
447,1083,1530
536,537,1073
719,552,1271
883,1300,2183
755,1224,1979
260,622,882
1077,454,1531
569,724,1293
146,843,989
889,307,1196
388,918,1306
225,649,874
335,1697,2032
677,453,1130
534,768,1302
268,472,740
869,1031,1900
811,1023,1834
398,642,1040
838,1020,1858
1206,1042,2248
358,1237,1595
369,1109,1478
274,464,738
1036,720,1756
620,517,1137
843,973,1816
543,847,1390
558,1207,1765
676,903,1579
977,1562,2539
788,1143,1931
386,1504,1890
365,532,897
1108,710,1818
531,568,1099
767,679,1446
468,1286,1754
1611,1390,3001
609,585,1194
686,1382,2068
874,894,1768
196,730,926
839,1017,1856
391,945,1336
679,386,1065
171,862,1033
544,1547,2091
349,801,1150
1072,789,1861
794,783,1577
849,1073,1922
1390,1519,2909
182,795,977
345,915,1260
371,700,1071
911,1013,1924
1104,1523,2627
575,751,1326
560,572,1132
337,833,1170
605,797,1402
845,389,1234
1183,959,2142
839,651,1490
626,696,1322
1432,1168,2600
856,1538,2394
1196,508,1704
731,299,1030
694,396,1090
721,398,1119
763,549,1312
531,956,1487
352,480,832
765,538,1303
1382,710,2092
676,924,1600
729,329,1058
908,1319,2227
896,765,1661
788,670,1458
269,848,1117
185,442,627
680,894,1574
550,423,973
345,962,1307
1244,991,2235
941,575,1516
218,929,1147
1328,693,2021
791,973,1764
262,566,828
174,517,691
761,421,1182
821,1029,1850
606,635,1241
664,569,1233
658,908,1566
698,837,1535
427,856,1283
804,733,1537
548,697,1245
296,544,840
1391,1259,2650
397,977,1374
382,1036,1418
1134,1542,2676
744,136,880
1039,2350,3389
457,672,1129
760,176,936
631,1077,1708
489,893,1382
437,878,1315
966,2541,3507
790,238,1028
643,1337,1980
1206,2411,3617
527,526,1053
1137,1064,2201
928,2170,3098
994,145,1139
766,347,1113
2532,245,2777
403,1617,2020
970,850,1820
1566,308,1874
947,240,1187
514,1567,2081
853,1056,1909
2142,193,2335
1316,310,1626
802,503,1305
931,445,1376
1411,828,2239
223,591,814
453,1444,1897
800,1410,2210
733,462,1195
1206,1996,3202
363,1806,2169
1475,593,2068
372,1693,2065
1138,389,1527
629,1994,2623
358,1842,2200
161,545,706
468,1696,2164
1418,256,1674
2317,503,2820
138,571,709
1111,654,1765
332,452,784
221,683,904
703,1966,2669
149,778,927
1343,891,2234
1141,629,1770
1494,660,2154
96,826,922
1181,578,1759
487,1976,2463
185,894,1079
384,516,900
2065,663,2728
206,522,728
1506,670,2176
364,427,791
1496,992,2488
305,657,962
1652,695,2347
1744,806,2550
343,975,1318
445,568,1013
195,932,1127
392,911,1303
161,916,1077
585,321,906
176,1190,1366
138,520,658
902,425,1327
219,726,945
325,983,1308
51,658,709
1862,811,2673
136,550,686
587,317,904
774,526,1300
104,798,902
462,415,877
399,1052,1451
420,939,1359
1798,926,2724
182,1085,1267
677,359,1036
797,724,1521
831,898,1729
483,622,1105
618,559,1177
1529,939,2468
245,1081,1326
202,933,1135
30,581,611
296,540,836
678,494,1172
905,510,1415
81,626,707
274,480,754
414,444,858
856,401,1257
305,1366,1671
472,138,610
750,663,1413
1801,1790,3591
330,806,1136
45,166,211
500,1314,1814
541,1477,2018
210,587,797
776,1043,1819
464,1317,1781
787,1100,1887
248,1371,1619
104,181,285
259,1356,1615
869,478,1347
498,896,1394
706,1038,1744
458,1465,1923
454,1678,2132
620,1375,1995
590,849,1439
480,690,1170
622,1166,1788
505,732,1237
165,300,465
1222,297,1519
995,893,1888
624,1253,1877
397,685,1082
679,918,1597
498,868,1366
1836,322,2158
521,627,1148
740,914,1654
386,863,1249
1064,402,1466
888,1292,2180
359,441,800
1179,454,1633
705,659,1364
429,730,1159
82,628,710
1323,382,1705
642,593,1235
955,1427,2382
421,691,1112
1278,463,1741
881,184,1065
714,362,1076
646,522,1168
983,755,1738
64,262,326
138,431,569
1711,413,2124
810,334,1144
258,362,620
82,501,583
703,635,1338
895,678,1573
1398,778,2176
60,319,379
80,781,861
714,687,1401
1004,1135,2139
423,497,920
970,776,1746
246,446,692
608,607,1215
1008,878,1886
120,478,598
75,439,514
103,1066,1169
136,839,975
338,539,877
235,397,632
236,921,1157
264,618,882
415,508,923
114,832,946
305,573,878
101,1056,1157
63,542,605
300,833,1133
364,708,1072
391,910,1301
1833,255,2088
661,534,1195
1121,786,1907
40,858,898
663,490,1153
331,799,1130
205,333,538
150,643,793
66,869,935
709,615,1324
295,315,610
1021,428,1449
80,1496,1576
105,940,1045
618,601,1219
167,862,1029
70,1638,1708
539,610,1149
473,826,1299
623,589,1212
672,940,1612
308,335,643
948,756,1704
302,1005,1307
532,334,866
971,282,1253
632,763,1395
977,418,1395
596,934,1530
1018,523,1541
568,1642,2210
545,989,1534
633,603,1236
849,414,1263
432,639,1071
277,578,855
1000,554,1554
390,859,1249
331,384,715
1074,262,1336
432,995,1427
371,1153,1524
320,399,719
491,649,1140
1043,657,1700
806,908,1714
486,652,1138
1777,510,2287
945,607,1552
630,1091,1721
976,716,1692
275,917,1192
440,361,801
859,684,1543
898,884,1782
500,1012,1512
238,717,955
47,691,738
1106,1132,2238
343,831,1174
219,458,677
868,718,1586
255,707,962
610,683,1293
307,612,919
635,644,1279
501,521,1022
512,409,921
439,177,616
989,1227,2216
212,551,763
822,837,1659
479,177,656
583,625,1208
263,828,1091
904,1184,2088
271,442,713
935,656,1591
347,1389,1736
390,617,1007
565,473,1038
615,665,1280
457,762,1219
690,1043,1733
1812,836,2648
545,378,923
1432,1386,2818
983,621,1604
584,699,1283
239,379,618
338,847,1185
65,1353,1418
269,800,1069
1008,1377,2385
613,1447,2060
426,1223,1649
952,281,1233
410,1492,1902
380,1521,1901
1341,490,1831
915,261,1176
370,1596,1966
620,1379,1999
1531,452,1983
690,662,1352
1761,225,1986
538,1342,1880
1443,258,1701
692,692,1384
1552,219,1771
1478,244,1722
665,1819,2484
462,2181,2643
878,927,1805
315,1900,2215
1483,584,2067
1510,1571,3081
1491,1777,3268
1552,945,2497
1106,1826,2932
233,933,1166
993,1813,2806
1318,1752,3070
50,886,936
1031,1658,2689
1977,1269,3246
1732,1190,2922
1716,1154,2870
127,673,800
193,952,1145
709,796,1505
239,476,715
724,642,1366
25,974,999
691,460,1151
985,468,1453
607,460,1067
364,367,731
696,466,1162
175,767,942
1645,1623,3268
1850,1751,3601
1815,1882,3697
1764,2018,3782
1517,1926,3443
73,1854,1927
1054,378,1432
408,1952,2360
1192,481,1673
141,1623,1764
1073,462,1535
786,287,1073
382,936,1318
143,1864,2007
183,1913,2096
70,572,642
34,1902,1936
128,1884,2012
55,590,645
1051,589,1640
194,534,728
50,2034,2084
37,1926,1963
112,461,573
124,678,802
1035,847,1882
1374,668,2042
67,782,849
1294,512,1806
94,1946,2040
582,1031,1613
286,461,747
1329,576,1905
873,1286,2159
1235,670,1905
193,592,785
70,789,859
1282,898,2180
859,1083,1942
157,888,1045
53,605,658
223,601,824
304,895,1199
300,809,1109
1410,623,2033
390,428,818
1590,588,2178
241,1043,1284
647,541,1188
1467,942,2409
383,799,1182
342,879,1221
1573,482,2055
1110,850,1960
696,536,1232
438,472,910
661,471,1132
557,854,1411
1401,1237,2638
734,430,1164
481,648,1129
890,691,1581
501,787,1288
773,433,1206
362,598,960
631,693,1324
540,922,1462
682,543,1225
885,590,1475
353,366,719
581,732,1313
277,469,746
391,957,1348
730,632,1362
241,773,1014
493,470,963
720,785,1505
424,778,1202
338,717,1055
712,557,1269
1522,1123,2645
540,915,1455
451,678,1129
517,565,1082
180,440,620
340,890,1230
477,1598,2075
299,473,772
440,1437,1877
661,359,1020
530,1629,2159
385,706,1091
395,1316,1711
198,568,766
519,448,967
493,738,1231
781,1203,1984
184,355,539
1130,893,2023
716,1289,2005
62,401,463
1001,1124,2125
387,769,1156
361,627,988
535,536,1071
1255,586,1841
570,1215,1785
697,702,1399
228,661,889
128,1191,1319
692,456,1148
454,1401,1855
195,1346,1541
755,822,1577
587,426,1013
514,612,1126
642,733,1375
1613,717,2330
845,559,1404
1157,646,1803
657,1422,2079
338,521,859
337,1283,1620
24,612,636
662,520,1182
77,720,797
1602,981,2583
465,974,1439
25,825,850
440,493,933
1306,773,2079
361,478,839
517,1496,2013
925,706,1631
103,898,1001
245,785,1030
705,1133,1838
963,962,1925
512,447,959
200,465,665
380,819,1199
1094,1171,2265
171,726,897
303,1526,1829
887,314,1201
66,1016,1082
547,537,1084
335,1069,1404
290,520,810
1160,655,1815
752,1597,2349
165,932,1097
437,707,1144
544,1432,1976
327,787,1114
220,1091,1311
927,304,1231
373,613,986
1188,1321,2509
466,1290,1756
747,680,1427
452,598,1050
691,1212,1903
955,979,1934
377,1061,1438
756,791,1547
571,1199,1770
1038,618,1656
633,866,1499
69,826,895
448,604,1052
539,1022,1561
730,620,1350
245,708,953
123,830,953
687,1569,2256
733,776,1509
452,1036,1488
798,251,1049
716,297,1013
742,277,1019
1049,1232,2281
732,1067,1799
585,1301,1886
551,256,807
789,292,1081
615,284,899
1092,322,1414
354,1658,2012
1369,554,1923
1120,1415,2535
297,806,1103
823,1245,2068
811,413,1224
346,1084,1430
501,1733,2234
1190,1458,2648
1443,576,2019
1159,663,1822
694,579,1273
1177,927,2104
999,1658,2657
995,574,1569
1103,512,1615
516,580,1096
1187,1284,2471
669,959,1628
1224,284,1508
1250,2440,3690
1210,423,1633
441,531,972
91,593,684
730,522,1252
630,534,1164
922,549,1471
1204,630,1834
91,749,840
1454,2485,3939
1335,784,2119
101,769,870
506,694,1200
82,671,753
47,210,257
1101,751,1852
319,683,1002
86,802,888
1544,1596,3140
317,697,1014
413,525,938
97,786,883
543,453,996
783,803,1586
226,523,749
732,303,1035
833,949,1782
281,998,1279
845,326,1171
594,825,1419
84,348,432
283,1204,1487
103,1163,1266
318,291,609
558,508,1066
356,930,1286
324,556,880
2232,804,3036
495,645,1140
1426,465,1891
631,879,1510
2422,1018,3440
384,1092,1476
121,985,1106
118,752,870
673,878,1551
1404,862,2266
684,524,1208
415,1106,1521
646,984,1630
169,967,1136
195,896,1091
501,663,1164
477,456,933
724,542,1266
413,932,1345
651,765,1416
41,1403,1444
1043,764,1807
727,419,1146
483,610,1093
934,539,1473
317,451,768
786,720,1506
862,544,1406
559,580,1139
740,770,1510
840,841,1681
780,559,1339
302,946,1248
799,552,1351
918,868,1786
692,590,1282
417,534,951
672,981,1653
792,966,1758
400,437,837
890,745,1635
863,339,1202
76,1154,1230
708,550,1258
912,581,1493
230,965,1195
1284,547,1831
898,514,1412
273,1280,1553
267,1774,2041
476,603,1079
890,349,1239
586,744,1330
521,476,997
417,730,1147
329,1845,2174
1048,210,1258
785,513,1298
274,501,775
1179,1091,2270
372,1215,1587
629,218,847
396,510,906
326,530,856
333,1866,2199
1666,451,2117
937,964,1901
464,766,1230
294,282,576
1609,695,2304
244,808,1052
565,597,1162
1527,425,1952
476,1006,1482
476,471,947
498,511,1009
645,1395,2040
1535,392,1927
842,535,1377
639,725,1364
949,1192,2141
891,731,1622
438,593,1031
714,755,1469
574,485,1059
587,261,848
847,292,1139
698,806,1504
1128,1040,2168
315,742,1057
803,823,1626
384,165,549
769,846,1615
25,575,600
128,481,609
77,399,476
436,194,630
1432,220,1652
772,887,1659
894,862,1756
737,580,1317
1062,675,1737
302,411,713
126,567,693
213,409,622
1233,310,1543
539,985,1524
842,1044,1886
649,1020,1669
371,648,1019
665,412,1077
394,577,971
728,688,1416
652,628,1280
751,376,1127
1000,717,1717
665,452,1117
646,1287,1933
427,833,1260
729,519,1248
686,268,954
685,704,1389
681,640,1321
27,177,204
679,899,1578
153,551,704
731,848,1579
774,641,1415
154,587,741
184,584,768
1193,305,1498
276,542,818
172,785,957
88,274,362
89,545,634
847,886,1733
383,601,984
145,524,669
232,762,994
394,444,838
261,992,1253
43,416,459
416,597,1013
163,295,458
146,757,903
590,413,1003
916,724,1640
443,752,1195
894,146,1040
115,526,641
370,1159,1529
172,914,1086
580,1026,1606
1082,818,1900
537,493,1030
269,145,414
584,845,1429
371,853,1224
371,704,1075
447,972,1419
502,567,1069
745,1078,1823
516,1373,1889
173,824,997
153,881,1034
239,1000,1239
637,832,1469
1123,409,1532
386,289,675
496,1188,1684
49,596,645
692,1195,1887
786,429,1215
51,630,681
741,681,1422
477,1276,1753
90,600,690
610,670,1280
879,650,1529
656,576,1232
710,683,1393
1082,464,1546
34,643,677
698,843,1541
468,243,711
224,795,1019
963,834,1797
1007,505,1512
131,748,879
172,1420,1592
187,576,763
690,955,1645
519,534,1053
419,2402,2821
907,443,1350
1114,644,1758
367,526,893
1004,1067,2071
352,124,476
683,446,1129
1118,1202,2320
234,983,1217
596,2460,3056
629,643,1272
768,1132,1900
637,492,1129
99,780,879
376,1942,2318
225,648,873
431,1960,2391
538,822,1360
576,2497,3073
443,471,914
168,1270,1438
145,790,935
284,488,772
689,283,972
287,650,937
250,909,1159
21,1043,1064
156,826,982
575,1163,1738
425,1268,1693
23,2001,2024
289,839,1128
183,1220,1403
569,283,852
1982,850,2832
338,828,1166
411,787,1198
731,3893,4624
905,961,1866
803,524,1327
1560,738,2298
275,754,1029
327,1020,1347
420,420,840
2169,972,3141
300,934,1234
174,3989,4163
883,693,1576
1089,449,1538
726,680,1406
204,4103,4307
1383,793,2176
229,600,829
826,804,1630
687,574,1261
1810,662,2472
174,703,877
1030,650,1680
735,438,1173
3779,570,4349
385,509,894
767,641,1408
633,653,1286
3725,538,4263
613,576,1189
355,1523,1878
495,636,1131
541,1525,2066
1838,938,2776
1127,483,1610
571,358,929
629,574,1203
2521,845,3366
3965,334,4299
639,467,1106
826,514,1340
666,1339,2005
618,944,1562
741,1386,2127
659,785,1444
709,419,1128
873,1075,1948
239,564,803
367,516,883
1281,832,2113
802,933,1735
565,594,1159
437,786,1223
427,1267,1694
600,1145,1745
407,839,1246
537,588,1125
341,1143,1484
1406,710,2116
891,909,1800
134,897,1031
378,1080,1458
710,1072,1782
341,1572,1913
149,826,975
589,1066,1655
1214,951,2165
1270,955,2225
642,968,1610
242,856,1098
543,1114,1657
446,1106,1552
668,1330,1998
857,923,1780
239,779,1018
862,911,1773
451,840,1291
702,692,1394
201,1130,1331
777,985,1762
903,936,1839
892,603,1495
341,1374,1715
176,974,1150
648,438,1086
1067,523,1590
336,803,1139
500,1113,1613
499,1267,1766
910,410,1320
1480,606,2086
754,697,1451
470,2002,2472
53,1770,1823
727,362,1089
1153,297,1450
600,1077,1677
67,449,516
1170,685,1855
694,566,1260
651,1746,2397
402,1498,1900
813,671,1484
721,800,1521
1141,1448,2589
894,777,1671
83,634,717
1628,566,2194
813,827,1640
1162,948,2110
83,487,570
893,983,1876
427,893,1320
925,1124,2049
286,479,765
1622,415,2037
885,654,1539
146,738,884
1727,529,2256
148,673,821
1027,725,1752
315,743,1058
362,649,1011
704,664,1368
381,812,1193
722,1071,1793
396,668,1064
1304,680,1984
1034,1369,2403
464,414,878
566,472,1038
679,732,1411
1045,1409,2454
1005,1080,2085
662,576,1238
80,1226,1306
495,733,1228
292,668,960
453,337,790
639,500,1139
368,555,923
520,951,1471
75,1277,1352
674,634,1308
455,1082,1537
253,821,1074
410,1179,1589
518,462,980
623,771,1394
513,628,1141
1347,435,1782
898,758,1656
101,1346,1447
607,680,1287
939,793,1732
1251,598,1849
376,851,1227
328,594,922
494,884,1378
563,608,1171
594,747,1341
853,820,1673
554,1248,1802
738,706,1444
636,1345,1981
1141,803,1944
655,546,1201
162,732,894
715,855,1570
477,819,1296
1077,824,1901
837,615,1452
1071,793,1864
511,997,1508
322,981,1303
1066,722,1788
545,808,1353
629,680,1309
1308,373,1681
1220,773,1993
532,829,1361
847,579,1426
434,796,1230
612,976,1588
370,829,1199
442,1253,1695
731,692,1423
627,316,943
656,385,1041
708,787,1495
465,826,1291
645,461,1106
521,1168,1689
497,985,1482
576,636,1212
537,1009,1546
781,442,1223
511,733,1244
656,454,1110
774,611,1385
789,928,1717
253,2080,2333
404,1203,1607
750,634,1384
367,490,857
914,1130,2044
229,2248,2477
646,1074,1720
277,642,919
1109,1416,2525
625,1032,1657
506,565,1071
1036,611,1647
531,756,1287
467,885,1352
736,1041,1777
293,716,1009
398,548,946
514,608,1122
712,504,1216
820,782,1602
413,510,923
92,1132,1224
668,715,1383
259,620,879
671,1015,1686
672,801,1473
520,468,988
55,515,570
252,697,949
575,753,1328
911,538,1449
302,442,744
535,919,1454
356,412,768
891,708,1599
586,631,1217
2013,979,2992
850,412,1262
414,386,800
664,961,1625
423,434,857
723,529,1252
547,384,931
554,281,835
511,317,828
515,336,851
89,268,357
61,289,350
231,139,370
1297,837,2134
243,468,711
2318,908,3226
292,378,670
665,1287,1952
1549,364,1913
286,366,652
334,531,865
1783,719,2502
992,1187,2179
1195,1247,2442
967,936,1903
622,1121,1743
606,434,1040
1633,1056,2689
1199,665,1864
181,650,831
601,547,1148
934,1224,2158
1230,767,1997
761,640,1401
1286,857,2143
1199,1044,2243
1094,1046,2140
540,929,1469
1057,1237,2294
130,652,782
221,748,969
875,1262,2137
178,1166,1344
490,1108,1598
558,802,1360
350,1173,1523
965,553,1518
570,1108,1678
249,745,994
1275,986,2261
868,644,1512
361,825,1186
479,1098,1577
781,934,1715
920,232,1152
649,1661,2310
717,1160,1877
1234,1086,2320
1002,1406,2408
481,1111,1592
824,1128,1952
967,1693,2660
338,1371,1709
263,1107,1370
256,1692,1948
395,1095,1490
29,1249,1278
930,270,1200
530,1663,2193
500,1201,1701
1005,541,1546
819,387,1206
1065,433,1498
1255,582,1837
950,599,1549
89,375,464
41,1737,1778
565,1189,1754
1399,566,1965
1117,515,1632
1264,439,1703
1366,696,2062
119,378,497
326,1644,1970
540,1476,2016
735,605,1340
945,528,1473
1001,518,1519
1412,455,1867
246,411,657
1076,1053,2129
1424,745,2169
256,577,833
312,414,726
1628,589,2217
397,484,881
261,529,790
415,463,878
964,745,1709
372,526,898
288,414,702
1568,442,2010
575,378,953
390,559,949
326,569,895
1340,484,1824
405,585,990
898,1345,2243
375,534,909
391,438,829
332,402,734
627,1054,1681
351,535,886
708,387,1095
635,394,1029
454,438,892
398,2385,2783
380,471,851
466,450,916
259,478,737
1090,1450,2540
286,670,956
297,702,999
434,610,1044
582,462,1044
573,2357,2930
127,1054,1181
808,1685,2493
532,468,1000
427,618,1045
481,632,1113
513,555,1068
628,547,1175
373,2861,3234
286,492,778
75,699,774
619,586,1205
1138,2087,3225
156,573,729
488,328,816
398,412,810
2442,730,3172
150,617,767
1093,2261,3354
351,992,1343
402,633,1035
982,2442,3424
963,1690,2653
392,471,863
519,389,908
483,415,898
2303,710,3013
427,704,1131
659,767,1426
763,376,1139
361,1345,1706
507,416,923
2628,523,3151
262,753,1015
506,355,861
1930,686,2616
580,989,1569
1276,932,2208
496,889,1385
42,551,593
227,1316,1543
66,480,546
385,838,1223
177,1150,1327
2158,485,2643
1365,1068,2433
1786,681,2467
38,397,435
74,559,633
1514,1070,2584
218,498,716
655,615,1270
210,1414,1624
251,592,843
687,901,1588
782,719,1501
260,621,881
517,475,992
195,588,783
715,1118,1833
61,733,794
429,745,1174
593,1302,1895
407,700,1107
455,929,1384
921,936,1857
464,709,1173
309,889,1198
723,1357,2080
345,711,1056
408,843,1251
1112,1024,2136
604,462,1066
646,1018,1664
603,666,1269
125,739,864
557,1164,1721
255,2420,2675
683,232,915
335,1051,1386
263,1134,1397
1083,1654,2737
1243,745,1988
234,1094,1328
526,762,1288
454,374,828
740,250,990
207,1226,1433
112,1072,1184
532,857,1389
474,711,1185
461,385,846
519,958,1477
679,562,1241
283,990,1273
564,1956,2520
392,1209,1601
954,1542,2496
1087,891,1978
905,437,1342
323,1938,2261
399,926,1325
723,568,1291
386,530,916
797,1060,1857
97,389,486
717,1547,2264
2240,554,2794
903,542,1445
453,1276,1729
156,521,677
706,364,1070
1227,1093,2320
479,1033,1512
1784,315,2099
1351,607,1958
693,487,1180
1015,581,1596
2031,216,2247
156,380,536
185,642,827
88,643,731
172,162,334
656,699,1355
1130,743,1873
376,917,1293
1453,410,1863
206,687,893
315,571,886
795,534,1329
939,603,1542
303,750,1053
544,518,1062
1291,510,1801
148,212,360
147,556,703
111,504,615
749,454,1203
252,314,566
326,834,1160
480,576,1056
36,397,433
196,528,724
196,545,741
264,390,654
103,606,709
112,366,478
721,433,1154
138,703,841
207,3110,3317
143,560,703
431,490,921
335,559,894
258,3303,3561
252,506,758
261,556,817
250,703,953
64,1545,1609
163,999,1162
147,933,1080
696,665,1361
449,649,1098
534,537,1071
632,2976,3608
475,992,1467
340,722,1062
345,862,1207
115,1678,1793
278,984,1262
234,1096,1330
54,519,573
64,674,738
427,575,1002
754,2745,3499
425,1046,1471
290,562,852
219,652,871
411,1568,1979
633,785,1418
617,898,1515
241,543,784
484,915,1399
185,725,910
3108,536,3644
559,974,1533
356,538,894
402,510,912
2940,696,3636
878,723,1601
477,1025,1502
391,698,1089
741,736,1477
215,917,1132
557,736,1293
1125,715,1840
565,627,1192
991,821,1812
720,742,1462
1271,944,2215
648,739,1387
392,783,1175
2671,635,3306
456,951,1407
662,494,1156
851,725,1576
610,647,1257
599,762,1361
824,461,1285
1403,825,2228
660,906,1566
666,989,1655
568,772,1340
575,839,1414
138,616,754
606,857,1463
55,498,553
464,816,1280
266,571,837
594,807,1401
444,601,1045
944,816,1760
660,801,1461
326,791,1117
240,711,951
348,595,943
93,680,773
439,752,1191
318,673,991
363,684,1047
474,1088,1562
582,576,1158
389,441,830
503,656,1159
262,1103,1365
456,597,1053
360,1191,1551
358,595,953
612,559,1171
527,746,1273
554,531,1085
655,1326,1981
836,798,1634
608,797,1405
565,836,1401
498,349,847
403,1179,1582
456,1112,1568
762,292,1054
687,801,1488
581,365,946
533,517,1050
411,764,1175
669,946,1615
583,781,1364
766,544,1310
875,735,1610
937,600,1537
631,361,992
745,501,1246
366,438,804
936,725,1661
812,303,1115
650,834,1484
651,529,1180
641,985,1626
1222,595,1817
106,307,413
691,837,1528
1068,730,1798
761,366,1127
649,810,1459
662,175,837
885,420,1305
602,1243,1845
1046,841,1887
86,332,418
724,741,1465
94,513,607
807,544,1351
96,506,602
661,909,1570
702,615,1317
66,266,332
462,1110,1572
931,517,1448
255,720,975
133,509,642
174,725,899
60,745,805
82,860,942
979,857,1836
149,886,1035
33,947,980
374,608,982
134,774,908
323,669,992
1194,718,1912
366,739,1105
375,640,1015
650,509,1159
552,738,1290
291,752,1043
347,823,1170
591,583,1174
741,614,1355
679,431,1110
877,191,1068
453,1824,2277
415,707,1122
734,577,1311
512,408,920
119,520,639
723,537,1260
628,708,1336
208,1305,1513
570,569,1139
382,718,1100
432,741,1173
334,564,898
507,419,926
792,589,1381
536,1997,2533
395,635,1030
64,507,571
771,553,1324
618,1062,1680
451,1112,1563
600,504,1104
496,516,1012
90,625,715
390,894,1284
620,509,1129
192,405,597
153,562,715
655,812,1467
96,708,804
202,574,776
101,741,842
366,1104,1470
441,998,1439
343,425,768
47,589,636
486,1247,1733
960,757,1717
283,684,967
96,904,1000
265,657,922
407,417,824
517,600,1117
253,598,851
218,806,1024
1006,756,1762
520,577,1097
1002,633,1635
515,394,909
263,600,863
511,425,936
639,712,1351
448,569,1017
425,628,1053
729,263,992
799,1918,2717
182,573,755
420,704,1124
525,715,1240
1362,1619,2981
477,878,1355
381,283,664
871,501,1372
672,468,1140
407,634,1041
422,381,803
630,781,1411
643,607,1250
117,867,984
1590,1388,2978
348,329,677
476,874,1350
509,853,1362
826,603,1429
396,365,761
302,638,940
691,705,1396
236,797,1033
654,639,1293
222,369,591
499,726,1225
608,723,1331
392,648,1040
561,337,898
758,604,1362
693,545,1238
353,890,1243
422,868,1290
736,572,1308
1814,1289,3103
450,796,1246
658,452,1110
641,458,1099
771,423,1194
328,1140,1468
218,434,652
545,483,1028
1381,777,2158
486,808,1294
861,734,1595
244,443,687
619,663,1282
712,734,1446
295,431,726
1430,893,2323
761,876,1637
208,655,863
270,418,688
1071,908,1979
590,923,1513
314,614,928
295,261,556
714,791,1505
138,691,829
475,416,891
335,425,760
1034,679,1713
708,364,1072
86,361,447
192,661,853
751,487,1238
172,938,1110
551,275,826
313,686,999
25,475,500
79,468,547
600,343,943
774,917,1691
371,306,677
642,506,1148
345,627,972
103,475,578
726,4872,5598
526,532,1058
113,1119,1232
564,505,1069
221,521,742
763,4983,5746
135,519,654
169,498,667
305,503,808
248,616,864
290,646,936
592,4683,5275
333,441,774
347,553,900
394,414,808
496,1384,1880
726,4620,5346
401,548,949
158,1441,1599
546,1400,1946
4797,516,5313
321,372,693
250,1428,1678
537,226,763
812,1192,2004
4357,548,4905
299,314,613
315,1431,1746
99,309,408
385,1111,1496
4636,242,4878
325,374,699
580,951,1531
163,305,468
1192,327,1519
352,377,729
1238,315,1553
408,443,851
80,302,382
1092,346,1438
227,311,538
453,986,1439
49,1649,1698
1283,299,1582
137,330,467
491,2229,2720
404,984,1388
158,1595,1753
1024,331,1355
197,339,536
404,2339,2743
210,2524,2734
761,1990,2751
89,375,464
132,423,555
717,1986,2703
158,411,569
337,2343,2680
980,1562,2542
272,2513,2785
75,2520,2595
191,1618,1809
277,401,678
262,475,737
1820,446,2266
1295,183,1478
269,735,1004
1167,354,1521
1165,378,1543
312,664,976
474,1843,2317
263,550,813
1853,498,2351
1422,893,2315
78,350,428
996,1756,2752
93,563,656
317,313,630
140,483,623
381,572,953
122,712,834
1024,2073,3097
1310,586,1896
1488,878,2366
42,567,609
2232,863,3095
148,652,800
1563,626,2189
159,1275,1434
597,428,1025
196,666,862
592,468,1060
376,781,1157
67,886,953
2139,844,2983
388,789,1177
1105,2169,3274
212,572,784
159,834,993
185,511,696
200,757,957
152,991,1143
1538,938,2476
447,614,1061
2299,1338,3637
136,945,1081
49,814,863
274,745,1019
338,751,1089
622,480,1102
240,753,993
598,318,916
491,709,1200
1968,1175,3143
324,794,1118
765,702,1467
625,580,1205
631,538,1169
435,1045,1480
855,767,1622
969,287,1256
323,697,1020
756,766,1522
742,416,1158
137,301,438
651,714,1365
535,956,1491
506,597,1103
1006,439,1445
491,832,1323
576,896,1472
237,1902,2139
496,1149,1645
703,685,1388
107,323,430
2013,915,2928
421,382,803
303,1215,1518
109,563,672
1126,1192,2318
156,2597,2753
696,859,1555
149,573,722
608,947,1555
148,467,615
415,370,785
818,620,1438
841,934,1775
956,1106,2062
747,499,1246
1169,1796,2965
906,979,1885
294,482,776
718,1006,1724
193,730,923
431,442,873
655,1221,1876
77,1058,1135
831,1028,1859
1035,1099,2134
1414,1683,3097
147,1099,1246
300,896,1196
648,670,1318
2409,847,3256
278,634,912
455,847,1302
842,639,1481
1679,719,2398
48,894,942
301,854,1155
1173,626,1799
112,1122,1234
274,1228,1502
278,535,813
732,402,1134
820,873,1693
362,1094,1456
632,863,1495
943,823,1766
375,1243,1618
783,1108,1891
673,874,1547
213,671,884
962,964,1926
365,1039,1404
264,758,1022
497,427,924
671,1006,1677
357,1389,1746
680,380,1060
424,315,739
53,1100,1153
684,726,1410
818,1068,1886
547,912,1459
795,822,1617
520,1127,1647
869,1072,1941
613,1326,1939
866,800,1666
598,1168,1766
654,538,1192
741,522,1263
522,1245,1767
722,218,940
812,724,1536
603,1209,1812
1024,1034,2058
48,606,654
536,834,1370
874,563,1437
1288,1123,2411
779,1276,2055
654,727,1381
1067,815,1882
495,1250,1745
889,1160,2049
58,624,682
780,749,1529
1024,685,1709
1443,435,1878
90,808,898
282,540,822
824,1059,1883
851,1074,1925
1163,586,1749
781,1072,1853
311,710,1021
196,864,1060
38,1624,1662
433,515,948
398,618,1016
1068,815,1883
1078,806,1884
659,472,1131
1235,672,1907
351,784,1135
367,792,1159
288,1609,1897
593,531,1124
478,697,1175
415,908,1323
608,705,1313
203,614,817
1265,822,2087
623,702,1325
378,702,1080
957,1160,2117
851,953,1804
237,717,954
713,690,1403
1525,948,2473
751,557,1308
788,702,1490
428,800,1228
433,742,1175
768,707,1475
504,765,1269
659,748,1407
1201,701,1902
532,539,1071
737,529,1266
509,901,1410
764,673,1437
876,810,1686
495,1046,1541
782,936,1718
664,975,1639
657,790,1447
716,720,1436
352,2381,2733
641,773,1414
844,543,1387
610,2462,3072
746,1041,1787
711,641,1352
344,2182,2526
633,918,1551
729,953,1682
586,549,1135
322,665,987
531,790,1321
326,1636,1962
306,759,1065
255,850,1105
716,1010,1726
467,1359,1826
276,838,1114
644,801,1445
588,1253,1841
656,366,1022
265,863,1128
193,734,927
799,342,1141
406,659,1065
316,968,1284
1080,158,1238
534,362,896
571,631,1202
707,583,1290
189,1088,1277
961,331,1292
722,613,1335
1125,196,1321
608,496,1104
327,1097,1424
1890,1163,3053
1001,396,1397
690,881,1571
790,824,1614
1280,392,1672
1007,525,1532
1091,694,1785
70,2000,2070
1015,432,1447
39,521,560
994,399,1393
707,1084,1791
1053,517,1570
1129,631,1760
2650,806,3456
819,804,1623
41,303,344
115,482,597
89,492,581
83,313,396
1125,347,1472
137,688,825
840,1224,2064
187,610,797
2288,1123,3411
198,644,842
42,615,657
171,647,818
980,1136,2116
96,932,1028
149,805,954
1085,800,1885
900,1530,2430
115,920,1035
182,921,1103
246,893,1139
123,327,450
166,883,1049
421,793,1214
330,609,939
317,1017,1334
284,513,797
1873,741,2614
732,734,1466
180,932,1112
372,829,1201
200,711,911
497,811,1308
441,889,1330
314,1051,1365
566,1002,1568
876,590,1466
706,702,1408
579,849,1428
176,820,996
714,603,1317
501,962,1463
423,1058,1481
363,656,1019
189,923,1112
371,490,861
413,670,1083
777,672,1449
459,664,1123
800,833,1633
766,420,1186
830,736,1566
665,480,1145
528,709,1237
582,1100,1682
848,853,1701
670,404,1074
838,314,1152
954,709,1663
729,406,1135
241,1135,1376
522,954,1476
164,1097,1261
342,854,1196
916,806,1722
568,861,1429
487,328,815
366,537,903
609,901,1510
711,427,1138
763,942,1705
702,496,1198
661,876,1537
471,970,1441
1271,526,1797
883,750,1633
291,1240,1531
809,993,1802
119,654,773
156,694,850
115,739,854
225,670,895
624,239,863
793,1161,1954
619,240,859
821,784,1605
448,191,639
549,1552,2101
1146,1040,2186
1000,1615,2615
885,1106,1991
946,1651,2597
395,786,1181
148,1375,1523
63,240,303
39,1098,1137
35,1140,1175
132,1385,1517
865,1462,2327
75,1235,1310
453,1065,1518
735,1632,2367
1198,1597,2795
107,503,610
341,857,1198
938,1683,2621
172,1574,1746
519,795,1314
1169,294,1463
81,1260,1341
1052,695,1747
108,1586,1694
331,1019,1350
484,1185,1669
1303,305,1608
230,1358,1588
1078,777,1855
854,1053,1907
487,1256,1743
573,1023,1596
870,621,1491
1257,596,1853
177,615,792
1281,636,1917
625,874,1499
700,753,1453
1004,635,1639
198,844,1042
1045,309,1354
884,1793,2677
1451,424,1875
1010,509,1519
1299,563,1862
1506,414,1920
420,612,1032
935,842,1777
1471,771,2242
701,749,1450
721,394,1115
979,2273,3252
727,373,1100
977,764,1741
472,626,1098
176,359,535
650,556,1206
634,620,1254
496,663,1159
720,595,1315
111,539,650
564,828,1392
580,748,1328
161,389,550
1187,539,1726
849,922,1771
267,2403,2670
713,390,1103
488,1011,1499
871,899,1770
222,432,654
651,743,1394
163,813,976
220,430,650
878,1151,2029
1187,1716,2903
480,546,1026
228,631,859
687,1070,1757
903,911,1814
328,437,765
324,703,1027
2199,880,3079
664,341,1005
274,595,869
135,753,888
2111,803,2914
94,1079,1173
348,632,980
1470,581,2051
116,1037,1153
663,427,1090
285,772,1057
166,1135,1301
344,844,1188
414,920,1334
304,553,857
711,411,1122
706,689,1395
356,510,866
242,641,883
207,1174,1381
597,853,1450
655,735,1390
642,488,1130
821,287,1108
544,785,1329
187,540,727
582,428,1010
600,863,1463
898,539,1437
963,521,1484
245,562,807
476,367,843
805,577,1382
367,491,858
310,745,1055
1039,600,1639
780,569,1349
458,631,1089
375,530,905
331,569,900
747,619,1366
709,470,1179
487,474,961
730,481,1211
525,359,884
671,661,1332
928,799,1727
444,554,998
520,841,1361
586,463,1049
1114,594,1708
610,280,890
125,399,524
178,541,719
478,514,992
420,608,1028
502,613,1115
157,563,720
136,501,637
493,946,1439
270,568,838
251,503,754
246,497,743
499,1060,1559
770,846,1616
293,597,890
236,590,826
599,921,1520
507,971,1478
279,790,1069
169,2333,2502
326,472,798
271,495,766
231,885,1116
517,576,1093
406,598,1004
567,574,1141
224,504,728
63,785,848
392,2406,2798
518,461,979
306,870,1176
131,511,642
506,595,1101
798,365,1163
499,589,1088
419,827,1246
372,955,1327
260,427,687
176,642,818
464,1047,1511
418,2542,2960
293,718,1011
626,283,909
191,710,901
80,833,913
390,408,798
590,453,1043
640,489,1129
667,904,1571
2246,980,3226
484,573,1057
719,570,1289
2380,704,3084
229,796,1025
437,714,1151
447,350,797
2459,645,3104
820,620,1440
386,451,837
47,477,524
919,419,1338
325,1004,1329
689,491,1180
236,818,1054
274,848,1122
683,423,1106
750,1143,1893
374,784,1158
148,426,574
687,528,1215
431,792,1223
633,536,1169
599,757,1356
340,932,1272
313,406,719
495,1208,1703
784,711,1495
202,508,710
465,1002,1467
464,1101,1565
425,447,872
966,468,1434
304,516,820
365,571,936
421,3489,3910
177,794,971
372,554,926
715,839,1554
1044,555,1599
562,483,1045
302,671,973
1152,550,1702
249,650,899
555,3880,4435
213,913,1126
265,803,1068
300,1509,1809
510,884,1394
657,562,1219
564,1549,2113
983,401,1384
596,684,1280
553,594,1147
347,4305,4652
846,727,1573
297,644,941
227,746,973
203,668,871
567,520,1087
760,585,1345
386,676,1062
480,1541,2021
3343,1238,4581
637,843,1480
584,446,1030
399,1320,1719
3759,934,4693
254,596,850
692,481,1173
57,684,741
4028,721,4749
347,560,907
441,840,1281
356,554,910
923,502,1425
425,454,879
306,627,933
665,1154,1819
373,1673,2046
396,1391,1787
53,1519,1572
377,1432,1809
561,412,973
468,1480,1948
757,320,1077
331,535,866
457,629,1086
1406,845,2251
370,631,1001
168,1674,1842
580,1431,2011
200,1456,1656
1458,1079,2537
639,575,1214
1041,910,1951
322,611,933
140,785,925
619,648,1267
472,958,1430
296,1614,1910
196,1509,1705
379,1839,2218
341,1883,2224
1220,783,2003
360,681,1041
319,765,1084
434,745,1179
627,453,1080
700,1013,1713
1608,808,2416
1322,574,1896
1019,875,1894
1323,967,2290
768,848,1616
599,847,1446
1419,732,2151
456,541,997
1237,694,1931
466,1147,1613
559,856,1415
513,744,1257
1611,898,2509
296,1049,1345
1281,412,1693
852,719,1571
1729,483,2212
703,1063,1766
834,624,1458
1035,752,1787
1796,306,2102
570,929,1499
848,399,1247
984,766,1750
1858,701,2559
810,686,1496
1821,648,2469
606,874,1480
359,771,1130
418,936,1354
862,644,1506
120,406,526
602,1017,1619
734,601,1335
385,368,753
1214,820,2034
55,811,866
473,1235,1708
390,856,1246
750,443,1193
509,513,1022
683,964,1647
693,755,1448
403,374,777
785,646,1431
23,797,820
519,972,1491
653,1129,1782
652,780,1432
503,876,1379
442,484,926
701,968,1669
478,479,957
783,761,1544
822,954,1776
784,771,1555
658,443,1101
354,1033,1387
498,744,1242
1022,683,1705
629,416,1045
579,856,1435
779,644,1423
787,577,1364
626,786,1412
214,651,865
35,626,661
904,587,1491
678,972,1650
691,738,1429
98,841,939
785,550,1335
64,692,756
987,523,1510
748,1020,1768
812,699,1511
880,540,1420
486,422,908
466,1798,2264
597,689,1286
246,969,1215
268,1025,1293
415,1735,2150
636,907,1543
461,995,1456
622,1568,2190
693,861,1554
469,901,1370
567,982,1549
682,1394,2076
530,1683,2213
271,1111,1382
611,774,1385
293,1268,1561
373,1054,1427
398,863,1261
403,842,1245
507,1236,1743
480,1089,1569
537,856,1393
730,663,1393
937,932,1869
552,1148,1700
389,796,1185
785,895,1680
497,1182,1679
637,739,1376
257,982,1239
688,621,1309
802,393,1195
767,552,1319
890,1412,2302
640,875,1515
866,779,1645
644,1235,1879
1292,389,1681
722,623,1345
1048,441,1489
596,1325,1921
762,360,1122
1377,944,2321
804,767,1571
811,659,1470
609,431,1040
956,480,1436
1524,934,2458
768,838,1606
530,483,1013
1032,694,1726
994,543,1537
779,1244,2023
519,567,1086
1114,509,1623
693,371,1064
219,477,696
270,600,870
102,462,564
714,676,1390
586,1151,1737
1318,822,2140
985,681,1666
1155,587,1742
439,427,866
824,685,1509
206,607,813
724,348,1072
666,320,986
690,230,920
78,387,465
317,627,944
584,1245,1829
178,320,498
883,997,1880
107,353,460
567,868,1435
1238,708,1946
421,666,1087
84,398,482
514,487,1001
186,327,513
114,1133,1247
112,384,496
328,949,1277
272,845,1117
99,673,772
552,713,1265
208,313,521
31,203,234
109,682,791
359,1034,1393
237,335,572
695,866,1561
605,287,892
287,623,910
290,892,1182
83,466,549
284,807,1091
552,665,1217
418,696,1114
580,313,893
602,221,823
154,339,493
299,1193,1492
901,762,1663
131,639,770
629,513,1142
665,447,1112
734,1046,1780
159,495,654
182,752,934
242,510,752
568,1357,1925
552,882,1434
144,524,668
274,567,841
427,375,802
586,943,1529
203,591,794
181,665,846
497,394,891
432,380,812
158,670,828
195,466,661
389,400,789
470,1104,1574
638,960,1598
289,540,829
438,3608,4046
646,313,959
698,805,1503
514,3896,4410
658,349,1007
266,769,1035
454,509,963
50,344,394
581,674,1255
209,676,885
226,3867,4093
69,384,453
732,822,1554
76,1007,1083
445,693,1138
449,702,1151
310,1086,1396
891,737,1628
206,1059,1265
183,1170,1353
289,252,541
880,976,1856
640,698,1338
584,3628,4212
606,1079,1685
225,565,790
511,761,1272
538,861,1399
338,351,689
1212,1211,2423
88,908,996
341,841,1182
317,354,671
756,1089,1845
458,426,884
931,445,1376
45,766,811
1030,780,1810
533,567,1100
634,572,1206
449,651,1100
520,1175,1695
489,1192,1681
796,1251,2047
643,656,1299
546,524,1070
763,550,1313
375,388,763
499,556,1055
589,602,1191
3842,502,4344
248,1143,1391
59,878,937
387,592,979
793,574,1367
591,694,1285
883,643,1526
196,485,681
332,638,970
3896,1144,5040
727,546,1273
496,1081,1577
204,498,702
73,1360,1433
455,616,1071
1002,720,1722
782,704,1486
766,1271,2037
254,547,801
3419,1216,4635
257,553,810
460,309,769
160,845,1005
88,1724,1812
371,1231,1602
309,509,818
1077,572,1649
1102,562,1664
264,725,989
734,606,1340
407,618,1025
319,1132,1451
1113,927,2040
470,856,1326
765,1181,1946
415,733,1148
979,668,1647
355,563,918
329,772,1101
707,1519,2226
464,746,1210
502,940,1442
1265,1067,2332
552,306,858
954,406,1360
165,775,940
688,729,1417
40,760,800
572,606,1178
509,892,1401
558,1028,1586
1655,880,2535
1104,1194,2298
245,597,842
369,1311,1680
525,588,1113
126,756,882
426,724,1150
563,1429,1992
284,690,974
1058,741,1799
839,788,1627
542,1226,1768
642,632,1274
780,478,1258
217,971,1188
810,521,1331
391,1423,1814
986,983,1969
486,461,947
1035,639,1674
1105,672,1777
1531,843,2374
390,723,1113
755,783,1538
1179,828,2007
709,430,1139
538,798,1336
1230,523,1753
899,680,1579
250,430,680
794,809,1603
746,586,1332
545,1738,2283
733,626,1359
528,977,1505
622,639,1261
616,911,1527
479,1899,2378
1129,622,1751
848,762,1610
248,447,695
1082,1321,2403
210,619,829
1109,785,1894
632,708,1340
445,316,761
683,842,1525
834,578,1412
300,781,1081
282,614,896
395,654,1049
1468,619,2087
298,649,947
392,579,971
566,1179,1745
491,610,1101
378,617,995
677,1210,1887
532,533,1065
509,465,974
1806,538,2344
267,911,1178
465,783,1248
546,1360,1906
524,801,1325
706,539,1245
157,1351,1508
647,585,1232
598,254,852
638,859,1497
875,739,1614
542,769,1311
558,596,1154
575,456,1031
416,1077,1493
518,1184,1702
632,717,1349
432,1182,1614
561,855,1416
588,801,1389
397,459,856
630,1139,1769
280,1410,1690
425,803,1228
774,1113,1887
1062,918,1980
645,1086,1731
516,703,1219
1294,705,1999
448,1115,1563
809,943,1752
424,1072,1496
123,999,1122
424,642,1066
1267,750,2017
240,739,979
620,688,1308
271,514,785
1277,553,1830
1098,446,1544
965,789,1754
797,950,1747
509,1257,1766
1043,825,1868
423,948,1371
706,567,1273
611,575,1186
165,782,947
984,338,1322
862,665,1527
1103,732,1835
539,1068,1607
274,1003,1277
822,487,1309
1024,723,1747
614,620,1234
745,1003,1748
697,1283,1980
882,769,1651
1037,692,1729
414,1107,1521
367,963,1330
763,512,1275
856,482,1338
691,837,1528
547,695,1242
625,1117,1742
685,921,1606
683,954,1637
444,644,1088
480,966,1446
446,571,1017
711,579,1290
668,418,1086
765,1101,1866
898,863,1761
388,1489,1877
241,593,834
657,790,1447
774,1287,2061
579,725,1304
920,1485,2405
483,434,917
934,727,1661
874,1070,1944
37,715,752
823,659,1482
528,874,1402
886,1050,1936
534,993,1527
127,901,1028
544,536,1080
826,828,1654
857,705,1562
1434,362,1796
635,1094,1729
585,1033,1618
847,988,1835
632,919,1551
482,764,1246
1134,1482,2616
331,1266,1597
758,797,1555
874,662,1536
628,912,1540
1108,960,2068
542,913,1455
488,1569,2057
798,1002,1800
1090,1791,2881
362,452,814
922,742,1664
923,598,1521
895,729,1624
604,733,1337
601,1039,1640
152,881,1033
194,1635,1829
1386,1612,2998
681,1059,1740
649,901,1550
549,541,1090
371,720,1091
798,318,1116
1006,904,1910
47,1039,1086
1279,507,1786
1102,855,1957
1582,869,2451
575,1153,1728
1447,781,2228
573,396,969
741,464,1205
844,385,1229
98,1204,1302
894,548,1442
391,711,1102
650,1050,1700
944,587,1531
749,416,1165
717,429,1146
578,1128,1706
1663,716,2379
991,617,1608
1507,589,2096
20,439,459
633,839,1472
807,542,1349
987,519,1506
61,426,487
637,716,1353
165,306,471
764,680,1444
560,1311,1871
332,304,636
77,508,585
721,483,1204
1489,802,2291
647,537,1184
777,1133,1910
237,273,510
210,364,574
792,316,1108
322,1208,1530
382,290,672
986,280,1266
374,1748,2122
790,709,1499
766,585,1351
373,1130,1503
266,343,609
65,883,948
463,520,983
1021,1217,2238
664,329,993
235,493,728
90,741,831
1175,589,1764
188,855,1043
110,883,993
738,415,1153
90,1121,1211
399,842,1241
547,577,1124
163,320,483
627,681,1308
679,456,1135
213,394,607
1009,991,2000
816,476,1292
202,1077,1279
23,268,291
662,719,1381
677,638,1315
245,746,991
975,653,1628
60,560,620
348,722,1070
601,278,879
747,647,1394
206,391,597
1625,793,2418
178,876,1054
382,554,936
130,602,732
109,566,675
506,599,1105
68,376,444
153,1011,1164
613,533,1146
1048,989,2037
613,605,1218
180,1209,1389
548,562,1110
86,755,841
452,1090,1542
764,541,1305
541,884,1425
55,765,820
187,774,961
252,651,903
28,783,811
47,596,643
245,628,873
340,709,1049
197,558,755
432,535,967
370,462,832
176,652,828
229,754,983
636,472,1108
462,749,1211
85,875,960
230,801,1031
666,484,1150
676,628,1304
558,478,1036
218,1696,1914
274,492,766
211,766,977
312,749,1061
400,322,722
792,804,1596
368,1015,1383
213,911,1124
439,601,1040
691,535,1226
293,1749,2042
467,911,1378
382,795,1177
347,975,1322
881,725,1606
444,360,804
439,980,1419
492,1155,1647
334,721,1055
354,506,860
792,815,1607
294,933,1227
573,942,1515
707,893,1600
328,753,1081
677,590,1267
389,728,1117
397,917,1314
604,1671,2275
599,681,1280
237,782,1019
423,897,1320
532,758,1290
1070,226,1296
139,451,590
394,691,1085
639,618,1257
800,399,1199
856,607,1463
751,642,1393
601,948,1549
711,565,1276
195,746,941
658,702,1360
433,1091,1524
572,581,1153
643,334,977
807,556,1363
465,1331,1796
658,615,1273
759,561,1320
443,697,1140
1159,972,2131
716,729,1445
541,401,942
53,474,527
579,530,1109
710,917,1627
518,782,1300
633,709,1342
407,789,1196
1275,1294,2569
583,625,1208
316,405,721
164,514,678
316,433,749
373,585,958
602,824,1426
198,742,940
831,775,1606
1515,1287,2802
314,649,963
413,570,983
386,580,966
312,623,935
387,491,878
241,866,1107
1033,638,1671
587,365,952
761,1089,1850
506,356,862
667,725,1392
347,306,653
1297,806,2103
417,1078,1495
256,608,864
795,693,1488
1199,881,2080
238,241,479
1002,617,1619
563,957,1520
525,697,1222
756,278,1034
484,1066,1550
823,977,1800
376,1605,1981
73,465,538
507,867,1374
116,647,763
566,1202,1768
387,908,1295
1039,460,1499
595,1439,2034
567,620,1187
159,649,808
752,654,1406
836,419,1255
697,312,1009
421,734,1155
652,2601,3253
806,943,1749
647,1379,2026
306,1722,2028
967,520,1487
832,269,1101
389,733,1122
286,536,822
371,585,956
944,1346,2290
107,786,893
502,1550,2052
1551,684,2235
304,3443,3747
183,761,944
1200,667,1867
21,328,349
474,554,1028
640,1501,2141
802,3230,4032
1504,376,1880
33,481,514
644,3214,3858
48,740,788
1459,393,1852
3570,636,4206
243,785,1028
1632,483,2115
923,741,1664
3137,808,3945
436,753,1189
127,458,585
1258,1416,2674
941,295,1236
1589,380,1969
43,499,542
1160,702,1862
1265,663,1928
1562,861,2423
209,450,659
204,787,991
235,726,961
1569,797,2366
352,417,769
36,878,914
184,497,681
550,401,951
245,663,908
53,1006,1059
178,747,925
70,900,970
493,439,932
57,408,465
275,454,729
366,692,1058
578,348,926
319,642,961
390,633,1023
61,476,537
174,498,672
482,605,1087
310,480,790
284,328,612
650,448,1098
594,727,1321
326,412,738
312,364,676
506,422,928
482,521,1003
421,897,1318
655,447,1102
199,509,708
680,3864,4544
587,212,799
478,474,952
596,269,865
621,638,1259
629,736,1365
313,735,1048
723,3776,4499
107,314,421
234,596,830
70,391,461
395,684,1079
112,461,573
309,708,1017
442,3694,4136
326,770,1096
315,714,1029
82,537,619
551,675,1226
135,486,621
307,462,769
3676,624,4300
320,883,1203
597,562,1159
101,657,758
371,529,900
459,4610,5069
252,527,779
3464,599,4063
496,442,938
168,486,654
482,785,1267
330,942,1272
425,824,1249
278,590,868
472,741,1213
249,531,780
212,421,633
539,4577,5116
3588,583,4171
390,316,706
495,647,1142
315,4868,5183
322,867,1189
429,915,1344
413,381,794
460,637,1097
4607,647,5254
407,807,1214
386,277,663
700,642,1342
776,407,1183
4872,460,5332
451,858,1309
3219,729,3948
694,616,1310
4858,459,5317
984,570,1554
345,3355,3700
467,1650,2117
503,885,1388
532,930,1462
245,656,901
756,371,1127
762,383,1145
195,471,666
894,561,1455
409,3251,3660
657,1571,2228
359,581,940
535,3185,3720
391,1933,2324
37,401,438
26,443,469
2904,442,3346
660,1214,1874
896,632,1528
505,1458,1963
50,593,643
1135,605,1740
550,1987,2537
69,698,767
874,1344,2218
2921,583,3504
660,1013,1673
1457,863,2320
926,1400,2326
830,1000,1830
737,589,1326
1026,1163,2189
302,787,1089
774,422,1196
708,514,1222
940,363,1303
953,354,1307
39,1385,1424
223,1321,1544
118,1303,1421
138,1143,1281
875,381,1256
984,1627,2611
541,2617,3158
3093,633,3726
1460,762,2222
195,1355,1550
1763,1370,3133
159,1395,1554
325,1157,1482
583,608,1191
810,1748,2558
1725,1246,2971
445,1286,1731
265,1220,1485
478,511,989
436,1273,1709
51,1189,1240
1325,1306,2631
389,1291,1680
2548,418,2966
704,1287,1991
781,1006,1787
485,1292,1777
1217,526,1743
523,1227,1750
1052,731,1783
459,710,1169
448,1587,2035
1173,293,1466
1180,608,1788
937,548,1485
1504,872,2376
968,854,1822
1168,358,1526
136,505,641
128,1355,1483
122,936,1058
83,1438,1521
98,299,397
570,1100,1670
1567,811,2378
632,642,1274
363,1664,2027
750,319,1069
1035,985,2020
1041,895,1936
87,449,536
971,1096,2067
1467,684,2151
154,536,690
130,529,659
291,429,720
645,577,1222
1203,970,2173
1101,813,1914
1077,1001,2078
126,529,655
88,871,959
1086,969,2055
184,534,718
180,529,709
402,475,877
237,384,621
273,705,978
357,732,1089
1173,1052,2225
53,875,928
528,637,1165
371,543,914
433,401,834
411,839,1250
528,626,1154
375,371,746
1004,1227,2231
1170,921,2091
234,540,774
621,740,1361
373,805,1178
295,676,971
718,555,1273
550,410,960
656,878,1534
708,852,1560
422,960,1382
92,517,609
619,829,1448
556,542,1098
404,1058,1462
77,532,609
759,658,1417
668,971,1639
21,627,648
737,852,1589
599,770,1369
485,830,1315
769,657,1426
336,315,651
639,293,932
1003,536,1539
914,801,1715
326,355,681
1267,363,1630
618,221,839
712,726,1438
403,789,1192
512,772,1284
488,707,1195
644,657,1301
465,861,1326
395,619,1014
744,497,1241
240,886,1126
628,569,1197
553,645,1198
1890,780,2670
263,1129,1392
647,689,1336
494,848,1342
654,575,1229
65,502,567
402,684,1086
694,668,1362
746,603,1349
63,1271,1334
881,599,1480
676,855,1531
263,567,830
122,707,829
51,848,899
22,726,748
35,787,822
718,807,1525
143,1381,1524
880,571,1451
210,653,863
280,414,694
277,541,818
368,438,806
172,680,852
23,843,866
653,563,1216
374,636,1010
787,933,1720
187,725,912
361,538,899
305,651,956
544,795,1339
522,595,1117
610,359,969
716,591,1307
766,1255,2021
203,713,916
210,940,1150
74,1551,1625
378,786,1164
421,523,944
290,698,988
336,528,864
193,870,1063
815,542,1357
383,581,964
408,950,1358
403,1004,1407
629,663,1292
598,882,1480
497,1012,1509
554,568,1122
902,692,1594
365,753,1118
537,989,1526
379,863,1242
69,691,760
387,887,1274
321,996,1317
672,641,1313
167,589,756
219,599,818
324,1090,1414
483,874,1357
483,917,1400
135,1884,2019
600,485,1085
665,1004,1669
444,443,887
222,667,889
592,282,874
440,1234,1674
512,608,1120
857,602,1459
666,741,1407
973,1042,2015
246,839,1085
528,503,1031
919,879,1798
491,466,957
495,368,863
631,743,1374
542,659,1201
630,763,1393
118,287,405
618,890,1508
726,666,1392
517,948,1465
324,986,1310
498,657,1155
590,643,1233
937,732,1669
789,669,1458
139,304,443
849,406,1255
630,490,1120
679,874,1553
348,1094,1442
244,400,644
535,893,1428
905,838,1743
476,728,1204
1295,985,2280
25,937,962
381,454,835
1353,1590,2943
593,1041,1634
614,862,1476
467,705,1172
226,778,1004
446,558,1004
458,481,939
365,446,811
106,503,609
236,416,652
968,1013,1981
212,470,682
310,625,935
462,1413,1875
620,359,979
493,601,1094
423,678,1101
928,1153,2081
818,1331,2149
677,575,1252
85,842,927
802,1231,2033
420,339,759
983,735,1718
682,677,1359
1492,601,2093
747,1028,1775
344,953,1297
66,1339,1405
482,526,1008
278,697,975
188,883,1071
363,478,841
591,1010,1601
200,777,977
1000,470,1470
240,1341,1581
711,1055,1766
1040,594,1634
872,455,1327
651,776,1427
276,621,897
459,721,1180
159,696,855
193,1210,1403
1212,604,1816
487,692,1179
539,477,1016
699,902,1601
1240,708,1948
253,733,986
346,549,895
1259,385,1644
562,1005,1567
211,746,957
1194,391,1585
742,964,1706
424,749,1173
346,580,926
908,460,1368
652,592,1244
999,1254,2253
174,474,648
362,1420,1782
787,311,1098
455,948,1403
527,526,1053
907,651,1558
547,620,1167
459,574,1033
748,1240,1988
223,596,819
731,1239,1970
576,870,1446
422,739,1161
430,498,928
573,750,1323
895,1286,2181
178,474,652
476,782,1258
607,594,1201
223,765,988
695,1652,2347
606,709,1315
858,1117,1975
289,987,1276
1320,707,2027
555,1049,1604
1032,937,1969
231,721,952
216,833,1049
559,1705,2264
331,643,974
415,638,1053
1103,858,1961
464,1725,2189
439,966,1405
1110,954,2064
1113,691,1804
282,956,1238
592,701,1293
451,947,1398
408,1370,1778
1373,538,1911
587,425,1012
1052,940,1992
313,1037,1350
396,903,1299
745,667,1412
840,534,1374
521,1326,1847
384,1324,1708
1454,630,2084
512,576,1088
628,313,941
564,1216,1780
357,1842,2199
684,900,1584
389,823,1212
422,830,1252
965,990,1955
523,1459,1982
1738,563,2301
689,1826,2515
659,848,1507
1280,834,2114
639,1326,1965
788,1802,2590
702,818,1520
989,705,1694
912,1386,2298
361,737,1098
435,732,1167
676,1037,1713
382,923,1305
886,1031,1917
563,623,1186
1585,247,1832
616,708,1324
714,734,1448
648,734,1382
546,1018,1564
589,729,1318
1314,435,1749
981,1353,2334
809,932,1741
269,642,911
431,826,1257
550,382,932
1652,374,2026
425,870,1295
526,773,1299
487,938,1425
802,1255,2057
541,374,915
1100,929,2029
1061,1302,2363
639,798,1437
807,526,1333
1253,1105,2358
671,595,1266
109,542,651
451,1031,1482
306,395,701
306,369,675
825,715,1540
1626,616,2242
995,1197,2192
274,421,695
335,429,764
883,1446,2329
353,314,667
496,1795,2291
565,1120,1685
1283,1188,2471
296,328,624
774,1665,2439
642,1762,2404
104,786,890
1030,884,1914
1002,1560,2562
290,916,1206
1007,903,1910
349,336,685
552,376,928
863,1202,2065
104,996,1100
541,232,773
504,394,898
1599,736,2335
746,1379,2125
820,556,1376
1463,546,2009
532,591,1123
112,1488,1600
633,687,1320
64,227,291
153,603,756
1655,522,2177
523,479,1002
377,889,1266
1004,637,1641
937,519,1456
680,833,1513
312,2297,2609
1659,702,2361
59,341,400
170,730,900
729,2091,2820
201,710,911
124,428,552
881,1046,1927
930,585,1515
208,486,694
1088,883,1971
104,550,654
181,732,913
1274,828,2102
1256,1568,2824
269,500,769
138,1945,2083
334,705,1039
430,998,1428
800,808,1608
161,656,817
307,617,924
218,633,851
312,825,1137
2210,611,2821
302,628,930
714,338,1052
1855,646,2501
238,877,1115
439,811,1250
453,696,1149
385,898,1283
355,1083,1438
864,1398,2262
384,486,870
816,937,1753
759,712,1471
496,695,1191
205,998,1203
289,660,949
300,670,970
96,798,894
1398,663,2061
987,1731,2718
322,785,1107
259,813,1072
577,518,1095
78,1005,1083
338,1210,1548
534,594,1128
487,518,1005
549,1106,1655
571,658,1229
592,1136,1728
365,411,776
370,709,1079
788,431,1219
288,940,1228
1759,950,2709
573,591,1164
56,757,813
614,1286,1900
195,659,854
749,653,1402
549,258,807
201,842,1043
386,502,888
1007,625,1632
373,741,1114
540,1126,1666
407,747,1154
222,863,1085
385,762,1147
452,483,935
576,799,1375
655,684,1339
476,528,1004
668,514,1182
959,846,1805
268,639,907
51,545,596
722,485,1207
763,764,1527
483,635,1118
354,1153,1507
537,756,1293
294,425,719
757,527,1284
947,913,1860
258,383,641
202,473,675
1076,472,1548
506,1122,1628
469,904,1373
509,825,1334
356,553,909
312,426,738
762,784,1546
413,1260,1673
228,586,814
596,835,1431
614,1033,1647
210,957,1167
402,640,1042
320,843,1163
1049,1135,2184
478,454,932
390,670,1060
514,1035,1549
424,798,1222
380,428,808
338,708,1046
464,590,1054
1074,899,1973
1514,1793,3307
253,696,949
643,658,1301
292,566,858
417,903,1320
710,1083,1793
516,416,932
481,600,1081
729,779,1508
658,1801,2459
711,1656,2367
683,528,1211
715,645,1360
907,1701,2608
485,1285,1770
549,750,1299
898,461,1359
327,1032,1359
878,819,1697
606,335,941
948,779,1727
858,646,1504
1238,545,1783
514,590,1104
770,1048,1818
586,525,1111
306,1034,1340
369,1050,1419
822,581,1403
585,561,1146
630,783,1413
712,787,1499
1407,519,1926
464,795,1259
402,851,1253
509,536,1045
340,1270,1610
263,1164,1427
663,680,1343
499,747,1246
1536,426,1962
469,1026,1495
1590,621,2211
262,915,1177
597,735,1332
772,561,1333
816,973,1789
1046,677,1723
771,739,1510
342,751,1093
992,1050,2042
392,761,1153
606,527,1133
522,640,1162
745,651,1396
597,605,1202
364,687,1051
956,808,1764
593,845,1438
1179,748,1927
494,1250,1744
1187,802,1989
806,650,1456
252,469,721
1261,918,2179
947,584,1531
452,463,915
65,915,980
529,387,916
676,873,1549
757,1217,1974
477,778,1255
563,543,1106
749,1024,1773
653,654,1307
602,1227,1829
234,1012,1246
305,433,738
1073,789,1862
409,622,1031
703,1000,1703
507,513,1020
661,268,929
438,951,1389
831,620,1451
79,1173,1252
570,721,1291
508,827,1335
837,657,1494
292,1152,1444
823,976,1799
296,822,1118
456,440,896
1062,490,1552
249,1149,1398
297,768,1065
788,442,1230
529,977,1506
811,492,1303
359,815,1174
851,625,1476
412,798,1210
556,879,1435
931,487,1418
472,1257,1729
389,967,1356
279,1147,1426
652,1295,1947
407,542,949
668,608,1276
873,843,1716
455,1250,1705
100,846,946
1080,483,1563
333,466,799
250,768,1018
732,768,1500
1037,751,1788
375,817,1192
609,472,1081
916,1140,2056
571,1477,2048
503,651,1154
340,645,985
902,614,1516
464,636,1100
753,807,1560
1177,640,1817
292,805,1097
809,492,1301
700,1309,2009
1252,597,1849
376,921,1297
389,839,1228
693,1029,1722
792,382,1174
1037,712,1749
825,1178,2003
665,1036,1701
384,645,1029
564,684,1248
1166,1279,2445
506,996,1502
611,498,1109
431,742,1173
580,718,1298
725,597,1322
547,905,1452
373,870,1243
1368,859,2227
547,802,1349
830,556,1386
717,930,1647
427,1040,1467
222,579,801
541,1240,1781
431,782,1213
1078,747,1825
332,646,978
889,444,1333
1019,1143,2162
557,1091,1648
555,457,1012
732,641,1373
798,930,1728
382,756,1138
1375,341,1716
432,751,1183
820,961,1781
1256,1127,2383
699,1103,1802
995,472,1467
1218,581,1799
775,609,1384
901,589,1490
572,569,1141
573,651,1224
738,1032,1770
849,1100,1949
908,607,1515
654,550,1204
392,1252,1644
609,645,1254
427,865,1292
985,759,1744
211,407,618
757,493,1250
1029,728,1757
639,645,1284
841,390,1231
461,1012,1473
638,805,1443
419,826,1245
906,604,1510
343,332,675
942,712,1654
863,551,1414
272,600,872
69,723,792
1167,481,1648
305,571,876
890,700,1590
205,802,1007
380,643,1023
269,722,991
536,819,1355
438,482,920
505,907,1412
283,854,1137
363,500,863
957,819,1776
554,566,1120
430,596,1026
583,455,1038
806,825,1631
296,738,1034
387,1342,1729
463,592,1055
644,1070,1714
498,796,1294
401,470,871
655,2708,3363
652,396,1048
334,728,1062
630,652,1282
452,789,1241
600,1262,1862
483,632,1115
585,1611,2196
367,1398,1765
558,491,1049
181,1632,1813
617,1700,2317
527,1311,1838
536,498,1034
451,1428,1879
1173,1156,2329
218,1299,1517
403,295,698
451,1188,1639
1413,928,2341
1292,321,1613
346,353,699
1393,352,1745
1478,320,1798
1137,325,1462
413,327,740
1314,273,1587
1004,310,1314
1258,246,1504
635,1967,2602
148,337,485
1104,291,1395
701,339,1040
48,295,343
678,965,1643
539,1111,1650
371,1212,1583
720,1768,2488
135,1249,1384
728,1806,2534
244,339,583
232,2005,2237
250,221,471
633,1970,2603
137,522,659
598,1873,2471
693,1561,2254
90,348,438
354,1867,2221
1746,447,2193
732,1562,2294
280,380,660
338,2014,2352
697,3275,3972
178,542,720
684,1963,2647
315,555,870
142,609,751
808,1432,2240
176,595,771
1055,1231,2286
1237,1169,2406
605,4281,4886
126,690,816
1866,619,2485
1772,605,2377
850,3931,4781
216,945,1161
339,503,842
1929,433,2362
85,339,424
162,943,1105
1934,264,2198
1388,556,1944
892,484,1376
2643,1900,4543
342,441,783
441,608,1049
1021,1632,2653
4169,596,4765
987,1678,2665
553,625,1178
1418,714,2132
1779,1136,2915
1683,1187,2870
463,305,768
419,631,1050
1864,925,2789
3552,462,4014
567,557,1124
129,1188,1317
867,491,1358
265,883,1148
412,636,1048
1395,1135,2530
349,712,1061
188,1011,1199
371,548,919
1766,573,2339
559,715,1274
609,581,1190
199,1534,1733
497,503,1000
462,835,1297
1512,785,2297
198,1620,1818
269,675,944
750,585,1335
468,871,1339
922,275,1197
520,667,1187
1615,852,2467
270,516,786
390,683,1073
1093,774,1867
1043,546,1589
116,705,821
543,782,1325
332,1117,1449
781,568,1349
1538,612,2150
869,847,1716
870,268,1138
955,431,1386
422,772,1194
456,783,1239
1289,650,1939
586,903,1489
719,568,1287
515,846,1361
1489,583,2072
1193,391,1584
139,323,462
684,516,1200
620,687,1307
37,529,566
803,844,1647
131,475,606
762,497,1259
233,321,554
1322,479,1801
1232,804,2036
603,729,1332
944,974,1918
628,765,1393
761,578,1339
665,725,1390
123,507,630
406,362,768
458,757,1215
297,287,584
86,643,729
664,1456,2120
217,878,1095
430,662,1092
247,726,973
85,474,559
423,641,1064
542,697,1239
594,420,1014
138,1126,1264
709,617,1326
591,687,1278
487,823,1310
331,448,779
358,761,1119
789,670,1459
765,1236,2001
22,387,409
380,1036,1416
539,862,1401
162,1582,1744
724,813,1537
349,476,825
773,677,1450
565,682,1247
208,820,1028
517,401,918
900,869,1769
111,997,1108
449,727,1176
92,853,945
1140,667,1807
401,706,1107
61,591,652
523,632,1155
1451,416,1867
555,562,1117
537,1040,1577
607,1225,1832
621,506,1127
516,633,1149
716,461,1177
211,1207,1418
119,908,1027
714,486,1200
1119,875,1994
762,535,1297
544,870,1414
721,412,1133
458,311,769
633,582,1215
233,377,610
320,884,1204
288,703,991
284,487,771
1040,405,1445
531,489,1020
411,597,1008
698,884,1582
1151,486,1637
348,438,786
510,682,1192
897,1059,1956
287,2031,2318
383,335,718
572,852,1424
304,506,810
309,533,842
762,505,1267
356,558,914
546,445,991
475,1436,1911
430,606,1036
570,2095,2665
866,1217,2083
502,857,1359
388,1206,1594
328,635,963
603,727,1330
669,914,1583
208,468,676
62,475,537
204,507,711
31,2244,2275
244,639,883
118,964,1082
254,1411,1665
264,606,870
726,941,1667
278,471,749
433,1196,1629
89,829,918
315,694,1009
778,721,1499
672,653,1325
159,1251,1410
292,1532,1824
249,656,905
390,1192,1582
1224,665,1889
94,935,1029
532,525,1057
397,700,1097
419,874,1293
360,429,789
1120,859,1979
523,657,1180
791,582,1373
591,697,1288
563,625,1188
298,842,1140
451,602,1053
371,644,1015
657,586,1243
1209,735,1944
496,679,1175
824,599,1423
902,610,1512
742,425,1167
407,2019,2426
601,611,1212
1102,622,1724
388,641,1029
1515,619,2134
1121,673,1794
633,574,1207
633,389,1022
731,618,1349
711,550,1261
514,688,1202
560,649,1209
697,1015,1712
231,530,761
715,497,1212
444,1374,1818
1080,1223,2303
495,943,1438
768,738,1506
612,1084,1696
674,1204,1878
523,817,1340
532,982,1514
151,668,819
249,565,814
1861,1386,3247
393,722,1115
927,665,1592
545,1111,1656
314,774,1088
303,679,982
792,667,1459
291,887,1178
719,831,1550
335,892,1227
209,408,617
719,455,1174
1288,459,1747
1153,704,1857
366,590,956
260,1064,1324
780,531,1311
2074,1874,3948
334,1017,1351
781,514,1295
358,1003,1361
634,612,1246
939,621,1560
999,564,1563
536,670,1206
452,1098,1550
920,626,1546
1842,1951,3793
490,1112,1602
628,639,1267
418,1184,1602
469,600,1069
722,855,1577
1011,686,1697
895,541,1436
545,589,1134
246,1286,1532
740,734,1474
573,667,1240
704,611,1315
323,532,855
1035,495,1530
219,604,823
540,981,1521
1251,1362,2613
479,710,1189
946,545,1491
199,682,881
296,620,916
439,495,934
1001,681,1682
412,770,1182
343,868,1211
568,663,1231
1168,571,1739
401,748,1149
513,756,1269
316,711,1027
1030,913,1943
578,671,1249
956,444,1400
665,508,1173
490,937,1427
671,615,1286
1792,1047,2839
488,394,882
550,472,1022
722,849,1571
526,775,1301
230,370,600
675,599,1274
278,432,710
1573,1151,2724
400,930,1330
240,532,772
298,525,823
734,750,1484
262,477,739
296,612,908
524,315,839
667,358,1025
555,936,1491
132,712,844
987,349,1336
99,1024,1123
565,501,1066
1126,1135,2261
473,382,855
315,614,929
592,539,1131
139,896,1035
182,777,959
52,657,709
835,259,1094
401,315,716
84,830,914
403,587,990
527,512,1039
754,398,1152
281,1024,1305
286,694,980
912,1437,2349
975,1096,2071
122,290,412
286,1259,1545
358,945,1303
413,627,1040
794,660,1454
624,361,985
757,917,1674
166,611,777
615,2126,2741
635,696,1331
623,405,1028
21,570,591
728,1854,2582
293,669,962
73,573,646
528,1517,2045
488,526,1014
482,212,694
380,483,863
674,1579,2253
506,1271,1777
666,247,913
231,1131,1362
704,1597,2301
148,1320,1468
551,250,801
831,1480,2311
517,888,1405
182,1384,1566
873,236,1109
992,1456,2448
815,780,1595
1488,646,2134
252,1315,1567
100,232,332
139,1437,1576
955,449,1404
818,1224,2042
154,222,376
950,1412,2362
1754,791,2545
1323,294,1617
176,1591,1767
648,1642,2290
1023,1009,2032
511,1185,1696
397,1556,1953
423,844,1267
534,541,1075
530,433,963
1407,615,2022
430,503,933
1064,1312,2376
850,1828,2678
92,1378,1470
1420,497,1917
685,301,986
1224,500,1724
109,739,848
367,604,971
1231,267,1498
408,195,603
730,1418,2148
967,1366,2333
302,269,571
1209,886,2095
45,508,553
794,243,1037
160,823,983
421,677,1098
195,1687,1882
1106,971,2077
1455,1017,2472
458,879,1337
472,1816,2288
290,486,776
1735,745,2480
355,623,978
395,817,1212
1316,847,2163
945,975,1920
1033,979,2012
629,780,1409
890,1226,2116
429,585,1014
486,373,859
907,738,1645
799,434,1233
482,672,1154
1196,620,1816
741,961,1702
309,433,742
84,1397,1481
65,667,732
447,466,913
162,1370,1532
78,858,936
59,456,515
973,806,1779
1475,499,1974
970,729,1699
525,1048,1573
541,846,1387
617,858,1475
582,657,1239
797,1058,1855
251,868,1119
96,1731,1827
1400,996,2396
854,389,1243
158,356,514
23,1293,1316
811,1216,2027
267,1088,1355
268,614,882
252,763,1015
598,1012,1610
1008,879,1887
504,893,1397
938,504,1442
450,1275,1725
641,1114,1755
655,632,1287
645,862,1507
444,495,939
542,974,1516
646,528,1174
1004,724,1728
670,1108,1778
758,616,1374
414,1562,1976
507,901,1408
778,809,1587
815,1068,1883
812,612,1424
733,866,1599
47,1442,1489
954,231,1185
498,1646,2144
924,298,1222
1060,453,1513
447,1770,2217
978,480,1458
384,351,735
951,697,1648
90,1924,2014
700,841,1541
250,397,647
203,1615,1818
460,1281,1741
396,356,752
719,290,1009
1149,1125,2274
361,2845,3206
1240,835,2075
1532,585,2117
254,538,792
1056,901,1957
49,1127,1176
1583,732,2315
706,559,1265
482,879,1361
1329,1354,2683
103,620,723
129,301,430
1258,278,1536
764,386,1150
1624,639,2263
1714,1732,3446
104,294,398
1213,904,2117
1493,900,2393
1351,2007,3358
69,689,758
776,1064,1840
526,897,1423
144,805,949
170,666,836
439,535,974
791,1032,1823
171,285,456
99,719,818
478,568,1046
1151,740,1891
474,873,1347
766,1004,1770
118,986,1104
741,622,1363
584,658,1242
2543,849,3392
260,1007,1267
123,1048,1171
559,532,1091
349,696,1045
649,1397,2046
245,1139,1384
212,498,710
892,453,1345
358,1231,1589
110,864,974
689,624,1313
174,1153,1327
309,453,762
167,840,1007
437,1006,1443
606,723,1329
479,1060,1539
673,825,1498
801,842,1643
335,1319,1654
597,875,1472
443,830,1273
389,678,1067
529,1501,2030
399,801,1200
734,668,1402
708,624,1332
1218,1029,2247
743,640,1383
686,630,1316
603,1001,1604
619,513,1132
890,907,1797
887,763,1650
48,714,762
662,786,1448
582,626,1208
863,476,1339
447,439,886
854,1253,2107
185,861,1046
485,1017,1502
477,674,1151
1168,1061,2229
996,1325,2321
490,690,1180
1662,1422,3084
470,699,1169
1118,950,2068
387,507,894
490,871,1361
388,726,1114
238,1354,1592
1126,1283,2409
755,1033,1788
528,598,1126
279,1695,1974
213,1017,1230
860,708,1568
245,333,578
456,634,1090
439,894,1333
1137,465,1602
277,464,741
215,578,793
565,1468,2033
648,925,1573
584,1924,2508
1104,724,1828
1439,885,2324
688,1237,1925
615,801,1416
1415,440,1855
757,1185,1942
417,486,903
857,906,1763
1076,752,1828
605,870,1475
480,609,1089
352,454,806
690,1287,1977
731,1082,1813
495,505,1000
110,761,871
951,470,1421
318,1027,1345
323,530,853
617,949,1566
506,771,1277
622,783,1405
483,336,819
292,652,944
294,793,1087
387,293,680
847,1144,1991
897,885,1782
588,573,1161
430,716,1146
943,2024,2967
1024,329,1353
1376,454,1830
356,737,1093
577,912,1489
426,296,722
1165,1135,2300
612,953,1565
664,1042,1706
463,324,787
1277,1798,3075
541,543,1084
861,433,1294
198,465,663
935,642,1577
585,551,1136
860,895,1755
689,930,1619
1806,1557,3363
500,752,1252
180,659,839
812,1361,2173
565,1091,1656
297,523,820
798,820,1618
1029,884,1913
240,860,1100
1734,1388,3122
227,810,1037
1036,1231,2267
282,1226,1508
535,377,912
1100,521,1621
300,801,1101
1709,835,2544
562,998,1560
603,485,1088
897,609,1506
748,1230,1978
1534,630,2164
971,599,1570
490,491,981
706,1119,1825
1062,940,2002
652,599,1251
749,520,1269
525,499,1024
741,655,1396
1102,436,1538
166,419,585
1216,685,1901
803,1001,1804
413,669,1082
168,520,688
715,487,1202
1139,683,1822
590,1016,1606
333,537,870
1140,765,1905
329,462,791
732,888,1620
842,660,1502
528,426,954
835,492,1327
762,528,1290
380,544,924
445,505,950
354,613,967
270,784,1054
677,600,1277
417,738,1155
377,469,846
540,591,1131
1000,536,1536
163,460,623
656,407,1063
377,627,1004
419,813,1232
445,2140,2585
508,621,1129
107,930,1037
406,943,1349
394,780,1174
842,323,1165
403,505,908
296,385,681
592,596,1188
634,910,1544
539,980,1519
631,2429,3060
506,767,1273
208,659,867
292,1015,1307
508,833,1341
374,1110,1484
343,1176,1519
390,1242,1632
449,662,1111
473,2468,2941
818,1105,1923
147,2882,3029
108,969,1077
2037,1126,3163
920,1069,1989
775,547,1322
512,1003,1515
112,1065,1177
310,986,1296
904,2689,3593
144,972,1116
2179,863,3042
330,1241,1571
529,700,1229
568,666,1234
507,726,1233
547,1133,1680
950,2810,3760
493,1040,1533
2269,645,2914
574,1317,1891
725,636,1361
588,1415,2003
834,623,1457
603,717,1320
1036,453,1489
683,922,1605
2668,1214,3882
880,837,1717
1016,515,1531
717,1103,1820
558,659,1217
827,890,1717
408,1008,1416
512,501,1013
1059,620,1679
986,1096,2082
2289,768,3057
729,690,1419
398,779,1177
1070,631,1701
903,781,1684
871,1067,1938
568,947,1515
734,335,1069
928,1098,2026
2479,804,3283
1320,695,2015
336,449,785
593,772,1365
1031,1068,2099
695,677,1372
445,745,1190
229,902,1131
379,978,1357
1034,776,1810
401,870,1271
512,702,1214
708,786,1494
556,674,1230
1254,1012,2266
818,2133,2951
539,835,1374
610,689,1299
829,867,1696
1115,496,1611
666,941,1607
942,742,1684
807,1130,1937
798,672,1470
1000,478,1478
674,2766,3440
411,1355,1766
847,679,1526
823,492,1315
916,1321,2237
623,726,1349
1303,410,1713
1050,350,1400
689,1530,2219
689,2612,3301
661,1326,1987
463,377,840
237,682,919
681,255,936
1133,1228,2361
1090,953,2043
420,1398,1818
462,415,877
1283,856,2139
589,455,1044
1844,1521,3365
458,1151,1609
614,548,1162
326,1375,1701
1120,524,1644
438,448,886
619,558,1177
1339,609,1948
575,925,1500
2735,759,3494
977,890,1867
1180,862,2042
337,811,1148
870,603,1473
146,593,739
467,307,774
1017,534,1551
2288,751,3039
1234,786,2020
919,709,1628
539,1124,1663
440,1450,1890
406,479,885
220,424,644
890,628,1518
1058,661,1719
892,901,1793
839,619,1458
431,702,1133
291,544,835
314,1187,1501
1214,688,1902
217,637,854
483,743,1226
1024,872,1896
802,600,1402
477,583,1060
864,559,1423
867,1972,2839
554,1066,1620
1252,809,2061
387,653,1040
733,705,1438
128,541,669
1344,969,2313
631,878,1509
504,644,1148
568,557,1125
722,2064,2786
1096,711,1807
399,746,1145
547,822,1369
1111,802,1913
451,723,1174
488,627,1115
1028,628,1656
665,792,1457
732,557,1289
822,1607,2429
300,771,1071
634,680,1314
297,693,990
478,978,1456
491,912,1403
683,680,1363
579,387,966
518,830,1348
1946,695,2641
578,882,1460
722,446,1168
643,747,1390
426,640,1066
548,1004,1552
672,1008,1680
950,596,1546
577,1059,1636
358,888,1246
1982,776,2758
600,749,1349
616,1192,1808
651,779,1430
252,624,876
809,571,1380
514,1343,1857
569,750,1319
579,1158,1737
1497,742,2239
437,604,1041
576,831,1407
501,559,1060
467,599,1066
260,546,806
802,902,1704
676,555,1231
361,451,812
636,1249,1885
519,722,1241
470,548,1018
647,932,1579
624,527,1151
528,735,1263
435,545,980
1055,823,1878
615,420,1035
205,926,1131
838,993,1831
667,672,1339
1012,562,1574
612,718,1330
497,678,1175
630,720,1350
490,701,1191
619,540,1159
969,679,1648
306,975,1281
349,577,926
530,856,1386
792,610,1402
375,1107,1482
499,597,1096
415,764,1179
1093,732,1825
494,705,1199
382,675,1057
342,723,1065
688,556,1244
632,802,1434
544,611,1155
671,847,1518
441,759,1200
916,708,1624
864,640,1504
145,784,929
448,725,1173
374,620,994
601,656,1257
455,555,1010
850,949,1799
660,466,1126
418,648,1066
701,690,1391
388,686,1074
292,738,1030
439,629,1068
568,593,1161
26,615,641
623,583,1206
595,1057,1652
724,538,1262
1035,597,1632
100,911,1011
606,868,1474
632,826,1458
550,798,1348
829,574,1403
421,639,1060
745,390,1135
736,1096,1832
599,647,1246
214,486,700
459,879,1338
505,853,1358
722,549,1271
272,498,770
540,771,1311
657,886,1543
226,834,1060
262,388,650
501,850,1351
854,763,1617
705,812,1517
306,355,661
430,500,930
809,791,1600
960,782,1742
816,571,1387
613,867,1480
321,643,964
1056,686,1742
287,612,899
394,332,726
869,1025,1894
227,902,1129
283,774,1057
504,1339,1843
617,508,1125
723,541,1264
303,620,923
313,434,747
141,1114,1255
393,874,1267
523,770,1293
220,596,816
206,1320,1526
430,823,1253
716,1264,1980
267,626,893
455,704,1159
645,590,1235
622,1118,1740
398,662,1060
659,509,1168
930,636,1566
627,688,1315
816,1274,2090
617,733,1350
342,496,838
487,658,1145
557,843,1400
263,1678,1941
308,814,1122
602,748,1350
859,616,1475
654,607,1261
461,789,1250
766,841,1607
529,412,941
733,619,1352
135,1315,1450
541,1518,2059
319,990,1309
1227,577,1804
784,426,1210
339,1674,2013
582,632,1214
598,614,1212
465,761,1226
525,1378,1903
395,1003,1398
613,660,1273
540,459,999
587,1501,2088
587,466,1053
605,474,1079
700,941,1641
758,1001,1759
1543,518,2061
556,596,1152
658,494,1152
1148,631,1779
657,698,1355
1249,793,2042
17,564,581
258,603,861
570,912,1482
732,1021,1753
371,506,877
573,967,1540
1113,1503,2616
916,752,1668
435,574,1009
1364,572,1936
1409,735,2144
904,776,1680
785,1085,1870
1365,671,2036
153,665,818
974,1349,2323
523,507,1030
556,314,870
1578,851,2429
568,636,1204
839,963,1802
621,593,1214
292,831,1123
224,660,884
573,852,1425
806,343,1149
417,1430,1847
759,422,1181
414,520,934
136,644,780
171,850,1021
290,872,1162
108,509,617
1389,1135,2524
195,1163,1358
132,477,609
436,822,1258
353,955,1308
925,1170,2095
282,1900,2182
383,1193,1576
234,1193,1427
163,1989,2152
603,726,1329
346,908,1254
229,1095,1324
345,915,1260
408,1818,2226
202,831,1033
324,1083,1407
455,1115,1570
1121,1040,2161
633,738,1371
1093,581,1674
520,1737,2257
308,1965,2273
577,536,1113
579,568,1147
1055,458,1513
451,2096,2547
1190,348,1538
745,561,1306
1412,624,2036
1533,624,2157
478,567,1045
633,760,1393
1127,652,1779
1621,578,2199
977,506,1483
860,623,1483
1588,612,2200
466,508,974
971,584,1555
1702,537,2239
615,1737,2352
1908,325,2233
839,445,1284
485,534,1019
454,2075,2529
529,553,1082
333,634,967
444,691,1135
100,531,631
243,429,672
54,576,630
1168,428,1596
274,515,789
589,738,1327
176,607,783
64,807,871
534,496,1030
677,625,1302
164,758,922
304,509,813
532,1985,2517
365,667,1032
382,438,820
873,2520,3393
142,617,759
473,589,1062
263,553,816
277,673,950
418,671,1089
706,473,1179
342,480,822
375,627,1002
438,856,1294
471,2574,3045
541,433,974
329,853,1182
775,2455,3230
465,780,1245
446,594,1040
412,1034,1446
421,480,901
684,467,1151
625,2702,3327
455,531,986
204,665,869
695,2469,3164
527,768,1295
504,687,1191
509,906,1415
630,313,943
467,681,1148
729,2268,2997
2422,811,3233
622,690,1312
628,470,1098
440,833,1273
1646,1207,2853
315,1181,1496
382,574,956
446,506,952
406,894,1300
2317,788,3105
221,681,902
988,390,1378
2370,451,2821
326,1139,1465
1800,1388,3188
2616,625,3241
885,487,1372
2340,592,2932
677,687,1364
256,1226,1482
171,466,637
425,658,1083
512,1036,1548
380,468,848
751,512,1263
590,691,1281
369,625,994
658,378,1036
624,778,1402
596,729,1325
1847,1457,3304
1770,450,2220
458,263,721
481,1239,1720
547,723,1270
906,554,1460
968,1413,2381
587,182,769
188,612,800
1028,775,1803
682,666,1348
414,432,846
963,519,1482
718,506,1224
758,257,1015
829,197,1026
521,428,949
1153,147,1300
942,299,1241
620,507,1127
442,752,1194
1129,794,1923
845,369,1214
1230,619,1849
497,235,732
1113,245,1358
504,548,1052
695,169,864
932,415,1347
961,404,1365
1445,499,1944
780,427,1207
1779,298,2077
926,400,1326
759,241,1000
832,439,1271
509,154,663
305,416,721
329,217,546
1075,490,1565
923,388,1311
1237,342,1579
439,677,1116
290,243,533
453,361,814
1488,1319,2807
313,618,931
641,473,1114
888,300,1188
1218,288,1506
359,577,936
495,405,900
612,625,1237
431,671,1102
503,479,982
685,699,1384
916,520,1436
222,434,656
155,585,740
183,413,596
118,600,718
237,384,621
66,323,389
405,941,1346
192,444,636
236,559,795
209,569,778
163,617,780
200,438,638
205,570,775
565,834,1399
360,351,711
219,530,749
291,540,831
2258,896,3154
370,461,831
781,1434,2215
313,468,781
212,853,1065
269,456,725
450,476,926
292,678,970
2135,1399,3534
344,624,968
835,1190,2025
407,440,847
1682,297,1979
186,1306,1492
408,614,1022
489,493,982
393,631,1024
1235,1338,2573
511,800,1311
242,594,836
504,627,1131
66,426,492
341,726,1067
383,630,1013
536,489,1025
398,708,1106
488,1214,1702
205,1303,1508
108,385,493
572,865,1437
105,533,638
547,551,1098
338,423,761
704,939,1643
565,749,1314
1165,718,1883
1076,651,1727
190,1330,1520
1018,719,1737
102,706,808
237,1469,1706
364,609,973
249,780,1029
326,719,1045
116,534,650
331,1321,1652
1178,666,1844
150,1042,1192
521,1380,1901
255,1396,1651
303,951,1254
381,893,1274
59,1390,1449
525,453,978
488,823,1311
584,627,1211
378,1091,1469
1228,918,2146
537,665,1202
774,712,1486
1093,872,1965
537,973,1510
330,815,1145
1252,637,1889
534,963,1497
455,815,1270
562,566,1128
513,741,1254
597,722,1319
162,929,1091
1226,263,1489
505,1139,1644
712,409,1121
552,899,1451
438,468,906
544,836,1380
605,997,1602
886,455,1341
457,643,1100
1380,729,2109
469,899,1368
552,990,1542
841,332,1173
285,1168,1453
680,592,1272
834,735,1569
1278,533,1811
655,744,1399
1183,995,2178
779,537,1316
1029,843,1872
704,465,1169
486,1326,1812
485,731,1216
719,742,1461
175,561,736
541,1191,1732
498,943,1441
881,439,1320
201,572,773
691,879,1570
1101,674,1775
425,782,1207
379,400,779
374,894,1268
1134,435,1569
393,300,693
617,846,1463
814,512,1326
704,706,1410
153,855,1008
274,651,925
640,808,1448
520,947,1467
333,668,1001
1094,327,1421
439,334,773
837,690,1527
520,777,1297
642,815,1457
650,769,1419
523,668,1191
570,1570,2140
443,1066,1509
459,676,1135
438,473,911
504,1423,1927
291,969,1260
754,622,1376
1082,1090,2172
516,678,1194
747,708,1455
465,666,1131
556,1015,1571
885,1506,2391
355,818,1173
577,717,1294
447,887,1334
538,777,1315
59,632,691
401,1242,1643
643,1054,1697
601,1141,1742
805,1358,2163
87,804,891
608,830,1438
454,440,894
736,565,1301
674,740,1414
1378,492,1870
794,931,1725
842,904,1746
893,852,1745
630,987,1617
358,717,1075
499,584,1083
507,675,1182
546,1092,1638
620,544,1164
1234,596,1830
99,852,951
958,669,1627
1368,583,1951
572,800,1372
341,1144,1485
700,602,1302
577,742,1319
609,1275,1884
682,792,1474
1156,872,2028
795,532,1327
818,753,1571
1267,750,2017
815,571,1386
847,1222,2069
374,904,1278
798,1148,1946
976,1137,2113
400,1092,1492
464,911,1375
550,1329,1879
656,1072,1728
508,1111,1619
712,895,1607
894,1000,1894
731,1365,2096
544,1066,1610
810,1095,1905
715,1025,1740
916,899,1815
761,853,1614
291,928,1219
554,1184,1738
1044,890,1934
759,1020,1779
875,424,1299
215,1037,1252
228,1069,1297
373,997,1370
653,622,1275
381,971,1352
189,982,1171
1198,788,1986
399,1121,1520
479,810,1289
905,956,1861
852,559,1411
774,762,1536
1061,337,1398
906,556,1462
1170,655,1825
862,754,1616
1099,532,1631
952,458,1410
737,642,1379
968,1433,2401
1082,498,1580
938,394,1332
899,490,1389
997,631,1628
1077,583,1660
87,396,483
1095,623,1718
247,301,548
115,1828,1943
984,351,1335
601,620,1221
976,827,1803
277,1894,2171
713,712,1425
226,253,479
1035,649,1684
503,624,1127
645,995,1640
643,1092,1735
951,472,1423
858,843,1701
784,1428,2212
114,712,826
265,472,737
216,290,506
1725,618,2343
356,607,963
968,1491,2459
580,953,1533
1752,484,2236
488,1652,2140
235,826,1061
75,872,947
204,802,1006
461,497,958
1334,523,1857
456,775,1231
563,603,1166
365,371,736
399,500,899
105,862,967
340,778,1118
392,857,1249
72,866,938
593,631,1224
866,1160,2026
570,635,1205
96,1111,1207
761,662,1423
922,739,1661
172,1275,1447
494,964,1458
735,415,1150
198,819,1017
223,404,627
101,637,738
574,418,992
402,802,1204
1068,609,1677
312,1307,1619
280,898,1178
415,1049,1464
418,692,1110
458,526,984
156,1105,1261
626,1014,1640
650,1230,1880
457,788,1245
432,1030,1462
737,1038,1775
496,905,1401
527,306,833
307,693,1000
997,735,1732
767,1189,1956
716,839,1555
521,788,1309
561,818,1379
906,732,1638
881,725,1606
588,756,1344
363,832,1195
580,506,1086
558,702,1260
1008,1154,2162
377,698,1075
958,809,1767
680,986,1666
1109,708,1817
886,863,1749
1094,616,1710
655,827,1482
534,871,1405
558,550,1108
908,653,1561
581,473,1054
990,584,1574
961,589,1550
837,855,1692
1094,514,1608
615,821,1436
735,510,1245
785,830,1615
651,333,984
621,674,1295
274,837,1111
661,557,1218
596,705,1301
682,708,1390
868,595,1463
693,764,1457
428,722,1150
647,809,1456
283,699,982
602,582,1184
643,576,1219
600,567,1167
215,613,828
469,819,1288
723,368,1091
656,646,1302
259,1578,1837
480,617,1097
755,247,1002
616,256,872
697,654,1351
745,305,1050
721,241,962
604,697,1301
434,243,677
524,518,1042
222,1563,1785
956,791,1747
764,451,1215
400,1026,1426
520,1358,1878
565,1024,1589
733,1432,2165
455,290,745
924,242,1166
427,950,1377
1434,275,1709
539,805,1344
413,1276,1689
573,1039,1612
706,847,1553
663,439,1102
670,995,1665
863,742,1605
686,1099,1785
1116,579,1695
797,328,1125
835,381,1216
825,391,1216
585,1208,1793
1476,435,1911
618,798,1416
1293,688,1981
926,335,1261
108,477,585
66,559,625
63,737,800
697,870,1567
105,691,796
1796,313,2109
814,690,1504
69,770,839
1237,467,1704
769,1007,1776
286,516,802
177,489,666
377,613,990
143,542,685
81,544,625
421,414,835
260,597,857
66,745,811
1263,492,1755
697,753,1450
1172,827,1999
227,490,717
395,612,1007
203,517,720
104,884,988
571,284,855
437,519,956
567,814,1381
223,764,987
807,1196,2003
994,955,1949
592,548,1140
394,736,1130
373,971,1344
677,508,1185
243,709,952
634,710,1344
321,486,807
584,813,1397
343,699,1042
533,1132,1665
674,512,1186
290,845,1135
117,648,765
683,353,1036
1038,863,1901
360,821,1181
853,800,1653
616,465,1081
647,1215,1862
358,933,1291
282,468,750
476,433,909
978,928,1906
430,839,1269
344,596,940
253,917,1170
184,1339,1523
887,656,1543
585,470,1055
503,976,1479
1157,426,1583
633,471,1104
234,920,1154
259,611,870
433,1087,1520
464,1731,2195
703,488,1191
457,834,1291
1040,1275,2315
789,321,1110
738,437,1175
500,465,965
533,1571,2104
265,515,780
774,578,1352
1067,1293,2360
518,1466,1984
389,591,980
554,1290,1844
778,1095,1873
798,1155,1953
912,1181,2093
1040,175,1215
732,819,1551
1186,1174,2360
504,457,961
399,456,855
770,496,1266
654,990,1644
94,845,939
550,1169,1719
452,506,958
703,1129,1832
291,1042,1333
192,515,707
306,727,1033
796,953,1749
530,540,1070
1220,638,1858
1588,711,2299
398,1021,1419
393,248,641
1174,932,2106
242,876,1118
388,1239,1627
358,912,1270
803,605,1408
314,735,1049
644,791,1435
473,395,868
1002,814,1816
355,986,1341
713,886,1599
533,900,1433
608,772,1380
323,1243,1566
942,616,1558
348,479,827
1059,530,1589
599,804,1403
237,1257,1494
914,794,1708
786,467,1253
805,760,1565
452,1011,1463
613,563,1176
601,755,1356
786,785,1571
1080,751,1831
925,714,1639
624,547,1171
698,862,1560
57,569,626
642,732,1374
435,577,1012
110,908,1018
674,746,1420
413,433,846
537,880,1417
1166,714,1880
848,588,1436
355,655,1010
287,767,1054
931,721,1652
1180,464,1644
630,419,1049
348,882,1230
478,713,1191
588,470,1058
552,896,1448
489,689,1178
700,830,1530
892,531,1423
601,608,1209
417,854,1271
513,553,1066
653,653,1306
580,646,1226
793,613,1406
602,718,1320
844,2055,2899
939,358,1297
220,649,869
326,1451,1777
590,497,1087
654,772,1426
394,633,1027
650,785,1435
351,734,1085
1052,2397,3449
392,938,1330
237,872,1109
585,1411,1996
173,491,664
499,773,1272
653,1485,2138
594,714,1308
604,662,1266
328,2603,2931
313,1098,1411
488,890,1378
2018,1135,3153
540,983,1523
1379,689,2068
456,787,1243
592,831,1423
288,979,1267
358,1303,1661
189,736,925
170,862,1032
799,1125,1924
854,718,1572
651,1354,2005
1044,517,1561
452,1216,1668
450,1145,1595
920,461,1381
1372,3765,5137
691,1116,1807
736,1038,1774
428,1212,1640
712,294,1006
1050,3858,4908
1154,438,1592
394,316,710
548,1286,1834
788,862,1650
1079,3834,4913
1093,505,1598
63,363,426
679,1118,1797
884,497,1381
243,3768,4011
990,472,1462
79,435,514
1117,661,1778
945,512,1457
3709,447,4156
206,434,640
1252,457,1709
3795,458,4253
135,491,626
382,331,713
3567,411,3978
707,483,1190
278,566,844
47,390,437
353,586,939
380,525,905
143,326,469
159,459,618
364,971,1335
161,353,514
195,423,618
435,501,936
296,357,653
569,2292,2861
197,446,643
244,446,690
387,338,725
280,536,816
854,2095,2949
272,478,750
267,460,727
361,354,715
917,1857,2774
160,498,658
258,422,680
2111,444,2555
446,459,905
351,486,837
162,424,586
302,502,804
1718,423,2141
383,709,1092
388,405,793
262,531,793
498,437,935
1447,372,1819
488,576,1064
363,414,777
432,417,849
450,447,897
25,424,449
314,625,939
179,340,519
40,483,523
134,443,577
1997,3372,5369
178,609,787
90,524,614
190,547,737
181,628,809
2199,3407,5606
256,596,852
274,595,869
450,458,908
347,600,947
751,429,1180
448,459,907
1180,3716,4896
370,628,998
924,3206,4130
346,4057,4403
1440,3584,5024
639,3819,4458
448,790,1238
115,597,712
103,527,630
20,646,666
348,3895,4243
628,3387,4015
280,399,679
2656,665,3321
574,3655,4229
311,884,1195
26,1002,1028
634,3748,4382
109,897,1006
245,709,954
410,4346,4756
3285,847,4132
540,3739,4279
431,1068,1499
737,447,1184
57,1008,1065
937,3744,4681
271,1002,1273
548,803,1351
219,760,979
552,4359,4911
2979,1010,3989
3152,866,4018
208,1393,1601
73,646,719
351,898,1249
3665,934,4599
399,541,940
964,445,1409
292,1297,1589
610,4157,4767
253,1045,1298
726,917,1643
576,1231,1807
380,1113,1493
548,1100,1648
3361,1026,4387
833,1448,2281
230,1380,1610
826,1053,1879
4100,1120,5220
624,1153,1777
1017,1111,2128
3999,1093,5092
621,1326,1947
466,500,966
670,974,1644
967,946,1913
4165,731,4896
192,1718,1910
964,1120,2084
940,772,1712
1029,619,1648
550,927,1477
946,1190,2136
1105,622,1727
1000,783,1783
737,944,1681
1252,385,1637
1156,792,1948
862,987,1849
400,673,1073
558,1396,1954
1229,1089,2318
1381,631,2012
179,898,1077
532,556,1088
1749,494,2243
486,815,1301
1006,953,1959
1148,979,2127
1320,686,2006
779,525,1304
603,893,1496
197,1065,1262
54,571,625
1118,733,1851
116,506,622
669,761,1430
441,1024,1465
762,1378,2140
529,1005,1534
323,481,804
420,1170,1590
519,2360,2879
744,910,1654
635,1016,1651
273,488,761
214,631,845
687,1169,1856
876,1128,2004
327,459,786
526,413,939
855,788,1643
1130,1786,2916
104,741,845
417,584,1001
334,782,1116
408,630,1038
374,877,1251
507,411,918
778,707,1485
1376,1619,2995
661,468,1129
594,420,1014
439,934,1373
493,459,952
361,388,749
426,402,828
882,602,1484
171,367,538
297,290,587
1182,390,1572
225,414,639
345,348,693
1005,391,1396
725,956,1681
853,1024,1877
1710,1006,2716
1499,332,1831
795,1181,1976
433,426,859
1577,423,2000
1896,643,2539
313,961,1274
867,1434,2301
1622,911,2533
215,604,819
572,439,1011
1485,623,2108
970,560,1530
228,837,1065
827,773,1600
379,920,1299
1414,367,1781
331,573,904
557,744,1301
627,444,1071
1442,738,2180
368,540,908
259,2900,3159
158,548,706
869,926,1795
573,736,1309
849,2787,3636
718,1503,2221
428,661,1089
1161,2516,3677
603,346,949
1444,632,2076
442,573,1015
778,702,1480
643,608,1251
361,866,1227
1247,986,2233
594,672,1266
552,945,1497
1237,1914,3151
269,535,804
1011,1566,2577
1478,1202,2680
313,593,906
169,871,1040
332,1091,1423
345,741,1086
1193,1026,2219
715,790,1505
2670,435,3105
355,661,1016
403,1014,1417
1616,1443,3059
168,917,1085
157,1015,1172
699,744,1443
547,605,1152
370,779,1149
375,1122,1497
2404,650,3054
535,613,1148
534,586,1120
860,701,1561
1196,1634,2830
679,553,1232
373,693,1066
787,888,1675
1634,926,2560
456,1269,1725
961,1476,2437
387,898,1285
945,593,1538
370,2165,2535
561,685,1246
545,448,993
1246,1282,2528
807,407,1214
735,530,1265
531,1133,1664
1246,1025,2271
991,571,1562
132,1169,1301
730,1171,1901
800,506,1306
1918,352,2270
230,555,785
677,1094,1771
893,964,1857
552,1315,1867
304,678,982
631,1046,1677
673,694,1367
1097,569,1666
556,494,1050
213,1003,1216
244,752,996
1172,371,1543
872,1528,2400
368,724,1092
447,1824,2271
757,1468,2225
499,678,1177
1112,1264,2376
1057,665,1722
370,820,1190
1358,1330,2688
832,500,1332
220,704,924
830,1790,2620
1205,836,2041
780,435,1215
220,712,932
218,965,1183
851,629,1480
324,765,1089
412,776,1188
227,664,891
596,790,1386
1110,595,1705
1020,592,1612
1087,1872,2959
256,920,1176
843,572,1415
335,900,1235
1731,1050,2781
796,393,1189
915,1147,2062
370,1346,1716
1356,699,2055
1067,1052,2119
561,609,1170
1288,836,2124
971,441,1412
926,635,1561
1210,756,1966
1278,617,1895
1619,488,2107
583,352,935
715,517,1232
200,315,515
221,608,829
267,640,907
428,671,1099
930,990,1920
533,401,934
402,1299,1701
711,268,979
352,687,1039
267,736,1003
349,781,1130
652,550,1202
640,569,1209
575,1685,2260
533,686,1219
930,1366,2296
1101,209,1310
288,541,829
176,686,862
236,1284,1520
308,547,855
1263,361,1624
598,348,946
458,1307,1765
77,737,814
1312,337,1649
407,1322,1729
535,1144,1679
799,2166,2965
498,1422,1920
241,1106,1347
191,1281,1472
896,531,1427
288,617,905
537,1450,1987
245,931,1176
1385,1770,3155
873,1210,2083
277,1237,1514
394,1264,1658
513,1770,2283
671,1049,1720
571,882,1453
353,1171,1524
1050,660,1710
521,1119,1640
1256,1075,2331
644,276,920
1190,559,1749
289,731,1020
630,916,1546
1275,469,1744
342,1205,1547
729,912,1641
599,740,1339
182,1212,1394
793,669,1462
895,664,1559
117,1056,1173
509,959,1468
71,588,659
1482,430,1912
595,668,1263
62,1257,1319
1032,616,1648
277,995,1272
99,1256,1355
1045,436,1481
734,611,1345
124,944,1068
422,872,1294
756,646,1402
141,1075,1216
1614,770,2384
1224,454,1678
658,760,1418
356,387,743
99,580,679
1014,1498,2512
516,809,1325
439,826,1265
136,782,918
535,562,1097
696,727,1423
23,795,818
1117,844,1961
968,863,1831
1135,290,1425
833,1586,2419
1203,934,2137
1095,937,2032
357,590,947
484,595,1079
107,1348,1455
250,683,933
600,575,1175
774,562,1336
415,952,1367
653,647,1300
291,416,707
59,993,1052
92,1037,1129
680,582,1262
1362,585,1947
405,1743,2148
374,1250,1624
292,719,1011
870,1697,2567
47,675,722
175,1309,1484
297,597,894
812,623,1435
44,717,761
34,991,1025
721,672,1393
459,1212,1671
319,725,1044
945,837,1782
1132,809,1941
696,1022,1718
631,513,1144
224,1095,1319
359,929,1288
47,682,729
107,937,1044
866,1077,1943
1116,907,2023
897,1080,1977
104,1201,1305
1566,719,2285
908,895,1803
374,1122,1496
524,952,1476
1001,687,1688
353,757,1110
638,1007,1645
650,1143,1793
31,699,730
591,533,1124
229,1044,1273
330,759,1089
420,1084,1504
513,391,904
1026,902,1928
349,1335,1684
301,856,1157
596,424,1020
336,892,1228
208,1071,1279
470,386,856
680,1421,2101
1517,277,1794
621,891,1512
380,1221,1601
527,843,1370
525,768,1293
698,795,1493
596,1053,1649
602,1017,1619
830,1295,2125
136,901,1037
730,658,1388
656,1113,1769
1126,1391,2517
474,1070,1544
1213,499,1712
456,1479,1935
919,1029,1948
984,702,1686
165,1057,1222
739,498,1237
462,887,1349
487,1039,1526
144,396,540
823,790,1613
1146,405,1551
688,1298,1986
1074,611,1685
729,887,1616
68,1171,1239
1339,574,1913
700,1050,1750
579,1169,1748
726,885,1611
221,888,1109
818,608,1426
676,1321,1997
915,764,1679
711,930,1641
313,875,1188
866,922,1788
646,936,1582
933,1367,2300
326,798,1124
303,1168,1471
879,593,1472
525,685,1210
1076,669,1745
764,1197,1961
914,1263,2177
713,735,1448
415,386,801
646,798,1444
794,988,1782
570,1100,1670
191,679,870
412,391,803
794,678,1472
1071,997,2068
846,880,1726
883,397,1280
788,566,1354
1364,949,2313
1114,473,1587
405,1429,1834
520,307,827
484,504,988
1180,677,1857
830,1261,2091
182,1381,1563
229,656,885
879,1141,2020
1040,299,1339
679,1090,1769
74,388,462
915,342,1257
405,757,1162
988,1310,2298
678,313,991
621,624,1245
1168,1263,2431
1047,1400,2447
172,329,501
488,612,1100
110,740,850
343,693,1036
814,734,1548
583,603,1186
1166,1638,2804
1083,1054,2137
398,905,1303
1015,767,1782
152,331,483
691,916,1607
1277,1401,2678
1147,843,1990
464,1020,1484
1005,924,1929
480,1440,1920
613,733,1346
645,879,1524
177,543,720
1084,1022,2106
123,604,727
520,550,1070
586,919,1505
1527,650,2177
154,1384,1538
356,675,1031
220,669,889
827,753,1580
201,807,1008
602,1456,2058
412,812,1224
571,621,1192
253,762,1015
1183,1243,2426
770,528,1298
1484,598,2082
741,1250,1991
620,709,1329
742,663,1405
293,744,1037
1199,1503,2702
1023,498,1521
840,585,1425
456,1308,1764
502,685,1187
468,796,1264
662,562,1224
1282,567,1849
674,545,1219
650,822,1472
1441,1159,2600
1061,942,2003
986,565,1551
1311,1614,2925
820,746,1566
804,807,1611
409,1819,2228
532,836,1368
668,750,1418
1062,1018,2080
1196,953,2149
743,724,1467
1344,856,2200
642,857,1499
433,1443,1876
750,1698,2448
667,639,1306
336,937,1273
1161,1189,2350
1244,958,2202
743,880,1623
803,1603,2406
1081,953,2034
706,966,1672
771,3103,3874
582,968,1550
719,906,1625
158,941,1099
470,3356,3826
356,935,1291
386,853,1239
418,714,1132
1178,2694,3872
465,856,1321
605,986,1591
596,709,1305
698,720,1418
1410,1080,2490
604,651,1255
2863,555,3418
1714,759,2473
277,968,1245
865,587,1452
3173,396,3569
822,508,1330
793,521,1314
1535,1686,3221
437,1618,2055
2635,397,3032
583,711,1294
336,558,894
401,454,855
526,350,876
1630,1085,2715
434,549,983
457,1216,1673
288,594,882
878,847,1725
475,475,950
486,614,1100
128,300,428
956,1022,1978
439,397,836
712,1186,1898
166,521,687
343,827,1170
338,585,923
306,627,933
155,447,602
302,605,907
586,1280,1866
862,1142,2004
450,362,812
763,1773,2536
381,1100,1481
742,2377,3119
249,665,914
354,628,982
188,1107,1295
987,720,1707
634,641,1275
531,474,1005
630,566,1196
1209,694,1903
613,710,1323
633,533,1166
1063,616,1679
652,739,1391
179,555,734
826,697,1523
206,415,621
271,852,1123
1439,1079,2518
997,888,1885
287,481,768
510,962,1472
187,600,787
554,414,968
306,467,773
239,625,864
61,2629,2690
876,1455,2331
428,550,978
251,830,1081
1572,952,2524
479,562,1041
592,434,1026
1053,1232,2285
386,687,1073
177,3097,3274
348,605,953
282,762,1044
953,954,1907
252,411,663
537,508,1045
423,684,1107
912,641,1553
475,757,1232
287,533,820
428,594,1022
596,965,1561
1173,1325,2498
366,359,725
556,939,1495
441,3079,3520
560,2195,2755
511,470,981
588,467,1055
639,1391,2030
1350,2851,4201
285,463,748
923,1116,2039
1738,2344,4082
407,801,1208
357,308,665
1282,800,2082
237,1131,1368
132,761,893
120,349,469
270,1130,1400
247,702,949
398,1490,1888
215,301,516
455,980,1435
842,162,1004
211,1339,1550
272,305,577
808,518,1326
759,143,902
837,914,1751
765,701,1466
694,892,1586
820,3710,4530
831,1272,2103
617,1523,2140
1427,228,1655
2517,1415,3932
486,1116,1602
382,1407,1789
1305,248,1553
2737,1242,3979
1811,2265,4076
331,1075,1406
803,2595,3398
638,1067,1705
3531,292,3823
1006,1025,2031
1497,233,1730
402,2376,2778
1084,466,1550
1178,273,1451
1268,407,1675
1232,847,2079
797,628,1425
729,2382,3111
1250,457,1707
2755,1238,3993
866,934,1800
2054,1083,3137
1292,482,1774
95,424,519
1158,360,1518
2420,536,2956
1099,573,1672
323,497,820
162,411,573
1068,523,1591
594,284,878
2134,389,2523
2115,1263,3378
140,281,421
1000,853,1853
661,423,1084
1181,562,1743
257,616,873
267,742,1009
988,712,1700
40,401,441
605,553,1158
30,284,314
18,441,459
229,928,1157
2458,971,3429
274,757,1031
1285,809,2094
56,559,615
202,1242,1444
56,1013,1069
36,474,510
124,775,899
63,681,744
515,793,1308
30,1107,1137
109,710,819
366,1156,1522
122,416,538
891,843,1734
567,808,1375
2533,193,2726
291,1402,1693
166,622,788
153,909,1062
118,1701,1819
317,580,897
91,1062,1153
195,822,1017
605,537,1142
695,938,1633
415,1481,1896
330,854,1184
351,874,1225
516,1472,1988
595,526,1121
602,1594,2196
292,921,1213
663,676,1339
42,1479,1521
911,831,1742
368,1081,1449
557,698,1255
305,1451,1756
209,1100,1309
469,693,1162
23,1159,1182
527,1266,1793
598,891,1489
461,543,1004
916,1336,2252
657,696,1353
1019,832,1851
598,319,917
401,994,1395
1203,355,1558
1153,573,1726
411,1012,1423
1592,1004,2596
645,1012,1657
932,780,1712
672,694,1366
283,376,659
314,846,1160
267,1589,1856
933,900,1833
570,856,1426
792,1005,1797
759,1166,1925
946,705,1651
1212,352,1564
514,473,987
693,774,1467
1382,709,2091
976,455,1431
254,572,826
502,1189,1691
630,1089,1719
555,800,1355
437,734,1171
1014,1011,2025
1008,683,1691
237,812,1049
888,922,1810
368,530,898
1391,462,1853
783,777,1560
173,637,810
440,706,1146
294,833,1127
739,1645,2384
701,576,1277
829,846,1675
992,616,1608
288,1047,1335
849,599,1448
323,572,895
724,734,1458
642,652,1294
700,441,1141
764,888,1652
568,873,1441
1057,795,1852
98,416,514
627,1030,1657
403,825,1228
1037,1582,2619
636,1151,1787
622,624,1246
744,461,1205
154,1056,1210
629,1229,1858
656,858,1514
314,724,1038
726,514,1240
221,696,917
408,726,1134
118,2770,2888
479,670,1149
468,687,1155
968,1164,2132
152,3078,3230
518,1732,2250
369,1156,1525
299,572,871
521,977,1498
543,548,1091
710,511,1221
669,1260,1929
428,1022,1450
202,1265,1467
1070,915,1985
1355,1328,2683
729,487,1216
359,2889,3248
613,476,1089
956,1309,2265
2676,916,3592
668,837,1505
598,702,1300
943,711,1654
275,567,842
2958,636,3594
1511,1240,2751
464,695,1159
272,1268,1540
1264,1070,2334
702,791,1493
532,860,1392
381,1155,1536
299,1340,1639
1425,1003,2428
373,672,1045
526,417,943
2572,601,3173
322,949,1271
394,613,1007
602,863,1465
657,1052,1709
1117,687,1804
520,1109,1629
886,168,1054
516,1325,1841
987,509,1496
810,668,1478
1033,873,1906
542,1205,1747
1182,896,2078
957,727,1684
1081,785,1866
948,700,1648
612,846,1458
457,836,1293
1145,975,2120
635,867,1502
69,186,255
1097,856,1953
1341,717,2058
694,950,1644
1119,1026,2145
1044,450,1494
1123,433,1556
504,533,1037
347,1193,1540
684,934,1618
310,1543,1853
415,754,1169
20,914,934
699,1055,1754
872,1238,2110
127,578,705
27,1225,1252
27,863,890
529,1779,2308
214,828,1042
726,533,1259
746,1503,2249
592,651,1243
244,856,1100
446,808,1254
436,740,1176
931,1253,2184
817,1184,2001
717,777,1494
665,1626,2291
828,490,1318
1302,1079,2381
772,923,1695
552,1127,1679
1131,199,1330
340,988,1328
550,1145,1695
664,550,1214
1017,1424,2441
702,594,1296
834,619,1453
1081,794,1875
1066,1158,2224
1222,868,2090
1408,796,2204
342,1293,1635
816,880,1696
1291,583,1874
1261,886,2147
783,1061,1844
1224,672,1896
979,512,1491
764,1214,1978
988,925,1913
945,418,1363
709,762,1471
469,249,718
1149,681,1830
427,526,953
978,661,1639
476,480,956
674,963,1637
440,502,942
1153,556,1709
883,1082,1965
932,1161,2093
970,1011,1981
152,1084,1236
256,872,1128
471,496,967
166,780,946
752,1396,2148
423,541,964
170,702,872
627,1866,2493
154,916,1070
787,1369,2156
311,928,1239
271,1071,1342
1043,1365,2408
928,521,1449
634,600,1234
805,913,1718
358,557,915
366,530,896
1341,397,1738
263,1105,1368
1103,1650,2753
507,830,1337
937,512,1449
155,1434,1589
1133,1867,3000
254,1372,1626
130,756,886
142,746,888
1169,373,1542
752,1270,2022
170,950,1120
678,1024,1702
529,1122,1651
844,725,1569
364,1647,2011
490,1363,1853
416,705,1121
724,501,1225
1083,912,1995
468,906,1374
212,691,903
1003,883,1886
453,1041,1494
669,669,1338
260,684,944
1306,670,1976
413,780,1193
557,499,1056
1224,889,2113
883,634,1517
307,721,1028
240,1194,1434
555,1809,2364
709,479,1188
440,473,913
595,863,1458
1111,644,1755
605,295,900
1069,1098,2167
817,745,1562
563,381,944
1634,1091,2725
751,1748,2499
790,628,1418
615,444,1059
1566,1092,2658
359,1058,1417
698,896,1594
721,1077,1798
812,356,1168
571,180,751
948,1868,2816
867,1595,2462
420,498,918
976,866,1842
569,734,1303
609,1235,1844
1189,1022,2211
588,794,1382
846,784,1630
102,302,404
707,1673,2380
564,746,1310
1046,1546,2592
538,1633,2171
438,1249,1687
928,1257,2185
967,1293,2260
488,1134,1622
102,800,902
908,833,1741
1312,734,2046
654,1848,2502
530,940,1470
1550,1028,2578
1229,575,1804
815,1557,2372
385,842,1227
1523,1482,3005
324,1426,1750
1503,341,1844
429,930,1359
130,1035,1165
1057,334,1391
485,1421,1906
659,792,1451
892,412,1304
1685,989,2674
732,2172,2904
989,385,1374
596,1456,2052
348,1014,1362
498,387,885
357,1186,1543
694,1084,1778
968,484,1452
1011,301,1312
635,1297,1932
1013,234,1247
1406,1171,2577
769,573,1342
551,1086,1637
1079,448,1527
104,279,383
1333,678,2011
45,460,505
1282,943,2225
848,938,1786
1252,973,2225
80,558,638
97,411,508
1011,786,1797
84,576,660
1314,1034,2348
730,955,1685
973,1064,2037
106,679,785
90,535,625
1169,512,1681
939,1032,1971
992,724,1716
1862,1436,3298
538,1018,1556
949,1415,2364
67,700,767
301,595,896
151,593,744
992,922,1914
664,433,1097
1631,2462,4093
293,907,1200
755,771,1526
2069,2086,4155
746,522,1268
831,1651,2482
449,863,1312
576,854,1430
70,532,602
711,708,1419
571,532,1103
1058,511,1569
277,976,1253
1175,1612,2787
836,3017,3853
167,649,816
1025,744,1769
194,340,534
747,1052,1799
1089,770,1859
164,777,941
980,1478,2458
2243,687,2930
772,3347,4119
329,453,782
85,779,864
184,456,640
1009,902,1911
105,867,972
420,397,817
430,1669,2099
1659,459,2118
1354,884,2238
279,513,792
529,1130,1659
225,890,1115
58,937,995
861,1483,2344
617,884,1501
577,819,1396
460,3097,3557
351,727,1078
465,891,1356
366,1333,1699
2945,1356,4301
915,602,1517
670,837,1507
814,646,1460
187,561,748
844,816,1660
706,852,1558
728,1081,1809
2986,1077,4063
891,917,1808
887,460,1347
3349,915,4264
105,564,669
548,541,1089
350,602,952
442,378,820
1238,731,1969
423,720,1143
1206,894,2100
104,971,1075
925,279,1204
701,785,1486
523,549,1072
391,614,1005
540,561,1101
665,1172,1837
544,656,1200
348,583,931
735,391,1126
955,1843,2798
120,1379,1499
444,782,1226
836,496,1332
525,941,1466
2935,464,3399
323,879,1202
442,971,1413
492,396,888
756,1816,2572
90,1580,1670
638,1013,1651
262,702,964
86,1764,1850
55,1279,1334
353,753,1106
456,1148,1604
172,462,634
425,976,1401
670,977,1647
318,1201,1519
187,747,934
158,1406,1564
1191,718,1909
269,1771,2040
224,1803,2027
39,1209,1248
334,836,1170
748,692,1440
323,1348,1671
56,834,890
255,736,991
841,940,1781
1456,734,2190
790,1434,2224
1062,775,1837
209,1064,1273
1068,1463,2531
809,730,1539
635,940,1575
108,1633,1741
352,848,1200
1650,843,2493
1572,922,2494
602,659,1261
617,1022,1639
496,1059,1555
1605,1405,3010
1037,1028,2065
634,1188,1822
1599,1167,2766
712,701,1413
1130,324,1454
801,983,1784
381,721,1102
542,771,1313
156,1143,1299
623,661,1284
424,788,1212
293,961,1254
975,1063,2038
1007,793,1800
220,1730,1950
642,688,1330
402,909,1311
1327,807,2134
889,498,1387
1157,1289,2446
172,1269,1441
781,775,1556
844,478,1322
1330,1088,2418
738,1814,2552
274,823,1097
893,582,1475
549,856,1405
676,653,1329
727,680,1407
725,965,1690
1063,730,1793
459,832,1291
590,1117,1707
643,956,1599
989,605,1594
923,1143,2066
366,1098,1464
350,677,1027
777,692,1469
980,923,1903
647,675,1322
518,782,1300
1061,627,1688
624,632,1256
703,1065,1768
1057,2053,3110
339,1138,1477
605,879,1484
916,949,1865
181,544,725
1398,1303,2701
352,516,868
789,1008,1797
713,803,1516
659,1088,1747
833,2349,3182
398,818,1216
888,960,1848
752,2052,2804
228,816,1044
1582,1962,3544
381,793,1174
542,999,1541
514,803,1317
586,811,1397
769,1462,2231
156,764,920
321,793,1114
344,816,1160
239,1321,1560
572,1052,1624
664,1512,2176
1699,798,2497
1420,753,2173
1474,1585,3059
370,1177,1547
104,938,1042
671,561,1232
1277,1614,2891
822,866,1688
896,892,1788
1779,869,2648
903,1002,1905
618,539,1157
431,1366,1797
422,669,1091
464,1320,1784
595,895,1490
1454,675,2129
2045,859,2904
934,1243,2177
640,835,1475
618,802,1420
660,702,1362
780,684,1464
389,767,1156
431,1310,1741
1356,787,2143
1912,1084,2996
1309,616,1925
763,1183,1946
978,353,1331
725,659,1384
600,1492,2092
546,975,1521
742,1457,2199
1062,1153,2215
718,922,1640
625,1414,2039
1469,764,2233
685,841,1526
738,346,1084
948,566,1514
674,1243,1917
528,975,1503
695,748,1443
1252,996,2248
979,836,1815
752,1212,1964
596,761,1357
905,1058,1963
744,1423,2167
309,493,802
238,1357,1595
809,807,1616
1344,492,1836
938,998,1936
594,613,1207
589,1307,1896
407,1246,1653
200,919,1119
1259,1040,2299
1003,1178,2181
705,1343,2048
604,1022,1626
517,347,864
298,896,1194
723,1815,2538
230,1021,1251
147,925,1072
959,1062,2021
1186,674,1860
683,1358,2041
335,1023,1358
623,588,1211
1196,1266,2462
590,840,1430
367,918,1285
926,514,1440
1299,853,2152
546,619,1165
785,709,1494
630,846,1476
630,1141,1771
714,499,1213
162,1064,1226
1069,1250,2319
494,1311,1805
766,494,1260
1174,1065,2239
395,858,1253
984,483,1467
1068,1388,2456
659,492,1151
820,1012,1832
442,840,1282
365,856,1221
213,925,1138
564,1030,1594
869,1114,1983
839,698,1537
232,1351,1583
1511,1086,2597
755,1083,1838
551,805,1356
584,1041,1625
1118,999,2117
431,661,1092
512,669,1181
1065,1063,2128
711,249,960
560,476,1036
965,1233,2198
729,1298,2027
768,726,1494
993,826,1819
1147,879,2026
74,851,925
766,780,1546
750,906,1656
253,841,1094
797,1124,1921
711,1688,2399
1232,531,1763
863,869,1732
878,894,1772
904,1131,2035
782,700,1482
693,413,1106
1094,739,1833
352,987,1339
736,1141,1877
728,527,1255
721,742,1463
43,1220,1263
596,1102,1698
803,674,1477
427,1010,1437
1171,1254,2425
906,889,1795
773,532,1305
862,588,1450
448,717,1165
574,853,1427
901,674,1575
951,1116,2067
177,804,981
239,778,1017
535,546,1081
503,743,1246
1142,1600,2742
848,806,1654
744,541,1285
1603,1113,2716
1106,659,1765
428,675,1103
434,887,1321
964,993,1957
616,709,1325
506,904,1410
431,564,995
621,480,1101
886,1895,2781
394,1134,1528
666,564,1230
681,700,1381
379,756,1135
1073,562,1635
370,413,783
900,1759,2659
638,981,1619
480,799,1279
475,417,892
278,579,857
1033,536,1569
685,561,1246
318,1523,1841
306,429,735
412,602,1014
341,648,989
902,581,1483
665,945,1610
250,382,632
470,722,1192
568,2576,3144
1005,722,1727
814,2482,3296
465,586,1051
39,2285,2324
964,1125,2089
238,2343,2581
797,884,1681
99,2565,2664
1590,997,2587
517,945,1462
1162,530,1692
688,2507,3195
1179,551,1730
585,620,1205
511,2178,2689
1425,965,2390
512,938,1450
470,1186,1656
132,486,618
1167,761,1928
129,592,721
1172,1461,2633
1411,500,1911
968,1983,2951
1488,2387,3875
2310,811,3121
410,1144,1554
217,642,859
356,527,883
149,693,842
140,806,946
706,783,1489
423,571,994
396,666,1062
2213,766,2979
174,898,1072
2490,626,3116
82,2650,2732
628,430,1058
1491,675,2166
410,665,1075
120,544,664
357,572,929
308,834,1142
1805,809,2614
881,2039,2920
342,424,766
399,398,797
733,357,1090
254,464,718
416,697,1113
1155,391,1546
1908,204,2112
395,815,1210
820,222,1042
726,1030,1756
90,394,484
488,788,1276
2289,858,3147
1203,371,1574
81,509,590
595,1349,1944
24,371,395
67,477,544
407,799,1206
89,606,695
2567,1210,3777
742,519,1261
74,430,504
455,1055,1510
557,1141,1698
70,396,466
788,895,1683
248,832,1080
83,835,918
174,919,1093
111,864,975
1105,787,1892
906,927,1833
163,911,1074
133,483,616
221,914,1135
328,934,1262
515,1037,1552
602,559,1161
637,437,1074
428,713,1141
618,719,1337
1066,2032,3098
587,570,1157
768,304,1072
23,883,906
260,824,1084
1082,260,1342
142,491,633
305,469,774
98,239,337
327,1206,1533
432,723,1155
1190,217,1407
1952,1070,3022
221,1199,1420
81,477,558
404,389,793
630,1083,1713
926,2024,2950
89,237,326
303,611,914
660,1103,1763
285,1025,1310
376,1814,2190
96,506,602
528,995,1523
917,2175,3092
137,762,899
777,1012,1789
1264,433,1697
358,583,941
648,937,1585
58,1084,1142
872,1608,2480
116,583,699
1006,1819,2825
1283,1252,2535
1418,827,2245
153,1122,1275
206,1527,1733
1294,1494,2788
441,557,998
540,1536,2076
156,1130,1286
597,566,1163
1957,777,2734
567,623,1190
901,597,1498
778,1502,2280
1050,582,1632
362,1513,1875
389,1287,1676
1181,1135,2316
511,804,1315
622,881,1503
762,975,1737
1200,403,1603
1298,348,1646
556,574,1130
175,2330,2505
707,557,1264
836,439,1275
513,455,968
463,821,1284
722,1960,2682
962,524,1486
461,325,786
492,1308,1800
305,1067,1372
370,528,898
792,1213,2005
55,1805,1860
1106,492,1598
1107,859,1966
327,441,768
1638,369,2007
861,822,1683
482,948,1430
784,421,1205
1372,314,1686
203,834,1037
1780,261,2041
700,536,1236
1002,629,1631
912,1123,2035
233,1746,1979
1151,548,1699
549,686,1235
1214,659,1873
1228,221,1449
315,2193,2508
1248,683,1931
1337,468,1805
1782,1006,2788
302,1293,1595
199,574,773
863,633,1496
911,657,1568
819,870,1689
340,292,632
711,883,1594
989,877,1866
883,583,1466
1544,995,2539
602,1447,2049
227,851,1078
119,758,877
73,799,872
143,617,760
326,451,777
1066,1025,2091
190,570,760
175,942,1117
2322,479,2801
188,859,1047
63,931,994
71,970,1041
185,1018,1203
943,1392,2335
58,693,751
120,1185,1305
180,931,1111
185,1067,1252
65,1105,1170
60,652,712
305,1088,1393
272,911,1183
357,943,1300
1267,1170,2437
37,857,894
509,965,1474
260,945,1205
649,505,1154
519,686,1205
114,876,990
540,705,1245
668,955,1623
806,708,1514
204,920,1124
747,754,1501
1034,531,1565
484,1090,1574
639,743,1382
407,899,1306
841,991,1832
723,500,1223
720,665,1385
818,1057,1875
390,910,1300
959,943,1902
1017,1248,2265
762,532,1294
811,861,1672
702,847,1549
202,406,608
463,1261,1724
623,758,1381
652,436,1088
745,886,1631
942,1005,1947
302,712,1014
841,935,1776
424,822,1246
834,755,1589
1167,470,1637
770,707,1477
781,642,1423
389,1350,1739
541,868,1409
852,1259,2111
689,1474,2163
611,944,1555
483,747,1230
436,1116,1552
1006,254,1260
1022,562,1584
223,1103,1326
578,489,1067
1251,411,1662
404,2028,2432
436,803,1239
599,1122,1721
859,719,1578
1059,563,1622
1163,350,1513
617,1904,2521
881,899,1780
1060,566,1626
789,483,1272
834,2246,3080
1040,548,1588
970,617,1587
426,1315,1741
538,2287,2825
125,608,733
1205,1561,2766
861,943,1804
827,1253,2080
688,898,1586
162,372,534
403,521,924
108,817,925
639,1372,2011
398,557,955
106,785,891
957,1208,2165
756,1254,2010
200,941,1141
319,842,1161
1187,907,2094
694,1418,2112
417,740,1157
581,807,1388
904,544,1448
573,875,1448
476,725,1201
998,1050,2048
622,765,1387
186,869,1055
724,608,1332
933,317,1250
427,910,1337
228,1197,1425
826,399,1225
936,507,1443
137,1453,1590
574,387,961
1484,1342,2826
740,1047,1787
1810,1084,2894
806,384,1190
667,814,1481
286,1220,1506
1180,417,1597
573,894,1467
658,496,1154
701,720,1421
439,370,809
840,675,1515
1766,1483,3249
677,457,1134
463,565,1028
677,1000,1677
2002,1448,3450
44,466,510
670,821,1491
921,1387,2308
467,480,947
673,615,1288
1539,1654,3193
382,1464,1846
87,617,704
1492,1747,3239
259,316,575
1030,1647,2677
109,763,872
942,897,1839
1099,768,1867
816,461,1277
463,1378,1841
479,609,1088
467,955,1422
1354,483,1837
246,1417,1663
571,1238,1809
1406,878,2284
319,583,902
388,1290,1678
1396,1180,2576
508,660,1168
217,1124,1341
1268,703,1971
1025,1181,2206
1037,443,1480
1319,1045,2364
413,888,1301
273,1617,1890
278,529,807
820,1345,2165
645,591,1236
1539,534,2073
881,1380,2261
343,757,1100
513,1072,1585
489,1269,1758
1226,1396,2622
422,725,1147
297,1481,1778
949,831,1780
613,563,1176
1083,565,1648
400,1300,1700
163,1148,1311
1028,816,1844
417,957,1374
1287,1223,2510
551,1553,2104
472,1612,2084
71,1308,1379
966,1375,2341
1523,1555,3078
373,1743,2116
828,381,1209
924,682,1606
1146,999,2145
717,1509,2226
388,794,1182
1369,395,1764
1525,1308,2833
746,1905,2651
201,881,1082
649,1450,2099
516,627,1143
481,950,1431
286,1319,1605
1251,400,1651
932,828,1760
997,803,1800
1299,765,2064
406,1250,1656
1369,759,2128
308,954,1262
704,544,1248
1128,841,1969
944,1119,2063
331,1119,1450
882,836,1718
987,2104,3091
1380,1019,2399
739,607,1346
1239,603,1842
1541,785,2326
1064,1962,3026
734,1086,1820
1200,420,1620
338,412,750
1931,1145,3076
647,1384,2031
1206,991,2197
291,442,733
1425,804,2229
810,865,1675
1401,753,2154
927,861,1788
1652,637,2289
864,1474,2338
1285,1167,2452
63,1206,1269
1787,651,2438
1133,1048,2181
95,1186,1281
490,529,1019
122,862,984
399,909,1308
660,608,1268
859,529,1388
273,967,1240
497,927,1424
472,964,1436
142,539,681
1005,836,1841
18,619,637
1113,449,1562
329,287,616
349,1217,1566
51,625,676
758,800,1558
607,666,1273
854,765,1619
114,903,1017
1012,763,1775
50,532,582
320,294,614
439,424,863
995,427,1422
285,1681,1966
666,637,1303
599,1057,1656
302,453,755
360,1611,1971
1087,746,1833
617,345,962
325,791,1116
346,880,1226
294,1721,2015
480,730,1210
567,442,1009
723,1552,2275
330,796,1126
598,1594,2192
569,864,1433
1215,459,1674
136,1112,1248
739,1653,2392
672,812,1484
47,764,811
348,1260,1608
797,1424,2221
537,898,1435
358,1272,1630
1166,463,1629
789,635,1424
1035,761,1796
298,710,1008
76,547,623
446,971,1417
126,1071,1197
129,1801,1930
64,1046,1110
1005,714,1719
1335,507,1842
1237,720,1957
263,662,925
58,1123,1181
526,1293,1819
1484,654,2138
219,1178,1397
306,1237,1543
933,512,1445
246,667,913
559,1001,1560
157,1044,1201
457,906,1363
297,893,1190
675,681,1356
405,1224,1629
417,704,1121
842,748,1590
621,1500,2121
1091,535,1626
295,552,847
493,1098,1591
1149,1528,2677
687,683,1370
965,747,1712
1590,1104,2694
585,906,1491
994,487,1481
568,321,889
436,875,1311
362,1048,1410
900,651,1551
616,496,1112
939,861,1800
1162,888,2050
412,1142,1554
595,641,1236
297,859,1156
559,1303,1862
1011,1052,2063
261,648,909
522,919,1441
358,1133,1491
764,1535,2299
336,645,981
835,972,1807
371,481,852
1126,655,1781
651,1505,2156
1036,1005,2041
779,725,1504
853,1809,2662
1349,451,1800
174,1439,1613
555,550,1105
1041,1070,2111
117,823,940
645,1006,1651
954,882,1836
392,812,1204
706,1618,2324
1004,919,1923
920,719,1639
456,817,1273
1195,948,2143
919,1005,1924
956,1473,2429
738,748,1486
1677,504,2181
418,762,1180
672,1122,1794
877,548,1425
1431,494,1925
665,1072,1737
727,607,1334
1370,806,2176
496,1205,1701
764,922,1686
668,491,1159
1204,1008,2212
916,848,1764
674,1058,1732
237,1058,1295
827,1086,1913
427,504,931
493,773,1266
434,1101,1535
915,1361,2276
688,323,1011
478,1243,1721
684,962,1646
779,919,1698
596,839,1435
860,744,1604
430,720,1150
568,2161,2729
1409,932,2341
280,765,1045
561,1032,1593
947,1812,2759
447,839,1286
1044,889,1933
616,990,1606
585,858,1443
496,736,1232
490,965,1455
948,789,1737
640,742,1382
57,944,1001
26,795,821
886,1014,1900
660,813,1473
921,923,1844
415,602,1017
889,669,1558
156,852,1008
819,977,1796
1041,1241,2282
685,851,1536
606,548,1154
573,773,1346
767,913,1680
659,425,1084
811,628,1439
556,972,1528
538,656,1194
1145,952,2097
677,1150,1827
559,982,1541
656,519,1175
995,1886,2881
339,711,1050
710,698,1408
825,348,1173
2100,1291,3391
836,704,1540
443,1189,1632
242,1439,1681
707,958,1665
669,724,1393
1120,847,1967
838,489,1327
620,747,1367
659,534,1193
842,947,1789
45,714,759
733,791,1524
235,630,865
558,1126,1684
979,848,1827
1469,1254,2723
1086,1272,2358
505,797,1302
666,1280,1946
930,2161,3091
152,1166,1318
863,1477,2340
712,233,945
449,900,1349
1284,932,2216
1577,1803,3380
938,1239,2177
901,690,1591
1137,1122,2259
843,1505,2348
412,697,1109
766,559,1325
661,1991,2652
680,694,1374
177,838,1015
1333,866,2199
1090,1370,2460
935,718,1653
791,1060,1851
702,697,1399
353,1974,2327
639,750,1389
221,1643,1864
854,756,1610
1214,1138,2352
582,1980,2562
501,1563,2064
784,767,1551
529,1083,1612
799,1965,2764
301,795,1096
705,913,1618
1692,986,2678
1205,2081,3286
828,1294,2122
922,903,1825
1914,1227,3141
538,1234,1772
1389,696,2085
1016,885,1901
1872,1224,3096
33,937,970
909,542,1451
890,476,1366
409,905,1314
750,718,1468
667,378,1045
1046,940,1986
524,1661,2185
271,1222,1493
950,518,1468
1642,1259,2901
1699,1242,2941
467,1121,1588
793,790,1583
552,1306,1858
1471,1083,2554
1858,420,2278
1011,915,1926
518,571,1089
787,1160,1947
685,780,1465
2731,240,2971
737,1190,1927
789,339,1128
1553,1045,2598
1140,786,1926
731,1115,1846
1177,467,1644
307,714,1021
623,714,1337
1011,684,1695
727,980,1707
1241,1213,2454
1087,1006,2093
929,842,1771
48,637,685
843,482,1325
649,1526,2175
494,798,1292
810,752,1562
34,982,1016
460,903,1363
953,697,1650
76,1527,1603
44,1061,1105
775,929,1704
487,1268,1755
1018,471,1489
639,1798,2437
158,1134,1292
992,810,1802
1160,1294,2454
360,1097,1457
198,946,1144
414,946,1360
358,1535,1893
786,641,1427
672,1064,1736
499,760,1259
714,906,1620
1446,443,1889
679,1116,1795
353,1179,1532
464,725,1189
655,1119,1774
1091,1311,2402
696,678,1374
113,801,914
1177,659,1836
143,633,776
818,1018,1836
780,1136,1916
779,706,1485
1363,589,1952
388,643,1031
626,652,1278
681,612,1293
1151,1034,2185
558,486,1044
1002,349,1351
676,1481,2157
500,370,870
1709,1582,3291
591,1383,1974
932,2141,3073
385,397,782
998,1053,2051
843,1192,2035
455,2122,2577
218,351,569
932,762,1694
890,1250,2140
310,1942,2252
361,307,668
1277,345,1622
1062,849,1911
309,343,652
1935,407,2342
957,359,1316
346,227,573
1003,440,1443
1956,405,2361
133,224,357
729,326,1055
1100,402,1502
1788,372,2160
73,426,499
705,398,1103
142,398,540
161,383,544
209,374,583
305,268,573
214,382,596
293,323,616
85,254,339
363,325,688
107,359,466
728,1042,1770
516,390,906
190,251,441
139,427,566
918,2103,3021
187,2840,3027
173,399,572
215,495,710
279,2178,2457
615,1891,2506
460,1601,2061
229,393,622
341,2065,2406
633,2088,2721
133,473,606
891,1293,2184
835,1607,2442
185,532,717
399,1611,2010
485,2742,3227
247,543,790
534,2003,2537
80,1833,1913
74,766,840
701,2104,2805
2021,570,2591
289,373,662
127,778,905
864,2513,3377
292,2963,3255
78,1325,1403
1766,739,2505
1307,691,1998
259,513,772
2046,451,2497
95,1375,1470
283,641,924
1506,660,2166
1980,994,2974
1589,586,2175
1786,453,2239
2006,642,2648
98,1124,1222
571,561,1132
224,1284,1508
308,1220,1528
582,271,853
1962,932,2894
465,1130,1595
967,2903,3870
2507,958,3465
1895,881,2776
2377,721,3098
325,446,771
778,578,1356
409,626,1035
49,293,342
643,414,1057
634,3808,4442
1218,600,1818
2552,1338,3890
580,751,1331
200,1204,1404
2691,1185,3876
522,1003,1525
249,1419,1668
712,1073,1785
685,1027,1712
335,1389,1724
1275,933,2208
1076,416,1492
791,800,1591
257,894,1151
446,1039,1485
740,3429,4169
449,1182,1631
688,969,1657
1027,477,1504
970,961,1931
496,689,1185
39,499,538
158,993,1151
700,481,1181
540,644,1184
631,348,979
366,699,1065
1299,453,1752
779,465,1244
2781,1777,4558
55,1096,1151
567,1123,1690
759,337,1096
103,1297,1400
674,660,1334
588,496,1084
1352,648,2000
863,326,1189
3526,1171,4697
337,848,1185
575,945,1520
546,1105,1651
352,1113,1465
348,831,1179
438,468,906
1074,337,1411
190,998,1188
3392,1137,4529
372,667,1039
58,1815,1873
1016,865,1881
1006,704,1710
509,523,1032
801,1083,1884
251,651,902
826,1745,2571
536,670,1206
1579,1042,2621
501,706,1207
519,1574,2093
1164,705,1869
1006,912,1918
1052,835,1887
964,787,1751
354,767,1121
678,723,1401
780,687,1467
745,1554,2299
370,912,1282
1054,733,1787
1596,924,2520
240,1307,1547
805,795,1600
390,925,1315
884,785,1669
569,921,1490
355,1048,1403
434,932,1366
560,874,1434
1579,630,2209
714,604,1318
1035,720,1755
1472,732,2204
604,711,1315
632,522,1154
558,2307,2865
396,1111,1507
338,688,1026
547,977,1524
923,729,1652
673,905,1578
683,502,1185
515,1080,1595
816,428,1244
577,2352,2929
593,732,1325
680,1112,1792
763,1041,1804
548,903,1451
541,702,1243
817,1053,1870
552,862,1414
980,2169,3149
730,708,1438
601,982,1583
432,891,1323
458,542,1000
812,1063,1875
319,605,924
466,700,1166
27,899,926
2202,876,3078
466,1182,1648
841,1504,2345
116,853,969
648,1384,2032
360,682,1042
772,667,1439
839,815,1654
784,315,1099
548,1187,1735
815,660,1475
1000,744,1744
806,991,1797
527,710,1237
1021,407,1428
500,455,955
763,696,1459
176,863,1039
910,1179,2089
224,555,779
349,1286,1635
734,316,1050
955,1266,2221
315,529,844
535,1142,1677
619,872,1491
2216,831,3047
1156,1429,2585
339,623,962
590,1133,1723
547,388,935
422,652,1074
656,844,1500
865,805,1670
562,1130,1692
249,523,772
865,490,1355
374,408,782
332,493,825
99,664,763
81,1218,1299
757,2234,2991
599,800,1399
1075,784,1859
993,425,1418
513,894,1407
237,489,726
383,535,918
107,1366,1473
1060,2069,3129
610,939,1549
899,734,1633
540,567,1107
92,1023,1115
486,343,829
1971,1481,3452
916,846,1762
429,549,978
886,1382,2268
345,562,907
1632,945,2577
142,1136,1278
642,997,1639
518,434,952
751,1987,2738
570,555,1125
849,378,1227
780,284,1064
2069,635,2704
97,440,537
1196,984,2180
817,2062,2879
714,762,1476
538,553,1091
889,765,1654
997,701,1698
1214,764,1978
71,469,540
1062,991,2053
732,1223,1955
909,647,1556
867,666,1533
557,1336,1893
922,1019,1941
121,364,485
40,606,646
1076,857,1933
868,1135,2003
203,617,820
165,791,956
379,1413,1792
1205,890,2095
113,829,942
319,662,981
331,808,1139
619,1244,1863
364,526,890
317,814,1131
727,1209,1936
1156,1526,2682
332,984,1316
147,956,1103
521,797,1318
537,707,1244
853,545,1398
191,1068,1259
485,735,1220
856,675,1531
1823,1539,3362
653,782,1435
493,539,1032
618,451,1069
1134,208,1342
715,740,1455
692,609,1301
939,598,1537
1232,719,1951
1757,1489,3246
420,930,1350
644,811,1455
858,629,1487
796,763,1559
944,574,1518
1019,690,1709
844,815,1659
1202,781,1983
790,811,1601
1698,233,1931
805,868,1673
1210,565,1775
1178,667,1845
1369,1531,2900
978,1084,2062
96,676,772
790,829,1619
48,823,871
889,976,1865
423,667,1090
122,779,901
948,1186,2134
62,567,629
429,663,1092
1241,1068,2309
111,599,710
367,702,1069
1385,785,2170
246,789,1035
101,862,963
483,724,1207
947,536,1483
39,887,926
173,1063,1236
198,908,1106
228,750,978
380,1037,1417
630,479,1109
759,742,1501
532,739,1271
732,366,1098
408,1120,1528
469,760,1229
147,1025,1172
430,1065,1495
445,652,1097
398,1075,1473
763,756,1519
482,680,1162
494,851,1345
838,683,1521
629,951,1580
458,1084,1542
494,1231,1725
893,712,1605
755,837,1592
347,781,1128
282,1010,1292
686,514,1200
583,1066,1649
490,1080,1570
583,896,1479
558,1216,1774
930,769,1699
85,390,475
603,1869,2472
538,1712,2250
340,1335,1675
611,1376,1987
767,852,1619
953,1285,2238
151,1429,1580
775,1536,2311
92,499,591
924,1365,2289
378,1286,1664
874,1225,2099
133,654,787
829,1314,2143
511,1242,1753
605,1315,1920
421,1397,1818
529,879,1408
676,946,1622
718,1647,2365
1167,425,1592
667,974,1641
176,671,847
1328,713,2041
1660,518,2178
432,858,1290
1464,345,1809
1215,868,2083
908,1292,2200
957,852,1809
23,404,427
1218,1110,2328
115,386,501
472,1392,1864
571,722,1293
689,977,1666
895,1112,2007
573,1651,2224
548,944,1492
1066,900,1966
679,2170,2849
180,366,546
1232,623,1855
458,1690,2148
1248,1813,3061
66,1118,1184
612,1379,1991
1395,990,2385
412,601,1013
967,1574,2541
908,1908,2816
1014,1476,2490
290,595,885
722,1915,2637
245,791,1036
468,752,1220
591,1797,2388
420,799,1219
843,1405,2248
443,916,1359
1312,1472,2784
700,690,1390
1035,1359,2394
294,1031,1325
962,454,1416
1947,676,2623
772,1640,2412
1289,328,1617
1019,1818,2837
1507,611,2118
77,731,808
1184,1466,2650
1767,819,2586
689,899,1588
114,1010,1124
1627,638,2265
1279,328,1607
1305,492,1797
1206,1439,2645
350,655,1005
380,759,1139
1621,977,2598
612,467,1079
612,790,1402
760,718,1478
1321,489,1810
674,1223,1897
843,566,1409
765,449,1214
998,939,1937
1255,536,1791
808,778,1586
109,469,578
633,1267,1900
1093,439,1532
759,606,1365
368,1675,2043
1321,782,2103
476,1117,1593
641,629,1270
1789,365,2154
59,450,509
778,444,1222
819,1138,1957
179,505,684
146,824,970
535,1308,1843
211,537,748
205,751,956
1163,450,1613
389,1315,1704
1109,775,1884
842,823,1665
129,691,820
1280,1031,2311
1675,297,1972
79,1088,1167
327,490,817
245,701,946
353,881,1234
86,773,859
1245,1116,2361
102,644,746
551,711,1262
1142,1495,2637
124,1331,1455
84,333,417
615,585,1200
255,518,773
312,551,863
862,767,1629
1054,1348,2402
275,757,1032
152,1505,1657
363,746,1109
1464,1401,2865
880,440,1320
461,1289,1750
113,976,1089
327,1093,1420
646,571,1217
484,575,1059
421,1389,1810
707,1171,1878
34,763,797
119,652,771
1236,633,1869
1291,519,1810
632,630,1262
627,1117,1744
594,522,1116
44,1292,1336
1019,959,1978
315,736,1051
357,927,1284
923,648,1571
354,761,1115
1337,680,2017
623,899,1522
1310,510,1820
388,767,1155
185,2019,2204
532,517,1049
139,1149,1288
407,1365,1772
329,502,831
228,1553,1781
893,1109,2002
588,1124,1712
1077,740,1817
647,357,1004
587,1859,2446
995,1186,2181
587,558,1145
510,596,1106
462,1031,1493
317,1283,1600
558,606,1164
692,936,1628
1195,751,1946
850,964,1814
239,1103,1342
1210,1567,2777
338,515,853
96,1577,1673
635,1109,1744
232,575,807
685,1411,2096
172,1330,1502
1331,554,1885
506,517,1023
667,976,1643
370,697,1067
1139,721,1860
1146,773,1919
513,1436,1949
718,548,1266
337,1303,1640
1717,989,2706
496,536,1032
572,1603,2175
489,818,1307
914,1230,2144
600,361,961
662,1312,1974
805,1436,2241
552,484,1036
484,1205,1689
1353,1213,2566
830,741,1571
979,1147,2126
797,1034,1831
276,313,589
914,791,1705
803,1183,1986
1016,1484,2500
834,919,1753
249,548,797
1312,1092,2404
252,864,1116
396,857,1253
1459,512,1971
1111,730,1841
1052,669,1721
611,1467,2078
1459,1026,2485
165,517,682
1287,742,2029
472,1141,1613
204,675,879
1061,518,1579
711,1127,1838
575,681,1256
433,549,982
1106,1265,2371
1198,715,1913
1407,1100,2507
437,1076,1513
658,1460,2118
767,642,1409
535,903,1438
490,542,1032
538,777,1315
997,682,1679
1082,1392,2474
805,1704,2509
322,679,1001
939,522,1461
948,1260,2208
1024,1404,2428
598,649,1247
116,547,663
701,1399,2100
879,667,1546
374,852,1226
586,516,1102
410,787,1197
1041,1265,2306
549,637,1186
1070,1972,3042
205,1413,1618
1228,604,1832
1318,1150,2468
565,1087,1652
562,451,1013
343,718,1061
504,1064,1568
1563,617,2180
619,503,1122
550,2086,2636
576,1592,2168
1091,800,1891
1347,753,2100
470,790,1260
241,599,840
1124,764,1888
426,927,1353
594,804,1398
1207,1112,2319
1012,1627,2639
1087,593,1680
406,885,1291
454,1177,1631
371,817,1188
497,611,1108
697,1889,2586
981,864,1845
193,857,1050
564,584,1148
1225,1263,2488
1038,515,1553
329,626,955
1455,893,2348
515,701,1216
757,2218,2975
504,760,1264
385,725,1110
1287,1182,2469
1883,1066,2949
661,534,1195
773,761,1534
974,1365,2339
1755,876,2631
283,749,1032
492,961,1453
719,620,1339
646,730,1376
351,1214,1565
236,745,981
529,1506,2035
707,1375,2082
1036,1061,2097
2201,478,2679
306,741,1047
431,733,1164
467,665,1132
738,1356,2094
451,688,1139
517,968,1485
772,608,1380
583,809,1392
1116,1105,2221
697,602,1299
727,1129,1856
592,765,1357
1115,1495,2610
1067,1274,2341
161,1132,1293
534,744,1278
1403,697,2100
1229,739,1968
508,570,1078
696,1871,2567
1165,1714,2879
983,674,1657
510,2167,2677
1029,910,1939
650,1496,2146
781,1427,2208
1345,854,2199
328,1523,1851
1424,761,2185
840,607,1447
1321,576,1897
1066,382,1448
453,931,1384
759,492,1251
799,592,1391
1089,1353,2442
333,606,939
634,392,1026
1930,305,2235
762,895,1657
293,813,1106
989,405,1394
1501,390,1891
62,859,921
538,971,1509
1365,683,2048
159,976,1135
379,378,757
1314,524,1838
306,864,1170
467,550,1017
819,1229,2048
376,595,971
763,1356,2119
658,1320,1978
1422,637,2059
545,1088,1633
272,1323,1595
358,1906,2264
209,877,1086
78,533,611
1151,445,1596
263,952,1215
1093,1504,2597
659,725,1384
306,1258,1564
648,588,1236
868,935,1803
126,709,835
1097,320,1417
739,498,1237
433,922,1355
831,1894,2725
809,1477,2286
869,976,1845
110,1067,1177
435,598,1033
892,1140,2032
1164,629,1793
391,844,1235
652,1075,1727
751,1078,1829
457,908,1365
357,1036,1393
652,2505,3157
374,1441,1815
269,1006,1275
743,559,1302
476,1192,1668
684,1027,1711
880,469,1349
1373,1086,2459
859,2490,3349
699,1101,1800
1849,1513,3362
868,1269,2137
943,1677,2620
336,1115,1451
630,1338,1968
960,431,1391
173,1019,1192
890,2493,3383
833,1073,1906
322,579,901
506,1074,1580
454,687,1141
202,487,689
1048,1443,2491
656,1292,1948
204,529,733
1614,1390,3004
487,1209,1696
1006,1535,2541
2067,1233,3300
690,446,1136
377,1188,1565
597,767,1364
828,782,1610
1069,1229,2298
938,1306,2244
1493,819,2312
818,1017,1835
1373,1271,2644
774,560,1334
552,218,770
664,986,1650
1190,1239,2429
1050,1947,2997
1395,907,2302
1166,754,1920
1358,731,2089
2041,1714,3755
260,716,976
358,672,1030
983,773,1756
315,918,1233
910,791,1701
1087,1033,2120
659,630,1289
1391,725,2116
2292,1267,3559
625,2514,3139
61,685,746
994,898,1892
795,350,1145
213,601,814
923,659,1582
534,724,1258
640,849,1489
1827,1216,3043
1025,1175,2200
300,798,1098
1551,715,2266
1156,905,2061
872,756,1628
459,402,861
465,2475,2940
181,887,1068
382,1164,1546
817,782,1599
652,1155,1807
476,641,1117
656,1355,2011
603,1251,1854
549,741,1290
514,558,1072
678,2569,3247
378,880,1258
341,709,1050
239,1185,1424
135,1302,1437
591,786,1377
306,1115,1421
373,1116,1489
962,671,1633
1126,712,1838
488,1064,1552
1025,668,1693
207,730,937
598,1047,1645
61,962,1023
462,730,1192
581,1087,1668
500,2767,3267
372,1080,1452
1170,750,1920
881,726,1607
874,500,1374
933,714,1647
913,728,1641
525,1101,1626
2379,1280,3659
596,962,1558
427,714,1141
339,1293,1632
2417,1120,3537
607,850,1457
776,1041,1817
2687,881,3568
624,855,1479
598,875,1473
1104,516,1620
807,1041,1848
927,475,1402
895,968,1863
553,1601,2154
592,693,1285
1023,732,1755
572,1604,2176
523,694,1217
266,937,1203
991,332,1323
912,521,1433
904,868,1772
543,647,1190
704,842,1546
863,1010,1873
801,703,1504
777,479,1256
520,908,1428
764,597,1361
348,535,883
986,1118,2104
498,1214,1712
232,874,1106
985,914,1899
1303,501,1804
527,980,1507
826,705,1531
801,916,1717
217,746,963
1028,534,1562
533,2031,2564
282,962,1244
593,726,1319
853,748,1601
1342,802,2144
405,1513,1918
548,1012,1560
625,1155,1780
973,992,1965
702,2386,3088
297,1102,1399
497,1163,1660
661,2388,3049
593,855,1448
688,387,1075
329,2017,2346
411,745,1156
166,921,1087
559,1210,1769
654,999,1653
434,1025,1459
582,961,1543
1749,1010,2759
1029,488,1517
783,809,1592
2292,781,3073
619,1038,1657
100,978,1078
307,2038,2345
2005,563,2568
143,983,1126
995,1639,2634
608,589,1197
253,2005,2258
995,1424,2419
656,965,1621
577,372,949
785,1446,2231
1264,1552,2816
838,1685,2523
503,788,1291
1001,587,1588
720,1319,2039
814,1136,1950
549,1008,1557
423,1692,2115
561,1085,1646
665,544,1209
1876,1047,2923
327,955,1282
803,824,1627
1913,958,2871
876,589,1465
316,1113,1429
744,1392,2136
1914,551,2465
990,1314,2304
756,1178,1934
442,309,751
784,350,1134
1358,540,1898
479,854,1333
607,710,1317
274,796,1070
707,1029,1736
852,1160,2012
806,667,1473
783,629,1412
278,880,1158
837,696,1533
1016,1321,2337
660,1074,1734
702,659,1361
956,839,1795
1362,881,2243
890,594,1484
1148,835,1983
135,983,1118
848,479,1327
506,767,1273
728,1750,2478
758,946,1704
516,615,1131
244,1784,2028
1174,1383,2557
431,484,915
716,625,1341
558,342,900
733,997,1730
482,1490,1972
240,954,1194
608,633,1241
736,979,1715
1083,1059,2142
626,327,953
767,786,1553
1244,521,1765
353,1220,1573
432,888,1320
990,642,1632
493,647,1140
600,1497,2097
728,599,1327
1080,1015,2095
416,489,905
886,1158,2044
915,810,1725
802,1091,1893
1274,470,1744
776,604,1380
1490,530,2020
402,627,1029
718,634,1352
1142,975,2117
798,1205,2003
319,832,1151
930,955,1885
1253,526,1779
626,830,1456
776,739,1515
1106,450,1556
817,804,1621
509,486,995
1023,533,1556
751,1549,2300
238,805,1043
680,730,1410
853,478,1331
964,412,1376
133,837,970
383,1009,1392
517,636,1153
1552,604,2156
384,1015,1399
297,905,1202
473,685,1158
262,256,518
192,430,622
543,1204,1747
246,650,896
311,567,878
512,1437,1949
574,1421,1995
482,445,927
183,702,885
684,617,1301
1017,1204,2221
737,693,1430
922,3664,4586
964,1249,2213
692,1241,1933
757,850,1607
1544,3110,4654
379,719,1098
951,739,1690
1331,3053,4384
457,476,933
559,681,1240
53,455,508
529,965,1494
1388,1060,2448
400,1515,1915
626,778,1404
633,910,1543
457,1621,2078
487,733,1220
307,1489,1796
1071,1131,2202
561,555,1116
1418,821,2239
241,724,965
521,1412,1933
666,499,1165
1514,358,1872
276,1094,1370
741,1478,2219
1046,301,1347
306,1121,1427
91,911,1002
650,308,958
531,959,1490
648,712,1360
500,432,932
128,329,457
1045,654,1699
434,1721,2155
1238,520,1758
254,1398,1652
1375,1192,2567
740,1711,2451
328,1534,1862
1023,1528,2551
1365,1026,2391
178,361,539
1191,560,1751
969,3132,4101
814,355,1169
1003,1552,2555
640,683,1323
3031,1554,4585
875,717,1592
547,1307,1854
1567,572,2139
280,525,805
858,652,1510
423,572,995
690,1214,1904
645,1567,2212
666,2052,2718
290,1085,1375
454,708,1162
551,1410,1961
279,1126,1405
52,718,770
463,717,1180
2811,1579,4390
105,932,1037
437,936,1373
618,1978,2596
927,1501,2428
1599,524,2123
378,752,1130
494,765,1259
1296,804,2100
2965,1846,4811
153,872,1025
1165,986,2151
550,2112,2662
1339,932,2271
1210,928,2138
875,942,1817
541,553,1094
590,609,1199
399,932,1331
634,772,1406
1331,823,2154
785,1048,1833
1421,869,2290
1353,1582,2935
543,1168,1711
870,1060,1930
1508,1176,2684
463,1399,1862
788,554,1342
797,903,1700
836,859,1695
1952,1132,3084
1504,1349,2853
847,1587,2434
592,1383,1975
1588,1124,2712
806,1017,1823
411,1389,1800
624,1411,2035
692,1336,2028
873,519,1392
595,980,1575
526,1046,1572
1392,1196,2588
582,989,1571
768,957,1725
814,1103,1917
1421,513,1934
1176,257,1433
1885,1304,3189
510,1133,1643
353,1555,1908
1506,300,1806
1159,490,1649
778,1237,2015
1118,701,1819
1263,695,1958
1982,1641,3623
640,679,1319
723,1081,1804
772,1029,1801
98,320,418
847,1334,2181
986,1017,2003
741,1038,1779
646,1650,2296
50,526,576
1085,730,1815
1170,1053,2223
1037,791,1828
1034,808,1842
98,485,583
651,1467,2118
460,373,833
883,622,1505
900,907,1807
148,508,656
413,343,756
503,291,794
1506,828,2334
1170,1152,2322
1179,1110,2289
52,908,960
431,1592,2023
985,1132,2117
1234,1270,2504
432,387,819
1651,965,2616
62,917,979
1432,709,2141
384,559,943
493,1525,2018
976,523,1499
908,1320,2228
35,1322,1357
363,1091,1454
587,797,1384
1512,1081,2593
902,515,1417
922,756,1678
859,652,1511
892,798,1690
84,622,706
863,1639,2502
43,1649,1692
28,760,788
48,636,684
771,1130,1901
28,460,488
134,743,877
1115,848,1963
373,1384,1757
769,1293,2062
140,611,751
970,1201,2171
156,568,724
1154,670,1824
96,783,879
54,726,780
595,425,1020
693,1867,2560
931,1344,2275
151,928,1079
633,426,1059
1049,1479,2528
189,929,1118
38,1179,1217
1289,1202,2491
1543,509,2052
477,542,1019
1028,758,1786
1443,905,2348
223,702,925
197,1054,1251
716,1004,1720
596,583,1179
440,1266,1706
827,1953,2780
573,399,972
489,994,1483
577,813,1390
440,1194,1634
222,1135,1357
880,765,1645
463,1371,1834
849,877,1726
23,1428,1451
958,2107,3065
182,768,950
436,1141,1577
1102,1005,2107
851,485,1336
561,1311,1872
450,1198,1648
893,859,1752
1147,964,2111
528,918,1446
583,1825,2408
914,987,1901
212,1020,1232
1040,1013,2053
576,1201,1777
572,782,1354
569,857,1426
901,1077,1978
911,750,1661
995,529,1524
1429,1070,2499
1213,988,2201
457,1017,1474
1290,1031,2321
1122,922,2044
358,1066,1424
646,803,1449
311,943,1254
1125,508,1633
874,478,1352
618,826,1444
697,717,1414
887,713,1600
495,955,1450
817,758,1575
704,705,1409
1735,1006,2741
669,828,1497
676,1039,1715
943,585,1528
545,564,1109
448,669,1117
550,1598,2148
687,1588,2275
852,789,1641
1662,1132,2794
726,997,1723
906,1259,2165
277,493,770
156,670,826
554,882,1436
579,866,1445
605,1702,2307
766,615,1381
748,1060,1808
693,994,1687
532,1817,2349
363,886,1249
403,560,963
210,636,846
451,582,1033
938,1021,1959
324,594,918
582,712,1294
1448,708,2156
1140,625,1765
821,1521,2342
429,845,1274
423,927,1350
733,828,1561
724,1931,2655
832,770,1602
918,637,1555
566,713,1279
1614,916,2530
1012,1987,2999
480,1102,1582
467,1253,1720
890,503,1393
1474,1267,2741
841,990,1831
22,806,828
1294,1354,2648
665,1106,1771
1728,826,2554
793,2087,2880
985,661,1646
420,949,1369
832,2001,2833
472,861,1333
322,812,1134
348,1689,2037
638,1585,2223
795,572,1367
285,1002,1287
603,1484,2087
273,654,927
293,803,1096
2005,920,2925
626,968,1594
604,893,1497
638,755,1393
582,939,1521
513,985,1498
492,1113,1605
1651,584,2235
49,1028,1077
289,943,1232
798,1654,2452
353,1470,1823
414,534,948
861,756,1617
1119,1599,2718
403,1481,1884
1261,529,1790
765,1110,1875
1796,719,2515
661,909,1570
980,1072,2052
630,757,1387
505,962,1467
1908,1014,2922
614,674,1288
890,1085,1975
446,1021,1467
265,956,1221
565,1075,1640
486,833,1319
677,918,1595
496,903,1399
1354,664,2018
769,429,1198
830,859,1689
568,875,1443
930,321,1251
817,865,1682
386,923,1309
816,698,1514
468,1262,1730
718,966,1684
659,1114,1773
730,910,1640
1300,561,1861
453,1043,1496
548,846,1394
291,1128,1419
268,985,1253
670,519,1189
663,877,1540
782,1200,1982
647,317,964
811,1190,2001
1320,1021,2341
569,704,1273
1202,897,2099
932,1218,2150
404,731,1135
803,591,1394
781,539,1320
1008,1273,2281
460,730,1190
644,837,1481
983,1188,2171
856,1256,2112
513,518,1031
690,1013,1703
810,1036,1846
828,556,1384
546,332,878
1422,1882,3304
595,917,1512
223,1144,1367
133,733,866
489,791,1280
693,606,1299
1070,718,1788
717,1159,1876
722,916,1638
572,400,972
1073,1064,2137
340,908,1248
744,864,1608
182,1242,1424
282,1080,1362
983,896,1879
303,1446,1749
1347,1823,3170
1044,1043,2087
424,1150,1574
783,901,1684
662,2343,3005
992,618,1610
823,849,1672
455,683,1138
1271,390,1661
421,570,991
442,660,1102
672,1599,2271
207,1122,1329
359,1104,1463
1533,1164,2697
325,1055,1380
588,1398,1986
686,1040,1726
1038,352,1390
1085,338,1423
635,1373,2008
791,1578,2369
567,615,1182
953,606,1559
1705,929,2634
406,802,1208
1175,870,2045
943,750,1693
1154,1597,2751
882,644,1526
932,1220,2152
574,1629,2203
1002,607,1609
793,1144,1937
2086,904,2990
620,1121,1741
1010,1067,2077
336,592,928
820,1066,1886
559,1188,1747
980,1274,2254
57,1744,1801
372,1030,1402
638,587,1225
903,560,1463
1048,796,1844
278,660,938
54,1015,1069
1193,778,1971
1445,1363,2808
1310,735,2045
948,607,1555
742,1115,1857
1071,884,1955
317,990,1307
766,2083,2849
457,490,947
881,1177,2058
733,1111,1844
409,933,1342
546,926,1472
221,1589,1810
1477,1219,2696
793,1921,2714
809,1028,1837
747,933,1680
577,1165,1742
517,2039,2556
1542,701,2243
833,671,1504
935,1045,1980
1128,564,1692
1087,1126,2213
876,795,1671
2071,382,2453
1653,921,2574
1175,650,1825
875,612,1487
653,614,1267
1137,379,1516
1392,408,1800
1779,436,2215
514,458,972
867,913,1780
1321,245,1566
770,599,1369
658,722,1380
549,474,1023
717,883,1600
1065,863,1928
1259,366,1625
753,810,1563
781,834,1615
809,920,1729
671,847,1518
514,1258,1772
2421,608,3029
744,802,1546
873,718,1591
131,656,787
848,985,1833
1053,705,1758
74,627,701
16,813,829
621,1346,1967
746,995,1741
981,575,1556
310,363,673
657,1018,1675
716,1096,1812
584,388,972
119,642,761
923,956,1879
123,856,979
80,648,728
1182,1063,2245
488,353,841
452,430,882
698,1429,2127
67,1090,1157
515,505,1020
55,781,836
700,642,1342
258,654,912
113,440,553
828,517,1345
549,402,951
503,375,878
799,1371,2170
963,363,1326
92,1096,1188
137,1348,1485
1233,1420,2653
336,723,1059
183,307,490
307,716,1023
744,377,1121
642,422,1064
857,251,1108
402,830,1232
182,302,484
339,834,1173
721,1775,2496
263,730,993
118,1273,1391
840,1071,1911
318,1308,1626
103,488,591
774,662,1436
539,632,1171
25,441,466
195,314,509
1000,727,1727
1092,799,1891
675,1010,1685
104,606,710
148,486,634
684,902,1586
1601,281,1882
1265,518,1783
697,972,1669
326,545,871
615,1067,1682
201,505,706
946,791,1737
58,679,737
952,435,1387
128,824,952
492,647,1139
301,931,1232
518,678,1196
1321,617,1938
114,427,541
192,731,923
512,694,1206
558,891,1449
223,376,599
659,433,1092
625,290,915
579,804,1383
331,254,585
1389,699,2088
417,896,1313
677,482,1159
578,909,1487
711,732,1443
174,407,581
837,643,1480
64,561,625
322,270,592
754,935,1689
478,943,1421
404,224,628
706,626,1332
946,674,1620
108,490,598
37,744,781
583,661,1244
148,369,517
720,889,1609
185,931,1116
296,532,828
176,761,937
282,525,807
538,524,1062
75,972,1047
473,179,652
247,908,1155
388,725,1113
620,538,1158
597,250,847
603,598,1201
574,615,1189
638,549,1187
350,757,1107
389,622,1011
785,795,1580
667,403,1070
553,734,1287
173,1103,1276
649,588,1237
445,760,1205
804,425,1229
45,373,418
836,521,1357
487,959,1446
592,605,1197
79,604,683
686,714,1400
402,2095,2497
420,429,849
581,650,1231
116,649,765
284,682,966
613,2089,2702
545,1055,1600
89,593,682
463,521,984
326,527,853
83,955,1038
266,549,815
809,656,1465
988,1588,2576
419,539,958
665,1108,1773
215,885,1100
63,960,1023
389,732,1121
268,888,1156
240,853,1093
554,464,1018
601,781,1382
449,867,1316
356,784,1140
254,1107,1361
725,766,1491
137,693,830
909,509,1418
68,1124,1192
557,521,1078
241,655,896
1627,699,2326
602,611,1213
823,295,1118
375,763,1138
443,1090,1533
640,595,1235
579,432,1011
335,1374,1709
489,881,1370
1812,827,2639
380,1475,1855
310,726,1036
339,308,647
335,701,1036
810,939,1749
683,601,1284
264,1043,1307
919,614,1533
515,739,1254
1574,998,2572
370,1183,1553
537,460,997
445,431,876
573,647,1220
736,797,1533
219,1198,1417
348,472,820
553,1352,1905
634,784,1418
438,958,1396
416,1162,1578
175,590,765
651,593,1244
1007,721,1728
184,817,1001
492,1257,1749
701,734,1435
1046,724,1770
530,1052,1582
636,715,1351
756,602,1358
222,683,905
609,688,1297
831,759,1590
249,1099,1348
719,1116,1835
1236,783,2019
505,1087,1592
978,615,1593
367,712,1079
580,297,877
592,711,1303
506,919,1425
1060,710,1770
257,810,1067
394,1215,1609
1137,917,2054
485,741,1226
291,825,1116
338,689,1027
187,867,1054
889,585,1474
580,568,1148
1064,955,2019
703,625,1328
533,617,1150
684,937,1621
379,820,1199
519,747,1266
659,676,1335
754,338,1092
1039,590,1629
1228,929,2157
491,944,1435
736,691,1427
1016,893,1909
510,967,1477
580,768,1348
402,662,1064
556,963,1519
608,946,1554
640,505,1145
612,1049,1661
668,925,1593
1130,889,2019
759,499,1258
662,733,1395
646,756,1402
465,451,916
821,865,1686
752,566,1318
429,811,1240
839,1041,1880
545,1112,1657
489,1134,1623
707,1301,2008
528,667,1195
604,463,1067
602,574,1176
792,713,1505
717,743,1460
739,604,1343
729,731,1460
367,1142,1509
848,1247,2095
620,1116,1736
521,510,1031
748,779,1527
478,1300,1778
943,738,1681
518,533,1051
981,624,1605
934,701,1635
122,1136,1258
832,592,1424
190,692,882
437,755,1192
498,559,1057
569,903,1472
377,706,1083
202,1310,1512
505,528,1033
580,599,1179
1282,511,1793
841,907,1748
380,633,1013
572,505,1077
316,1142,1458
1080,1142,2222
752,327,1079
578,997,1575
679,476,1155
486,317,803
467,945,1412
618,651,1269
786,684,1470
619,466,1085
645,1048,1693
923,881,1804
1199,721,1920
799,833,1632
535,279,814
1231,870,2101
531,694,1225
989,724,1713
87,473,560
350,631,981
339,582,921
306,846,1152
1022,439,1461
392,1131,1523
554,1048,1602
233,904,1137
663,485,1148
173,450,623
378,786,1164
617,435,1052
223,567,790
834,852,1686
380,786,1166
459,454,913
420,897,1317
525,751,1276
757,1258,2015
425,438,863
508,676,1184
384,452,836
1032,904,1936
395,715,1110
436,1071,1507
419,531,950
685,602,1287
397,1307,1704
417,1861,2278
888,598,1486
626,529,1155
201,1549,1750
677,1008,1685
534,919,1453
285,446,731
753,717,1470
251,339,590
846,785,1631
474,1778,2252
725,598,1323
660,507,1167
673,758,1431
647,989,1636
740,904,1644
964,559,1523
449,624,1073
502,599,1101
716,1318,2034
902,1163,2065
353,600,953
659,434,1093
289,1417,1706
344,458,802
1505,706,2211
281,649,930
1705,614,2319
578,963,1541
733,1110,1843
244,592,836
623,322,945
672,1085,1757
449,796,1245
812,690,1502
316,746,1062
319,653,972
1029,438,1467
792,883,1675
105,1406,1511
836,665,1501
183,1510,1693
418,524,942
640,514,1154
967,1041,2008
472,821,1293
1152,1323,2475
567,468,1035
1321,620,1941
442,1311,1753
218,1271,1489
847,1535,2382
636,1109,1745
681,1080,1761
698,1316,2014
1403,1736,3139
541,1095,1636
832,827,1659
1321,715,2036
966,1756,2722
768,879,1647
1474,228,1702
1416,619,2035
1240,1043,2283
686,528,1214
788,652,1440
1176,253,1429
1544,375,1919
926,367,1293
496,1318,1814
479,365,844
942,172,1114
1618,361,1979
782,354,1136
1092,504,1596
49,171,220
971,332,1303
544,331,875
1118,502,1620
460,360,820
561,378,939
105,293,398
203,383,586
1267,396,1663
141,421,562
85,170,255
147,400,547
198,389,587
438,209,647
228,372,600
141,373,514
226,368,594
363,218,581
73,221,294
268,351,619
209,376,585
106,379,485
134,250,384
90,457,547
304,355,659
116,254,370
261,284,545
167,384,551
732,1043,1775
935,355,1290
791,1287,2078
195,445,640
129,399,528
261,358,619
334,233,567
229,489,718
229,391,620
1386,2322,3708
836,1996,2832
518,1873,2391
792,2618,3410
296,283,579
289,427,716
574,1947,2521
78,309,387
60,418,478
343,554,897
393,1650,2043
467,2306,2773
706,2384,3090
103,529,632
309,472,781
891,2514,3405
137,776,913
111,487,598
446,235,681
1484,355,1839
402,274,676
864,2510,3374
523,2132,2655
517,496,1013
2485,626,3111
1292,2276,3568
166,792,958
152,809,961
450,542,992
1762,437,2199
462,557,1019
138,2473,2611
895,2183,3078
562,430,992
2564,533,3097
395,2856,3251
52,562,614
506,589,1095
2395,430,2825
1444,526,1970
304,342,646
709,451,1160
709,562,1271
394,705,1099
514,697,1211
2401,1044,3445
1756,924,2680
510,837,1347
283,430,713
437,684,1121
375,317,692
135,552,687
799,387,1186
2057,939,2996
647,816,1463
2187,1084,3271
817,535,1352
1904,1458,3362
529,497,1026
820,249,1069
873,306,1179
351,716,1067
806,303,1109
2673,724,3397
477,810,1287
490,865,1355
2275,783,3058
218,387,605
125,390,515
148,415,563
2308,1171,3479
130,540,670
148,577,725
737,690,1427
876,511,1387
782,447,1229
176,587,763
611,855,1466
632,796,1428
526,293,819
2633,1137,3770
164,572,736
76,888,964
25,282,307
261,706,967
857,1050,1907
410,820,1230
1140,661,1801
717,1127,1844
254,394,648
436,847,1283
219,791,1010
251,972,1223
263,1086,1349
502,661,1163
158,1051,1209
483,1516,1999
572,706,1278
56,294,350
745,738,1483
881,1417,2298
504,760,1264
183,1009,1192
434,1211,1645
399,745,1144
335,889,1224
431,1000,1431
99,641,740
930,559,1489
38,900,938
602,753,1355
1151,523,1674
175,757,932
560,503,1063
1331,375,1706
551,1206,1757
96,1072,1168
188,783,971
592,540,1132
916,938,1854
274,595,869
895,385,1280
758,425,1183
990,491,1481
898,618,1516
621,827,1448
567,468,1035
292,1088,1380
503,425,928
672,507,1179
423,451,874
424,311,735
738,723,1461
564,729,1293
625,500,1125
403,1117,1520
522,785,1307
523,305,828
72,1548,1620
535,1161,1696
588,718,1306
529,799,1328
490,1199,1689
683,1020,1703
620,742,1362
164,342,506
89,1704,1793
702,976,1678
311,372,683
947,873,1820
753,986,1739
353,895,1248
484,1066,1550
313,1631,1944
625,751,1376
593,801,1394
211,367,578
659,605,1264
884,896,1780
975,584,1559
254,484,738
1446,622,2068
610,799,1409
962,915,1877
693,875,1568
638,347,985
733,940,1673
906,614,1520
711,787,1498
552,422,974
481,1192,1673
1642,649,2291
1024,954,1978
214,400,614
503,680,1183
893,624,1517
866,777,1643
394,430,824
335,1317,1652
1523,636,2159
340,1224,1564
767,686,1453
736,639,1375
494,737,1231
56,1421,1477
247,1608,1855
983,1033,2016
262,537,799
558,698,1256
493,564,1057
302,627,929
936,341,1277
786,534,1320
701,717,1418
302,1247,1549
407,1513,1920
930,1112,2042
667,371,1038
693,408,1101
697,582,1279
310,759,1069
243,461,704
520,668,1188
318,1053,1371
282,1384,1666
588,924,1512
459,487,946
618,799,1417
1217,442,1659
295,873,1168
648,379,1027
484,1047,1531
435,806,1241
1391,667,2058
807,451,1258
577,1022,1599
674,734,1408
1353,826,2179
871,460,1331
698,900,1598
724,463,1187
889,391,1280
1426,808,2234
78,561,639
608,915,1523
937,467,1404
1282,829,2111
100,557,657
705,754,1459
144,629,773
120,605,725
98,703,801
89,872,961
93,795,888
981,513,1494
361,549,910
452,507,959
381,583,964
197,662,859
112,807,919
59,650,709
446,490,936
430,467,897
202,809,1011
373,597,970
1309,700,2009
262,573,835
190,802,992
540,604,1144
396,718,1114
423,717,1140
488,588,1076
670,274,944
305,718,1023
252,698,950
117,1224,1341
498,842,1340
580,587,1167
647,568,1215
296,1125,1421
514,756,1270
472,777,1249
501,713,1214
256,482,738
143,659,802
329,515,844
544,751,1295
390,1048,1438
523,462,985
644,1370,2014
414,506,920
388,554,942
975,642,1617
470,477,947
486,404,890
107,642,749
57,1020,1077
411,678,1089
1025,2130,3155
320,965,1285
445,671,1116
544,591,1135
417,715,1132
297,394,691
536,625,1161
298,609,907
667,321,988
587,729,1316
326,1006,1332
441,510,951
246,1377,1623
524,764,1288
944,2122,3066
347,545,892
535,773,1308
642,699,1341
731,438,1169
884,642,1526
288,848,1136
184,968,1152
280,1400,1680
369,852,1221
89,685,774
380,920,1300
322,402,724
614,801,1415
755,1003,1758
580,601,1181
350,638,988
437,597,1034
363,1371,1734
544,559,1103
565,892,1457
402,660,1062
340,1025,1365
1017,595,1612
377,1044,1421
786,550,1336
317,544,861
675,416,1091
1123,547,1670
206,1080,1286
402,870,1272
709,367,1076
930,698,1628
761,389,1150
104,819,923
435,779,1214
414,302,716
1316,414,1730
785,531,1316
446,708,1154
131,2331,2462
642,1107,1749
428,1156,1584
392,1552,1944
380,1048,1428
610,1380,1990
479,1038,1517
457,1052,1509
753,1282,2035
857,1181,2038
1576,2111,3687
223,1045,1268
754,1201,1955
967,1144,2111
442,905,1347
645,882,1527
970,1173,2143
777,1302,2079
319,741,1060
1878,1870,3748
567,1354,1921
1452,360,1812
1674,1879,3553
431,935,1366
246,866,1112
1207,571,1778
111,746,857
819,596,1415
906,851,1757
415,1213,1628
118,1246,1364
2125,365,2490
355,1004,1359
835,595,1430
533,501,1034
725,727,1452
925,536,1461
841,681,1522
446,1021,1467
1810,446,2256
634,596,1230
355,535,890
1647,469,2116
449,800,1249
533,1382,1915
525,1102,1627
151,517,668
985,611,1596
498,2370,2868
1026,1497,2523
263,433,696
801,486,1287
652,514,1166
395,793,1188
503,472,975
673,876,1549
824,727,1551
677,1292,1969
145,742,887
214,727,941
659,2035,2694
1037,814,1851
766,795,1561
508,657,1165
712,2156,2868
640,678,1318
659,1222,1881
208,666,874
321,652,973
419,331,750
1460,409,1869
226,825,1051
800,921,1721
1790,452,2242
355,748,1103
1280,511,1791
342,655,997
957,760,1717
48,687,735
713,383,1096
781,736,1517
309,1034,1343
362,640,1002
203,1294,1497
1156,282,1438
333,596,929
326,943,1269
327,1229,1556
468,1024,1492
1589,650,2239
537,791,1328
435,1118,1553
576,478,1054
1802,836,2638
61,451,512
367,751,1118
702,932,1634
371,851,1222
396,852,1248
156,813,969
291,977,1268
503,940,1443
422,1021,1443
579,1044,1623
73,652,725
533,819,1352
881,614,1495
529,825,1354
203,1219,1422
133,750,883
474,976,1450
763,732,1495
423,658,1081
349,605,954
23,655,678
275,712,987
757,846,1603
496,577,1073
745,876,1621
963,852,1815
984,593,1577
593,607,1200
582,414,996
1032,922,1954
454,618,1072
640,507,1147
541,466,1007
386,432,818
435,505,940
623,703,1326
764,737,1501
510,351,861
532,840,1372
551,1030,1581
113,270,383
277,779,1056
415,671,1086
368,1324,1692
492,579,1071
327,1343,1670
656,1061,1717
531,752,1283
547,1181,1728
596,720,1316
163,294,457
672,652,1324
729,1004,1733
752,1020,1772
374,481,855
290,808,1098
882,1053,1935
508,743,1251
726,751,1477
763,1132,1895
220,453,673
1099,472,1571
304,690,994
612,1177,1789
214,717,931
549,479,1028
585,1105,1690
762,750,1512
612,827,1439
770,1141,1911
132,603,735
376,632,1008
502,862,1364
597,928,1525
620,1186,1806
173,779,952
629,565,1194
468,746,1214
593,1106,1699
240,853,1093
737,337,1074
690,541,1231
1111,795,1906
557,1360,1917
754,624,1378
402,608,1010
1094,902,1996
613,621,1234
358,1016,1374
292,1096,1388
379,584,963
685,544,1229
526,965,1491
928,586,1514
391,623,1014
763,581,1344
735,887,1622
531,683,1214
675,852,1527
571,792,1363
619,563,1182
1050,762,1812
1084,531,1615
589,508,1097
542,731,1273
233,634,867
728,547,1275
645,876,1521
546,909,1455
578,631,1209
794,647,1441
518,928,1446
912,628,1540
461,626,1087
1099,444,1543
580,1064,1644
773,688,1461
530,576,1106
760,897,1657
1187,1066,2253
523,847,1370
1002,1025,2027
414,855,1269
103,455,558
539,559,1098
655,474,1129
664,650,1314
587,682,1269
942,743,1685
918,947,1865
732,783,1515
758,897,1655
552,827,1379
287,467,754
580,791,1371
203,661,864
444,969,1413
392,519,911
327,649,976
476,577,1053
327,582,909
815,803,1618
208,873,1081
429,572,1001
435,1557,1992
1126,893,2019
427,689,1116
619,387,1006
210,865,1075
331,713,1044
373,833,1206
467,725,1192
723,873,1596
426,550,976
651,681,1332
523,694,1217
164,694,858
531,766,1297
223,1039,1262
441,521,962
503,1625,2128
667,671,1338
588,803,1391
669,910,1579
603,1747,2350
439,271,710
662,540,1202
605,1010,1615
802,732,1534
472,663,1135
785,698,1483
823,926,1749
706,511,1217
1482,916,2398
557,294,851
529,480,1009
280,908,1188
229,678,907
504,427,931
657,1005,1662
655,661,1316
518,670,1188
683,314,997
1269,695,1964
701,604,1305
819,663,1482
461,878,1339
478,879,1357
1667,608,2275
64,517,581
479,876,1355
809,536,1345
551,1124,1675
843,602,1445
763,766,1529
497,548,1045
252,573,825
53,1023,1076
184,752,936
927,273,1200
391,1019,1410
376,739,1115
598,437,1035
234,623,857
91,1059,1150
531,971,1502
120,533,653
282,952,1234
586,834,1420
189,271,460
876,874,1750
545,614,1159
862,580,1442
482,1014,1496
905,467,1372
332,821,1153
883,603,1486
446,450,896
243,456,699
801,695,1496
680,309,989
493,461,954
831,669,1500
182,552,734
512,793,1305
110,555,665
571,595,1166
317,698,1015
152,689,841
167,1139,1306
512,736,1248
384,305,689
364,1547,1911
588,540,1128
287,887,1174
320,529,849
935,1018,1953
381,547,928
441,330,771
374,539,913
652,858,1510
481,573,1054
490,703,1193
201,516,717
562,874,1436
232,839,1071
717,1082,1799
645,991,1636
473,1163,1636
658,2547,3205
615,465,1080
222,661,883
332,1176,1508
819,2240,3059
1022,2250,3272
785,414,1199
40,1416,1456
431,309,740
1220,275,1495
448,647,1095
53,2095,2148
427,750,1177
771,782,1553
698,660,1358
449,766,1215
366,1831,2197
1006,615,1621
729,911,1640
654,447,1101
273,870,1143
1089,588,1677
871,870,1741
632,1377,2009
1279,969,2248
641,959,1600
477,755,1232
906,762,1668
2433,461,2894
770,1042,1812
530,1287,1817
2192,210,2402
559,976,1535
235,979,1214
519,870,1389
1847,829,2676
657,861,1518
864,295,1159
1940,305,2245
328,1010,1338
685,451,1136
1149,351,1500
591,1890,2481
2090,708,2798
381,1366,1747
481,2130,2611
870,511,1381
982,420,1402
361,1191,1552
612,926,1538
736,839,1575
43,391,434
1261,1014,2275
931,926,1857
1093,665,1758
781,958,1739
782,1109,1891
1336,1062,2398
410,2483,2893
852,786,1638
1185,590,1775
1056,990,2046
1253,1689,2942
174,773,947
1479,972,2451
414,586,1000
75,716,791
495,681,1176
125,931,1056
657,998,1655
258,637,895
528,522,1050
678,470,1148
2072,683,2755
423,599,1022
664,417,1081
444,510,954
707,458,1165
530,411,941
627,423,1050
315,818,1133
574,568,1142
2035,921,2956
661,564,1225
551,548,1099
770,554,1324
916,278,1194
253,1443,1696
473,215,688
794,313,1107
596,1146,1742
473,654,1127
515,343,858
779,2280,3059
518,1154,1672
554,395,949
873,2277,3150
1103,2158,3261
601,429,1030
253,382,635
997,2141,3138
595,3276,3871
119,2138,2257
565,483,1048
33,2066,2099
191,563,754
1296,1097,2393
554,3011,3565
216,2143,2359
207,459,666
51,2207,2258
41,664,705
1985,451,2436
653,3039,3692
498,330,828
526,1860,2386
268,485,753
728,1006,1734
2406,1236,3642
552,1003,1555
794,844,1638
106,2267,2373
1065,159,1224
1984,492,2476
2468,260,2728
1930,521,2451
132,158,290
2069,744,2813
1751,188,1939
119,162,281
1579,651,2230
463,2394,2857
245,1006,1251
2418,661,3079
1526,630,2156
231,557,788
1305,647,1952
91,1098,1189
164,168,332
110,1061,1171
2127,918,3045
170,1509,1679
1675,513,2188
876,1068,1944
451,1126,1577
82,885,967
70,655,725
132,1107,1239
158,1182,1340
318,617,935
304,660,964
537,1007,1544
2162,1078,3240
945,1019,1964
605,1050,1655
320,641,961
95,188,283
81,1125,1206
490,741,1231
434,576,1010
2030,896,2926
522,652,1174
109,2060,2169
590,605,1195
759,300,1059
104,878,982
726,503,1229
729,1481,2210
895,327,1222
614,763,1377
156,945,1101
1004,608,1612
540,603,1143
293,374,667
425,276,701
760,498,1258
1039,1223,2262
991,880,1871
1230,422,1652
421,717,1138
494,796,1290
662,737,1399
1212,496,1708
138,775,913
149,1612,1761
462,644,1106
40,1064,1104
687,420,1107
404,758,1162
530,594,1124
160,300,460
192,807,999
38,1099,1137
469,734,1203
496,1307,1803
649,496,1145
703,856,1559
746,541,1287
681,579,1260
784,1519,2303
136,828,964
319,666,985
676,1582,2258
666,595,1261
1464,864,2328
152,836,988
99,901,1000
720,638,1358
132,1005,1137
235,741,976
66,952,1018
744,1586,2330
177,435,612
1189,728,1917
395,615,1010
914,868,1782
142,1015,1157
300,829,1129
386,648,1034
353,1681,2034
373,878,1251
938,374,1312
775,425,1200
1091,837,1928
418,870,1288
1002,183,1185
324,796,1120
345,984,1329
684,1550,2234
687,437,1124
1016,493,1509
531,632,1163
211,992,1203
993,509,1502
90,1097,1187
1210,586,1796
605,745,1350
679,510,1189
1149,435,1584
1090,514,1604
524,820,1344
590,672,1262
1041,677,1718
93,1285,1378
1214,715,1929
768,643,1411
860,553,1413
873,502,1375
789,613,1402
443,708,1151
30,1966,1996
788,661,1449
817,711,1528
1257,691,1948
962,515,1477
118,636,754
181,611,792
230,477,707
411,498,909
231,621,852
187,644,831
1121,570,1691
492,1546,2038
351,686,1037
1226,694,1920
162,736,898
266,609,875
395,543,938
515,619,1134
306,595,901
579,587,1166
174,1914,2088
485,1592,2077
557,545,1102
433,754,1187
447,1676,2123
489,726,1215
505,487,992
524,755,1279
615,870,1485
569,1449,2018
479,811,1290
423,2214,2637
534,477,1011
619,762,1381
556,1067,1623
630,611,1241
575,655,1230
727,1011,1738
1494,576,2070
447,883,1330
647,1248,1895
1886,1064,2950
612,695,1307
531,847,1378
83,684,767
1611,1198,2809
430,520,950
1516,321,1837
211,749,960
561,969,1530
230,636,866
248,804,1052
651,1305,1956
431,1167,1598
2130,710,2840
308,857,1165
1262,462,1724
664,331,995
559,547,1106
373,777,1150
597,1167,1764
440,796,1236
925,825,1750
844,403,1247
81,1495,1576
237,1074,1311
734,500,1234
578,713,1291
829,374,1203
529,856,1385
742,745,1487
970,753,1723
885,812,1697
784,849,1633
901,488,1389
370,650,1020
943,705,1648
640,582,1222
104,569,673
837,586,1423
975,961,1936
95,579,674
841,964,1805
800,603,1403
744,1141,1885
1033,279,1312
118,650,768
872,691,1563
22,589,611
856,804,1660
256,441,697
129,801,930
798,1275,2073
420,469,889
296,739,1035
66,942,1008
194,585,779
393,772,1165
168,819,987
237,766,1003
405,763,1168
831,1174,2005
477,442,919
2146,164,2310
100,794,894
667,792,1459
78,161,239
355,758,1113
363,1006,1369
322,621,943
396,626,1022
507,901,1408
804,629,1433
128,1129,1257
438,630,1068
611,921,1532
137,175,312
767,463,1230
255,611,866
663,986,1649
492,694,1186
538,659,1197
672,743,1415
135,1474,1609
628,1039,1667
256,351,607
322,760,1082
991,590,1581
628,1145,1773
995,614,1609
585,1053,1638
895,431,1326
557,695,1252
668,844,1512
629,652,1281
788,599,1387
476,597,1073
651,682,1333
1146,657,1803
1031,2237,3268
863,550,1413
514,1044,1558
463,894,1357
970,425,1395
711,371,1082
566,756,1322
251,531,782
1343,598,1941
1378,2044,3422
498,230,728
725,638,1363
546,718,1264
421,2127,2548
773,516,1289
499,758,1257
217,793,1010
202,606,808
891,575,1466
561,669,1230
904,380,1284
638,134,772
2133,421,2554
129,800,929
553,1052,1605
405,576,981
380,477,857
459,436,895
681,457,1138
968,312,1280
1876,385,2261
1025,520,1545
598,955,1553
327,523,850
327,1080,1407
514,680,1194
696,278,974
668,572,1240
2286,303,2589
659,417,1076
145,417,562
689,771,1460
699,451,1150
163,502,665
260,1244,1504
889,580,1469
1122,186,1308
186,515,701
187,431,618
474,997,1471
1150,1026,2176
221,510,731
680,765,1445
819,920,1739
174,407,581
148,670,818
77,364,441
190,532,722
188,609,797
179,918,1097
180,549,729
674,1129,1803
213,821,1034
814,946,1760
164,761,925
221,1056,1277
306,280,586
521,1325,1846
682,1365,2047
492,769,1261
258,675,933
431,913,1344
777,767,1544
415,756,1171
745,917,1662
721,1439,2160
843,726,1569
633,597,1230
411,829,1240
447,1233,1680
371,356,727
382,953,1335
502,522,1024
631,949,1580
791,895,1686
1085,492,1577
456,294,750
17,765,782
729,782,1511
501,734,1235
497,413,910
1363,407,1770
522,895,1417
504,370,874
194,790,984
528,1129,1657
536,424,960
1274,316,1590
75,770,845
741,1016,1757
1041,186,1227
388,673,1061
275,972,1247
794,441,1235
940,391,1331
670,563,1233
694,302,996
1086,225,1311
44,1440,1484
814,235,1049
871,232,1103
437,1157,1594
348,1026,1374
1253,2046,3299
759,861,1620
160,2471,2631
823,1999,2822
744,1613,2357
504,386,890
419,1068,1487
627,1951,2578
159,527,686
1031,739,1770
410,1533,1943
341,1687,2028
1035,461,1496
275,294,569
455,2319,2774
1785,392,2177
56,490,546
998,602,1600
1194,475,1669
342,1004,1346
1815,410,2225
834,612,1446
532,1584,2116
392,1316,1708
781,2315,3096
67,494,561
215,521,736
101,592,693
148,848,996
1547,350,1897
289,420,709
151,945,1096
106,707,813
284,1299,1583
1425,1836,3261
1254,418,1672
1319,698,2017
547,625,1172
268,583,851
1869,763,2632
338,404,742
1148,764,1912
890,673,1563
2196,470,2666
19,414,433
73,903,976
1747,445,2192
633,554,1187
486,404,890
201,1081,1282
722,222,944
401,647,1048
114,1490,1604
77,665,742
326,730,1056
752,914,1666
136,799,935
467,674,1141
1253,517,1770
119,239,358
869,330,1199
73,1135,1208
1180,871,2051
162,681,843
482,559,1041
248,1319,1567
202,991,1193
478,1265,1743
765,828,1593
117,390,507
79,514,593
1012,706,1718
672,653,1325
496,491,987
531,715,1246
1336,667,2003
31,778,809
753,1062,1815
1023,670,1693
158,571,729
385,560,945
53,890,943
61,873,934
285,649,934
364,662,1026
110,730,840
423,1249,1672
502,753,1255
312,897,1209
1366,369,1735
437,653,1090
266,814,1080
191,762,953
397,867,1264
597,481,1078
334,795,1129
228,961,1189
195,1171,1366
470,780,1250
83,571,654
440,977,1417
460,861,1321
512,656,1168
530,503,1033
489,1005,1494
470,773,1243
625,659,1284
597,847,1444
1087,845,1932
138,724,862
730,621,1351
505,1139,1644
386,748,1134
293,1043,1336
406,908,1314
619,773,1392
841,702,1543
733,1215,1948
732,637,1369
718,519,1237
209,535,744
1024,493,1517
1056,326,1382
532,630,1162
645,737,1382
758,333,1091
493,949,1442
1053,1089,2142
598,866,1464
813,1077,1890
637,1040,1677
420,531,951
721,687,1408
738,1313,2051
413,863,1276
223,373,596
833,747,1580
617,1105,1722
827,514,1341
100,503,603
1125,780,1905
312,940,1252
704,1054,1758
929,1160,2089
347,709,1056
629,1251,1880
589,1049,1638
561,294,855
164,528,692
381,977,1358
449,1129,1578
976,956,1932
568,674,1242
796,869,1665
501,940,1441
628,998,1626
614,592,1206
216,1252,1468
666,790,1456
773,612,1385
590,1618,2208
397,1093,1490
969,531,1500
933,534,1467
451,889,1340
366,569,935
72,1378,1450
1224,729,1953
611,1852,2463
241,1241,1482
761,291,1052
258,753,1011
882,413,1295
910,611,1521
452,462,914
31,701,732
448,1341,1789
858,1033,1891
1087,1324,2411
830,1139,1969
1157,249,1406
244,1110,1354
378,611,989
971,611,1582
588,249,837
241,742,983
322,1276,1598
479,1362,1841
1551,1007,2558
1268,783,2051
640,995,1635
392,668,1060
731,490,1221
90,430,520
498,723,1221
859,1188,2047
1702,668,2370
1164,616,1780
773,444,1217
366,739,1105
1045,539,1584
113,540,653
585,781,1366
667,1340,2007
1269,930,2199
156,695,851
727,958,1685
99,591,690
990,474,1464
432,469,901
345,555,900
689,674,1363
328,441,769
1272,885,2157
1209,688,1897
539,724,1263
447,1322,1769
561,632,1193
1109,671,1780
870,891,1761
444,791,1235
733,1203,1936
571,258,829
599,1834,2433
552,556,1108
211,450,661
661,576,1237
646,669,1315
247,443,690
883,1035,1918
353,677,1030
920,587,1507
336,741,1077
653,571,1224
379,1205,1584
404,868,1272
419,854,1273
996,645,1641
566,633,1199
393,657,1050
315,738,1053
869,658,1527
435,624,1059
521,807,1328
60,450,510
645,463,1108
919,661,1580
508,1073,1581
899,556,1455
271,1095,1366
483,453,936
50,540,590
741,363,1104
476,633,1109
315,1091,1406
787,825,1612
474,756,1230
601,1190,1791
440,313,753
113,626,739
464,712,1176
632,396,1028
807,731,1538
539,896,1435
178,781,959
373,529,902
855,727,1582
350,1303,1653
507,1050,1557
474,530,1004
428,646,1074
998,364,1362
667,735,1402
242,514,756
315,462,777
600,386,986
520,313,833
385,861,1246
949,586,1535
595,837,1432
316,585,901
590,277,867
669,629,1298
229,1484,1713
492,723,1215
371,410,781
512,320,832
655,695,1350
628,750,1378
369,514,883
151,558,709
161,554,715
971,658,1629
189,564,753
447,535,982
788,808,1596
69,707,776
546,1002,1548
476,234,710
527,256,783
326,683,1009
644,605,1249
425,420,845
745,623,1368
363,3933,4296
514,791,1305
340,1137,1477
903,3228,4131
791,1218,2009
232,497,729
376,697,1073
497,659,1156
256,517,773
437,794,1231
693,603,1296
18,496,514
206,693,899
308,527,835
727,688,1415
431,788,1219
235,678,913
667,944,1611
1183,1499,2682
460,463,923
39,847,886
58,460,518
302,333,635
364,611,975
470,1075,1545
589,400,989
581,587,1168
1369,1393,2762
503,568,1071
327,945,1272
125,959,1084
943,1366,2309
1608,2588,4196
591,720,1311
511,474,985
659,351,1010
73,994,1067
2129,2719,4848
886,493,1379
1320,677,1997
575,981,1556
365,1067,1432
553,584,1137
660,452,1112
495,561,1056
239,645,884
205,1076,1281
387,442,829
826,352,1178
394,531,925
917,1145,2062
838,648,1486
3093,893,3986
422,483,905
357,870,1227
774,820,1594
2376,1206,3582
463,972,1435
530,514,1044
523,911,1434
949,672,1621
193,765,958
483,441,924
61,675,736
337,680,1017
1001,529,1530
147,1298,1445
212,1247,1459
438,760,1198
717,1223,1940
398,711,1109
2654,815,3469
773,1375,2148
331,1297,1628
504,891,1395
222,1012,1234
683,1090,1773
22,804,826
956,1463,2419
770,852,1622
349,1005,1354
186,770,956
1018,1131,2149
616,793,1409
1009,687,1696
408,690,1098
995,1232,2227
1219,1201,2420
712,956,1668
1196,436,1632
1201,1090,2291
86,849,935
505,625,1130
1075,937,2012
1075,945,2020
615,591,1206
686,484,1170
342,1057,1399
1301,485,1786
667,583,1250
818,882,1700
503,332,835
1172,496,1668
1159,379,1538
528,1689,2217
529,1013,1542
845,631,1476
1108,467,1575
645,998,1643
839,787,1626
804,400,1204
933,771,1704
1068,478,1546
437,1620,2057
134,390,524
966,898,1864
1305,450,1755
1471,281,1752
873,628,1501
1085,781,1866
891,635,1526
117,496,613
770,1415,2185
91,409,500
1450,306,1756
882,699,1581
1138,1155,2293
83,464,547
778,893,1671
191,371,562
91,495,586
852,851,1703
255,369,624
66,650,716
162,687,849
1489,862,2351
53,570,623
839,737,1576
604,2531,3135
71,679,750
420,217,637
324,628,952
95,882,977
26,411,437
335,588,923
37,923,960
67,434,501
27,831,858
287,618,905
492,565,1057
482,719,1201
22,258,280
476,596,1072
443,757,1200
164,1047,1211
113,1097,1210
92,482,574
525,814,1339
299,1036,1335
311,915,1226
56,1195,1251
375,377,752
256,613,869
618,803,1421
637,660,1297
468,425,893
282,449,731
615,900,1515
628,367,995
77,1299,1376
339,631,970
447,698,1145
595,998,1593
714,657,1371
532,725,1257
406,550,956
104,1488,1592
266,1003,1269
366,830,1196
939,692,1631
417,472,889
576,722,1298
325,616,941
356,792,1148
755,701,1456
607,698,1305
166,824,990
752,649,1401
521,353,874
595,734,1329
1077,633,1710
700,661,1361
372,672,1044
841,667,1508
377,660,1037
668,357,1025
58,661,719
425,1636,2061
1221,830,2051
268,709,977
93,676,769
920,535,1455
410,407,817
487,811,1298
663,1776,2439
451,495,946
190,833,1023
634,646,1280
635,431,1066
538,282,820
345,633,978
229,881,1110
1116,713,1829
602,438,1040
507,505,1012
356,520,876
512,666,1178
429,622,1051
529,630,1159
344,1642,1986
614,557,1171
293,729,1022
358,901,1259
213,591,804
332,415,747
274,456,730
522,865,1387
351,790,1141
359,1200,1559
161,514,675
692,553,1245
426,654,1080
557,1060,1617
286,462,748
342,4311,4653
233,1003,1236
365,886,1251
525,4690,5215
593,744,1337
512,698,1210
349,698,1047
394,4677,5071
808,566,1374
447,607,1054
1220,1150,2370
610,862,1472
652,425,1077
225,1093,1318
339,473,812
417,969,1386
587,331,918
1048,599,1647
591,926,1517
400,623,1023
1652,1294,2946
667,968,1635
2487,2600,5087
368,594,962
1432,1310,2742
344,924,1268
386,325,711
662,606,1268
387,1437,1824
1020,951,1971
553,849,1402
651,692,1343
4585,556,5141
402,642,1044
649,570,1219
543,644,1187
137,427,564
705,1300,2005
713,752,1465
282,863,1145
449,1281,1730
558,1196,1754
480,603,1083
4498,776,5274
449,711,1160
244,577,821
832,604,1436
502,842,1344
479,1299,1778
1213,604,1817
1102,458,1560
526,647,1173
2389,895,3284
768,733,1501
509,622,1131
211,719,930
848,832,1680
384,759,1143
505,1302,1807
501,679,1180
474,883,1357
1236,790,2026
458,813,1271
856,1084,1940
1192,628,1820
775,839,1614
1110,714,1824
1226,509,1735
186,539,725
387,1038,1425
748,660,1408
1277,705,1982
424,1093,1517
692,482,1174
226,866,1092
1098,654,1752
606,1095,1701
369,661,1030
723,424,1147
850,958,1808
686,744,1430
638,558,1196
302,672,974
734,430,1164
294,1378,1672
1007,641,1648
766,799,1565
642,628,1270
552,866,1418
744,1019,1763
410,630,1040
636,327,963
760,577,1337
393,403,796
548,552,1100
492,975,1467
988,518,1506
538,659,1197
463,263,726
528,516,1044
307,721,1028
844,417,1261
280,982,1262
198,474,672
774,694,1468
630,975,1605
573,666,1239
504,278,782
420,385,805
567,581,1148
450,1296,1746
543,784,1327
692,731,1423
284,639,923
474,1176,1650
730,1038,1768
909,687,1596
330,409,739
375,410,785
887,868,1755
1187,622,1809
100,597,697
413,583,996
891,768,1659
677,560,1237
225,632,857
184,737,921
233,768,1001
268,887,1155
213,1804,2017
775,941,1716
232,2200,2432
145,622,767
965,484,1449
625,573,1198
511,1109,1620
354,647,1001
587,523,1110
349,1152,1501
626,448,1074
345,480,825
581,932,1513
614,730,1344
677,553,1230
604,807,1411
387,560,947
808,744,1552
444,2216,2660
753,575,1328
300,893,1193
451,603,1054
964,408,1372
507,1171,1678
403,503,906
552,1094,1646
515,645,1160
1071,316,1387
638,1089,1727
458,728,1186
1536,925,2461
596,918,1514
861,275,1136
298,518,816
515,1185,1700
314,534,848
383,634,1017
672,351,1023
664,646,1310
608,450,1058
774,675,1449
1009,643,1652
679,341,1020
303,509,812
1988,607,2595
896,600,1496
499,606,1105
1957,1052,3009
404,789,1193
642,524,1166
475,631,1106
777,602,1379
615,443,1058
264,354,618
341,1094,1435
54,558,612
130,566,696
581,729,1310
378,877,1255
185,428,613
769,727,1496
826,626,1452
239,342,581
770,669,1439
797,836,1633
1154,1602,2756
117,594,711
113,812,925
821,792,1613
295,334,629
153,723,876
822,1064,1886
786,263,1049
667,924,1591
253,716,969
331,622,953
407,734,1141
936,973,1909
300,589,889
464,571,1035
539,618,1157
68,1052,1120
1012,2217,3229
446,773,1219
201,605,806
244,472,716
1132,2471,3603
634,630,1264
571,651,1222
449,495,944
1244,1637,2881
369,656,1025
552,634,1186
540,379,919
2002,753,2755
851,524,1375
619,483,1102
409,1038,1447
376,632,1008
538,403,941
2287,327,2614
425,544,969
495,858,1353
319,356,675
591,470,1061
517,504,1021
566,667,1233
911,503,1414
232,420,652
64,1934,1998
391,1686,2077
882,434,1316
523,628,1151
1169,348,1517
276,473,749
371,1724,2095
636,467,1103
203,1608,1811
219,501,720
663,645,1308
545,721,1266
719,1367,2086
522,475,997
290,1708,1998
427,880,1307
800,1207,2007
235,537,772
55,1985,2040
230,718,948
669,159,828
1775,254,2029
242,507,749
852,182,1034
303,686,989
436,266,702
130,1936,2066
50,2316,2366
192,231,423
314,1645,1959
577,335,912
66,514,580
959,1340,2299
516,494,1010
104,726,830
847,686,1533
1010,1515,2525
1419,235,1654
58,916,974
509,287,796
1706,496,2202
1517,206,1723
170,707,877
320,2304,2624
838,208,1046
2015,784,2799
673,787,1460
2223,862,3085
651,433,1084
1614,638,2252
211,172,383
489,534,1023
523,539,1062
603,2483,3086
468,293,761
123,910,1033
646,807,1453
2014,318,2332
838,253,1091
273,641,914
240,694,934
814,2588,3402
181,561,742
119,307,426
327,814,1141
250,903,1153
1525,468,1993
133,511,644
251,380,631
569,1018,1587
2183,1262,3445
279,855,1134
413,406,819
438,764,1202
254,927,1181
652,652,1304
169,540,709
918,1012,1930
2599,703,3302
269,1320,1589
660,930,1590
166,974,1140
103,542,645
359,789,1148
515,783,1298
292,703,995
62,664,726
640,1079,1719
463,1176,1639
203,641,844
568,1180,1748
2424,823,3247
683,592,1275
278,577,855
597,1300,1897
306,482,788
866,960,1826
635,806,1441
461,501,962
254,663,917
472,703,1175
1117,769,1886
694,434,1128
692,718,1410
672,527,1199
405,984,1389
930,711,1641
1190,409,1599
650,340,990
553,1020,1573
373,1468,1841
480,421,901
703,691,1394
474,857,1331
415,524,939
647,736,1383
686,735,1421
1241,588,1829
556,770,1326
875,656,1531
764,1292,2056
544,420,964
673,436,1109
874,810,1684
251,1420,1671
640,556,1196
909,713,1622
990,580,1570
363,888,1251
26,542,568
663,759,1422
974,752,1726
515,690,1205
1180,537,1717
247,520,767
821,722,1543
104,595,699
108,697,805
260,777,1037
83,623,706
291,568,859
377,542,919
296,1818,2114
1018,561,1579
566,565,1131
276,717,993
261,781,1042
432,634,1066
265,753,1018
248,713,961
611,604,1215
618,682,1300
1242,644,1886
415,969,1384
306,876,1182
588,627,1215
401,657,1058
209,846,1055
714,2126,2840
599,567,1166
611,500,1111
402,701,1103
359,2350,2709
524,261,785
635,810,1445
671,806,1477
620,814,1434
435,774,1209
269,524,793
1443,1334,2777
260,790,1050
390,449,839
694,229,923
564,778,1342
527,825,1352
205,748,953
343,868,1211
566,256,822
568,766,1334
1819,750,2569
419,647,1066
444,1035,1479
765,306,1071
168,965,1133
535,890,1425
564,1292,1856
272,981,1253
36,906,942
617,761,1378
732,2221,2953
301,599,900
738,515,1253
621,453,1074
370,1189,1559
2241,702,2943
768,988,1756
427,1056,1483
961,692,1653
656,1929,2585
292,738,1030
701,772,1473
64,614,678
822,615,1437
1208,932,2140
683,1050,1733
489,1206,1695
1180,441,1621
657,903,1560
566,619,1185
241,751,992
60,748,808
764,771,1535
809,1937,2746
624,1152,1776
914,960,1874
1211,434,1645
346,794,1140
742,759,1501
627,452,1079
452,603,1055
448,823,1271
2040,719,2759
891,1040,1931
977,822,1799
934,1602,2536
268,831,1099
173,1179,1352
1215,792,2007
481,979,1460
824,590,1414
802,720,1522
553,905,1458
715,533,1248
861,1563,2424
821,441,1262
422,287,709
926,1631,2557
655,895,1550
886,646,1532
631,697,1328
1664,900,2564
664,864,1528
557,1263,1820
750,936,1686
126,899,1025
699,1098,1797
713,622,1335
486,304,790
273,1006,1279
209,1495,1704
917,1039,1956
830,812,1642
1262,834,2096
304,880,1184
314,593,907
1546,605,2151
641,645,1286
777,642,1419
820,1249,2069
1438,610,2048
1822,1287,3109
505,1152,1657
163,754,917
635,872,1507
560,659,1219
930,382,1312
303,725,1028
738,711,1449
590,852,1442
919,751,1670
183,909,1092
660,851,1511
976,647,1623
642,1471,2113
713,330,1043
386,1046,1432
1028,761,1789
604,898,1502
358,505,863
1093,528,1621
424,1697,2121
437,778,1215
307,745,1052
604,671,1275
631,886,1517
701,753,1454
661,579,1240
612,779,1391
903,777,1680
714,593,1307
542,741,1283
438,725,1163
764,467,1231
795,1043,1838
508,867,1375
543,469,1012
223,1392,1615
307,606,913
592,287,879
660,928,1588
630,585,1215
570,654,1224
903,696,1599
486,423,909
1461,175,1636
226,828,1054
544,512,1056
941,217,1158
525,858,1383
431,549,980
974,1293,2267
123,299,422
583,571,1154
1202,1610,2812
797,543,1340
268,447,715
295,907,1202
174,738,912
425,443,868
24,891,915
661,867,1528
794,640,1434
135,480,615
1584,1273,2857
516,934,1450
698,387,1085
317,1344,1661
380,1473,1853
629,598,1227
161,509,670
456,558,1014
1079,1414,2493
458,890,1348
114,570,684
49,856,905
568,1451,2019
190,698,888
399,417,816
1366,638,2004
453,1531,1984
764,656,1420
148,674,822
84,574,658
869,1329,2198
451,584,1035
669,537,1206
1117,657,1774
697,565,1262
290,715,1005
214,742,956
174,608,782
470,446,916
1303,529,1832
114,697,811
674,1279,1953
304,623,927
372,942,1314
290,590,880
1179,782,1961
321,202,523
1010,489,1499
261,658,919
1166,1100,2266
508,540,1048
380,274,654
440,607,1047
1257,904,2161
387,612,999
741,700,1441
557,448,1005
437,557,994
599,5319,5918
689,364,1053
488,542,1030
612,713,1325
390,928,1318
464,1073,1537
1318,898,2216
113,442,555
673,616,1289
1141,1124,2265
881,868,1749
262,989,1251
518,1013,1531
894,820,1714
461,886,1347
612,778,1390
563,761,1324
838,831,1669
753,667,1420
155,701,856
674,5417,6091
36,522,558
451,423,874
384,1044,1428
1060,5262,6322
390,789,1179
46,557,603
661,927,1588
631,1009,1640
313,379,692
531,1478,2009
604,300,904
561,373,934
655,5018,5673
821,1316,2137
392,453,845
280,856,1136
123,486,609
157,938,1095
408,359,767
569,290,859
562,596,1158
652,295,947
634,694,1328
621,707,1328
445,825,1270
140,1105,1245
459,492,951
4983,890,5873
926,538,1464
392,1071,1463
208,432,640
5163,734,5897
177,345,522
702,545,1247
459,856,1315
155,458,613
850,473,1323
341,381,722
618,351,969
701,1219,1920
834,822,1656
412,1073,1485
415,274,689
159,287,446
339,719,1058
108,326,434
4937,740,5677
460,4646,5106
147,664,811
784,826,1610
905,740,1645
900,570,1470
160,372,532
629,560,1189
174,309,483
87,469,556
828,632,1460
497,327,824
418,356,774
195,578,773
852,975,1827
1102,1297,2399
300,6468,6768
293,563,856
208,774,982
878,652,1530
868,1272,2140
89,348,437
319,6845,7164
386,1178,1564
760,814,1574
4478,2673,7151
502,735,1237
1091,290,1381
95,601,696
258,947,1205
581,572,1153
49,368,417
191,677,868
388,981,1369
270,663,933
166,816,982
6242,732,6974
363,741,1104
69,875,944
288,750,1038
218,699,917
1893,688,2581
365,473,838
200,825,1025
287,664,951
6800,400,7200
227,841,1068
1219,514,1733
706,498,1204
2466,691,3157
263,1149,1412
124,1557,1681
55,1390,1445
972,402,1374
489,758,1247
344,1818,2162
1069,389,1458
209,1369,1578
425,696,1121
835,643,1478
380,639,1019
246,1372,1618
148,417,565
660,596,1256
691,776,1467
992,784,1776
1008,525,1533
825,499,1324
676,687,1363
940,804,1744
610,829,1439
196,681,877
270,452,722
1064,565,1629
67,816,883
213,574,787
758,773,1531
170,659,829
108,820,928
613,549,1162
288,596,884
264,595,859
454,578,1032
526,521,1047
351,555,906
242,779,1021
432,614,1046
283,805,1088
1201,471,1672
570,1307,1877
276,675,951
1195,905,2100
630,1560,2190
555,425,980
330,717,1047
1094,1522,2616
1250,926,2176
595,315,910
1547,1112,2659
756,1333,2089
436,448,884
367,936,1303
470,796,1266
1535,1031,2566
569,467,1036
1320,247,1567
651,895,1546
673,708,1381
496,654,1150
508,688,1196
137,1520,1657
917,276,1193
412,786,1198
451,779,1230
1090,818,1908
569,1085,1654
1114,250,1364
505,528,1033
470,668,1138
773,496,1269
358,806,1164
326,784,1110
570,882,1452
923,494,1417
1211,665,1876
661,517,1178
935,453,1388
221,1193,1414
1482,584,2066
492,1434,1926
504,726,1230
628,782,1410
595,416,1011
367,987,1354
768,621,1389
723,1039,1762
125,496,621
644,435,1079
1139,333,1472
502,1321,1823
544,580,1124
363,589,952
912,965,1877
396,431,827
74,596,670
335,767,1102
264,647,911
220,425,645
331,1593,1924
618,711,1329
269,686,955
663,508,1171
953,710,1663
121,965,1086
606,1124,1730
687,1415,2102
425,273,698
825,1119,1944
517,726,1243
389,618,1007
521,1849,2370
1212,445,1657
461,743,1204
651,322,973
507,665,1172
177,445,622
293,731,1024
485,1300,1785
663,501,1164
1260,1051,2311
1372,685,2057
374,900,1274
488,907,1395
215,671,886
435,1254,1689
682,322,1004
1314,1140,2454
938,744,1682
541,607,1148
444,1495,1939
246,1094,1340
1244,611,1855
205,861,1066
843,939,1782
579,423,1002
768,568,1336
1718,712,2430
353,1134,1487
571,1013,1584
748,1727,2475
620,1285,1905
316,1624,1940
150,1202,1352
359,1218,1577
635,1285,1920
1025,868,1893
380,449,829
379,1195,1574
1029,783,1812
366,830,1196
776,991,1767
357,591,948
516,1198,1714
1054,847,1901
924,857,1781
447,795,1242
805,1584,2389
601,662,1263
431,917,1348
499,794,1293
220,968,1188
808,887,1695
783,658,1441
624,835,1459
1559,430,1989
476,1063,1539
999,656,1655
850,492,1342
1149,572,1721
189,796,985
324,949,1273
1040,1070,2110
1263,1562,2825
617,582,1199
554,977,1531
1199,815,2014
1054,480,1534
781,1056,1837
609,574,1183
291,935,1226
748,671,1419
1591,1097,2688
708,591,1299
705,745,1450
646,543,1189
863,673,1536
596,929,1525
1114,848,1962
810,517,1327
353,808,1161
969,1164,2133
1470,1097,2567
695,615,1310
280,451,731
601,344,945
519,672,1191
946,528,1474
603,286,889
496,583,1079
1244,969,2213
491,826,1317
830,836,1666
448,560,1008
1053,803,1856
941,728,1669
309,307,616
541,588,1129
736,727,1463
513,852,1365
320,426,746
1226,984,2210
731,978,1709
977,692,1669
829,1753,2582
508,941,1449
1093,668,1761
857,604,1461
433,814,1247
354,1173,1527
516,581,1097
766,766,1532
742,1392,2134
741,658,1399
508,1518,2026
663,689,1352
504,552,1056
635,574,1209
474,275,749
911,1417,2328
398,796,1194
952,332,1284
923,493,1416
201,423,624
418,1513,1931
532,326,858
693,540,1233
739,1778,2517
518,805,1323
748,641,1389
503,590,1093
840,430,1270
639,794,1433
235,873,1108
525,1515,2040
459,333,792
577,960,1537
319,913,1232
495,975,1470
388,830,1218
666,598,1264
592,736,1328
928,1490,2418
716,1905,2621
723,417,1140
599,848,1447
479,550,1029
296,958,1254
139,1125,1264
726,705,1431
1654,1013,2667
801,676,1477
249,491,740
1222,1225,2447
1410,604,2014
320,769,1089
1318,1199,2517
840,528,1368
1152,1026,2178
1325,921,2246
231,798,1029
444,764,1208
671,614,1285
876,509,1385
506,807,1313
796,560,1356
1364,891,2255
898,300,1198
1746,1222,2968
221,944,1165
1215,461,1676
721,836,1557
515,910,1425
769,538,1307
696,1045,1741
624,848,1472
1809,1279,3088
315,1112,1427
526,652,1178
1124,1063,2187
515,1503,2018
890,926,1816
523,1502,2025
689,1293,1982
882,1636,2518
1170,444,1614
947,551,1498
468,1662,2130
979,1065,2044
816,1049,1865
513,1210,1723
1110,1446,2556
929,445,1374
541,853,1394
666,1469,2135
758,1157,1915
804,1040,1844
367,1354,1721
725,1410,2135
269,1766,2035
400,521,921
1116,477,1593
833,1218,2051
498,1344,1842
1251,816,2067
140,1761,1901
751,392,1143
297,530,827
1212,837,2049
879,937,1816
822,1373,2195
1282,442,1724
145,805,950
1373,393,1766
1157,454,1611
775,348,1123
387,436,823
596,569,1165
105,1273,1378
771,763,1534
530,858,1388
950,415,1365
384,733,1117
969,981,1950
1176,416,1592
662,775,1437
933,465,1398
810,575,1385
697,277,974
1350,355,1705
684,446,1130
1096,1395,2491
1094,499,1593
121,448,569
944,619,1563
950,537,1487
132,475,607
86,424,510
21,456,477
76,623,699
106,443,549
80,481,561
143,503,646
829,1421,2250
242,375,617
45,673,718
372,2268,2640
377,258,635
18,513,531
96,670,766
38,382,420
355,242,597
985,1952,2937
254,479,733
407,316,723
628,2070,2698
441,425,866
642,1887,2529
277,2245,2522
686,383,1069
258,902,1160
1609,1032,2641
373,1973,2346
143,844,987
251,798,1049
1104,1491,2595
192,1111,1303
304,564,868
198,358,556
228,1128,1356
359,986,1345
265,1080,1345
823,1832,2655
238,544,782
632,784,1416
1319,1166,2485
1788,765,2553
704,1195,1899
824,535,1359
681,814,1495
1410,658,2068
322,468,790
440,675,1115
316,702,1018
573,519,1092
1276,678,1954
1476,446,1922
720,384,1104
665,1243,1908
1828,811,2639
211,767,978
394,512,906
820,515,1335
216,886,1102
123,1187,1310
106,1241,1347
946,385,1331
676,761,1437
1274,876,2150
357,1111,1468
326,1098,1424
707,663,1370
436,1111,1547
881,604,1485
744,503,1247
1262,330,1592
725,878,1603
862,540,1402
793,736,1529
1859,1237,3096
883,733,1616
448,753,1201
735,375,1110
390,665,1055
803,853,1656
268,554,822
473,396,869
271,634,905
655,1000,1655
614,669,1283
632,1375,2007
580,1194,1774
1184,284,1468
873,693,1566
284,569,853
587,336,923
482,1552,2034
1141,376,1517
547,463,1010
132,2002,2134
1135,1122,2257
782,512,1294
1076,521,1597
466,484,950
312,518,830
182,460,642
258,2170,2428
431,438,869
580,1033,1613
70,848,918
1459,1146,2605
815,1316,2131
219,679,898
585,807,1392
295,215,510
1134,884,2018
142,902,1044
393,685,1078
905,700,1605
309,867,1176
310,303,613
132,596,728
981,292,1273
1913,684,2597
959,995,1954
403,754,1157
341,436,777
373,1448,1821
550,287,837
332,911,1243
573,313,886
678,786,1464
780,542,1322
905,562,1467
608,496,1104
577,329,906
700,808,1508
602,354,956
221,1396,1617
2163,575,2738
411,318,729
653,424,1077
740,670,1410
1245,321,1566
152,467,619
698,550,1248
999,829,1828
55,728,783
472,1207,1679
55,425,480
391,587,978
634,399,1033
266,528,794
117,862,979
96,1384,1480
736,1691,2427
644,702,1346
272,843,1115
820,418,1238
1017,626,1643
403,1848,2251
651,526,1177
98,435,533
1098,618,1716
533,1131,1664
685,1016,1701
468,1852,2320
164,700,864
57,698,755
166,496,662
96,552,648
351,3342,3693
1314,412,1726
343,813,1156
147,768,915
1060,872,1932
453,732,1185
357,611,968
316,1079,1395
352,580,932
232,840,1072
526,509,1035
666,1135,1801
501,927,1428
390,1042,1432
577,372,949
414,507,921
192,794,986
600,894,1494
1615,530,2145
705,422,1127
979,879,1858
403,1142,1545
1688,816,2504
383,656,1039
368,739,1107
760,956,1716
578,613,1191
269,841,1110
526,448,974
458,691,1149
928,442,1370
688,862,1550
752,637,1389
784,435,1219
741,891,1632
436,671,1107
350,1195,1545
276,564,840
997,535,1532
372,626,998
627,669,1296
747,732,1479
533,405,938
512,911,1423
993,785,1778
680,841,1521
189,560,749
641,419,1060
659,393,1052
193,885,1078
193,1206,1399
355,367,722
474,559,1033
857,927,1784
786,870,1656
357,540,897
704,561,1265
647,822,1469
530,787,1317
413,508,921
272,625,897
516,1019,1535
642,861,1503
549,460,1009
311,552,863
496,532,1028
806,1026,1832
583,667,1250
862,576,1438
360,652,1012
795,798,1593
775,585,1360
158,609,767
229,543,772
436,814,1250
363,708,1071
725,671,1396
936,788,1724
419,655,1074
423,999,1422
694,568,1262
624,4871,5495
464,664,1128
368,556,924
333,861,1194
777,715,1492
686,696,1382
538,901,1439
128,698,826
633,614,1247
441,5019,5460
378,550,928
148,721,869
1433,4172,5605
588,1099,1687
180,806,986
695,761,1456
358,764,1122
319,842,1161
301,678,979
470,517,987
639,663,1302
3028,2377,5405
447,955,1402
435,825,1260
519,652,1171
916,405,1321
340,824,1164
472,839,1311
346,604,950
906,804,1710
537,682,1219
5006,572,5578
856,585,1441
665,608,1273
974,501,1475
4030,524,4554
737,740,1477
521,679,1200
445,436,881
399,1233,1632
518,570,1088
2166,604,2770
212,587,799
500,1348,1848
606,689,1295
707,595,1302
383,465,848
700,1022,1722
543,496,1039
437,534,971
564,381,945
698,1385,2083
385,1053,1438
564,446,1010
579,587,1166
924,2036,2960
691,1194,1885
1024,499,1523
358,670,1028
562,881,1443
525,313,838
415,694,1109
465,447,912
557,849,1406
949,1838,2787
656,1085,1741
1301,414,1715
1273,1281,2554
959,992,1951
738,1012,1750
866,615,1481
1943,436,2379
502,628,1130
241,432,673
455,1081,1536
438,408,846
228,457,685
757,803,1560
1077,451,1528
265,625,890
95,844,939
341,574,915
756,1033,1789
436,812,1248
444,1121,1565
265,751,1016
912,503,1415
348,1517,1865
303,605,908
286,814,1100
587,1329,1916
502,1055,1557
1005,593,1598
109,867,976
414,1223,1637
1018,296,1314
391,711,1102
546,489,1035
1638,1339,2977
1320,1002,2322
352,958,1310
734,587,1321
397,164,561
469,1514,1983
293,1514,1807
375,179,554
715,1158,1873
537,1292,1829
740,1072,1812
758,1132,1890
958,1315,2273
781,1515,2296
762,1160,1922
212,2057,2269
1198,1234,2432
592,1053,1645
306,1729,2035
1059,1390,2449
809,1187,1996
705,907,1612
1221,1269,2490
1140,1338,2478
470,1614,2084
724,1173,1897
394,223,617
1859,510,2369
931,805,1736
696,1266,1962
60,1149,1209
867,1043,1910
832,577,1409
698,1280,1978
94,647,741
234,1031,1265
756,609,1365
1096,296,1392
99,1324,1423
674,1779,2453
154,1104,1258
1031,487,1518
1026,455,1481
623,839,1462
924,1906,2830
736,619,1355
150,1109,1259
568,1544,2112
884,1580,2464
503,458,961
154,842,996
412,2114,2526
1668,873,2541
97,435,532
1583,1020,2603
1088,655,1743
738,767,1505
663,939,1602
549,349,898
656,830,1486
163,1110,1273
1031,890,1921
1806,247,2053
130,463,593
1179,953,2132
660,698,1358
1564,413,1977
333,459,792
1695,442,2137
869,548,1417
554,370,924
118,693,811
859,1034,1893
989,653,1642
659,279,938
176,806,982
583,953,1536
628,290,918
503,459,962
938,1013,1951
44,389,433
289,410,699
1101,728,1829
1035,1188,2223
206,529,735
299,723,1022
702,987,1689
1247,1147,2394
255,539,794
388,465,853
990,971,1961
754,1204,1958
613,728,1341
52,1334,1386
855,724,1579
1139,1371,2510
318,263,581
413,416,829
358,946,1304
741,813,1554
695,623,1318
241,1295,1536
1059,1064,2123
857,526,1383
1048,426,1474
449,1222,1671
551,1102,1653
319,1462,1781
478,687,1165
1184,279,1463
286,298,584
541,1155,1696
259,872,1131
60,505,565
960,262,1222
994,800,1794
121,956,1077
290,1317,1607
523,607,1130
338,527,865
632,1165,1797
677,528,1205
1383,792,2175
226,903,1129
1203,505,1708
68,599,667
691,371,1062
908,1454,2362
323,1344,1667
266,453,719
19,767,786
859,529,1388
717,727,1444
1010,1014,2024
287,536,823
499,454,953
1079,843,1922
623,1434,2057
479,332,811
513,461,974
289,1230,1519
1096,967,2063
675,419,1094
1145,1005,2150
358,447,805
148,677,825
861,1512,2373
503,1458,1961
710,1089,1799
247,853,1100
756,1243,1999
346,668,1014
209,1245,1454
197,989,1186
503,1458,1961
135,779,914
1135,303,1438
574,873,1447
1076,1250,2326
534,595,1129
968,895,1863
546,475,1021
824,661,1485
416,892,1308
569,765,1334
224,771,995
1153,315,1468
529,354,883
1313,1097,2410
920,1326,2246
329,982,1311
223,750,973
713,492,1205
1188,1330,2518
138,1039,1177
511,842,1353
543,666,1209
751,1090,1841
895,739,1634
1140,831,1971
740,485,1225
1136,948,2084
277,834,1111
191,1049,1240
648,628,1276
1011,592,1603
1130,385,1515
863,514,1377
1148,1001,2149
891,515,1406
168,857,1025
1403,720,2123
605,799,1404
787,324,1111
405,503,908
345,1196,1541
919,416,1335
838,535,1373
224,896,1120
738,622,1360
648,992,1640
617,554,1171
339,340,679
835,529,1364
615,581,1196
952,574,1526
676,927,1603
268,889,1157
144,758,902
393,583,976
399,443,842
751,1101,1852
777,905,1682
280,677,957
223,548,771
802,551,1353
486,434,920
205,516,721
1143,668,1811
550,687,1237
246,588,834
508,1099,1607
487,465,952
516,641,1157
521,654,1175
237,1040,1277
288,437,725
911,1675,2586
443,597,1040
409,880,1289
577,449,1026
680,601,1281
443,616,1059
639,615,1254
405,957,1362
434,632,1066
705,2071,2776
373,613,986
689,501,1190
243,737,980
885,688,1573
493,399,892
577,854,1431
767,2854,3621
659,692,1351
469,817,1286
415,759,1174
428,628,1056
570,664,1234
511,565,1076
350,704,1054
781,532,1313
742,2703,3445
520,592,1112
886,1861,2747
507,717,1224
480,650,1130
410,700,1110
524,448,972
514,761,1275
781,592,1373
570,821,1391
419,551,970
961,854,1815
1611,1324,2935
357,610,967
1139,2327,3466
500,244,744
321,1001,1322
388,690,1078
632,682,1314
538,401,939
528,594,1122
446,746,1192
1952,926,2878
551,602,1153
1119,2201,3320
701,659,1360
269,1068,1337
969,1007,1976
438,864,1302
379,413,792
522,559,1081
708,365,1073
271,613,884
1598,933,2531
413,910,1323
2637,928,3565
605,1018,1623
640,1440,2080
770,717,1487
2284,741,3025
891,844,1735
634,626,1260
628,297,925
1316,770,2086
1025,675,1700
378,822,1200
606,795,1401
145,460,605
924,475,1399
2093,751,2844
824,566,1390
814,590,1404
241,445,686
795,656,1451
705,730,1435
735,770,1505
532,1051,1583
693,1246,1939
826,767,1593
805,872,1677
666,871,1537
635,1064,1699
64,472,536
401,614,1015
237,777,1014
209,525,734
435,631,1066
1015,1087,2102
832,1034,1866
757,965,1722
59,754,813
1292,1070,2362
334,940,1274
371,475,846
235,1026,1261
292,502,794
561,333,894
426,895,1321
1117,899,2016
522,786,1308
401,896,1297
543,531,1074
683,1002,1685
685,693,1378
421,318,739
851,532,1383
572,670,1242
934,307,1241
611,663,1274
625,462,1087
847,1598,2445
619,662,1281
706,277,983
854,746,1600
873,383,1256
436,579,1015
232,1482,1714
1035,488,1523
421,663,1084
454,1047,1501
922,724,1646
273,584,857
695,1056,1751
410,724,1134
650,412,1062
423,985,1408
986,524,1510
438,513,951
409,649,1058
399,1129,1528
448,728,1176
1449,343,1792
303,399,702
663,547,1210
376,1072,1448
665,305,970
48,1169,1217
464,334,798
525,549,1074
1378,274,1652
609,596,1205
624,378,1002
825,559,1384
620,544,1164
670,887,1557
1090,419,1509
438,801,1239
72,517,589
789,489,1278
853,605,1458
827,509,1336
95,503,598
87,629,716
1010,669,1679
83,624,707
78,505,583
117,555,672
1169,841,2010
1119,331,1450
274,316,590
796,555,1351
1127,573,1700
1187,455,1642
221,451,672
98,1006,1104
74,503,577
137,565,702
288,468,756
83,603,686
373,552,925
81,1063,1144
200,914,1114
62,779,841
406,554,960
387,967,1354
156,1275,1431
301,975,1276
107,1108,1215
130,1105,1235
205,1309,1514
561,803,1364
205,1141,1346
349,1177,1526
1780,534,2314
217,1220,1437
572,948,1520
283,1221,1504
429,470,899
247,732,979
177,1401,1578
825,563,1388
258,983,1241
583,705,1288
69,754,823
393,1175,1568
878,456,1334
752,903,1655
187,1072,1259
399,1146,1545
435,1304,1739
611,576,1187
660,825,1485
241,1191,1432
534,714,1248
75,884,959
808,437,1245
625,787,1412
309,992,1301
700,879,1579
248,1560,1808
961,832,1793
859,718,1577
1124,508,1632
610,704,1314
882,1380,2262
1031,840,1871
1032,626,1658
977,470,1447
458,993,1451
1089,607,1696
863,873,1736
593,668,1261
1288,1144,2432
1112,718,1830
222,828,1050
444,722,1166
1106,632,1738
926,649,1575
1052,806,1858
1126,812,1938
1335,887,2222
41,625,666
715,1162,1877
396,712,1108
452,686,1138
588,774,1362
932,724,1656
340,1347,1687
367,907,1274
282,403,685
1292,609,1901
492,1257,1749
789,735,1524
931,647,1578
282,670,952
811,676,1487
574,702,1276
296,407,703
417,778,1195
647,1065,1712
694,845,1539
413,760,1173
291,756,1047
58,873,931
549,1405,1954
524,563,1087
769,1027,1796
511,719,1230
33,1324,1357
340,909,1249
518,713,1231
486,1063,1549
316,1054,1370
285,1154,1439
279,962,1241
769,715,1484
340,713,1053
19,1521,1540
376,1386,1762
597,437,1034
877,880,1757
838,922,1760
463,1201,1664
576,731,1307
729,870,1599
732,1178,1910
1276,524,1800
431,1164,1595
142,1971,2113
954,704,1658
1238,625,1863
518,482,1000
575,1572,2147
1336,404,1740
646,1129,1775
972,864,1836
332,919,1251
480,1171,1651
638,674,1312
388,946,1334
941,607,1548
865,1054,1919
693,409,1102
765,659,1424
1126,797,1923
439,1143,1582
585,1126,1711
662,1562,2224
411,1179,1590
278,427,705
853,951,1804
825,944,1769
1078,552,1630
818,671,1489
902,651,1553
221,1002,1223
674,563,1237
490,827,1317
1433,699,2132
423,697,1120
655,1112,1767
648,579,1227
959,645,1604
268,1028,1296
994,537,1531
476,527,1003
773,1249,2022
822,807,1629
199,896,1095
1886,693,2579
451,558,1009
484,1246,1730
737,813,1550
585,497,1082
519,811,1330
1034,1150,2184
773,657,1430
892,554,1446
257,1172,1429
1400,1340,2740
514,966,1480
501,1955,2456
816,1060,1876
585,638,1223
533,866,1399
668,1983,2651
351,674,1025
418,640,1058
586,952,1538
1473,1480,2953
1027,1079,2106
255,1477,1732
392,842,1234
674,1312,1986
693,966,1659
560,1850,2410
425,689,1114
626,696,1322
992,810,1802
408,733,1141
949,720,1669
758,1256,2014
735,676,1411
1234,709,1943
865,630,1495
1101,1065,2166
709,663,1372
1327,776,2103
1317,1138,2455
734,679,1413
612,1151,1763
647,1673,2320
461,748,1209
252,1282,1534
1036,926,1962
739,1495,2234
1183,575,1758
1690,537,2227
615,509,1124
580,446,1026
1069,1448,2517
563,1005,1568
886,1047,1933
122,503,625
933,1287,2220
930,596,1526
498,705,1203
888,711,1599
527,939,1466
1772,1283,3055
666,661,1327
553,960,1513
174,494,668
1764,1364,3128
347,648,995
823,912,1735
869,620,1489
252,634,886
1517,651,2168
1165,439,1604
495,1151,1646
1055,615,1670
603,924,1527
1208,1348,2556
521,501,1022
976,549,1525
328,719,1047
401,389,790
761,647,1408
935,747,1682
562,1498,2060
764,1433,2197
120,1200,1320
782,538,1320
605,1450,2055
1228,752,1980
1119,821,1940
993,1187,2180
1251,992,2243
899,814,1713
930,872,1802
489,549,1038
534,816,1350
592,913,1505
448,649,1097
696,632,1328
204,608,812
1223,567,1790
563,1024,1587
602,335,937
466,1092,1558
566,1675,2241
784,1091,1875
646,887,1533
464,798,1262
491,547,1038
1323,551,1874
598,960,1558
722,209,931
635,1046,1681
232,1871,2103
1084,899,1983
52,995,1047
350,1414,1764
584,1293,1877
1104,661,1765
864,647,1511
626,367,993
758,950,1708
445,1572,2017
879,842,1721
239,1004,1243
230,1425,1655
556,1395,1951
1034,673,1707
1162,1135,2297
906,712,1618
278,673,951
1118,571,1689
718,1355,2073
865,662,1527
915,945,1860
1029,577,1606
268,759,1027
435,927,1362
1456,653,2109
777,888,1665
1082,723,1805
1327,411,1738
660,516,1176
1364,1411,2775
367,987,1354
497,933,1430
2005,838,2843
430,585,1015
1316,406,1722
259,409,668
663,632,1295
1066,584,1650
240,595,835
410,1602,2012
430,434,864
1145,822,1967
828,823,1651
272,604,876
1217,840,2057
507,968,1475
631,593,1224
233,794,1027
519,1585,2104
478,427,905
196,1771,1967
1388,524,1912
493,580,1073
375,455,830
1238,581,1819
714,701,1415
508,795,1303
685,753,1438
455,531,986
726,547,1273
966,707,1673
533,658,1191
444,724,1168
1002,1620,2622
705,685,1390
1357,634,1991
304,1374,1678
258,500,758
74,669,743
790,1041,1831
1450,767,2217
544,991,1535
603,738,1341
245,670,915
629,1172,1801
463,1070,1533
341,733,1074
614,1176,1790
310,1380,1690
1670,606,2276
530,415,945
485,562,1047
503,792,1295
759,882,1641
503,1263,1766
486,1078,1564
204,734,938
1455,436,1891
491,678,1169
514,592,1106
614,656,1270
1346,618,1964
629,454,1083
578,884,1462
453,682,1135
136,1208,1344
463,901,1364
987,831,1818
659,564,1223
183,1367,1550
348,1067,1415
907,640,1547
524,638,1162
517,563,1080
288,809,1097
301,612,913
1065,636,1701
486,573,1059
1142,465,1607
336,884,1220
737,999,1736
681,588,1269
512,554,1066
343,1031,1374
391,635,1026
1042,744,1786
806,397,1203
443,467,910
1095,580,1675
769,946,1715
950,889,1839
596,474,1070
535,434,969
734,1284,2018
680,868,1548
590,669,1259
361,597,958
486,469,955
476,545,1021
1227,590,1817
973,864,1837
380,865,1245
324,1033,1357
835,912,1747
369,843,1212
647,809,1456
426,747,1173
712,565,1277
498,1003,1501
468,326,794
682,1697,2379
512,879,1391
908,1537,2445
614,189,803
1141,973,2114
542,2019,2561
656,242,898
668,1574,2242
1457,412,1869
728,1682,2410
394,253,647
588,1321,1909
1453,271,1724
427,1487,1914
77,285,362
448,1338,1786
580,1411,1991
526,1158,1684
803,292,1095
438,513,951
458,1284,1742
288,1621,1909
110,304,414
613,711,1324
766,1531,2297
503,1467,1970
83,1321,1404
766,599,1365
243,366,609
155,1364,1519
96,579,675
155,387,542
1350,898,2248
162,597,759
521,279,800
669,214,883
138,1295,1433
570,238,808
579,1207,1786
592,1255,1847
1075,586,1661
193,1319,1512
1548,805,2353
488,700,1188
801,1220,2021
1193,787,1980
1010,746,1756
60,262,322
539,1178,1717
1136,796,1932
1195,723,1918
20,222,242
1117,963,2080
475,762,1237
221,1924,2145
1265,765,2030
1206,1003,2209
825,674,1499
534,869,1403
1226,840,2066
1301,778,2079
50,510,560
506,860,1366
516,1737,2253
1281,702,1983
80,1330,1410
384,549,933
169,574,743
81,941,1022
463,399,862
85,414,499
306,734,1040
435,680,1115
1087,522,1609
116,945,1061
539,425,964
464,645,1109
84,661,745
398,890,1288
1119,1376,2495
656,496,1152
351,672,1023
503,774,1277
1212,1108,2320
1702,885,2587
850,298,1148
1061,779,1840
133,1023,1156
704,454,1158
680,363,1043
511,769,1280
153,968,1121
750,1468,2218
1454,771,2225
177,355,532
50,648,698
1121,1123,2244
419,894,1313
391,709,1100
600,718,1318
350,1011,1361
527,1045,1572
1121,1051,2172
1013,547,1560
269,454,723
566,811,1377
824,433,1257
903,450,1353
230,469,699
739,562,1301
274,558,832
621,957,1578
565,321,886
324,482,806
943,403,1346
463,416,879
925,446,1371
494,384,878
1051,316,1367
1278,355,1633
667,314,981
959,406,1365
1088,189,1277
1017,212,1229
990,285,1275
936,309,1245
999,173,1172
147,334,481
857,486,1343
142,360,502
210,297,507
212,266,478
177,376,553
157,406,563
254,340,594
675,696,1371
229,513,742
284,522,806
137,328,465
289,263,552
235,440,675
161,490,651
169,558,727
267,533,800
591,271,862
209,410,619
518,310,828
860,955,1815
86,347,433
153,448,601
1580,423,2003
159,634,793
1676,412,2088
301,620,921
152,573,725
306,640,946
199,807,1006
218,585,803
196,539,735
224,990,1214
640,413,1053
59,1252,1311
505,576,1081
185,454,639
292,859,1151
213,825,1038
229,568,797
448,314,762
396,797,1193
656,268,924
544,988,1532
431,1181,1612
431,653,1084
750,277,1027
509,1094,1603
597,605,1202
221,647,868
166,343,509
130,974,1104
530,1099,1629
264,575,839
292,287,579
219,821,1040
815,965,1780
410,866,1276
535,304,839
425,657,1082
1172,687,1859
1057,219,1276
754,354,1108
602,275,877
434,563,997
1165,275,1440
1126,186,1312
772,568,1340
590,138,728
1010,440,1450
636,740,1376
517,835,1352
781,578,1359
298,398,696
813,290,1103
984,842,1826
164,899,1063
256,418,674
101,667,768
226,524,750
337,1440,1777
932,554,1486
821,318,1139
902,268,1170
970,871,1841
739,1076,1815
405,301,706
212,814,1026
151,630,781
261,600,861
603,1426,2029
235,776,1011
829,932,1761
726,1003,1729
917,920,1837
806,1213,2019
263,988,1251
683,617,1300
211,766,977
441,573,1014
301,993,1294
793,543,1336
1087,1061,2148
159,801,960
821,479,1300
712,1377,2089
706,1474,2180
883,329,1212
369,709,1078
231,435,666
1179,1380,2559
318,1141,1459
597,608,1205
540,721,1261
846,768,1614
290,935,1225
619,975,1594
348,593,941
191,1188,1379
920,755,1675
683,421,1104
433,821,1254
893,314,1207
1018,700,1718
221,913,1134
263,800,1063
377,580,957
593,450,1043
355,893,1248
413,1271,1684
137,582,719
840,461,1301
665,840,1505
692,733,1425
764,1170,1934
513,650,1163
822,459,1281
534,826,1360
822,1024,1846
1027,758,1785
471,872,1343
672,503,1175
657,1197,1854
333,887,1220
1172,706,1878
398,688,1086
799,525,1324
743,1199,1942
189,605,794
701,292,993
266,665,931
953,581,1534
436,539,975
616,905,1521
1084,652,1736
1206,501,1707
936,498,1434
537,552,1089
626,592,1218
302,470,772
750,568,1318
273,625,898
483,663,1146
635,1008,1643
659,1125,1784
1087,687,1774
982,555,1537
1003,1170,2173
597,747,1344
753,368,1121
803,642,1445
491,743,1234
345,958,1303
608,1108,1716
608,1215,1823
1182,627,1809
667,941,1608
973,454,1427
76,565,641
595,708,1303
1125,258,1383
592,735,1327
766,908,1674
692,1033,1725
49,778,827
796,868,1664
107,647,754
73,733,806
24,514,538
79,437,516
294,686,980
980,1778,2758
645,870,1515
163,652,815
155,869,1024
254,1131,1385
141,898,1039
188,903,1091
467,816,1283
982,806,1788
549,2030,2579
649,514,1163
237,666,903
677,603,1280
572,805,1377
76,773,849
502,762,1264
588,773,1361
676,680,1356
1303,877,2180
1016,1586,2602
648,878,1526
453,634,1087
744,789,1533
718,829,1547
351,940,1291
477,921,1398
661,933,1594
900,751,1651
819,1064,1883
754,925,1679
753,930,1683
636,910,1546
164,675,839
480,1133,1613
664,760,1424
196,915,1111
728,1025,1753
97,338,435
435,733,1168
1265,1269,2534
55,1127,1182
638,687,1325
1939,1176,3115
455,938,1393
408,775,1183
1158,1029,2187
573,735,1308
153,504,657
214,737,951
785,832,1617
907,408,1315
262,659,921
437,1102,1539
622,1352,1974
589,1005,1594
306,965,1271
540,1284,1824
694,745,1439
942,321,1263
734,1243,1977
800,579,1379
644,583,1227
514,862,1376
874,677,1551
248,1604,1852
363,1431,1794
430,715,1145
160,680,840
633,1281,1914
997,730,1727
768,1226,1994
765,702,1467
572,1138,1710
415,1114,1529
540,1917,2457
619,909,1528
630,555,1185
950,1075,2025
966,1195,2161
508,1006,1514
593,1913,2506
806,1766,2572
701,662,1363
575,1136,1711
1068,1136,2204
632,1193,1825
1180,508,1688
779,1357,2136
210,1594,1804
718,1506,2224
1163,542,1705
872,395,1267
604,1841,2445
910,1139,2049
198,1111,1309
836,1627,2463
417,1435,1852
712,399,1111
765,546,1311
1393,1071,2464
733,1113,1846
858,1147,2005
358,1354,1712
651,1701,2352
1301,1464,2765
532,806,1338
599,1693,2292
674,1630,2304
538,1141,1679
1353,1025,2378
474,1044,1518
1693,622,2315
501,1416,1917
258,422,680
1755,1010,2765
789,681,1470
1604,659,2263
291,839,1130
1812,899,2711
681,307,988
449,594,1043
1240,839,2079
859,1110,1969
1525,1044,2569
709,1141,1850
1485,1010,2495
354,835,1189
37,1159,1196
290,324,614
1516,590,2106
333,918,1251
1164,863,2027
761,667,1428
798,504,1302
859,525,1384
296,861,1157
587,402,989
338,473,811
1594,1387,2981
847,901,1748
387,438,825
1564,398,1962
1086,385,1471
858,742,1600
155,813,968
1224,807,2031
798,1730,2528
1134,1656,2790
190,826,1016
812,621,1433
1166,879,2045
1314,1525,2839
856,508,1364
331,910,1241
465,423,888
694,1428,2122
1045,1631,2676
876,1078,1954
417,674,1091
546,957,1503
632,1343,1975
1139,1531,2670
225,1067,1292
895,1375,2270
50,730,780
82,1775,1857
542,1670,2212
694,1233,1927
313,644,957
821,969,1790
1292,683,1975
623,892,1515
1191,1152,2343
201,1056,1257
101,931,1032
1190,740,1930
165,653,818
542,783,1325
530,617,1147
1329,703,2032
665,1069,1734
773,967,1740
1534,1010,2544
1108,541,1649
723,860,1583
1436,762,2198
194,1201,1395
943,691,1634
561,884,1445
254,1386,1640
611,1451,2062
329,988,1317
1256,1129,2385
826,561,1387
918,1299,2217
795,1095,1890
746,683,1429
850,763,1613
916,1064,1980
848,716,1564
791,787,1578
1581,690,2271
976,714,1690
579,913,1492
551,1034,1585
573,1167,1740
445,1100,1545
1644,740,2384
1259,559,1818
789,1255,2044
889,471,1360
396,1022,1418
1166,513,1679
995,565,1560
1134,858,1992
718,879,1597
723,563,1286
566,1303,1869
869,1028,1897
580,709,1289
446,1256,1702
1021,810,1831
1010,528,1538
591,582,1173
1271,847,2118
786,812,1598
441,1000,1441
687,1233,1920
550,973,1523
601,911,1512
590,1231,1821
1008,488,1496
447,897,1344
444,685,1129
938,1014,1952
995,652,1647
194,1276,1470
412,1199,1611
432,1286,1718
512,691,1203
857,881,1738
773,519,1292
244,713,957
1009,712,1721
1117,867,1984
743,846,1589
602,1274,1876
989,908,1897
1087,671,1758
230,925,1155
1012,830,1842
719,488,1207
688,560,1248
527,684,1211
343,863,1206
271,1099,1370
752,654,1406
646,923,1569
433,1516,1949
386,618,1004
1052,705,1757
451,839,1290
566,794,1360
430,792,1222
579,860,1439
604,1425,2029
718,1185,1903
806,1576,2382
552,679,1231
571,1171,1742
1073,1105,2178
785,527,1312
1074,1251,2325
288,851,1139
766,633,1399
417,445,862
577,1040,1617
1550,723,2273
1134,374,1508
1021,990,2011
1545,700,2245
560,641,1201
442,782,1224
1533,855,2388
588,972,1560
751,683,1434
885,741,1626
873,670,1543
860,913,1773
755,481,1236
1305,240,1545
832,759,1591
96,491,587
540,1384,1924
1008,583,1591
839,527,1366
495,1896,2391
815,817,1632
759,741,1500
88,249,337
819,1631,2450
352,279,631
276,662,938
110,672,782
862,747,1609
294,658,952
927,1120,2047
783,1006,1789
126,442,568
971,1293,2264
1091,1028,2119
317,423,740
863,1078,1941
616,326,942
340,663,1003
143,1002,1145
165,641,806
381,527,908
1839,509,2348
1131,609,1740
856,487,1343
177,1102,1279
45,691,736
1177,1059,2236
320,962,1282
936,914,1850
549,409,958
1540,669,2209
1030,1839,2869
658,1736,2394
194,807,1001
312,1063,1375
232,705,937
432,1308,1740
478,1037,1515
512,599,1111
990,490,1480
956,760,1716
597,1181,1778
816,602,1418
237,922,1159
819,1857,2676
103,572,675
1022,1694,2716
644,519,1163
682,901,1583
250,887,1137
646,1586,2232
568,663,1231
463,975,1438
335,843,1178
1016,703,1719
209,774,983
1448,371,1819
894,726,1620
1105,2029,3134
1522,709,2231
1071,691,1762
341,695,1036
661,988,1649
1583,769,2352
292,1085,1377
515,507,1022
1144,422,1566
234,2253,2487
997,535,1532
839,1381,2220
402,973,1375
798,417,1215
123,772,895
712,1458,2170
681,665,1346
435,711,1146
287,505,792
381,1090,1471
684,365,1049
614,387,1001
622,1180,1802
400,527,927
108,433,541
1399,1300,2699
126,825,951
421,743,1164
1887,1151,3038
574,1185,1759
69,420,489
461,1333,1794
603,1267,1870
805,785,1590
105,453,558
790,681,1471
211,993,1204
695,536,1231
918,1580,2498
993,1057,2050
160,558,718
832,1411,2243
265,758,1023
848,1097,1945
209,732,941
2153,910,3063
491,982,1473
298,1372,1670
602,1098,1700
270,532,802
505,551,1056
858,890,1748
281,723,1004
747,1070,1817
342,874,1216
290,665,955
1280,885,2165
380,1468,1848
533,870,1403
306,904,1210
462,725,1187
761,1426,2187
611,805,1416
973,921,1894
798,1905,2703
956,1252,2208
1411,697,2108
805,643,1448
591,1868,2459
1245,1018,2263
1021,744,1765
1339,1014,2353
727,980,1707
1116,735,1851
1085,373,1458
90,1046,1136
541,469,1010
707,685,1392
1161,353,1514
1065,1233,2298
629,980,1609
936,330,1266
723,1383,2106
578,516,1094
573,831,1404
329,1210,1539
595,964,1559
719,694,1413
499,672,1171
540,1011,1551
947,1087,2034
202,348,550
629,1167,1796
532,537,1069
971,838,1809
721,1177,1898
1006,944,1950
576,881,1457
522,1314,1836
191,999,1190
685,1086,1771
609,797,1406
725,1065,1790
591,689,1280
941,830,1771
956,1256,2212
1284,484,1768
260,902,1162
647,1327,1974
963,717,1680
880,1102,1982
614,675,1289
810,1381,2191
291,467,758
1134,885,2019
443,700,1143
743,657,1400
1052,687,1739
632,1535,2167
587,854,1441
1150,988,2138
1197,843,2040
563,1372,1935
888,988,1876
557,1293,1850
296,1056,1352
757,666,1423
902,1814,2716
172,1424,1596
649,767,1416
537,817,1354
695,1819,2514
248,1576,1824
961,1210,2171
265,817,1082
542,573,1115
651,1054,1705
768,1137,1905
782,322,1104
970,1332,2302
696,1321,2017
890,1114,2004
276,1413,1689
977,1340,2317
599,1281,1880
985,1243,2228
1302,1253,2555
1015,861,1876
916,945,1861
999,1403,2402
433,931,1364
1242,640,1882
1484,431,1915
570,1452,2022
873,600,1473
1023,1371,2394
1051,349,1400
1061,453,1514
759,664,1423
608,852,1460
1410,939,2349
1221,460,1681
667,347,1014
540,634,1174
1172,319,1491
684,1419,2103
692,1077,1769
1359,243,1602
630,1103,1733
1707,939,2646
860,1016,1876
1162,389,1551
528,1416,1944
999,471,1470
1133,1335,2468
481,1068,1549
19,261,280
1212,985,2197
1068,604,1672
1155,1080,2235
20,596,616
759,832,1591
1418,743,2161
1158,893,2051
1114,343,1457
23,690,713
43,442,485
65,901,966
895,727,1622
931,900,1831
64,642,706
30,892,922
478,565,1043
399,557,956
20,702,722
2137,476,2613
360,722,1082
114,648,762
88,810,898
438,828,1266
361,988,1349
38,1383,1421
472,871,1343
224,815,1039
74,529,603
276,1138,1414
559,566,1125
704,547,1251
132,694,826
1614,629,2243
859,431,1290
801,265,1066
350,541,891
168,863,1031
522,912,1434
822,677,1499
84,494,578
175,1372,1547
445,1354,1799
1081,1058,2139
331,741,1072
837,306,1143
91,2044,2135
1174,419,1593
379,603,982
440,687,1127
316,302,618
754,653,1407
648,1162,1810
747,573,1320
344,588,932
676,1382,2058
727,665,1392
532,1034,1566
428,984,1412
73,963,1036
346,865,1211
663,1023,1686
49,2061,2110
340,1385,1725
1048,572,1620
899,1537,2436
332,857,1189
591,1243,1834
1053,729,1782
284,1022,1306
197,865,1062
552,430,982
1039,488,1527
949,528,1477
491,728,1219
1735,720,2455
341,1079,1420
855,711,1566
476,1038,1514
570,698,1268
390,508,898
884,936,1820
43,849,892
540,1070,1610
631,559,1190
878,787,1665
933,709,1642
835,1049,1884
295,1040,1335
781,494,1275
1819,818,2637
609,1189,1798
479,375,854
1320,892,2212
167,577,744
409,808,1217
389,946,1335
528,892,1420
387,1300,1687
1217,530,1747
765,816,1581
411,2919,3330
572,344,916
242,962,1204
331,780,1111
480,1087,1567
896,745,1641
1124,1095,2219
297,1201,1498
605,885,1490
1268,2006,3274
705,1067,1772
278,1414,1692
741,1019,1760
289,715,1004
1166,2008,3174
672,1016,1688
175,521,696
855,1022,1877
759,528,1287
482,1088,1570
799,904,1703
758,638,1396
2799,474,3273
579,1068,1647
529,853,1382
227,869,1096
1749,832,2581
308,763,1071
1134,919,2053
176,1143,1319
680,503,1183
782,1030,1812
973,983,1956
602,1114,1716
650,1212,1862
240,1149,1389
722,1051,1773
611,1146,1757
850,1283,2133
423,1168,1591
587,862,1449
819,1106,1925
2039,556,2595
731,382,1113
776,1565,2341
443,1178,1621
921,826,1747
298,749,1047
359,978,1337
796,1045,1841
428,685,1113
786,849,1635
172,818,990
980,1644,2624
761,950,1711
1095,717,1812
308,893,1201
592,341,933
1032,846,1878
892,502,1394
1028,1001,2029
660,668,1328
881,566,1447
382,718,1100
616,542,1158
493,744,1237
858,920,1778
1185,1385,2570
381,717,1098
629,487,1116
1062,929,1991
694,718,1412
871,1904,2775
590,547,1137
322,1004,1326
775,1521,2296
161,926,1087
592,1688,2280
623,538,1161
908,1576,2484
531,948,1479
1361,1073,2434
729,518,1247
450,829,1279
687,962,1649
629,592,1221
489,1138,1627
969,1882,2851
345,994,1339
694,1453,2147
804,969,1773
1075,1214,2289
1323,788,2111
754,815,1569
1644,790,2434
1128,1243,2371
499,900,1399
619,390,1009
560,690,1250
664,1039,1703
1372,557,1929
533,808,1341
585,1275,1860
932,812,1744
1313,685,1998
1173,1383,2556
444,742,1186
852,810,1662
98,1237,1335
718,426,1144
964,810,1774
765,576,1341
391,984,1375
492,1489,1981
406,442,848
934,888,1822
777,599,1376
619,734,1353
656,786,1442
661,745,1406
282,933,1215
1792,952,2744
713,1180,1893
102,1476,1578
951,1155,2106
995,536,1531
307,1743,2050
649,1044,1693
382,1683,2065
735,986,1721
977,556,1533
819,583,1402
951,828,1779
157,2091,2248
37,730,767
1474,730,2204
538,1061,1599
991,1637,2628
94,1004,1098
200,681,881
106,601,707
58,873,931
26,419,445
22,845,867
91,960,1051
1154,1553,2707
72,653,725
36,939,975
77,949,1026
149,919,1068
998,1172,2170
1348,1313,2661
179,855,1034
448,600,1048
638,1743,2381
123,680,803
409,761,1170
233,1032,1265
174,1078,1252
893,1637,2530
1866,1103,2969
505,745,1250
464,785,1249
830,1728,2558
226,769,995
691,657,1348
807,663,1470
348,1104,1452
731,825,1556
722,922,1644
574,890,1464
496,932,1428
481,1264,1745
839,1098,1937
493,1360,1853
357,705,1062
629,735,1364
428,1722,2150
1088,870,1958
364,913,1277
782,1054,1836
547,698,1245
1317,1862,3179
417,721,1138
615,728,1343
791,582,1373
1140,1066,2206
391,797,1188
812,821,1633
1265,1081,2346
458,1154,1612
519,742,1261
517,1274,1791
584,920,1504
275,547,822
890,597,1487
506,1023,1529
506,392,898
187,740,927
1285,871,2156
559,354,913
643,828,1471
1568,1873,3441
729,987,1716
657,917,1574
718,1277,1995
539,1146,1685
216,751,967
824,1320,2144
715,1151,1866
176,404,580
786,1367,2153
514,2450,2964
962,854,1816
714,1110,1824
906,1134,2040
466,808,1274
598,903,1501
1281,1086,2367
735,1420,2155
319,495,814
724,1337,2061
1759,1309,3068
477,1648,2125
928,1125,2053
757,781,1538
634,893,1527
980,1405,2385
309,1328,1637
864,1062,1926
303,715,1018
1073,931,2004
1567,1263,2830
473,745,1218
633,815,1448
600,977,1577
671,1350,2021
755,1289,2044
771,834,1605
1264,925,2189
358,1369,1727
1028,959,1987
481,817,1298
1440,844,2284
2206,1296,3502
444,1493,1937
1173,1190,2363
360,851,1211
705,855,1560
625,1474,2099
216,1560,1776
993,1186,2179
1154,837,1991
1049,1036,2085
565,818,1383
1134,635,1769
288,1500,1788
813,706,1519
722,582,1304
1128,896,2024
1181,693,1874
242,711,953
807,1707,2514
446,577,1023
555,1477,2032
538,592,1130
1048,2118,3166
1007,1139,2146
693,1104,1797
1195,1941,3136
1259,541,1800
1258,1867,3125
1096,1810,2906
283,817,1100
278,800,1078
91,563,654
385,1177,1562
661,1323,1984
133,917,1050
1184,197,1381
785,1950,2735
1093,1101,2194
72,496,568
614,925,1539
688,928,1616
579,511,1090
585,1188,1773
1502,1477,2979
439,1139,1578
731,1253,1984
128,480,608
782,693,1475
1964,518,2482
1268,753,2021
61,880,941
1440,711,2151
567,964,1531
676,419,1095
171,656,827
1737,976,2713
1005,506,1511
100,885,985
397,614,1011
905,2167,3072
673,719,1392
336,683,1019
1144,426,1570
1443,871,2314
212,753,965
1016,615,1631
168,427,595
743,735,1478
747,3250,3997
269,796,1065
342,807,1149
226,575,801
164,1099,1263
198,747,945
167,406,573
560,643,1203
465,537,1002
495,544,1039
766,340,1106
571,698,1269
382,621,1003
1026,3026,4052
288,817,1105
657,424,1081
936,3152,4088
524,762,1286
444,754,1198
790,613,1403
26,441,467
1052,207,1259
542,706,1248
249,1156,1405
18,496,514
673,588,1261
2987,798,3785
100,249,349
712,768,1480
96,441,537
2537,980,3517
850,625,1475
39,818,857
681,1453,2134
362,555,917
142,309,451
256,498,754
1057,991,2048
764,948,1712
186,416,602
263,640,903
22,741,763
122,713,835
336,702,1038
134,494,628
103,954,1057
198,588,786
277,770,1047
34,938,972
311,673,984
413,444,857
420,654,1074
139,435,574
375,834,1209
493,420,913
547,735,1282
199,787,986
750,526,1276
123,357,480
542,503,1045
69,522,591
54,1231,1285
473,773,1246
60,556,616
3006,537,3543
688,912,1600
697,2563,3260
397,720,1117
280,376,656
178,385,563
760,565,1325
471,1461,1932
246,558,804
713,946,1659
717,2341,3058
221,556,777
506,911,1417
797,2174,2971
279,552,831
358,996,1354
168,958,1126
1741,469,2210
1005,850,1855
697,1427,2124
226,941,1167
650,1389,2039
294,333,627
286,381,667
356,453,809
1738,488,2226
355,967,1322
415,445,860
716,651,1367
1904,505,2409
310,1694,2004
159,451,610
166,805,971
805,1356,2161
438,934,1372
691,579,1270
722,822,1544
219,505,724
829,726,1555
1265,923,2188
317,632,949
329,1321,1650
274,1442,1716
158,1054,1212
394,508,902
691,862,1553
601,727,1328
263,468,731
973,993,1966
308,509,817
359,1515,1874
1072,864,1936
796,636,1432
359,349,708
352,854,1206
423,830,1253
1337,758,2095
864,896,1760
644,693,1337
639,1299,1938
1119,1097,2216
472,323,795
1145,942,2087
1170,911,2081
225,864,1089
859,794,1653
390,1636,2026
577,722,1299
379,960,1339
527,833,1360
394,795,1189
672,954,1626
63,2214,2277
487,912,1399
370,868,1238
720,793,1513
1340,832,2172
699,857,1556
684,761,1445
711,1122,1833
768,753,1521
244,2104,2348
914,1011,1925
629,557,1186
1464,1256,2720
700,829,1529
1259,835,2094
251,839,1090
649,1281,1930
804,600,1404
709,881,1590
780,601,1381
218,1364,1582
2134,643,2777
778,458,1236
830,942,1772
165,2037,2202
909,687,1596
38,603,641
764,1099,1863
495,1049,1544
758,1133,1891
1881,831,2712
454,1135,1589
408,1063,1471
1100,1031,2131
1001,686,1687
189,491,680
803,932,1735
688,938,1626
610,740,1350
484,575,1059
661,1039,1700
922,860,1782
656,1210,1866
330,670,1000
380,823,1203
205,711,916
302,793,1095
530,698,1228
902,1374,2276
413,722,1135
398,814,1212
552,657,1209
873,527,1400
620,418,1038
585,781,1366
653,581,1234
1268,1615,2883
694,647,1341
391,943,1334
403,777,1180
582,481,1063
35,1445,1480
393,734,1127
727,948,1675
641,759,1400
1921,1044,2965
281,569,850
900,611,1511
689,430,1119
317,849,1166
77,1646,1723
624,852,1476
483,780,1263
742,856,1598
521,846,1367
607,1260,1867
622,548,1170
580,874,1454
470,605,1075
285,1642,1927
620,858,1478
729,802,1531
748,960,1708
428,1152,1580
1197,877,2074
55,551,606
730,725,1455
788,948,1736
1248,870,2118
758,713,1471
569,861,1430
1090,712,1802
680,1249,1929
532,507,1039
830,791,1621
545,696,1241
1523,815,2338
387,1089,1476
268,542,810
480,479,959
632,987,1619
817,1028,1845
699,489,1188
492,1328,1820
261,862,1123
842,1168,2010
541,497,1038
345,812,1157
530,515,1045
464,685,1149
285,1076,1361
439,897,1336
481,949,1430
461,1074,1535
311,1114,1425
259,488,747
576,573,1149
1564,734,2298
750,711,1461
653,1127,1780
449,781,1230
708,590,1298
670,872,1542
470,709,1179
354,545,899
1042,448,1490
917,688,1605
623,1211,1834
628,1016,1644
607,725,1332
276,801,1077
727,509,1236
431,690,1121
616,1234,1850
660,553,1213
574,1154,1728
675,1516,2191
1149,862,2011
308,1090,1398
375,1248,1623
694,610,1304
264,813,1077
1003,666,1669
616,523,1139
429,823,1252
972,997,1969
735,909,1644
804,505,1309
570,623,1193
401,997,1398
847,524,1371
823,1199,2022
580,660,1240
1098,484,1582
1150,959,2109
291,827,1118
596,479,1075
301,1309,1610
804,1010,1814
470,1069,1539
305,517,822
1366,716,2082
266,813,1079
461,717,1178
511,1068,1579
546,1308,1854
730,1005,1735
211,1389,1600
369,371,740
1109,744,1853
990,955,1945
253,1364,1617
535,633,1168
872,1205,2077
464,975,1439
604,609,1213
271,536,807
905,998,1903
520,465,985
319,704,1023
447,297,744
811,812,1623
248,1071,1319
574,991,1565
367,637,1004
439,1164,1603
435,973,1408
598,1761,2359
843,831,1674
507,846,1353
928,530,1458
746,1234,1980
863,1161,2024
137,878,1015
448,1854,2302
885,813,1698
1045,771,1816
471,371,842
944,1828,2772
1196,1555,2751
739,2064,2803
412,1175,1587
1044,1384,2428
389,1083,1472
364,2147,2511
544,1309,1853
43,1092,1135
1733,840,2573
1088,532,1620
561,1296,1857
81,1073,1154
1954,372,2326
1324,319,1643
814,321,1135
2020,274,2294
1093,216,1309
643,1106,1749
747,296,1043
930,248,1178
525,252,777
796,1895,2691
888,603,1491
171,349,520
1138,228,1366
258,260,518
984,1692,2676
84,273,357
993,590,1583
1531,1204,2735
258,335,593
116,333,449
863,595,1458
65,315,380
1373,918,2291
931,404,1335
98,456,554
1575,367,1942
684,1071,1755
740,619,1359
754,1710,2464
148,335,483
972,2311,3283
911,1885,2796
12199,372,12571
115,484,599
1074,332,1406
248,1980,2228
403,499,902
313,1720,2033
65,483,548
199,455,654
1049,2546,3595
119,1904,2023
133,941,1074
190,637,827
820,526,1346
1477,573,2050
205,914,1119
68,707,775
915,2517,3432
318,1960,2278
254,1451,1705
762,2315,3077
372,652,1024
166,682,848
1438,544,1982
286,921,1207
438,726,1164
1754,906,2660
1749,596,2345
102,1889,1991
2043,895,2938
289,606,895
177,331,508
468,727,1195
1674,673,2347
2467,544,3011
481,2700,3181
180,759,939
160,2132,2292
492,846,1338
353,540,893
687,625,1312
541,517,1058
70,886,956
1595,1045,2640
492,539,1031
945,2631,3576
329,1250,1579
1343,1250,2593
399,836,1235
244,502,746
866,1019,1885
605,845,1450
295,955,1250
1719,1267,2986
731,618,1349
2015,1645,3660
724,1043,1767
1750,933,2683
482,526,1008
1986,910,2896
530,1057,1587
341,817,1158
603,894,1497
533,1175,1708
968,852,1820
130,726,856
505,1241,1746
375,920,1295
697,802,1499
137,788,925
812,993,1805
263,773,1036
993,952,1945
619,370,989
345,1156,1501
47,1376,1423
509,919,1428
966,755,1721
859,504,1363
666,852,1518
2370,1125,3495
529,1451,1980
1146,940,2086
2557,1448,4005
314,933,1247
214,1407,1621
762,885,1647
850,930,1780
485,974,1459
498,886,1384
650,959,1609
1002,1185,2187
773,814,1587
1452,1148,2600
886,841,1727
770,1113,1883
445,1101,1546
1023,1175,2198
964,546,1510
981,927,1908
1150,502,1652
392,1103,1495
726,675,1401
616,985,1601
631,381,1012
1059,568,1627
1312,795,2107
158,1187,1345
956,377,1333
674,1049,1723
684,1023,1707
810,855,1665
596,707,1303
1076,843,1919
578,951,1529
1187,883,2070
558,833,1391
851,687,1538
334,365,699
782,1096,1878
695,1097,1792
419,545,964
682,1076,1758
656,707,1363
240,1508,1748
121,529,650
451,940,1391
175,549,724
506,1054,1560
996,656,1652
461,324,785
550,1077,1627
943,717,1660
279,305,584
803,1252,2055
780,964,1744
350,298,648
607,741,1348
847,1286,2133
209,1477,1686
331,742,1073
933,639,1572
872,720,1592
755,1210,1965
633,505,1138
983,701,1684
238,291,529
752,888,1640
575,693,1268
1002,692,1694
121,491,612
1127,1077,2204
804,858,1662
173,513,686
741,1243,1984
881,1013,1894
599,1530,2129
462,1118,1580
1146,564,1710
628,1381,2009
742,1471,2213
1208,702,1910
420,1388,1808
204,561,765
1292,1060,2352
715,1240,1955
857,480,1337
896,1372,2268
663,515,1178
482,788,1270
583,1925,2508
352,621,973
536,678,1214
701,1323,2024
414,1580,1994
552,720,1272
907,386,1293
1054,1290,2344
624,649,1273
1383,1300,2683
1712,771,2483
641,565,1206
535,572,1107
354,789,1143
551,1333,1884
606,337,943
851,403,1254
1143,564,1707
206,319,525
572,565,1137
784,1455,2239
1465,822,2287
401,768,1169
164,515,679
774,1354,2128
1295,857,2152
236,324,560
1217,1241,2458
643,981,1624
601,1339,1940
1472,1021,2493
193,518,711
1255,1315,2570
590,738,1328
645,1071,1716
1080,1286,2366
125,465,590
300,628,928
1086,1161,2247
362,1627,1989
1277,1172,2449
344,637,981
1166,1287,2453
1183,760,1943
604,439,1043
1394,1182,2576
189,610,799
1167,1041,2208
444,422,866
686,1003,1689
433,420,853
1338,818,2156
1240,817,2057
636,818,1454
361,876,1237
1405,646,2051
1127,1139,2266
644,281,925
1324,1198,2522
790,848,1638
741,770,1511
242,832,1074
80,438,518
853,816,1669
557,544,1101
829,690,1519
1192,1087,2279
1025,676,1701
456,913,1369
414,903,1317
1026,998,2024
84,475,559
1175,311,1486
664,624,1288
921,685,1606
307,985,1292
716,809,1525
415,558,973
307,672,979
511,1159,1670
1064,794,1858
242,629,871
402,1987,2389
762,909,1671
314,1148,1462
425,3234,3659
327,678,1005
103,716,819
548,1492,2040
904,2544,3448
520,675,1195
336,858,1194
277,771,1048
498,772,1270
294,462,756
863,499,1362
1912,1588,3500
813,526,1339
588,428,1016
374,878,1252
482,806,1288
466,656,1122
268,647,915
689,1835,2524
322,598,920
3062,503,3565
524,481,1005
52,962,1014
252,778,1030
2161,627,2788
258,468,726
382,1240,1622
746,2150,2896
1346,657,2003
529,575,1104
175,1034,1209
1393,1256,2649
588,840,1428
287,481,768
581,1277,1858
631,1013,1644
289,533,822
413,817,1230
143,755,898
259,1110,1369
519,510,1029
779,735,1514
361,591,952
482,493,975
604,1444,2048
654,932,1586
851,728,1579
383,1451,1834
1420,720,2140
242,904,1146
802,976,1778
375,598,973
410,482,892
520,861,1381
709,696,1405
456,458,914
942,946,1888
1666,925,2591
458,895,1353
508,1010,1518
1037,648,1685
325,1256,1581
667,898,1565
845,789,1634
202,478,680
1159,922,2081
390,800,1190
674,892,1566
252,616,868
1241,526,1767
878,764,1642
976,1315,2291
323,450,773
608,843,1451
552,1015,1567
497,978,1475
742,740,1482
679,716,1395
818,906,1724
276,851,1127
729,791,1520
393,441,834
865,718,1583
762,638,1400
775,582,1357
1120,1260,2380
342,815,1157
822,675,1497
489,690,1179
557,681,1238
482,522,1004
734,719,1453
578,786,1364
732,889,1621
557,1099,1656
654,1033,1687
616,964,1580
865,3709,4574
1069,1829,2898
832,973,1805
304,3719,4023
695,706,1401
616,1017,1633
981,429,1410
696,3417,4113
1172,1138,2310
550,993,1543
745,880,1625
2900,732,3632
1008,1160,2168
437,432,869
928,569,1497
1397,924,2321
427,610,1037
147,961,1108
3342,543,3885
491,806,1297
562,612,1174
2962,604,3566
681,561,1242
674,651,1325
635,1863,2498
625,590,1215
350,1668,2018
745,617,1362
708,1598,2306
751,1729,2480
451,1600,2051
777,396,1173
431,2059,2490
819,2052,2871
665,1608,2273
626,1699,2325
567,672,1239
43,1703,1746
541,2059,2600
705,1939,2644
32,1782,1814
407,634,1041
406,1323,1729
384,1400,1784
623,1925,2548
493,525,1018
541,1268,1809
1281,493,1774
609,1832,2441
1394,440,1834
1475,377,1852
572,468,1040
1384,437,1821
479,1588,2067
1499,380,1879
1661,480,2141
1563,457,2020
1045,810,1855
1571,376,1947
600,1419,2019
1314,426,1740
786,431,1217
1584,921,2505
909,1026,1935
26,313,339
800,1181,1981
87,1096,1183
1715,660,2375
42,393,435
1646,880,2526
90,1355,1445
1522,766,2288
32,495,527
1395,789,2184
25,337,362
83,736,819
124,1210,1334
54,704,758
48,482,530
385,390,775
103,1530,1633
129,1450,1579
79,490,569
648,845,1493
67,463,530
328,441,769
30,672,702
159,1728,1887
177,524,701
807,940,1747
213,394,607
996,584,1580
358,410,768
142,934,1076
988,1089,2077
866,1256,2122
328,557,885
2923,208,3131
754,388,1142
537,793,1330
618,603,1221
646,399,1045
228,1458,1686
1278,782,2060
56,545,601
529,1247,1776
449,717,1166
22,574,596
32,1484,1516
1106,413,1519
33,577,610
614,1036,1650
53,514,567
895,532,1427
660,1018,1678
78,518,596
20,1749,1769
40,827,867
268,380,648
778,1085,1863
385,360,745
386,1003,1389
41,933,974
168,316,484
667,1519,2186
1228,729,1957
139,964,1103
60,593,653
603,813,1416
191,1152,1343
741,1213,1954
124,1083,1207
188,310,498
748,1472,2220
347,959,1306
369,995,1364
251,559,810
544,1009,1553
599,923,1522
715,739,1454
114,628,742
397,1317,1714
815,993,1808
50,877,927
701,759,1460
1201,1149,2350
431,996,1427
600,540,1140
1281,636,1917
173,661,834
783,549,1332
809,1213,2022
120,1839,1959
392,735,1127
1487,1406,2893
949,1016,1965
405,1779,2184
1280,823,2103
596,500,1096
304,1050,1354
426,1230,1656
1073,839,1912
464,634,1098
865,1319,2184
223,634,857
718,1533,2251
870,832,1702
158,619,777
509,1129,1638
220,843,1063
672,1092,1764
813,881,1694
737,1140,1877
442,484,926
741,1031,1772
534,1849,2383
403,623,1026
734,976,1710
442,662,1104
250,798,1048
1636,726,2362
667,658,1325
533,608,1141
1599,839,2438
569,1369,1938
720,491,1211
950,501,1451
1261,794,2055
550,518,1068
412,701,1113
502,652,1154
1026,787,1813
359,380,739
414,792,1206
871,1198,2069
906,480,1386
667,1593,2260
889,1038,1927
862,646,1508
1284,857,2141
390,366,756
1038,866,1904
383,660,1043
509,664,1173
438,462,900
1115,528,1643
1275,899,2174
534,626,1160
453,698,1151
863,346,1209
601,1039,1640
863,1930,2793
213,464,677
1621,1502,3123
283,612,895
722,474,1196
606,1193,1799
366,472,838
794,330,1124
683,942,1625
744,1726,2470
1289,1187,2476
450,553,1003
582,1408,1990
707,869,1576
914,1278,2192
275,481,756
541,1283,1824
452,686,1138
241,483,724
1597,761,2358
247,572,819
1108,1017,2125
399,1185,1584
593,1635,2228
359,701,1060
606,470,1076
467,871,1338
641,1463,2104
284,563,847
874,939,1813
362,525,887
1576,481,2057
1125,1034,2159
359,555,914
369,1030,1399
608,1420,2028
628,316,944
415,520,935
364,410,774
1358,540,1898
1433,465,1898
1378,626,2004
450,1120,1570
543,891,1434
710,1201,1911
1214,1141,2355
322,712,1034
563,313,876
895,809,1704
1376,580,1956
554,1681,2235
627,795,1422
1064,505,1569
1111,1130,2241
812,810,1622
399,727,1126
67,439,506
1242,991,2233
319,859,1178
550,777,1327
81,521,602
761,772,1533
1045,824,1869
770,1013,1783
163,553,716
724,1120,1844
92,625,717
559,853,1412
108,749,857
434,1330,1764
1018,538,1556
417,1860,2277
424,561,985
106,740,846
379,378,757
213,790,1003
978,1516,2494
938,733,1671
1165,1634,2799
1012,894,1906
612,394,1006
583,1831,2414
939,492,1431
569,669,1238
434,510,944
411,697,1108
1093,1409,2502
690,449,1139
296,652,948
1339,930,2269
518,852,1370
578,505,1083
400,715,1115
626,378,1004
609,798,1407
805,700,1505
513,914,1427
1564,1109,2673
706,847,1553
307,560,867
811,460,1271
242,852,1094
518,1382,1900
790,487,1277
660,922,1582
558,1409,1967
92,492,584
581,712,1293
439,1304,1743
108,780,888
548,796,1344
26,707,733
125,796,921
646,945,1591
420,638,1058
1230,380,1610
1070,839,1909
489,764,1253
75,889,964
354,635,989
76,652,728
315,811,1126
369,682,1051
798,473,1271
611,565,1176
501,725,1226
843,555,1398
679,422,1101
487,450,937
169,557,726
682,1367,2049
649,601,1250
1172,518,1690
735,697,1432
437,604,1041
489,732,1221
225,500,725
248,1018,1266
327,462,789
1059,1237,2296
554,255,809
1417,1383,2800
437,654,1091
645,355,1000
209,940,1149
298,1468,1766
333,472,805
383,1021,1404
346,705,1051
552,897,1449
481,1592,2073
391,1816,2207
493,886,1379
670,1326,1996
438,1705,2143
655,857,1512
371,703,1074
309,309,618
341,776,1117
562,1475,2037
588,1654,2242
1166,1217,2383
522,591,1113
1074,700,1774
206,943,1149
742,556,1298
1266,746,2012
483,767,1250
549,1348,1897
324,1647,1971
902,1061,1963
37,1478,1515
326,812,1138
339,868,1207
719,692,1411
1627,452,2079
834,308,1142
749,895,1644
1128,1084,2212
513,670,1183
399,878,1277
1130,1018,2148
596,501,1097
529,665,1194
172,1383,1555
101,1179,1280
764,349,1113
1513,705,2218
146,1515,1661
574,893,1467
1377,1168,2545
938,822,1760
621,698,1319
1198,1109,2307
915,1079,1994
320,1009,1329
692,366,1058
846,950,1796
720,1010,1730
434,675,1109
873,928,1801
614,1342,1956
815,1119,1934
1000,664,1664
1543,1217,2760
632,814,1446
667,1274,1941
739,451,1190
522,457,979
1297,1446,2743
559,816,1375
804,472,1276
565,457,1022
742,402,1144
505,1089,1594
389,468,857
786,410,1196
1254,1369,2623
757,884,1641
392,414,806
720,575,1295
1297,1173,2470
204,297,501
889,372,1261
1024,804,1828
284,312,596
435,1531,1966
1063,1856,2919
670,374,1044
337,335,672
1364,1518,2882
41,1166,1207
387,393,780
47,1585,1632
121,380,501
941,1543,2484
1117,468,1585
78,1207,1285
170,434,604
837,1220,2057
113,1688,1801
134,2462,2596
972,1673,2645
979,615,1594
1202,2538,3740
1212,1256,2468
450,925,1375
905,1324,2229
650,1270,1920
581,2177,2758
615,2509,3124
173,392,565
333,2369,2702
92,1189,1281
305,662,967
1518,375,1893
1019,861,1880
1065,2137,3202
1562,628,2190
1099,1688,2787
694,713,1407
1132,416,1548
1427,830,2257
1485,718,2203
1228,1665,2893
817,670,1487
1975,561,2536
1426,859,2285
1154,506,1660
2102,484,2586
2237,352,2589
862,678,1540
205,357,562
2023,340,2363
1444,319,1763
886,705,1591
337,720,1057
1090,869,1959
490,519,1009
498,594,1092
933,1352,2285
52,1205,1257
562,901,1463
79,1875,1954
1315,551,1866
100,1355,1455
99,1059,1158
17,629,646
2036,381,2417
601,902,1503
110,1356,1466
91,620,711
1201,341,1542
38,656,694
462,1069,1531
40,679,719
1423,704,2127
124,1873,1997
125,704,829
1744,654,2398
26,616,642
1171,1246,2417
226,602,828
28,1225,1253
147,740,887
32,1166,1198
1262,312,1574
423,523,946
972,709,1681
561,637,1198
726,821,1547
546,462,1008
27,726,753
80,1196,1276
81,1413,1494
431,471,902
212,1154,1366
465,1082,1547
592,778,1370
528,647,1175
783,602,1385
175,1133,1308
29,1205,1234
801,674,1475
196,368,564
419,1077,1496
753,1071,1824
865,647,1512
942,479,1421
1100,552,1652
355,1114,1469
572,473,1045
575,495,1070
287,529,816
141,645,786
438,1028,1466
236,451,687
249,1362,1611
241,681,922
561,1178,1739
153,799,952
609,502,1111
180,1389,1569
232,891,1123
453,826,1279
309,438,747
887,1080,1967
528,938,1466
829,763,1592
149,658,807
526,855,1381
942,741,1683
356,527,883
375,904,1279
913,1357,2270
745,650,1395
278,928,1206
855,1050,1905
653,315,968
288,1617,1905
712,1034,1746
807,763,1570
409,533,942
307,508,815
341,974,1315
1092,502,1594
3029,294,3323
628,345,973
910,330,1240
222,890,1112
35,1340,1375
557,515,1072
341,871,1212
243,1457,1700
394,1703,2097
38,884,922
692,734,1426
302,474,776
686,969,1655
420,1054,1474
353,1486,1839
253,694,947
454,1441,1895
737,982,1719
1178,1263,2441
625,355,980
446,330,776
174,688,862
998,1009,2007
333,813,1146
464,893,1357
803,1294,2097
1362,1265,2627
323,766,1089
836,504,1340
229,857,1086
214,901,1115
707,1530,2237
729,1349,2078
292,861,1153
1517,986,2503
1201,1346,2547
299,1690,1989
696,582,1278
874,524,1398
1351,958,2309
357,834,1191
915,1408,2323
634,696,1330
631,983,1614
953,825,1778
402,901,1303
1195,809,2004
794,931,1725
1167,687,1854
673,674,1347
1312,855,2167
658,594,1252
412,503,915
384,1867,2251
578,402,980
703,1022,1725
1222,546,1768
902,1360,2262
192,1328,1520
812,795,1607
531,1077,1608
429,913,1342
1019,1836,2855
589,332,921
446,469,915
554,1187,1741
1358,1275,2633
1309,1441,2750
610,1347,1957
803,981,1784
755,1349,2104
439,836,1275
1152,1546,2698
759,772,1531
400,1383,1783
592,673,1265
1296,1235,2531
1173,1718,2891
721,1304,2025
319,507,826
1051,1301,2352
664,1738,2402
1697,1243,2940
1038,583,1621
848,1270,2118
864,535,1399
705,1409,2114
361,1028,1389
301,1528,1829
185,898,1083
1118,712,1830
1240,971,2211
216,921,1137
1177,774,1951
1425,811,2236
584,485,1069
445,1179,1624
762,1087,1849
1178,733,1911
244,1101,1345
703,1214,1917
1148,1200,2348
1013,1354,2367
365,1244,1609
1114,650,1764
1222,1387,2609
905,763,1668
1220,1016,2236
676,867,1543
875,1007,1882
1545,596,2141
1249,1352,2601
877,868,1745
474,1205,1679
1079,1313,2392
1570,943,2513
931,693,1624
1019,1089,2108
430,729,1159
666,1103,1769
462,767,1229
1291,1184,2475
1033,582,1615
698,1397,2095
1468,1065,2533
1281,1782,3063
661,1266,1927
1164,601,1765
531,877,1408
1036,1804,2840
1240,1240,2480
492,1329,1821
800,769,1569
723,1616,2339
1089,619,1708
694,977,1671
719,993,1712
1688,537,2225
472,1003,1475
168,1298,1466
1585,356,1941
278,1539,1817
692,735,1427
487,808,1295
1192,571,1763
1235,903,2138
594,1518,2112
538,1091,1629
536,970,1506
988,795,1783
1323,331,1654
636,861,1497
436,940,1376
1273,549,1822
1075,843,1918
633,877,1510
1044,1047,2091
664,925,1589
896,857,1753
898,1086,1984
709,824,1533
495,568,1063
1000,1226,2226
1173,777,1950
464,947,1411
965,1252,2217
1128,1923,3051
661,923,1584
656,688,1344
1339,412,1751
528,1089,1617
686,563,1249
570,743,1313
711,803,1514
854,955,1809
668,1074,1742
776,1593,2369
346,703,1049
1050,919,1969
1035,532,1567
869,820,1689
758,556,1314
64,1145,1209
349,669,1018
856,566,1422
845,893,1738
329,908,1237
1080,504,1584
466,2016,2482
323,874,1197
616,550,1166
865,1105,1970
283,970,1253
968,1558,2526
486,554,1040
608,987,1595
746,692,1438
584,730,1314
442,1792,2234
757,675,1432
628,1280,1908
591,1022,1613
819,1565,2384
572,1057,1629
762,625,1387
384,827,1211
357,1219,1576
342,755,1097
761,330,1091
853,794,1647
761,1000,1761
1013,696,1709
544,649,1193
577,756,1333
1801,1081,2882
463,980,1443
632,820,1452
1707,500,2207
439,690,1129
963,480,1443
777,846,1623
1711,851,2562
1094,514,1608
818,840,1658
1504,1409,2913
613,1004,1617
742,1051,1793
575,751,1326
975,1107,2082
523,503,1026
1355,738,2093
717,508,1225
663,1452,2115
361,940,1301
1464,1424,2888
718,892,1610
89,666,755
770,631,1401
319,689,1008
347,851,1198
792,586,1378
445,633,1078
411,629,1040
505,720,1225
590,799,1389
1037,1339,2376
984,1759,2743
510,524,1034
457,2441,2898
581,634,1215
652,1642,2294
505,541,1046
164,2008,2172
746,990,1736
1274,1425,2699
601,1671,2272
662,2217,2879
504,930,1434
556,623,1179
543,1745,2288
823,1456,2279
1257,1325,2582
657,372,1029
358,757,1115
1723,365,2088
498,973,1471
921,1633,2554
756,1563,2319
1360,1669,3029
935,2000,2935
80,380,460
1585,1423,3008
544,855,1399
138,599,737
1609,354,1963
1163,944,2107
898,1907,2805
288,1754,2042
482,351,833
2139,712,2851
692,1895,2587
568,996,1564
804,680,1484
1534,372,1906
738,1245,1983
664,1771,2435
134,352,486
1526,691,2217
806,772,1578
978,1539,2517
1401,729,2130
1207,620,1827
1799,700,2499
1622,1025,2647
265,462,727
726,1622,2348
381,887,1268
648,770,1418
1177,1081,2258
59,689,748
266,635,901
618,1023,1641
1621,1116,2737
129,567,696
364,830,1194
1145,549,1694
1555,791,2346
106,696,802
355,644,999
1488,1643,3131
820,1161,1981
575,500,1075
563,682,1245
1815,1368,3183
703,645,1348
363,692,1055
832,390,1222
1858,477,2335
482,1029,1511
434,1024,1458
195,377,572
805,899,1704
898,645,1543
1369,1333,2702
274,523,797
611,441,1052
1398,1139,2537
1532,822,2354
461,1013,1474
375,624,999
937,686,1623
1122,524,1646
516,1127,1643
425,902,1327
883,558,1441
471,1130,1601
576,661,1237
373,498,871
327,1285,1612
648,605,1253
366,937,1303
219,713,932
996,640,1636
1162,554,1716
357,610,967
433,864,1297
224,751,975
562,785,1347
937,515,1452
755,509,1264
397,797,1194
452,641,1093
535,965,1500
254,935,1189
171,1045,1216
498,1645,2143
768,632,1400
783,468,1251
443,982,1425
1175,478,1653
412,894,1306
586,838,1424
690,598,1288
446,954,1400
662,988,1650
509,518,1027
335,627,962
47,980,1027
771,1142,1913
458,978,1436
559,611,1170
810,624,1434
242,839,1081
199,607,806
496,746,1242
953,1289,2242
324,903,1227
268,733,1001
689,1354,2043
671,606,1277
448,1212,1660
781,655,1436
655,585,1240
589,575,1164
42,2119,2161
324,784,1108
769,1115,1884
487,408,895
464,608,1072
270,1207,1477
546,730,1276
689,966,1655
392,540,932
94,2865,2959
414,760,1174
1010,702,1712
720,1009,1729
784,821,1605
430,630,1060
683,599,1282
1046,454,1500
849,981,1830
503,2716,3219
578,821,1399
808,478,1286
143,1149,1292
2020,1372,3392
541,852,1393
866,443,1309
1194,762,1956
485,986,1471
493,689,1182
648,771,1419
365,633,998
803,650,1453
2675,594,3269
619,829,1448
556,999,1555
510,822,1332
683,670,1353
461,950,1411
242,831,1073
862,687,1549
2603,640,3243
393,800,1193
438,1194,1632
434,465,899
866,899,1765
155,1128,1283
585,709,1294
157,959,1116
404,1061,1465
613,863,1476
139,1093,1232
333,856,1189
839,693,1532
686,693,1379
440,821,1261
469,908,1377
626,855,1481
994,968,1962
605,640,1245
603,796,1399
725,1042,1767
1374,627,2001
844,479,1323
1053,769,1822
571,842,1413
567,1025,1592
350,640,990
515,611,1126
421,372,793
614,1009,1623
389,1122,1511
845,377,1222
713,757,1470
462,1364,1826
556,383,939
198,965,1163
444,929,1373
1001,520,1521
644,1164,1808
319,839,1158
534,582,1116
761,1138,1899
506,902,1408
716,923,1639
374,1018,1392
719,602,1321
601,961,1562
381,929,1310
1280,391,1671
537,941,1478
983,420,1403
27,7156,7183
920,712,1632
564,773,1337
855,844,1699
646,265,911
351,1182,1533
780,686,1466
812,313,1125
51,7333,7384
831,873,1704
1084,701,1785
52,778,830
719,1259,1978
275,609,884
402,265,667
93,7436,7529
927,794,1721
708,719,1427
501,646,1147
94,955,1049
504,354,858
559,1827,2386
163,7590,7753
582,655,1237
631,615,1246
598,655,1253
7360,727,8087
145,1186,1331
806,514,1320
795,517,1312
7328,643,7971
522,851,1373
841,693,1534
697,1243,1940
267,1840,2107
410,576,986
835,744,1579
714,540,1254
838,533,1371
744,886,1630
558,673,1231
517,824,1341
975,719,1694
415,1800,2215
563,616,1179
7581,439,8020
369,487,856
1054,1446,2500
32,809,841
637,792,1429
320,1823,2143
1543,947,2490
203,679,882
479,336,815
533,735,1268
160,505,665
20,839,859
357,839,1196
713,1935,2648
379,670,1049
1219,1308,2527
278,873,1151
529,432,961
260,767,1027
260,765,1025
1756,904,2660
178,819,997
347,944,1291
650,1925,2575
1518,940,2458
574,751,1325
219,604,823
635,473,1108
584,745,1329
677,613,1290
1111,1521,2632
715,673,1388
1679,1102,2781
440,803,1243
230,1081,1311
247,720,967
779,617,1396
811,287,1098
1323,1225,2548
1839,821,2660
384,1118,1502
628,950,1578
798,1075,1873
315,765,1080
638,516,1154
1128,796,1924
489,762,1251
496,1069,1565
585,862,1447
1766,756,2522
633,454,1087
527,689,1216
757,516,1273
902,837,1739
479,659,1138
866,760,1626
443,867,1310
671,865,1536
717,621,1338
542,1211,1753
520,796,1316
695,688,1383
866,582,1448
45,565,610
537,835,1372
1081,536,1617
1018,733,1751
638,594,1232
606,1407,2013
777,834,1611
530,494,1024
610,1545,2155
193,1486,1679
223,878,1101
866,860,1726
994,379,1373
330,803,1133
496,1371,1867
570,684,1254
403,873,1276
1100,634,1734
155,798,953
84,659,743
385,1369,1754
331,1194,1525
642,692,1334
99,870,969
322,763,1085
650,660,1310
307,1156,1463
524,721,1245
580,486,1066
365,1219,1584
1315,620,1935
1285,767,2052
702,837,1539
708,643,1351
1061,801,1862
478,467,945
390,1000,1390
863,644,1507
253,778,1031
529,682,1211
1122,634,1756
838,711,1549
598,485,1083
573,1090,1663
372,1126,1498
482,1211,1693
579,656,1235
665,779,1444
486,690,1176
615,1632,2247
408,5734,6142
1183,1312,2495
581,1257,1838
1051,1376,2427
523,1232,1755
1144,782,1926
696,1409,2105
668,5744,6412
415,1106,1521
651,1488,2139
412,1558,1970
775,1309,2084
664,1420,2084
821,5646,6467
571,1148,1719
467,1379,1846
364,1170,1534
365,1420,1785
462,1243,1705
639,5716,6355
1301,522,1823
1376,551,1927
5534,546,6080
1448,456,1904
552,1354,1906
688,1236,1924
872,474,1346
597,1357,1954
5586,575,6161
925,648,1573
925,1168,2093
857,788,1645
320,381,701
1075,440,1515
1138,1058,2196
397,2595,2992
5576,470,6046
949,578,1527
213,1011,1224
963,2256,3219
1005,795,1800
1081,680,1761
793,1134,1927
1335,1485,2820
766,1751,2517
1088,719,1807
1130,767,1897
479,522,1001
631,644,1275
1012,2184,3196
360,798,1158
946,1770,2716
518,534,1052
211,852,1063
395,2184,2579
934,646,1580
334,419,753
675,568,1243
622,3130,3752
575,807,1382
903,641,1544
1035,1631,2666
417,317,734
578,578,1156
585,1050,1635
1002,648,1650
375,2513,2888
1154,2069,3223
377,676,1053
1383,954,2337
420,486,906
1912,885,2797
455,633,1088
882,2951,3833
794,634,1428
88,817,905
505,476,981
499,2575,3074
569,671,1240
553,537,1090
1835,900,2735
1255,2703,3958
86,1129,1215
450,1015,1465
580,321,901
3033,1112,4145
2138,915,3053
451,533,984
2832,795,3627
1834,895,2729
2419,960,3379
684,789,1473
297,1322,1619
450,709,1159
75,685,760
520,358,878
1305,725,2030
248,933,1181
804,710,1514
668,1057,1725
2489,778,3267
895,902,1797
797,866,1663
1004,785,1789
636,775,1411
332,1022,1354
1477,1270,2747
832,683,1515
928,1059,1987
48,467,515
369,546,915
689,613,1302
2655,518,3173
785,527,1312
546,949,1495
783,1248,2031
742,1025,1767
1222,815,2037
171,767,938
537,441,978
730,987,1717
897,604,1501
166,941,1107
206,1003,1209
496,1416,1912
438,776,1214
367,720,1087
402,638,1040
1068,891,1959
444,795,1239
461,664,1125
316,884,1200
872,380,1252
593,1603,2196
577,692,1269
526,841,1367
742,1048,1790
831,546,1377
418,1392,1810
780,540,1320
655,669,1324
75,737,812
450,646,1096
898,666,1564
540,420,960
611,791,1402
240,698,938
646,1178,1824
455,1199,1654
637,1264,1901
792,773,1565
932,1099,2031
398,1035,1433
304,1046,1350
941,481,1422
551,1146,1697
640,1253,1893
336,405,741
998,444,1442
312,780,1092
174,1379,1553
457,547,1004
958,291,1249
444,1649,2093
618,959,1577
453,528,981
517,891,1408
52,424,476
606,616,1222
371,1198,1569
63,1177,1240
650,697,1347
1015,821,1836
1051,1136,2187
852,829,1681
492,1006,1498
1273,558,1831
552,1512,2064
633,1305,1938
412,240,652
102,1194,1296
317,702,1019
1120,569,1689
647,507,1154
265,1310,1575
216,517,733
1365,994,2359
628,1473,2101
1050,624,1674
612,1069,1681
978,962,1940
1073,537,1610
656,925,1581
454,699,1153
478,1107,1585
1090,536,1626
1055,1089,2144
558,827,1385
451,912,1363
975,554,1529
1039,750,1789
676,796,1472
251,1188,1439
47,522,569
1093,774,1867
921,559,1480
477,1393,1870
637,719,1356
1201,588,1789
1157,651,1808
388,1410,1798
78,1047,1125
659,548,1207
580,1571,2151
699,551,1250
646,484,1130
193,1068,1261
485,756,1241
1012,752,1764
478,480,958
326,960,1286
454,943,1397
1067,1132,2199
380,645,1025
617,449,1066
766,1678,2444
229,1246,1475
502,629,1131
47,463,510
632,927,1559
387,1126,1513
493,697,1190
84,1353,1437
966,812,1778
532,713,1245
1270,2249,3519
561,1078,1639
752,550,1302
724,2177,2901
726,1062,1788
435,858,1293
1002,932,1934
1023,700,1723
1041,788,1829
596,1053,1649
98,654,752
606,493,1099
1036,537,1573
412,646,1058
144,1083,1227
382,515,897
844,720,1564
1052,908,1960
689,1449,2138
1373,1567,2940
438,1244,1682
604,381,985
264,1115,1379
1284,958,2242
682,477,1159
351,1059,1410
929,902,1831
479,1593,2072
406,959,1365
781,1068,1849
357,1226,1583
498,798,1296
311,495,806
568,1426,1994
913,1096,2009
1758,866,2624
276,579,855
463,930,1393
244,1274,1518
492,473,965
795,778,1573
968,1137,2105
601,1433,2034
372,931,1303
1233,832,2065
1989,1137,3126
513,432,945
710,1285,1995
330,1649,1979
1395,1418,2813
1277,727,2004
1049,1300,2349
746,815,1561
1568,839,2407
498,687,1185
988,804,1792
785,1260,2045
620,594,1214
1033,802,1835
1364,871,2235
1062,1181,2243
1284,650,1934
915,1131,2046
1498,465,1963
399,1254,1653
992,469,1461
1175,890,2065
304,1633,1937
862,763,1625
1000,1165,2165
604,1445,2049
1114,533,1647
943,969,1912
1123,442,1565
1094,924,2018
961,1033,1994
1256,899,2155
621,540,1161
964,829,1793
1131,845,1976
864,1137,2001
65,599,664
1552,389,1941
1248,684,1932
687,1124,1811
903,538,1441
777,1075,1852
230,557,787
492,812,1304
495,805,1300
606,942,1548
273,1023,1296
805,1295,2100
408,966,1374
388,1048,1436
791,476,1267
307,1345,1652
685,817,1502
570,1097,1667
290,628,918
666,934,1600
834,656,1490
498,873,1371
109,1307,1416
386,733,1119
464,1245,1709
494,1080,1574
742,1199,1941
427,1237,1664
1121,844,1965
953,676,1629
440,1440,1880
1184,549,1733
921,502,1423
970,763,1733
621,1182,1803
882,558,1440
429,1051,1480
787,704,1491
632,698,1330
196,944,1140
1160,359,1519
533,1445,1978
699,635,1334
1024,979,2003
629,378,1007
698,902,1600
687,851,1538
208,549,757
663,886,1549
232,1340,1572
853,332,1185
261,524,785
528,870,1398
1214,1210,2424
375,514,889
186,693,879
401,942,1343
833,1276,2109
538,1243,1781
784,803,1587
350,485,835
635,1048,1683
156,484,640
453,1199,1652
233,498,731
417,506,923
393,658,1051
718,1377,2095
418,1423,1841
387,994,1381
442,1589,2031
1083,777,1860
224,867,1091
446,717,1163
912,655,1567
784,707,1491
373,1703,2076
374,744,1118
881,971,1852
483,2207,2690
710,1000,1710
1148,1672,2820
460,1405,1865
537,999,1536
1115,1326,2441
684,1211,1895
459,921,1380
789,1985,2774
472,1076,1548
985,998,1983
458,576,1034
497,842,1339
1310,1362,2672
786,301,1087
1531,357,1888
1063,534,1597
1297,323,1620
886,437,1323
333,780,1113
913,501,1414
819,309,1128
931,1089,2020
532,2306,2838
685,296,981
699,349,1048
698,1477,2175
128,300,428
1361,834,2195
387,1638,2025
793,1270,2063
1097,1556,2653
712,1471,2183
777,1134,1911
97,360,457
692,2457,3149
95,339,434
1777,993,2770
451,1156,1607
155,423,578
1295,989,2284
419,1576,1995
786,754,1540
560,1793,2353
80,493,573
921,613,1534
663,443,1106
1371,1449,2820
483,1403,1886
180,445,625
455,1564,2019
853,828,1681
470,1758,2228
1133,2324,3457
161,769,930
978,629,1607
521,1105,1626
225,916,1141
877,482,1359
648,341,989
930,1299,2229
489,784,1273
99,502,601
1397,794,2191
2092,1229,3321
133,477,610
1398,1008,2406
634,561,1195
85,519,604
781,1462,2243
181,781,962
625,2717,3342
54,807,861
1201,1184,2385
390,585,975
187,709,896
335,293,628
612,377,989
602,841,1443
1339,1213,2552
1449,809,2258
1338,2532,3870
1415,1046,2461
1336,1230,2566
886,948,1834
1324,909,2233
393,579,972
637,760,1397
131,309,440
1239,1544,2783
688,647,1335
2257,1502,3759
407,443,850
1067,1643,2710
2648,1231,3879
1055,374,1429
869,354,1223
2482,807,3289
132,1293,1425
814,1297,2111
577,436,1013
1214,641,1855
699,1250,1949
137,483,620
849,1552,2401
338,755,1093
811,1365,2176
455,450,905
23,1104,1127
887,393,1280
624,753,1377
60,1338,1398
565,664,1229
564,762,1326
1273,954,2227
122,2616,2738
672,1268,1940
328,523,851
1002,2264,3266
238,1234,1472
1084,886,1970
1215,2072,3287
1017,705,1722
773,1138,1911
993,709,1702
491,738,1229
612,509,1121
1168,690,1858
31,890,921
86,886,972
312,769,1081
65,761,826
1119,809,1928
376,2205,2581
290,711,1001
130,1225,1355
621,2348,2969
527,856,1383
36,1261,1297
397,944,1341
596,1498,2094
885,357,1242
577,959,1536
622,527,1149
959,717,1676
701,660,1361
1062,1971,3033
582,720,1302
427,1157,1584
1736,966,2702
32,1654,1686
149,784,933
2087,616,2703
247,1045,1292
578,932,1510
642,997,1639
503,1129,1632
859,727,1586
664,1191,1855
494,775,1269
173,1771,1944
628,364,992
239,1229,1468
455,1408,1863
1176,1067,2243
237,636,873
423,1463,1886
1482,851,2333
1106,995,2101
1630,566,2196
1701,604,2305
604,906,1510
726,1010,1736
679,1405,2084
322,633,955
816,1156,1972
820,808,1628
1129,801,1930
638,1052,1690
820,349,1169
183,967,1150
996,803,1799
768,1469,2237
143,749,892
1200,711,1911
428,825,1253
555,1404,1959
445,703,1148
1444,631,2075
467,1015,1482
653,687,1340
539,683,1222
686,799,1485
274,1003,1277
439,470,909
554,469,1023
660,1556,2216
772,1358,2130
1048,647,1695
631,583,1214
1227,1284,2511
880,1384,2264
736,659,1395
306,2056,2362
1195,816,2011
428,311,739
168,792,960
613,1291,1904
1071,661,1732
456,730,1186
223,1777,2000
1083,373,1456
838,1792,2630
711,740,1451
606,1646,2252
632,302,934
618,1692,2310
831,772,1603
1246,1058,2304
523,534,1057
775,1330,2105
206,735,941
733,851,1584
288,886,1174
504,1235,1739
1261,928,2189
186,1033,1219
617,1012,1629
1616,505,2121
1653,706,2359
482,674,1156
1011,343,1354
1668,769,2437
456,739,1195
603,336,939
1152,1157,2309
388,1402,1790
493,1379,1872
648,1210,1858
998,1206,2204
368,607,975
1092,329,1421
278,1374,1652
415,810,1225
1457,516,1973
541,1201,1742
666,1263,1929
548,1404,1952
348,686,1034
845,911,1756
485,1432,1917
794,520,1314
515,586,1101
1149,659,1808
1485,651,2136
949,1229,2178
595,429,1024
242,775,1017
567,1170,1737
1186,893,2079
222,732,954
1041,515,1556
751,953,1704
1158,516,1674
1096,742,1838
283,841,1124
904,689,1593
105,1346,1451
534,918,1452
416,631,1047
148,1564,1712
301,533,834
231,978,1209
1354,549,1903
651,1153,1804
459,1367,1826
345,1118,1463
1077,610,1687
590,430,1020
337,739,1076
1388,359,1747
446,1010,1456
278,888,1166
737,516,1253
246,1781,2027
810,1140,1950
707,1005,1712
1050,245,1295
231,968,1199
257,1268,1525
1043,1695,2738
625,652,1277
366,1086,1452
15,763,778
605,2065,2670
817,1291,2108
509,437,946
510,1305,1815
910,1609,2519
1233,727,1960
686,604,1290
90,1180,1270
710,2194,2904
1098,774,1872
609,383,992
797,512,1309
352,476,828
1636,1274,2910
657,1008,1665
773,1224,1997
691,766,1457
537,827,1364
845,1851,2696
831,829,1660
532,928,1460
1006,683,1689
1935,709,2644
729,1805,2534
968,1094,2062
1169,956,2125
38,700,738
38,870,908
973,711,1684
97,931,1028
1888,702,2590
382,1112,1494
371,699,1070
1170,600,1770
1113,868,1981
1229,831,2060
585,482,1067
271,850,1121
593,1810,2403
317,1069,1386
663,672,1335
594,572,1166
589,792,1381
277,1039,1316
720,682,1402
1537,900,2437
1645,811,2456
404,1160,1564
1500,1426,2926
420,1007,1427
948,984,1932
1053,1285,2338
369,695,1064
567,657,1224
289,545,834
633,1464,2097
536,540,1076
1599,807,2406
477,510,987
384,890,1274
610,545,1155
519,776,1295
1722,1051,2773
782,707,1489
618,737,1355
807,1071,1878
637,719,1356
278,696,974
506,1225,1731
737,914,1651
576,459,1035
516,957,1473
837,759,1596
414,342,756
527,922,1449
409,417,826
530,692,1222
1047,1686,2733
434,1463,1897
370,505,875
443,992,1435
357,705,1062
383,544,927
734,1011,1745
202,647,849
385,1236,1621
613,336,949
629,2085,2714
244,1280,1524
1300,1630,2930
337,1537,1874
740,840,1580
1397,1030,2427
960,1084,2044
442,1715,2157
1003,1107,2110
249,944,1193
674,762,1436
458,322,780
523,983,1506
382,1454,1836
247,342,589
620,1435,2055
1083,1613,2696
1006,805,1811
312,1303,1615
439,1344,1783
580,1590,2170
1077,727,1804
514,1029,1543
515,1330,1845
1972,748,2720
638,958,1596
1168,809,1977
988,981,1969
1215,296,1511
273,1180,1453
613,933,1546
1181,898,2079
327,1138,1465
843,1517,2360
945,815,1760
792,976,1768
933,1671,2604
1182,319,1501
372,1016,1388
1113,698,1811
967,1250,2217
852,1225,2077
249,1297,1546
160,1465,1625
974,1141,2115
524,921,1445
1113,1032,2145
1487,1080,2567
675,488,1163
843,630,1473
1305,1085,2390
134,1490,1624
882,1103,1985
228,1830,2058
893,488,1381
505,935,1440
1108,1325,2433
1438,1026,2464
710,783,1493
852,684,1536
878,1288,2166
1146,712,1858
1556,645,2201
1063,1237,2300
1150,854,2004
825,837,1662
685,1335,2020
1315,704,2019
411,757,1168
751,1038,1789
124,936,1060
1056,816,1872
1215,722,1937
1459,969,2428
192,1396,1588
1170,982,2152
337,474,811
579,853,1432
1089,889,1978
947,1165,2112
833,1066,1899
265,915,1180
699,1010,1709
591,1051,1642
493,610,1103
826,980,1806
379,938,1317
306,940,1246
494,835,1329
647,612,1259
1594,1013,2607
746,1066,1812
445,761,1206
1014,329,1343
861,1181,2042
806,1109,1915
977,1086,2063
539,787,1326
326,1263,1589
628,1087,1715
1047,603,1650
1201,466,1667
383,352,735
445,1070,1515
71,646,717
800,498,1298
640,413,1053
973,798,1771
272,856,1128
767,1121,1888
89,474,563
670,576,1246
648,735,1383
414,767,1181
879,968,1847
233,521,754
850,825,1675
654,613,1267
96,1204,1300
26,392,418
315,1019,1334
613,603,1216
1042,378,1420
383,426,809
338,555,893
356,336,692
743,283,1026
354,589,943
358,1201,1559
468,982,1450
127,309,436
149,640,789
46,702,748
161,319,480
583,398,981
183,1308,1491
624,1155,1779
717,1153,1870
373,655,1028
449,607,1056
164,938,1102
174,333,507
610,677,1287
57,697,754
228,1147,1375
559,828,1387
26,567,593
936,1013,1949
231,1032,1263
106,673,779
100,429,529
206,417,623
595,918,1513
270,719,989
225,485,710
1084,1197,2281
537,912,1449
520,622,1142
139,625,764
241,819,1060
1000,768,1768
743,771,1514
372,483,855
659,1160,1819
550,480,1030
671,481,1152
195,694,889
335,840,1175
667,658,1325
966,894,1860
308,937,1245
612,794,1406
616,1017,1633
832,830,1662
721,436,1157
488,527,1015
519,852,1371
798,757,1555
728,568,1296
49,878,927
399,680,1079
932,703,1635
668,2522,3190
125,876,1001
392,531,923
774,793,1567
248,796,1044
188,770,958
411,740,1151
254,642,896
324,682,1006
850,2497,3347
383,619,1002
624,455,1079
336,930,1266
445,673,1118
344,826,1170
582,549,1131
588,666,1254
346,932,1278
93,2634,2727
709,553,1262
521,941,1462
384,849,1233
749,563,1312
485,481,966
635,1338,1973
569,934,1503
2160,798,2958
264,997,1261
397,1491,1888
160,1026,1186
439,806,1245
396,440,836
546,676,1222
2364,837,3201
762,524,1286
527,1390,1917
334,1000,1334
338,819,1157
626,759,1385
478,788,1266
831,645,1476
2219,712,2931
399,1036,1435
809,637,1446
301,1145,1446
1146,382,1528
631,687,1318
466,912,1378
687,775,1462
306,702,1008
451,879,1330
339,721,1060
558,797,1355
681,936,1617
1203,389,1592
764,434,1198
496,1186,1682
833,878,1711
778,584,1362
335,698,1033
328,1250,1578
566,830,1396
580,460,1040
797,827,1624
713,851,1564
767,855,1622
33,438,471
137,928,1065
1091,620,1711
674,724,1398
609,370,979
672,598,1270
378,829,1207
913,520,1433
27,595,622
231,258,489
296,934,1230
135,528,663
464,902,1366
707,922,1629
578,731,1309
507,921,1428
535,821,1356
335,337,672
435,426,861
748,735,1483
265,344,609
843,1641,2484
24,597,621
348,374,722
375,479,854
636,750,1386
456,414,870
1019,321,1340
247,683,930
671,1490,2161
153,643,796
389,443,832
229,769,998
392,425,817
535,1164,1699
594,352,946
459,644,1103
537,543,1080
1424,603,2027
525,680,1205
1056,382,1438
621,737,1358
978,599,1577
7544,509,8053
770,734,1504
898,588,1486
1234,411,1645
872,641,1513
141,548,689
864,526,1390
147,588,735
159,619,778
921,1052,1973
167,769,936
141,802,943
60,409,469
292,822,1114
353,655,1008
41,678,719
127,821,948
161,846,1007
815,670,1485
105,788,893
100,911,1011
178,362,540
544,619,1163
86,773,859
331,703,1034
302,812,1114
163,1143,1306
92,959,1051
284,838,1122
245,471,716
769,405,1174
397,806,1203
147,902,1049
520,688,1208
191,1263,1454
485,669,1154
570,685,1255
676,557,1233
759,483,1242
577,448,1025
344,1187,1531
748,563,1311
469,425,894
442,426,868
868,463,1331
994,328,1322
945,406,1351
1148,346,1494
547,348,895
336,510,846
528,457,985
605,1108,1713
1141,341,1482
566,424,990
948,866,1814
967,428,1395
877,485,1362
1929,1258,3187
138,386,524
163,408,571
501,979,1480
271,1160,1431
142,370,512
201,397,598
960,644,1604
1333,326,1659
944,703,1647
1255,768,2023
1109,727,1836
1017,890,1907
906,906,1812
164,689,853
265,689,954
232,862,1094
381,640,1021
254,856,1110
167,1016,1183
276,967,1243
213,1040,1253
24,722,746
233,1238,1471
135,1013,1148
235,833,1068
669,782,1451
483,716,1199
164,1350,1514
228,1108,1336
127,811,938
64,1009,1073
268,1018,1286
538,858,1396
191,719,910
899,521,1420
539,995,1534
484,629,1113
2051,368,2419
29,889,918
384,610,994
591,1102,1693
207,1194,1401
96,769,865
393,523,916
685,318,1003
194,921,1115
794,382,1176
120,773,893
242,737,979
806,796,1602
729,318,1047
392,791,1183
391,553,944
658,815,1473
389,501,890
557,1257,1814
444,582,1026
687,403,1090
872,1413,2285
692,337,1029
428,1227,1655
1307,443,1750
748,310,1058
278,951,1229
668,967,1635
711,601,1312
213,194,407
320,927,1247
685,667,1352
92,610,702
99,1861,1960
421,1482,1903
63,512,575
821,819,1640
734,852,1586
78,204,282
630,766,1396
92,671,763
702,1189,1891
79,926,1005
853,1185,2038
68,569,637
412,512,924
683,970,1653
837,1284,2121
370,470,840
343,1725,2068
444,449,893
548,1023,1571
124,365,489
1111,1204,2315
313,464,777
68,1108,1176
1327,577,1904
338,486,824
1074,945,2019
55,475,530
533,477,1010
636,1274,1910
329,477,806
1117,961,2078
667,297,964
278,1899,2177
550,948,1498
1079,449,1528
425,596,1021
106,472,578
209,928,1137
359,864,1223
570,1841,2411
232,509,741
605,1515,2120
697,698,1395
1407,1401,2808
293,532,825
350,386,736
413,753,1166
398,877,1275
882,280,1162
403,515,918
80,1626,1706
970,530,1500
195,889,1084
341,641,982
620,713,1333
745,530,1275
1437,1005,2442
835,592,1427
572,517,1089
954,687,1641
768,383,1151
1380,411,1791
268,626,894
451,717,1168
354,501,855
1374,571,1945
1771,1023,2794
1010,1165,2175
279,673,952
743,637,1380
360,1312,1672
156,1169,1325
465,652,1117
405,674,1079
1460,549,2009
1316,769,2085
812,520,1332
612,555,1167
682,562,1244
492,1066,1558
495,1001,1496
640,659,1299
556,705,1261
539,963,1502
807,895,1702
938,733,1671
716,1245,1961
1121,511,1632
205,648,853
861,821,1682
159,753,912
449,482,931
26,373,399
637,543,1180
139,962,1101
658,1090,1748
82,822,904
316,742,1058
694,547,1241
905,574,1479
406,673,1079
671,332,1003
460,713,1173
87,707,794
140,1072,1212
58,1218,1276
175,789,964
36,902,938
676,365,1041
1216,741,1957
569,655,1224
35,442,477
497,600,1097
168,1143,1311
672,642,1314
428,937,1365
343,765,1108
333,1031,1364
888,729,1617
392,816,1208
708,668,1376
111,504,615
654,531,1185
462,1014,1476
155,796,951
849,628,1477
488,1243,1731
615,1173,1788
510,1023,1533
197,777,974
143,421,564
400,673,1073
746,653,1399
518,472,990
431,788,1219
648,1129,1777
222,981,1203
422,878,1300
537,552,1089
547,780,1327
489,713,1202
214,407,621
395,747,1142
365,881,1246
927,792,1719
388,285,673
545,832,1377
452,823,1275
1248,512,1760
443,341,784
1063,589,1652
332,495,827
731,979,1710
360,344,704
566,1176,1742
588,996,1584
674,773,1447
467,593,1060
437,1145,1582
474,415,889
835,1003,1838
755,836,1591
339,249,588
598,473,1071
333,873,1206
668,951,1619
990,763,1753
391,454,845
574,751,1325
528,1046,1574
807,548,1355
755,491,1246
431,936,1367
78,1300,1378
600,827,1427
983,437,1420
355,1021,1376
195,393,588
76,403,479
970,1133,2103
239,1054,1293
591,822,1413
842,589,1431
652,1340,1992
690,439,1129
834,684,1518
294,456,750
97,664,761
560,1066,1626
500,1057,1557
640,875,1515
935,647,1582
601,637,1238
368,1309,1677
856,727,1583
881,829,1710
143,759,902
428,1159,1587
684,780,1464
762,866,1628
317,868,1185
977,689,1666
468,870,1338
962,748,1710
273,530,803
793,597,1390
1201,440,1641
905,788,1693
873,489,1362
1022,410,1432
500,594,1094
409,484,893
676,417,1093
809,645,1454
285,823,1108
543,792,1335
778,483,1261
597,790,1387
637,1276,1913
317,1165,1482
169,295,464
660,661,1321
718,652,1370
730,456,1186
631,877,1508
1243,1091,2334
353,1032,1385
662,695,1357
386,1080,1466
166,482,648
32,759,791
126,551,677
1030,478,1508
199,685,884
283,670,953
337,973,1310
820,301,1121
492,489,981
1221,1101,2322
770,609,1379
374,532,906
403,611,1014
160,667,827
257,992,1249
598,1148,1746
810,305,1115
727,317,1044
1076,1222,2298
368,945,1313
365,603,968
774,424,1198
475,505,980
399,842,1241
635,603,1238
413,378,791
493,585,1078
824,593,1417
595,825,1420
530,607,1137
587,578,1165
579,753,1332
796,782,1578
928,478,1406
216,570,786
415,463,878
772,480,1252
577,565,1142
177,669,846
589,322,911
475,386,861
484,636,1120
606,910,1516
992,610,1602
447,767,1214
706,293,999
788,2222,3010
367,505,872
379,751,1130
254,470,724
170,549,719
1047,594,1641
283,463,746
502,644,1146
271,481,752
258,391,649
423,626,1049
470,749,1219
829,722,1551
436,2134,2570
532,874,1406
547,2510,3057
307,401,708
407,379,786
308,674,982
488,823,1311
86,867,953
632,987,1619
433,2042,2475
740,792,1532
144,480,624
179,461,640
247,761,1008
367,932,1299
237,547,784
321,875,1196
286,627,913
1863,708,2571
281,886,1167
399,414,813
190,582,772
498,1024,1522
298,881,1179
264,614,878
808,777,1585
368,692,1060
388,754,1142
479,1260,1739
640,676,1316
609,1147,1756
242,882,1124
513,1272,1785
595,2613,3208
787,1026,1813
487,780,1267
724,630,1354
382,1121,1503
362,3059,3421
729,597,1326
608,262,870
789,576,1365
594,799,1393
676,556,1232
484,706,1190
509,724,1233
1065,406,1471
839,583,1422
879,556,1435
52,472,524
1941,966,2907
418,1026,1444
1121,338,1459
664,2746,3410
265,696,961
923,414,1337
346,1333,1679
591,430,1021
97,826,923
107,481,588
414,585,999
690,1070,1760
1185,599,1784
2440,1283,3723
703,691,1394
653,553,1206
736,1644,2380
3007,723,3730
366,942,1308
469,449,918
616,1240,1856
941,766,1707
334,484,818
302,571,873
726,1547,2273
2034,1276,3310
2690,728,3418
613,1774,2387
355,726,1081
185,526,711
257,831,1088
807,1490,2297
368,566,934
409,624,1033
529,752,1281
573,751,1324
699,798,1497
873,680,1553
331,663,994
952,1011,1963
361,564,925
1162,1286,2448
220,889,1109
556,586,1142
1083,738,1821
861,751,1612
528,839,1367
1126,947,2073
610,1390,2000
737,813,1550
723,1258,1981
356,1217,1573
448,1011,1459
1503,1340,2843
571,816,1387
407,1242,1649
499,795,1294
606,1238,1844
495,1173,1668
554,821,1375
674,1240,1914
481,1034,1515
815,961,1776
358,1179,1537
583,649,1232
1336,268,1604
402,878,1280
1537,1164,2701
554,1325,1879
558,1065,1623
953,386,1339
578,1185,1763
604,393,997
285,1182,1467
1281,1285,2566
1167,443,1610
452,1548,2000
708,469,1177
1047,723,1770
524,1292,1816
872,364,1236
322,1202,1524
540,437,977
579,960,1539
642,1250,1892
976,459,1435
589,1845,2434
1157,582,1739
1347,229,1576
855,1568,2423
1187,1281,2468
40,392,432
717,479,1196
1087,863,1950
251,1270,1521
24,458,482
20,641,661
878,786,1664
1286,883,2169
1091,514,1605
61,395,456
1441,1195,2636
876,936,1812
1024,882,1906
180,1280,1460
87,474,561
40,652,692
837,909,1746
1694,610,2304
1148,881,2029
516,1125,1641
35,616,651
238,344,582
1516,429,1945
386,518,904
474,500,974
1141,487,1628
219,499,718
1142,435,1577
381,654,1035
274,526,800
290,353,643
650,282,932
1186,762,1948
300,871,1171
922,370,1292
774,326,1100
802,444,1246
638,344,982
986,456,1442
626,434,1060
111,389,500
26,308,334
1116,2411,3527
129,443,572
30,471,501
566,1513,2079
875,693,1568
1768,179,1947
28,523,551
1232,2480,3712
1794,618,2412
250,433,683
81,515,596
104,629,733
1098,2349,3447
55,911,966
113,186,299
109,1009,1118
1000,2588,3588
94,955,1049
252,578,830
221,910,1131
1140,2316,3456
137,621,758
30,1037,1067
139,363,502
1338,2433,3771
229,1004,1233
312,954,1266
1875,698,2573
409,746,1155
115,1358,1473
277,824,1101
161,591,752
792,609,1401
224,1414,1638
627,533,1160
635,711,1346
197,1022,1219
237,1405,1642
677,479,1156
849,692,1541
139,746,885
24,1193,1217
2079,552,2631
380,1274,1654
418,291,709
175,590,765
336,1387,1723
420,856,1276
306,728,1034
2344,508,2852
1110,280,1390
354,1072,1426
460,780,1240
2305,1557,3862
398,277,675
776,461,1237
328,484,812
907,559,1466
735,1046,1781
1145,288,1433
394,1364,1758
300,508,808
730,733,1463
1704,1391,3095
765,554,1319
445,451,896
1004,873,1877
336,597,933
239,1384,1623
841,529,1370
1787,1198,2985
611,599,1210
456,1185,1641
1188,368,1556
1304,1300,2604
944,315,1259
1085,740,1825
109,392,501
1181,729,1910
1110,497,1607
1611,583,2194
1052,539,1591
893,636,1529
118,684,802
755,773,1528
976,696,1672
28,548,576
31,520,551
102,841,943
48,564,612
1046,600,1646
64,738,802
163,493,656
42,886,928
1251,839,2090
81,735,816
33,685,718
23,689,712
948,901,1849
57,980,1037
396,307,703
1020,1179,2199
22,1017,1039
134,767,901
311,671,982
1920,503,2423
48,1111,1159
283,941,1224
271,869,1140
96,493,589
46,1199,1245
360,1095,1455
455,480,935
386,791,1177
187,1033,1220
430,798,1228
280,945,1225
421,1119,1540
817,734,1551
1191,1112,2303
254,1109,1363
751,796,1547
279,807,1086
138,940,1078
527,799,1326
746,613,1359
548,1348,1896
188,491,679
449,1663,2112
375,930,1305
648,704,1352
427,1352,1779
875,454,1329
594,404,998
774,1136,1910
380,924,1304
561,1616,2177
495,691,1186
777,733,1510
120,995,1115
735,1291,2026
502,1358,1860
986,700,1686
585,392,977
922,1030,1952
489,1441,1930
761,1322,2083
684,405,1089
873,867,1740
808,1666,2474
157,1013,1170
735,1192,1927
602,700,1302
1143,663,1806
595,438,1033
560,696,1256
1431,738,2169
260,419,679
778,758,1536
404,439,843
836,570,1406
584,1340,1924
162,742,904
470,429,899
1175,563,1738
202,758,960
1506,742,2248
305,568,873
518,1252,1770
701,306,1007
1137,743,1880
842,605,1447
839,1444,2283
537,308,845
808,634,1442
1127,624,1751
940,800,1740
596,307,903
1222,1172,2394
634,315,949
573,598,1171
1177,1487,2664
912,1256,2168
214,614,828
1314,887,2201
1210,590,1800
993,1209,2202
293,865,1158
1345,881,2226
1054,471,1525
154,359,513
495,740,1235
569,784,1353
396,624,1020
1176,434,1610
269,651,920
539,579,1118
890,855,1745
805,1303,2108
1008,335,1343
219,549,768
502,618,1120
357,1118,1475
198,644,842
866,267,1133
400,812,1212
784,241,1025
247,726,973
589,1956,2545
1114,373,1487
713,762,1475
597,490,1087
580,1016,1596
471,701,1172
222,1065,1287
300,491,791
677,2166,2843
206,616,822
458,963,1421
493,347,840
734,962,1696
438,988,1426
553,884,1437
457,467,924
798,927,1725
702,785,1487
479,509,988
666,1208,1874
47,500,547
1034,669,1703
512,943,1455
121,589,710
554,1008,1562
576,571,1147
547,667,1214
248,498,746
530,1320,1850
225,626,851
694,1334,2028
462,1010,1472
666,994,1660
49,652,701
61,810,871
753,795,1548
897,737,1634
362,526,888
91,959,1050
534,612,1146
888,766,1654
950,534,1484
294,604,898
186,869,1055
905,1183,2088
1117,1679,2796
503,470,973
536,597,1133
992,1045,2037
894,963,1857
801,1000,1801
453,775,1228
341,969,1310
551,1074,1625
1249,335,1584
747,448,1195
327,869,1196
466,1049,1515
864,721,1585
490,753,1243
858,590,1448
815,535,1350
662,599,1261
480,1093,1573
554,1010,1564
483,573,1056
1227,873,2100
333,764,1097
660,845,1505
743,252,995
993,1050,2043
757,532,1289
646,737,1383
668,1236,1904
1749,1642,3391
514,815,1329
785,975,1760
2088,1998,4086
407,258,665
794,736,1530
987,533,1520
576,559,1135
534,350,884
818,740,1558
1221,508,1729
335,555,890
134,374,508
1509,1925,3434
396,1079,1475
786,851,1637
1080,657,1737
827,717,1544
977,840,1817
991,725,1716
777,1136,1913
572,746,1318
463,684,1147
624,753,1377
496,1280,1776
186,506,692
1149,1071,2220
1475,1196,2671
950,1062,2012
324,1297,1621
678,838,1516
562,1130,1692
241,689,930
741,1300,2041
293,852,1145
750,946,1696
600,549,1149
1688,941,2629
423,1231,1654
465,1524,1989
674,1124,1798
550,712,1262
413,1636,2049
423,769,1192
910,776,1686
418,1018,1436
1727,1153,2880
555,1058,1613
262,1343,1605
741,745,1486
612,879,1491
506,380,886
1226,776,2002
792,920,1712
1066,1066,2132
119,587,706
1211,689,1900
601,1995,2596
813,698,1511
920,727,1647
534,1104,1638
1204,588,1792
1159,488,1647
1162,512,1674
194,565,759
220,928,1148
1428,702,2130
609,692,1301
353,547,900
479,1350,1829
596,1174,1770
790,478,1268
1122,1142,2264
968,1917,2885
740,620,1360
768,709,1477
1186,895,2081
710,620,1330
708,807,1515
882,496,1378
518,624,1142
423,417,840
836,769,1605
1233,1706,2939
480,770,1250
1015,749,1764
345,529,874
1964,1041,3005
592,529,1121
834,515,1349
637,1076,1713
567,634,1201
183,648,831
541,659,1200
530,497,1027
581,335,916
1753,782,2535
151,772,923
968,957,1925
637,622,1259
989,1554,2543
500,524,1024
244,970,1214
184,702,886
616,423,1039
640,395,1035
1619,719,2338
355,960,1315
609,1796,2405
983,1453,2436
413,918,1331
208,712,920
987,1514,2501
1086,1387,2473
537,567,1104
256,736,992
871,1287,2158
415,632,1047
402,1380,1782
257,723,980
241,853,1094
1417,722,2139
285,357,642
294,1169,1463
413,897,1310
768,734,1502
1369,591,1960
507,821,1328
436,831,1267
638,912,1550
409,1530,1939
1705,707,2412
327,520,847
382,1280,1662
770,690,1460
453,1129,1582
1106,501,1607
775,911,1686
90,916,1006
266,1399,1665
1062,625,1687
533,481,1014
460,1015,1475
484,1313,1797
826,828,1654
760,895,1655
1205,561,1766
43,598,641
618,694,1312
88,891,979
660,614,1274
423,469,892
1166,671,1837
1421,415,1836
314,853,1167
400,1076,1476
176,566,742
92,760,852
451,754,1205
211,712,923
433,598,1031
292,777,1069
801,879,1680
1012,697,1709
904,759,1663
634,517,1151
303,1274,1577
486,434,920
983,804,1787
445,660,1105
735,1200,1935
1003,711,1714
859,1024,1883
1353,544,1897
1000,867,1867
60,529,589
48,777,825
632,495,1127
447,944,1391
730,1019,1749
915,1067,1982
565,738,1303
691,679,1370
585,739,1324
276,637,913
168,966,1134
118,725,843
238,917,1155
85,932,1017
330,676,1006
326,748,1074
380,780,1160
534,950,1484
404,649,1053
207,913,1120
936,902,1838
330,675,1005
615,1332,1947
280,857,1137
599,1088,1687
721,427,1148
551,627,1178
107,857,964
525,703,1228
693,430,1123
500,704,1204
581,773,1354
300,954,1254
326,981,1307
844,339,1183
383,1042,1425
807,588,1395
514,842,1356
425,1022,1447
578,877,1455
798,668,1466
690,339,1029
580,1213,1793
680,889,1569
647,659,1306
909,464,1373
1017,352,1369
737,463,1200
846,374,1220
842,343,1185
750,722,1472
962,514,1476
846,758,1604
846,702,1548
1096,716,1812
970,795,1765
1303,559,1862
67,462,529
801,615,1416
36,489,525
616,826,1442
1088,658,1746
956,843,1799
867,650,1517
1098,822,1920
34,538,572
42,690,732
29,571,600
787,793,1580
906,779,1685
96,725,821
270,420,690
1122,735,1857
97,581,678
261,507,768
113,726,839
235,688,923
92,842,934
175,665,840
354,714,1068
1424,692,2116
298,595,893
511,621,1132
99,811,910
330,794,1124
618,479,1097
307,643,950
146,832,978
241,757,998
491,826,1317
1013,641,1654
635,512,1147
425,849,1274
104,835,939
499,756,1255
344,311,655
750,346,1096
572,586,1158
762,574,1336
197,1215,1412
473,674,1147
79,472,551
442,734,1176
402,723,1125
743,689,1432
406,1150,1556
90,643,733
357,842,1199
366,243,609
91,681,772
395,500,895
511,329,840
773,488,1261
550,437,987
527,680,1207
312,455,767
415,544,959
590,1020,1610
731,382,1113
46,709,755
537,1045,1582
447,528,975
853,329,1182
395,738,1133
797,366,1163
492,803,1295
683,1170,1853
102,378,480
257,613,870
498,801,1299
1150,831,1981
846,470,1316
43,452,495
788,525,1313
526,1030,1556
533,968,1501
83,1290,1373
107,554,661
55,562,617
809,921,1730
113,628,741
152,490,642
1410,176,1586
714,859,1573
574,985,1559
55,491,546
954,462,1416
869,924,1793
1103,629,1732
240,440,680
472,668,1140
543,595,1138
69,273,342
433,578,1011
56,276,332
44,863,907
113,732,845
160,587,747
69,263,332
668,411,1079
440,488,928
216,1048,1264
739,541,1280
626,627,1253
224,665,889
748,674,1422
322,958,1280
437,529,966
85,288,373
43,859,902
402,889,1291
574,864,1438
768,377,1145
218,321,539
179,1345,1524
545,849,1394
109,517,626
37,604,641
364,600,964
116,1049,1165
653,392,1045
662,812,1474
331,785,1116
266,338,604
290,1258,1548
793,457,1250
450,971,1421
568,301,869
106,861,967
271,1469,1740
64,722,786
772,679,1451
726,1231,1957
279,731,1010
752,1080,1832
807,658,1465
192,958,1150
343,733,1076
381,720,1101
420,408,828
768,628,1396
578,690,1268
63,631,694
70,297,367
1046,683,1729
101,1654,1755
629,705,1334
900,183,1083
462,864,1326
422,1143,1565
686,746,1432
229,469,698
76,636,712
1101,840,1941
217,2155,2372
791,647,1438
97,399,496
556,967,1523
762,870,1632
292,451,743
437,508,945
145,817,962
836,812,1648
501,2126,2627
849,830,1679
228,816,1044
1581,1349,2930
339,925,1264
423,427,850
603,626,1229
676,1021,1697
328,792,1120
483,914,1397
737,973,1710
780,774,1554
401,1078,1479
1969,793,2762
837,725,1562
31,1115,1146
357,654,1011
892,793,1685
622,1370,1992
1343,1718,3061
337,827,1164
2217,536,2753
553,911,1464
461,810,1271
681,1199,1880
718,744,1462
1151,946,2097
595,699,1294
709,899,1608
998,2012,3010
865,1644,2509
769,958,1727
331,679,1010
83,2091,2174
994,1106,2100
564,777,1341
794,1325,2119
520,1232,1752
669,1572,2241
374,686,1060
407,660,1067
1471,752,2223
953,1225,2178
482,673,1155
878,1031,1909
1046,809,1855
826,1314,2140
615,587,1202
521,689,1210
653,1078,1731
1646,712,2358
353,742,1095
912,893,1805
582,396,978
1377,614,1991
649,455,1104
886,456,1342
901,1412,2313
902,504,1406
773,694,1467
1892,437,2329
788,683,1471
557,684,1241
1534,593,2127
1045,952,1997
769,227,996
239,1015,1254
1035,2148,3183
1002,555,1557
622,630,1252
683,711,1394
709,595,1304
668,333,1001
879,1028,1907
140,305,445
389,2726,3115
1195,1470,2665
873,657,1530
832,567,1399
778,529,1307
892,2454,3346
137,483,620
1231,883,2114
134,469,603
1212,980,2192
771,764,1535
985,1653,2638
891,1117,2008
129,705,834
574,1017,1591
965,2435,3400
121,613,734
275,610,885
2153,653,2806
1010,572,1582
349,613,962
127,647,774
627,929,1556
637,591,1228
2679,653,3332
104,664,768
134,1115,1249
1431,712,2143
401,612,1013
2129,660,2789
418,510,928
524,614,1138
354,782,1136
310,951,1261
272,881,1153
344,428,772
368,854,1222
536,979,1515
425,1020,1445
800,647,1447
597,549,1146
1554,528,2082
592,929,1521
409,1034,1443
338,427,765
228,749,977
516,774,1290
495,494,989
579,1024,1603
278,704,982
840,655,1495
219,781,1000
2280,562,2842
477,469,946
399,1491,1890
651,358,1009
247,941,1188
444,684,1128
873,402,1275
458,549,1007
222,920,1142
1002,494,1496
234,1186,1420
599,739,1338
434,1670,2104
748,479,1227
501,739,1240
746,574,1320
689,1528,2217
396,631,1027
292,522,814
87,654,741
861,655,1516
210,695,905
289,1031,1320
442,657,1099
595,890,1485
410,1355,1765
561,416,977
193,1095,1288
374,628,1002
137,897,1034
597,420,1017
171,624,795
525,1287,1812
489,642,1131
340,965,1305
551,303,854
641,801,1442
673,694,1367
470,652,1122
341,664,1005
464,832,1296
203,1100,1303
119,302,421
333,690,1023
569,1020,1589
732,822,1554
1009,634,1643
299,1159,1458
1040,388,1428
284,797,1081
149,385,534
1114,604,1718
418,1897,2315
599,1028,1627
935,544,1479
186,551,737
470,617,1087
517,693,1210
420,869,1289
189,552,741
302,522,824
744,1209,1953
368,1016,1384
968,685,1653
325,600,925
799,1294,2093
709,736,1445
1317,993,2310
375,446,821
1663,460,2123
534,646,1180
417,1070,1487
988,552,1540
693,550,1243
394,682,1076
279,659,938
512,1318,1830
730,537,1267
489,790,1279
332,1067,1399
802,414,1216
169,734,903
667,417,1084
1388,1391,2779
309,453,762
348,752,1100
431,473,904
535,588,1123
441,597,1038
947,529,1476
472,706,1178
759,1163,1922
862,596,1458
610,1504,2114
387,775,1162
357,617,974
448,425,873
464,1069,1533
528,1217,1745
307,584,891
336,1025,1361
596,607,1203
317,1484,1801
313,477,790
760,591,1351
609,1088,1697
1207,547,1754
1036,796,1832
360,635,995
530,1020,1550
373,1583,1956
301,904,1205
748,433,1181
371,458,829
550,592,1142
390,1053,1443
551,820,1371
1403,646,2049
235,1029,1264
910,781,1691
943,888,1831
384,1139,1523
451,969,1420
488,496,984
483,685,1168
934,808,1742
690,832,1522
1127,567,1694
943,578,1521
783,879,1662
617,915,1532
625,718,1343
838,627,1465
948,723,1671
264,611,875
878,869,1747
1302,715,2017
739,739,1478
451,863,1314
208,621,829
543,1107,1650
149,910,1059
657,428,1085
334,858,1192
299,765,1064
1036,590,1626
182,743,925
1512,853,2365
770,631,1401
343,619,962
482,572,1054
524,714,1238
587,488,1075
553,733,1286
440,762,1202
933,749,1682
496,931,1427
717,288,1005
326,604,930
795,625,1420
601,866,1467
511,463,974
457,749,1206
500,1087,1587
299,896,1195
662,879,1541
673,364,1037
704,1407,2111
738,752,1490
805,1115,1920
447,415,862
633,728,1361
522,749,1271
866,783,1649
472,935,1407
281,634,915
463,525,988
730,854,1584
601,716,1317
1236,359,1595
174,708,882
611,949,1560
672,982,1654
358,608,966
414,1002,1416
633,757,1390
976,303,1279
305,623,928
549,462,1011
736,773,1509
929,661,1590
764,775,1539
330,1153,1483
777,1319,2096
657,443,1100
593,805,1398
763,830,1593
130,333,463
838,699,1537
549,523,1072
677,1411,2088
619,753,1372
84,546,630
527,753,1280
881,429,1310
719,1127,1846
953,579,1532
1025,508,1533
400,558,958
471,1770,2241
212,611,823
247,620,867
196,472,668
1186,751,1937
369,640,1009
660,759,1419
1012,568,1580
583,422,1005
600,604,1204
359,596,955
299,584,883
251,732,983
1012,419,1431
498,664,1162
508,1435,1943
490,770,1260
628,623,1251
549,975,1524
366,537,903
284,770,1054
395,461,856
118,865,983
720,742,1462
417,556,973
475,1099,1574
277,955,1232
1268,550,1818
741,1633,2374
609,690,1299
201,676,877
668,460,1128
501,657,1158
719,514,1233
519,668,1187
714,1581,2295
898,930,1828
650,1864,2514
393,953,1346
1734,1127,2861
541,1079,1620
956,365,1321
813,348,1161
1079,1075,2154
425,656,1081
549,623,1172
68,2028,2096
611,1064,1675
1370,851,2221
391,848,1239
1375,902,2277
1082,628,1710
190,929,1119
233,884,1117
486,561,1047
1737,626,2363
379,994,1373
513,997,1510
1948,648,2596
465,1098,1563
830,344,1174
517,483,1000
434,948,1382
315,881,1196
933,866,1799
807,565,1372
347,1013,1360
203,844,1047
578,1263,1841
651,1236,1887
681,381,1062
531,1213,1744
833,325,1158
800,927,1727
552,925,1477
789,282,1071
579,1425,2004
929,1308,2237
437,1042,1479
408,2323,2731
755,1457,2212
461,2284,2745
951,1238,2189
901,1215,2116
357,310,667
764,2033,2797
367,1172,1539
772,1433,2205
2127,381,2508
513,1298,1811
881,1541,2422
731,608,1339
2152,315,2467
511,815,1326
119,486,605
424,1322,1746
867,1078,1945
251,1462,1713
1150,540,1690
488,1542,2030
1033,759,1792
1117,774,1891
1330,642,1972
365,1126,1491
755,1349,2104
1175,638,1813
764,960,1724
865,847,1712
851,924,1775
214,594,808
46,1822,1868
1129,630,1759
1970,303,2273
204,911,1115
1110,700,1810
471,966,1437
722,753,1475
1262,353,1615
930,1684,2614
1275,406,1681
1095,594,1689
406,749,1155
189,718,907
326,719,1045
1250,749,1999
502,634,1136
243,859,1102
704,1826,2530
430,751,1181
239,851,1090
1422,1135,2557
858,491,1349
490,765,1255
1319,793,2112
621,620,1241
1644,968,2612
469,895,1364
530,604,1134
622,512,1134
658,439,1097
688,652,1340
845,577,1422
621,466,1087
779,462,1241
216,2124,2340
267,826,1093
658,898,1556
847,2284,3131
583,394,977
1716,431,2147
442,790,1232
1739,1474,3213
288,902,1190
1044,619,1663
410,712,1122
709,853,1562
444,558,1002
592,766,1358
533,851,1384
773,645,1418
354,792,1146
2023,1051,3074
589,943,1532
822,548,1370
825,651,1476
482,805,1287
362,734,1096
698,600,1298
745,548,1293
907,427,1334
2244,450,2694
640,460,1100
782,306,1088
781,370,1151
1392,630,2022
351,1108,1459
631,318,949
1045,578,1623
778,595,1373
670,1222,1892
474,481,955
764,1603,2367
490,493,983
432,684,1116
394,1689,2083
258,332,590
614,547,1161
241,1193,1434
520,1466,1986
376,757,1133
239,447,686
525,956,1481
702,1334,2036
771,688,1459
153,435,588
180,463,643
164,792,956
257,992,1249
650,641,1291
308,552,860
344,662,1006
528,844,1372
328,797,1125
543,1527,2070
1089,471,1560
310,1416,1726
612,567,1179
1467,900,2367
404,661,1065
361,647,1008
528,470,998
1242,735,1977
374,652,1026
1062,850,1912
1578,669,2247
895,1010,1905
744,481,1225
514,593,1107
418,873,1291
209,460,669
545,653,1198
1292,792,2084
233,1101,1334
414,668,1082
745,2046,2791
1215,905,2120
539,789,1328
820,683,1503
471,810,1281
613,921,1534
187,733,920
1037,520,1557
565,716,1281
561,740,1301
639,2077,2716
712,536,1248
1429,803,2232
576,739,1315
394,1006,1400
811,927,1738
241,738,979
698,768,1466
962,609,1571
579,1004,1583
619,617,1236
681,558,1239
448,752,1200
420,1174,1594
563,889,1452
725,314,1039
428,2083,2511
768,709,1477
768,884,1652
680,596,1276
438,1185,1623
908,609,1517
827,442,1269
966,770,1736
431,1285,1716
632,498,1130
2012,785,2797
600,657,1257
776,807,1583
618,781,1399
1744,931,2675
1093,423,1516
814,953,1767
476,985,1461
312,1361,1673
446,504,950
555,942,1497
571,743,1314
170,1561,1731
313,597,910
2000,738,2738
637,902,1539
1198,590,1788
672,924,1596
719,451,1170
475,723,1198
1155,504,1659
860,707,1567
541,905,1446
394,745,1139
368,619,987
190,851,1041
580,593,1173
898,955,1853
316,1087,1403
497,488,985
1408,328,1736
1046,1097,2143
671,897,1568
701,618,1319
632,587,1219
325,733,1058
397,963,1360
500,791,1291
612,478,1090
562,760,1322
306,477,783
630,953,1583
803,763,1566
371,1086,1457
375,543,918
419,956,1375
622,724,1346
289,1093,1382
689,922,1611
761,984,1745
382,1072,1454
789,1061,1850
741,863,1604
622,667,1289
461,558,1019
445,735,1180
317,759,1076
424,796,1220
494,751,1245
862,831,1693
654,457,1111
707,599,1306
437,643,1080
1015,822,1837
500,895,1395
838,1122,1960
638,525,1163
812,802,1614
819,744,1563
566,1087,1653
638,664,1302
662,496,1158
760,591,1351
872,669,1541
1068,656,1724
569,792,1361
372,660,1032
736,500,1236
886,716,1602
500,479,979
388,355,743
485,329,814
1037,724,1761
1060,1021,2081
595,586,1181
234,1408,1642
465,547,1012
940,620,1560
396,666,1062
392,539,931
606,451,1057
1001,462,1463
459,744,1203
811,725,1536
368,1359,1727
714,443,1157
328,892,1220
754,982,1736
387,605,992
572,417,989
641,575,1216
823,886,1709
306,736,1042
53,637,690
557,1329,1886
265,606,871
471,637,1108
407,1056,1463
353,608,961
342,776,1118
644,621,1265
815,1749,2564
541,860,1401
117,624,741
1264,808,2072
652,770,1422
517,1066,1583
1142,769,1911
432,1219,1651
234,649,883
236,724,960
920,1599,2519
611,547,1158
269,638,907
784,938,1722
755,1845,2600
796,810,1606
786,1143,1929
597,883,1480
507,629,1136
279,897,1176
904,890,1794
475,1002,1477
371,933,1304
542,692,1234
824,725,1549
1577,715,2292
587,851,1438
554,860,1414
533,869,1402
1470,736,2206
1256,622,1878
936,701,1637
721,676,1397
127,769,896
883,320,1203
964,545,1509
390,885,1275
446,815,1261
287,885,1172
1774,492,2266
814,726,1540
532,1042,1574
650,713,1363
259,1519,1778
395,552,947
801,468,1269
766,777,1543
468,1618,2086
607,716,1323
460,915,1375
653,790,1443
482,692,1174
588,1013,1601
722,814,1536
387,810,1197
437,578,1015
587,544,1131
795,448,1243
613,587,1200
670,689,1359
415,694,1109
174,576,750
260,612,872
539,1434,1973
385,1433,1818
656,891,1547
543,1207,1750
676,491,1167
617,777,1394
733,960,1693
390,673,1063
382,527,909
489,494,983
198,749,947
949,1683,2632
426,424,850
267,969,1236
259,397,656
466,870,1336
292,1676,1968
516,844,1360
258,963,1221
551,1654,2205
358,1683,2041
334,979,1313
414,337,751
477,924,1401
1052,1271,2323
661,1711,2372
291,524,815
1318,466,1784
155,527,682
534,1986,2520
1320,1287,2607
771,559,1330
374,1000,1374
1283,516,1799
211,2124,2335
1444,421,1865
358,399,757
890,656,1546
617,1906,2523
1484,1752,3236
808,603,1411
409,1644,2053
505,2584,3089
420,2202,2622
683,1864,2547
509,1716,2225
282,2230,2512
678,996,1674
745,1239,1984
871,909,1780
1004,606,1610
1142,2007,3149
503,2062,2565
1347,697,2044
1115,2063,3178
1732,858,2590
180,684,864
1210,1672,2882
1451,605,2056
512,712,1224
277,974,1251
1562,476,2038
1734,1044,2778
1543,1191,2734
593,1143,1736
437,1019,1456
212,1140,1352
1870,1048,2918
355,1225,1580
452,1095,1547
2061,767,2828
1031,473,1504
690,954,1644
580,883,1463
539,997,1536
2084,773,2857
552,891,1443
1964,665,2629
599,440,1039
1585,1826,3411
1601,925,2526
2296,1179,3475
760,405,1165
1898,1066,2964
809,391,1200
819,942,1761
517,602,1119
1968,1160,3128
459,1303,1762
480,604,1084
156,1373,1529
1290,1212,2502
496,2007,2503
1765,1102,2867
603,1103,1706
176,572,748
1134,1375,2509
654,983,1637
687,1281,1968
214,593,807
413,551,964
860,661,1521
669,886,1555
640,1118,1758
1380,1188,2568
431,1194,1625
908,732,1640
1004,669,1673
1115,552,1667
824,771,1595
1055,432,1487
372,760,1132
687,1358,2045
1885,359,2244
565,1083,1648
850,1398,2248
436,1455,1891
292,585,877
1029,623,1652
289,723,1012
1034,765,1799
174,764,938
1038,742,1780
320,1151,1471
570,813,1383
279,760,1039
436,1626,2062
479,1862,2341
832,740,1572
388,680,1068
978,536,1514
294,680,974
499,636,1135
335,1196,1531
1144,729,1873
1217,587,1804
589,1699,2288
511,1859,2370
974,661,1635
759,441,1200
1082,813,1895
520,664,1184
421,284,705
443,896,1339
383,934,1317
1117,766,1883
1225,477,1702
558,2009,2567
711,607,1318
451,860,1311
1312,624,1936
1653,921,2574
235,607,842
27,1029,1056
874,639,1513
24,940,964
1728,556,2284
281,768,1049
422,431,853
503,960,1463
1550,644,2194
446,871,1317
38,1032,1070
938,766,1704
376,611,987
679,752,1431
240,709,949
448,916,1364
282,1195,1477
533,789,1322
475,711,1186
105,1017,1122
159,1086,1245
537,967,1504
410,1118,1528
871,638,1509
271,1302,1573
359,982,1341
1846,470,2316
684,687,1371
798,491,1289
686,937,1623
495,786,1281
767,577,1344
597,1091,1688
965,746,1711
518,1166,1684
626,578,1204
805,1198,2003
537,1052,1589
1008,390,1398
350,1341,1691
776,546,1322
591,1069,1660
848,933,1781
635,606,1241
812,619,1431
776,1394,2170
1101,767,1868
529,1256,1785
853,500,1353
627,1335,1962
1033,882,1915
541,425,966
469,1287,1756
374,796,1170
556,628,1184
942,1271,2213
961,763,1724
604,775,1379
371,598,969
1196,907,2103
928,749,1677
416,618,1034
367,1441,1808
649,1019,1668
351,588,939
992,911,1903
1099,615,1714
860,1316,2176
527,455,982
1231,878,2109
1341,597,1938
1080,942,2022
446,574,1020
1126,576,1702
659,434,1093
398,639,1037
628,773,1401
789,635,1424
1170,622,1792
647,610,1257
303,890,1193
392,464,856
599,517,1116
857,900,1757
509,430,939
466,660,1126
660,679,1339
1085,1007,2092
895,916,1811
456,771,1227
1242,736,1978
1139,696,1835
378,612,990
378,636,1014
278,1083,1361
1336,888,2224
483,412,895
649,657,1306
471,1187,1658
430,440,870
234,570,804
464,699,1163
504,1026,1530
783,1044,1827
729,659,1388
199,838,1037
823,883,1706
417,453,870
767,890,1657
494,606,1100
527,466,993
199,1708,1907
562,637,1199
435,421,856
1002,668,1670
238,597,835
756,1187,1943
627,291,918
719,901,1620
582,583,1165
551,1493,2044
566,707,1273
592,549,1141
563,724,1287
1139,488,1627
617,1197,1814
401,790,1191
991,840,1831
431,654,1085
389,896,1285
744,516,1260
632,1000,1632
230,722,952
659,654,1313
825,666,1491
387,498,885
890,1183,2073
319,839,1158
437,311,748
484,1630,2114
460,522,982
203,737,940
427,581,1008
910,483,1393
452,707,1159
541,465,1006
1582,844,2426
401,639,1040
304,743,1047
162,474,636
626,489,1115
176,754,930
650,411,1061
499,1019,1518
302,674,976
1434,870,2304
815,873,1688
198,736,934
253,945,1198
509,521,1030
611,1131,1742
500,1695,2195
321,1032,1353
1093,1038,2131
205,505,710
247,735,982
529,572,1101
443,1422,1865
338,501,839
318,1037,1355
656,2211,2867
331,1569,1900
460,778,1238
564,877,1441
546,1442,1988
773,865,1638
831,997,1828
586,500,1086
650,965,1615
805,1137,1942
501,996,1497
390,797,1187
301,719,1020
528,899,1427
897,762,1659
1519,1400,2919
727,1363,2090
709,605,1314
1525,1394,2919
1193,495,1688
245,1154,1399
1078,816,1894
667,1568,2235
886,493,1379
290,653,943
976,590,1566
762,641,1403
687,618,1305
2186,726,2912
1289,591,1880
830,860,1690
813,840,1653
898,1574,2472
368,935,1303
737,844,1581
753,410,1163
788,581,1369
1273,670,1943
430,834,1264
625,810,1435
1191,618,1809
304,1265,1569
1073,1083,2156
1051,685,1736
857,682,1539
374,608,982
1268,492,1760
756,538,1294
372,593,965
324,709,1033
719,1087,1806
593,668,1261
1476,812,2288
714,506,1220
1483,717,2200
458,801,1259
817,554,1371
466,619,1085
444,472,916
429,654,1083
361,988,1349
650,615,1265
520,843,1363
618,839,1457
805,406,1211
653,785,1438
644,374,1018
403,733,1136
511,644,1155
1005,851,1856
662,539,1201
483,515,998
542,751,1293
763,787,1550
803,690,1493
585,843,1428
779,655,1434
248,879,1127
271,851,1122
341,733,1074
42,1011,1053
1175,1691,2866
279,872,1151
378,733,1111
116,1014,1130
373,761,1134
105,1169,1274
883,1419,2302
684,1131,1815
307,906,1213
438,764,1202
828,1253,2081
468,682,1150
204,952,1156
376,991,1367
586,1864,2450
146,1251,1397
188,1017,1205
399,1089,1488
854,1230,2084
699,2064,2763
617,676,1293
754,619,1373
605,1593,2198
487,907,1394
497,987,1484
443,869,1312
83,1781,1864
1140,428,1568
849,587,1436
557,1008,1565
761,1126,1887
495,982,1477
585,592,1177
796,901,1697
579,1972,2551
1055,624,1679
889,608,1497
729,549,1278
783,417,1200
741,2141,2882
1142,436,1578
858,701,1559
1447,481,1928
1187,845,2032
1104,621,1725
1045,994,2039
754,838,1592
562,882,1444
438,369,807
936,1292,2228
61,450,511
908,913,1821
1692,447,2139
759,780,1539
829,903,1732
146,667,813
518,503,1021
786,1003,1789
314,640,954
1694,824,2518
829,802,1631
782,995,1777
1535,266,1801
2056,736,2792
322,1006,1328
92,491,583
373,739,1112
577,1074,1651
424,606,1030
700,1233,1933
428,856,1284
535,690,1225
45,1574,1619
561,1635,2196
239,1476,1715
150,489,639
606,798,1404
607,660,1267
668,1079,1747
329,1340,1669
1008,934,1942
721,1196,1917
484,1277,1761
1130,707,1837
345,814,1159
130,1131,1261
327,1157,1484
229,1282,1511
236,922,1158
603,815,1418
576,875,1451
452,1085,1537
333,822,1155
730,883,1613
898,927,1825
731,475,1206
516,423,939
407,1067,1474
1465,739,2204
985,520,1505
841,758,1599
325,1348,1673
1116,584,1700
220,1271,1491
733,315,1048
861,1499,2360
482,1194,1676
1091,747,1838
388,1115,1503
325,771,1096
756,970,1726
542,731,1273
622,589,1211
1087,867,1954
709,396,1105
1545,878,2423
1113,589,1702
558,414,972
808,1128,1936
1223,1027,2250
731,700,1431
605,409,1014
211,526,737
1087,492,1579
258,520,778
686,559,1245
658,584,1242
400,597,997
242,725,967
776,2423,3199
791,717,1508
539,496,1035
681,856,1537
1138,969,2107
590,477,1067
736,474,1210
446,632,1078
913,1302,2215
791,2378,3169
902,1033,1935
441,636,1077
287,737,1024
437,855,1292
329,539,868
363,617,980
427,816,1243
374,466,840
486,636,1122
761,2089,2850
535,847,1382
978,859,1837
320,1156,1476
156,624,780
692,959,1651
631,612,1243
132,635,767
581,774,1355
2091,941,3032
582,404,986
797,789,1586
531,897,1428
356,478,834
231,699,930
273,633,906
2174,765,2939
603,803,1406
526,1085,1611
1163,701,1864
746,722,1468
1872,718,2590
499,1325,1824
840,748,1588
751,1320,2071
350,777,1127
611,1046,1657
573,465,1038
1081,1637,2718
587,528,1115
418,888,1306
632,525,1157
853,1484,2337
563,701,1264
1069,856,1925
484,686,1170
714,1060,1774
1234,1131,2365
241,991,1232
672,707,1379
827,505,1332
423,811,1234
695,711,1406
833,835,1668
528,840,1368
738,857,1595
1326,330,1656
610,554,1164
597,738,1335
438,772,1210
1380,455,1835
709,748,1457
864,455,1319
665,584,1249
1018,408,1426
602,1049,1651
666,588,1254
961,791,1752
665,667,1332
104,449,553
1101,662,1763
701,912,1613
458,581,1039
253,713,966
384,876,1260
583,532,1115
772,781,1553
623,551,1174
266,348,614
602,858,1460
922,929,1851
217,932,1149
908,645,1553
320,911,1231
276,635,911
316,465,781
583,695,1278
326,1121,1447
298,560,858
555,809,1364
716,749,1465
621,830,1451
24,162,186
539,462,1001
682,830,1512
58,348,406
459,670,1129
596,873,1469
437,775,1212
813,954,1767
376,491,867
409,1349,1758
630,787,1417
629,722,1351
513,905,1418
232,999,1231
215,697,912
230,581,811
1024,387,1411
441,675,1116
142,399,541
47,952,999
338,720,1058
657,827,1484
538,1009,1547
283,812,1095
748,1532,2280
603,731,1334
609,780,1389
586,572,1158
420,444,864
92,1208,1300
695,571,1266
578,732,1310
674,1667,2341
480,663,1143
775,821,1596
203,916,1119
772,496,1268
195,679,874
456,1012,1468
764,687,1451
578,743,1321
319,600,919
819,701,1520
82,617,699
261,899,1160
679,762,1441
499,555,1054
1334,1158,2492
914,796,1710
431,316,747
1391,1002,2393
662,342,1004
280,664,944
1045,748,1793
1414,680,2094
400,846,1246
839,873,1712
698,650,1348
487,425,912
416,424,840
751,581,1332
464,567,1031
786,552,1338
586,958,1544
244,537,781
518,487,1005
605,974,1579
736,753,1489
314,431,745
255,708,963
701,414,1115
136,926,1062
538,874,1412
212,641,853
364,388,752
394,909,1303
553,1153,1706
339,1363,1702
436,898,1334
813,367,1180
319,1423,1742
253,585,838
691,471,1162
869,374,1243
634,1166,1800
485,2000,2485
584,1222,1806
774,734,1508
419,456,875
501,781,1282
537,1359,1896
321,628,949
486,793,1279
502,707,1209
857,384,1241
826,1816,2642
379,946,1325
546,874,1420
729,1036,1765
619,1228,1847
575,590,1165
565,1165,1730
221,739,960
450,964,1414
405,725,1130
956,871,1827
425,686,1111
622,1127,1749
1297,739,2036
1025,756,1781
610,486,1096
409,809,1218
1044,892,1936
582,587,1169
292,514,806
641,746,1387
528,539,1067
352,1037,1389
1064,638,1702
1096,1327,2423
958,644,1602
544,1096,1640
1189,739,1928
300,900,1200
894,555,1449
846,741,1587
801,400,1201
1840,1042,2882
992,519,1511
711,648,1359
604,470,1074
1181,735,1916
543,373,916
407,413,820
848,1257,2105
940,519,1459
487,463,950
466,786,1252
567,459,1026
343,956,1299
454,634,1088
532,1475,2007
241,1143,1384
1625,960,2585
730,555,1285
552,713,1265
385,643,1028
552,714,1266
503,747,1250
374,898,1272
759,1368,2127
306,861,1167
668,788,1456
434,840,1274
362,1137,1499
549,730,1279
266,821,1087
1214,1247,2461
312,1501,1813
429,446,875
273,516,789
372,797,1169
386,546,932
818,1191,2009
499,477,976
338,323,661
803,1441,2244
1211,1021,2232
638,1324,1962
823,1405,2228
444,854,1298
476,1195,1671
1266,1005,2271
507,859,1366
324,1120,1444
641,643,1284
879,1129,2008
1105,945,2050
1006,972,1978
349,1104,1453
168,1325,1493
386,388,774
59,1343,1402
494,1122,1616
1289,837,2126
644,1021,1665
1189,488,1677
906,626,1532
534,2269,2803
497,422,919
1236,601,1837
56,1623,1679
872,552,1424
543,2081,2624
69,579,648
1003,451,1454
443,1048,1491
704,959,1663
731,944,1675
1102,776,1878
719,476,1195
879,710,1589
448,1236,1684
119,600,719
415,1144,1559
1248,769,2017
1096,482,1578
113,436,549
1553,534,2087
1026,942,1968
260,409,669
648,1983,2631
549,1420,1969
705,1451,2156
996,630,1626
334,539,873
912,1497,2409
259,527,786
923,932,1855
448,403,851
1815,640,2455
725,1221,1946
950,1068,2018
425,508,933
1099,1013,2112
883,494,1377
499,665,1164
564,699,1263
559,527,1086
1274,196,1470
1048,863,1911
357,603,960
340,572,912
880,1224,2104
699,888,1587
764,476,1240
1862,667,2529
271,726,997
469,627,1096
939,556,1495
347,871,1218
1398,687,2085
438,636,1074
949,826,1775
402,555,957
558,713,1271
66,809,875
434,477,911
1256,606,1862
201,924,1125
252,823,1075
175,833,1008
611,858,1469
424,510,934
337,764,1101
485,1195,1680
510,618,1128
913,1021,1934
388,1197,1585
529,604,1133
788,510,1298
798,1020,1818
240,1144,1384
540,449,989
346,539,885
237,1504,1741
584,599,1183
505,457,962
46,463,509
766,559,1325
248,374,622
107,851,958
385,804,1189
1036,615,1651
587,1381,1968
673,581,1254
723,1166,1889
582,857,1439
71,198,269
522,702,1224
475,214,689
1081,829,1910
121,1474,1595
196,879,1075
1067,1194,2261
356,519,875
688,966,1654
537,1188,1725
669,725,1394
767,776,1543
1018,506,1524
397,1041,1438
168,1501,1669
592,667,1259
1080,490,1570
434,636,1070
148,1668,1816
708,595,1303
648,1306,1954
936,679,1615
1403,726,2129
747,641,1388
877,464,1341
811,533,1344
1366,880,2246
808,1200,2008
522,380,902
1424,479,1903
770,1223,1993
753,440,1193
774,437,1211
1056,968,2024
504,536,1040
213,409,622
529,707,1236
1153,704,1857
550,731,1281
380,863,1243
686,878,1564
169,492,661
241,413,654
965,1154,2119
745,529,1274
203,684,887
611,1208,1819
499,1079,1578
421,533,954
70,1165,1235
1152,693,1845
1414,620,2034
721,313,1034
153,1254,1407
513,544,1057
315,621,936
738,731,1469
543,1092,1635
291,898,1189
1044,1511,2555
1063,826,1889
1621,934,2555
1102,1196,2298
589,1169,1758
289,586,875
392,607,999
1072,461,1533
605,1057,1662
330,919,1249
594,783,1377
305,1091,1396
1219,982,2201
578,900,1478
411,786,1197
566,624,1190
1290,714,2004
531,589,1120
208,944,1152
452,1341,1793
1016,437,1453
1036,453,1489
387,896,1283
446,731,1177
847,461,1308
761,753,1514
697,436,1133
383,686,1069
347,880,1227
946,926,1872
615,722,1337
646,709,1355
702,790,1492
574,340,914
358,836,1194
752,406,1158
756,798,1554
320,458,778
255,682,937
434,530,964
682,691,1373
404,430,834
1016,1106,2122
467,1117,1584
600,594,1194
464,567,1031
786,750,1536
583,638,1221
345,535,880
514,456,970
806,571,1377
995,1334,2329
764,792,1556
332,332,664
651,596,1247
1314,1152,2466
307,596,903
569,1258,1827
697,500,1197
517,583,1100
388,633,1021
220,438,658
562,423,985
593,579,1172
394,1688,2082
971,900,1871
414,574,988
821,1330,2151
419,529,948
414,416,830
313,648,961
756,765,1521
444,671,1115
170,1764,1934
591,762,1353
1149,585,1734
663,404,1067
191,401,592
984,1335,2319
992,620,1612
416,482,898
535,829,1364
474,579,1053
221,1982,2203
575,1259,1834
475,394,869
609,798,1407
387,716,1103
366,713,1079
842,639,1481
582,387,969
290,1168,1458
1157,923,2080
1553,812,2365
385,1420,1805
679,803,1482
1564,824,2388
462,908,1370
255,1191,1446
645,510,1155
27,528,555
676,459,1135
1207,913,2120
633,514,1147
630,1180,1810
627,807,1434
1824,661,2485
577,786,1363
470,1020,1490
387,599,986
103,625,728
608,1096,1704
1218,1016,2234
38,875,913
1089,795,1884
969,647,1616
90,634,724
829,894,1723
277,802,1079
516,464,980
141,788,929
1097,658,1755
171,777,948
43,810,853
311,917,1228
772,621,1393
398,893,1291
614,616,1230
447,638,1085
608,728,1336
1309,781,2090
38,1262,1300
247,620,867
960,462,1422
348,814,1162
774,673,1447
753,532,1285
478,656,1134
630,618,1248
789,667,1456
550,975,1525
539,1127,1666
397,569,966
703,449,1152
425,672,1097
539,972,1511
561,504,1065
481,912,1393
437,667,1104
422,519,941
376,1103,1479
293,628,921
649,452,1101
203,676,879
528,791,1319
654,970,1624
689,979,1668
158,913,1071
580,600,1180
524,462,986
654,1291,1945
564,838,1402
644,503,1147
368,689,1057
1040,437,1477
520,1007,1527
686,827,1513
596,704,1300
807,625,1432
241,410,651
1177,992,2169
495,881,1376
112,643,755
352,1720,2072
838,913,1751
867,1026,1893
794,837,1631
499,1884,2383
618,613,1231
284,609,893
926,758,1684
546,1035,1581
172,767,939
865,785,1650
698,627,1325
549,757,1306
790,1567,2357
777,893,1670
497,619,1116
1201,643,1844
451,599,1050
754,587,1341
645,740,1385
848,647,1495
421,1137,1558
315,1222,1537
562,1014,1576
1542,1170,2712
603,820,1423
1787,838,2625
591,1022,1613
965,246,1211
621,1216,1837
1457,830,2287
511,1020,1531
842,1044,1886
925,241,1166
691,623,1314
677,703,1380
561,1044,1605
652,302,954
722,244,966
857,363,1220
1136,286,1422
191,297,488
600,232,832
1006,296,1302
976,326,1302
209,350,559
612,300,912
336,281,617
893,331,1224
138,275,413
112,309,421
239,242,481
160,324,484
164,286,450
98,228,326
171,269,440
219,326,545
244,282,526
139,242,381
221,352,573
612,1058,1670
175,253,428
952,1108,2060
138,305,443
176,295,471
551,2464,3015
325,876,1201
651,346,997
167,397,564
457,1872,2329
172,297,469
785,1968,2753
626,1605,2231
183,429,612
254,381,635
613,1998,2611
522,1830,2352
671,1506,2177
261,2227,2488
412,1868,2280
79,468,547
230,583,813
64,543,607
657,1772,2429
684,1736,2420
110,577,687
517,1718,2235
342,1686,2028
232,808,1040
358,2440,2798
129,636,765
295,1768,2063
115,688,803
1798,611,2409
1810,591,2401
494,2275,2769
251,757,1008
1840,578,2418
662,2431,3093
475,2816,3291
203,757,960
2096,913,3009
1612,595,2207
1490,749,2239
2369,1124,3493
417,794,1211
2154,681,2835
1748,846,2594
1674,593,2267
205,601,806
2206,363,2569
1631,856,2487
259,1208,1467
370,739,1109
320,705,1025
514,552,1066
468,655,1123
2362,1040,3402
773,269,1042
1531,667,2198
476,692,1168
624,368,992
442,1158,1600
535,647,1182
369,862,1231
313,402,715
391,619,1010
796,431,1227
1415,650,2065
706,414,1120
725,1013,1738
763,446,1209
358,925,1283
775,551,1326
438,214,652
471,796,1267
517,1046,1563
567,893,1460
479,1091,1570
60,337,397
603,644,1247
1083,635,1718
102,341,443
2711,731,3442
682,368,1050
642,739,1381
374,1069,1443
796,367,1163
864,1047,1911
488,1032,1520
481,642,1123
928,440,1368
366,1685,2051
768,659,1427
1501,1347,2848
998,528,1526
63,583,646
905,1065,1970
745,566,1311
401,436,837
1057,1031,2088
417,551,968
183,466,649
927,1163,2090
178,669,847
123,496,619
770,781,1551
901,508,1409
455,553,1008
140,933,1073
709,1000,1709
363,351,714
1564,416,1980
230,791,1021
1010,1033,2043
408,788,1196
773,773,1546
514,937,1451
566,1009,1575
668,1006,1674
138,307,445
1661,1649,3310
630,951,1581
268,900,1168
329,895,1224
310,658,968
565,785,1350
950,620,1570
981,1142,2123
763,533,1296
538,2400,2938
446,831,1277
298,569,867
383,475,858
636,1221,1857
202,1213,1415
386,759,1145
391,582,973
544,574,1118
870,321,1191
678,688,1366
911,486,1397
555,906,1461
926,968,1894
928,581,1509
1201,1680,2881
591,527,1118
296,596,892
1576,1536,3112
785,369,1154
854,510,1364
831,708,1539
1137,445,1582
772,811,1583
705,880,1585
708,484,1192
662,617,1279
449,689,1138
781,486,1267
492,986,1478
791,500,1291
518,745,1263
70,510,580
988,714,1702
669,642,1311
665,390,1055
246,334,580
681,1083,1764
1028,1100,2128
2250,722,2972
114,511,625
785,988,1773
929,696,1625
870,727,1597
111,637,748
68,685,753
288,320,608
634,652,1286
1143,1161,2304
1512,1061,2573
24,619,643
629,968,1597
30,761,791
797,835,1632
335,432,767
29,834,863
307,457,764
34,1010,1044
369,633,1002
125,919,1044
47,1007,1054
574,479,1053
190,754,944
261,604,865
736,427,1163
171,505,676
1016,765,1781
1368,872,2240
470,626,1096
361,663,1024
309,720,1029
380,812,1192
891,323,1214
194,765,959
429,309,738
943,433,1376
354,1212,1566
713,585,1298
392,772,1164
282,409,691
367,1003,1370
847,532,1379
804,1009,1813
420,438,858
719,964,1683
512,570,1082
654,768,1422
327,332,659
668,951,1619
419,1193,1612
269,446,715
408,1453,1861
289,591,880
439,1096,1535
642,560,1202
707,1136,1843
587,762,1349
473,551,1024
1123,579,1702
564,1015,1579
357,392,749
659,1362,2021
151,558,709
589,552,1141
450,1606,2056
622,1135,1757
832,1430,2262
694,1095,1789
905,576,1481
808,821,1629
106,732,838
307,578,885
426,730,1156
666,1001,1667
1389,695,2084
1063,739,1802
621,1526,2147
440,769,1209
788,679,1467
1039,821,1860
434,1108,1542
197,566,763
901,901,1802
688,1160,1848
1265,687,1952
1088,622,1710
821,1269,2090
324,952,1276
379,852,1231
1398,933,2331
467,741,1208
442,1167,1609
585,913,1498
670,789,1459
503,1448,1951
941,142,1083
1032,1261,2293
641,734,1375
376,919,1295
1404,720,2124
414,668,1082
569,1135,1704
1100,928,2028
491,1282,1773
795,616,1411
478,1122,1600
1131,1026,2157
702,1081,1783
387,1329,1716
1245,671,1916
654,146,800
787,941,1728
494,1502,1996
462,1729,2191
649,1217,1866
620,1617,2237
1354,930,2284
797,1072,1869
597,1254,1851
837,416,1253
965,1328,2293
1116,711,1827
328,1359,1687
1010,1350,2360
370,1402,1772
767,891,1658
600,1253,1853
691,758,1449
208,1296,1504
952,1467,2419
87,595,682
781,778,1559
1447,498,1945
1117,1403,2520
922,789,1711
1395,790,2185
614,1307,1921
427,1309,1736
922,799,1721
138,765,903
283,1366,1649
1211,813,2024
1114,861,1975
921,823,1744
1244,853,2097
1196,673,1869
1018,1008,2026
866,1059,1925
1328,521,1849
1050,994,2044
1093,823,1916
1227,435,1662
1223,709,1932
1300,985,2285
1202,697,1899
331,832,1163
797,969,1766
620,1274,1894
453,533,986
772,664,1436
749,711,1460
1256,939,2195
727,712,1439
1252,838,2090
643,516,1159
528,960,1488
728,634,1362
1211,897,2108
705,1314,2019
613,1140,1753
811,492,1303
219,1085,1304
728,638,1366
812,1272,2084
714,662,1376
566,627,1193
402,1617,2019
514,1129,1643
232,1410,1642
673,1906,2579
453,1206,1659
311,1426,1737
792,1765,2557
664,1067,1731
481,1175,1656
917,997,1914
593,1231,1824
675,1829,2504
362,1176,1538
382,1475,1857
948,1300,2248
501,1350,1851
798,1034,1832
493,1958,2451
453,1438,1891
378,1547,1925
1150,1573,2723
554,1163,1717
706,1348,2054
359,1359,1718
517,1336,1853
964,883,1847
593,1576,2169
1215,288,1503
1226,1026,2252
871,1061,1932
1753,270,2023
404,965,1369
615,1949,2564
1391,160,1551
2166,291,2457
1233,489,1722
980,1167,2147
1142,2096,3238
708,1966,2674
1403,513,1916
2218,828,3046
1270,678,1948
2130,864,2994
1507,600,2107
1206,896,2102
474,1989,2463
1400,495,1895
1870,595,2465
1609,582,2191
2336,671,3007
1422,771,2193
1485,782,2267
46,674,720
1843,611,2454
1810,1101,2911
45,463,508
1513,867,2380
1650,883,2533
1344,1020,2364
79,587,666
1562,1046,2608
53,661,714
218,455,673
284,451,735
1358,799,2157
1271,763,2034
435,561,996
1254,655,1909
1271,1174,2445
1193,1066,2259
59,1055,1114
45,1097,1142
256,616,872
328,484,812
1489,1121,2610
214,814,1028
427,678,1105
222,630,852
339,859,1198
296,794,1090
99,985,1084
121,991,1112
540,480,1020
444,636,1080
1767,1290,3057
132,1174,1306
507,676,1183
149,655,804
454,900,1354
365,746,1111
105,1125,1230
534,762,1296
472,704,1176
225,818,1043
416,1021,1437
701,1046,1747
449,792,1241
595,1164,1759
701,795,1496
827,940,1767
513,1170,1683
449,946,1395
616,948,1564
731,1048,1779
759,978,1737
802,823,1625
1052,791,1843
551,913,1464
868,1123,1991
818,750,1568
662,929,1591
556,782,1338
253,640,893
666,626,1292
1122,501,1623
502,946,1448
1040,359,1399
833,458,1291
647,1035,1682
536,539,1075
475,1130,1605
897,970,1867
379,1208,1587
642,361,1003
682,1042,1724
589,1122,1711
668,481,1149
975,584,1559
382,1202,1584
1098,495,1593
791,845,1636
674,1018,1692
554,658,1212
559,1408,1967
799,622,1421
223,483,706
542,1359,1901
95,632,727
957,823,1780
369,367,736
650,1346,1996
275,459,734
952,598,1550
1140,1180,2320
857,503,1360
237,557,794
862,984,1846
1099,1116,2215
1151,609,1760
500,353,853
963,626,1589
257,645,902
1176,649,1825
907,2050,2957
1474,357,1831
941,786,1727
674,294,968
887,256,1143
925,1966,2891
256,767,1023
169,435,604
994,1055,2049
1441,335,1776
964,560,1524
454,744,1198
808,1648,2456
919,262,1181
425,1920,2345
783,1420,2203
775,592,1367
1943,936,2879
583,1270,1853
926,1657,2583
1835,889,2724
1491,440,1931
980,1902,2882
75,626,701
1858,873,2731
652,363,1015
116,1167,1283
992,326,1318
736,275,1011
785,942,1727
797,903,1700
349,1860,2209
449,351,800
54,852,906
738,956,1694
228,541,769
27,950,977
116,952,1068
455,624,1079
544,1310,1854
722,1628,2350
326,752,1078
966,1061,2027
491,509,1000
1526,579,2105
42,1104,1146
216,982,1198
1354,307,1661
61,1155,1216
80,1176,1256
385,604,989
300,1816,2116
251,1189,1440
113,1321,1434
1592,613,2205
519,1798,2317
506,624,1130
590,629,1219
1019,597,1616
794,503,1297
161,836,997
829,671,1500
1004,580,1584
831,573,1404
717,832,1549
838,655,1493
809,579,1388
414,493,907
440,880,1320
335,758,1093
464,676,1140
871,873,1744
665,1252,1917
393,801,1194
695,1757,2452
1033,884,1917
369,549,918
457,1208,1665
1315,897,2212
419,714,1133
342,486,828
269,1398,1667
414,958,1372
1015,689,1704
470,500,970
1044,763,1807
545,711,1256
529,770,1299
479,1043,1522
766,422,1188
1021,1038,2059
565,796,1361
771,985,1756
507,949,1456
1516,681,2197
906,605,1511
74,1536,1610
732,593,1325
1570,1001,2571
1304,865,2169
725,1216,1941
283,750,1033
476,432,908
520,711,1231
1269,802,2071
792,491,1283
530,935,1465
1096,412,1508
754,612,1366
544,1220,1764
649,450,1099
530,919,1449
672,749,1421
1469,661,2130
360,940,1300
290,1061,1351
599,1048,1647
845,425,1270
469,818,1287
377,1244,1621
699,623,1322
748,463,1211
628,922,1550
875,496,1371
298,924,1222
746,648,1394
959,630,1589
763,675,1438
760,510,1270
793,704,1497
1171,454,1625
790,872,1662
522,620,1142
199,950,1149
841,619,1460
347,841,1188
556,957,1513
577,765,1342
194,585,779
437,834,1271
519,296,815
449,980,1429
597,704,1301
727,616,1343
1014,585,1599
275,1403,1678
490,1263,1753
805,511,1316
159,763,922
708,775,1483
529,475,1004
179,886,1065
360,743,1103
449,750,1199
404,729,1133
839,1044,1883
492,1180,1672
421,788,1209
347,757,1104
705,1282,1987
219,588,807
509,704,1213
470,664,1134
633,644,1277
497,744,1241
435,968,1403
670,804,1474
784,753,1537
1321,667,1988
849,659,1508
619,841,1460
293,1047,1340
955,736,1691
583,791,1374
423,886,1309
778,862,1640
640,1206,1846
550,838,1388
609,899,1508
535,730,1265
991,484,1475
446,694,1140
985,859,1844
401,1172,1573
784,518,1302
624,838,1462
525,721,1246
630,774,1404
620,909,1529
643,628,1271
590,584,1174
768,683,1451
507,515,1022
591,343,934
578,1165,1743
791,571,1362
502,1018,1520
197,950,1147
248,975,1223
337,883,1220
902,734,1636
932,598,1530
675,385,1060
688,563,1251
1042,582,1624
644,503,1147
543,546,1089
395,1548,1943
490,1602,2092
637,457,1094
773,897,1670
590,758,1348
473,435,908
915,395,1310
622,860,1482
1066,718,1784
434,548,982
639,782,1421
639,1620,2259
366,681,1047
533,551,1084
658,688,1346
704,437,1141
393,832,1225
457,1506,1963
298,747,1045
786,803,1589
750,1824,2574
437,899,1336
857,1203,2060
481,1253,1734
1228,961,2189
159,905,1064
63,1356,1419
337,1129,1466
302,1391,1693
565,1255,1820
632,737,1369
211,1280,1491
499,1003,1502
361,732,1093
258,1181,1439
1375,897,2272
682,574,1256
443,1455,1898
723,825,1548
450,1116,1566
179,1197,1376
511,360,871
552,990,1542
312,1243,1555
1036,265,1301
1037,825,1862
566,1158,1724
298,2311,2609
771,504,1275
493,1130,1623
548,568,1116
668,392,1060
413,1371,1784
1149,1690,2839
1377,674,2051
79,394,473
1131,685,1816
360,1173,1533
988,307,1295
1359,1651,3010
770,714,1484
598,894,1492
171,267,438
1230,766,1996
2079,616,2695
755,1184,1939
69,367,436
224,291,515
670,448,1118
634,937,1571
1056,390,1446
162,782,944
143,397,540
813,837,1650
303,412,715
405,1648,2053
690,767,1457
1160,329,1489
1001,819,1820
192,409,601
1201,909,2110
354,1432,1786
468,371,839
426,288,714
927,794,1721
351,1205,1556
843,977,1820
1003,872,1875
1025,893,1918
488,472,960
687,253,940
1021,635,1656
575,1316,1891
1216,799,2015
259,892,1151
1040,984,2024
699,1467,2166
1257,760,2017
733,482,1215
26,497,523
567,821,1388
671,457,1128
19,725,744
509,893,1402
699,390,1089
1206,273,1479
683,909,1592
701,782,1483
47,831,878
1077,706,1783
737,915,1652
193,605,798
82,864,946
317,801,1118
372,1020,1392
82,436,518
26,714,740
722,1233,1955
1391,433,1824
161,610,771
730,951,1681
213,788,1001
232,780,1012
215,616,831
259,912,1171
226,706,932
36,1050,1086
355,466,821
654,583,1237
262,1012,1274
459,855,1314
315,966,1281
429,309,738
475,592,1067
230,1028,1258
551,531,1082
49,728,777
789,397,1186
565,562,1127
670,850,1520
220,1278,1498
564,767,1331
482,317,799
634,518,1152
518,979,1497
961,612,1573
276,474,750
229,693,922
613,644,1257
635,710,1345
750,457,1207
536,824,1360
371,843,1214
618,466,1084
565,1049,1614
461,623,1084
668,832,1500
852,544,1396
531,912,1443
397,699,1096
726,995,1721
999,1102,2101
590,1022,1612
262,815,1077
865,1077,1942
396,865,1261
705,452,1157
564,620,1184
653,692,1345
810,1136,1946
510,448,958
482,748,1230
808,898,1706
404,944,1348
537,884,1421
352,616,968
872,903,1775
797,1045,1842
728,1173,1901
118,824,942
510,845,1355
23,187,210
408,973,1381
711,1102,1813
473,580,1053
646,1554,2200
872,664,1536
729,982,1711
1158,1543,2701
735,750,1485
723,779,1502
117,407,524
190,1041,1231
290,1131,1421
528,583,1111
607,184,791
752,869,1621
543,761,1304
941,478,1419
946,516,1462
922,957,1879
953,850,1803
234,1317,1551
747,895,1642
860,1523,2383
907,863,1770
775,1352,2127
536,616,1152
641,621,1262
754,520,1274
651,1404,2055
1128,1243,2371
199,199,398
957,699,1656
506,715,1221
931,805,1736
622,1505,2127
705,614,1319
694,661,1355
759,1087,1846
1066,1104,2170
315,508,823
1157,639,1796
52,677,729
1181,661,1842
1110,1176,2286
466,756,1222
428,779,1207
1012,858,1870
692,1151,1843
1447,1343,2790
799,1017,1816
1285,496,1781
799,587,1386
602,778,1380
777,1310,2087
1187,515,1702
647,775,1422
559,721,1280
1170,726,1896
663,582,1245
657,518,1175
429,734,1163
1360,976,2336
316,493,809
566,791,1357
97,678,775
368,818,1186
1130,654,1784
574,1045,1619
812,666,1478
406,1059,1465
1223,762,1985
1420,1282,2702
439,648,1087
604,897,1501
937,720,1657
674,253,927
971,913,1884
364,1192,1556
612,679,1291
710,794,1504
1247,733,1980
530,1254,1784
325,641,966
507,877,1384
965,716,1681
699,745,1444
616,880,1496
745,843,1588
786,864,1650
544,762,1306
446,882,1328
858,728,1586
529,695,1224
1435,1844,3279
786,617,1403
1102,622,1724
750,832,1582
75,810,885
557,469,1026
1054,457,1511
632,901,1533
542,970,1512
823,550,1373
1217,1939,3156
42,783,825
403,697,1100
956,1409,2365
413,700,1113
770,322,1092
619,433,1052
346,721,1067
735,920,1655
657,727,1384
658,489,1147
268,654,922
616,533,1149
1560,917,2477
158,1237,1395
482,788,1270
494,384,878
520,780,1300
334,1010,1344
444,954,1398
578,596,1174
384,493,877
1749,594,2343
222,1224,1446
677,674,1351
311,837,1148
132,584,716
700,672,1372
521,785,1306
639,651,1290
619,887,1506
332,766,1098
594,829,1423
324,967,1291
495,1049,1544
554,938,1492
457,702,1159
341,1163,1504
252,636,888
602,1289,1891
1149,701,1850
538,801,1339
818,1008,1826
447,450,897
72,857,929
450,756,1206
812,825,1637
1041,703,1744
692,893,1585
871,902,1773
817,728,1545
1040,669,1709
823,656,1479
723,440,1163
634,352,986
1053,630,1683
254,1089,1343
380,793,1173
323,718,1041
754,1389,2143
1296,312,1608
482,660,1142
793,530,1323
683,363,1046
923,822,1745
734,277,1011
544,1020,1564
226,1226,1452
482,917,1399
543,802,1345
655,697,1352
756,682,1438
503,443,946
493,896,1389
803,813,1616
575,1280,1855
404,1240,1644
714,467,1181
756,801,1557
439,645,1084
420,699,1119
57,558,615
704,563,1267
285,1217,1502
545,1351,1896
1273,565,1838
500,407,907
576,1458,2034
790,915,1705
504,663,1167
289,802,1091
1136,703,1839
962,740,1702
394,1040,1434
470,805,1275
493,759,1252
737,917,1654
108,706,814
515,445,960
88,1135,1223
1121,690,1811
305,740,1045
270,987,1257
356,1160,1516
390,796,1186
1103,602,1705
288,876,1164
669,589,1258
1155,455,1610
724,418,1142
1331,686,2017
497,782,1279
662,630,1292
715,1145,1860
597,756,1353
459,1098,1557
1082,481,1563
600,676,1276
388,525,913
597,896,1493
492,375,867
980,853,1833
492,1228,1720
357,747,1104
654,1154,1808
845,634,1479
369,1071,1440
361,946,1307
347,1130,1477
305,971,1276
323,1494,1817
715,1041,1756
510,1345,1855
890,1333,2223
786,1124,1910
465,700,1165
954,358,1312
479,525,1004
685,1247,1932
366,803,1169
681,1153,1834
471,1801,2272
450,785,1235
581,1172,1753
917,861,1778
1041,408,1449
604,611,1215
647,1331,1978
733,1069,1802
664,936,1600
895,1564,2459
386,802,1188
529,841,1370
1033,427,1460
788,895,1683
705,243,948
800,444,1244
1251,743,1994
999,1020,2019
695,391,1086
666,335,1001
369,1289,1658
844,569,1413
804,887,1691
465,189,654
380,1443,1823
274,803,1077
429,1019,1448
720,1092,1812
79,190,269
1284,448,1732
850,633,1483
1134,1299,2433
820,1299,2119
658,1624,2282
801,456,1257
1256,667,1923
1185,709,1894
1122,653,1775
387,1153,1540
834,308,1142
937,1240,2177
1004,1020,2024
1814,820,2634
986,674,1660
1053,966,2019
120,191,311
1095,541,1636
1141,648,1789
260,317,577
694,749,1443
1455,888,2343
1187,330,1517
509,880,1389
1178,674,1852
1690,1009,2699
843,581,1424
1363,785,2148
653,259,912
410,721,1131
1181,311,1492
98,801,899
436,633,1069
220,689,909
1196,733,1929
629,312,941
731,452,1183
405,1529,1934
566,603,1169
100,606,706
675,724,1399
908,500,1408
21,700,721
716,1237,1953
238,542,780
53,652,705
702,696,1398
142,756,898
104,427,531
87,796,883
82,779,861
73,972,1045
272,1352,1624
1073,935,2008
238,645,883
245,1017,1262
74,908,982
302,802,1104
595,343,938
102,1293,1395
718,1172,1890
270,797,1067
109,1058,1167
1289,592,1881
605,721,1326
408,508,916
523,663,1186
647,447,1094
116,950,1066
394,1041,1435
658,748,1406
643,565,1208
307,1218,1525
743,708,1451
568,618,1186
149,567,716
402,590,992
296,897,1193
783,626,1409
371,904,1275
162,1391,1553
662,889,1551
904,762,1666
660,621,1281
712,1380,2092
520,843,1363
812,800,1612
628,644,1272
429,1013,1442
403,368,771
843,824,1667
475,642,1117
296,720,1016
886,660,1546
1123,911,2034
833,916,1749
181,816,997
611,645,1256
594,829,1423
1113,708,1821
387,910,1297
838,494,1332
355,998,1353
1264,951,2215
840,720,1560
270,493,763
545,677,1222
1260,631,1891
308,735,1043
664,709,1373
501,359,860
732,710,1442
653,715,1368
150,561,711
342,711,1053
186,936,1122
803,806,1609
504,584,1088
106,1133,1239
481,691,1172
569,720,1289
464,465,929
163,1057,1220
499,575,1074
545,693,1238
435,832,1267
425,549,974
716,557,1273
312,2332,2644
751,579,1330
829,550,1379
451,608,1059
237,1184,1421
593,793,1386
492,786,1278
374,929,1303
612,931,1543
506,683,1189
557,696,1253
603,866,1469
494,786,1280
240,812,1052
565,905,1470
586,601,1187
990,1931,2921
595,815,1410
798,731,1529
465,806,1271
488,478,966
309,1134,1443
872,562,1434
261,811,1072
735,451,1186
452,629,1081
1023,2171,3194
654,735,1389
750,829,1579
476,716,1192
488,946,1434
944,878,1822
810,801,1611
576,746,1322
655,477,1132
680,606,1286
749,631,1380
806,813,1619
509,741,1250
435,796,1231
731,905,1636
527,461,988
615,987,1602
2261,889,3150
347,597,944
520,777,1297
686,781,1467
1116,922,2038
686,587,1273
187,622,809
827,754,1581
633,327,960
662,454,1116
1672,1054,2726
699,900,1599
604,609,1213
656,734,1390
1077,1043,2120
530,1052,1582
236,636,872
412,1200,1612
500,472,972
703,606,1309
2004,945,2949
723,1056,1779
941,457,1398
698,760,1458
683,1110,1793
837,883,1720
292,1032,1324
584,922,1506
963,814,1777
413,963,1376
597,1227,1824
573,774,1347
869,644,1513
909,622,1531
629,1043,1672
360,796,1156
782,1116,1898
383,1103,1486
711,713,1424
506,872,1378
1011,352,1363
704,733,1437
323,803,1126
563,912,1475
686,440,1126
1101,528,1629
674,508,1182
1047,705,1752
695,495,1190
931,718,1649
859,630,1489
659,1169,1828
583,563,1146
446,1364,1810
855,371,1226
679,360,1039
566,428,994
499,594,1093
977,564,1541
820,1234,2054
359,603,962
1092,658,1750
668,417,1085
421,378,799
244,624,868
869,784,1653
502,1453,1955
1077,822,1899
610,404,1014
812,489,1301
408,539,947
447,408,855
351,602,953
585,751,1336
655,1555,2210
1031,759,1790
453,477,930
706,1417,2123
299,575,874
1087,613,1700
572,461,1033
504,658,1162
490,658,1148
353,474,827
753,892,1645
1372,622,1994
687,538,1225
406,807,1213
348,420,768
276,682,958
172,602,774
681,533,1214
135,438,573
548,859,1407
1422,497,1919
665,519,1184
260,689,949
176,927,1103
209,1133,1342
869,2440,3309
305,862,1167
306,739,1045
395,757,1152
1303,581,1884
443,842,1285
336,303,639
470,719,1189
423,2361,2784
663,654,1317
932,2382,3314
715,670,1385
496,551,1047
511,825,1336
521,749,1270
565,690,1255
436,698,1134
787,608,1395
353,803,1156
435,920,1355
611,461,1072
518,751,1269
938,547,1485
324,721,1045
733,2213,2946
230,855,1085
920,2350,3270
491,692,1183
388,1020,1408
503,320,823
2358,1103,3461
626,580,1206
473,597,1070
150,847,997
1005,2151,3156
681,711,1392
579,601,1180
268,1167,1435
557,504,1061
370,408,778
624,564,1188
633,775,1408
501,818,1319
417,459,876
2198,911,3109
396,741,1137
335,511,846
2247,781,3028
425,409,834
614,1110,1724
2196,932,3128
431,1056,1487
784,824,1608
513,441,954
2108,857,2965
757,956,1713
152,965,1117
2071,790,2861
612,457,1069
640,1078,1718
927,667,1594
965,857,1822
512,702,1214
1082,550,1632
624,1236,1860
271,656,927
598,980,1578
177,652,829
507,765,1272
695,1161,1856
710,637,1347
587,1056,1643
837,688,1525
312,875,1187
355,864,1219
454,732,1186
747,1570,2317
317,654,971
730,317,1047
769,868,1637
295,1311,1606
785,322,1107
858,959,1817
688,775,1463
499,296,795
393,977,1370
997,753,1750
261,1305,1566
227,351,578
542,615,1157
1008,1276,2284
916,1431,2347
383,1334,1717
659,1416,2075
197,1296,1493
679,756,1435
752,1313,2065
243,385,628
945,559,1504
811,1083,1894
1158,1195,2353
243,1727,1970
593,1715,2308
697,1446,2143
1054,1214,2268
437,1805,2242
670,1487,2157
225,563,788
1400,916,2316
424,1654,2078
620,664,1284
505,502,1007
908,1376,2284
685,1635,2320
1211,819,2030
784,577,1361
524,965,1489
803,1614,2417
1029,589,1618
1331,937,2268
104,479,583
1197,993,2190
1336,908,2244
1121,451,1572
1645,743,2388
1400,551,1951
431,1302,1733
1373,571,1944
843,640,1483
528,948,1476
158,580,738
767,1926,2693
710,1189,1899
1208,1378,2586
860,470,1330
687,1109,1796
631,480,1111
1659,697,2356
142,1019,1161
320,771,1091
1672,658,2330
68,476,544
174,1251,1425
547,761,1308
590,589,1179
1151,1555,2706
1157,1126,2283
54,595,649
654,652,1306
865,1117,1982
643,902,1545
505,1004,1509
34,848,882
517,1009,1526
1064,661,1725
1199,1221,2420
61,987,1048
435,647,1082
820,1710,2530
857,696,1553
1441,454,1895
222,668,890
624,425,1049
1124,576,1700
465,526,991
1800,883,2683
511,496,1007
999,1062,2061
1456,1373,2829
680,371,1051
1152,943,2095
750,379,1129
560,1350,1910
245,446,691
532,378,910
1003,949,1952
778,384,1162
830,1388,2218
562,801,1363
603,589,1192
320,857,1177
582,819,1401
992,1806,2798
495,295,790
403,839,1242
106,1391,1497
1389,1039,2428
21,1389,1410
502,560,1062
608,659,1267
541,496,1037
593,410,1003
1600,863,2463
1001,495,1496
183,1338,1521
282,772,1054
295,503,798
1021,394,1415
930,506,1436
1127,371,1498
743,434,1177
556,980,1536
960,249,1209
473,382,855
1252,436,1688
824,322,1146
926,325,1251
910,307,1217
154,445,599
1111,748,1859
84,466,550
97,554,651
1040,590,1630
1253,510,1763
901,932,1833
900,811,1711
23,570,593
21,697,718
1597,858,2455
143,760,903
931,718,1649
617,840,1457
54,950,1004
23,514,537
52,941,993
116,1016,1132
216,717,933
211,1047,1258
161,1045,1206
30,890,920
404,799,1203
426,570,996
864,1300,2164
20,1110,1130
53,1116,1169
27,842,869
277,741,1018
90,1288,1378
589,529,1118
469,720,1189
1258,698,1956
39,1252,1291
244,931,1175
597,797,1394
95,1407,1502
284,925,1209
635,868,1503
565,1032,1597
558,764,1322
830,471,1301
79,1768,1847
218,1122,1340
637,798,1435
689,768,1457
700,698,1398
921,766,1687
48,644,692
789,789,1578
630,781,1411
356,752,1108
557,812,1369
531,751,1282
1064,646,1710
219,1048,1267
832,907,1739
601,745,1346
1275,752,2027
469,1103,1572
34,1974,2008
637,710,1347
834,576,1410
516,591,1107
107,1767,1874
958,1205,2163
562,827,1389
521,772,1293
696,1232,1928
584,550,1134
352,2033,2385
644,1033,1677
208,591,799
380,1968,2348
456,937,1393
553,359,912
494,2214,2708
632,843,1475
332,611,943
1368,1316,2684
406,1099,1505
1065,580,1645
175,1575,1750
714,865,1579
514,1455,1969
690,815,1505
651,860,1511
358,1419,1777
522,1373,1895
331,1138,1469
494,373,867
1319,1010,2329
550,827,1377
687,662,1349
806,1267,2073
48,847,895
570,2730,3300
169,1353,1522
131,807,938
1010,2428,3438
391,946,1337
474,1361,1835
1139,2079,3218
834,1991,2825
1618,1340,2958
433,1112,1545
1690,1678,3368
1797,1116,2913
682,348,1030
1358,889,2247
1017,661,1678
757,574,1331
712,1107,1819
982,1771,2753
392,583,975
844,1962,2806
190,543,733
808,1095,1903
1816,586,2402
1023,678,1701
2401,534,2935
493,1079,1572
2108,1334,3442
1148,1401,2549
1224,1039,2263
1280,609,1889
986,1114,2100
596,627,1223
1114,1634,2748
1238,1506,2744
728,1422,2150
492,1230,1722
1531,565,2096
700,1011,1711
393,1017,1410
791,464,1255
1926,747,2673
872,972,1844
662,573,1235
1007,743,1750
1112,1732,2844
916,1729,2645
691,636,1327
957,1264,2221
2206,862,3068
692,529,1221
327,1545,1872
915,661,1576
661,1911,2572
1271,684,1955
1562,1411,2973
374,2878,3252
627,390,1017
1030,895,1925
1890,1636,3526
388,704,1092
1459,549,2008
481,1845,2326
670,1840,2510
995,730,1725
795,1634,2429
929,1164,2093
1369,574,1943
378,588,966
1304,679,1983
22,834,856
972,953,1925
545,1412,1957
1223,1812,3035
67,990,1057
371,2656,3027
376,741,1117
1411,1526,2937
419,805,1224
907,1111,2018
1796,885,2681
785,958,1743
379,1190,1569
1692,535,2227
105,1170,1275
296,560,856
283,972,1255
1399,345,1744
369,849,1218
1399,735,2134
774,533,1307
884,912,1796
117,932,1049
658,624,1282
353,933,1286
1397,1254,2651
387,788,1175
1754,1004,2758
339,919,1258
817,1459,2276
729,443,1172
1023,325,1348
791,729,1520
922,1284,2206
596,627,1223
634,602,1236
721,455,1176
843,1111,1954
243,630,873
49,646,695
1064,1068,2132
1260,1524,2784
1106,694,1800
792,513,1305
517,1192,1709
185,847,1032
1066,529,1595
399,687,1086
187,660,847
191,711,902
367,984,1351
471,616,1087
258,827,1085
788,754,1542
512,556,1068
368,496,864
1536,1683,3219
394,729,1123
938,952,1890
733,1824,2557
523,622,1145
461,1077,1538
754,772,1526
525,643,1168
565,536,1101
1699,1720,3419
962,648,1610
511,764,1275
1131,523,1654
1283,1014,2297
566,333,899
277,589,866
723,1038,1761
572,780,1352
460,646,1106
350,579,929
523,1046,1569
793,887,1680
907,1119,2026
701,296,997
504,905,1409
475,652,1127
708,488,1196
515,713,1228
722,839,1561
512,367,879
782,762,1544
255,1086,1341
441,384,825
2724,2452,5176
587,2180,2767
435,581,1016
1493,834,2327
648,842,1490
335,364,699
2440,3133,5573
529,487,1016
377,1315,1692
240,682,922
402,2592,2994
827,879,1706
184,554,738
842,1000,1842
161,531,692
238,512,750
1339,1558,2897
375,280,655
1374,3113,4487
454,313,767
246,1414,1660
581,948,1529
942,1527,2469
279,350,629
644,1052,1696
2182,1392,3574
591,1315,1906
68,1125,1193
126,384,510
2832,927,3759
172,1238,1410
791,1494,2285
2842,539,3381
192,1885,2077
839,2291,3130
317,1766,2083
220,396,616
208,1062,1270
751,1016,1767
1027,527,1554
109,1135,1244
650,1465,2115
798,410,1208
1921,1658,3579
284,537,821
905,706,1611
1075,612,1687
1069,1055,2124
963,761,1724
1117,779,1896
73,458,531
2359,1435,3794
1035,721,1756
114,541,655
1009,1193,2202
148,508,656
244,485,729
947,728,1675
835,823,1658
387,344,731
1401,1028,2429
1012,1166,2178
416,607,1023
442,423,865
1468,939,2407
1041,1107,2148
346,632,978
324,434,758
353,794,1147
1042,873,1915
1398,736,2134
830,351,1181
619,679,1298
235,570,805
2174,1009,3183
512,640,1152
64,1282,1346
1333,1117,2450
576,891,1467
225,1305,1530
985,234,1219
267,721,988
1330,1303,2633
555,385,940
1168,1173,2341
483,712,1195
464,1094,1558
409,751,1160
69,618,687
373,942,1315
253,639,892
966,709,1675
110,714,824
243,605,848
785,648,1433
354,567,921
1287,1348,2635
901,1001,1902
548,477,1025
262,612,874
1062,448,1510
634,1469,2103
887,3217,4104
1063,435,1498
730,705,1435
617,421,1038
623,2944,3567
636,620,1256
501,485,986
389,492,881
320,1086,1406
44,1466,1510
622,1082,1704
753,562,1315
419,565,984
717,2954,3671
436,1245,1681
627,654,1281
670,784,1454
394,677,1071
47,1163,1210
1001,801,1802
369,4153,4522
356,682,1038
681,1171,1852
22,1248,1270
28,649,677
370,939,1309
469,814,1283
228,771,999
238,1094,1332
401,4306,4707
419,914,1333
1108,800,1908
578,490,1068
607,1039,1646
378,1130,1508
661,511,1172
343,794,1137
786,879,1665
720,535,1255
3133,788,3921
293,896,1189
1000,895,1895
731,572,1303
2785,1259,4044
945,375,1320
521,339,860
1061,3941,5002
854,689,1543
331,395,726
3836,1146,4982
814,728,1542
2834,1251,4085
422,360,782
415,935,1350
139,575,714
518,660,1178
617,756,1373
622,1197,1819
434,950,1384
4046,974,5020
359,1227,1586
541,949,1490
288,367,655
242,708,950
47,1887,1934
330,508,838
676,1291,1967
287,1874,2161
3943,866,4809
1137,638,1775
1146,1090,2236
821,738,1559
1062,811,1873
1201,1646,2847
907,571,1478
241,542,783
541,1657,2198
858,585,1443
666,690,1356
295,816,1111
806,619,1425
824,649,1473
524,998,1522
539,1170,1709
545,692,1237
609,893,1502
649,462,1111
739,892,1631
328,1102,1430
950,1264,2214
571,757,1328
223,516,739
439,1595,2034
843,325,1168
318,480,798
759,904,1663
1773,678,2451
555,349,904
221,713,934
557,752,1309
1632,965,2597
786,2016,2802
640,989,1629
757,611,1368
845,1690,2535
619,337,956
764,463,1227
678,1373,2051
750,480,1230
340,509,849
1268,933,2201
700,2069,2769
255,1109,1364
348,1082,1430
1014,1413,2427
991,2061,3052
444,1437,1881
1339,1140,2479
1149,1411,2560
400,1051,1451
616,409,1025
1344,908,2252
480,641,1121
1942,792,2734
504,641,1145
1424,1281,2705
1219,570,1789
458,1343,1801
98,636,734
744,786,1530
440,924,1364
1007,1410,2417
453,950,1403
288,1214,1502
1296,409,1705
2058,668,2726
131,606,737
810,914,1724
438,527,965
1992,687,2679
567,1396,1963
197,530,727
319,1423,1742
882,1101,1983
502,858,1360
1005,961,1966
455,501,956
786,803,1589
180,1001,1181
466,706,1172
1020,1186,2206
500,768,1268
1324,872,2196
244,1502,1746
659,695,1354
861,952,1813
563,603,1166
577,798,1375
1309,701,2010
1184,1011,2195
620,778,1398
740,882,1622
486,498,984
976,1505,2481
136,717,853
1286,667,1953
335,600,935
1337,1033,2370
1098,1114,2212
612,521,1133
497,720,1217
536,751,1287
727,805,1532
1213,1371,2584
422,1681,2103
705,580,1285
616,407,1023
966,1080,2046
644,843,1487
507,1119,1626
659,1232,1891
146,1069,1215
996,1140,2136
547,1375,1922
921,1019,1940
356,1561,1917
279,673,952
708,1522,2230
557,912,1469
202,2100,2302
532,1135,1667
241,1080,1321
310,568,878
1119,1546,2665
110,1563,1673
639,727,1366
459,762,1221
428,714,1142
1425,1033,2458
1032,596,1628
973,878,1851
1388,1116,2504
1443,1323,2766
853,1027,1880
491,1189,1680
686,354,1040
305,897,1202
721,1066,1787
417,1924,2341
683,688,1371
505,983,1488
1248,950,2198
612,955,1567
2013,934,2947
1528,694,2222
821,811,1632
1311,780,2091
652,1039,1691
522,1862,2384
616,750,1366
1040,740,1780
900,799,1699
892,730,1622
1215,900,2115
795,570,1365
1018,689,1707
486,699,1185
1067,1045,2112
692,703,1395
165,2067,2232
725,1110,1835
594,485,1079
1686,759,2445
958,1237,2195
525,371,896
1815,728,2543
425,1029,1454
670,1049,1719
1785,584,2369
516,698,1214
198,1523,1721
580,382,962
588,385,973
467,1300,1767
601,1330,1931
687,650,1337
987,919,1906
883,642,1525
965,876,1841
253,1349,1602
639,342,981
431,487,918
546,1430,1976
552,1225,1777
392,754,1146
786,973,1759
834,593,1427
1033,2043,3076
165,529,694
801,1041,1842
841,1772,2613
651,336,987
531,1680,2211
1106,722,1828
733,1142,1875
527,1567,2094
29,973,1002
210,737,947
886,1486,2372
173,1073,1246
792,1800,2592
627,1509,2136
425,982,1407
440,1008,1448
1925,944,2869
296,749,1045
1171,777,1948
1375,702,2077
500,2046,2546
384,1545,1929
1256,707,1963
1651,819,2470
591,1054,1645
1701,748,2449
953,1552,2505
748,462,1210
1587,897,2484
469,1027,1496
286,2275,2561
1064,1494,2558
895,612,1507
1204,1006,2210
760,1320,2080
828,1438,2266
565,1291,1856
1510,1102,2612
783,802,1585
464,1127,1591
1216,1176,2392
525,425,950
767,523,1290
1222,424,1646
651,920,1571
684,660,1344
851,902,1753
667,2464,3131
1214,1886,3100
1980,420,2400
1361,1881,3242
544,1075,1619
1169,2385,3554
1153,324,1477
49,1552,1601
1810,1537,3347
1250,331,1581
2043,904,2947
779,386,1165
65,392,457
763,1309,2072
355,696,1051
718,809,1527
112,400,512
117,1109,1226
532,1471,2003
1666,345,2011
424,2397,2821
1186,1048,2234
463,2066,2529
242,809,1051
314,283,597
479,805,1284
1222,1314,2536
347,875,1222
1260,507,1767
1709,1235,2944
494,534,1028
834,958,1792
520,863,1383
46,403,449
1989,897,2886
997,830,1827
1009,629,1638
260,2265,2525
82,641,723
1250,1151,2401
594,2747,3341
124,652,776
2073,849,2922
1263,1180,2443
748,652,1400
699,1456,2155
34,1167,1201
584,613,1197
644,486,1130
70,1315,1385
367,497,864
714,863,1577
406,613,1019
1852,791,2643
1035,438,1473
212,528,740
73,1195,1268
1589,1814,3403
690,499,1189
543,519,1062
826,483,1309
656,950,1606
838,977,1815
248,1101,1349
400,650,1050
2057,1471,3528
495,506,1001
494,1027,1521
1079,445,1524
273,681,954
639,1575,2214
1093,703,1796
73,981,1054
384,855,1239
2681,803,3484
277,630,907
384,628,1012
250,687,937
323,645,968
166,825,991
549,838,1387
304,713,1017
784,2220,3004
809,407,1216
1287,1064,2351
726,1082,1808
607,453,1060
105,1265,1370
554,363,917
385,685,1070
584,1262,1846
256,1107,1363
843,935,1778
416,775,1191
782,1092,1874
879,946,1825
769,514,1283
1139,1466,2605
844,837,1681
1253,595,1848
189,541,730
918,1017,1935
1378,919,2297
435,979,1414
189,821,1010
588,1214,1802
453,1149,1602
701,437,1138
1050,1003,2053
613,378,991
970,1991,2961
246,978,1224
61,1218,1279
667,537,1204
634,2744,3378
675,539,1214
378,517,895
1096,487,1583
1410,1528,2938
908,937,1845
351,752,1103
724,785,1509
297,799,1096
463,847,1310
348,491,839
615,973,1588
316,969,1285
368,814,1182
767,2623,3390
86,1150,1236
703,670,1373
747,742,1489
814,676,1490
1771,1354,3125
70,619,689
1092,764,1856
556,655,1211
373,756,1129
1606,1374,2980
715,761,1476
640,975,1615
469,877,1346
1174,1509,2683
261,833,1094
519,795,1314
963,848,1811
2393,861,3254
643,505,1148
738,635,1373
638,696,1334
264,486,750
159,553,712
458,1173,1631
364,372,736
239,1210,1449
2442,1011,3453
416,341,757
1387,1365,2752
729,935,1664
580,854,1434
230,528,758
338,972,1310
77,872,949
1056,553,1609
1129,939,2068
416,289,705
735,689,1424
1052,1258,2310
522,1152,1674
266,433,699
1392,997,2389
272,645,917
505,552,1057
241,497,738
436,795,1231
367,734,1101
722,542,1264
550,1491,2041
583,790,1373
217,722,939
1071,1152,2223
289,663,952
432,566,998
606,1127,1733
327,1205,1532
1151,878,2029
666,334,1000
439,1336,1775
542,1034,1576
738,1705,2443
663,358,1021
749,556,1305
1110,1874,2984
1033,806,1839
812,1642,2454
408,867,1275
115,1910,2025
717,794,1511
493,832,1325
479,356,835
897,798,1695
58,543,601
387,1297,1684
475,706,1181
672,927,1599
143,502,645
1175,2129,3304
667,566,1233
1024,966,1990
85,2316,2401
706,447,1153
852,1229,2081
345,854,1199
769,664,1433
838,335,1173
1062,862,1924
571,1436,2007
1050,529,1579
928,1175,2103
1146,852,1998
795,1210,2005
954,1019,1973
1216,988,2204
384,343,727
1666,645,2311
734,1006,1740
213,507,720
698,1228,1926
656,1209,1865
177,512,689
1032,1281,2313
1191,581,1772
213,508,721
313,1884,2197
766,597,1363
423,823,1246
713,909,1622
1244,487,1731
302,1023,1325
1742,963,2705
720,679,1399
357,1032,1389
423,819,1242
425,1360,1785
866,430,1296
634,516,1150
412,1883,2295
445,641,1086
261,643,904
1765,1071,2836
293,2167,2460
175,1018,1193
431,522,953
2098,1295,3393
906,293,1199
771,1288,2059
1232,1228,2460
935,755,1690
624,1202,1826
508,1404,1912
819,842,1661
537,1369,1906
44,552,596
1031,651,1682
1171,629,1800
281,567,848
1061,1354,2415
682,1049,1731
367,530,897
703,1202,1905
431,500,931
1165,418,1583
462,1004,1466
441,319,760
396,871,1267
1685,696,2381
1205,324,1529
882,1087,1969
996,826,1822
1049,680,1729
1810,1259,3069
1054,596,1650
1142,1669,2811
386,1308,1694
762,1480,2242
310,1762,2072
944,501,1445
1905,970,2875
567,1538,2105
340,622,962
1079,856,1935
1060,507,1567
1181,576,1757
1317,1223,2540
1061,670,1731
549,1147,1696
747,1228,1975
1375,362,1737
408,677,1085
543,1106,1649
707,541,1248
835,994,1829
739,774,1513
263,1473,1736
1432,581,2013
1121,328,1449
165,1834,1999
642,1393,2035
1104,330,1434
204,1366,1570
520,1266,1786
516,723,1239
263,661,924
987,531,1518
418,1669,2087
345,656,1001
1226,378,1604
1275,901,2176
804,345,1149
846,1217,2063
476,709,1185
482,381,863
139,580,719
555,1181,1736
444,354,798
521,1283,1804
1723,510,2233
48,334,382
512,1490,2002
1300,1059,2359
212,247,459
477,2166,2643
874,1515,2389
396,624,1020
1538,502,2040
286,1158,1444
1136,1334,2470
441,1079,1520
23,1351,1374
1253,1735,2988
243,558,801
711,1619,2330
1255,824,2079
980,1694,2674
593,992,1585
503,761,1264
2055,672,2727
358,1068,1426
350,886,1236
571,808,1379
262,258,520
1121,1024,2145
238,853,1091
310,740,1050
1045,745,1790
577,851,1428
1504,499,2003
908,1084,1992
374,1272,1646
1463,642,2105
646,792,1438
1372,1944,3316
285,884,1169
1610,662,2272
1079,624,1703
997,823,1820
512,665,1177
512,673,1185
783,478,1261
456,317,773
712,1646,2358
622,1144,1766
494,330,824
1230,1173,2403
659,1153,1812
148,1154,1302
163,1728,1891
699,1189,1888
1240,2769,4009
158,1565,1723
344,1737,2081
1407,2355,3762
808,1093,1901
330,228,558
751,1066,1817
395,1175,1570
87,596,683
792,1240,2032
770,1266,2036
488,1607,2095
374,1120,1494
131,599,730
1024,1452,2476
816,1693,2509
179,609,788
1128,1431,2559
641,1506,2147
560,986,1546
1566,592,2158
579,1991,2570
485,1170,1655
271,1060,1331
527,1780,2307
925,982,1907
826,1113,1939
1491,722,2213
502,1054,1556
1389,1473,2862
1444,945,2389
657,1134,1791
2444,1193,3637
1612,1050,2662
591,1979,2570
1467,486,1953
1136,927,2063
510,1019,1529
487,316,803
924,593,1517
1329,1019,2348
836,592,1428
1562,641,2203
2206,1057,3263
1101,761,1862
1450,1168,2618
784,333,1117
1685,742,2427
1378,865,2243
976,1005,1981
968,1035,2003
841,333,1174
446,736,1182
831,853,1684
101,909,1010
885,1333,2218
1571,713,2284
184,1370,1554
1724,847,2571
875,1293,2168
227,632,859
862,901,1763
760,706,1466
597,1049,1646
765,1091,1856
813,455,1268
400,1260,1660
1113,651,1764
1040,1207,2247
1199,621,1820
496,813,1309
1339,1150,2489
456,999,1455
879,603,1482
401,1564,1965
30,587,617
472,1038,1510
439,1567,2006
688,1392,2080
212,524,736
823,703,1526
733,1411,2144
286,682,968
42,801,843
908,1218,2126
328,725,1053
243,942,1185
196,1649,1845
29,774,803
18,884,902
709,910,1619
790,1675,2465
147,1077,1224
26,1363,1389
1187,1550,2737
399,811,1210
398,1774,2172
750,788,1538
669,1436,2105
1250,1056,2306
408,901,1309
404,1029,1433
244,1327,1571
620,775,1395
370,604,974
996,724,1720
758,652,1410
1003,573,1576
1320,1099,2419
261,975,1236
641,915,1556
839,1226,2065
516,1397,1913
941,749,1690
641,830,1471
397,796,1193
1057,1593,2650
209,667,876
624,1025,1649
1403,972,2375
417,859,1276
492,1148,1640
749,1216,1965
19,1175,1194
555,649,1204
906,1164,2070
71,1393,1464
1039,968,2007
1288,571,1859
878,1563,2441
531,1134,1665
714,1603,2317
437,526,963
841,828,1669
1195,1057,2252
951,638,1589
654,873,1527
591,652,1243
496,784,1280
1176,1503,2679
575,1763,2338
836,816,1652
1156,1258,2414
409,1492,1901
454,1254,1708
1003,853,1856
1032,801,1833
624,1119,1743
555,762,1317
1261,896,2157
365,945,1310
584,2476,3060
622,1641,2263
464,1785,2249
900,869,1769
698,1075,1773
721,1926,2647
419,1092,1511
439,1295,1734
1365,1300,2665
708,1292,2000
288,1774,2062
618,720,1338
404,1531,1935
1441,1778,3219
1038,1213,2251
744,885,1629
808,1050,1858
372,566,938
712,598,1310
1056,728,1784
383,585,968
1235,1675,2910
314,869,1183
661,930,1591
1631,665,2296
1211,887,2098
1223,1577,2800
1461,734,2195
756,1446,2202
484,725,1209
1409,1756,3165
759,257,1016
506,623,1129
501,740,1241
1218,976,2194
528,816,1344
1325,1366,2691
821,1497,2318
967,598,1565
572,1087,1659
851,1274,2125
1997,1190,3187
748,569,1317
533,1018,1551
278,494,772
698,583,1281
63,1670,1733
316,534,850
294,764,1058
1506,1428,2934
327,1465,1792
1622,1305,2927
514,584,1098
681,612,1293
49,471,520
837,1294,2131
449,466,915
214,1375,1589
817,1288,2105
1157,361,1518
307,1693,2000
360,1711,2071
344,582,926
423,1257,1680
1075,1113,2188
69,1118,1187
1023,1067,2090
1021,924,1945
1426,814,2240
97,1294,1391
703,1423,2126
345,1136,1481
644,476,1120
343,1136,1479
1357,675,2032
151,707,858
694,702,1396
1310,1041,2351
251,676,927
812,1055,1867
740,971,1711
466,449,915
342,582,924
68,1070,1138
356,1396,1752
1115,706,1821
641,353,994
1004,573,1577
1219,714,1933
56,1086,1142
1044,769,1813
1400,1037,2437
413,768,1181
1082,925,2007
809,745,1554
239,372,611
1039,899,1938
1254,835,2089
87,1225,1312
522,649,1171
1132,1157,2289
1154,730,1884
908,492,1400
1460,1204,2664
443,1243,1686
981,663,1644
867,664,1531
697,909,1606
224,754,978
280,1305,1585
498,675,1173
229,494,723
990,831,1821
624,1147,1771
456,681,1137
1111,726,1837
323,780,1103
430,719,1149
619,559,1178
1090,1223,2313
193,832,1025
559,717,1276
952,1895,2847
711,975,1686
351,735,1086
944,513,1457
554,821,1375
156,1530,1686
581,757,1338
338,579,917
476,968,1444
214,760,974
272,546,818
733,1649,2382
711,1033,1744
251,1046,1297
1108,736,1844
705,1234,1939
457,1197,1654
703,1614,2317
489,565,1054
662,733,1395
370,715,1085
481,1233,1714
402,422,824
568,721,1289
1037,1049,2086
1362,606,1968
437,468,905
252,719,971
1036,1210,2246
1472,728,2200
883,1219,2102
356,1085,1441
399,881,1280
633,2185,2818
620,1127,1747
454,455,909
571,461,1032
429,561,990
522,1126,1648
392,975,1367
1160,525,1685
642,755,1397
919,2360,3279
1374,948,2322
862,652,1514
535,543,1078
79,1309,1388
789,633,1422
457,784,1241
536,834,1370
354,1358,1712
684,1545,2229
945,641,1586
728,750,1478
328,529,857
1560,1866,3426
356,986,1342
1923,1282,3205
296,863,1159
392,802,1194
422,1352,1774
366,429,795
1101,1197,2298
417,743,1160
963,520,1483
879,1256,2135
636,540,1176
2360,774,3134
739,503,1242
583,2015,2598
353,442,795
1685,775,2460
768,1523,2291
494,1033,1527
1003,790,1793
819,1494,2313
1101,1165,2266
336,1105,1441
419,685,1104
301,273,574
420,963,1383
763,784,1547
1309,767,2076
820,1443,2263
735,830,1565
921,1985,2906
699,836,1535
1187,1126,2313
677,2219,2896
1334,1032,2366
708,878,1586
65,793,858
1841,931,2772
1120,613,1733
191,1078,1269
281,457,738
787,905,1692
577,1149,1726
1090,1214,2304
244,855,1099
879,592,1471
552,985,1537
296,1214,1510
48,1192,1240
604,1765,2369
267,987,1254
753,950,1703
24,1280,1304
898,478,1376
147,1627,1774
808,974,1782
510,1306,1816
1897,1078,2975
291,1564,1855
620,937,1557
1741,1154,2895
473,1133,1606
566,1434,2000
613,1249,1862
768,1124,1892
552,1446,1998
1276,1437,2713
817,1264,2081
589,685,1274
1305,1707,3012
363,1542,1905
375,1039,1414
642,1640,2282
165,1019,1184
992,411,1403
848,287,1135
912,612,1524
1192,254,1446
760,1633,2393
864,772,1636
739,922,1661
489,1879,2368
1074,552,1626
1047,441,1488
566,1280,1846
989,614,1603
1521,657,2178
933,1100,2033
925,654,1579
799,603,1402
1375,1176,2551
691,1400,2091
166,770,936
951,533,1484
563,1907,2470
545,452,997
388,645,1033
231,468,699
245,1942,2187
19,565,584
1382,931,2313
254,501,755
247,699,946
1233,1098,2331
61,661,722
261,651,912
937,1288,2225
413,1715,2128
1359,1039,2398
1550,1050,2600
1023,1052,2075
882,1100,1982
322,714,1036
268,628,896
499,589,1088
1763,665,2428
389,751,1140
512,641,1153
1503,1590,3093
1766,680,2446
515,603,1118
570,652,1222
1021,633,1654
494,454,948
405,872,1277
398,1406,1804
553,507,1060
907,1657,2564
1347,1150,2497
513,504,1017
1084,1123,2207
1144,1586,2730
648,289,937
967,683,1650
403,892,1295
1502,1480,2982
1087,1832,2919
439,376,815
533,1090,1623
497,441,938
735,1145,1880
1492,1206,2698
405,511,916
465,654,1119
865,909,1774
681,1439,2120
579,373,952
814,964,1778
219,768,987
503,800,1303
189,768,957
996,1015,2011
263,655,918
295,1315,1610
1254,1034,2288
404,582,986
1480,793,2273
1670,789,2459
1057,761,1818
1201,945,2146
635,1067,1702
840,526,1366
351,1665,2016
1035,1053,2088
358,406,764
703,260,963
1009,1027,2036
1276,639,1915
445,516,961
347,696,1043
443,1604,2047
799,679,1478
508,512,1020
588,1027,1615
1144,1765,2909
114,513,627
835,760,1595
390,781,1171
284,1793,2077
743,449,1192
580,288,868
761,1443,2204
297,840,1137
863,833,1696
271,627,898
368,394,762
726,570,1296
462,1055,1517
507,652,1159
829,653,1482
923,1338,2261
230,1378,1608
494,641,1135
458,524,982
1226,1190,2416
300,694,994
388,643,1031
895,571,1466
513,514,1027
94,661,755
75,656,731
396,351,747
127,1025,1152
302,479,781
1221,1675,2896
639,487,1126
994,1465,2459
493,363,856
320,1369,1689
126,840,966
1265,1344,2609
568,666,1234
618,801,1419
274,732,1006
1262,863,2125
299,796,1095
619,331,950
416,680,1096
1421,1231,2652
267,491,758
684,548,1232
908,846,1754
462,338,800
1324,734,2058
1551,1968,3519
137,791,928
319,397,716
360,1516,1876
122,821,943
190,508,698
347,540,887
339,1032,1371
177,836,1013
143,703,846
531,593,1124
701,347,1048
382,540,922
1654,1655,3309
380,629,1009
583,1571,2154
621,1006,1627
328,558,886
1626,1596,3222
428,2374,2802
959,519,1478
664,357,1021
504,2692,3196
526,1048,1574
495,492,987
1096,1727,2823
529,886,1415
605,1019,1624
422,715,1137
522,698,1220
1025,1829,2854
742,532,1274
1172,2017,3189
480,572,1052
991,1625,2616
790,881,1671
1373,1922,3295
220,897,1117
451,656,1107
822,912,1734
52,1112,1164
1142,1901,3043
99,783,882
583,727,1310
1251,1204,2455
209,933,1142
655,560,1215
1835,1553,3388
474,918,1392
1417,1701,3118
247,1206,1453
2228,1006,3234
453,735,1188
1345,1016,2361
411,780,1191
809,553,1362
2593,982,3575
320,1169,1489
518,1137,1655
419,938,1357
555,910,1465
1311,1031,2342
1564,1130,2694
1715,698,2413
517,1010,1527
1510,1116,2626
1465,1427,2892
985,867,1852
645,785,1430
734,350,1084
1085,759,1844
886,898,1784
496,917,1413
811,783,1594
703,1355,2058
588,656,1244
324,923,1247
1052,492,1544
912,817,1729
800,1028,1828
1044,692,1736
1046,905,1951
419,1130,1549
722,861,1583
838,1095,1933
1867,1450,3317
873,680,1553
1508,640,2148
1191,1609,2800
680,724,1404
198,958,1156
737,674,1411
1276,1290,2566
806,695,1501
716,1012,1728
596,1039,1635
713,699,1412
575,626,1201
249,830,1079
620,886,1506
399,715,1114
890,701,1591
1268,813,2081
619,544,1163
769,1108,1877
652,1241,1893
821,857,1678
772,784,1556
1152,825,1977
487,689,1176
734,1212,1946
1505,511,2016
366,725,1091
851,622,1473
592,977,1569
932,1585,2517
373,803,1176
512,651,1163
1005,1105,2110
445,552,997
634,1706,2340
1015,746,1761
332,832,1164
455,1312,1767
664,1024,1688
393,841,1234
718,1093,1811
614,1241,1855
516,817,1333
101,1809,1910
516,397,913
615,1469,2084
749,1604,2353
373,867,1240
850,526,1376
1122,1142,2264
699,842,1541
778,1490,2268
620,367,987
590,1482,2072
1459,1016,2475
521,1097,1618
712,1869,2581
1548,780,2328
609,1148,1757
734,1134,1868
1402,1312,2714
666,591,1257
659,1305,1964
1367,1133,2500
364,1692,2056
628,1123,1751
1631,549,2180
1396,479,1875
664,1309,1973
675,523,1198
1202,1060,2262
450,1279,1729
240,899,1139
1221,1102,2323
842,1343,2185
869,616,1485
770,1165,1935
760,510,1270
524,1455,1979
978,1079,2057
273,1799,2072
210,868,1078
796,1273,2069
675,910,1585
645,721,1366
715,1303,2018
676,921,1597
914,968,1882
259,1669,1928
1421,763,2184
405,1041,1446
263,2675,2938
918,322,1240
351,905,1256
1337,865,2202
694,1297,1991
1120,852,1972
1160,766,1926
984,849,1833
1083,967,2050
600,846,1446
776,2144,2920
1588,687,2275
481,915,1396
1607,1566,3173
436,1486,1922
1066,808,1874
731,880,1611
851,1269,2120
728,953,1681
683,753,1436
1015,928,1943
850,895,1745
578,909,1487
748,537,1285
1164,1030,2194
838,906,1744
754,860,1614
2423,539,2962
957,1161,2118
647,940,1587
600,681,1281
773,1405,2178
1095,884,1979
729,841,1570
567,394,961
994,2111,3105
567,852,1419
1383,1217,2600
596,961,1557
759,1263,2022
940,1022,1962
650,699,1349
624,1223,1847
744,930,1674
1908,799,2707
258,2211,2469
729,1097,1826
820,1031,1851
1454,1356,2810
250,2559,2809
772,1009,1781
738,1190,1928
838,836,1674
1140,336,1476
857,1988,2845
569,1204,1773
998,535,1533
1020,1693,2713
953,557,1510
422,1337,1759
1745,1204,2949
729,543,1272
849,1642,2491
217,964,1181
1275,1787,3062
619,911,1530
712,1341,2053
699,914,1613
1098,846,1944
2447,493,2940
1260,725,1985
1104,947,2051
721,1852,2573
1412,675,2087
822,720,1542
519,936,1455
442,1933,2375
768,1858,2626
1121,358,1479
847,626,1473
411,1406,1817
769,283,1052
583,1652,2235
1989,975,2964
578,1193,1771
350,332,682
375,293,668
853,615,1468
510,1189,1699
773,970,1743
760,474,1234
1864,1301,3165
519,2184,2703
197,929,1126
426,323,749
1517,1552,3069
1129,677,1806
804,747,1551
743,421,1164
993,716,1709
1527,1200,2727
415,783,1198
1513,322,1835
844,1081,1925
1836,1046,2882
595,631,1226
910,1112,2022
33,436,469
800,706,1506
407,873,1280
1432,880,2312
201,1004,1205
31,698,729
20,690,710
717,885,1602
2081,904,2985
710,801,1511
34,925,959
366,1095,1461
1118,771,1889
743,672,1415
191,596,787
44,716,760
54,1278,1332
217,752,969
476,495,971
1709,877,2586
344,652,996
730,1194,1924
25,1157,1182
378,752,1130
82,1137,1219
1064,780,1844
94,1957,2051
310,1074,1384
507,501,1008
841,656,1497
700,526,1226
884,1297,2181
465,1046,1511
728,737,1465
385,990,1375
942,632,1574
344,739,1083
651,695,1346
230,1342,1572
419,804,1223
586,1156,1742
361,589,950
585,1755,2340
467,553,1020
692,306,998
1202,1563,2765
154,782,936
228,1177,1405
298,908,1206
404,1038,1442
512,1139,1651
535,1257,1792
480,321,801
1836,943,2779
106,1523,1629
353,1324,1677
1554,868,2422
991,950,1941
608,1378,1986
425,1061,1486
744,434,1178
1006,1204,2210
208,910,1118
340,980,1320
857,708,1565
768,918,1686
1386,456,1842
569,1064,1633
1102,733,1835
846,631,1477
857,999,1856
617,1228,1845
1397,510,1907
504,488,992
406,1584,1990
1221,706,1927
733,521,1254
406,1158,1564
1050,513,1563
219,585,804
755,1012,1767
555,533,1088
141,965,1106
471,426,897
912,1452,2364
586,896,1482
389,427,816
806,990,1796
698,1500,2198
1129,526,1655
196,1144,1340
297,1235,1532
683,1294,1977
776,1170,1946
489,624,1113
478,283,761
886,1116,2002
681,1375,2056
351,810,1161
1039,793,1832
410,1102,1512
341,1107,1448
856,907,1763
406,806,1212
865,622,1487
1068,950,2018
1310,1009,2319
338,651,989
1132,862,1994
47,516,563
985,949,1934
857,1010,1867
897,904,1801
95,821,916
1020,554,1574
738,763,1501
1318,990,2308
668,406,1074
1082,478,1560
594,812,1406
1167,869,2036
850,1319,2169
974,1829,2803
427,1347,1774
1001,642,1643
151,842,993
715,634,1349
1320,868,2188
636,531,1167
1077,1101,2178
203,771,974
1054,1260,2314
312,706,1018
794,1981,2775
344,700,1044
240,544,784
808,575,1383
701,1034,1735
807,1107,1914
930,1133,2063
904,1911,2815
646,1133,1779
945,1019,1964
1693,898,2591
1182,647,1829
343,490,833
657,1036,1693
1034,749,1783
956,1602,2558
606,517,1123
439,501,940
897,692,1589
821,535,1356
1836,580,2416
846,650,1496
516,864,1380
628,1076,1704
892,540,1432
388,519,907
677,692,1369
1013,668,1681
441,707,1148
731,1216,1947
630,1419,2049
924,828,1752
434,892,1326
449,1065,1514
626,1430,2056
429,1670,2099
525,696,1221
1483,626,2109
430,1609,2039
287,740,1027
1552,658,2210
1248,669,1917
835,1127,1962
340,468,808
749,1005,1754
1151,852,2003
359,697,1056
187,1021,1208
384,1259,1643
1292,347,1639
519,1648,2167
592,493,1085
973,889,1862
453,500,953
645,1714,2359
591,1181,1772
1004,1015,2019
447,830,1277
362,809,1171
1494,509,2003
728,1502,2230
947,459,1406
504,495,999
566,1172,1738
992,506,1498
403,983,1386
938,836,1774
717,521,1238
623,574,1197
865,634,1499
1180,1019,2199
302,620,922
503,956,1459
551,997,1548
806,980,1786
437,614,1051
310,336,646
1432,671,2103
545,907,1452
387,489,876
1506,1273,2779
563,948,1511
439,1200,1639
1353,946,2299
265,1313,1578
1086,945,2031
422,642,1064
485,967,1452
665,1269,1934
457,498,955
443,776,1219
1133,363,1496
186,689,875
427,628,1055
839,937,1776
353,563,916
526,612,1138
433,1126,1559
1369,560,1929
385,2248,2633
644,849,1493
960,1250,2210
831,955,1786
413,1700,2113
799,1201,2000
715,361,1076
579,1365,1944
851,978,1829
733,667,1400
383,2502,2885
1238,702,1940
1094,1197,2291
754,315,1069
392,562,954
1228,680,1908
796,710,1506
854,902,1756
954,702,1656
754,1748,2502
201,877,1078
352,1037,1389
459,641,1100
596,762,1358
632,1179,1811
619,2469,3088
734,938,1672
544,701,1245
300,1015,1315
1613,684,2297
218,867,1085
1021,694,1715
1152,591,1743
632,664,1296
2066,1430,3496
916,1108,2024
552,547,1099
2264,969,3233
497,841,1338
1268,692,1960
2379,817,3196
1120,831,1951
931,960,1891
1483,332,1815
884,1535,2419
884,1094,1978
678,463,1141
916,336,1252
599,2210,2809
461,497,958
954,1577,2531
534,564,1098
797,567,1364
493,795,1288
633,1511,2144
570,1059,1629
58,1243,1301
1608,1121,2729
497,1043,1540
471,1308,1779
226,496,722
585,706,1291
815,639,1454
250,952,1202
600,762,1362
716,784,1500
400,980,1380
357,976,1333
679,720,1399
670,1231,1901
675,1169,1844
868,1377,2245
518,911,1429
1080,1144,2224
388,1113,1501
519,1714,2233
1471,1205,2676
952,741,1693
441,318,759
292,1357,1649
803,581,1384
405,1065,1470
745,1112,1857
111,1348,1459
778,1680,2458
1084,805,1889
1009,678,1687
174,1331,1505
1151,439,1590
915,531,1446
727,974,1701
1953,1155,3108
492,502,994
818,1897,2715
772,1424,2196
691,937,1628
228,817,1045
1048,1198,2246
514,931,1445
586,498,1084
811,629,1440
1226,793,2019
1495,802,2297
684,1162,1846
1154,502,1656
1498,1284,2782
971,628,1599
237,1356,1593
254,817,1071
949,1107,2056
686,923,1609
340,859,1199
574,1124,1698
1628,942,2570
484,858,1342
438,912,1350
488,629,1117
1799,943,2742
897,525,1422
882,511,1393
560,859,1419
527,622,1149
789,733,1522
863,429,1292
234,1121,1355
696,643,1339
375,935,1310
692,417,1109
698,540,1238
804,456,1260
946,358,1304
738,197,935
817,2225,3042
117,189,306
1345,2881,4226
813,251,1064
532,2274,2806
1218,1980,3198
167,287,454
90,371,461
1030,1583,2613
210,354,564
983,332,1315
795,1688,2483
1018,2034,3052
764,203,967
152,388,540
794,1212,2006
844,1697,2541
1079,2041,3120
118,671,789
185,372,557
1025,2868,3893
980,2302,3282
171,681,852
212,492,704
1104,1348,2452
1073,444,1517
1163,2669,3832
198,680,878
1017,1574,2591
2071,623,2694
333,550,883
1888,456,2344
1930,1569,3499
207,456,663
325,1449,1774
564,296,860
2714,648,3362
2432,540,2972
1910,429,2339
1354,602,1956
240,509,749
2396,467,2863
453,583,1036
1389,605,1994
532,492,1024
1245,520,1765
1443,1010,2453
763,723,1486
1084,723,1807
1032,529,1561
48,638,686
27,704,731
787,2359,3146
194,446,640
722,537,1259
53,676,729
135,481,616
85,498,583
1052,851,1903
38,674,712
1054,821,1875
1423,775,2198
37,587,624
177,616,793
112,834,946
79,762,841
18,878,896
309,1814,2123
90,867,957
160,903,1063
23,901,924
977,1335,2312
648,368,1016
310,467,777
92,947,1039
282,750,1032
703,380,1083
321,793,1114
62,1143,1205
137,849,986
742,428,1170
376,339,715
193,1036,1229
635,3232,3867
346,348,694
412,1011,1423
1082,3440,4522
448,1051,1499
58,359,417
300,976,1276
33,1513,1546
493,1195,1688
594,639,1233
421,1024,1445
412,770,1182
583,836,1419
148,1123,1271
413,1019,1432
861,919,1780
868,826,1694
702,957,1659
2138,2116,4254
1070,944,2014
769,786,1555
263,1048,1311
1056,934,1990
864,466,1330
620,907,1527
772,506,1278
2701,1448,4149
898,768,1666
722,845,1567
120,345,465
825,907,1732
926,622,1548
952,649,1601
207,950,1157
835,1178,2013
265,933,1198
166,904,1070
710,1039,1749
939,545,1484
810,323,1133
500,1192,1692
1013,705,1718
769,1024,1793
361,782,1143
114,874,988
1134,961,2095
727,935,1662
731,542,1273
2894,779,3673
829,656,1485
562,973,1535
380,2037,2417
870,986,1856
921,622,1543
726,2146,2872
521,1174,1695
1140,538,1678
724,1183,1907
763,1979,2742
797,663,1460
316,907,1223
692,1182,1874
1944,700,2644
1869,1353,3222
487,1188,1675
1887,261,2148
1324,1330,2654
337,687,1024
1093,461,1554
425,888,1313
58,1049,1107
551,468,1019
452,941,1393
676,928,1604
421,950,1371
474,1176,1650
567,1033,1600
742,975,1717
1918,278,2196
1091,752,1843
768,965,1733
851,945,1796
762,681,1443
601,1129,1730
749,536,1285
516,531,1047
796,1140,1936
1203,387,1590
549,729,1278
1006,801,1807
500,1628,2128
1083,818,1901
194,1063,1257
652,1572,2224
1009,776,1785
735,954,1689
425,1643,2068
846,953,1799
881,848,1729
713,400,1113
825,1003,1828
873,746,1619
530,989,1519
1139,1055,2194
607,315,922
926,623,1549
22,717,739
701,654,1355
890,1033,1923
33,730,763
28,981,1009
406,1155,1561
561,313,874
1134,1003,2137
33,848,881
626,407,1033
1269,636,1905
681,1633,2314
1202,1334,2536
449,360,809
383,623,1006
440,1796,2236
22,874,896
397,886,1283
776,1362,2138
1056,1184,2240
1596,1212,2808
461,620,1081
182,413,595
765,1480,2245
390,716,1106
1429,671,2100
382,660,1042
547,813,1360
577,1110,1687
151,1270,1421
801,667,1468
890,470,1360
401,1280,1681
344,546,890
161,688,849
702,1298,2000
766,1616,2382
409,1110,1519
278,1205,1483
902,2266,3168
669,829,1498
739,2257,2996
46,684,730
343,570,913
718,554,1272
842,836,1678
107,737,844
462,1369,1831
1042,1045,2087
827,1425,2252
1042,483,1525
86,1108,1194
2019,469,2488
422,1651,2073
381,508,889
658,1736,2394
1168,749,1917
422,732,1154
581,369,950
688,790,1478
569,949,1518
1992,475,2467
618,1302,1920
784,1103,1887
1176,1287,2463
1132,1456,2588
416,514,930
250,1058,1308
594,789,1383
1186,987,2173
616,1137,1753
1209,664,1873
325,1282,1607
394,1539,1933
222,665,887
1138,1333,2471
139,611,750
348,1165,1513
356,934,1290
711,932,1643
1528,914,2442
662,801,1463
822,826,1648
1257,897,2154
298,633,931
547,1145,1692
344,616,960
137,1316,1453
522,738,1260
1007,1673,2680
1567,868,2435
549,744,1293
878,1113,1991
878,1187,2065
738,767,1505
1153,788,1941
641,768,1409
893,906,1799
591,587,1178
696,801,1497
899,1106,2005
646,951,1597
422,873,1295
630,666,1296
979,485,1464
830,1094,1924
925,738,1663
230,442,672
706,553,1259
665,1180,1845
112,687,799
647,968,1615
1043,2158,3201
1360,974,2334
1055,680,1735
288,426,714
280,426,706
437,1073,1510
637,938,1575
451,684,1135
327,625,952
1127,2331,3458
728,1365,2093
770,469,1239
692,455,1147
1189,1108,2297
691,608,1299
685,1348,2033
670,537,1207
691,570,1261
1139,889,2028
1411,1873,3284
623,1303,1926
27,659,686
48,536,584
395,1047,1442
308,456,764
482,1029,1511
72,727,799
377,284,661
1145,2038,3183
1863,1318,3181
210,1430,1640
683,1091,1774
913,2053,2966
47,693,740
262,601,863
511,1189,1700
455,618,1073
81,703,784
583,1279,1862
987,630,1617
31,1037,1068
841,1749,2590
254,733,987
2197,829,3026
255,704,959
1122,872,1994
187,970,1157
1147,927,2074
471,848,1319
390,976,1366
519,1027,1546
521,710,1231
597,901,1498
559,981,1540
269,1086,1355
340,879,1219
51,1247,1298
783,736,1519
549,1138,1687
1363,995,2358
550,898,1448
656,866,1522
900,480,1380
1501,697,2198
529,975,1504
949,623,1572
494,1407,1901
685,1512,2197
751,621,1372
454,1404,1858
714,1361,2075
233,615,848
584,1289,1873
949,1415,2364
457,389,846
889,1000,1889
496,1115,1611
1363,355,1718
847,1262,2109
889,866,1755
761,998,1759
1776,1614,3390
1192,405,1597
558,1020,1578
946,1242,2188
301,346,647
622,1173,1795
350,1677,2027
1112,980,2092
55,669,724
830,1036,1866
1076,1739,2815
818,1299,2117
803,977,1780
1083,1170,2253
895,415,1310
969,1179,2148
507,1004,1511
159,633,792
256,1902,2158
924,594,1518
481,1718,2199
200,632,832
857,2118,2975
1115,923,2038
91,671,762
643,1048,1691
895,854,1749
866,1098,1964
191,908,1099
1055,671,1726
295,558,853
1400,779,2179
903,1376,2279
610,546,1156
956,562,1518
1525,817,2342
669,870,1539
1211,1996,3207
543,867,1410
350,350,700
747,758,1505
411,1051,1462
230,579,809
872,697,1569
254,670,924
1560,658,2218
622,880,1502
776,438,1214
668,925,1593
1000,993,1993
486,1885,2371
634,1067,1701
724,525,1249
521,782,1303
416,1081,1497
100,584,684
930,717,1647
783,1975,2758
748,1018,1766
647,894,1541
1907,1359,3266
1095,2203,3298
103,677,780
735,769,1504
1835,1176,3011
1821,1504,3325
332,485,817
522,412,934
398,709,1107
1834,794,2628
125,833,958
482,510,992
577,979,1556
568,752,1320
762,904,1666
1759,1386,3145
474,408,882
978,1022,2000
677,1158,1835
789,283,1072
378,1029,1407
648,442,1090
961,1078,2039
44,451,495
409,1027,1436
247,639,886
60,1382,1442
412,688,1100
490,473,963
802,552,1354
293,1009,1302
539,917,1456
892,323,1215
802,697,1499
562,570,1132
598,1085,1683
53,708,761
320,941,1261
111,515,626
925,708,1633
452,1273,1725
308,507,815
31,1405,1436
240,1246,1486
347,519,866
577,970,1547
383,431,814
2114,778,2892
322,1645,1967
774,535,1309
695,1259,1954
230,1854,2084
446,855,1301
400,535,935
740,1255,1995
986,468,1454
854,1318,2172
1321,718,2039
1092,438,1530
934,1009,1943
902,1292,2194
502,499,1001
217,1056,1273
329,430,759
501,1303,1804
890,1528,2418
689,864,1553
876,1126,2002
541,664,1205
1146,891,2037
1225,1275,2500
567,910,1477
806,1117,1923
358,675,1033
1763,859,2622
266,1066,1332
719,880,1599
1155,749,1904
340,914,1254
913,912,1825
585,1486,2071
939,549,1488
288,920,1208
1102,1048,2150
1141,651,1792
479,853,1332
502,790,1292
1216,957,2173
679,697,1376
798,563,1361
143,1478,1621
1342,844,2186
884,541,1425
812,947,1759
785,348,1133
825,987,1812
407,901,1308
1546,1236,2782
918,782,1700
806,907,1713
295,1429,1724
1375,766,2141
713,1165,1878
578,552,1130
557,707,1264
644,1527,2171
716,696,1412
649,1132,1781
426,930,1356
740,1190,1930
491,626,1117
729,344,1073
390,1704,2094
406,784,1190
844,1527,2371
768,1889,2657
988,1017,2005
542,1136,1678
141,924,1065
960,1753,2713
807,678,1485
1257,770,2027
485,903,1388
648,1149,1797
770,1250,2020
1242,1478,2720
615,1030,1645
464,780,1244
804,1028,1832
775,661,1436
1474,1236,2710
336,794,1130
1008,738,1746
939,994,1933
282,1316,1598
920,528,1448
361,1737,2098
221,916,1137
944,842,1786
834,1727,2561
1698,513,2211
555,599,1154
1173,574,1747
1258,1104,2362
365,1284,1649
190,748,938
345,731,1076
906,494,1400
1010,1210,2220
1562,722,2284
939,683,1622
1002,1227,2229
1346,1275,2621
615,1037,1652
567,1333,1900
719,871,1590
1301,782,2083
855,1508,2363
463,1053,1516
1624,920,2544
789,594,1383
44,1521,1565
599,887,1486
1372,727,2099
244,830,1074
1049,992,2041
739,796,1535
111,679,790
789,821,1610
462,884,1346
744,1170,1914
330,1067,1397
597,1142,1739
325,567,892
661,932,1593
159,683,842
359,586,945
510,927,1437
549,560,1109
863,931,1794
398,759,1157
785,1169,1954
583,601,1184
1288,495,1783
242,1155,1397
595,564,1159
334,1305,1639
1090,902,1992
393,795,1188
505,653,1158
975,876,1851
423,549,972
600,365,965
270,1177,1447
677,554,1231
664,1340,2004
755,912,1667
635,898,1533
1110,1715,2825
711,398,1109
1358,791,2149
560,1091,1651
778,1605,2383
328,598,926
629,1190,1819
909,953,1862
533,1423,1956
370,575,945
1091,925,2016
759,724,1483
877,667,1544
322,1059,1381
523,661,1184
820,951,1771
488,1097,1585
735,843,1578
779,481,1260
795,1386,2181
1014,338,1352
1076,817,1893
775,1129,1904
1566,451,2017
1052,372,1424
977,979,1956
1532,693,2225
1079,1113,2192
855,1371,2226
1185,332,1517
1022,2153,3175
702,793,1495
601,506,1107
278,508,786
534,383,917
1327,712,2039
1241,621,1862
523,967,1490
413,787,1200
974,334,1308
892,1741,2633
467,997,1464
426,667,1093
227,528,755
481,1543,2024
797,1132,1929
259,680,939
243,997,1240
845,470,1315
260,642,902
480,873,1353
866,1261,2127
732,1390,2122
287,363,650
349,486,835
332,1299,1631
1210,1083,2293
52,669,721
109,816,925
1058,586,1644
348,1121,1469
1491,827,2318
86,845,931
406,1953,2359
1233,512,1745
715,907,1622
191,1145,1336
828,320,1148
396,871,1267
308,691,999
293,485,778
723,403,1126
1012,406,1418
933,952,1885
500,835,1335
1149,607,1756
562,843,1405
1022,1667,2689
662,989,1651
570,668,1238
260,312,572
717,931,1648
731,957,1688
227,616,843
322,467,789
260,768,1028
50,867,917
25,510,535
236,1174,1410
837,602,1439
331,2005,2336
669,509,1178
637,940,1577
308,2762,3070
688,538,1226
702,1530,2232
79,541,620
823,869,1692
748,567,1315
1031,1089,2120
334,518,852
481,457,938
462,826,1288
773,920,1693
2021,1494,3515
520,928,1448
392,684,1076
734,1428,2162
1888,1008,2896
303,486,789
395,1177,1572
432,797,1229
324,682,1006
425,580,1005
250,907,1157
670,509,1179
665,325,990
1620,2596,4216
570,1419,1989
691,343,1034
1155,966,2121
481,654,1135
598,931,1529
411,272,683
864,955,1819
874,1597,2471
904,1427,2331
1923,1801,3724
262,593,855
796,1725,2521
1574,2432,4006
690,1301,1991
110,921,1031
1347,1739,3086
460,1258,1718
1003,2221,3224
2659,1298,3957
328,2502,2830
757,1195,1952
406,906,1312
2164,984,3148
314,1050,1364
1271,659,1930
814,1512,2326
882,1524,2406
315,815,1130
910,2105,3015
520,1148,1668
2200,929,3129
553,1332,1885
1804,802,2606
1709,738,2447
1075,1542,2617
1465,421,1886
734,668,1402
933,767,1700
1211,606,1817
642,1546,2188
858,502,1360
786,715,1501
714,916,1630
374,359,733
1583,1071,2654
203,1488,1691
811,820,1631
413,325,738
1211,907,2118
924,768,1692
1110,719,1829
807,721,1528
585,440,1025
1853,775,2628
227,732,959
54,747,801
2274,902,3176
477,533,1010
1453,1046,2499
600,1608,2208
608,487,1095
362,356,718
1388,849,2237
428,1722,2150
721,591,1312
556,300,856
250,648,898
576,1641,2217
657,1046,1703
259,650,909
926,780,1706
406,1019,1425
249,603,852
605,749,1354
2161,1365,3526
289,1023,1312
795,2003,2798
581,606,1187
830,1213,2043
1459,448,1907
578,551,1129
1279,1544,2823
431,333,764
1793,1662,3455
1415,1468,2883
1248,2239,3487
407,760,1167
808,1605,2413
182,701,883
611,919,1530
636,704,1340
634,728,1362
834,697,1531
432,1050,1482
1642,576,2218
1360,2164,3524
118,753,871
1155,913,2068
1242,970,2212
662,419,1081
635,762,1397
250,957,1207
507,890,1397
782,1146,1928
1801,1646,3447
1304,756,2060
215,933,1148
2254,786,3040
891,661,1552
1357,773,2130
538,905,1443
507,1036,1543
483,696,1179
1572,532,2104
702,1059,1761
660,775,1435
1951,732,2683
488,1426,1914
1445,928,2373
441,899,1340
509,762,1271
832,850,1682
1038,676,1714
704,711,1415
499,834,1333
1522,624,2146
904,682,1586
563,463,1026
228,1332,1560
406,1500,1906
456,583,1039
458,544,1002
774,278,1052
601,857,1458
776,1341,2117
208,714,922
572,917,1489
710,580,1290
781,819,1600
961,1374,2335
595,503,1098
479,615,1094
422,285,707
580,2025,2605
1011,1132,2143
628,484,1112
703,323,1026
1401,792,2193
702,834,1536
926,723,1649
377,752,1129
541,948,1489
967,610,1577
230,1170,1400
750,1215,1965
43,347,390
1063,674,1737
768,1127,1895
770,589,1359
55,551,606
624,639,1263
290,1189,1479
35,719,754
954,1468,2422
372,1549,1921
666,901,1567
1227,1333,2560
33,904,937
184,491,675
841,710,1551
1894,797,2691
979,993,1972
235,704,939
1069,813,1882
308,1489,1797
468,545,1013
28,810,838
493,494,987
302,752,1054
687,1369,2056
433,1002,1435
364,925,1289
256,537,793
863,395,1258
705,1443,2148
170,1044,1214
689,511,1200
489,506,995
423,968,1391
1002,1195,2197
966,1237,2203
537,1529,2066
626,806,1432
882,1425,2307
753,503,1256
279,536,815
799,583,1382
620,430,1050
329,999,1328
1420,975,2395
545,805,1350
326,913,1239
727,1026,1753
537,1247,1784
898,372,1270
72,939,1011
1276,656,1932
748,1041,1789
185,805,990
566,1251,1817
500,982,1482
999,780,1779
617,478,1095
265,790,1055
1151,477,1628
596,752,1348
1088,995,2083
51,675,726
476,853,1329
239,669,908
1112,1064,2176
580,1149,1729
281,888,1169
611,922,1533
407,1676,2083
601,1154,1755
746,552,1298
793,639,1432
793,1357,2150
922,464,1386
116,633,749
746,679,1425
343,820,1163
900,1208,2108
314,810,1124
798,926,1724
869,1063,1932
394,766,1160
978,853,1831
546,1607,2153
269,995,1264
423,683,1106
518,630,1148
537,823,1360
622,839,1461
773,735,1508
573,826,1399
1223,1741,2964
90,1519,1609
276,742,1018
638,702,1340
313,699,1012
449,517,966
474,695,1169
1465,536,2001
555,501,1056
729,471,1200
716,1025,1741
819,897,1716
466,609,1075
1006,945,1951
531,645,1176
746,1032,1778
401,442,843
606,583,1189
469,993,1462
584,571,1155
467,603,1070
751,376,1127
985,999,1984
399,628,1027
882,1866,2748
422,444,866
484,1189,1673
689,614,1303
669,882,1551
791,413,1204
142,1263,1405
450,433,883
1143,1829,2972
512,1421,1933
492,897,1389
766,992,1758
609,666,1275
202,1478,1680
489,634,1123
283,915,1198
641,316,957
1335,1192,2527
47,676,723
575,1382,1957
676,1917,2593
425,334,759
921,716,1637
351,1036,1387
1575,1128,2703
517,757,1274
719,1239,1958
1688,722,2410
286,756,1042
473,1259,1732
849,968,1817
1095,607,1702
1022,768,1790
417,929,1346
1255,783,2038
842,939,1781
1425,1336,2761
962,832,1794
628,756,1384
756,462,1218
45,633,678
547,319,866
852,479,1331
525,499,1024
590,791,1381
876,485,1361
1310,749,2059
513,493,1006
423,1593,2016
910,492,1402
74,1323,1397
766,1571,2337
716,559,1275
123,1446,1569
24,1478,1502
760,825,1585
713,473,1186
1039,1792,2831
61,1707,1768
625,792,1417
547,539,1086
348,746,1094
517,517,1034
42,1172,1214
533,1133,1666
1637,1317,2954
218,1605,1823
293,476,769
361,1391,1752
606,1345,1951
656,811,1467
379,841,1220
545,1365,1910
560,725,1285
336,759,1095
216,1340,1556
1358,710,2068
1153,1117,2270
1621,685,2306
412,658,1070
976,778,1754
1433,729,2162
391,708,1099
785,1417,2202
454,562,1016
440,592,1032
740,800,1540
1189,995,2184
384,1256,1640
1201,1091,2292
336,951,1287
366,1348,1714
568,382,950
626,906,1532
373,1641,2014
531,544,1075
575,1083,1658
1097,1094,2191
914,1231,2145
1248,1358,2606
1054,544,1598
616,1167,1783
1026,1019,2045
645,663,1308
879,735,1614
420,1886,2306
539,832,1371
248,684,932
1255,1494,2749
640,1246,1886
187,888,1075
766,888,1654
1238,1085,2323
1164,482,1646
1102,913,2015
306,706,1012
583,1553,2136
368,1142,1510
770,1401,2171
368,1180,1548
1066,1827,2893
634,676,1310
1315,1855,3170
209,1331,1540
1432,1356,2788
1082,1819,2901
1428,706,2134
972,1186,2158
500,1696,2196
998,1394,2392
1413,341,1754
763,1038,1801
1116,1218,2334
1215,614,1829
1209,329,1538
700,751,1451
1140,829,1969
800,861,1661
612,2082,2694
1322,476,1798
786,831,1617
301,847,1148
386,377,763
320,1533,1853
1217,1615,2832
537,1356,1893
1607,256,1863
217,1040,1257
544,1686,2230
887,456,1343
626,1710,2336
142,624,766
710,1553,2263
1338,1913,3251
860,1857,2717
246,956,1202
741,947,1688
1024,1645,2669
1383,1919,3302
694,1046,1740
659,545,1204
751,678,1429
908,1054,1962
1529,423,1952
730,819,1549
406,835,1241
32,1238,1270
810,1717,2527
53,954,1007
1126,2418,3544
448,739,1187
37,983,1020
1579,415,1994
701,564,1265
356,772,1128
1138,302,1440
1063,2265,3328
991,323,1314
767,861,1628
25,300,325
1407,2170,3577
1441,571,2012
107,1270,1377
797,1283,2080
41,318,359
21,332,353
1736,832,2568
618,797,1415
68,1861,1929
981,1320,2301
237,1118,1355
476,1088,1564
1215,1473,2688
1349,1610,2959
743,2659,3402
526,837,1363
76,435,511
1506,1334,2840
1770,2193,3963
536,1022,1558
578,1072,1650
770,1092,1862
1847,1191,3038
666,1055,1721
444,689,1133
99,331,430
1840,1376,3216
566,1210,1776
130,721,851
155,914,1069
2248,1112,3360
777,1081,1858
2126,824,2950
450,696,1146
1085,719,1804
1312,416,1728
297,958,1255
419,705,1124
1715,390,2105
475,1147,1622
63,702,765
1271,1038,2309
1009,756,1765
507,628,1135
749,970,1719
425,1203,1628
545,2137,2682
716,602,1318
1029,1107,2136
29,1082,1111
968,2948,3916
731,951,1682
304,871,1175
1000,663,1663
645,1252,1897
29,548,577
480,1547,2027
259,1121,1380
1792,2174,3966
390,1078,1468
601,1028,1629
481,861,1342
870,772,1642
564,995,1559
725,1006,1731
412,1216,1628
711,1495,2206
477,615,1092
1746,1789,3535
906,690,1596
1348,1055,2403
866,906,1772
329,680,1009
762,1109,1871
717,1233,1950
497,1352,1849
2679,670,3349
366,786,1152
23,1191,1214
212,934,1146
551,639,1190
428,876,1304
1382,774,2156
869,622,1491
2060,863,2923
614,990,1604
879,1245,2124
571,809,1380
931,661,1592
484,952,1436
618,1445,2063
774,950,1724
149,573,722
882,845,1727
19,1360,1379
363,641,1004
615,853,1468
508,569,1077
895,783,1678
412,863,1275
255,1631,1886
1041,843,1884
240,1605,1845
423,736,1159
1001,1073,2074
488,879,1367
500,1243,1743
772,500,1272
838,931,1769
600,718,1318
720,993,1713
778,1068,1846
307,776,1083
1132,927,2059
410,769,1179
424,623,1047
683,1492,2175
304,656,960
401,1639,2040
607,761,1368
1020,1413,2433
1491,814,2305
592,600,1192
673,421,1094
586,1778,2364
275,978,1253
944,1300,2244
257,1083,1340
654,755,1409
607,589,1196
794,631,1425
352,1210,1562
825,518,1343
194,469,663
327,2095,2422
126,739,865
680,767,1447
1220,1426,2646
119,1619,1738
794,1083,1877
531,1416,1947
1413,1017,2430
221,665,886
1517,1409,2926
186,726,912
139,1763,1902
19,657,676
185,862,1047
701,942,1643
1017,949,1966
224,940,1164
1401,1388,2789
1206,929,2135
424,1233,1657
448,789,1237
123,859,982
1145,392,1537
364,858,1222
730,1560,2290
443,1635,2078
1931,1021,2952
832,554,1386
1240,836,2076
401,695,1096
872,691,1563
295,980,1275
502,419,921
268,925,1193
473,937,1410
1527,818,2345
580,725,1305
482,560,1042
1006,972,1978
1161,259,1420
687,799,1486
1145,920,2065
632,1242,1874
653,1083,1736
687,781,1468
671,501,1172
624,668,1292
689,1441,2130
22,1547,1569
893,385,1278
501,971,1472
643,1629,2272
690,895,1585
280,834,1114
800,996,1796
66,297,363
1095,509,1604
712,1061,1773
633,1558,2191
367,379,746
44,536,580
1245,678,1923
521,1547,2068
335,1571,1906
737,834,1571
90,631,721
832,1224,2056
1238,1078,2316
137,799,936
259,674,933
1311,501,1812
970,1140,2110
199,780,979
130,952,1082
734,852,1586
381,631,1012
696,1182,1878
629,724,1353
1328,1364,2692
325,775,1100
35,1445,1480
690,691,1381
358,1037,1395
260,1174,1434
286,873,1159
547,1590,2137
1405,909,2314
799,723,1522
716,1833,2549
796,995,1791
451,537,988
981,715,1696
555,712,1267
642,800,1442
1293,476,1769
707,792,1499
742,553,1295
242,465,707
852,528,1380
1052,711,1763
431,327,758
771,756,1527
806,636,1442
1484,1067,2551
580,729,1309
445,648,1093
501,1164,1665
941,1209,2150
1508,801,2309
396,320,716
27,907,934
1551,649,2200
336,521,857
326,443,769
245,727,972
519,1350,1869
447,653,1100
874,1466,2340
236,1048,1284
333,1513,1846
821,327,1148
898,1566,2464
145,427,572
550,364,914
582,621,1203
631,1538,2169
347,824,1171
285,1627,1912
521,1384,1905
431,508,939
415,802,1217
191,595,786
589,1480,2069
964,1447,2411
742,218,960
518,613,1131
263,891,1154
49,317,366
730,1481,2211
468,1182,1650
457,588,1045
103,375,478
1001,1557,2558
361,665,1026
152,376,528
1299,801,2100
575,1206,1781
631,1164,1795
697,540,1237
993,1430,2423
642,1239,1881
548,745,1293
250,331,581
824,1107,1931
45,937,982
1406,589,1995
457,1181,1638
1071,570,1641
257,743,1000
998,1288,2286
793,360,1153
990,682,1672
1356,1053,2409
1394,559,1953
835,362,1197
1039,728,1767
563,508,1071
1338,915,2253
767,1302,2069
1165,1479,2644
415,1582,1997
1154,1475,2629
688,660,1348
222,338,560
240,494,734
811,436,1247
530,756,1286
477,1674,2151
76,978,1054
500,583,1083
1031,1184,2215
365,617,982
890,527,1417
1111,1212,2323
407,433,840
291,561,852
1089,1196,2285
1223,1489,2712
123,993,1116
1303,1496,2799
159,493,652
972,718,1690
350,1080,1430
1025,823,1848
526,353,879
545,569,1114
766,1227,1993
519,470,989
709,696,1405
308,1763,2071
53,515,568
385,1954,2339
801,551,1352
84,532,616
641,712,1353
1336,796,2132
843,932,1775
217,899,1116
1183,1150,2333
731,859,1590
492,1820,2312
370,1625,1995
322,479,801
561,1867,2428
434,519,953
1754,542,2296
867,692,1559
1620,593,2213
101,634,735
1772,346,2118
300,1688,1988
164,644,808
1381,1611,2992
317,1579,1896
500,916,1416
1224,1869,3093
449,1826,2275
439,414,853
415,332,747
796,1179,1975
362,569,931
962,701,1663
970,809,1779
430,478,908
1339,1829,3168
1092,1438,2530
629,1531,2160
452,639,1091
163,1354,1517
382,1443,1825
379,1543,1922
1309,483,1792
306,457,763
979,1674,2653
947,1701,2648
1403,1658,3061
1429,503,1932
446,1570,2016
985,1080,2065
461,368,829
928,577,1505
1445,1167,2612
364,1513,1877
1450,487,1937
806,1258,2064
1460,652,2112
667,1871,2538
1069,1635,2704
1299,434,1733
394,1922,2316
932,1384,2316
558,1298,1856
754,1376,2130
62,564,626
1316,451,1767
1512,796,2308
459,1501,1960
112,795,907
960,912,1872
1009,398,1407
693,502,1195
1571,409,1980
996,970,1966
1212,826,2038
1596,359,1955
280,686,966
235,817,1052
1216,716,1932
1348,749,2097
1295,343,1638
1547,617,2164
1810,318,2128
1744,559,2303
94,541,635
1172,375,1547
139,649,788
40,552,592
81,685,766
2062,966,3028
45,681,726
1062,819,1881
1125,861,1986
158,670,828
42,588,630
26,738,764
308,533,841
38,650,688
40,848,888
337,501,838
30,993,1023
2001,680,2681
93,984,1077
1949,671,2620
31,443,474
1100,885,1985
273,407,680
258,582,840
25,1099,1124
21,1006,1027
46,1258,1304
62,1039,1101
68,1423,1491
31,1404,1435
526,316,842
42,1352,1394
3545,399,3944
586,1051,1637
371,804,1175
132,592,724
317,1122,1439
588,1001,1589
763,706,1469
243,846,1089
81,1084,1165
664,959,1623
525,881,1406
622,1225,1847
190,1386,1576
710,935,1645
369,635,1004
645,573,1218
35,1332,1367
288,1011,1299
869,899,1768
441,1316,1757
919,355,1274
777,899,1676
1175,337,1512
16,1639,1655
390,1036,1426
990,910,1900
334,468,802
63,1212,1275
717,634,1351
229,1181,1410
606,345,951
411,1534,1945
798,712,1510
536,1790,2326
602,965,1567
704,1473,2177
62,998,1060
669,825,1494
759,805,1564
460,1161,1621
499,465,964
983,748,1731
282,795,1077
755,869,1624
1084,1348,2432
1205,660,1865
287,638,925
1075,477,1552
838,618,1456
201,610,811
1165,592,1757
266,967,1233
64,953,1017
991,847,1838
1343,1252,2595
1100,1115,2215
461,757,1218
808,724,1532
351,525,876
1296,901,2197
628,649,1277
1466,770,2236
662,349,1011
1122,699,1821
938,401,1339
289,1284,1573
1169,722,1891
1042,705,1747
643,855,1498
878,961,1839
1005,493,1498
581,611,1192
798,1118,1916
764,631,1395
567,728,1295
538,845,1383
724,703,1427
793,845,1638
464,810,1274
430,564,994
355,1114,1469
838,320,1158
469,571,1040
244,358,602
758,855,1613
642,867,1509
1145,707,1852
386,1514,1900
585,747,1332
302,934,1236
417,227,644
528,632,1160
589,1507,2096
282,842,1124
563,755,1318
722,462,1184
1004,552,1556
307,999,1306
57,777,834
417,1080,1497
658,1346,2004
788,507,1295
425,458,883
782,630,1412
1407,591,1998
446,859,1305
891,710,1601
213,934,1147
814,721,1535
378,632,1010
761,774,1535
339,720,1059
554,1012,1566
633,312,945
451,929,1380
630,825,1455
300,816,1116
245,588,833
353,525,878
642,336,978
419,966,1385
960,537,1497
608,550,1158
467,401,868
247,933,1180
725,363,1088
483,750,1233
346,1156,1502
525,420,945
265,948,1213
211,570,781
696,327,1023
513,314,827
665,599,1264
620,296,916
777,550,1327
1251,831,2082
751,668,1419
903,387,1290
837,862,1699
1709,603,2312
352,1049,1401
73,379,452
920,261,1181
207,1403,1610
1236,540,1776
1252,206,1458
837,279,1116
871,911,1782
836,624,1460
981,633,1614
82,449,531
113,766,879
472,521,993
975,616,1591
32,383,415
169,659,828
854,920,1774
1206,519,1725
86,566,652
177,585,762
166,776,942
355,438,793
192,795,987
420,690,1110
400,701,1101
477,605,1082
355,648,1003
86,601,687
1329,633,1962
676,473,1149
85,680,765
93,790,883
152,547,699
715,467,1182
89,1249,1338
146,828,974
706,730,1436
172,907,1079
352,315,667
120,1241,1361
309,684,993
123,1233,1356
404,634,1038
311,325,636
441,951,1392
385,544,929
205,794,999
189,1308,1497
94,677,771
229,486,715
652,306,958
350,1088,1438
204,614,818
810,779,1589
1128,288,1416
522,1048,1570
535,479,1014
277,779,1056
189,924,1113
770,477,1247
597,923,1520
246,681,927
528,262,790
1156,344,1500
550,751,1301
840,304,1144
331,1114,1445
588,492,1080
483,551,1034
1119,788,1907
692,630,1322
522,1147,1669
878,392,1270
1062,427,1489
252,418,670
244,292,536
914,651,1565
582,557,1139
293,418,711
742,865,1607
130,547,677
608,1056,1664
1036,761,1797
428,300,728
384,358,742
139,637,776
502,710,1212
149,1046,1195
141,590,731
83,464,547
153,624,777
174,327,501
348,1781,2129
974,714,1688
110,475,585
513,382,895
785,1256,2041
114,749,863
190,757,947
202,679,881
747,946,1693
1028,1062,2090
923,1240,2163
140,1138,1278
268,373,641
516,461,977
223,390,613
350,1009,1359
340,777,1117
511,901,1412
933,1489,2422
523,827,1350
577,707,1284
595,996,1591
429,691,1120
218,787,1005
603,824,1427
274,833,1107
1656,666,2322
448,629,1077
503,527,1030
395,1138,1533
972,789,1761
546,901,1447
282,1068,1350
1004,470,1474
84,609,693
423,774,1197
818,758,1576
272,1338,1610
276,634,910
384,602,986
937,487,1424
613,871,1484
39,678,717
846,934,1780
479,461,940
526,1125,1651
496,473,969
349,536,885
514,1037,1551
187,824,1011
318,704,1022
256,604,860
1264,579,1843
664,367,1031
473,601,1074
807,1041,1848
811,877,1688
540,635,1175
61,1381,1442
545,821,1366
889,1025,1914
461,955,1416
531,1047,1578
810,776,1586
620,1002,1622
886,735,1621
1052,1382,2434
123,646,769
755,1720,2475
179,626,805
389,1259,1648
283,1630,1913
734,1222,1956
159,1019,1178
599,1233,1832
466,1582,2048
343,918,1261
762,959,1721
64,959,1023
785,1302,2087
684,1135,1819
249,1110,1359
594,774,1368
990,1110,2100
373,1014,1387
696,707,1403
116,967,1083
1239,721,1960
594,1646,2240
771,782,1553
1228,536,1764
790,769,1559
387,951,1338
1084,710,1794
1064,455,1519
733,580,1313
1193,628,1821
631,1570,2201
1138,1205,2343
741,310,1051
902,538,1440
894,629,1523
986,580,1566
177,287,464
552,874,1426
599,630,1229
503,1517,2020
1555,820,2375
485,617,1102
915,448,1363
1009,887,1896
309,408,717
203,294,497
889,700,1589
510,871,1381
789,1361,2150
603,592,1195
127,565,692
885,885,1770
344,412,756
297,380,677
687,1157,1844
980,1132,2112
851,1160,2011
497,642,1139
320,478,798
741,645,1386
545,330,875
220,472,692
656,2276,2932
864,962,1826
542,1158,1700
344,748,1092
356,601,957
658,1004,1662
42,359,401
429,443,872
1415,652,2067
519,687,1206
1268,1212,2480
1100,454,1554
464,798,1262
522,584,1106
327,1020,1347
1275,1082,2357
208,576,784
508,621,1129
1357,367,1724
511,2270,2781
1115,444,1559
153,426,579
722,714,1436
629,1118,1747
453,1289,1742
648,855,1503
343,814,1157
566,651,1217
786,1172,1958
1094,2302,3396
784,544,1328
212,912,1124
501,867,1368
944,1043,1987
872,897,1769
328,680,1008
403,739,1142
502,677,1179
1080,854,1934
1052,351,1403
683,856,1539
518,776,1294
1057,283,1340
2297,982,3279
243,454,697
562,716,1278
564,732,1296
286,458,744
833,490,1323
761,741,1502
320,741,1061
40,870,910
557,392,949
798,346,1144
232,810,1042
26,1030,1056
325,733,1058
1082,518,1600
369,837,1206
235,983,1218
663,449,1112
581,829,1410
710,468,1178
108,329,437
751,441,1192
2044,1298,3342
446,790,1236
127,534,661
115,488,603
401,945,1346
522,757,1279
187,461,648
155,443,598
146,578,724
2083,1106,3189
787,633,1420
187,444,631
747,743,1490
920,564,1484
129,779,908
150,658,808
641,773,1414
579,1076,1655
179,468,647
889,1026,1915
698,551,1249
299,852,1151
422,536,958
414,494,908
824,420,1244
422,819,1241
470,753,1223
298,577,875
377,861,1238
313,817,1130
19,158,177
490,209,699
449,759,1208
577,1456,2033
56,413,469
559,623,1182
378,742,1120
434,1097,1531
459,780,1239
327,760,1087
519,807,1326
746,1590,2336
91,455,546
697,478,1175
588,999,1587
560,1050,1610
519,755,1274
683,597,1280
608,491,1099
479,1381,1860
26,866,892
417,969,1386
457,494,951
1262,682,1944
152,571,723
696,902,1598
419,892,1311
376,594,970
1427,563,1990
318,647,965
934,693,1627
504,1682,2186
539,495,1034
471,462,933
729,673,1402
392,764,1156
400,689,1089
371,674,1045
429,985,1414
633,618,1251
644,1548,2192
1200,465,1665
661,634,1295
464,1584,2048
310,496,806
522,639,1161
390,550,940
764,730,1494
863,575,1438
341,581,922
876,255,1131
668,680,1348
383,681,1064
767,668,1435
194,1545,1739
240,668,908
545,702,1247
136,555,691
1657,392,2049
726,963,1689
423,669,1092
429,447,876
1283,687,1970
222,1551,1773
499,622,1121
161,1756,1917
535,1342,1877
611,644,1255
687,833,1520
607,729,1336
270,690,960
513,423,936
1408,652,2060
289,765,1054
1473,497,1970
484,717,1201
294,1520,1814
534,986,1520
300,893,1193
451,755,1206
386,615,1001
279,788,1067
495,746,1241
1412,574,1986
353,992,1345
399,1612,2011
426,806,1232
632,770,1402
872,1162,2034
527,944,1471
309,696,1005
412,1335,1747
592,798,1390
355,1026,1381
121,839,960
924,1049,1973
673,775,1448
444,1137,1581
1439,764,2203
437,612,1049
1646,548,2194
687,881,1568
661,890,1551
1385,564,1949
674,596,1270
722,693,1415
607,675,1282
797,431,1228
578,1190,1768
928,751,1679
311,874,1185
495,710,1205
892,887,1779
606,497,1103
601,609,1210
608,701,1309
782,640,1422
881,950,1831
702,747,1449
563,1231,1794
347,643,990
724,758,1482
969,572,1541
861,1179,2040
577,1071,1648
464,990,1454
1246,743,1989
808,1009,1817
732,693,1425
566,459,1025
548,889,1437
463,674,1137
756,1330,2086
390,665,1055
463,1082,1545
1012,855,1867
1079,686,1765
671,712,1383
204,432,636
675,334,1009
530,806,1336
825,539,1364
230,580,810
636,774,1410
304,933,1237
809,989,1798
1040,470,1510
257,548,805
665,1275,1940
384,1093,1477
637,811,1448
64,710,774
303,607,910
451,1174,1625
263,649,912
250,871,1121
266,712,978
35,1190,1225
1011,1169,2180
430,635,1065
605,1029,1634
786,950,1736
507,571,1078
316,660,976
390,770,1160
294,700,994
682,709,1391
237,780,1017
618,878,1496
347,706,1053
144,1165,1309
308,770,1078
538,591,1129
566,505,1071
1160,890,2050
1020,936,1956
575,595,1170
1246,1080,2326
671,1164,1835
587,481,1068
444,1205,1649
581,556,1137
783,1005,1788
567,873,1440
581,921,1502
746,250,996
855,892,1747
938,641,1579
780,487,1267
644,232,876
720,840,1560
681,490,1171
777,724,1501
535,890,1425
200,1329,1529
827,1064,1891
579,1621,2200
983,1118,2101
447,1343,1790
1064,1077,2141
562,560,1122
591,638,1229
1060,468,1528
391,1049,1440
690,574,1264
858,498,1356
868,639,1507
785,637,1422
811,891,1702
1048,788,1836
552,721,1273
564,687,1251
160,1677,1837
502,802,1304
754,751,1505
622,630,1252
376,1813,2189
47,988,1035
1248,679,1927
279,632,911
1483,773,2256
174,813,987
508,460,968
740,736,1476
911,786,1697
1503,637,2140
283,798,1081
966,729,1695
1020,1308,2328
1743,380,2123
559,616,1175
395,819,1214
550,473,1023
351,748,1099
754,623,1377
394,2034,2428
1234,623,1857
68,927,995
539,480,1019
639,1034,1673
454,679,1133
911,1222,2133
689,955,1644
594,874,1468
1058,1516,2574
913,840,1753
496,1219,1715
603,750,1353
535,852,1387
604,1072,1676
255,1671,1926
249,872,1121
277,785,1062
543,1261,1804
628,1440,2068
696,1228,1924
244,775,1019
663,744,1407
504,582,1086
744,354,1098
785,633,1418
600,949,1549
742,1118,1860
1116,498,1614
764,311,1075
582,1353,1935
704,1262,1966
680,284,964
717,1130,1847
843,1270,2113
594,532,1126
851,726,1577
876,704,1580
1535,745,2280
564,614,1178
29,294,323
1167,1395,2562
530,1438,1968
692,993,1685
658,830,1488
1174,595,1769
471,1267,1738
358,887,1245
788,916,1704
372,741,1113
401,1361,1762
1200,750,1950
971,964,1935
1039,841,1880
54,424,478
1259,804,2063
1254,889,2143
1857,1426,3283
665,536,1201
280,579,859
1319,672,1991
467,490,957
1221,644,1865
143,626,769
576,559,1135
125,856,981
1319,1327,2646
198,731,929
342,693,1035
315,715,1030
326,681,1007
937,758,1695
362,602,964
365,509,874
326,560,886
547,445,992
1065,1402,2467
568,1274,1842
536,545,1081
1236,1061,2297
233,863,1096
567,799,1366
856,753,1609
497,661,1158
644,677,1321
373,1375,1748
815,1685,2500
534,813,1347
516,415,931
999,1737,2736
1297,1178,2475
226,1159,1385
356,821,1177
1184,1596,2780
703,1177,1880
364,872,1236
713,716,1429
973,681,1654
531,523,1054
334,936,1270
424,1015,1439
814,560,1374
1322,1344,2666
396,1225,1621
757,585,1342
714,834,1548
1625,415,2040
615,825,1440
139,797,936
513,573,1086
385,1201,1586
910,592,1502
1468,472,1940
330,632,962
355,1419,1774
1400,425,1825
779,1007,1786
450,366,816
529,564,1093
422,797,1219
498,1046,1544
172,811,983
659,961,1620
1237,540,1777
590,1467,2057
467,831,1298
833,688,1521
1055,645,1700
742,489,1231
420,939,1359
1100,417,1517
331,504,835
634,1475,2109
503,789,1292
1057,465,1522
738,563,1301
722,1320,2042
1125,898,2023
689,642,1331
694,676,1370
949,424,1373
386,601,987
740,971,1711
556,477,1033
766,1033,1799
484,392,876
433,1336,1769
372,1015,1387
481,758,1239
647,414,1061
625,581,1206
482,633,1115
1176,741,1917
235,470,705
751,1079,1830
531,922,1453
718,1235,1953
490,903,1393
390,766,1156
216,579,795
1213,958,2171
175,674,849
1378,711,2089
799,827,1626
373,1225,1598
345,736,1081
801,795,1596
205,620,825
908,816,1724
333,677,1010
1220,707,1927
275,1098,1373
832,779,1611
925,727,1652
240,843,1083
268,809,1077
713,1069,1782
766,576,1342
1095,556,1651
523,830,1353
482,453,935
305,1376,1681
761,479,1240
423,661,1084
394,951,1345
257,496,753
356,1085,1441
1228,498,1726
861,596,1457
661,626,1287
668,319,987
691,876,1567
601,723,1324
155,1032,1187
438,462,900
903,957,1860
573,804,1377
865,825,1690
338,1055,1393
663,623,1286
710,933,1643
602,786,1388
305,794,1099
480,435,915
760,870,1630
613,721,1334
231,783,1014
547,603,1150
25,583,608
773,818,1591
212,480,692
679,453,1132
634,870,1504
602,589,1191
806,1074,1880
693,1184,1877
1264,633,1897
571,763,1334
401,295,696
581,964,1545
246,717,963
460,441,901
558,817,1375
222,411,633
421,423,844
364,1021,1385
873,1027,1900
839,475,1314
766,1004,1770
139,890,1029
703,1092,1795
247,849,1096
277,793,1070
852,409,1261
205,465,670
557,422,979
530,1055,1585
417,840,1257
383,889,1272
605,759,1364
864,1633,2497
459,817,1276
893,418,1311
489,1265,1754
192,928,1120
288,973,1261
401,442,843
710,732,1442
619,578,1197
691,1432,2123
841,530,1371
821,1333,2154
336,989,1325
446,1310,1756
655,633,1288
272,641,913
925,585,1510
1350,442,1792
224,880,1104
199,537,736
386,1465,1851
278,1130,1408
729,451,1180
254,639,893
530,1050,1580
871,1105,1976
1324,461,1785
415,562,977
322,781,1103
789,709,1498
1209,471,1680
756,509,1265
625,992,1617
598,584,1182
362,458,820
422,662,1084
732,820,1552
523,782,1305
309,676,985
808,1108,1916
1119,531,1650
770,605,1375
609,744,1353
1266,743,2009
281,877,1158
502,625,1127
662,792,1454
413,466,879
483,987,1470
838,846,1684
352,456,808
591,488,1079
559,854,1413
832,708,1540
350,644,994
754,559,1313
872,565,1437
144,619,763
543,475,1018
709,514,1223
919,635,1554
194,670,864
849,1666,2515
303,585,888
446,946,1392
314,421,735
506,1000,1506
322,717,1039
901,317,1218
676,276,952
567,333,900
696,362,1058
482,436,918
971,1940,2911
913,973,1886
363,442,805
544,1480,2024
384,733,1117
598,597,1195
452,490,942
424,542,966
885,435,1320
381,638,1019
691,2122,2813
506,665,1171
623,468,1091
474,1403,1877
310,973,1283
377,756,1133
638,476,1114
1015,1657,2672
436,512,948
251,871,1122
1448,1136,2584
169,637,806
683,1400,2083
1789,813,2602
377,1238,1615
125,636,761
375,261,636
735,1828,2563
203,728,931
423,475,898
369,587,956
244,1767,2011
565,317,882
1974,649,2623
1264,792,2056
352,800,1152
374,573,947
55,1559,1614
556,796,1352
769,1747,2516
576,656,1232
224,1454,1678
50,330,380
491,819,1310
1017,675,1692
861,1162,2023
1217,997,2214
97,529,626
420,817,1237
235,972,1207
578,817,1395
681,656,1337
29,300,329
396,602,998
87,558,645
417,570,987
1273,1180,2453
136,537,673
435,1305,1740
1462,1303,2765
764,1027,1791
1576,995,2571
586,1191,1777
1593,985,2578
921,720,1641
621,1239,1860
239,962,1201
393,814,1207
507,717,1224
863,1044,1907
152,524,676
867,1865,2732
275,1045,1320
163,993,1156
1094,2032,3126
531,810,1341
432,770,1202
1702,1365,3067
1095,896,1991
570,795,1365
360,910,1270
988,545,1533
675,544,1219
199,1480,1679
934,380,1314
946,728,1674
927,812,1739
32,524,556
1076,548,1624
70,508,578
277,314,591
308,302,610
504,1804,2308
702,1882,2584
773,1874,2647
1410,1259,2669
1351,1344,2695
1032,1278,2310
742,2065,2807
1130,1376,2506
1022,1487,2509
943,1175,2118
1030,1141,2171
1349,1510,2859
1760,2662,4422
1013,1322,2335
1006,1872,2878
1378,3085,4463
677,1859,2536
1097,498,1595
1048,2939,3987
1308,1776,3084
2210,1873,4083
1005,754,1759
723,2877,3600
794,2338,3132
940,1812,2752
14,481,495
872,1749,2621
933,1790,2723
1506,2012,3518
910,903,1813
1425,2101,3526
1256,2319,3575
351,1528,1879
38,473,511
937,1138,2075
1319,1812,3131
2653,312,2965
1050,911,1961
1891,268,2159
1864,412,2276
240,553,793
1479,715,2194
1558,682,2240
1125,715,1840
230,734,964
953,696,1649
2694,647,3341
64,1184,1248
200,269,469
126,369,495
1908,653,2561
16,1325,1341
721,754,1475
553,968,1521
88,521,609
1146,907,2053
948,2382,3330
1578,845,2423
169,443,612
510,515,1025
1045,2725,3770
711,595,1306
946,686,1632
882,809,1691
154,521,675
1378,892,2270
590,921,1511
232,669,901
181,611,792
113,763,876
69,801,870
857,624,1481
217,765,982
268,684,952
184,586,770
48,278,326
263,931,1194
533,478,1011
422,520,942
1790,1114,2904
1038,734,1772
379,847,1226
293,1078,1371
407,1004,1411
102,494,596
466,1170,1636
432,1027,1459
721,339,1060
34,816,850
1310,1432,2742
761,1059,1820
263,1423,1686
163,808,971
2009,1149,3158
610,655,1265
512,825,1337
536,1245,1781
502,1183,1685
319,823,1142
419,1305,1724
289,871,1160
347,1630,1977
664,1176,1840
681,1351,2032
137,749,886
675,814,1489
629,1123,1752
897,777,1674
896,1092,1988
763,913,1676
301,731,1032
1325,430,1755
554,1090,1644
1077,760,1837
915,721,1636
826,1083,1909
565,1470,2035
216,924,1140
581,795,1376
177,871,1048
729,1231,1960
1203,558,1761
1610,246,1856
1049,754,1803
1309,1014,2323
619,772,1391
557,761,1318
1080,427,1507
396,1490,1886
704,844,1548
541,927,1468
1123,426,1549
702,806,1508
904,1001,1905
524,752,1276
629,1379,2008
717,611,1328
882,745,1627
1398,411,1809
260,347,607
1032,368,1400
1011,706,1717
779,641,1420
732,892,1624
422,314,736
715,438,1153
1423,396,1819
505,683,1188
989,539,1528
1516,247,1763
691,512,1203
719,904,1623
680,630,1310
1084,970,2054
699,1028,1727
770,618,1388
1100,574,1674
676,770,1446
521,1125,1646
831,401,1232
1239,403,1642
880,679,1559
43,532,575
107,582,689
1093,882,1975
1082,782,1864
871,582,1453
877,614,1491
1140,1095,2235
805,854,1659
64,808,872
35,605,640
73,815,888
763,1336,2099
1635,563,2198
413,368,781
25,571,596
885,1030,1915
58,761,819
143,759,902
940,1008,1948
297,549,846
382,557,939
757,1304,2061
454,368,822
1316,662,1978
519,468,987
659,549,1208
491,525,1016
82,960,1042
30,1041,1071
299,718,1017
81,578,659
42,1273,1315
719,679,1398
348,583,931
623,423,1046
663,630,1293
138,456,594
120,985,1105
337,457,794
577,637,1214
31,1356,1387
171,1160,1331
397,864,1261
701,813,1514
106,1397,1503
732,767,1499
697,714,1411
166,1144,1310
410,1132,1542
1110,442,1552
676,740,1416
1002,634,1636
384,445,829
482,775,1257
883,1127,2010
429,725,1154
1132,460,1592
208,696,904
284,1730,2014
348,768,1116
929,572,1501
617,818,1435
1097,441,1538
259,775,1034
334,827,1161
1326,370,1696
479,947,1426
820,1168,1988
194,599,793
935,811,1746
653,715,1368
695,535,1230
335,545,880
659,538,1197
539,675,1214
548,777,1325
666,820,1486
351,713,1064
391,1136,1527
1011,840,1851
297,917,1214
702,1388,2090
509,804,1313
709,641,1350
657,714,1371
614,816,1430
571,567,1138
703,712,1415
846,667,1513
247,1284,1531
136,706,842
1009,575,1584
642,951,1593
665,676,1341
460,770,1230
353,543,896
148,1201,1349
562,690,1252
416,815,1231
460,1430,1890
585,749,1334
1628,787,2415
383,407,790
337,611,948
357,1226,1583
954,1219,2173
347,1071,1418
357,758,1115
698,1033,1731
1067,863,1930
619,485,1104
1230,776,2006
997,635,1632
392,579,971
1263,968,2231
1280,600,1880
217,1075,1292
619,558,1177
729,1024,1753
652,856,1508
945,573,1518
384,1017,1401
599,1039,1638
686,828,1514
565,430,995
741,493,1234
559,626,1185
1096,606,1702
1056,509,1565
610,730,1340
962,602,1564
566,1091,1657
868,693,1561
586,873,1459
1052,647,1699
638,438,1076
587,671,1258
522,666,1188
870,686,1556
75,613,688
810,397,1207
477,629,1106
942,829,1771
900,692,1592
655,1231,1886
666,1178,1844
729,644,1373
341,700,1041
585,1119,1704
250,1077,1327
680,369,1049
532,1100,1632
296,1308,1604
864,1394,2258
44,622,666
623,531,1154
549,804,1353
958,943,1901
590,1173,1763
189,1127,1316
381,693,1074
815,854,1669
232,491,723
249,886,1135
416,962,1378
576,849,1425
1171,786,1957
396,1642,2038
351,1009,1360
996,436,1432
481,243,724
383,987,1370
713,1345,2058
676,824,1500
712,447,1159
1002,567,1569
214,831,1045
501,854,1355
794,459,1253
193,475,668
511,629,1140
112,1072,1184
559,1115,1674
507,563,1070
258,824,1082
238,1182,1420
561,692,1253
1299,635,1934
791,408,1199
437,480,917
1010,215,1225
1064,529,1593
329,427,756
216,1621,1837
890,584,1474
1051,960,2011
1200,378,1578
492,303,795
196,821,1017
560,1094,1654
220,369,589
845,703,1548
599,272,871
480,1596,2076
303,365,668
432,958,1390
348,373,721
775,598,1373
171,1906,2077
512,754,1266
738,861,1599
183,343,526
90,1327,1417
288,1062,1350
848,657,1505
86,381,467
258,708,966
424,1047,1471
110,420,530
52,1063,1115
246,316,562
1034,1012,2046
630,555,1185
286,324,610
818,866,1684
906,307,1213
390,249,639
883,908,1791
955,321,1276
253,1032,1285
292,262,554
885,555,1440
336,309,645
304,262,566
739,256,995
93,303,396
751,1107,1858
181,258,439
767,280,1047
159,303,462
134,276,410
1354,1471,2825
502,279,781
205,306,511
156,278,434
1279,1332,2611
138,327,465
159,303,462
1576,1144,2720
294,223,517
172,335,507
1100,316,1416
277,263,540
1131,313,1444
73,249,322
971,289,1260
306,349,655
107,333,440
330,427,757
180,348,528
406,708,1114
618,2551,3169
725,2061,2786
158,435,593
202,385,587
68,1782,1850
915,2313,3228
756,2060,2816
452,1472,1924
441,2425,2866
237,411,648
646,2629,3275
204,451,655
53,465,518
529,2562,3091
473,1106,1579
957,1915,2872
375,2202,2577
569,1977,2546
295,2418,2713
488,1463,1951
1536,1125,2661
494,1716,2210
363,478,841
637,2085,2722
2261,460,2721
697,1587,2284
196,590,786
1749,412,2161
992,1767,2759
625,1596,2221
863,1889,2752
273,568,841
885,1438,2323
1763,461,2224
1326,486,1812
2418,415,2833
160,1003,1163
1756,642,2398
2149,665,2814
1207,491,1698
496,456,952
1634,367,2001
1037,435,1472
100,722,822
2047,467,2514
252,1262,1514
868,277,1145
1833,916,2749
1926,341,2267
72,796,868
50,768,818
1867,499,2366
271,633,904
131,911,1042
2087,759,2846
61,1397,1458
118,433,551
429,615,1044
322,850,1172
106,957,1063
136,636,772
514,934,1448
445,699,1144
2146,543,2689
153,1575,1728
90,901,991
347,504,851
339,937,1276
164,654,818
91,485,576
140,859,999
80,660,740
1180,737,1917
362,580,942
196,769,965
1294,790,2084
139,493,632
747,795,1542
628,487,1115
155,975,1130
377,818,1195
469,453,922
378,670,1048
707,466,1173
255,1100,1355
430,601,1031
214,1071,1285
602,844,1446
360,427,787
253,653,906
558,772,1330
530,422,952
531,436,967
168,900,1068
728,639,1367
553,837,1390
807,809,1616
541,490,1031
308,838,1146
349,1156,1505
370,998,1368
758,403,1161
311,697,1008
261,439,700
942,771,1713
724,944,1668
844,350,1194
518,347,865
451,1307,1758
796,608,1404
726,340,1066
643,812,1455
452,769,1221
643,1183,1826
883,603,1486
330,652,982
550,1046,1596
851,633,1484
659,871,1530
765,863,1628
278,1321,1599
545,769,1314
233,491,724
499,1579,2078
215,681,896
656,642,1298
447,1287,1734
297,769,1066
556,404,960
261,841,1102
403,804,1207
164,2351,2515
1002,502,1504
221,604,825
434,410,844
366,2375,2741
1238,671,1909
845,380,1225
370,560,930
936,658,1594
218,1533,1751
782,605,1387
462,1579,2041
484,652,1136
1165,627,1792
717,1409,2126
1500,576,2076
766,484,1250
656,674,1330
704,1188,1892
121,563,684
692,763,1455
632,586,1218
1461,446,1907
709,752,1461
651,776,1427
598,1054,1652
1343,436,1779
185,767,952
1314,1472,2786
885,705,1590
689,1124,1813
539,613,1152
242,693,935
139,880,1019
837,879,1716
313,664,977
2257,1149,3406
322,726,1048
129,587,716
638,1026,1664
597,479,1076
536,505,1041
917,997,1914
447,604,1051
625,539,1164
2199,924,3123
560,485,1045
663,464,1127
502,599,1101
484,365,849
161,1078,1239
1331,430,1761
169,1115,1284
523,596,1119
688,686,1374
1207,984,2191
470,465,935
434,652,1086
551,1694,2245
999,716,1715
699,570,1269
200,970,1170
744,819,1563
335,1446,1781
487,313,800
834,495,1329
892,821,1713
383,1427,1810
318,572,890
205,1287,1492
542,884,1426
410,957,1367
229,644,873
70,461,531
758,644,1402
669,800,1469
989,533,1522
1518,328,1846
896,802,1698
235,569,804
1300,469,1769
318,1097,1415
476,733,1209
85,629,714
366,775,1141
493,813,1306
904,982,1886
257,947,1204
329,564,893
430,444,874
1314,492,1806
882,756,1638
46,899,945
131,738,869
326,675,1001
525,1028,1553
778,1265,2043
474,1145,1619
356,759,1115
444,606,1050
176,656,832
1055,1221,2276
630,689,1319
336,815,1151
402,680,1082
662,849,1511
446,686,1132
24,935,959
524,829,1353
294,654,948
353,1006,1359
408,970,1378
471,774,1245
539,467,1006
1048,485,1533
449,649,1098
701,459,1160
635,673,1308
226,932,1158
539,1061,1600
526,444,970
359,1097,1456
539,1210,1749
557,313,870
1078,414,1492
782,1027,1809
702,802,1504
589,523,1112
573,1028,1601
904,895,1799
589,459,1048
596,1188,1784
644,632,1276
544,617,1161
273,826,1099
865,848,1713
609,749,1358
547,897,1444
997,1001,1998
960,450,1410
454,444,898
843,1157,2000
434,683,1117
737,1049,1786
1003,418,1421
74,611,685
388,705,1093
404,1047,1451
761,844,1605
474,389,863
263,541,804
719,841,1560
563,1071,1634
734,414,1148
900,853,1753
819,470,1289
136,608,744
76,781,857
418,434,852
772,601,1373
552,1238,1790
365,350,715
948,623,1571
884,401,1285
768,1274,2042
20,557,577
554,452,1006
610,357,967
954,1087,2041
589,725,1314
845,438,1283
959,803,1762
80,589,669
291,493,784
160,617,777
823,1224,2047
500,1329,1829
319,580,899
849,649,1498
277,578,855
434,1208,1642
209,758,967
723,1255,1978
651,310,961
427,621,1048
435,535,970
936,876,1812
101,485,586
477,1228,1705
52,738,790
802,498,1300
496,539,1035
156,630,786
1066,564,1630
148,501,649
1153,546,1699
202,621,823
945,401,1346
178,717,895
706,417,1123
690,784,1474
275,1423,1698
203,562,765
975,550,1525
393,598,991
366,538,904
302,416,718
429,789,1218
736,1448,2184
334,753,1087
1054,653,1707
406,862,1268
654,559,1213
195,508,703
418,605,1023
574,596,1170
543,690,1233
422,899,1321
304,602,906
429,539,968
544,763,1307
328,487,815
337,600,937
737,418,1155
523,585,1108
400,1543,1943
422,778,1200
267,698,965
687,756,1443
382,738,1120
1000,3098,4098
710,609,1319
554,718,1272
306,846,1152
799,692,1491
1028,3029,4057
484,583,1067
531,670,1201
428,773,1201
398,733,1131
602,660,1262
334,586,920
224,755,979
500,717,1217
339,675,1014
1077,2907,3984
1117,1764,2881
309,772,1081
376,658,1034
405,829,1234
607,510,1117
712,2864,3576
1167,1343,2510
401,492,893
380,820,1200
2981,452,3433
1352,1211,2563
514,426,940
504,1396,1900
395,537,932
668,400,1068
1246,751,1997
666,342,1008
2699,481,3180
582,477,1059
457,435,892
436,3154,3590
508,507,1015
2422,358,2780
488,3173,3661
1103,328,1431
583,554,1137
517,590,1107
464,2940,3404
900,433,1333
454,650,1104
596,701,1297
2339,714,3053
300,557,857
601,265,866
322,1413,1735
2727,377,3104
599,391,990
491,432,923
139,247,386
869,418,1287
627,873,1500
133,367,500
211,301,512
644,855,1499
609,285,894
293,288,581
2971,282,3253
631,351,982
208,445,653
638,1675,2313
369,882,1251
402,396,798
639,715,1354
67,314,381
479,228,707
591,1653,2244
194,620,814
354,510,864
1252,1117,2369
535,442,977
272,326,598
107,562,669
650,352,1002
216,476,692
298,395,693
706,509,1215
178,397,575
531,304,835
1321,275,1596
299,458,757
253,498,751
413,489,902
197,404,601
430,511,941
266,514,780
305,341,646
516,506,1022
485,554,1039
364,451,815
477,428,905
370,479,849
458,555,1013
862,799,1661
1678,2702,4380
60,450,510
120,385,505
376,559,935
385,643,1028
379,352,731
121,692,813
67,2821,2888
138,742,880
157,1728,1885
1549,1415,2964
147,623,770
392,493,885
110,2915,3025
218,1879,2097
1515,1409,2924
333,572,905
141,2949,3090
470,463,933
478,1720,2198
110,559,669
1013,1358,2371
2712,435,3147
668,322,990
575,315,890
171,558,729
1433,523,1956
466,1324,1790
715,429,1144
856,692,1548
1725,557,2282
841,710,1551
82,977,1059
96,591,687
44,1028,1072
198,668,866
1313,609,1922
91,689,780
200,472,672
696,338,1034
416,525,941
159,825,984
473,543,1016
70,1079,1149
1025,732,1757
272,775,1047
1685,729,2414
262,384,646
168,608,776
129,533,662
102,980,1082
298,546,844
1080,792,1872
211,1128,1339
321,707,1028
219,565,784
75,1414,1489
364,670,1034
648,622,1270
166,674,840
374,441,815
589,480,1069
387,429,816
2838,1103,3941
566,953,1519
82,1608,1690
447,651,1098
864,713,1577
485,548,1033
135,812,947
931,949,1880
653,450,1103
409,812,1221
2996,1102,4098
263,940,1203
657,1145,1802
403,583,986
194,1442,1636
1395,770,2165
442,435,877
637,668,1305
293,717,1010
548,813,1361
453,586,1039
846,303,1149
279,710,989
515,1203,1718
691,810,1501
733,498,1231
206,1452,1658
687,896,1583
1483,705,2188
249,784,1033
614,719,1333
741,296,1037
576,1197,1773
843,1629,2472
592,742,1334
964,918,1882
509,1201,1710
1068,865,1933
672,370,1042
930,558,1488
385,520,905
777,1105,1882
880,1775,2655
653,754,1407
409,910,1319
614,545,1159
669,1271,1940
639,595,1234
579,655,1234
32,563,595
1375,672,2047
802,945,1747
205,463,668
386,673,1059
985,581,1566
1165,942,2107
777,1517,2294
322,913,1235
206,1095,1301
63,575,638
562,570,1132
804,547,1351
245,449,694
438,931,1369
931,503,1434
752,722,1474
1401,888,2289
473,479,952
398,704,1102
318,535,853
210,500,710
1101,517,1618
775,861,1636
507,1032,1539
567,971,1538
367,746,1113
1650,823,2473
436,703,1139
1146,871,2017
317,675,992
449,628,1077
301,477,778
606,417,1023
807,1078,1885
88,1208,1296
628,662,1290
659,638,1297
393,886,1279
639,703,1342
218,555,773
653,422,1075
582,1013,1595
120,779,899
608,650,1258
640,831,1471
661,959,1620
561,964,1525
368,961,1329
644,584,1228
465,316,781
838,874,1712
304,631,935
599,574,1173
268,636,904
610,767,1377
792,965,1757
487,604,1091
189,944,1133
626,757,1383
330,477,807
876,696,1572
574,563,1137
388,974,1362
375,653,1028
744,855,1599
1171,809,1980
454,523,977
827,709,1536
527,917,1444
759,693,1452
665,603,1268
609,641,1250
637,849,1486
449,414,863
24,956,980
761,463,1224
428,504,932
86,564,650
863,557,1420
762,753,1515
558,641,1199
278,407,685
578,767,1345
336,856,1192
227,2244,2471
416,302,718
559,558,1117
701,838,1539
622,837,1459
621,717,1338
243,748,991
318,412,730
830,559,1389
326,1222,1548
379,2268,2647
357,727,1084
236,589,825
540,584,1124
840,2048,2888
433,456,889
539,443,982
104,704,808
481,1291,1772
293,1025,1318
540,590,1130
403,495,898
868,1088,1956
501,702,1203
614,556,1170
730,1302,2032
290,697,987
665,422,1087
488,852,1340
2045,589,2634
119,951,1070
290,614,904
616,428,1044
2190,844,3034
348,789,1137
832,794,1626
300,459,759
504,899,1403
447,1132,1579
553,617,1170
338,560,898
808,1522,2330
401,381,782
2070,566,2636
399,1412,1811
374,878,1252
352,530,882
704,1315,2019
916,853,1769
448,939,1387
619,311,930
538,1125,1663
1221,647,1868
399,761,1160
866,507,1373
1247,475,1722
503,601,1104
824,1049,1873
164,1085,1249
685,552,1237
234,977,1211
1028,654,1682
717,606,1323
544,828,1372
551,513,1064
1039,303,1342
680,884,1564
1059,1282,2341
342,1163,1505
433,759,1192
229,465,694
211,1232,1443
115,541,656
708,981,1689
847,382,1229
1188,1157,2345
749,709,1458
278,723,1001
239,668,907
1029,499,1528
581,823,1404
807,923,1730
410,610,1020
939,977,1916
1122,382,1504
638,735,1373
815,882,1697
552,998,1550
79,756,835
357,860,1217
57,624,681
878,738,1616
174,834,1008
248,1243,1491
511,515,1026
1039,685,1724
276,1214,1490
730,457,1187
240,680,920
57,999,1056
297,935,1232
650,875,1525
380,796,1176
72,1469,1541
434,727,1161
830,782,1612
666,914,1580
502,497,999
224,791,1015
192,1032,1224
493,1108,1601
342,1377,1719
462,925,1387
1013,729,1742
878,826,1704
537,782,1319
888,957,1845
613,1085,1698
621,824,1445
761,710,1471
854,1648,2502
324,1652,1976
484,2189,2673
507,1514,2021
498,1628,2126
593,1515,2108
218,1856,2074
1468,1156,2624
1186,997,2183
801,1442,2243
739,2014,2753
1035,1538,2573
694,2013,2707
2085,1057,3142
1649,1658,3307
1130,1767,2897
1880,1917,3797
1201,1748,2949
1453,1153,2606
431,908,1339
745,2118,2863
904,339,1243
861,1892,2753
1612,2444,4056
1026,310,1336
1277,1854,3131
1311,1927,3238
341,2174,2515
861,961,1822
1241,2663,3904
831,1725,2556
2021,1591,3612
689,1273,1962
1054,2454,3508
603,1216,1819
1300,1349,2649
916,223,1139
978,2312,3290
1056,2466,3522
971,1258,2229
1253,753,2006
1487,2110,3597
732,618,1350
1355,932,2287
1183,1101,2284
1420,2291,3711
1378,2407,3785
824,517,1341
545,1860,2405
629,1421,2050
1299,692,1991
2007,654,2661
975,1537,2512
1338,545,1883
1242,982,2224
1192,1891,3083
541,725,1266
933,1430,2363
84,425,509
1880,663,2543
948,2426,3374
120,930,1050
1791,608,2399
1408,539,1947
882,488,1370
912,3273,4185
171,931,1102
1737,570,2307
667,598,1265
1330,3091,4421
1372,2947,4319
933,368,1301
352,470,822
1129,2157,3286
967,607,1574
312,744,1056
1183,482,1665
554,485,1039
431,694,1125
752,494,1246
1754,819,2573
107,471,578
536,771,1307
1825,1347,3172
1048,2179,3227
1175,634,1809
652,930,1582
523,630,1153
445,773,1218
535,781,1316
120,463,583
409,821,1230
2562,552,3114
2542,781,3323
458,788,1246
762,437,1199
1528,1553,3081
2852,729,3581
161,752,913
313,573,886
331,459,790
1687,652,2339
232,634,866
727,842,1569
280,1349,1629
1676,760,2436
331,603,934
57,1204,1261
681,667,1348
248,956,1204
1945,1516,3461
555,553,1108
1209,825,2034
454,797,1251
683,1738,2421
624,763,1387
309,998,1307
662,365,1027
318,979,1297
413,1470,1883
382,690,1072
706,491,1197
362,1072,1434
482,972,1454
501,683,1184
709,774,1483
467,418,885
400,921,1321
1342,972,2314
296,973,1269
653,652,1305
552,798,1350
498,671,1169
439,646,1085
190,1052,1242
254,995,1249
164,466,630
521,659,1180
324,516,840
713,548,1261
791,1346,2137
640,545,1185
245,510,755
872,572,1444
1027,862,1889
1165,488,1653
660,909,1569
478,604,1082
701,681,1382
685,951,1636
954,1249,2203
625,694,1319
492,450,942
1371,822,2193
1232,1130,2362
399,883,1282
385,328,713
313,502,815
835,714,1549
690,876,1566
571,675,1246
455,1230,1685
568,800,1368
355,918,1273
1167,896,2063
406,339,745
438,849,1287
496,1389,1885
776,958,1734
776,963,1739
173,706,879
265,589,854
653,1119,1772
1072,714,1786
335,873,1208
429,846,1275
673,1437,2110
827,921,1748
1210,558,1768
278,959,1237
1394,332,1726
851,476,1327
1052,794,1846
573,723,1296
362,1043,1405
932,1275,2207
1043,1264,2307
563,693,1256
319,640,959
605,737,1342
769,1374,2143
579,944,1523
734,373,1107
249,411,660
526,1081,1607
866,367,1233
774,1365,2139
711,802,1513
685,654,1339
638,1221,1859
995,674,1669
496,963,1459
574,365,939
706,303,1009
1078,653,1731
675,640,1315
849,336,1185
22,304,326
1066,496,1562
250,1083,1333
701,1015,1716
443,811,1254
771,863,1634
1237,555,1792
576,1316,1892
87,341,428
35,312,347
505,1209,1714
238,1465,1703
715,641,1356
52,403,455
1058,685,1743
761,923,1684
1134,419,1553
833,713,1546
88,441,529
111,489,600
939,810,1749
918,795,1713
877,545,1422
711,873,1584
59,605,664
183,543,726
158,504,662
890,996,1886
240,1362,1602
139,724,863
322,690,1012
910,1428,2338
902,1172,2074
77,827,904
1271,481,1752
212,698,910
432,420,852
272,640,912
645,511,1156
414,770,1184
53,663,716
607,560,1167
890,1178,2068
188,633,821
322,866,1188
54,711,765
462,1072,1534
1348,781,2129
1229,1211,2440
126,637,763
1037,524,1561
357,503,860
712,734,1446
200,691,891
1316,1019,2335
1064,524,1588
406,615,1021
638,739,1377
360,590,950
645,1689,2334
788,1119,1907
343,536,879
741,826,1567
596,580,1176
634,649,1283
881,302,1183
488,474,962
220,1094,1314
346,559,905
1129,1483,2612
549,827,1376
461,622,1083
424,672,1096
579,1663,2242
586,457,1043
287,1691,1978
431,678,1109
733,522,1255
216,359,575
533,717,1250
436,596,1032
236,1281,1517
899,1369,2268
185,405,590
675,784,1459
645,1149,1794
560,406,966
334,332,666
729,1600,2329
690,1052,1742
478,1192,1670
192,421,613
1344,557,1901
485,641,1126
905,1104,2009
750,576,1326
103,759,862
190,380,570
491,1095,1586
260,769,1029
1536,541,2077
276,482,758
1115,541,1656
570,1023,1593
448,622,1070
1430,1082,2512
949,308,1257
987,599,1586
1312,1118,2430
980,288,1268
1214,671,1885
352,705,1057
108,478,586
672,1076,1748
356,241,597
342,713,1055
208,606,814
69,247,316
216,720,936
312,586,898
686,626,1312
593,1433,2026
627,650,1277
1542,857,2399
608,603,1211
110,1166,1276
455,890,1345
470,612,1082
462,508,970
422,748,1170
678,978,1656
597,382,979
105,265,370
853,1024,1877
370,1123,1493
372,399,771
401,470,871
644,407,1051
485,340,825
442,663,1105
888,813,1701
278,1377,1655
158,598,756
1358,573,1931
220,1451,1671
889,1187,2076
352,547,899
51,351,402
792,512,1304
1053,1021,2074
482,568,1050
1125,1004,2129
226,711,937
582,1285,1867
1272,662,1934
964,841,1805
801,615,1416
124,382,506
779,1089,1868
913,650,1563
103,529,632
726,1627,2353
374,680,1054
268,585,853
917,354,1271
191,757,948
451,454,905
335,929,1264
742,940,1682
227,505,732
923,865,1788
542,1365,1907
478,1870,2348
274,740,1014
401,591,992
948,1573,2521
537,393,930
573,580,1153
229,635,864
954,553,1507
512,671,1183
147,454,601
472,545,1017
768,744,1512
193,686,879
1510,707,2217
556,1191,1747
92,920,1012
236,683,919
670,1017,1687
623,479,1102
392,1361,1753
1730,837,2567
644,520,1164
324,1372,1696
397,882,1279
384,1398,1782
227,960,1187
1328,891,2219
346,709,1055
1123,809,1932
395,999,1394
845,660,1505
1124,468,1592
1057,872,1929
105,1155,1260
401,948,1349
1170,429,1599
587,1249,1836
759,1252,2011
500,1760,2260
804,2119,2923
339,743,1082
378,1177,1555
695,510,1205
615,1140,1755
534,653,1187
764,999,1763
484,286,770
402,1583,1985
652,1164,1816
842,834,1676
994,1051,2045
1080,1670,2750
403,1211,1614
1118,507,1625
896,728,1624
1106,1900,3006
1146,293,1439
928,731,1659
183,1517,1700
1041,1092,2133
995,2158,3153
542,1841,2383
420,1890,2310
1391,605,1996
697,443,1140
559,2590,3149
238,976,1214
640,1949,2589
834,377,1211
145,419,564
818,2207,3025
1550,903,2453
229,405,634
49,672,721
776,1160,1936
983,1310,2293
328,982,1310
2074,715,2789
1503,1155,2658
450,887,1337
1471,1056,2527
1720,882,2602
93,901,994
1255,1102,2357
2182,407,2589
1486,1287,2773
1779,615,2394
737,680,1417
1302,628,1930
931,673,1604
1964,491,2455
100,1092,1192
524,1300,1824
86,420,506
32,644,676
841,368,1209
566,1060,1626
290,381,671
251,445,696
315,436,751
2452,750,3202
173,1252,1425
873,288,1161
216,492,708
2065,1121,3186
813,829,1642
250,646,896
1013,658,1671
664,870,1534
308,538,846
476,672,1148
1093,997,2090
63,500,563
282,536,818
365,591,956
105,1057,1162
1087,991,2078
411,742,1153
651,475,1126
30,1061,1091
95,860,955
91,744,835
211,563,774
265,845,1110
325,848,1173
496,593,1089
537,616,1153
407,844,1251
547,600,1147
460,1040,1500
879,575,1454
759,394,1153
124,1135,1259
47,656,703
106,991,1097
694,468,1162
113,1663,1776
867,520,1387
545,1036,1581
968,576,1544
761,399,1160
300,1375,1675
814,922,1736
837,549,1386
407,589,996
650,901,1551
967,844,1811
248,647,895
459,533,992
615,534,1149
563,703,1266
695,920,1615
936,639,1575
850,400,1250
257,1003,1260
1176,893,2069
504,1426,1930
468,411,879
1531,594,2125
167,572,739
570,1690,2260
462,907,1369
525,880,1405
131,521,652
560,1171,1731
499,1163,1662
207,596,803
529,441,970
222,725,947
523,1175,1698
311,818,1129
190,581,771
213,884,1097
783,913,1696
527,657,1184
214,842,1056
400,433,833
419,699,1118
426,867,1293
1248,750,1998
279,744,1023
913,974,1887
282,618,900
568,1153,1721
1154,948,2102
490,582,1072
835,747,1582
362,898,1260
1421,734,2155
585,584,1169
652,450,1102
695,900,1595
24,1494,1518
669,946,1615
622,431,1053
576,730,1306
388,1102,1490
58,512,570
305,529,834
435,926,1361
393,601,994
647,555,1202
592,1116,1708
911,770,1681
240,425,665
754,619,1373
195,750,945
596,1277,1873
326,397,723
574,656,1230
813,763,1576
534,436,970
1006,957,1963
329,908,1237
606,932,1538
598,763,1361
473,760,1233
434,1339,1773
515,750,1265
236,1011,1247
489,1664,2153
307,869,1176
711,505,1216
809,980,1789
622,777,1399
1051,796,1847
360,1386,1746
330,1045,1375
1461,686,2147
526,677,1203
1198,690,1888
648,815,1463
502,904,1406
500,535,1035
583,464,1047
530,1356,1886
876,1112,1988
306,1115,1421
1038,476,1514
583,531,1114
768,594,1362
1242,397,1639
349,1405,1754
692,973,1665
767,773,1540
686,409,1095
1649,438,2087
609,492,1101
860,429,1289
531,906,1437
678,931,1609
610,1187,1797
578,568,1146
700,732,1432
1002,584,1586
1096,921,2017
473,1164,1637
481,650,1131
628,568,1196
1238,483,1721
758,627,1385
687,527,1214
1080,461,1541
598,969,1567
258,989,1247
516,776,1292
923,448,1371
652,1705,2357
420,1234,1654
1001,786,1787
1166,276,1442
588,596,1184
386,469,855
272,884,1156
587,955,1542
356,441,797
638,1404,2042
450,928,1378
801,970,1771
389,420,809
56,854,910
362,940,1302
634,710,1344
419,974,1393
401,570,971
713,1472,2185
896,680,1576
676,912,1588
268,489,757
163,855,1018
441,804,1245
510,629,1139
175,940,1115
395,453,848
774,533,1307
632,666,1298
1113,500,1613
106,997,1103
63,630,693
594,538,1132
1615,486,2101
238,662,900
526,794,1320
287,625,912
683,424,1107
430,806,1236
779,690,1469
185,1259,1444
1406,690,2096
749,861,1610
802,872,1674
382,622,1004
487,466,953
414,736,1150
619,488,1107
490,769,1259
492,572,1064
832,1892,2724
829,739,1568
730,784,1514
170,591,761
547,637,1184
323,787,1110
65,625,690
1329,799,2128
359,794,1153
926,788,1714
141,830,971
1382,1271,2653
733,716,1449
300,506,806
254,610,864
531,733,1264
784,916,1700
578,868,1446
361,650,1011
700,1303,2003
470,940,1410
311,1207,1518
534,838,1372
326,942,1268
400,972,1372
940,1576,2516
1133,884,2017
460,775,1235
420,2380,2800
604,854,1458
498,1214,1712
603,656,1259
530,1000,1530
1628,1269,2897
682,781,1463
512,963,1475
527,987,1514
176,797,973
465,499,964
614,957,1571
392,1118,1510
494,549,1043
481,1185,1666
517,1133,1650
426,633,1059
542,464,1006
633,448,1081
385,639,1024
1355,1121,2476
701,1282,1983
478,1483,1961
640,538,1178
704,310,1014
695,375,1070
380,785,1165
985,827,1812
735,456,1191
2211,533,2744
677,1136,1813
666,1264,1930
880,689,1569
434,271,705
313,408,721
595,661,1256
648,769,1417
802,518,1320
825,390,1215
790,833,1623
1031,625,1656
949,638,1587
559,249,808
392,624,1016
959,607,1566
933,1533,2466
425,748,1173
463,745,1208
1097,640,1737
721,538,1259
1025,1737,2762
426,587,1013
521,442,963
610,788,1398
526,579,1105
600,567,1167
1055,686,1741
127,356,483
550,640,1190
633,1390,2023
574,592,1166
124,614,738
530,793,1323
64,689,753
251,2420,2671
107,710,817
215,1148,1363
287,1153,1440
141,1070,1211
314,3030,3344
1359,1266,2625
165,1218,1383
234,1077,1311
374,1045,1419
234,1184,1418
672,1030,1702
207,1043,1250
478,1034,1512
457,2925,3382
1749,995,2744
296,1194,1490
460,1026,1486
584,1128,1712
430,1137,1567
359,1421,1780
843,461,1304
272,1643,1915
890,590,1480
502,1433,1935
523,1170,1693
539,1166,1705
504,1078,1582
569,1226,1795
1260,1138,2398
928,746,1674
858,812,1670
1188,468,1656
503,590,1093
680,1093,1773
989,319,1308
676,533,1209
743,770,1513
362,2788,3150
792,636,1428
287,1650,1937
1034,711,1745
181,538,719
1072,788,1860
930,592,1522
991,358,1349
157,1304,1461
761,601,1362
2507,1385,3892
209,523,732
611,896,1507
991,770,1761
138,507,645
829,959,1788
297,2212,2509
305,472,777
978,524,1502
2811,1144,3955
627,1752,2379
492,1845,2337
2657,1151,3808
786,973,1759
197,503,700
795,1734,2529
717,846,1563
394,744,1138
1029,1420,2449
1471,1124,2595
1161,604,1765
338,790,1128
418,941,1359
996,561,1557
301,1091,1392
600,834,1434
986,452,1438
492,942,1434
467,972,1439
2131,512,2643
437,500,937
466,448,914
725,1012,1737
1740,622,2362
486,1064,1550
536,983,1519
598,929,1527
431,894,1325
511,1400,1911
349,807,1156
1620,742,2362
449,346,795
646,1147,1793
490,891,1381
517,1193,1710
440,901,1341
422,1185,1607
674,858,1532
1262,644,1906
528,1092,1620
322,981,1303
862,765,1627
921,957,1878
421,851,1272
396,789,1185
729,803,1532
1656,804,2460
294,449,743
835,782,1617
832,534,1366
976,1064,2040
1075,452,1527
1264,718,1982
543,643,1186
748,1047,1795
570,1132,1702
346,733,1079
1063,506,1569
807,476,1283
634,1078,1712
604,480,1084
913,541,1454
1014,618,1632
622,629,1251
951,871,1822
827,720,1547
801,1000,1801
536,726,1262
759,515,1274
676,759,1435
668,563,1231
749,485,1234
380,417,797
1042,541,1583
990,838,1828
387,601,988
928,610,1538
1103,556,1659
298,374,672
306,867,1173
489,614,1103
722,409,1131
745,814,1559
739,763,1502
836,1305,2141
421,514,935
281,656,937
554,337,891
358,754,1112
77,586,663
584,708,1292
246,278,524
904,1559,2463
47,673,720
107,1043,1150
510,625,1135
810,1660,2470
323,941,1264
1108,950,2058
359,1014,1373
555,890,1445
507,1145,1652
346,397,743
701,1563,2264
234,765,999
111,745,856
256,649,905
370,1326,1696
681,845,1526
477,466,943
727,411,1138
484,1169,1653
564,363,927
161,990,1151
964,893,1857
260,457,717
219,928,1147
517,1226,1743
282,754,1036
702,282,984
1162,558,1720
288,929,1217
606,539,1145
449,852,1301
622,487,1109
1426,615,2041
1021,958,1979
544,806,1350
981,609,1590
959,598,1557
159,823,982
931,342,1273
625,274,899
547,650,1197
1461,624,2085
531,381,912
289,988,1277
670,710,1380
816,819,1635
1085,564,1649
140,1400,1540
772,474,1246
60,468,528
885,655,1540
25,555,580
507,1069,1576
649,493,1142
706,965,1671
788,584,1372
963,573,1536
556,955,1511
496,1112,1608
742,869,1611
73,581,654
1214,293,1507
466,1372,1838
296,483,779
87,636,723
649,1015,1664
20,582,602
362,678,1040
124,941,1065
71,856,927
95,593,688
256,742,998
622,1292,1914
470,580,1050
500,619,1119
996,1016,2012
417,802,1219
741,351,1092
367,782,1149
331,684,1015
285,865,1150
387,1288,1675
1066,641,1707
724,838,1562
504,837,1341
314,1134,1448
366,941,1307
732,927,1659
64,482,546
511,874,1385
454,339,793
604,584,1188
103,1244,1347
371,790,1161
941,446,1387
524,946,1470
765,748,1513
1183,1352,2535
1309,655,1964
725,775,1500
924,617,1541
714,1450,2164
298,1112,1410
591,659,1250
1184,497,1681
703,871,1574
459,491,950
668,632,1300
942,628,1570
728,788,1516
671,542,1213
583,1257,1840
607,1043,1650
510,632,1142
917,682,1599
1019,649,1668
249,824,1073
805,404,1209
540,1019,1559
887,1071,1958
104,697,801
1075,668,1743
624,989,1613
632,481,1113
831,603,1434
1257,479,1736
331,968,1299
666,334,1000
447,922,1369
810,1310,2120
246,909,1155
970,760,1730
815,1164,1979
353,739,1092
621,600,1221
936,758,1694
325,648,973
386,449,835
830,450,1280
694,1417,2111
357,634,991
1175,605,1780
683,1214,1897
551,750,1301
462,744,1206
471,602,1073
420,916,1336
290,587,877
745,345,1090
416,967,1383
940,1215,2155
232,855,1087
898,1001,1899
1244,836,2080
312,739,1051
634,587,1221
545,801,1346
457,583,1040
454,710,1164
989,840,1829
730,581,1311
815,727,1542
71,683,754
468,880,1348
1179,728,1907
923,320,1243
346,876,1222
318,1106,1424
122,688,810
627,693,1320
474,568,1042
834,1115,1949
948,711,1659
376,1363,1739
1097,677,1774
832,929,1761
483,1070,1553
576,638,1214
440,436,876
492,868,1360
771,615,1386
572,1196,1768
615,639,1254
597,1046,1643
598,1047,1645
606,402,1008
621,655,1276
322,596,918
317,991,1308
570,750,1320
531,1335,1866
661,1088,1749
1027,709,1736
797,655,1452
748,1373,2121
672,1556,2228
983,648,1631
593,625,1218
635,1034,1669
970,418,1388
157,300,457
55,739,794
547,605,1152
1280,890,2170
468,422,890
741,1476,2217
891,775,1666
529,922,1451
637,749,1386
178,601,779
570,359,929
247,586,833
1091,780,1871
409,330,739
875,1114,1989
414,602,1016
966,661,1627
707,952,1659
571,486,1057
251,710,961
577,1153,1730
1176,588,1764
193,441,634
42,876,918
1454,610,2064
689,870,1559
249,724,973
286,1212,1498
439,853,1292
368,440,808
258,857,1115
33,1296,1329
568,1047,1615
541,852,1393
195,1064,1259
19,1597,1616
363,1139,1502
558,538,1096
1327,872,2199
919,731,1650
686,694,1380
555,725,1280
438,630,1068
940,922,1862
697,940,1637
1116,584,1700
429,769,1198
1027,441,1468
474,775,1249
208,705,913
1063,720,1783
795,584,1379
198,655,853
482,772,1254
327,1346,1673
1465,324,1789
722,630,1352
916,719,1635
926,918,1844
349,1453,1802
596,955,1551
693,1367,2060
835,1622,2457
914,531,1445
416,944,1360
614,910,1524
646,1148,1794
1000,1649,2649
963,1251,2214
600,1016,1616
584,1048,1632
1151,1236,2387
49,612,661
530,2193,2723
693,1255,1948
83,684,767
499,1134,1633
742,917,1659
29,1090,1119
613,1323,1936
656,1217,1873
456,545,1001
626,429,1055
501,1759,2260
1018,825,1843
128,706,834
556,1111,1667
719,1274,1993
726,2325,3051
488,1304,1792
1187,1077,2264
605,883,1488
547,588,1135
461,2568,3029
1181,887,2068
533,612,1145
671,642,1313
1242,656,1898
641,623,1264
450,869,1319
2113,941,3054
607,1551,2158
1527,908,2435
1260,406,1666
628,464,1092
805,653,1458
736,797,1533
766,499,1265
724,998,1722
635,615,1250
641,852,1493
875,457,1332
233,655,888
1973,866,2839
721,839,1560
218,716,934
438,763,1201
484,531,1015
655,581,1236
898,816,1714
721,553,1274
562,508,1070
704,770,1474
209,946,1155
403,620,1023
269,728,997
606,1172,1778
658,542,1200
447,595,1042
149,954,1103
449,566,1015
531,867,1398
496,558,1054
495,916,1411
580,833,1413
102,628,730
469,509,978
241,425,666
317,452,769
659,1493,2152
740,1594,2334
439,386,825
543,798,1341
721,446,1167
2369,689,3058
799,711,1510
1147,1499,2646
403,438,841
59,715,774
774,1381,2155
496,307,803
425,1051,1476
226,871,1097
730,494,1224
584,397,981
718,1607,2325
352,796,1148
936,1287,2223
445,612,1057
712,1696,2408
1262,851,2113
330,782,1112
471,1474,1945
628,519,1147
200,640,840
680,1243,1923
401,837,1238
434,467,901
416,745,1161
1217,748,1965
918,561,1479
344,792,1136
611,1049,1660
618,553,1171
379,439,818
228,1387,1615
130,881,1011
668,391,1059
1356,911,2267
1055,701,1756
606,462,1068
681,1323,2004
752,783,1535
757,726,1483
770,1334,2104
1296,763,2059
552,676,1228
1092,1110,2202
29,463,492
523,858,1381
573,977,1550
330,1518,1848
304,1038,1342
360,883,1243
872,618,1490
69,1429,1498
57,635,692
1131,1131,2262
146,1985,2131
181,521,702
678,1165,1843
1267,1094,2361
707,1635,2342
350,725,1075
1379,941,2320
1125,1087,2212
326,572,898
818,607,1425
390,639,1029
117,641,758
382,783,1165
327,785,1112
1739,415,2154
548,1231,1779
211,1377,1588
1142,1430,2572
750,1313,2063
1177,1041,2218
444,798,1242
326,834,1160
572,691,1263
618,743,1361
656,1650,2306
330,744,1074
858,725,1583
968,1158,2126
884,896,1780
403,930,1333
572,855,1427
1433,949,2382
440,800,1240
636,1015,1651
605,529,1134
662,634,1296
1573,451,2024
1085,685,1770
351,914,1265
564,1000,1564
945,953,1898
770,659,1429
733,840,1573
398,688,1086
768,981,1749
1453,544,1997
692,455,1147
547,1453,2000
277,1210,1487
1088,708,1796
412,851,1263
706,601,1307
669,632,1301
225,1125,1350
717,599,1316
648,825,1473
457,788,1245
622,756,1378
889,643,1532
724,526,1250
847,670,1517
372,1102,1474
500,1537,2037
1175,746,1921
324,1989,2313
547,637,1184
480,587,1067
867,775,1642
1091,1668,2759
516,782,1298
578,792,1370
916,755,1671
695,1524,2219
897,1360,2257
484,651,1135
1000,835,1835
398,595,993
865,1537,2402
1094,1512,2606
1916,1003,2919
65,1019,1084
1621,557,2178
344,1115,1459
530,832,1362
637,846,1483
668,489,1157
931,665,1596
719,1198,1917
1379,547,1926
921,678,1599
734,1422,2156
592,624,1216
666,854,1520
1047,327,1374
1253,998,2251
878,497,1375
524,964,1488
517,1443,1960
460,1260,1720
300,653,953
595,1477,2072
800,441,1241
514,1635,2149
1370,1040,2410
1431,531,1962
556,606,1162
551,1116,1667
514,1164,1678
185,607,792
436,564,1000
736,607,1343
560,1650,2210
1378,1928,3306
668,750,1418
1602,765,2367
745,1214,1959
484,1186,1670
218,515,733
1081,461,1542
276,2255,2531
451,1634,2085
1373,1728,3101
1228,696,1924
430,761,1191
611,1231,1842
1015,1598,2613
60,518,578
460,530,990
565,2172,2737
1850,618,2468
1352,656,2008
441,816,1257
684,581,1265
1030,1047,2077
1080,810,1890
95,524,619
158,687,845
1424,934,2358
521,2243,2764
1644,495,2139
370,471,841
681,1379,2060
198,629,827
1123,791,1914
1033,1105,2138
244,631,875
931,1419,2350
2001,775,2776
1396,787,2183
415,509,924
1508,532,2040
1960,803,2763
235,972,1207
1435,1111,2546
2086,713,2799
475,634,1109
871,1351,2222
602,451,1053
270,697,967
203,759,962
1116,1052,2168
448,1253,1701
466,629,1095
298,844,1142
1178,831,2009
413,712,1125
449,332,781
208,694,902
766,1096,1862
570,1232,1802
1017,706,1723
261,637,898
860,1417,2277
415,1018,1433
508,774,1282
553,382,935
835,2076,2911
268,1289,1557
1001,918,1919
907,1227,2134
672,929,1601
757,926,1683
171,531,702
406,805,1211
476,960,1436
212,660,872
571,382,953
1234,680,1914
675,1487,2162
216,548,764
716,706,1422
1127,784,1911
902,770,1672
1161,1035,2196
428,386,814
613,737,1350
1147,578,1725
476,923,1399
1912,538,2450
634,249,883
343,763,1106
404,714,1118
501,584,1085
877,1018,1895
425,761,1186
319,978,1297
672,1363,2035
1153,465,1618
446,246,692
500,714,1214
844,1076,1920
306,747,1053
825,707,1532
618,1149,1767
660,726,1386
793,835,1628
855,659,1514
358,755,1113
437,560,997
844,1092,1936
450,655,1105
536,629,1165
414,634,1048
1128,476,1604
409,603,1012
471,794,1265
358,1054,1412
1116,641,1757
680,644,1324
475,704,1179
470,1396,1866
1331,721,2052
194,477,671
691,1156,1847
256,903,1159
534,238,772
425,289,714
638,445,1083
527,979,1506
579,441,1020
673,762,1435
714,818,1532
745,645,1390
879,597,1476
28,753,781
388,295,683
204,566,770
866,1089,1955
581,1278,1859
176,742,918
414,1513,1927
747,647,1394
806,882,1688
360,663,1023
352,936,1288
299,468,767
754,635,1389
288,730,1018
935,823,1758
998,855,1853
63,906,969
1067,1179,2246
1294,1125,2419
397,1330,1727
232,1521,1753
144,838,982
340,1344,1684
693,1109,1802
695,1094,1789
176,1117,1293
569,1183,1752
162,1331,1493
370,1484,1854
562,1054,1616
369,959,1328
291,1409,1700
754,647,1401
450,1095,1545
483,1164,1647
682,408,1090
548,1118,1666
1218,1461,2679
835,802,1637
1010,845,1855
943,209,1152
97,2067,2164
678,981,1659
385,596,981
1269,1026,2295
695,1531,2226
1195,490,1685
665,1059,1724
560,207,767
587,1187,1774
777,1119,1896
487,1086,1573
986,502,1488
804,1471,2275
1003,955,1958
934,510,1444
1196,758,1954
918,378,1296
565,952,1517
1357,929,2286
1393,573,1966
710,348,1058
766,765,1531
61,296,357
1403,604,2007
1013,365,1378
780,1076,1856
1131,570,1701
131,343,474
695,608,1303
1296,362,1658
892,665,1557
859,1188,2047
1377,800,2177
111,491,602
1226,435,1661
786,1200,1986
52,796,848
497,1257,1754
85,527,612
1033,649,1682
1632,458,2090
108,807,915
891,581,1472
515,682,1197
139,596,735
69,514,583
538,438,976
1100,844,1944
134,724,858
96,649,745
998,620,1618
162,862,1024
149,990,1139
143,557,700
78,890,968
546,715,1261
413,524,937
820,624,1444
394,572,966
378,715,1093
107,895,1002
213,894,1107
431,548,979
703,333,1036
66,907,973
195,372,567
522,598,1120
702,2939,3641
118,1027,1145
131,1217,1348
861,682,1543
608,828,1436
503,577,1080
305,846,1151
483,1167,1650
266,413,679
456,852,1308
832,583,1415
466,1168,1634
263,566,829
296,585,881
735,645,1380
434,454,888
397,2906,3303
500,727,1227
359,587,946
198,465,663
19,845,864
658,949,1607
402,740,1142
402,309,711
258,793,1051
821,740,1561
776,960,1736
447,621,1068
709,464,1173
280,921,1201
306,974,1280
570,883,1453
517,1404,1921
441,3211,3652
342,850,1192
468,722,1190
48,1408,1456
2833,1206,4039
254,305,559
393,315,708
422,917,1339
2678,949,3627
619,630,1249
506,757,1263
567,862,1429
525,954,1479
716,585,1301
548,1527,2075
350,559,909
714,738,1452
1225,415,1640
1051,1303,2354
2540,672,3212
711,883,1594
1293,458,1751
799,870,1669
168,695,863
707,623,1330
428,754,1182
564,688,1252
743,1175,1918
1115,442,1557
483,791,1274
556,947,1503
862,626,1488
848,457,1305
361,896,1257
791,771,1562
496,1190,1686
1354,766,2120
529,560,1089
124,1294,1418
265,752,1017
1272,633,1905
516,637,1153
591,884,1475
362,849,1211
785,720,1505
903,253,1156
1089,463,1552
406,612,1018
751,493,1244
622,371,993
1078,326,1404
244,784,1028
366,1265,1631
640,725,1365
774,353,1127
1111,645,1756
346,503,849
796,1008,1804
390,327,717
399,989,1388
482,627,1109
685,642,1327
421,756,1177
371,953,1324
308,375,683
717,1040,1757
289,942,1231
871,1383,2254
140,357,497
814,886,1700
729,1716,2445
562,758,1320
698,945,1643
457,570,1027
110,675,785
499,1311,1810
217,469,686
322,717,1039
211,935,1146
656,1425,2081
227,575,802
751,613,1364
880,471,1351
330,740,1070
263,764,1027
610,587,1197
300,1652,1952
748,500,1248
314,888,1202
279,579,858
806,614,1420
512,785,1297
500,697,1197
804,1043,1847
582,679,1261
1324,967,2291
964,348,1312
411,853,1264
554,565,1119
361,572,933
1136,741,1877
465,719,1184
604,695,1299
328,1471,1799
491,448,939
1643,797,2440
724,1303,2027
70,484,554
475,657,1132
582,1106,1688
1533,937,2470
642,842,1484
395,1643,2038
1043,679,1722
849,652,1501
513,1421,1934
780,1296,2076
136,677,813
462,730,1192
1324,593,1917
503,997,1500
535,656,1191
816,531,1347
1289,909,2198
512,511,1023
640,681,1321
578,1145,1723
325,918,1243
1518,392,1910
908,1123,2031
775,945,1720
369,642,1011
431,713,1144
876,399,1275
349,944,1293
1110,585,1695
655,631,1286
1366,367,1733
444,954,1398
1001,737,1738
198,962,1160
798,549,1347
284,919,1203
873,873,1746
1508,541,2049
432,771,1203
823,363,1186
903,510,1413
1382,540,1922
192,1362,1554
126,485,611
423,934,1357
115,495,610
694,937,1631
580,940,1520
510,863,1373
803,474,1277
449,1148,1597
89,479,568
803,555,1358
780,929,1709
875,606,1481
854,782,1636
1284,508,1792
920,929,1849
761,906,1667
681,654,1335
283,786,1069
137,587,724
952,1055,2007
52,736,788
200,797,997
406,571,977
60,505,565
619,1087,1706
140,969,1109
105,711,816
586,435,1021
246,467,713
174,1099,1273
157,856,1013
267,950,1217
650,671,1321
417,560,977
716,461,1177
137,1047,1184
298,942,1240
809,520,1329
414,496,910
465,588,1053
361,752,1113
336,1004,1340
685,594,1279
577,409,986
243,1271,1514
1458,620,2078
1050,265,1315
463,919,1382
296,414,710
303,976,1279
775,539,1314
257,647,904
563,350,913
495,923,1418
776,1024,1800
218,1126,1344
914,685,1599
859,410,1269
323,509,832
262,776,1038
952,322,1274
511,1180,1691
550,928,1478
870,535,1405
914,767,1681
767,449,1216
478,628,1106
863,933,1796
736,1049,1785
706,1386,2092
1135,852,1987
425,1480,1905
887,633,1520
875,478,1353
1076,552,1628
922,540,1462
960,364,1324
849,596,1445
484,1767,2251
72,661,733
650,1465,2115
777,802,1579
84,707,791
47,683,730
104,535,639
57,774,831
410,1532,1942
94,681,775
53,667,720
45,901,946
615,948,1563
84,946,1030
170,620,790
34,869,903
212,669,881
1267,900,2167
803,1249,2052
189,816,1005
426,1305,1731
444,779,1223
337,1071,1408
482,737,1219
630,534,1164
282,1131,1413
491,291,782
374,1169,1543
653,145,798
464,939,1403
491,995,1486
1624,1130,2754
416,154,570
647,806,1453
378,900,1278
659,1028,1687
191,154,345
364,590,954
294,927,1221
1217,1706,2923
556,1133,1689
762,1982,2744
704,930,1634
1371,1455,2826
1142,175,1317
589,1016,1605
231,1733,1964
330,1255,1585
733,997,1730
825,1264,2089
686,590,1276
902,336,1238
489,1509,1998
370,1252,1622
519,1031,1550
200,164,364
827,477,1304
444,1083,1527
1331,278,1609
857,2338,3195
1057,369,1426
849,1133,1982
380,1004,1384
590,1064,1654
676,509,1185
1094,569,1663
1028,2373,3401
888,450,1338
1505,293,1798
548,472,1020
1380,321,1701
870,507,1377
1469,637,2106
520,2201,2721
991,317,1308
1145,263,1408
1035,389,1424
1111,538,1649
1240,488,1728
760,880,1640
1425,405,1830
1258,1464,2722
245,316,561
1154,421,1575
161,408,569
166,437,603
1116,480,1596
1083,579,1662
198,431,629
1413,636,2049
673,649,1322
2055,851,2906
228,528,756
2056,783,2839
215,638,853
527,453,980
266,714,980
184,811,995
190,694,884
350,577,927
38,538,576
219,667,886
257,794,1051
1337,749,2086
152,890,1042
85,469,554
731,713,1444
588,655,1243
171,1207,1378
692,482,1174
79,653,732
256,1042,1298
420,789,1209
78,905,983
77,681,758
213,885,1098
459,705,1164
500,381,881
456,936,1392
118,862,980
552,912,1464
532,959,1491
117,1012,1129
439,657,1096
488,529,1017
179,1037,1216
470,878,1348
562,521,1083
430,1013,1443
589,615,1204
120,707,827
287,421,708
621,499,1120
105,774,879
796,622,1418
344,913,1257
319,680,999
322,1042,1364
160,1282,1442
401,852,1253
791,836,1627
586,464,1050
538,940,1478
767,520,1287
690,619,1309
521,790,1311
220,950,1170
625,362,987
536,949,1485
474,767,1241
716,896,1612
221,444,665
821,698,1519
993,453,1446
813,597,1410
412,471,883
931,611,1542
293,702,995
398,483,881
611,868,1479
728,1067,1795
498,817,1315
210,660,870
340,746,1086
222,622,844
525,1188,1713
636,381,1017
623,397,1020
226,490,716
657,1044,1701
669,614,1283
371,744,1115
1104,948,2052
614,514,1128
231,900,1131
743,1318,2061
389,615,1004
762,1001,1763
543,954,1497
757,675,1432
551,602,1153
603,819,1422
464,438,902
277,1157,1434
796,846,1642
619,898,1517
559,584,1143
299,614,913
263,792,1055
817,472,1289
533,610,1143
675,929,1604
321,1224,1545
447,931,1378
864,880,1744
613,854,1467
575,515,1090
857,1321,2178
462,712,1174
882,443,1325
327,376,703
828,1199,2027
570,1009,1579
713,834,1547
924,917,1841
713,583,1296
331,499,830
1106,678,1784
840,712,1552
401,628,1029
370,680,1050
572,516,1088
675,1079,1754
592,882,1474
320,548,868
373,607,980
688,460,1148
89,1128,1217
1093,976,2069
624,467,1091
361,488,849
373,878,1251
518,606,1124
325,724,1049
445,516,961
746,602,1348
470,327,797
1203,1000,2203
264,1708,1972
1006,306,1312
514,802,1316
261,515,776
768,325,1093
1155,607,1762
144,978,1122
492,652,1144
776,804,1580
692,1025,1717
369,820,1189
197,642,839
252,693,945
501,302,803
507,452,959
816,908,1724
509,362,871
854,893,1747
65,515,580
138,481,619
384,494,878
364,309,673
78,915,993
369,850,1219
179,957,1136
470,256,726
128,958,1086
796,737,1533
113,527,640
602,530,1132
423,600,1023
339,1328,1667
263,866,1129
300,278,578
547,1494,2041
351,827,1178
593,829,1422
179,718,897
690,705,1395
972,361,1333
645,1216,1861
349,1046,1395
224,445,669
484,1191,1675
614,1707,2321
769,802,1571
456,601,1057
345,805,1150
844,363,1207
226,878,1104
784,604,1388
742,500,1242
675,1166,1841
188,587,775
670,567,1237
203,454,657
289,684,973
765,480,1245
656,533,1189
235,495,730
1244,501,1745
417,749,1166
523,317,840
480,643,1123
1002,742,1744
822,814,1636
603,853,1456
607,836,1443
957,830,1787
462,1779,2241
337,606,943
230,321,551
344,732,1076
722,1175,1897
555,2254,2809
717,391,1108
172,2312,2484
1455,1075,2530
1138,581,1719
397,691,1088
274,464,738
485,301,786
764,1264,2028
725,766,1491
619,259,878
1454,2022,3476
1644,815,2459
51,927,978
1405,2401,3806
576,803,1379
410,963,1373
250,838,1088
1104,1017,2121
488,1106,1594
660,773,1433
309,1161,1470
1053,1292,2345
97,667,764
2264,1633,3897
173,1168,1341
794,430,1224
548,738,1286
2028,732,2760
2214,647,2861
720,653,1373
498,804,1302
1306,695,2001
279,1038,1317
1041,453,1494
622,974,1596
387,808,1195
2377,394,2771
831,890,1721
378,1101,1479
1156,268,1424
721,1609,2330
810,791,1601
1130,454,1584
887,562,1449
812,1037,1849
89,759,848
512,424,936
636,749,1385
712,1244,1956
433,1123,1556
602,1489,2091
807,904,1711
310,736,1046
852,1041,1893
760,1536,2296
200,978,1178
844,857,1701
630,1294,1924
577,1279,1856
58,420,478
804,579,1383
1450,556,2006
500,556,1056
1193,628,1821
1389,704,2093
535,740,1275
512,1033,1545
1388,652,2040
461,1087,1548
214,555,769
933,409,1342
363,1014,1377
931,916,1847
753,738,1491
613,856,1469
531,430,961
814,965,1779
325,840,1165
391,807,1198
1077,732,1809
553,520,1073
440,830,1270
719,636,1355
918,624,1542
630,790,1420
304,700,1004
1026,1064,2090
791,436,1227
160,937,1097
857,1309,2166
798,693,1491
362,707,1069
751,355,1106
1056,1168,2224
693,1328,2021
760,574,1334
1186,453,1639
285,802,1087
734,856,1590
574,830,1404
357,1080,1437
504,766,1270
564,540,1104
677,1037,1714
355,1350,1705
258,592,850
643,1163,1806
917,888,1805
1153,702,1855
724,1410,2134
594,682,1276
582,1069,1651
496,834,1330
149,916,1065
379,670,1049
480,1399,1879
967,682,1649
429,1218,1647
345,1525,1870
582,775,1357
888,859,1747
385,725,1110
143,1070,1213
1111,858,1969
382,1428,1810
1053,826,1879
522,544,1066
437,567,1004
480,818,1298
1137,722,1859
480,1597,2077
628,502,1130
1172,889,2061
600,592,1192
1402,446,1848
786,1442,2228
721,482,1203
664,500,1164
1231,865,2096
638,876,1514
742,344,1086
354,499,853
766,762,1528
551,1425,1976
403,466,869
527,404,931
875,793,1668
834,530,1364
1003,1383,2386
925,1137,2062
481,403,884
684,369,1053
625,643,1268
317,384,701
1281,941,2222
1059,977,2036
397,402,799
689,274,963
153,464,617
793,550,1343
1339,515,1854
412,435,847
407,298,705
1031,505,1536
325,410,735
223,391,614
302,401,703
708,235,943
195,499,694
1063,341,1404
1048,273,1321
516,326,842
46,307,353
106,371,477
56,360,416
72,318,390
133,384,517
188,601,789
72,393,465
41,388,429
154,421,575
306,601,907
146,377,523
56,383,439
99,563,662
267,331,598
149,342,491
125,361,486
1275,722,1997
271,405,676
168,338,506
215,318,533
215,318,533
1200,1208,2408
426,360,786
233,439,672
276,417,693
318,389,707
942,1079,2021
743,3555,4298
142,455,597
207,498,705
452,386,838
197,527,724
342,301,643
704,3146,3850
290,488,778
287,538,825
72,486,558
824,3068,3892
70,580,650
2156,174,2330
115,465,580
351,446,797
112,505,617
157,574,731
935,2784,3719
242,500,742
247,572,819
198,553,751
3085,539,3624
326,521,847
325,588,913
472,383,855
2911,424,3335
288,489,777
359,557,916
417,406,823
348,381,729
390,404,794
476,329,805
478,355,833
2696,516,3212
389,328,717
496,658,1154
262,382,644
524,326,850
295,401,696
451,713,1164
354,380,734
309,419,728
321,421,742
311,394,705
320,409,729
253,441,694
79,369,448
57,423,480
179,310,489
166,358,524
2499,173,2672
2450,201,2651
237,333,570
220,467,687
272,391,663
613,5287,5900
220,433,653
401,779,1180
339,395,734
186,696,882
838,4997,5835
266,414,680
211,939,1150
688,4959,5647
279,665,944
261,569,830
268,935,1203
1069,4780,5849
319,459,778
587,4962,5549
269,926,1195
337,471,808
312,701,1013
1483,4397,5880
652,5030,5682
1330,869,2199
4848,839,5687
1213,4632,5845
409,674,1083
822,550,1372
687,254,941
206,931,1137
231,1302,1533
855,745,1600
342,819,1161
1599,779,2378
4660,708,5368
4830,530,5360
111,969,1080
126,831,957
422,948,1370
904,549,1453
293,980,1273
487,788,1275
640,929,1569
130,666,796
4892,729,5621
365,2212,2577
112,935,1047
38,594,632
4483,587,5070
98,1079,1177
203,907,1110
45,725,770
389,606,995
847,677,1524
431,2231,2662
396,1075,1471
278,411,689
1033,1658,2691
162,1158,1320
693,443,1136
316,810,1126
603,1325,1928
813,613,1426
4420,640,5060
772,430,1202
303,1050,1353
675,411,1086
1921,821,2742
488,497,985
66,438,504
676,755,1431
16,411,427
848,722,1570
200,1178,1378
71,730,801
280,1189,1469
507,857,1364
998,915,1913
197,319,516
1102,422,1524
2166,717,2883
161,315,476
439,750,1189
210,1236,1446
202,542,744
685,940,1625
592,773,1365
617,1170,1787
1186,733,1919
347,572,919
627,1118,1745
234,928,1162
632,414,1046
537,286,823
210,432,642
606,999,1605
93,876,969
623,583,1206
203,1343,1546
506,617,1123
626,1100,1726
875,467,1342
418,1876,2294
80,1455,1535
68,1297,1365
287,900,1187
1025,1166,2191
483,1050,1533
392,1101,1493
1262,973,2235
596,830,1426
877,627,1504
767,766,1533
130,463,593
442,587,1029
1273,279,1552
867,476,1343
591,553,1144
1409,299,1708
647,700,1347
581,386,967
1107,450,1557
84,441,525
323,978,1301
468,369,837
495,660,1155
154,890,1044
119,1221,1340
794,521,1315
487,739,1226
852,531,1383
374,964,1338
413,334,747
843,368,1211
638,663,1301
190,1193,1383
227,370,597
141,877,1018
43,1527,1570
204,472,676
240,1081,1321
605,848,1453
411,650,1061
86,1728,1814
225,1231,1456
533,600,1133
208,1069,1277
702,1004,1706
485,241,726
766,637,1403
276,591,867
873,603,1476
473,1481,1954
270,1416,1686
1235,843,2078
577,930,1507
1068,682,1750
26,380,406
790,789,1579
401,643,1044
541,884,1425
512,886,1398
1194,971,2165
1710,501,2211
806,926,1732
970,820,1790
23,925,948
334,1146,1480
735,804,1539
198,759,957
266,694,960
182,1615,1797
409,746,1155
722,999,1721
989,1206,2195
53,1628,1681
710,613,1323
436,814,1250
1362,1188,2550
1333,774,2107
759,477,1236
60,791,851
858,1013,1871
415,1545,1960
324,1553,1877
686,751,1437
818,884,1702
787,1366,2153
398,798,1196
555,346,901
1545,668,2213
595,949,1544
736,1002,1738
451,655,1106
918,924,1842
936,675,1611
558,737,1295
1209,531,1740
794,684,1478
176,616,792
1357,416,1773
289,551,840
954,546,1500
977,1204,2181
46,520,566
356,536,892
662,992,1654
443,504,947
333,485,818
113,1393,1506
670,1085,1755
546,1027,1573
1134,1121,2255
94,867,961
602,322,924
837,550,1387
562,455,1017
278,1979,2257
525,658,1183
730,1497,2227
178,991,1169
1184,1297,2481
298,502,800
442,1023,1465
238,629,867
40,826,866
988,497,1485
565,827,1392
467,1726,2193
795,472,1267
1084,1225,2309
838,1559,2397
628,755,1383
799,339,1138
1104,762,1866
1025,689,1714
358,747,1105
634,1882,2516
1263,635,1898
185,1208,1393
295,861,1156
1321,1731,3052
273,883,1156
181,286,467
1134,756,1890
1783,1014,2797
192,419,611
470,780,1250
1436,554,1990
324,1186,1510
682,790,1472
107,1017,1124
1090,602,1692
239,1291,1530
360,712,1072
1269,507,1776
399,1004,1403
739,354,1093
265,682,947
361,1349,1710
1400,805,2205
396,847,1243
391,713,1104
392,819,1211
459,1339,1798
65,380,445
576,1279,1855
399,1208,1607
773,1119,1892
1483,864,2347
680,636,1316
638,659,1297
758,556,1314
756,1286,2042
64,530,594
1115,1104,2219
681,1397,2078
1136,932,2068
654,949,1603
77,749,826
944,1274,2218
16,713,729
595,1115,1710
220,535,755
1221,1198,2419
256,626,882
1138,1008,2146
689,1084,1773
366,609,975
980,952,1932
1112,947,2059
244,1094,1338
1045,1329,2374
579,1026,1605
401,1011,1412
666,906,1572
572,1025,1597
409,879,1288
830,557,1387
738,934,1672
1012,337,1349
336,1358,1694
1011,613,1624
491,1268,1759
510,1311,1821
307,306,613
516,322,838
649,1286,1935
1323,1238,2561
165,355,520
522,286,808
899,1042,1941
199,1127,1326
602,1299,1901
348,1735,2083
245,1412,1657
436,291,727
512,1223,1735
560,1659,2219
198,756,954
248,889,1137
567,1522,2089
555,438,993
952,1203,2155
728,627,1355
773,778,1551
684,1661,2345
447,1912,2359
597,657,1254
684,799,1483
848,873,1721
479,1958,2437
80,428,508
844,1370,2214
1058,334,1392
227,184,411
684,637,1321
507,518,1025
671,1479,2150
92,1624,1716
970,774,1744
1278,926,2204
136,1638,1774
245,1517,1762
1360,663,2023
430,643,1073
223,404,627
841,1347,2188
601,826,1427
827,819,1646
1001,1489,2490
1274,929,2203
20,1239,1259
617,370,987
450,682,1132
416,769,1185
274,879,1153
1038,1119,2157
57,1154,1211
629,1214,1843
1141,1124,2265
1516,610,2126
56,1249,1305
90,636,726
682,981,1663
579,761,1340
668,710,1378
1096,602,1698
380,825,1205
637,732,1369
1495,809,2304
343,831,1174
88,1332,1420
1183,908,2091
194,893,1087
669,513,1182
102,1139,1241
1212,1197,2409
62,914,976
211,422,633
353,1056,1409
85,1351,1436
649,1301,1950
235,432,667
384,903,1287
939,775,1714
376,341,717
1278,446,1724
602,958,1560
963,1481,2444
169,784,953
1377,1123,2500
297,700,997
456,1042,1498
499,904,1403
396,640,1036
535,941,1476
694,1227,1921
1006,1224,2230
1313,1652,2965
38,1050,1088
180,839,1019
1284,1397,2681
824,975,1799
27,430,457
465,969,1434
713,737,1450
1067,854,1921
583,1654,2237
837,501,1338
747,742,1489
54,334,388
703,385,1088
361,920,1281
78,1267,1345
720,770,1490
415,862,1277
586,953,1539
785,1548,2333
859,658,1517
576,534,1110
620,1134,1754
328,984,1312
470,543,1013
635,767,1402
1140,521,1661
1361,1221,2582
119,958,1077
892,857,1749
417,709,1126
154,1378,1532
372,983,1355
358,1237,1595
392,903,1295
711,908,1619
973,1163,2136
1265,841,2106
129,1441,1570
446,1158,1604
522,542,1064
634,1180,1814
813,564,1377
335,1242,1577
436,780,1216
640,603,1243
965,871,1836
349,1899,2248
681,792,1473
754,737,1491
1177,810,1987
1032,875,1907
702,945,1647
877,778,1655
224,1306,1530
1141,757,1898
108,748,856
867,1271,2138
526,1304,1830
755,617,1372
790,510,1300
1008,859,1867
325,900,1225
663,971,1634
1095,769,1864
196,1506,1702
691,715,1406
776,683,1459
419,1508,1927
660,822,1482
1086,1399,2485
666,535,1201
595,1293,1888
1234,695,1929
231,1174,1405
456,790,1246
1169,472,1641
501,949,1450
640,733,1373
1795,952,2747
1367,347,1714
578,512,1090
975,591,1566
608,852,1460
1238,886,2124
556,947,1503
1097,577,1674
787,731,1518
294,780,1074
1188,338,1526
643,856,1499
625,465,1090
560,852,1412
237,591,828
576,485,1061
635,694,1329
524,586,1110
1081,729,1810
399,805,1204
680,346,1026
1202,755,1957
547,1015,1562
191,600,791
723,367,1090
755,915,1670
666,550,1216
437,572,1009
257,375,632
1042,1344,2386
572,1279,1851
137,364,501
686,765,1451
686,2000,2686
230,349,579
863,730,1593
130,560,690
472,1802,2274
362,1800,2162
208,678,886
582,829,1411
434,822,1256
675,1291,1966
445,1268,1713
582,1119,1701
826,1418,2244
625,1077,1702
451,684,1135
460,504,964
774,1300,2074
477,598,1075
192,1061,1253
1166,748,1914
556,800,1356
267,1099,1366
1061,364,1425
305,1220,1525
212,681,893
505,907,1412
276,362,638
1249,1089,2338
809,424,1233
663,1689,2352
357,871,1228
892,384,1276
699,1289,1988
1229,1571,2800
790,935,1725
695,711,1406
210,1044,1254
1842,1006,2848
922,743,1665
529,860,1389
306,1136,1442
756,345,1101
369,1434,1803
1567,1127,2694
1094,363,1457
182,2906,3088
1564,1192,2756
536,905,1441
723,769,1492
570,697,1267
294,1149,1443
188,518,706
271,870,1141
951,1088,2039
331,810,1141
607,3509,4116
1275,540,1815
544,870,1414
902,864,1766
242,700,942
1675,1111,2786
765,704,1469
259,831,1090
487,726,1213
377,664,1041
1111,3099,4210
910,360,1270
1025,648,1673
945,1682,2627
735,327,1062
455,675,1130
1056,950,2006
848,1306,2154
768,776,1544
1050,702,1752
626,202,828
2801,1747,4548
750,571,1321
833,621,1454
280,1986,2266
1124,892,2016
996,1128,2124
656,333,989
3356,936,4292
549,1863,2412
659,1289,1948
1102,985,2087
732,644,1376
1325,1409,2734
1587,630,2217
603,1247,1850
3000,772,3772
469,1100,1569
966,1252,2218
558,1697,2255
1223,442,1665
1682,501,2183
651,650,1301
271,1048,1319
455,907,1362
847,933,1780
1905,469,2374
992,369,1361
869,417,1286
726,1453,2179
1661,698,2359
1121,596,1717
796,1203,1999
1817,664,2481
1411,454,1865
1289,750,2039
1464,777,2241
25,641,666
121,627,748
1302,726,2028
1414,841,2255
65,681,746
137,627,764
202,532,734
99,710,809
2128,250,2378
63,632,695
1427,672,2099
1226,898,2124
55,981,1036
22,816,838
27,1149,1176
50,1011,1061
178,568,746
27,1124,1151
121,257,378
1372,706,2078
31,658,689
239,870,1109
155,1283,1438
151,930,1081
57,887,944
290,1084,1374
468,527,995
143,489,632
128,1160,1288
44,699,743
253,650,903
269,751,1020
70,1467,1537
451,679,1130
65,1223,1288
263,1113,1376
281,727,1008
561,849,1410
186,674,860
337,356,693
318,945,1263
583,824,1407
366,960,1326
370,788,1158
758,902,1660
1046,531,1577
109,892,1001
612,593,1205
224,1292,1516
399,846,1245
536,781,1317
389,1699,2088
641,1025,1666
456,818,1274
486,921,1407
819,722,1541
330,990,1320
336,741,1077
60,1705,1765
678,737,1415
441,1458,1899
913,1001,1914
130,1298,1428
872,1230,2102
605,1301,1906
620,1016,1636
371,2363,2734
340,1149,1489
733,979,1712
682,695,1377
616,1260,1876
1145,502,1647
717,820,1537
734,1246,1980
674,1843,2517
1274,980,2254
815,1221,2036
614,1000,1614
401,1297,1698
828,383,1211
1126,829,1955
834,1945,2779
657,1301,1958
1467,1737,3204
874,875,1749
941,666,1607
2070,789,2859
866,480,1346
599,924,1523
792,1085,1877
743,524,1267
939,1650,2589
1171,712,1883
914,1832,2746
1019,514,1533
215,1287,1502
647,1634,2281
1782,764,2546
298,729,1027
1041,812,1853
1417,1622,3039
792,1035,1827
905,2252,3157
1054,658,1712
439,1719,2158
1764,1296,3060
1444,509,1953
212,830,1042
1209,603,1812
635,1682,2317
661,383,1044
867,1093,1960
1122,863,1985
785,1369,2154
1723,920,2643
549,755,1304
1510,803,2313
372,953,1325
1470,1135,2605
494,885,1379
747,561,1308
324,795,1119
2044,699,2743
684,971,1655
283,1104,1387
243,1079,1322
578,934,1512
1535,862,2397
381,735,1116
475,646,1121
1523,672,2195
1105,636,1741
292,1076,1368
1143,837,1980
439,943,1382
811,902,1713
156,1336,1492
629,646,1275
711,573,1284
910,3111,4021
714,955,1669
223,647,870
590,860,1450
477,3332,3809
919,1283,2202
1564,830,2394
1164,2682,3846
239,845,1084
757,934,1691
993,1134,2127
301,655,956
430,901,1331
364,991,1355
441,908,1349
710,1130,1840
487,852,1339
250,831,1081
252,716,968
920,2686,3606
342,1140,1482
612,810,1422
728,667,1395
294,1188,1482
324,897,1221
211,682,893
3169,558,3727
548,972,1520
556,980,1536
484,1028,1512
838,1033,1871
183,769,952
787,588,1375
788,1551,2339
611,762,1373
2328,584,2912
263,775,1038
292,761,1053
995,642,1637
518,1278,1796
580,501,1081
495,1333,1828
611,517,1128
321,605,926
765,1391,2156
723,599,1322
634,903,1537
770,694,1464
1013,1112,2125
813,745,1558
810,837,1647
494,1251,1745
554,811,1365
305,1371,1676
563,779,1342
970,799,1769
835,933,1768
672,819,1491
794,584,1378
630,649,1279
804,791,1595
630,1084,1714
212,629,841
1054,807,1861
735,870,1605
530,789,1319
1262,629,1891
953,739,1692
105,670,775
1185,670,1855
982,494,1476
332,494,826
907,523,1430
1147,679,1826
555,1578,2133
27,1143,1170
647,665,1312
517,516,1033
237,986,1223
393,621,1014
417,667,1084
235,658,893
27,988,1015
608,1789,2397
419,705,1124
367,1026,1393
629,1520,2149
263,705,968
692,662,1354
444,1022,1466
339,951,1290
590,440,1030
284,661,945
1033,508,1541
384,328,712
156,1241,1397
746,792,1538
581,667,1248
485,867,1352
543,1213,1756
595,1000,1595
864,969,1833
891,546,1437
462,354,816
364,975,1339
483,511,994
880,559,1439
972,642,1614
483,1272,1755
587,667,1254
1187,571,1758
789,748,1537
463,447,910
476,720,1196
98,948,1046
942,675,1617
1138,992,2130
332,1094,1426
572,1109,1681
884,505,1389
409,707,1116
870,649,1519
53,642,695
842,665,1507
803,743,1546
573,1235,1808
2400,3160,5560
1379,983,2362
439,871,1310
377,3144,3521
613,826,1439
378,764,1142
319,671,990
172,840,1012
480,3109,3589
578,598,1176
389,693,1082
780,2813,3593
71,843,914
879,649,1528
120,1680,1800
361,829,1190
795,435,1230
468,1252,1720
1081,1094,2175
550,438,988
552,509,1061
379,1264,1643
1006,802,1808
576,809,1385
893,1095,1988
444,958,1402
2809,354,3163
774,1044,1818
265,1065,1330
430,386,816
2757,709,3466
568,974,1542
1071,815,1886
884,1018,1902
611,565,1176
582,734,1316
491,1269,1760
571,1671,2242
800,1147,1947
608,877,1485
666,755,1421
2617,683,3300
382,899,1281
969,485,1454
410,1649,2059
652,684,1336
934,603,1537
1144,1085,2229
667,299,966
685,970,1655
866,370,1236
186,953,1139
683,614,1297
710,965,1675
751,741,1492
816,809,1625
950,1599,2549
623,897,1520
292,691,983
623,723,1346
1033,809,1842
610,1714,2324
288,691,979
308,597,905
1181,1829,3010
692,377,1069
1547,1421,2968
772,504,1276
706,294,1000
913,1533,2446
872,523,1395
863,1647,2510
354,1423,1777
1424,1292,2716
590,388,978
503,811,1314
1457,1080,2537
485,806,1291
955,1563,2518
1786,624,2410
1431,1132,2563
152,1576,1728
1061,666,1727
1149,449,1598
663,485,1148
413,1519,1932
531,1266,1797
1429,833,2262
1225,637,1862
1500,1074,2574
819,536,1355
72,636,708
334,590,924
155,980,1135
455,953,1408
447,1479,1926
1289,683,1972
980,348,1328
1442,569,2011
1537,947,2484
1364,628,1992
798,1015,1813
189,1381,1570
250,845,1095
385,1451,1836
526,691,1217
678,1148,1826
104,821,925
548,535,1083
895,1009,1904
658,1639,2297
489,1674,2163
692,1690,2382
1348,874,2222
1399,673,2072
275,1106,1381
314,1137,1451
389,420,809
1227,596,1823
542,1158,1700
480,729,1209
429,556,985
549,1199,1748
801,895,1696
140,543,683
911,1256,2167
1040,956,1996
1026,539,1565
355,1348,1703
970,1511,2481
936,761,1697
164,1511,1675
943,514,1457
847,1215,2062
211,559,770
643,1102,1745
997,349,1346
489,1187,1676
1362,687,2049
794,1288,2082
801,1067,1868
927,844,1771
1390,670,2060
1116,812,1928
456,523,979
581,527,1108
836,1122,1958
597,931,1528
1507,895,2402
1180,491,1671
350,726,1076
1395,1177,2572
1117,436,1553
1015,700,1715
385,761,1146
961,1324,2285
1052,541,1593
330,959,1289
418,924,1342
869,622,1491
302,1193,1495
440,788,1228
945,820,1765
671,887,1558
587,2687,3274
378,1189,1567
484,1212,1696
245,737,982
1233,729,1962
1112,1090,2202
626,536,1162
896,653,1549
342,700,1042
648,532,1180
1192,2531,3723
397,1558,1955
931,1036,1967
770,2704,3474
950,1157,2107
1188,845,2033
729,514,1243
552,721,1273
987,467,1454
309,1451,1760
357,968,1325
577,936,1513
652,773,1425
1021,1030,2051
2595,947,3542
650,1068,1718
595,808,1403
510,1355,1865
2399,800,3199
1101,676,1777
1113,843,1956
576,824,1400
2569,582,3151
1047,1343,2390
629,1292,1921
530,745,1275
676,622,1298
1185,671,1856
387,1443,1830
821,1098,1919
644,840,1484
623,553,1176
1477,980,2457
542,1360,1902
627,1461,2088
516,1419,1935
449,921,1370
788,343,1131
823,1216,2039
769,2084,2853
897,537,1434
699,661,1360
559,667,1226
386,1224,1610
610,792,1402
848,1395,2243
504,683,1187
875,1090,1965
1073,697,1770
1235,981,2216
719,1069,1788
1211,849,2060
1393,551,1944
1284,811,2095
1273,521,1794
831,856,1687
641,925,1566
640,616,1256
1096,533,1629
390,1319,1709
643,1549,2192
1145,419,1564
1277,482,1759
1011,566,1577
1020,2086,3106
479,852,1331
979,295,1274
1140,2001,3141
677,1508,2185
892,1039,1931
687,593,1280
952,554,1506
632,731,1363
1980,987,2967
838,1435,2273
431,401,832
440,1230,1670
1166,954,2120
318,599,917
1288,558,1846
1810,859,2669
846,1093,1939
497,575,1072
184,1214,1398
218,579,797
1313,770,2083
428,683,1111
431,1150,1581
1901,595,2496
691,877,1568
1308,418,1726
302,652,954
490,815,1305
1543,189,1732
313,877,1190
1122,517,1639
779,763,1542
612,730,1342
506,596,1102
886,556,1442
97,521,618
348,955,1303
433,653,1086
428,692,1120
1080,730,1810
369,378,747
958,835,1793
532,867,1399
540,490,1030
326,720,1046
652,660,1312
1076,528,1604
773,651,1424
337,488,825
686,666,1352
231,610,841
778,449,1227
350,438,788
469,382,851
779,474,1253
574,375,949
411,494,905
542,379,921
696,814,1510
647,303,950
350,376,726
640,821,1461
508,307,815
611,290,901
467,312,779
347,795,1142
106,313,419
443,170,613
2345,200,2545
217,347,564
276,192,468
176,764,940
101,172,273
165,216,381
179,262,441
1076,310,1386
995,312,1307
1293,375,1668
948,471,1419
155,373,528
700,322,1022
2550,479,3029
226,424,650
66,488,554
262,344,606
54,442,496
106,444,550
142,528,670
95,441,536
76,543,619
137,591,728
322,494,816
135,490,625
284,429,713
126,646,772
32,481,513
372,366,738
345,442,787
337,526,863
128,387,515
401,486,887
279,437,716
204,420,624
200,406,606
259,418,677
412,385,797
259,543,802
143,436,579
421,406,827
385,500,885
361,403,764
284,390,674
256,387,643
285,485,770
326,397,723
329,476,805
255,358,613
456,355,811
261,369,630
305,502,807
285,352,637
347,369,716
253,323,576
299,467,766
276,364,640
303,325,628
396,355,751
368,335,703
260,380,640
294,331,625
268,353,621
268,452,720
317,290,607
135,338,473
287,430,717
195,348,543
153,509,662
242,384,626
2338,303,2641
2117,342,2459
240,614,854
4579,495,5074
166,657,823
371,801,1172
841,581,1422
111,713,824
438,480,918
1234,509,1743
2096,555,2651
181,607,788
2460,619,3079
273,554,827
2498,817,3315
209,778,987
50,603,653
46,1019,1065
127,651,778
348,913,1261
157,499,656
93,530,623
54,1017,1071
379,317,696
642,1005,1647
27,621,648
136,878,1014
237,617,854
496,804,1300
195,622,817
29,847,876
434,563,997
456,313,769
315,625,940
240,821,1061
87,606,693
284,1537,1821
664,455,1119
395,589,984
376,695,1071
116,1576,1692
395,704,1099
146,413,559
247,388,635
663,438,1101
115,800,915
531,1406,1937
653,490,1143
160,1301,1461
317,1313,1630
26,961,987
745,485,1230
373,318,691
442,468,910
157,1725,1882
535,1454,1989
607,1021,1628
187,1456,1643
725,408,1133
686,526,1212
597,1126,1723
622,479,1101
1078,838,1916
649,1395,2044
95,516,611
22,580,602
1133,813,1946
142,1591,1733
933,413,1346
54,549,603
1461,463,1924
265,452,717
47,548,595
318,1442,1760
680,974,1654
270,591,861
473,2035,2508
20,1011,1031
977,1049,2026
469,458,927
631,214,845
23,1029,1052
1241,906,2147
44,396,440
403,497,900
271,375,646
658,478,1136
561,840,1401
94,516,610
672,455,1127
797,1399,2196
33,297,330
24,636,660
424,731,1155
800,359,1159
756,1377,2133
55,1273,1328
539,850,1389
19,1574,1593
56,447,503
528,549,1077
137,603,740
247,1429,1676
1456,1328,2784
1046,1182,2228
172,610,782
160,1397,1557
41,850,891
25,682,707
985,396,1381
144,1004,1148
1178,576,1754
99,838,937
36,872,908
367,513,880
350,1498,1848
223,934,1157
1387,1965,3352
38,304,342
339,544,883
462,913,1375
1191,1419,2610
376,580,956
435,924,1359
1168,915,2083
1646,1647,3293
103,439,542
1441,559,2000
406,832,1238
146,854,1000
932,958,1890
988,1464,2452
311,574,885
621,981,1602
808,920,1728
473,721,1194
710,1321,2031
1054,1080,2134
747,961,1708
326,1159,1485
797,771,1568
287,1028,1315
1118,1524,2642
518,929,1447
856,638,1494
812,1232,2044
687,883,1570
677,1469,2146
798,1036,1834
809,1159,1968
453,1065,1518
969,1597,2566
990,916,1906
596,1378,1974
1018,744,1762
733,1089,1822
1159,348,1507
985,827,1812
98,623,721
360,764,1124
872,380,1252
896,365,1261
137,1671,1808
873,767,1640
638,749,1387
615,1477,2092
1051,586,1637
1807,1371,3178
546,708,1254
1266,491,1757
733,392,1125
401,1478,1879
275,764,1039
164,588,752
599,1434,2033
1068,718,1786
219,562,781
1525,1687,3212
1041,661,1702
677,542,1219
1472,860,2332
579,875,1454
1160,1164,2324
502,728,1230
534,1236,1770
926,1304,2230
244,547,791
632,1612,2244
1494,1602,3096
662,373,1035
1310,1555,2865
575,1567,2142
1212,1317,2529
373,486,859
1338,957,2295
329,503,832
615,886,1501
1261,1395,2656
478,784,1262
582,517,1099
1459,931,2390
1049,964,2013
584,898,1482
410,665,1075
1008,887,1895
1587,512,2099
454,867,1321
1407,1282,2689
441,483,924
797,1672,2469
1597,701,2298
1514,509,2023
79,926,1005
1177,639,1816
1012,694,1706
1386,1286,2672
226,871,1097
565,1696,2261
448,666,1114
674,1858,2532
582,641,1223
844,447,1291
1436,756,2192
463,1013,1476
828,914,1742
1185,1458,2643
1414,1382,2796
822,1034,1856
759,1003,1762
518,863,1381
579,1106,1685
842,1431,2273
369,1052,1421
393,1139,1532
763,1144,1907
404,1436,1840
584,1902,2486
363,2087,2450
786,1343,2129
935,1639,2574
1157,1676,2833
712,1480,2192
390,1141,1531
1589,1870,3459
638,2065,2703
1047,1420,2467
635,1118,1753
1428,1381,2809
671,1180,1851
370,1483,1853
1007,552,1559
588,1549,2137
1120,1177,2297
1075,525,1600
612,1573,2185
1263,688,1951
797,1828,2625
1493,1438,2931
1241,376,1617
1142,1316,2458
698,1282,1980
705,1470,2175
2000,636,2636
1445,554,1999
1395,977,2372
1777,739,2516
1323,1257,2580
1407,853,2260
812,637,1449
473,1836,2309
1944,1026,2970
1342,751,2093
1508,557,2065
2054,588,2642
1682,984,2666
1277,539,1816
1073,1410,2483
1112,830,1942
1299,600,1899
1339,706,2045
23,475,498
29,517,546
1231,1076,2307
1595,753,2348
32,556,588
1299,870,2169
162,445,607
139,757,896
1145,1507,2652
215,524,739
121,462,583
28,708,736
1668,1104,2772
1320,1080,2400
54,993,1047
1221,982,2203
386,703,1089
1389,1281,2670
430,646,1076
172,690,862
27,923,950
816,287,1103
42,973,1015
1421,965,2386
461,935,1396
386,907,1293
34,1551,1585
217,845,1062
552,783,1335
44,933,977
524,817,1341
276,890,1166
201,337,538
56,1339,1395
462,1057,1519
408,423,831
277,1264,1541
543,241,784
402,539,941
415,1026,1441
50,1516,1566
568,1185,1753
637,998,1635
867,516,1383
64,449,513
1007,810,1817
88,987,1075
309,860,1169
104,556,660
521,1221,1742
414,1229,1643
411,650,1061
565,613,1178
1010,818,1828
72,1104,1176
607,638,1245
109,1402,1511
284,461,745
666,1342,2008
674,750,1424
610,837,1447
962,643,1605
820,724,1544
622,727,1349
879,691,1570
3883,400,4283
804,953,1757
360,961,1321
1059,778,1837
1188,780,1968
330,772,1102
811,615,1426
81,409,490
918,1013,1931
846,665,1511
1070,490,1560
1258,1365,2623
279,1030,1309
534,903,1437
115,780,895
643,1035,1678
894,1274,2168
1214,840,2054
259,789,1048
405,620,1025
674,1042,1716
844,768,1612
23,911,934
516,2154,2670
434,791,1225
463,644,1107
59,1036,1095
684,780,1464
389,1177,1566
1335,563,1898
100,532,632
725,936,1661
764,1894,2658
988,779,1767
675,689,1364
306,736,1042
642,649,1291
2060,356,2416
240,972,1212
204,1280,1484
43,722,765
311,1381,1692
509,2047,2556
203,1670,1873
436,826,1262
2021,868,2889
592,676,1268
88,571,659
752,975,1727
1438,842,2280
78,853,931
257,1283,1540
427,1496,1923
225,804,1029
903,781,1684
607,1581,2188
516,616,1132
788,1222,2010
901,1091,1992
588,386,974
1099,714,1813
521,1097,1618
275,785,1060
1787,537,2324
301,1356,1657
1481,601,2082
642,627,1269
494,779,1273
813,1335,2148
665,379,1044
32,1671,1703
156,1182,1338
278,1310,1588
941,765,1706
542,1128,1670
484,1029,1513
1252,816,2068
624,705,1329
739,1074,1813
616,1365,1981
823,1169,1992
312,911,1223
548,1207,1755
1120,704,1824
892,1021,1913
465,544,1009
640,1123,1763
1026,1010,2036
1109,690,1799
156,850,1006
315,2145,2460
692,553,1245
482,871,1353
852,679,1531
1108,693,1801
493,679,1172
998,883,1881
404,1360,1764
204,879,1083
926,796,1722
794,522,1316
905,856,1761
394,2064,2458
672,534,1206
1031,647,1678
524,2418,2942
325,950,1275
911,617,1528
638,2125,2763
929,1207,2136
486,534,1020
1502,1022,2524
827,659,1486
636,497,1133
701,752,1453
596,1344,1940
425,864,1289
599,625,1224
1746,1093,2839
1125,1040,2165
596,538,1134
683,803,1486
737,1215,1952
381,782,1163
590,1234,1824
614,784,1398
1311,1267,2578
627,963,1590
564,1237,1801
237,679,916
1070,1146,2216
92,725,817
1043,731,1774
434,1122,1556
1808,794,2602
770,1478,2248
906,646,1552
475,964,1439
472,516,988
545,795,1340
272,1018,1290
178,872,1050
698,614,1312
678,1198,1876
826,869,1695
1242,831,2073
791,420,1211
505,555,1060
731,1338,2069
1103,514,1617
566,835,1401
450,940,1390
2202,899,3101
435,697,1132
1073,936,2009
470,423,893
282,1089,1371
709,606,1315
1074,1094,2168
31,558,589
328,1501,1829
503,965,1468
158,483,641
1026,797,1823
641,1273,1914
636,893,1529
714,903,1617
1958,1455,3413
681,955,1636
898,776,1674
786,653,1439
45,553,598
162,484,646
846,761,1607
233,674,907
916,1365,2281
342,992,1334
926,1790,2716
929,1287,2216
1094,862,1956
574,1386,1960
463,1301,1764
838,589,1427
1332,519,1851
401,573,974
770,1698,2468
618,459,1077
1167,708,1875
864,894,1758
393,927,1320
436,479,915
615,712,1327
976,610,1586
794,839,1633
453,763,1216
1322,895,2217
771,692,1463
684,682,1366
546,703,1249
1677,801,2478
236,560,796
673,510,1183
790,1662,2452
431,919,1350
1002,557,1559
389,884,1273
275,678,953
1137,890,2027
692,1095,1787
711,1157,1868
432,539,971
719,654,1373
632,1771,2403
310,1243,1553
509,903,1412
168,1099,1267
1209,607,1816
768,941,1709
494,1803,2297
327,1494,1821
533,884,1417
419,1993,2412
469,811,1280
218,1435,1653
141,861,1002
502,1116,1618
825,1156,1981
457,770,1227
768,1090,1858
1164,1384,2548
444,1047,1491
1569,1026,2595
796,536,1332
876,857,1733
1023,1615,2638
1750,1001,2751
395,1020,1415
495,1029,1524
535,1095,1630
347,1145,1492
488,1310,1798
457,538,995
703,1125,1828
802,915,1717
669,527,1196
1847,686,2533
400,501,901
739,506,1245
660,762,1422
929,1426,2355
719,1159,1878
1077,1278,2355
1728,771,2499
611,723,1334
288,1883,2171
557,1412,1969
611,733,1344
400,517,917
868,677,1545
1272,1418,2690
684,975,1659
1081,1136,2217
1265,1263,2528
568,803,1371
554,690,1244
335,623,958
994,1245,2239
420,1293,1713
626,1959,2585
845,1425,2270
442,1263,1705
1444,851,2295
369,955,1324
1097,1575,2672
683,1633,2316
923,813,1736
866,1100,1966
1441,1522,2963
643,1792,2435
1339,468,1807
674,338,1012
518,978,1496
1286,1387,2673
1056,1512,2568
869,1028,1897
1114,1322,2436
691,1641,2332
1378,1126,2504
699,438,1137
571,739,1310
427,1237,1664
1432,669,2101
741,474,1215
1220,606,1826
851,1278,2129
298,1593,1891
1180,489,1669
179,417,596
1147,1447,2594
556,1650,2206
167,417,584
610,892,1502
953,666,1619
1305,668,1973
558,1021,1579
777,1420,2197
934,805,1739
968,701,1669
1176,1506,2682
979,2221,3200
664,185,849
1283,320,1603
1506,641,2147
1527,811,2338
359,711,1070
498,2177,2675
439,913,1352
483,817,1300
778,2402,3180
35,292,327
673,534,1207
1401,1102,2503
1404,1712,3116
1089,1040,2129
1043,1180,2223
568,2123,2691
551,728,1279
55,695,750
708,998,1706
1259,1505,2764
25,793,818
1498,1104,2602
808,557,1365
1696,1059,2755
1441,557,1998
369,579,948
218,838,1056
1325,1629,2954
1998,830,2828
445,623,1068
366,727,1093
1353,1292,2645
111,721,832
74,1064,1138
2175,655,2830
491,638,1129
734,1122,1856
510,542,1052
291,826,1117
385,906,1291
302,434,736
559,610,1169
322,933,1255
2035,753,2788
484,576,1060
942,844,1786
20,972,992
728,595,1323
1011,314,1325
331,851,1182
481,407,888
273,668,941
364,1178,1542
352,971,1323
397,747,1144
941,886,1827
738,974,1712
728,501,1229
715,521,1236
664,812,1476
780,464,1244
28,552,580
365,1334,1699
917,626,1543
445,941,1386
1033,749,1782
433,347,780
822,667,1489
2327,885,3212
130,685,815
49,584,633
66,908,974
637,1505,2142
748,1150,1898
712,919,1631
229,737,966
838,1535,2373
305,874,1179
111,844,955
419,376,795
486,671,1157
1159,909,2068
776,952,1728
437,555,992
665,477,1142
772,506,1278
869,1543,2412
126,1263,1389
470,599,1069
953,342,1295
756,1477,2233
1461,1743,3204
177,649,826
667,450,1117
828,257,1085
245,496,741
512,628,1140
269,1090,1359
196,687,883
622,347,969
332,1065,1397
692,961,1653
429,959,1388
304,803,1107
1057,650,1707
483,1181,1664
451,637,1088
817,675,1492
559,984,1543
915,788,1703
584,2262,2846
607,526,1133
193,1411,1604
521,1277,1798
537,799,1336
555,419,974
484,687,1171
175,1859,2034
746,1286,2032
1078,829,1907
533,2467,3000
237,983,1220
868,548,1416
1662,1518,3180
113,709,822
983,644,1627
777,390,1167
686,1197,1883
359,1780,2139
162,906,1068
590,631,1221
507,1280,1787
33,720,753
309,652,961
114,782,896
1185,713,1898
491,793,1284
160,1267,1427
883,975,1858
455,696,1151
513,1360,1873
1541,1025,2566
77,1165,1242
540,350,890
1148,1005,2153
1307,576,1883
531,826,1357
1641,940,2581
335,1149,1484
850,1239,2089
542,885,1427
1683,854,2537
581,1126,1707
1079,789,1868
1002,779,1781
898,661,1559
533,524,1057
368,1129,1497
520,987,1507
982,631,1613
502,690,1192
594,1056,1650
826,929,1755
619,729,1348
865,280,1145
1102,864,1966
985,705,1690
748,659,1407
804,703,1507
1175,486,1661
300,759,1059
2047,1027,3074
669,635,1304
460,856,1316
696,554,1250
590,511,1101
1043,528,1571
591,1116,1707
943,571,1514
554,1103,1657
473,821,1294
1409,1464,2873
183,1378,1561
689,839,1528
769,1687,2456
24,522,546
733,1582,2315
555,929,1484
199,519,718
1036,1303,2339
758,524,1282
748,693,1441
286,490,776
970,1468,2438
628,1040,1668
391,553,944
654,777,1431
563,1419,1982
655,582,1237
657,352,1009
561,1179,1740
621,362,983
995,938,1933
995,1121,2116
498,312,810
851,1249,2100
520,766,1286
1152,769,1921
1296,1014,2310
865,1445,2310
368,899,1267
830,752,1582
30,1160,1190
205,728,933
39,332,371
938,390,1328
339,493,832
1430,573,2003
1569,821,2390
820,516,1336
638,1408,2046
195,1306,1501
222,1288,1510
124,459,583
589,1022,1611
1297,1581,2878
336,914,1250
1017,822,1839
718,972,1690
626,514,1140
382,1194,1576
187,1636,1823
349,1394,1743
265,713,978
996,757,1753
980,1034,2014
770,849,1619
364,624,988
627,933,1560
439,1616,2055
180,676,856
366,1155,1521
443,934,1377
1267,878,2145
229,1078,1307
1178,746,1924
630,785,1415
1523,688,2211
345,895,1240
1168,673,1841
1416,1268,2684
634,780,1414
1443,452,1895
427,599,1026
925,716,1641
545,412,957
783,335,1118
809,821,1630
626,638,1264
857,565,1422
631,979,1610
903,697,1600
902,599,1501
698,958,1656
1002,911,1913
604,433,1037
832,479,1311
1330,1792,3122
417,504,921
426,1340,1766
1252,1709,2961
817,1294,2111
637,611,1248
458,1017,1475
568,730,1298
857,332,1189
118,501,619
530,2387,2917
50,792,842
1179,1359,2538
125,729,854
658,1652,2310
918,454,1372
391,536,927
88,665,753
470,794,1264
672,676,1348
1189,1971,3160
106,686,792
1536,1037,2573
379,1641,2020
361,491,852
526,902,1428
390,559,949
848,915,1763
1215,1951,3166
628,1574,2202
124,756,880
881,1105,1986
1395,712,2107
437,1625,2062
603,359,962
738,1045,1783
644,552,1196
2206,819,3025
992,1295,2287
201,1165,1366
348,1118,1466
1718,788,2506
1446,1006,2452
567,505,1072
437,1165,1602
445,667,1112
585,945,1530
1273,891,2164
515,1442,1957
684,907,1591
874,590,1464
1891,606,2497
1488,878,2366
290,696,986
276,845,1121
420,1887,2307
931,1042,1973
290,949,1239
733,1253,1986
664,1151,1815
664,709,1373
506,851,1357
891,1141,2032
981,852,1833
988,1085,2073
1496,863,2359
451,1171,1622
1015,1206,2221
1157,799,1956
232,993,1225
1236,1520,2756
560,892,1452
564,1762,2326
903,544,1447
1342,1346,2688
817,1395,2212
956,1104,2060
692,688,1380
710,1648,2358
774,619,1393
1036,127,1163
943,1248,2191
915,1623,2538
465,140,605
1028,1013,2041
222,166,388
461,1065,1526
711,1047,1758
984,698,1682
307,1437,1744
451,1739,2190
1138,357,1495
872,1418,2290
879,1469,2348
905,492,1397
655,2849,3504
1127,1007,2134
320,1768,2088
755,1050,1805
1893,1897,3790
418,1873,2291
1010,2073,3083
954,1202,2156
610,522,1132
368,1506,1874
629,1460,2089
1209,769,1978
245,530,775
648,1687,2335
1359,852,2211
359,489,848
270,359,629
1032,1515,2547
410,1690,2100
482,490,972
1520,1721,3241
648,2107,2755
1022,1666,2688
1613,816,2429
956,1233,2189
1611,371,1982
81,890,971
961,1338,2299
1088,710,1798
183,1043,1226
322,398,720
840,1104,1944
800,2000,2800
247,1057,1304
1316,936,2252
1256,1020,2276
1726,958,2684
1386,745,2131
954,1224,2178
545,685,1230
1044,528,1572
816,1079,1895
616,510,1126
865,2335,3200
1115,735,1850
1505,919,2424
868,552,1420
391,788,1179
1031,2358,3389
1782,684,2466
713,690,1403
430,556,986
524,502,1026
1136,925,2061
1088,374,1462
1915,1254,3169
2780,884,3664
945,514,1459
586,473,1059
589,485,1074
60,1089,1149
1359,1615,2974
692,519,1211
2155,975,3130
133,1252,1385
1724,1641,3365
480,658,1138
2385,504,2889
1504,1555,3059
354,795,1149
123,659,782
613,678,1291
395,1030,1425
337,510,847
637,1446,2083
670,409,1079
1602,1766,3368
582,376,958
586,846,1432
1507,698,2205
585,774,1359
840,1417,2257
299,772,1071
1425,493,1918
1052,513,1565
718,1655,2373
224,891,1115
579,324,903
304,881,1185
938,1431,2369
415,761,1176
472,560,1032
951,683,1634
902,816,1718
1184,887,2071
447,909,1356
1288,475,1763
200,911,1111
1452,884,2336
755,822,1577
561,657,1218
235,918,1153
541,897,1438
93,943,1036
689,524,1213
52,571,623
1702,512,2214
605,303,908
153,685,838
425,1664,2089
230,790,1020
378,903,1281
518,791,1309
447,1931,2378
704,562,1266
665,641,1306
689,886,1575
673,347,1020
680,618,1298
381,701,1082
628,942,1570
520,461,981
1146,998,2144
1105,959,2064
290,730,1020
736,850,1586
851,735,1586
359,856,1215
688,938,1626
746,1816,2562
350,697,1047
42,504,546
1424,988,2412
466,836,1302
462,595,1057
824,945,1769
1825,751,2576
358,3015,3373
464,1728,2192
290,1046,1336
69,726,795
870,1331,2201
427,866,1293
467,945,1412
309,614,923
386,1060,1446
732,744,1476
395,3144,3539
316,1180,1496
666,1085,1751
635,3175,3810
690,921,1611
557,1240,1797
819,928,1747
613,1068,1681
614,807,1421
266,740,1006
711,722,1433
2940,633,3573
889,759,1648
466,764,1230
2772,707,3479
349,852,1201
624,805,1429
3068,460,3528
351,1035,1386
886,620,1506
895,579,1474
444,861,1305
620,1037,1657
929,567,1496
606,883,1489
442,1062,1504
581,912,1493
791,659,1450
193,724,917
892,553,1445
1523,1123,2646
482,1185,1667
481,474,955
773,1158,1931
446,524,970
325,477,802
816,1093,1909
347,689,1036
718,479,1197
299,684,983
396,905,1301
1614,1358,2972
685,366,1051
706,1480,2186
277,593,870
1002,1493,2495
407,584,991
398,1057,1455
22,1508,1530
393,1294,1687
420,524,944
929,648,1577
761,489,1250
711,1530,2241
344,957,1301
371,930,1301
615,1129,1744
306,813,1119
270,1113,1383
276,2245,2521
61,553,614
454,971,1425
303,541,844
861,474,1335
652,1018,1670
935,846,1781
470,830,1300
959,938,1897
577,2363,2940
1261,355,1616
409,688,1097
717,750,1467
80,1059,1139
373,537,910
385,1144,1529
1084,505,1589
120,1497,1617
788,871,1659
1284,1596,2880
1048,682,1730
1342,752,2094
2162,988,3150
633,678,1311
150,1830,1980
700,1120,1820
364,520,884
649,1409,2058
666,465,1131
678,920,1598
474,735,1209
1386,658,2044
746,846,1592
244,1120,1364
334,1019,1353
1727,397,2124
161,1029,1190
533,978,1511
452,881,1333
973,701,1674
164,1363,1527
1911,672,2583
403,1053,1456
936,736,1672
1489,987,2476
907,845,1752
794,572,1366
614,329,943
591,874,1465
652,935,1587
467,527,994
890,1433,2323
582,865,1447
756,857,1613
813,788,1601
771,1100,1871
1343,328,1671
565,881,1446
382,1121,1503
657,342,999
504,1834,2338
788,653,1441
525,1319,1844
1197,484,1681
567,943,1510
957,1589,2546
1006,1084,2090
366,863,1229
812,744,1556
859,1577,2436
736,1860,2596
979,690,1669
1135,1000,2135
1273,1070,2343
856,810,1666
543,1055,1598
448,482,930
849,1265,2114
598,737,1335
306,910,1216
756,736,1492
278,966,1244
812,804,1616
1427,289,1716
140,948,1088
230,1623,1853
1112,793,1905
732,889,1621
773,1120,1893
341,828,1169
1707,735,2442
447,1047,1494
820,976,1796
846,987,1833
844,457,1301
812,905,1717
195,1171,1366
1536,389,1925
900,1185,2085
1477,528,2005
996,413,1409
907,905,1812
841,450,1291
429,1234,1663
879,336,1215
464,945,1409
642,518,1160
572,547,1119
607,887,1494
669,1042,1711
264,1898,2162
1074,1014,2088
549,1136,1685
518,929,1447
751,1662,2413
730,955,1685
305,480,785
876,912,1788
120,332,452
509,1010,1519
481,912,1393
262,1277,1539
745,861,1606
197,647,844
597,1101,1698
974,1330,2304
187,662,849
845,504,1349
693,1031,1724
237,1115,1352
553,577,1130
296,665,961
796,918,1714
975,829,1804
627,513,1140
208,842,1050
767,696,1463
1737,936,2673
343,888,1231
905,737,1642
273,375,648
675,908,1583
1702,853,2555
773,628,1401
1164,711,1875
939,754,1693
891,1972,2863
852,738,1590
333,618,951
393,420,813
370,2260,2630
398,740,1138
461,464,925
1049,984,2033
263,1025,1288
978,1715,2693
1417,962,2379
770,1891,2661
268,1330,1598
445,958,1403
643,834,1477
627,1829,2456
392,1226,1618
376,803,1179
755,1816,2571
911,1126,2037
209,931,1140
1289,646,1935
1160,1545,2705
1786,914,2700
468,1032,1500
722,1495,2217
2028,1006,3034
692,1385,2077
485,1843,2328
356,1062,1418
612,1122,1734
701,1651,2352
1318,752,2070
348,1317,1665
1243,746,1989
782,1222,2004
1283,975,2258
381,852,1233
452,1631,2083
785,886,1671
613,1064,1677
1651,798,2449
600,1900,2500
838,595,1433
672,1097,1769
658,800,1458
455,1645,2100
604,1715,2319
820,1704,2524
1629,405,2034
375,1474,1849
1017,924,1941
847,966,1813
641,1809,2450
1023,1478,2501
639,643,1282
416,1116,1532
1210,1150,2360
1223,1168,2391
1467,699,2166
1653,692,2345
1569,1098,2667
510,841,1351
1580,522,2102
517,1817,2334
1570,704,2274
105,795,900
1314,1018,2332
866,1439,2305
1165,1369,2534
1053,1213,2266
463,496,959
736,609,1345
681,504,1185
1403,920,2323
750,274,1024
918,524,1442
1336,1159,2495
942,1446,2388
991,512,1503
840,1115,1955
1022,1475,2497
522,700,1222
675,849,1524
1642,667,2309
526,389,915
614,1185,1799
574,959,1533
389,696,1085
1073,855,1928
1259,776,2035
241,1394,1635
650,438,1088
1077,995,2072
1367,629,1996
409,1194,1603
1662,636,2298
1359,555,1914
656,1164,1820
754,1182,1936
469,1208,1677
237,553,790
73,464,537
1154,511,1665
937,1056,1993
1225,656,1881
200,557,757
1102,648,1750
880,613,1493
867,1032,1899
782,1022,1804
128,687,815
389,1615,2004
1298,710,2008
284,711,995
946,546,1492
613,1350,1963
30,955,985
965,964,1929
234,570,804
41,1215,1256
717,1166,1883
1049,716,1765
355,681,1036
601,893,1494
557,1355,1912
638,731,1369
335,718,1053
546,1307,1853
168,950,1118
436,681,1117
833,742,1575
691,925,1616
358,890,1248
509,847,1356
124,1512,1636
318,1067,1385
543,656,1199
625,620,1245
676,1176,1852
383,910,1293
588,787,1375
860,1056,1916
347,1065,1412
906,1499,2405
320,542,862
643,758,1401
1000,1323,2323
699,1277,1976
392,791,1183
1142,920,2062
1641,564,2205
532,700,1232
973,951,1924
76,748,824
333,550,883
756,643,1399
801,936,1737
616,327,943
718,953,1671
780,1163,1943
882,801,1683
221,348,569
117,764,881
802,561,1363
418,1132,1550
1010,1353,2363
420,760,1180
1148,1505,2653
246,365,611
1099,1365,2464
393,510,903
280,447,727
268,676,944
679,945,1624
1073,885,1958
739,1653,2392
533,1428,1961
727,1268,1995
851,1208,2059
914,1181,2095
657,1366,2023
65,459,524
789,504,1293
1125,855,1980
744,1144,1888
129,529,658
794,857,1651
1397,529,1926
340,545,885
468,1215,1683
1557,707,2264
563,877,1440
1207,1021,2228
1352,326,1678
333,410,743
364,989,1353
37,342,379
633,973,1606
878,666,1544
368,841,1209
618,1680,2298
1200,929,2129
274,847,1121
747,448,1195
883,752,1635
64,348,412
930,858,1788
658,979,1637
537,1552,2089
940,1310,2250
609,672,1281
359,1502,1861
688,1089,1777
902,1274,2176
726,676,1402
155,450,605
741,832,1573
257,825,1082
193,656,849
62,636,698
262,1542,1804
1101,913,2014
51,1095,1146
833,1083,1916
345,4077,4422
723,1432,2155
486,694,1180
235,830,1065
239,691,930
1176,1058,2234
621,1449,2070
249,1061,1310
222,935,1157
382,1008,1390
825,3992,4817
1565,911,2476
634,723,1357
544,1076,1620
1317,3800,5117
23,1432,1455
1372,936,2308
446,1051,1497
463,1016,1479
508,1173,1681
908,895,1803
708,1052,1760
744,856,1600
3785,933,4718
361,741,1102
914,795,1709
3677,794,4471
428,888,1316
981,505,1486
658,1161,1819
649,948,1597
690,612,1302
949,1030,1979
738,918,1656
927,698,1625
834,839,1673
713,1224,1937
567,525,1092
520,1141,1661
672,677,1349
751,1457,2208
582,1265,1847
3488,534,4022
664,347,1011
802,1423,2225
1090,753,1843
574,921,1495
707,360,1067
587,1493,2080
726,1181,1907
875,1119,1994
633,1279,1912
1027,676,1703
1175,431,1606
849,1291,2140
522,651,1173
410,357,767
800,961,1761
658,1404,2062
255,1135,1390
1255,1240,2495
697,1058,1755
1253,482,1735
663,1428,2091
799,1230,2029
239,359,598
432,568,1000
449,974,1423
887,950,1837
747,711,1458
1036,1062,2098
1297,965,2262
1100,1033,2133
702,1546,2248
1208,810,2018
119,1301,1420
297,1195,1492
1045,739,1784
145,1496,1641
164,824,988
1026,958,1984
427,1322,1749
1138,931,2069
285,680,965
322,1760,2082
821,1061,1882
619,726,1345
1191,681,1872
668,1144,1812
23,902,925
955,563,1518
1227,734,1961
358,1350,1708
1250,484,1734
1089,1286,2375
809,774,1583
631,1128,1759
1333,954,2287
437,835,1272
682,574,1256
901,914,1815
744,549,1293
616,655,1271
693,490,1183
571,926,1497
413,541,954
92,883,975
1619,721,2340
51,1448,1499
876,846,1722
545,872,1417
358,1100,1458
1091,961,2052
892,394,1286
676,321,997
407,1208,1615
217,1315,1532
501,886,1387
302,701,1003
391,801,1192
73,1572,1645
617,732,1349
543,1723,2266
269,465,734
467,1195,1662
886,709,1595
926,1715,2641
745,863,1608
298,820,1118
647,1514,2161
290,1594,1884
807,663,1470
347,684,1031
940,649,1589
741,917,1658
973,602,1575
729,945,1674
564,1139,1703
1591,608,2199
1296,981,2277
624,664,1288
1534,496,2030
1083,703,1786
356,1047,1403
1038,1018,2056
1193,736,1929
444,1145,1589
854,782,1636
819,1278,2097
681,908,1589
423,384,807
215,1153,1368
1509,1080,2589
149,588,737
210,773,983
308,1502,1810
1373,1026,2399
284,639,923
331,1240,1571
955,635,1590
507,351,858
620,716,1336
604,474,1078
1111,762,1873
534,1201,1735
568,399,967
586,1000,1586
1307,474,1781
654,482,1136
763,957,1720
452,1282,1734
185,518,703
491,1078,1569
781,516,1297
369,1311,1680
650,990,1640
341,1353,1694
1077,559,1636
944,752,1696
807,472,1279
912,716,1628
1017,330,1347
609,102,711
614,94,708
719,1124,1843
1077,1550,2627
775,2134,2909
360,1250,1610
1391,1239,2630
273,1231,1504
504,2429,2933
382,1064,1446
1043,1945,2988
1064,1245,2309
759,2180,2939
581,894,1475
307,1178,1485
1367,503,1870
1092,436,1528
500,1909,2409
954,2057,3011
920,451,1371
384,1299,1683
731,415,1146
2033,592,2625
766,696,1462
467,312,779
978,541,1519
1008,419,1427
31,748,779
883,140,1023
1200,420,1620
38,745,783
346,1225,1571
850,1808,2658
250,744,994
250,1579,1829
423,1161,1584
103,505,608
1906,631,2537
84,1197,1281
2092,417,2509
177,694,871
1575,1095,2670
425,2114,2539
388,2549,2937
352,569,921
822,340,1162
91,763,854
107,463,570
255,877,1132
1893,860,2753
571,634,1205
324,363,687
125,2693,2818
597,1980,2577
992,364,1356
1840,869,2709
314,2398,2712
254,886,1140
333,878,1211
613,618,1231
362,821,1183
947,2096,3043
355,2418,2773
1136,691,1827
234,1233,1467
542,2350,2892
313,1206,1519
822,1048,1870
646,983,1629
1870,1150,3020
342,1207,1549
676,820,1496
1515,1433,2948
846,984,1830
61,1162,1223
2470,1019,3489
392,862,1254
519,863,1382
147,1535,1682
843,684,1527
552,828,1380
721,995,1716
603,933,1536
1009,770,1779
2097,977,3074
1072,720,1792
684,493,1177
1804,1325,3129
334,914,1248
1415,336,1751
795,1093,1888
643,977,1620
2280,923,3203
1048,1001,2049
792,821,1613
927,513,1440
285,478,763
2203,1094,3297
500,542,1042
500,347,847
991,1145,2136
1010,795,1805
1138,1091,2229
785,662,1447
705,982,1687
690,852,1542
674,1266,1940
197,536,733
474,867,1341
1211,933,2144
928,1141,2069
114,879,993
2711,1097,3808
718,760,1478
907,1140,2047
851,1163,2014
811,1561,2372
330,640,970
617,655,1272
867,1568,2435
695,385,1080
754,865,1619
2283,1727,4010
678,459,1137
906,705,1611
685,964,1649
865,1854,2719
264,671,935
1211,607,1818
822,1432,2254
581,676,1257
290,856,1146
1446,426,1872
786,701,1487
937,1513,2450
55,904,959
598,869,1467
516,525,1041
773,654,1427
448,1026,1474
782,958,1740
671,853,1524
501,717,1218
679,431,1110
1580,649,2229
422,885,1307
509,1497,2006
1360,684,2044
502,1125,1627
604,978,1582
1131,582,1713
91,1296,1387
567,759,1326
420,612,1032
501,622,1123
702,656,1358
895,1558,2453
726,475,1201
1173,1211,2384
414,1128,1542
685,962,1647
333,1417,1750
1182,859,2041
480,1049,1529
324,737,1061
742,1388,2130
466,916,1382
301,947,1248
874,664,1538
809,1198,2007
323,701,1024
1407,487,1894
804,738,1542
856,872,1728
497,565,1062
441,1801,2242
773,525,1298
1106,985,2091
765,971,1736
1031,700,1731
1156,498,1654
826,1215,2041
797,506,1303
1083,697,1780
519,1322,1841
517,1208,1725
319,1090,1409
1022,1345,2367
555,1250,1805
716,704,1420
353,1048,1401
374,855,1229
770,475,1245
579,1147,1726
881,898,1779
1228,1024,2252
1229,820,2049
417,1402,1819
1597,938,2535
580,630,1210
414,1045,1459
351,644,995
811,878,1689
1073,550,1623
1063,549,1612
598,645,1243
252,1095,1347
1236,600,1836
1137,772,1909
764,978,1742
578,1342,1920
800,330,1130
1093,1127,2220
523,1699,2222
891,1267,2158
673,517,1190
1052,1283,2335
978,753,1731
570,1179,1749
424,760,1184
1311,762,2073
438,1069,1507
1138,702,1840
538,717,1255
799,691,1490
800,1158,1958
1238,924,2162
838,879,1717
410,561,971
876,551,1427
648,890,1538
534,1189,1723
589,551,1140
479,909,1388
397,855,1252
663,523,1186
464,942,1406
919,1187,2106
305,916,1221
455,748,1203
906,706,1612
894,999,1893
804,1385,2189
566,1299,1865
1477,591,2068
1029,1217,2246
1007,451,1458
286,1116,1402
731,489,1220
651,599,1250
1208,933,2141
905,1052,1957
639,491,1130
367,2213,2580
1054,970,2024
339,990,1329
814,719,1533
355,844,1199
776,1315,2091
792,722,1514
192,992,1184
1007,1013,2020
364,1121,1485
480,1039,1519
553,1031,1584
798,1228,2026
422,837,1259
1021,1180,2201
784,863,1647
1299,965,2264
463,1304,1767
838,725,1563
552,1607,2159
784,600,1384
861,970,1831
1093,529,1622
662,1068,1730
634,840,1474
305,909,1214
1095,1323,2418
165,2483,2648
529,332,861
713,1328,2041
1032,752,1784
447,1082,1529
287,1274,1561
1009,1100,2109
1655,336,1991
581,1184,1765
800,424,1224
882,362,1244
535,1536,2071
945,350,1295
853,504,1357
650,384,1034
1198,2187,3385
567,460,1027
380,1055,1435
1932,1597,3529
408,932,1340
968,331,1299
107,318,425
389,776,1165
210,455,665
368,1092,1460
865,1245,2110
2286,1326,3612
430,1054,1484
852,696,1548
2055,801,2856
995,408,1403
196,888,1084
230,470,700
533,1257,1790
1039,446,1485
1035,453,1488
142,497,639
982,324,1306
579,1508,2087
1450,479,1929
204,344,548
631,906,1537
170,545,715
389,913,1302
1069,723,1792
301,704,1005
412,1354,1766
805,1104,1909
1148,686,1834
262,362,624
554,1706,2260
554,897,1451
522,695,1217
238,472,710
627,678,1305
258,704,962
589,1867,2456
218,520,738
981,337,1318
227,793,1020
512,526,1038
361,1560,1921
725,859,1584
1070,922,1992
1318,813,2131
276,520,796
706,352,1058
134,1348,1482
355,706,1061
599,506,1105
350,1343,1693
801,1732,2533
340,1087,1427
1010,1558,2568
651,1173,1824
594,385,979
1119,1394,2513
247,481,728
627,852,1479
767,1227,1994
705,1080,1785
595,1022,1617
275,618,893
1158,714,1872
513,730,1243
1075,823,1898
119,603,722
354,916,1270
1432,512,1944
403,882,1285
447,880,1327
1314,507,1821
333,676,1009
1563,953,2516
383,667,1050
675,1284,1959
946,499,1445
165,889,1054
702,1546,2248
770,799,1569
1275,1170,2445
1816,1272,3088
896,691,1587
422,517,939
377,750,1127
1564,1344,2908
600,674,1274
166,581,747
1257,475,1732
116,835,951
686,769,1455
261,694,955
504,556,1060
737,771,1508
813,636,1449
906,639,1545
333,687,1020
609,1206,1815
1097,1157,2254
453,663,1116
568,561,1129
275,476,751
399,445,844
537,624,1161
461,393,854
480,416,896
841,1727,2568
253,369,622
1157,1188,2345
1029,1711,2740
321,309,630
1131,1024,2155
255,342,597
67,685,752
431,1691,2122
296,379,675
467,1721,2188
417,773,1190
239,412,651
1173,2168,3341
710,1447,2157
77,905,982
697,2352,3049
63,927,990
792,1086,1878
260,1766,2026
905,2027,2932
478,977,1455
350,351,701
389,1801,2190
1508,1657,3165
551,859,1410
307,550,857
123,937,1060
1042,1820,2862
337,1944,2281
1138,1644,2782
334,1695,2029
622,1638,2260
553,415,968
978,1678,2656
247,731,978
599,626,1225
574,1586,2160
542,733,1275
1688,813,2501
642,1081,1723
806,551,1357
1495,928,2423
93,1068,1161
840,684,1524
1647,1383,3030
873,338,1211
1764,817,2581
1341,915,2256
358,503,861
1093,720,1813
941,362,1303
1297,1277,2574
466,689,1155
995,347,1342
1569,1072,2641
1651,1047,2698
34,1138,1172
698,1579,2277
1552,1123,2675
268,1154,1422
315,1705,2020
288,301,589
1463,1523,2986
1403,1114,2517
847,826,1673
1465,1016,2481
391,1084,1475
1709,902,2611
773,480,1253
671,1153,1824
387,549,936
1311,1633,2944
1732,1168,2900
515,1184,1699
1192,583,1775
603,1373,1976
442,990,1432
179,1335,1514
913,722,1635
706,914,1620
1029,1492,2521
450,1151,1601
1109,572,1681
1318,562,1880
1630,870,2500
615,1207,1822
620,1011,1631
832,384,1216
393,919,1312
328,1626,1954
546,1209,1755
1022,648,1670
139,562,701
853,815,1668
1449,965,2414
1124,581,1705
1333,1385,2718
101,753,854
1090,1106,2196
348,1666,2014
1240,769,2009
537,638,1175
656,1244,1900
1354,895,2249
911,639,1550
394,605,999
633,1478,2111
484,826,1310
320,541,861
1110,919,2029
956,957,1913
647,562,1209
804,1536,2340
479,718,1197
478,732,1210
552,642,1194
813,1555,2368
461,840,1301
379,896,1275
1471,710,2181
287,1213,1500
959,1497,2456
459,1098,1557
611,1146,1757
854,529,1383
751,541,1292
1162,1372,2534
407,968,1375
1545,910,2455
68,948,1016
811,1013,1824
509,658,1167
839,921,1760
451,786,1237
652,620,1272
1054,920,1974
719,601,1320
469,965,1434
787,885,1672
188,1713,1901
481,902,1383
612,895,1507
1138,671,1809
628,1036,1664
1250,896,2146
1034,506,1540
267,780,1047
1147,881,2028
634,1527,2161
631,672,1303
349,1101,1450
755,656,1411
926,448,1374
595,1362,1957
679,1094,1773
779,737,1516
569,699,1268
1344,1080,2424
868,1536,2404
979,681,1660
1200,865,2065
642,473,1115
805,688,1493
872,1059,1931
716,1057,1773
543,1197,1740
352,1227,1579
1547,874,2421
884,1033,1917
360,1025,1385
1384,884,2268
1000,597,1597
686,530,1216
405,1049,1454
633,860,1493
1059,593,1652
893,1126,2019
624,858,1482
741,920,1661
878,361,1239
441,1367,1808
528,990,1518
327,1235,1562
480,464,944
540,928,1468
925,489,1414
551,1387,1938
1354,713,2067
909,952,1861
1112,861,1973
779,479,1258
573,907,1480
208,962,1170
559,1258,1817
407,1032,1439
257,1161,1418
796,1101,1897
728,847,1575
944,918,1862
1048,617,1665
488,330,818
679,864,1543
1106,519,1625
821,1018,1839
393,955,1348
700,1651,2351
674,474,1148
1280,637,1917
823,1239,2062
293,863,1156
852,635,1487
533,888,1421
1034,754,1788
516,614,1130
595,905,1500
675,780,1455
352,817,1169
694,544,1238
868,583,1451
781,519,1300
847,841,1688
637,1480,2117
765,1826,2591
795,527,1322
821,731,1552
1029,1898,2927
644,334,978
864,698,1562
199,1162,1361
1565,842,2407
788,1300,2088
838,905,1743
255,1409,1664
1721,660,2381
354,1462,1816
521,830,1351
310,416,726
924,1032,1956
969,509,1478
336,985,1321
519,377,896
244,966,1210
61,632,693
337,1026,1363
1348,511,1859
445,930,1375
1721,424,2145
1085,938,2023
544,621,1165
76,831,907
746,952,1698
228,524,752
477,1091,1568
451,979,1430
747,716,1463
98,400,498
553,1082,1635
534,1101,1635
757,650,1407
803,1186,1989
493,1199,1692
266,1219,1485
701,705,1406
540,928,1468
459,528,987
876,652,1528
222,533,755
738,381,1119
817,1023,1840
730,941,1671
79,761,840
851,760,1611
539,513,1052
264,971,1235
438,1480,1918
268,564,832
730,475,1205
526,762,1288
1083,1097,2180
572,517,1089
790,620,1410
313,982,1295
790,654,1444
289,568,857
739,713,1452
862,1251,2113
683,1335,2018
386,466,852
497,590,1087
904,965,1869
670,772,1442
24,617,641
404,694,1098
462,582,1044
521,1313,1834
713,605,1318
174,566,740
84,1187,1271
766,1020,1786
220,572,792
762,597,1359
882,746,1628
482,951,1433
396,569,965
130,1289,1419
682,935,1617
695,805,1500
372,443,815
439,1204,1643
1268,417,1685
655,939,1594
600,346,946
874,1414,2288
478,523,1001
287,955,1242
591,466,1057
1116,597,1713
886,423,1309
240,443,683
1347,1520,2867
333,532,865
490,816,1306
392,440,832
401,1032,1433
912,838,1750
1216,1298,2514
815,455,1270
50,559,609
952,1063,2015
279,1131,1410
835,624,1459
491,504,995
388,1229,1617
497,1221,1718
1172,1061,2233
1208,601,1809
103,519,622
715,885,1600
883,958,1841
230,1235,1465
425,1473,1898
242,444,686
292,815,1107
952,694,1646
28,175,203
827,590,1417
109,871,980
725,926,1651
312,660,972
679,1408,2087
296,940,1236
232,841,1073
1354,743,2097
783,431,1214
724,919,1643
1182,1009,2191
327,810,1137
348,1019,1367
1068,895,1963
825,636,1461
936,787,1723
797,638,1435
685,868,1553
544,863,1407
1020,948,1968
172,946,1118
545,975,1520
76,1089,1165
1393,802,2195
387,646,1033
389,799,1188
1112,828,1940
311,902,1213
667,570,1237
514,784,1298
683,1095,1778
678,695,1373
418,703,1121
273,581,854
718,646,1364
982,329,1311
364,647,1011
209,1059,1268
703,597,1300
856,1107,1963
616,554,1170
358,1059,1417
466,751,1217
625,553,1178
749,862,1611
584,710,1294
377,621,998
447,684,1131
358,648,1006
561,1007,1568
1315,763,2078
598,1741,2339
510,667,1177
950,1448,2398
476,1608,2084
678,1164,1842
854,1143,1997
72,756,828
640,1629,2269
573,1333,1906
841,1756,2597
500,1530,2030
223,2131,2354
906,1590,2496
879,1309,2188
1260,748,2008
459,2259,2718
1171,980,2151
982,943,1925
415,872,1287
742,1637,2379
631,1358,1989
735,2006,2741
776,1225,2001
1326,452,1778
514,2066,2580
1428,407,1835
689,1092,1781
282,704,986
457,1275,1732
653,2130,2783
997,799,1796
805,1052,1857
1882,984,2866
1413,954,2367
974,921,1895
1125,414,1539
361,1449,1810
886,622,1508
1877,560,2437
619,876,1495
921,490,1411
1045,883,1928
445,1498,1943
2173,723,2896
936,289,1225
1569,477,2046
57,2010,2067
489,666,1155
56,1089,1145
288,2043,2331
707,641,1348
2060,848,2908
517,428,945
330,2042,2372
260,744,1004
620,440,1060
28,937,965
217,2203,2420
635,1642,2277
108,978,1086
608,2048,2656
86,427,513
1453,636,2089
394,908,1302
1834,501,2335
1394,471,1865
72,565,637
60,634,694
336,816,1152
1953,538,2491
28,579,607
79,614,693
1602,297,1899
314,795,1109
801,467,1268
1980,542,2522
259,385,644
1035,1015,2050
906,1756,2662
381,979,1360
64,585,649
1172,1881,3053
527,882,1409
500,319,819
2220,599,2819
591,983,1574
623,259,882
1224,1105,2329
1040,1861,2901
276,835,1111
507,572,1079
74,2072,2146
2167,504,2671
244,863,1107
430,859,1289
589,1345,1934
679,632,1311
953,238,1191
403,491,894
1800,333,2133
2018,288,2306
604,765,1369
368,836,1204
938,336,1274
966,568,1534
786,877,1663
464,330,794
749,729,1478
827,320,1147
1338,613,1951
1062,529,1591
717,1041,1758
367,1164,1531
710,304,1014
1096,927,2023
1941,411,2352
596,568,1164
210,558,768
966,515,1481
1430,541,1971
388,642,1030
797,344,1141
706,660,1366
868,638,1506
985,745,1730
1987,792,2779
249,523,772
521,625,1146
406,833,1239
903,614,1517
69,657,726
603,661,1264
917,906,1823
544,638,1182
966,635,1601
904,1112,2016
1229,672,1901
457,1002,1459
484,524,1008
801,1391,2192
727,1146,1873
165,598,763
387,446,833
1249,984,2233
373,1020,1393
220,1012,1232
664,590,1254
598,465,1063
780,565,1345
567,640,1207
187,1016,1203
169,739,908
812,423,1235
322,547,869
188,1070,1258
391,837,1228
534,598,1132
302,850,1152
900,779,1679
592,816,1408
333,830,1163
858,387,1245
282,474,756
504,395,899
309,1124,1433
400,993,1393
530,449,979
895,314,1209
667,753,1420
895,599,1494
677,468,1145
530,565,1095
903,744,1647
610,672,1282
1375,634,2009
545,992,1537
378,1073,1451
747,550,1297
105,359,464
769,433,1202
439,820,1259
914,395,1309
768,742,1510
477,957,1434
665,938,1603
499,420,919
475,1051,1526
569,745,1314
128,652,780
109,568,677
495,707,1202
659,1129,1788
296,1128,1424
391,1286,1677
316,720,1036
333,598,931
280,1281,1561
290,723,1013
397,599,996
1013,537,1550
328,575,903
1225,609,1834
469,1513,1982
252,904,1156
415,351,766
927,717,1644
578,507,1085
585,381,966
800,539,1339
567,740,1307
1061,728,1789
936,1300,2236
615,895,1510
997,597,1594
713,737,1450
716,287,1003
273,314,587
597,770,1367
700,1041,1741
763,496,1259
630,1446,2076
274,541,815
512,1003,1515
545,375,920
480,383,863
1231,738,1969
572,770,1342
225,574,799
309,1541,1850
52,401,453
245,841,1086
439,643,1082
45,398,443
304,657,961
1431,813,2244
273,745,1018
406,1320,1726
1192,896,2088
431,768,1199
34,1291,1325
1114,563,1677
451,667,1118
195,440,635
1326,685,2011
530,382,912
353,1106,1459
565,619,1184
395,943,1338
680,1329,2009
190,300,490
749,611,1360
392,745,1137
524,978,1502
775,194,969
657,855,1512
604,1104,1708
865,1674,2539
231,628,859
237,848,1085
819,394,1213
214,1046,1260
631,392,1023
478,823,1301
1208,323,1531
788,546,1334
1536,956,2492
254,947,1201
273,946,1219
668,518,1186
1123,1027,2150
334,421,755
444,602,1046
1258,683,1941
946,517,1463
351,940,1291
171,557,728
757,857,1614
1548,537,2085
99,587,686
391,897,1288
871,732,1603
269,1049,1318
1010,739,1749
952,553,1505
454,717,1171
300,479,779
542,1299,1841
705,579,1284
173,653,826
804,851,1655
385,2027,2412
544,805,1349
73,868,941
415,558,973
665,697,1362
489,414,903
965,838,1803
353,720,1073
61,673,734
236,708,944
913,613,1526
558,529,1087
895,516,1411
296,607,903
245,519,764
170,777,947
642,952,1594
695,789,1484
264,516,780
488,636,1124
735,434,1169
911,997,1908
411,654,1065
386,757,1143
293,686,979
683,835,1518
1133,723,1856
532,535,1067
380,753,1133
579,532,1111
752,1809,2561
451,489,940
532,681,1213
443,630,1073
765,1319,2084
529,773,1302
548,797,1345
291,393,684
525,687,1212
336,406,742
297,663,960
550,685,1235
670,391,1061
490,287,777
302,574,876
837,690,1527
302,784,1086
382,2469,2851
154,707,861
439,1103,1542
546,762,1308
199,778,977
206,288,494
621,366,987
371,578,949
84,669,753
607,942,1549
386,1096,1482
672,953,1625
917,764,1681
424,584,1008
265,365,630
585,389,974
544,495,1039
180,784,964
184,461,645
539,1389,1928
207,978,1185
375,856,1231
595,550,1145
640,482,1122
420,469,889
304,807,1111
153,1004,1157
103,468,571
1185,887,2072
367,418,785
503,842,1345
720,468,1188
349,324,673
483,515,998
511,845,1356
605,606,1211
380,1064,1444
757,539,1296
674,993,1667
459,509,968
1829,1859,3688
786,549,1335
71,539,610
806,1203,2009
951,1111,2062
1031,733,1764
414,1116,1530
551,299,850
933,1382,2315
418,1046,1464
709,255,964
1434,2660,4094
613,1239,1852
1188,1133,2321
1049,1236,2285
2163,2003,4166
824,1190,2014
662,942,1604
859,1208,2067
650,1062,1712
1049,1604,2653
543,1236,1779
513,770,1283
391,842,1233
2402,370,2772
904,435,1339
978,329,1307
855,1125,1980
1128,232,1360
805,482,1287
600,1066,1666
453,729,1182
813,1660,2473
1023,268,1291
652,1505,2157
540,633,1173
999,1420,2419
2051,246,2297
53,1473,1526
124,451,575
52,1505,1557
187,1332,1519
251,1135,1386
157,1411,1568
876,578,1454
430,978,1408
1341,190,1531
962,516,1478
303,939,1242
1341,181,1522
224,1615,1839
411,1432,1843
881,392,1273
1540,493,2033
1476,637,2113
948,688,1636
1533,716,2249
1495,745,2240
1572,163,1735
1370,729,2099
2045,334,2379
513,167,680
2044,337,2381
1895,745,2640
1665,845,2510
1602,858,2460
1393,905,2298
1957,363,2320
460,420,880
150,1010,1160
413,539,952
207,903,1110
185,935,1120
469,627,1096
469,357,826
693,396,1089
46,358,404
44,590,634
215,434,649
207,999,1206
516,422,938
67,1098,1165
1824,1292,3116
507,554,1061
65,469,534
747,346,1093
112,469,581
160,441,601
643,632,1275
502,923,1425
117,585,702
63,1317,1380
222,1365,1587
100,842,942
86,995,1081
694,670,1364
578,941,1519
190,559,749
495,986,1481
196,1461,1657
178,791,969
77,1609,1686
767,803,1570
848,609,1457
228,644,872
427,481,908
1142,607,1749
791,759,1550
130,1015,1145
1045,551,1596
197,805,1002
226,954,1180
300,604,904
265,648,913
34,928,962
512,668,1180
323,756,1079
572,754,1326
276,1343,1619
644,632,1276
1212,563,1775
613,691,1304
694,427,1121
576,1171,1747
965,425,1390
352,1246,1598
571,669,1240
795,429,1224
572,1129,1701
668,979,1647
1431,811,2242
866,381,1247
786,1110,1896
688,1684,2372
872,1151,2023
549,722,1271
1392,1203,2595
605,891,1496
1253,743,1996
838,1030,1868
366,964,1330
706,661,1367
318,658,976
246,925,1171
1550,511,2061
490,1229,1719
647,828,1475
1005,363,1368
142,874,1016
293,431,724
700,467,1167
284,1029,1313
330,1002,1332
448,901,1349
615,930,1545
328,997,1325
484,781,1265
857,570,1427
941,211,1152
810,586,1396
370,850,1220
696,713,1409
704,1280,1984
1052,525,1577
687,266,953
261,1696,1957
955,261,1216
535,1220,1755
696,394,1090
911,511,1422
931,907,1838
847,445,1292
801,658,1459
561,1148,1709
919,1088,2007
385,1394,1779
1240,799,2039
338,414,752
169,398,567
472,2624,3096
412,1817,2229
326,525,851
193,494,687
896,522,1418
710,952,1662
565,890,1455
373,379,752
605,1641,2246
231,535,766
1177,1927,3104
406,669,1075
661,2328,2989
1158,597,1755
487,1522,2009
506,740,1246
187,2481,2668
1167,1358,2525
724,1404,2128
407,360,767
1190,2015,3205
30,538,568
499,575,1074
1093,530,1623
116,371,487
64,1365,1429
669,808,1477
966,638,1604
1562,917,2479
445,608,1053
2222,569,2791
748,800,1548
409,2286,2695
504,550,1054
2017,1015,3032
1755,526,2281
507,501,1008
93,654,747
1608,863,2471
214,561,775
1426,1024,2450
270,507,777
1066,800,1866
2295,597,2892
1949,682,2631
1097,684,1781
264,655,919
99,1389,1488
347,466,813
633,456,1089
441,1008,1449
438,1564,2002
2137,669,2806
1944,852,2796
773,708,1481
426,368,794
292,628,920
518,449,967
386,1174,1560
51,1022,1073
1295,770,2065
556,583,1139
591,534,1125
343,787,1130
1063,571,1634
574,487,1061
681,478,1159
239,361,600
219,661,880
711,751,1462
359,1010,1369
282,671,953
673,377,1050
474,944,1418
866,697,1563
188,754,942
77,380,457
279,654,933
190,1091,1281
565,716,1281
1299,959,2258
582,1112,1694
546,607,1153
910,703,1613
241,1671,1912
155,306,461
74,669,743
707,700,1407
265,1370,1635
997,990,1987
179,452,631
1476,831,2307
530,483,1013
956,926,1882
225,504,729
407,431,838
309,1535,1844
234,444,678
400,430,830
666,853,1519
921,860,1781
118,549,667
627,501,1128
1265,340,1605
312,941,1253
459,494,953
449,1036,1485
538,1227,1765
104,1096,1200
592,528,1120
1332,541,1873
845,1029,1874
342,441,783
618,1192,1810
1393,516,1909
611,1212,1823
753,550,1303
509,930,1439
375,485,860
254,695,949
464,886,1350
195,1221,1416
733,502,1235
537,1042,1579
376,610,986
478,461,939
257,1289,1546
448,964,1412
1067,491,1558
795,889,1684
392,724,1116
925,610,1535
286,1424,1710
291,950,1241
1156,519,1675
206,1033,1239
86,857,943
302,1094,1396
359,533,892
279,785,1064
867,277,1144
500,1157,1657
443,956,1399
1126,294,1420
306,1248,1554
637,456,1093
457,1109,1566
1213,611,1824
258,1152,1410
458,377,835
791,479,1270
907,272,1179
871,750,1621
188,1010,1198
871,353,1224
1385,368,1753
1079,433,1512
1043,148,1191
719,697,1416
968,671,1639
282,1055,1337
851,1457,2308
1106,1754,2860
343,2394,2737
1030,506,1536
313,365,678
817,752,1569
280,433,713
1458,635,2093
1017,605,1622
363,479,842
440,1511,1951
973,1436,2409
262,707,969
271,573,844
405,434,839
993,761,1754
614,1407,2021
415,661,1076
53,653,706
337,801,1138
583,1309,1892
64,675,739
40,663,703
773,1611,2384
26,475,501
1302,909,2211
631,1783,2414
375,604,979
231,671,902
111,833,944
968,1986,2954
232,672,904
258,630,888
763,741,1504
1515,709,2224
272,726,998
1570,954,2524
1115,1526,2641
330,1079,1409
940,2877,3817
317,1605,1922
2139,1473,3612
332,1623,1955
1943,1250,3193
484,1168,1652
455,912,1367
475,502,977
2725,276,3001
350,1199,1549
723,1227,1950
869,1188,2057
215,1079,1294
548,998,1546
1100,638,1738
641,1055,1696
346,1420,1766
1310,347,1657
700,1438,2138
621,1011,1632
995,415,1410
731,1185,1916
252,1058,1310
369,886,1255
1391,387,1778
986,1126,2112
800,679,1479
531,1070,1601
550,1007,1557
611,225,836
1046,651,1697
890,601,1491
832,885,1717
1070,572,1642
307,1447,1754
554,1324,1878
698,381,1079
1108,468,1576
360,1304,1664
967,897,1864
55,427,482
1019,353,1372
898,1390,2288
54,446,500
923,901,1824
866,797,1663
485,878,1363
697,880,1577
1366,413,1779
965,507,1472
797,368,1165
57,454,511
363,486,849
1167,671,1838
439,517,956
101,722,823
433,1375,1808
269,1705,1974
1250,459,1709
458,382,840
1099,650,1749
217,240,457
1066,1365,2431
400,608,1008
153,721,874
486,1986,2472
458,650,1108
349,773,1122
573,313,886
1267,1237,2504
491,619,1110
346,861,1207
473,589,1062
175,568,743
80,608,688
555,608,1163
202,554,756
1188,1439,2627
1527,805,2332
209,628,837
1242,1707,2949
1114,554,1668
244,623,867
1993,580,2573
1051,1100,2151
1104,557,1661
54,520,574
283,728,1011
275,494,769
699,557,1256
552,258,810
1272,511,1783
975,1986,2961
811,420,1231
115,402,517
122,871,993
453,1285,1738
912,1987,2899
419,762,1181
58,1390,1448
293,922,1215
480,826,1306
249,826,1075
119,400,519
1576,309,1885
222,483,705
756,1444,2200
96,634,730
258,434,692
243,683,926
1653,715,2368
342,548,890
319,1300,1619
279,684,963
1838,574,2412
452,1094,1546
482,439,921
437,1091,1528
166,649,815
501,1177,1678
497,569,1066
121,1675,1796
383,1068,1451
1060,925,1985
1142,565,1707
320,1723,2043
1237,790,2027
206,322,528
85,1280,1365
272,500,772
606,641,1247
460,1222,1682
918,518,1436
374,440,814
511,1594,2105
684,761,1445
392,446,838
180,703,883
333,840,1173
538,1429,1967
464,1127,1591
962,532,1494
353,645,998
1570,677,2247
1128,544,1672
416,331,747
378,662,1040
428,1298,1726
584,334,918
550,702,1252
577,457,1034
462,1457,1919
1362,562,1924
723,1003,1726
429,354,783
240,753,993
156,1162,1318
697,184,881
674,737,1411
1469,587,2056
1070,1037,2107
589,435,1024
803,1390,2193
300,1180,1480
507,1059,1566
681,343,1024
541,591,1132
221,1405,1626
652,308,960
1011,905,1916
356,1453,1809
824,823,1647
64,317,381
948,879,1827
1244,668,1912
747,693,1440
669,371,1040
25,299,324
1270,1219,2489
69,406,475
1269,1109,2378
136,361,497
723,769,1492
1199,918,2117
1122,811,1933
934,896,1830
767,763,1530
575,1250,1825
514,1029,1543
674,624,1298
46,463,509
715,1118,1833
528,464,992
692,866,1558
453,951,1404
671,1019,1690
43,883,926
692,278,970
521,590,1111
682,372,1054
953,1261,2214
787,306,1093
819,1327,2146
1051,584,1635
343,2178,2521
775,335,1110
1332,1020,2352
788,298,1086
921,653,1574
245,2719,2964
531,310,841
111,869,980
688,1217,1905
1170,1808,2978
328,981,1309
736,1252,1988
325,896,1221
384,1069,1453
312,994,1306
782,529,1311
1040,349,1389
367,1060,1427
887,313,1200
783,446,1229
1035,462,1497
1982,1256,3238
1141,1459,2600
1245,704,1949
1095,344,1439
1095,529,1624
927,628,1555
1097,566,1663
222,454,676
1193,567,1760
2772,800,3572
311,1558,1869
1530,427,1957
285,529,814
150,520,670
388,1703,2091
1523,514,2037
174,540,714
911,807,1718
1429,985,2414
440,1732,2172
713,1436,2149
237,641,878
218,540,758
70,514,584
186,489,675
197,759,956
386,461,847
963,1070,2033
1432,621,2053
153,760,913
369,494,863
161,772,933
416,487,903
104,707,811
170,837,1007
1235,879,2114
107,1052,1159
620,327,947
741,476,1217
281,836,1117
227,503,730
683,1882,2565
18,1273,1291
203,823,1026
502,947,1449
174,914,1088
453,477,930
528,353,881
687,615,1302
512,771,1283
294,791,1085
1458,1405,2863
352,660,1012
383,485,868
850,458,1308
443,795,1238
480,1264,1744
390,625,1015
175,492,667
234,836,1070
449,1017,1466
832,842,1674
395,896,1291
673,433,1106
333,620,953
310,878,1188
706,812,1518
164,461,625
651,774,1425
379,498,877
674,810,1484
376,906,1282
726,814,1540
91,601,692
555,598,1153
711,873,1584
661,407,1068
798,1109,1907
739,968,1707
130,509,639
433,428,861
462,693,1155
733,469,1202
524,1113,1637
692,563,1255
550,273,823
808,1069,1877
842,1297,2139
312,555,867
683,1114,1797
511,829,1340
749,571,1320
639,1261,1900
744,697,1441
603,435,1038
802,1195,1997
450,597,1047
542,672,1214
705,573,1278
794,963,1757
482,717,1199
798,1300,2098
278,838,1116
78,592,670
868,1208,2076
884,720,1604
370,974,1344
144,945,1089
890,837,1727
1210,648,1858
1165,455,1620
431,704,1135
1081,718,1799
488,695,1183
1111,1649,2760
523,945,1468
500,1262,1762
703,468,1171
700,1675,2375
1124,743,1867
288,625,913
554,1537,2091
1060,385,1445
824,572,1396
931,681,1612
982,721,1703
98,495,593
93,693,786
100,687,787
858,798,1656
166,631,797
1224,334,1558
97,717,814
89,894,983
1180,1019,2199
1297,477,1774
563,299,862
365,591,956
536,993,1529
365,443,808
19,601,620
164,457,621
378,1055,1433
778,1160,1938
136,906,1042
577,303,880
527,459,986
772,1664,2436
206,886,1092
1420,420,1840
263,680,943
512,1494,2006
739,1256,1995
616,332,948
1108,881,1989
626,410,1036
721,409,1130
860,1357,2217
398,717,1115
445,856,1301
777,1831,2608
349,825,1174
461,1430,1891
551,436,987
1171,1594,2765
342,1667,2009
399,1429,1828
757,1249,2006
521,1186,1707
646,1133,1779
303,1207,1510
866,1000,1866
239,769,1008
195,999,1194
506,481,987
382,1542,1924
329,441,770
369,1058,1427
369,1461,1830
1100,1078,2178
276,1239,1515
1521,426,1947
1552,380,1932
1163,823,1986
1411,839,2250
608,789,1397
600,1293,1893
260,714,974
684,144,828
1516,537,2053
756,1205,1961
499,478,977
814,1927,2741
267,1271,1538
384,664,1048
378,1751,2129
542,1696,2238
513,2153,2666
575,187,762
1142,2115,3257
643,1942,2585
1910,760,2670
263,2204,2467
339,701,1040
803,829,1632
487,2101,2588
725,347,1072
1047,837,1884
1137,2177,3314
933,1245,2178
110,438,548
1248,535,1783
1521,1510,3031
132,1242,1374
775,1862,2637
117,450,567
1158,1070,2228
812,1512,2324
1599,606,2205
1697,1191,2888
396,866,1262
1987,591,2578
477,946,1423
1483,742,2225
195,424,619
1821,615,2436
312,812,1124
809,1527,2336
2033,420,2453
1580,1429,3009
442,841,1283
574,1037,1611
836,1444,2280
1063,573,1636
1143,669,1812
611,276,887
325,994,1319
572,1332,1904
427,653,1080
2062,719,2781
873,627,1500
575,566,1141
1850,1035,2885
698,503,1201
863,1985,2848
476,430,906
575,860,1435
1346,747,2093
319,449,768
1236,763,1999
650,656,1306
452,488,940
372,912,1284
2022,988,3010
884,620,1504
539,563,1102
727,1050,1777
1171,1162,2333
1393,812,2205
795,559,1354
531,1810,2341
375,443,818
327,844,1171
1203,1521,2724
404,683,1087
463,470,933
669,919,1588
920,590,1510
421,658,1079
571,679,1250
54,717,771
154,1006,1160
874,726,1600
351,531,882
486,709,1195
714,975,1689
1817,936,2753
501,336,837
1004,730,1734
240,942,1182
291,888,1179
657,649,1306
1100,573,1673
327,918,1245
493,700,1193
981,799,1780
1352,867,2219
524,755,1279
603,1414,2017
430,956,1386
458,923,1381
705,846,1551
542,359,901
279,812,1091
826,754,1580
1439,649,2088
554,526,1080
477,1273,1750
579,825,1404
588,941,1529
515,583,1098
496,529,1025
748,720,1468
891,675,1566
307,711,1018
432,1062,1494
848,698,1546
719,788,1507
674,1252,1926
782,350,1132
466,939,1405
767,554,1321
852,620,1472
934,667,1601
358,701,1059
886,584,1470
584,684,1268
864,728,1592
325,576,901
418,506,924
153,529,682
558,1109,1667
806,1064,1870
828,947,1775
351,544,895
731,751,1482
650,1525,2175
824,831,1655
496,468,964
666,885,1551
738,926,1664
525,490,1015
619,918,1537
470,484,954
86,558,644
554,897,1451
216,808,1024
416,706,1122
390,770,1160
473,578,1051
651,558,1209
592,691,1283
661,980,1641
533,959,1492
756,571,1327
883,887,1770
519,913,1432
587,827,1414
841,1000,1841
341,423,764
785,794,1579
397,1087,1484
226,1065,1291
1033,390,1423
531,961,1492
590,458,1048
692,405,1097
688,891,1579
337,1116,1453
734,423,1157
1316,642,1958
610,1747,2357
911,224,1135
540,1278,1818
766,621,1387
1183,2206,3389
1573,238,1811
369,1117,1486
327,397,724
887,2490,3377
769,959,1728
865,708,1573
258,1386,1644
612,806,1418
1193,2003,3196
1410,252,1662
1092,562,1654
74,463,537
1356,1970,3326
951,750,1701
724,616,1340
659,1425,2084
728,679,1407
274,1990,2264
1305,407,1712
994,720,1714
2013,525,2538
139,650,789
950,838,1788
859,941,1800
42,788,830
1054,1203,2257
216,630,846
318,628,946
354,746,1100
448,385,833
121,830,951
869,1025,1894
742,1015,1757
335,976,1311
630,792,1422
735,1840,2575
1778,1649,3427
516,664,1180
2068,528,2596
117,319,436
2470,1097,3567
807,611,1418
301,373,674
1977,997,2974
210,450,660
675,1548,2223
1244,1146,2390
164,555,719
253,484,737
911,1551,2462
554,802,1356
726,716,1442
339,402,741
1563,890,2453
500,506,1006
2000,754,2754
1427,1100,2527
234,1488,1722
473,330,803
1752,471,2223
624,969,1593
1028,673,1701
329,544,873
638,416,1054
813,874,1687
160,964,1124
811,1147,1958
397,1485,1882
264,442,706
1261,584,1845
417,751,1168
435,742,1177
247,541,788
660,530,1190
293,994,1287
495,813,1308
144,1071,1215
692,656,1348
469,1462,1931
980,1000,1980
1436,527,1963
288,663,951
353,522,875
383,768,1151
547,491,1038
537,866,1403
270,457,727
1395,628,2023
904,713,1617
686,631,1317
946,729,1675
104,886,990
485,837,1322
415,612,1027
325,1093,1418
904,1015,1919
526,623,1149
797,342,1139
747,1027,1774
372,765,1137
567,477,1044
421,774,1195
1079,764,1843
1037,781,1818
1068,643,1711
858,955,1813
30,491,521
627,537,1164
1047,779,1826
601,831,1432
671,694,1365
615,855,1470
668,914,1582
1180,1003,2183
38,804,842
719,829,1548
451,878,1329
244,759,1003
791,860,1651
251,723,974
413,677,1090
170,496,666
175,622,797
204,754,958
149,702,851
571,388,959
1066,923,1989
333,731,1064
585,997,1582
346,694,1040
440,659,1099
602,274,876
794,909,1703
538,851,1389
618,434,1052
301,559,860
326,1120,1446
475,845,1320
898,428,1326
615,909,1524
342,817,1159
300,1043,1343
775,889,1664
362,626,988
577,905,1482
635,602,1237
518,1024,1542
681,471,1152
707,215,922
532,929,1461
627,952,1579
383,1091,1474
715,532,1247
606,699,1305
667,649,1316
714,1086,1800
660,1090,1750
599,1059,1658
393,668,1061
780,691,1471
672,677,1349
88,516,604
83,1628,1711
435,1144,1579
812,418,1230
804,788,1592
763,1204,1967
503,1652,2155
834,761,1595
631,956,1587
924,759,1683
693,1501,2194
165,670,835
71,395,466
552,370,922
949,616,1565
934,992,1926
843,740,1583
627,994,1621
868,584,1452
691,473,1164
1078,1049,2127
1519,774,2293
570,680,1250
970,810,1780
1457,569,2026
306,611,917
508,773,1281
85,688,773
365,1130,1495
841,349,1190
411,1136,1547
536,400,936
978,1491,2469
586,429,1015
248,580,828
114,1037,1151
376,999,1375
339,1535,1874
651,1295,1946
497,574,1071
968,1311,2279
521,1112,1633
548,664,1212
655,1272,1927
1102,1191,2293
214,1166,1380
168,1689,1857
1374,986,2360
633,1308,1941
321,1791,2112
424,1005,1429
520,453,973
610,1284,1894
271,1788,2059
512,1734,2246
794,326,1120
801,1292,2093
185,438,623
821,1348,2169
276,933,1209
516,1237,1753
802,1205,2007
394,1063,1457
272,406,678
962,1257,2219
803,869,1672
513,313,826
870,914,1784
277,1719,1996
467,1254,1721
1045,703,1748
712,605,1317
1385,717,2102
745,567,1312
1498,574,2072
1221,345,1566
914,1493,2407
1139,812,1951
989,682,1671
628,666,1294
1197,956,2153
66,847,913
1442,723,2165
120,455,575
940,542,1482
928,862,1790
793,593,1386
1429,412,1841
113,933,1046
142,585,727
1351,600,1951
37,568,605
196,598,794
128,598,726
136,510,646
1488,683,2171
710,636,1346
540,709,1249
69,726,795
93,575,668
204,681,885
853,713,1566
434,309,743
218,477,695
301,662,963
221,801,1022
775,651,1426
257,608,865
436,738,1174
365,693,1058
595,532,1127
71,829,900
594,454,1048
346,811,1157
287,771,1058
465,413,878
440,378,818
416,752,1168
491,780,1271
214,855,1069
257,872,1129
721,723,1444
457,738,1195
175,938,1113
241,961,1202
607,577,1184
517,812,1329
316,933,1249
316,928,1244
636,666,1302
778,509,1287
805,482,1287
804,453,1257
540,440,980
620,413,1033
637,400,1037
683,374,1057
448,360,808
341,1528,1869
400,1566,1966
844,1388,2232
842,1516,2358
735,1479,2214
621,1552,2173
1170,718,1888
385,315,700
1436,532,1968
1026,671,1697
1072,1056,2128
190,786,976
1148,896,2044
1094,1006,2100
74,1068,1142
413,541,954
69,1450,1519
26,1271,1297
248,970,1218
127,1263,1390
78,865,943
120,1258,1378
752,545,1297
679,997,1676
2075,2745,4820
688,569,1257
630,549,1179
300,3789,4089
724,540,1264
298,915,1213
867,371,1238
479,894,1373
1523,1114,2637
409,810,1219
2600,328,2928
606,3019,3625
678,627,1305
373,1171,1544
257,3743,4000
510,849,1359
941,421,1362
1398,4079,5477
667,3557,4224
712,823,1535
2656,541,3197
982,321,1303
881,633,1514
419,1150,1569
363,596,959
265,565,830
401,4108,4509
335,603,938
3533,471,4004
249,586,835
789,3857,4646
196,610,806
183,801,984
3562,635,4197
155,692,847
3742,573,4315
339,637,976
630,1125,1755
475,1003,1478
405,641,1046
487,540,1027
415,3409,3824
503,1732,2235
944,747,1691
661,608,1269
3917,487,4404
514,1435,1949
3284,507,3791
332,814,1146
615,412,1027
375,4013,4388
504,286,790
903,774,1677
528,616,1144
3578,482,4060
907,943,1850
369,718,1087
447,866,1313
598,505,1103
502,647,1149
747,677,1424
491,806,1297
2738,683,3421
590,492,1082
179,873,1052
229,1619,1848
510,679,1189
667,871,1538
411,1463,1874
562,566,1128
669,522,1191
703,964,1667
508,823,1331
1525,413,1938
774,663,1437
382,950,1332
549,821,1370
1186,896,2082
582,443,1025
2920,1478,4398
447,760,1207
436,546,982
965,799,1764
707,559,1266
3226,1724,4950
390,915,1305
651,765,1416
722,708,1430
291,1045,1336
358,800,1158
3983,1002,4985
580,788,1368
261,963,1224
702,517,1219
777,708,1485
1450,930,2380
1028,295,1323
578,704,1282
333,538,871
633,232,865
730,186,916
837,205,1042
485,697,1182
390,1156,1546
583,1975,2558
780,384,1164
844,685,1529
997,221,1218
931,315,1246
1790,674,2464
1013,609,1622
1664,1154,2818
1102,437,1539
861,906,1767
696,1127,1823
1562,1297,2859
886,764,1650
902,925,1827
198,482,680
2009,723,2732
627,1466,2093
936,967,1903
153,635,788
1024,741,1765
101,504,605
949,1034,1983
91,729,820
220,782,1002
1089,443,1532
425,523,948
851,1482,2333
450,578,1028
72,765,837
585,434,1019
973,1039,2012
352,578,930
536,402,938
199,589,788
600,402,1002
273,880,1153
188,657,845
506,608,1114
26,894,920
1443,1268,2711
552,587,1139
642,626,1268
507,499,1006
568,733,1301
417,636,1053
209,1088,1297
613,644,1257
331,748,1079
489,493,982
1444,708,2152
264,1196,1460
497,497,994
263,847,1110
504,736,1240
154,1118,1272
759,680,1439
553,281,834
423,425,848
519,751,1270
644,288,932
122,368,490
597,782,1379
398,564,962
296,1225,1521
282,637,919
161,431,592
1061,1542,2603
728,865,1593
615,1054,1669
226,402,628
944,504,1448
349,781,1130
582,1050,1632
475,792,1267
690,627,1317
1377,1598,2975
718,682,1400
944,790,1734
262,764,1026
929,618,1547
357,319,676
389,757,1146
234,395,629
408,1202,1610
414,624,1038
1126,604,1730
68,576,644
278,897,1175
808,526,1334
398,653,1051
275,789,1064
695,539,1234
435,954,1389
678,691,1369
119,577,696
36,1494,1530
653,612,1265
440,636,1076
401,431,832
433,946,1379
466,601,1067
282,804,1086
400,325,725
189,763,952
595,1362,1957
467,1102,1569
616,571,1187
186,945,1131
499,1121,1620
591,339,930
472,1270,1742
481,663,1144
451,344,795
606,515,1121
320,1685,2005
418,1313,1731
648,1059,1707
769,1582,2351
503,821,1324
755,1006,1761
672,1095,1767
469,925,1394
871,1569,2440
938,1949,2887
627,1159,1786
1311,589,1900
148,926,1074
1527,1854,3381
373,1111,1484
770,1352,2122
611,1472,2083
1165,1388,2553
995,897,1892
535,1276,1811
484,1757,2241
838,360,1198
873,318,1191
1355,429,1784
628,1301,1929
525,1655,2180
884,462,1346
1397,475,1872
1040,1741,2781
149,1118,1267
1015,449,1464
1347,1333,2680
528,418,946
827,425,1252
1048,965,2013
119,393,512
1471,537,2008
254,1215,1469
1532,1233,2765
177,1296,1473
1067,695,1762
1649,386,2035
692,1033,1725
279,382,661
1335,591,1926
1683,699,2382
1004,808,1812
1017,1457,2474
1227,590,1817
920,895,1815
1079,685,1764
860,1849,2709
1306,438,1744
975,596,1571
316,952,1268
1133,1015,2148
1378,520,1898
485,428,913
1323,585,1908
1256,595,1851
1612,902,2514
636,1701,2337
154,592,746
31,516,547
1214,794,2008
1356,849,2205
145,668,813
150,683,833
170,660,830
285,609,894
598,715,1313
533,650,1183
30,630,660
208,622,830
155,1079,1234
77,882,959
585,687,1272
347,660,1007
184,827,1011
249,735,984
357,453,810
677,572,1249
313,1053,1366
72,636,708
423,875,1298
329,740,1069
576,265,841
534,546,1080
1646,467,2113
952,1531,2483
874,236,1110
899,159,1058
427,707,1134
169,1089,1258
260,738,998
691,972,1663
864,2043,2907
402,203,605
178,812,990
603,346,949
754,302,1056
387,1060,1447
478,1373,1851
722,1259,1981
496,512,1008
1479,1732,3211
547,700,1247
301,1367,1668
692,324,1016
735,402,1137
814,958,1772
495,1336,1831
446,1432,1878
319,1729,2048
813,1061,1874
891,1477,2368
977,957,1934
135,329,464
581,1217,1798
105,569,674
468,946,1414
64,647,711
786,790,1576
388,1735,2123
722,641,1363
1614,939,2553
63,620,683
458,1571,2029
921,794,1715
75,862,937
47,692,739
977,881,1858
877,865,1742
507,1764,2271
1444,746,2190
1166,718,1884
112,603,715
635,951,1586
476,436,912
79,815,894
164,663,827
1137,685,1822
580,753,1333
325,751,1076
1240,768,2008
193,721,914
492,488,980
1629,870,2499
606,596,1202
692,716,1408
586,769,1355
562,811,1373
597,548,1145
782,754,1536
604,548,1152
535,691,1226
1443,883,2326
1235,1018,2253
715,904,1619
1584,905,2489
1143,1374,2517
656,737,1393
478,806,1284
1368,1212,2580
677,836,1513
629,727,1356
571,744,1315
702,736,1438
688,629,1317
550,624,1174
636,723,1359
253,774,1027
745,678,1423
288,626,914
325,614,939
349,1705,2054
437,641,1078
522,1007,1529
574,678,1252
253,925,1178
540,538,1078
304,876,1180
591,927,1518
407,584,991
221,888,1109
478,1609,2087
1338,654,1992
585,516,1101
341,958,1299
450,1047,1497
471,907,1378
798,836,1634
495,1064,1559
436,768,1204
516,1640,2156
113,467,580
605,927,1532
481,807,1288
654,1327,1981
672,567,1239
643,830,1473
870,816,1686
640,752,1392
601,1077,1678
274,1577,1851
441,600,1041
509,506,1015
729,742,1471
394,1536,1930
682,1184,1866
506,1032,1538
286,459,745
903,713,1616
739,753,1492
1247,777,2024
592,459,1051
606,431,1037
565,1088,1653
477,1485,1962
456,1195,1651
354,812,1166
346,708,1054
656,572,1228
491,730,1221
1429,697,2126
397,1038,1435
624,575,1199
656,690,1346
1312,874,2186
426,1022,1448
604,582,1186
405,901,1306
598,848,1446
1398,747,2145
490,718,1208
256,610,866
657,469,1126
278,1062,1340
280,719,999
294,736,1030
788,646,1434
346,870,1216
647,874,1521
834,613,1447
1443,752,2195
481,763,1244
504,804,1308
704,1062,1766
500,580,1080
500,607,1107
705,743,1448
665,588,1253
530,591,1121
900,723,1623
350,519,869
769,536,1305
916,1107,2023
634,510,1144
1012,1202,2214
459,459,918
321,502,823
1154,910,2064
926,1002,1928
667,769,1436
878,780,1658
1013,1060,2073
326,669,995
292,305,597
547,461,1008
558,985,1543
581,1140,1721
343,351,694
716,1022,1738
630,1020,1650
297,354,651
451,647,1098
248,478,726
611,853,1464
463,712,1175
786,669,1455
915,726,1641
511,583,1094
339,535,874
824,506,1330
562,841,1403
738,1031,1769
629,1259,1888
744,651,1395
521,285,806
541,960,1501
258,1257,1515
183,822,1005
706,601,1307
580,721,1301
409,1147,1556
531,307,838
284,609,893
356,672,1028
469,305,774
935,281,1216
659,574,1233
237,291,528
990,315,1305
1103,179,1282
859,145,1004
1092,785,1877
317,913,1230
1090,1028,2118
1126,849,1975
679,220,899
1084,1020,2104
1363,454,1817
1195,653,1848
25,357,382
1402,503,1905
652,570,1222
487,894,1381
1313,647,1960
1009,691,1700
1254,585,1839
1141,674,1815
704,797,1501
598,900,1498
36,494,530
223,691,914
807,1004,1811
911,823,1734
437,1194,1631
349,472,821
46,549,595
773,874,1647
750,937,1687
26,344,370
51,786,837
572,184,756
32,675,707
869,974,1843
1239,1003,2242
310,573,883
49,816,865
37,787,824
224,675,899
293,573,866
355,511,866
308,564,872
69,821,890
1072,1047,2119
729,910,1639
718,1151,1869
242,673,915
308,682,990
578,284,862
228,854,1082
173,746,919
400,541,941
599,309,908
573,335,908
1046,1592,2638
639,383,1022
536,474,1010
264,1042,1306
425,856,1281
434,391,825
643,365,1008
676,430,1106
475,386,861
624,423,1047
487,363,850
598,745,1343
632,617,1249
875,297,1172
795,290,1085
933,1679,2612
885,451,1336
492,736,1228
642,2126,2768
919,302,1221
926,345,1271
989,448,1437
930,499,1429
956,281,1237
867,830,1697
238,494,732
1237,912,2149
215,453,668
105,565,670
200,529,729
145,627,772
942,615,1557
117,986,1103
1267,528,1795
145,992,1137
760,1270,2030
172,946,1118
107,784,891
144,1211,1355
252,1059,1311
1351,861,2212
144,842,986
139,1076,1215
236,1168,1404
237,1082,1319
519,856,1375
327,736,1063
235,1049,1284
481,976,1457
215,1182,1397
588,855,1443
372,745,1117
318,348,666
458,1039,1497
340,946,1286
449,958,1407
874,576,1450
331,1075,1406
254,931,1185
957,388,1345
574,736,1310
303,939,1242
500,1051,1551
419,1115,1534
1085,387,1472
974,401,1375
1285,1975,3260
220,319,539
1102,295,1397
919,587,1506
634,389,1023
684,787,1471
168,1151,1319
371,1070,1441
629,443,1072
630,346,976
1812,1473,3285
965,158,1123
472,855,1327
639,578,1217
639,691,1330
759,272,1031
422,1590,2012
479,928,1407
898,448,1346
535,1748,2283
166,314,480
442,737,1179
812,1580,2392
280,388,668
723,684,1407
784,1469,2253
782,801,1583
1504,240,1744
115,579,694
771,725,1496
885,957,1842
1157,701,1858
81,416,497
173,666,839
1075,1282,2357
362,823,1185
1414,963,2377
593,584,1177
638,563,1201
1442,685,2127
186,420,606
149,1243,1392
716,1074,1790
343,689,1032
1428,634,2062
127,596,723
196,1143,1339
211,1183,1394
293,1179,1472
565,837,1402
1622,756,2378
361,785,1146
206,1212,1418
501,1048,1549
315,826,1141
117,871,988
152,241,393
526,805,1331
761,701,1462
309,1277,1586
210,919,1129
560,723,1283
484,1157,1641
169,928,1097
727,926,1653
158,925,1083
1248,203,1451
796,210,1006
504,1160,1664
865,1502,2367
251,1737,1988
1019,595,1614
956,438,1394
431,1813,2244
1173,389,1562
1135,469,1604
512,1619,2131
1047,633,1680
1288,296,1584
1248,871,2119
37,308,345
1025,641,1666
1172,817,1989
573,1347,1920
1286,701,1987
49,440,489
1033,746,1779
856,1610,2466
1539,664,2203
1665,826,2491
36,571,607
1104,716,1820
1473,555,2028
940,1178,2118
1282,951,2233
70,343,413
100,697,797
1290,1172,2462
1645,974,2619
1678,1014,2692
148,500,648
1072,919,1991
357,371,728
1015,1165,2180
1250,958,2208
107,551,658
1079,1203,2282
1408,1230,2638
134,977,1111
1605,1081,2686
668,591,1259
1122,1276,2398
511,619,1130
82,500,582
739,470,1209
843,589,1432
700,462,1162
138,797,935
105,889,994
454,941,1395
885,320,1205
235,734,969
283,551,834
174,751,925
122,347,469
846,473,1319
384,682,1066
485,868,1353
718,721,1439
371,526,897
963,258,1221
354,1006,1360
1615,1026,2641
238,1057,1295
258,263,521
1097,426,1523
746,311,1057
472,864,1336
234,455,689
820,747,1567
134,562,696
608,998,1606
286,1567,1853
173,1028,1201
776,1318,2094
151,993,1144
870,918,1788
604,1643,2247
407,1003,1410
726,1477,2203
898,1018,1916
629,1314,1943
241,613,854
356,1047,1403
280,457,737
379,525,904
526,926,1452
999,901,1900
443,1136,1579
1110,255,1365
791,868,1659
688,681,1369
277,1186,1463
1296,296,1592
478,927,1405
292,1078,1370
1033,222,1255
131,1065,1196
1234,494,1728
1458,1084,2542
1006,288,1294
348,1259,1607
798,341,1139
495,1481,1976
403,1130,1533
512,1340,1852
966,385,1351
850,780,1630
1430,672,2102
95,272,367
490,1157,1647
357,1291,1648
107,401,508
1252,598,1850
62,390,452
1086,1059,2145
367,1547,1914
123,427,550
1102,590,1692
400,1118,1518
1005,545,1550
1455,776,2231
538,1619,2157
1140,545,1685
925,851,1776
277,2744,3021
873,855,1728
175,435,610
93,525,618
29,696,725
808,1701,2509
1294,468,1762
177,701,878
483,2629,3112
1175,645,1820
266,410,676
223,616,839
1058,660,1718
1152,853,2005
374,613,987
337,601,938
1037,1137,2174
440,796,1236
347,537,884
268,753,1021
1119,1007,2126
620,2196,2816
1492,526,2018
650,603,1253
646,362,1008
659,446,1105
403,943,1346
466,559,1025
144,725,869
1051,1468,2519
651,420,1071
1390,812,2202
711,853,1564
845,450,1295
437,581,1018
198,325,523
464,1145,1609
184,421,605
729,1142,1871
233,366,599
363,747,1110
696,741,1437
682,830,1512
1012,491,1503
716,524,1240
2502,708,3210
485,1031,1516
673,239,912
734,776,1510
450,919,1369
564,1205,1769
564,484,1048
650,322,972
629,1104,1733
757,1535,2292
686,1099,1785
790,781,1571
255,551,806
137,808,945
1682,964,2646
521,726,1247
56,1139,1195
329,496,825
210,947,1157
2574,1288,3862
623,987,1610
899,1381,2280
36,1047,1083
1365,968,2333
532,223,755
785,437,1222
1031,1111,2142
378,494,872
388,826,1214
2459,1185,3644
387,1082,1469
750,1430,2180
92,1402,1494
739,903,1642
201,1013,1214
524,646,1170
466,688,1154
723,764,1487
431,956,1387
491,1242,1733
683,884,1567
987,634,1621
1116,883,1999
1020,709,1729
778,541,1319
400,582,982
1062,647,1709
1271,751,2022
479,794,1273
750,508,1258
1086,806,1892
1190,697,1887
644,389,1033
788,872,1660
694,572,1266
605,494,1099
1070,808,1878
130,454,584
775,569,1344
981,929,1910
1320,608,1928
1000,833,1833
195,1333,1528
650,1061,1711
1459,580,2039
65,318,383
550,621,1171
463,1007,1470
1173,1076,2249
1052,1327,2379
1210,327,1537
1270,906,2176
819,772,1591
107,569,676
254,646,900
1377,1145,2522
745,855,1600
800,774,1574
603,1095,1698
193,773,966
280,861,1141
838,1469,2307
780,274,1054
200,642,842
687,1027,1714
808,745,1553
807,385,1192
186,308,494
480,709,1189
462,566,1028
784,370,1154
688,1155,1843
560,1149,1709
489,588,1077
564,625,1189
701,1170,1871
1207,939,2146
899,598,1497
128,708,836
479,943,1422
254,1276,1530
936,598,1534
653,483,1136
740,573,1313
531,546,1077
891,742,1633
602,529,1131
413,842,1255
232,490,722
427,1224,1651
257,402,659
908,742,1650
471,650,1121
880,566,1446
1059,700,1759
564,900,1464
630,881,1511
406,1247,1653
116,660,776
960,857,1817
563,1489,2052
105,656,761
241,1148,1389
805,553,1358
279,1901,2180
811,577,1388
275,409,684
252,1949,2201
119,724,843
571,795,1366
88,924,1012
347,279,626
1009,1086,2095
429,718,1147
514,716,1230
1111,1114,2225
1868,366,2234
1115,1400,2515
1055,997,2052
1878,381,2259
572,914,1486
1086,1227,2313
980,391,1371
388,1151,1539
1384,820,2204
565,987,1552
135,1095,1230
332,1181,1513
332,1365,1697
448,1288,1736
761,874,1635
530,211,741
361,1365,1726
820,807,1627
995,502,1497
95,236,331
517,1404,1921
434,1160,1594
202,838,1040
286,1187,1473
371,1453,1824
656,1311,1967
653,1421,2074
310,731,1041
101,245,346
81,1611,1692
593,463,1056
133,331,464
1240,469,1709
534,1085,1619
584,646,1230
662,437,1099
1185,556,1741
178,1155,1333
392,512,904
750,458,1208
607,1333,1940
270,1437,1707
1316,590,1906
577,472,1049
658,855,1513
864,533,1397
828,429,1257
345,439,784
1557,475,2032
591,1454,2045
321,846,1167
857,700,1557
365,529,894
447,683,1130
342,620,962
1085,628,1713
1084,749,1833
457,493,950
953,380,1333
83,598,681
336,660,996
564,469,1033
397,616,1013
1047,833,1880
75,724,799
683,492,1175
325,527,852
197,672,869
201,367,568
295,429,724
499,663,1162
175,621,796
48,661,709
467,347,814
345,485,830
444,419,863
190,665,855
197,804,1001
480,897,1377
302,147,449
296,753,1049
578,763,1341
494,578,1072
657,2558,3215
643,872,1515
500,222,722
746,2924,3670
465,656,1121
412,712,1124
329,286,615
503,317,820
478,782,1260
543,225,768
381,2550,2931
1721,1025,2746
356,793,1149
109,1310,1419
651,202,853
890,2924,3814
754,508,1262
2436,421,2857
503,2881,3384
801,408,1209
189,1624,1813
2475,545,3020
11,438,449
288,1574,1862
501,354,855
985,456,1441
24,415,439
351,441,792
815,330,1145
214,695,909
309,1737,2046
51,610,661
364,2088,2452
585,1835,2420
172,448,620
33,613,646
57,2105,2162
508,1394,1902
254,481,735
560,901,1461
167,286,453
68,1108,1176
951,1263,2214
225,2908,3133
192,549,741
134,569,703
1606,758,2364
2805,804,3609
822,986,1808
231,1269,1500
1589,404,1993
412,1805,2217
248,556,804
53,1096,1149
419,436,855
2848,769,3617
325,473,798
1228,572,1800
580,1065,1645
712,406,1118
1956,553,2509
423,673,1096
586,781,1367
461,512,973
2863,849,3712
658,467,1125
1298,910,2208
734,556,1290
1372,579,1951
492,686,1178
272,474,746
1362,994,2356
643,2772,3415
261,721,982
2037,712,2749
837,733,1570
161,600,761
353,518,871
498,295,793
378,793,1171
661,2844,3505
454,658,1112
660,513,1173
785,609,1394
1668,959,2627
691,413,1104
423,916,1339
863,438,1301
500,1081,1581
600,947,1547
449,971,1420
602,910,1512
588,2748,3336
911,509,1420
421,899,1320
346,424,770
2516,592,3108
108,512,620
903,699,1602
356,954,1310
811,909,1720
628,591,1219
616,868,1484
730,625,1355
2570,599,3169
137,887,1024
595,1062,1657
480,472,952
355,1536,1891
282,1008,1290
263,1108,1371
830,750,1580
321,743,1064
483,646,1129
2718,707,3425
268,906,1174
416,985,1401
800,796,1596
711,784,1495
655,1461,2116
380,822,1202
614,870,1484
915,645,1560
868,556,1424
301,813,1114
332,745,1077
578,541,1119
867,1138,2005
863,689,1552
825,721,1546
1434,717,2151
970,650,1620
745,789,1534
1531,299,1830
440,883,1323
692,739,1431
397,601,998
997,451,1448
591,708,1299
658,937,1595
402,737,1139
848,202,1050
460,1132,1592
720,940,1660
333,486,819
447,506,953
538,942,1480
861,426,1287
1251,429,1680
662,834,1496
997,757,1754
609,977,1586
437,561,998
697,919,1616
501,593,1094
368,606,974
512,747,1259
711,948,1659
609,455,1064
853,973,1826
317,835,1152
731,448,1179
828,731,1559
78,659,737
732,614,1346
592,646,1238
837,668,1505
257,816,1073
606,471,1077
370,702,1072
225,265,490
467,999,1466
777,412,1189
123,678,801
263,1157,1420
359,126,485
823,915,1738
403,857,1260
355,799,1154
733,1029,1762
376,245,621
426,925,1351
435,820,1255
580,677,1257
493,954,1447
64,858,922
244,684,928
475,366,841
769,673,1442
559,359,918
561,473,1034
570,364,934
498,244,742
784,717,1501
550,984,1534
651,343,994
657,337,994
419,665,1084
124,999,1123
633,435,1068
529,1742,2271
154,1005,1159
721,400,1121
862,1327,2189
123,1696,1819
897,246,1143
992,2075,3067
411,1405,1816
481,507,988
781,1711,2492
788,178,966
52,1867,1919
327,1588,1915
356,1552,1908
1786,131,1917
1339,109,1448
1187,1381,2568
538,1504,2042
1915,581,2496
485,1416,1901
1371,617,1988
455,1470,1925
1218,545,1763
1329,462,1791
1301,490,1791
1314,545,1859
237,436,673
194,487,681
188,515,703
1652,1121,2773
1300,572,1872
1268,603,1871
25,525,550
1789,968,2757
40,591,631
74,732,806
1485,975,2460
1525,821,2346
397,274,671
2112,414,2526
521,210,731
548,211,759
375,559,934
2179,584,2763
717,669,1386
609,356,965
801,327,1128
661,491,1152
943,535,1478
385,439,824
924,328,1252
784,495,1279
856,588,1444
383,419,802
559,447,1006
950,552,1502
341,371,712
401,1207,1608
774,1212,1986
428,1301,1729
519,1070,1589
313,529,842
893,1122,2015
661,1471,2132
360,579,939
1112,397,1509
1363,858,2221
124,1867,1991
369,779,1148
362,688,1050
450,656,1106
518,627,1145
1065,1006,2071
30,474,504
441,799,1240
1272,972,2244
1194,716,1910
1235,994,2229
502,719,1221
21,528,549
1308,934,2242
64,859,923
941,1156,2097
19,571,590
85,660,745
1331,1120,2451
1052,1314,2366
1298,1256,2554
271,657,928
448,1160,1608
1177,1133,2310
1237,923,2160
444,486,930
88,771,859
1531,1124,2655
452,939,1391
356,388,744
84,740,824
465,511,976
471,1789,2260
327,770,1097
1031,1262,2293
688,764,1452
342,1178,1520
510,985,1495
285,1258,1543
633,1871,2504
375,1214,1589
83,968,1051
876,698,1574
451,1180,1631
955,1520,2475
633,1054,1687
601,963,1564
1642,847,2489
643,1070,1713
389,1023,1412
493,1317,1810
640,841,1481
510,1363,1873
614,1374,1988
248,1131,1379
832,1143,1975
462,1013,1475
428,1891,2319
759,1287,2046
876,1275,2151
829,1057,1886
614,885,1499
383,1149,1532
293,1280,1573
919,1308,2227
1214,857,2071
97,1632,1729
443,1352,1795
475,1315,1790
676,1171,1847
2218,214,2432
1707,381,2088
1765,318,2083
1842,261,2103
1769,433,2202
1437,431,1868
1829,226,2055
1662,310,1972
2156,241,2397
2248,313,2561
1902,820,2722
2098,254,2352
1994,232,2226
1863,685,2548
2066,355,2421
2443,374,2817
2042,186,2228
1950,723,2673
1716,377,2093
2401,246,2647
1151,212,1363
2120,599,2719
2302,451,2753
2632,343,2975
663,284,947
2251,643,2894
706,652,1358
1221,373,1594
670,2709,3379
2213,785,2998
410,552,962
2348,668,3016
662,418,1080
841,686,1527
2105,686,2791
542,424,966
353,397,750
722,753,1475
830,600,1430
745,533,1278
906,755,1661
2875,726,3601
551,547,1098
709,864,1573
267,768,1035
758,962,1720
584,482,1066
235,698,933
432,787,1219
419,754,1173
785,533,1318
740,425,1165
49,430,479
553,812,1365
306,811,1117
252,865,1117
63,726,789
472,931,1403
737,444,1181
51,863,914
241,1026,1267
358,604,962
195,676,871
510,869,1379
374,660,1034
234,725,959
2819,930,3749
185,885,1070
272,856,1128
294,680,974
481,961,1442
462,696,1158
707,587,1294
457,686,1143
572,569,1141
203,1073,1276
441,856,1297
788,437,1225
120,597,717
591,593,1184
806,393,1199
392,763,1155
602,444,1046
694,625,1319
656,337,993
911,626,1537
592,527,1119
933,302,1235
183,828,1011
407,376,783
2612,1290,3902
630,868,1498
628,699,1327
287,1342,1629
659,798,1457
513,509,1022
443,931,1374
417,599,1016
299,1038,1337
385,984,1369
279,659,938
340,931,1271
314,1681,1995
505,909,1414
856,545,1401
810,887,1697
595,1391,1986
552,974,1526
1209,859,2068
516,924,1440
658,863,1521
545,816,1361
1540,116,1656
616,797,1413
293,626,919
734,588,1322
451,621,1072
930,269,1199
1373,133,1506
1012,287,1299
873,290,1163
688,908,1596
592,1024,1616
340,1125,1465
677,509,1186
1626,657,2283
627,1072,1699
903,197,1100
1007,381,1388
859,420,1279
646,1093,1739
995,803,1798
544,1281,1825
104,355,459
665,754,1419
1628,641,2269
1355,383,1738
1217,724,1941
741,698,1439
588,1238,1826
1341,689,2030
117,345,462
699,661,1360
940,543,1483
937,579,1516
211,472,683
23,315,338
1160,978,2138
796,858,1654
431,1294,1725
72,524,596
98,546,644
922,821,1743
774,1099,1873
131,912,1043
810,955,1765
977,916,1893
1113,893,2006
407,594,1001
1064,1008,2072
220,992,1212
94,866,960
243,479,722
1154,687,1841
589,605,1194
105,773,878
724,480,1204
402,765,1167
367,825,1192
391,680,1071
167,1019,1186
379,652,1031
547,835,1382
753,452,1205
259,1028,1287
859,444,1303
466,850,1316
649,837,1486
638,682,1320
332,516,848
122,727,849
125,536,661
848,406,1254
466,526,992
456,954,1410
245,742,987
365,644,1009
320,499,819
664,1019,1683
158,904,1062
602,607,1209
242,1189,1431
546,676,1222
757,531,1288
850,586,1436
311,1119,1430
684,654,1338
526,517,1043
742,610,1352
642,635,1277
454,353,807
849,1137,1986
284,217,501
317,1128,1445
421,888,1309
468,560,1028
531,934,1465
849,690,1539
622,508,1130
97,551,648
462,1137,1599
318,569,887
1000,564,1564
799,1380,2179
246,1103,1349
576,1049,1625
763,638,1401
336,244,580
206,703,909
563,1152,1715
363,579,942
944,624,1568
626,1378,2004
516,531,1047
400,1080,1480
981,788,1769
153,439,592
246,836,1082
984,662,1646
503,686,1189
274,809,1083
745,1426,2171
570,433,1003
136,1167,1303
471,1046,1517
179,438,617
465,792,1257
855,1047,1902
372,392,764
480,898,1378
1128,785,1913
70,712,782
685,753,1438
1031,814,1845
288,449,737
507,705,1212
786,844,1630
944,865,1809
434,850,1284
459,625,1084
97,893,990
520,712,1232
918,744,1662
288,398,686
981,714,1695
1109,668,1777
934,800,1734
396,736,1132
649,800,1449
593,911,1504
715,899,1614
681,596,1277
745,715,1460
334,691,1025
1183,788,1971
590,596,1186
871,524,1395
718,467,1185
587,935,1522
288,896,1184
487,776,1263
753,766,1519
704,247,951
655,2065,2720
758,858,1616
620,901,1521
703,784,1487
519,2724,3243
611,934,1545
333,971,1304
833,409,1242
558,366,924
399,777,1176
648,848,1496
655,1267,1922
356,528,884
790,467,1257
783,501,1284
695,759,1454
131,477,608
226,2551,2777
626,1393,2019
709,433,1142
839,507,1346
652,635,1287
683,525,1208
1730,1302,3032
488,1153,1641
705,1141,1846
710,391,1101
654,889,1543
1018,797,1815
230,357,587
2671,507,3178
1389,420,1809
847,707,1554
419,383,802
2558,590,3148
555,863,1418
221,448,669
127,536,663
975,570,1545
532,586,1118
1094,477,1571
1147,375,1522
453,508,961
920,607,1527
1129,466,1595
463,799,1262
336,526,862
356,504,860
344,2340,2684
603,456,1059
624,489,1113
212,441,653
520,2128,2648
772,441,1213
336,890,1226
364,631,995
774,1299,2073
147,542,689
594,503,1097
718,1385,2103
221,693,914
532,1080,1612
326,491,817
859,519,1378
291,825,1116
198,691,889
662,2885,3547
103,701,804
366,573,939
186,707,893
421,753,1174
302,382,684
481,2153,2634
718,2919,3637
251,891,1142
1137,485,1622
647,795,1442
505,840,1345
413,797,1210
478,732,1210
664,665,1329
449,1063,1512
689,2825,3514
118,1591,1709
1309,1007,2316
327,1562,1889
2897,782,3679
2124,1503,3627
320,1668,1988
277,1496,1773
2115,1466,3581
368,1656,2024
463,1624,2087
378,1434,1812
440,1055,1495
537,1627,2164
1187,885,2072
416,584,1000
1143,345,1488
689,816,1505
2045,1472,3517
2734,891,3625
652,858,1510
491,1521,2012
1160,358,1518
645,1564,2209
991,1110,2101
1216,300,1516
330,1285,1615
1137,468,1605
2781,921,3702
506,854,1360
270,1388,1658
1249,353,1602
537,812,1349
1145,473,1618
463,908,1371
1261,495,1756
575,1259,1834
143,724,867
1313,630,1943
413,527,940
455,1041,1496
1254,616,1870
582,1545,2127
450,538,988
507,333,840
425,475,900
564,1385,1949
287,1408,1695
489,640,1129
1096,313,1409
392,1768,2160
728,690,1418
1622,394,2016
1309,842,2151
103,474,577
987,539,1526
1387,883,2270
638,1534,2172
59,733,792
478,676,1154
904,1351,2255
88,807,895
763,838,1601
639,412,1051
1320,1131,2451
623,379,1002
372,1762,2134
389,779,1168
1662,525,2187
146,450,596
87,922,1009
319,846,1165
146,1081,1227
530,806,1336
126,784,910
663,570,1233
321,732,1053
1164,821,1985
173,425,598
559,623,1182
1167,1029,2196
503,860,1363
360,992,1352
1040,455,1495
2427,196,2623
729,789,1518
811,740,1551
34,846,880
54,425,479
104,900,1004
420,414,834
406,612,1018
204,619,823
1648,616,2264
462,758,1220
852,377,1229
412,700,1112
88,474,562
601,840,1441
405,817,1222
421,804,1225
183,571,754
881,587,1468
738,611,1349
333,931,1264
438,843,1281
197,991,1188
725,663,1388
677,504,1181
381,814,1195
262,459,721
607,559,1166
744,511,1255
591,542,1133
809,624,1433
693,422,1115
493,739,1232
697,606,1303
324,1110,1434
328,528,856
675,612,1287
444,978,1422
544,1109,1653
693,817,1510
330,385,715
732,592,1324
89,787,876
628,512,1140
558,598,1156
292,785,1077
273,707,980
171,2532,2703
822,1113,1935
480,683,1163
686,799,1485
424,677,1101
408,2521,2929
847,726,1573
758,868,1626
561,556,1117
375,649,1024
307,627,934
901,1127,2028
729,590,1319
1071,663,1734
305,546,851
251,908,1159
873,812,1685
482,932,1414
711,704,1415
349,632,981
386,1014,1400
512,904,1416
576,933,1509
301,653,954
504,1033,1537
791,2172,2963
586,426,1012
514,1096,1610
938,864,1802
707,292,999
293,886,1179
494,496,990
527,518,1045
154,977,1131
463,770,1233
2053,923,2976
428,424,852
271,901,1172
968,252,1220
535,1351,1886
622,684,1306
854,214,1068
437,720,1157
982,781,1763
71,1422,1493
878,506,1384
733,799,1532
703,268,971
800,476,1276
160,1145,1305
1002,369,1371
755,338,1093
331,1191,1522
343,1080,1423
457,503,960
257,1221,1478
363,1149,1512
528,1026,1554
2205,933,3138
524,1039,1563
1096,386,1482
1264,274,1538
1355,202,1557
1060,132,1192
1034,267,1301
2062,1169,3231
910,621,1531
1108,305,1413
558,1325,1883
837,596,1433
1097,191,1288
881,1078,1959
67,220,287
575,1149,1724
1213,451,1664
24,343,367
1347,249,1596
179,363,542
1351,353,1704
1521,367,1888
1282,435,1717
1401,479,1880
1401,517,1918
1268,539,1807
378,346,724
297,630,927
390,412,802
423,422,845
336,589,925
229,488,717
317,656,973
265,697,962
416,487,903
411,526,937
438,535,973
429,781,1210
328,883,1211
330,716,1046
353,684,1037
308,807,1115
437,618,1055
435,611,1046
223,655,878
621,462,1083
292,768,1060
536,509,1045
705,723,1428
329,631,960
255,847,1102
1845,448,2293
769,722,1491
294,855,1149
317,918,1235
551,481,1032
680,527,1207
423,956,1379
646,427,1073
353,943,1296
360,623,983
285,598,883
351,735,1086
703,721,1424
392,778,1170
313,1000,1313
820,614,1434
573,848,1421
658,876,1534
334,486,820
475,549,1024
587,411,998
562,667,1229
570,557,1127
453,597,1050
429,947,1376
513,738,1251
322,942,1264
723,1176,1899
566,825,1391
602,702,1304
510,540,1050
438,564,1002
149,1036,1185
296,457,753
742,652,1394
210,755,965
465,767,1232
331,1209,1540
240,1017,1257
888,723,1611
294,763,1057
450,622,1072
325,657,982
775,562,1337
862,599,1461
525,890,1415
489,742,1231
267,1092,1359
371,617,988
307,815,1122
448,550,998
296,837,1133
198,635,833
838,632,1470
543,729,1272
367,897,1264
608,443,1051
455,792,1247
243,665,908
628,651,1279
436,443,879
644,728,1372
866,522,1388
608,811,1419
929,198,1127
1045,590,1635
628,386,1014
755,656,1411
208,743,951
474,522,996
538,596,1134
814,585,1399
615,1439,2054
629,349,978
670,356,1026
862,620,1482
556,1490,2046
924,312,1236
215,944,1159
454,667,1121
727,1380,2107
651,741,1392
337,671,1008
946,839,1785
352,914,1266
702,593,1295
475,689,1164
180,326,506
662,1040,1702
308,521,829
1143,607,1750
207,468,675
715,1194,1909
663,613,1276
1180,487,1667
701,781,1482
693,800,1493
852,850,1702
662,743,1405
791,902,1693
740,726,1466
1247,496,1743
72,913,985
94,851,945
83,480,563
217,500,717
387,1068,1455
166,839,1005
147,576,723
361,314,675
34,826,860
723,1174,1897
253,752,1005
570,472,1042
190,814,1004
85,967,1052
303,501,804
362,627,989
540,156,696
346,443,789
71,957,1028
210,1086,1296
566,532,1098
705,484,1189
711,1013,1724
442,789,1231
416,772,1188
410,1209,1619
370,1365,1735
343,1483,1826
653,1091,1744
449,823,1272
499,1484,1983
569,1418,1987
949,932,1881
937,256,1193
688,739,1427
397,1412,1809
355,1465,1820
1115,707,1822
368,901,1269
949,1092,2041
1024,1071,2095
937,853,1790
672,364,1036
1065,822,1887
869,1182,2051
450,1509,1959
698,452,1150
380,514,894
720,807,1527
1286,793,2079
725,953,1678
859,782,1641
1539,203,1742
998,1137,2135
1060,932,1992
756,591,1347
734,979,1713
1191,461,1652
1369,535,1904
691,617,1308
769,584,1353
1265,406,1671
1286,591,1877
1475,489,1964
697,228,925
1363,782,2145
921,413,1334
885,274,1159
1066,538,1604
88,626,714
767,348,1115
1016,278,1294
898,595,1493
526,1161,1687
277,401,678
581,535,1116
214,356,570
969,2229,3198
62,557,619
346,1094,1440
76,564,640
101,479,580
338,425,763
951,604,1555
784,636,1420
1156,372,1528
299,410,709
1194,1882,3076
186,529,715
568,1071,1639
98,692,790
127,619,746
61,628,689
370,452,822
209,851,1060
164,823,987
150,795,945
958,2107,3065
430,638,1068
445,566,1011
28,578,606
103,603,706
467,538,1005
153,777,930
689,1126,1815
386,592,978
2127,513,2640
334,529,863
607,451,1058
65,765,830
273,579,852
726,258,984
191,1095,1286
649,736,1385
238,752,990
1662,597,2259
271,520,791
601,805,1406
428,799,1227
448,551,999
493,501,994
282,249,531
840,442,1282
687,692,1379
409,648,1057
2035,372,2407
412,611,1023
745,292,1037
1008,785,1793
111,761,872
555,298,853
505,419,924
246,801,1047
368,689,1057
636,499,1135
454,523,977
782,728,1510
277,660,937
805,560,1365
1068,1159,2227
718,359,1077
351,640,991
261,1805,2066
202,456,658
28,295,323
238,618,856
437,381,818
635,708,1343
261,651,912
393,1053,1446
459,406,865
605,840,1445
177,836,1013
89,426,515
651,485,1136
502,907,1409
487,783,1270
205,835,1040
142,560,702
629,1004,1633
279,417,696
149,940,1089
338,2046,2384
195,942,1137
246,351,597
546,1154,1700
583,464,1047
195,587,782
677,524,1201
631,1095,1726
251,948,1199
521,1960,2481
379,877,1256
276,359,635
352,988,1340
741,387,1128
230,486,716
694,599,1293
260,1122,1382
674,485,1159
1571,1020,2591
401,953,1354
328,452,780
598,866,1464
328,537,865
923,686,1609
312,591,903
1232,532,1764
1050,358,1408
489,1024,1513
887,524,1411
694,233,927
592,619,1211
544,1032,1576
962,401,1363
460,397,857
39,271,310
718,596,1314
541,866,1407
86,319,405
973,1052,2025
1036,528,1564
797,438,1235
377,1033,1410
198,304,502
773,794,1567
139,670,809
18,561,579
919,549,1468
191,541,732
77,546,623
128,333,461
419,399,818
325,478,803
656,864,1520
993,507,1500
140,417,557
348,613,961
886,1030,1916
416,677,1093
725,286,1011
520,491,1011
364,379,743
476,279,755
306,316,622
1934,959,2893
410,381,791
262,438,700
975,1527,2502
568,305,873
660,1202,1862
220,555,775
1014,1635,2649
132,311,443
459,225,684
824,1491,2315
588,1269,1857
513,297,810
524,953,1477
991,595,1586
52,555,607
247,247,494
456,314,770
576,697,1273
51,983,1034
91,1541,1632
111,588,699
1323,299,1622
477,811,1288
567,1013,1580
96,393,489
351,1063,1414
83,1771,1854
106,1215,1321
114,1088,1202
165,598,763
1353,409,1762
128,609,737
2029,1544,3573
1008,803,1811
121,509,630
78,1699,1777
972,2297,3269
900,701,1601
765,486,1251
496,496,992
224,594,818
790,2158,2948
955,668,1623
402,641,1043
165,707,872
1105,1052,2157
234,821,1055
531,563,1094
1069,377,1446
226,717,943
1346,1058,2404
377,446,823
500,1494,1994
321,717,1038
624,250,874
105,1101,1206
603,468,1071
485,281,766
375,698,1073
2062,457,2519
1425,903,2328
460,594,1054
369,1149,1518
455,729,1184
969,516,1485
486,931,1417
515,2003,2518
454,203,657
388,817,1205
388,714,1102
1683,957,2640
511,613,1124
908,1382,2290
479,703,1182
1134,1448,2582
677,812,1489
982,1265,2247
626,674,1300
348,633,981
612,671,1283
693,409,1102
473,821,1294
577,876,1453
1652,1170,2822
961,777,1738
360,677,1037
589,165,754
790,783,1573
601,811,1412
695,665,1360
1410,618,2028
788,513,1301
724,1174,1898
434,691,1125
1465,407,1872
603,377,980
717,741,1458
63,311,374
1424,365,1789
1001,1246,2247
860,1015,1875
775,409,1184
319,783,1102
267,528,795
1764,554,2318
1344,1574,2918
95,1173,1268
489,378,867
827,1240,2067
156,670,826
175,1242,1417
251,400,651
469,812,1281
1143,1551,2694
1891,1537,3428
422,913,1335
733,1253,1986
425,1667,2092
317,554,871
882,764,1646
271,408,679
1041,710,1751
520,662,1182
1183,1223,2406
286,1203,1489
551,844,1395
404,478,882
1441,1031,2472
1093,712,1805
692,760,1452
573,922,1495
1369,526,1895
1013,577,1590
178,1555,1733
638,643,1281
1133,436,1569
316,556,872
1384,690,2074
393,459,852
567,467,1034
296,921,1217
1537,592,2129
760,415,1175
745,538,1283
767,877,1644
842,299,1141
494,753,1247
1061,552,1613
151,709,860
1162,562,1724
209,546,755
454,1011,1465
570,406,976
198,979,1177
1325,507,1832
187,640,827
498,670,1168
633,843,1476
307,627,934
241,552,793
395,869,1264
400,954,1354
382,866,1248
1058,1042,2100
289,501,790
324,637,961
346,1059,1405
308,639,947
348,637,985
193,692,885
343,803,1146
847,930,1777
667,310,977
488,548,1036
442,638,1080
714,886,1600
655,1058,1713
382,698,1080
428,1468,1896
619,1258,1877
679,453,1132
433,301,734
723,915,1638
795,509,1304
445,685,1130
685,734,1419
523,498,1021
839,1488,2327
450,1955,2405
870,928,1798
789,1254,2043
744,695,1439
1107,959,2066
1617,470,2087
801,966,1767
613,2571,3184
137,672,809
373,1311,1684
663,220,883
817,914,1731
426,1302,1728
127,783,910
900,1253,2153
941,1278,2219
476,2748,3224
799,1092,1891
284,650,934
509,1371,1880
637,1312,1949
392,1082,1474
818,1002,1820
624,397,1021
117,889,1006
111,1055,1166
742,1271,2013
956,916,1872
95,988,1083
1306,1931,3237
372,176,548
361,845,1206
79,1245,1324
940,854,1794
2021,1031,3052
786,1346,2132
677,644,1321
437,224,661
302,1072,1374
950,1309,2259
729,806,1535
487,250,737
850,525,1375
781,541,1322
736,856,1592
140,191,331
1165,187,1352
1088,285,1373
901,220,1121
1097,728,1825
1000,287,1287
239,432,671
1027,679,1706
797,852,1649
1124,293,1417
707,873,1580
2807,917,3724
752,381,1133
1448,490,1938
404,340,744
1310,723,2033
1478,447,1925
1072,1036,2108
1495,428,1923
533,676,1209
1144,491,1635
1521,714,2235
1433,601,2034
813,799,1612
384,564,948
523,483,1006
2523,618,3141
348,408,756
551,613,1164
270,598,868
1247,592,1839
691,630,1321
1559,538,2097
360,895,1255
834,681,1515
1651,572,2223
1575,804,2379
458,849,1307
509,569,1078
591,473,1064
408,570,978
206,744,950
956,656,1612
407,978,1385
487,807,1294
826,833,1659
859,821,1680
375,909,1284
439,717,1156
305,581,886
165,645,810
480,586,1066
460,480,940
635,753,1388
270,723,993
391,895,1286
442,814,1256
454,975,1429
602,503,1105
319,690,1009
372,667,1039
760,479,1239
409,864,1273
468,818,1286
501,617,1118
462,769,1231
695,662,1357
770,793,1563
567,487,1054
1002,520,1522
676,797,1473
659,786,1445
595,751,1346
803,465,1268
731,801,1532
659,788,1447
496,761,1257
657,658,1315
584,727,1311
787,1056,1843
927,742,1669
615,638,1253
428,363,791
770,932,1702
375,463,838
600,1103,1703
624,1022,1646
639,846,1485
398,441,839
759,1026,1785
755,876,1631
457,339,796
215,497,712
631,1032,1663
488,480,968
480,781,1261
763,886,1649
445,428,873
665,1033,1698
259,723,982
225,988,1213
355,462,817
590,1241,1831
586,667,1253
693,380,1073
649,1323,1972
816,977,1793
843,1778,2621
409,896,1305
603,613,1216
587,615,1202
329,495,824
741,559,1300
518,379,897
228,705,933
395,1058,1453
758,727,1485
738,667,1405
471,984,1455
766,649,1415
819,783,1602
417,560,977
397,585,982
458,1034,1492
805,576,1381
200,597,797
1011,1647,2658
447,436,883
985,695,1680
231,930,1161
82,766,848
400,1174,1574
860,702,1562
659,1248,1907
514,1099,1613
96,1049,1145
197,630,827
833,1182,2015
325,841,1166
180,1218,1398
954,967,1921
911,744,1655
1195,687,1882
355,863,1218
800,613,1413
590,609,1199
671,693,1364
591,316,907
618,2002,2620
221,1306,1527
1349,1249,2598
881,1064,1945
353,1169,1522
491,967,1458
475,792,1267
284,670,954
581,791,1372
211,941,1152
519,708,1227
939,244,1183
560,967,1527
373,1410,1783
412,1238,1650
229,901,1130
536,1027,1563
696,543,1239
922,391,1313
577,1367,1944
759,372,1131
1386,324,1710
906,1079,1985
686,485,1171
621,1202,1823
847,315,1162
1354,1256,2610
1155,1054,2209
366,1170,1536
1204,314,1518
807,835,1642
1224,738,1962
1432,366,1798
1305,510,1815
1353,491,1844
1073,814,1887
1123,768,1891
1786,1584,3370
1266,484,1750
1335,556,1891
1370,494,1864
973,1897,2870
126,498,624
1317,651,1968
1216,633,1849
1285,1238,2523
229,549,778
1335,666,2001
137,616,753
62,550,612
75,584,659
31,639,670
52,775,827
53,750,803
219,546,765
191,607,798
1227,1220,2447
176,464,640
113,393,506
1322,1541,2863
1210,1195,2405
77,961,1038
955,1912,2867
333,487,820
91,937,1028
343,522,865
296,560,856
1118,1357,2475
152,1048,1200
594,479,1073
424,646,1070
150,880,1030
406,804,1210
372,675,1047
149,599,748
186,558,744
1424,1322,2746
82,1214,1296
1574,1358,2932
464,502,966
370,653,1023
159,1050,1209
669,598,1267
798,934,1732
483,551,1034
302,1090,1392
647,1063,1710
711,830,1541
412,668,1080
219,1093,1312
740,610,1350
883,444,1327
437,643,1080
778,742,1520
372,459,831
477,1088,1565
726,1073,1799
884,814,1698
420,1223,1643
1073,588,1661
648,580,1228
932,1129,2061
410,1408,1818
367,680,1047
438,636,1074
460,842,1302
991,881,1872
1024,1083,2107
864,575,1439
252,800,1052
331,1021,1352
628,928,1556
1147,738,1885
588,1333,1921
1159,589,1748
637,799,1436
898,1093,1991
405,994,1399
1232,436,1668
411,733,1144
444,936,1380
461,1145,1606
561,1187,1748
467,652,1119
649,913,1562
800,968,1768
378,1276,1654
580,528,1108
336,1060,1396
1106,429,1535
521,446,967
832,1010,1842
380,874,1254
549,894,1443
647,929,1576
967,1443,2410
929,763,1692
816,545,1361
775,1444,2219
934,487,1421
470,658,1128
895,514,1409
661,580,1241
1037,1228,2265
546,1048,1594
345,664,1009
1045,683,1728
1130,425,1555
647,956,1603
806,503,1309
834,410,1244
620,550,1170
713,764,1477
519,386,905
157,656,813
608,954,1562
560,1075,1635
1295,311,1606
294,399,693
1100,589,1689
206,734,940
449,560,1009
590,1221,1811
442,378,820
247,736,983
495,1795,2290
1150,409,1559
921,707,1628
339,411,750
821,1019,1840
296,704,1000
801,934,1735
947,1186,2133
753,577,1330
415,854,1269
308,595,903
400,1035,1435
697,806,1503
206,521,727
931,566,1497
631,722,1353
616,1159,1775
483,377,860
494,454,948
781,947,1728
928,925,1853
581,570,1151
282,751,1033
684,864,1548
1026,290,1316
339,1141,1480
495,430,925
941,506,1447
79,638,717
120,904,1024
757,736,1493
418,844,1262
1052,547,1599
651,1386,2037
328,1302,1630
766,492,1258
795,1099,1894
627,977,1604
469,659,1128
69,1217,1286
90,1209,1299
1150,1980,3130
607,834,1441
811,510,1321
339,768,1107
233,1181,1414
1635,1455,3090
631,883,1514
212,1068,1280
455,1159,1614
566,1882,2448
1192,333,1525
282,1890,2172
555,1059,1614
279,1351,1630
1206,1631,2837
449,990,1439
465,1289,1754
484,1319,1803
832,1665,2497
1122,540,1662
683,1310,1993
685,1050,1735
733,1416,2149
940,957,1897
600,1261,1861
1886,610,2496
710,707,1417
346,1517,1863
806,1164,1970
1553,651,2204
1084,494,1578
1123,1251,2374
1190,655,1845
1622,527,2149
1228,848,2076
651,880,1531
1079,772,1851
370,691,1061
606,1060,1666
1123,391,1514
811,1575,2386
1159,519,1678
1550,669,2219
949,824,1773
1466,1444,2910
1194,907,2101
468,1053,1521
207,2383,2590
1198,533,1731
1289,570,1859
416,1076,1492
66,1302,1368
865,1281,2146
1088,1240,2328
1845,578,2423
879,600,1479
855,1453,2308
326,2398,2724
163,769,932
162,674,836
917,761,1678
214,1507,1721
1685,844,2529
175,882,1057
162,638,800
1469,882,2351
299,696,995
510,732,1242
137,712,849
164,916,1080
460,1518,1978
400,2596,2996
176,973,1149
1130,1124,2254
406,843,1249
401,808,1209
129,1101,1230
337,957,1294
772,722,1494
280,1031,1311
469,519,988
333,1026,1359
570,740,1310
668,698,1366
493,881,1374
871,663,1534
752,733,1485
532,803,1335
737,851,1588
1004,838,1842
565,711,1276
475,720,1195
632,2706,3338
394,1076,1470
970,621,1591
2293,1468,3761
775,598,1373
777,622,1399
485,553,1038
438,884,1322
559,603,1162
811,991,1802
563,748,1311
967,597,1564
785,720,1505
582,1095,1677
457,859,1316
765,698,1463
518,955,1473
2459,1270,3729
394,1015,1409
2400,1361,3761
1074,355,1429
770,627,1397
591,711,1302
742,681,1423
379,567,946
1818,598,2416
1299,732,2031
214,604,818
413,2299,2712
1081,823,1904
804,970,1774
500,1147,1647
223,991,1214
268,887,1155
880,1431,2311
449,903,1352
462,944,1406
584,2174,2758
619,467,1086
725,1104,1829
355,864,1219
775,1134,1909
243,2350,2593
459,1040,1499
272,794,1066
1206,151,1357
252,1300,1552
238,2786,3024
574,963,1537
644,561,1205
930,360,1290
493,1157,1650
1001,546,1547
263,784,1047
288,1013,1301
2267,417,2684
922,310,1232
706,963,1669
768,565,1333
206,1157,1363
2119,700,2819
778,530,1308
243,3196,3439
823,1184,2007
828,804,1632
1019,334,1353
1103,1056,2159
1396,416,1812
493,3309,3802
1071,425,1496
1092,350,1442
1101,576,1677
992,514,1506
117,442,559
1092,797,1889
2388,1148,3536
527,1018,1545
25,454,479
67,448,515
2726,963,3689
68,466,534
733,515,1248
36,666,702
3017,286,3303
240,471,711
996,859,1855
32,636,668
296,463,759
328,676,1004
1455,518,1973
101,729,830
407,418,825
293,651,944
1117,1421,2538
323,562,885
59,611,670
158,582,740
86,465,551
978,755,1733
509,618,1127
148,1131,1279
116,311,427
545,449,994
991,1252,2243
3179,564,3743
212,1106,1318
202,535,737
247,942,1189
314,1175,1489
254,533,787
1017,901,1918
264,553,817
120,857,977
54,1498,1552
517,1047,1564
567,790,1357
373,1257,1630
564,1192,1756
199,581,780
54,1624,1678
296,696,992
164,1113,1277
120,1144,1264
107,1702,1809
454,1093,1547
243,1018,1261
956,572,1528
530,420,950
367,857,1224
274,492,766
1003,744,1747
482,575,1057
335,1149,1484
239,1094,1333
819,601,1420
511,670,1181
803,564,1367
899,706,1605
476,1488,1964
653,676,1329
588,559,1147
448,980,1428
667,1219,1886
1154,902,2056
1042,584,1626
938,725,1663
944,732,1676
1415,857,2272
1065,583,1648
972,1451,2423
410,1085,1495
756,714,1470
254,600,854
1333,1121,2454
171,556,727
475,379,854
978,909,1887
1036,574,1610
1072,485,1557
880,854,1734
500,583,1083
829,484,1313
915,632,1547
592,1062,1654
344,635,979
547,273,820
1362,765,2127
1548,693,2241
1109,497,1606
307,851,1158
1051,1175,2226
731,760,1491
529,900,1429
1403,455,1858
355,814,1169
392,778,1170
815,707,1522
514,596,1110
495,1058,1553
858,711,1569
550,748,1298
459,906,1365
626,336,962
88,1383,1471
421,968,1389
75,788,863
292,1467,1759
315,1099,1414
275,562,837
336,1489,1825
700,809,1509
773,679,1452
641,667,1308
1390,510,1900
1163,330,1493
590,395,985
745,962,1707
572,463,1035
718,474,1192
602,591,1193
635,398,1033
669,1380,2049
1311,326,1637
536,892,1428
572,634,1206
654,518,1172
381,1308,1689
673,1065,1738
684,1175,1859
1433,334,1767
676,259,935
584,761,1345
120,809,929
103,421,524
621,716,1337
672,757,1429
131,512,643
456,744,1200
562,468,1030
539,796,1335
543,1279,1822
248,687,935
54,748,802
289,1140,1429
723,584,1307
67,398,465
235,455,690
528,1532,2060
937,450,1387
126,1556,1682
386,503,889
442,568,1010
734,1257,1991
1217,637,1854
196,759,955
107,793,900
982,776,1758
495,624,1119
446,630,1076
1084,810,1894
443,674,1117
1167,696,1863
475,1265,1740
284,1227,1511
260,627,887
33,558,591
484,1598,2082
1237,847,2084
80,700,780
214,640,854
318,1165,1483
282,646,928
664,871,1535
648,611,1259
50,511,561
1420,757,2177
492,526,1018
1352,609,1961
535,1678,2213
477,736,1213
270,463,733
1001,839,1840
302,847,1149
150,971,1121
587,1354,1941
435,476,911
539,693,1232
1105,1318,2423
327,967,1294
299,1123,1422
1063,817,1880
291,916,1207
874,425,1299
453,771,1224
582,523,1105
490,754,1244
647,736,1383
1443,521,1964
616,697,1313
543,792,1335
419,1180,1599
513,1078,1591
482,683,1165
1487,770,2257
382,807,1189
383,1126,1509
828,478,1306
465,716,1181
539,1157,1696
662,722,1384
675,435,1110
1277,488,1765
374,1422,1796
835,414,1249
678,674,1352
831,1084,1915
236,568,804
1249,384,1633
906,829,1735
803,1162,1965
46,804,850
559,1336,1895
723,1186,1909
163,910,1073
640,1177,1817
1015,638,1653
841,693,1534
223,570,793
117,1102,1219
463,1839,2302
1036,859,1895
292,797,1089
522,702,1224
1181,1505,2686
183,896,1079
230,1007,1237
967,1516,2483
364,898,1262
555,625,1180
241,1057,1298
974,1352,2326
230,781,1011
455,870,1325
327,541,868
910,402,1312
80,802,882
703,1084,1787
372,797,1169
937,582,1519
121,1447,1568
754,589,1343
591,754,1345
879,1511,2390
527,1085,1612
243,1227,1470
909,1929,2838
526,526,1052
581,488,1069
509,800,1309
358,659,1017
592,487,1079
813,519,1332
1223,316,1539
849,809,1658
685,963,1648
1212,769,1981
1125,468,1593
236,761,997
335,672,1007
892,512,1404
606,471,1077
568,665,1233
732,736,1468
148,715,863
547,828,1375
719,1019,1738
904,378,1282
758,696,1454
444,1080,1524
424,1021,1445
220,698,918
417,992,1409
415,509,924
855,1903,2758
233,448,681
1328,698,2026
542,1171,1713
79,1228,1307
982,1188,2170
741,866,1607
539,627,1166
689,1110,1799
462,383,845
1144,1599,2743
242,560,802
465,1330,1795
422,725,1147
464,916,1380
894,510,1404
880,1192,2072
469,576,1045
1866,1078,2944
322,735,1057
743,1399,2142
293,979,1272
428,772,1200
231,1198,1429
397,687,1084
765,997,1762
448,910,1358
257,610,867
2143,938,3081
1114,715,1829
315,1102,1417
601,764,1365
587,1162,1749
917,661,1578
465,724,1189
885,656,1541
541,433,974
1160,426,1586
1528,725,2253
445,677,1122
703,660,1363
665,961,1626
482,492,974
976,955,1931
808,905,1713
1089,1073,2162
822,295,1117
1078,877,1955
509,1014,1523
239,860,1099
723,1076,1799
796,238,1034
842,588,1430
927,635,1562
455,980,1435
768,1074,1842
510,611,1121
973,883,1856
503,770,1273
699,570,1269
1067,533,1600
684,522,1206
469,626,1095
283,1043,1326
563,830,1393
433,698,1131
1033,246,1279
748,768,1516
514,1211,1725
707,801,1508
748,528,1276
556,831,1387
57,638,695
897,684,1581
817,518,1335
60,692,752
1090,395,1485
649,1019,1668
939,852,1791
224,828,1052
485,747,1232
557,1089,1646
349,516,865
66,1116,1182
249,526,775
759,952,1711
889,645,1534
537,725,1262
545,843,1388
580,814,1394
353,877,1230
471,721,1192
269,845,1114
874,966,1840
684,705,1389
517,816,1333
601,698,1299
125,1246,1371
270,695,965
88,841,929
391,1181,1572
380,669,1049
443,1062,1505
254,947,1201
1035,397,1432
405,849,1254
636,1253,1889
577,702,1279
533,564,1097
556,1270,1826
710,880,1590
736,561,1297
606,1146,1752
625,426,1051
804,575,1379
672,322,994
745,1266,2011
750,934,1684
1023,417,1440
1122,1400,2522
728,791,1519
616,894,1510
582,909,1491
721,565,1286
432,613,1045
599,348,947
390,878,1268
1146,587,1733
561,1385,1946
764,539,1303
506,1055,1561
597,686,1283
705,1021,1726
238,782,1020
271,471,742
51,780,831
299,783,1082
995,763,1758
467,707,1174
489,943,1432
341,544,885
842,846,1688
1165,1041,2206
653,1241,1894
237,573,810
802,433,1235
922,523,1445
733,842,1575
395,591,986
611,584,1195
561,389,950
770,926,1696
1127,891,2018
1321,692,2013
163,743,906
483,883,1366
926,1084,2010
1151,860,2011
847,840,1687
658,621,1279
700,543,1243
1118,734,1852
406,702,1108
539,869,1408
466,545,1011
495,728,1223
750,574,1324
579,619,1198
928,870,1798
309,628,937
586,515,1101
827,645,1472
751,847,1598
363,838,1201
51,590,641
585,460,1045
838,256,1094
598,827,1425
404,932,1336
935,479,1414
722,830,1552
654,861,1515
235,1676,1911
625,1235,1860
1011,754,1765
877,568,1445
910,505,1415
515,998,1513
779,1256,2035
475,740,1215
608,542,1150
482,568,1050
746,1368,2114
284,481,765
784,274,1058
261,637,898
703,1337,2040
386,271,657
641,480,1121
345,960,1305
225,1002,1227
589,540,1129
408,746,1154
599,478,1077
493,967,1460
573,889,1462
548,210,758
569,845,1414
342,435,777
590,814,1404
64,246,310
441,856,1297
116,792,908
918,629,1547
548,812,1360
1557,584,2141
719,1010,1729
615,1129,1744
140,1030,1170
887,1040,1927
92,324,416
523,719,1242
271,840,1111
542,449,991
802,615,1417
1097,820,1917
177,1021,1198
940,660,1600
1217,1015,2232
510,958,1468
1059,910,1969
760,781,1541
362,917,1279
342,597,939
193,813,1006
218,806,1024
480,990,1470
938,577,1515
699,557,1256
968,1191,2159
986,703,1689
158,469,627
958,753,1711
413,686,1099
241,1572,1813
575,655,1230
560,781,1341
939,844,1783
510,1156,1666
801,409,1210
617,973,1590
760,867,1627
583,485,1068
710,1285,1995
826,633,1459
517,1178,1695
643,680,1323
305,993,1298
301,593,894
642,1092,1734
399,672,1071
58,1507,1565
671,1393,2064
886,812,1698
368,945,1313
110,1332,1442
460,615,1075
695,816,1511
887,527,1414
265,1578,1843
1510,703,2213
462,755,1217
557,806,1363
1019,1003,2022
1123,631,1754
189,675,864
904,377,1281
1436,675,2111
539,667,1206
221,1344,1565
1032,501,1533
782,771,1553
264,489,753
735,528,1263
822,596,1418
424,686,1110
510,784,1294
527,708,1235
1488,463,1951
402,2097,2499
1305,544,1849
559,798,1357
460,1751,2211
614,821,1435
614,744,1358
319,437,756
265,518,783
873,497,1370
839,813,1652
951,992,1943
506,705,1211
311,517,828
484,1776,2260
615,959,1574
561,598,1159
361,519,880
644,723,1367
509,743,1252
1047,1130,2177
624,964,1588
264,827,1091
573,833,1406
589,1002,1591
21,441,462
423,839,1262
457,246,703
712,720,1432
369,1185,1554
168,911,1079
542,775,1317
369,723,1092
636,1386,2022
438,823,1261
481,782,1263
517,1355,1872
666,1352,2018
301,852,1153
837,666,1503
678,574,1252
516,438,954
989,359,1348
906,533,1439
1168,1211,2379
2028,550,2578
630,576,1206
1652,1423,3075
320,1341,1661
740,1845,2585
704,569,1273
1087,1409,2496
555,1053,1608
300,630,930
693,989,1682
928,692,1620
253,1090,1343
1186,792,1978
754,785,1539
700,1010,1710
800,1227,2027
332,378,710
829,1640,2469
1044,552,1596
760,1192,1952
407,418,825
746,1175,1921
368,976,1344
1205,1114,2319
253,1144,1397
1189,1389,2578
579,323,902
939,517,1456
1318,1140,2458
478,1048,1526
1547,563,2110
1685,1424,3109
547,1161,1708
848,597,1445
661,464,1125
974,510,1484
846,1148,1994
545,1244,1789
1126,1699,2825
1391,646,2037
311,1320,1631
1052,538,1590
588,462,1050
893,447,1340
624,1129,1753
954,832,1786
1467,1088,2555
671,781,1452
962,953,1915
1180,884,2064
1056,588,1644
981,529,1510
510,399,909
1089,725,1814
250,1163,1413
647,788,1435
442,513,955
65,488,553
1416,662,2078
23,536,559
440,1050,1490
644,330,974
196,752,948
940,610,1550
55,1047,1102
264,731,995
748,431,1179
880,262,1142
994,498,1492
443,613,1056
495,1807,2302
846,753,1599
1031,652,1683
1192,1837,3029
287,737,1024
900,443,1343
403,1019,1422
108,894,1002
892,1114,2006
1135,758,1893
664,801,1465
270,1229,1499
221,1018,1239
199,337,536
566,594,1160
593,1036,1629
181,967,1148
794,277,1071
177,1004,1181
1247,1892,3139
100,941,1041
885,251,1136
335,732,1067
547,890,1437
230,442,672
454,1104,1558
794,485,1279
1602,1611,3213
472,1034,1506
301,1401,1702
1925,771,2696
490,367,857
730,500,1230
1043,454,1497
488,1110,1598
1999,777,2776
174,499,673
861,846,1707
511,949,1460
497,1715,2212
187,538,725
1078,725,1803
624,1068,1692
717,1251,1968
1368,482,1850
1156,804,1960
925,449,1374
303,480,783
715,464,1179
762,967,1729
911,434,1345
1109,849,1958
606,458,1064
605,929,1534
230,408,638
655,437,1092
256,1092,1348
583,885,1468
1009,558,1567
916,431,1347
1556,540,2096
229,443,672
598,339,937
892,470,1362
1153,492,1645
396,402,798
496,472,968
987,613,1600
625,1132,1757
948,704,1652
642,351,993
336,580,916
721,1019,1740
288,458,746
388,587,975
157,1093,1250
547,329,876
292,604,896
707,1507,2214
961,1319,2280
318,1067,1385
488,340,828
522,1526,2048
367,328,695
409,1123,1532
904,1823,2727
287,750,1037
416,418,834
836,597,1433
374,814,1188
733,400,1133
351,1256,1607
972,542,1514
165,1542,1707
978,1774,2752
1084,674,1758
392,921,1313
58,365,423
224,1124,1348
30,913,943
332,941,1273
1033,395,1428
946,878,1824
330,1169,1499
1393,417,1810
135,949,1084
577,494,1071
566,515,1081
1399,1053,2452
101,991,1092
452,1462,1914
163,517,680
246,1120,1366
1047,904,1951
446,1330,1776
233,808,1041
820,607,1427
1442,754,2196
448,1339,1787
516,922,1438
699,505,1204
286,831,1117
180,1141,1321
562,651,1213
605,1081,1686
1325,344,1669
947,297,1244
689,810,1499
806,901,1707
389,420,809
242,279,521
323,655,978
224,964,1188
1156,495,1651
1012,335,1347
1471,755,2226
707,597,1304
721,503,1224
531,719,1250
1062,513,1575
655,538,1193
31,683,714
653,725,1378
551,1064,1615
1569,1229,2798
381,376,757
733,520,1253
890,575,1465
893,920,1813
262,594,856
596,216,812
158,514,672
385,591,976
870,1253,2123
246,368,614
352,617,969
528,1109,1637
311,1210,1521
428,610,1038
793,849,1642
658,226,884
327,573,900
476,567,1043
615,1580,2195
185,620,805
453,510,963
1197,525,1722
453,1345,1798
248,514,762
178,765,943
908,629,1537
1020,1236,2256
336,636,972
784,1458,2242
213,648,861
369,699,1068
781,807,1588
319,555,874
416,640,1056
1027,449,1476
750,1685,2435
503,504,1007
391,1291,1682
217,790,1007
44,1135,1179
1283,566,1849
860,837,1697
451,873,1324
434,252,686
1321,558,1879
1159,739,1898
296,558,854
389,770,1159
61,1325,1386
407,639,1046
340,594,934
256,442,698
77,556,633
508,1351,1859
1109,466,1575
351,681,1032
399,739,1138
447,444,891
516,1095,1611
427,614,1041
497,465,962
259,850,1109
924,1338,2262
440,1113,1553
335,369,704
351,950,1301
301,898,1199
283,1217,1500
478,882,1360
463,479,942
572,820,1392
580,976,1556
1484,979,2463
1025,784,1809
813,400,1213
1253,1030,2283
51,876,927
515,871,1386
1224,581,1805
181,255,436
930,658,1588
97,1672,1769
545,860,1405
1326,806,2132
542,775,1317
266,640,906
515,988,1503
626,576,1202
676,780,1456
768,411,1179
1199,330,1529
118,1673,1791
695,423,1118
666,737,1403
366,838,1204
295,1324,1619
216,521,737
589,362,951
173,992,1165
902,539,1441
265,875,1140
918,516,1434
733,748,1481
225,828,1053
815,1044,1859
495,647,1142
605,719,1324
784,955,1739
346,703,1049
529,665,1194
220,834,1054
407,435,842
487,740,1227
358,707,1065
564,320,884
908,850,1758
783,610,1393
1284,544,1828
834,362,1196
789,730,1519
806,1215,2021
890,588,1478
600,303,903
637,828,1465
595,1436,2031
439,612,1051
126,374,500
345,845,1190
151,878,1029
1553,1116,2669
842,526,1368
677,744,1421
728,762,1490
596,1320,1916
679,996,1675
638,655,1293
833,707,1540
210,360,570
836,1296,2132
1594,1266,2860
451,642,1093
629,835,1464
231,775,1006
578,1151,1729
788,857,1645
603,646,1249
665,1013,1678
256,565,821
1281,633,1914
272,734,1006
367,562,929
501,887,1388
744,592,1336
798,1171,1969
170,816,986
1042,1165,2207
753,1330,2083
454,477,931
466,588,1054
403,707,1110
1079,831,1910
987,697,1684
1148,587,1735
655,1006,1661
650,569,1219
672,850,1522
1139,762,1901
79,643,722
325,1133,1458
604,866,1470
1181,747,1928
962,408,1370
653,353,1006
714,780,1494
558,685,1243
293,709,1002
1113,569,1682
230,1037,1267
945,604,1549
917,782,1699
754,860,1614
808,721,1529
435,744,1179
693,933,1626
738,881,1619
497,1662,2159
407,1016,1423
714,1170,1884
454,1100,1554
616,999,1615
59,981,1040
846,937,1783
619,1086,1705
242,770,1012
412,1058,1470
399,1237,1636
127,972,1099
452,1274,1726
613,777,1390
260,911,1171
663,1208,1871
578,1484,2062
76,1300,1376
697,1077,1774
279,754,1033
397,700,1097
262,1113,1375
285,1046,1331
729,568,1297
613,794,1407
1542,574,2116
830,1007,1837
477,1469,1946
465,708,1173
653,721,1374
674,1369,2043
621,1581,2202
746,795,1541
751,649,1400
816,653,1469
898,698,1596
289,1308,1597
478,916,1394
979,636,1615
501,733,1234
797,563,1360
1128,590,1718
496,715,1211
877,635,1512
1161,589,1750
300,1425,1725
683,1526,2209
785,916,1701
542,397,939
1198,946,2144
774,836,1610
525,1166,1691
499,591,1090
816,491,1307
240,725,965
594,1409,2003
819,585,1404
625,924,1549
585,578,1163
1396,589,1985
196,897,1093
868,1025,1893
1340,693,2033
369,797,1166
395,742,1137
1199,899,2098
504,842,1346
546,708,1254
587,528,1115
551,645,1196
745,583,1328
178,707,885
815,445,1260
528,762,1290
824,554,1378
1104,714,1818
508,638,1146
1195,977,2172
635,620,1255
375,883,1258
363,570,933
417,561,978
406,871,1277
565,462,1027
865,604,1469
768,541,1309
1318,1190,2508
488,1125,1613
369,611,980
1272,1104,2376
539,707,1246
637,606,1243
473,498,971
665,724,1389
41,861,902
707,542,1249
504,1239,1743
602,871,1473
827,1031,1858
642,1273,1915
542,582,1124
404,725,1129
1195,617,1812
812,456,1268
515,556,1071
468,1308,1776
709,1146,1855
735,1021,1756
771,777,1548
629,550,1179
468,1391,1859
732,511,1243
511,767,1278
432,618,1050
601,1299,1900
690,1294,1984
809,1662,2471
535,916,1451
980,1062,2042
781,674,1455
623,861,1484
452,950,1402
369,633,1002
1191,692,1883
214,928,1142
417,768,1185
1120,650,1770
840,878,1718
445,627,1072
602,1671,2273
670,529,1199
172,798,970
610,616,1226
950,1449,2399
1109,848,1957
1167,501,1668
1304,762,2066
1143,1401,2544
555,660,1215
272,609,881
1502,638,2140
443,576,1019
801,636,1437
1211,619,1830
344,1395,1739
784,647,1431
794,671,1465
1057,1181,2238
1321,356,1677
893,932,1825
477,643,1120
683,489,1172
672,497,1169
504,1891,2395
603,893,1496
567,667,1234
666,1230,1896
673,900,1573
515,512,1027
461,799,1260
1104,641,1745
471,475,946
799,1759,2558
685,1049,1734
475,931,1406
433,666,1099
392,1858,2250
532,858,1390
274,891,1165
479,1585,2064
1076,617,1693
130,603,733
671,704,1375
462,1068,1530
483,537,1020
554,528,1082
1932,385,2317
806,553,1359
510,782,1292
494,845,1339
978,666,1644
362,923,1285
403,1188,1591
655,936,1591
514,539,1053
869,925,1794
140,1866,2006
559,1181,1740
892,291,1183
862,598,1460
1708,601,2309
1159,645,1804
674,605,1279
241,1168,1409
905,757,1662
1894,668,2562
557,978,1535
859,878,1737
66,682,748
627,608,1235
354,2141,2495
493,962,1455
599,709,1308
980,646,1626
95,343,438
677,796,1473
760,913,1673
120,627,747
260,609,869
1680,1131,2811
985,827,1812
913,741,1654
263,741,1004
177,750,927
115,654,769
96,930,1026
310,793,1103
488,436,924
1035,1085,2120
1645,1172,2817
1087,735,1822
456,573,1029
185,899,1084
1854,961,2815
556,949,1505
666,486,1152
535,806,1341
548,583,1131
822,1157,1979
628,670,1298
522,666,1188
653,727,1380
872,648,1520
668,652,1320
476,783,1259
973,727,1700
462,1221,1683
338,807,1145
388,815,1203
896,468,1364
687,752,1439
399,715,1114
579,496,1075
487,711,1198
823,1060,1883
712,470,1182
973,755,1728
521,570,1091
764,584,1348
359,908,1267
828,737,1565
782,664,1446
884,991,1875
584,326,910
505,655,1160
723,1469,2192
499,352,851
644,713,1357
585,774,1359
709,1683,2392
581,1202,1783
503,795,1298
1029,1098,2127
614,494,1108
387,813,1200
108,639,747
1016,1066,2082
452,535,987
645,1537,2182
780,1404,2184
275,502,777
677,703,1380
1366,676,2042
714,1574,2288
493,1180,1673
1645,464,2109
1058,1043,2101
500,759,1259
489,954,1443
185,766,951
354,644,998
922,860,1782
427,937,1364
236,1066,1302
1479,496,1975
1198,546,1744
542,781,1323
449,487,936
567,634,1201
936,491,1427
314,457,771
641,771,1412
194,734,928
581,778,1359
239,2948,3187
652,835,1487
536,2566,3102
1036,477,1513
1026,471,1497
1505,459,1964
983,845,1828
922,1004,1926
269,789,1058
478,1261,1739
352,483,835
527,1075,1602
588,656,1244
670,2642,3312
893,1349,2242
862,779,1641
695,1748,2443
781,1377,2158
635,663,1298
363,1043,1406
685,1614,2299
838,666,1504
3024,685,3709
368,1035,1403
730,1405,2135
746,1388,2134
652,958,1610
368,1366,1734
304,1459,1763
438,1110,1548
2665,1145,3810
258,1635,1893
2423,1345,3768
1298,972,2270
789,1354,2143
1079,907,1986
392,1604,1996
992,1335,2327
580,1214,1794
397,562,959
831,1254,2085
608,1533,2141
1600,873,2473
453,1127,1580
387,3107,3494
1209,1070,2279
818,795,1613
362,2886,3248
759,1328,2087
1250,1094,2344
1308,851,2159
1354,965,2319
573,1450,2023
1521,620,2141
475,874,1349
1234,418,1652
1531,1249,2780
505,3445,3950
1706,574,2280
286,375,661
1096,615,1711
412,2888,3300
363,463,826
874,1098,1972
313,552,865
1398,1218,2616
326,602,928
936,1208,2144
76,912,988
3146,627,3773
1762,533,2295
429,495,924
1008,786,1794
493,3420,3913
62,693,755
965,312,1277
1262,1445,2707
1215,1066,2281
952,2294,3246
185,1286,1471
133,1300,1433
164,1425,1589
1179,1567,2746
1080,1618,2698
2804,725,3529
511,184,695
211,1178,1389
144,1693,1837
85,199,284
384,1388,1772
1323,490,1813
103,210,313
122,814,936
2889,1319,4208
1471,390,1861
630,1225,1855
141,216,357
268,1236,1504
363,1269,1632
214,220,434
1612,296,1908
361,1032,1393
420,1098,1518
49,225,274
921,614,1535
260,1606,1866
366,1060,1426
1222,790,2012
1251,3328,4579
1250,455,1705
591,1713,2304
114,226,340
3272,1928,5200
775,1252,2027
972,458,1430
1037,546,1583
423,1130,1553
380,374,754
1085,491,1576
302,567,869
3221,1760,4981
1019,876,1895
1050,742,1792
190,636,826
519,394,913
1466,793,2259
975,617,1592
3269,1286,4555
336,638,974
613,995,1608
1183,1030,2213
579,308,887
562,337,899
534,1043,1577
914,1104,2018
1150,1183,2333
604,424,1028
1782,622,2404
1163,882,2045
676,2264,2940
1642,784,2426
66,420,486
109,430,539
820,838,1658
927,2243,3170
1127,591,1718
139,525,664
682,825,1507
982,1033,2015
551,434,985
327,383,710
1473,857,2330
569,1191,1760
1053,1332,2385
64,635,699
96,539,635
106,644,750
966,1105,2071
70,991,1061
409,320,729
110,919,1029
633,1194,1827
722,1837,2559
1016,593,1609
150,824,974
166,885,1051
897,770,1667
479,691,1170
259,849,1108
263,350,613
260,951,1211
1088,946,2034
2167,853,3020
351,1069,1420
303,869,1172
460,1033,1493
2117,904,3021
949,511,1460
419,841,1260
269,546,815
574,787,1361
316,892,1208
452,966,1418
274,727,1001
591,1130,1721
1793,846,2639
521,516,1037
1005,287,1292
515,1057,1572
953,566,1519
595,987,1582
887,850,1737
291,634,925
619,590,1209
467,894,1361
768,399,1167
373,1023,1396
591,821,1412
136,549,685
576,714,1290
656,807,1463
921,588,1509
452,648,1100
817,549,1366
171,608,779
570,1055,1625
384,1116,1500
611,880,1491
805,461,1266
709,977,1686
597,1097,1694
926,665,1591
240,619,859
792,695,1487
547,460,1007
801,832,1633
654,653,1307
1049,711,1760
277,765,1042
847,685,1532
1041,865,1906
743,430,1173
552,526,1078
1108,273,1381
547,439,986
687,449,1136
316,511,827
749,1203,1952
162,1029,1191
289,719,1008
476,977,1453
395,660,1055
576,882,1458
195,1021,1216
795,235,1030
919,626,1545
969,878,1847
52,1602,1654
393,1208,1601
555,1060,1615
385,1466,1851
247,808,1055
450,799,1249
429,844,1273
331,1066,1397
858,467,1325
485,1398,1883
509,1114,1623
622,1154,1776
449,1005,1454
1144,768,1912
523,458,981
896,588,1484
785,457,1242
302,990,1292
662,653,1315
658,616,1274
431,1176,1607
675,839,1514
747,911,1658
1495,627,2122
244,776,1020
886,707,1593
602,1015,1617
470,819,1289
208,984,1192
720,605,1325
794,1036,1830
903,1107,2010
426,752,1178
1373,606,1979
1002,945,1947
673,782,1455
871,475,1346
701,734,1435
326,585,911
895,901,1796
1308,769,2077
416,590,1006
380,797,1177
1045,1068,2113
340,727,1067
922,691,1613
516,620,1136
527,588,1115
495,776,1271
535,711,1246
854,818,1672
613,595,1208
979,1085,2064
1008,751,1759
855,792,1647
531,799,1330
900,943,1843
532,704,1236
943,590,1533
425,670,1095
822,578,1400
638,567,1205
503,596,1099
970,790,1760
663,652,1315
835,1248,2083
684,560,1244
815,871,1686
851,1343,2194
675,790,1465
360,738,1098
726,727,1453
629,1214,1843
622,525,1147
957,472,1429
689,827,1516
527,770,1297
590,725,1315
572,709,1281
764,659,1423
482,787,1269
452,1059,1511
1155,558,1713
728,696,1424
782,695,1477
319,813,1132
636,928,1564
1193,457,1650
506,1164,1670
451,682,1133
522,736,1258
640,858,1498
614,392,1006
989,297,1286
593,1034,1627
1101,468,1569
725,417,1142
489,1061,1550
571,757,1328
437,598,1035
527,905,1432
561,1186,1747
272,684,956
361,329,690
641,738,1379
688,698,1386
783,1076,1859
114,695,809
528,734,1262
1125,369,1494
607,579,1186
618,1650,2268
446,826,1272
403,358,761
494,715,1209
651,320,971
643,960,1603
429,713,1142
230,715,945
835,529,1364
355,999,1354
254,954,1208
642,702,1344
528,440,968
804,607,1411
689,720,1409
279,1139,1418
668,1473,2141
554,536,1090
892,1326,2218
601,926,1527
563,682,1245
475,803,1278
222,562,784
522,725,1247
679,659,1338
375,694,1069
953,682,1635
554,846,1400
707,511,1218
416,1179,1595
597,809,1406
253,975,1228
514,630,1144
128,948,1076
1222,650,1872
796,959,1755
520,625,1145
490,801,1291
299,1067,1366
1353,857,2210
441,860,1301
748,573,1321
1179,643,1822
597,619,1216
580,562,1142
672,671,1343
566,649,1215
704,1168,1872
255,870,1125
218,608,826
463,370,833
936,625,1561
396,1009,1405
371,499,870
324,787,1111
319,1095,1414
1132,755,1887
679,603,1282
791,805,1596
511,367,878
688,1079,1767
515,1162,1677
688,1309,1997
701,767,1468
497,623,1120
828,883,1711
270,830,1100
551,473,1024
687,1049,1736
789,739,1528
500,1081,1581
971,1087,2058
307,961,1268
818,941,1759
510,764,1274
373,1003,1376
81,525,606
549,714,1263
1050,429,1479
713,674,1387
550,690,1240
451,371,822
1000,439,1439
463,992,1455
119,906,1025
1023,423,1446
371,970,1341
806,736,1542
151,912,1063
141,902,1043
796,843,1639
767,295,1062
437,786,1223
823,516,1339
20,414,434
535,757,1292
272,904,1176
572,1134,1706
244,898,1142
944,917,1861
506,621,1127
532,1216,1748
679,565,1244
211,1042,1253
361,1282,1643
730,559,1289
630,1040,1670
617,489,1106
979,873,1852
69,426,495
1074,656,1730
681,1160,1841
133,686,819
652,851,1503
785,593,1378
342,559,901
348,898,1246
507,911,1418
123,811,934
1283,208,1491
465,1118,1583
315,1462,1777
614,1322,1936
361,394,755
387,659,1046
929,384,1313
615,1338,1953
724,1191,1915
345,930,1275
540,1138,1678
406,627,1033
363,882,1245
316,766,1082
846,1145,1991
971,298,1269
1008,366,1374
452,880,1332
346,1301,1647
864,1040,1904
573,825,1398
638,953,1591
318,2157,2475
522,1514,2036
735,1007,1742
506,2046,2552
763,692,1455
673,909,1582
1154,707,1861
988,1877,2865
911,1182,2093
786,1329,2115
649,1705,2354
777,1463,2240
417,342,759
946,998,1944
1072,1343,2415
1035,1141,2176
972,1333,2305
423,631,1054
605,1823,2428
1198,1315,2513
320,723,1043
251,488,739
1045,1472,2517
1978,591,2569
381,540,921
982,729,1711
84,818,902
1277,943,2220
1273,361,1634
446,598,1044
386,903,1289
681,565,1246
506,501,1007
101,806,907
139,822,961
1748,379,2127
485,853,1338
1162,392,1554
474,783,1257
528,303,831
1698,466,2164
435,322,757
59,561,620
110,805,915
674,407,1081
494,834,1328
71,779,850
385,552,937
323,618,941
475,750,1225
177,749,926
202,1029,1231
1601,922,2523
703,1054,1757
453,554,1007
573,468,1041
623,364,987
923,1032,1955
732,396,1128
756,607,1363
828,1145,1973
449,731,1180
656,452,1108
696,650,1346
368,665,1033
462,960,1422
365,534,899
861,587,1448
254,949,1203
463,722,1185
58,547,605
439,523,962
175,433,608
568,860,1428
173,889,1062
445,375,820
163,464,627
616,1663,2279
233,350,583
233,979,1212
696,625,1321
307,789,1096
298,857,1155
334,817,1151
227,894,1121
231,941,1172
542,762,1304
248,363,611
781,806,1587
469,393,862
417,914,1331
480,1055,1535
474,411,885
767,758,1525
671,716,1387
514,728,1242
299,493,792
446,1197,1643
505,558,1063
641,295,936
448,794,1242
619,960,1579
442,518,960
197,550,747
572,1130,1702
346,832,1178
212,349,561
246,602,848
783,404,1187
517,569,1086
150,1168,1318
438,734,1172
739,1858,2597
496,774,1270
642,436,1078
642,729,1371
818,2418,3236
917,496,1413
835,448,1283
638,628,1266
190,1816,2006
774,227,1001
275,395,670
421,534,955
571,609,1180
256,650,906
469,1650,2119
695,760,1455
977,531,1508
436,709,1145
378,564,942
1118,1051,2169
346,713,1059
89,746,835
1532,1295,2827
190,852,1042
339,1381,1720
667,531,1198
368,1725,2093
1741,500,2241
119,1753,1872
277,680,957
701,458,1159
518,667,1185
303,787,1090
1212,1417,2629
141,726,867
512,506,1018
1462,489,1951
2001,1043,3044
196,979,1175
498,1022,1520
525,444,969
516,724,1240
778,675,1453
571,1147,1718
418,938,1356
546,518,1064
650,772,1422
567,811,1378
329,901,1230
271,1143,1414
1518,628,2146
934,432,1366
1697,378,2075
389,1173,1562
801,655,1456
599,804,1403
579,919,1498
851,274,1125
449,539,988
488,860,1348
598,462,1060
669,394,1063
419,1626,2045
347,1530,1877
842,502,1344
359,478,837
864,1102,1966
549,398,947
1745,630,2375
1164,1056,2220
965,308,1273
570,1169,1739
479,1390,1869
770,541,1311
288,1609,1897
142,471,613
822,796,1618
458,321,779
365,897,1262
606,1022,1628
296,531,827
1289,1453,2742
222,1052,1274
1016,1075,2091
375,458,833
852,764,1616
478,350,828
1392,845,2237
415,583,998
358,586,944
576,756,1332
1249,431,1680
408,603,1011
262,887,1149
832,547,1379
923,477,1400
535,541,1076
819,1174,1993
1638,462,2100
980,1045,2025
831,982,1813
970,649,1619
679,504,1183
368,680,1048
279,371,650
562,504,1066
883,1474,2357
713,1213,1926
663,442,1105
218,497,715
1029,963,1992
316,425,741
316,444,760
380,717,1097
777,1307,2084
442,1179,1621
82,839,921
691,1467,2158
1516,1180,2696
498,415,913
194,778,972
907,430,1337
828,1093,1921
423,1327,1750
552,652,1204
621,392,1013
1167,652,1819
538,895,1433
1395,713,2108
508,244,752
608,952,1560
982,565,1547
354,955,1309
744,332,1076
519,970,1489
163,892,1055
1479,1280,2759
80,971,1051
862,622,1484
266,702,968
427,376,803
1295,474,1769
403,778,1181
580,458,1038
1070,530,1600
242,1180,1422
940,1631,2571
705,401,1106
433,723,1156
328,1291,1619
996,628,1624
673,444,1117
365,592,957
757,663,1420
1090,979,2069
277,939,1216
423,577,1000
1008,450,1458
335,1172,1507
155,640,795
224,733,957
983,1177,2160
312,1151,1463
1188,949,2137
44,867,911
901,425,1326
615,426,1041
370,856,1226
235,879,1114
927,783,1710
326,612,938
612,681,1293
494,509,1003
245,1016,1261
1249,304,1553
776,596,1372
539,595,1134
355,474,829
654,292,946
259,783,1042
989,1041,2030
371,885,1256
741,747,1488
418,517,935
320,720,1040
392,944,1336
508,289,797
277,803,1080
66,644,710
741,654,1395
681,561,1242
1389,1078,2467
839,769,1608
537,1070,1607
825,480,1305
312,393,705
559,312,871
689,548,1237
443,327,770
951,867,1818
723,682,1405
717,1084,1801
824,705,1529
1010,1068,2078
783,1805,2588
440,429,869
432,450,882
904,240,1144
503,516,1019
788,1030,1818
684,690,1374
531,1031,1562
650,707,1357
499,1794,2293
264,721,985
606,1294,1900
626,605,1231
430,1072,1502
947,288,1235
605,776,1381
553,632,1185
60,448,508
598,1556,2154
19,676,695
541,603,1144
112,481,593
774,800,1574
571,856,1427
281,455,736
174,474,648
992,798,1790
474,1069,1543
1771,568,2339
977,741,1718
314,738,1052
40,913,953
1018,811,1829
306,328,634
784,1061,1845
637,1042,1679
583,980,1563
1691,700,2391
40,1057,1097
688,689,1377
822,1137,1959
368,361,729
261,902,1163
434,346,780
964,759,1723
1442,776,2218
223,744,967
153,1066,1219
1156,830,1986
378,487,865
434,782,1216
409,1023,1432
472,671,1143
201,694,895
633,757,1390
343,1112,1455
428,1026,1454
513,675,1188
619,666,1285
852,339,1191
491,1276,1767
624,908,1532
896,886,1782
611,1021,1632
620,1094,1714
898,775,1673
754,1109,1863
394,949,1343
450,976,1426
96,1045,1141
332,1385,1717
821,663,1484
644,1249,1893
1038,778,1816
152,1556,1708
791,1389,2180
570,1134,1704
1122,658,1780
573,1192,1765
608,1391,1999
636,747,1383
392,795,1187
1114,674,1788
453,993,1446
910,1213,2123
968,452,1420
733,1094,1827
1212,302,1514
1052,296,1348
414,1196,1610
452,951,1403
406,1730,2136
1059,435,1494
752,1508,2260
881,632,1513
890,1381,2271
817,822,1639
173,1657,1830
542,352,894
711,761,1472
840,1046,1886
1236,465,1701
1080,371,1451
488,645,1133
708,578,1286
921,939,1860
826,2009,2835
713,623,1336
368,527,895
307,938,1245
1427,634,2061
747,2226,2973
230,435,665
465,962,1427
1485,1410,2895
742,476,1218
593,602,1195
1539,442,1981
491,358,849
697,1761,2458
399,303,702
85,751,836
842,454,1296
116,756,872
426,381,807
810,793,1603
851,529,1380
761,534,1295
1009,1970,2979
805,1007,1812
100,749,849
574,391,965
346,1287,1633
655,995,1650
350,699,1049
1760,595,2355
613,444,1057
671,514,1185
700,1904,2604
108,784,892
682,523,1205
624,841,1465
303,1411,1714
698,834,1532
382,548,930
255,661,916
2063,814,2877
358,1681,2039
823,600,1423
1256,939,2195
606,362,968
461,1037,1498
891,605,1496
157,1069,1226
265,1102,1367
764,529,1293
1247,699,1946
1580,1152,2732
169,937,1106
226,905,1131
1079,700,1779
432,942,1374
694,638,1332
625,651,1276
776,899,1675
282,314,596
103,396,499
925,559,1484
1386,446,1832
313,893,1206
485,609,1094
940,439,1379
851,413,1264
784,1041,1825
318,1116,1434
537,448,985
429,452,881
346,583,929
797,598,1395
299,447,746
880,552,1432
1688,950,2638
598,505,1103
391,636,1027
173,1398,1571
505,287,792
630,517,1147
352,1560,1912
324,425,749
436,512,948
394,448,842
231,1586,1817
92,968,1060
377,456,833
555,940,1495
964,828,1792
268,674,942
84,645,729
355,340,695
308,1130,1438
522,954,1476
129,453,582
150,1237,1387
459,541,1000
278,722,1000
421,363,784
874,600,1474
614,795,1409
366,348,714
727,892,1619
333,1200,1533
64,554,618
409,536,945
591,466,1057
905,475,1380
808,917,1725
103,557,660
1800,1357,3157
427,1282,1709
678,458,1136
1249,525,1774
766,477,1243
1253,626,1879
583,567,1150
326,386,712
596,236,832
1179,926,2105
394,1200,1594
188,264,452
1447,737,2184
349,1222,1571
836,703,1539
526,286,812
360,426,786
308,524,832
584,944,1528
226,299,525
210,629,839
892,1899,2791
421,888,1309
800,983,1783
250,629,879
420,571,991
70,1234,1304
345,421,766
231,638,869
483,989,1472
997,1087,2084
619,2058,2677
723,745,1468
1100,929,2029
1057,1850,2907
345,1165,1510
915,854,1769
430,312,742
409,1419,1828
1462,168,1630
605,491,1096
1377,555,1932
177,535,712
635,520,1155
825,766,1591
528,887,1415
305,1350,1655
1009,822,1831
574,1215,1789
428,1885,2313
1935,974,2909
1273,315,1588
265,1033,1298
380,531,911
688,629,1317
1019,813,1832
333,1045,1378
889,875,1764
795,1146,1941
1334,560,1894
2043,990,3033
301,560,861
676,631,1307
452,553,1005
502,828,1330
347,1029,1376
495,1644,2139
1104,1018,2122
1319,1069,2388
1841,762,2603
877,815,1692
619,1814,2433
1766,639,2405
61,567,628
584,1306,1890
895,972,1867
464,579,1043
825,530,1355
575,655,1230
1080,657,1737
955,1662,2617
879,598,1477
429,606,1035
259,642,901
1333,534,1867
788,646,1434
592,329,921
660,871,1531
797,1346,2143
1655,392,2047
904,615,1519
391,816,1207
58,1078,1136
641,481,1122
1019,456,1475
268,320,588
1096,2226,3322
392,680,1072
761,1403,2164
605,306,911
63,2489,2552
605,583,1188
333,1039,1372
69,306,375
353,1171,1524
814,606,1420
89,307,396
1459,632,2091
702,517,1219
647,528,1175
1274,397,1671
449,685,1134
444,1135,1579
623,628,1251
420,1025,1445
783,1756,2539
135,321,456
1076,783,1859
75,542,617
632,646,1278
875,927,1802
353,1303,1656
985,798,1783
66,659,725
607,1025,1632
1738,1139,2877
160,455,615
1312,564,1876
30,808,838
57,801,858
420,1107,1527
418,1564,1982
86,945,1031
306,452,758
588,1166,1754
2392,707,3099
261,565,826
82,728,810
383,498,881
716,847,1563
527,1099,1626
823,955,1778
487,559,1046
341,735,1076
904,1176,2080
1027,1066,2093
58,835,893
285,893,1178
445,784,1229
216,925,1141
996,1070,2066
456,906,1362
481,883,1364
570,608,1178
1635,868,2503
686,870,1556
463,936,1399
718,1181,1899
984,440,1424
543,974,1517
636,812,1448
312,1001,1313
758,459,1217
1483,729,2212
551,943,1494
661,932,1593
759,967,1726
695,858,1553
180,1066,1246
936,1126,2062
601,1097,1698
649,782,1431
736,323,1059
419,1446,1865
815,781,1596
774,615,1389
449,751,1200
989,441,1430
998,915,1913
824,802,1626
825,1092,1917
583,718,1301
838,641,1479
354,1099,1453
884,741,1625
884,812,1696
773,622,1395
639,696,1335
792,967,1759
919,581,1500
757,734,1491
893,883,1776
413,571,984
866,623,1489
1206,410,1616
744,480,1224
480,644,1124
569,623,1192
692,524,1216
597,1093,1690
492,484,976
618,518,1136
274,589,863
842,1687,2529
81,497,578
705,985,1690
589,613,1202
1051,738,1789
332,853,1185
1044,700,1744
428,409,837
1026,1035,2061
590,377,967
110,1237,1347
660,810,1470
684,581,1265
634,775,1409
624,598,1222
180,1332,1512
582,426,1008
307,2074,2381
338,801,1139
938,1771,2709
908,627,1535
613,848,1461
491,657,1148
201,694,895
531,1004,1535
390,550,940
497,636,1133
1161,720,1881
629,368,997
485,2133,2618
408,1155,1563
895,729,1624
148,512,660
851,2039,2890
437,847,1284
152,396,548
647,2100,2747
1137,753,1890
617,670,1287
302,686,988
557,797,1354
429,469,898
535,329,864
563,281,844
287,217,504
185,101,286
184,861,1045
211,92,303
635,1086,1721
91,1051,1142
73,1024,1097
492,619,1111
181,1730,1911
1589,2195,3784
994,278,1272
2010,1921,3931
211,1929,2140
892,1242,2134
631,1506,2137
1006,404,1410
1698,1618,3316
644,1638,2282
118,1347,1465
348,1422,1770
1970,529,2499
88,1725,1813
1023,539,1562
367,1445,1812
1313,378,1691
1276,557,1833
1147,492,1639
1199,667,1866
1473,380,1853
1361,327,1688
336,2506,2842
1374,1017,2391
684,1465,2149
568,2306,2874
1773,2170,3943
411,2640,3051
182,2134,2316
237,2160,2397
1907,1801,3708
850,2231,3081
216,2109,2325
663,1708,2371
505,1816,2321
574,1915,2489
1971,276,2247
113,2098,2211
2086,264,2350
2248,231,2479
2013,236,2249
1611,263,1874
2126,230,2356
2196,212,2408
1335,741,2076
2032,456,2488
1838,459,2297
1866,457,2323
2037,540,2577
120,401,521
79,492,571
144,470,614
62,1003,1065
2442,296,2738
2497,652,3149
2315,658,2973
2451,701,3152
1836,718,2554
90,778,868
26,553,579
39,802,841
31,850,881
22,757,779
34,592,626
116,761,877
362,416,778
87,1336,1423
32,827,859
19,808,827
421,292,713
49,708,757
357,585,942
23,897,920
817,262,1079
49,807,856
623,1140,1763
38,636,674
49,913,962
461,321,782
28,436,464
215,775,990
91,927,1018
335,734,1069
213,690,903
289,835,1124
193,867,1060
380,828,1208
572,417,989
813,323,1136
304,783,1087
62,990,1052
652,669,1321
583,307,890
547,614,1161
194,962,1156
636,619,1255
392,603,995
604,776,1380
292,1026,1318
128,1156,1284
412,560,972
263,426,689
610,1177,1787
323,1222,1545
316,592,908
534,848,1382
634,293,927
524,706,1230
645,575,1220
200,934,1134
202,686,888
726,1190,1916
580,538,1118
552,846,1398
250,1290,1540
850,1138,1988
701,728,1429
975,665,1640
567,733,1300
648,1130,1778
222,659,881
480,1109,1589
909,831,1740
485,800,1285
417,1690,2107
797,656,1453
1109,599,1708
245,1099,1344
127,839,966
351,696,1047
279,1282,1561
425,589,1014
663,1301,1964
502,672,1174
719,545,1264
624,1098,1722
653,551,1204
560,566,1126
1117,532,1649
708,1236,1944
851,779,1630
1051,1085,2136
487,602,1089
582,1006,1588
1481,650,2131
497,523,1020
584,654,1238
406,655,1061
1188,552,1740
551,735,1286
482,625,1107
623,686,1309
250,1011,1261
400,622,1022
478,1365,1843
610,437,1047
1091,687,1778
859,865,1724
561,597,1158
484,588,1072
1033,728,1761
943,426,1369
318,466,784
426,482,908
582,600,1182
1205,861,2066
1027,1069,2096
624,457,1081
572,1569,2141
461,981,1442
591,522,1113
429,399,828
416,405,821
369,832,1201
405,722,1127
470,614,1084
473,1089,1562
952,1079,2031
1135,958,2093
926,883,1809
401,513,914
471,647,1118
115,711,826
1080,1059,2139
269,501,770
198,1069,1267
575,391,966
602,1134,1736
1002,1029,2031
874,972,1846
247,621,868
898,822,1720
1428,780,2208
540,311,851
623,819,1442
294,841,1135
442,422,864
842,478,1320
463,255,718
1073,304,1377
317,247,564
844,715,1559
838,687,1525
449,528,977
371,853,1224
812,973,1785
552,857,1409
425,1713,2138
967,197,1164
655,1752,2407
300,750,1050
975,585,1560
978,537,1515
663,877,1540
590,1000,1590
737,688,1425
440,187,627
777,1813,2590
127,350,477
674,1337,2011
287,1071,1358
568,1044,1612
1026,461,1487
614,1029,1643
680,757,1437
626,587,1213
145,496,641
690,1574,2264
380,601,981
190,481,671
857,797,1654
1030,892,1922
814,580,1394
437,1011,1448
800,724,1524
784,1421,2205
306,844,1150
1499,1123,2622
514,518,1032
144,758,902
1855,694,2549
1373,722,2095
190,807,997
1116,561,1677
904,659,1563
1082,915,1997
1853,619,2472
1141,721,1862
604,660,1264
356,823,1179
1602,678,2280
652,493,1145
18,649,667
179,1109,1288
677,813,1490
794,731,1525
1046,594,1640
603,890,1493
685,764,1449
1322,814,2136
484,484,968
557,681,1238
208,526,734
473,524,997
684,603,1287
370,577,947
1452,963,2415
1065,652,1717
782,688,1470
658,790,1448
210,882,1092
436,516,952
551,148,699
509,603,1112
464,842,1306
369,774,1143
1218,1378,2596
993,685,1678
756,971,1727
541,532,1073
616,679,1295
611,295,906
838,545,1383
587,631,1218
814,473,1287
906,1387,2293
610,555,1165
430,755,1185
585,762,1347
589,801,1390
282,1326,1608
382,1064,1446
772,312,1084
806,797,1603
602,426,1028
535,498,1033
501,771,1272
534,373,907
452,199,651
826,569,1395
609,426,1035
898,697,1595
775,615,1390
570,560,1130
504,762,1266
60,695,755
473,216,689
807,645,1452
1094,530,1624
298,532,830
680,882,1562
1503,642,2145
1101,461,1562
472,488,960
562,966,1528
560,333,893
589,433,1022
864,443,1307
546,1218,1764
1329,595,1924
256,682,938
502,676,1178
642,538,1180
736,909,1645
495,713,1208
601,407,1008
496,2701,3197
525,619,1144
578,427,1005
240,441,681
600,656,1256
607,430,1037
558,848,1406
173,444,617
385,910,1295
626,623,1249
332,670,1002
325,760,1085
592,1050,1642
380,868,1248
198,800,998
528,717,1245
639,867,1506
491,363,854
551,1127,1678
784,833,1617
820,582,1402
313,1089,1402
341,690,1031
928,304,1232
313,444,757
243,735,978
218,569,787
781,918,1699
559,511,1070
806,681,1487
529,549,1078
759,604,1363
356,596,952
399,929,1328
277,988,1265
432,862,1294
784,329,1113
293,782,1075
709,562,1271
603,614,1217
993,487,1480
307,1001,1308
389,936,1325
564,838,1402
401,767,1168
596,808,1404
674,939,1613
470,769,1239
469,1035,1504
485,650,1135
740,856,1596
473,636,1109
867,686,1553
263,622,885
911,618,1529
800,207,1007
316,613,929
761,733,1494
1028,356,1384
464,1042,1506
793,227,1020
729,395,1124
671,776,1447
537,357,894
981,451,1432
813,2659,3472
728,490,1218
549,558,1107
718,428,1146
853,1681,2534
354,519,873
1069,2442,3511
521,497,1018
721,4436,5157
595,1638,2233
758,2389,3147
502,4395,4897
138,610,748
154,460,614
910,4018,4928
668,1113,1781
253,1506,1759
1717,1019,2736
586,661,1247
667,2160,2827
724,1161,1885
2424,262,2686
374,1433,1807
1597,361,1958
542,494,1036
2418,313,2731
222,631,853
59,621,680
850,1832,2682
1067,174,1241
846,1094,1940
464,721,1185
797,1818,2615
87,666,753
570,1383,1953
814,1114,1928
455,652,1107
63,197,260
683,1621,2304
67,2258,2325
426,303,729
440,407,847
412,620,1032
1238,528,1766
116,2244,2360
1610,480,2090
459,819,1278
581,264,845
2286,2358,4644
1432,380,1812
648,334,982
139,302,441
650,428,1078
373,2050,2423
1601,324,1925
1056,588,1644
222,949,1171
2194,541,2735
1058,757,1815
404,537,941
352,978,1330
171,547,718
2028,583,2611
113,826,939
513,625,1138
4337,1016,5353
83,904,987
626,487,1113
914,381,1295
1898,568,2466
153,966,1119
401,579,980
681,514,1195
3796,1333,5129
45,799,844
2327,1586,3913
131,982,1113
65,587,652
290,429,719
1190,182,1372
334,540,874
93,577,670
72,930,1002
1782,303,2085
855,837,1692
170,697,867
1779,394,2173
323,749,1072
128,345,473
391,696,1087
161,956,1117
636,907,1543
200,841,1041
80,1096,1176
351,844,1195
333,747,1080
100,1179,1279
386,762,1148
180,407,587
402,766,1168
1191,665,1856
323,794,1117
387,669,1056
85,492,577
459,803,1262
623,585,1208
697,570,1267
429,901,1330
234,559,793
466,722,1188
1491,708,2199
582,872,1454
152,896,1048
991,436,1427
157,1148,1305
752,537,1289
546,1229,1775
304,726,1030
1155,686,1841
652,771,1423
782,364,1146
647,633,1280
1077,656,1733
820,517,1337
545,572,1117
633,918,1551
1137,656,1793
21,572,593
390,696,1086
840,560,1400
411,336,747
472,662,1134
525,768,1293
881,662,1543
672,970,1642
212,1010,1222
704,694,1398
193,720,913
427,313,740
69,593,662
448,1244,1692
276,620,896
677,1034,1711
173,622,795
718,873,1591
915,1255,2170
858,843,1701
454,425,879
399,484,883
553,936,1489
479,446,925
837,508,1345
26,741,767
292,655,947
806,1175,1981
855,816,1671
204,757,961
455,849,1304
443,620,1063
605,493,1098
310,1075,1385
1105,939,2044
669,889,1558
401,1229,1630
734,1941,2675
265,798,1063
929,1366,2295
496,736,1232
608,1070,1678
987,870,1857
457,813,1270
345,633,978
768,980,1748
394,520,914
690,2059,2749
687,575,1262
506,943,1449
354,488,842
527,453,980
284,765,1049
556,476,1032
597,1309,1906
1116,578,1694
688,398,1086
326,991,1317
294,1188,1482
731,1857,2588
440,980,1420
692,324,1016
745,856,1601
441,1471,1912
389,1639,2028
210,405,615
1245,711,1956
580,1412,1992
325,779,1104
821,853,1674
799,665,1464
525,695,1220
884,602,1486
502,925,1427
858,995,1853
348,411,759
663,861,1524
737,558,1295
485,1610,2095
671,991,1662
759,675,1434
242,488,730
1107,434,1541
1016,580,1596
1494,840,2334
240,496,736
1281,476,1757
475,560,1035
914,1219,2133
272,685,957
458,471,929
579,1223,1802
605,512,1117
633,599,1232
523,671,1194
800,636,1436
289,872,1161
397,633,1030
260,573,833
1745,1215,2960
460,329,789
397,748,1145
1184,639,1823
778,455,1233
722,495,1217
1743,1317,3060
168,1192,1360
659,498,1157
92,629,721
236,459,695
381,881,1262
641,1131,1772
440,354,794
689,1257,1946
964,764,1728
386,1140,1526
931,1487,2418
620,703,1323
463,331,794
1064,1096,2160
511,694,1205
341,703,1044
895,927,1822
1239,835,2074
513,436,949
1154,648,1802
488,877,1365
472,580,1052
806,410,1216
411,707,1118
871,534,1405
1088,839,1927
1481,361,1842
250,742,992
1066,347,1413
503,518,1021
503,981,1484
980,528,1508
350,719,1069
1243,1033,2276
877,564,1441
838,846,1684
508,1868,2376
846,648,1494
849,514,1363
327,808,1135
780,457,1237
505,379,884
604,633,1237
586,720,1306
113,575,688
903,864,1767
779,2013,2792
653,894,1547
740,834,1574
1073,1769,2842
535,683,1218
568,452,1020
337,959,1296
740,1108,1848
647,592,1239
950,629,1579
628,2200,2828
250,506,756
345,1799,2144
391,759,1150
320,421,741
407,777,1184
717,932,1649
223,606,829
685,939,1624
707,678,1385
398,701,1099
222,695,917
778,504,1282
450,752,1202
431,963,1394
687,560,1247
607,505,1112
1829,975,2804
611,993,1604
708,942,1650
534,277,811
525,1002,1527
330,634,964
584,662,1246
634,1697,2331
563,797,1360
1818,1019,2837
812,504,1316
1646,1209,2855
456,283,739
593,999,1592
534,735,1269
380,853,1233
324,400,724
403,860,1263
1962,953,2915
244,894,1138
1668,836,2504
408,974,1382
671,1082,1753
248,851,1099
1457,946,2403
292,1013,1305
155,414,569
452,857,1309
805,932,1737
671,519,1190
207,584,791
568,524,1092
708,316,1024
901,449,1350
339,504,843
668,490,1158
531,713,1244
346,483,829
711,363,1074
721,686,1407
229,301,530
354,1165,1519
718,1373,2091
720,702,1422
272,312,584
443,1356,1799
271,314,585
781,641,1422
748,828,1576
518,842,1360
888,1287,2175
899,856,1755
911,476,1387
434,1387,1821
633,1229,1862
812,844,1656
435,731,1166
909,925,1834
854,1022,1876
342,296,638
453,741,1194
311,422,733
906,890,1796
59,555,614
1000,1028,2028
100,635,735
592,708,1300
279,693,972
1323,587,1910
548,880,1428
444,1328,1772
246,656,902
1163,558,1721
664,1070,1734
458,992,1450
172,610,782
503,732,1235
1118,598,1716
693,893,1586
571,642,1213
111,984,1095
440,1513,1953
507,764,1271
649,1094,1743
1206,977,2183
800,1072,1872
528,1004,1532
920,974,1894
735,1076,1811
336,1703,2039
568,665,1233
733,800,1533
263,1308,1571
526,902,1428
971,1114,2085
754,1194,1948
564,1146,1710
775,753,1528
512,1181,1693
807,915,1722
531,916,1447
773,1033,1806
780,729,1509
683,974,1657
681,818,1499
705,538,1243
761,494,1255
1296,1154,2450
519,908,1427
348,1661,2009
1251,888,2139
872,1498,2370
471,1027,1498
998,509,1507
1549,674,2223
508,420,928
777,947,1724
529,876,1405
499,495,994
750,1192,1942
777,372,1149
188,2490,2678
1047,536,1583
829,1306,2135
1079,901,1980
981,310,1291
797,691,1488
303,496,799
1039,549,1588
824,2006,2830
771,589,1360
1044,1001,2045
989,657,1646
1327,475,1802
1357,1665,3022
1227,804,2031
257,500,757
382,644,1026
685,743,1428
660,306,966
329,459,788
1066,647,1713
2433,560,2993
790,637,1427
1105,1067,2172
533,360,893
869,1216,2085
315,577,892
908,1085,1993
208,616,824
1187,1218,2405
350,730,1080
449,542,991
685,946,1631
168,352,520
2032,615,2647
419,775,1194
963,946,1909
307,833,1140
427,588,1015
929,738,1667
485,628,1113
1554,818,2372
64,1194,1258
181,544,725
237,1201,1438
763,611,1374
462,1060,1522
606,1274,1880
85,825,910
799,765,1564
282,708,990
465,670,1135
166,810,976
445,1146,1591
932,617,1549
1174,759,1933
284,652,936
322,1391,1713
258,846,1104
567,703,1270
575,1021,1596
606,573,1179
167,752,919
418,743,1161
1112,516,1628
1041,760,1801
425,953,1378
693,1048,1741
498,737,1235
498,508,1006
640,671,1311
447,566,1013
735,834,1569
334,670,1004
624,842,1466
765,802,1567
662,667,1329
365,859,1224
902,817,1719
660,384,1044
752,306,1058
589,864,1453
280,868,1148
698,811,1509
967,802,1769
697,478,1175
624,724,1348
1257,1001,2258
1121,552,1673
517,732,1249
1097,1031,2128
579,795,1374
511,709,1220
286,867,1153
669,796,1465
150,440,590
782,624,1406
20,604,624
781,711,1492
496,1030,1526
570,855,1425
420,491,911
104,369,473
415,628,1043
428,410,838
26,757,783
76,869,945
748,1095,1843
886,1365,2251
690,1017,1707
179,580,759
421,612,1033
558,338,896
323,513,836
88,829,917
665,635,1300
612,573,1185
178,575,753
344,817,1161
250,1082,1332
358,768,1126
327,406,733
678,817,1495
66,1372,1438
296,471,767
443,956,1399
792,711,1503
401,1210,1611
606,677,1283
998,474,1472
367,1243,1610
350,639,989
839,1213,2052
455,741,1196
679,327,1006
293,830,1123
379,895,1274
699,529,1228
804,483,1287
45,846,891
1184,475,1659
270,786,1056
854,1037,1891
840,466,1306
1057,388,1445
343,658,1001
538,1274,1812
1079,411,1490
581,511,1092
188,1109,1297
640,256,896
244,472,716
1094,890,1984
258,610,868
571,762,1333
163,1590,1753
173,622,795
383,687,1070
414,1664,2078
137,619,756
739,444,1183
254,365,619
485,948,1433
366,705,1071
363,483,846
626,549,1175
345,714,1059
314,827,1141
692,1438,2130
222,1744,1966
1091,1233,2324
359,879,1238
787,1376,2163
550,930,1480
342,682,1024
411,709,1120
770,1728,2498
513,298,811
96,482,578
940,1011,1951
1536,690,2226
708,1137,1845
1635,651,2286
458,425,883
590,315,905
1378,1054,2432
495,601,1096
187,1429,1616
1349,903,2252
810,1097,1907
557,1154,1711
1655,630,2285
895,1102,1997
268,681,949
573,1343,1916
1305,397,1702
903,528,1431
725,702,1427
822,1149,1971
629,670,1299
737,1982,2719
571,1130,1701
293,1115,1408
524,608,1132
170,799,969
199,1289,1488
895,547,1442
860,1040,1900
356,923,1279
393,1288,1681
351,1235,1586
438,1022,1460
1110,518,1628
593,548,1141
1190,1762,2952
576,891,1467
1015,535,1550
1346,1911,3257
445,1295,1740
787,346,1133
726,1070,1796
524,1136,1660
1073,485,1558
532,984,1516
1014,625,1639
556,645,1201
398,739,1137
1764,964,2728
698,1271,1969
971,1182,2153
213,1443,1656
930,723,1653
664,744,1408
1112,733,1845
609,1127,1736
137,857,994
727,856,1583
1079,754,1833
1115,950,2065
443,1339,1782
255,714,969
577,831,1408
47,911,958
1479,919,2398
734,921,1655
456,1229,1685
452,585,1037
259,1071,1330
153,1168,1321
923,884,1807
427,821,1248
644,621,1265
695,677,1372
891,894,1785
473,1450,1923
638,666,1304
466,912,1378
1001,960,1961
726,1303,2029
478,650,1128
376,785,1161
698,718,1416
864,562,1426
1117,909,2026
1852,902,2754
1416,701,2117
953,472,1425
695,728,1423
1006,728,1734
576,637,1213
574,635,1209
481,943,1424
1254,1161,2415
631,1203,1834
339,476,815
677,796,1473
283,461,744
304,1179,1483
420,449,869
286,580,866
988,650,1638
469,459,928
368,626,994
868,988,1856
376,603,979
309,276,585
320,636,956
750,1217,1967
685,460,1145
180,894,1074
447,607,1054
262,971,1233
506,1050,1556
684,487,1171
384,615,999
732,841,1573
414,541,955
192,754,946
834,1357,2191
340,361,701
406,580,986
356,287,643
600,669,1269
647,682,1329
280,545,825
541,421,962
849,1246,2095
1007,504,1511
1261,640,1901
400,354,754
830,1170,2000
696,487,1183
272,953,1225
775,794,1569
473,650,1123
669,268,937
488,1235,1723
517,852,1369
1208,1293,2501
356,353,709
752,1557,2309
537,489,1026
529,687,1216
874,896,1770
408,621,1029
452,482,934
1285,569,1854
557,872,1429
128,1124,1252
603,380,983
489,1213,1702
420,508,928
549,473,1022
63,433,496
1007,683,1690
242,579,821
580,1402,1982
687,635,1322
188,1114,1302
513,692,1205
770,1298,2068
307,731,1038
748,533,1281
35,705,740
1257,623,1880
769,1609,2378
432,919,1351
467,972,1439
498,1547,2045
75,445,520
192,681,873
800,678,1478
158,1006,1164
755,1723,2478
720,724,1444
488,549,1037
256,888,1144
333,929,1262
351,998,1349
787,938,1725
307,858,1165
1027,936,1963
431,821,1252
1440,1291,2731
563,657,1220
986,1051,2037
483,822,1305
524,2342,2866
459,1020,1479
363,968,1331
776,627,1403
1187,1729,2916
366,1070,1436
1508,1372,2880
703,891,1594
574,676,1250
2206,590,2796
766,600,1366
1095,1324,2419
1297,1260,2557
856,344,1200
510,709,1219
457,868,1325
1533,1286,2819
493,557,1050
901,526,1427
632,1279,1911
1215,1432,2647
798,259,1057
196,764,960
1543,320,1863
796,1055,1851
493,957,1450
996,459,1455
969,454,1423
1381,496,1877
784,1045,1829
84,268,352
497,526,1023
1215,656,1871
133,319,452
465,757,1222
648,1078,1726
712,1081,1793
796,559,1355
33,495,528
268,346,614
917,1098,2015
1104,566,1670
109,708,817
295,572,867
97,757,854
1207,1371,2578
822,1181,2003
1073,421,1494
701,1024,1725
839,578,1417
339,549,888
557,366,923
1036,710,1746
1034,1488,2522
489,513,1002
123,820,943
376,826,1202
1003,608,1611
462,1354,1816
488,507,995
17,423,440
597,560,1157
1354,948,2302
203,415,618
424,659,1083
548,663,1211
1096,1109,2205
767,600,1367
709,1410,2119
254,568,822
128,613,741
56,828,884
550,1468,2018
238,625,863
35,892,927
221,742,963
959,607,1566
480,523,1003
687,900,1587
243,711,954
164,742,906
294,676,970
649,1591,2240
810,741,1551
403,727,1130
260,813,1073
400,1559,1959
617,794,1411
1220,758,1978
466,658,1124
26,1016,1042
162,797,959
480,676,1156
135,536,671
243,618,861
1094,449,1543
376,616,992
721,730,1451
269,728,997
385,609,994
462,964,1426
412,595,1007
538,799,1337
590,251,841
361,746,1107
541,477,1018
771,802,1573
902,1055,1957
337,859,1196
1243,300,1543
437,600,1037
389,876,1265
922,834,1756
218,775,993
697,705,1402
1221,1630,2851
871,529,1400
651,1438,2089
604,913,1517
640,356,996
527,738,1265
454,1506,1960
278,1043,1321
433,714,1147
477,1440,1917
511,691,1202
537,1403,1940
553,805,1358
248,1068,1316
865,451,1316
636,1354,1990
239,962,1201
99,464,563
355,620,975
740,1092,1832
394,1393,1787
429,483,912
256,1217,1473
472,1512,1984
504,1842,2346
469,684,1153
837,804,1641
799,1491,2290
528,494,1022
1010,687,1697
1338,639,1977
1078,890,1968
351,699,1050
1215,836,2051
1634,383,2017
542,585,1127
1516,805,2321
906,506,1412
289,1268,1557
579,1356,1935
701,534,1235
374,1022,1396
362,1811,2173
1237,341,1578
309,585,894
689,1019,1708
612,447,1059
1243,811,2054
455,1256,1711
285,847,1132
1150,1080,2230
573,965,1538
758,449,1207
644,429,1073
1402,1165,2567
703,620,1323
604,560,1164
410,1735,2145
571,1922,2493
520,806,1326
421,1765,2186
725,1039,1764
813,1363,2176
335,602,937
665,838,1503
357,609,966
313,778,1091
957,819,1776
156,602,758
667,555,1222
376,920,1296
910,1791,2701
1008,1202,2210
144,960,1104
367,815,1182
853,539,1392
217,957,1174
974,1180,2154
1800,744,2544
949,1193,2142
367,948,1315
1302,1737,3039
526,970,1496
719,610,1329
655,952,1607
733,925,1658
465,555,1020
500,792,1292
1649,1170,2819
760,495,1255
1551,1133,2684
797,638,1435
1621,853,2474
1028,593,1621
830,834,1664
509,1018,1527
239,803,1042
1063,965,2028
376,641,1017
1605,1425,3030
794,502,1296
1430,623,2053
685,1115,1800
811,524,1335
416,861,1277
462,1241,1703
659,693,1352
546,649,1195
1045,1236,2281
769,1187,1956
1002,556,1558
1039,1226,2265
765,617,1382
339,1078,1417
771,594,1365
826,870,1696
665,756,1421
852,737,1589
654,1131,1785
640,683,1323
473,717,1190
1119,830,1949
1262,497,1759
477,2062,2539
886,903,1789
286,560,846
829,596,1425
493,825,1318
759,593,1352
491,787,1278
155,1083,1238
1202,452,1654
571,2018,2589
904,1037,1941
1144,705,1849
955,688,1643
748,756,1504
686,789,1475
871,644,1515
445,852,1297
538,693,1231
533,664,1197
755,1917,2672
538,611,1149
1394,683,2077
147,647,794
720,1027,1747
371,1327,1698
312,490,802
724,984,1708
685,799,1484
756,2034,2790
1393,345,1738
541,1036,1577
1034,723,1757
656,1262,1918
558,1202,1760
640,253,893
1734,878,2612
95,891,986
1027,1449,2476
175,839,1014
627,177,804
342,729,1071
906,782,1688
767,1065,1832
625,368,993
1778,731,2509
81,960,1041
722,1453,2175
405,430,835
1853,441,2294
560,592,1152
364,860,1224
952,338,1290
619,453,1072
660,429,1089
440,852,1292
869,586,1455
671,1303,1974
520,483,1003
677,1946,2623
1032,494,1526
987,499,1486
1307,434,1741
847,870,1717
752,765,1517
95,462,557
558,518,1076
308,322,630
1124,790,1914
666,1746,2412
973,823,1796
235,505,740
646,1002,1648
989,765,1754
315,463,778
689,950,1639
414,492,906
174,992,1166
352,610,962
629,519,1148
320,623,943
994,797,1791
201,596,797
2084,241,2325
402,867,1269
476,510,986
448,499,947
866,739,1605
417,854,1271
491,812,1303
500,672,1172
276,531,807
49,398,447
689,489,1178
241,1206,1447
487,664,1151
822,718,1540
101,722,823
375,736,1111
223,725,948
641,686,1327
264,1189,1453
832,1529,2361
305,608,913
269,499,768
251,2092,2343
799,2100,2899
237,914,1151
152,726,878
116,990,1106
468,741,1209
342,734,1076
324,673,997
447,841,1288
952,2034,2986
421,998,1419
443,551,994
627,690,1317
619,1115,1734
1134,1147,2281
312,859,1171
407,1119,1526
1914,383,2297
498,836,1334
450,703,1153
491,563,1054
1602,1744,3346
631,1598,2229
204,750,954
609,1111,1720
434,1115,1549
1931,381,2312
831,574,1405
967,1216,2183
1055,804,1859
692,551,1243
1620,2197,3817
683,668,1351
495,1250,1745
729,562,1291
1091,383,1474
1002,929,1931
498,730,1228
574,425,999
871,879,1750
486,945,1431
954,838,1792
687,1118,1805
454,950,1404
1866,2010,3876
764,532,1296
738,1043,1781
952,981,1933
660,1130,1790
589,690,1279
1487,1032,2519
767,1325,2092
808,722,1530
614,1570,2184
1132,948,2080
1601,1446,3047
553,511,1064
677,1620,2297
2028,1068,3096
277,464,741
835,695,1530
659,1164,1823
524,1306,1830
341,1472,1813
1710,929,2639
467,283,750
813,929,1742
1021,514,1535
580,1363,1943
582,1143,1725
1462,430,1892
905,933,1838
396,411,807
518,888,1406
1360,480,1840
1022,580,1602
560,353,913
904,600,1504
435,638,1073
474,1040,1514
102,359,461
1538,476,2014
394,805,1199
1238,396,1634
693,618,1311
432,804,1236
1006,539,1545
549,1530,2079
831,357,1188
1157,542,1699
380,637,1017
1173,583,1756
925,585,1510
272,330,602
866,347,1213
115,362,477
186,535,721
624,1200,1824
1019,990,2009
926,575,1501
610,449,1059
165,556,721
306,961,1267
395,387,782
650,521,1171
369,2492,2861
697,1548,2245
1198,2229,3427
1409,484,1893
457,780,1237
262,952,1214
280,470,750
348,594,942
176,463,639
723,624,1347
141,2450,2591
620,836,1456
733,1894,2627
179,720,899
737,667,1404
624,793,1417
677,722,1399
73,1004,1077
180,636,816
150,906,1056
540,2252,2792
97,839,936
784,2062,2846
319,644,963
76,908,984
365,628,993
45,661,706
1344,905,2249
279,640,919
454,508,962
2375,680,3055
44,1031,1075
1128,1429,2557
49,667,716
428,536,964
2125,794,2919
1893,857,2750
722,247,969
219,740,959
1788,844,2632
181,779,960
43,1206,1249
431,754,1185
2002,694,2696
2104,636,2740
140,1213,1353
1426,1111,2537
692,396,1088
180,1172,1352
499,616,1115
426,1087,1513
305,726,1031
969,262,1231
853,622,1475
314,1072,1386
809,302,1111
713,736,1449
427,1218,1645
755,372,1127
979,558,1537
881,664,1545
744,550,1294
458,985,1443
498,1110,1608
894,489,1383
208,989,1197
994,921,1915
1082,325,1407
812,622,1434
1280,491,1771
895,419,1314
100,425,525
375,761,1136
669,948,1617
205,605,810
386,407,793
604,1133,1737
1014,759,1773
541,1286,1827
1277,893,2170
180,542,722
948,464,1412
864,792,1656
143,615,758
372,401,773
1171,1447,2618
564,452,1016
1045,1222,2267
1167,1003,2170
264,657,921
571,655,1226
490,660,1150
470,882,1352
139,1043,1182
1012,1581,2593
514,791,1305
417,945,1362
404,690,1094
371,622,993
301,847,1148
489,883,1372
226,751,977
509,840,1349
1121,1444,2565
178,661,839
1077,1246,2323
468,1981,2449
368,708,1076
570,646,1216
411,985,1396
890,551,1441
474,1050,1524
374,892,1266
905,823,1728
686,599,1285
588,737,1325
756,569,1325
241,775,1016
558,2006,2564
844,543,1387
330,1059,1389
649,479,1128
1265,1407,2672
483,501,984
490,939,1429
1058,851,1909
371,769,1140
1004,1275,2279
1231,876,2107
704,345,1049
432,1011,1443
515,855,1370
443,762,1205
602,595,1197
351,1339,1690
639,693,1332
491,413,904
700,664,1364
472,2288,2760
115,755,870
756,621,1377
431,738,1169
973,1129,2102
746,1121,1867
342,829,1171
851,1769,2620
1850,1475,3325
448,472,920
514,957,1471
839,918,1757
558,560,1118
431,678,1109
671,845,1516
617,1235,1852
613,484,1097
341,904,1245
597,985,1582
1113,1135,2248
460,752,1212
497,861,1358
634,1677,2311
715,696,1411
206,439,645
1282,755,2037
1742,1343,3085
710,903,1613
1101,1146,2247
552,714,1266
588,716,1304
333,1331,1664
835,849,1684
538,1113,1651
923,929,1852
2115,1242,3357
855,1006,1861
1156,905,2061
1248,1101,2349
892,843,1735
513,598,1111
426,1316,1742
1120,880,2000
614,708,1322
557,779,1336
633,732,1365
876,581,1457
444,711,1155
520,770,1290
692,625,1317
880,1262,2142
474,1036,1510
328,540,868
405,584,989
880,1040,1920
1026,345,1371
436,1214,1650
826,447,1273
1143,1277,2420
890,491,1381
738,647,1385
587,343,930
712,1216,1928
562,2114,2676
1204,1007,2211
622,530,1152
1119,931,2050
612,582,1194
651,1186,1837
1000,761,1761
532,647,1179
887,1195,2082
285,1647,1932
917,499,1416
374,668,1042
468,686,1154
443,795,1238
845,308,1153
488,509,997
382,1180,1562
715,227,942
840,1367,2207
643,524,1167
1665,1854,3519
263,836,1099
842,774,1616
432,1062,1494
1484,2232,3716
233,1520,1753
570,1009,1579
1032,1381,2413
1238,664,1902
539,669,1208
647,870,1517
455,238,693
594,1464,2058
184,1051,1235
1877,1896,3773
960,1050,2010
458,878,1336
1614,827,2441
1736,1101,2837
1039,1265,2304
462,278,740
207,563,770
2162,584,2746
462,1055,1517
1072,920,1992
1349,813,2162
1175,880,2055
394,1510,1904
512,942,1454
1249,922,2171
226,795,1021
1850,533,2383
772,688,1460
821,732,1553
351,1050,1401
898,533,1431
1036,544,1580
580,1586,2166
253,1170,1423
582,1299,1881
336,1194,1530
1069,1190,2259
658,643,1301
974,887,1861
447,529,976
950,626,1576
529,1118,1647
634,531,1165
617,491,1108
532,1643,2175
895,467,1362
728,712,1440
526,749,1275
1334,1342,2676
1093,509,1602
1036,1316,2352
895,993,1888
762,1335,2097
750,351,1101
836,1475,2311
1204,1025,2229
592,380,972
1384,1350,2734
949,1003,1952
1360,652,2012
701,1026,1727
46,1050,1096
270,719,989
435,1493,1928
1151,549,1700
458,329,787
382,1014,1396
1127,624,1751
1204,931,2135
61,396,457
367,1794,2161
1324,1159,2483
938,361,1299
1014,837,1851
785,477,1262
936,1005,1941
1326,503,1829
624,1052,1676
108,399,507
470,894,1364
1240,768,2008
415,1780,2195
1287,896,2183
554,1163,1717
585,1710,2295
1410,564,1974
947,645,1592
582,1239,1821
569,844,1413
443,671,1114
1026,748,1774
369,1647,2016
428,692,1120
760,1283,2043
586,621,1207
702,781,1483
585,427,1012
233,1260,1493
634,1243,1877
974,775,1749
533,481,1014
666,1536,2202
161,524,685
773,494,1267
318,1236,1554
956,693,1649
305,1119,1424
328,254,582
936,1035,1971
1059,466,1525
1504,794,2298
783,1009,1792
890,1838,2728
149,754,903
626,973,1599
116,1034,1150
677,1147,1824
364,840,1204
679,510,1189
509,1521,2030
318,970,1288
401,754,1155
855,352,1207
1118,955,2073
499,824,1323
30,767,797
1011,254,1265
795,502,1297
1114,1061,2175
568,1754,2322
790,201,991
221,1369,1590
1685,2057,3742
423,654,1077
295,1257,1552
1025,1341,2366
503,1043,1546
835,198,1033
610,1689,2299
1578,1306,2884
459,1434,1893
708,1228,1936
1219,1518,2737
712,467,1179
310,315,625
1001,972,1973
587,1385,1972
1569,1998,3567
339,1384,1723
719,1242,1961
551,1334,1885
1571,640,2211
808,1310,2118
1023,706,1729
1067,455,1522
525,415,940
138,1401,1539
301,775,1076
597,1475,2072
134,940,1074
996,488,1484
768,636,1404
1213,658,1871
713,1210,1923
1755,1886,3641
1362,519,1881
432,1502,1934
994,1000,1994
214,1353,1567
1175,493,1668
607,954,1561
978,569,1547
75,1354,1429
1638,1119,2757
207,907,1114
1068,781,1849
1266,904,2170
1164,1034,2198
1055,999,2054
396,1092,1488
22,702,724
1152,1043,2195
427,1300,1727
197,748,945
791,643,1434
1182,744,1926
372,640,1012
1252,976,2228
573,1060,1633
1727,1200,2927
1383,695,2078
968,840,1808
188,802,990
592,890,1482
569,503,1072
112,630,742
1095,1051,2146
688,483,1171
1587,1311,2898
612,754,1366
263,948,1211
278,477,755
300,971,1271
470,812,1282
128,1297,1425
354,874,1228
1284,944,2228
503,908,1411
502,1062,1564
1035,518,1553
496,1093,1589
280,487,767
591,877,1468
134,637,771
630,1056,1686
523,1133,1656
868,907,1775
873,842,1715
711,993,1704
607,1023,1630
218,435,653
333,1288,1621
728,803,1531
1152,916,2068
803,820,1623
795,1067,1862
783,685,1468
724,1117,1841
893,1193,2086
289,692,981
539,1541,2080
519,703,1222
218,629,847
599,1052,1651
309,1180,1489
911,586,1497
373,1015,1388
920,583,1503
941,822,1763
814,575,1389
664,1030,1694
1012,868,1880
887,831,1718
397,1250,1647
341,899,1240
547,810,1357
767,1225,1992
744,881,1625
690,806,1496
974,500,1474
1014,777,1791
395,1015,1410
833,715,1548
450,968,1418
1023,809,1832
531,1115,1646
534,497,1031
944,939,1883
731,1121,1852
282,838,1120
802,814,1616
1114,1074,2188
1094,651,1745
244,553,797
540,1327,1867
867,1658,2525
767,1456,2223
659,725,1384
1286,1289,2575
837,582,1419
285,1096,1381
549,924,1473
671,574,1245
657,668,1325
909,1412,2321
1029,1068,2097
517,971,1488
510,706,1216
1050,548,1598
125,1192,1317
574,370,944
706,832,1538
599,1074,1673
1024,1338,2362
774,858,1632
723,488,1211
335,1046,1381
1228,507,1735
308,1237,1545
570,406,976
1278,412,1690
508,1122,1630
1219,882,2101
643,847,1490
712,955,1667
468,1006,1474
618,872,1490
475,1413,1888
706,494,1200
719,1242,1961
1192,834,2026
162,1418,1580
69,654,723
803,811,1614
1019,738,1757
690,556,1246
331,1115,1446
733,1432,2165
1292,676,1968
502,1311,1813
671,1342,2013
98,680,778
1058,844,1902
670,1060,1730
773,1504,2277
335,1028,1363
352,662,1014
1240,421,1661
709,927,1636
761,616,1377
857,412,1269
1186,820,2006
1397,853,2250
466,1167,1633
1158,613,1771
524,537,1061
112,854,966
1274,738,2012
938,1093,2031
348,1183,1531
639,419,1058
49,996,1045
1180,1551,2731
740,831,1571
244,508,752
425,885,1310
899,1068,1967
1032,587,1619
737,608,1345
379,1061,1440
1295,929,2224
879,506,1385
562,1160,1722
928,1008,1936
563,787,1350
1137,1206,2343
998,422,1420
300,752,1052
321,1386,1707
979,1026,2005
754,305,1059
527,566,1093
459,1299,1758
999,1136,2135
690,931,1621
789,1463,2252
578,747,1325
1036,324,1360
766,1032,1798
443,1815,2258
539,1299,1838
820,670,1490
1226,1077,2303
464,1387,1851
512,415,927
1329,898,2227
994,1139,2133
244,1300,1544
948,488,1436
458,800,1258
960,1099,2059
57,836,893
1164,528,1692
1148,256,1404
620,502,1122
207,716,923
486,1213,1699
898,671,1569
478,1192,1670
706,273,979
1176,589,1765
1765,280,2045
968,351,1319
925,616,1541
891,277,1168
1027,459,1486
401,1142,1543
774,1019,1793
1232,601,1833
994,620,1614
983,1780,2763
193,1219,1412
280,509,789
705,1136,1841
913,1499,2412
348,484,832
1026,438,1464
342,2046,2388
1159,651,1810
677,808,1485
749,293,1042
82,682,764
615,1202,1817
871,1470,2341
201,616,817
565,720,1285
61,1284,1345
396,1846,2242
371,588,959
115,877,992
575,731,1306
125,1189,1314
408,721,1129
511,630,1141
290,557,847
292,1128,1420
858,561,1419
427,1970,2397
1643,351,1994
110,862,972
654,816,1470
1074,462,1536
516,454,970
711,502,1213
360,680,1040
620,693,1313
1154,445,1599
2078,444,2522
584,492,1076
187,982,1169
716,952,1668
984,790,1774
534,230,764
941,288,1229
1224,736,1960
820,473,1293
315,995,1310
1161,762,1923
881,513,1394
1693,738,2431
1073,220,1293
592,837,1429
447,1167,1614
2178,589,2767
441,944,1385
1082,287,1369
144,532,676
115,470,585
169,623,792
747,745,1492
531,1662,2193
1092,626,1718
192,609,801
1142,1280,2422
116,472,588
96,309,405
867,685,1552
50,728,778
408,395,803
938,1397,2335
744,794,1538
1289,1470,2759
404,973,1377
1092,1235,2327
145,717,862
146,696,842
121,928,1049
509,616,1125
842,1338,2180
211,1001,1212
366,751,1117
767,1432,2199
521,857,1378
221,810,1031
644,882,1526
323,1012,1335
494,1129,1623
508,454,962
79,1543,1622
309,1140,1449
1520,767,2287
1131,670,1801
250,869,1119
733,814,1547
787,721,1508
634,392,1026
1612,224,1836
725,454,1179
310,1247,1557
427,802,1229
1668,332,2000
415,584,999
422,764,1186
860,330,1190
732,437,1169
833,795,1628
939,686,1625
705,420,1125
1170,971,2141
293,1158,1451
761,203,964
742,616,1358
656,935,1591
1279,737,2016
360,927,1287
714,1196,1910
595,1765,2360
1523,1155,2678
41,510,551
99,541,640
163,470,633
380,1409,1789
408,229,637
591,1327,1918
393,1823,2216
764,983,1747
944,860,1804
444,311,755
286,1740,2026
315,865,1180
181,809,990
307,272,579
966,2316,3282
1785,1543,3328
690,271,961
632,587,1219
109,335,444
632,1317,1949
1309,1856,3165
25,648,673
160,440,600
671,2077,2748
376,2309,2685
17,1465,1482
734,393,1127
116,804,920
780,1287,2067
979,1333,2312
305,316,621
997,1537,2534
813,553,1366
1484,1440,2924
170,1376,1546
863,497,1360
67,1618,1685
674,775,1449
2137,687,2824
336,1353,1689
70,474,544
1085,1693,2778
475,741,1216
609,1219,1828
2202,636,2838
92,1699,1791
1309,429,1738
459,1418,1877
65,603,668
1453,620,2073
773,1986,2759
1684,854,2538
482,532,1014
1493,440,1933
154,499,653
1100,1361,2461
211,851,1062
1524,822,2346
1200,1250,2450
1059,1425,2484
400,644,1044
1250,597,1847
476,906,1382
191,944,1135
1290,1336,2626
1161,282,1443
1589,539,2128
1202,349,1551
1331,941,2272
682,217,899
629,721,1350
305,894,1199
161,868,1029
89,202,291
1311,583,1894
667,588,1255
186,778,964
1915,544,2459
88,221,309
39,1010,1049
692,1016,1708
172,1247,1419
32,945,977
207,800,1007
122,976,1098
1008,1782,2790
122,222,344
37,1005,1042
79,844,923
1230,651,1881
333,720,1053
764,1767,2531
111,1374,1485
412,847,1259
1838,863,2701
244,994,1238
1190,1508,2698
158,380,538
371,1098,1469
38,1384,1422
631,312,943
385,1248,1633
1244,1200,2444
314,1382,1696
1216,514,1730
172,689,861
260,1313,1573
488,1396,1884
1018,705,1723
1140,686,1826
995,306,1301
1196,490,1686
1216,648,1864
974,556,1530
171,971,1142
994,777,1771
538,1337,1875
1056,732,1788
206,835,1041
532,810,1342
1250,671,1921
443,547,990
573,851,1424
411,1563,1974
566,970,1536
762,790,1552
499,1321,1820
272,1019,1291
699,839,1538
706,922,1628
613,1222,1835
419,481,900
747,909,1656
938,833,1771
1086,701,1787
914,625,1539
516,912,1428
337,941,1278
275,1668,1943
1403,490,1893
522,802,1324
145,1025,1170
378,793,1171
1329,616,1945
48,1068,1116
520,887,1407
680,932,1612
402,846,1248
444,1050,1494
907,499,1406
753,869,1622
905,721,1626
578,836,1414
355,680,1035
185,1847,2032
758,682,1440
569,595,1164
787,1602,2389
636,878,1514
914,648,1562
1663,801,2464
407,1296,1703
675,785,1460
362,1207,1569
617,647,1264
923,670,1593
942,647,1589
894,933,1827
492,670,1162
1675,698,2373
426,1555,1981
632,865,1497
277,1246,1523
1453,483,1936
624,1518,2142
296,1045,1341
994,658,1652
502,1192,1694
1125,652,1777
369,911,1280
609,668,1277
603,828,1431
618,432,1050
493,812,1305
772,658,1430
568,1056,1624
783,813,1596
485,780,1265
736,1379,2115
629,764,1393
556,788,1344
727,1185,1912
549,627,1176
560,858,1418
1404,541,1945
607,1091,1698
1087,708,1795
314,799,1113
620,1296,1916
1179,869,2048
346,1187,1533
297,648,945
432,982,1414
1361,479,1840
467,779,1246
369,659,1028
803,395,1198
1020,490,1510
817,951,1768
553,931,1484
680,894,1574
579,1578,2157
553,706,1259
1333,696,2029
1121,729,1850
1194,356,1550
845,751,1596
729,714,1443
640,1394,2034
1066,681,1747
864,635,1499
460,1406,1866
562,1017,1579
607,705,1312
410,825,1235
729,639,1368
817,1361,2178
474,665,1139
527,963,1490
783,1170,1953
650,1476,2126
362,462,824
580,869,1449
961,1499,2460
135,1490,1625
623,739,1362
420,1240,1660
163,436,599
652,789,1441
135,1104,1239
953,610,1563
183,1018,1201
1325,919,2244
313,988,1301
785,1180,1965
995,740,1735
497,497,994
648,1411,2059
1404,508,1912
754,602,1356
564,858,1422
348,897,1245
917,987,1904
500,691,1191
236,1009,1245
768,1145,1913
809,695,1504
816,561,1377
122,1371,1493
149,841,990
738,686,1424
1355,772,2127
620,611,1231
1000,1320,2320
871,788,1659
951,481,1432
308,1255,1563
1163,1357,2520
614,580,1194
1116,477,1593
439,1156,1595
427,895,1322
655,656,1311
1241,641,1882
763,1233,1996
574,1589,2163
635,886,1521
336,843,1179
515,981,1496
486,761,1247
774,1339,2113
301,1011,1312
408,683,1091
716,602,1318
110,1466,1576
566,665,1231
921,872,1793
755,963,1718
452,582,1034
428,1214,1642
1074,809,1883
389,990,1379
552,838,1390
807,324,1131
1078,1052,2130
404,959,1363
421,1095,1516
583,821,1404
500,1426,1926
623,1184,1807
813,1059,1872
946,980,1926
522,827,1349
467,502,969
1129,1103,2232
258,1246,1504
501,1082,1583
817,738,1555
1382,994,2376
1058,920,1978
741,688,1429
496,784,1280
790,1184,1974
565,1198,1763
119,941,1060
770,881,1651
722,941,1663
339,935,1274
358,761,1119
988,710,1698
1006,513,1519
1133,795,1928
746,473,1219
394,1044,1438
904,770,1674
1147,1047,2194
1232,725,1957
571,1148,1719
655,1372,2027
849,670,1519
678,606,1284
1205,1700,2905
507,344,851
746,1193,1939
798,713,1511
548,643,1191
733,940,1673
471,1256,1727
376,556,932
838,1684,2522
670,499,1169
112,585,697
884,1919,2803
454,758,1212
816,976,1792
744,1223,1967
816,1187,2003
682,1207,1889
564,953,1517
407,325,732
885,1364,2249
459,447,906
880,1236,2116
939,965,1904
375,454,829
526,1606,2132
447,781,1228
811,652,1463
64,1530,1594
452,1659,2111
603,1081,1684
976,922,1898
240,448,688
366,1325,1691
1117,849,1966
336,471,807
490,967,1457
731,968,1699
471,1392,1863
287,1383,1670
525,1171,1696
603,1110,1713
1133,396,1529
582,1478,2060
681,752,1433
1399,833,2232
669,2313,2982
1020,1340,2360
484,1144,1628
660,1283,1943
60,517,577
719,1151,1870
554,1081,1635
1431,1489,2920
1380,2223,3603
250,1053,1303
720,1144,1864
1065,1896,2961
644,560,1204
631,739,1370
1904,1096,3000
994,232,1226
911,496,1407
1945,224,2169
964,246,1210
1060,206,1266
1784,278,2062
697,265,962
1093,272,1365
521,225,746
496,293,789
90,318,408
824,1307,2131
973,2218,3191
702,2092,2794
89,327,416
62,360,422
1047,1126,2173
1319,1473,2792
107,381,488
1208,1681,2889
1415,1844,3259
147,1896,2043
845,2240,3085
116,507,623
93,525,618
1177,1726,2903
1481,1135,2616
125,720,845
423,1867,2290
983,1987,2970
345,1929,2274
810,2118,2928
147,678,825
121,608,729
930,2327,3257
187,926,1113
1758,740,2498
718,2079,2797
372,721,1093
1211,1976,3187
534,2078,2612
1733,719,2452
189,1004,1193
250,655,905
1940,1032,2972
308,1134,1442
886,1352,2238
492,926,1418
540,552,1092
1696,1014,2710
1708,1021,2729
791,495,1286
1935,950,2885
518,907,1425
1672,726,2398
451,984,1435
2030,766,2796
1421,755,2176
893,1683,2576
958,338,1296
2209,877,3086
1129,1317,2446
1503,1594,3097
1878,776,2654
1961,864,2825
1837,978,2815
1074,3361,4435
520,995,1515
553,524,1077
452,974,1426
1227,3100,4327
887,847,1734
1841,1318,3159
803,797,1600
1458,2776,4234
576,811,1387
394,661,1055
559,782,1341
799,581,1380
314,863,1177
1609,1361,2970
3092,816,3908
717,732,1449
1423,648,2071
1931,1085,3016
484,909,1393
234,732,966
774,766,1540
20,1284,1304
651,713,1364
655,1062,1717
2833,464,3297
838,629,1467
764,804,1568
220,1619,1839
616,640,1256
498,689,1187
809,931,1740
52,1472,1524
403,730,1133
514,632,1146
848,1343,2191
793,670,1463
634,808,1442
886,1007,1893
1021,645,1666
2682,612,3294
619,767,1386
934,1280,2214
690,1010,1700
730,1008,1738
636,693,1329
1068,1084,2152
532,991,1523
601,703,1304
1340,566,1906
673,1600,2273
858,508,1366
539,948,1487
888,1518,2406
112,494,606
1217,1037,2254
364,1356,1720
596,853,1449
907,688,1595
809,409,1218
1249,758,2007
787,1090,1877
589,1126,1715
1355,315,1670
683,770,1453
648,863,1511
629,322,951
1057,609,1666
30,902,932
389,898,1287
524,634,1158
328,793,1121
176,648,824
589,1047,1636
532,1518,2050
420,686,1106
278,343,621
1181,1288,2469
281,492,773
400,672,1072
643,358,1001
443,387,830
638,1338,1976
469,1363,1832
306,834,1140
1387,1660,3047
550,357,907
691,580,1271
864,1167,2031
284,363,647
824,1010,1834
763,690,1453
330,1254,1584
58,364,422
405,1372,1777
622,380,1002
560,1508,2068
405,917,1322
380,1376,1756
47,698,745
1211,427,1638
94,395,489
1251,1555,2806
522,1248,1770
603,336,939
664,1007,1671
1117,765,1882
667,907,1574
827,1690,2517
195,440,635
900,591,1491
809,1195,2004
355,663,1018
217,1287,1504
455,1120,1575
1150,904,2054
146,1246,1392
215,1203,1418
335,1868,2203
293,531,824
1078,666,1744
1211,1034,2245
518,780,1298
203,792,995
155,878,1033
1352,913,2265
352,709,1061
808,680,1488
998,1446,2444
364,581,945
1130,492,1622
1014,719,1733
608,918,1526
1430,918,2348
1045,544,1589
574,872,1446
1356,1120,2476
676,318,994
1139,1048,2187
770,940,1710
1015,1049,2064
348,423,771
374,988,1362
835,672,1507
215,526,741
379,701,1080
768,1021,1789
241,1491,1732
739,810,1549
596,992,1588
298,1143,1441
419,536,955
466,476,942
399,429,828
1598,817,2415
754,765,1519
376,584,960
727,812,1539
529,601,1130
770,1023,1793
691,1191,1882
747,373,1120
667,806,1473
977,517,1494
825,2261,3086
747,599,1346
368,1043,1411
357,506,863
1198,940,2138
173,2309,2482
925,713,1638
807,733,1540
1167,1959,3126
561,709,1270
569,659,1228
622,465,1087
546,1169,1715
1101,1891,2992
972,753,1725
1008,743,1751
139,547,686
694,495,1189
832,1670,2502
860,486,1346
765,677,1442
106,621,727
628,1300,1928
1348,1848,3196
103,897,1000
861,1108,1969
333,1241,1574
696,702,1398
2088,684,2772
440,540,980
783,1242,2025
95,829,924
2221,1226,3447
192,843,1035
1100,657,1757
416,1395,1811
297,905,1202
1549,861,2410
526,1460,1986
776,1603,2379
842,741,1583
515,831,1346
1725,828,2553
338,1266,1604
334,1358,1692
472,749,1221
1478,1005,2483
467,1241,1708
343,810,1153
416,1215,1631
1731,981,2712
666,1078,1744
508,1238,1746
331,1000,1331
1183,698,1881
591,993,1584
580,838,1418
524,726,1250
867,921,1788
1050,601,1651
778,1248,2026
707,951,1658
518,955,1473
687,1210,1897
925,592,1517
740,1612,2352
1116,397,1513
1300,815,2115
445,882,1327
653,877,1530
209,844,1053
563,980,1543
1358,241,1599
559,496,1055
765,446,1211
391,543,934
1167,847,2014
795,455,1250
516,667,1183
835,464,1299
194,910,1104
740,1634,2374
117,732,849
769,460,1229
348,347,695
708,699,1407
416,468,884
732,1065,1797
1102,1675,2777
703,1312,2015
744,1179,1923
524,666,1190
657,542,1199
602,335,937
1041,656,1697
502,1944,2446
1458,1449,2907
363,330,693
468,1274,1742
374,785,1159
698,663,1361
524,1374,1898
1049,1584,2633
614,716,1330
614,614,1228
483,1011,1494
302,1820,2122
108,1420,1528
631,408,1039
1152,410,1562
903,1585,2488
501,1056,1557
304,737,1041
1181,299,1480
438,1850,2288
1053,812,1865
356,851,1207
251,740,991
264,607,871
466,540,1006
649,964,1613
866,288,1154
580,1893,2473
848,1451,2299
1468,826,2294
746,717,1463
974,1164,2138
676,2170,2846
1558,1104,2662
1258,1219,2477
714,1144,1858
1624,1259,2883
559,203,762
689,1079,1768
693,1005,1698
1400,481,1881
1495,1179,2674
298,370,668
498,705,1203
355,598,953
1730,1190,2920
508,651,1159
1685,1068,2753
168,1042,1210
863,382,1245
771,614,1385
218,1781,1999
559,445,1004
1622,741,2363
947,480,1427
928,1164,2092
580,452,1032
611,1471,2082
933,715,1648
667,1480,2147
1844,696,2540
378,495,873
713,535,1248
454,1198,1652
141,1579,1720
1356,1068,2424
924,818,1742
752,520,1272
1287,434,1721
113,1259,1372
626,320,946
922,1633,2555
175,1716,1891
99,1600,1699
835,1241,2076
991,1062,2053
132,1613,1745
1345,722,2067
836,451,1287
331,1619,1950
47,647,694
488,1187,1675
1187,562,1749
439,1939,2378
84,766,850
1115,1743,2858
467,1342,1809
146,448,594
1375,862,2237
112,1936,2048
174,526,700
319,633,952
188,2016,2204
227,744,971
531,701,1232
941,751,1692
677,1658,2335
162,615,777
1003,1148,2151
1885,575,2460
494,510,1004
736,548,1284
613,478,1091
619,619,1238
178,875,1053
353,719,1072
566,1358,1924
1451,988,2439
616,1852,2468
1936,650,2586
482,674,1156
1266,1149,2415
1441,649,2090
112,1617,1729
332,898,1230
518,473,991
852,1817,2669
1973,654,2627
1674,1173,2847
605,643,1248
1103,1658,2761
425,1239,1664
287,551,838
290,1737,2027
455,1006,1461
409,740,1149
485,614,1099
328,735,1063
790,868,1658
816,1188,2004
624,1100,1724
1675,865,2540
802,634,1436
474,1773,2247
642,702,1344
241,983,1224
809,1087,1896
629,500,1129
1546,756,2302
222,840,1062
737,956,1693
2049,1005,3054
298,962,1260
499,448,947
459,893,1352
330,630,960
515,799,1314
1441,662,2103
26,984,1010
488,702,1190
1468,969,2437
894,1086,1980
701,644,1345
545,764,1309
1715,1534,3249
1098,950,2048
676,550,1226
361,803,1164
1152,1232,2384
342,747,1089
429,763,1192
658,1126,1784
1400,632,2032
582,865,1447
1009,895,1904
812,641,1453
40,523,563
1054,1400,2454
1183,405,1588
529,842,1371
1632,1221,2853
298,1028,1326
746,1124,1870
352,590,942
691,593,1284
205,643,848
622,1476,2098
460,427,887
799,1012,1811
962,751,1713
655,677,1332
487,2164,2651
87,1115,1202
460,745,1205
39,1423,1462
733,738,1471
306,823,1129
338,1213,1551
1219,1258,2477
568,599,1167
462,1035,1497
1256,1224,2480
336,817,1153
887,600,1487
959,906,1865
437,1142,1579
323,848,1171
360,827,1187
216,1192,1408
567,761,1328
992,720,1712
242,1810,2052
351,898,1249
843,509,1352
924,2041,2965
336,1769,2105
397,1049,1446
426,771,1197
537,858,1395
621,1652,2273
648,658,1306
797,1244,2041
607,454,1061
376,1399,1775
1246,528,1774
516,1642,2158
1041,648,1689
666,670,1336
179,1573,1752
826,2473,3299
473,819,1292
529,529,1058
1043,1162,2205
691,1148,1839
780,980,1760
642,1301,1943
1067,906,1973
713,823,1536
1514,694,2208
1824,1569,3393
594,870,1464
1508,723,2231
1742,763,2505
1529,549,2078
844,1197,2041
703,1108,1811
471,1458,1929
604,930,1534
1525,1482,3007
517,1251,1768
1103,551,1654
1071,1094,2165
601,738,1339
190,667,857
488,1223,1711
406,898,1304
2154,1028,3182
562,896,1458
611,464,1075
596,911,1507
1211,749,1960
1027,936,1963
855,553,1408
659,625,1284
1489,874,2363
676,843,1519
506,902,1408
317,614,931
799,635,1434
1002,1126,2128
372,462,834
1074,524,1598
1335,714,2049
783,1270,2053
483,243,726
913,631,1544
730,1696,2426
548,505,1053
468,1033,1501
213,1201,1414
828,705,1533
469,626,1095
1058,980,2038
700,1224,1924
710,835,1545
784,1285,2069
837,307,1144
909,673,1582
991,628,1619
393,1594,1987
452,842,1294
747,951,1698
1131,539,1670
468,1749,2217
538,225,763
556,813,1369
1110,331,1441
710,453,1163
516,758,1274
673,618,1291
294,716,1010
316,934,1250
841,356,1197
341,802,1143
183,335,518
148,493,641
410,388,798
422,1059,1481
200,516,716
177,638,815
515,299,814
708,821,1529
701,720,1421
63,322,385
781,1219,2000
292,428,720
363,451,814
130,328,458
1016,1322,2338
1459,1643,3102
392,560,952
182,363,545
1371,2642,4013
317,594,911
573,731,1304
733,1008,1741
729,1130,1859
1153,1116,2269
475,1332,1807
233,557,790
1282,1503,2785
610,431,1041
440,713,1153
625,598,1223
58,1350,1408
693,1250,1943
695,730,1425
737,739,1476
1502,2223,3725
240,1391,1631
225,1455,1680
558,2076,2634
290,753,1043
1003,663,1666
1167,1866,3033
568,1937,2505
411,771,1182
526,1103,1629
777,778,1555
462,732,1194
1012,674,1686
1653,1180,2833
293,315,608
1272,1210,2482
677,705,1382
1196,661,1857
56,1122,1178
2412,734,3146
537,412,949
109,1097,1206
333,631,964
1189,633,1822
1959,1032,2991
1303,611,1914
1530,567,2097
987,1698,2685
990,774,1764
1442,731,2173
596,415,1011
154,1112,1266
566,756,1322
1649,809,2458
1808,593,2401
362,649,1011
1316,1136,2452
586,575,1161
480,643,1123
1021,503,1524
617,965,1582
572,566,1138
1095,808,1903
899,660,1559
584,933,1517
226,656,882
622,863,1485
373,609,982
532,1293,1825
648,795,1443
920,1236,2156
589,763,1352
590,1146,1736
1069,546,1615
1495,958,2453
720,560,1280
512,998,1510
473,1078,1551
1060,665,1725
871,814,1685
320,872,1192
1136,552,1688
351,923,1274
385,1604,1989
1188,436,1624
184,575,759
558,592,1150
658,656,1314
632,298,930
608,727,1335
94,1049,1143
428,855,1283
784,993,1777
651,593,1244
1233,503,1736
257,2228,2485
1007,456,1463
400,490,890
268,917,1185
530,2348,2878
1049,779,1828
889,901,1790
778,603,1381
91,558,649
500,822,1322
869,755,1624
883,530,1413
574,634,1208
560,1187,1747
360,733,1093
348,593,941
45,806,851
124,574,698
761,779,1540
440,435,875
83,970,1053
196,1987,2183
467,1633,2100
147,849,996
399,1732,2131
760,1242,2002
1382,1967,3349
411,1784,2195
488,916,1404
228,950,1178
90,1761,1851
132,1433,1565
869,1220,2089
588,1735,2323
439,1383,1822
354,896,1250
670,838,1508
413,1182,1595
657,1131,1788
711,1550,2261
339,729,1068
890,1697,2587
669,1045,1714
149,1391,1540
525,1081,1606
183,1597,1780
782,526,1308
384,1346,1730
1033,873,1906
618,1172,1790
2084,1510,3594
109,1014,1123
1424,972,2396
996,953,1949
540,795,1335
99,1685,1784
1507,788,2295
284,375,659
788,1005,1793
621,1186,1807
964,1371,2335
222,1269,1491
1523,617,2140
1257,523,1780
86,992,1078
703,742,1445
1307,899,2206
358,528,886
726,971,1697
679,494,1173
1278,660,1938
1080,859,1939
1242,646,1888
589,766,1355
385,754,1139
114,1156,1270
623,833,1456
326,696,1022
191,830,1021
704,512,1216
443,866,1309
966,1158,2124
672,829,1501
470,478,948
631,595,1226
439,636,1075
746,426,1172
1297,1121,2418
662,582,1244
741,1044,1785
686,962,1648
2186,1804,3990
303,1093,1396
520,703,1223
522,680,1202
574,619,1193
1575,1639,3214
737,481,1218
278,667,945
593,1605,2198
1090,1159,2249
600,493,1093
279,760,1039
611,719,1330
692,634,1326
879,1027,1906
1208,2886,4094
948,1361,2309
1086,1012,2098
1037,1106,2143
477,610,1087
727,656,1383
261,720,981
602,668,1270
1203,2342,3545
235,688,923
1016,952,1968
1476,562,2038
537,414,951
824,831,1655
566,676,1242
1349,532,1881
1561,1848,3409
710,1149,1859
1402,406,1808
511,365,876
351,959,1310
967,1704,2671
645,681,1326
504,609,1113
589,1343,1932
610,755,1365
697,1309,2006
67,427,494
545,885,1430
960,549,1509
700,1469,2169
1521,1427,2948
823,874,1697
24,679,703
1408,1030,2438
845,761,1606
2626,1097,3723
1401,966,2367
906,1478,2384
269,1039,1308
43,860,903
157,602,759
491,1556,2047
94,560,654
544,1060,1604
765,1232,1997
2030,1130,3160
680,354,1034
157,856,1013
1636,1263,2899
715,488,1203
201,1065,1266
134,923,1057
753,1403,2156
319,634,953
1238,1050,2288
1127,374,1501
394,1026,1420
372,658,1030
80,1291,1371
1396,685,2081
469,846,1315
119,1323,1442
242,1050,1292
291,1029,1320
619,1004,1623
729,523,1252
866,654,1520
559,1003,1562
1275,1216,2491
278,868,1146
558,760,1318
400,1116,1516
675,858,1533
935,770,1705
1150,646,1796
1128,579,1707
1002,886,1888
775,769,1544
726,1152,1878
358,665,1023
409,1249,1658
917,447,1364
398,922,1320
870,632,1502
757,779,1536
628,910,1538
588,693,1281
661,903,1564
896,902,1798
418,885,1303
1018,688,1706
988,695,1683
701,549,1250
459,719,1178
647,674,1321
763,1063,1826
1046,977,2023
668,1158,1826
655,631,1286
192,1109,1301
1025,594,1619
538,788,1326
739,529,1268
682,569,1251
1108,674,1782
831,538,1369
111,618,729
403,1753,2156
827,1026,1853
417,767,1184
411,1760,2171
675,1441,2116
779,576,1355
554,1613,2167
597,803,1400
747,587,1334
644,1198,1842
404,384,788
1064,1083,2147
287,655,942
849,1378,2227
761,1086,1847
1700,619,2319
917,1319,2236
429,634,1063
1103,780,1883
279,544,823
585,835,1420
973,1220,2193
456,693,1149
540,1818,2358
579,870,1449
1638,927,2565
955,936,1891
532,878,1410
788,1640,2428
1312,540,1852
808,840,1648
415,888,1303
694,698,1392
1539,770,2309
555,620,1175
595,855,1450
993,764,1757
550,836,1386
396,988,1384
360,1217,1577
350,602,952
415,1101,1516
987,917,1904
136,752,888
1106,1349,2455
432,644,1076
1016,918,1934
545,710,1255
1748,962,2710
573,1371,1944
351,671,1022
366,888,1254
478,1220,1698
195,731,926
710,480,1190
1213,985,2198
737,1360,2097
558,1215,1773
1537,667,2204
597,1565,2162
504,587,1091
498,747,1245
1251,846,2097
1138,938,2076
497,649,1146
550,907,1457
835,1122,1957
709,1285,1994
713,894,1607
217,1091,1308
773,624,1397
830,693,1523
982,639,1621
564,850,1414
514,1154,1668
1012,620,1632
854,549,1403
503,1254,1757
723,1250,1973
396,1079,1475
820,424,1244
1194,741,1935
478,492,970
488,999,1487
580,931,1511
594,366,960
708,1237,1945
569,1093,1662
824,768,1592
153,572,725
731,774,1505
764,1206,1970
523,1305,1828
925,651,1576
319,1321,1640
859,820,1679
118,869,987
435,1239,1674
1108,620,1728
904,1529,2433
821,1298,2119
1212,534,1746
1036,643,1679
182,596,778
583,837,1420
389,555,944
430,870,1300
238,959,1197
1223,1370,2593
1186,1508,2694
469,779,1248
594,481,1075
305,845,1150
1011,1079,2090
975,1693,2668
465,638,1103
491,716,1207
877,323,1200
1123,1167,2290
696,670,1366
491,500,991
391,1466,1857
1386,837,2223
1008,1062,2070
62,772,834
728,626,1354
948,633,1581
419,1357,1776
563,624,1187
1087,1348,2435
538,744,1282
737,1513,2250
990,649,1639
224,851,1075
694,836,1530
398,816,1214
398,815,1213
601,1288,1889
1148,669,1817
940,1593,2533
860,480,1340
1317,940,2257
328,1719,2047
666,1038,1704
542,644,1186
534,894,1428
206,992,1198
655,1459,2114
1030,757,1787
771,1560,2331
441,974,1415
584,831,1415
1228,1114,2342
614,836,1450
582,862,1444
461,687,1148
1279,683,1962
730,807,1537
1253,919,2172
286,850,1136
1306,867,2173
739,469,1208
400,615,1015
892,455,1347
709,837,1546
289,609,898
1207,761,1968
783,556,1339
352,1132,1484
1688,687,2375
894,828,1722
1223,731,1954
589,379,968
578,1148,1726
1486,726,2212
681,356,1037
474,458,932
661,873,1534
1203,425,1628
400,1186,1586
731,523,1254
625,461,1086
602,343,945
1324,918,2242
556,1076,1632
622,1049,1671
804,1347,2151
770,882,1652
508,1280,1788
687,815,1502
648,1431,2079
840,949,1789
799,1248,2047
440,1352,1792
710,1387,2097
143,889,1032
714,1028,1742
782,1047,1829
1159,728,1887
80,884,964
152,1012,1164
175,911,1086
135,577,712
352,634,986
911,1489,2400
488,322,810
90,769,859
403,712,1115
203,473,676
425,642,1067
779,581,1360
265,522,787
724,1865,2589
899,1645,2544
819,1448,2267
39,1330,1369
1007,1855,2862
152,2374,2526
870,542,1412
797,585,1382
873,2072,2945
102,483,585
907,713,1620
813,1523,2336
35,1462,1497
568,1020,1588
1209,1365,2574
335,1229,1564
1120,1844,2964
288,518,806
837,563,1400
920,1832,2752
794,1766,2560
173,544,717
240,1969,2209
735,793,1528
360,479,839
2152,782,2934
583,1191,1774
369,597,966
550,1661,2211
1399,758,2157
1173,974,2147
752,290,1042
536,782,1318
204,885,1089
414,481,895
1109,956,2065
1807,736,2543
181,996,1177
954,897,1851
1448,850,2298
689,1463,2152
910,866,1776
1713,541,2254
90,805,895
1627,810,2437
1103,1216,2319
1433,755,2188
1122,728,1850
395,875,1270
523,462,985
874,500,1374
105,724,829
746,528,1274
153,767,920
1244,1067,2311
1491,926,2417
774,541,1315
480,1235,1715
620,767,1387
801,441,1242
1162,836,1998
643,715,1358
763,432,1195
1591,1109,2700
625,1583,2208
936,762,1698
617,878,1495
165,2314,2479
298,942,1240
497,1411,1908
332,651,983
349,840,1189
30,456,486
1048,1076,2124
828,629,1457
765,761,1526
69,677,746
581,1567,2148
231,1008,1239
255,600,855
742,1570,2312
596,892,1488
557,1023,1580
76,852,928
209,966,1175
938,902,1840
241,886,1127
930,836,1766
410,504,914
502,1334,1836
697,1225,1922
1390,1173,2563
458,741,1199
1494,1819,3313
577,687,1264
721,1239,1960
1101,1061,2162
430,519,949
1950,1110,3060
609,1922,2531
1338,766,2104
719,1083,1802
979,874,1853
807,847,1654
692,1438,2130
368,1380,1748
503,789,1292
1213,1363,2576
789,722,1511
1183,640,1823
619,1371,1990
1061,470,1531
796,1296,2092
46,792,838
531,667,1198
622,715,1337
1062,805,1867
1058,624,1682
337,1641,1978
1117,289,1406
1614,451,2065
96,1957,2053
790,1291,2081
378,794,1172
1277,907,2184
1080,1237,2317
1045,591,1636
1644,331,1975
666,981,1647
1207,918,2125
762,592,1354
841,912,1753
1114,1163,2277
1144,678,1822
1476,1172,2648
464,1397,1861
1269,1562,2831
1108,257,1365
1332,563,1895
818,584,1402
730,1807,2537
31,360,391
1208,1070,2278
572,937,1509
1593,940,2533
312,329,641
1407,1094,2501
813,489,1302
344,551,895
778,2333,3111
132,664,796
1258,1344,2602
733,1103,1836
790,1102,1892
517,361,878
792,1195,1987
764,1104,1868
301,710,1011
1029,779,1808
816,1023,1839
24,1183,1207
1331,700,2031
1365,715,2080
165,828,993
550,984,1534
1821,1305,3126
508,673,1181
682,1564,2246
831,705,1536
45,1233,1278
105,503,608
554,965,1519
622,594,1216
76,1020,1096
1557,1435,2992
122,930,1052
861,1709,2570
28,1229,1257
581,538,1119
844,754,1598
469,986,1455
792,940,1732
767,1009,1776
189,947,1136
2125,1102,3227
302,929,1231
375,1553,1928
587,1272,1859
776,543,1319
1051,824,1875
209,1294,1503
428,1053,1481
1216,838,2054
380,1054,1434
643,1037,1680
484,1020,1504
1175,1011,2186
829,1334,2163
229,762,991
1186,1003,2189
364,1318,1682
989,1182,2171
29,1000,1029
911,741,1652
416,734,1150
869,939,1808
593,742,1335
1184,1290,2474
204,1021,1225
802,602,1404
790,1164,1954
502,987,1489
270,973,1243
631,1020,1651
1069,1058,2127
258,840,1098
357,957,1314
887,791,1678
473,588,1061
326,994,1320
571,1002,1573
714,488,1202
809,896,1705
1493,990,2483
445,1323,1768
317,592,909
1303,1554,2857
748,1275,2023
351,600,951
393,1010,1403
601,548,1149
733,680,1413
436,564,1000
534,314,848
890,628,1518
573,1168,1741
624,1113,1737
730,826,1556
557,727,1284
518,1087,1605
688,1363,2051
312,1431,1743
827,1603,2430
131,755,886
823,299,1122
315,409,724
521,1394,1915
791,1301,2092
801,1747,2548
1174,1327,2501
784,1253,2037
1282,685,1967
568,615,1183
830,1237,2067
638,1193,1831
882,778,1660
479,627,1106
553,1557,2110
761,992,1753
524,685,1209
1032,655,1687
834,163,997
1358,398,1756
632,1517,2149
128,617,745
600,691,1291
1324,911,2235
591,646,1237
153,642,795
963,1214,2177
763,1101,1864
266,1108,1374
49,784,833
513,1322,1835
44,1167,1211
542,1276,1818
360,866,1226
234,820,1054
37,1299,1336
981,602,1583
507,841,1348
946,1147,2093
326,932,1258
451,421,872
524,776,1300
484,892,1376
957,516,1473
1170,706,1876
1096,456,1552
1125,1008,2133
636,811,1447
1274,1052,2326
1181,444,1625
630,870,1500
244,804,1048
658,1049,1707
1009,552,1561
1383,448,1831
756,1071,1827
816,857,1673
491,433,924
998,679,1677
539,547,1086
535,648,1183
295,528,823
1369,1426,2795
71,628,699
153,1163,1316
1122,752,1874
527,650,1177
1031,851,1882
600,711,1311
330,498,828
464,832,1296
457,1241,1698
349,594,943
25,1488,1513
622,877,1499
791,871,1662
925,820,1745
654,614,1268
1072,1637,2709
643,858,1501
864,840,1704
335,501,836
102,1627,1729
385,850,1235
97,1218,1315
804,703,1507
402,799,1201
1212,748,1960
607,755,1362
456,1208,1664
779,655,1434
1267,736,2003
723,902,1625
137,1755,1892
583,785,1368
452,632,1084
783,1888,2671
672,640,1312
494,1069,1563
764,455,1219
1327,495,1822
1174,635,1809
597,905,1502
722,1018,1740
790,898,1688
552,1578,2130
54,2346,2400
536,669,1205
725,733,1458
364,717,1081
770,422,1192
590,732,1322
1173,507,1680
708,1300,2008
1059,1579,2638
622,846,1468
408,586,994
581,1518,2099
575,929,1504
804,610,1414
548,797,1345
886,711,1597
351,801,1152
531,800,1331
649,790,1439
772,399,1171
418,1559,1977
1040,1581,2621
764,936,1700
1744,1075,2819
715,1291,2006
474,1428,1902
524,1167,1691
322,1320,1642
837,1071,1908
626,1074,1700
699,915,1614
1701,1504,3205
425,912,1337
479,832,1311
486,1362,1848
1314,1463,2777
2247,1296,3543
305,773,1078
1314,1179,2493
671,718,1389
672,527,1199
853,1043,1896
204,785,989
1382,1202,2584
274,1186,1460
1156,1277,2433
1501,864,2365
492,1343,1835
604,1117,1721
1113,1312,2425
884,268,1152
646,1043,1689
785,1567,2352
469,1265,1734
1260,469,1729
1022,892,1914
632,1368,2000
1360,1065,2425
966,1268,2234
964,429,1393
585,1538,2123
1191,515,1706
1189,873,2062
1220,785,2005
797,1302,2099
1039,1075,2114
379,951,1330
1123,769,1892
1387,415,1802
612,1182,1794
1305,767,2072
1115,770,1885
1144,1087,2231
958,870,1828
686,531,1217
282,1167,1449
845,1061,1906
528,766,1294
1201,481,1682
663,1039,1702
692,1220,1912
837,1033,1870
980,506,1486
760,1284,2044
916,926,1842
981,737,1718
317,813,1130
25,1122,1147
1570,344,1914
585,1082,1667
877,854,1731
404,918,1322
299,1047,1346
948,995,1943
799,1165,1964
1011,956,1967
647,1020,1667
771,972,1743
74,564,638
40,1448,1488
409,1128,1537
812,835,1647
512,860,1372
1004,1302,2306
815,926,1741
427,984,1411
18,1051,1069
795,903,1698
77,903,980
229,1625,1854
459,1387,1846
445,787,1232
985,943,1928
230,993,1223
574,1417,1991
430,1178,1608
478,834,1312
619,793,1412
1052,1231,2283
713,930,1643
837,800,1637
704,1078,1782
1048,874,1922
438,568,1006
1270,547,1817
991,1167,2158
697,737,1434
702,368,1070
899,269,1168
768,857,1625
477,1038,1515
194,1092,1286
586,1298,1884
1348,1232,2580
749,396,1145
970,1126,2096
1049,1022,2071
549,633,1182
788,1098,1886
670,866,1536
282,645,927
747,1389,2136
304,485,789
485,1051,1536
881,769,1650
1126,473,1599
536,963,1499
583,1092,1675
537,419,956
857,1621,2478
215,609,824
600,1563,2163
493,462,955
315,689,1004
479,1097,1576
244,903,1147
649,391,1040
510,709,1219
738,1156,1894
932,247,1179
424,1507,1931
306,599,905
1188,1441,2629
968,751,1719
520,574,1094
341,1196,1537
109,436,545
272,1040,1312
450,832,1282
694,1464,2158
92,1213,1305
716,861,1577
586,1296,1882
1503,806,2309
403,475,878
1014,639,1653
1177,1582,2759
694,958,1652
445,568,1013
136,1249,1385
753,749,1502
1565,909,2474
745,1173,1918
212,930,1142
209,840,1049
1161,882,2043
610,453,1063
991,527,1518
311,2174,2485
612,903,1515
1088,559,1647
501,2258,2759
257,959,1216
1245,664,1909
171,618,789
927,444,1371
408,813,1221
813,644,1457
1428,549,1977
208,737,945
1236,1593,2829
1270,273,1543
1337,845,2182
1119,469,1588
725,325,1050
1982,504,2486
579,909,1488
734,332,1066
627,470,1097
862,217,1079
481,871,1352
1108,526,1634
774,363,1137
892,1353,2245
1106,292,1398
638,718,1356
709,1009,1718
315,895,1210
253,286,539
805,967,1772
845,702,1547
1112,722,1834
845,813,1658
231,262,493
921,751,1672
1010,673,1683
815,878,1693
124,438,562
151,776,927
1300,629,1929
1294,760,2054
988,820,1808
197,677,874
170,611,781
1042,984,2026
86,455,541
172,687,859
142,894,1036
2385,1035,3420
133,694,827
123,946,1069
124,888,1012
581,1679,2260
396,536,932
466,612,1078
309,703,1012
1036,1684,2720
178,1082,1260
525,660,1185
545,592,1137
409,639,1048
1698,1397,3095
615,579,1194
360,862,1222
473,1069,1542
168,443,611
374,769,1143
316,521,837
236,886,1122
337,390,727
532,614,1146
1062,1684,2746
152,1505,1657
299,1095,1394
277,636,913
1601,1539,3140
352,1084,1436
652,1147,1799
194,1591,1785
384,416,800
464,1125,1589
712,475,1187
498,1392,1890
313,650,963
561,839,1400
1458,714,2172
871,916,1787
1045,1039,2084
1408,906,2314
399,501,900
320,1301,1621
228,973,1201
673,1318,1991
704,1035,1739
421,1025,1446
1254,850,2104
1295,499,1794
85,715,800
544,988,1532
925,735,1660
100,865,965
741,1239,1980
853,937,1790
283,1286,1569
345,717,1062
927,1218,2145
513,570,1083
601,503,1104
583,629,1212
536,1407,1943
812,907,1719
377,680,1057
672,2115,2787
571,549,1120
983,1123,2106
791,325,1116
721,538,1259
803,1109,1912
666,1161,1827
675,1126,1801
1097,818,1915
1459,1324,2783
945,1280,2225
609,836,1445
1016,1334,2350
908,903,1811
517,485,1002
152,1103,1255
828,941,1769
667,789,1456
273,1137,1410
432,883,1315
1916,496,2412
267,1636,1903
307,697,1004
593,996,1589
433,1411,1844
396,983,1379
1031,665,1696
1055,882,1937
542,571,1113
487,1160,1647
1293,504,1797
173,805,978
1138,1041,2179
820,778,1598
771,660,1431
852,1550,2402
1022,782,1804
1377,353,1730
841,539,1380
617,832,1449
1097,620,1717
405,825,1230
918,709,1627
417,840,1257
523,842,1365
1047,1338,2385
699,1274,1973
1112,534,1646
833,663,1496
1085,598,1683
1028,554,1582
430,767,1197
687,746,1433
720,610,1330
726,1179,1905
756,1162,1918
423,1426,1849
737,724,1461
614,811,1425
780,1153,1933
414,1793,2207
530,650,1180
271,768,1039
540,1339,1879
583,1632,2215
191,875,1066
448,443,891
1457,640,2097
455,714,1169
506,606,1112
418,675,1093
1142,966,2108
530,1045,1575
573,1164,1737
1334,901,2235
389,830,1219
1142,639,1781
747,586,1333
542,572,1114
557,800,1357
671,673,1344
1047,775,1822
880,940,1820
1108,1108,2216
526,638,1164
726,2164,2890
1010,1000,2010
455,1019,1474
345,681,1026
484,822,1306
584,661,1245
532,840,1372
1037,519,1556
769,484,1253
166,688,854
922,910,1832
721,698,1419
624,811,1435
402,482,884
1610,580,2190
1031,873,1904
1473,1313,2786
641,1805,2446
136,676,812
412,772,1184
993,685,1678
424,537,961
786,1207,1993
566,344,910
533,1210,1743
667,1315,1982
248,978,1226
505,871,1376
254,1110,1364
537,907,1444
795,1438,2233
557,686,1243
432,1052,1484
667,1449,2116
400,1988,2388
718,852,1570
491,1085,1576
656,717,1373
1031,1289,2320
611,843,1454
997,446,1443
1130,1230,2360
594,574,1168
599,1920,2519
660,408,1068
380,1197,1577
795,2507,3302
507,1156,1663
452,1575,2027
577,338,915
571,410,981
1329,674,2003
2181,1637,3818
731,1056,1787
284,1181,1465
960,1209,2169
482,1528,2010
398,462,860
1115,544,1659
1812,567,2379
383,594,977
909,345,1254
463,1736,2199
1202,592,1794
513,1638,2151
186,1546,1732
1685,1766,3451
1009,1650,2659
990,604,1594
241,576,817
1137,1586,2723
763,845,1608
1025,469,1494
493,1420,1913
1670,1532,3202
1304,853,2157
442,495,937
1029,1017,2046
1468,394,1862
1181,1353,2534
398,1095,1493
1503,363,1866
1336,911,2247
222,602,824
347,1123,1470
647,374,1021
454,1178,1632
379,799,1178
1193,1530,2723
997,473,1470
696,859,1555
1504,948,2452
470,542,1012
1441,622,2063
606,641,1247
503,740,1243
406,803,1209
1530,1091,2621
963,1210,2173
288,634,922
1507,679,2186
105,347,452
335,1275,1610
620,1837,2457
403,780,1183
1221,963,2184
517,1342,1859
1370,1030,2400
325,647,972
1351,809,2160
734,1162,1896
225,599,824
302,1289,1591
184,2188,2372
284,898,1182
830,566,1396
1218,1291,2509
777,1911,2688
77,915,992
955,649,1604
931,1017,1948
725,550,1275
449,609,1058
686,739,1425
970,1089,2059
763,744,1507
1802,861,2663
1141,719,1860
759,872,1631
2012,710,2722
585,527,1112
457,1101,1558
543,1299,1842
804,1237,2041
736,533,1269
801,312,1113
412,1083,1495
297,621,918
1677,443,2120
251,628,879
358,1093,1451
342,620,962
588,545,1133
626,1139,1765
1134,930,2064
574,501,1075
574,1063,1637
791,1131,1922
1138,1276,2414
1029,700,1729
226,603,829
886,1214,2100
324,1081,1405
509,1355,1864
556,571,1127
1102,1250,2352
1208,1170,2378
186,1175,1361
412,890,1302
647,791,1438
526,521,1047
787,713,1500
639,769,1408
1103,888,1991
880,761,1641
910,1253,2163
1044,1096,2140
473,472,945
150,1740,1890
840,1072,1912
202,527,729
923,651,1574
556,1416,1972
954,690,1644
935,733,1668
1008,607,1615
1075,643,1718
1131,500,1631
525,566,1091
1124,642,1766
86,1056,1142
225,784,1009
577,562,1139
234,806,1040
948,812,1760
614,528,1142
613,1347,1960
396,902,1298
346,866,1212
612,1619,2231
235,1070,1305
631,720,1351
1643,717,2360
948,408,1356
288,382,670
918,718,1636
250,648,898
527,877,1404
852,461,1313
1356,371,1727
945,678,1623
197,1463,1660
404,796,1200
219,831,1050
309,637,946
732,887,1619
720,647,1367
500,1417,1917
922,893,1815
269,865,1134
357,602,959
68,1199,1267
1200,1787,2987
552,695,1247
600,398,998
437,678,1115
592,1382,1974
281,1295,1576
413,663,1076
669,678,1347
1293,588,1881
635,1264,1899
568,1635,2203
500,674,1174
408,898,1306
935,1008,1943
1138,414,1552
749,1540,2289
782,792,1574
519,1023,1542
1201,900,2101
1353,391,1744
195,731,926
1199,479,1678
1175,425,1600
1357,457,1814
651,533,1184
380,881,1261
86,1508,1594
1405,875,2280
536,778,1314
673,1027,1700
832,802,1634
498,1180,1678
595,1025,1620
1035,645,1680
1086,776,1862
1005,677,1682
354,894,1248
1358,353,1711
1224,665,1889
937,1061,1998
1043,930,1973
1098,1204,2302
532,535,1067
104,569,673
348,1017,1365
746,984,1730
442,367,809
246,976,1222
72,800,872
1003,534,1537
952,807,1759
693,1458,2151
103,876,979
673,1049,1722
715,1383,2098
440,510,950
658,1411,2069
210,894,1104
757,1481,2238
248,543,791
866,1184,2050
1005,1039,2044
969,1212,2181
1379,857,2236
314,566,880
376,752,1128
155,1003,1158
294,597,891
421,785,1206
156,601,757
1080,219,1299
801,1464,2265
348,659,1007
404,715,1119
230,752,982
401,913,1314
1402,1196,2598
443,427,870
653,586,1239
687,491,1178
670,797,1467
467,264,731
1112,221,1333
501,516,1017
1027,1259,2286
875,552,1427
648,759,1407
386,572,958
575,833,1408
698,826,1524
678,889,1567
944,536,1480
741,804,1545
725,450,1175
1163,240,1403
1050,849,1899
1090,614,1704
703,392,1095
639,829,1468
632,747,1379
1059,608,1667
1201,658,1859
1289,892,2181
1219,297,1516
1225,328,1553
1582,572,2154
189,723,912
965,647,1612
981,590,1571
191,802,993
140,707,847
1110,525,1635
1594,817,2411
176,797,973
138,757,895
925,666,1591
130,891,1021
184,838,1022
88,722,810
343,547,890
322,753,1075
278,627,905
90,808,898
219,1003,1222
172,988,1160
488,435,923
138,849,987
914,592,1506
378,999,1377
332,720,1052
536,475,1011
112,962,1074
197,1278,1475
643,632,1275
423,734,1157
366,783,1149
454,1316,1770
237,658,895
678,587,1265
291,1149,1440
426,525,951
532,562,1094
25,909,934
48,1127,1175
600,979,1579
530,811,1341
661,1145,1806
223,1136,1359
311,717,1028
186,1176,1362
258,317,575
627,753,1380
548,848,1396
591,1039,1630
754,926,1680
744,715,1459
402,1386,1788
415,743,1158
62,1262,1324
574,940,1514
788,821,1609
1027,493,1520
719,735,1454
546,868,1414
1045,698,1743
395,814,1209
770,1301,2071
199,906,1105
82,1692,1774
747,867,1614
1110,446,1556
816,558,1374
320,397,717
1096,688,1784
259,1438,1697
1022,1287,2309
457,929,1386
794,1245,2039
1182,931,2113
615,554,1169
425,1033,1458
933,874,1807
869,699,1568
470,1470,1940
776,652,1428
867,713,1580
1363,892,2255
605,1081,1686
970,692,1662
723,553,1276
267,1235,1502
628,1094,1722
734,710,1444
707,1121,1828
432,1244,1676
608,1154,1762
616,742,1358
1181,671,1852
721,1291,2012
270,727,997
857,708,1565
1584,805,2389
968,656,1624
781,972,1753
511,710,1221
444,944,1388
1075,1026,2101
817,768,1585
394,1027,1421
1340,1112,2452
760,1550,2310
1179,969,2148
641,914,1555
1020,779,1799
1130,1072,2202
925,975,1900
507,904,1411
986,921,1907
332,1646,1978
781,1324,2105
623,1058,1681
571,1591,2162
458,796,1254
809,1326,2135
569,826,1395
981,1596,2577
824,896,1720
415,759,1174
598,563,1161
1099,1292,2391
848,693,1541
395,697,1092
885,324,1209
576,1474,2050
834,1276,2110
665,604,1269
593,299,892
566,1513,2079
1011,901,1912
1234,1070,2304
695,573,1268
820,1419,2239
1224,861,2085
581,864,1445
717,415,1132
674,972,1646
1249,867,2116
583,1798,2381
472,1060,1532
1340,799,2139
1292,738,2030
1495,837,2332
567,567,1134
819,845,1664
525,1606,2131
1137,737,1874
1329,531,1860
665,411,1076
581,1298,1879
636,1620,2256
1050,857,1907
93,419,512
800,725,1525
671,1149,1820
752,580,1332
699,753,1452
572,1480,2052
1684,358,2042
879,655,1534
479,497,976
890,1210,2100
1516,671,2187
586,827,1413
666,1676,2342
337,615,952
1543,470,2013
235,804,1039
761,269,1030
942,700,1642
1314,380,1694
780,807,1587
598,1446,2044
1183,1661,2844
1400,396,1796
76,488,564
512,1387,1899
1093,1622,2715
341,772,1113
1469,855,2324
520,864,1384
199,505,704
1081,458,1539
143,718,861
226,424,650
709,1231,1940
51,388,439
320,566,886
125,670,795
1058,631,1689
496,994,1490
1236,346,1582
786,1055,1841
904,408,1312
20,1145,1165
99,795,894
606,302,908
223,648,871
1241,503,1744
373,804,1177
75,1205,1280
763,485,1248
680,615,1295
865,370,1235
74,596,670
137,931,1068
210,350,560
68,488,556
348,361,709
468,795,1263
111,1891,2002
16,1150,1166
127,418,545
490,531,1021
1003,669,1672
571,1382,1953
273,350,623
143,488,631
385,363,748
322,647,969
621,1767,2388
519,1277,1796
166,888,1054
332,790,1122
1120,1499,2619
284,1589,1873
521,760,1281
381,952,1333
753,392,1145
464,744,1208
1046,687,1733
825,537,1362
1338,856,2194
36,2078,2114
1379,727,2106
522,749,1271
488,424,912
352,684,1036
1637,780,2417
688,340,1028
213,715,928
732,661,1393
485,1942,2427
752,1106,1858
251,875,1126
581,1033,1614
1260,630,1890
112,947,1059
587,360,947
259,805,1064
114,610,724
376,1682,2058
126,1111,1237
97,590,687
440,738,1178
249,1019,1268
380,782,1162
1270,1688,2958
665,578,1243
43,1112,1155
137,1169,1306
135,576,711
48,1142,1190
505,874,1379
286,1340,1626
199,788,987
689,669,1358
1003,1349,2352
165,806,971
335,1274,1609
245,1400,1645
423,702,1125
879,554,1433
830,1050,1880
614,1043,1657
1171,1415,2586
294,901,1195
1220,1364,2584
304,946,1250
818,1029,1847
554,479,1033
1453,802,2255
982,943,1925
580,762,1342
1840,1656,3496
607,790,1397
999,730,1729
471,810,1281
843,772,1615
595,853,1448
685,689,1374
511,877,1388
500,895,1395
1732,1489,3221
1062,1070,2132
364,879,1243
815,458,1273
653,1052,1705
977,999,1976
621,888,1509
732,1173,1905
277,866,1143
743,1080,1823
599,702,1301
706,602,1308
865,658,1523
572,1027,1599
809,811,1620
335,1293,1628
758,929,1687
1108,1586,2694
994,701,1695
465,653,1118
713,1020,1733
977,811,1788
512,1036,1548
671,923,1594
1481,1028,2509
1170,1319,2489
927,798,1725
1055,468,1523
1155,281,1436
848,828,1676
1078,732,1810
1191,1022,2213
548,1258,1806
1434,831,2265
802,1227,2029
1143,534,1677
257,821,1078
1005,522,1527
993,889,1882
905,1028,1933
1634,1002,2636
434,1600,2034
1067,743,1810
1106,944,2050
1220,472,1692
533,1382,1915
927,1105,2032
1144,629,1773
1209,981,2190
505,1965,2470
43,813,856
867,1183,2050
688,1856,2544
20,708,728
986,866,1852
831,1102,1933
1265,1156,2421
814,1014,1828
828,752,1580
115,722,837
1823,309,2132
750,868,1618
1776,333,2109
415,781,1196
419,681,1100
751,1327,2078
626,1507,2133
682,559,1241
311,713,1024
935,1469,2404
591,336,927
29,908,937
1357,876,2233
203,411,614
818,1222,2040
723,547,1270
1061,836,1897
571,696,1267
426,1050,1476
544,715,1259
224,1187,1411
1161,1757,2918
1011,639,1650
455,1088,1543
513,1134,1647
566,489,1055
723,959,1682
597,876,1473
392,736,1128
894,525,1419
1499,1513,3012
1087,470,1557
215,925,1140
969,1769,2738
775,721,1496
551,926,1477
502,672,1174
1005,397,1402
641,1622,2263
1042,842,1884
318,708,1026
543,509,1052
563,429,992
1511,819,2330
498,859,1357
230,420,650
553,1028,1581
222,1837,2059
643,437,1080
175,414,589
390,2153,2543
53,518,571
190,1975,2165
707,786,1493
393,2416,2809
291,1292,1583
1075,996,2071
1408,1396,2804
198,769,967
215,1572,1787
948,1462,2410
204,739,943
508,649,1157
262,1569,1831
225,746,971
1127,678,1805
1858,914,2772
775,928,1703
623,1268,1891
261,941,1202
145,576,721
1148,773,1921
751,789,1540
389,990,1379
2295,436,2731
385,1143,1528
1446,1196,2642
1162,619,1781
812,1787,2599
370,1734,2104
111,667,778
975,464,1439
614,801,1415
426,652,1078
648,1080,1728
451,1060,1511
404,1331,1735
620,662,1282
312,1236,1548
612,1443,2055
362,743,1105
168,939,1107
466,693,1159
503,624,1127
1527,1565,3092
592,721,1313
843,820,1663
187,580,767
285,552,837
1049,683,1732
367,1018,1385
448,366,814
257,525,782
2037,1557,3594
1030,754,1784
640,2426,3066
629,847,1476
1250,305,1555
469,1039,1508
774,1150,1924
564,1052,1616
1268,1424,2692
545,298,843
896,912,1808
748,1175,1923
762,2857,3619
1277,421,1698
483,375,858
695,1363,2058
1096,715,1811
333,764,1097
440,570,1010
312,1300,1612
638,764,1402
1390,2221,3611
121,1218,1339
520,864,1384
860,920,1780
606,944,1550
127,806,933
986,896,1882
453,1688,2141
1540,1655,3195
889,834,1723
1848,1697,3545
521,653,1174
725,812,1537
1065,756,1821
912,1355,2267
2608,1176,3784
804,898,1702
403,1333,1736
1078,2191,3269
684,775,1459
160,1614,1774
858,353,1211
400,2104,2504
920,2204,3124
221,1610,1831
707,559,1266
2041,1005,3046
681,1201,1882
819,1237,2056
818,550,1368
1235,1573,2808
1355,1785,3140
938,1723,2661
572,551,1123
1189,1405,2594
1552,1365,2917
680,629,1309
609,1300,1909
1340,1094,2434
50,2062,2112
484,511,995
997,1009,2006
1635,982,2617
482,734,1216
179,422,601
1032,1091,2123
907,2148,3055
1432,684,2116
148,384,532
1004,856,1860
1223,442,1665
407,1733,2140
440,765,1205
1529,2037,3566
510,2219,2729
70,931,1001
930,876,1806
341,256,597
1452,1001,2453
1075,647,1722
387,482,869
469,1981,2450
1996,609,2605
1115,986,2101
837,2135,2972
234,849,1083
1023,961,1984
1038,1243,2281
1144,1576,2720
993,813,1806
1012,734,1746
638,270,908
782,2003,2785
67,826,893
721,629,1350
1352,1228,2580
641,1306,1947
447,525,972
1481,952,2433
1378,1244,2622
701,338,1039
2152,816,2968
1754,1519,3273
742,372,1114
434,928,1362
872,461,1333
838,885,1723
860,738,1598
104,406,510
66,1292,1358
801,737,1538
1908,878,2786
1488,2030,3518
329,1195,1524
598,1102,1700
1765,848,2613
1776,863,2639
297,779,1076
129,849,978
743,892,1635
1446,1083,2529
1001,901,1902
1886,1874,3760
1115,730,1845
347,870,1217
552,729,1281
1345,1461,2806
478,794,1272
1204,692,1896
789,664,1453
1028,968,1996
385,1335,1720
426,447,873
712,1040,1752
542,852,1394
1541,596,2137
578,569,1147
806,474,1280
457,943,1400
672,552,1224
428,1784,2212
328,985,1313
633,851,1484
643,837,1480
999,722,1721
829,627,1456
565,548,1113
746,914,1660
173,1010,1183
669,634,1303
956,970,1926
70,1088,1158
418,685,1103
1759,688,2447
84,680,764
661,1148,1809
431,837,1268
321,1677,1998
1150,1088,2238
118,1380,1498
419,693,1112
857,811,1668
1272,969,2241
325,466,791
640,1079,1719
916,1157,2073
856,470,1326
734,1370,2104
1611,752,2363
477,560,1037
94,1084,1178
491,691,1182
913,503,1416
562,1102,1664
275,918,1193
1136,589,1725
922,1440,2362
978,719,1697
1344,612,1956
531,557,1088
855,1353,2208
703,535,1238
458,543,1001
413,913,1326
418,467,885
795,634,1429
1424,762,2186
662,740,1402
662,534,1196
373,1233,1606
886,366,1252
261,387,648
720,813,1533
1023,754,1777
549,164,713
711,751,1462
963,919,1882
732,1058,1790
1032,1125,2157
423,1346,1769
1357,739,2096
339,603,942
820,660,1480
1286,939,2225
549,490,1039
984,597,1581
511,1596,2107
604,619,1223
337,920,1257
500,1534,2034
945,1174,2119
708,1163,1871
658,556,1214
1134,886,2020
1123,1346,2469
336,1821,2157
540,1071,1611
100,640,740
1141,767,1908
508,860,1368
656,785,1441
1010,1338,2348
682,537,1219
853,781,1634
35,628,663
652,767,1419
277,615,892
187,779,966
1373,662,2035
19,928,947
118,643,761
405,621,1026
131,983,1114
592,1318,1910
457,736,1193
1443,516,1959
392,588,980
351,770,1121
1153,916,2069
704,895,1599
713,575,1288
733,547,1280
666,886,1552
698,329,1027
687,1445,2132
1628,612,2240
859,708,1567
889,673,1562
1008,1174,2182
306,1411,1717
735,749,1484
608,543,1151
527,564,1091
242,1359,1601
886,735,1621
951,681,1632
324,949,1273
671,1057,1728
610,455,1065
483,1264,1747
612,1066,1678
711,680,1391
554,999,1553
1025,817,1842
620,915,1535
841,975,1816
690,1177,1867
614,750,1364
748,974,1722
680,551,1231
877,905,1782
1359,610,1969
536,903,1439
388,1172,1560
148,732,880
476,851,1327
759,1144,1903
1337,694,2031
210,597,807
1333,782,2115
738,433,1171
307,1264,1571
885,537,1422
517,996,1513
506,1152,1658
1409,687,2096
1053,734,1787
352,1065,1417
1290,1040,2330
1048,508,1556
1081,371,1452
794,856,1650
814,734,1548
1074,312,1386
525,1065,1590
990,296,1286
342,997,1339
830,1059,1889
983,885,1868
260,295,555
830,1327,2157
1192,529,1721
821,631,1452
544,1160,1704
912,995,1907
175,762,937
938,763,1701
860,952,1812
215,302,517
461,545,1006
186,1415,1601
356,755,1111
212,493,705
1770,720,2490
555,1117,1672
515,459,974
700,1197,1897
230,554,784
537,658,1195
343,1316,1659
160,519,679
410,908,1318
1317,1390,2707
425,1185,1610
921,1841,2762
599,485,1084
1426,1038,2464
516,1099,1615
577,1182,1759
1146,1415,2561
751,546,1297
814,339,1153
913,898,1811
354,395,749
769,1063,1832
1056,641,1697
831,1545,2376
305,613,918
843,813,1656
632,554,1186
505,1444,1949
460,1059,1519
661,949,1610
878,1246,2124
1179,805,1984
220,945,1165
586,665,1251
410,641,1051
780,1796,2576
731,358,1089
916,1260,2176
1056,481,1537
1367,681,2048
1040,619,1659
478,1314,1792
1347,437,1784
1106,431,1537
391,886,1277
403,803,1206
887,265,1152
197,1101,1298
1069,780,1849
1155,1444,2599
844,519,1363
1010,998,2008
565,801,1366
909,1496,2405
550,1066,1616
435,959,1394
1162,444,1606
1346,1123,2469
349,389,738
800,975,1775
1395,409,1804
769,428,1197
607,933,1540
258,1123,1381
67,416,483
348,933,1281
494,800,1294
57,476,533
696,557,1253
806,2232,3038
188,468,656
446,978,1424
1393,1127,2520
641,694,1335
121,422,543
621,1068,1689
359,683,1042
908,1074,1982
343,498,841
1436,1637,3073
236,558,794
800,645,1445
1409,620,2029
1456,1847,3303
769,634,1403
656,769,1425
105,916,1021
835,764,1599
2034,1291,3325
882,632,1514
961,1560,2521
316,523,839
818,772,1590
845,470,1315
1111,539,1650
396,642,1038
916,677,1593
510,666,1176
851,1574,2425
397,688,1085
953,598,1551
861,954,1815
1427,526,1953
179,886,1065
702,810,1512
1713,726,2439
1151,735,1886
674,1145,1819
489,742,1231
542,1328,1870
372,734,1106
231,1054,1285
677,1740,2417
401,900,1301
307,734,1041
891,1559,2450
802,1075,1877
381,1769,2150
287,362,649
452,896,1348
309,1051,1360
393,940,1333
359,328,687
1409,1208,2617
597,799,1396
367,1034,1401
514,1521,2035
769,724,1493
455,288,743
255,553,808
574,1033,1607
439,883,1322
458,1185,1643
1308,1037,2345
294,1235,1529
776,708,1484
977,730,1707
118,1836,1954
1262,712,1974
1386,591,1977
563,226,789
562,615,1177
1103,602,1705
473,1375,1848
951,662,1613
581,710,1291
317,1668,1985
969,842,1811
1390,598,1988
618,729,1347
504,1346,1850
769,1356,2125
681,590,1271
18,364,382
793,534,1327
841,460,1301
285,462,747
146,615,761
589,604,1193
506,1701,2207
990,470,1460
1870,369,2239
371,438,809
51,770,821
234,506,740
1314,573,1887
273,461,734
87,793,880
881,1609,2490
514,1259,1773
462,511,973
104,578,682
278,624,902
271,650,921
99,484,583
165,1621,1786
1100,1032,2132
730,995,1725
497,1487,1984
1381,463,1844
231,726,957
519,1437,1956
374,735,1109
104,808,912
106,483,589
1077,379,1456
1433,855,2288
497,367,864
1160,693,1853
1285,219,1504
1614,694,2308
140,893,1033
1182,1379,2561
85,1234,1319
340,562,902
450,655,1105
593,771,1364
576,849,1425
386,664,1050
197,1044,1241
290,632,922
907,641,1548
377,1317,1694
1343,222,1565
410,833,1243
574,547,1121
160,887,1047
338,408,746
765,846,1611
348,904,1252
337,933,1270
475,1380,1855
155,988,1143
373,664,1037
403,954,1357
414,378,792
233,1100,1333
918,964,1882
479,909,1388
841,536,1377
432,447,879
712,947,1659
406,866,1272
564,776,1340
482,544,1026
821,794,1615
703,693,1396
874,533,1407
504,771,1275
1143,315,1458
421,962,1383
734,601,1335
721,535,1256
890,979,1869
871,475,1346
749,1315,2064
637,892,1529
900,718,1618
1210,878,2088
946,733,1679
358,285,643
245,573,818
100,590,690
1581,660,2241
993,1028,2021
876,774,1650
947,550,1497
170,572,742
127,870,997
336,450,786
430,362,792
523,496,1019
56,582,638
305,650,955
165,695,860
625,1100,1725
203,865,1068
629,379,1008
450,625,1075
1037,820,1857
795,277,1072
245,789,1034
530,466,996
183,645,828
819,1299,2118
264,936,1200
311,1036,1347
156,886,1042
64,280,344
565,671,1236
547,556,1103
785,226,1011
716,676,1392
805,406,1211
126,676,802
217,380,597
367,1047,1414
649,491,1140
271,405,676
719,1002,1721
481,1147,1628
363,340,703
338,291,629
144,369,513
689,964,1653
72,307,379
31,829,860
196,685,881
468,412,880
482,1075,1557
670,719,1389
42,521,563
773,1340,2113
474,541,1015
138,317,455
55,964,1019
386,569,955
784,1012,1796
314,935,1249
127,1427,1554
350,1047,1397
64,795,859
396,907,1303
745,475,1220
369,536,905
708,591,1299
460,1704,2164
792,690,1482
684,736,1420
661,1575,2236
178,472,650
412,680,1092
813,786,1599
84,541,625
193,819,1012
912,572,1484
271,894,1165
221,983,1204
1079,1039,2118
210,845,1055
785,494,1279
247,1598,1845
392,676,1068
613,1735,2348
571,529,1100
616,1273,1889
422,798,1220
824,411,1235
955,1468,2423
429,566,995
404,513,917
454,953,1407
1302,1328,2630
438,476,914
876,1415,2291
730,824,1554
731,468,1199
285,413,698
1146,1067,2213
541,699,1240
720,302,1022
1380,848,2228
516,1760,2276
661,725,1386
451,837,1288
706,826,1532
340,426,766
865,1171,2036
421,588,1009
875,960,1835
767,619,1386
1575,833,2408
1407,1025,2432
396,456,852
1194,742,1936
753,423,1176
477,758,1235
1339,763,2102
839,802,1641
632,817,1449
1102,639,1741
288,461,749
714,559,1273
215,1055,1270
457,1222,1679
403,981,1384
352,820,1172
710,610,1320
630,879,1509
661,341,1002
1095,1446,2541
680,912,1592
1159,647,1806
1327,834,2161
712,883,1595
1117,465,1582
649,503,1152
203,480,683
1643,1117,2760
462,383,845
213,709,922
1181,1442,2623
578,335,913
739,585,1324
464,549,1013
846,1591,2437
93,324,417
1014,979,1993
535,753,1288
611,1052,1663
570,272,842
356,726,1082
805,932,1737
125,334,459
1080,889,1969
305,562,867
1273,458,1731
67,522,589
595,630,1225
902,892,1794
220,363,583
655,631,1286
97,588,685
568,498,1066
768,1079,1847
134,609,743
269,843,1112
1108,1420,2528
637,773,1410
1472,377,1849
61,431,492
811,582,1393
550,524,1074
826,601,1427
445,396,841
778,1303,2081
587,520,1107
345,571,916
169,837,1006
168,721,889
505,1109,1614
428,848,1276
551,2378,2929
746,1426,2172
818,325,1143
773,2030,2803
534,614,1148
750,1126,1876
228,421,649
343,706,1049
271,864,1135
1243,675,1918
275,433,708
384,465,849
1165,1733,2898
650,645,1295
540,1452,1992
517,704,1221
2400,355,2755
375,826,1201
177,621,798
229,461,690
453,878,1331
536,719,1255
420,1385,1805
229,400,629
138,890,1028
234,602,836
661,404,1065
903,440,1343
988,783,1771
752,508,1260
1999,360,2359
237,700,937
270,1298,1568
286,417,703
1522,648,2170
235,1252,1487
702,382,1084
215,557,772
1141,860,2001
567,737,1304
283,801,1084
478,1277,1755
379,1449,1828
606,789,1395
723,734,1457
556,1195,1751
596,482,1078
445,726,1171
1292,984,2276
784,682,1466
577,423,1000
209,1347,1556
1366,613,1979
263,585,848
298,1355,1653
384,580,964
356,635,991
590,504,1094
660,858,1518
802,566,1368
632,946,1578
440,1280,1720
708,500,1208
761,841,1602
531,577,1108
273,885,1158
352,796,1148
1037,762,1799
388,483,871
318,450,768
450,903,1353
233,692,925
261,1115,1376
858,579,1437
1043,728,1771
167,694,861
344,679,1023
272,522,794
1182,734,1916
970,940,1910
438,673,1111
397,999,1396
1207,1046,2253
571,840,1411
169,653,822
526,1078,1604
674,654,1328
471,425,896
154,1445,1599
381,901,1282
368,636,1004
419,1169,1588
549,1116,1665
193,1513,1706
506,1287,1793
462,891,1353
778,275,1053
1129,1355,2484
639,962,1601
841,906,1747
480,1305,1785
692,911,1603
693,1054,1747
278,988,1266
406,405,811
1244,1539,2783
1087,1442,2529
687,1141,1828
706,1082,1788
497,1222,1719
984,1169,2153
799,990,1789
543,848,1391
116,479,595
299,1797,2096
575,389,964
783,1233,2016
749,642,1391
912,1118,2030
478,1181,1659
1125,564,1689
977,671,1648
571,686,1257
244,632,876
501,1835,2336
98,598,696
1318,760,2078
831,958,1789
1161,709,1870
465,924,1389
1224,772,1996
615,757,1372
386,722,1108
397,752,1149
1570,919,2489
584,731,1315
647,590,1237
806,760,1566
836,746,1582
553,518,1071
955,668,1623
436,661,1097
884,729,1613
724,682,1406
1360,859,2219
168,600,768
885,414,1299
568,959,1527
20,825,845
284,588,872
555,472,1027
192,691,883
243,612,855
676,910,1586
1656,736,2392
172,1103,1275
458,813,1271
348,620,968
174,878,1052
438,643,1081
650,645,1295
586,669,1255
354,929,1283
858,761,1619
150,754,904
734,598,1332
330,787,1117
48,484,532
410,478,888
587,880,1467
112,828,940
126,677,803
340,969,1309
552,962,1514
454,1385,1839
62,592,654
349,699,1048
844,806,1650
190,1447,1637
224,804,1028
479,605,1084
344,1366,1710
317,468,785
739,957,1696
96,593,689
424,374,798
216,561,777
714,222,936
479,574,1053
417,756,1173
234,1060,1294
1322,458,1780
602,699,1301
776,651,1427
259,1250,1509
251,803,1054
600,710,1310
811,472,1283
716,388,1104
466,489,955
1118,467,1585
378,907,1285
520,627,1147
446,1111,1557
685,530,1215
217,1481,1698
691,480,1171
247,508,755
520,736,1256
562,623,1185
444,972,1416
327,1406,1733
914,582,1496
1171,566,1737
496,365,861
424,832,1256
1139,463,1602
384,540,924
735,504,1239
1011,557,1568
628,663,1291
602,1194,1796
247,606,853
432,485,917
812,708,1520
413,963,1376
120,726,846
423,349,772
353,652,1005
232,433,665
1290,652,1942
388,524,912
270,842,1112
602,505,1107
58,1030,1088
570,773,1343
159,467,626
292,723,1015
759,616,1375
828,1515,2343
508,566,1074
425,893,1318
118,534,652
428,1208,1636
630,685,1315
383,1367,1750
143,673,816
1264,709,1973
187,463,650
130,673,803
803,1642,2445
623,773,1396
382,493,875
418,542,960
645,1228,1873
223,602,825
178,1317,1495
999,965,1964
530,1249,1779
355,557,912
1193,566,1759
234,846,1080
343,499,842
444,549,993
297,696,993
721,1130,1851
331,1430,1761
240,1013,1253
753,1732,2485
599,616,1215
908,419,1327
1350,1145,2495
43,952,995
555,570,1125
980,470,1450
546,1414,1960
627,699,1326
531,695,1226
465,478,943
619,730,1349
986,1310,2296
1357,815,2172
265,482,747
298,1066,1364
1136,1151,2287
475,1176,1651
674,657,1331
800,1012,1812
491,860,1351
950,601,1551
330,664,994
640,588,1228
405,736,1141
587,594,1181
409,708,1117
555,584,1139
1584,794,2378
632,528,1160
293,315,608
443,1148,1591
649,914,1563
1041,754,1795
848,1146,1994
608,607,1215
1221,541,1762
333,1059,1392
1054,714,1768
398,583,981
460,556,1016
1045,659,1704
501,1152,1653
709,877,1586
565,449,1014
427,460,887
919,804,1723
1275,885,2160
724,642,1366
423,722,1145
516,1158,1674
510,793,1303
470,478,948
887,610,1497
896,645,1541
308,635,943
793,859,1652
669,733,1402
1084,1032,2116
941,653,1594
552,619,1171
393,1351,1744
1070,605,1675
491,855,1346
375,916,1291
639,1609,2248
452,746,1198
610,1077,1687
1087,391,1478
750,1063,1813
384,451,835
714,626,1340
643,500,1143
335,814,1149
1222,810,2032
401,787,1188
747,758,1505
301,1173,1474
858,492,1350
1503,446,1949
518,1077,1595
623,932,1555
667,721,1388
519,484,1003
522,647,1169
739,788,1527
580,892,1472
551,975,1526
517,559,1076
199,1476,1675
566,913,1479
868,699,1567
581,1278,1859
86,898,984
654,1281,1935
1030,806,1836
164,921,1085
441,716,1157
743,727,1470
1129,339,1468
714,1169,1883
148,925,1073
1090,829,1919
473,655,1128
457,936,1393
1101,757,1858
482,970,1452
849,581,1430
1407,777,2184
656,1062,1718
538,852,1390
765,385,1150
815,594,1409
655,548,1203
981,522,1503
245,940,1185
1056,561,1617
756,614,1370
556,592,1148
424,1199,1623
829,413,1242
466,719,1185
433,831,1264
408,846,1254
663,1186,1849
764,1044,1808
528,855,1383
801,739,1540
1233,678,1911
1014,560,1574
287,429,716
1174,381,1555
612,881,1493
823,756,1579
760,487,1247
530,1033,1563
418,816,1234
650,694,1344
97,715,812
676,671,1347
440,449,889
1044,332,1376
1001,1066,2067
757,1005,1762
65,786,851
338,1075,1413
505,534,1039
236,769,1005
64,1215,1279
432,631,1063
650,632,1282
356,928,1284
557,419,976
678,653,1331
319,927,1246
438,851,1289
451,473,924
169,701,870
583,869,1452
176,708,884
892,998,1890
1289,1159,2448
275,751,1026
301,563,864
731,988,1719
595,892,1487
76,1719,1795
717,630,1347
995,351,1346
475,268,743
152,979,1131
982,896,1878
671,1187,1858
724,708,1432
1070,941,2011
329,1596,1925
1455,547,2002
1120,340,1460
726,594,1320
285,776,1061
824,343,1167
625,1102,1727
1113,1142,2255
538,1046,1584
532,978,1510
602,1558,2160
839,1130,1969
692,921,1613
382,216,598
531,1151,1682
769,527,1296
883,1181,2064
742,1299,2041
470,727,1197
379,1921,2300
315,1339,1654
672,1239,1911
378,733,1111
360,1054,1414
660,1553,2213
1086,511,1597
637,1116,1753
727,1771,2498
535,934,1469
1091,606,1697
588,1337,1925
67,1335,1402
682,1307,1989
1123,384,1507
999,1615,2614
947,569,1516
453,1056,1509
1482,637,2119
1131,367,1498
810,698,1508
460,493,953
698,634,1332
1012,579,1591
1469,637,2106
1033,401,1434
1260,309,1569
256,1620,1876
965,652,1617
385,526,911
775,561,1336
981,378,1359
1310,1118,2428
421,646,1067
1162,672,1834
383,581,964
510,2356,2866
1245,690,1935
438,830,1268
307,645,952
345,723,1068
176,906,1082
99,908,1007
77,658,735
521,485,1006
571,537,1108
527,592,1119
1651,851,2502
125,771,896
1230,1807,3037
238,414,652
114,1020,1134
408,704,1112
54,576,630
998,446,1444
233,403,636
507,1073,1580
163,751,914
566,1134,1700
1055,675,1730
313,400,713
77,1108,1185
372,589,961
1395,997,2392
254,813,1067
174,766,940
2159,467,2626
53,1041,1094
546,891,1437
67,491,558
42,1176,1218
349,968,1317
853,1190,2043
124,496,620
319,943,1262
404,1065,1469
55,1269,1324
407,315,722
329,692,1021
1003,410,1413
485,1096,1581
810,679,1489
460,1042,1502
434,773,1207
1377,1644,3021
515,1029,1544
174,838,1012
517,1131,1648
1053,583,1636
62,1265,1327
626,1084,1710
620,629,1249
2258,1758,4016
437,767,1204
813,677,1490
905,818,1723
426,634,1060
454,982,1436
467,323,790
354,995,1349
833,572,1405
1750,1753,3503
275,854,1129
821,672,1493
1165,821,1986
1089,740,1829
946,667,1613
818,848,1666
527,507,1034
210,1058,1268
852,745,1597
1578,1813,3391
135,878,1013
433,776,1209
652,634,1286
1305,758,2063
218,1032,1250
30,1856,1886
455,867,1322
569,493,1062
532,515,1047
921,646,1567
408,617,1025
626,497,1123
1145,960,2105
49,1976,2025
648,840,1488
720,691,1411
479,655,1134
349,1952,2301
754,639,1393
649,978,1627
649,588,1237
858,355,1213
833,998,1831
601,757,1358
1745,607,2352
559,923,1482
1396,653,2049
767,655,1422
685,795,1480
252,675,927
452,519,971
537,1034,1571
421,875,1296
1940,607,2547
580,1570,2150
1589,1095,2684
1811,542,2353
594,951,1545
268,810,1078
463,589,1052
840,678,1518
425,938,1363
823,1504,2327
751,700,1451
584,1077,1661
362,693,1055
869,706,1575
63,834,897
455,765,1220
924,905,1829
807,1738,2545
236,677,913
632,846,1478
444,1289,1733
1408,777,2185
408,814,1222
320,973,1293
702,921,1623
281,812,1093
624,559,1183
661,864,1525
1022,803,1825
1317,642,1959
959,818,1777
684,645,1329
518,895,1413
419,957,1376
533,778,1311
75,555,630
1076,711,1787
797,669,1466
781,771,1552
531,574,1105
1051,658,1709
852,683,1535
887,853,1740
1615,480,2095
427,431,858
291,881,1172
425,722,1147
377,674,1051
654,951,1605
664,509,1173
467,704,1171
119,853,972
185,572,757
477,628,1105
285,890,1175
678,667,1345
537,696,1233
574,543,1117
41,526,567
340,962,1302
573,713,1286
577,890,1467
817,341,1158
705,548,1253
440,880,1320
522,749,1271
858,497,1355
165,707,872
208,778,986
750,661,1411
556,606,1162
521,1108,1629
316,384,700
473,554,1027
205,688,893
381,644,1025
239,777,1016
559,542,1101
343,793,1136
831,960,1791
694,592,1286
347,706,1053
441,690,1131
656,477,1133
718,818,1536
711,602,1313
547,807,1354
301,485,786
445,923,1368
24,170,194
619,557,1176
845,744,1589
346,861,1207
491,733,1224
573,3950,4523
568,922,1490
553,838,1391
426,752,1178
474,914,1388
85,344,429
699,733,1432
470,988,1458
568,722,1290
144,583,727
536,4067,4603
443,722,1165
208,745,953
304,1202,1506
784,684,1468
527,940,1467
426,684,1110
497,824,1321
261,1036,1297
226,593,819
693,1387,2080
460,1064,1524
613,667,1280
680,472,1152
881,839,1720
651,4046,4697
898,718,1616
833,889,1722
927,919,1846
568,853,1421
504,1045,1549
647,1279,1926
968,1111,2079
38,396,434
797,836,1633
817,1339,2156
608,742,1350
779,1082,1861
687,685,1372
816,1015,1831
510,954,1464
797,993,1790
1316,407,1723
919,947,1866
37,636,673
983,1052,2035
744,857,1601
924,895,1819
405,721,1126
1183,839,2022
3896,1157,5053
526,570,1096
150,789,939
866,953,1819
612,602,1214
430,671,1101
218,668,886
406,713,1119
773,456,1229
4000,1400,5400
537,797,1334
730,538,1268
272,754,1026
204,640,844
484,728,1212
327,762,1089
247,1043,1290
713,690,1403
753,604,1357
520,609,1129
540,777,1317
362,518,880
306,1031,1337
276,1050,1326
672,707,1379
485,868,1353
161,594,755
640,727,1367
464,669,1133
697,494,1191
272,964,1236
506,703,1209
420,863,1283
545,1237,1782
495,859,1354
3715,1376,5091
381,1015,1396
682,655,1337
868,788,1656
551,1764,2315
671,979,1650
625,432,1057
771,765,1536
405,755,1160
970,647,1617
540,704,1244
420,753,1173
707,1262,1969
598,790,1388
612,1053,1665
530,986,1516
764,1169,1933
743,624,1367
557,776,1333
935,543,1478
494,648,1142
478,1502,1980
792,696,1488
813,412,1225
628,779,1407
735,526,1261
307,722,1029
925,1189,2114
1074,969,2043
579,711,1290
1129,753,1882
772,680,1452
590,409,999
1188,1081,2269
860,1001,1861
783,271,1054
298,794,1092
982,309,1291
914,955,1869
669,734,1403
685,534,1219
682,300,982
1407,1297,2704
1404,361,1765
601,306,907
692,472,1164
1158,753,1911
606,886,1492
709,558,1267
772,889,1661
999,524,1523
1040,1002,2042
571,1069,1640
740,1117,1857
1030,1038,2068
98,682,780
693,1143,1836
978,799,1777
602,1014,1616
72,596,668
851,794,1645
1592,1443,3035
977,884,1861
823,938,1761
791,945,1736
830,734,1564
88,814,902
960,895,1855
51,606,657
105,866,971
108,1081,1189
57,970,1027
925,961,1886
398,506,904
88,1018,1106
1154,484,1638
326,656,982
562,721,1283
470,499,969
193,894,1087
553,676,1229
302,773,1075
609,353,962
632,434,1066
192,576,768
752,404,1156
641,568,1209
884,1599,2483
319,543,862
110,1333,1443
63,869,932
527,436,963
164,1272,1436
545,874,1419
237,220,457
355,629,984
718,769,1487
1352,1600,2952
273,431,704
665,671,1336
82,916,998
264,439,703
839,431,1270
597,890,1487
103,349,452
257,1000,1257
682,828,1510
1001,587,1588
755,979,1734
231,770,1001
137,1385,1522
385,1524,1909
608,478,1086
503,240,743
780,919,1699
638,489,1127
478,600,1078
1098,499,1597
361,536,897
250,783,1033
240,590,830
752,1282,2034
56,816,872
328,941,1269
281,583,864
30,1198,1228
848,329,1177
30,758,788
351,455,806
338,1092,1430
115,771,886
71,516,587
472,261,733
1232,934,2166
829,894,1723
391,613,1004
494,482,976
523,264,787
348,693,1041
709,768,1477
434,680,1114
106,858,964
408,432,840
1283,878,2161
140,991,1131
392,707,1099
277,1347,1624
438,768,1206
250,743,993
716,425,1141
257,1187,1444
291,567,858
618,264,882
1047,564,1611
645,541,1186
634,301,935
124,289,413
1010,693,1703
623,668,1291
523,665,1188
507,1978,2485
762,1118,1880
727,473,1200
1133,775,1908
563,693,1256
691,317,1008
149,304,453
663,709,1372
865,479,1344
798,961,1759
736,1603,2339
646,1254,1900
949,562,1511
829,881,1710
447,819,1266
261,472,733
621,754,1375
798,1047,1845
143,664,807
227,1169,1396
1006,1578,2584
1136,987,2123
197,466,663
459,801,1260
1500,712,2212
18,353,371
45,729,774
707,854,1561
454,978,1432
48,468,516
49,623,672
1022,883,1905
194,415,609
428,717,1145
243,452,695
125,706,831
465,948,1413
598,626,1224
406,815,1221
230,756,986
96,866,962
1101,743,1844
1435,600,2035
359,747,1106
421,327,748
652,790,1442
834,671,1505
589,967,1556
599,918,1517
181,1144,1325
858,817,1675
1375,858,2233
421,1099,1520
40,510,550
320,947,1267
583,871,1454
281,864,1145
503,1288,1791
809,948,1757
549,782,1331
749,883,1632
681,629,1310
792,824,1616
613,976,1589
698,792,1490
516,988,1504
743,1254,1997
431,716,1147
202,547,749
370,540,910
529,1063,1592
733,611,1344
677,1313,1990
587,737,1324
456,554,1010
667,778,1445
751,889,1640
453,786,1239
533,576,1109
860,584,1444
582,601,1183
1122,624,1746
682,1226,1908
707,573,1280
1168,631,1799
703,990,1693
669,658,1327
526,581,1107
1010,747,1757
754,607,1361
536,1019,1555
478,435,913
250,826,1076
796,1089,1885
796,609,1405
350,312,662
640,794,1434
736,875,1611
882,512,1394
656,616,1272
501,804,1305
908,379,1287
1047,497,1544
830,920,1750
865,1024,1889
399,323,722
606,610,1216
471,816,1287
386,1227,1613
625,1015,1640
751,1148,1899
473,1345,1818
978,859,1837
562,615,1177
776,1048,1824
354,720,1074
552,298,850
1063,582,1645
423,867,1290
440,1166,1606
351,378,729
886,756,1642
342,652,994
750,672,1422
84,670,754
729,644,1373
700,881,1581
479,688,1167
1273,274,1547
687,1020,1707
820,644,1464
385,582,967
398,973,1371
310,1012,1322
117,685,802
737,476,1213
371,1177,1548
533,684,1217
835,429,1264
791,1018,1809
513,1553,2066
246,819,1065
633,756,1389
515,1128,1643
340,684,1024
164,965,1129
871,690,1561
501,638,1139
481,610,1091
755,1069,1824
966,865,1831
564,594,1158
912,702,1614
488,600,1088
733,953,1686
524,615,1139
787,910,1697
398,887,1285
1007,717,1724
127,781,908
1020,1004,2024
619,618,1237
472,705,1177
560,914,1474
516,1030,1546
573,942,1515
778,1014,1792
397,1084,1481
325,974,1299
1404,776,2180
527,782,1309
693,961,1654
663,1099,1762
532,971,1503
354,805,1159
606,584,1190
715,814,1529
632,931,1563
681,731,1412
532,908,1440
915,945,1860
681,961,1642
672,845,1517
465,759,1224
651,1020,1671
959,461,1420
718,548,1266
244,1183,1427
411,511,922
599,359,958
856,449,1305
801,891,1692
885,1364,2249
528,1032,1560
1012,550,1562
751,688,1439
687,687,1374
903,499,1402
707,315,1022
836,558,1394
604,582,1186
464,1391,1855
664,347,1011
743,907,1650
734,464,1198
371,834,1205
809,1119,1928
701,355,1056
863,1113,1976
758,753,1511
135,298,433
842,756,1598
397,415,812
511,841,1352
678,599,1277
944,1415,2359
717,495,1212
973,1250,2223
651,555,1206
90,309,399
912,729,1641
1383,967,2350
26,674,700
726,871,1597
881,667,1548
645,2041,2686
1012,1366,2378
91,507,598
1391,1441,2832
155,601,756
924,1032,1956
118,848,966
1065,1397,2462
742,1194,1936
1111,534,1645
813,984,1797
135,1089,1224
1992,526,2518
714,938,1652
970,1048,2018
342,882,1224
160,1146,1306
149,843,992
732,628,1360
778,1693,2471
411,1013,1424
546,247,793
347,1051,1398
396,902,1298
637,1507,2144
205,1178,1383
486,933,1419
434,776,1210
483,681,1164
104,1469,1573
325,1103,1428
719,696,1415
496,856,1352
667,750,1417
317,702,1019
1104,476,1580
1121,307,1428
206,1191,1397
640,799,1439
1306,352,1658
658,1086,1744
795,994,1789
1462,358,1820
251,1404,1655
1075,608,1683
1196,494,1690
408,1343,1751
42,357,399
1076,809,1885
865,384,1249
1285,464,1749
1194,492,1686
1230,305,1535
586,1067,1653
863,870,1733
984,987,1971
1295,649,1944
34,572,606
1299,554,1853
626,765,1391
876,803,1679
82,425,507
888,934,1822
27,669,696
56,772,828
1084,959,2043
718,558,1276
1334,1073,2407
1188,1281,2469
621,755,1376
1153,966,2119
76,834,910
47,822,869
1684,1247,2931
1102,1235,2337
632,1696,2328
67,1165,1232
74,707,781
524,1738,2262
136,1354,1490
93,876,969
400,492,892
606,1142,1748
943,1303,2246
415,1129,1544
133,833,966
642,449,1091
596,1275,1871
618,943,1561
1139,1274,2413
813,747,1560
129,1083,1212
506,964,1470
532,1510,2042
688,475,1163
592,844,1436
720,608,1328
713,956,1669
1121,357,1478
344,527,871
1120,1332,2452
361,995,1356
310,566,876
672,698,1370
749,756,1505
560,593,1153
645,1211,1856
772,850,1622
1165,518,1683
202,403,605
630,1674,2304
1171,539,1710
711,530,1241
803,433,1236
919,1049,1968
626,1226,1852
923,486,1409
888,846,1734
969,1014,1983
882,514,1396
1501,1035,2536
551,382,933
535,1170,1705
594,725,1319
772,1051,1823
139,469,608
305,1309,1614
997,586,1583
1487,571,2058
255,597,852
420,770,1190
703,1108,1811
434,579,1013
496,814,1310
679,671,1350
581,1245,1826
1028,636,1664
37,809,846
77,688,765
222,653,875
846,1007,1853
175,471,646
682,717,1399
785,901,1686
935,722,1657
593,834,1427
427,1274,1701
987,705,1692
873,493,1366
666,293,959
1109,733,1842
274,874,1148
366,479,845
968,946,1914
1085,651,1736
920,409,1329
226,1013,1239
400,1425,1825
71,945,1016
1193,626,1819
713,567,1280
247,1035,1282
581,526,1107
211,286,497
392,1043,1435
319,1154,1473
240,806,1046
642,879,1521
1253,980,2233
321,974,1295
250,372,622
404,829,1233
1082,494,1576
503,651,1154
578,1003,1581
798,353,1151
54,933,987
248,1013,1261
245,371,616
354,679,1033
577,672,1249
445,623,1068
519,594,1113
854,609,1463
809,605,1414
124,1469,1593
1382,496,1878
787,473,1260
209,1571,1780
722,584,1306
529,1226,1755
137,501,638
697,429,1126
926,958,1884
728,351,1079
403,1237,1640
148,613,761
824,716,1540
119,660,779
45,1396,1441
828,496,1324
181,497,678
481,1118,1599
652,1180,1832
829,349,1178
405,445,850
334,480,814
96,728,824
120,675,795
1007,766,1773
135,808,943
965,1042,2007
215,747,962
704,1047,1751
269,758,1027
541,559,1100
132,624,756
1209,820,2029
331,982,1313
587,554,1141
524,454,978
706,1211,1917
287,452,739
368,678,1046
1101,552,1653
599,814,1413
729,1157,1886
351,809,1160
1290,882,2172
590,718,1308
226,1346,1572
170,931,1101
392,760,1152
1018,1163,2181
906,613,1519
149,972,1121
379,669,1048
607,821,1428
740,991,1731
417,1173,1590
761,453,1214
645,385,1030
360,794,1154
518,1125,1643
419,656,1075
639,806,1445
374,786,1160
868,762,1630
873,787,1660
583,961,1544
770,525,1295
552,709,1261
910,803,1713
1015,957,1972
472,701,1173
780,624,1404
648,445,1093
1272,713,1985
663,492,1155
458,1215,1673
1012,717,1729
418,746,1164
193,271,464
911,871,1782
826,505,1331
604,712,1316
19,505,524
747,1138,1885
461,275,736
979,724,1703
791,282,1073
1099,953,2052
230,385,615
1075,1196,2271
215,523,738
79,594,673
614,506,1120
623,747,1370
407,511,918
282,585,867
759,877,1636
851,937,1788
254,538,792
918,858,1776
456,302,758
696,1285,1981
708,1281,1989
498,444,942
328,582,910
819,1135,1954
29,675,704
757,1218,1975
172,701,873
381,631,1012
304,953,1257
645,1304,1949
355,531,886
549,563,1112
298,645,943
75,1092,1167
382,543,925
105,930,1035
1001,804,1805
839,482,1321
457,303,760
683,1348,2031
1050,482,1532
133,1271,1404
751,1019,1770
739,487,1226
51,1429,1480
367,639,1006
778,982,1760
931,937,1868
358,712,1070
428,657,1085
173,1079,1252
767,1020,1787
308,477,785
492,291,783
412,934,1346
1230,729,1959
445,584,1029
1100,780,1880
283,1158,1441
523,1360,1883
534,920,1454
513,348,861
540,1126,1666
381,824,1205
860,453,1313
98,597,695
1291,782,2073
546,845,1391
792,1196,1988
147,748,895
774,578,1352
793,585,1378
682,1293,1975
894,589,1483
584,995,1579
329,494,823
505,1343,1848
524,1133,1657
532,404,936
722,595,1317
618,456,1074
1057,736,1793
498,1318,1816
543,614,1157
1019,1348,2367
378,779,1157
1080,561,1641
1026,831,1857
347,672,1019
177,797,974
1286,414,1700
560,542,1102
660,552,1212
1188,1286,2474
748,438,1186
1084,651,1735
638,753,1391
870,827,1697
895,1258,2153
542,594,1136
644,623,1267
458,625,1083
523,559,1082
390,652,1042
623,235,858
699,1430,2129
1219,382,1601
1027,1136,2163
1128,498,1626
1149,1122,2271
313,698,1011
513,667,1180
500,579,1079
557,344,901
673,1028,1701
440,890,1330
792,606,1398
379,622,1001
1300,536,1836
851,1245,2096
690,551,1241
616,786,1402
443,893,1336
1133,737,1870
353,727,1080
806,784,1590
513,665,1178
634,1473,2107
815,242,1057
887,677,1564
428,790,1218
597,680,1277
225,504,729
929,598,1527
389,805,1194
598,296,894
464,402,866
1048,789,1837
115,696,811
639,264,903
520,389,909
568,1014,1582
733,751,1484
1334,887,2221
644,497,1141
491,502,993
104,509,613
1100,1218,2318
915,1233,2148
893,718,1611
407,611,1018
628,1587,2215
86,1248,1334
561,305,866
611,554,1165
188,916,1104
678,581,1259
436,939,1375
679,670,1349
479,739,1218
830,600,1430
1455,897,2352
189,558,747
74,1281,1355
699,253,952
239,1078,1317
318,1702,2020
300,577,877
675,740,1415
284,537,821
334,436,770
734,840,1574
728,607,1335
595,949,1544
44,801,845
324,739,1063
681,904,1585
611,1742,2353
513,784,1297
538,472,1010
1022,775,1797
1152,626,1778
450,991,1441
89,989,1078
358,500,858
180,853,1033
842,732,1574
817,1198,2015
483,759,1242
554,1470,2024
271,1477,1748
271,577,848
149,1507,1656
405,1042,1447
1206,761,1967
978,1250,2228
239,1322,1561
774,1078,1852
607,1131,1738
715,872,1587
416,1300,1716
388,1396,1784
1117,583,1700
706,1113,1819
808,1041,1849
562,928,1490
1107,494,1601
771,1023,1794
657,838,1495
1015,347,1362
750,979,1729
1216,831,2047
504,1639,2143
773,705,1478
845,1430,2275
916,612,1528
850,649,1499
518,378,896
551,595,1146
322,1678,2000
793,1375,2168
785,425,1210
1254,1857,3111
745,446,1191
571,1405,1976
680,1429,2109
572,1153,1725
1665,1742,3407
835,442,1277
714,500,1214
568,1455,2023
1263,1110,2373
722,1011,1733
807,1353,2160
1543,384,1927
617,386,1003
1355,1452,2807
1130,1052,2182
444,595,1039
525,558,1083
1153,580,1733
558,355,913
886,1228,2114
268,629,897
1282,508,1790
58,832,890
564,314,878
1180,467,1647
1243,996,2239
101,859,960
780,1108,1888
299,628,927
597,1527,2124
156,877,1033
1320,1237,2557
49,445,494
1419,530,1949
1050,1341,2391
446,378,824
841,1213,2054
63,672,735
971,1646,2617
820,406,1226
1658,883,2541
96,558,654
663,436,1099
979,874,1853
167,1113,1280
85,716,801
527,1050,1577
754,336,1090
1251,1115,2366
1355,1017,2372
195,681,876
127,667,794
176,769,945
500,1001,1501
420,653,1073
1371,1211,2582
1049,979,2028
53,1178,1231
423,767,1190
216,896,1112
317,754,1071
327,666,993
71,697,768
259,1002,1261
642,478,1120
1444,726,2170
557,703,1260
601,638,1239
568,504,1072
1111,771,1882
776,669,1445
826,633,1459
365,983,1348
580,663,1243
272,731,1003
811,739,1550
523,1022,1545
439,758,1197
884,1281,2165
836,545,1381
1061,441,1502
815,561,1376
367,443,810
473,577,1050
579,1023,1602
583,925,1508
1046,1295,2341
480,822,1302
636,899,1535
520,574,1094
877,593,1470
630,887,1517
1021,666,1687
559,625,1184
455,1366,1821
1030,588,1618
403,563,966
610,441,1051
577,779,1356
583,743,1326
510,892,1402
440,972,1412
184,617,801
1212,644,1856
728,1593,2321
390,877,1267
398,780,1178
836,632,1468
517,712,1229
947,1653,2600
753,639,1392
862,643,1505
475,565,1040
1207,767,1974
363,844,1207
437,841,1278
1231,829,2060
535,1705,2240
312,846,1158
1492,793,2285
498,644,1142
781,598,1379
1590,574,2164
439,833,1272
320,1376,1696
600,789,1389
646,997,1643
530,771,1301
167,714,881
1560,722,2282
612,735,1347
778,610,1388
392,1620,2012
419,1147,1566
594,1823,2417
644,1489,2133
229,1344,1573
696,395,1091
257,841,1098
742,408,1150
455,1291,1746
682,1017,1699
822,1474,2296
719,1561,2280
812,1372,2184
659,555,1214
873,1595,2468
748,568,1316
909,1110,2019
271,1091,1362
406,953,1359
454,714,1168
448,1634,2082
693,1407,2100
434,680,1114
1593,587,2180
376,1089,1465
636,648,1284
412,1827,2239
207,602,809
1404,714,2118
1435,817,2252
178,687,865
341,678,1019
1194,635,1829
976,601,1577
910,952,1862
593,531,1124
1389,705,2094
1151,904,2055
1198,770,1968
1065,898,1963
631,1870,2501
391,1097,1488
953,2539,3492
739,942,1681
295,501,796
215,608,823
894,889,1783
321,750,1071
1425,814,2239
1283,808,2091
843,1958,2801
635,1233,1868
285,854,1139
910,1005,1915
538,445,983
371,671,1042
432,856,1288
594,891,1485
360,835,1195
393,2908,3301
737,594,1331
355,1353,1708
488,713,1201
299,793,1092
234,654,888
624,677,1301
1674,939,2613
773,730,1503
577,808,1385
840,2559,3399
867,521,1388
896,1014,1910
730,767,1497
354,1028,1382
285,801,1086
890,788,1678
1804,1058,2862
798,743,1541
724,697,1421
2054,1462,3516
738,442,1180
679,811,1490
689,585,1274
560,1132,1692
352,771,1123
212,787,999
1845,939,2784
665,846,1511
643,423,1066
732,1054,1786
2775,1035,3810
1119,604,1723
47,450,497
603,1097,1700
720,852,1572
369,741,1110
315,812,1127
1058,685,1743
470,876,1346
2322,945,3267
931,925,1856
575,834,1409
753,705,1458
24,656,680
423,921,1344
527,1510,2037
366,1151,1517
920,450,1370
739,740,1479
577,933,1510
147,402,549
47,814,861
1169,968,2137
527,1365,1892
677,1047,1724
258,930,1188
643,793,1436
373,774,1147
399,733,1132
682,1546,2228
893,1005,1898
680,1037,1717
555,796,1351
1346,775,2121
654,1501,2155
725,477,1202
496,467,963
1034,1553,2587
398,1178,1576
593,650,1243
709,1166,1875
606,928,1534
514,786,1300
937,466,1403
825,1320,2145
873,671,1544
711,938,1649
913,854,1767
577,542,1119
802,837,1639
851,1640,2491
1228,516,1744
316,1408,1724
154,934,1088
677,858,1535
505,1383,1888
551,1238,1789
853,633,1486
368,1421,1789
291,947,1238
1065,545,1610
716,463,1179
490,575,1065
927,991,1918
1404,337,1741
590,669,1259
339,1380,1719
846,430,1276
980,395,1375
580,1162,1742
1448,943,2391
805,795,1600
1180,397,1577
917,802,1719
558,1090,1648
231,440,671
1054,652,1706
847,739,1586
388,289,677
192,625,817
1151,653,1804
1272,886,2158
656,779,1435
365,481,846
1736,167,1903
1449,717,2166
1445,852,2297
1123,821,1944
504,448,952
135,205,340
80,268,348
219,850,1069
336,690,1026
213,217,430
570,444,1014
91,517,608
202,894,1096
677,484,1161
288,786,1074
64,399,463
405,733,1138
153,191,344
119,546,665
148,1253,1401
407,941,1348
198,761,959
290,606,896
392,638,1030
199,415,614
52,541,593
192,1223,1415
733,729,1462
161,956,1117
235,1519,1754
440,517,957
420,631,1051
937,367,1304
925,1087,2012
318,420,738
426,555,981
514,876,1390
987,1465,2452
672,977,1649
72,2211,2283
101,1008,1109
641,1131,1772
209,917,1126
172,1000,1172
336,1053,1389
211,994,1205
379,1300,1679
1223,759,1982
267,1091,1358
739,1159,1898
435,1381,1816
284,931,1215
256,960,1216
265,1098,1363
305,1121,1426
584,865,1449
888,490,1378
668,711,1379
177,2200,2377
345,1488,1833
949,400,1349
557,874,1431
638,816,1454
838,500,1338
620,1261,1881
968,1147,2115
1220,1499,2719
1142,416,1558
1183,396,1579
875,461,1336
1287,1099,2386
177,1571,1748
2074,756,2830
524,1126,1650
316,320,636
794,312,1106
877,300,1177
1199,2538,3737
1097,779,1876
159,1070,1229
1115,1030,2145
966,565,1531
2147,827,2974
1204,401,1605
997,661,1658
914,492,1406
1428,795,2223
90,412,502
766,345,1111
966,689,1655
1544,608,2152
1235,3143,4378
524,1178,1702
1168,585,1753
595,730,1325
864,1200,2064
618,696,1314
84,425,509
78,497,575
1094,526,1620
893,527,1420
125,545,670
758,1272,2030
83,577,660
924,469,1393
1433,644,2077
269,434,703
356,3465,3821
62,682,744
335,1090,1425
2266,1928,4194
737,769,1506
946,1236,2182
56,740,796
2807,1037,3844
444,739,1183
970,909,1879
328,531,859
88,815,903
457,753,1210
604,666,1270
365,657,1022
3259,603,3862
580,625,1205
767,439,1206
74,660,734
531,1289,1820
98,825,923
350,554,904
414,751,1165
132,1070,1202
371,594,965
1737,361,2098
714,263,977
507,711,1218
301,959,1260
1110,999,2109
846,458,1304
329,944,1273
515,329,844
169,602,771
522,969,1491
684,597,1281
358,1132,1490
619,669,1288
289,1172,1461
689,969,1658
986,564,1550
921,314,1235
725,1100,1825
1105,858,1963
648,576,1224
529,1038,1567
468,450,918
669,705,1374
722,427,1149
759,297,1056
572,553,1125
114,301,415
491,1013,1504
247,689,936
581,857,1438
733,667,1400
653,493,1146
922,495,1417
899,775,1674
283,361,644
617,888,1505
62,474,536
716,654,1370
520,1069,1589
708,826,1534
1029,594,1623
92,666,758
523,1093,1616
805,902,1707
893,747,1640
24,781,805
129,585,714
160,774,934
146,816,962
333,485,818
315,498,813
649,1364,2013
695,960,1655
985,729,1714
462,602,1064
748,1373,2121
157,745,902
467,637,1104
432,610,1042
789,1549,2338
262,798,1060
230,645,875
474,925,1399
647,737,1384
414,592,1006
655,772,1427
672,755,1427
649,596,1245
1301,888,2189
349,1048,1397
452,607,1059
268,794,1062
796,827,1623
153,896,1049
677,215,892
481,883,1364
1198,591,1789
340,950,1290
224,1010,1234
416,622,1038
1438,527,1965
295,1154,1449
604,845,1449
718,223,941
682,1018,1700
263,1290,1553
804,830,1634
898,467,1365
801,521,1322
495,993,1488
960,533,1493
627,768,1395
433,570,1003
231,1395,1626
525,997,1522
489,1349,1838
474,458,932
599,1229,1828
663,745,1408
858,842,1700
118,462,580
1136,761,1897
573,271,844
464,1066,1530
328,337,665
523,1089,1612
904,600,1504
729,738,1467
754,568,1322
1051,586,1637
1361,415,1776
426,1707,2133
532,1210,1742
839,625,1464
1083,401,1484
94,647,741
902,554,1456
575,880,1455
831,1018,1849
730,723,1453
644,1545,2189
248,831,1079
769,726,1495
621,387,1008
391,340,731
429,602,1031
503,529,1032
231,586,817
866,1062,1928
317,629,946
807,1172,1979
295,835,1130
71,843,914
595,1167,1762
700,758,1458
379,733,1112
129,1251,1380
1009,444,1453
955,1218,2173
219,901,1120
386,1011,1397
1238,1072,2310
570,733,1303
691,400,1091
851,591,1442
1116,1134,2250
281,502,783
664,632,1296
1630,857,2487
607,731,1338
1001,787,1788
550,892,1442
1059,203,1262
426,655,1081
754,670,1424
706,405,1111
244,797,1041
1451,950,2401
644,832,1476
271,876,1147
961,401,1362
791,876,1667
46,696,742
596,953,1549
1180,727,1907
483,869,1352
452,603,1055
884,792,1676
471,779,1250
404,1016,1420
705,214,919
866,764,1630
791,842,1633
864,734,1598
542,735,1277
1052,529,1581
526,604,1130
1118,1055,2173
723,502,1225
689,682,1371
584,723,1307
267,1045,1312
58,674,732
460,1398,1858
441,772,1213
496,1031,1527
847,852,1699
785,1028,1813
962,334,1296
668,909,1577
348,450,798
49,506,555
165,603,768
725,867,1592
741,622,1363
822,680,1502
894,1053,1947
185,476,661
508,442,950
370,595,965
36,898,934
287,546,833
522,1942,2464
270,788,1058
142,848,990
286,680,966
476,426,902
324,978,1302
254,1080,1334
51,1034,1085
902,976,1878
663,415,1078
506,588,1094
464,490,954
614,901,1515
348,776,1124
698,643,1341
345,1023,1368
781,747,1528
724,727,1451
355,904,1259
364,475,839
514,810,1324
450,1135,1585
727,657,1384
812,677,1489
426,956,1382
483,993,1476
808,602,1410
537,789,1326
568,390,958
617,887,1504
166,807,973
1016,317,1333
930,663,1593
725,784,1509
271,842,1113
873,244,1117
928,298,1226
245,449,694
541,402,943
499,2162,2661
411,743,1154
379,369,748
372,759,1131
371,762,1133
805,334,1139
544,320,864
689,865,1554
800,197,997
724,298,1022
1133,1862,2995
1166,447,1613
687,533,1220
795,820,1615
949,985,1934
148,351,499
816,472,1288
1085,718,1803
138,431,569
173,623,796
1405,1831,3236
714,900,1614
650,880,1530
777,796,1573
145,541,686
781,896,1677
122,615,737
188,622,810
1406,1508,2914
1027,848,1875
143,711,854
108,838,946
1186,707,1893
197,644,841
590,563,1153
831,851,1682
380,562,942
1776,800,2576
382,945,1327
477,583,1060
346,580,926
155,482,637
438,778,1216
255,788,1043
462,466,928
180,1326,1506
591,734,1325
510,598,1108
1761,867,2628
633,998,1631
108,740,848
610,622,1232
695,1721,2416
444,1024,1468
709,853,1562
504,714,1218
535,726,1261
186,1560,1746
286,601,887
410,1424,1834
640,1184,1824
1180,593,1773
302,667,969
584,1130,1714
715,1250,1965
308,1870,2178
641,1285,1926
233,1414,1647
525,1275,1800
1287,575,1862
570,503,1073
736,863,1599
741,1023,1764
830,948,1778
1275,541,1816
334,1926,2260
632,1096,1728
439,1416,1855
509,471,980
1390,980,2370
234,1076,1310
718,686,1404
717,1071,1788
633,1287,1920
699,1208,1907
429,588,1017
613,1605,2218
505,987,1492
357,418,775
1693,486,2179
612,846,1458
1007,613,1620
646,1056,1702
707,1058,1765
554,801,1355
442,1219,1661
788,715,1503
584,314,898
260,1680,1940
955,616,1571
49,436,485
1253,542,1795
503,1234,1737
907,451,1358
706,704,1410
1866,590,2456
1121,1043,2164
370,333,703
777,706,1483
76,446,522
1114,1013,2127
1046,1019,2065
47,719,766
1049,607,1656
1031,720,1751
340,384,724
436,773,1209
298,474,772
420,307,727
1496,698,2194
1139,1086,2225
788,701,1489
458,278,736
969,958,1927
860,702,1562
1015,603,1618
55,825,880
848,725,1573
411,208,619
954,1008,1962
672,1015,1687
72,773,845
1080,1729,2809
330,718,1048
1044,828,1872
335,257,592
563,651,1214
398,1066,1464
498,633,1131
223,1020,1243
790,825,1615
661,1002,1663
382,1190,1572
509,320,829
683,946,1629
388,793,1181
974,664,1638
645,802,1447
580,860,1440
937,745,1682
1022,460,1482
785,785,1570
971,830,1801
1102,700,1802
837,568,1405
700,876,1576
1005,862,1867
438,824,1262
1617,1025,2642
784,603,1387
860,719,1579
874,1282,2156
367,418,785
1009,560,1569
608,686,1294
540,342,882
935,485,1420
424,834,1258
1039,640,1679
476,340,816
481,409,890
715,864,1579
1232,961,2193
295,679,974
19,453,472
62,585,647
573,910,1483
1027,857,1884
470,649,1119
242,341,583
620,461,1081
421,825,1246
207,510,717
606,579,1185
39,1105,1144
110,736,846
225,1025,1250
1053,1336,2389
256,523,779
373,713,1086
493,615,1108
899,1030,1929
597,830,1427
351,749,1100
522,931,1453
777,1362,2139
315,828,1143
454,482,936
346,465,811
115,1270,1385
495,1220,1715
505,798,1303
712,657,1369
323,690,1013
737,900,1637
534,1057,1591
411,928,1339
803,847,1650
252,519,771
919,850,1769
1069,787,1856
833,1235,2068
519,692,1211
322,716,1038
315,1414,1729
727,633,1360
857,615,1472
762,626,1388
1274,674,1948
480,631,1111
944,1099,2043
407,711,1118
1013,1111,2124
517,671,1188
314,933,1247
609,629,1238
434,693,1127
654,1356,2010
615,937,1552
543,794,1337
776,890,1666
1153,1062,2215
424,737,1161
625,712,1337
846,426,1272
662,522,1184
747,780,1527
697,1495,2192
440,781,1221
1024,603,1627
1337,934,2271
620,1187,1807
484,1051,1535
945,678,1623
875,711,1586
512,647,1159
1071,1148,2219
559,575,1134
1013,713,1726
513,1385,1898
587,558,1145
372,996,1368
718,751,1469
979,667,1646
730,578,1308
565,669,1234
741,1312,2053
680,786,1466
1190,680,1870
978,481,1459
132,810,942
1281,758,2039
275,642,917
740,1198,1938
609,863,1472
602,936,1538
629,745,1374
902,823,1725
530,475,1005
823,542,1365
403,815,1218
332,674,1006
546,516,1062
556,1294,1850
158,1009,1167
581,674,1255
1152,563,1715
581,1439,2020
417,596,1013
796,962,1758
1202,763,1965
884,605,1489
422,601,1023
1258,638,1896
705,541,1246
734,573,1307
343,601,944
335,1160,1495
571,978,1549
653,644,1297
682,537,1219
1047,493,1540
498,928,1426
501,545,1046
708,648,1356
726,838,1564
577,453,1030
379,1102,1481
547,813,1360
729,726,1455
446,1439,1885
432,792,1224
574,442,1016
604,779,1383
187,436,623
892,701,1593
253,515,768
398,737,1135
222,509,731
479,683,1162
686,969,1655
553,798,1351
741,1168,1909
817,602,1419
325,478,803
349,522,871
172,645,817
297,506,803
864,449,1313
130,814,944
1285,452,1737
296,612,908
516,1032,1548
538,748,1286
369,492,861
740,1068,1808
516,729,1245
413,854,1267
587,396,983
374,577,951
680,1086,1766
679,707,1386
672,590,1262
527,1173,1700
1520,720,2240
515,647,1162
362,693,1055
722,1509,2231
1212,788,2000
795,307,1102
579,812,1391
164,1344,1508
158,299,457
805,301,1106
623,891,1514
563,544,1107
374,1407,1781
202,648,850
527,328,855
968,826,1794
376,613,989
830,1064,1894
863,1876,2739
1085,640,1725
558,853,1411
491,461,952
353,589,942
617,378,995
458,620,1078
468,536,1004
930,683,1613
550,707,1257
976,2025,3001
1203,756,1959
199,998,1197
623,551,1174
501,535,1036
635,713,1348
1022,559,1581
599,649,1248
545,653,1198
523,1861,2384
31,520,551
1319,605,1924
840,659,1499
183,572,755
516,1711,2227
36,787,823
554,838,1392
865,2003,2868
527,1689,2216
197,706,903
400,570,970
209,656,865
215,671,886
402,748,1150
250,625,875
1660,1101,2761
385,728,1113
1510,263,1773
564,509,1073
46,1133,1179
422,618,1040
401,700,1101
135,1288,1423
264,958,1222
762,617,1379
409,1072,1481
283,753,1036
519,370,889
517,600,1117
264,460,724
1728,883,2611
733,898,1631
468,1056,1524
542,600,1142
1968,1049,3017
515,716,1231
560,744,1304
533,566,1099
609,874,1483
1007,1273,2280
591,936,1527
1541,724,2265
408,1022,1430
720,1257,1977
442,1216,1658
1685,978,2663
807,832,1639
277,569,846
505,1461,1966
642,584,1226
1062,568,1630
328,701,1029
302,1384,1686
629,1071,1700
846,706,1552
487,724,1211
1090,716,1806
936,601,1537
613,822,1435
421,728,1149
885,716,1601
22,989,1011
370,856,1226
1153,681,1834
612,833,1445
143,1463,1606
487,1157,1644
812,772,1584
666,952,1618
440,1109,1549
660,954,1614
502,1183,1685
744,870,1614
519,1102,1621
407,871,1278
442,877,1319
847,859,1706
718,1589,2307
1388,522,1910
698,1088,1786
262,1545,1807
1004,1023,2027
639,856,1495
613,848,1461
483,1012,1495
924,326,1250
1002,623,1625
587,1484,2071
1011,621,1632
829,1225,2054
733,529,1262
469,696,1165
1385,549,1934
802,629,1431
1056,260,1316
718,1531,2249
362,844,1206
1053,707,1760
75,260,335
623,1271,1894
1001,709,1710
893,1335,2228
126,346,472
805,471,1276
1475,587,2062
639,995,1634
288,246,534
956,522,1478
659,1395,2054
17,263,280
383,590,973
758,697,1455
757,1226,1983
1362,718,2080
549,1455,2004
427,804,1231
1454,843,2297
194,511,705
1022,600,1622
505,1638,2143
1119,933,2052
201,801,1002
921,1167,2088
1417,738,2155
732,1380,2112
1241,847,2088
373,521,894
892,442,1334
811,1104,1915
1158,782,1940
360,691,1051
37,285,322
1340,455,1795
495,731,1226
722,1482,2204
549,614,1163
688,537,1225
36,758,794
167,1137,1304
607,1588,2195
190,678,868
74,702,776
196,1382,1578
811,581,1392
501,635,1136
137,950,1087
881,829,1710
1004,656,1660
584,546,1130
255,657,912
966,656,1622
537,658,1195
111,823,934
1336,748,2084
216,854,1070
166,1153,1319
278,658,936
1227,594,1821
602,747,1349
281,1259,1540
796,692,1488
487,599,1086
258,914,1172
1566,1132,2698
412,914,1326
455,907,1362
378,807,1185
1471,630,2101
808,736,1544
677,932,1609
1129,572,1701
1064,533,1597
413,947,1360
613,1238,1851
583,1165,1748
476,769,1245
789,702,1491
215,907,1122
517,1287,1804
220,634,854
571,769,1340
959,249,1208
546,825,1371
516,1261,1777
155,1185,1340
780,868,1648
452,855,1307
816,885,1701
737,797,1534
1328,686,2014
366,844,1210
614,397,1011
881,565,1446
497,1014,1511
380,705,1085
1003,1005,2008
257,1102,1359
920,644,1564
927,695,1622
522,1102,1624
487,1272,1759
1151,638,1789
681,1007,1688
502,761,1263
753,970,1723
523,538,1061
632,781,1413
392,1044,1436
461,987,1448
1227,450,1677
817,646,1463
758,660,1418
700,697,1397
633,627,1260
56,785,841
514,494,1008
587,510,1097
224,844,1068
709,786,1495
752,770,1522
855,685,1540
761,791,1552
566,730,1296
515,514,1029
517,370,887
393,1457,1850
632,954,1586
649,709,1358
479,395,874
283,934,1217
300,598,898
428,724,1152
247,974,1221
563,394,957
966,996,1962
584,1167,1751
638,669,1307
447,325,772
911,903,1814
585,1015,1600
1122,667,1789
772,692,1464
392,434,826
817,962,1779
937,1078,2015
639,1256,1895
667,780,1447
482,338,820
837,1142,1979
218,1024,1242
449,1051,1500
905,487,1392
191,686,877
263,471,734
432,1071,1503
439,1662,2101
529,873,1402
640,881,1521
772,980,1752
884,558,1442
579,1056,1635
379,677,1056
988,717,1705
642,962,1604
641,766,1407
890,423,1313
741,680,1421
578,702,1280
681,1557,2238
49,517,566
1045,1097,2142
752,462,1214
396,1065,1461
766,1133,1899
109,755,864
1097,1071,2168
983,338,1321
328,825,1153
1058,327,1385
855,602,1457
417,739,1156
1146,726,1872
348,585,933
858,646,1504
372,776,1148
427,781,1208
870,689,1559
894,601,1495
1530,698,2228
918,1127,2045
1110,844,1954
714,241,955
596,916,1512
536,720,1256
464,587,1051
767,1146,1913
511,877,1388
982,938,1920
804,1508,2312
1075,719,1794
120,423,543
710,810,1520
915,566,1481
573,641,1214
917,985,1902
246,645,891
110,735,845
440,1434,1874
226,640,866
242,655,897
812,894,1706
1003,772,1775
259,713,972
633,1018,1651
491,1096,1587
170,736,906
246,884,1130
562,362,924
723,1546,2269
581,353,934
1238,584,1822
558,1333,1891
573,999,1572
452,830,1282
370,788,1158
363,672,1035
595,1559,2154
580,672,1252
667,794,1461
385,1234,1619
748,549,1297
1036,1080,2116
296,395,691
179,804,983
697,1348,2045
887,1152,2039
483,1270,1753
573,702,1275
631,841,1472
577,1063,1640
657,397,1054
715,712,1427
313,698,1011
288,699,987
507,1257,1764
161,1466,1627
1115,667,1782
284,878,1162
780,949,1729
1325,434,1759
435,873,1308
725,906,1631
891,541,1432
503,847,1350
1153,755,1908
484,1316,1800
770,592,1362
558,881,1439
327,819,1146
710,932,1642
697,423,1120
450,1059,1509
208,1066,1274
927,643,1570
1265,916,2181
1026,587,1613
638,888,1526
295,626,921
1061,770,1831
404,364,768
757,680,1437
441,528,969
591,714,1305
715,598,1313
1058,595,1653
708,475,1183
690,565,1255
557,1052,1609
444,1000,1444
484,801,1285
492,538,1030
520,1192,1712
371,1232,1603
745,780,1525
311,491,802
347,1044,1391
811,728,1539
744,516,1260
623,664,1287
795,423,1218
325,1025,1350
1212,746,1958
787,677,1464
628,975,1603
846,914,1760
930,518,1448
132,954,1086
308,648,956
358,637,995
346,497,843
256,904,1160
770,892,1662
241,799,1040
735,763,1498
576,958,1534
700,410,1110
339,844,1183
427,866,1293
540,688,1228
922,294,1216
964,1167,2131
250,1108,1358
429,772,1201
615,449,1064
856,1311,2167
480,815,1295
345,663,1008
53,1426,1479
687,946,1633
726,636,1362
742,601,1343
548,983,1531
62,1056,1118
658,476,1134
431,748,1179
238,760,998
535,651,1186
518,1130,1648
1029,649,1678
753,928,1681
517,790,1307
537,787,1324
489,797,1286
125,549,674
690,651,1341
288,1031,1319
783,569,1352
798,1018,1816
574,1032,1606
411,879,1290
1264,942,2206
794,739,1533
680,831,1511
1042,391,1433
482,768,1250
725,752,1477
107,857,964
464,918,1382
761,853,1614
519,854,1373
761,953,1714
674,630,1304
805,744,1549
1064,756,1820
991,1316,2307
606,1273,1879
800,619,1419
939,1274,2213
870,1093,1963
514,536,1050
577,1275,1852
375,615,990
545,276,821
553,1431,1984
198,1786,1984
313,1809,2122
568,339,907
672,1574,2246
372,1306,1678
495,1561,2056
627,1556,2183
488,349,837
543,1526,2069
432,939,1371
786,1460,2246
609,1185,1794
334,1123,1457
1647,446,2093
796,776,1572
726,1597,2323
326,1257,1583
656,1475,2131
944,547,1491
181,366,547
461,834,1295
992,792,1784
1291,399,1690
383,2119,2502
231,692,923
804,1323,2127
571,1336,1907
507,989,1496
492,2093,2585
1211,752,1963
1029,803,1832
1464,538,2002
503,1972,2475
1002,903,1905
450,1252,1702
154,652,806
1662,494,2156
911,1213,2124
1488,524,2012
90,537,627
736,1212,1948
1356,776,2132
97,721,818
219,852,1071
1203,762,1965
1273,723,1996
649,1465,2114
601,644,1245
1039,507,1546
1152,577,1729
1860,355,2215
366,547,913
587,673,1260
767,1028,1795
769,633,1402
1650,1416,3066
367,818,1185
902,917,1819
1242,1515,2757
458,625,1083
1882,695,2577
768,661,1429
357,880,1237
1074,308,1382
367,644,1011
625,622,1247
1278,758,2036
209,857,1066
1382,1560,2942
567,662,1229
282,963,1245
778,656,1434
1046,758,1804
474,1017,1491
585,744,1329
602,754,1356
380,888,1268
877,1308,2185
154,822,976
537,797,1334
559,716,1275
820,635,1455
342,2031,2373
1106,863,1969
1299,1767,3066
319,883,1202
472,908,1380
282,1900,2182
528,1671,2199
844,678,1522
444,846,1290
486,764,1250
579,1275,1854
1204,598,1802
323,744,1067
1063,1142,2205
1341,1045,2386
1886,567,2453
648,459,1107
719,768,1487
521,1009,1530
842,938,1780
1806,473,2279
527,743,1270
422,723,1145
905,925,1830
369,880,1249
214,1481,1695
640,679,1319
547,1234,1781
485,782,1267
928,451,1379
584,769,1353
670,686,1356
530,1694,2224
229,432,661
392,923,1315
450,988,1438
493,612,1105
682,621,1303
694,1118,1812
946,615,1561
670,796,1466
267,466,733
491,965,1456
378,543,921
539,617,1156
662,316,978
872,892,1764
884,165,1049
670,637,1307
350,542,892
1564,1337,2901
813,914,1727
756,1281,2037
1142,777,1919
785,1177,1962
797,427,1224
695,610,1305
585,2036,2621
1050,963,2013
1044,798,1842
467,735,1202
434,211,645
1232,1711,2943
978,483,1461
746,907,1653
1113,900,2013
1015,540,1555
541,2099,2640
955,704,1659
857,1014,1871
846,657,1503
676,2170,2846
1523,1675,3198
375,1018,1393
1244,585,1829
1265,1309,2574
1043,627,1670
883,492,1375
795,446,1241
795,506,1301
1979,431,2410
1569,2107,3676
272,709,981
917,809,1726
790,700,1490
1437,1670,3107
798,754,1552
954,553,1507
908,197,1105
1355,1591,2946
1968,205,2173
1330,1449,2779
163,1003,1166
804,796,1600
744,680,1424
625,710,1335
444,631,1075
511,626,1137
956,310,1266
1538,839,2377
579,876,1455
1251,263,1514
214,1110,1324
519,856,1375
937,495,1432
562,706,1268
379,807,1186
601,388,989
1537,1044,2581
475,934,1409
611,457,1068
639,1100,1739
1463,885,2348
707,427,1134
884,743,1627
2090,956,3046
646,703,1349
169,397,566
831,936,1767
1891,543,2434
217,653,870
996,835,1831
270,738,1008
1242,1070,2312
495,491,986
338,379,717
490,712,1202
718,876,1594
131,495,626
1057,791,1848
466,1189,1655
225,831,1056
528,775,1303
1033,1235,2268
392,919,1311
499,656,1155
191,1049,1240
245,1170,1415
727,655,1382
552,1072,1624
117,709,826
748,801,1549
147,750,897
647,388,1035
681,845,1526
528,1052,1580
1391,1002,2393
1197,404,1601
740,373,1113
267,1594,1861
761,863,1624
818,375,1193
609,749,1358
782,2009,2791
831,632,1463
1005,1863,2868
204,1256,1460
865,465,1330
337,1130,1467
453,1466,1919
931,584,1515
730,413,1143
1295,482,1777
638,1461,2099
728,1449,2177
369,564,933
822,737,1559
1146,586,1732
684,1586,2270
815,697,1512
693,793,1486
267,333,600
951,788,1739
477,1583,2060
186,473,659
1302,469,1771
739,1195,1934
640,613,1253
363,484,847
107,686,793
988,896,1884
774,1005,1779
1738,544,2282
150,807,957
1286,468,1754
540,768,1308
1257,648,1905
765,987,1752
441,471,912
351,682,1033
376,808,1184
966,1008,1974
354,565,919
261,756,1017
390,885,1275
315,466,781
1421,582,2003
1157,881,2038
329,1838,2167
578,696,1274
536,1037,1573
1420,836,2256
483,499,982
633,738,1371
1041,756,1797
398,888,1286
371,730,1101
437,407,844
601,866,1467
491,583,1074
858,807,1665
871,349,1220
571,996,1567
748,725,1473
747,859,1606
287,784,1071
563,598,1161
435,413,848
748,927,1675
683,760,1443
288,824,1112
482,629,1111
669,764,1433
803,578,1381
434,2745,3179
239,866,1105
291,664,955
640,578,1218
532,976,1508
643,575,1218
498,654,1152
583,978,1561
493,657,1150
564,574,1138
1715,1990,3705
892,567,1459
608,764,1372
603,789,1392
407,963,1370
645,663,1308
272,1096,1368
535,587,1122
561,790,1351
1408,2048,3456
838,916,1754
730,590,1320
862,735,1597
688,576,1264
721,591,1312
556,844,1400
531,484,1015
382,439,821
2411,1179,3590
634,631,1265
580,501,1081
692,697,1389
723,1054,1777
630,416,1046
834,581,1415
661,1127,1788
578,888,1466
1805,791,2596
602,1182,1784
532,1006,1538
875,893,1768
1819,705,2524
802,305,1107
443,702,1145
770,845,1615
323,973,1296
982,844,1826
494,783,1277
481,875,1356
708,1033,1741
325,708,1033
1063,594,1657
1069,598,1667
514,1200,1714
641,408,1049
475,935,1410
218,858,1076
671,422,1093
844,793,1637
497,435,932
841,491,1332
726,412,1138
947,747,1694
654,535,1189
340,956,1296
392,899,1291
789,469,1258
787,948,1735
329,405,734
176,961,1137
644,644,1288
590,1034,1624
613,1318,1931
403,1002,1405
454,1353,1807
526,717,1243
393,1134,1527
192,562,754
568,936,1504
390,1824,2214
392,1720,2112
126,1706,1832
932,939,1871
311,2132,2443
823,531,1354
726,1585,2311
241,967,1208
695,1823,2518
726,1269,1995
652,606,1258
218,1637,1855
1002,1117,2119
1007,1278,2285
559,718,1277
1200,921,2121
696,626,1322
462,1678,2140
1888,281,2169
536,1606,2142
467,755,1222
700,835,1535
372,1262,1634
513,517,1030
855,1242,2097
1105,526,1631
209,475,684
457,1635,2092
1316,567,1883
1668,393,2061
1105,1517,2622
790,1335,2125
1664,901,2565
1033,572,1605
601,1992,2593
284,484,768
525,1285,1810
739,1365,2104
1121,1134,2255
821,410,1231
833,449,1282
534,1451,1985
178,556,734
625,819,1444
468,457,925
1068,1018,2086
1380,571,1951
917,2083,3000
1426,604,2030
404,543,947
824,2235,3059
1673,876,2549
870,1655,2525
303,624,927
1182,546,1728
527,1241,1768
412,569,981
326,564,890
1116,462,1578
522,1788,2310
407,600,1007
1369,1003,2372
1517,638,2155
414,959,1373
1780,773,2553
721,669,1390
1209,877,2086
313,591,904
1015,772,1787
1794,705,2499
595,735,1330
313,952,1265
1409,783,2192
178,1305,1483
831,498,1329
383,797,1180
488,534,1022
446,595,1041
578,945,1523
550,763,1313
762,843,1605
507,902,1409
489,761,1250
790,1094,1884
544,729,1273
652,927,1579
520,969,1489
2132,579,2711
796,526,1322
1185,828,2013
893,613,1506
268,805,1073
429,1213,1642
597,918,1515
393,756,1149
277,899,1176
1685,1005,2690
619,615,1234
320,1155,1475
448,1104,1552
1225,341,1566
656,1211,1867
575,853,1428
314,847,1161
803,1228,2031
851,733,1584
899,519,1418
585,670,1255
729,943,1672
905,659,1564
814,735,1549
1024,1000,2024
593,725,1318
636,735,1371
461,1260,1721
823,678,1501
357,963,1320
608,827,1435
1035,526,1561
889,892,1781
1144,794,1938
866,535,1401
671,687,1358
476,828,1304
512,1435,1947
361,892,1253
786,773,1559
730,617,1347
222,507,729
508,794,1302
266,602,868
328,670,998
899,774,1673
241,803,1044
1068,753,1821
612,1327,1939
1057,920,1977
459,619,1078
425,502,927
781,1391,2172
310,633,943
524,532,1056
875,480,1355
453,721,1174
1000,860,1860
1162,786,1948
486,974,1460
480,545,1025
413,642,1055
843,1258,2101
635,504,1139
473,353,826
1001,1137,2138
496,969,1465
625,524,1149
1396,862,2258
37,600,637
310,871,1181
638,714,1352
558,1056,1614
826,739,1565
247,521,768
695,874,1569
618,884,1502
912,931,1843
946,297,1243
468,574,1042
746,619,1365
480,734,1214
873,291,1164
1154,563,1717
708,1184,1892
527,284,811
648,516,1164
140,1674,1814
962,290,1252
542,977,1519
1501,385,1886
990,770,1760
573,433,1006
354,1621,1975
1567,212,1779
817,329,1146
819,693,1512
835,377,1212
746,202,948
658,1444,2102
729,1391,2120
434,852,1286
1197,334,1531
1467,643,2110
701,695,1396
882,269,1151
1235,308,1543
811,254,1065
168,326,494
836,727,1563
817,477,1294
125,491,616
1249,637,1886
1569,710,2279
158,547,705
851,475,1326
172,366,538
1518,874,2392
109,397,506
138,471,609
1457,593,2050
162,553,715
886,855,1741
218,460,678
892,903,1795
64,164,228
111,708,819
149,664,813
389,604,993
327,541,868
811,1041,1852
325,511,836
374,923,1297
189,851,1040
105,276,381
50,761,811
387,691,1078
333,581,914
135,563,698
737,379,1116
136,791,927
1568,481,2049
181,1114,1295
407,681,1088
197,681,878
314,852,1166
847,672,1519
491,494,985
479,625,1104
768,262,1030
288,1089,1377
448,1162,1610
411,1037,1448
429,966,1395
1667,399,2066
866,498,1364
799,630,1429
395,371,766
65,995,1060
494,460,954
641,953,1594
24,744,768
445,899,1344
448,902,1350
811,356,1167
71,638,709
1042,570,1612
648,1111,1759
126,993,1119
635,681,1316
534,957,1491
150,667,817
508,602,1110
524,999,1523
269,588,857
224,856,1080
154,606,760
273,1439,1712
261,1113,1374
287,942,1229
955,751,1706
212,745,957
1001,877,1878
654,604,1258
144,891,1035
627,679,1306
418,832,1250
465,345,810
794,740,1534
888,709,1597
666,480,1146
979,708,1687
437,620,1057
668,779,1447
683,788,1471
782,574,1356
536,700,1236
512,379,891
709,608,1317
385,798,1183
556,783,1339
1361,430,1791
489,990,1479
987,747,1734
361,1030,1391
680,537,1217
402,646,1048
710,853,1563
822,663,1485
782,536,1318
717,650,1367
331,1125,1456
187,655,842
660,966,1626
403,755,1158
423,731,1154
597,594,1191
863,642,1505
322,647,969
457,741,1198
339,1020,1359
559,1151,1710
661,976,1637
505,805,1310
538,704,1242
807,471,1278
294,1231,1525
668,544,1212
81,848,929
432,469,901
470,918,1388
872,941,1813
104,608,712
550,901,1451
633,723,1356
632,694,1326
664,901,1565
128,857,985
107,1006,1113
435,459,894
708,560,1268
442,527,969
385,606,991
703,524,1227
904,786,1690
199,967,1166
145,992,1137
576,403,979
1093,866,1959
527,838,1365
684,559,1243
158,999,1157
886,705,1591
530,1056,1586
81,973,1054
826,482,1308
619,704,1323
817,883,1700
584,837,1421
733,712,1445
1021,527,1548
471,1015,1486
897,571,1468
98,413,511
436,1107,1543
422,414,836
739,691,1430
852,888,1740
698,644,1342
491,842,1333
967,528,1495
752,921,1673
924,1087,2011
458,684,1142
513,1234,1747
345,425,770
851,1024,1875
980,616,1596
325,863,1188
479,715,1194
98,1253,1351
517,789,1306
514,843,1357
338,1082,1420
410,518,928
216,631,847
702,750,1452
566,853,1419
875,705,1580
581,508,1089
459,1313,1772
919,1290,2209
1060,479,1539
430,740,1170
258,1415,1673
74,1717,1791
566,1347,1913
676,845,1521
979,521,1500
113,1722,1835
731,472,1203
690,678,1368
287,1092,1379
529,1369,1898
326,671,997
993,1634,2627
329,1206,1535
354,1483,1837
570,662,1232
776,1200,1976
323,1195,1518
939,855,1794
392,478,870
532,1529,2061
825,1218,2043
399,960,1359
67,635,702
599,1056,1655
519,1390,1909
400,1608,2008
1539,469,2008
1100,494,1594
817,1546,2363
1223,616,1839
273,457,730
649,1309,1958
1175,640,1815
1258,522,1780
989,485,1474
392,544,936
390,690,1080
734,1551,2285
909,569,1478
338,596,934
1020,944,1964
854,1706,2560
1026,470,1496
533,596,1129
364,1100,1464
1336,965,2301
660,893,1553
277,525,802
681,436,1117
137,573,710
1727,474,2201
1460,877,2337
538,604,1142
718,1222,1940
456,1174,1630
1393,1141,2534
601,1009,1610
317,536,853
1022,1596,2618
293,585,878
1292,1145,2437
534,1156,1690
488,601,1089
398,711,1109
1300,590,1890
1607,676,2283
1409,896,2305
479,735,1214
235,937,1172
1590,763,2353
784,1081,1865
728,667,1395
266,496,762
504,816,1320
346,542,888
374,637,1011
508,480,988
633,602,1235
735,787,1522
416,1114,1530
792,806,1598
1122,337,1459
448,595,1043
177,876,1053
210,436,646
704,1141,1845
368,1183,1551
505,689,1194
322,870,1192
551,1228,1779
1436,469,1905
1132,520,1652
729,515,1244
168,1012,1180
324,717,1041
327,443,770
800,449,1249
398,473,871
624,502,1126
637,803,1440
196,564,760
434,743,1177
449,509,958
774,1050,1824
379,723,1102
243,1079,1322
481,736,1217
306,1197,1503
619,503,1122
901,802,1703
241,978,1219
1018,822,1840
593,435,1028
432,991,1423
644,815,1459
420,1473,1893
260,921,1181
821,409,1230
927,624,1551
994,1272,2266
556,787,1343
42,724,766
223,474,697
751,564,1315
242,606,848
200,566,766
637,499,1136
451,306,757
824,930,1754
1062,1019,2081
267,511,778
199,619,818
474,979,1453
70,386,456
421,466,887
274,720,994
452,1287,1739
486,417,903
858,1057,1915
803,1150,1953
305,656,961
854,996,1850
121,870,991
630,401,1031
416,390,806
27,1421,1448
238,1093,1331
408,704,1112
1181,1001,2182
1323,939,2262
587,721,1308
217,885,1102
310,1134,1444
335,554,889
425,912,1337
47,1445,1492
644,881,1525
532,712,1244
741,981,1722
446,905,1351
284,785,1069
728,628,1356
540,947,1487
455,1072,1527
707,547,1254
861,842,1703
923,1001,1924
582,951,1533
917,894,1811
605,744,1349
839,885,1724
489,935,1424
1042,476,1518
271,1103,1374
1281,716,1997
725,442,1167
556,1486,2042
831,766,1597
1349,712,2061
526,706,1232
866,446,1312
497,591,1088
916,676,1592
779,411,1190
493,517,1010
1062,1138,2200
988,627,1615
464,412,876
452,673,1125
808,725,1533
866,730,1596
659,584,1243
957,309,1266
404,972,1376
938,1195,2133
775,459,1234
446,360,806
580,549,1129
233,1611,1844
1552,522,2074
732,1056,1788
545,856,1401
475,470,945
534,870,1404
776,284,1060
399,423,822
655,581,1236
577,1332,1909
1427,213,1640
636,1055,1691
353,963,1316
532,367,899
781,699,1480
988,756,1744
661,306,967
863,819,1682
902,494,1396
690,446,1136
1360,325,1685
762,1166,1928
155,731,886
632,1158,1790
188,392,580
1167,780,1947
911,1160,2071
901,782,1683
285,959,1244
819,911,1730
708,514,1222
975,1467,2442
576,730,1306
781,1103,1884
134,634,768
1043,774,1817
751,641,1392
100,439,539
126,640,766
218,907,1125
672,1604,2276
93,768,861
1653,881,2534
980,951,1931
867,1201,2068
1348,1136,2484
130,614,744
353,446,799
172,695,867
482,986,1468
245,630,875
562,575,1137
599,664,1263
317,868,1185
1368,768,2136
1137,1223,2360
208,844,1052
319,1017,1336
921,651,1572
575,591,1166
600,668,1268
701,571,1272
1463,722,2185
672,880,1552
450,878,1328
497,1019,1516
912,569,1481
1022,698,1720
941,856,1797
515,581,1096
536,709,1245
528,1055,1583
938,719,1657
445,820,1265
797,803,1600
181,478,659
677,649,1326
578,1232,1810
153,593,746
861,501,1362
262,615,877
534,1256,1790
179,724,903
388,644,1032
521,403,924
560,1301,1861
733,1251,1984
974,811,1785
1000,640,1640
174,679,853
391,573,964
686,768,1454
397,845,1242
470,680,1150
564,402,966
821,1320,2141
674,849,1523
726,554,1280
572,583,1155
962,881,1843
441,1110,1551
114,2430,2544
318,926,1244
340,1236,1576
576,453,1029
399,830,1229
693,469,1162
936,554,1490
228,578,806
647,830,1477
624,784,1408
542,1015,1557
480,1066,1546
537,1060,1597
347,977,1324
502,1104,1606
267,656,923
823,861,1684
780,493,1273
589,1067,1656
391,2305,2696
735,1061,1796
554,661,1215
806,757,1563
790,626,1416
359,608,967
1168,800,1968
577,720,1297
273,1070,1343
991,695,1686
601,805,1406
808,834,1642
485,887,1372
424,732,1156
678,1226,1904
1038,416,1454
581,2797,3378
1142,1065,2207
747,934,1681
828,576,1404
2316,1323,3639
832,1093,1925
619,842,1461
1021,844,1865
2143,1230,3373
680,913,1593
360,1088,1448
662,903,1565
32,1134,1166
666,1211,1877
850,469,1319
1303,655,1958
375,795,1170
365,863,1228
2330,581,2911
812,545,1357
1105,412,1517
665,1274,1939
337,721,1058
542,848,1390
75,1084,1159
696,533,1229
237,1237,1474
184,845,1029
969,483,1452
794,565,1359
84,886,970
948,934,1882
441,658,1099
604,683,1287
153,1242,1395
816,567,1383
419,1099,1518
376,1303,1679
857,950,1807
377,1077,1454
274,1343,1617
419,1026,1445
1058,925,1983
1020,705,1725
237,860,1097
602,405,1007
230,515,745
684,1325,2009
1002,853,1855
423,1442,1865
1008,737,1745
756,1438,2194
1161,843,2004
1166,587,1753
286,1056,1342
738,1026,1764
794,1449,2243
383,1047,1430
555,526,1081
262,1287,1549
432,1685,2117
266,926,1192
541,508,1049
569,1834,2403
1216,1009,2225
958,1211,2169
178,1051,1229
692,1170,1862
1095,721,1816
736,1116,1852
740,919,1659
886,940,1826
1299,525,1824
688,1211,1899
785,1014,1799
786,1946,2732
515,1093,1608
705,418,1123
591,1599,2190
708,900,1608
676,1100,1776
719,611,1330
947,471,1418
445,511,956
921,309,1230
602,1329,1931
848,901,1749
42,290,332
1109,1111,2220
285,1520,1805
21,300,321
809,833,1642
370,945,1315
657,494,1151
933,889,1822
1376,436,1812
329,1023,1352
1209,1337,2546
1417,716,2133
1492,1134,2626
40,551,591
1414,468,1882
1192,726,1918
1097,1038,2135
46,305,351
1797,1285,3082
623,798,1421
1728,1203,2931
1104,1028,2132
1068,412,1480
155,420,575
1250,924,2174
176,569,745
1074,425,1499
186,410,596
528,1097,1625
125,592,717
742,995,1737
815,1357,2172
215,624,839
543,289,832
489,661,1150
1230,1210,2440
70,1210,1280
55,436,491
674,549,1223
672,1045,1717
254,668,922
463,863,1326
768,289,1057
480,804,1284
866,647,1513
996,1064,2060
291,566,857
104,976,1080
606,879,1485
1065,484,1549
757,1825,2582
833,695,1528
104,461,565
54,553,607
841,2009,2850
319,1271,1590
858,788,1646
514,533,1047
612,298,910
982,677,1659
911,941,1852
88,542,630
1143,1626,2769
741,540,1281
493,1320,1813
214,813,1027
588,496,1084
250,839,1089
677,650,1327
656,701,1357
87,557,644
892,1040,1932
226,1137,1363
928,1082,2010
372,1020,1392
339,572,911
446,1026,1472
219,709,928
411,1148,1559
519,1208,1727
295,791,1086
908,814,1722
309,635,944
292,764,1056
125,697,822
539,1098,1637
1519,632,2151
476,765,1241
454,779,1233
506,657,1163
721,668,1389
450,794,1244
453,743,1196
645,685,1330
479,800,1279
1071,983,2054
280,807,1087
493,789,1282
997,450,1447
592,870,1462
631,506,1137
1102,803,1905
59,1354,1413
769,834,1603
535,636,1171
570,563,1133
372,898,1270
619,881,1500
630,659,1289
844,1035,1879
694,716,1410
635,1165,1800
1014,819,1833
398,594,992
551,574,1125
753,973,1726
559,601,1160
305,679,984
432,1283,1715
450,580,1030
663,692,1355
845,982,1827
707,479,1186
718,982,1700
872,1123,1995
457,817,1274
510,481,991
530,1037,1567
1233,1142,2375
638,442,1080
716,836,1552
394,953,1347
501,505,1006
472,941,1413
452,551,1003
729,1313,2042
498,682,1180
614,589,1203
457,903,1360
790,813,1603
393,594,987
580,944,1524
796,967,1763
408,616,1024
834,454,1288
657,635,1292
408,846,1254
1030,850,1880
625,819,1444
367,445,812
631,1412,2043
1026,937,1963
463,354,817
651,1380,2031
640,582,1222
154,1129,1283
969,708,1677
1170,971,2141
112,783,895
691,832,1523
605,849,1454
493,497,990
1237,744,1981
583,649,1232
820,1128,1948
499,683,1182
257,500,757
544,1225,1769
737,754,1491
250,594,844
741,882,1623
875,582,1457
352,514,866
717,792,1509
604,629,1233
418,307,725
867,1257,2124
482,937,1419
380,674,1054
570,336,906
464,479,943
1092,983,2075
667,437,1104
769,803,1572
163,956,1119
200,921,1121
314,376,690
342,1263,1605
285,443,728
504,398,902
734,302,1036
800,1025,1825
512,1279,1791
1058,400,1458
412,895,1307
1274,886,2160
413,1463,1876
777,887,1664
393,316,709
216,1628,1844
291,491,782
942,476,1418
703,999,1702
1015,1337,2352
559,1046,1605
778,312,1090
592,508,1100
1074,803,1877
499,749,1248
976,483,1459
451,649,1100
301,1355,1656
456,910,1366
499,1452,1951
361,656,1017
1389,679,2068
1028,827,1855
338,485,823
485,793,1278
493,1682,2175
958,911,1869
797,1115,1912
339,515,854
1274,1055,2329
771,771,1542
731,480,1211
475,338,813
539,814,1353
894,889,1783
1256,727,1983
1221,886,2107
597,1171,1768
509,440,949
1555,599,2154
1338,722,2060
658,1296,1954
745,823,1568
539,477,1016
221,894,1115
119,1195,1314
556,628,1184
865,510,1375
734,647,1381
862,1251,2113
760,621,1381
281,708,989
257,1120,1377
400,1012,1412
492,578,1070
721,598,1319
960,598,1558
36,698,734
1330,572,1902
1047,572,1619
221,566,787
621,719,1340
645,1558,2203
201,580,781
580,774,1354
357,1110,1467
391,931,1322
464,1178,1642
923,465,1388
371,481,852
682,763,1445
332,1411,1743
277,679,956
354,965,1319
738,1074,1812
114,1036,1150
907,1209,2116
475,847,1322
587,528,1115
634,866,1500
503,1550,2053
423,838,1261
1002,926,1928
512,546,1058
318,1011,1329
639,559,1198
495,664,1159
583,1033,1616
780,531,1311
1350,812,2162
504,888,1392
642,1005,1647
413,951,1364
415,1168,1583
281,878,1159
966,711,1677
807,431,1238
401,776,1177
565,903,1468
949,866,1815
1161,1159,2320
593,728,1321
765,821,1586
561,1357,1918
1348,872,2220
543,643,1186
671,890,1561
293,1048,1341
1020,1694,2714
799,500,1299
805,643,1448
719,1331,2050
1214,1087,2301
410,712,1122
763,651,1414
604,1028,1632
853,959,1812
749,491,1240
764,664,1428
787,845,1632
867,1067,1934
598,651,1249
959,1341,2300
1304,930,2234
817,882,1699
625,989,1614
588,647,1235
204,855,1059
791,977,1768
460,994,1454
325,1284,1609
177,686,863
830,1463,2293
821,1491,2312
202,837,1039
448,1029,1477
600,937,1537
556,546,1102
1166,706,1872
731,695,1426
754,982,1736
860,899,1759
940,909,1849
414,841,1255
296,1033,1329
586,709,1295
1590,1037,2627
1010,1341,2351
694,710,1404
707,681,1388
660,871,1531
385,812,1197
373,733,1106
516,991,1507
915,575,1490
1264,1204,2468
1107,1241,2348
699,631,1330
267,748,1015
918,802,1720
716,630,1346
427,986,1413
279,760,1039
530,645,1175
467,779,1246
652,710,1362
854,170,1024
642,994,1636
750,755,1505
292,1050,1342
1319,1461,2780
224,251,475
879,357,1236
664,1030,1694
544,1073,1617
870,1314,2184
572,1146,1718
377,1065,1442
811,754,1565
74,318,392
1087,1039,2126
997,1060,2057
104,591,695
590,1172,1762
1125,1665,2790
728,1555,2283
805,775,1580
155,685,840
1211,639,1850
1050,1415,2465
409,733,1142
475,2044,2519
253,657,910
780,1631,2411
488,1441,1929
453,2121,2574
256,459,715
291,619,910
786,1312,2098
1549,446,1995
823,1596,2419
656,536,1192
370,401,771
249,643,892
493,881,1374
618,811,1429
812,637,1449
1032,435,1467
591,895,1486
71,1162,1233
1169,1521,2690
459,797,1256
56,1261,1317
944,329,1273
529,788,1317
877,290,1167
76,1279,1355
662,862,1524
94,1167,1261
1932,764,2696
949,535,1484
943,573,1516
33,993,1026
251,409,660
220,469,689
814,579,1393
864,561,1425
112,1420,1532
53,1088,1141
1277,1015,2292
65,743,808
154,786,940
918,665,1583
1136,639,1775
135,1467,1602
24,542,566
1233,998,2231
625,853,1478
51,971,1022
545,1250,1795
392,959,1351
1350,644,1994
190,1085,1275
73,703,776
558,932,1490
233,920,1153
632,736,1368
144,973,1117
1031,477,1508
523,912,1435
28,747,775
1035,1099,2134
341,1035,1376
804,779,1583
211,611,822
535,743,1278
87,738,825
553,959,1512
1015,543,1558
405,604,1009
402,1193,1595
725,706,1431
563,445,1008
421,483,904
389,463,852
158,736,894
81,2103,2184
540,491,1031
598,1061,1659
469,741,1210
618,2219,2837
898,266,1164
464,982,1446
854,404,1258
571,771,1342
596,887,1483
37,622,659
1228,416,1644
841,580,1421
70,545,615
850,2021,2871
509,1278,1787
53,731,784
1628,909,2537
609,968,1577
49,620,669
28,771,799
901,660,1561
72,786,858
1082,655,1737
968,541,1509
38,1048,1086
35,446,481
66,1078,1144
198,873,1071
50,805,855
276,545,821
1232,635,1867
344,560,904
78,974,1052
56,901,957
2013,1121,3134
382,780,1162
25,1319,1344
760,1219,1979
1477,1153,2630
227,696,923
54,1157,1211
105,1055,1160
524,508,1032
344,727,1071
1935,586,2521
524,840,1364
1551,1111,2662
82,715,797
600,556,1156
273,901,1174
350,1181,1531
390,842,1232
24,1591,1615
845,860,1705
435,884,1319
328,806,1134
123,752,875
256,1572,1828
404,683,1087
672,780,1452
519,915,1434
927,1022,1949
656,650,1306
509,968,1477
575,1384,1959
385,863,1248
463,609,1072
858,878,1736
1053,961,2014
662,698,1360
1376,620,1996
1008,812,1820
770,997,1767
1306,564,1870
580,668,1248
786,1191,1977
878,1082,1960
620,690,1310
145,833,978
491,693,1184
784,759,1543
793,732,1525
1265,372,1637
776,555,1331
803,792,1595
485,1554,2039
835,557,1392
605,350,955
534,1506,2040
856,530,1386
589,938,1527
386,1089,1475
856,1216,2072
209,502,711
830,886,1716
618,1614,2232
891,1539,2430
464,317,781
757,1332,2089
442,656,1098
388,348,736
655,1072,1727
561,1332,1893
358,875,1233
599,1043,1642
515,728,1243
948,1448,2396
523,876,1399
409,437,846
547,248,795
1414,564,1978
431,855,1286
983,692,1675
41,429,470
538,796,1334
654,875,1529
57,451,508
568,1610,2178
451,1001,1452
1191,692,1883
496,1126,1622
661,1593,2254
828,1054,1882
1075,894,1969
816,395,1211
637,1020,1657
94,487,581
146,1165,1311
915,682,1597
1151,630,1781
549,1467,2016
576,1229,1805
147,820,967
481,1493,1974
802,601,1403
1034,871,1905
374,430,804
354,1168,1522
912,815,1727
1287,1325,2612
1358,725,2083
157,1119,1276
474,781,1255
1499,1686,3185
1481,805,2286
415,755,1170
934,932,1866
343,674,1017
798,1037,1835
382,939,1321
192,946,1138
1139,960,2099
901,1531,2432
1297,647,1944
1165,944,2109
301,935,1236
1391,945,2336
680,766,1446
1228,1889,3117
601,822,1423
1327,580,1907
696,557,1253
783,1654,2437
538,1017,1555
1369,572,1941
525,532,1057
536,878,1414
1062,781,1843
973,643,1616
720,1728,2448
1440,466,1906
858,852,1710
341,1002,1343
781,993,1774
725,672,1397
238,375,613
806,387,1193
637,1001,1638
934,1154,2088
565,1722,2287
435,564,999
818,1121,1939
617,1225,1842
823,1716,2539
266,593,859
860,1097,1957
575,961,1536
1520,1088,2608
477,565,1042
336,527,863
691,1109,1800
27,752,779
520,683,1203
1664,727,2391
360,691,1051
485,744,1229
607,1213,1820
1626,568,2194
758,911,1669
1029,1292,2321
790,1438,2228
312,513,825
642,630,1272
1537,1090,2627
66,934,1000
386,702,1088
384,857,1241
1568,600,2168
645,996,1641
751,2057,2808
854,971,1825
619,1937,2556
787,707,1494
1053,1263,2316
744,1317,2061
592,573,1165
573,544,1117
231,842,1073
893,751,1644
548,853,1401
535,590,1125
985,1001,1986
233,1347,1580
402,1158,1560
1559,542,2101
856,1365,2221
330,858,1188
816,1027,1843
760,1762,2522
761,659,1420
556,1429,1985
462,1205,1667
613,1800,2413
1270,1289,2559
820,1213,2033
1103,1107,2210
873,1007,1880
462,627,1089
497,829,1326
733,1049,1782
1676,622,2298
449,1093,1542
583,1166,1749
832,1026,1858
1082,1634,2716
1649,340,1989
684,775,1459
737,782,1519
1143,540,1683
890,942,1832
1243,987,2230
384,902,1286
907,922,1829
1121,1312,2433
212,1159,1371
1096,974,2070
936,1305,2241
859,465,1324
769,558,1327
741,576,1317
920,1030,1950
279,635,914
616,1025,1641
662,649,1311
1111,545,1656
766,715,1481
290,944,1234
838,702,1540
517,923,1440
978,1574,2552
454,511,965
753,849,1602
664,496,1160
444,1478,1922
1218,349,1567
825,889,1714
1367,1050,2417
794,1015,1809
800,712,1512
865,596,1461
1146,774,1920
608,725,1333
368,613,981
860,806,1666
461,621,1082
425,438,863
580,533,1113
165,302,467
358,1084,1442
506,528,1034
94,386,480
626,422,1048
1651,2096,3747
108,396,504
642,450,1092
696,2729,3425
715,438,1153
439,1418,1857
985,2444,3429
1351,1935,3286
559,1343,1902
702,162,864
388,2234,2622
1137,2130,3267
339,556,895
162,413,575
343,1644,1987
1079,1869,2948
1051,1841,2892
218,685,903
463,1281,1744
614,2086,2700
802,2240,3042
568,1049,1617
341,556,897
275,1146,1421
809,2060,2869
1260,1274,2534
114,714,828
208,214,422
1993,1109,3102
907,487,1394
805,1417,2222
1799,688,2487
333,744,1077
2181,635,2816
597,1595,2192
1144,1612,2756
1719,506,2225
91,487,578
1172,371,1543
735,1373,2108
356,573,929
489,641,1130
817,1165,1982
996,386,1382
1144,428,1572
416,1864,2280
785,256,1041
2008,790,2798
619,2109,2728
123,712,835
32,503,535
974,1612,2586
1178,1083,2261
24,491,515
53,408,461
1010,441,1451
520,772,1292
1912,965,2877
30,624,654
1229,840,2069
1255,2101,3356
1656,580,2236
135,556,691
70,738,808
664,660,1324
822,1361,2183
173,533,706
51,755,806
1601,879,2480
2126,1412,3538
402,1219,1621
25,428,453
609,984,1593
78,1013,1091
48,875,923
1488,850,2338
42,927,969
1018,882,1900
40,932,972
517,299,816
951,727,1678
455,581,1036
35,516,551
2048,693,2741
544,361,905
443,307,750
153,835,988
302,731,1033
326,667,993
513,437,950
650,799,1449
1211,207,1418
234,804,1038
1313,1397,2710
1033,458,1491
396,839,1235
37,243,280
762,393,1155
111,456,567
50,251,301
598,740,1338
45,604,649
1636,1194,2830
635,1178,1813
693,425,1118
1204,730,1934
580,386,966
837,1244,2081
73,276,349
328,1207,1535
898,853,1751
1256,818,2074
1115,764,1879
987,876,1863
18,589,607
36,720,756
491,421,912
126,360,486
49,860,909
66,857,923
17,826,843
630,982,1612
51,638,689
210,325,535
87,709,796
181,1187,1368
223,945,1168
291,837,1128
264,569,833
744,1746,2490
439,449,888
669,1356,2025
547,684,1231
703,185,888
157,458,615
23,896,919
632,1847,2479
887,577,1464
62,918,980
455,840,1295
963,1033,1996
102,577,679
741,572,1313
889,389,1278
787,834,1621
1037,1528,2565
391,1025,1416
57,654,711
139,850,989
1431,700,2131
72,679,751
772,461,1233
350,614,964
515,1191,1706
63,629,692
322,845,1167
801,1088,1889
600,877,1477
96,808,904
723,1245,1968
636,1463,2099
78,1111,1189
491,519,1010
269,1132,1401
764,1381,2145
1389,737,2126
169,1216,1385
760,765,1525
226,572,798
221,637,858
672,511,1183
829,1069,1898
1079,1174,2253
401,989,1390
660,835,1495
297,864,1161
233,1220,1453
329,724,1053
216,644,860
540,825,1365
209,737,946
673,1118,1791
510,1324,1834
127,1019,1146
1080,609,1689
246,1337,1583
627,1377,2004
474,833,1307
573,510,1083
265,875,1140
924,1056,1980
409,788,1197
400,980,1380
360,1344,1704
502,1328,1830
633,704,1337
479,1674,2153
1144,606,1750
201,989,1190
394,1426,1820
1124,1333,2457
1056,916,1972
494,801,1295
437,1219,1656
666,1316,1982
909,1078,1987
883,800,1683
397,1241,1638
708,1065,1773
1029,837,1866
957,1101,2058
459,573,1032
1208,895,2103
296,1072,1368
1164,872,2036
1035,637,1672
1030,566,1596
875,1238,2113
794,1066,1860
1559,565,2124
719,804,1523
618,670,1288
1092,1579,2671
240,899,1139
695,1019,1714
599,425,1024
1107,519,1626
851,1295,2146
284,959,1243
566,713,1279
860,1224,2084
692,576,1268
272,907,1179
552,727,1279
731,536,1267
877,1276,2153
280,1616,1896
724,1859,2583
1040,770,1810
437,535,972
653,760,1413
606,363,969
545,1475,2020
371,659,1030
1033,1064,2097
139,733,872
332,1980,2312
380,1212,1592
454,684,1138
901,659,1560
680,503,1183
556,1087,1643
668,1565,2233
950,718,1668
374,590,964
589,1492,2081
1297,1222,2519
526,1732,2258
396,735,1131
489,692,1181
603,2278,2881
217,918,1135
465,1168,1633
661,601,1262
471,745,1216
583,1428,2011
1729,1069,2798
623,1089,1712
440,887,1327
1104,1253,2357
803,1102,1905
723,864,1587
564,691,1255
571,737,1308
892,244,1136
1088,1000,2088
1604,1035,2639
889,1649,2538
1433,667,2100
1014,976,1990
1465,1178,2643
655,774,1429
1189,532,1721
635,831,1466
874,474,1348
994,1016,2010
1026,1333,2359
722,682,1404
1038,942,1980
662,1518,2180
2275,563,2838
1001,1351,2352
843,680,1523
588,733,1321
1309,800,2109
1423,680,2103
947,460,1407
712,1783,2495
1348,1255,2603
786,452,1238
1123,546,1669
775,299,1074
1127,1352,2479
196,694,890
972,583,1555
638,958,1596
1228,364,1592
248,751,999
887,655,1542
610,401,1011
1452,802,2254
367,871,1238
502,238,740
1474,610,2084
556,858,1414
367,820,1187
27,230,257
513,313,826
953,688,1641
392,480,872
703,904,1607
451,1047,1498
501,631,1132
24,244,268
531,1330,1861
538,413,951
541,957,1498
56,345,401
454,1181,1635
45,463,508
726,1158,1884
402,722,1124
818,1405,2223
573,362,935
60,478,538
465,1259,1724
91,360,451
676,865,1541
887,689,1576
1197,710,1907
1344,1232,2576
861,596,1457
470,2051,2521
462,1118,1580
197,382,579
704,1042,1746
110,477,587
349,680,1029
712,469,1181
887,878,1765
252,773,1025
550,539,1089
690,570,1260
541,648,1189
197,997,1194
44,475,519
64,494,558
456,921,1377
503,577,1080
1193,349,1542
559,2401,2960
1105,720,1825
601,1429,2030
845,1961,2806
1108,2349,3457
264,291,555
75,504,579
459,940,1399
21,737,758
24,759,783
220,1184,1404
654,945,1599
919,1346,2265
45,937,982
874,924,1798
283,537,820
421,1501,1922
326,777,1103
273,854,1127
295,553,848
1047,1940,2987
637,1019,1656
108,906,1014
1180,1773,2953
325,686,1011
295,633,928
754,1232,1986
387,923,1310
464,835,1299
469,778,1247
76,833,909
177,857,1034
571,1091,1662
1841,2106,3947
551,1468,2019
1637,1735,3372
668,517,1185
2222,1604,3826
552,1502,2054
466,608,1074
790,892,1682
2155,1421,3576
383,1578,1961
737,712,1449
973,948,1921
1732,1416,3148
731,1052,1783
785,1224,2009
903,1265,2168
553,1298,1851
1080,959,2039
456,1335,1791
483,1657,2140
405,538,943
126,866,992
716,303,1019
847,1245,2092
1032,1339,2371
539,1203,1742
365,1388,1753
405,315,720
543,657,1200
112,628,740
439,682,1121
827,956,1783
1420,1036,2456
805,756,1561
1421,893,2314
173,1593,1766
614,1311,1925
199,706,905
396,1958,2354
891,239,1130
327,1612,1939
750,1692,2442
1100,400,1500
792,900,1692
1324,1285,2609
764,1099,1863
87,595,682
1504,1137,2641
415,829,1244
1208,1265,2473
747,508,1255
1045,894,1939
869,751,1620
73,880,953
1047,958,2005
49,704,753
105,591,696
1182,893,2075
1194,1073,2267
724,834,1558
622,1494,2116
1125,479,1604
47,1037,1084
56,517,573
550,600,1150
37,917,954
48,1109,1157
345,775,1120
327,835,1162
44,1121,1165
1187,700,1887
547,563,1110
596,609,1205
194,720,914
457,681,1138
666,566,1232
149,622,771
639,876,1515
328,898,1226
1624,1081,2705
351,972,1323
587,730,1317
397,1482,1879
450,846,1296
668,385,1053
238,850,1088
936,497,1433
810,736,1546
859,2268,3127
282,1004,1286
572,583,1155
456,879,1335
476,1063,1539
449,486,935
886,1652,2538
555,868,1423
499,618,1117
405,743,1148
1039,2006,3045
218,642,860
339,974,1313
639,508,1147
342,1951,2293
482,1013,1495
581,1333,1914
501,1086,1587
579,882,1461
332,503,835
970,619,1589
906,857,1763
610,715,1325
1589,693,2282
725,823,1548
508,676,1184
847,929,1776
534,834,1368
846,683,1529
529,383,912
410,675,1085
617,1523,2140
360,997,1357
633,467,1100
761,498,1259
839,1299,2138
543,854,1397
682,544,1226
577,570,1147
1738,669,2407
1432,1233,2665
806,1541,2347
775,661,1436
543,384,927
681,701,1382
1191,966,2157
714,806,1520
801,484,1285
812,768,1580
721,442,1163
433,1479,1912
818,1276,2094
529,495,1024
988,790,1778
430,557,987
557,1504,2061
1817,860,2677
162,693,855
1472,553,2025
553,1395,1948
325,1204,1529
207,731,938
935,544,1479
458,814,1272
227,618,845
264,762,1026
1035,558,1593
1342,892,2234
539,590,1129
263,1347,1610
468,567,1035
604,597,1201
735,1134,1869
525,1128,1653
459,545,1004
616,1074,1690
577,493,1070
278,2326,2604
1392,1026,2418
597,476,1073
1302,509,1811
402,316,718
451,2205,2656
515,963,1478
572,498,1070
507,925,1432
876,822,1698
463,1138,1601
1189,783,1972
505,649,1154
427,320,747
864,1278,2142
1038,1703,2741
392,1046,1438
892,1031,1923
561,1125,1686
2101,463,2564
431,1299,1730
947,1009,1956
183,932,1115
2151,470,2621
498,371,869
1053,349,1402
1663,476,2139
858,953,1811
767,854,1621
459,570,1029
957,1031,1988
388,949,1337
276,685,961
1177,558,1735
605,897,1502
855,334,1189
406,1135,1541
795,718,1513
761,832,1593
439,614,1053
734,611,1345
892,881,1773
345,300,645
976,1172,2148
674,673,1347
837,641,1478
587,1330,1917
917,499,1416
526,861,1387
94,768,862
730,501,1231
891,539,1430
307,644,951
618,1919,2537
369,1156,1525
187,884,1071
405,1058,1463
473,2212,2685
816,1040,1856
320,788,1108
1117,656,1773
1143,1185,2328
458,536,994
753,1047,1800
516,1418,1934
284,876,1160
317,2045,2362
548,492,1040
351,910,1261
428,940,1368
429,1192,1621
1032,574,1606
738,706,1444
840,1186,2026
909,703,1612
1746,806,2552
338,995,1333
612,1250,1862
282,683,965
2105,695,2800
644,860,1504
168,862,1030
787,972,1759
271,541,812
605,854,1459
929,855,1784
332,948,1280
984,920,1904
612,927,1539
94,1091,1185
845,1338,2183
254,1190,1444
445,1085,1530
666,842,1508
1960,654,2614
900,691,1591
816,909,1725
505,832,1337
820,922,1742
474,758,1232
1318,1090,2408
410,1430,1840
396,918,1314
670,1452,2122
689,697,1386
835,1011,1846
770,523,1293
1163,751,1914
447,951,1398
358,873,1231
801,690,1491
765,999,1764
585,681,1266
443,1336,1779
184,975,1159
306,1012,1318
298,693,991
920,1166,2086
792,1017,1809
659,731,1390
553,1528,2081
541,1053,1594
644,1242,1886
697,991,1688
218,1215,1433
991,1231,2222
974,928,1902
765,1546,2311
1374,1108,2482
603,1227,1830
667,869,1536
522,1218,1740
759,904,1663
368,598,966
756,394,1150
765,1143,1908
803,1074,1877
456,966,1422
839,694,1533
692,989,1681
871,1084,1955
568,611,1179
765,828,1593
805,737,1542
651,818,1469
152,1491,1643
1087,414,1501
190,647,837
1056,888,1944
590,324,914
879,957,1836
622,941,1563
1118,776,1894
328,1859,2187
918,1074,1992
650,1049,1699
474,462,936
728,1080,1808
945,1168,2113
414,394,808
905,366,1271
983,655,1638
1395,1056,2451
1265,446,1711
990,680,1670
233,1113,1346
893,983,1876
737,1181,1918
855,937,1792
680,365,1045
646,785,1431
524,798,1322
614,984,1598
946,924,1870
541,927,1468
666,885,1551
955,2144,3099
1434,1239,2673
46,373,419
523,959,1482
662,606,1268
932,1536,2468
803,556,1359
439,593,1032
741,797,1538
907,811,1718
1757,1082,2839
73,851,924
703,922,1625
243,830,1073
1058,440,1498
479,1581,2060
76,529,605
506,600,1106
939,924,1863
657,528,1185
905,1028,1933
790,599,1389
330,1120,1450
622,665,1287
41,732,773
1681,617,2298
113,1236,1349
582,898,1480
202,968,1170
1105,1068,2173
264,1226,1490
565,797,1362
239,1261,1500
277,502,779
955,633,1588
818,1481,2299
138,597,735
985,705,1690
480,539,1019
676,1121,1797
494,1122,1616
56,851,907
673,731,1404
330,957,1287
992,1100,2092
811,587,1398
539,983,1522
231,1138,1369
702,781,1483
840,685,1525
773,1025,1798
420,977,1397
887,609,1496
153,1612,1765
487,883,1370
500,1256,1756
618,704,1322
255,1245,1500
885,945,1830
825,544,1369
752,716,1468
600,508,1108
528,969,1497
551,1015,1566
513,1210,1723
488,1422,1910
1502,338,1840
683,947,1630
437,485,922
718,896,1614
1100,454,1554
351,1361,1712
744,463,1207
970,983,1953
793,1272,2065
257,684,941
891,864,1755
293,604,897
448,1367,1815
397,1004,1401
540,687,1227
142,520,662
1124,995,2119
522,843,1365
429,423,852
920,1212,2132
188,741,929
784,1164,1948
195,667,862
988,420,1408
623,366,989
752,713,1465
353,738,1091
447,636,1083
1287,809,2096
785,1001,1786
509,617,1126
955,944,1899
717,335,1052
838,1021,1859
878,1456,2334
239,626,865
676,635,1311
449,432,881
491,1253,1744
593,1444,2037
651,1783,2434
376,664,1040
455,887,1342
80,477,557
616,1426,2042
269,756,1025
1024,1618,2642
718,347,1065
472,323,795
1039,1033,2072
1096,425,1521
1026,1238,2264
448,504,952
744,356,1100
533,444,977
758,834,1592
1170,304,1474
339,681,1020
93,908,1001
481,980,1461
691,454,1145
990,641,1631
1602,662,2264
942,542,1484
941,519,1460
302,1346,1648
1417,931,2348
55,535,590
1288,433,1721
62,573,635
388,1454,1842
1079,810,1889
106,418,524
84,552,636
70,532,602
995,876,1871
76,423,499
100,799,899
41,545,586
100,480,580
196,619,815
58,377,435
369,428,797
111,509,620
1125,1158,2283
898,1174,2072
268,670,938
967,1176,2143
242,567,809
343,628,971
324,664,988
347,696,1043
125,1340,1465
149,610,759
704,531,1235
77,1291,1368
1483,1228,2711
27,538,565
416,637,1053
23,1543,1566
283,800,1083
234,889,1123
480,875,1355
58,1709,1767
394,962,1356
61,512,573
347,506,853
686,805,1491
347,807,1154
29,1476,1505
57,1386,1443
640,1023,1663
32,1790,1822
95,1884,1979
316,472,788
268,650,918
568,1339,1907
21,838,859
715,1147,1862
67,791,858
1057,1008,2065
52,1049,1101
945,1173,2118
342,737,1079
908,711,1619
283,1013,1296
650,1251,1901
522,848,1370
1645,426,2071
1323,1059,2382
113,816,929
1155,1052,2207
1507,917,2424
424,897,1321
558,929,1487
768,803,1571
836,757,1593
797,650,1447
1170,1024,2194
379,587,966
328,1110,1438
611,1128,1739
627,1103,1730
1103,533,1636
810,358,1168
725,1194,1919
726,644,1370
520,447,967
849,1085,1934
830,661,1491
544,456,1000
328,870,1198
426,1316,1742
693,506,1199
640,784,1424
599,467,1066
439,840,1279
886,1284,2170
121,951,1072
297,457,754
361,1776,2137
622,1523,2145
1047,657,1704
826,787,1613
346,669,1015
823,1152,1975
347,1218,1565
944,1194,2138
523,375,898
568,1013,1581
445,876,1321
925,640,1565
533,653,1186
725,938,1663
1174,875,2049
635,1736,2371
408,875,1283
1254,639,1893
372,969,1341
702,874,1576
1052,377,1429
564,1361,1925
96,606,702
216,875,1091
279,681,960
768,1086,1854
860,892,1752
719,1980,2699
358,1311,1669
565,571,1136
983,566,1549
99,964,1063
422,687,1109
450,716,1166
809,893,1702
274,1012,1286
671,645,1316
793,560,1353
995,510,1505
628,721,1349
1041,1223,2264
1653,1157,2810
494,845,1339
1065,1324,2389
1470,1288,2758
785,1075,1860
331,588,919
490,572,1062
1911,835,2746
659,682,1341
363,517,880
880,482,1362
254,1033,1287
766,1463,2229
460,641,1101
655,454,1109
551,806,1357
326,941,1267
403,614,1017
306,619,925
579,1156,1735
217,754,971
456,630,1086
785,1263,2048
432,772,1204
1039,620,1659
447,469,916
350,866,1216
340,632,972
1006,644,1650
539,814,1353
614,971,1585
1011,948,1959
716,649,1365
233,1359,1592
700,593,1293
411,849,1260
603,1264,1867
695,458,1153
819,525,1344
539,816,1355
492,649,1141
522,705,1227
448,265,713
528,678,1206
348,980,1328
483,773,1256
538,1135,1673
447,506,953
1065,644,1709
573,582,1155
1116,790,1906
815,803,1618
612,570,1182
204,1160,1364
485,549,1034
961,834,1795
201,362,563
1235,994,2229
575,719,1294
1154,507,1661
704,1059,1763
636,880,1516
396,1155,1551
48,699,747
1083,1432,2515
874,795,1669
318,584,902
550,813,1363
989,621,1610
359,673,1032
669,720,1389
220,487,707
369,859,1228
536,527,1063
228,944,1172
512,729,1241
834,1063,1897
493,739,1232
822,1314,2136
284,845,1129
713,1594,2307
501,402,903
962,717,1679
531,700,1231
689,652,1341
541,1454,1995
551,1017,1568
528,899,1427
103,1136,1239
566,1195,1761
456,583,1039
440,980,1420
211,1586,1797
691,1092,1783
870,609,1479
723,885,1608
652,623,1275
318,1142,1460
264,629,893
829,559,1388
547,1253,1800
500,1325,1825
408,709,1117
912,435,1347
697,866,1563
668,912,1580
703,1380,2083
1252,923,2175
1288,569,1857
1377,619,1996
811,479,1290
426,898,1324
1010,645,1655
304,644,948
301,774,1075
332,842,1174
1090,499,1589
1160,670,1830
839,623,1462
644,956,1600
490,623,1113
982,1324,2306
421,605,1026
749,477,1226
619,476,1095
1116,11848,12964
864,796,1660
1174,409,1583
512,12448,12960
450,910,1360
653,980,1633
218,555,773
797,547,1344
140,574,714
934,1768,2702
366,650,1016
1374,1246,2620
381,1777,2158
1212,11856,13068
279,898,1177
685,1054,1739
1415,11248,12663
493,1256,1749
488,504,992
553,754,1307
12118,586,12704
592,1187,1779
576,766,1342
318,560,878
465,617,1082
402,656,1058
887,532,1419
531,1679,2210
194,1045,1239
435,851,1286
342,351,693
532,752,1284
338,1163,1501
464,1746,2210
704,833,1537
540,847,1387
296,1144,1440
435,1823,2258
865,576,1441
222,697,919
413,325,738
365,652,1017
11595,598,12193
1198,1339,2537
542,679,1221
373,926,1299
457,1010,1467
1563,773,2336
959,530,1489
438,601,1039
318,688,1006
10748,1250,11998
1089,1766,2855
562,1626,2188
1627,1401,3028
1631,932,2563
737,1864,2601
1220,1554,2774
481,1832,2313
1159,1154,2313
535,944,1479
496,1314,1810
1094,796,1890
1282,634,1916
1310,191,1501
439,1117,1556
694,1263,1957
598,1386,1984
516,1217,1733
1047,1065,2112
1663,348,2011
670,1615,2285
579,1152,1731
844,377,1221
638,1399,2037
620,1251,1871
1367,404,1771
358,966,1324
812,1498,2310
1705,554,2259
559,1617,2176
48,1325,1373
716,622,1338
606,1807,2413
42,1381,1423
843,653,1496
77,614,691
659,1907,2566
892,714,1606
1052,1277,2329
1074,632,1706
848,571,1419
881,1557,2438
917,471,1388
1246,479,1725
292,410,702
323,1661,1984
452,357,809
1185,666,1851
573,806,1379
1068,776,1844
87,968,1055
147,1108,1255
71,1483,1554
1221,787,2008
938,1466,2404
1238,793,2031
523,382,905
410,2755,3165
434,533,967
862,954,1816
78,534,612
952,1193,2145
1379,791,2170
588,741,1329
1458,868,2326
1185,792,1977
381,1074,1455
121,524,645
570,800,1370
503,764,1267
180,658,838
40,778,818
338,670,1008
480,2888,3368
1206,1107,2313
171,841,1012
703,819,1522
923,2570,3493
621,1085,1706
466,436,902
489,548,1037
916,858,1774
1293,1322,2615
494,850,1344
623,438,1061
1056,893,1949
386,784,1170
1559,987,2546
317,577,894
638,785,1423
1597,545,2142
1333,1572,2905
701,709,1410
920,673,1593
723,438,1161
502,659,1161
1152,2328,3480
478,844,1322
253,1305,1558
726,767,1493
503,1187,1690
704,581,1285
743,566,1309
755,1199,1954
605,563,1168
2340,1242,3582
353,818,1171
396,1407,1803
1017,838,1855
468,973,1441
730,761,1491
1405,584,1989
531,754,1285
615,609,1224
454,843,1297
2450,1129,3579
679,653,1332
385,1435,1820
2257,1248,3505
1020,735,1755
707,642,1349
1128,764,1892
723,943,1666
1005,659,1664
796,525,1321
1189,951,2140
602,1202,1804
687,1427,2114
1236,892,2128
582,910,1492
350,763,1113
405,670,1075
1119,246,1365
861,463,1324
285,1833,2118
375,968,1343
855,685,1540
621,800,1421
320,1603,1923
632,684,1316
624,459,1083
1318,719,2037
542,1650,2192
294,1398,1692
451,490,941
562,1283,1845
1148,822,1970
484,617,1101
319,983,1302
987,472,1459
1406,644,2050
449,730,1179
816,1382,2198
639,773,1412
45,563,608
665,765,1430
685,656,1341
529,732,1261
109,663,772
785,947,1732
396,568,964
507,1743,2250
822,1086,1908
1354,506,1860
459,390,849
407,901,1308
266,554,820
496,658,1154
380,1388,1768
1003,1466,2469
124,724,848
94,628,722
665,1638,2303
701,945,1646
604,919,1523
832,1242,2074
304,1131,1435
513,389,902
1311,828,2139
1160,963,2123
142,614,756
440,601,1041
1198,360,1558
1550,844,2394
56,625,681
691,798,1489
247,956,1203
131,604,735
1282,839,2121
408,1060,1468
745,364,1109
1023,655,1678
376,679,1055
639,654,1293
509,1160,1669
453,356,809
1169,1405,2574
344,1163,1507
516,472,988
510,511,1021
729,833,1562
823,635,1458
237,1000,1237
258,1231,1489
816,474,1290
1010,1508,2518
330,1403,1733
754,719,1473
794,1071,1865
419,522,941
565,854,1419
350,1507,1857
347,450,797
331,954,1285
553,1259,1812
550,1231,1781
304,752,1056
1219,802,2021
979,373,1352
532,788,1320
218,912,1130
771,1156,1927
974,710,1684
250,1150,1400
314,704,1018
1415,680,2095
200,1049,1249
325,806,1131
375,1046,1421
568,902,1470
917,985,1902
1252,597,1849
602,1038,1640
421,977,1398
973,634,1607
709,865,1574
417,486,903
766,635,1401
1349,672,2021
447,665,1112
681,905,1586
27,1131,1158
1025,829,1854
996,604,1600
834,931,1765
954,721,1675
639,661,1300
744,717,1461
111,1112,1223
452,585,1037
459,1141,1600
885,481,1366
665,497,1162
486,918,1404
670,1256,1926
825,567,1392
325,708,1033
865,872,1737
481,871,1352
707,1278,1985
424,787,1211
569,596,1165
422,410,832
462,911,1373
549,542,1091
683,818,1501
1036,777,1813
999,563,1562
98,735,833
858,921,1779
738,711,1449
203,627,830
691,772,1463
674,1258,1932
374,691,1065
872,793,1665
359,537,896
484,1253,1737
745,819,1564
559,563,1122
601,457,1058
567,1396,1963
547,1243,1790
773,875,1648
924,773,1697
512,573,1085
427,824,1251
18,599,617
733,1030,1763
1102,1047,2149
569,1083,1652
473,848,1321
786,609,1395
251,1400,1651
58,703,761
246,730,976
174,532,706
1184,630,1814
257,723,980
328,711,1039
1146,616,1762
555,747,1302
498,570,1068
1154,1068,2222
217,866,1083
547,861,1408
620,1369,1989
1146,664,1810
361,476,837
626,635,1261
726,708,1434
572,474,1046
624,578,1202
765,694,1459
517,870,1387
622,622,1244
209,1006,1215
560,552,1112
223,625,848
612,478,1090
399,873,1272
1089,987,2076
538,1131,1669
423,1247,1670
1206,485,1691
179,700,879
330,617,947
473,774,1247
643,992,1635
223,997,1220
663,1367,2030
785,1180,1965
564,1430,1994
301,1922,2223
474,1426,1900
272,669,941
672,621,1293
292,710,1002
451,823,1274
456,936,1392
868,1094,1962
961,930,1891
839,742,1581
431,648,1079
415,1017,1432
519,686,1205
1045,653,1698
517,328,845
216,1353,1569
1059,570,1629
800,825,1625
472,822,1294
886,1681,2567
341,1046,1387
854,539,1393
1391,361,1752
1111,916,2027
718,1594,2312
800,628,1428
891,1860,2751
417,1751,2168
555,1098,1653
512,553,1065
1896,814,2710
953,1254,2207
791,697,1488
695,801,1496
737,366,1103
787,424,1211
912,757,1669
1436,771,2207
564,867,1431
937,821,1758
1430,585,2015
640,728,1368
943,654,1597
28,539,567
657,640,1297
1728,665,2393
33,758,791
83,645,728
391,485,876
1522,518,2040
478,930,1408
423,430,853
466,1212,1678
488,351,839
556,1038,1594
135,642,777
377,498,875
1078,636,1714
467,1186,1653
560,438,998
538,810,1348
769,1098,1867
709,1236,1945
368,577,945
393,1426,1819
591,933,1524
449,815,1264
504,459,963
430,777,1207
953,608,1561
507,497,1004
116,11524,11640
599,713,1312
35,1450,1485
941,499,1440
525,2052,2577
295,11766,12061
888,1690,2578
373,1289,1662
668,1112,1780
750,587,1337
402,1119,1521
538,1344,1882
635,1872,2507
334,773,1107
635,1206,1841
737,1384,2121
846,1170,2016
322,888,1210
881,11250,12131
853,1462,2315
1305,949,2254
277,1531,1808
11402,1081,12483
797,881,1678
207,1533,1740
510,1358,1868
389,769,1158
1166,1185,2351
1572,546,2118
11361,617,11978
454,1383,1837
373,1549,1922
1077,442,1519
421,1042,1463
485,707,1192
567,1300,1867
998,622,1620
1057,524,1581
453,1640,2093
473,1197,1670
969,612,1581
249,2162,2411
1097,681,1778
1160,387,1547
721,599,1320
1375,636,2011
888,449,1337
797,536,1333
817,974,1791
437,902,1339
456,2638,3094
11089,707,11796
459,1716,2175
1116,738,1854
636,1018,1654
1560,180,1740
1180,560,1740
1232,665,1897
893,648,1541
72,380,452
1234,2170,3404
41,587,628
47,609,656
992,1102,2094
33,604,637
84,602,686
408,2025,2433
285,406,691
770,501,1271
88,390,478
939,1882,2821
1089,1176,2265
78,945,1023
698,502,1200
1492,1370,2862
383,353,736
2062,1426,3488
848,1224,2072
117,639,756
1579,1274,2853
2511,1279,3790
178,781,959
49,1136,1185
309,387,696
292,903,1195
38,1228,1266
431,871,1302
490,1317,1807
248,732,980
711,520,1231
764,1619,2383
378,827,1205
1050,1126,2176
243,674,917
1938,824,2762
722,1837,2559
285,553,838
1722,909,2631
341,792,1133
526,1163,1689
2835,390,3225
1164,833,1997
922,443,1365
446,530,976
583,666,1249
496,556,1052
144,1110,1254
430,1150,1580
697,1119,1816
85,583,668
443,488,931
818,1085,1903
1314,719,2033
706,491,1197
584,340,924
263,718,981
454,729,1183
107,1317,1424
955,896,1851
435,735,1170
1031,935,1966
566,1105,1671
264,531,795
33,1368,1401
690,527,1217
1019,709,1728
532,329,861
169,697,866
708,1057,1765
141,858,999
136,1784,1920
605,338,943
93,1683,1776
962,674,1636
440,785,1225
1248,549,1797
218,742,960
301,1145,1446
279,653,932
258,1702,1960
549,647,1196
231,1155,1386
105,1112,1217
810,599,1409
482,2197,2679
397,512,909
766,745,1511
697,396,1093
515,478,993
771,523,1294
1043,1412,2455
501,958,1459
304,1127,1431
417,1278,1695
1498,1584,3082
151,713,864
589,410,999
584,1113,1697
1510,1720,3230
803,715,1518
589,1160,1749
608,599,1207
495,837,1332
1267,926,2193
232,849,1081
498,481,979
441,1151,1592
2018,858,2876
1048,521,1569
600,1380,1980
359,1974,2333
501,814,1315
1041,480,1521
1157,691,1848
763,1995,2758
556,470,1026
1023,672,1695
436,918,1354
1411,1185,2596
170,692,862
1072,648,1720
1636,1351,2987
324,1021,1345
233,1142,1375
1208,1610,2818
205,474,679
1268,508,1776
749,872,1621
1893,907,2800
924,1285,2209
1013,806,1819
490,1048,1538
528,1135,1663
1147,673,1820
760,763,1523
278,928,1206
518,567,1085
737,1225,1962
840,472,1312
786,1444,2230
373,578,951
1046,1045,2091
378,335,713
319,1220,1539
657,690,1347
1435,1241,2676
621,907,1528
570,1197,1767
429,1416,1845
616,1430,2046
797,874,1671
1180,680,1860
395,357,752
429,1311,1740
39,853,892
247,913,1160
926,612,1538
1880,627,2507
1193,881,2074
363,1227,1590
950,481,1431
1351,883,2234
264,592,856
1085,898,1983
866,1073,1939
222,786,1008
809,1093,1902
654,826,1480
878,1298,2176
273,1044,1317
1346,708,2054
485,786,1271
279,835,1114
1496,1382,2878
167,796,963
773,1845,2618
1274,329,1603
491,1104,1595
472,692,1164
721,657,1378
795,545,1340
647,955,1602
536,1088,1624
667,1468,2135
1058,828,1886
934,1541,2475
896,919,1815
426,1654,2080
563,483,1046
1173,689,1862
644,980,1624
645,687,1332
954,702,1656
194,1224,1418
908,1535,2443
684,632,1316
402,998,1400
1193,941,2134
578,645,1223
531,1010,1541
956,766,1722
630,524,1154
411,627,1038
1492,867,2359
745,1140,1885
677,536,1213
1321,727,2048
721,619,1340
769,917,1686
970,417,1387
460,419,879
1496,772,2268
466,975,1441
694,1476,2170
1002,791,1793
1204,817,2021
840,1219,2059
613,1239,1852
441,633,1074
597,798,1395
611,441,1052
510,980,1490
340,1739,2079
621,655,1276
930,489,1419
937,764,1701
1417,631,2048
91,1876,1967
554,893,1447
395,824,1219
850,1065,1915
600,1434,2034
301,963,1264
448,577,1025
683,777,1460
679,1472,2151
715,1016,1731
323,868,1191
488,569,1057
55,606,661
395,1780,2175
767,958,1725
342,889,1231
889,499,1388
387,314,701
539,619,1158
849,1024,1873
601,883,1484
1663,438,2101
769,380,1149
1167,847,2014
693,841,1534
1359,1006,2365
355,458,813
460,312,772
776,657,1433
541,714,1255
579,952,1531
1305,650,1955
1798,488,2286
908,614,1522
1117,787,1904
523,379,902
252,699,951
294,692,986
973,516,1489
1628,355,1983
642,348,990
687,444,1131
539,844,1383
966,543,1509
974,476,1450
950,529,1479
958,622,1580
27,259,286
931,766,1697
108,657,765
36,619,655
1010,723,1733
102,587,689
62,658,720
1048,679,1727
97,963,1060
29,887,916
401,379,780
129,1006,1135
27,890,917
133,851,984
137,672,809
290,639,929
176,403,579
31,944,975
49,1149,1198
338,575,913
1792,724,2516
400,377,777
206,956,1162
925,1155,2080
179,1411,1590
435,838,1273
64,1133,1197
61,1415,1476
235,794,1029
20,1010,1030
1032,1618,2650
448,708,1156
146,1738,1884
615,353,968
2763,196,2959
316,1094,1410
28,1730,1758
623,716,1339
158,228,386
526,1111,1637
183,836,1019
905,410,1315
209,234,443
169,979,1148
214,247,461
687,916,1603
419,805,1224
156,267,423
454,1025,1479
776,890,1666
339,154,493
724,805,1529
371,674,1045
269,1249,1518
480,871,1351
281,1582,1863
730,1473,2203
1050,961,2011
811,691,1502
419,1413,1832
774,1527,2301
653,982,1635
671,890,1561
411,492,903
282,992,1274
1234,492,1726
77,183,260
854,996,1850
1156,1473,2629
236,1469,1705
213,1917,2130
671,1033,1704
378,1421,1799
1101,522,1623
1038,988,2026
360,1839,2199
1425,911,2336
1463,1476,2939
703,1302,2005
1225,793,2018
715,1450,2165
850,884,1734
563,1161,1724
520,1253,1773
542,1483,2025
670,1455,2125
131,939,1070
604,1138,1742
1253,777,2030
366,1455,1821
166,1336,1502
739,1289,2028
643,526,1169
1002,673,1675
1666,608,2274
1200,707,1907
376,506,882
1334,339,1673
192,1373,1565
901,1225,2126
1462,474,1936
519,446,965
1409,280,1689
858,779,1637
1494,1578,3072
1051,842,1893
187,312,499
564,1047,1611
207,281,488
1226,375,1601
375,2147,2522
1108,1155,2263
1163,800,1963
1229,366,1595
1664,767,2431
1440,932,2372
1415,1091,2506
182,1207,1389
279,256,535
1043,781,1824
712,1452,2164
1323,748,2071
760,1846,2606
1078,815,1893
1011,1383,2394
1028,809,1837
1236,856,2092
1298,1060,2358
648,974,1622
1862,695,2557
729,475,1204
656,526,1182
1662,458,2120
728,440,1168
925,593,1518
953,514,1467
23,516,539
622,771,1393
898,521,1419
1071,378,1449
751,649,1400
57,724,781
1135,944,2079
62,417,479
156,710,866
720,863,1583
1147,1345,2492
40,619,659
598,980,1578
55,737,792
137,833,970
174,662,836
746,1138,1884
828,1043,1871
31,1235,1266
388,687,1075
75,526,601
225,717,942
545,718,1263
69,711,780
377,941,1318
2473,473,2946
121,488,609
525,848,1373
262,1644,1906
371,564,935
29,1290,1319
497,672,1169
888,398,1286
300,920,1220
540,750,1290
1006,549,1555
228,804,1032
789,691,1480
577,1788,2365
617,523,1140
229,1335,1564
617,811,1428
102,691,793
573,946,1519
556,851,1407
140,1136,1276
268,1062,1330
826,900,1726
742,1871,2613
257,544,801
613,992,1605
1145,1152,2297
376,572,948
626,1128,1754
695,754,1449
321,983,1304
479,1086,1565
609,759,1368
284,1470,1754
382,794,1176
1492,765,2257
1246,1101,2347
807,975,1782
298,916,1214
545,950,1495
653,970,1623
419,996,1415
365,938,1303
659,737,1396
391,1797,2188
601,1043,1644
446,565,1011
506,954,1460
472,1781,2253
887,784,1671
270,1084,1354
849,705,1554
230,1079,1309
766,797,1563
630,848,1478
676,937,1613
464,1473,1937
409,1377,1786
472,685,1157
653,1319,1972
326,497,823
831,605,1436
1011,1013,2024
742,851,1593
764,834,1598
1278,1567,2845
1524,543,2067
492,829,1321
1731,785,2516
856,916,1772
189,1337,1526
640,676,1316
837,910,1747
824,1484,2308
755,878,1633
890,1092,1982
744,1448,2192
498,385,883
912,1420,2332
1363,606,1969
733,848,1581
676,890,1566
623,1070,1693
464,1161,1625
946,1226,2172
1561,787,2348
703,1190,1893
603,811,1414
619,1687,2306
730,985,1715
451,1075,1526
498,1024,1522
648,966,1614
611,1152,1763
1288,748,2036
766,927,1693
232,989,1221
504,1707,2211
1097,523,1620
1052,736,1788
354,996,1350
1079,528,1607
567,963,1530
609,976,1585
853,496,1349
903,679,1582
1106,941,2047
890,752,1642
1340,1174,2514
1413,901,2314
795,546,1341
170,1626,1796
257,1146,1403
409,495,904
103,515,618
496,1109,1605
398,496,894
1599,688,2287
733,314,1047
772,879,1651
962,918,1880
1133,797,1930
363,489,852
506,1329,1835
119,461,580
1011,1224,2235
567,638,1205
992,756,1748
674,328,1002
1449,635,2084
837,687,1524
666,1461,2127
464,604,1068
1335,908,2243
127,688,815
377,610,987
1249,1934,3183
1021,624,1645
358,701,1059
870,1258,2128
162,888,1050
1089,1389,2478
343,757,1100
552,519,1071
986,725,1711
608,1880,2488
342,966,1308
788,1935,2723
732,529,1261
596,752,1348
823,1751,2574
114,710,824
559,1413,1972
983,1085,2068
1794,602,2396
1387,811,2198
336,955,1291
251,721,972
491,518,1009
838,1889,2727
227,962,1189
745,563,1308
836,1699,2535
409,824,1233
641,574,1215
1066,842,1908
455,1244,1699
363,514,877
1265,897,2162
496,1311,1807
1827,654,2481
656,706,1362
641,1642,2283
559,561,1120
333,1378,1711
875,918,1793
250,339,589
262,2908,3170
421,560,981
1068,762,1830
1560,769,2329
546,3163,3709
1498,353,1851
327,988,1315
867,600,1467
305,1415,1720
330,530,860
476,750,1226
807,1179,1986
142,837,979
1694,2082,3776
745,692,1437
1209,1515,2724
399,979,1378
656,771,1427
508,1487,1995
1355,1619,2974
429,982,1411
708,332,1040
356,764,1120
643,1678,2321
600,761,1361
653,749,1402
412,687,1099
990,1404,2394
913,704,1617
1400,1637,3037
876,1206,2082
364,771,1135
863,712,1575
344,1710,2054
162,1120,1282
647,947,1594
1005,777,1782
629,483,1112
2595,983,3578
547,790,1337
1171,1393,2564
751,1934,2685
644,526,1170
179,758,937
1543,747,2290
736,1993,2729
3070,1118,4188
229,1147,1376
1401,737,2138
612,419,1031
1038,1195,2233
906,729,1635
1230,623,1853
643,669,1312
1431,1237,2668
1477,653,2130
1755,1243,2998
1614,919,2533
664,1121,1785
507,964,1471
410,1056,1466
521,451,972
1001,707,1708
436,1119,1555
315,693,1008
593,600,1193
881,1336,2217
1810,780,2590
538,769,1307
658,1515,2173
1284,973,2257
625,755,1380
1055,1312,2367
843,380,1223
1031,1366,2397
218,848,1066
934,634,1568
1852,815,2667
657,1292,1949
963,1185,2148
446,579,1025
598,1278,1876
581,849,1430
796,1570,2366
956,851,1807
713,1046,1759
147,1062,1209
1231,606,1837
1115,1371,2486
477,762,1239
200,1023,1223
520,704,1224
1033,1121,2154
754,552,1306
619,1603,2222
1183,656,1839
656,866,1522
868,316,1184
989,1205,2194
281,1022,1303
852,1323,2175
829,765,1594
646,1643,2289
407,995,1402
1261,255,1516
883,984,1867
590,350,940
911,1532,2443
566,1031,1597
1025,463,1488
1049,983,2032
1259,1173,2432
275,741,1016
1141,941,2082
840,1316,2156
551,668,1219
266,623,889
834,1196,2030
840,1145,1985
1034,1295,2329
1371,766,2137
743,522,1265
923,1066,1989
185,768,953
1173,1110,2283
694,525,1219
989,320,1309
427,786,1213
862,912,1774
878,433,1311
1035,335,1370
155,671,826
828,710,1538
453,420,873
607,1127,1734
548,374,922
407,493,900
348,301,649
637,337,974
346,286,632
655,426,1081
241,390,631
250,2645,2895
553,2565,3118
954,1258,2212
563,2286,2849
1112,2146,3258
742,2153,2895
27,1505,1532
1507,1756,3263
574,2351,2925
1178,1744,2922
899,1946,2845
906,1762,2668
582,1759,2341
57,1527,1584
992,1752,2744
1959,323,2282
241,785,1026
417,1987,2404
1757,1152,2909
1448,896,2344
250,1473,1723
173,833,1006
487,1956,2443
2045,487,2532
1567,336,1903
1386,424,1810
1534,311,1845
324,745,1069
1209,1888,3097
913,1431,2344
2111,446,2557
1618,300,1918
1212,383,1595
1707,1379,3086
700,342,1042
1709,268,1977
850,863,1713
900,877,1777
1486,891,2377
1747,618,2365
103,1220,1323
1621,902,2523
1408,595,2003
909,1383,2292
1161,533,1694
1299,699,1998
800,660,1460
87,612,699
107,617,724
30,409,439
847,694,1541
1461,726,2187
130,635,765
118,1521,1639
78,854,932
81,1156,1237
59,640,699
1044,796,1840
65,415,480
141,1760,1901
68,770,838
223,532,755
107,959,1066
957,953,1910
27,860,887
2308,499,2807
399,873,1272
99,1096,1195
450,708,1158
88,567,655
83,1319,1402
296,635,931
55,1134,1189
241,784,1025
516,886,1402
819,1153,1972
487,767,1254
437,448,885
601,591,1192
769,696,1465
42,781,823
501,927,1428
317,762,1079
836,603,1439
289,1352,1641
448,897,1345
83,1054,1137
1166,501,1667
867,970,1837
240,1428,1668
643,546,1189
690,956,1646
512,793,1305
859,549,1408
792,788,1580
920,930,1850
901,960,1861
303,1562,1865
274,665,939
264,671,935
528,1531,2059
312,687,999
457,571,1028
429,727,1156
528,715,1243
361,855,1216
1038,584,1622
347,524,871
95,1561,1656
581,685,1266
294,972,1266
92,1668,1760
289,541,830
241,740,981
364,1979,2343
1114,657,1771
811,608,1419
110,931,1041
932,1461,2393
826,819,1645
704,350,1054
30,817,847
1507,962,2469
384,703,1087
1251,811,2062
298,1415,1713
1486,344,1830
429,1257,1686
407,785,1192
609,1602,2211
85,1549,1634
528,727,1255
585,327,912
298,482,780
1046,796,1842
1300,309,1609
357,787,1144
662,1270,1932
601,598,1199
448,1175,1623
311,1603,1914
539,998,1537
299,490,789
537,545,1082
708,1471,2179
632,1148,1780
123,1255,1378
825,1349,2174
616,843,1459
687,1182,1869
1202,824,2026
33,510,543
561,754,1315
743,1214,1957
1477,736,2213
354,880,1234
900,816,1716
184,1142,1326
1467,761,2228
239,706,945
451,1035,1486
1303,545,1848
435,974,1409
1013,944,1957
331,1210,1541
570,522,1092
824,1118,1942
629,1179,1808
668,325,993
506,1342,1848
236,475,711
261,383,644
56,1511,1567
1248,1330,2578
467,505,972
314,384,698
1052,368,1420
1141,876,2017
954,838,1792
1109,814,1923
665,1466,2131
285,982,1267
933,1099,2032
679,674,1353
272,349,621
1191,1584,2775
586,778,1364
621,920,1541
1089,912,2001
963,1312,2275
660,780,1440
390,1126,1516
910,1076,1986
582,1578,2160
629,1170,1799
417,1200,1617
300,466,766
1172,1242,2414
836,1365,2201
169,655,824
447,805,1252
1037,1067,2104
1039,1365,2404
863,704,1567
304,781,1085
684,810,1494
1512,1111,2623
1210,772,1982
215,698,913
794,1042,1836
1108,978,2086
1018,709,1727
587,881,1468
648,802,1450
1324,671,1995
948,677,1625
570,655,1225
771,912,1683
1072,747,1819
1475,717,2192
1239,442,1681
873,1151,2024
1208,1422,2630
962,554,1516
758,1326,2084
923,1199,2122
370,503,873
1124,752,1876
691,882,1573
699,1431,2130
1008,749,1757
882,405,1287
475,625,1100
639,1037,1676
923,878,1801
390,662,1052
434,869,1303
433,644,1077
458,1303,1761
489,546,1035
1195,1252,2447
170,879,1049
1126,849,1975
588,699,1287
50,645,695
404,999,1403
1045,521,1566
183,1138,1321
848,1132,1980
1095,484,1579
227,1349,1576
349,797,1146
97,743,840
433,407,840
515,1561,2076
196,940,1136
447,739,1186
435,1241,1676
738,281,1019
223,959,1182
624,765,1389
492,1336,1828
432,498,930
1378,1026,2404
891,777,1668
342,759,1101
637,593,1230
802,917,1719
494,602,1096
967,947,1914
436,411,847
977,1174,2151
554,941,1495
33,580,613
596,877,1473
773,506,1279
850,680,1530
424,1249,1673
538,1092,1630
884,550,1434
905,1264,2169
737,933,1670
681,623,1304
543,901,1444
1399,924,2323
1187,499,1686
259,813,1072
900,832,1732
1247,970,2217
494,977,1471
547,1044,1591
402,520,922
681,1153,1834
274,551,825
786,867,1653
212,474,686
1027,761,1788
586,764,1350
1006,1160,2166
708,645,1353
1179,656,1835
376,790,1166
370,665,1035
806,661,1467
608,824,1432
269,836,1105
423,660,1083
835,727,1562
256,1021,1277
243,474,717
582,1093,1675
572,1122,1694
492,670,1162
273,1069,1342
547,634,1181
600,779,1379
467,1162,1629
530,902,1432
570,1297,1867
449,293,742
311,841,1152
494,558,1052
905,1051,1956
386,619,1005
219,1315,1534
652,404,1056
821,940,1761
1118,383,1501
434,1356,1790
728,586,1314
343,561,904
158,1081,1239
835,1512,2347
780,603,1383
851,601,1452
808,604,1412
142,643,785
271,698,969
717,930,1647
1067,1293,2360
581,671,1252
1256,1056,2312
924,608,1532
390,454,844
239,691,930
733,652,1385
744,1576,2320
280,910,1190
678,1077,1755
1251,568,1819
413,564,977
1074,777,1851
1144,742,1886
371,1215,1586
555,1290,1845
521,745,1266
551,1218,1769
460,753,1213
972,1089,2061
382,1274,1656
284,1852,2136
852,494,1346
487,858,1345
638,1797,2435
597,751,1348
324,813,1137
758,1365,2123
772,1624,2396
1008,711,1719
381,2259,2640
377,773,1150
551,1103,1654
834,810,1644
413,1894,2307
1189,1383,2572
537,1039,1576
704,753,1457
1541,794,2335
350,633,983
1531,644,2175
739,1102,1841
1004,671,1675
1477,1477,2954
46,1125,1171
193,3030,3223
566,405,971
444,1261,1705
508,1664,2172
599,445,1044
662,5842,6504
987,1641,2628
233,1008,1241
1125,767,1892
396,481,877
1157,1291,2448
518,876,1394
592,551,1143
905,5598,6503
648,1549,2197
656,1475,2131
1750,1522,3272
1124,1384,2508
682,1846,2528
195,464,659
1357,1153,2510
860,1485,2345
911,5760,6671
376,753,1129
651,1598,2249
840,2344,3184
106,924,1030
186,1580,1766
174,632,806
965,458,1423
520,1497,2017
1346,562,1908
228,797,1025
637,908,1545
1089,755,1844
390,1598,1988
468,626,1094
961,673,1634
1293,941,2234
807,6022,6829
242,506,748
2136,1512,3648
1256,751,2007
339,698,1037
504,325,829
1813,2064,3877
1440,649,2089
547,387,934
5430,1008,6438
1360,698,2058
430,377,807
5639,1083,6722
611,519,1130
527,965,1492
5826,926,6752
230,524,754
2184,1956,4140
1358,1627,2985
809,543,1352
184,386,570
1254,352,1606
465,463,928
872,310,1182
68,705,773
452,836,1288
1717,857,2574
2057,1812,3869
117,768,885
869,898,1767
604,450,1054
828,321,1149
211,787,998
500,991,1491
411,1289,1700
311,472,783
1202,689,1891
1700,1242,2942
1208,1744,2952
1157,1402,2559
377,608,985
455,376,831
398,1087,1485
284,808,1092
836,969,1805
215,547,762
1427,1750,3177
819,918,1737
1130,1809,2939
1414,1718,3132
334,434,768
545,506,1051
506,1805,2311
187,714,901
703,863,1566
590,793,1383
1758,962,2720
1159,555,1714
1411,1504,2915
384,643,1027
122,1306,1428
307,1699,2006
1445,1179,2624
1542,581,2123
895,951,1846
153,717,870
1456,1087,2543
660,811,1471
486,650,1136
1042,1249,2291
151,1535,1686
684,1781,2465
1778,740,2518
812,1019,1831
1290,1414,2704
330,802,1132
1618,610,2228
1616,1082,2698
471,1045,1516
424,1511,1935
1047,982,2029
1312,789,2101
608,977,1585
810,792,1602
902,735,1637
649,732,1381
335,1160,1495
1582,448,2030
865,535,1400
646,899,1545
736,1180,1916
208,866,1074
431,937,1368
577,1110,1687
558,750,1308
1147,894,2041
1098,521,1619
1121,682,1803
602,700,1302
808,709,1517
221,935,1156
1674,853,2527
670,1646,2316
823,668,1491
976,370,1346
1414,1061,2475
490,708,1198
648,878,1526
809,499,1308
280,670,950
488,1056,1544
130,1432,1562
400,1796,2196
661,642,1303
1301,991,2292
636,999,1635
841,899,1740
457,1001,1458
631,934,1565
978,1006,1984
637,1012,1649
375,1386,1761
781,1507,2288
602,625,1227
950,798,1748
587,517,1104
764,981,1745
1315,806,2121
604,809,1413
727,793,1520
699,1258,1957
753,774,1527
625,932,1557
415,621,1036
792,962,1754
836,800,1636
956,802,1758
496,941,1437
1633,535,2168
898,299,1197
1324,777,2101
1444,781,2225
275,790,1065
278,608,886
970,1028,1998
819,708,1527
403,1153,1556
651,604,1255
831,782,1613
1257,856,2113
931,424,1355
528,834,1362
836,892,1728
210,631,841
487,1393,1880
878,1031,1909
801,1214,2015
712,754,1466
1089,596,1685
1422,675,2097
681,1052,1733
343,470,813
245,804,1049
1089,892,1981
758,952,1710
307,697,1004
727,817,1544
31,1008,1039
415,649,1064
291,977,1268
478,633,1111
335,615,950
390,1062,1452
802,545,1347
803,1130,1933
57,854,911
543,1562,2105
340,902,1242
684,334,1018
567,1941,2508
411,936,1347
456,645,1101
809,1405,2214
793,519,1312
706,698,1404
122,779,901
214,1312,1526
310,880,1190
479,475,954
307,532,839
242,1056,1298
541,1185,1726
282,694,976
245,702,947
1279,1099,2378
617,1114,1731
529,559,1088
414,622,1036
240,1009,1249
454,1198,1652
461,1166,1627
460,1273,1733
680,325,1005
786,1169,1955
979,912,1891
649,466,1115
762,803,1565
594,1365,1959
723,1271,1994
135,871,1006
1232,824,2056
430,905,1335
430,737,1167
357,983,1340
260,1128,1388
1020,602,1622
932,329,1261
504,851,1355
499,967,1466
1009,510,1519
1213,887,2100
89,345,434
877,1069,1946
527,825,1352
788,1361,2149
903,887,1790
1369,1279,2648
1108,960,2068
899,1258,2157
996,1016,2012
304,495,799
119,355,474
531,1747,2278
543,314,857
265,769,1034
754,638,1392
590,607,1197
384,608,992
538,701,1239
731,1123,1854
209,596,805
1007,1061,2068
545,1371,1916
254,835,1089
614,740,1354
770,448,1218
279,627,906
819,1364,2183
317,1076,1393
455,536,991
693,409,1102
67,1388,1455
706,857,1563
627,871,1498
61,593,654
305,422,727
653,784,1437
514,941,1455
45,672,717
1295,1476,2771
1212,1243,2455
304,1300,1604
1129,1515,2644
189,590,779
1635,1001,2636
307,516,823
255,628,883
734,1072,1806
858,1006,1864
1209,1509,2718
953,619,1572
1191,709,1900
928,897,1825
244,838,1082
286,628,914
688,803,1491
420,888,1308
161,766,927
566,741,1307
918,1671,2589
475,761,1236
1275,908,2183
312,1154,1466
422,721,1143
532,632,1164
960,376,1336
645,964,1609
513,290,803
849,1690,2539
521,1218,1739
287,497,784
22,966,988
870,1879,2749
520,1011,1531
50,807,857
1271,881,2152
296,792,1088
551,1339,1890
281,844,1125
869,1439,2308
1442,1335,2777
654,998,1652
869,687,1556
1132,1741,2873
1339,673,2012
218,1007,1225
1031,1269,2300
534,464,998
494,704,1198
1625,495,2120
739,404,1143
513,475,988
721,775,1496
949,1142,2091
920,1091,2011
488,1135,1623
1185,628,1813
1204,1244,2448
685,1043,1728
572,455,1027
1335,507,1842
907,684,1591
294,459,753
1123,504,1627
564,1416,1980
907,620,1527
442,1364,1806
506,418,924
821,406,1227
415,1191,1606
299,469,768
693,1386,2079
526,418,944
761,1485,2246
285,485,770
356,464,820
802,1423,2225
812,1282,2094
797,677,1474
112,2069,2181
1150,2001,3151
632,221,853
549,1228,1777
525,1594,2119
1263,555,1818
649,1514,2163
1437,498,1935
1109,1687,2796
124,309,433
267,1580,1847
568,1810,2378
938,1824,2762
162,546,708
603,1606,2209
1233,1375,2608
1116,530,1646
202,758,960
755,1497,2252
1531,527,2058
1056,1719,2775
636,889,1525
151,583,734
1258,462,1720
620,665,1285
1258,1540,2798
687,478,1165
1645,347,1992
1349,811,2160
316,533,849
1311,568,1879
675,719,1394
1134,896,2030
1706,767,2473
195,483,678
29,575,604
664,695,1359
1553,669,2222
1186,367,1553
188,459,647
28,500,528
245,537,782
1439,875,2314
1598,473,2071
279,638,917
1422,451,1873
1460,1174,2634
270,384,654
1363,693,2056
71,587,658
238,985,1223
833,382,1215
163,695,858
708,466,1174
579,396,975
376,751,1127
506,736,1242
110,493,603
437,795,1232
131,428,559
79,506,585
929,378,1307
245,368,613
652,731,1383
276,702,978
795,825,1620
641,767,1408
428,937,1365
60,692,752
246,579,825
293,680,973
118,872,990
354,639,993
54,707,761
92,1044,1136
706,309,1015
197,692,889
401,511,912
543,4336,4879
999,617,1616
35,707,742
392,632,1024
472,3280,3752
106,684,790
235,863,1098
196,863,1059
416,3313,3729
280,544,824
317,1070,1387
255,513,768
427,982,1409
485,733,1218
105,4354,4459
565,903,1468
441,1108,1549
698,883,1581
516,583,1099
522,409,931
29,1112,1141
497,843,1340
498,1101,1599
278,537,815
110,1096,1206
293,1012,1305
383,486,869
816,328,1144
290,323,613
570,768,1338
200,490,690
579,447,1026
52,1068,1120
903,361,1264
796,616,1412
107,925,1032
304,1038,1342
903,749,1652
394,320,714
87,2194,2281
299,434,733
438,378,816
118,1061,1179
495,1797,2292
830,372,1202
174,1244,1418
708,885,1593
186,1049,1235
605,497,1102
183,611,794
422,394,816
993,808,1801
619,839,1458
398,537,935
450,3231,3681
977,471,1448
372,4483,4855
744,1585,2329
460,499,959
140,501,641
850,713,1563
221,623,844
311,531,842
669,868,1537
3134,1392,4526
312,548,860
4243,1568,5811
2031,562,2593
292,564,856
790,590,1380
4191,1687,5878
440,450,890
485,704,1189
846,707,1553
3208,1526,4734
816,861,1677
386,418,804
1217,730,1947
657,589,1246
108,1267,1375
455,469,924
342,589,931
991,473,1464
635,749,1384
3130,1659,4789
489,595,1084
4382,1381,5763
1272,875,2147
289,1158,1447
748,577,1325
435,494,929
545,603,1148
483,792,1275
268,652,920
407,559,966
1282,820,2102
1338,787,2125
842,804,1646
961,1278,2239
1457,804,2261
357,796,1153
637,678,1315
792,1015,1807
1539,685,2224
461,1039,1500
744,658,1402
526,1040,1566
1182,593,1775
996,1400,2396
266,506,772
402,775,1177
541,381,922
290,1572,1862
350,780,1130
450,761,1211
611,467,1078
600,573,1173
999,760,1759
1516,778,2294
719,467,1186
580,921,1501
424,596,1020
1142,772,1914
705,616,1321
659,599,1258
588,620,1208
652,726,1378
1189,1238,2427
592,888,1480
456,880,1336
526,599,1125
670,315,985
1293,618,1911
834,987,1821
498,783,1281
850,750,1600
638,936,1574
509,1141,1650
526,596,1122
313,605,918
712,580,1292
395,915,1310
1507,561,2068
449,1223,1672
595,710,1305
546,597,1143
721,1000,1721
320,1321,1641
360,460,820
364,610,974
671,816,1487
790,758,1548
690,804,1494
964,1241,2205
492,705,1197
523,665,1188
1172,742,1914
784,918,1702
435,811,1246
1047,851,1898
369,947,1316
149,1008,1157
723,311,1034
392,1017,1409
634,720,1354
1232,712,1944
465,718,1183
851,629,1480
352,771,1123
347,853,1200
201,740,941
810,741,1551
484,1082,1566
768,590,1358
246,801,1047
819,1215,2034
609,657,1266
177,813,990
744,656,1400
560,863,1423
807,851,1658
554,471,1025
689,886,1575
717,452,1169
601,1028,1629
420,387,807
504,1051,1555
742,986,1728
616,648,1264
664,1397,2061
811,552,1363
1081,1562,2643
438,977,1415
435,1115,1550
919,648,1567
547,329,876
274,1042,1316
318,622,940
315,1194,1509
186,514,700
661,682,1343
437,1311,1748
473,1309,1782
230,519,749
772,666,1438
631,682,1313
887,885,1772
379,722,1101
784,590,1374
901,736,1637
1115,1351,2466
754,1064,1818
482,492,974
209,543,752
242,685,927
574,1309,1883
559,464,1023
715,584,1299
1413,565,1978
1103,1628,2731
895,546,1441
1024,766,1790
520,489,1009
394,465,859
478,578,1056
628,687,1315
466,648,1114
757,1537,2294
700,846,1546
302,549,851
1258,574,1832
635,766,1401
471,568,1039
737,774,1511
593,679,1272
1157,1221,2378
516,855,1371
498,573,1071
608,842,1450
1270,1209,2479
285,705,990
195,655,850
331,565,896
1477,880,2357
532,662,1194
125,486,611
633,540,1173
1139,679,1818
1145,884,2029
665,593,1258
413,1681,2094
435,1574,2009
817,1255,2072
304,848,1152
418,349,767
343,561,904
542,662,1204
1118,303,1421
464,441,905
520,423,943
511,1910,2421
728,1128,1856
207,824,1031
467,721,1188
795,2244,3039
348,632,980
531,424,955
688,447,1135
439,1030,1469
1154,1080,2234
1276,1928,3204
504,567,1071
184,952,1136
322,464,786
527,739,1266
1553,1357,2910
541,606,1147
753,785,1538
1403,950,2353
2051,446,2497
373,514,887
531,735,1266
228,998,1226
831,513,1344
1902,487,2389
1647,551,2198
853,1053,1906
635,1192,1827
1329,470,1799
1319,705,2024
699,1027,1726
1340,542,1882
142,776,918
1303,596,1899
53,553,606
937,732,1669
1202,933,2135
35,815,850
228,710,938
75,578,653
136,1043,1179
78,756,834
904,991,1895
146,743,889
300,620,920
1044,1293,2337
518,402,920
628,329,957
197,687,884
482,516,998
443,518,961
541,482,1023
475,491,966
617,420,1037
148,1740,1888
66,1697,1763
915,1945,2860
126,1835,1961
323,1387,1710
1218,2016,3234
537,1310,1847
1015,2129,3144
571,1637,2208
48,2129,2177
598,1635,2233
1393,398,1791
306,1705,2011
1123,442,1565
743,1425,2168
42,1857,1899
256,1921,2177
324,1908,2232
79,2027,2106
1284,513,1797
133,2225,2358
308,1953,2261
656,1527,2183
1535,257,1792
200,1215,1415
747,1511,2258
1233,669,1902
1800,501,2301
765,1580,2345
101,2534,2635
247,2171,2418
1515,371,1886
1862,493,2355
1643,304,1947
389,2190,2579
852,1670,2522
1002,1533,2535
797,335,1132
1938,548,2486
891,1199,2090
2318,229,2547
711,1583,2294
1775,620,2395
2035,538,2573
70,1371,1441
1884,471,2355
972,505,1477
26,469,495
1163,582,1745
1969,568,2537
96,396,492
26,658,684
1935,559,2494
266,1481,1747
36,614,650
1784,874,2658
742,1595,2337
29,1924,1953
30,501,531
78,2395,2473
106,564,670
2398,254,2652
144,841,985
67,847,914
60,834,894
132,607,739
1072,881,1953
59,2376,2435
176,715,891
1505,1052,2557
1164,979,2143
24,639,663
66,944,1010
119,797,916
23,1032,1055
56,890,946
1327,1277,2604
176,761,937
651,595,1246
46,1113,1159
128,598,726
420,509,929
387,813,1200
180,1129,1309
717,717,1434
1753,1105,2858
463,935,1398
410,1058,1468
741,717,1458
561,878,1439
222,975,1197
646,775,1421
872,641,1513
1011,506,1517
833,813,1646
592,996,1588
715,678,1393
105,989,1094
432,941,1373
511,851,1362
789,612,1401
551,1068,1619
258,316,574
1070,670,1740
854,429,1283
869,817,1686
782,911,1693
987,621,1608
254,902,1156
707,996,1703
317,575,892
862,805,1667
805,800,1605
495,985,1480
549,613,1162
484,1389,1873
786,463,1249
591,1094,1685
219,1765,1984
399,731,1130
413,1041,1454
334,1047,1381
707,1118,1825
612,782,1394
580,1208,1788
630,866,1496
30,631,661
152,601,753
809,1106,1915
682,772,1454
201,653,854
312,512,824
819,895,1714
747,467,1214
1181,684,1865
512,1017,1529
600,1000,1600
520,422,942
257,1939,2196
301,809,1110
629,460,1089
393,610,1003
1617,465,2082
660,1575,2235
765,381,1146
557,318,875
25,742,767
570,526,1096
795,392,1187
279,557,836
66,741,807
893,877,1770
459,1225,1684
737,1532,2269
657,589,1246
333,553,886
353,518,871
453,401,854
712,734,1446
196,684,880
725,530,1255
1017,1181,2198
600,495,1095
239,853,1092
296,822,1118
906,1211,2117
771,338,1109
20,1187,1207
400,730,1130
1259,569,1828
769,448,1217
30,626,656
250,1581,1831
739,904,1643
536,396,932
83,750,833
472,1015,1487
548,992,1540
313,638,951
261,662,923
340,1252,1592
296,1579,1875
341,818,1159
557,432,989
1197,849,2046
1221,697,1918
634,917,1551
692,294,986
443,557,1000
432,1447,1879
653,818,1471
140,705,845
427,464,891
661,713,1374
1329,441,1770
993,861,1854
402,1234,1636
533,305,838
207,620,827
448,822,1270
640,678,1318
352,429,781
435,503,938
793,868,1661
54,465,519
915,1441,2356
459,644,1103
888,797,1685
688,656,1344
578,500,1078
1374,604,1978
507,803,1310
900,1015,1915
175,489,664
89,476,565
802,463,1265
943,926,1869
451,272,723
248,480,728
551,305,856
634,784,1418
961,1335,2296
606,470,1076
553,1020,1573
591,624,1215
633,613,1246
1270,1663,2933
629,1700,2329
381,576,957
109,875,984
360,1220,1580
715,1145,1860
994,924,1918
321,497,818
1259,1209,2468
345,1747,2092
201,656,857
288,1856,2144
762,1131,1893
849,1267,2116
603,1359,1962
924,1219,2143
371,1079,1450
1113,1066,2179
301,1232,1533
585,568,1153
272,1062,1334
1594,490,2084
478,543,1021
761,1055,1816
327,1989,2316
470,1266,1736
1672,527,2199
653,1177,1830
761,1790,2551
341,1068,1409
1341,603,1944
1188,693,1881
1095,785,1880
213,1329,1542
980,595,1575
1121,744,1865
1733,689,2422
528,597,1125
912,603,1515
1146,588,1734
431,1421,1852
228,743,971
780,1199,1979
276,728,1004
1062,945,2007
1082,488,1570
1675,699,2374
923,641,1564
1242,1019,2261
556,479,1035
1714,599,2313
1061,927,1988
287,490,777
622,520,1142
895,1074,1969
379,305,684
897,972,1869
1175,1094,2269
421,2141,2562
450,630,1080
619,592,1211
515,714,1229
412,471,883
435,586,1021
210,495,705
933,748,1681
1081,871,1952
1359,832,2191
288,462,750
548,734,1282
409,624,1033
479,864,1343
1158,901,2059
902,689,1591
318,861,1179
807,971,1778
478,1099,1577
835,634,1469
258,575,833
199,2155,2354
479,753,1232
760,691,1451
422,645,1067
444,517,961
919,806,1725
213,2576,2789
786,669,1455
609,558,1167
333,756,1089
710,945,1655
552,707,1259
834,478,1312
354,520,874
665,932,1597
391,570,961
2045,761,2806
517,878,1395
366,715,1081
568,420,988
515,972,1487
516,671,1187
521,437,958
561,916,1477
851,390,1241
570,996,1566
563,624,1187
209,745,954
481,842,1323
885,585,1470
323,673,996
471,625,1096
1962,935,2897
768,630,1398
397,668,1065
629,286,915
2461,775,3236
874,350,1224
452,1207,1659
321,585,906
611,341,952
383,466,849
586,601,1187
545,706,1251
476,1531,2007
595,845,1440
243,903,1146
276,867,1143
970,1261,2231
305,636,941
456,309,765
525,665,1190
646,728,1374
626,1884,2510
806,992,1798
522,514,1036
827,1024,1851
616,1312,1928
107,794,901
175,458,633
436,594,1030
534,632,1166
382,994,1376
363,1026,1389
731,754,1485
419,1092,1511
734,2015,2749
763,431,1194
472,975,1447
607,876,1483
271,965,1236
697,1094,1791
743,705,1448
52,970,1022
938,1513,2451
535,755,1290
284,974,1258
121,979,1100
246,848,1094
1230,1281,2511
844,879,1723
737,481,1218
118,896,1014
643,687,1330
686,897,1583
305,871,1176
500,925,1425
626,572,1198
551,788,1339
307,845,1152
906,1193,2099
1730,1105,2835
869,528,1397
863,478,1341
601,789,1390
560,592,1152
664,582,1246
480,1794,2274
799,519,1318
672,552,1224
1170,1197,2367
1317,1145,2462
799,523,1322
462,540,1002
731,358,1089
597,483,1080
618,1878,2496
851,629,1480
91,2002,2093
894,574,1468
1495,734,2229
1154,795,1949
1505,673,2178
517,377,894
645,285,930
1016,858,1874
314,645,959
659,711,1370
516,874,1390
251,359,610
717,812,1529
974,970,1944
914,651,1565
589,332,921
322,1145,1467
597,420,1017
612,569,1181
602,618,1220
403,589,992
329,1002,1331
32,628,660
916,1614,2530
978,805,1783
554,737,1291
643,759,1402
33,554,587
29,664,693
1750,467,2217
60,1064,1124
278,732,1010
360,547,907
1716,1101,2817
687,929,1616
149,908,1057
607,872,1479
487,505,992
320,802,1122
692,357,1049
970,635,1605
696,416,1112
141,1076,1217
26,1113,1139
412,759,1171
725,466,1191
394,751,1145
530,636,1166
739,1744,2483
361,969,1330
703,490,1193
268,1017,1285
734,467,1201
118,1157,1275
527,543,1070
712,310,1022
443,754,1197
668,612,1280
1013,2041,3054
514,930,1444
542,740,1282
941,462,1403
860,528,1388
625,852,1477
302,1092,1394
238,384,622
555,632,1187
699,826,1525
1609,1179,2788
686,346,1032
313,759,1072
731,773,1504
1712,1268,2980
341,753,1094
139,380,519
1370,686,2056
385,689,1074
317,414,731
248,509,757
624,453,1077
442,877,1319
1189,484,1673
689,1073,1762
302,457,759
597,789,1386
869,560,1429
989,801,1790
370,990,1360
308,491,799
724,545,1269
1175,1114,2289
827,1189,2016
204,750,954
455,416,871
361,1063,1424
574,1198,1772
1132,473,1605
604,953,1557
725,1057,1782
132,1291,1423
157,434,591
692,1008,1700
100,663,763
541,469,1010
248,505,753
579,831,1410
863,949,1812
376,881,1257
429,643,1072
202,1158,1360
572,896,1468
132,1266,1398
569,824,1393
871,558,1429
314,1239,1553
75,1151,1226
255,968,1223
191,925,1116
265,1128,1393
234,1282,1516
721,774,1495
187,721,908
317,1439,1756
1175,414,1589
834,939,1773
307,1552,1859
350,830,1180
707,650,1357
242,1080,1322
384,1160,1544
468,1119,1587
467,725,1192
1226,835,2061
286,989,1275
626,543,1169
681,1212,1893
509,723,1232
1156,702,1858
797,1481,2278
624,1216,1840
439,1457,1896
910,605,1515
763,1584,2347
732,1673,2405
720,737,1457
1403,563,1966
943,552,1495
869,842,1711
466,520,986
737,750,1487
402,270,672
954,1081,2035
876,1518,2394
831,685,1516
446,438,884
1288,607,1895
1127,1087,2214
711,1106,1817
833,941,1774
1451,498,1949
234,795,1029
1179,865,2044
478,428,906
683,493,1176
1565,460,2025
213,682,895
263,856,1119
502,2102,2604
1041,573,1614
286,976,1262
476,704,1180
299,471,770
621,676,1297
1042,1060,2102
1464,628,2092
195,541,736
527,773,1300
1288,1499,2787
1047,533,1580
1426,790,2216
264,729,993
501,328,829
365,547,912
206,545,751
1003,1644,2647
341,970,1311
397,471,868
532,959,1491
668,555,1223
761,703,1464
580,989,1569
448,1105,1553
147,1476,1623
779,810,1589
901,1790,2691
449,327,776
556,880,1436
270,683,953
399,714,1113
922,656,1578
320,563,883
595,666,1261
365,692,1057
558,683,1241
1146,1633,2779
336,450,786
740,990,1730
309,954,1263
875,757,1632
653,572,1225
703,1199,1902
401,729,1130
418,708,1126
651,675,1326
1361,925,2286
579,641,1220
449,799,1248
647,589,1236
475,544,1019
415,1137,1552
811,767,1578
1679,794,2473
133,1113,1246
580,484,1064
614,464,1078
1551,731,2282
646,591,1237
1407,886,2293
656,618,1274
709,1033,1742
969,868,1837
551,1059,1610
834,603,1437
423,597,1020
75,816,891
871,564,1435
498,590,1088
1407,1234,2641
539,425,964
700,457,1157
497,994,1491
914,857,1771
512,408,920
662,519,1181
203,992,1195
743,873,1616
288,575,863
437,1016,1453
389,538,927
1019,824,1843
592,823,1415
981,1022,2003
511,611,1122
949,658,1607
759,718,1477
825,784,1609
752,547,1299
720,730,1450
343,752,1095
671,684,1355
221,614,835
362,814,1176
931,296,1227
995,1109,2104
458,603,1061
758,370,1128
394,736,1130
766,299,1065
689,608,1297
598,1031,1629
504,261,765
601,1372,1973
227,447,674
685,1815,2500
278,757,1035
1019,1130,2149
786,616,1402
335,436,771
691,798,1489
688,356,1044
41,264,305
722,476,1198
713,667,1380
294,555,849
460,1269,1729
511,1645,2156
474,611,1085
292,1090,1382
75,404,479
445,630,1075
173,593,766
838,1032,1870
418,712,1130
539,748,1287
326,1310,1636
735,1402,2137
430,664,1094
370,1280,1650
676,1190,1866
121,584,705
314,483,797
1257,755,2012
659,642,1301
173,765,938
950,674,1624
519,483,1002
389,966,1355
326,562,888
453,482,935
189,727,916
1655,680,2335
828,787,1615
499,654,1153
477,766,1243
1531,941,2472
787,662,1449
168,1039,1207
517,599,1116
1108,714,1822
57,1417,1474
869,941,1810
559,787,1346
488,458,946
133,468,601
781,1266,2047
1036,763,1799
438,953,1391
500,1000,1500
568,566,1134
887,1353,2240
580,1014,1594
573,597,1170
678,849,1527
451,1895,2346
879,994,1873
846,984,1830
586,712,1298
1153,1250,2403
306,977,1283
687,987,1674
593,964,1557
481,1331,1812
408,2053,2461
393,1314,1707
271,1561,1832
1339,1644,2983
1040,1508,2548
626,1358,1984
615,1470,2085
1794,873,2667
1098,936,2034
780,1067,1847
637,1318,1955
1553,669,2222
529,1604,2133
499,1310,1809
895,1542,2437
893,1090,1983
1338,444,1782
485,1537,2022
398,1577,1975
1225,923,2148
789,934,1723
528,1038,1566
580,1053,1633
232,1868,2100
1255,783,2038
1206,491,1697
401,1309,1710
1388,307,1695
734,1647,2381
670,754,1424
989,450,1439
845,1312,2157
1313,603,1916
1155,609,1764
533,345,878
619,1931,2550
1447,319,1766
915,1397,2312
985,1079,2064
895,1497,2392
1480,632,2112
898,668,1566
708,470,1178
659,436,1095
424,595,1019
1327,880,2207
677,719,1396
774,1647,2421
1583,610,2193
631,854,1485
1040,655,1695
1212,997,2209
1739,696,2435
1146,717,1863
1253,346,1599
1560,816,2376
626,408,1034
303,633,936
138,477,615
1243,1205,2448
127,531,658
236,855,1091
1307,655,1962
302,828,1130
757,1155,1912
1327,624,1951
1125,802,1927
588,628,1216
81,489,570
329,1095,1424
215,1109,1324
547,1380,1927
601,634,1235
1032,1243,2275
118,466,584
597,1075,1672
615,807,1422
199,684,883
183,676,859
1085,603,1688
604,761,1365
100,1011,1111
647,650,1297
193,787,980
303,896,1199
437,406,843
138,899,1037
321,839,1160
362,726,1088
963,1122,2085
340,1013,1353
146,1134,1280
806,462,1268
353,856,1209
598,744,1342
284,1254,1538
415,973,1388
394,1000,1394
947,657,1604
144,1100,1244
388,1132,1520
381,1110,1491
161,618,779
417,1286,1703
444,1039,1483
1121,1159,2280
514,933,1447
454,1015,1469
1143,898,2041
396,1045,1441
305,761,1066
884,855,1739
891,891,1782
813,673,1486
516,1063,1579
806,862,1668
677,584,1261
1064,903,1967
774,923,1697
606,760,1366
1005,827,1832
696,687,1383
525,1067,1592
421,782,1203
780,617,1397
388,342,730
533,549,1082
541,930,1471
667,701,1368
986,518,1504
476,659,1135
764,829,1593
380,1101,1481
660,858,1518
167,920,1087
459,451,910
812,867,1679
510,912,1422
544,550,1094
393,648,1041
689,313,1002
597,534,1131
630,1044,1674
638,561,1199
378,770,1148
502,523,1025
542,716,1258
276,984,1260
798,766,1564
527,879,1406
195,726,921
703,602,1305
876,1172,2048
772,469,1241
355,625,980
24,211,235
566,663,1229
485,557,1042
533,689,1222
398,927,1325
659,472,1131
305,1182,1487
279,504,783
968,269,1237
85,232,317
757,481,1238
554,935,1489
524,826,1350
188,397,585
623,1204,1827
430,916,1346
662,338,1000
270,382,652
730,568,1298
392,832,1224
633,487,1120
613,779,1392
520,297,817
504,775,1279
198,1108,1306
646,828,1474
786,580,1366
924,814,1738
528,492,1020
40,399,439
748,1209,1957
550,529,1079
162,546,708
418,1397,1815
586,775,1361
761,514,1275
450,1191,1641
170,539,709
123,671,794
369,1027,1396
338,430,768
227,617,844
248,970,1218
684,582,1266
1155,450,1605
289,616,905
168,770,938
824,940,1764
380,538,918
358,406,764
559,797,1356
227,573,800
523,307,830
731,469,1200
454,591,1045
322,653,975
451,465,916
1115,1371,2486
1264,375,1639
228,488,716
170,592,762
1098,1265,2363
1053,848,1901
752,939,1691
482,591,1073
956,885,1841
711,1169,1880
324,333,657
831,2502,3333
391,1084,1475
313,500,813
779,1092,1871
893,1040,1933
662,717,1379
290,708,998
1118,634,1752
220,679,899
870,2349,3219
367,438,805
604,541,1145
543,695,1238
695,1142,1837
687,926,1613
479,796,1275
510,560,1070
240,1068,1308
219,788,1007
851,2326,3177
555,776,1331
908,427,1335
756,1233,1989
1109,729,1838
757,995,1752
501,800,1301
232,725,957
221,1125,1346
55,953,1008
2407,529,2936
547,584,1131
972,591,1563
674,1262,1936
2307,655,2962
405,945,1350
448,525,973
528,1011,1539
475,715,1190
2272,551,2823
210,1107,1317
422,736,1158
518,316,834
558,1297,1855
795,879,1674
920,730,1650
710,342,1052
1037,597,1634
1041,1072,2113
445,709,1154
718,582,1300
22,574,596
651,931,1582
429,1038,1467
836,841,1677
630,1112,1742
1010,827,1837
641,821,1462
791,283,1074
867,1094,1961
707,620,1327
75,587,662
1148,509,1657
635,894,1529
1007,618,1625
133,709,842
1283,473,1756
999,481,1480
39,534,573
459,480,939
219,451,670
758,1243,2001
1095,655,1750
87,485,572
923,1111,2034
991,956,1947
217,461,678
42,713,755
852,1081,1933
176,498,674
36,643,679
51,934,985
313,333,646
58,965,1023
105,851,956
314,765,1079
67,1071,1138
38,873,911
348,613,961
220,566,786
279,585,864
349,727,1076
574,553,1127
315,684,999
308,846,1154
595,617,1212
447,620,1067
360,480,840
491,710,1201
1114,854,1968
326,774,1100
390,731,1121
738,557,1295
368,693,1061
857,506,1363
254,902,1156
567,688,1255
354,705,1059
700,439,1139
334,1109,1443
693,709,1402
542,559,1101
742,729,1471
459,708,1167
639,823,1462
758,727,1485
1159,1899,3058
124,860,984
764,662,1426
606,627,1233
424,763,1187
384,796,1180
324,905,1229
556,581,1137
858,687,1545
628,651,1279
1361,2129,3490
431,984,1415
586,650,1236
484,728,1212
431,982,1413
608,586,1194
620,681,1301
615,595,1210
781,515,1296
151,2139,2290
411,826,1237
556,743,1299
1423,1010,2433
696,816,1512
831,1130,1961
754,396,1150
1866,582,2448
587,1086,1673
713,482,1195
576,729,1305
719,440,1159
592,905,1497
767,526,1293
497,644,1141
532,532,1064
1996,498,2494
503,531,1034
186,965,1151
640,1414,2054
861,407,1268
537,683,1220
530,704,1234
566,823,1389
886,969,1855
519,579,1098
810,655,1465
179,463,642
395,1205,1600
465,1389,1854
301,478,779
604,1480,2084
366,694,1060
586,1575,2161
647,930,1577
635,558,1193
869,1729,2598
195,1189,1384
502,1330,1832
1106,824,1930
607,586,1193
480,979,1459
892,990,1882
630,1353,1983
666,788,1454
631,788,1419
987,1380,2367
255,1367,1622
1416,783,2199
931,1308,2239
71,772,843
525,1147,1672
1284,612,1896
1460,774,2234
628,297,925
240,755,995
745,1401,2146
1249,1091,2340
648,451,1099
517,597,1114
131,1185,1316
1273,439,1712
619,1104,1723
353,578,931
493,1447,1940
969,341,1310
685,498,1183
50,666,716
338,1623,1961
910,418,1328
769,1353,2122
1487,800,2287
1096,1706,2802
978,1066,2044
32,510,542
1130,1353,2483
462,1574,2036
50,1293,1343
909,691,1600
594,1159,1753
914,882,1796
740,1130,1870
495,568,1063
793,914,1707
258,1416,1674
219,704,923
1159,1245,2404
756,878,1634
238,1376,1614
1426,400,1826
356,784,1140
1112,794,1906
815,628,1443
907,756,1663
1206,820,2026
1143,360,1503
1155,533,1688
996,438,1434
506,667,1173
1129,998,2127
526,836,1362
1515,316,1831
1173,795,1968
1332,894,2226
97,210,307
774,347,1121
84,617,701
376,781,1157
1197,798,1995
25,622,647
360,940,1300
927,966,1893
219,1033,1252
48,629,677
130,209,339
327,862,1189
220,1335,1555
81,981,1062
146,1425,1571
364,946,1310
1140,871,2011
493,1115,1608
78,602,680
165,528,693
887,1067,1954
903,594,1497
514,1048,1562
170,763,933
39,1082,1121
63,1015,1078
455,1227,1682
907,862,1769
192,769,961
113,1004,1117
520,1060,1580
125,1666,1791
754,1155,1909
613,812,1425
307,856,1163
628,1365,1993
885,552,1437
781,486,1267
662,572,1234
189,1595,1784
788,818,1606
330,1889,2219
348,1142,1490
655,1816,2471
242,1321,1563
468,551,1019
986,541,1527
949,603,1552
458,518,976
716,619,1335
748,1642,2390
630,837,1467
385,602,987
1413,1032,2445
782,1016,1798
649,816,1465
801,676,1477
842,733,1575
1209,819,2028
747,1004,1751
1459,1087,2546
429,837,1266
865,1098,1963
1488,1176,2664
382,675,1057
705,1014,1719
754,995,1749
1514,680,2194
541,544,1085
621,479,1100
1388,872,2260
504,1281,1785
692,362,1054
1206,679,1885
377,1087,1464
475,1844,2319
836,700,1536
934,1228,2162
478,682,1160
450,1628,2078
1565,819,2384
1002,1296,2298
991,855,1846
838,796,1634
717,829,1546
469,827,1296
1072,655,1727
635,796,1431
364,1123,1487
536,1267,1803
565,1016,1581
634,503,1137
1037,126,1163
898,813,1711
857,117,974
495,994,1489
941,859,1800
54,1281,1335
790,679,1469
243,349,592
374,649,1023
587,875,1462
461,1000,1461
539,1034,1573
335,1217,1552
434,1205,1639
203,811,1014
617,763,1380
859,800,1659
726,1005,1731
177,1343,1520
541,1202,1743
542,1310,1852
538,601,1139
1217,640,1857
454,1151,1605
270,1427,1697
576,1101,1677
580,1196,1776
532,745,1277
631,1892,2523
656,918,1574
722,1072,1794
1153,1142,2295
818,1169,1987
595,940,1535
977,1283,2260
1319,570,1889
1228,729,1957
863,1297,2160
972,1272,2244
118,756,874
791,1117,1908
1043,1068,2111
90,678,768
61,821,882
1281,1111,2392
1155,863,2018
193,1723,1916
1121,3119,4240
1031,1319,2350
1738,2980,4718
1271,1169,2440
1083,2883,3966
834,882,1716
1782,780,2562
1543,2993,4536
823,2836,3659
1160,992,2152
276,467,743
795,2950,3745
351,1035,1386
191,998,1189
930,3680,4610
1055,1251,2306
670,789,1459
75,914,989
3020,423,3443
162,1405,1567
919,592,1511
2646,354,3000
2728,470,3198
556,885,1441
835,3577,4412
479,1009,1488
2688,516,3204
220,1083,1303
444,3707,4151
624,913,1537
624,1106,1730
2725,503,3228
461,573,1034
3583,600,4183
705,831,1536
503,1115,1618
2800,602,3402
441,1049,1490
633,898,1531
592,792,1384
268,493,761
629,630,1259
627,1138,1765
484,472,956
725,521,1246
247,558,805
606,966,1572
425,448,873
185,623,808
3451,463,3914
932,879,1811
512,976,1488
820,1075,1895
565,1018,1583
609,552,1161
376,1394,1770
912,485,1397
226,656,882
542,368,910
263,1198,1461
3260,662,3922
594,534,1128
606,534,1140
893,635,1528
866,741,1607
554,920,1474
536,503,1039
1290,295,1585
1027,317,1344
905,526,1431
376,873,1249
1069,298,1367
451,1258,1709
533,761,1294
660,501,1161
322,304,626
1015,1007,2022
915,766,1681
333,980,1313
78,489,567
476,525,1001
571,751,1322
305,537,842
1129,975,2104
462,1085,1547
277,300,577
972,961,1933
770,1627,2397
522,682,1204
894,585,1479
548,884,1432
753,568,1321
833,1333,2166
206,916,1122
262,1087,1349
172,452,624
623,1026,1649
227,878,1105
388,1324,1712
467,816,1283
405,478,883
926,975,1901
687,1451,2138
904,673,1577
320,534,854
247,828,1075
1181,939,2120
123,925,1048
713,625,1338
316,1076,1392
450,846,1296
577,712,1289
93,659,752
513,767,1280
360,818,1178
806,685,1491
558,813,1371
554,1049,1603
281,729,1010
1172,875,2047
1576,425,2001
820,696,1516
578,457,1035
476,564,1040
866,688,1554
742,731,1473
1310,527,1837
776,1053,1829
1064,776,1840
186,722,908
535,596,1131
769,1136,1905
677,910,1587
542,488,1030
917,574,1491
718,312,1030
950,1326,2276
855,1159,2014
588,781,1369
667,1617,2284
993,902,1895
615,791,1406
717,889,1606
417,1114,1531
517,1163,1680
375,1015,1390
369,791,1160
594,1243,1837
717,896,1613
625,1031,1656
447,858,1305
632,933,1565
1180,400,1580
876,683,1559
449,1352,1801
444,1615,2059
270,875,1145
459,1204,1663
488,1421,1909
415,1867,2282
774,595,1369
437,877,1314
961,391,1352
605,1194,1799
949,645,1594
907,693,1600
513,1206,1719
1161,796,1957
1061,649,1710
1660,544,2204
605,592,1197
909,671,1580
815,493,1308
183,1138,1321
697,922,1619
732,1079,1811
655,1035,1690
687,743,1430
871,528,1399
1042,1121,2163
1262,1119,2381
712,332,1044
1681,1166,2847
804,1103,1907
1324,863,2187
1698,896,2594
279,888,1167
962,1326,2288
718,1010,1728
1005,1101,2106
559,218,777
277,2030,2307
1013,1226,2239
337,938,1275
31,1235,1266
896,1528,2424
304,988,1292
581,818,1399
79,1375,1454
343,447,790
523,1772,2295
1085,1216,2301
810,428,1238
571,1453,2024
633,842,1475
420,988,1408
838,1225,2063
126,557,683
613,1136,1749
507,1149,1656
849,437,1286
292,1205,1497
941,855,1796
792,447,1239
1102,720,1822
906,579,1485
818,1400,2218
198,725,923
1321,566,1887
979,550,1529
391,1691,2082
289,900,1189
1185,439,1624
696,1137,1833
802,557,1359
244,289,533
362,705,1067
1350,785,2135
288,472,760
1017,720,1737
675,570,1245
990,715,1705
1030,344,1374
396,664,1060
235,307,542
1083,1031,2114
419,629,1048
868,1027,1895
949,803,1752
56,574,630
471,365,836
162,578,740
615,1519,2134
544,323,867
1225,1190,2415
189,703,892
483,350,833
1557,682,2239
235,548,783
223,319,542
414,681,1095
767,1530,2297
294,686,980
1001,1458,2459
273,410,683
513,468,981
148,547,695
818,1688,2506
2006,1748,3754
434,583,1017
1466,859,2325
272,281,553
483,849,1332
438,601,1039
126,807,933
183,1027,1210
1378,1647,3025
797,1020,1817
599,786,1385
1311,1600,2911
1324,498,1822
59,543,602
718,869,1587
200,1009,1209
230,1233,1463
185,596,781
341,1628,1969
367,794,1161
1276,386,1662
1664,381,2045
861,1343,2204
556,906,1462
209,1027,1236
491,1039,1530
804,556,1360
737,691,1428
970,723,1693
719,565,1284
1298,550,1848
969,526,1495
1039,549,1588
669,541,1210
211,638,849
712,404,1116
806,449,1255
773,1139,1912
838,664,1502
663,467,1130
1457,684,2141
435,621,1056
795,457,1252
1259,579,1838
482,747,1229
545,1190,1735
553,477,1030
499,301,800
551,813,1364
258,484,742
238,538,776
218,819,1037
775,904,1679
1447,595,2042
462,377,839
568,1437,2005
530,742,1272
1008,581,1589
456,343,799
392,1357,1749
751,535,1286
180,360,540
713,551,1264
360,1577,1937
96,382,478
200,1589,1789
335,1705,2040
1154,898,2052
198,1098,1296
774,317,1091
1225,902,2127
495,837,1332
296,603,899
201,552,753
527,707,1234
488,473,961
227,803,1030
201,366,567
1381,727,2108
585,1385,1970
1610,433,2043
304,770,1074
566,1581,2147
529,1255,1784
450,493,943
439,428,867
407,587,994
242,872,1114
613,1244,1857
493,458,951
338,824,1162
650,1430,2080
373,527,900
737,289,1026
485,811,1296
1634,689,2323
464,1366,1830
710,522,1232
842,870,1712
307,1479,1786
1671,439,2110
286,521,807
773,514,1287
764,952,1716
336,1147,1483
241,550,791
772,511,1283
330,942,1272
642,899,1541
903,1340,2243
433,1054,1487
711,515,1226
1009,877,1886
325,524,849
261,2306,2567
225,448,673
1086,914,2000
304,2330,2634
647,812,1459
918,1184,2102
662,1445,2107
156,1572,1728
336,811,1147
1467,1412,2879
346,349,695
442,657,1099
1057,824,1881
807,729,1536
764,647,1411
1274,1056,2330
600,313,913
551,1855,2406
1210,1228,2438
1052,1623,2675
394,586,980
380,721,1101
428,650,1078
839,663,1502
626,875,1501
1159,869,2028
565,1048,1613
1248,1317,2565
933,1157,2090
768,904,1672
278,618,896
423,1163,1586
532,1156,1688
582,1151,1733
32,1134,1166
1299,1127,2426
1389,1597,2986
2115,597,2712
916,963,1879
229,799,1028
460,1004,1464
2129,1312,3441
675,949,1624
769,414,1183
186,1092,1278
1585,1321,2906
1762,1088,2850
311,1250,1561
559,956,1515
431,1194,1625
88,1834,1922
1186,1081,2267
250,1199,1449
798,421,1219
825,464,1289
147,2061,2208
386,1022,1408
638,1214,1852
564,532,1096
330,962,1292
1260,1133,2393
1421,582,2003
877,759,1636
710,1189,1899
1028,1224,2252
806,590,1396
1165,352,1517
818,815,1633
1571,775,2346
803,688,1491
932,1643,2575
702,663,1365
792,602,1394
912,981,1893
769,703,1472
1185,620,1805
265,514,779
997,933,1930
338,881,1219
1861,553,2414
318,911,1229
933,845,1778
833,1744,2577
1094,994,2088
1132,616,1748
641,956,1597
896,715,1611
606,625,1231
1139,666,1805
509,688,1197
743,730,1473
852,774,1626
76,796,872
60,719,779
925,988,1913
556,806,1362
972,1180,2152
266,561,827
225,580,805
1009,896,1905
612,1149,1761
1530,948,2478
462,467,929
254,698,952
113,876,989
1553,766,2319
256,745,1001
934,844,1778
876,757,1633
674,565,1239
388,576,964
418,851,1269
419,678,1097
275,816,1091
600,859,1459
499,655,1154
552,786,1338
490,571,1061
685,620,1305
148,1349,1497
436,797,1233
552,771,1323
840,593,1433
369,1176,1545
392,770,1162
475,1155,1630
608,609,1217
704,740,1444
995,538,1533
651,702,1353
505,1158,1663
364,569,933
672,670,1342
409,597,1006
363,900,1263
777,528,1305
83,862,945
718,840,1558
576,779,1355
464,1020,1484
265,907,1172
1257,602,1859
812,468,1280
639,455,1094
522,959,1481
732,756,1488
882,286,1168
358,532,890
471,941,1412
530,895,1425
687,1146,1833
1062,631,1693
856,505,1361
884,1027,1911
447,570,1017
643,632,1275
204,934,1138
727,747,1474
212,750,962
503,1056,1559
813,797,1610
999,553,1552
520,499,1019
517,658,1175
644,657,1301
143,582,725
437,754,1191
609,626,1235
53,1219,1272
410,517,927
468,1066,1534
866,712,1578
406,633,1039
745,1266,2011
756,731,1487
207,581,788
833,730,1563
189,1123,1312
499,1151,1650
389,779,1168
750,613,1363
654,890,1544
412,777,1189
560,743,1303
575,1133,1708
782,454,1236
909,720,1629
339,977,1316
447,1142,1589
629,1672,2301
606,591,1197
647,899,1546
434,1707,2141
493,767,1260
805,756,1561
644,1382,2026
380,1434,1814
661,602,1263
466,582,1048
909,735,1644
438,674,1112
462,1933,2395
662,741,1403
1185,1063,2248
522,770,1292
1003,854,1857
505,798,1303
473,1126,1599
698,2047,2745
1036,1261,2297
650,1605,2255
531,1152,1683
1023,1779,2802
641,519,1160
700,951,1651
394,673,1067
922,581,1503
1038,676,1714
513,630,1143
707,837,1544
977,305,1282
540,1590,2130
481,1574,2055
1209,596,1805
529,585,1114
267,1679,1946
670,453,1123
1252,644,1896
505,824,1329
1016,304,1320
993,1008,2001
657,476,1133
665,728,1393
750,670,1420
586,496,1082
1575,755,2330
1570,1196,2766
580,1733,2313
642,802,1444
1437,383,1820
576,699,1275
1675,941,2616
1443,1230,2673
1644,449,2093
393,556,949
498,1796,2294
1654,808,2462
655,804,1459
1122,316,1438
1076,777,1853
528,510,1038
1125,1008,2133
690,701,1391
150,346,496
1189,333,1522
708,484,1192
785,1433,2218
583,532,1115
660,919,1579
885,964,1849
702,534,1236
261,552,813
721,322,1043
200,527,727
1619,939,2558
515,527,1042
676,561,1237
766,720,1486
322,1154,1476
129,746,875
308,1359,1667
135,909,1044
899,794,1693
578,511,1089
1626,847,2473
206,953,1159
86,563,649
1373,927,2300
532,671,1203
503,422,925
286,548,834
340,627,967
723,696,1419
161,629,790
59,801,860
521,843,1364
850,513,1363
474,475,949
445,365,810
59,801,860
501,390,891
84,517,601
483,366,849
211,672,883
352,1372,1724
36,980,1016
168,510,678
435,810,1245
106,767,873
644,325,969
49,993,1042
459,279,738
640,284,924
168,1005,1173
669,1160,1829
578,169,747
546,609,1155
96,925,1021
158,1827,1985
538,1711,2249
181,488,669
775,1260,2035
810,405,1215
898,971,1869
433,447,880
580,1034,1614
870,519,1389
951,998,1949
503,688,1191
675,495,1170
970,379,1349
569,805,1374
620,648,1268
212,484,696
75,399,474
493,368,861
213,640,853
387,1346,1733
274,709,983
844,583,1427
1338,288,1626
602,1114,1716
675,954,1629
1346,665,2011
430,943,1373
559,756,1315
409,715,1124
411,1354,1765
690,724,1414
82,720,802
1139,587,1726
247,283,530
882,875,1757
1021,481,1502
841,762,1603
237,895,1132
107,870,977
377,1462,1839
112,945,1057
809,633,1442
68,916,984
839,351,1190
118,754,872
850,971,1821
317,916,1233
185,1187,1372
496,941,1437
634,748,1382
443,797,1240
589,591,1180
506,499,1005
807,607,1414
1148,624,1772
415,573,988
452,617,1069
615,814,1429
423,634,1057
1195,936,2131
320,518,838
844,758,1602
432,752,1184
764,474,1238
766,745,1511
703,631,1334
645,836,1481
287,622,909
831,437,1268
1378,799,2177
798,780,1578
449,390,839
883,561,1444
611,455,1066
550,768,1318
751,855,1606
242,1378,1620
507,548,1055
667,520,1187
435,1411,1846
510,451,961
88,1482,1570
424,789,1213
594,277,871
1062,431,1493
561,568,1129
665,701,1366
486,1675,2161
527,233,760
659,825,1484
335,539,874
556,1111,1667
653,1615,2268
442,728,1170
314,579,893
1445,360,1805
1235,617,1852
892,719,1611
505,413,918
850,838,1688
550,578,1128
622,841,1463
458,734,1192
768,560,1328
1343,330,1673
946,383,1329
817,735,1552
987,675,1662
673,909,1582
617,403,1020
814,706,1520
1253,465,1718
949,819,1768
871,641,1512
606,514,1120
852,725,1577
1677,217,1894
614,1662,2276
72,343,415
47,485,532
871,565,1436
1542,915,2457
934,599,1533
903,722,1625
18,602,620
87,713,800
891,453,1344
121,519,640
699,824,1523
629,856,1485
535,1878,2413
154,561,715
74,940,1014
114,532,646
323,604,927
225,402,627
72,731,803
322,469,791
441,551,992
38,554,592
544,454,998
312,768,1080
562,639,1201
193,899,1092
486,1817,2303
242,811,1053
255,631,886
366,593,959
261,649,910
805,1815,2620
378,832,1210
845,336,1181
203,904,1107
558,561,1119
409,726,1135
553,550,1103
562,600,1162
1691,790,2481
578,666,1244
65,436,501
563,681,1244
1680,635,2315
508,751,1259
387,439,826
1391,407,1798
69,676,745
333,478,811
697,419,1116
167,462,629
187,545,732
188,696,884
395,462,857
237,407,644
448,475,923
108,888,996
481,291,772
712,621,1333
176,784,960
434,497,931
535,458,993
232,586,818
473,554,1027
228,852,1080
87,295,382
185,1030,1215
411,725,1136
499,561,1060
461,683,1144
130,449,579
190,464,654
256,1000,1256
309,1052,1361
379,696,1075
784,547,1331
459,829,1288
193,457,650
222,507,729
820,605,1425
518,995,1513
590,351,941
60,2338,2398
287,597,884
259,588,847
963,676,1639
22,501,523
77,2491,2568
278,492,770
927,539,1466
86,623,709
331,489,820
371,1067,1438
489,697,1186
743,652,1395
488,413,901
590,553,1143
280,1077,1357
383,993,1376
297,361,658
734,743,1477
341,2266,2607
686,718,1404
1039,897,1936
214,305,519
2187,770,2957
710,860,1570
793,498,1291
371,917,1288
2472,540,3012
470,941,1411
569,689,1258
389,660,1049
215,468,683
526,782,1308
647,781,1428
61,901,962
1948,569,2517
400,474,874
637,714,1351
1046,656,1702
281,560,841
636,450,1086
242,678,920
259,729,988
467,400,867
548,393,941
464,1063,1527
1022,604,1626
69,677,746
599,534,1133
238,910,1148
446,679,1125
388,455,843
895,815,1710
926,732,1658
286,621,907
600,490,1090
170,616,786
427,684,1111
607,626,1233
742,560,1302
625,1320,1945
431,585,1016
582,905,1487
459,761,1220
569,663,1232
230,2296,2526
476,621,1097
565,534,1099
285,437,722
621,789,1410
388,580,968
925,746,1671
413,1550,1963
716,575,1291
453,694,1147
417,569,986
263,481,744
319,856,1175
319,869,1188
394,2215,2609
639,867,1506
754,852,1606
528,1003,1531
635,628,1263
385,855,1240
409,1278,1687
404,1273,1677
614,777,1391
600,587,1187
571,918,1489
739,452,1191
111,1299,1410
548,1202,1750
1036,2227,3263
617,1338,1955
992,293,1285
548,1177,1725
2196,1106,3302
862,472,1334
263,1412,1675
523,1165,1688
702,826,1528
2223,1132,3355
501,477,978
452,1077,1529
752,860,1612
2070,320,2390
270,377,647
563,1248,1811
1233,608,1841
903,292,1195
424,458,882
401,277,678
597,1248,1845
631,618,1249
866,301,1167
332,2822,3154
213,284,497
506,1349,1855
1312,468,1780
413,1358,1771
426,1415,1841
535,610,1145
459,1933,2392
245,1293,1538
325,2839,3164
1056,424,1480
368,707,1075
303,1331,1634
1353,480,1833
1247,517,1764
561,622,1183
96,459,555
55,379,434
762,392,1154
425,824,1249
173,1136,1309
850,1468,2318
989,824,1813
1204,635,1839
1101,831,1932
68,477,545
32,397,429
700,1883,2583
128,484,612
1048,1917,2965
202,1285,1487
587,701,1288
1540,2051,3591
1200,717,1917
1162,1735,2897
144,826,970
171,458,629
192,428,620
1298,1199,2497
623,422,1045
579,1171,1750
1700,2228,3928
1755,750,2505
430,549,979
225,647,872
248,541,789
466,569,1035
467,624,1091
107,1068,1175
1079,747,1826
320,524,844
650,645,1295
1843,380,2223
346,562,908
1643,514,2157
2770,1345,4115
130,1190,1320
1454,1130,2584
647,739,1386
1729,1280,3009
1345,1379,2724
64,703,767
469,494,963
668,524,1192
280,768,1048
25,1503,1528
461,453,914
699,434,1133
838,719,1557
2226,670,2896
703,1074,1777
183,1240,1423
273,585,858
244,1027,1271
355,1217,1572
480,441,921
596,678,1274
232,508,740
860,699,1559
725,805,1530
881,817,1698
474,828,1302
660,726,1386
514,912,1426
465,1249,1714
511,977,1488
481,1047,1528
704,984,1688
1384,555,1939
1162,523,1685
580,987,1567
936,600,1536
1093,565,1658
102,911,1013
1098,808,1906
1184,509,1693
642,857,1499
654,915,1569
490,646,1136
273,519,792
982,711,1693
1300,355,1655
702,488,1190
1038,899,1937
624,1063,1687
442,845,1287
769,535,1304
671,1116,1787
827,367,1194
621,1186,1807
195,739,934
776,871,1647
298,523,821
391,946,1337
777,781,1558
209,1532,1741
610,986,1596
959,737,1696
400,1166,1566
814,931,1745
344,849,1193
296,1048,1344
782,963,1745
828,967,1795
257,1545,1802
186,878,1064
412,875,1287
639,946,1585
841,472,1313
363,1013,1376
588,1730,2318
1068,373,1441
477,1002,1479
534,1444,1978
315,937,1252
708,669,1377
882,559,1441
473,592,1065
708,1438,2146
1109,482,1591
543,595,1138
1143,502,1645
564,725,1289
814,1393,2207
701,650,1351
770,481,1251
544,650,1194
811,715,1526
836,551,1387
907,558,1465
413,947,1360
941,418,1359
1329,493,1822
257,682,939
1153,663,1816
429,1156,1585
1379,573,1952
689,887,1576
232,693,925
454,454,908
447,1191,1638
518,547,1065
446,595,1041
591,492,1083
287,2480,2767
612,592,1204
383,652,1035
445,2389,2834
436,634,1070
1325,725,2050
597,914,1511
848,1647,2495
148,554,702
636,696,1332
746,916,1662
2252,502,2754
603,541,1144
423,632,1055
446,678,1124
347,917,1264
2269,503,2772
1227,438,1665
197,473,670
855,257,1112
729,779,1508
160,1084,1244
473,698,1171
651,1163,1814
807,1211,2018
548,770,1318
374,823,1197
718,274,992
613,669,1282
726,551,1277
541,1097,1638
874,995,1869
764,333,1097
708,728,1436
382,979,1361
542,529,1071
1753,300,2053
436,1180,1616
633,839,1472
478,1563,2041
424,319,743
702,944,1646
144,622,766
743,449,1192
77,733,810
766,971,1737
737,538,1275
856,1449,2305
1068,676,1744
1291,519,1810
268,619,887
1137,1570,2707
131,817,948
433,879,1312
540,485,1025
492,390,882
761,1583,2344
447,531,978
1066,489,1555
889,670,1559
460,573,1033
1136,1464,2600
192,968,1160
685,681,1366
683,541,1224
108,677,785
1065,1468,2533
337,605,942
289,695,984
797,1294,2091
556,636,1192
1396,958,2354
411,583,994
1096,1179,2275
823,554,1377
145,829,974
1267,1197,2464
528,481,1009
669,654,1323
346,739,1085
624,691,1315
447,762,1209
1492,818,2310
211,1163,1374
484,706,1190
277,890,1167
1438,727,2165
365,600,965
734,877,1611
410,991,1401
918,1187,2105
1266,691,1957
224,461,685
90,895,985
300,748,1048
339,437,776
1145,874,2019
852,862,1714
591,736,1327
388,710,1098
760,710,1470
394,642,1036
367,719,1086
627,675,1302
1165,825,1990
1096,568,1664
329,796,1125
498,723,1221
289,770,1059
853,238,1091
466,765,1231
646,791,1437
566,433,999
922,254,1176
1016,1002,2018
1126,849,1975
301,648,949
655,867,1522
582,906,1488
932,625,1557
350,980,1330
902,487,1389
710,797,1507
888,376,1264
526,1073,1599
899,614,1513
662,656,1318
915,632,1547
1109,631,1740
448,612,1060
614,754,1368
843,767,1610
845,641,1486
747,523,1270
941,859,1800
594,962,1556
698,801,1499
798,754,1552
480,1014,1494
597,578,1175
539,790,1329
744,754,1498
193,1329,1522
332,489,821
867,783,1650
736,802,1538
550,951,1501
753,608,1361
771,599,1370
801,743,1544
338,789,1127
400,758,1158
330,1004,1334
399,657,1056
914,784,1698
540,1272,1812
356,788,1144
261,930,1191
536,923,1459
561,926,1487
557,618,1175
675,791,1466
427,610,1037
415,742,1157
758,801,1559
616,579,1195
138,966,1104
761,826,1587
643,680,1323
662,598,1260
600,1038,1638
863,629,1492
412,725,1137
419,1057,1476
242,1535,1777
920,379,1299
573,1040,1613
469,1452,1921
555,704,1259
620,1041,1661
522,1073,1595
816,1147,1963
741,392,1133
452,1052,1504
536,1012,1548
702,821,1523
705,497,1202
1272,1000,2272
609,1166,1775
636,864,1500
461,1070,1531
431,544,975
432,1503,1935
938,525,1463
461,599,1060
717,1305,2022
661,1176,1837
1071,444,1515
633,883,1516
969,643,1612
1041,785,1826
810,1345,2155
1346,404,1750
518,1632,2150
564,884,1448
192,590,782
869,1276,2145
918,965,1883
922,1114,2036
682,880,1562
750,803,1553
1065,960,2025
685,852,1537
842,1233,2075
970,842,1812
550,814,1364
574,472,1046
385,874,1259
1241,688,1929
276,1483,1759
1295,1274,2569
1369,1320,2689
967,1895,2862
485,1341,1826
1279,1982,3261
538,1569,2107
611,1940,2551
447,1642,2089
604,794,1398
384,1783,2167
519,2038,2557
1033,1926,2959
1050,1388,2438
652,1689,2341
1160,1800,2960
108,2023,2131
298,1464,1762
1357,759,2116
825,1112,1937
703,1084,1787
1315,1004,2319
328,2398,2726
727,2119,2846
667,2270,2937
1200,1913,3113
1742,1244,2986
1616,1206,2822
1798,720,2518
510,1663,2173
468,2097,2565
1453,1123,2576
793,1782,2575
812,2225,3037
908,2201,3109
2255,772,3027
487,915,1402
1732,1153,2885
1624,1253,2877
474,1797,2271
881,1765,2646
246,676,922
1084,1987,3071
1136,1953,3089
1194,2583,3777
706,243,949
1836,2002,3838
1680,822,2502
1908,1176,3084
2044,941,2985
1847,1266,3113
1605,1517,3122
2223,254,2477
318,2386,2704
719,329,1048
1633,1374,3007
649,1716,2365
547,670,1217
352,1448,1800
2493,304,2797
1745,1171,2916
625,902,1527
904,1178,2082
568,3317,3885
303,669,972
1050,673,1723
2042,915,2957
55,714,769
447,591,1038
1230,520,1750
1666,733,2399
594,1249,1843
774,341,1115
1215,2885,4100
1685,518,2203
206,572,778
383,345,728
908,284,1192
1582,511,2093
470,740,1210
1092,1620,2712
1625,614,2239
406,450,856
2329,1794,4123
567,765,1332
1631,1070,2701
3239,773,4012
1088,1014,2102
817,773,1590
99,1009,1108
1742,1138,2880
698,938,1636
355,459,814
150,1515,1665
408,342,750
173,616,789
658,1080,1738
479,778,1257
506,1099,1605
72,1586,1658
337,829,1166
1016,579,1595
1104,1320,2424
107,1558,1665
805,874,1679
615,780,1395
915,541,1456
599,895,1494
2214,622,2836
260,961,1221
299,549,848
1217,1285,2502
762,1174,1936
504,1341,1845
161,713,874
757,1029,1786
682,876,1558
1142,1182,2324
680,1039,1719
862,983,1845
702,452,1154
993,324,1317
532,1509,2041
267,1443,1710
722,483,1205
722,1462,2184
269,1575,1844
849,1346,2195
891,319,1210
393,1144,1537
754,507,1261
615,1179,1794
1107,1262,2369
460,1287,1747
333,349,682
545,613,1158
222,1282,1504
382,357,739
581,754,1335
1309,408,1717
1063,767,1830
350,356,706
655,1135,1790
1481,426,1907
1529,567,2096
278,313,591
498,1776,2274
112,758,870
1453,1093,2546
184,339,523
1085,437,1522
1146,537,1683
110,914,1024
283,540,823
1113,616,1729
1155,926,2081
399,620,1019
749,1113,1862
942,1129,2071
931,446,1377
901,679,1580
292,2735,3027
1635,494,2129
635,604,1239
273,352,625
678,612,1290
356,1035,1391
356,375,731
1216,1603,2819
1190,797,1987
792,1165,1957
419,702,1121
639,2561,3200
130,1379,1509
107,673,780
589,735,1324
833,2677,3510
174,845,1019
1242,1015,2257
924,605,1529
411,1155,1566
1396,1455,2851
394,592,986
2539,712,3251
252,829,1081
579,1149,1728
980,910,1890
1000,629,1629
1198,1587,2785
189,816,1005
824,808,1632
847,416,1263
609,503,1112
644,717,1361
375,623,998
576,1316,1892
2522,621,3143
1066,576,1642
430,1165,1595
494,702,1196
1019,1056,2075
500,667,1167
374,1307,1681
311,1280,1591
369,1655,2024
2566,727,3293
1140,587,1727
597,1056,1653
1377,1190,2567
420,620,1040
845,492,1337
426,1479,1905
261,1325,1586
1446,323,1769
173,489,662
389,1582,1971
901,487,1388
631,1037,1668
1536,928,2464
80,815,895
639,1037,1676
986,738,1724
865,568,1433
1188,1134,2322
848,826,1674
1374,479,1853
710,1017,1727
1312,531,1843
1678,988,2666
182,731,913
1430,672,2102
245,897,1142
510,652,1162
275,837,1112
370,636,1006
401,318,719
997,706,1703
1122,726,1848
817,1138,1955
830,1059,1889
1410,497,1907
926,1983,2909
924,1538,2462
672,506,1178
288,1018,1306
691,468,1159
1094,897,1991
527,827,1354
680,709,1389
522,1371,1893
575,1244,1819
395,993,1388
461,723,1184
59,725,784
465,1110,1575
592,955,1547
312,1145,1457
936,1079,2015
285,795,1080
554,1109,1663
397,1198,1595
148,1437,1585
756,865,1621
354,962,1316
1201,510,1711
439,1315,1754
1042,430,1472
923,827,1750
934,410,1344
202,1543,1745
918,500,1418
1222,607,1829
651,1168,1819
609,1017,1626
693,531,1224
951,611,1562
815,600,1415
564,624,1188
662,1274,1936
625,730,1355
974,429,1403
546,1373,1919
1022,545,1567
209,583,792
800,487,1287
197,484,681
1198,573,1771
777,1839,2616
645,1876,2521
320,568,888
513,1796,2309
696,2301,2997
383,514,897
482,504,986
1220,656,1876
970,700,1670
426,590,1016
401,488,889
324,1634,1958
432,438,870
376,342,718
1681,1339,3020
766,1384,2150
753,694,1447
1396,836,2232
1011,1004,2015
409,536,945
558,1824,2382
402,310,712
1036,561,1597
1732,1486,3218
1311,911,2222
386,997,1383
637,612,1249
1132,905,2037
344,1180,1524
888,1124,2012
478,903,1381
571,977,1548
1701,762,2463
2228,553,2781
1435,829,2264
402,364,766
507,981,1488
414,895,1309
215,740,955
831,626,1457
493,1220,1713
226,751,977
1030,820,1850
1178,704,1882
1555,909,2464
351,1097,1448
225,681,906
810,830,1640
1069,455,1524
601,702,1303
881,916,1797
244,925,1169
942,503,1445
1632,1108,2740
1069,928,1997
474,1066,1540
303,574,877
633,947,1580
778,942,1720
402,1219,1621
892,612,1504
757,626,1383
405,419,824
1236,836,2072
1210,512,1722
1055,457,1512
496,1335,1831
380,576,956
965,460,1425
895,710,1605
779,337,1116
939,812,1751
787,1085,1872
694,275,969
573,995,1568
390,1149,1539
755,951,1706
425,329,754
519,1441,1960
723,623,1346
213,466,679
739,608,1347
745,432,1177
125,354,479
386,1545,1931
275,651,926
580,1123,1703
942,864,1806
433,473,906
473,823,1296
534,614,1148
407,572,979
173,356,529
1235,645,1880
760,1022,1782
593,1079,1672
595,742,1337
319,719,1038
558,512,1070
1146,1297,2443
144,1008,1152
538,1183,1721
620,1512,2132
859,856,1715
550,562,1112
555,1142,1697
1081,1109,2190
146,532,678
207,1019,1226
673,791,1464
63,544,607
106,523,629
983,1165,2148
531,1464,1995
717,646,1363
794,1003,1797
133,1853,1986
444,894,1338
352,1050,1402
1451,1172,2623
230,515,745
376,351,727
782,1223,2005
1363,1270,2633
91,691,782
478,483,961
548,1116,1664
731,1306,2037
517,849,1366
911,687,1598
774,1033,1807
499,1127,1626
516,786,1302
145,700,845
1110,789,1899
424,933,1357
552,765,1317
531,716,1247
481,466,947
1084,752,1836
472,524,996
458,700,1158
1131,1068,2199
53,636,689
705,590,1295
470,1259,1729
264,484,748
513,759,1272
381,667,1048
960,601,1561
650,419,1069
282,839,1121
1555,618,2173
480,321,801
271,1444,1715
312,552,864
366,1112,1478
644,761,1405
537,505,1042
363,667,1030
538,890,1428
972,864,1836
936,714,1650
1001,808,1809
689,322,1011
486,776,1262
984,574,1558
618,473,1091
499,739,1238
1134,716,1850
1167,148,1315
654,838,1492
1017,914,1931
121,475,596
644,565,1209
614,635,1249
117,666,783
613,754,1367
211,704,915
487,606,1093
204,725,929
110,149,259
1380,734,2114
195,1592,1787
207,729,936
721,921,1642
384,751,1135
818,587,1405
226,592,818
77,588,665
307,639,946
140,353,493
542,1292,1834
181,979,1160
390,582,972
554,1385,1939
479,711,1190
239,976,1215
464,790,1254
366,739,1105
575,568,1143
184,513,697
293,649,942
407,559,966
208,756,964
873,1248,2121
300,611,911
466,790,1256
276,611,887
526,605,1131
448,808,1256
686,479,1165
329,697,1026
441,591,1032
391,1043,1434
358,1305,1663
691,1318,2009
486,570,1056
374,761,1135
539,615,1154
723,1032,1755
424,453,877
614,599,1213
208,659,867
672,956,1628
1088,739,1827
1000,913,1913
707,494,1201
775,775,1550
415,580,995
305,1155,1460
528,412,940
563,547,1110
627,1041,1668
572,958,1530
713,589,1302
1071,1038,2109
844,675,1519
979,589,1568
458,593,1051
281,968,1249
343,458,801
630,597,1227
948,585,1533
911,777,1688
548,519,1067
479,954,1433
975,665,1640
539,434,973
556,558,1114
296,1205,1501
913,487,1400
340,316,656
864,804,1668
528,935,1463
646,973,1619
376,589,965
1193,1092,2285
406,1002,1408
515,1217,1732
200,503,703
355,210,565
837,1016,1853
802,801,1603
515,1106,1621
352,802,1154
415,444,859
832,1094,1926
795,655,1450
488,1173,1661
241,438,679
383,899,1282
947,676,1623
639,828,1467
475,974,1449
175,754,929
516,748,1264
990,486,1476
805,833,1638
525,407,932
188,1158,1346
188,1056,1244
781,560,1341
432,749,1181
218,1655,1873
254,440,694
685,644,1329
806,569,1375
1189,492,1681
544,833,1377
391,1042,1433
881,1094,1975
611,583,1194
510,747,1257
594,1438,2032
210,585,795
174,850,1024
968,557,1525
897,719,1616
849,543,1392
758,834,1592
679,777,1456
385,596,981
980,676,1656
328,740,1068
379,678,1057
632,652,1284
353,887,1240
572,908,1480
695,1465,2160
458,656,1114
371,483,854
709,540,1249
230,962,1192
844,1386,2230
633,459,1092
464,569,1033
669,892,1561
1263,872,2135
401,471,872
534,607,1141
318,855,1173
722,968,1690
947,779,1726
845,1417,2262
548,708,1256
715,716,1431
1433,922,2355
586,678,1264
1357,914,2271
600,875,1475
593,643,1236
359,1206,1565
983,1114,2097
938,1481,2419
719,585,1304
105,776,881
254,541,795
444,601,1045
597,323,920
867,675,1542
244,922,1166
264,1362,1626
656,1312,1968
1204,1307,2511
403,875,1278
607,614,1221
307,960,1267
635,627,1262
266,1066,1332
617,684,1301
607,709,1316
899,909,1808
669,1215,1884
1276,919,2195
606,718,1324
848,777,1625
349,1069,1418
892,512,1404
305,1189,1494
825,479,1304
1128,596,1724
810,762,1572
198,1384,1582
1037,484,1521
430,1006,1436
751,582,1333
531,714,1245
746,320,1066
593,690,1283
497,732,1229
1085,764,1849
40,343,383
1350,738,2088
887,700,1587
851,859,1710
660,697,1357
820,561,1381
876,733,1609
620,868,1488
396,626,1022
797,748,1545
908,545,1453
440,765,1205
1165,976,2141
633,560,1193
679,781,1460
128,295,423
574,770,1344
979,622,1601
656,1010,1666
409,1333,1742
305,416,721
1111,1389,2500
632,1500,2132
611,1136,1747
648,556,1204
171,531,702
781,438,1219
408,981,1389
474,779,1253
314,439,753
1206,1209,2415
1177,253,1430
399,1049,1448
256,1283,1539
452,934,1386
577,1355,1932
380,884,1264
242,1065,1307
454,959,1413
1095,288,1383
444,939,1383
828,991,1819
1192,412,1604
208,1323,1531
615,1150,1765
952,443,1395
705,1831,2536
1084,558,1642
443,1103,1546
371,1078,1449
444,958,1402
975,563,1538
475,1153,1628
205,417,622
862,1244,2106
486,1422,1908
474,1165,1639
1028,497,1525
611,597,1208
504,1071,1575
1329,661,1990
1267,288,1555
922,674,1596
227,599,826
1398,638,2036
1030,341,1371
795,540,1335
686,638,1324
418,1378,1796
1221,443,1664
627,1406,2033
696,964,1660
539,2633,3172
457,406,863
852,598,1450
992,483,1475
850,716,1566
415,543,958
332,939,1271
1694,763,2457
786,938,1724
458,572,1030
1370,868,2238
243,662,905
253,692,945
655,369,1024
1470,587,2057
502,2760,3262
589,869,1458
1275,657,1932
1054,383,1437
354,989,1343
761,602,1363
520,582,1102
573,591,1164
540,615,1155
228,437,665
116,518,634
1105,1088,2193
425,442,867
115,752,867
326,509,835
853,545,1398
432,462,894
94,765,859
380,658,1038
272,615,887
279,464,743
329,711,1040
208,705,913
61,835,896
1119,2372,3491
425,631,1056
232,796,1028
336,430,766
385,673,1058
401,1372,1773
527,420,947
198,972,1170
2030,1544,3574
698,417,1115
762,618,1380
432,914,1346
627,947,1574
334,786,1120
438,747,1185
608,1772,2380
389,1522,1911
2476,1688,4164
1098,813,1911
556,980,1536
447,1548,1995
2127,1354,3481
1393,511,1904
520,871,1391
1244,888,2132
729,1279,2008
640,1275,1915
323,909,1232
1222,603,1825
1460,275,1735
449,1389,1838
638,1173,1811
1435,208,1643
120,2224,2344
475,1017,1492
373,1346,1719
724,1048,1772
847,230,1077
198,738,936
477,1408,1885
1063,187,1250
1103,384,1487
634,367,1001
623,1595,2218
1469,404,1873
786,366,1152
685,1657,2342
510,1010,1520
299,1404,1703
407,1021,1428
750,338,1088
521,500,1021
829,1397,2226
1060,575,1635
595,1632,2227
926,1137,2063
404,859,1263
772,1701,2473
378,1090,1468
2127,718,2845
540,1746,2286
1413,498,1911
140,513,653
722,1046,1768
954,605,1559
1558,724,2282
1347,886,2233
1086,371,1457
1126,489,1615
790,755,1545
561,1698,2259
1074,707,1781
231,1001,1232
32,642,674
1075,532,1607
1148,897,2045
1739,691,2430
19,530,549
1902,248,2150
997,557,1554
1616,787,2403
45,670,715
279,667,946
31,653,684
86,739,825
1466,493,1959
151,650,801
49,668,717
97,848,945
164,986,1150
206,1041,1247
631,772,1403
27,753,780
233,700,933
156,891,1047
953,761,1714
465,701,1166
134,831,965
621,369,990
1244,976,2220
19,1416,1435
77,1488,1565
104,790,894
520,792,1312
567,638,1205
582,659,1241
307,749,1056
62,1265,1327
394,1090,1484
1467,1156,2623
408,903,1311
399,1155,1554
646,1125,1771
592,808,1400
805,484,1289
201,737,938
1457,375,1832
170,1550,1720
574,870,1444
428,698,1126
269,1130,1399
560,1339,1899
733,565,1298
739,788,1527
1236,364,1600
734,1312,2046
554,1347,1901
463,1139,1602
865,1397,2262
640,576,1216
702,669,1371
759,861,1620
634,625,1259
642,551,1193
694,768,1462
1545,622,2167
979,450,1429
1096,778,1874
104,792,896
1252,790,2042
115,585,700
690,813,1503
1098,419,1517
1345,580,1925
916,736,1652
716,688,1404
410,476,886
1277,900,2177
150,614,764
318,497,815
666,890,1556
253,634,887
959,724,1683
134,1149,1283
304,575,879
436,575,1011
427,1099,1526
467,819,1286
420,555,975
1291,481,1772
645,942,1587
523,452,975
1157,745,1902
168,877,1045
392,710,1102
1056,575,1631
320,1276,1596
443,1080,1523
521,567,1088
592,629,1221
663,571,1234
273,813,1086
612,1025,1637
609,980,1589
927,1696,2623
546,855,1401
593,1043,1636
546,299,845
489,943,1432
401,874,1275
510,428,938
761,904,1665
417,964,1381
153,999,1152
215,1082,1297
302,1113,1415
386,1223,1609
889,2290,3179
577,573,1150
607,392,999
216,985,1201
718,472,1190
424,366,790
638,1127,1765
815,480,1295
1118,564,1682
64,395,459
584,685,1269
596,1355,1951
350,1272,1622
818,729,1547
754,579,1333
980,2213,3193
757,708,1465
875,471,1346
1103,526,1629
83,403,486
759,683,1442
211,519,730
235,1384,1619
220,459,679
506,680,1186
337,434,771
779,1017,1796
689,898,1587
810,934,1744
1094,477,1571
1112,783,1895
1419,1434,2853
1063,2391,3454
294,439,733
966,1011,1977
1312,469,1781
1987,1158,3145
426,2563,2989
185,883,1068
2030,864,2894
269,589,858
87,477,564
837,1116,1953
226,796,1022
473,2565,3038
795,742,1537
2088,757,2845
625,501,1126
962,1236,2198
1383,601,1984
543,668,1211
210,698,908
1229,850,2079
431,825,1256
306,887,1193
2425,457,2882
720,353,1073
879,534,1413
344,1184,1528
1061,500,1561
379,818,1197
700,673,1373
627,1127,1754
778,658,1436
442,966,1408
481,502,983
433,818,1251
451,555,1006
188,388,576
238,806,1044
486,1129,1615
1018,430,1448
171,1139,1310
592,506,1098
2471,582,3053
674,1032,1706
202,455,657
519,842,1361
348,330,678
418,548,966
871,1126,1997
1042,618,1660
338,534,872
768,1264,2032
244,595,839
387,995,1382
345,707,1052
225,1280,1505
709,990,1699
687,999,1686
876,760,1636
625,608,1233
559,789,1348
900,491,1391
536,602,1138
290,1861,2151
266,1485,1751
1135,580,1715
480,557,1037
952,540,1492
383,1982,2365
1072,502,1574
950,310,1260
502,779,1281
410,646,1056
730,1193,1923
608,1371,1979
635,929,1564
570,961,1531
955,813,1768
587,604,1191
583,704,1287
305,368,673
384,1717,2101
612,569,1181
822,1378,2200
922,447,1369
495,952,1447
1234,612,1846
576,761,1337
121,1359,1480
523,1024,1547
1168,518,1686
1703,700,2403
607,307,914
520,804,1324
674,454,1128
1865,710,2575
622,447,1069
567,1448,2015
318,525,843
425,431,856
1591,701,2292
658,514,1172
333,1780,2113
394,549,943
158,774,932
535,1147,1682
527,435,962
405,758,1163
994,1054,2048
428,288,716
438,724,1162
916,310,1226
1224,851,2075
624,429,1053
287,1298,1585
406,538,944
1246,710,1956
584,551,1135
784,1505,2289
322,1309,1631
525,347,872
571,1295,1866
500,352,852
638,996,1634
384,530,914
869,496,1365
222,761,983
549,533,1082
1249,1420,2669
428,1469,1897
21,346,367
444,1131,1575
1054,880,1934
432,692,1124
557,681,1238
722,780,1502
81,545,626
765,423,1188
123,471,594
30,726,756
651,677,1328
994,299,1293
164,640,804
1677,973,2650
467,825,1292
1042,687,1729
477,870,1347
617,898,1515
101,957,1058
403,533,936
276,581,857
1196,1125,2321
1243,731,1974
97,708,805
173,641,814
1129,832,1961
368,735,1103
363,689,1052
98,632,730
1187,429,1616
224,523,747
181,1582,1763
1190,799,1989
673,1167,1840
84,939,1023
308,1895,2203
1049,1144,2193
667,614,1281
405,550,955
456,745,1201
687,1150,1837
543,1086,1629
446,944,1390
760,1523,2283
411,786,1197
542,533,1075
847,837,1684
436,1037,1473
971,854,1825
608,1212,1820
540,870,1410
1495,944,2439
476,1035,1511
289,789,1078
483,1190,1673
648,884,1532
1116,399,1515
593,1250,1843
551,966,1517
470,759,1229
1649,506,2155
463,930,1393
331,1153,1484
389,1007,1396
504,945,1449
617,714,1331
1007,501,1508
576,699,1275
276,598,874
388,437,825
587,861,1448
1305,1010,2315
551,1090,1641
854,1206,2060
409,1124,1533
1160,836,1996
610,1300,1910
573,1016,1589
910,1870,2780
632,990,1622
694,967,1661
716,1996,2712
538,1137,1675
647,1045,1692
803,996,1799
939,1356,2295
696,1084,1780
690,1089,1779
319,1122,1441
475,1956,2431
471,1248,1719
523,1072,1595
699,1005,1704
919,1150,2069
251,747,998
1108,1526,2634
810,543,1353
814,1141,1955
843,1334,2177
55,933,988
849,1429,2278
752,519,1271
680,1277,1957
603,758,1361
1809,481,2290
996,1424,2420
854,450,1304
533,663,1196
1858,671,2529
65,969,1034
1280,710,1990
771,589,1360
599,624,1223
1147,783,1930
912,906,1818
874,432,1306
901,391,1292
675,590,1265
1936,621,2557
1033,1357,2390
225,589,814
1041,517,1558
851,1236,2087
891,935,1826
776,962,1738
317,441,758
214,597,811
1131,1313,2444
996,917,1913
464,490,954
373,491,864
245,723,968
699,984,1683
97,446,543
558,482,1040
486,610,1096
766,218,984
1279,888,2167
132,445,577
133,419,552
183,711,894
1152,1216,2368
275,858,1133
320,688,1008
982,587,1569
409,917,1326
94,316,410
1128,899,2027
334,322,656
176,464,640
987,1479,2466
234,608,842
608,693,1301
43,605,648
685,286,971
452,904,1356
927,572,1499
142,544,686
551,712,1263
1043,1139,2182
149,308,457
1306,1310,2616
202,351,553
879,722,1601
211,985,1196
477,769,1246
420,521,941
781,905,1686
642,1246,1888
372,510,882
833,1132,1965
111,325,436
283,852,1135
507,918,1425
50,908,958
170,471,641
94,743,837
556,1052,1608
111,1492,1603
814,609,1423
1407,739,2146
466,1113,1579
594,872,1466
326,373,699
164,858,1022
518,1276,1794
626,670,1296
885,904,1789
846,934,1780
1277,648,1925
613,848,1461
290,534,824
565,798,1363
696,725,1421
277,1165,1442
687,648,1335
675,550,1225
475,735,1210
623,733,1356
422,513,935
466,719,1185
609,938,1547
528,765,1293
964,618,1582
176,637,813
677,987,1664
1263,692,1955
812,513,1325
702,646,1348
1162,486,1648
1424,808,2232
493,487,980
356,415,771
574,467,1041
834,877,1711
685,582,1267
562,985,1547
424,576,1000
757,975,1732
714,1300,2014
361,1488,1849
755,776,1531
869,458,1327
479,337,816
856,554,1410
280,589,869
792,474,1266
404,836,1240
336,583,919
535,598,1133
496,897,1393
406,1744,2150
851,390,1241
489,553,1042
627,799,1426
590,701,1291
476,1020,1496
1025,773,1798
393,807,1200
279,1105,1384
370,506,876
908,1609,2517
360,1264,1624
257,1447,1704
675,835,1510
76,608,684
219,1024,1243
644,1316,1960
673,811,1484
186,531,717
1169,1007,2176
589,1829,2418
448,1006,1454
429,1328,1757
393,659,1052
573,1065,1638
995,696,1691
432,830,1262
372,781,1153
1167,548,1715
152,753,905
1676,1019,2695
359,1117,1476
205,1534,1739
683,841,1524
721,461,1182
1223,494,1717
485,843,1328
722,867,1589
745,881,1626
822,685,1507
1428,831,2259
458,1158,1616
963,660,1623
705,715,1420
779,400,1179
482,966,1448
620,648,1268
1276,696,1972
369,933,1302
659,456,1115
1646,831,2477
357,2154,2511
430,574,1004
938,739,1677
895,627,1522
677,1087,1764
280,701,981
955,903,1858
404,1231,1635
676,306,982
1216,967,2183
445,392,837
654,1164,1818
631,632,1263
416,808,1224
578,809,1387
829,995,1824
751,577,1328
756,540,1296
725,760,1485
592,1287,1879
790,1159,1949
859,540,1399
206,991,1197
761,482,1243
680,759,1439
684,737,1421
618,543,1161
1137,516,1653
507,703,1210
848,1190,2038
715,495,1210
618,847,1465
182,648,830
1016,1034,2050
475,836,1311
381,992,1373
544,1856,2400
1031,590,1621
938,341,1279
227,458,685
540,819,1359
876,2562,3438
438,460,898
846,745,1591
2183,1356,3539
456,922,1378
847,721,1568
434,522,956
603,647,1250
196,464,660
1205,910,2115
468,634,1102
1775,1260,3035
216,966,1182
214,948,1162
678,689,1367
674,672,1346
2571,421,2992
981,980,1961
488,882,1370
486,730,1216
630,642,1272
364,559,923
688,650,1338
381,963,1344
708,599,1307
558,564,1122
1134,531,1665
528,576,1104
879,276,1155
587,567,1154
523,1268,1791
314,772,1086
1121,406,1527
943,547,1490
562,594,1156
122,280,402
401,842,1243
501,2005,2506
518,578,1096
1467,489,1956
846,352,1198
745,446,1191
685,537,1222
131,336,467
546,920,1466
218,568,786
265,1774,2039
62,490,552
253,507,760
248,350,598
512,541,1053
297,646,943
488,373,861
731,1707,2438
486,494,980
543,518,1061
220,838,1058
252,808,1060
297,862,1159
81,556,637
2016,637,2653
299,1012,1311
204,477,681
518,718,1236
62,864,926
558,695,1253
117,500,617
1818,774,2592
474,897,1371
255,489,744
514,857,1371
463,982,1445
33,804,837
270,491,761
552,1109,1661
1603,691,2294
253,794,1047
355,627,982
227,703,930
478,582,1060
426,595,1021
377,620,997
273,596,869
498,554,1052
702,1607,2309
649,474,1123
204,801,1005
552,706,1258
796,935,1731
575,432,1007
532,506,1038
371,606,977
597,2419,3016
460,955,1415
579,830,1409
519,776,1295
598,986,1584
500,465,965
430,574,1004
315,906,1221
715,2506,3221
180,431,611
493,808,1301
1496,1882,3378
459,922,1381
541,671,1212
265,717,982
267,1222,1489
356,809,1165
203,1117,1320
322,749,1071
2185,648,2833
851,612,1463
707,787,1494
381,760,1141
203,807,1010
818,1205,2023
428,1251,1679
431,4067,4498
446,830,1276
2342,682,3024
738,674,1412
236,785,1021
218,681,899
409,943,1352
601,946,1547
755,1191,1946
461,4247,4708
730,784,1514
360,1665,2025
820,792,1612
499,740,1239
459,796,1255
207,1111,1318
678,966,1644
904,801,1705
1700,645,2345
823,4224,5047
619,5417,6036
270,1227,1497
3777,1054,4831
664,1191,1855
332,5228,5560
3984,869,4853
560,1013,1573
1365,4213,5578
1065,1272,2337
660,1379,2039
3506,765,4271
182,1054,1236
637,1084,1721
386,1405,1791
390,1352,1742
923,374,1297
478,993,1471
624,1086,1710
1010,1308,2318
228,1706,1934
609,1212,1821
569,1696,2265
584,433,1017
793,1048,1841
1161,369,1530
1236,326,1562
650,1363,2013
638,1276,1914
834,350,1184
4857,895,5752
544,1664,2208
1284,530,1814
704,662,1366
1281,624,1905
758,1647,2405
452,1644,2096
1265,787,2052
31,316,347
5261,849,6110
887,1458,2345
769,659,1428
56,540,596
1003,526,1529
4268,1047,5315
324,1870,2194
959,635,1594
554,1366,1920
28,717,745
884,1302,2186
252,631,883
156,626,782
1055,588,1643
498,373,871
830,1609,2439
881,973,1854
691,2133,2824
1282,740,2022
812,1242,2054
314,554,868
78,995,1073
1161,930,2091
1090,1080,2170
829,2005,2834
1464,797,2261
258,171,429
678,1799,2477
227,1012,1239
775,622,1397
1783,654,2437
1396,873,2269
1179,904,2083
284,526,810
1931,434,2365
1587,737,2324
1025,455,1480
366,580,946
355,687,1042
434,666,1100
29,591,620
1121,318,1439
87,547,634
672,465,1137
746,972,1718
544,587,1131
469,378,847
286,409,695
375,385,760
187,1486,1673
586,334,920
826,2027,2853
698,647,1345
589,498,1087
436,445,881
537,586,1123
435,1451,1886
200,923,1123
349,1839,2188
256,546,802
393,319,712
375,577,952
266,1410,1676
259,779,1038
463,595,1058
469,1749,2218
1123,818,1941
40,530,570
307,713,1020
833,804,1637
1359,676,2035
229,723,952
383,930,1313
1754,782,2536
701,407,1108
826,754,1580
346,2400,2746
453,687,1140
396,758,1154
338,667,1005
306,953,1259
1529,842,2371
360,2045,2405
466,853,1319
577,2356,2933
1762,825,2587
163,698,861
501,745,1246
353,1032,1385
94,759,853
384,2208,2592
621,2519,3140
234,730,964
654,588,1242
2173,760,2933
1351,422,1773
505,356,861
325,691,1016
820,2439,3259
576,539,1115
329,861,1190
660,2445,3105
395,1693,2088
619,484,1103
2293,614,2907
99,1158,1257
154,2275,2429
131,1418,1549
476,749,1225
161,1227,1388
1816,960,2776
806,2322,3128
504,938,1442
167,492,659
2146,603,2749
262,732,994
444,1533,1977
166,1781,1947
2059,770,2829
539,670,1209
400,1903,2303
458,951,1409
448,956,1404
580,632,1212
1559,852,2411
593,848,1441
395,472,867
717,757,1474
2019,827,2846
1429,628,2057
716,538,1254
355,883,1238
547,782,1329
816,664,1480
395,760,1155
841,357,1198
310,1426,1736
1597,382,1979
774,528,1302
292,772,1064
211,1220,1431
731,552,1283
485,1193,1678
687,542,1229
893,1350,2243
2109,634,2743
540,755,1295
706,634,1340
683,343,1026
993,1313,2306
331,365,696
657,1744,2401
121,534,655
355,520,875
2335,1340,3675
981,465,1446
417,550,967
726,857,1583
1135,1262,2397
431,705,1136
578,1864,2442
176,779,955
463,719,1182
346,1517,1863
1338,1084,2422
213,458,671
191,858,1049
1062,1482,2544
2225,1533,3758
177,652,829
1281,737,2018
1230,1525,2755
462,702,1164
325,1543,1868
342,521,863
1173,1092,2265
1021,1364,2385
309,1249,1558
366,1052,1418
416,637,1053
1596,956,2552
351,547,898
535,1077,1612
130,599,729
247,1022,1269
298,466,764
303,796,1099
640,1106,1746
485,1685,2170
1783,827,2610
608,899,1507
560,680,1240
1212,903,2115
861,656,1517
36,1182,1218
533,364,897
423,1054,1477
771,878,1649
1275,1254,2529
1218,468,1686
831,736,1567
597,1010,1607
629,591,1220
485,604,1089
685,770,1455
562,1064,1626
1286,994,2280
1033,1297,2330
1076,836,1912
1103,1065,2168
540,1146,1686
869,568,1437
22,661,683
784,555,1339
882,1123,2005
1368,1215,2583
312,1182,1494
1132,922,2054
822,1038,1860
947,789,1736
745,722,1467
43,835,878
357,661,1018
413,746,1159
1033,834,1867
266,835,1101
602,1170,1772
44,1035,1079
478,622,1100
394,1344,1738
452,935,1387
703,704,1407
672,512,1184
1184,830,2014
716,729,1445
787,843,1630
847,1131,1978
312,1382,1694
570,641,1211
432,1905,2337
447,765,1212
397,1190,1587
826,634,1460
887,641,1528
677,722,1399
589,1043,1632
433,914,1347
299,938,1237
732,636,1368
702,1040,1742
516,755,1271
1078,1236,2314
310,690,1000
900,1556,2456
613,753,1366
813,631,1444
297,1580,1877
451,764,1215
199,1089,1288
636,1568,2204
983,330,1313
962,1165,2127
621,390,1011
915,1252,2167
847,638,1485
974,1233,2207
882,2150,3032
791,563,1354
1076,953,2029
691,1514,2205
852,773,1625
583,878,1461
667,822,1489
1416,565,1981
435,970,1405
705,497,1202
1049,2836,3885
529,701,1230
1060,653,1713
1313,1312,2625
749,1025,1774
653,755,1408
723,769,1492
1077,577,1654
40,743,783
533,1313,1846
1264,2619,3883
251,773,1024
1150,1228,2378
1685,1576,3261
525,1122,1647
1269,590,1859
48,922,970
389,613,1002
651,1094,1745
687,1521,2208
307,794,1101
238,742,980
813,1668,2481
657,644,1301
1027,971,1998
790,1530,2320
466,793,1259
601,709,1310
1263,1052,2315
1385,913,2298
443,966,1409
905,917,1822
1309,353,1662
738,852,1590
561,1003,1564
323,746,1069
394,879,1273
2525,791,3316
1111,1054,2165
155,1157,1312
2279,1128,3407
861,1095,1956
605,751,1356
794,743,1537
888,874,1762
863,558,1421
801,496,1297
889,545,1434
334,900,1234
769,382,1151
662,547,1209
1038,924,1962
553,360,913
822,1477,2299
491,516,1007
613,1513,2126
710,1621,2331
453,838,1291
680,574,1254
521,1429,1950
649,1258,1907
416,675,1091
696,1118,1814
482,354,836
1362,372,1734
926,883,1809
842,313,1155
1083,919,2002
540,1066,1606
836,1521,2357
282,681,963
369,488,857
542,1133,1675
603,1418,2021
429,734,1163
167,1333,1500
547,1255,1802
870,784,1654
710,1033,1743
535,564,1099
818,1113,1931
1320,494,1814
602,1416,2018
661,1741,2402
248,1712,1960
1338,862,2200
1157,1147,2304
197,695,892
229,1319,1548
804,774,1578
920,1034,1954
152,636,788
671,1324,1995
1121,654,1775
755,872,1627
1337,1113,2450
435,692,1127
1279,1041,2320
536,657,1193
338,1371,1709
336,2304,2640
535,670,1205
280,1155,1435
1193,1500,2693
371,1845,2216
405,1076,1481
992,1160,2152
1588,863,2451
943,578,1521
1207,1079,2286
936,263,1199
572,399,971
371,1419,1790
1243,1118,2361
725,1434,2159
1007,1433,2440
973,270,1243
1293,1227,2520
1490,1381,2871
1072,1283,2355
916,1562,2478
257,1776,2033
578,872,1450
728,1303,2031
1053,1184,2237
574,1370,1944
843,1161,2004
945,540,1485
542,337,879
704,952,1656
406,518,924
1329,373,1702
635,1143,1778
749,1715,2464
1135,471,1606
990,1117,2107
1030,513,1543
86,795,881
1456,278,1734
1339,1202,2541
661,1018,1679
784,1274,2058
1004,354,1358
88,520,608
141,813,954
1199,539,1738
1563,759,2322
1275,570,1845
1604,365,1969
157,585,742
1023,407,1430
1823,1566,3389
915,726,1641
953,438,1391
1434,1281,2715
1000,412,1412
1328,507,1835
714,1288,2002
934,956,1890
50,175,225
53,566,619
1304,782,2086
1117,342,1459
25,784,809
49,495,544
1545,689,2234
1179,872,2051
46,530,576
1116,836,1952
1403,629,2032
28,939,967
157,418,575
90,1036,1126
40,671,711
92,573,665
132,484,616
37,1044,1081
30,1076,1106
321,537,858
47,974,1021
1085,633,1718
238,901,1139
553,548,1101
305,1179,1484
48,798,846
38,1253,1291
414,469,883
388,834,1222
420,982,1402
443,937,1380
687,693,1380
507,946,1453
271,1072,1343
765,464,1229
133,614,747
179,573,752
424,1126,1550
313,603,916
767,680,1447
746,698,1444
497,736,1233
568,916,1484
298,1003,1301
25,1008,1033
685,559,1244
821,774,1595
642,519,1161
311,1165,1476
507,625,1132
264,914,1178
420,1586,2006
25,1893,1918
316,1052,1368
1001,280,1281
762,878,1640
333,1776,2109
949,658,1607
586,604,1190
763,881,1644
738,1386,2124
689,892,1581
663,518,1181
1161,389,1550
1684,484,2168
556,770,1326
428,839,1267
876,536,1412
387,585,972
485,900,1385
648,741,1389
746,853,1599
742,379,1121
1399,373,1772
673,503,1176
268,1246,1514
534,742,1276
1183,589,1772
520,910,1430
836,616,1452
278,878,1156
413,1140,1553
565,516,1081
385,464,849
576,1222,1798
438,444,882
726,653,1379
689,1042,1731
392,1019,1411
456,987,1443
513,1340,1853
104,799,903
773,831,1604
764,820,1584
63,1063,1126
69,754,823
753,673,1426
590,716,1306
241,631,872
462,724,1186
65,642,707
665,938,1603
101,1178,1279
475,1508,1983
538,1028,1566
485,475,960
503,557,1060
385,558,943
698,556,1254
280,798,1078
339,685,1024
549,552,1101
1032,1103,2135
79,1053,1132
558,522,1080
484,412,896
824,800,1624
501,831,1332
408,541,949
735,1204,1939
926,941,1867
489,1128,1617
269,331,600
1232,1500,2732
889,630,1519
259,893,1152
477,923,1400
748,1349,2097
1116,897,2013
241,318,559
221,282,503
868,752,1620
681,889,1570
988,1202,2190
623,835,1458
820,575,1395
977,1056,2033
282,489,771
208,661,869
661,654,1315
1299,469,1768
433,394,827
963,545,1508
524,487,1011
1106,558,1664
240,765,1005
614,652,1266
511,1361,1872
869,1268,2137
29,424,453
754,815,1569
529,1350,1879
947,957,1904
63,625,688
787,1489,2276
688,886,1574
470,1370,1840
624,456,1080
185,816,1001
670,632,1302
238,1473,1711
641,1429,2070
963,618,1581
447,1224,1671
770,512,1282
209,536,745
253,742,995
520,1146,1666
247,775,1022
281,875,1156
365,1318,1683
1180,470,1650
552,842,1394
309,725,1034
238,947,1185
1036,663,1699
535,709,1244
362,1038,1400
1246,860,2106
1329,603,1932
814,570,1384
345,1024,1369
211,972,1183
400,805,1205
457,701,1158
452,1146,1598
457,1131,1588
526,929,1455
336,806,1142
756,795,1551
478,719,1197
488,683,1171
177,754,931
719,497,1216
227,1116,1343
722,892,1614
784,457,1241
1338,765,2103
557,640,1197
426,749,1175
1323,681,2004
1028,1131,2159
414,518,932
556,993,1549
955,1008,1963
516,973,1489
950,625,1575
485,931,1416
415,1216,1631
782,519,1301
634,1028,1662
492,487,979
445,708,1153
284,816,1100
534,670,1204
324,933,1257
801,506,1307
947,502,1449
455,1318,1773
596,1045,1641
478,598,1076
546,580,1126
711,991,1702
241,538,779
569,1181,1750
860,506,1366
180,1461,1641
288,805,1093
464,694,1158
97,942,1039
753,794,1547
536,959,1495
464,813,1277
894,863,1757
642,1168,1810
860,853,1713
305,592,897
410,1371,1781
916,769,1685
795,913,1708
442,602,1044
593,580,1173
652,667,1319
700,1389,2089
880,1051,1931
162,1322,1484
765,1373,2138
827,892,1719
737,614,1351
273,1092,1365
547,631,1178
842,565,1407
1218,884,2102
734,614,1348
1117,541,1658
801,1725,2526
605,653,1258
689,820,1509
1205,548,1753
1139,849,1988
548,543,1091
446,962,1408
330,307,637
1242,692,1934
693,891,1584
629,649,1278
1226,787,2013
818,724,1542
266,487,753
307,1502,1809
333,335,668
672,646,1318
760,821,1581
488,328,816
119,756,875
761,1356,2117
339,670,1009
350,554,904
1060,1201,2261
658,354,1012
545,421,966
56,746,802
1410,882,2292
491,1522,2013
385,395,780
857,820,1677
448,594,1042
688,329,1017
250,900,1150
850,448,1298
1267,1122,2389
445,334,779
64,363,427
104,1174,1278
582,1284,1866
544,672,1216
849,386,1235
173,1196,1369
101,1524,1625
113,884,997
166,417,583
1014,1691,2705
674,545,1219
206,601,807
489,542,1031
1064,2316,3380
1099,560,1659
239,511,750
339,642,981
1515,1781,3296
1126,299,1425
348,910,1258
1547,1596,3143
496,678,1174
294,520,814
207,872,1079
115,1427,1542
284,462,746
598,859,1457
443,1060,1503
1761,378,2139
280,1250,1530
1126,701,1827
324,589,913
837,633,1470
1693,716,2409
552,1181,1733
1400,1132,2532
718,1030,1748
210,1082,1292
1067,571,1638
354,1102,1456
321,636,957
195,1163,1358
958,324,1282
795,1052,1847
364,1055,1419
452,1027,1479
963,261,1224
11465,609,12074
313,889,1202
493,1050,1543
927,989,1916
575,307,882
373,901,1274
66,664,730
402,1355,1757
958,422,1380
78,842,920
172,1603,1775
1019,361,1380
776,846,1622
604,1290,1894
1003,632,1635
738,457,1195
108,880,988
585,2203,2788
1061,684,1745
977,641,1618
397,2170,2567
924,558,1482
884,427,1311
567,533,1100
1158,1503,2661
1113,459,1572
105,463,568
1077,560,1637
800,723,1523
658,2022,2680
1410,691,2101
730,422,1152
622,909,1531
929,2190,3119
264,1978,2242
599,560,1159
588,661,1249
1236,1557,2793
839,359,1198
152,437,589
35,939,974
2040,804,2844
124,320,444
788,677,1465
71,2497,2568
826,1990,2816
203,348,551
586,611,1197
272,760,1032
403,1724,2127
405,2434,2839
37,624,661
513,691,1204
2036,887,2923
243,898,1141
79,822,901
1860,1134,2994
357,562,919
55,733,788
692,1731,2423
1533,1372,2905
154,544,698
1447,718,2165
444,983,1427
1587,817,2404
518,433,951
1524,1248,2772
580,697,1277
694,431,1125
65,1125,1190
798,480,1278
48,455,503
38,1164,1202
210,232,442
189,471,660
95,462,557
257,1119,1376
2332,872,3204
389,679,1068
261,360,621
538,911,1449
170,1459,1629
585,918,1503
392,944,1336
350,351,701
58,934,992
2182,1075,3257
480,938,1418
1943,852,2795
302,385,687
32,920,952
333,1885,2218
1639,1696,3335
417,1282,1699
653,584,1237
307,695,1002
703,1106,1809
799,1028,1827
649,666,1315
349,603,952
578,1976,2554
392,516,908
1318,1370,2688
1104,909,2013
718,582,1300
503,1397,1900
382,1143,1525
755,799,1554
943,437,1380
204,800,1004
289,992,1281
327,1357,1684
327,904,1231
1048,1078,2126
132,1160,1292
1115,750,1865
663,742,1405
766,1239,2005
342,1016,1358
1213,701,1914
277,723,1000
764,969,1733
514,1174,1688
600,605,1205
810,2154,2964
930,1189,2119
899,943,1842
807,458,1265
1238,498,1736
993,1848,2841
308,622,930
154,581,735
898,1274,2172
912,511,1423
898,2580,3478
1031,908,1939
897,849,1746
439,487,926
415,514,929
606,904,1510
501,781,1282
226,1065,1291
726,1193,1919
691,751,1442
1161,2001,3162
1023,1162,2185
731,923,1654
459,568,1027
789,730,1519
485,731,1216
535,987,1522
276,1283,1559
1532,1519,3051
1669,1170,2839
444,1099,1543
1109,700,1809
957,577,1534
363,730,1093
808,953,1761
644,786,1430
379,914,1293
756,959,1715
727,988,1715
1014,731,1745
1931,1766,3697
213,924,1137
809,778,1587
915,572,1487
1252,1862,3114
463,842,1305
487,785,1272
2055,819,2874
1068,677,1745
497,845,1342
239,956,1195
506,725,1231
952,474,1426
403,1162,1565
673,602,1275
624,431,1055
615,1021,1636
1435,1034,2469
1270,1162,2432
490,1092,1582
767,939,1706
588,635,1223
801,986,1787
603,754,1357
522,568,1090
419,855,1274
746,818,1564
583,945,1528
682,645,1327
371,673,1044
864,506,1370
605,692,1297
784,827,1611
1630,885,2515
484,827,1311
708,1137,1845
558,534,1092
1049,406,1455
660,849,1509
911,356,1267
869,736,1605
1748,1002,2750
603,822,1425
1102,1079,2181
843,741,1584
1014,1093,2107
221,776,997
722,512,1234
671,468,1139
719,460,1179
516,1151,1667
525,1595,2120
837,782,1619
215,732,947
465,885,1350
380,638,1018
658,519,1177
557,658,1215
293,761,1054
647,512,1159
705,580,1285
978,1380,2358
470,670,1140
212,642,854
573,511,1084
1054,1248,2302
460,1079,1539
444,895,1339
490,1560,2050
895,604,1499
352,3505,3857
730,1673,2403
369,509,878
922,3002,3924
1511,696,2207
551,1172,1723
1208,2788,3996
1097,701,1798
935,1014,1949
616,517,1133
3514,265,3779
783,644,1427
697,717,1414
459,1081,1540
952,1154,2106
384,340,724
1138,542,1680
991,885,1876
527,649,1176
2945,277,3222
521,577,1098
818,1115,1933
1010,1432,2442
2742,426,3168
494,463,957
248,1343,1591
1116,537,1653
1484,697,2181
442,725,1167
348,433,781
665,1044,1709
192,863,1055
761,557,1318
470,1283,1753
74,437,511
1038,677,1715
398,674,1072
101,719,820
525,862,1387
766,630,1396
322,1126,1448
507,1300,1807
1031,778,1809
1356,644,2000
249,1348,1597
946,876,1822
329,557,886
789,376,1165
354,1404,1758
962,825,1787
356,1017,1373
1174,869,2043
25,565,590
601,695,1296
1141,841,1982
565,589,1154
413,702,1115
407,2409,2816
823,842,1665
46,564,610
450,2384,2834
1245,658,1903
580,1584,2164
121,628,749
895,2010,2905
739,1521,2260
532,914,1446
2311,504,2815
392,367,759
87,1021,1108
453,615,1068
316,726,1042
149,846,995
576,774,1350
400,926,1326
884,1024,1908
114,750,864
400,838,1238
286,948,1234
380,1099,1479
506,1044,1550
558,1485,2043
325,834,1159
447,802,1249
2221,670,2891
1270,1265,2535
37,1686,1723
540,665,1205
829,666,1495
173,1054,1227
1229,841,2070
2334,422,2756
511,1384,1895
636,1830,2466
242,1512,1754
879,1122,2001
627,2129,2756
745,648,1393
595,814,1409
1236,1350,2586
219,2000,2219
797,605,1402
653,562,1215
472,1053,1525
1389,863,2252
1045,637,1682
453,1530,1983
1897,398,2295
602,468,1070
1260,771,2031
820,629,1449
1848,385,2233
699,595,1294
618,1052,1670
1665,745,2410
613,955,1568
559,1434,1993
1066,1186,2252
505,835,1340
727,352,1079
566,822,1388
1415,788,2203
175,510,685
431,1442,1873
446,997,1443
604,1384,1988
1271,637,1908
700,1613,2313
507,1141,1648
979,1088,2067
895,663,1558
494,891,1385
248,516,764
774,1401,2175
301,991,1292
1387,817,2204
339,805,1144
288,1039,1327
138,890,1028
348,690,1038
409,642,1051
730,132,862
335,184,519
471,1246,1717
80,231,311
565,683,1248
135,353,488
1105,1781,2886
869,1348,2217
184,413,597
433,1204,1637
532,1791,2323
535,1597,2132
382,2060,2442
968,1684,2652
823,1145,1968
1382,1513,2895
1087,1997,3084
535,1393,1928
184,408,592
303,1892,2195
206,2014,2220
682,1484,2166
921,1610,2531
1300,2089,3389
496,1229,1725
1206,1732,2938
1089,1493,2582
743,1703,2446
256,609,865
490,2056,2546
1151,803,1954
692,2089,2781
1279,1801,3080
1519,1752,3271
549,1464,2013
1842,539,2381
596,1782,2378
1008,1119,2127
1419,1191,2610
1421,1034,2455
1427,756,2183
783,2131,2914
1637,814,2451
1055,1018,2073
932,984,1916
1325,499,1824
567,739,1306
1197,1224,2421
1524,1370,2894
1761,997,2758
1757,1427,3184
1267,994,2261
1908,908,2816
1002,1978,2980
1128,1059,2187
1063,754,1817
1709,1488,3197
1416,961,2377
1904,1221,3125
1865,1165,3030
310,805,1115
674,796,1470
770,778,1548
1461,1104,2565
602,591,1193
272,944,1216
1513,598,2111
1284,973,2257
941,932,1873
201,1517,1718
990,706,1696
673,1029,1702
1665,1299,2964
901,693,1594
877,789,1666
465,877,1342
659,1026,1685
1008,623,1631
817,1031,1848
711,651,1362
412,1692,2104
707,643,1350
848,993,1841
819,561,1380
950,722,1672
273,1018,1291
490,1023,1513
183,998,1181
525,846,1371
629,721,1350
689,1684,2373
1777,885,2662
476,349,825
1306,1060,2366
472,1058,1530
482,1012,1494
1671,1338,3009
764,826,1590
793,858,1651
114,571,685
899,980,1879
463,371,834
1562,813,2375
622,989,1611
833,939,1772
1411,699,2110
1156,1638,2794
280,769,1049
358,727,1085
1049,1793,2842
594,413,1007
1336,1376,2712
236,1019,1255
452,617,1069
925,450,1375
413,877,1290
436,866,1302
768,571,1339
739,677,1416
555,943,1498
1142,1795,2937
523,963,1486
460,526,986
602,1713,2315
600,902,1502
966,441,1407
63,662,725
759,1047,1806
91,612,703
1207,1486,2693
95,1077,1172
324,1629,1953
1496,987,2483
303,812,1115
337,678,1015
522,1446,1968
563,764,1327
849,1179,2028
256,494,750
36,547,583
786,642,1428
1361,726,2087
339,645,984
303,762,1065
1349,915,2264
1207,309,1516
464,555,1019
775,855,1630
1234,432,1666
870,1062,1932
281,943,1224
353,1007,1360
1314,1185,2499
577,1261,1838
578,548,1126
425,500,925
569,808,1377
363,786,1149
370,594,964
1396,1020,2416
509,2860,3369
699,910,1609
556,671,1227
794,1240,2034
548,1025,1573
585,424,1009
910,803,1713
877,2656,3533
871,843,1714
618,716,1334
440,1305,1745
374,2626,3000
710,961,1671
2544,588,3132
1058,458,1516
912,574,1486
813,1911,2724
2520,519,3039
852,714,1566
654,872,1526
1024,499,1523
50,483,533
1092,465,1557
318,927,1245
691,357,1048
1737,1012,2749
754,916,1670
2379,375,2754
803,1209,2012
633,482,1115
208,829,1037
650,1288,1938
32,359,391
60,1175,1235
657,583,1240
1292,763,2055
55,573,628
29,607,636
93,756,849
396,749,1145
102,692,794
250,1008,1258
248,551,799
83,1323,1406
135,694,829
501,994,1495
554,1189,1743
384,499,883
450,1732,2182
43,1467,1510
282,561,843
902,696,1598
407,991,1398
72,555,627
317,709,1026
254,1492,1746
608,293,901
864,1492,2356
175,1005,1180
475,564,1039
312,844,1156
484,1559,2043
902,1041,1943
59,1699,1758
1018,1095,2113
1134,995,2129
507,1611,2118
528,1606,2134
1030,784,1814
199,636,835
364,1010,1374
1620,653,2273
1304,888,2192
227,767,994
1033,571,1604
710,932,1642
1622,636,2258
701,947,1648
291,954,1245
620,935,1555
1138,644,1782
449,1365,1814
185,1227,1412
417,646,1063
1288,408,1696
1339,345,1684
327,1044,1371
280,742,1022
420,628,1048
459,646,1105
1278,761,2039
240,484,724
708,848,1556
566,625,1191
866,719,1585
714,656,1370
562,532,1094
717,644,1361
374,853,1227
25,1011,1036
753,715,1468
752,1076,1828
331,304,635
449,1005,1454
830,1065,1895
312,505,817
66,719,785
471,1315,1786
338,513,851
595,847,1442
499,744,1243
1195,774,1969
631,912,1543
843,2090,2933
148,977,1125
66,592,658
254,742,996
451,2092,2543
431,730,1161
263,969,1232
1017,1062,2079
474,1064,1538
961,912,1873
31,1460,1491
117,498,615
173,991,1164
645,1930,2575
530,982,1512
494,791,1285
152,890,1042
53,1724,1777
790,787,1577
800,1469,2269
658,565,1223
344,810,1154
388,1091,1479
402,1516,1918
846,812,1658
479,810,1289
382,1279,1661
178,2288,2466
1262,351,1613
567,1382,1949
413,961,1374
1806,584,2390
444,1298,1742
798,1178,1976
439,1169,1608
1873,1108,2981
1039,882,1921
728,1191,1919
1270,170,1440
580,1160,1740
1316,678,1994
859,1023,1882
800,814,1614
693,721,1414
1198,1605,2803
1376,1027,2403
407,958,1365
73,401,474
1255,739,1994
813,600,1413
114,556,670
668,1203,1871
742,476,1218
606,1167,1773
222,987,1209
812,702,1514
897,937,1834
411,1138,1549
655,938,1593
901,720,1621
493,1500,1993
582,1300,1882
1629,1630,3259
962,677,1639
746,805,1551
1144,1172,2316
1067,584,1651
159,572,731
875,1179,2054
722,1313,2035
920,670,1590
1749,1499,3248
912,961,1873
857,1041,1898
498,524,1022
808,706,1514
306,1818,2124
240,1052,1292
991,1360,2351
718,779,1497
570,920,1490
391,1164,1555
385,670,1055
494,1115,1609
474,1235,1709
437,1866,2303
994,1143,2137
1415,713,2128
1420,1474,2894
710,736,1446
672,1062,1734
1072,591,1663
556,570,1126
694,1128,1822
378,1289,1667
645,1486,2131
755,517,1272
1099,1518,2617
1547,1485,3032
425,917,1342
657,533,1190
1349,1225,2574
1795,1228,3023
466,1395,1861
443,1617,2060
1146,897,2043
908,937,1845
1035,844,1879
931,947,1878
689,1238,1927
913,962,1875
488,540,1028
1031,1444,2475
1185,1213,2398
420,962,1382
444,1004,1448
674,1346,2020
663,1215,1878
488,1055,1543
287,1420,1707
729,992,1721
1345,1130,2475
1224,943,2167
639,454,1093
922,726,1648
1296,1183,2479
1679,1182,2861
939,957,1896
767,944,1711
903,975,1878
286,815,1101
1435,1015,2450
796,575,1371
930,492,1422
731,1023,1754
972,828,1800
841,1202,2043
1078,1435,2513
371,1186,1557
1023,418,1441
878,677,1555
913,515,1428
925,807,1732
805,426,1231
453,646,1099
607,824,1431
1260,1441,2701
1255,830,2085
1043,467,1510
1218,1610,2828
1334,1009,2343
620,592,1212
1129,852,1981
187,452,639
896,1725,2621
414,1254,1668
221,770,991
796,1300,2096
551,382,933
651,2125,2776
750,974,1724
1232,821,2053
632,1094,1726
235,571,806
725,1498,2223
223,541,764
350,677,1027
701,321,1022
1131,1520,2651
332,962,1294
739,1411,2150
558,724,1282
922,923,1845
1243,1020,2263
1177,1077,2254
902,1315,2217
515,976,1491
1275,980,2255
533,780,1313
414,634,1048
407,728,1135
477,323,800
1050,1569,2619
1528,605,2133
116,498,614
316,1203,1519
1018,472,1490
960,950,1910
785,835,1620
46,1111,1157
741,1056,1797
533,636,1169
371,980,1351
145,989,1134
390,1007,1397
1110,798,1908
537,812,1349
917,424,1341
736,717,1453
1180,808,1988
935,581,1516
860,505,1365
632,731,1363
745,558,1303
144,610,754
996,989,1985
135,562,697
528,867,1395
547,1303,1850
31,1033,1064
2034,825,2859
52,599,651
582,1336,1918
144,739,883
870,777,1647
213,765,978
903,771,1674
294,879,1173
263,796,1059
187,639,826
617,1358,1975
981,813,1794
321,877,1198
386,872,1258
386,627,1013
487,795,1282
648,619,1267
275,925,1200
462,320,782
823,690,1513
52,616,668
462,1024,1486
324,749,1073
246,640,886
448,279,727
1135,1505,2640
877,1311,2188
570,826,1396
464,1093,1557
569,922,1491
474,815,1289
1077,737,1814
787,846,1633
654,1086,1740
1527,1691,3218
506,308,814
722,937,1659
164,818,982
280,736,1016
1096,741,1837
536,349,885
540,919,1459
129,860,989
221,755,976
304,1776,2080
901,220,1121
212,1163,1375
333,1015,1348
432,949,1381
581,873,1454
566,1065,1631
573,995,1568
432,821,1253
556,498,1054
1019,1365,2384
32,451,483
640,664,1304
498,1187,1685
655,962,1617
743,939,1682
592,1490,2082
492,834,1326
477,1013,1490
1586,995,2581
31,620,651
826,738,1564
352,1294,1646
641,780,1421
75,837,912
747,732,1479
362,865,1227
478,1276,1754
1185,975,2160
260,725,985
606,1672,2278
454,1273,1727
1067,805,1872
914,780,1694
447,710,1157
189,562,751
547,536,1083
27,625,652
447,912,1359
737,805,1542
885,1439,2324
385,946,1331
438,1061,1499
1325,634,1959
506,532,1038
670,900,1570
512,896,1408
740,672,1412
418,1029,1447
591,1636,2227
635,831,1466
481,828,1309
752,858,1610
747,717,1464
608,844,1452
640,944,1584
584,892,1476
480,924,1404
888,523,1411
458,1232,1690
507,844,1351
568,772,1340
187,1223,1410
977,565,1542
1177,699,1876
440,739,1179
415,1072,1487
438,782,1220
752,521,1273
426,1439,1865
722,847,1569
380,944,1324
764,670,1434
748,978,1726
890,1034,1924
737,702,1439
360,665,1025
1084,700,1784
214,1865,2079
1148,989,2137
573,690,1263
542,623,1165
1307,456,1763
825,870,1695
515,1889,2404
788,458,1246
642,570,1212
344,487,831
510,306,816
656,907,1563
428,787,1215
817,925,1742
898,324,1222
1078,1202,2280
458,676,1134
429,492,921
1023,1115,2138
928,281,1209
593,1071,1664
515,800,1315
730,989,1719
1798,828,2626
329,621,950
482,587,1069
644,1837,2481
116,286,402
675,1008,1683
873,917,1790
650,882,1532
748,956,1704
773,199,972
567,599,1166
315,1676,1991
90,403,493
615,571,1186
828,905,1733
97,581,678
766,829,1595
978,598,1576
82,699,781
138,703,841
861,1336,2197
1655,655,2310
75,858,933
331,530,861
1706,639,2345
940,640,1580
367,622,989
329,672,1001
480,698,1178
80,866,946
367,703,1070
426,601,1027
574,598,1172
532,525,1057
188,577,765
579,533,1112
1222,1069,2291
287,392,679
1527,618,2145
297,826,1123
304,1060,1364
317,344,661
820,607,1427
173,470,643
445,284,729
397,436,833
783,607,1390
476,463,939
560,806,1366
598,2523,3121
416,336,752
392,500,892
843,815,1658
742,404,1146
524,646,1170
438,583,1021
577,2546,3123
876,294,1170
408,834,1242
740,381,1121
78,167,245
21,430,451
638,669,1307
238,1197,1435
799,330,1129
25,694,719
619,1047,1666
94,351,445
215,554,769
852,1109,1961
97,781,878
24,614,638
425,1308,1733
200,959,1159
664,628,1292
766,921,1687
240,957,1197
139,556,695
438,507,945
643,449,1092
131,492,623
528,475,1003
495,1075,1570
703,1138,1841
295,499,794
374,2618,2992
289,616,905
145,721,866
524,1089,1613
863,248,1111
83,888,971
269,1051,1320
887,511,1398
200,1178,1378
303,456,759
2408,1327,3735
86,858,944
510,2212,2722
687,817,1504
2393,1497,3890
103,1093,1196
471,940,1411
346,453,799
2058,1319,3377
370,1078,1448
436,896,1332
1074,905,1979
309,862,1171
794,721,1515
502,2747,3249
744,1240,1984
296,588,884
865,522,1387
856,867,1723
867,538,1405
273,1315,1588
1132,552,1684
856,519,1375
728,2759,3487
792,1311,2103
390,962,1352
1000,505,1505
2017,1264,3281
875,1260,2135
900,1279,2179
1171,555,1726
49,633,682
643,1078,1721
131,1041,1172
509,529,1038
2598,710,3308
635,983,1618
513,875,1388
689,385,1074
279,1035,1314
687,1285,1972
407,938,1345
788,1178,1966
505,488,993
617,841,1458
864,689,1553
366,251,617
308,1171,1479
802,1087,1889
1185,593,1778
751,1264,2015
1036,1252,2288
440,388,828
1065,620,1685
2726,875,3601
1102,660,1762
556,1482,2038
769,1477,2246
417,893,1310
931,902,1833
558,721,1279
1043,931,1974
1050,587,1637
1406,874,2280
1251,1410,2661
734,727,1461
679,809,1488
988,1474,2462
1074,1016,2090
638,939,1577
78,911,989
1169,1440,2609
870,801,1671
536,1373,1909
1209,709,1918
1092,1547,2639
77,997,1074
62,876,938
1207,1220,2427
1313,577,1890
412,655,1067
513,589,1102
566,1062,1628
296,541,837
850,459,1309
590,450,1040
603,683,1286
749,1360,2109
585,584,1169
835,500,1335
634,455,1089
832,448,1280
671,866,1537
884,493,1377
461,379,840
717,772,1489
511,475,986
1234,1168,2402
474,383,857
381,333,714
249,266,515
925,547,1472
1212,307,1519
662,1955,2617
145,414,559
561,630,1191
745,448,1193
290,362,652
1240,1462,2702
1084,303,1387
242,460,702
799,342,1141
293,419,712
593,1513,2106
379,381,760
1682,443,2125
339,390,729
183,550,733
1392,428,1820
282,328,610
225,540,765
1398,375,1773
186,309,495
297,442,739
240,416,656
608,3673,4281
1591,293,1884
455,450,905
283,396,679
338,3667,4005
385,414,799
277,363,640
318,338,656
648,3372,4020
320,412,732
241,497,738
236,347,583
1296,2341,3637
362,292,654
3402,360,3762
113,1598,1711
163,1553,1716
258,733,991
287,383,670
2666,407,3073
338,2699,3037
298,2790,3088
148,466,614
2293,482,2775
339,1509,1848
601,2548,3149
641,2542,3183
210,515,725
206,481,687
358,1505,1863
1976,1272,3248
868,2369,3237
253,1085,1338
286,478,764
435,358,793
919,435,1354
410,1470,1880
246,1132,1378
800,475,1275
1587,763,2350
2734,532,3266
1324,638,1962
586,913,1499
201,651,852
129,1207,1336
332,677,1009
1286,727,2013
539,1084,1623
266,897,1163
1423,855,2278
2385,739,3124
100,1321,1421
1106,620,1726
782,593,1375
168,769,937
83,960,1043
718,488,1206
578,775,1353
2236,837,3073
778,658,1436
177,656,833
1445,773,2218
47,952,999
107,1082,1189
148,1270,1418
296,625,921
347,626,973
139,1625,1764
577,973,1550
506,504,1010
219,846,1065
589,413,1002
1391,828,2219
954,642,1596
388,511,899
670,1148,1818
732,1065,1797
881,712,1593
203,508,711
981,1124,2105
210,763,973
742,249,991
403,873,1276
291,1258,1549
393,677,1070
150,1231,1381
243,895,1138
995,591,1586
623,1037,1660
1008,573,1581
1239,576,1815
940,228,1168
570,1080,1650
669,884,1553
557,922,1479
146,1525,1671
755,322,1077
670,851,1521
514,930,1444
614,836,1450
202,1228,1430
54,497,551
570,1329,1899
381,1146,1527
565,835,1400
456,1439,1895
33,785,818
22,791,813
688,952,1640
27,1022,1049
661,1026,1687
269,794,1063
752,1006,1758
1047,722,1769
1044,1038,2082
687,1138,1825
896,758,1654
92,670,762
504,752,1256
102,986,1088
587,497,1084
145,1063,1208
251,942,1193
1447,912,2359
266,1151,1417
370,1078,1448
25,1359,1384
318,957,1275
502,862,1364
616,657,1273
593,1015,1608
590,1020,1610
517,919,1436
711,901,1612
474,1116,1590
796,875,1671
509,831,1340
421,899,1320
871,677,1548
743,899,1642
757,632,1389
672,661,1333
677,896,1573
551,1055,1606
874,904,1778
631,663,1294
359,1020,1379
905,844,1749
740,700,1440
596,444,1040
458,461,919
432,782,1214
402,1148,1550
782,780,1562
582,984,1566
799,759,1558
776,873,1649
1041,754,1795
601,865,1466
640,529,1169
269,611,880
796,1062,1858
724,1256,1980
705,495,1200
400,1023,1423
523,942,1465
35,469,504
656,872,1528
855,840,1695
1041,1027,2068
1131,744,1875
632,1029,1661
133,1246,1379
349,1119,1468
1201,551,1752
322,1613,1935
640,876,1516
59,735,794
943,1035,1978
963,927,1890
246,728,974
954,759,1713
310,1007,1317
618,843,1461
654,365,1019
555,928,1483
1460,322,1782
912,864,1776
859,846,1705
72,513,585
925,312,1237
713,343,1056
531,1230,1761
585,1650,2235
143,731,874
505,675,1180
425,729,1154
538,998,1536
287,856,1143
618,1523,2141
506,442,948
1051,1177,2228
461,1640,2101
194,586,780
427,847,1274
589,776,1365
556,337,893
459,882,1341
854,544,1398
226,1406,1632
544,880,1424
507,1171,1678
835,1385,2220
246,621,867
148,1275,1423
694,1198,1892
1231,738,1969
419,1415,1834
632,1378,2010
458,780,1238
629,537,1166
1329,655,1984
1165,862,2027
351,732,1083
548,586,1134
564,590,1154
254,738,992
369,1056,1425
616,1422,2038
880,553,1433
1185,606,1791
918,899,1817
797,583,1380
1274,616,1890
1306,693,1999
483,664,1147
204,1228,1432
617,1549,2166
403,510,913
510,623,1133
625,1411,2036
457,528,985
247,1761,2008
1059,929,1988
1298,427,1725
661,1558,2219
689,819,1508
638,736,1374
980,838,1818
1322,642,1964
672,754,1426
537,316,853
288,1304,1592
432,929,1361
905,1373,2278
262,587,849
684,1336,2020
759,738,1497
409,513,922
1378,611,1989
202,661,863
438,1387,1825
478,1134,1612
1103,746,1849
366,1238,1604
849,794,1643
470,475,945
501,1018,1519
616,991,1607
552,688,1240
1703,808,2511
254,1226,1480
607,448,1055
1255,382,1637
1287,829,2116
440,722,1162
377,938,1315
817,452,1269
114,666,780
407,1142,1549
627,506,1133
656,672,1328
1059,1087,2146
937,658,1595
594,491,1085
337,1983,2320
805,471,1276
1134,868,2002
276,857,1133
1006,323,1329
1135,1532,2667
313,931,1244
255,792,1047
1259,1145,2404
314,1790,2104
415,914,1329
512,1009,1521
375,1001,1376
527,340,867
435,365,800
743,1625,2368
1202,859,2061
795,1123,1918
666,2092,2758
573,750,1323
486,923,1409
266,466,732
72,652,724
693,1524,2217
703,818,1521
116,880,996
721,1360,2081
1389,414,1803
1071,1741,2812
688,1415,2103
241,690,931
1650,840,2490
1722,1481,3203
76,934,1010
581,1106,1687
1140,303,1443
1901,869,2770
974,830,1804
712,1459,2171
493,651,1144
1660,617,2277
985,1006,1991
608,853,1461
902,1066,1968
715,1776,2491
1318,352,1670
184,943,1127
1279,1115,2394
267,819,1086
1370,1111,2481
599,859,1458
773,1422,2195
570,1003,1573
878,1031,1909
158,1896,2054
506,318,824
569,1123,1692
296,879,1175
727,839,1566
854,1254,2108
1355,803,2158
635,818,1453
318,2422,2740
693,721,1414
856,638,1494
700,1383,2083
1475,1002,2477
49,715,764
776,1356,2132
1620,899,2519
1226,1415,2641
340,466,806
963,1299,2262
1203,1535,2738
871,973,1844
966,931,1897
2073,548,2621
585,1368,1953
619,940,1559
721,1523,2244
92,708,800
1288,1485,2773
640,2175,2815
869,431,1300
425,825,1250
788,2123,2911
526,436,962
740,580,1320
953,764,1717
563,1510,2073
1092,1111,2203
635,593,1228
851,340,1191
1395,645,2040
741,318,1059
885,745,1630
553,1378,1931
1116,833,1949
241,339,580
752,1539,2291
765,1104,1869
1120,1548,2668
458,815,1273
1033,661,1694
1308,1419,2727
705,607,1312
1169,1034,2203
213,2391,2604
2056,678,2734
366,274,640
469,1366,1835
713,394,1107
32,469,501
909,657,1566
201,1684,1885
69,822,891
623,1228,1851
620,2233,2853
1421,691,2112
1270,819,2089
744,1030,1774
59,515,574
372,676,1048
152,1168,1320
1012,1212,2224
432,718,1150
619,877,1496
1043,2101,3144
1264,560,1824
475,920,1395
113,1206,1319
99,704,803
389,708,1097
426,865,1291
953,1417,2370
870,851,1721
2152,909,3061
1426,916,2342
756,705,1461
361,1580,1941
154,1389,1543
388,640,1028
544,1603,2147
322,874,1196
936,914,1850
1572,952,2524
1183,701,1884
1229,1106,2335
1088,909,1997
437,871,1308
427,717,1144
2099,747,2846
958,1237,2195
566,933,1499
1136,724,1860
462,661,1123
769,884,1653
510,1126,1636
1290,721,2011
470,856,1326
407,953,1360
1939,993,2932
1358,868,2226
636,978,1614
1097,750,1847
785,821,1606
1367,817,2184
608,1039,1647
770,1121,1891
1117,766,1883
467,812,1279
793,921,1714
623,873,1496
775,626,1401
675,1113,1788
832,735,1567
800,1030,1830
746,599,1345
836,911,1747
695,927,1622
720,805,1525
789,1192,1981
506,1222,1728
572,416,988
589,1144,1733
888,1053,1941
543,1288,1831
620,575,1195
280,917,1197
738,958,1696
795,1034,1829
588,1124,1712
807,1109,1916
539,520,1059
415,1073,1488
877,1170,2047
718,682,1400
828,1143,1971
471,918,1389
180,940,1120
652,814,1466
724,833,1557
530,1047,1577
278,694,972
783,849,1632
720,926,1646
952,1267,2219
578,894,1472
947,870,1817
390,790,1180
1066,869,1935
978,1023,2001
764,564,1328
809,608,1417
459,913,1372
914,1257,2171
29,684,713
295,467,762
787,1510,2297
637,904,1541
1023,1025,2048
834,1441,2275
852,1224,2076
715,966,1681
999,1003,2002
428,1313,1741
44,689,733
1007,838,1845
854,642,1496
1061,710,1771
975,1513,2488
335,438,773
360,619,979
950,1707,2657
1014,1349,2363
557,823,1380
219,818,1037
1091,1251,2342
31,1219,1250
308,840,1148
762,1570,2332
858,746,1604
434,839,1273
349,918,1267
382,942,1324
797,1027,1824
640,773,1413
380,1143,1523
454,980,1434
664,977,1641
1269,344,1613
700,744,1444
740,778,1518
676,1310,1986
489,1292,1781
27,723,750
775,1379,2154
760,989,1749
577,1002,1579
564,728,1292
1117,717,1834
640,1502,2142
148,2003,2151
371,749,1120
397,1358,1755
229,2292,2521
827,1359,2186
62,1282,1344
54,1033,1087
899,637,1536
257,1267,1524
378,1266,1644
492,966,1458
667,1573,2240
507,1123,1630
458,2115,2573
728,961,1689
459,1173,1632
133,976,1109
44,816,860
562,1163,1725
960,1488,2448
746,913,1659
333,711,1044
960,727,1687
509,1575,2084
1783,858,2641
662,1125,1787
832,474,1306
659,1394,2053
306,934,1240
255,1576,1831
1094,781,1875
287,2038,2325
461,1308,1769
2197,686,2883
1066,921,1987
791,486,1277
635,1666,2301
68,987,1055
982,323,1305
90,705,795
1103,1206,2309
1203,1134,2337
101,324,425
1670,978,2648
1217,691,1908
746,904,1650
63,367,430
742,989,1731
401,952,1353
931,962,1893
137,324,461
552,771,1323
377,1421,1798
1197,837,2034
774,1322,2096
974,943,1917
499,810,1309
623,938,1561
919,656,1575
911,747,1658
274,256,530
804,1117,1921
979,1183,2162
1192,1066,2258
711,1195,1906
595,1559,2154
477,1209,1686
1558,969,2527
549,582,1131
250,870,1120
956,1251,2207
673,1885,2558
1344,955,2299
750,1029,1779
330,938,1268
440,995,1435
609,1331,1940
1022,353,1375
423,961,1384
561,1044,1605
607,1334,1941
830,1682,2512
845,618,1463
1306,980,2286
1074,366,1440
1087,1449,2536
482,513,995
532,636,1168
623,587,1210
1069,1201,2270
851,752,1603
759,976,1735
474,757,1231
359,1560,1919
1276,636,1912
888,1168,2056
237,995,1232
288,478,766
454,327,781
765,1047,1812
269,1171,1440
774,1195,1969
864,606,1470
1283,766,2049
1414,508,1922
528,1401,1929
600,658,1258
458,708,1166
1399,947,2346
42,1166,1208
313,494,807
1166,974,2140
1008,817,1825
375,472,847
320,1378,1698
476,1103,1579
589,940,1529
494,864,1358
614,1310,1924
124,676,800
515,764,1279
1270,647,1917
1217,781,1998
533,359,892
955,831,1786
494,1467,1961
768,861,1629
598,719,1317
138,791,929
968,916,1884
892,824,1716
1209,517,1726
433,537,970
59,1724,1783
72,1048,1120
949,523,1472
321,2093,2414
535,561,1096
578,747,1325
1017,1437,2454
432,1039,1471
659,919,1578
425,639,1064
662,1268,1930
1618,910,2528
613,1110,1723
46,828,874
1033,1239,2272
510,1040,1550
323,998,1321
277,691,968
545,870,1415
1998,360,2358
677,488,1165
487,526,1013
763,961,1724
610,876,1486
1302,934,2236
690,1204,1894
376,1738,2114
631,762,1393
1141,838,1979
614,800,1414
505,1685,2190
746,324,1070
581,532,1113
492,730,1222
1137,400,1537
928,1105,2033
919,1160,2079
706,650,1356
1270,473,1743
140,889,1029
318,1055,1373
735,771,1506
634,426,1060
952,735,1687
227,1198,1425
783,1260,2043
979,371,1350
796,863,1659
363,1012,1375
991,784,1775
304,1165,1469
857,973,1830
756,788,1544
57,403,460
411,770,1181
712,893,1605
1016,1064,2080
732,1439,2171
145,599,744
820,659,1479
866,1110,1976
134,1411,1545
958,759,1717
631,1217,1848
502,497,999
512,291,803
1634,461,2095
290,1303,1593
693,1059,1752
686,1016,1702
786,1022,1808
1558,1225,2783
521,290,811
703,962,1665
860,788,1648
551,295,846
1024,629,1653
1218,432,1650
1206,547,1753
33,1073,1106
1044,887,1931
596,1016,1612
989,562,1551
598,1117,1715
1287,1255,2542
676,1073,1749
855,956,1811
1076,1659,2735
504,1223,1727
971,700,1671
113,755,868
611,1491,2102
81,852,933
305,1696,2001
1062,1118,2180
609,1531,2140
630,1489,2119
294,255,549
50,999,1049
1098,1224,2322
712,1287,1999
1339,576,1915
791,319,1110
847,1371,2218
1016,1324,2340
29,2437,2466
415,753,1168
350,781,1131
1099,1220,2319
610,301,911
889,1606,2495
1034,1393,2427
317,930,1247
835,321,1156
85,755,840
609,760,1369
662,635,1297
372,625,997
689,919,1608
91,871,962
938,1631,2569
305,1005,1310
85,736,821
327,785,1112
660,658,1318
656,679,1335
1373,289,1662
185,903,1088
590,1178,1768
1059,513,1572
94,450,544
141,1429,1570
784,1186,1970
874,743,1617
148,858,1006
1990,1030,3020
709,569,1278
788,801,1589
24,501,525
27,443,470
190,1583,1773
521,1036,1557
942,935,1877
69,596,665
1338,895,2233
64,608,672
670,1282,1952
698,741,1439
716,909,1625
1458,857,2315
64,547,611
135,629,764
671,1206,1877
679,1012,1691
309,617,926
239,483,722
1374,601,1975
278,455,733
290,471,761
456,548,1004
794,1198,1992
813,312,1125
20,724,744
577,355,932
1126,877,2003
1497,491,1988
349,641,990
1123,298,1421
319,489,808
637,751,1388
890,569,1459
85,305,390
181,1148,1329
58,571,629
400,1225,1625
42,529,571
774,611,1385
20,535,555
61,515,576
900,737,1637
657,1595,2252
366,1197,1563
63,316,379
1059,1206,2265
685,1142,1827
715,1053,1768
302,314,616
1052,565,1617
415,657,1072
38,834,872
370,460,830
915,1088,2003
94,740,834
50,1133,1183
479,1604,2083
426,785,1211
206,781,987
20,1077,1097
37,1074,1111
630,551,1181
697,2314,3011
134,509,643
594,460,1054
198,960,1158
831,368,1199
415,505,920
343,852,1195
25,1217,1242
389,742,1131
569,885,1454
251,789,1040
931,1367,2298
697,1898,2595
421,858,1279
594,304,898
875,2005,2880
761,500,1261
445,988,1433
279,1259,1538
412,964,1376
595,849,1444
334,1452,1786
155,759,914
594,433,1027
1858,1037,2895
26,546,572
875,658,1533
1442,815,2257
840,968,1808
599,571,1170
620,871,1491
826,1135,1961
1070,975,2045
635,1105,1740
291,1118,1409
50,556,606
1006,793,1799
722,961,1683
348,1079,1427
897,1260,2157
73,791,864
396,534,930
1700,495,2195
824,1090,1914
192,632,824
894,853,1747
1048,1124,2172
697,967,1664
407,566,973
480,1085,1565
310,661,971
209,1031,1240
445,578,1023
317,819,1136
382,746,1128
225,951,1176
1150,971,2121
552,882,1434
767,1108,1875
332,812,1144
602,613,1215
1000,1201,2201
520,403,923
628,513,1141
642,336,978
446,1017,1463
573,1055,1628
298,886,1184
588,892,1480
739,1040,1779
250,1409,1659
605,834,1439
429,657,1086
916,858,1774
580,1974,2554
679,1026,1705
852,709,1561
382,887,1269
813,940,1753
713,755,1468
703,967,1670
649,833,1482
574,718,1292
1048,778,1826
56,871,927
859,766,1625
88,886,974
358,661,1019
918,880,1798
902,820,1722
773,804,1577
254,604,858
609,1490,2099
133,1047,1180
776,550,1326
351,673,1024
569,496,1065
636,671,1307
479,689,1168
943,935,1878
846,947,1793
453,686,1139
521,854,1375
929,1531,2460
209,1097,1306
631,537,1168
749,522,1271
1749,929,2678
490,1000,1490
382,1075,1457
674,1389,2063
550,609,1159
689,456,1145
375,1016,1391
744,618,1362
390,847,1237
627,711,1338
151,507,658
1003,447,1450
129,659,788
537,867,1404
563,312,875
256,722,978
271,1356,1627
705,909,1614
638,981,1619
286,426,712
190,563,753
287,570,857
1397,915,2312
785,280,1065
365,853,1218
615,1344,1959
804,926,1730
834,949,1783
480,708,1188
446,618,1064
305,1052,1357
1011,922,1933
115,300,415
1255,861,2116
893,630,1523
469,695,1164
1237,990,2227
665,573,1238
843,578,1421
123,508,631
380,466,846
230,469,699
471,1110,1581
286,566,852
1207,935,2142
148,604,752
396,496,892
367,472,839
1543,376,1919
358,560,918
406,659,1065
106,410,516
824,924,1748
395,755,1150
127,610,737
819,202,1021
368,972,1340
288,484,772
1101,838,1939
426,628,1054
164,409,573
481,324,805
1347,558,1905
247,698,945
814,592,1406
210,587,797
67,871,938
69,1335,1404
242,508,750
247,225,472
915,932,1847
492,1027,1519
835,654,1489
335,683,1018
615,1255,1870
73,1611,1684
280,700,980
127,618,745
205,680,885
730,2925,3655
426,1000,1426
103,923,1026
798,605,1403
586,726,1312
697,1012,1709
74,1811,1885
144,780,924
256,438,694
322,1478,1800
565,3031,3596
288,701,989
369,1097,1466
220,792,1012
205,910,1115
942,784,1726
1185,924,2109
282,815,1097
416,711,1127
417,2959,3376
324,1010,1334
513,954,1467
2658,923,3581
768,762,1530
2870,746,3616
737,803,1540
454,890,1344
64,1042,1106
807,733,1540
824,1095,1919
1476,1012,2488
2391,495,2886
820,1142,1962
504,2103,2607
611,702,1313
596,902,1498
223,1170,1393
471,2209,2680
562,1487,2049
226,720,946
347,442,789
469,799,1268
51,1282,1333
356,613,969
406,1157,1563
951,1288,2239
525,544,1069
982,1237,2219
799,603,1402
649,326,975
1727,1187,2914
457,860,1317
724,501,1225
568,1467,2035
513,815,1328
113,489,602
722,991,1713
767,1167,1934
369,1155,1524
882,1207,2089
407,1007,1414
276,530,806
258,601,859
306,472,778
1177,1537,2714
789,984,1773
803,796,1599
437,1106,1543
1271,853,2124
2010,948,2958
659,2130,2789
289,643,932
560,525,1085
876,956,1832
482,2066,2548
580,1202,1782
1247,519,1766
906,782,1688
990,901,1891
380,673,1053
218,663,881
551,1171,1722
792,2000,2792
637,721,1358
828,1441,2269
964,2011,2975
546,1329,1875
532,909,1441
1219,1901,3120
1093,1398,2491
618,1456,2074
381,916,1297
412,1522,1934
805,1164,1969
1202,745,1947
954,1696,2650
306,1396,1702
967,1105,2072
822,935,1757
575,874,1449
346,1328,1674
742,593,1335
769,1314,2083
1123,758,1881
1650,755,2405
1718,645,2363
760,1643,2403
1233,826,2059
862,982,1844
681,1282,1963
474,1242,1716
375,600,975
1189,1141,2330
2007,1174,3181
1229,720,1949
210,642,852
752,1557,2309
1132,694,1826
824,1162,1986
320,581,901
1726,770,2496
1024,819,1843
1480,474,1954
875,1049,1924
1535,1345,2880
909,985,1894
914,594,1508
700,1302,2002
584,1531,2115
1545,957,2502
1258,1082,2340
1068,450,1518
299,806,1105
962,1632,2594
447,515,962
751,881,1632
589,1278,1867
1366,1123,2489
968,696,1664
583,983,1566
1128,1210,2338
888,682,1570
662,1029,1691
161,1018,1179
970,743,1713
482,1230,1712
350,519,869
683,1317,2000
481,708,1189
408,638,1046
650,1424,2074
740,1223,1963
146,1132,1278
436,776,1212
434,1044,1478
844,764,1608
165,1351,1516
284,959,1243
536,1003,1539
985,932,1917
909,666,1575
1222,736,1958
383,1003,1386
935,620,1555
939,878,1817
1097,515,1612
412,1425,1837
1206,424,1630
974,901,1875
929,862,1791
693,724,1417
883,983,1866
1234,810,2044
560,744,1304
338,734,1072
496,751,1247
456,1210,1666
505,434,939
552,729,1281
1044,577,1621
348,1113,1461
1159,1460,2619
615,899,1514
667,722,1389
745,790,1535
554,1606,2160
539,773,1312
675,930,1605
703,568,1271
176,616,792
421,1303,1724
832,1026,1858
774,781,1555
662,1221,1883
595,1016,1611
626,967,1593
1131,729,1860
763,1387,2150
821,672,1493
752,1289,2041
417,584,1001
1015,1607,2622
250,884,1134
986,721,1707
468,630,1098
1108,921,2029
276,708,984
529,303,832
100,1076,1176
637,1227,1864
692,1336,2028
398,720,1118
1328,1125,2453
669,608,1277
457,873,1330
281,1006,1287
1501,915,2416
631,845,1476
167,1233,1400
1213,669,1882
860,1122,1982
506,730,1236
715,1611,2326
831,722,1553
776,671,1447
604,921,1525
1295,1375,2670
476,818,1294
590,688,1278
563,957,1520
575,784,1359
737,949,1686
826,586,1412
882,1002,1884
412,1205,1617
1094,726,1820
593,1166,1759
1050,799,1849
591,463,1054
350,671,1021
756,716,1472
485,1307,1792
762,831,1593
878,983,1861
659,746,1405
635,966,1601
670,807,1477
1088,1086,2174
341,579,920
275,802,1077
327,1390,1717
882,720,1602
1066,979,2045
834,522,1356
1173,1021,2194
486,743,1229
1197,729,1926
386,715,1101
618,959,1577
386,448,834
449,1183,1632
1070,948,2018
439,869,1308
736,1088,1824
784,751,1535
533,1045,1578
697,442,1139
586,1154,1740
417,452,869
1083,829,1912
943,1275,2218
262,688,950
626,1543,2169
604,543,1147
605,1505,2110
303,838,1141
343,820,1163
484,960,1444
738,747,1485
560,812,1372
818,1185,2003
645,1134,1779
1079,1351,2430
795,1184,1979
806,554,1360
1325,863,2188
20,415,435
1192,851,2043
119,552,671
1213,422,1635
603,933,1536
826,1365,2191
429,768,1197
715,502,1217
1093,721,1814
68,494,562
915,719,1634
495,1065,1560
221,843,1064
899,635,1534
587,1430,2017
744,1075,1819
629,262,891
637,717,1354
292,556,848
80,408,488
820,1178,1998
488,776,1264
289,1010,1299
346,1153,1499
539,999,1538
687,1217,1904
959,507,1466
1163,979,2142
344,745,1089
145,657,802
199,1557,1756
344,1010,1354
549,847,1396
305,1386,1691
594,718,1312
791,1033,1824
94,452,546
788,899,1687
148,687,835
1239,793,2032
515,1063,1578
521,513,1034
301,692,993
913,884,1797
468,1352,1820
304,1211,1515
120,916,1036
768,1343,2111
560,1799,2359
1019,824,1843
167,504,671
551,672,1223
848,1281,2129
761,1449,2210
263,647,910
786,1207,1993
300,1003,1303
1238,887,2125
315,529,844
1130,1477,2607
302,659,961
579,835,1414
1080,1090,2170
1327,814,2141
643,693,1336
1330,552,1882
89,1076,1165
363,546,909
1285,836,2121
748,1061,1809
416,1339,1755
476,864,1340
896,1029,1925
362,1174,1536
693,1276,1969
539,1111,1650
485,908,1393
420,533,953
480,1042,1522
940,1097,2037
748,899,1647
440,855,1295
1262,848,2110
922,547,1469
501,1226,1727
647,914,1561
481,903,1384
623,1154,1777
803,916,1719
1187,683,1870
578,1159,1737
849,701,1550
1045,875,1920
1223,744,1967
664,675,1339
794,772,1566
983,687,1670
247,695,942
649,565,1214
956,899,1855
842,689,1531
238,870,1108
504,620,1124
817,952,1769
1083,968,2051
931,693,1624
291,1088,1379
484,724,1208
293,1214,1507
952,951,1903
945,534,1479
763,501,1264
536,320,856
532,458,990
1080,670,1750
864,1056,1920
391,311,702
750,693,1443
646,839,1485
698,2147,2845
765,718,1483
817,740,1557
524,457,981
450,2224,2674
611,924,1535
430,319,749
332,725,1057
523,675,1198
692,323,1015
296,567,863
725,1453,2178
924,420,1344
860,1703,2563
390,1196,1586
765,1025,1790
508,320,828
663,1616,2279
705,708,1413
450,788,1238
44,564,608
1023,1185,2208
799,1684,2483
643,700,1343
736,1441,2177
927,1030,1957
341,583,924
502,814,1316
68,587,655
571,951,1522
653,704,1357
584,1687,2271
163,680,843
288,1731,2019
280,713,993
946,820,1766
153,787,940
439,997,1436
710,1089,1799
1310,388,1698
582,1620,2202
440,456,896
1234,940,2174
1488,523,2011
1908,574,2482
436,1207,1643
1034,637,1671
1250,836,2086
495,546,1041
1556,764,2320
420,651,1071
461,1168,1629
344,674,1018
737,697,1434
658,1054,1712
383,806,1189
942,1249,2191
788,1434,2222
476,933,1409
1524,744,2268
899,422,1321
554,1081,1635
571,1185,1756
261,1214,1475
944,1844,2788
907,724,1631
432,1122,1554
397,1096,1493
1095,721,1816
787,1200,1987
384,462,846
268,616,884
362,1349,1711
1482,1376,2858
538,1738,2276
938,1291,2229
33,486,519
349,1383,1732
258,375,633
706,1005,1711
135,1107,1242
982,1490,2472
348,2171,2519
1235,845,2080
334,382,716
592,2299,2891
411,311,722
347,860,1207
303,1095,1398
34,1108,1142
1727,914,2641
670,1251,1921
2015,1383,3398
50,1168,1218
986,1963,2949
647,1121,1768
777,2044,2821
538,796,1334
551,903,1454
1608,1005,2613
2112,516,2628
800,749,1549
119,1143,1262
1130,895,2025
1369,3115,4484
838,748,1586
518,947,1465
775,737,1512
475,590,1065
1426,504,1930
949,531,1480
280,366,646
1218,526,1744
1019,677,1696
474,3152,3626
268,523,791
665,1273,1938
615,519,1134
791,876,1667
330,514,844
315,410,725
669,550,1219
622,654,1276
409,476,885
924,2698,3622
28,1471,1499
608,708,1316
368,338,706
797,1893,2690
456,444,900
191,751,942
378,607,985
80,472,552
252,1227,1479
2917,937,3854
140,660,800
292,1414,1706
1013,1929,2942
271,477,748
426,1242,1668
194,1801,1995
825,1348,2173
2985,947,3932
1242,744,1986
346,504,850
2313,902,3215
1474,573,2047
390,759,1149
254,624,878
798,775,1573
645,1272,1917
312,1807,2119
1242,509,1751
447,360,807
581,684,1265
1039,953,1992
562,542,1104
657,517,1174
407,1510,1917
328,850,1178
213,804,1017
705,2389,3094
283,838,1121
506,1347,1853
1267,825,2092
434,560,994
482,1409,1891
185,991,1176
405,1022,1427
1457,376,1833
702,542,1244
454,1780,2234
1136,962,2098
511,729,1240
548,1168,1716
1041,1143,2184
315,1053,1368
402,991,1393
631,552,1183
336,1789,2125
444,1198,1642
420,875,1295
494,1846,2340
1189,752,1941
435,807,1242
644,963,1607
920,491,1411
861,1452,2313
244,1176,1420
487,607,1094
1127,2317,3444
1333,931,2264
1205,702,1907
657,666,1323
905,934,1839
692,1129,1821
871,655,1526
1647,686,2333
970,868,1838
1114,578,1692
977,860,1837
1424,848,2272
428,648,1076
1069,542,1611
411,813,1224
359,916,1275
477,479,956
626,630,1256
337,1418,1755
1076,811,1887
1663,671,2334
711,686,1397
53,4051,4104
572,875,1447
849,736,1585
480,333,813
673,816,1489
550,553,1103
616,1665,2281
667,1057,1724
364,965,1329
68,4071,4139
688,590,1278
1716,1689,3405
2229,2179,4408
594,776,1370
216,795,1011
563,473,1036
333,1786,2119
592,509,1101
404,1215,1619
415,518,933
2482,1964,4446
1221,2349,3570
400,832,1232
3988,644,4632
547,781,1328
779,581,1360
1215,1207,2422
636,916,1552
252,535,787
256,789,1045
866,752,1618
69,847,916
1497,319,1816
2065,439,2504
314,638,952
1471,917,2388
769,891,1660
479,567,1046
1920,1380,3300
368,739,1107
450,716,1166
258,917,1175
127,1004,1131
299,747,1046
518,525,1043
704,702,1406
330,1040,1370
669,1364,2033
1601,1754,3355
1897,636,2533
99,1040,1139
549,1645,2194
565,503,1068
1677,933,2610
173,735,908
622,619,1241
1065,1060,2125
531,551,1082
753,729,1482
689,534,1223
718,1886,2604
1070,920,1990
981,473,1454
286,1040,1326
360,460,820
1037,476,1513
588,846,1434
732,829,1561
403,852,1255
500,768,1268
603,894,1497
357,1327,1684
453,1037,1490
654,299,953
397,688,1085
538,2037,2575
70,467,537
517,809,1326
773,1295,2068
810,1051,1861
267,1137,1404
667,1033,1700
753,899,1652
644,1034,1678
823,916,1739
448,789,1237
1211,533,1744
925,711,1636
866,1307,2173
2137,1068,3205
787,867,1654
1516,1222,2738
651,954,1605
753,874,1627
525,662,1187
964,547,1511
659,1306,1965
75,1215,1290
942,704,1646
297,1045,1342
505,650,1155
690,1105,1795
366,914,1280
1222,2101,3323
612,423,1035
428,1081,1509
1017,1129,2146
101,523,624
1656,1318,2974
516,893,1409
559,642,1201
392,1131,1523
1924,1582,3506
453,678,1131
670,683,1353
1070,1245,2315
484,514,998
962,538,1500
1656,2005,3661
523,710,1233
1169,921,2090
213,1356,1569
656,641,1297
1173,828,2001
566,492,1058
375,1550,1925
960,2212,3172
751,559,1310
1005,1023,2028
361,437,798
655,1114,1769
330,1078,1408
1038,959,1997
288,1504,1792
1463,425,1888
1966,1106,3072
510,678,1188
989,577,1566
907,1111,2018
866,1167,2033
332,1065,1397
827,720,1547
1107,1148,2255
615,710,1325
394,446,840
1947,842,2789
483,679,1162
753,444,1197
1948,980,2928
527,1120,1647
944,1464,2408
779,604,1383
548,665,1213
279,1694,1973
331,942,1273
58,471,529
752,857,1609
984,944,1928
752,1649,2401
727,682,1409
890,456,1346
321,2104,2425
682,776,1458
57,601,658
687,841,1528
868,983,1851
345,1506,1851
265,616,881
425,546,971
1053,1399,2452
1271,735,2006
245,707,952
940,769,1709
61,894,955
1596,859,2455
415,548,963
458,525,983
583,594,1177
386,680,1066
1226,714,1940
600,433,1033
438,373,811
1565,517,2082
690,470,1160
133,594,727
537,553,1090
2005,496,2501
180,1164,1344
1364,1627,2991
788,515,1303
892,214,1106
798,2015,2813
237,565,802
43,633,676
277,1049,1326
1415,1991,3406
776,708,1484
95,919,1014
27,485,512
1007,2400,3407
1331,369,1700
137,949,1086
915,472,1387
853,2321,3174
54,561,615
846,603,1449
37,833,870
43,679,722
52,927,979
439,1172,1611
549,594,1143
38,843,881
863,2080,2943
86,574,660
38,861,899
20,715,735
42,956,998
19,1337,1356
1134,815,1949
386,951,1337
658,478,1136
208,697,905
1798,614,2412
218,629,847
248,753,1001
717,2011,2728
309,1445,1754
316,1057,1373
480,994,1474
51,1471,1522
505,1073,1578
1947,1065,3012
721,688,1409
657,1182,1839
622,1043,1665
828,1063,1891
456,1090,1546
548,1084,1632
78,1298,1376
305,1468,1773
2127,975,3102
478,2585,3063
634,517,1151
148,1283,1431
64,1094,1158
949,995,1944
422,2775,3197
1123,2140,3263
629,877,1506
788,1084,1872
978,714,1692
815,339,1154
1048,270,1318
647,1318,1965
244,990,1234
1533,2143,3676
331,661,992
669,1307,1976
23,1261,1284
487,712,1199
1368,1888,3256
905,370,1275
861,277,1138
1148,1032,2180
1823,1926,3749
886,442,1328
254,1061,1315
552,1551,2103
1897,1279,3176
114,697,811
435,850,1285
351,853,1204
480,535,1015
772,1134,1906
701,294,995
53,457,510
712,1360,2072
659,583,1242
1936,1001,2937
509,1105,1614
825,1101,1926
150,567,717
1112,618,1730
195,593,788
1002,744,1746
1126,717,1843
2232,1110,3342
133,591,724
87,577,664
181,656,837
122,718,840
352,558,910
77,655,732
1427,953,2380
179,736,915
236,625,861
1947,791,2738
548,218,766
534,332,866
268,606,874
1695,794,2489
623,221,844
493,1242,1735
713,195,908
87,798,885
28,1853,1881
776,176,952
724,1217,1941
439,458,897
766,596,1362
1011,1214,2225
207,1154,1361
493,753,1246
916,348,1264
443,1448,1891
744,424,1168
795,560,1355
529,1252,1781
706,337,1043
917,538,1455
931,530,1461
751,1021,1772
852,756,1608
589,1106,1695
1083,1345,2428
466,718,1184
1100,572,1672
156,492,648
84,519,603
933,1068,2001
710,951,1661
726,995,1721
769,841,1610
107,355,462
1748,890,2638
1074,891,1965
68,595,663
35,580,615
1261,1086,2347
905,894,1799
986,1083,2069
32,825,857
451,702,1153
26,789,815
1069,917,1986
756,899,1655
186,687,873
643,412,1055
110,884,994
786,1008,1794
159,500,659
595,399,994
259,583,842
1205,643,1848
330,674,1004
1061,1062,2123
322,815,1137
598,862,1460
471,702,1173
616,522,1138
158,894,1052
857,635,1492
479,575,1054
763,309,1072
818,689,1507
85,1135,1220
531,690,1221
501,859,1360
406,913,1319
660,694,1354
634,724,1358
830,716,1546
639,362,1001
580,581,1161
742,830,1572
581,642,1223
656,895,1551
301,1245,1546
622,533,1155
444,1144,1588
545,781,1326
541,854,1395
509,495,1004
720,616,1336
765,710,1475
340,1423,1763
340,759,1099
788,1002,1790
791,608,1399
1024,1056,2080
272,1096,1368
752,1115,1867
1126,736,1862
816,896,1712
577,776,1353
1109,713,1822
537,712,1249
781,706,1487
818,1049,1867
532,654,1186
1552,311,1863
659,960,1619
353,621,974
85,498,583
602,924,1526
782,806,1588
675,877,1552
422,661,1083
561,1202,1763
463,761,1224
517,521,1038
467,1336,1803
1068,432,1500
316,837,1153
617,658,1275
791,476,1267
579,966,1545
515,714,1229
807,1104,1911
834,306,1140
669,579,1248
551,746,1297
835,454,1289
399,887,1286
824,257,1081
594,616,1210
643,947,1590
301,1062,1363
748,363,1111
646,780,1426
758,671,1429
379,643,1022
592,733,1325
664,589,1253
582,760,1342
72,372,444
676,656,1332
1055,273,1328
838,687,1525
551,522,1073
691,539,1230
588,1268,1856
655,600,1255
625,673,1298
51,519,570
725,964,1689
513,1151,1664
776,595,1371
171,557,728
193,573,766
278,1890,2168
116,730,846
232,560,792
190,735,925
746,686,1432
656,906,1562
1027,1263,2290
484,504,988
487,266,753
337,670,1007
403,440,843
474,802,1276
350,602,952
467,556,1023
170,987,1157
388,778,1166
483,746,1229
473,662,1135
599,878,1477
73,769,842
1100,1257,2357
456,922,1378
911,1306,2217
388,494,882
324,1224,1548
1195,1762,2957
972,1458,2430
61,831,892
741,745,1486
454,707,1161
337,1115,1452
642,599,1241
156,692,848
440,775,1215
443,1147,1590
1728,1016,2744
802,877,1679
109,1120,1229
607,1222,1829
1007,1010,2017
958,943,1901
188,897,1085
390,635,1025
603,1229,1832
1395,487,1882
561,726,1287
613,1168,1781
731,756,1487
804,496,1300
1537,506,2043
516,745,1261
558,895,1453
570,746,1316
953,568,1521
309,871,1180
688,879,1567
1058,510,1568
834,1199,2033
299,695,994
876,1178,2054
671,744,1415
472,1201,1673
840,301,1141
649,1120,1769
669,591,1260
479,843,1322
833,873,1706
621,1014,1635
645,700,1345
965,834,1799
800,463,1263
483,1398,1881
841,505,1346
1107,648,1755
1054,1028,2082
875,627,1502
1001,478,1479
629,692,1321
331,640,971
740,482,1222
696,389,1085
381,990,1371
599,1051,1650
1089,913,2002
721,1052,1773
671,1061,1732
264,874,1138
787,1198,1985
448,1402,1850
669,1009,1678
175,499,674
63,1016,1079
928,746,1674
320,351,671
1075,546,1621
887,317,1204
362,748,1110
681,1063,1744
800,1020,1820
460,968,1428
369,910,1279
456,1192,1648
553,1038,1591
320,997,1317
223,752,975
885,327,1212
749,804,1553
927,913,1840
424,826,1250
482,457,939
435,1397,1832
573,776,1349
326,725,1051
550,1919,2469
473,898,1371
938,671,1609
619,2057,2676
936,378,1314
254,480,734
403,1208,1611
932,640,1572
111,986,1097
995,513,1508
996,889,1885
157,635,792
814,701,1515
1032,779,1811
396,427,823
882,903,1785
994,771,1765
520,751,1271
707,559,1266
1303,1744,3047
561,657,1218
141,1017,1158
768,653,1421
450,436,886
1300,643,1943
799,1740,2539
305,717,1022
711,781,1492
706,719,1425
931,1757,2688
879,865,1744
486,1128,1614
659,718,1377
671,361,1032
1030,706,1736
1855,952,2807
609,623,1232
623,709,1332
480,2041,2521
1747,737,2484
1576,645,2221
851,940,1791
564,1225,1789
506,1210,1716
237,859,1096
275,1012,1287
684,686,1370
1908,412,2320
589,928,1517
287,984,1271
694,983,1677
688,1099,1787
595,1042,1637
883,1268,2151
154,922,1076
1630,1188,2818
627,1115,1742
503,883,1386
500,1255,1755
572,827,1399
1051,578,1629
948,1505,2453
789,342,1131
1610,1457,3067
897,462,1359
955,1267,2222
554,497,1051
552,772,1324
463,883,1346
895,458,1353
908,1210,2118
1170,253,1423
880,912,1792
426,817,1243
608,897,1505
834,666,1500
753,400,1153
424,1027,1451
1144,793,1937
952,550,1502
49,536,585
47,356,403
1128,999,2127
183,444,627
500,1535,2035
775,758,1533
910,1019,1929
1388,562,1950
662,1559,2221
619,742,1361
918,863,1781
100,556,656
266,410,676
189,1727,1916
564,337,901
631,796,1427
1103,715,1818
685,1712,2397
341,572,913
174,675,849
434,419,853
700,1397,2097
491,550,1041
354,626,980
570,830,1400
788,773,1561
1182,1302,2484
140,473,613
1394,724,2118
286,405,691
632,316,948
1107,1207,2314
1072,1167,2239
1395,781,2176
350,827,1177
490,845,1335
166,680,846
373,1187,1560
1657,822,2479
318,892,1210
712,675,1387
1563,632,2195
163,550,713
364,1760,2124
330,573,903
322,792,1114
1114,584,1698
362,791,1153
777,1439,2216
655,538,1193
587,1006,1593
319,724,1043
563,1028,1591
462,756,1218
318,792,1110
786,477,1263
502,697,1199
19,535,554
534,850,1384
173,751,924
771,557,1328
947,687,1634
55,685,740
239,1040,1279
907,600,1507
185,574,759
601,744,1345
424,816,1240
689,707,1396
405,936,1341
656,874,1530
964,634,1598
545,458,1003
462,513,975
578,489,1067
705,822,1527
1010,524,1534
411,534,945
792,303,1095
422,548,970
862,312,1174
331,893,1224
987,306,1293
584,443,1027
759,345,1104
564,557,1121
430,1511,1941
951,333,1284
777,573,1350
1052,346,1398
1769,1155,2924
733,362,1095
648,475,1123
1855,756,2611
458,522,980
701,476,1177
624,878,1502
425,738,1163
767,389,1156
593,621,1214
47,380,427
960,548,1508
1890,746,2636
544,503,1047
553,629,1182
912,776,1688
1152,791,1943
39,485,524
500,785,1285
1207,974,2181
36,476,512
585,530,1115
18,653,671
42,652,694
123,548,671
98,784,882
164,582,746
345,549,894
640,917,1557
594,1593,2187
132,586,718
332,474,806
514,951,1465
489,615,1104
332,563,895
614,403,1017
288,627,915
624,463,1087
29,769,798
521,226,747
757,1713,2470
1059,452,1511
1129,1396,2525
569,388,957
327,1080,1407
386,731,1117
747,406,1153
298,860,1158
848,1827,2675
291,1098,1389
1048,1637,2685
570,270,840
743,1525,2268
600,460,1060
624,689,1313
490,497,987
445,898,1343
372,939,1311
1488,905,2393
425,562,987
54,375,429
1070,593,1663
482,874,1356
470,772,1242
528,413,941
85,547,632
967,440,1407
608,689,1297
676,477,1153
60,596,656
1201,542,1743
268,899,1167
795,746,1541
546,1035,1581
128,562,690
941,557,1498
533,547,1080
255,1813,2068
241,557,798
1372,480,1852
399,931,1330
1091,723,1814
470,1017,1487
278,555,833
843,599,1442
468,518,986
372,1722,2094
396,548,944
386,488,874
705,604,1309
795,730,1525
403,1107,1510
470,578,1048
687,847,1534
512,848,1360
539,436,975
278,1809,2087
483,597,1080
497,454,951
667,717,1384
533,709,1242
303,597,900
844,803,1647
503,621,1124
710,548,1258
500,1016,1516
505,709,1214
787,1350,2137
438,751,1189
1108,579,1687
677,830,1507
441,771,1212
194,605,799
608,818,1426
580,870,1450
624,654,1278
804,1615,2419
727,731,1458
76,588,664
120,825,945
825,1162,1987
494,963,1457
412,422,834
409,1094,1503
632,903,1535
1680,746,2426
524,1614,2138
112,741,853
427,520,947
574,1051,1625
589,1038,1627
436,541,977
813,1006,1819
546,605,1151
1631,1409,3040
1254,1012,2266
515,583,1098
464,722,1186
201,1038,1239
157,1130,1287
423,858,1281
421,587,1008
65,1158,1223
594,714,1308
1782,1413,3195
722,657,1379
323,663,986
790,606,1396
545,796,1341
925,513,1438
430,489,919
585,770,1355
512,790,1302
334,1239,1573
688,694,1382
1500,661,2161
480,449,929
1110,718,1828
797,374,1171
917,591,1508
503,797,1300
698,401,1099
768,723,1491
940,828,1768
1604,930,2534
691,535,1226
659,1087,1746
495,671,1166
974,695,1669
568,799,1367
782,597,1379
1317,545,1862
906,854,1760
836,962,1798
740,853,1593
565,655,1220
574,345,919
866,470,1336
935,585,1520
515,554,1069
737,557,1294
679,729,1408
797,651,1448
674,656,1330
954,560,1514
263,643,906
72,723,795
1141,790,1931
343,583,926
575,1634,2209
495,824,1319
541,961,1502
341,606,947
345,578,923
659,822,1481
179,758,937
441,712,1153
566,1009,1575
284,982,1266
742,207,949
207,932,1139
328,454,782
620,498,1118
418,1614,2032
195,957,1152
304,1065,1369
360,878,1238
407,391,798
329,967,1296
251,946,1197
544,414,958
553,638,1191
744,1509,2253
382,1190,1572
449,1003,1452
721,658,1379
562,1088,1650
401,431,832
657,798,1455
582,722,1304
884,745,1629
92,451,543
1588,817,2405
845,781,1626
675,542,1217
589,613,1202
385,750,1135
517,818,1335
730,611,1341
748,540,1288
420,824,1244
978,416,1394
834,727,1561
419,840,1259
225,610,835
197,483,680
296,518,814
671,847,1518
1525,819,2344
287,640,927
509,401,910
248,723,971
881,568,1449
264,699,963
593,523,1116
603,683,1286
532,691,1223
838,396,1234
366,639,1005
1454,849,2303
260,639,899
433,648,1081
832,710,1542
319,562,881
813,2056,2869
261,667,928
652,586,1238
407,860,1267
827,2473,3300
570,389,959
60,612,672
600,645,1245
374,1071,1445
732,1147,1879
395,1540,1935
527,980,1507
839,2225,3064
308,1136,1444
654,1315,1969
540,955,1495
679,438,1117
433,1529,1962
542,948,1490
615,930,1545
86,860,946
532,1443,1975
526,1139,1665
396,616,1012
56,953,1009
1554,1405,2959
777,1467,2244
162,1029,1191
436,584,1020
2320,669,2989
471,783,1254
745,307,1052
474,787,1261
94,943,1037
68,1122,1190
729,1493,2222
486,1457,1943
1118,737,1855
722,438,1160
589,1705,2294
1708,504,2212
516,808,1324
1056,599,1655
851,472,1323
174,1267,1441
822,668,1490
751,781,1532
985,1250,2235
1231,503,1734
757,677,1434
1071,598,1669
438,618,1056
918,731,1649
645,478,1123
1833,712,2545
605,595,1200
1234,581,1815
787,985,1772
534,861,1395
1037,1030,2067
664,681,1345
151,1270,1421
978,866,1844
240,607,847
84,603,687
278,524,802
1121,690,1811
364,980,1344
280,584,864
653,830,1483
1448,807,2255
594,919,1513
1114,777,1891
362,536,898
390,943,1333
471,742,1213
885,1165,2050
678,1051,1729
460,455,915
1191,779,1970
927,567,1494
463,656,1119
485,724,1209
311,787,1098
644,1007,1651
580,873,1453
441,1002,1443
521,567,1088
681,904,1585
666,720,1386
1039,1472,2511
826,951,1777
561,881,1442
445,859,1304
370,583,953
1122,1534,2656
810,945,1755
801,704,1505
312,755,1067
762,977,1739
540,928,1468
664,660,1324
530,610,1140
385,885,1270
748,539,1287
826,1042,1868
675,621,1296
316,787,1103
778,707,1485
1422,649,2071
500,678,1178
858,523,1381
1403,544,1947
900,568,1468
767,1008,1775
742,1024,1766
318,1804,2122
753,709,1462
803,518,1321
650,655,1305
824,362,1186
704,652,1356
866,522,1388
706,740,1446
368,1278,1646
636,710,1346
268,382,650
615,835,1450
337,656,993
591,549,1140
776,826,1602
492,1285,1777
793,745,1538
370,1934,2304
567,1082,1649
455,211,666
209,542,751
701,761,1462
610,553,1163
560,644,1204
647,968,1615
860,1307,2167
183,802,985
553,2190,2743
915,969,1884
520,485,1005
1234,977,2211
362,798,1160
298,904,1202
516,793,1309
34,1249,1283
1021,677,1698
832,1243,2075
786,808,1594
512,679,1191
487,876,1363
479,1207,1686
1533,1206,2739
572,1169,1741
605,1296,1901
972,714,1686
432,672,1104
840,852,1692
699,666,1365
1039,849,1888
1213,1293,2506
366,530,896
1116,854,1970
827,971,1798
951,1331,2282
801,1262,2063
169,980,1149
1063,521,1584
1172,1010,2182
565,1043,1608
1165,1049,2214
484,1781,2265
563,823,1386
954,1012,1966
708,1450,2158
1752,1534,3286
399,866,1265
1210,429,1639
1166,539,1705
114,1009,1123
1180,577,1757
466,1836,2302
572,1213,1785
473,1315,1788
417,564,981
742,741,1483
722,781,1503
569,772,1341
832,584,1416
944,608,1552
2159,1581,3740
496,851,1347
791,722,1513
546,774,1320
670,501,1171
842,719,1561
608,772,1380
836,1589,2425
432,654,1086
527,523,1050
1091,1565,2656
1003,1365,2368
1004,689,1693
177,818,995
765,753,1518
1016,553,1569
1734,695,2429
949,622,1571
465,919,1384
524,511,1035
1240,1238,2478
738,587,1325
1176,696,1872
420,631,1051
394,891,1285
572,546,1118
1442,607,2049
924,900,1824
351,1140,1491
516,570,1086
1294,836,2130
663,949,1612
525,816,1341
430,806,1236
331,965,1296
620,786,1406
1232,539,1771
723,989,1712
632,868,1500
1425,803,2228
671,922,1593
596,812,1408
1083,723,1806
507,704,1211
681,868,1549
436,872,1308
503,759,1262
578,993,1571
794,966,1760
484,966,1450
622,786,1408
719,706,1425
1131,824,1955
842,849,1691
405,866,1271
483,786,1269
906,807,1713
734,969,1703
878,725,1603
626,740,1366
609,553,1162
1019,693,1712
685,632,1317
913,719,1632
693,778,1471
470,792,1262
549,1228,1777
847,588,1435
776,713,1489
479,521,1000
816,614,1430
270,632,902
864,559,1423
702,749,1451
665,604,1269
440,1365,1805
884,695,1579
635,599,1234
658,362,1020
413,748,1161
685,711,1396
509,544,1053
500,367,867
702,657,1359
759,1104,1863
673,584,1257
602,724,1326
615,780,1395
518,1025,1543
531,674,1205
458,875,1333
891,1120,2011
433,260,693
560,965,1525
203,500,703
500,696,1196
617,1135,1752
527,821,1348
386,698,1084
362,374,736
617,718,1335
935,840,1775
327,1238,1565
589,397,986
201,879,1080
535,631,1166
667,787,1454
418,786,1204
27,383,410
434,981,1415
539,935,1474
775,850,1625
377,859,1236
624,781,1405
736,483,1219
601,708,1309
493,952,1445
181,405,586
451,1207,1658
642,749,1391
787,599,1386
585,798,1383
538,566,1104
581,624,1205
1165,1120,2285
739,715,1454
622,888,1510
264,560,824
425,1238,1663
619,570,1189
710,804,1514
59,1030,1089
1058,495,1553
594,589,1183
980,1344,2324
985,668,1653
557,668,1225
309,781,1090
837,1054,1891
633,569,1202
527,734,1261
467,753,1220
1027,856,1883
436,694,1130
1142,1326,2468
627,831,1458
931,632,1563
480,682,1162
730,602,1332
756,577,1333
499,817,1316
973,473,1446
457,751,1208
643,862,1505
237,592,829
757,733,1490
803,994,1797
202,708,910
659,680,1339
431,532,963
646,580,1226
517,341,858
879,620,1499
305,591,896
457,1185,1642
429,734,1163
432,616,1048
507,1092,1599
586,423,1009
537,440,977
515,518,1033
721,647,1368
373,584,957
1009,1111,2120
188,784,972
605,611,1216
753,1408,2161
740,621,1361
472,432,904
626,588,1214
402,837,1239
530,470,1000
403,982,1385
641,899,1540
499,736,1235
278,1190,1468
374,905,1279
1213,959,2172
500,608,1108
424,800,1224
286,1077,1363
580,629,1209
632,1105,1737
327,945,1272
116,698,814
435,542,977
169,699,868
456,992,1448
458,558,1016
329,677,1006
43,1096,1139
633,1531,2164
436,335,771
690,487,1177
651,1219,1870
693,1366,2059
303,344,647
850,386,1236
519,1841,2360
909,934,1843
705,1752,2457
1421,1002,2423
740,708,1448
568,1542,2110
908,2136,3044
414,1089,1503
1006,1298,2304
460,1190,1650
404,1240,1644
1174,374,1548
704,901,1605
628,571,1199
518,1197,1715
363,340,703
913,365,1278
974,1765,2739
282,907,1189
728,942,1670
463,1247,1710
673,483,1156
1029,1742,2771
807,1405,2212
403,1407,1810
769,1043,1812
1357,487,1844
2059,392,2451
760,414,1174
976,388,1364
542,471,1013
601,493,1094
312,894,1206
837,1100,1937
588,1226,1814
998,423,1421
226,646,872
308,1229,1537
1021,875,1896
863,622,1485
268,1110,1378
78,740,818
1240,913,2153
102,777,879
302,1125,1427
1635,431,2066
1125,775,1900
153,995,1148
793,647,1440
865,662,1527
1818,584,2402
1142,542,1684
213,761,974
1080,652,1732
1150,743,1893
212,398,610
825,780,1605
1160,811,1971
71,559,630
596,617,1213
345,793,1138
24,653,677
263,586,849
1385,701,2086
630,706,1336
216,469,685
323,591,914
780,809,1589
67,973,1040
516,408,924
1058,644,1702
172,680,852
928,719,1647
51,795,846
491,414,905
617,1098,1715
37,986,1023
316,893,1209
394,668,1062
114,1203,1317
514,653,1167
88,545,633
947,828,1775
451,746,1197
338,779,1117
551,731,1282
159,796,955
365,1067,1432
145,844,989
899,314,1213
68,629,697
757,723,1480
386,1265,1651
675,815,1490
631,744,1375
389,1270,1659
268,1038,1306
370,740,1110
1010,491,1501
276,704,980
335,479,814
436,722,1158
197,627,824
423,547,970
578,434,1012
687,1003,1690
1031,728,1759
530,477,1007
443,711,1154
954,472,1426
458,821,1279
510,729,1239
405,1453,1858
99,677,776
683,412,1095
667,525,1192
745,684,1429
659,1530,2189
24,547,571
302,568,870
225,693,918
131,1489,1620
88,719,807
239,570,809
1012,646,1658
557,882,1439
1079,831,1910
323,1201,1524
337,536,873
650,676,1326
513,449,962
292,583,875
595,514,1109
396,556,952
378,1544,1922
1404,330,1734
405,670,1075
626,492,1118
256,769,1025
1383,523,1906
262,989,1251
515,670,1185
522,1339,1861
392,1289,1681
560,857,1417
549,1247,1796
397,574,971
469,675,1144
555,565,1120
270,733,1003
453,1011,1464
630,1153,1783
347,951,1298
682,1138,1820
980,460,1440
574,1142,1716
1066,939,2005
486,724,1210
601,740,1341
401,1634,2035
722,643,1365
513,848,1361
83,867,950
875,1789,2664
950,901,1851
1059,464,1523
468,738,1206
1208,644,1852
1020,590,1610
495,791,1286
657,904,1561
442,833,1275
633,453,1086
866,636,1502
738,828,1566
275,469,744
407,1745,2152
466,593,1059
565,683,1248
466,333,799
552,1651,2203
589,1390,1979
774,851,1625
601,769,1370
1019,686,1705
361,2000,2361
502,1011,1513
487,808,1295
789,911,1700
292,338,630
479,1085,1564
810,2045,2855
680,633,1313
355,897,1252
689,466,1155
1667,897,2564
468,692,1160
1079,1643,2722
606,672,1278
1605,912,2517
752,792,1544
660,626,1286
512,1003,1515
576,1050,1626
392,482,874
720,754,1474
711,997,1708
1563,1277,2840
516,702,1218
1890,662,2552
925,789,1714
1094,1941,3035
1555,1371,2926
285,878,1163
932,677,1609
364,659,1023
766,713,1479
551,809,1360
579,1207,1786
768,1204,1972
911,951,1862
1362,878,2240
909,634,1543
1107,816,1923
964,140,1104
556,677,1233
782,904,1686
139,789,928
339,654,993
1081,541,1622
444,144,588
664,663,1327
520,835,1355
845,891,1736
181,1433,1614
495,887,1382
231,1243,1474
424,920,1344
520,885,1405
630,607,1237
732,965,1697
1299,2241,3540
618,748,1366
1781,1577,3358
569,1083,1652
534,1316,1850
405,556,961
1656,1318,2974
698,1244,1942
472,1215,1687
832,866,1698
283,819,1102
1027,154,1181
797,1055,1852
1506,144,1650
677,1175,1852
579,1472,2051
275,1182,1457
842,1140,1982
1259,489,1748
227,1140,1367
1183,625,1808
1945,411,2356
1408,318,1726
346,1173,1519
1388,439,1827
552,380,932
1121,837,1958
2131,1853,3984
1733,280,2013
1681,446,2127
1688,471,2159
1206,977,2183
1423,468,1891
820,444,1264
1257,686,1943
2370,499,2869
1753,220,1973
1895,460,2355
1550,496,2046
1026,402,1428
1602,481,2083
485,486,971
1473,658,2131
627,262,889
2024,816,2840
1592,773,2365
364,624,988
158,244,402
1699,849,2548
371,498,869
664,614,1278
1670,836,2506
518,845,1363
865,655,1520
1851,689,2540
359,669,1028
793,396,1189
137,246,383
1600,1109,2709
386,665,1051
1614,1138,2752
131,382,513
799,738,1537
359,883,1242
633,647,1280
176,389,565
65,509,574
1477,1068,2545
901,1087,1988
136,395,531
229,1060,1289
378,782,1160
488,846,1334
519,751,1270
121,726,847
297,437,734
78,645,723
1074,1049,2123
656,819,1475
382,219,601
517,1251,1768
526,853,1379
780,663,1443
182,798,980
293,630,923
398,555,953
213,664,877
497,960,1457
494,940,1434
330,446,776
700,779,1479
877,874,1751
285,1433,1718
669,568,1237
649,667,1316
520,1168,1688
878,740,1618
945,732,1677
974,700,1674
894,847,1741
949,710,1659
573,780,1353
459,811,1270
742,483,1225
380,504,884
572,709,1281
931,975,1906
1408,883,2291
315,1210,1525
538,333,871
629,1232,1861
1154,532,1686
697,1197,1894
296,623,919
643,947,1590
854,935,1789
1191,474,1665
779,809,1588
565,424,989
871,762,1633
1126,692,1818
1107,485,1592
341,678,1019
792,812,1604
790,745,1535
626,1222,1848
937,896,1833
1087,187,1274
374,837,1211
670,896,1566
742,1104,1846
740,336,1076
1061,179,1240
907,159,1066
1017,274,1291
915,442,1357
591,504,1095
816,531,1347
1106,187,1293
720,353,1073
774,724,1498
906,235,1141
698,436,1134
1200,215,1415
1048,207,1255
1123,246,1369
771,683,1454
1003,259,1262
1132,192,1324
1097,326,1423
1143,338,1481
208,164,372
1001,276,1277
227,524,751
134,513,647
1034,588,1622
217,564,781
252,639,891
313,615,928
412,307,719
227,873,1100
273,499,772
263,342,605
150,1046,1196
1594,850,2444
1304,784,2088
1209,1196,2405
184,1069,1253
148,973,1121
1434,936,2370
252,916,1168
497,856,1353
242,1053,1295
328,314,642
177,1228,1405
343,878,1221
1041,321,1362
528,945,1473
120,909,1029
522,860,1382
599,1020,1619
237,1172,1409
259,434,693
391,750,1141
163,867,1030
886,295,1181
257,1477,1734
260,684,944
219,1016,1235
359,1102,1461
118,955,1073
557,355,912
100,1101,1201
981,326,1307
584,1191,1775
410,438,848
433,1135,1568
1055,793,1848
571,739,1310
81,348,429
160,1159,1319
108,384,492
984,691,1675
541,519,1060
605,887,1492
1119,761,1880
796,642,1438
531,856,1387
669,532,1201
134,463,597
1257,476,1733
270,518,788
657,1014,1671
212,1233,1445
715,844,1559
958,685,1643
436,1217,1653
153,379,532
226,499,725
1068,554,1622
351,330,681
437,1401,1838
994,672,1666
338,603,941
368,600,968
484,636,1120
243,690,933
1076,637,1713
1179,655,1834
610,260,870
258,1354,1612
675,364,1039
447,620,1067
494,463,957
204,1299,1503
540,654,1194
59,727,786
557,1160,1717
868,1243,2111
173,506,679
19,162,181
1087,194,1281
1407,401,1808
314,1700,2014
74,361,435
246,599,845
1317,784,2101
146,892,1038
222,710,932
664,891,1555
392,625,1017
1043,784,1827
1092,1124,2216
214,985,1199
637,1069,1706
68,396,464
381,909,1290
293,793,1086
287,694,981
616,459,1075
994,1006,2000
787,575,1362
421,1275,1696
430,846,1276
268,1154,1422
118,725,843
585,1688,2273
444,591,1035
274,1014,1288
639,359,998
1585,646,2231
614,478,1092
401,602,1003
364,1219,1583
875,632,1507
176,842,1018
548,1630,2178
175,329,504
709,571,1280
785,679,1464
1034,824,1858
784,252,1036
688,533,1221
583,770,1353
566,1015,1581
282,809,1091
996,857,1853
272,974,1246
315,311,626
699,445,1144
1567,583,2150
561,963,1524
396,523,919
129,868,997
783,668,1451
607,643,1250
661,320,981
383,1003,1386
857,737,1594
924,487,1411
1640,548,2188
67,979,1046
499,702,1201
443,853,1296
83,487,570
57,636,693
114,335,449
523,1357,1880
332,365,697
1042,771,1813
514,678,1192
199,819,1018
577,554,1131
645,584,1229
148,614,762
337,1074,1411
662,744,1406
519,942,1461
138,578,716
790,611,1401
632,1481,2113
150,1182,1332
114,760,874
180,632,812
604,1149,1753
446,593,1039
505,1021,1526
1056,729,1785
201,691,892
349,869,1218
771,690,1461
441,1243,1684
365,634,999
244,471,715
469,609,1078
843,763,1606
1307,524,1831
262,884,1146
735,508,1243
373,963,1336
581,1362,1943
419,737,1156
327,928,1255
835,465,1300
639,943,1582
385,1086,1471
456,774,1230
881,534,1415
902,616,1518
52,869,921
529,949,1478
660,634,1294
775,298,1073
1056,607,1663
476,852,1328
626,845,1471
744,661,1405
1050,561,1611
56,1771,1827
889,645,1534
255,767,1022
974,650,1624
1025,473,1498
638,454,1092
550,1166,1716
843,519,1362
568,1382,1950
912,1068,1980
608,611,1219
1241,616,1857
798,789,1587
900,881,1781
173,603,776
173,490,663
623,466,1089
803,1403,2206
836,514,1350
720,1069,1789
849,732,1581
658,960,1618
846,582,1428
468,352,820
348,469,817
238,665,903
1685,675,2360
374,673,1047
990,516,1506
449,1300,1749
136,808,944
829,642,1471
29,663,692
634,1216,1850
665,1040,1705
67,902,969
238,509,747
1191,836,2027
604,386,990
543,249,792
452,742,1194
172,333,505
495,838,1333
523,1408,1931
414,622,1036
182,795,977
1206,765,1971
819,675,1494
402,624,1026
97,818,915
706,1101,1807
1139,451,1590
653,769,1422
225,1321,1546
533,683,1216
316,791,1107
594,265,859
748,1047,1795
71,658,729
205,935,1140
317,635,952
1248,579,1827
286,1073,1359
252,980,1232
872,514,1386
750,633,1383
334,1477,1811
766,453,1219
472,517,989
518,863,1381
452,433,885
983,539,1522
334,1090,1424
532,625,1157
474,746,1220
408,732,1140
452,1669,2121
493,639,1132
623,569,1192
35,550,585
836,423,1259
421,832,1253
675,650,1325
529,719,1248
44,779,823
594,774,1368
762,1121,1883
754,681,1435
602,1374,1976
1156,854,2010
304,574,878
810,667,1477
805,544,1349
359,565,924
95,793,888
109,676,785
245,553,798
92,779,871
392,1753,2145
1500,580,2080
342,715,1057
680,1788,2468
989,706,1695
494,603,1097
373,822,1195
500,645,1145
421,694,1115
87,671,758
441,870,1311
749,704,1453
237,758,995
276,866,1142
615,912,1527
1058,1028,2086
823,593,1416
240,823,1063
746,715,1461
274,663,937
334,585,919
453,858,1311
543,972,1515
694,725,1419
1623,670,2293
426,931,1357
548,940,1488
754,791,1545
1648,166,1814
274,860,1134
196,939,1135
528,725,1253
721,832,1553
749,849,1598
426,628,1054
638,392,1030
473,695,1168
476,744,1220
579,810,1389
555,801,1356
900,175,1075
857,441,1298
395,817,1212
977,408,1385
1128,206,1334
1072,219,1291
1097,225,1322
1015,481,1496
285,1142,1427
1137,434,1571
713,546,1259
826,479,1305
796,582,1378
407,455,862
479,636,1115
693,535,1228
878,551,1429
921,551,1472
1064,237,1301
881,440,1321
23,248,271
244,522,766
856,607,1463
844,719,1563
807,987,1794
866,663,1529
493,1086,1579
162,499,661
229,462,691
198,623,821
213,741,954
212,533,745
137,735,872
583,1130,1713
785,1283,2068
78,399,477
850,946,1796
125,769,894
268,568,836
238,645,883
177,732,909
142,1179,1321
176,773,949
842,1063,1905
429,759,1188
279,662,941
74,841,915
310,874,1184
1314,653,1967
565,720,1285
445,441,886
105,844,949
126,1358,1484
157,747,904
626,777,1403
541,883,1424
715,479,1194
651,559,1210
642,670,1312
49,1446,1495
548,518,1066
208,1021,1229
612,602,1214
335,1179,1514
408,1112,1520
400,433,833
334,1331,1665
729,1069,1798
239,1715,1954
583,149,732
474,1256,1730
858,714,1572
541,1014,1555
499,1484,1983
1032,965,1997
233,1372,1605
761,864,1625
871,594,1465
1464,277,1741
716,1306,2022
631,1000,1631
274,1581,1855
1212,290,1502
689,1606,2295
1020,698,1718
413,1828,2241
1470,316,1786
1054,232,1286
913,443,1356
262,1497,1759
674,539,1213
836,1466,2302
671,832,1503
570,1859,2429
1415,519,1934
1147,280,1427
983,597,1580
959,1178,2137
1409,454,1863
1176,1464,2640
673,852,1525
763,1895,2658
860,341,1201
1527,689,2216
1087,499,1586
1449,722,2171
1632,817,2449
1505,609,2114
626,916,1542
37,366,403
1372,693,2065
551,1062,1613
170,676,846
73,556,629
1267,569,1836
726,661,1387
1790,679,2469
127,560,687
961,814,1775
1331,843,2174
119,427,546
142,690,832
640,901,1541
1095,776,1871
545,482,1027
51,594,645
1814,654,2468
335,403,738
137,879,1016
825,999,1824
92,905,997
417,496,913
190,471,661
506,674,1180
660,482,1142
258,1025,1283
554,710,1264
645,776,1421
488,799,1287
188,598,786
98,1332,1430
596,633,1229
224,476,700
368,789,1157
165,955,1120
68,825,893
384,517,901
328,1307,1635
271,1320,1591
337,1201,1538
128,709,837
482,1185,1667
802,975,1777
674,718,1392
339,769,1108
214,597,811
1316,493,1809
802,997,1799
501,799,1300
433,866,1299
413,718,1131
549,765,1314
414,742,1156
360,555,915
434,1210,1644
693,781,1474
381,839,1220
393,567,960
642,1449,2091
205,708,913
824,551,1375
449,1238,1687
938,493,1431
871,772,1643
533,643,1176
951,756,1707
615,614,1229
690,513,1203
439,437,876
362,614,976
949,317,1266
306,609,915
113,1262,1375
394,689,1083
987,334,1321
269,511,780
127,1271,1398
685,632,1317
522,410,932
318,772,1090
380,1102,1482
708,303,1011
942,639,1581
565,807,1372
1222,307,1529
310,809,1119
477,809,1286
696,765,1461
393,795,1188
518,1073,1591
234,813,1047
1035,1101,2136
380,594,974
1222,334,1556
663,320,983
507,761,1268
835,1015,1850
956,498,1454
504,734,1238
599,330,929
453,376,829
512,1011,1523
520,918,1438
732,276,1008
866,1704,2570
127,463,590
399,750,1149
168,877,1045
713,1256,1969
345,843,1188
573,871,1444
742,417,1159
514,713,1227
559,985,1544
173,594,767
688,1164,1852
746,307,1053
539,1171,1710
566,1232,1798
292,967,1259
654,1642,2296
184,663,847
812,799,1611
236,973,1209
423,669,1092
730,989,1719
681,650,1331
883,1120,2003
366,809,1175
269,1181,1450
786,1545,2331
148,812,960
190,1381,1571
635,737,1372
545,1150,1695
713,921,1634
1674,1004,2678
848,1027,1875
1041,682,1723
1550,994,2544
225,576,801
951,1067,2018
873,824,1697
511,801,1312
828,964,1792
860,671,1531
468,412,880
1343,1280,2623
1565,678,2243
110,923,1033
1103,1296,2399
1077,656,1733
670,393,1063
977,1011,1988
753,553,1306
1498,710,2208
916,393,1309
328,1006,1334
844,676,1520
611,531,1142
1029,446,1475
777,599,1376
768,561,1329
562,614,1176
865,1093,1958
714,1328,2042
1143,1949,3092
1177,474,1651
368,463,831
781,448,1229
607,1043,1650
354,541,895
923,512,1435
591,883,1474
216,1144,1360
176,744,920
48,713,761
846,580,1426
945,748,1693
1054,435,1489
445,1423,1868
87,860,947
388,1013,1401
205,728,933
171,813,984
754,794,1548
1095,1502,2597
607,914,1521
839,1658,2497
383,932,1315
540,1788,2328
332,1036,1368
775,467,1242
357,752,1109
283,869,1152
611,603,1214
293,799,1092
406,1639,2045
587,732,1319
780,598,1378
965,1187,2152
598,942,1540
496,603,1099
434,509,943
1273,854,2127
811,438,1249
123,1330,1453
684,475,1159
1518,623,2141
96,2363,2459
830,636,1466
659,361,1020
760,445,1205
193,1324,1517
645,747,1392
449,723,1172
956,315,1271
523,499,1022
633,809,1442
384,360,744
526,556,1082
441,478,919
814,554,1368
265,678,943
782,415,1197
369,622,991
837,1185,2022
387,471,858
439,885,1324
802,872,1674
656,308,964
200,552,752
512,504,1016
1099,741,1840
313,455,768
393,1105,1498
544,465,1009
559,1254,1813
684,566,1250
206,512,718
301,505,806
199,622,821
1142,749,1891
343,708,1051
355,460,815
1659,712,2371
189,2670,2859
539,538,1077
750,1292,2042
277,510,787
178,638,816
808,702,1510
219,521,740
1227,1926,3153
1481,2220,3701
355,594,949
794,1434,2228
2252,1630,3882
464,511,975
483,568,1051
468,1085,1553
357,563,920
357,650,1007
1671,1657,3328
411,563,974
2229,1228,3457
480,510,990
583,618,1201
1094,721,1815
971,978,1949
369,708,1077
503,1030,1533
505,747,1252
656,718,1374
437,859,1296
1014,1165,2179
366,1253,1619
2193,542,2735
1062,805,1867
626,1796,2422
808,777,1585
626,777,1403
539,569,1108
437,808,1245
456,747,1203
918,1049,1967
456,558,1014
590,761,1351
1200,772,1972
1917,788,2705
581,772,1353
578,719,1297
681,469,1150
1461,553,2014
489,801,1290
819,650,1469
483,744,1227
844,508,1352
705,742,1447
1199,431,1630
1192,344,1536
750,629,1379
621,790,1411
1146,745,1891
1386,878,2264
579,774,1353
429,659,1088
94,514,608
1628,1086,2714
1094,394,1488
832,266,1098
692,799,1491
345,794,1139
863,411,1274
130,268,398
123,1036,1159
99,358,457
144,944,1088
83,1004,1087
489,915,1404
402,277,679
385,959,1344
339,458,797
103,399,502
275,558,833
103,351,454
423,853,1276
392,1078,1470
647,795,1442
553,649,1202
589,1098,1687
635,791,1426
461,1104,1565
952,719,1671
106,678,784
712,980,1692
122,513,635
300,852,1152
542,1111,1653
885,793,1678
491,947,1438
477,1131,1608
473,818,1291
597,601,1198
573,667,1240
807,568,1375
636,516,1152
696,1528,2224
227,849,1076
302,1008,1310
82,1534,1616
327,951,1278
249,1013,1262
574,512,1086
842,1429,2271
373,1264,1637
249,1190,1439
672,1658,2330
663,948,1611
352,1451,1803
541,1089,1630
402,1029,1431
810,922,1732
487,522,1009
674,1206,1880
733,377,1110
1328,421,1749
405,945,1350
627,990,1617
720,789,1509
589,1066,1655
694,1751,2445
1042,465,1507
430,1104,1534
376,770,1146
535,682,1217
131,1797,1928
876,853,1729
1154,501,1655
94,2064,2158
769,437,1206
916,541,1457
995,510,1505
905,616,1521
292,848,1140
747,538,1285
769,546,1315
669,1619,2288
86,963,1049
874,1138,2012
702,541,1243
382,392,774
1372,532,1904
544,569,1113
847,653,1500
718,441,1159
1105,1318,2423
308,843,1151
755,1553,2308
1238,1013,2251
424,467,891
1540,1020,2560
720,746,1466
771,405,1176
274,627,901
166,666,832
1637,844,2481
907,538,1445
194,288,482
999,954,1953
298,347,645
1883,846,2729
212,707,919
277,962,1239
385,826,1211
373,875,1248
1416,767,2183
639,311,950
663,815,1478
1253,967,2220
576,390,966
1421,858,2279
526,432,958
606,795,1401
570,839,1409
28,810,838
108,691,799
213,1187,1400
494,1221,1715
132,1149,1281
1006,868,1874
117,790,907
299,636,935
623,910,1533
111,741,852
99,828,927
1027,1156,2183
748,1516,2264
542,801,1343
190,901,1091
257,775,1032
166,962,1128
104,918,1022
383,1166,1549
104,1026,1130
752,1461,2213
471,1349,1820
767,780,1547
346,885,1231
714,377,1091
994,994,1988
312,944,1256
675,1223,1898
779,643,1422
239,1060,1299
752,681,1433
922,586,1508
617,841,1458
884,1512,2396
483,671,1154
999,588,1587
306,892,1198
509,583,1092
610,598,1208
684,816,1500
731,573,1304
565,578,1143
729,1013,1742
913,1442,2355
1234,562,1796
305,456,761
711,637,1348
523,897,1420
868,539,1407
721,727,1448
801,587,1388
555,401,956
1317,671,1988
642,747,1389
809,749,1558
354,539,893
795,711,1506
388,952,1340
406,767,1173
407,610,1017
456,363,819
631,1174,1805
68,371,439
661,437,1098
481,647,1128
378,1202,1580
841,369,1210
1420,772,2192
517,765,1282
317,1498,1815
571,1103,1674
1177,984,2161
838,849,1687
394,429,823
359,677,1036
142,725,867
185,795,980
383,1190,1573
863,773,1636
219,884,1103
342,781,1123
1115,601,1716
388,701,1089
641,597,1238
468,1206,1674
681,660,1341
850,857,1707
918,381,1299
500,594,1094
905,599,1504
311,411,722
918,839,1757
599,549,1148
431,438,869
418,1588,2006
559,403,962
646,697,1343
760,507,1267
511,1681,2192
637,464,1101
831,590,1421
600,580,1180
151,842,993
510,486,996
401,604,1005
510,983,1493
1449,669,2118
650,313,963
90,439,529
76,1309,1385
1033,930,1963
180,1062,1242
496,1247,1743
154,568,722
632,755,1387
464,940,1404
471,687,1158
329,1097,1426
758,660,1418
365,1109,1474
412,336,748
483,577,1060
991,443,1434
1351,661,2012
408,1744,2152
790,1151,1941
472,542,1014
869,702,1571
343,429,772
509,1851,2360
21,767,788
175,893,1068
1522,735,2257
237,1607,1844
192,541,733
282,583,865
1215,542,1757
395,697,1092
1016,1391,2407
319,812,1131
371,904,1275
1050,827,1877
304,936,1240
240,690,930
275,874,1149
738,651,1389
689,803,1492
929,1057,1986
873,1486,2359
429,906,1335
488,1128,1616
440,741,1181
598,725,1323
650,568,1218
639,830,1469
934,538,1472
1612,838,2450
694,462,1156
734,735,1469
732,729,1461
1802,762,2564
641,1208,1849
437,979,1416
635,798,1433
737,502,1239
707,482,1189
546,840,1386
630,668,1298
1120,780,1900
1739,748,2487
904,905,1809
994,638,1632
801,798,1599
267,610,877
451,1358,1809
758,586,1344
772,690,1462
376,538,914
788,579,1367
1176,660,1836
110,510,620
374,563,937
420,1215,1635
718,770,1488
533,529,1062
372,700,1072
969,789,1758
803,526,1329
718,536,1254
258,418,676
1201,609,1810
624,581,1205
796,822,1618
1177,1239,2416
717,535,1252
581,624,1205
447,421,868
366,532,898
421,397,818
651,756,1407
447,986,1433
361,464,825
1051,389,1440
572,1004,1576
626,821,1447
601,380,981
484,755,1239
1352,1237,2589
458,696,1154
493,512,1005
322,523,845
777,1387,2164
458,489,947
512,846,1358
422,2907,3329
424,547,971
439,764,1203
467,751,1218
261,566,827
317,690,1007
398,909,1307
448,711,1159
741,348,1089
580,1037,1617
883,1044,1927
656,789,1445
526,260,786
734,884,1618
916,956,1872
409,968,1377
369,694,1063
831,704,1535
656,789,1445
564,271,835
848,455,1303
609,504,1113
1256,665,1921
428,957,1385
454,845,1299
853,1003,1856
463,1340,1803
950,737,1687
301,385,686
633,317,950
787,401,1188
652,758,1410
184,505,689
551,401,952
616,679,1295
489,1096,1585
336,811,1147
735,226,961
682,522,1204
334,784,1118
569,997,1566
371,227,598
356,749,1105
147,1255,1402
451,1366,1817
653,699,1352
332,254,586
570,888,1458
187,1404,1591
195,542,737
602,643,1245
748,760,1508
252,695,947
659,650,1309
698,705,1403
82,302,384
505,1125,1630
987,545,1532
172,1255,1427
589,645,1234
748,582,1330
675,860,1535
1073,916,1989
178,793,971
128,626,754
374,768,1142
452,621,1073
894,1031,1925
1270,853,2123
769,4367,5136
871,1221,2092
1376,778,2154
714,4163,4877
801,1567,2368
1104,750,1854
1038,3819,4857
421,1329,1750
723,1415,2138
157,694,851
658,504,1162
2477,2095,4572
457,1243,1700
519,365,884
775,1154,1929
169,1186,1355
574,981,1555
3907,360,4267
1133,701,1834
641,305,946
306,1098,1404
93,1004,1097
591,1372,1963
662,1100,1762
1393,359,1752
427,1800,2227
1259,603,1862
3472,390,3862
135,1092,1227
275,941,1216
455,1277,1732
1139,810,1949
1202,972,2174
900,542,1442
722,1273,1995
848,637,1485
2250,465,2715
927,603,1530
884,630,1514
642,1571,2213
361,1843,2204
938,850,1788
457,1910,2367
811,441,1252
1036,601,1637
879,1518,2397
833,524,1357
220,723,943
1196,516,1712
716,1767,2483
96,750,846
313,677,990
1290,778,2068
871,1357,2228
961,786,1747
1444,640,2084
900,651,1551
115,662,777
725,1796,2521
122,766,888
548,506,1054
1384,443,1827
1587,819,2406
54,578,632
970,1149,2119
1755,477,2232
237,832,1069
148,956,1104
441,1078,1519
510,750,1260
223,436,659
539,811,1350
256,695,951
588,500,1088
1447,646,2093
1383,664,2047
292,1031,1323
334,712,1046
596,957,1553
330,639,969
1387,707,2094
331,822,1153
581,934,1515
716,780,1496
500,688,1188
574,595,1169
220,715,935
590,710,1300
719,529,1248
435,831,1266
98,1319,1417
72,578,650
1008,1812,2820
331,1613,1944
276,1000,1276
634,2495,3129
523,1428,1951
338,1005,1343
1174,1616,2790
570,1107,1677
484,1343,1827
307,1419,1726
808,1153,1961
748,1383,2131
1342,613,1955
595,1334,1929
827,1359,2186
866,763,1629
1569,743,2312
965,1686,2651
1306,811,2117
396,1412,1808
1101,580,1681
656,863,1519
967,856,1823
1293,678,1971
1076,654,1730
1695,678,2373
1980,954,2934
1033,785,1818
1382,553,1935
966,646,1612
821,906,1727
1024,842,1866
633,2149,2782
1075,1031,2106
1019,917,1936
1124,743,1867
1046,877,1923
1152,814,1966
450,538,988
1104,888,1992
290,634,924
1147,925,2072
1240,992,2232
506,523,1029
122,408,530
410,550,960
1117,732,1849
342,557,899
362,664,1026
653,325,978
323,891,1214
42,921,963
135,850,985
1751,991,2742
304,285,589
693,340,1033
563,653,1216
241,862,1103
473,672,1145
415,956,1371
286,787,1073
1454,1196,2650
309,436,745
635,492,1127
427,1039,1466
276,1294,1570
598,795,1393
672,910,1582
607,344,951
245,1148,1393
791,601,1392
619,412,1031
96,488,584
438,1253,1691
806,861,1667
334,788,1122
1109,528,1637
479,509,988
468,638,1106
433,1201,1634
116,539,655
109,518,627
502,1048,1550
1015,1047,2062
583,715,1298
248,1225,1473
1096,622,1718
1123,2344,3467
149,822,971
1120,625,1745
895,699,1594
1180,2595,3775
284,821,1105
253,869,1122
464,878,1342
290,1440,1730
455,687,1142
123,712,835
621,293,914
598,1341,1939
1238,2606,3844
180,704,884
554,739,1293
729,1178,1907
95,821,916
672,681,1353
701,387,1088
410,957,1367
588,666,1254
230,1399,1629
505,456,961
402,1163,1565
350,1023,1373
553,918,1471
539,473,1012
468,1103,1571
726,787,1513
643,664,1307
253,897,1150
1040,1912,2952
413,1224,1637
594,1002,1596
313,415,728
253,459,712
1156,1000,2156
620,625,1245
629,609,1238
508,720,1228
753,453,1206
418,592,1010
466,1197,1663
868,564,1432
463,803,1266
193,416,609
468,600,1068
1288,631,1919
973,442,1415
2341,822,3163
812,698,1510
803,578,1381
928,533,1461
117,1012,1129
241,616,857
442,443,885
1002,641,1643
670,540,1210
2382,1147,3529
1105,1278,2383
332,714,1046
1488,1168,2656
270,1021,1291
312,694,1006
506,422,928
548,785,1333
1198,571,1769
820,605,1425
446,678,1124
305,553,858
565,735,1300
620,662,1282
291,705,996
496,670,1166
451,602,1053
918,613,1531
382,1144,1526
970,482,1452
710,1385,2095
519,604,1123
1124,462,1586
457,745,1202
572,458,1030
403,544,947
1004,1361,2365
521,1025,1546
631,721,1352
699,418,1117
649,1775,2424
306,1117,1423
1002,1828,2830
337,400,737
590,559,1149
548,882,1430
874,1800,2674
382,411,793
946,954,1900
424,1122,1546
626,585,1211
1345,1367,2712
285,754,1039
562,545,1107
1191,342,1533
646,344,990
1202,792,1994
496,678,1174
983,598,1581
1826,390,2216
307,1224,1531
309,1099,1408
394,839,1233
1726,560,2286
1691,539,2230
738,1108,1846
539,1203,1742
688,507,1195
547,852,1399
1122,772,1894
874,590,1464
106,616,722
1189,352,1541
1258,700,1958
890,724,1614
105,624,729
757,792,1549
143,730,873
780,787,1567
73,703,776
91,475,566
694,773,1467
753,926,1679
321,437,758
741,877,1618
512,478,990
1100,530,1630
168,721,889
296,798,1094
148,582,730
173,843,1016
357,687,1044
1208,696,1904
304,573,877
589,558,1147
740,1101,1841
476,806,1282
232,557,789
257,657,914
229,949,1178
357,655,1012
123,809,932
550,502,1052
480,399,879
126,1307,1433
219,736,955
569,870,1439
453,656,1109
643,639,1282
421,727,1148
302,939,1241
478,524,1002
513,958,1471
128,1515,1643
517,932,1449
590,792,1382
594,1027,1621
750,936,1686
370,949,1319
503,755,1258
368,792,1160
153,691,844
331,1083,1414
939,877,1816
702,762,1464
782,788,1570
1062,1897,2959
513,1014,1527
1268,794,2062
756,796,1552
648,1109,1757
1435,697,2132
287,813,1100
858,689,1547
1088,1923,3011
575,963,1538
766,673,1439
333,1225,1558
404,1277,1681
706,670,1376
500,1228,1728
493,852,1345
808,505,1313
646,1928,2574
681,678,1359
841,1165,2006
853,639,1492
415,640,1055
618,1008,1626
886,1013,1899
601,1163,1764
450,908,1358
921,849,1770
1671,1134,2805
684,1215,1899
581,1083,1664
877,1134,2011
702,1077,1779
701,1373,2074
716,892,1608
1708,1030,2738
510,1040,1550
543,1129,1672
760,844,1604
1123,916,2039
503,1365,1868
564,1117,1681
315,1054,1369
973,753,1726
1829,949,2778
701,607,1308
712,708,1420
791,958,1749
1012,456,1468
934,461,1395
1066,950,2016
491,1849,2340
802,411,1213
873,474,1347
949,515,1464
827,974,1801
678,1955,2633
725,868,1593
487,981,1468
1025,412,1437
584,1374,1958
832,565,1397
1035,1014,2049
294,1832,2126
891,819,1710
249,1564,1813
566,657,1223
1154,1121,2275
665,611,1276
971,664,1635
823,1035,1858
2007,269,2276
941,327,1268
579,353,932
891,444,1335
676,1186,1862
1168,708,1876
250,523,773
419,543,962
744,1002,1746
526,336,862
754,325,1079
258,468,726
1005,701,1706
528,1246,1774
79,259,338
1838,613,2451
705,1044,1749
1049,876,1925
1503,606,2109
802,566,1368
1257,524,1781
224,1066,1290
63,278,341
780,1009,1789
236,740,976
1156,793,1949
519,800,1319
972,920,1892
867,725,1592
585,404,989
793,1127,1920
84,360,444
1082,889,1971
73,875,948
63,759,822
51,620,671
949,941,1890
107,803,910
133,1467,1600
290,679,969
341,745,1086
641,917,1558
41,522,563
98,625,723
536,677,1213
636,1168,1804
37,1092,1129
436,1214,1650
650,360,1010
478,658,1136
523,718,1241
113,903,1016
691,479,1170
270,648,918
813,1093,1906
287,878,1165
812,1071,1883
960,895,1855
735,547,1282
764,596,1360
1393,629,2022
236,1041,1277
345,627,972
766,773,1539
319,992,1311
461,330,791
1163,983,2146
557,548,1105
577,881,1458
1107,628,1735
664,838,1502
428,609,1037
546,555,1101
947,569,1516
789,839,1628
77,1056,1133
324,837,1161
615,651,1266
666,555,1221
67,600,667
258,536,794
269,547,816
735,560,1295
447,621,1068
504,871,1375
854,904,1758
804,639,1443
500,659,1159
366,843,1209
479,572,1051
474,591,1065
547,563,1110
808,2009,2817
589,707,1296
182,620,802
291,567,858
218,804,1022
531,712,1243
329,662,991
724,601,1325
292,1167,1459
490,666,1156
877,947,1824
432,672,1104
483,479,962
227,536,763
219,2058,2277
640,619,1259
450,756,1206
508,976,1484
624,1341,1965
153,760,913
231,680,911
367,434,801
317,519,836
420,935,1355
240,2322,2562
436,865,1301
997,975,1972
578,753,1331
773,1444,2217
342,455,797
412,520,932
425,472,897
308,643,951
220,820,1040
503,2231,2734
758,717,1475
399,1134,1533
415,951,1366
949,553,1502
700,1312,2012
580,471,1051
517,545,1062
407,643,1050
392,797,1189
748,1188,1936
457,554,1011
168,748,916
782,580,1362
565,785,1350
637,621,1258
1782,847,2629
462,764,1226
851,589,1440
1308,678,1986
480,873,1353
361,769,1130
328,650,978
700,798,1498
565,616,1181
2097,926,3023
877,919,1796
464,573,1037
805,740,1545
289,497,786
189,1025,1214
722,1310,2032
608,494,1102
492,894,1386
1150,703,1853
2169,1005,3174
697,697,1394
705,748,1453
620,1104,1724
998,1034,2032
35,864,899
287,580,867
445,708,1153
777,1026,1803
405,516,921
230,917,1147
760,502,1262
74,656,730
219,892,1111
385,730,1115
638,532,1170
545,633,1178
365,931,1296
506,699,1205
263,791,1054
1004,331,1335
1107,774,1881
738,595,1333
362,933,1295
792,488,1280
164,1167,1331
278,1189,1467
678,615,1293
395,1199,1594
434,948,1382
598,330,928
589,363,952
58,828,886
272,1240,1512
373,1136,1509
650,741,1391
1026,388,1414
602,990,1592
707,786,1493
515,1058,1573
292,781,1073
131,874,1005
310,810,1120
472,653,1125
893,642,1535
539,428,967
519,1085,1604
804,337,1141
551,602,1153
841,312,1153
776,641,1417
597,843,1440
1148,225,1373
867,647,1514
938,358,1296
404,848,1252
160,309,469
851,488,1339
127,370,497
834,463,1297
959,537,1496
158,460,618
581,1102,1683
162,542,704
154,476,630
154,419,573
667,854,1521
61,664,725
214,491,705
838,1227,2065
1414,221,1635
135,759,894
322,522,844
96,384,480
232,527,759
713,310,1023
702,1226,1928
1048,1064,2112
252,511,763
845,1259,2104
216,528,744
331,686,1017
124,412,536
385,613,998
370,883,1253
290,992,1282
260,669,929
542,821,1363
440,964,1404
1140,723,1863
156,651,807
112,810,922
164,1631,1795
281,718,999
826,704,1530
464,863,1327
231,486,717
692,773,1465
869,1289,2158
302,803,1105
276,943,1219
515,1027,1542
294,1577,1871
732,879,1611
817,995,1812
820,548,1368
602,1465,2067
2437,317,2754
675,1049,1724
1550,526,2076
479,1004,1483
132,655,787
280,1049,1329
1074,992,2066
694,925,1619
396,1175,1571
1240,530,1770
439,808,1247
278,582,860
510,618,1128
668,1004,1672
247,1017,1264
649,702,1351
833,1043,1876
856,551,1407
120,1992,2112
1283,381,1664
757,717,1474
313,1060,1373
58,806,864
544,1322,1866
805,966,1771
873,620,1493
694,1161,1855
106,2658,2764
474,580,1054
874,691,1565
917,685,1602
1076,734,1810
602,1254,1856
609,1101,1710
817,855,1672
930,773,1703
366,708,1074
1028,1954,2982
347,805,1152
459,889,1348
876,704,1580
883,1175,2058
430,1172,1602
421,852,1273
854,384,1238
469,937,1406
877,790,1667
396,1288,1684
839,1252,2091
614,848,1462
733,644,1377
1241,721,1962
625,780,1405
480,543,1023
762,846,1608
1840,1329,3169
690,895,1585
634,544,1178
299,1491,1790
542,605,1147
223,533,756
795,488,1283
309,904,1213
946,1006,1952
768,625,1393
1088,727,1815
636,809,1445
1165,816,1981
602,788,1390
686,446,1132
440,376,816
1446,500,1946
494,1104,1598
477,510,987
2593,924,3517
1127,848,1975
758,814,1572
819,987,1806
1037,715,1752
563,610,1173
362,592,954
538,586,1124
1931,1393,3324
723,1221,1944
353,923,1276
622,1053,1675
425,1286,1711
528,800,1328
713,661,1374
551,1219,1770
694,1067,1761
118,811,929
678,1131,1809
818,719,1537
755,1424,2179
116,594,710
668,924,1592
1221,1319,2540
1126,294,1420
157,905,1062
812,353,1165
568,1281,1849
506,1105,1611
831,1672,2503
432,519,951
768,1294,2062
752,443,1195
428,678,1106
929,295,1224
485,1230,1715
1313,1387,2700
831,1370,2201
616,664,1280
1039,861,1900
571,889,1460
626,1713,2339
176,1132,1308
708,559,1267
1175,835,2010
165,1258,1423
368,587,955
1179,823,2002
757,305,1062
650,424,1074
201,926,1127
774,1572,2346
409,1126,1535
658,569,1227
184,719,903
961,931,1892
1562,773,2335
477,745,1222
232,706,938
429,700,1129
987,840,1827
542,414,956
1220,548,1768
1061,619,1680
408,696,1104
913,797,1710
1220,744,1964
693,331,1024
747,801,1548
719,419,1138
1089,616,1705
829,1310,2139
1360,565,1925
1104,911,2015
923,707,1630
70,490,560
82,361,443
799,676,1475
317,294,611
235,383,618
528,437,965
604,931,1535
712,1254,1966
1155,846,2001
62,425,487
843,890,1733
163,568,731
64,895,959
1459,852,2311
152,996,1148
415,720,1135
151,682,833
486,1241,1727
98,1048,1146
78,415,493
399,584,983
357,674,1031
257,943,1200
317,879,1196
457,733,1190
204,1029,1233
306,1089,1395
752,614,1366
195,388,583
76,738,814
525,804,1329
346,1371,1717
234,622,856
153,868,1021
431,848,1279
456,922,1378
558,913,1471
612,378,990
402,626,1028
707,678,1385
623,489,1112
508,1828,2336
548,713,1261
633,1029,1662
602,432,1034
1187,730,1917
626,553,1179
599,484,1083
307,608,915
55,1031,1086
183,983,1166
356,1592,1948
582,710,1292
312,1086,1398
81,446,527
1137,954,2091
710,650,1360
640,794,1434
505,592,1097
1032,821,1853
634,801,1435
29,772,801
771,860,1631
755,432,1187
713,962,1675
1706,427,2133
875,653,1528
196,647,843
623,686,1309
704,1096,1800
1263,615,1878
384,511,895
912,804,1716
384,592,976
884,749,1633
594,1368,1962
572,430,1002
348,690,1038
625,490,1115
361,916,1277
357,680,1037
625,354,979
609,642,1251
662,638,1300
344,370,714
305,337,642
542,646,1188
827,617,1444
340,437,777
475,704,1179
1076,1606,2682
197,774,971
389,360,749
564,559,1123
340,1083,1423
674,839,1513
408,756,1164
585,263,848
283,684,967
427,1798,2225
248,1305,1553
549,800,1349
57,627,684
553,991,1544
363,628,991
751,880,1631
213,284,497
262,604,866
1093,1289,2382
361,1266,1627
316,751,1067
315,612,927
58,1083,1141
423,705,1128
758,846,1604
259,381,640
825,161,986
1137,719,1856
835,902,1737
202,460,662
861,224,1085
1023,260,1283
942,294,1236
475,724,1199
1576,406,1982
952,459,1411
198,416,614
940,258,1198
1098,660,1758
810,333,1143
949,182,1131
816,528,1344
866,752,1618
664,774,1438
437,1383,1820
34,554,588
643,834,1477
593,244,837
981,509,1490
66,525,591
172,362,534
1162,384,1546
348,614,962
274,329,603
1183,705,1888
942,562,1504
516,1425,1941
437,871,1308
983,392,1375
178,491,669
1261,827,2088
245,1520,1765
199,531,730
282,316,598
894,836,1730
287,587,874
1149,605,1754
386,483,869
1222,816,2038
486,641,1127
937,1097,2034
144,1530,1674
293,636,929
186,713,899
54,906,960
250,665,915
391,650,1041
188,1113,1301
122,1272,1394
259,477,736
1338,702,2040
199,1219,1418
281,1041,1322
156,570,726
46,873,919
1012,381,1393
243,930,1173
602,803,1405
434,581,1015
413,604,1017
1379,761,2140
592,532,1124
268,1192,1460
254,1155,1409
331,1293,1624
1047,392,1439
312,1041,1353
728,798,1526
136,680,816
1484,866,2350
631,541,1172
564,972,1536
191,774,965
301,712,1013
978,447,1425
565,806,1371
476,558,1034
542,526,1068
491,1154,1645
379,645,1024
861,693,1554
418,671,1089
173,552,725
848,673,1521
1104,591,1695
501,360,861
393,1170,1563
750,384,1134
678,721,1399
645,447,1092
389,1550,1939
622,1265,1887
618,577,1195
335,484,819
493,956,1449
601,478,1079
580,501,1081
370,798,1168
1095,907,2002
1138,924,2062
635,307,942
1095,607,1702
736,1170,1906
545,710,1255
32,466,498
227,729,956
685,940,1625
890,832,1722
889,849,1738
853,931,1784
589,1536,2125
1418,540,1958
1134,851,1985
560,321,881
413,617,1030
295,1049,1344
173,380,553
180,651,831
454,973,1427
406,517,923
487,1033,1520
301,592,893
442,1594,2036
751,531,1282
387,1080,1467
225,632,857
230,639,869
814,820,1634
401,519,920
551,884,1435
531,1181,1712
754,575,1329
867,1067,1934
466,633,1099
534,664,1198
450,1309,1759
455,809,1264
245,859,1104
440,599,1039
192,953,1145
373,705,1078
847,899,1746
1355,780,2135
678,624,1302
548,808,1356
740,535,1275
555,538,1093
491,591,1082
1641,559,2200
316,854,1170
1020,466,1486
786,443,1229
346,1053,1399
196,702,898
411,550,961
993,467,1460
751,728,1479
469,476,945
1251,253,1504
668,339,1007
862,161,1023
776,254,1030
931,613,1544
337,376,713
465,281,746
568,158,726
886,201,1087
1016,143,1159
703,135,838
479,836,1315
674,665,1339
388,581,969
363,575,938
947,504,1451
737,332,1069
759,290,1049
1035,1077,2112
1028,1077,2105
725,269,994
878,207,1085
1036,592,1628
751,362,1113
240,198,438
273,340,613
831,437,1268
1612,575,2187
203,369,572
844,345,1189
1697,581,2278
150,399,549
294,244,538
333,252,585
342,373,715
1414,537,1951
238,389,627
341,440,781
281,370,651
376,266,642
460,227,687
446,337,783
250,398,648
1023,560,1583
395,536,931
1255,994,2249
364,508,872
216,417,633
365,361,726
385,551,936
396,833,1229
418,280,698
1485,628,2113
584,438,1022
401,702,1103
744,550,1294
674,551,1225
264,499,763
784,515,1299
760,547,1307
316,469,785
99,592,691
128,582,710
517,336,853
458,276,734
431,307,738
344,1275,1619
218,330,548
502,281,783
249,1207,1456
239,334,573
340,1362,1702
476,461,937
193,370,563
399,1178,1577
2065,791,2856
277,1403,1680
377,1188,1565
130,1217,1347
339,310,649
593,193,786
246,345,591
577,1249,1826
469,897,1366
237,528,765
179,277,456
464,1358,1822
238,526,764
136,1223,1359
630,241,871
453,1365,1818
292,409,701
174,1361,1535
1175,218,1393
2070,914,2984
343,1300,1643
267,476,743
201,1450,1651
276,473,749
311,1461,1772
252,590,842
530,1244,1774
670,291,961
663,737,1400
1041,798,1839
627,329,956
215,1597,1812
1232,440,1672
244,930,1174
580,420,1000
459,1604,2063
561,470,1031
223,385,608
593,1373,1966
1254,816,2070
1185,738,1923
945,736,1681
599,637,1236
152,586,738
1289,539,1828
157,748,905
335,581,916
1232,1024,2256
1136,803,1939
315,643,958
552,406,958
475,301,776
214,684,898
1381,591,1972
1266,942,2208
161,626,787
1272,798,2070
329,694,1023
602,406,1008
178,1017,1195
110,602,712
413,720,1133
396,963,1359
116,831,947
170,805,975
275,822,1097
768,436,1204
202,497,699
99,346,445
1273,916,2189
1282,883,2165
262,866,1128
152,624,776
794,1005,1799
539,660,1199
547,705,1252
491,914,1405
536,496,1032
709,1120,1829
755,389,1144
348,957,1305
330,521,851
328,858,1186
930,575,1505
456,1328,1784
745,735,1480
417,547,964
529,591,1120
50,806,856
643,871,1514
440,684,1124
312,613,925
225,941,1166
513,747,1260
757,423,1180
59,706,765
482,1056,1538
814,1356,2170
258,709,967
389,1100,1489
403,303,706
513,704,1217
713,590,1303
757,530,1287
441,539,980
688,1158,1846
701,643,1344
755,1331,2086
97,1504,1601
325,707,1032
711,806,1517
601,778,1379
329,635,964
398,1124,1522
1521,566,2087
292,748,1040
1216,1080,2296
543,776,1319
629,947,1576
869,868,1737
826,734,1560
690,483,1173
598,1211,1809
278,2280,2558
729,301,1030
432,668,1100
1049,940,1989
599,785,1384
622,723,1345
925,1167,2092
518,857,1375
1062,1001,2063
529,725,1254
739,833,1572
32,703,735
694,587,1281
1148,802,1950
530,762,1292
923,563,1486
574,739,1313
604,777,1381
659,638,1297
529,533,1062
637,751,1388
507,2177,2684
516,713,1229
75,998,1073
414,142,556
536,992,1528
471,690,1161
1001,886,1887
196,926,1122
174,2765,2939
432,230,662
133,1314,1447
583,678,1261
830,784,1614
697,1029,1726
245,1403,1648
1914,1173,3087
492,270,762
668,974,1642
680,602,1282
689,782,1471
717,776,1493
728,1099,1827
502,984,1486
2120,1195,3315
1054,1538,2592
676,1163,1839
606,742,1348
522,894,1416
596,1041,1637
751,951,1702
674,539,1213
898,606,1504
101,447,548
639,762,1401
841,583,1424
656,727,1383
734,1152,1886
2569,765,3334
1140,845,1985
676,1253,1929
1268,634,1902
212,771,983
764,595,1359
918,462,1380
998,615,1613
790,926,1716
894,809,1703
932,835,1767
706,1560,2266
1113,714,1827
283,864,1147
210,651,861
553,367,920
340,578,918
921,797,1718
938,906,1844
909,742,1651
1269,686,1955
1034,702,1736
221,805,1026
479,488,967
391,468,859
437,778,1215
536,582,1118
526,584,1110
532,621,1153
1182,782,1964
1101,658,1759
364,752,1116
777,493,1270
344,663,1007
687,367,1054
749,412,1161
793,233,1026
370,563,933
538,678,1216
435,803,1238
876,366,1242
934,342,1276
508,782,1290
1458,554,2012
591,366,957
294,305,599
1265,146,1411
645,638,1283
730,455,1185
1020,1077,2097
387,248,635
708,555,1263
713,765,1478
1213,3838,5051
759,709,1468
336,305,641
269,421,690
710,761,1471
57,826,883
441,413,854
844,1180,2024
1034,565,1599
1014,3694,4708
529,966,1495
374,247,621
299,537,836
48,888,936
85,841,926
338,450,788
993,843,1836
181,675,856
837,3453,4290
803,1498,2301
238,671,909
64,993,1057
771,289,1060
1078,1292,2370
208,913,1121
3580,550,4130
997,876,1873
854,650,1504
956,145,1101
676,771,1447
323,1338,1661
1001,533,1534
395,565,960
874,672,1546
3636,801,4437
643,1068,1711
1096,182,1278
888,790,1678
176,338,514
832,792,1624
162,434,596
667,842,1509
186,616,802
321,1255,1576
842,799,1641
149,422,571
220,613,833
659,1386,2045
3592,504,4096
1129,826,1955
462,432,894
962,809,1771
1320,518,1838
262,589,851
493,362,855
562,679,1241
1397,697,2094
260,855,1115
325,775,1100
508,542,1050
224,938,1162
574,600,1174
330,633,963
494,462,956
663,630,1293
430,649,1079
134,531,665
221,511,732
607,576,1183
593,677,1270
912,803,1715
824,1219,2043
1394,711,2105
865,645,1510
583,639,1222
427,808,1235
507,1163,1670
944,754,1698
149,734,883
200,519,719
139,1512,1651
255,986,1241
292,936,1228
315,895,1210
288,1675,1963
501,1055,1556
611,1086,1697
291,448,739
879,584,1463
376,886,1262
417,837,1254
473,855,1328
728,852,1580
620,881,1501
766,453,1219
482,775,1257
173,544,717
1061,961,2022
804,1110,1914
205,732,937
262,1223,1485
1546,650,2196
649,1427,2076
550,343,893
198,804,1002
295,1185,1480
193,737,930
463,1176,1639
313,711,1024
405,1188,1593
1256,415,1671
982,753,1735
576,443,1019
782,748,1530
390,1144,1534
1009,1058,2067
752,347,1099
779,311,1090
785,448,1233
1284,865,2149
164,289,453
312,821,1133
650,1062,1712
124,320,444
342,1297,1639
907,981,1888
43,324,367
835,989,1824
960,904,1864
558,674,1232
962,786,1748
737,975,1712
122,341,463
903,1033,1936
77,497,574
893,978,1871
672,787,1459
1049,850,1899
940,519,1459
757,911,1668
669,1136,1805
173,462,635
1004,1068,2072
97,620,717
950,971,1921
788,1237,2025
1028,669,1697
616,493,1109
518,812,1330
133,1045,1178
326,642,968
632,691,1323
966,1630,2596
131,905,1036
360,1078,1438
249,617,866
940,1285,2225
380,859,1239
260,980,1240
662,1932,2594
585,511,1096
827,1522,2349
319,1204,1523
279,873,1152
58,1073,1131
694,1007,1701
783,874,1657
344,1028,1372
436,858,1294
265,309,574
811,872,1683
569,805,1374
1065,410,1475
349,951,1300
581,928,1509
758,997,1755
719,830,1549
380,660,1040
273,406,679
567,278,845
442,1067,1509
930,428,1358
625,339,964
355,543,898
257,515,772
833,987,1820
970,1738,2708
429,651,1080
642,362,1004
154,607,761
1007,672,1679
584,1277,1861
78,2284,2362
42,422,464
58,342,400
760,356,1116
528,753,1281
1360,1001,2361
1255,786,2041
88,415,503
104,432,536
582,678,1260
1356,993,2349
635,624,1259
1048,306,1354
449,373,822
1545,817,2362
541,343,884
236,321,557
220,360,580
182,351,533
495,907,1402
896,584,1480
495,354,849
206,636,842
2123,482,2605
574,749,1323
573,460,1033
585,296,881
144,482,626
645,820,1465
310,743,1053
201,516,717
620,395,1015
472,615,1087
571,860,1431
412,315,727
698,725,1423
175,495,670
557,292,849
152,668,820
679,1101,1780
678,436,1114
917,541,1458
51,341,392
324,591,915
226,685,911
185,784,969
517,3099,3616
997,754,1751
186,903,1089
375,703,1078
135,414,549
352,735,1087
127,929,1056
186,535,721
746,2952,3698
658,253,911
78,777,855
228,986,1214
416,685,1101
398,377,775
424,663,1087
779,475,1254
150,1161,1311
247,558,805
950,2905,3855
42,819,861
136,916,1052
416,976,1392
2385,689,3074
434,550,984
659,626,1285
539,710,1249
493,624,1117
2482,607,3089
574,620,1194
145,940,1085
162,1312,1474
731,753,1484
332,570,902
777,994,1771
557,646,1203
675,606,1281
581,748,1329
813,705,1518
855,421,1276
379,777,1156
104,988,1092
360,1153,1513
550,626,1176
2654,499,3153
330,782,1112
519,1184,1703
993,551,1544
401,474,875
196,812,1008
620,871,1491
173,1400,1573
424,560,984
402,656,1058
339,651,990
900,684,1584
269,566,835
541,445,986
374,1024,1398
1062,502,1564
389,536,925
656,600,1256
637,484,1121
395,780,1175
490,349,839
448,615,1063
362,941,1303
548,1538,2086
880,465,1345
419,754,1173
633,502,1135
753,1039,1792
514,362,876
890,518,1408
361,624,985
913,1385,2298
417,815,1232
785,810,1595
877,1395,2272
589,986,1575
439,1591,2030
487,430,917
434,465,899
464,1133,1597
577,680,1257
316,1634,1950
449,1380,1829
925,1320,2245
1313,965,2278
407,803,1210
387,1307,1694
489,552,1041
662,845,1507
645,1339,1984
208,521,729
1315,708,2023
949,987,1936
572,615,1187
678,943,1621
623,554,1177
577,682,1259
901,689,1590
1467,553,2020
261,704,965
388,1195,1583
1262,632,1894
1267,538,1805
197,807,1004
744,914,1658
226,554,780
244,1277,1521
1284,470,1754
949,773,1722
714,474,1188
496,1186,1682
1159,655,1814
535,945,1480
381,659,1040
1511,625,2136
830,751,1581
364,715,1079
847,829,1676
907,758,1665
596,782,1378
433,1096,1529
1091,467,1558
1220,714,1934
549,700,1249
150,632,782
591,671,1262
356,480,836
862,869,1731
823,428,1251
758,559,1317
87,828,915
1087,893,1980
484,1016,1500
372,592,964
627,895,1522
561,959,1520
377,462,839
717,636,1353
461,484,945
305,615,920
559,1049,1608
488,511,999
628,1023,1651
210,877,1087
523,377,900
302,819,1121
472,561,1033
502,536,1038
277,930,1207
130,544,674
136,1087,1223
498,684,1182
134,436,570
464,733,1197
520,574,1094
721,442,1163
711,581,1292
547,250,797
348,954,1302
522,1481,2003
182,511,693
1168,247,1415
1115,616,1731
423,392,815
437,513,950
917,462,1379
594,326,920
526,623,1149
701,571,1272
473,391,864
1219,298,1517
1114,1321,2435
486,579,1065
500,602,1102
223,1322,1545
857,172,1029
717,635,1352
772,311,1083
900,374,1274
942,517,1459
975,1533,2508
885,334,1219
435,546,981
657,462,1119
507,1397,1904
449,946,1395
709,757,1466
267,355,622
944,1263,2207
45,645,690
500,1476,1976
355,374,729
236,558,794
307,289,596
829,1018,1847
441,543,984
638,954,1592
306,583,889
1146,784,1930
458,638,1096
1501,441,1942
637,745,1382
483,480,963
609,698,1307
946,1007,1953
467,441,908
512,693,1205
388,671,1059
1670,208,1878
321,525,846
514,842,1356
577,383,960
259,1289,1548
403,833,1236
864,820,1684
679,1003,1682
1396,287,1683
614,282,896
1579,631,2210
343,697,1040
538,723,1261
850,861,1711
395,664,1059
581,1013,1594
713,1017,1730
65,424,489
287,392,679
453,938,1391
344,1383,1727
75,543,618
766,834,1600
1090,870,1960
454,860,1314
1501,1129,2630
587,871,1458
808,694,1502
320,620,940
421,619,1040
293,1562,1855
126,739,865
585,965,1550
1231,769,2000
498,818,1316
383,1262,1645
538,678,1216
165,800,965
726,548,1274
795,1300,2095
431,745,1176
31,768,799
1153,907,2060
205,650,855
583,795,1378
1476,627,2103
532,1383,1915
154,641,795
801,678,1479
489,894,1383
251,904,1155
191,879,1070
692,647,1339
1136,733,1869
760,829,1589
1074,1099,2173
221,1376,1597
504,1365,1869
394,712,1106
416,1492,1908
436,1055,1491
377,1007,1384
208,1329,1537
696,1004,1700
1247,934,2181
861,1198,2059
413,495,908
769,573,1342
1048,578,1626
878,625,1503
1377,912,2289
825,657,1482
472,1136,1608
767,565,1332
927,727,1654
1330,344,1674
968,247,1215
843,387,1230
499,869,1368
757,760,1517
552,643,1195
980,744,1724
628,800,1428
951,548,1499
1245,441,1686
439,664,1103
69,816,885
347,616,963
464,524,988
940,733,1673
163,567,730
417,422,839
584,362,946
543,1017,1560
562,558,1120
510,530,1040
788,1193,1981
1039,693,1732
635,1012,1647
494,851,1345
421,582,1003
442,830,1272
592,1912,2504
221,672,893
662,645,1307
551,828,1379
245,672,917
786,748,1534
599,2141,2740
277,738,1015
704,3077,3781
229,1150,1379
276,2232,2508
388,479,867
539,1322,1861
275,847,1122
772,1999,2771
881,1859,2740
357,1085,1442
149,852,1001
689,2090,2779
354,1260,1614
871,1598,2469
929,1534,2463
443,1160,1603
593,1215,1808
1887,621,2508
299,2922,3221
570,561,1131
387,1005,1392
477,461,938
912,1907,2819
1587,923,2510
547,847,1394
550,1545,2095
1762,1230,2992
630,680,1310
964,684,1648
652,790,1442
990,2696,3686
1119,672,1791
481,1472,1953
1940,400,2340
430,743,1173
360,1530,1890
1638,758,2396
1369,704,2073
1989,553,2542
837,404,1241
1809,855,2664
1169,382,1551
243,1956,2199
527,937,1464
1076,612,1688
770,504,1274
3005,945,3950
888,582,1470
1359,1018,2377
789,652,1441
2744,1305,4049
69,399,468
49,1078,1127
281,1012,1293
659,550,1209
137,472,609
706,1529,2235
335,924,1259
602,682,1284
627,1828,2455
1245,1244,2489
184,1020,1204
385,897,1282
285,1015,1300
289,502,791
820,833,1653
908,787,1695
341,732,1073
1286,1596,2882
2498,913,3411
708,982,1690
110,544,654
1712,1165,2877
58,921,979
968,773,1741
1692,957,2649
570,527,1097
627,929,1556
622,1300,1922
1388,1678,3066
161,981,1142
516,686,1202
281,1052,1333
536,759,1295
892,547,1439
565,992,1557
54,704,758
34,1492,1526
1088,1094,2182
462,965,1427
419,1300,1719
364,651,1015
526,516,1042
369,650,1019
737,1034,1771
293,692,985
591,601,1192
460,1104,1564
1466,1670,3136
367,815,1182
351,954,1305
900,1309,2209
53,1083,1136
401,819,1220
1307,505,1812
483,604,1087
28,1160,1188
803,1192,1995
592,817,1409
735,1168,1903
586,826,1412
929,1214,2143
501,819,1320
483,1016,1499
1005,555,1560
238,672,910
301,1934,2235
859,885,1744
897,713,1610
855,1575,2430
682,673,1355
576,1110,1686
436,645,1081
1017,789,1806
853,1114,1967
544,1236,1780
1042,1471,2513
832,568,1400
447,691,1138
776,1321,2097
909,1299,2208
600,590,1190
1581,544,2125
885,606,1491
545,358,903
321,762,1083
573,503,1076
294,626,920
982,1176,2158
1151,842,1993
1101,764,1865
384,540,924
1460,369,1829
334,1234,1568
574,1170,1744
415,818,1233
517,679,1196
694,1187,1881
965,925,1890
1148,1026,2174
608,251,859
1246,656,1902
501,1381,1882
1055,797,1852
497,764,1261
551,801,1352
300,1013,1313
676,786,1462
992,952,1944
64,481,545
606,573,1179
211,1378,1589
59,656,715
543,676,1219
865,913,1778
85,724,809
626,940,1566
735,891,1626
1247,838,2085
415,513,928
915,760,1675
495,786,1281
270,661,931
589,391,980
1364,564,1928
296,1892,2188
1035,1123,2158
542,593,1135
1017,718,1735
289,809,1098
624,697,1321
544,661,1205
1264,602,1866
514,1696,2210
288,948,1236
672,543,1215
466,390,856
497,855,1352
232,1214,1446
507,586,1093
870,625,1495
625,1775,2400
591,852,1443
935,592,1527
703,515,1218
1846,515,2361
1225,1324,2549
276,658,934
306,488,794
1334,457,1791
154,577,731
367,1203,1570
1381,431,1812
480,457,937
80,757,837
848,696,1544
370,551,921
1111,1284,2395
339,306,645
580,1249,1829
651,1190,1841
958,717,1675
796,550,1346
426,613,1039
631,292,923
821,576,1397
224,887,1111
1074,728,1802
104,653,757
41,705,746
442,934,1376
737,901,1638
481,900,1381
718,364,1082
537,420,957
978,425,1403
339,1205,1544
111,532,643
248,705,953
210,2210,2420
26,546,572
63,545,608
330,1476,1806
55,539,594
691,697,1388
146,527,673
519,1337,1856
1030,559,1589
405,2281,2686
549,1167,1716
1048,572,1620
47,951,998
551,1199,1750
117,514,631
54,1058,1112
355,364,719
162,655,817
560,1041,1601
609,2344,2953
1413,373,1786
260,1353,1613
386,1640,2026
750,545,1295
358,1066,1424
360,719,1079
426,564,990
151,829,980
2143,897,3040
75,868,943
381,1003,1384
338,1044,1382
881,1211,2092
321,1086,1407
753,612,1365
177,781,958
373,525,898
1808,827,2635
23,1488,1511
870,566,1436
743,690,1433
2035,836,2871
592,1262,1854
144,722,866
751,620,1371
1066,1575,2641
375,694,1069
427,1284,1711
555,754,1309
724,872,1596
434,733,1167
339,861,1200
1076,524,1600
475,1081,1556
660,467,1127
743,935,1678
634,1295,1929
859,692,1551
1296,797,2093
491,547,1038
306,1018,1324
401,867,1268
371,1346,1717
626,516,1142
821,915,1736
589,677,1266
445,1228,1673
516,1414,1930
965,578,1543
399,1075,1474
666,645,1311
250,1397,1647
728,833,1561
524,1110,1634
459,696,1155
409,699,1108
1152,1420,2572
907,1605,2512
737,1194,1931
835,338,1173
1361,1060,2421
409,973,1382
526,530,1056
245,948,1193
1126,638,1764
1046,1623,2669
952,816,1768
447,865,1312
1123,1053,2176
1101,1536,2637
380,662,1042
580,1109,1689
842,1058,1900
572,858,1430
690,315,1005
745,721,1466
450,701,1151
1494,578,2072
836,841,1677
1261,602,1863
767,574,1341
856,1165,2021
1507,605,2112
646,566,1212
1041,592,1633
371,1215,1586
1384,545,1929
886,503,1389
576,796,1372
446,1269,1715
743,483,1226
870,1081,1951
607,927,1534
241,837,1078
1234,1111,2345
386,1486,1872
919,793,1712
668,609,1277
918,802,1720
819,550,1369
314,970,1284
752,246,998
165,993,1158
590,1296,1886
1230,1557,2787
458,988,1446
661,901,1562
583,665,1248
897,851,1748
580,1517,2097
127,674,801
1246,588,1834
836,1107,1943
955,1611,2566
835,257,1092
1033,1023,2056
555,744,1299
690,1412,2102
343,669,1012
356,632,988
1402,613,2015
878,1403,2281
351,788,1139
240,864,1104
1443,503,1946
1444,633,2077
89,1116,1205
959,1099,2058
631,1167,1798
863,274,1137
561,604,1165
442,732,1174
776,508,1284
1046,334,1380
950,1290,2240
326,1031,1357
825,1259,2084
566,968,1534
116,1488,1604
34,427,461
411,973,1384
326,1092,1418
802,608,1410
533,835,1368
559,859,1418
681,642,1323
35,557,592
760,666,1426
1127,912,2039
42,511,553
1047,1125,2172
552,824,1376
1413,1691,3104
371,1715,2086
1034,1097,2131
1614,1324,2938
470,1672,2142
887,866,1753
215,479,694
182,801,983
427,442,869
1093,1371,2464
715,1125,1840
452,598,1050
589,174,763
739,280,1019
1564,388,1952
792,233,1025
840,265,1105
1665,339,2004
730,388,1118
299,2355,2654
163,1269,1432
910,241,1151
1648,326,1974
756,259,1015
1016,1671,2687
218,1224,1442
883,1810,2693
747,165,912
819,381,1200
1044,260,1304
1025,417,1442
1429,1313,2742
195,1311,1506
929,1986,2915
417,1121,1538
1035,389,1424
624,385,1009
1422,407,1829
1283,468,1751
2000,740,2740
1160,713,1873
847,1975,2822
844,1135,1979
172,481,653
220,462,682
132,523,655
101,574,675
1386,841,2227
1030,849,1879
1179,1030,2209
944,1178,2122
171,614,785
1183,985,2168
317,695,1012
91,672,763
1184,1062,2246
1141,1098,2239
160,601,761
1523,911,2434
74,705,779
216,997,1213
164,1042,1206
378,610,988
371,888,1259
572,745,1317
542,818,1360
1840,838,2678
374,813,1187
26,682,708
474,935,1409
861,377,1238
66,1376,1442
571,699,1270
668,878,1546
636,948,1584
161,863,1024
475,732,1207
814,936,1750
386,1270,1656
518,386,904
393,839,1232
211,757,968
904,791,1695
570,1263,1833
572,1259,1831
277,994,1271
145,1361,1506
614,1138,1752
416,963,1379
552,1507,2059
203,1240,1443
222,1011,1233
356,737,1093
760,1302,2062
586,763,1349
558,519,1077
768,702,1470
2192,275,2467
446,977,1423
348,926,1274
165,1402,1567
870,650,1520
505,1059,1564
220,1415,1635
649,967,1616
798,720,1518
473,1354,1827
164,1429,1593
857,774,1631
938,831,1769
1345,312,1657
701,1044,1745
989,713,1702
867,1020,1887
350,950,1300
833,786,1619
697,1355,2052
317,1425,1742
160,774,934
1058,715,1773
1256,415,1671
863,1091,1954
703,1009,1712
726,1078,1804
497,1193,1690
845,1476,2321
655,1569,2224
1015,1380,2395
421,771,1192
450,870,1320
1435,454,1889
928,927,1855
913,1023,1936
49,625,674
523,896,1419
1329,1208,2537
1290,882,2172
1167,1315,2482
674,753,1427
645,876,1521
373,957,1330
729,892,1621
242,1038,1280
76,644,720
627,1012,1639
461,688,1149
339,1351,1690
818,915,1733
571,640,1211
573,908,1481
655,1174,1829
1029,993,2022
341,1060,1401
1082,982,2064
1284,1268,2552
1014,1083,2097
1124,1066,2190
634,813,1447
731,545,1276
948,1257,2205
696,1077,1773
297,1261,1558
306,455,761
461,1206,1667
969,1224,2193
644,964,1608
545,1014,1559
985,707,1692
1294,1185,2479
1172,968,2140
459,1000,1459
655,875,1530
318,454,772
1504,1067,2571
861,805,1666
1023,633,1656
889,847,1736
446,491,937
1130,1390,2520
654,782,1436
902,1109,2011
994,1051,2045
264,752,1016
361,837,1198
149,1039,1188
426,588,1014
548,570,1118
475,911,1386
639,740,1379
477,815,1292
267,1164,1431
604,528,1132
24,1139,1163
869,1351,2220
706,659,1365
817,558,1375
610,1316,1926
774,1405,2179
617,759,1376
617,726,1343
448,1564,2012
436,1127,1563
913,863,1776
90,929,1019
284,747,1031
111,1255,1366
870,1013,1883
285,866,1151
369,1687,2056
369,737,1106
435,1560,1995
914,991,1905
597,661,1258
118,767,885
640,529,1169
1074,937,2011
490,694,1184
214,1239,1453
883,1183,2066
514,732,1246
1182,928,2110
1048,963,2011
778,644,1422
296,1130,1426
63,711,774
966,615,1581
778,602,1380
404,1662,2066
1137,1146,2283
545,514,1059
1091,590,1681
821,848,1669
313,599,912
440,1195,1635
80,768,848
320,900,1220
557,902,1459
842,1458,2300
1287,657,1944
609,565,1174
1097,856,1953
510,737,1247
660,1300,1960
311,881,1192
280,752,1032
603,647,1250
563,866,1429
881,1335,2216
663,850,1513
1049,221,1270
851,718,1569
1592,825,2417
732,832,1564
815,674,1489
796,811,1607
843,453,1296
598,1038,1636
1124,602,1726
533,911,1444
1090,873,1963
548,872,1420
1003,797,1800
862,877,1739
155,632,787
950,1018,1968
1340,786,2126
356,731,1087
414,851,1265
233,747,980
514,807,1321
432,852,1284
209,1037,1246
37,365,402
873,1119,1992
311,397,708
673,1098,1771
141,735,876
1219,763,1982
749,823,1572
976,378,1354
623,740,1363
358,709,1067
456,1110,1566
826,563,1389
213,734,947
620,1066,1686
47,559,606
414,523,937
163,772,935
107,675,782
35,1102,1137
372,674,1046
281,855,1136
762,1100,1862
483,1194,1677
389,794,1183
440,646,1086
395,354,749
367,955,1322
850,1954,2804
490,711,1201
674,479,1153
512,552,1064
358,927,1285
838,1090,1928
455,600,1055
519,683,1202
424,452,876
820,635,1455
322,943,1265
540,1592,2132
162,1417,1579
565,876,1441
825,1869,2694
324,1650,1974
289,1523,1812
1204,171,1375
435,501,936
1041,937,1978
912,1165,2077
844,846,1690
43,1185,1228
931,709,1640
1463,1248,2711
486,1526,2012
178,704,882
68,392,460
943,812,1755
1200,593,1793
676,980,1656
975,1175,2150
1329,528,1857
1107,827,1934
1309,985,2294
591,1001,1592
1375,512,1887
342,533,875
265,1387,1652
140,967,1107
476,850,1326
407,1614,2021
122,553,675
714,521,1235
1765,691,2456
401,371,772
602,497,1099
685,1206,1891
156,1107,1263
724,1339,2063
1031,1039,2070
466,961,1427
345,1214,1559
615,860,1475
342,494,836
596,658,1254
246,1332,1578
158,898,1056
737,686,1423
815,817,1632
815,618,1433
773,1640,2413
394,1187,1581
805,854,1659
541,523,1064
388,794,1182
746,1006,1752
303,1204,1507
594,906,1500
305,922,1227
377,1317,1694
120,1971,2091
1145,802,1947
494,816,1310
344,877,1221
1201,719,1920
766,595,1361
156,1130,1286
1046,748,1794
680,921,1601
732,1561,2293
1068,848,1916
1016,1120,2136
933,1260,2193
431,830,1261
695,779,1474
373,1319,1692
946,1503,2449
762,531,1293
98,1239,1337
803,1241,2044
787,1769,2556
616,1489,2105
302,1071,1373
1137,951,2088
773,1617,2390
822,1349,2171
1015,1447,2462
407,1309,1716
1057,2096,3153
720,1842,2562
760,573,1333
995,772,1767
685,992,1677
444,920,1364
1463,290,1753
1312,1508,2820
220,1411,1631
849,1175,2024
1934,1447,3381
1165,322,1487
425,1604,2029
891,1067,1958
184,1859,2043
1544,1275,2819
892,1602,2494
692,1371,2063
345,670,1015
1051,1525,2576
1026,1107,2133
1290,650,1940
1115,593,1708
1307,424,1731
553,338,891
458,1045,1503
1175,1712,2887
242,653,895
618,2009,2627
635,1430,2065
1460,316,1776
1348,608,1956
1219,205,1424
1071,1490,2561
1107,689,1796
1337,1143,2480
1191,424,1615
1926,637,2563
952,917,1869
1012,843,1855
177,756,933
784,1186,1970
724,536,1260
1462,993,2455
630,327,957
85,443,528
515,1089,1604
55,637,692
1360,658,2018
1167,1198,2365
52,721,773
1058,1199,2257
556,1151,1707
1642,898,2540
36,585,621
70,712,782
764,845,1609
32,636,668
1403,612,2015
419,379,798
371,548,919
323,664,987
599,1416,2015
1581,814,2395
537,367,904
195,642,837
431,704,1135
238,951,1189
364,678,1042
927,1848,2775
487,867,1354
770,2037,2807
208,824,1032
755,269,1024
457,794,1251
1692,1591,3283
884,1218,2102
534,690,1224
538,675,1213
1347,2196,3543
1087,1108,2195
1036,1380,2416
454,883,1337
390,464,854
494,802,1296
593,1146,1739
638,770,1408
354,661,1015
1255,1687,2942
821,1023,1844
1720,951,2671
365,739,1104
392,850,1242
862,1061,1923
336,831,1167
526,778,1304
873,788,1661
599,468,1067
1003,848,1851
700,840,1540
1359,779,2138
953,642,1595
1490,508,1998
463,943,1406
1146,921,2067
325,523,848
367,559,926
345,710,1055
516,1350,1866
225,728,953
373,531,904
621,1912,2533
424,713,1137
456,536,992
84,804,888
496,1793,2289
519,662,1181
97,1206,1303
297,1720,2017
1528,661,2189
494,627,1121
313,1042,1355
608,1305,1913
745,951,1696
359,1757,2116
321,705,1026
239,689,928
436,1142,1578
1631,546,2177
447,604,1051
1374,363,1737
378,484,862
647,545,1192
416,675,1091
1398,398,1796
474,815,1289
610,487,1097
615,912,1527
668,729,1397
918,1243,2161
428,509,937
299,688,987
345,1014,1359
428,449,877
611,611,1222
704,1833,2537
203,1272,1475
1188,676,1864
1696,920,2616
315,1860,2175
374,308,682
794,1046,1840
619,984,1603
280,487,767
602,610,1212
698,912,1610
485,1228,1713
352,695,1047
1085,1030,2115
529,1702,2231
255,672,927
481,1357,1838
409,1172,1581
924,847,1771
587,649,1236
787,1535,2322
861,1005,1866
243,562,805
1025,1088,2113
1714,718,2432
324,870,1194
225,1551,1776
909,780,1689
646,1199,1845
798,892,1690
1129,1128,2257
1084,799,1883
570,1178,1748
817,823,1640
1701,651,2352
121,1024,1145
802,967,1769
840,985,1825
340,662,1002
1042,805,1847
772,1524,2296
1010,1015,2025
949,968,1917
320,667,987
534,1012,1546
1108,464,1572
986,606,1592
1386,1112,2498
969,642,1611
638,953,1591
600,1078,1678
827,984,1811
1150,1240,2390
367,1324,1691
872,998,1870
726,1085,1811
795,501,1296
1380,872,2252
982,993,1975
942,848,1790
651,991,1642
1430,1280,2710
542,620,1162
777,971,1748
899,838,1737
800,583,1383
876,1051,1927
832,314,1146
433,833,1266
590,736,1326
106,1165,1271
831,812,1643
429,1450,1879
733,526,1259
853,1171,2024
143,708,851
365,1906,2271
701,531,1232
689,1699,2388
369,921,1290
739,782,1521
788,1131,1919
468,340,808
618,617,1235
1201,790,1991
166,740,906
1108,1330,2438
303,931,1234
897,684,1581
838,838,1676
371,1404,1775
470,826,1296
715,1354,2069
413,622,1035
1323,1083,2406
399,1155,1554
1392,1745,3137
810,480,1290
1427,744,2171
514,1068,1582
655,1355,2010
674,998,1672
738,609,1347
695,560,1255
1080,781,1861
469,740,1209
495,1757,2252
636,623,1259
1422,772,2194
467,973,1440
1001,1381,2382
671,728,1399
347,531,878
236,675,911
631,919,1550
281,845,1126
749,964,1713
525,1112,1637
346,659,1005
70,975,1045
1098,1047,2145
683,1252,1935
408,645,1053
266,1075,1341
221,1037,1258
1130,867,1997
295,1016,1311
53,897,950
529,512,1041
809,609,1418
786,669,1455
553,913,1466
466,1087,1553
935,722,1657
1356,642,1998
452,1042,1494
599,1041,1640
879,661,1540
1553,1184,2737
764,547,1311
1150,442,1592
770,916,1686
1160,308,1468
363,1210,1573
418,1073,1491
395,1356,1751
794,712,1506
922,1079,2001
577,782,1359
829,693,1522
658,1172,1830
973,586,1559
578,1527,2105
921,791,1712
1061,542,1603
618,600,1218
480,766,1246
645,1128,1773
174,962,1136
564,1151,1715
597,1662,2259
405,894,1299
943,342,1285
80,627,707
493,785,1278
590,651,1241
998,463,1461
882,1295,2177
241,1780,2021
679,631,1310
1375,814,2189
755,863,1618
882,1049,1931
176,675,851
656,787,1443
750,1118,1868
135,435,570
380,1218,1598
872,919,1791
898,990,1888
1319,511,1830
436,1441,1877
654,750,1404
470,733,1203
733,627,1360
206,752,958
492,1416,1908
1000,1653,2653
797,672,1469
1343,661,2004
639,1305,1944
1015,575,1590
820,468,1288
761,790,1551
549,599,1148
471,1092,1563
622,1667,2289
1041,908,1949
659,648,1307
459,1269,1728
875,454,1329
748,1689,2437
334,1272,1606
520,868,1388
87,719,806
1409,661,2070
452,618,1070
599,1047,1646
334,792,1126
529,879,1408
1095,820,1915
375,512,887
265,742,1007
541,611,1152
825,1038,1863
500,664,1164
610,1132,1742
1111,713,1824
892,454,1346
643,523,1166
508,1421,1929
888,825,1713
415,704,1119
171,1596,1767
1552,508,2060
191,839,1030
278,1195,1473
904,503,1407
715,765,1480
707,1186,1893
876,731,1607
459,1121,1580
371,1525,1896
431,725,1156
360,827,1187
529,1416,1945
1248,781,2029
584,642,1226
1036,855,1891
1339,646,1985
528,864,1392
929,600,1529
494,1835,2329
561,961,1522
255,513,768
1073,1257,2330
218,1386,1604
432,385,817
511,506,1017
1086,1188,2274
417,1237,1654
546,437,983
964,906,1870
1524,1385,2909
941,966,1907
681,1395,2076
428,849,1277
186,1289,1475
54,787,841
854,342,1196
152,1816,1968
548,379,927
1099,969,2068
301,1816,2117
608,1553,2161
417,1097,1514
1164,672,1836
664,708,1372
497,561,1058
1056,731,1787
184,2101,2285
369,1954,2323
504,1284,1788
829,646,1475
361,1224,1585
777,1761,2538
1130,1182,2312
383,602,985
1442,609,2051
869,1638,2507
501,548,1049
556,1390,1946
871,755,1626
556,1237,1793
1154,649,1803
794,1333,2127
1264,857,2121
1660,458,2118
1212,1562,2774
1513,983,2496
539,916,1455
54,962,1016
824,787,1611
211,969,1180
567,969,1536
995,665,1660
1680,535,2215
607,3404,4011
1819,874,2693
212,801,1013
245,919,1164
970,804,1774
1466,866,2332
806,964,1770
1088,754,1842
496,659,1155
636,618,1254
673,3368,4041
438,766,1204
98,863,961
142,754,896
359,962,1321
756,846,1602
345,656,1001
332,1459,1791
610,1046,1656
484,808,1292
812,2875,3687
421,1366,1787
246,900,1146
1245,721,1966
265,683,948
418,581,999
569,575,1144
841,891,1732
917,273,1190
740,575,1315
3030,851,3881
1132,808,1940
305,342,647
492,568,1060
334,784,1118
3242,931,4173
413,254,667
450,973,1423
262,1001,1263
53,275,328
336,1184,1520
843,1221,2064
85,300,385
615,1192,1807
798,636,1434
79,342,421
1033,869,1902
413,1220,1633
286,869,1155
1086,862,1948
2769,660,3429
628,631,1259
731,889,1620
673,756,1429
172,350,522
489,1195,1684
654,1217,1871
455,1287,1742
498,692,1190
313,464,777
390,1057,1447
588,1355,1943
197,764,961
174,1196,1370
647,1377,2024
1154,701,1855
802,1381,2183
652,1028,1680
486,705,1191
47,494,541
792,690,1482
657,968,1625
855,855,1710
562,675,1237
326,1010,1336
794,883,1677
1299,469,1768
379,919,1298
63,675,738
1052,656,1708
88,1505,1593
503,1343,1846
1245,484,1729
623,716,1339
744,1280,2024
458,528,986
588,369,957
741,1219,1960
265,717,982
562,1053,1615
428,1660,2088
687,477,1164
396,542,938
1181,1073,2254
785,951,1736
197,1364,1561
758,438,1196
340,1412,1752
1222,585,1807
274,605,879
631,1334,1965
800,524,1324
434,679,1113
319,710,1029
927,740,1667
335,851,1186
457,863,1320
829,804,1633
1156,534,1690
1432,878,2310
310,799,1109
533,916,1449
285,497,782
1078,529,1607
620,980,1600
283,1291,1574
536,1321,1857
1121,363,1484
897,915,1812
386,799,1185
539,1368,1907
427,553,980
839,864,1703
612,1083,1695
1568,781,2349
455,767,1222
576,544,1120
651,918,1569
348,845,1193
458,1161,1619
532,743,1275
511,848,1359
739,1019,1758
959,1062,2021
365,1023,1388
245,658,903
1227,564,1791
937,1017,1954
1201,608,1809
272,684,956
43,948,991
752,788,1540
672,870,1542
394,628,1022
503,545,1048
619,795,1414
335,767,1102
1086,556,1642
377,706,1083
249,901,1150
1040,641,1681
649,606,1255
201,598,799
560,605,1165
672,1708,2380
741,255,996
428,753,1181
608,601,1209
506,688,1194
907,648,1555
705,575,1280
726,809,1535
388,513,901
795,2664,3459
529,303,832
706,484,1190
417,692,1109
702,556,1258
451,502,953
900,888,1788
636,760,1396
831,508,1339
486,636,1122
735,578,1313
739,426,1165
664,685,1349
769,575,1344
668,1184,1852
1194,387,1581
805,819,1624
709,645,1354
101,591,692
725,769,1494
95,619,714
275,709,984
78,694,772
899,888,1787
1006,2795,3801
298,693,991
1405,515,1920
69,884,953
917,1174,2091
100,897,997
56,618,674
483,504,987
319,771,1090
192,888,1080
1353,2701,4054
289,854,1143
106,677,783
378,635,1013
839,1307,2146
366,787,1153
300,746,1046
592,602,1194
505,780,1285
231,909,1140
2499,1498,3997
713,648,1361
170,880,1050
735,510,1245
484,1068,1552
462,921,1383
106,889,995
375,950,1325
651,1105,1756
821,797,1618
265,719,984
306,1264,1570
792,708,1500
663,830,1493
493,906,1399
712,1164,1876
399,621,1020
1141,651,1792
511,752,1263
131,1123,1254
2665,1375,4040
439,796,1235
324,838,1162
499,514,1013
356,691,1047
496,633,1129
202,651,853
725,599,1324
532,742,1274
648,598,1246
2601,1002,3603
420,717,1137
429,825,1254
845,414,1259
503,724,1227
767,504,1271
289,467,756
1023,403,1426
745,641,1386
1155,228,1383
555,971,1526
801,446,1247
391,823,1214
1222,707,1929
837,1205,2042
781,912,1693
295,1094,1389
458,860,1318
324,833,1157
223,710,933
458,965,1423
614,766,1380
929,542,1471
655,759,1414
381,1741,2122
191,550,741
705,718,1423
110,549,659
714,310,1024
864,835,1699
442,1181,1623
30,687,717
896,615,1511
870,741,1611
495,1406,1901
359,716,1075
96,851,947
385,256,641
45,917,962
316,1105,1421
79,686,765
69,924,993
118,1123,1241
716,1231,1947
128,865,993
339,1031,1370
785,700,1485
329,1022,1351
28,1126,1154
396,553,949
356,683,1039
692,650,1342
28,1354,1382
632,1661,2293
702,701,1403
126,1007,1133
970,456,1426
531,763,1294
588,468,1056
441,1180,1621
970,686,1656
361,953,1314
462,380,842
482,554,1036
479,1349,1828
561,842,1403
55,931,986
587,1906,2493
141,847,988
257,922,1179
179,717,896
1403,1543,2946
449,803,1252
588,658,1246
1487,1525,3012
452,847,1299
927,924,1851
324,579,903
489,600,1089
935,1240,2175
505,1146,1651
209,1188,1397
227,2337,2564
1346,719,2065
862,955,1817
805,539,1344
1199,888,2087
455,1315,1770
542,976,1518
823,537,1360
640,1052,1692
613,970,1583
1029,813,1842
1184,536,1720
622,669,1291
662,532,1194
878,1365,2243
189,1263,1452
839,853,1692
392,2117,2509
582,1238,1820
760,1102,1862
1203,923,2126
764,913,1677
417,987,1404
1073,1897,2970
598,1137,1735
754,1037,1791
425,1435,1860
618,1076,1694
387,1259,1646
441,1319,1760
431,1220,1651
893,990,1883
2169,1069,3238
671,1036,1707
1677,1248,2925
832,1881,2713
884,1223,2107
1181,850,2031
518,1723,2241
511,988,1499
353,1011,1364
1042,1312,2354
881,552,1433
1890,717,2607
757,1003,1760
913,2096,3009
782,1540,2322
995,618,1613
1247,1634,2881
413,1056,1469
966,808,1774
864,347,1211
1103,710,1813
903,531,1434
1118,1273,2391
1146,441,1587
509,512,1021
676,1260,1936
929,1022,1951
354,489,843
945,673,1618
955,1275,2230
436,365,801
478,712,1190
1164,1086,2250
285,371,656
937,1109,2046
1278,1093,2371
668,1328,1996
852,614,1466
842,1350,2192
1308,1456,2764
526,794,1320
988,1151,2139
721,770,1491
524,209,733
341,815,1156
983,789,1772
72,311,383
1092,1436,2528
516,1613,2129
110,323,433
1983,1049,3032
534,696,1230
1683,780,2463
1843,971,2814
924,580,1504
889,697,1586
1254,1110,2364
1010,2277,3287
158,385,543
621,590,1211
540,686,1226
1706,1740,3446
1019,1010,2029
622,812,1434
689,527,1216
1205,817,2022
611,661,1272
440,348,788
1096,667,1763
2107,1092,3199
401,614,1015
444,451,895
873,1193,2066
741,534,1275
1403,694,2097
1167,561,1728
486,687,1173
891,543,1434
2272,576,2848
486,451,937
775,263,1038
841,2962,3803
978,1344,2322
1338,1139,2477
749,886,1635
651,764,1415
367,511,878
1104,1851,2955
1714,660,2374
711,954,1665
673,1375,2048
615,2962,3577
425,1445,1870
663,816,1479
673,862,1535
627,568,1195
1087,1022,2109
947,819,1766
621,518,1139
566,857,1423
1034,1052,2086
594,1166,1760
50,872,922
672,890,1562
586,675,1261
1187,781,1968
463,879,1342
60,751,811
1229,2438,3667
258,588,846
419,1124,1543
224,702,926
786,896,1682
49,916,965
1362,690,2052
288,850,1138
482,827,1309
311,865,1176
516,833,1349
648,707,1355
353,891,1244
585,534,1119
123,933,1056
694,723,1417
1866,1944,3810
683,986,1669
445,1030,1475
664,538,1202
1097,951,2048
627,891,1518
699,666,1365
413,864,1277
2731,1253,3984
481,1174,1655
721,753,1474
624,796,1420
1607,694,2301
23,1705,1728
706,691,1397
351,447,798
768,717,1485
2098,1226,3324
473,683,1156
535,506,1041
1330,1420,2750
114,1651,1765
456,690,1146
594,1042,1636
950,746,1696
780,527,1307
655,690,1345
885,1085,1970
208,694,902
575,724,1299
613,1608,2221
915,1095,2010
690,554,1244
330,1078,1408
1743,1013,2756
1672,627,2299
721,785,1506
1233,991,2224
409,993,1402
606,1154,1760
960,910,1870
738,928,1666
399,1019,1418
1584,654,2238
805,708,1513
527,680,1207
480,1425,1905
482,1580,2062
1006,441,1447
686,830,1516
498,1065,1563
380,731,1111
634,560,1194
851,299,1150
417,1006,1423
207,1437,1644
1015,1030,2045
590,548,1138
994,661,1655
324,942,1266
539,1221,1760
549,1014,1563
664,359,1023
479,1009,1488
908,805,1713
1259,961,2220
835,413,1248
807,636,1443
805,657,1462
702,895,1597
377,1125,1502
600,524,1124
1510,364,1874
240,656,896
1495,958,2453
394,976,1370
1405,319,1724
580,413,993
187,616,803
1065,438,1503
1001,603,1604
591,1035,1626
804,660,1464
460,385,845
936,1277,2213
911,364,1275
1028,453,1481
717,935,1652
1031,307,1338
507,1139,1646
380,1323,1703
949,555,1504
586,1396,1982
1066,375,1441
1028,459,1487
454,1205,1659
1144,806,1950
1253,762,2015
60,405,465
1194,344,1538
1074,605,1679
1149,600,1749
1126,876,2002
1408,237,1645
290,318,608
87,604,691
1313,650,1963
1191,616,1807
1124,611,1735
203,975,1178
964,894,1858
549,404,953
640,306,946
203,988,1191
159,1243,1402
1217,826,2043
663,556,1219
200,1021,1221
1795,659,2454
325,719,1044
746,524,1270
138,771,909
64,433,497
257,1113,1370
476,762,1238
102,1386,1488
549,858,1407
344,1071,1415
174,597,771
240,410,650
292,632,924
524,980,1504
164,868,1032
188,900,1088
384,752,1136
71,992,1063
313,343,656
688,967,1655
531,1115,1646
303,888,1191
1092,669,1761
334,704,1038
184,903,1087
530,575,1105
90,726,816
260,1039,1299
786,1224,2010
520,718,1238
598,809,1407
339,1377,1716
365,869,1234
577,564,1141
170,1405,1575
621,907,1528
327,1230,1557
479,696,1175
239,1255,1494
824,811,1635
731,974,1705
657,725,1382
197,703,900
163,1642,1805
797,937,1734
353,1388,1741
487,1481,1968
280,2262,2542
467,633,1100
1318,549,1867
707,896,1603
188,888,1076
619,895,1514
841,886,1727
471,1280,1751
1265,718,1983
1296,1444,2740
510,773,1283
1558,595,2153
686,807,1493
449,821,1270
732,1411,2143
451,686,1137
225,899,1124
351,1096,1447
619,537,1156
662,735,1397
911,897,1808
1242,483,1725
624,404,1028
253,1082,1335
762,444,1206
1190,692,1882
408,1034,1442
592,801,1393
1083,781,1864
164,380,544
454,1656,2110
441,944,1385
115,468,583
858,1313,2171
376,1426,1802
72,1578,1650
424,735,1159
824,1243,2067
912,690,1602
231,409,640
806,1276,2082
861,669,1530
22,545,567
327,1171,1498
392,1863,2255
1172,1294,2466
631,993,1624
1396,1475,2871
614,2053,2667
258,555,813
716,1100,1816
297,590,887
219,608,827
475,1368,1843
821,1072,1893
576,1183,1759
160,586,746
1311,1387,2698
1113,1162,2275
107,917,1024
1377,832,2209
346,935,1281
278,918,1196
1213,917,2130
319,1209,1528
705,1533,2238
279,1073,1352
852,692,1544
1587,812,2399
618,1106,1724
857,677,1534
767,681,1448
700,659,1359
645,945,1590
788,886,1674
1089,571,1660
1871,635,2506
263,933,1196
734,997,1731
63,695,758
51,842,893
547,1263,1810
692,924,1616
1486,649,2135
865,711,1576
1149,772,1921
783,716,1499
630,954,1584
421,700,1121
431,836,1267
993,1311,2304
954,823,1777
1014,786,1800
62,842,904
350,1417,1767
1262,1152,2414
893,1025,1918
542,1168,1710
404,1460,1864
636,1009,1645
741,1100,1841
620,1266,1886
535,1506,2041
758,1182,1940
308,1639,1947
1032,1037,2069
386,686,1072
592,1506,2098
654,691,1345
802,961,1763
784,1295,2079
1016,564,1580
365,893,1258
466,1764,2230
677,1413,2090
766,451,1217
288,1005,1293
1105,1268,2373
743,1309,2052
760,665,1425
211,1291,1502
138,1525,1663
532,659,1191
188,1199,1387
580,937,1517
848,1130,1978
909,757,1666
706,1799,2505
432,1184,1616
604,1189,1793
1022,617,1639
1144,485,1629
412,498,910
217,1376,1593
907,834,1741
576,1191,1767
1370,311,1681
744,1797,2541
850,814,1664
989,606,1595
879,645,1524
1008,933,1941
255,410,665
300,1431,1731
949,827,1776
300,655,955
1043,989,2032
1047,728,1775
968,443,1411
783,975,1758
1426,859,2285
1179,879,2058
1123,582,1705
391,797,1188
551,686,1237
862,620,1482
1654,651,2305
1196,623,1819
1175,818,1993
689,791,1480
680,650,1330
949,1553,2502
857,1367,2224
869,308,1177
720,859,1579
725,793,1518
992,613,1605
1490,914,2404
671,278,949
289,697,986
705,411,1116
392,880,1272
194,765,959
679,397,1076
427,957,1384
1016,897,1913
706,796,1502
453,662,1115
248,2094,2342
1082,445,1527
1294,972,2266
315,1058,1373
476,1167,1643
615,462,1077
866,1699,2565
1097,219,1316
241,1561,1802
170,2450,2620
67,444,511
42,614,656
705,952,1657
1339,1324,2663
147,481,628
424,662,1086
790,1038,1828
602,740,1342
674,879,1553
208,492,700
1288,528,1816
241,498,739
879,1079,1958
344,1091,1435
840,1116,1956
455,331,786
663,1721,2384
386,1569,1955
1248,707,1955
322,2153,2475
1174,1069,2243
17,634,651
1704,547,2251
612,1030,1642
77,356,433
281,925,1206
825,785,1610
498,1288,1786
693,634,1327
1509,999,2508
353,1182,1535
15,1186,1201
1138,683,1821
449,924,1373
121,522,643
763,1073,1836
99,1273,1372
717,573,1290
668,937,1605
1608,1059,2667
709,772,1481
193,705,898
910,1214,2124
462,970,1432
238,705,943
851,1277,2128
661,1424,2085
206,857,1063
793,1237,2030
985,737,1722
528,1077,1605
356,757,1113
1057,786,1843
842,1121,1963
117,1112,1229
38,1686,1724
1095,714,1809
229,732,961
1009,703,1712
1948,717,2665
1105,1160,2265
943,300,1243
426,847,1273
301,941,1242
697,835,1532
1039,401,1440
701,793,1494
514,917,1431
228,737,965
1108,745,1853
800,1386,2186
565,774,1339
564,936,1500
1086,1423,2509
590,1040,1630
994,689,1683
943,619,1562
681,317,998
613,1132,1745
877,1216,2093
175,923,1098
759,493,1252
854,1098,1952
655,1308,1963
254,1088,1342
672,661,1333
597,717,1314
236,1253,1489
662,910,1572
1498,1074,2572
758,767,1525
796,336,1132
439,1239,1678
1154,1010,2164
24,548,572
590,632,1222
526,691,1217
605,426,1031
420,734,1154
496,902,1398
641,727,1368
303,1245,1548
511,690,1201
80,535,615
610,887,1497
133,1160,1293
53,325,378
137,694,831
951,1078,2029
618,694,1312
106,333,439
1287,306,1593
747,973,1720
361,722,1083
1077,717,1794
1057,767,1824
659,1295,1954
440,450,890
149,317,466
181,1192,1373
213,593,806
675,436,1111
902,1114,2016
1077,596,1673
1108,792,1900
739,956,1695
229,416,645
439,870,1309
427,802,1229
949,841,1790
212,577,789
334,579,913
420,436,856
93,1122,1215
716,1361,2077
1028,1308,2336
297,733,1030
585,662,1247
835,607,1442
566,958,1524
583,613,1196
472,2248,2720
471,910,1381
307,1447,1754
378,697,1075
742,550,1292
849,887,1736
1040,751,1791
683,388,1071
326,2373,2699
527,1305,1832
760,1096,1856
548,572,1120
1222,204,1426
1037,912,1949
577,154,731
72,551,623
728,1942,2670
1084,564,1648
600,601,1201
263,679,942
645,1032,1677
492,320,812
798,176,974
718,195,913
467,838,1305
1374,482,1856
818,541,1359
82,965,1047
2169,731,2900
1478,255,1733
558,465,1023
876,165,1041
218,226,444
720,1139,1859
675,561,1236
175,864,1039
838,217,1055
2625,448,3073
1002,333,1335
740,444,1184
431,785,1216
1085,408,1493
427,897,1324
327,843,1170
1994,393,2387
384,202,586
313,267,580
326,517,843
570,946,1516
296,382,678
553,1003,1556
500,870,1370
975,515,1490
356,498,854
896,2313,3209
411,581,992
639,217,856
307,370,677
1338,386,1724
736,402,1138
402,643,1045
376,634,1010
577,2391,2968
338,666,1004
421,317,738
431,509,940
828,591,1419
804,641,1445
290,555,845
653,696,1349
1170,2018,3188
319,568,887
601,394,995
635,786,1421
1180,412,1592
1173,430,1603
262,1038,1300
417,429,846
607,1683,2290
387,2096,2483
186,704,890
1356,326,1682
1962,829,2791
228,695,923
223,461,684
311,1281,1592
361,656,1017
760,1343,2103
820,581,1401
860,1307,2167
214,382,596
2046,585,2631
564,349,913
1193,1218,2411
252,971,1223
58,586,644
715,857,1572
872,1507,2379
301,952,1253
257,737,994
1815,707,2522
162,499,661
465,781,1246
225,1320,1545
395,1026,1421
1255,1334,2589
410,1007,1417
562,827,1389
231,660,891
226,670,896
488,752,1240
115,808,923
880,669,1549
242,893,1135
886,807,1693
59,757,816
576,972,1548
100,933,1033
179,638,817
543,636,1179
519,778,1297
539,624,1163
1078,692,1770
270,567,837
1097,807,1904
585,967,1552
267,971,1238
237,975,1212
399,546,945
444,1058,1502
737,624,1361
650,455,1105
692,784,1476
570,434,1004
789,743,1532
303,1277,1580
656,751,1407
523,825,1348
576,745,1321
649,904,1553
845,678,1523
137,486,623
498,838,1336
633,583,1216
225,937,1162
835,2049,2884
838,823,1661
742,546,1288
726,991,1717
801,1059,1860
754,779,1533
541,883,1424
716,837,1553
99,977,1076
411,1357,1768
1125,2197,3322
671,1130,1801
322,720,1042
845,610,1455
399,1145,1544
81,616,697
1008,556,1564
256,429,685
171,512,683
445,320,765
427,277,704
701,1624,2325
984,1445,2429
391,1645,2036
626,1447,2073
920,1702,2622
448,1593,2041
849,1281,2130
671,1273,1944
317,295,612
507,686,1193
581,837,1418
1052,2828,3880
444,1709,2153
507,1604,2111
764,1308,2072
385,1710,2095
515,1641,2156
817,1330,2147
1066,383,1449
1772,1710,3482
823,1401,2224
282,654,936
472,466,938
97,1513,1610
1044,1351,2395
172,1510,1682
83,689,772
502,1175,1677
1698,1435,3133
1368,431,1799
367,457,824
1321,332,1653
2043,1252,3295
692,1129,1821
371,1369,1740
447,474,921
1639,402,2041
1171,390,1561
1478,341,1819
862,712,1574
140,824,964
1350,516,1866
1055,684,1739
1201,736,1937
966,983,1949
1292,298,1590
912,213,1125
71,1317,1388
1505,633,2138
1353,456,1809
1549,692,2241
1327,279,1606
192,200,392
723,807,1530
1181,433,1614
1293,718,2011
255,228,483
266,188,454
158,377,535
1110,451,1561
366,172,538
227,307,534
545,142,687
302,260,562
823,1078,1901
563,143,706
1531,284,1815
445,1625,2070
1574,824,2398
1001,1135,2136
602,606,1208
203,1052,1255
761,3354,4115
787,462,1249
274,1059,1333
1522,502,2024
301,1028,1329
237,3240,3477
367,1018,1385
595,828,1423
790,574,1364
1128,2386,3514
704,376,1080
635,833,1468
662,856,1518
138,823,961
2274,997,3271
148,742,890
619,900,1519
1247,535,1782
339,631,970
185,1029,1214
291,745,1036
52,1076,1128
881,264,1145
192,974,1166
350,692,1042
69,1076,1145
891,296,1187
509,688,1197
3346,868,4214
545,920,1465
216,1305,1521
558,1007,1565
426,367,793
624,295,919
3623,385,4008
966,627,1593
1005,594,1599
916,738,1654
563,206,769
990,646,1636
2139,410,2549
947,757,1704
662,358,1020
288,255,543
1294,361,1655
755,455,1210
1022,613,1635
694,380,1074
223,262,485
312,345,657
664,2044,2708
398,284,682
848,425,1273
229,399,628
511,1400,1911
715,1315,2030
524,1398,1922
53,2131,2184
303,694,997
286,606,892
721,334,1055
780,267,1047
1285,397,1682
636,416,1052
292,529,821
255,586,841
1068,1355,2423
108,2497,2605
603,631,1234
238,1059,1297
290,478,768
1645,699,2344
1715,1132,2847
454,1431,1885
346,497,843
221,570,791
1131,1672,2803
2028,860,2888
332,608,940
266,530,796
1271,1040,2311
268,735,1003
298,587,885
1434,1007,2441
1261,980,2241
2385,588,2973
336,823,1159
300,740,1040
269,631,900
313,812,1125
364,711,1075
438,965,1403
360,718,1078
1029,431,1460
583,477,1060
470,489,959
571,765,1336
487,820,1307
76,932,1008
362,708,1070
810,451,1261
746,695,1441
387,793,1180
258,753,1011
704,688,1392
867,219,1086
524,573,1097
574,897,1471
175,812,987
588,621,1209
704,718,1422
624,600,1224
690,430,1120
970,482,1452
592,647,1239
686,604,1290
830,666,1496
790,498,1288
842,551,1393
501,2871,3372
420,845,1265
396,558,954
375,695,1070
548,1061,1609
112,753,865
496,913,1409
167,523,690
1322,2243,3565
762,601,1363
599,797,1396
169,451,620
653,806,1459
254,827,1081
713,772,1485
756,585,1341
316,694,1010
378,730,1108
381,782,1163
508,1111,1619
249,818,1067
480,679,1159
550,2153,2703
638,458,1096
261,743,1004
581,531,1112
306,594,900
586,1058,1644
406,728,1134
395,1044,1439
369,478,847
715,832,1547
218,592,810
483,744,1227
412,1001,1413
698,752,1450
411,394,805
618,965,1583
467,410,877
247,695,942
519,456,975
50,1032,1082
720,900,1620
418,752,1170
722,706,1428
912,2022,2934
268,937,1205
529,545,1074
450,673,1123
538,701,1239
420,896,1316
469,910,1379
728,413,1141
506,586,1092
2131,1365,3496
906,461,1367
541,835,1376
780,586,1366
235,1114,1349
463,895,1358
611,650,1261
585,333,918
112,792,904
1962,1297,3259
782,648,1430
411,526,937
339,780,1119
708,998,1706
859,765,1624
346,528,874
44,1032,1076
711,1076,1787
1751,1244,2995
831,843,1674
552,775,1327
1106,769,1875
189,1054,1243
604,798,1402
356,498,854
432,980,1412
1021,824,1845
821,748,1569
302,528,830
559,752,1311
972,678,1650
434,1185,1619
808,853,1661
437,823,1260
862,823,1685
787,659,1446
550,954,1504
406,453,859
706,751,1457
1143,598,1741
674,895,1569
488,585,1073
646,1170,1816
1003,880,1883
980,707,1687
745,795,1540
476,5289,5765
847,847,1694
521,816,1337
655,784,1439
541,661,1202
415,752,1167
533,1555,2088
596,4743,5339
158,516,674
870,916,1786
748,501,1249
574,807,1381
197,802,999
723,545,1268
520,928,1448
660,1352,2012
580,4919,5499
1029,986,2015
470,794,1264
447,604,1051
442,1060,1502
679,1049,1728
658,526,1184
838,1043,1881
680,1309,1989
337,696,1033
656,1195,1851
579,668,1247
540,933,1473
523,875,1398
447,668,1115
871,747,1618
723,604,1327
479,617,1096
213,729,942
979,4662,5641
422,1571,1993
655,1384,2039
889,637,1526
1183,319,1502
642,643,1285
703,974,1677
527,767,1294
683,729,1412
269,1543,1812
530,1302,1832
846,604,1450
1002,430,1432
556,1435,1991
193,936,1129
481,891,1372
381,706,1087
1249,832,2081
701,941,1642
830,1172,2002
781,689,1470
548,660,1208
429,1125,1554
1236,766,2002
475,805,1280
771,497,1268
924,1382,2306
623,560,1183
4546,1047,5593
1202,744,1946
769,1361,2130
585,569,1154
471,996,1467
775,337,1112
479,798,1277
346,1173,1519
1589,518,2107
250,479,729
4745,1641,6386
907,551,1458
1368,1078,2446
660,791,1451
4550,1627,6177
256,578,834
751,857,1608
642,724,1366
258,481,739
135,768,903
517,1203,1720
392,475,867
868,1200,2068
302,554,856
173,981,1154
1405,835,2240
938,640,1578
1459,1038,2497
570,1421,1991
1344,1053,2397
62,662,724
418,782,1200
574,930,1504
100,825,925
628,1019,1647
726,684,1410
515,1013,1528
436,1741,2177
392,843,1235
562,1801,2363
649,1893,2542
922,286,1208
468,1450,1918
430,845,1275
1613,580,2193
1257,1141,2398
712,846,1558
315,1645,1960
218,1295,1513
1122,1614,2736
367,1125,1492
760,1354,2114
835,1217,2052
345,986,1331
1189,736,1925
585,1104,1689
1460,763,2223
913,331,1244
395,828,1223
301,1337,1638
731,720,1451
793,1164,1957
795,2365,3160
1468,599,2067
315,1032,1347
1325,499,1824
428,1227,1655
627,830,1457
608,1318,1926
209,733,942
884,1148,2032
1029,651,1680
986,750,1736
104,886,990
1069,604,1673
1529,721,2250
1290,810,2100
1059,561,1620
668,663,1331
548,503,1051
693,1303,1996
658,1048,1706
629,650,1279
947,2833,3780
891,774,1665
929,821,1750
666,688,1354
670,591,1261
638,1195,1833
487,866,1353
766,596,1362
1293,2889,4182
1075,752,1827
994,721,1715
713,803,1516
264,595,859
337,472,809
683,1138,1821
762,912,1674
366,973,1339
1967,1511,3478
1161,973,2134
377,690,1067
2495,1127,3622
959,499,1458
378,750,1128
1084,894,1978
2603,605,3208
254,1008,1262
490,452,942
518,750,1268
1093,737,1830
391,1025,1416
756,705,1461
220,761,981
496,824,1320
1482,395,1877
24,1584,1608
348,595,943
226,1006,1232
238,990,1228
673,3436,4109
312,1012,1324
497,616,1113
576,581,1157
419,1510,1929
712,544,1256
741,3530,4271
438,842,1280
586,1277,1863
670,575,1245
702,810,1512
396,878,1274
545,885,1430
505,676,1181
912,1024,1936
782,728,1510
1513,2832,4345
748,1161,1909
722,1203,1925
836,565,1401
3191,672,3863
665,813,1478
1354,597,1951
19,1008,1027
44,605,649
900,582,1482
446,695,1141
748,753,1501
874,1103,1977
246,640,886
548,515,1063
3385,690,4075
738,1349,2087
279,1150,1429
129,1059,1188
54,1285,1339
601,1857,2458
417,972,1389
511,696,1207
755,524,1279
2789,781,3570
596,1695,2291
607,1493,2100
724,434,1158
637,665,1302
525,1882,2407
1265,1227,2492
589,839,1428
561,661,1222
632,1363,1995
318,1371,1689
1037,601,1638
38,809,847
414,489,903
446,1008,1454
234,703,937
1380,1095,2475
531,1418,1949
1432,738,2170
776,1070,1846
566,1023,1589
55,658,713
573,1851,2424
1051,761,1812
491,470,961
814,1069,1883
763,590,1353
633,566,1199
1280,808,2088
532,357,889
850,1548,2398
231,964,1195
1240,1114,2354
586,379,965
447,503,950
779,1016,1795
462,981,1443
65,565,630
509,981,1490
859,721,1580
277,439,716
1650,908,2558
420,505,925
345,320,665
385,1220,1605
287,1102,1389
1277,817,2094
568,1216,1784
353,1085,1438
36,1718,1754
342,433,775
1660,1098,2758
266,536,802
467,531,998
779,528,1307
1156,1273,2429
870,1153,2023
285,1729,2014
385,1053,1438
146,1865,2011
994,885,1879
299,675,974
895,517,1412
359,484,843
743,1369,2112
627,821,1448
920,907,1827
726,1131,1857
537,1667,2204
534,688,1222
196,880,1076
446,1184,1630
645,1001,1646
1155,1151,2306
934,609,1543
1020,1251,2271
839,1466,2305
1560,866,2426
403,809,1212
1228,677,1905
426,1002,1428
344,654,998
498,1698,2196
965,751,1716
493,814,1307
369,991,1360
1560,854,2414
936,876,1812
624,813,1437
826,741,1567
409,1023,1432
876,493,1369
1062,516,1578
964,834,1798
1359,824,2183
1113,559,1672
1040,1891,2931
413,1096,1509
600,747,1347
1101,1227,2328
1494,1475,2969
934,589,1523
811,1124,1935
598,837,1435
737,784,1521
450,1058,1508
786,464,1250
1195,631,1826
836,1623,2459
1635,1312,2947
802,803,1605
671,633,1304
1385,1224,2609
688,1214,1902
735,946,1681
345,623,968
517,948,1465
1747,786,2533
613,905,1518
287,790,1077
1334,602,1936
672,713,1385
613,1378,1991
625,537,1162
403,1089,1492
1079,1017,2096
973,609,1582
762,903,1665
1165,571,1736
773,1000,1773
908,812,1720
883,960,1843
244,680,924
945,696,1641
1538,750,2288
462,754,1216
582,903,1485
1181,876,2057
595,436,1031
418,930,1348
1021,952,1973
864,848,1712
490,689,1179
362,656,1018
735,479,1214
885,801,1686
856,988,1844
1412,797,2209
275,385,660
721,1124,1845
462,866,1328
805,937,1742
354,832,1186
787,873,1660
961,1018,1979
623,623,1246
300,340,640
368,1392,1760
287,1506,1793
846,660,1506
656,846,1502
873,897,1770
927,849,1776
202,730,932
316,472,788
762,1183,1945
527,1429,1956
420,589,1009
114,972,1086
732,1409,2141
423,652,1075
239,823,1062
293,569,862
652,1206,1858
401,998,1399
137,841,978
90,1508,1598
227,940,1167
1505,610,2115
551,860,1411
997,1126,2123
635,473,1108
371,736,1107
659,718,1377
300,739,1039
147,1429,1576
627,870,1497
1045,687,1732
756,811,1567
1349,1023,2372
597,934,1531
594,1163,1757
914,577,1491
627,598,1225
623,1376,1999
795,954,1749
1127,850,1977
703,787,1490
1004,1161,2165
734,873,1607
243,766,1009
286,748,1034
907,1024,1931
768,942,1710
145,985,1130
187,960,1147
957,1182,2139
192,1035,1227
433,667,1100
277,860,1137
693,4369,5062
625,642,1267
460,772,1232
447,922,1369
415,876,1291
797,663,1460
598,878,1476
449,895,1344
353,1398,1751
607,4196,4803
445,996,1441
524,888,1412
774,545,1319
581,868,1449
776,677,1453
723,808,1531
675,749,1424
1384,1389,2773
611,4133,4744
686,960,1646
802,754,1556
387,599,986
879,729,1608
371,654,1025
939,737,1676
511,753,1264
1337,1547,2884
917,3848,4765
907,887,1794
1054,254,1308
4138,618,4756
411,709,1120
576,577,1153
670,669,1339
454,840,1294
1296,1560,2856
551,882,1433
573,324,897
4088,553,4641
818,804,1622
290,816,1106
966,651,1617
775,1015,1790
614,857,1471
966,841,1807
807,456,1263
729,463,1192
932,969,1901
865,488,1353
895,849,1744
752,1182,1934
4615,628,5243
548,1869,2417
418,761,1179
1495,800,2295
197,1282,1479
1035,1855,2890
224,1366,1590
625,2007,2632
46,712,758
215,1360,1575
232,1536,1768
755,1933,2688
805,2944,3749
64,1309,1373
854,934,1788
288,2373,2661
262,1407,1669
72,1118,1190
136,1311,1447
794,1854,2648
400,1627,2027
87,1454,1541
424,520,944
420,1746,2166
1314,708,2022
1025,989,2014
306,1282,1588
651,438,1089
1237,1769,3006
417,643,1060
468,2930,3398
447,935,1382
831,928,1759
1670,535,2205
752,1442,2194
845,564,1409
1508,2233,3741
1705,817,2522
561,437,998
1732,2175,3907
769,708,1477
992,445,1437
893,1965,2858
1111,520,1631
1482,1055,2537
385,2340,2725
149,2140,2289
51,1462,1513
1434,1417,2851
784,853,1637
57,452,509
1222,532,1754
819,363,1182
555,1803,2358
2147,715,2862
1005,775,1780
2571,1045,3616
71,610,681
1612,444,2056
191,438,629
130,643,773
1025,748,1773
1411,1052,2463
30,573,603
704,809,1513
2748,1184,3932
464,1335,1799
1628,349,1977
321,978,1299
246,899,1145
1563,661,2224
77,585,662
24,362,386
403,941,1344
117,747,864
59,396,455
671,1785,2456
732,623,1355
59,625,684
118,383,501
1387,808,2195
477,816,1293
191,532,723
872,881,1753
432,502,934
707,858,1565
1408,1157,2565
253,667,920
177,1251,1428
245,669,914
1126,969,2095
650,928,1578
455,1210,1665
191,448,639
24,1009,1033
1097,1324,2421
364,731,1095
228,663,891
401,539,940
77,1865,1942
308,281,589
357,832,1189
52,2073,2125
436,472,908
63,1067,1130
578,1515,2093
414,747,1161
570,1155,1725
655,529,1184
348,814,1162
583,657,1240
662,1463,2125
316,852,1168
303,968,1271
418,936,1354
1106,1137,2243
691,920,1611
530,702,1232
729,608,1337
431,1444,1875
521,830,1351
1682,718,2400
44,971,1015
371,641,1012
657,1173,1830
939,828,1767
382,782,1164
855,890,1745
845,1894,2739
452,656,1108
1924,703,2627
570,679,1249
466,807,1273
1127,877,2004
970,1013,1983
191,819,1010
962,1004,1966
299,1811,2110
489,819,1308
1046,879,1925
842,616,1458
782,682,1464
1031,880,1911
944,690,1634
484,723,1207
1127,330,1457
830,1475,2305
741,791,1532
636,731,1367
530,1613,2143
1222,437,1659
571,690,1261
247,1963,2210
706,773,1479
1176,438,1614
1823,876,2699
318,970,1288
667,628,1295
1021,292,1313
670,720,1390
876,862,1738
649,1607,2256
594,900,1494
1032,796,1828
447,852,1299
705,1383,2088
1883,793,2676
899,560,1459
846,546,1392
687,974,1661
1723,413,2136
238,554,792
897,1097,1994
926,617,1543
786,736,1522
799,1136,1935
1450,719,2169
218,285,503
178,614,792
765,756,1521
1437,523,1960
403,533,936
898,1190,2088
154,971,1125
912,1039,1951
1110,1421,2531
255,946,1201
604,420,1024
308,1077,1385
1054,1350,2404
766,490,1256
661,489,1150
793,1213,2006
306,948,1254
287,881,1168
348,920,1268
445,901,1346
29,546,575
478,937,1415
500,971,1471
48,696,744
81,697,778
999,665,1664
428,1042,1470
388,1050,1438
622,1019,1641
691,878,1569
40,742,782
994,656,1650
670,955,1625
52,900,952
66,889,955
1408,247,1655
874,818,1692
752,939,1691
673,1150,1823
354,756,1110
163,838,1001
543,646,1189
886,1118,2004
342,783,1125
340,806,1146
713,335,1048
534,784,1318
364,874,1238
490,986,1476
696,957,1653
490,836,1326
642,980,1622
748,1015,1763
514,941,1455
977,634,1611
891,806,1697
782,943,1725
593,818,1411
402,955,1357
774,887,1661
968,810,1778
1236,1047,2283
695,1130,1825
739,647,1386
788,600,1388
476,1069,1545
732,1164,1896
67,686,753
1009,783,1792
869,680,1549
897,1329,2226
504,980,1484
414,466,880
319,671,990
853,737,1590
855,1063,1918
402,636,1038
227,790,1017
515,585,1100
894,1243,2137
828,1370,2198
465,567,1032
633,494,1127
734,420,1154
214,1033,1247
554,681,1235
522,818,1340
1078,352,1430
552,840,1392
997,1125,2122
773,1371,2144
516,829,1345
522,788,1310
867,647,1514
734,857,1591
597,922,1519
602,642,1244
191,1468,1659
458,803,1261
869,842,1711
369,1360,1729
251,1639,1890
673,1011,1684
845,574,1419
897,896,1793
536,819,1355
438,740,1178
356,909,1265
540,902,1442
1139,831,1970
139,1653,1792
622,972,1594
126,750,876
961,895,1856
1431,649,2080
847,840,1687
568,1037,1605
266,860,1126
1431,529,1960
558,656,1214
526,841,1367
682,701,1383
1222,691,1913
317,890,1207
1134,925,2059
482,696,1178
1482,545,2027
549,820,1369
817,945,1762
372,977,1349
550,672,1222
645,910,1555
567,921,1488
394,1009,1403
599,819,1418
583,847,1430
551,451,1002
572,862,1434
781,457,1238
794,456,1250
786,513,1299
469,658,1127
623,1526,2149
720,693,1413
424,1351,1775
465,1487,1952
202,590,792
870,834,1704
502,382,884
224,650,874
799,1198,1997
585,530,1115
719,531,1250
922,1284,2206
181,538,719
243,811,1054
400,1835,2235
284,512,796
408,745,1153
1406,484,1890
529,411,940
666,1371,2037
793,1175,1968
743,763,1506
691,1613,2304
593,1710,2303
227,775,1002
432,352,784
537,879,1416
1260,876,2136
1110,1274,2384
513,607,1120
240,511,751
469,706,1175
1051,700,1751
94,1124,1218
231,1356,1587
500,795,1295
1245,497,1742
315,480,795
501,718,1219
1471,357,1828
273,1005,1278
269,1580,1849
767,614,1381
231,1136,1367
121,582,703
949,559,1508
716,937,1653
1103,1164,2267
1327,563,1890
669,430,1099
531,879,1410
255,1161,1416
1256,631,1887
632,737,1369
483,971,1454
723,354,1077
471,641,1112
1142,826,1968
529,1083,1612
1061,710,1771
677,1338,2015
112,2227,2339
847,877,1724
991,306,1297
550,730,1280
274,764,1038
642,495,1137
997,1060,2057
467,519,986
367,566,933
988,832,1820
1362,984,2346
967,594,1561
521,1135,1656
563,772,1335
537,1386,1923
242,541,783
307,2387,2694
1024,501,1525
627,1053,1680
207,931,1138
120,1134,1254
436,1130,1566
805,1153,1958
754,652,1406
891,1319,2210
41,1360,1401
313,1044,1357
800,2665,3465
287,1126,1413
663,1141,1804
412,763,1175
2168,1447,3615
409,1176,1585
1247,1095,2342
338,1196,1534
199,941,1140
313,1200,1513
958,1277,2235
912,571,1483
876,430,1306
2180,1123,3303
271,1005,1276
620,1202,1822
575,1134,1709
571,1021,1592
312,1466,1778
587,1960,2547
880,1060,1940
948,1098,2046
729,1371,2100
627,2696,3323
879,1349,2228
659,1298,1957
1281,1557,2838
914,463,1377
508,1236,1744
985,924,1909
1570,1328,2898
1105,610,1715
1085,655,1740
683,1173,1856
1292,662,1954
2194,277,2471
429,1095,1524
969,815,1784
1299,292,1591
1092,727,1819
924,513,1437
2513,593,3106
873,668,1541
74,846,920
881,690,1571
263,1008,1271
1127,925,2052
1356,198,1554
1100,1318,2418
774,1061,1835
1078,968,2046
698,850,1548
1178,707,1885
425,785,1210
1262,534,1796
582,1089,1671
1445,1186,2631
676,532,1208
968,1101,2069
530,795,1325
1265,1361,2626
411,886,1297
80,1277,1357
49,401,450
815,970,1785
867,1019,1886
364,326,690
64,857,921
616,754,1370
373,516,889
888,463,1351
57,1404,1461
880,724,1604
913,676,1589
399,510,909
816,886,1702
604,823,1427
308,1258,1566
89,695,784
292,1186,1478
279,985,1264
728,1030,1758
146,533,679
1158,582,1740
633,500,1133
1244,401,1645
727,1146,1873
628,735,1363
758,1040,1798
343,508,851
1188,704,1892
499,521,1020
94,1327,1421
335,621,956
469,1024,1493
241,485,726
456,784,1240
918,601,1519
97,559,656
739,509,1248
203,896,1099
921,640,1561
1123,1025,2148
782,812,1594
564,603,1167
413,414,827
735,1989,2724
105,774,879
1039,846,1885
498,1669,2167
494,776,1270
240,1208,1448
603,1095,1698
234,941,1175
251,801,1052
659,416,1075
266,849,1115
414,1993,2407
987,651,1638
586,1524,2110
869,1143,2012
696,679,1375
720,701,1421
803,1672,2475
420,1242,1662
123,812,935
655,829,1484
999,1265,2264
170,628,798
696,864,1560
70,2411,2481
499,837,1336
138,832,970
1865,612,2477
806,904,1710
375,660,1035
160,975,1135
1080,1280,2360
213,1313,1526
443,892,1335
540,2409,2949
684,939,1623
234,1163,1397
528,1319,1847
1774,1581,3355
714,1038,1752
1206,1008,2214
2300,1114,3414
945,886,1831
1259,1454,2713
708,710,1418
353,1207,1560
887,684,1571
1521,931,2452
802,912,1714
1110,1030,2140
865,649,1514
161,1039,1200
2134,685,2819
867,1058,1925
956,724,1680
1073,1144,2217
780,1088,1868
1085,606,1691
1170,697,1867
1267,1211,2478
79,1183,1262
1466,597,2063
839,671,1510
946,751,1697
896,1026,1922
995,751,1746
612,934,1546
575,932,1507
662,1068,1730
923,711,1634
439,500,939
1373,691,2064
856,837,1693
334,2061,2395
669,1033,1702
1045,608,1653
554,2142,2696
378,644,1022
428,434,862
394,804,1198
211,917,1128
262,1080,1342
796,518,1314
510,649,1159
554,797,1351
318,1985,2303
794,749,1543
524,1040,1564
664,930,1594
510,918,1428
262,1168,1430
892,723,1615
603,776,1379
343,700,1043
530,961,1491
406,617,1023
562,534,1096
722,906,1628
1127,1606,2733
486,2470,2956
442,941,1383
1958,1169,3127
595,966,1561
1017,2327,3344
833,677,1510
1014,1030,2044
1726,1561,3287
421,714,1135
682,635,1317
588,942,1530
851,520,1371
1840,937,2777
556,529,1085
934,733,1667
1410,1028,2438
2288,618,2906
856,711,1567
787,873,1660
625,505,1130
319,1000,1319
831,669,1500
960,936,1896
209,863,1072
903,737,1640
753,1168,1921
2087,518,2605
377,837,1214
368,859,1227
472,677,1149
446,986,1432
570,705,1275
366,1074,1440
499,1157,1656
524,917,1441
780,688,1468
189,1076,1265
662,1626,2288
614,549,1163
559,1261,1820
402,1151,1553
509,715,1224
446,788,1234
636,512,1148
277,846,1123
183,785,968
1334,699,2033
873,466,1339
439,930,1369
39,1663,1702
477,482,959
935,582,1517
686,614,1300
421,325,746
356,724,1080
331,1146,1477
1003,564,1567
709,723,1432
417,1539,1956
344,757,1101
798,788,1586
306,1043,1349
64,339,403
396,739,1135
599,1202,1801
604,1151,1755
607,553,1160
475,692,1167
1049,1140,2189
402,1294,1696
138,439,577
799,1060,1859
556,737,1293
458,1492,1950
156,663,819
468,1245,1713
443,1143,1586
457,1245,1702
434,754,1188
352,1445,1797
510,981,1491
648,1090,1738
224,665,889
958,513,1471
1421,893,2314
637,492,1129
819,1966,2785
830,846,1676
247,702,949
1340,1059,2399
875,1051,1926
1156,687,1843
956,878,1834
1401,1546,2947
290,821,1111
626,1129,1755
506,503,1009
1002,637,1639
1049,1007,2056
1284,594,1878
554,701,1255
1077,1625,2702
361,1086,1447
333,1299,1632
476,1083,1559
958,640,1598
1318,638,1956
948,746,1694
865,1042,1907
773,855,1628
574,610,1184
388,794,1182
595,1025,1620
1056,1455,2511
530,1290,1820
222,894,1116
1034,332,1366
677,1482,2159
382,811,1193
635,766,1401
821,1108,1929
453,958,1411
600,1088,1688
993,605,1598
298,1436,1734
530,835,1365
760,880,1640
820,1139,1959
475,888,1363
847,621,1468
1115,1091,2206
1179,363,1542
1041,881,1922
43,831,874
1777,635,2412
899,842,1741
519,666,1185
359,537,896
668,740,1408
711,1096,1807
681,1178,1859
1219,583,1802
861,981,1842
703,970,1673
1283,634,1917
378,543,921
867,902,1769
396,683,1079
673,1055,1728
510,833,1343
1279,1464,2743
1011,728,1739
685,594,1279
304,952,1256
640,610,1250
630,617,1247
749,959,1708
802,920,1722
741,1656,2397
1503,2065,3568
101,1614,1715
904,947,1851
238,1629,1867
529,2008,2537
862,951,1813
455,1372,1827
355,1572,1927
920,1134,2054
887,887,1774
606,744,1350
1682,259,1941
653,1458,2111
396,1297,1693
633,1481,2114
1627,279,1906
531,1327,1858
470,1283,1753
322,1294,1616
1717,357,2074
565,842,1407
394,1600,1994
413,1128,1541
1760,485,2245
534,1311,1845
795,288,1083
419,1527,1946
757,1548,2305
642,1514,2156
1594,472,2066
1199,997,2196
1537,776,2313
912,419,1331
851,549,1400
519,1140,1659
1434,570,2004
997,320,1317
1262,462,1724
1971,364,2335
672,403,1075
707,1579,2286
90,467,557
1471,329,1800
38,279,317
809,1673,2482
143,454,597
1345,852,2197
869,421,1290
653,1036,1689
1435,838,2273
1064,790,1854
1076,1012,2088
55,283,338
1380,1081,2461
848,2178,3026
170,443,613
1471,612,2083
1217,815,2032
1146,1085,2231
1520,558,2078
635,1927,2562
107,375,482
178,537,715
973,959,1932
82,845,927
65,467,532
186,489,675
1598,326,1924
1041,1585,2626
175,415,590
734,305,1039
1785,1069,2854
230,736,966
728,592,1320
1130,207,1337
876,1849,2725
704,234,938
391,588,979
28,1348,1376
268,915,1183
889,427,1316
653,606,1259
24,1444,1468
734,571,1305
258,219,477
159,452,611
243,248,491
194,508,702
395,1183,1578
341,286,627
734,728,1462
604,1113,1717
1160,549,1709
283,363,646
33,179,212
239,512,751
874,702,1576
996,885,1881
766,365,1131
373,273,646
1863,681,2544
820,978,1798
1540,219,1759
535,401,936
75,452,527
174,1202,1376
358,386,744
154,1113,1267
196,309,505
801,598,1399
627,673,1300
904,1447,2351
199,442,641
855,556,1411
151,618,769
720,477,1197
1156,288,1444
202,459,661
273,1010,1283
242,716,958
132,734,866
219,593,812
254,535,789
1313,1156,2469
351,519,870
294,320,614
237,436,673
283,1423,1706
235,1186,1421
262,723,985
289,890,1179
177,596,773
242,715,957
360,777,1137
415,927,1342
508,626,1134
240,730,970
763,1096,1859
744,1079,1823
169,432,601
328,445,773
459,1022,1481
272,731,1003
546,655,1201
381,633,1014
1030,989,2019
359,548,907
261,644,905
503,497,1000
907,579,1486
588,517,1105
523,1377,1900
294,704,998
651,555,1206
780,496,1276
1238,1242,2480
831,431,1262
62,740,802
707,905,1612
267,857,1124
580,541,1121
243,758,1001
403,604,1007
247,1549,1796
217,1503,1720
462,433,895
374,518,892
706,1032,1738
460,540,1000
518,531,1049
439,894,1333
1470,299,1769
41,479,520
445,655,1100
806,1101,1907
455,526,981
1247,217,1464
642,672,1314
584,1278,1862
856,739,1595
560,824,1384
383,932,1315
1089,728,1817
169,923,1092
498,975,1473
650,583,1233
470,1165,1635
1035,365,1400
385,826,1211
601,692,1293
437,968,1405
498,1071,1569
347,730,1077
954,715,1669
461,1151,1612
451,289,740
436,754,1190
567,683,1250
834,1042,1876
84,502,586
1011,310,1321
1319,519,1838
364,947,1311
669,1635,2304
594,840,1434
336,996,1332
841,580,1421
431,940,1371
645,942,1587
302,348,650
968,415,1383
607,798,1405
654,820,1474
380,603,983
950,503,1453
619,562,1181
297,1884,2181
650,437,1087
776,836,1612
1014,552,1566
717,316,1033
880,551,1431
270,618,888
429,616,1045
644,826,1470
601,1857,2458
856,283,1139
1013,849,1862
123,674,797
858,2333,3191
1059,737,1796
135,707,842
685,2287,2972
351,576,927
1509,981,2490
774,428,1202
630,2027,2657
884,900,1784
276,743,1019
567,822,1389
981,909,1890
997,1460,2457
205,1083,1288
241,1067,1308
1541,794,2335
431,752,1183
644,704,1348
480,755,1235
757,471,1228
407,707,1114
729,607,1336
285,940,1225
474,764,1238
1756,784,2540
211,877,1088
1004,308,1312
105,964,1069
433,614,1047
640,850,1490
641,730,1371
563,302,865
645,762,1407
529,1112,1641
382,896,1278
386,817,1203
2146,383,2529
583,686,1269
597,772,1369
799,504,1303
504,237,741
819,764,1583
635,803,1438
895,267,1162
782,984,1766
499,1017,1516
709,735,1444
682,267,949
72,441,513
686,902,1588
958,902,1860
1921,835,2756
620,523,1143
122,565,687
568,867,1435
358,271,629
368,748,1116
931,491,1422
707,788,1495
752,568,1320
1193,1061,2254
605,990,1595
246,496,742
563,886,1449
225,1222,1447
830,560,1390
366,580,946
694,836,1530
777,472,1249
837,1199,2036
468,501,969
46,355,401
827,671,1498
401,696,1097
653,1491,2144
631,512,1143
521,1108,1629
860,897,1757
790,735,1525
940,1060,2000
932,1074,2006
991,654,1645
100,686,786
553,690,1243
680,565,1245
678,444,1122
854,705,1559
476,353,829
215,530,745
471,776,1247
1003,1086,2089
924,499,1423
126,809,935
953,1227,2180
610,594,1204
138,677,815
342,1016,1358
900,578,1478
62,800,862
1073,818,1891
280,753,1033
157,662,819
136,931,1067
1429,859,2288
294,761,1055
179,822,1001
943,590,1533
285,902,1187
739,1274,2013
611,469,1080
433,843,1276
744,391,1135
575,1144,1719
797,897,1694
242,829,1071
150,977,1127
907,512,1419
643,2157,2800
538,972,1510
486,1000,1486
413,635,1048
794,1701,2495
417,1058,1475
250,825,1075
553,985,1538
874,483,1357
757,908,1665
564,631,1195
396,880,1276
392,761,1153
109,675,784
1212,1273,2485
591,660,1251
804,588,1392
360,877,1237
527,901,1428
479,1282,1761
381,988,1369
553,583,1136
586,632,1218
2053,560,2613
131,924,1055
131,878,1009
798,458,1256
658,487,1145
246,981,1227
345,1251,1596
479,687,1166
901,708,1609
889,422,1311
1612,684,2296
391,1413,1804
826,1016,1842
596,777,1373
34,875,909
99,961,1060
489,1402,1891
673,1587,2260
704,1279,1983
670,967,1637
848,1467,2315
1383,982,2365
1164,1153,2317
425,1201,1626
663,1090,1753
849,996,1845
638,1178,1816
607,1297,1904
26,1066,1092
832,428,1260
118,962,1080
24,1151,1175
152,1017,1169
766,984,1750
196,996,1192
432,751,1183
706,1240,1946
1004,1083,2087
82,1049,1131
816,1487,2303
499,937,1436
865,561,1426
54,1509,1563
1033,1268,2301
907,518,1425
392,758,1150
197,1336,1533
134,1221,1355
780,447,1227
866,344,1210
351,1166,1517
445,1160,1605
904,707,1611
934,693,1627
886,583,1469
948,569,1517
605,929,1534
442,886,1328
890,607,1497
71,333,404
968,622,1590
891,822,1713
949,932,1881
942,655,1597
872,733,1605
1209,383,1592
819,1119,1938
346,893,1239
956,795,1751
136,578,714
1069,912,1981
1427,615,2042
766,875,1641
460,480,940
847,842,1689
1095,603,1698
874,1297,2171
386,624,1010
1077,839,1916
571,698,1269
590,1442,2032
1146,777,1923
128,695,823
280,785,1065
121,519,640
560,848,1408
817,1280,2097
172,750,922
254,1076,1330
711,1921,2632
251,896,1147
796,1743,2539
497,1119,1616
420,1208,1628
424,683,1107
769,957,1726
617,926,1543
421,777,1198
646,739,1385
527,716,1243
995,913,1908
624,551,1175
729,1203,1932
1165,1101,2266
656,791,1447
635,996,1631
723,716,1439
1149,838,1987
432,845,1277
401,476,877
1881,798,2679
608,513,1121
291,723,1014
1716,705,2421
1077,485,1562
582,1361,1943
698,730,1428
604,756,1360
557,1184,1741
599,806,1405
727,708,1435
485,437,922
967,712,1679
1059,683,1742
465,376,841
607,660,1267
1036,514,1550
804,1399,2203
721,701,1422
259,623,882
820,1125,1945
692,688,1380
770,379,1149
660,1085,1745
525,533,1058
893,705,1598
451,1957,2408
415,654,1069
596,1206,1802
537,1614,2151
315,442,757
37,733,770
1268,867,2135
333,1026,1359
731,1033,1764
770,1936,2706
133,872,1005
1062,517,1579
583,2041,2624
317,714,1031
117,911,1028
1047,889,1936
1277,821,2098
630,709,1339
179,2164,2343
505,674,1179
1206,849,2055
1511,851,2362
730,513,1243
828,418,1246
1270,1275,2545
365,3215,3580
766,474,1240
209,957,1166
731,703,1434
447,612,1059
581,921,1502
1773,477,2250
753,3107,3860
700,177,877
2083,520,2603
362,583,945
222,697,919
776,724,1500
481,1299,1780
1928,971,2899
470,778,1248
454,3152,3606
428,1474,1902
404,405,809
361,800,1161
2981,800,3781
520,696,1216
1694,1140,2834
494,1564,2058
672,486,1158
745,625,1370
527,461,988
539,620,1159
580,565,1145
638,688,1326
600,863,1463
1256,843,2099
463,822,1285
2933,587,3520
740,1000,1740
58,561,619
579,1296,1875
3013,764,3777
347,833,1180
794,1395,2189
282,599,881
553,835,1388
590,589,1179
24,584,608
1076,556,1632
86,752,838
88,930,1018
278,763,1041
716,632,1348
615,1333,1948
212,812,1024
289,635,924
612,1215,1827
650,576,1226
1109,1124,2233
560,2019,2579
754,2208,2962
237,577,814
439,862,1301
360,707,1067
491,739,1230
509,647,1156
418,667,1085
1167,1106,2273
199,906,1105
726,698,1424
880,731,1611
588,886,1474
528,1895,2423
425,946,1371
668,824,1492
1196,970,2166
93,969,1062
333,1210,1543
856,713,1569
1767,846,2613
502,1046,1548
547,872,1419
421,580,1001
952,636,1588
449,1145,1594
713,516,1229
504,1256,1760
934,304,1238
635,741,1376
196,960,1156
381,1403,1784
813,466,1279
495,589,1084
435,1368,1803
257,1035,1292
961,746,1707
984,308,1292
413,1252,1665
697,1102,1799
2279,688,2967
939,861,1800
1085,259,1344
677,984,1661
1799,888,2687
1395,579,1974
1077,639,1716
342,460,802
532,1443,1975
955,857,1812
469,316,785
1245,1311,2556
906,1278,2184
810,830,1640
1409,774,2183
1287,409,1696
241,590,831
821,923,1744
454,400,854
888,890,1778
527,329,856
921,2059,2980
1119,764,1883
515,1095,1610
307,998,1305
619,463,1082
186,698,884
1213,1066,2279
803,562,1365
396,770,1166
1258,938,2196
1380,611,1991
157,936,1093
642,957,1599
359,775,1134
539,2001,2540
224,500,724
564,418,982
1033,809,1842
1122,1716,2838
563,918,1481
1094,597,1691
833,584,1417
1003,480,1483
150,602,752
687,590,1277
788,496,1284
458,1137,1595
1976,732,2708
566,1131,1697
827,502,1329
810,223,1033
1943,728,2671
932,985,1917
431,396,827
413,1131,1544
672,783,1455
434,665,1099
650,532,1182
380,612,992
1566,464,2030
884,794,1678
510,1311,1821
432,890,1322
526,558,1084
377,912,1289
597,1013,1610
380,659,1039
342,299,641
236,1276,1512
684,1325,2009
592,1207,1799
441,708,1149
526,415,941
497,892,1389
854,666,1520
511,1100,1611
457,1352,1809
841,571,1412
976,817,1793
397,532,929
194,746,940
454,643,1097
934,791,1725
555,799,1354
788,542,1330
1146,474,1620
681,730,1411
800,712,1512
497,567,1064
232,719,951
1096,637,1733
429,1280,1709
236,879,1115
221,509,730
480,757,1237
820,603,1423
461,1668,2129
658,886,1544
411,846,1257
543,1337,1880
945,789,1734
436,685,1121
494,893,1387
657,620,1277
729,327,1056
466,901,1367
987,537,1524
597,521,1118
324,882,1206
287,572,859
1082,691,1773
667,896,1563
109,599,708
580,617,1197
460,426,886
1501,549,2050
1169,477,1646
369,341,710
376,941,1317
628,717,1345
504,289,793
154,760,914
786,619,1405
1222,569,1791
1140,1166,2306
296,317,613
232,894,1126
553,819,1372
341,845,1186
220,316,536
492,609,1101
521,762,1283
302,1118,1420
1236,1457,2693
388,798,1186
743,890,1633
684,1518,2202
625,1249,1874
481,657,1138
552,612,1164
557,1067,1624
726,1531,2257
371,1093,1464
624,960,1584
202,1521,1723
1089,960,2049
715,1008,1723
707,440,1147
589,621,1210
627,433,1060
1035,618,1653
861,837,1698
760,626,1386
870,781,1651
1030,773,1803
484,945,1429
178,342,520
459,733,1192
584,905,1489
1432,516,1948
1332,697,2029
408,629,1037
543,913,1456
1435,586,2021
1339,917,2256
682,1062,1744
897,863,1760
645,732,1377
391,1014,1405
317,756,1073
399,458,857
681,1921,2602
148,989,1137
724,398,1122
478,434,912
744,1648,2392
467,702,1169
738,258,996
735,1373,2108
956,1182,2138
940,277,1217
993,1322,2315
883,1154,2037
528,2274,2802
860,299,1159
335,1557,1892
807,2062,2869
918,1168,2086
215,1672,1887
343,1379,1722
548,254,802
359,1276,1635
269,1167,1436
499,1945,2444
691,918,1609
332,560,892
338,1308,1646
1514,1051,2565
507,1153,1660
539,1072,1611
831,1132,1963
867,523,1390
597,377,974
438,525,963
308,1646,1954
215,561,776
2059,341,2400
1413,1263,2676
1084,535,1619
445,1271,1716
596,1143,1739
90,794,884
1225,348,1573
805,871,1676
1289,901,2190
179,911,1090
1871,613,2484
484,636,1120
1061,753,1814
435,747,1182
977,634,1611
896,179,1075
1085,728,1813
162,467,629
1402,716,2118
192,477,669
723,461,1184
854,508,1362
1814,764,2578
33,487,520
495,745,1240
214,899,1113
1550,1179,2729
1244,810,2054
258,314,572
310,1280,1590
82,630,712
362,469,831
337,340,677
1489,1107,2596
788,693,1481
402,429,831
1183,832,2015
499,695,1194
409,718,1127
762,848,1610
323,792,1115
266,613,879
411,918,1329
1144,773,1917
296,925,1221
436,728,1164
381,664,1045
405,330,735
1882,1098,2980
544,881,1425
852,508,1360
1016,1552,2568
214,1310,1524
766,639,1405
218,679,897
176,675,851
198,663,861
313,985,1298
692,609,1301
247,1493,1740
688,869,1557
389,736,1125
657,541,1198
559,483,1042
688,726,1414
214,786,1000
518,637,1155
445,1478,1923
895,670,1565
669,452,1121
290,511,801
552,735,1287
1167,573,1740
320,859,1179
356,539,895
422,584,1006
775,580,1355
685,774,1459
376,621,997
509,426,935
637,593,1230
325,716,1041
591,606,1197
335,547,882
302,1396,1698
492,779,1271
678,988,1666
307,324,631
385,465,850
1447,645,2092
148,579,727
547,520,1067
456,703,1159
1309,1010,2319
883,936,1819
399,687,1086
355,449,804
495,1285,1780
338,556,894
301,661,962
379,578,957
524,566,1090
657,940,1597
434,732,1166
324,544,868
595,566,1161
481,1576,2057
565,1031,1596
333,723,1056
430,580,1010
788,1209,1997
422,579,1001
526,692,1218
488,1049,1537
475,871,1346
52,926,978
1215,732,1947
500,634,1134
1151,882,2033
487,633,1120
559,669,1228
501,664,1165
572,725,1297
373,2897,3270
626,748,1374
473,690,1163
856,720,1576
613,520,1133
611,342,953
396,655,1051
957,613,1570
483,539,1022
626,426,1052
1191,666,1857
295,1498,1793
262,664,926
541,299,840
994,672,1666
232,1457,1689
622,1124,1746
588,430,1018
805,1380,2185
637,304,941
1041,965,2006
856,1416,2272
587,2939,3526
469,326,795
595,524,1119
1373,779,2152
437,1618,2055
692,490,1182
163,575,738
1385,1418,2803
830,3234,4064
244,540,784
215,589,804
507,1382,1889
2736,1036,3772
291,545,836
715,1364,2079
412,363,775
411,499,910
533,692,1225
463,431,894
452,1295,1747
825,1129,1954
624,780,1404
2835,869,3704
400,329,729
778,1306,2084
117,729,846
1133,382,1515
890,1138,2028
269,324,593
446,1690,2136
911,2113,3024
1250,776,2026
1475,850,2325
486,482,968
1338,493,1831
191,918,1109
3059,589,3648
423,1030,1453
817,850,1667
1370,994,2364
496,756,1252
353,467,820
731,845,1576
382,447,829
1295,650,1945
611,2000,2611
1247,670,1917
1141,1315,2456
507,788,1295
935,359,1294
356,887,1243
1138,1737,2875
431,648,1079
2156,644,2800
878,1000,1878
978,938,1916
1962,657,2619
1571,856,2427
616,758,1374
933,277,1210
855,915,1770
239,946,1185
836,426,1262
562,572,1134
569,1485,2054
774,833,1607
1709,249,1958
241,1573,1814
527,1005,1532
651,523,1174
479,987,1466
862,1021,1883
618,602,1220
500,1409,1909
652,961,1613
485,393,878
1196,624,1820
461,934,1395
869,705,1574
551,904,1455
608,1059,1667
247,927,1174
560,625,1185
635,1014,1649
588,521,1109
736,753,1489
822,429,1251
826,1044,1870
58,644,702
693,973,1666
779,650,1429
1501,757,2258
178,611,789
869,938,1807
864,645,1509
442,294,736
478,523,1001
439,431,870
944,630,1574
492,461,953
783,910,1693
664,1468,2132
36,973,1009
941,624,1565
618,713,1331
572,363,935
248,1013,1261
778,490,1268
222,478,700
748,968,1716
72,1080,1152
801,488,1289
1400,1369,2769
201,1264,1465
753,495,1248
282,1073,1355
1333,1180,2513
887,1113,2000
609,948,1557
540,460,1000
648,442,1090
678,1019,1697
489,856,1345
263,624,887
574,795,1369
1393,1066,2459
591,843,1434
393,1134,1527
260,600,860
448,782,1230
727,699,1426
862,860,1722
380,450,830
1012,917,1929
368,648,1016
552,936,1488
189,1047,1236
724,434,1158
249,885,1134
133,1072,1205
1292,561,1853
387,679,1066
727,807,1534
221,1176,1397
486,625,1111
610,1078,1688
779,1025,1804
1051,672,1723
672,589,1261
1153,646,1799
237,740,977
1076,551,1627
992,970,1962
734,579,1313
918,775,1693
659,1252,1911
798,685,1483
845,444,1289
371,1077,1448
954,807,1761
727,1100,1827
798,568,1366
768,522,1290
715,748,1463
328,616,944
962,683,1645
266,616,882
580,992,1572
944,612,1556
274,1372,1646
253,479,732
595,431,1026
916,965,1881
186,916,1102
553,574,1127
510,1572,2082
487,296,783
1043,706,1749
247,498,745
245,888,1133
503,346,849
200,939,1139
1033,979,2012
608,463,1071
524,1342,1866
483,296,779
949,774,1723
365,827,1192
358,892,1250
668,674,1342
537,880,1417
480,479,959
559,1285,1844
1040,658,1698
865,734,1599
530,1064,1594
927,522,1449
996,622,1618
360,1504,1864
288,991,1279
445,589,1034
997,738,1735
150,1000,1150
271,374,645
889,734,1623
178,997,1175
295,364,659
467,1112,1579
1228,1573,2801
1108,572,1680
356,233,589
206,1119,1325
1246,995,2241
846,1422,2268
453,919,1372
503,269,772
258,1055,1313
844,1433,2277
390,1650,2040
951,1027,1978
417,302,719
747,1328,2075
916,1226,2142
475,487,962
600,1465,2065
903,1066,1969
450,1098,1548
584,1173,1757
718,1167,1885
1301,1379,2680
1297,1207,2504
329,215,544
218,493,711
1639,386,2025
865,1442,2307
478,974,1452
191,769,960
817,1148,1965
501,1249,1750
1189,383,1572
906,448,1354
329,512,841
1403,730,2133
1227,663,1890
1003,1246,2249
1126,631,1757
205,789,994
554,1862,2416
1000,577,1577
211,1002,1213
599,1975,2574
1656,519,2175
852,746,1598
894,691,1585
786,1691,2477
995,974,1969
993,509,1502
256,729,985
1644,407,2051
695,532,1227
1153,829,1982
815,654,1469
409,561,970
693,609,1302
943,902,1845
495,875,1370
1686,297,1983
931,978,1909
910,976,1886
1594,445,2039
1139,504,1643
406,954,1360
491,913,1404
320,416,736
1030,720,1750
695,705,1400
210,1043,1253
860,1034,1894
169,1291,1460
852,489,1341
143,840,983
182,424,606
519,462,981
557,600,1157
820,434,1254
351,1171,1522
1017,1087,2104
560,944,1504
878,678,1556
723,787,1510
290,1043,1333
373,429,802
578,1044,1622
619,1060,1679
843,397,1240
174,1098,1272
549,1012,1561
395,1001,1396
851,697,1548
759,566,1325
753,794,1547
737,439,1176
1009,582,1591
627,537,1164
446,770,1216
823,596,1419
388,639,1027
136,582,718
406,1014,1420
979,724,1703
313,1307,1620
532,487,1019
286,683,969
251,866,1117
363,1033,1396
486,1320,1806
1134,549,1683
529,1255,1784
947,595,1542
333,1392,1725
254,685,939
372,782,1154
677,924,1601
1218,478,1696
469,681,1150
395,815,1210
900,1072,1972
863,890,1753
507,648,1155
844,772,1616
565,536,1101
770,823,1593
1175,358,1533
651,565,1216
774,484,1258
542,666,1208
608,304,912
774,856,1630
638,992,1630
1141,503,1644
680,919,1599
853,1004,1857
559,692,1251
488,1033,1521
697,505,1202
522,837,1359
359,1114,1473
824,1009,1833
814,556,1370
670,484,1154
917,950,1867
699,625,1324
514,578,1092
421,1001,1422
380,626,1006
712,674,1386
860,539,1399
242,1169,1411
935,1333,2268
460,489,949
412,843,1255
673,650,1323
545,693,1238
1266,424,1690
695,924,1619
952,555,1507
351,1154,1505
569,789,1358
305,323,628
991,781,1772
202,1150,1352
469,790,1259
497,1642,2139
747,1000,1747
976,586,1562
821,1423,2244
485,1135,1620
354,446,800
394,690,1084
304,1035,1339
1313,911,2224
448,712,1160
931,478,1409
901,964,1865
765,1133,1898
529,782,1311
809,872,1681
424,587,1011
464,528,992
242,1040,1282
502,814,1316
1086,406,1492
397,1186,1583
509,813,1322
915,1094,2009
1474,569,2043
717,1031,1748
471,583,1054
722,630,1352
757,578,1335
474,605,1079
108,739,847
580,798,1378
437,1015,1452
1321,595,1916
777,737,1514
315,849,1164
819,851,1670
713,738,1451
686,565,1251
818,697,1515
893,501,1394
270,573,843
828,710,1538
550,682,1232
739,592,1331
412,806,1218
1022,607,1629
1009,693,1702
476,604,1080
373,574,947
1026,822,1848
679,608,1287
537,695,1232
335,815,1150
759,543,1302
929,687,1616
446,1508,1954
602,436,1038
205,545,750
830,601,1431
913,754,1667
382,428,810
301,489,790
926,1388,2314
681,558,1239
561,322,883
360,1600,1960
359,828,1187
740,477,1217
259,753,1012
660,1354,2014
478,909,1387
519,553,1072
114,1398,1512
748,867,1615
145,816,961
526,1013,1539
424,404,828
267,807,1074
357,482,839
662,608,1270
176,685,861
365,865,1230
316,479,795
199,968,1167
240,998,1238
1310,586,1896
490,723,1213
594,765,1359
1481,716,2197
327,591,918
109,1379,1488
597,348,945
307,1009,1316
345,1385,1730
398,342,740
699,559,1258
1016,404,1420
1054,437,1491
477,296,773
819,474,1293
519,1065,1584
848,426,1274
252,717,969
555,299,854
804,518,1322
1262,914,2176
359,770,1129
923,402,1325
582,1153,1735
612,336,948
287,1100,1387
615,299,914
1499,526,2025
742,869,1611
370,1318,1688
665,392,1057
676,691,1367
656,385,1041
881,1138,2019
816,537,1353
1200,1371,2571
398,1220,1618
507,906,1413
20,404,424
729,726,1455
527,1327,1854
25,777,802
28,485,513
899,881,1780
778,1025,1803
44,883,927
674,278,952
1003,1006,2009
953,271,1224
693,1218,1911
192,655,847
723,415,1138
69,864,933
245,864,1109
743,908,1651
205,760,965
20,1078,1098
681,787,1468
586,1246,1832
1073,1048,2121
47,1188,1235
742,435,1177
127,868,995
278,967,1245
476,897,1373
920,399,1319
236,816,1052
1005,1746,2751
457,1078,1535
878,533,1411
79,1195,1274
323,832,1155
641,751,1392
650,706,1356
919,565,1484
1301,1004,2305
175,991,1166
703,1942,2645
809,764,1573
891,709,1600
765,703,1468
289,470,759
702,723,1425
1090,470,1560
216,1386,1602
699,705,1404
663,1937,2600
708,656,1364
604,1153,1757
735,808,1543
1369,740,2109
483,1139,1622
1138,616,1754
695,997,1692
622,875,1497
334,770,1104
875,755,1630
556,716,1272
735,1011,1746
898,773,1671
402,831,1233
633,694,1327
570,704,1274
913,611,1524
951,645,1596
591,919,1510
541,586,1127
1244,590,1834
1644,444,2088
294,899,1193
652,328,980
768,582,1350
952,770,1722
1723,888,2611
435,789,1224
706,827,1533
669,800,1469
681,678,1359
639,534,1173
783,494,1277
480,813,1293
407,625,1032
56,861,917
181,573,754
683,544,1227
683,560,1243
851,290,1141
495,284,779
602,290,892
392,1006,1398
391,1039,1430
454,954,1408
443,1247,1690
853,770,1623
336,743,1079
572,312,884
211,962,1173
378,1290,1668
553,289,842
696,1037,1733
870,561,1431
826,566,1392
964,478,1442
900,540,1440
894,235,1129
773,798,1571
323,1447,1770
500,1889,2389
547,1039,1586
605,1923,2528
605,1008,1613
237,345,582
724,1679,2403
1028,568,1596
253,554,807
222,1299,1521
809,1856,2665
688,871,1559
343,2768,3111
738,1370,2108
361,1670,2031
644,2713,3357
311,730,1041
762,1204,1966
1404,859,2263
377,2604,2981
734,923,1657
1744,319,2063
402,1387,1789
396,405,801
301,1220,1521
1347,342,1689
294,1597,1891
124,764,888
762,657,1419
442,664,1106
1091,278,1369
2051,1013,3064
650,766,1416
778,1780,2558
399,512,911
1893,756,2649
2625,467,3092
225,771,996
64,939,1003
2366,509,2875
338,1600,1938
359,2389,2748
314,1575,1889
758,567,1325
1705,686,2391
625,1201,1826
1397,932,2329
465,285,750
332,861,1193
790,2178,2968
1292,914,2206
20,292,312
680,737,1417
372,1674,2046
1479,634,2113
499,478,977
52,304,356
72,809,881
513,1507,2020
1326,699,2025
648,693,1341
104,287,391
968,1912,2880
435,1159,1594
442,580,1022
95,293,388
339,586,925
503,863,1366
161,502,663
638,377,1015
1175,1014,2189
125,872,997
1176,396,1572
1273,1277,2550
2307,863,3170
458,559,1017
626,569,1195
1280,632,1912
467,255,722
269,673,942
557,1041,1598
355,1061,1416
805,999,1804
600,877,1477
1705,889,2594
53,1018,1071
960,489,1449
1006,588,1594
117,454,571
566,556,1122
222,1416,1638
53,1194,1247
46,837,883
135,787,922
375,994,1369
372,912,1284
107,685,792
484,1192,1676
111,713,824
738,943,1681
374,1529,1903
721,1341,2062
525,439,964
251,733,984
811,626,1437
737,988,1725
571,552,1123
475,644,1119
102,862,964
951,751,1702
638,533,1171
414,1121,1535
89,893,982
1291,976,2267
961,924,1885
1129,643,1772
605,1118,1723
655,1427,2082
423,746,1169
715,791,1506
1116,945,2061
302,922,1224
338,968,1306
1023,638,1661
1345,771,2116
567,917,1484
649,726,1375
926,597,1523
701,456,1157
1054,476,1530
504,954,1458
532,1025,1557
667,874,1541
692,752,1444
140,480,620
635,1194,1829
512,604,1116
574,436,1010
633,814,1447
865,630,1495
1285,578,1863
817,739,1556
553,1097,1650
359,781,1140
888,881,1769
401,1095,1496
787,415,1202
403,727,1130
466,1120,1586
665,768,1433
822,680,1502
461,943,1404
625,595,1220
429,1091,1520
498,1251,1749
575,786,1361
521,1035,1556
321,1123,1444
706,601,1307
1019,315,1334
365,899,1264
711,593,1304
394,1258,1652
627,1097,1724
1015,494,1509
572,717,1289
683,617,1300
1047,539,1586
768,1252,2020
736,317,1053
555,727,1282
643,564,1207
694,904,1598
615,1038,1653
785,897,1682
1031,868,1899
510,1054,1564
580,1204,1784
674,1238,1912
493,1171,1664
852,485,1337
630,1104,1734
1007,749,1756
1105,586,1691
697,591,1288
565,471,1036
1149,732,1881
530,1454,1984
599,598,1197
360,1133,1493
616,1214,1830
1097,468,1565
905,719,1624
737,768,1505
1013,1059,2072
121,749,870
616,627,1243
331,1365,1696
379,462,841
180,907,1087
335,580,915
688,631,1319
393,747,1140
467,930,1397
1195,538,1733
648,480,1128
1010,921,1931
327,479,806
990,693,1683
476,493,969
706,913,1619
425,475,900
411,901,1312
396,344,740
831,714,1545
1059,934,1993
1353,763,2116
947,677,1624
265,680,945
308,1155,1463
642,444,1086
467,1023,1490
635,674,1309
444,757,1201
746,560,1306
390,604,994
720,334,1054
457,1785,2242
450,540,990
166,955,1121
565,279,844
494,1032,1526
577,495,1072
822,534,1356
1078,471,1549
590,305,895
168,325,493
791,483,1274
389,796,1185
264,774,1038
877,1518,2395
1227,773,2000
651,1175,1826
294,789,1083
602,607,1209
589,1318,1907
225,815,1040
301,839,1140
228,650,878
786,842,1628
595,348,943
735,567,1302
1015,1353,2368
1097,1608,2705
705,283,988
641,594,1235
250,293,543
522,1611,2133
1755,772,2527
301,1642,1943
699,521,1220
339,936,1275
1231,768,1999
525,906,1431
719,306,1025
511,1064,1575
488,451,939
767,1096,1863
1368,832,2200
590,1644,2234
708,436,1144
388,581,969
598,836,1434
566,1033,1599
445,660,1105
499,1188,1687
415,732,1147
249,595,844
861,517,1378
465,1204,1669
618,385,1003
33,1059,1092
1139,1071,2210
937,742,1679
1519,783,2302
660,501,1161
687,454,1141
585,1445,2030
29,1222,1251
648,404,1052
56,1223,1279
967,1351,2318
444,587,1031
720,667,1387
412,1127,1539
702,632,1334
204,497,701
891,967,1858
605,662,1267
937,688,1625
497,1217,1714
274,670,944
1141,565,1706
256,506,762
939,689,1628
826,664,1490
481,547,1028
406,979,1385
1505,721,2226
741,886,1627
937,328,1265
524,1432,1956
638,976,1614
571,426,997
714,1163,1877
597,344,941
483,847,1330
500,430,930
843,671,1514
319,709,1028
1080,823,1903
615,652,1267
444,661,1105
447,404,851
561,1450,2011
811,899,1710
752,644,1396
68,644,712
1077,671,1748
1132,1199,2331
904,558,1462
581,801,1382
300,603,903
268,1436,1704
1342,600,1942
613,484,1097
548,491,1039
1381,1065,2446
538,1172,1710
712,583,1295
586,781,1367
203,574,777
533,627,1160
1036,694,1730
540,465,1005
685,743,1428
1237,1350,2587
890,753,1643
167,636,803
1418,466,1884
705,912,1617
402,738,1140
696,453,1149
1712,2439,4151
1112,805,1917
629,1528,2157
330,581,911
1063,671,1734
91,924,1015
368,478,846
233,745,978
640,2442,3082
131,1139,1270
227,604,831
552,435,987
589,526,1115
392,862,1254
987,1303,2290
295,640,935
519,1353,1872
241,867,1108
669,666,1335
537,874,1411
626,818,1444
68,662,730
740,472,1212
336,2578,2914
1305,1486,2791
404,705,1109
227,875,1102
517,653,1170
230,430,660
408,229,637
462,190,652
1241,1440,2681
1234,1210,2444
1041,1046,2087
256,123,379
833,657,1490
810,136,946
70,238,308
796,132,928
782,1435,2217
1020,1203,2223
554,1098,1652
1053,158,1211
1036,159,1195
327,1453,1780
397,1549,1946
2327,1694,4021
383,1531,1914
516,1481,1997
2350,1746,4096
596,983,1579
606,1418,2024
677,2021,2698
1339,496,1835
487,1896,2383
1372,480,1852
185,1447,1632
220,861,1081
231,2536,2767
592,1900,2492
133,1810,1943
894,1478,2372
1231,672,1903
1284,2594,3878
281,2796,3077
374,1607,1981
1728,429,2157
1346,713,2059
1293,2922,4215
2475,1717,4192
467,2812,3279
1786,330,2116
1738,506,2244
1246,2072,3318
1315,1028,2343
2143,791,2934
1636,390,2026
2564,815,3379
1444,980,2424
2718,592,3310
2500,523,3023
2362,392,2754
2078,415,2493
2992,451,3443
87,456,543
60,440,500
2270,736,3006
2446,214,2660
2108,374,2482
59,436,495
2409,551,2960
193,482,675
2549,523,3072
46,737,783
50,328,378
1909,774,2683
74,838,912
73,487,560
93,509,602
42,408,450
140,486,626
207,690,897
31,869,900
296,526,822
61,502,563
72,1046,1118
112,776,888
128,608,736
94,748,842
104,1151,1255
2342,711,3053
194,915,1109
228,687,915
481,776,1257
157,498,655
129,800,929
300,626,926
167,664,831
463,547,1010
395,467,862
421,811,1232
120,558,678
194,1234,1428
733,470,1203
622,423,1045
539,797,1336
173,1422,1595
444,460,904
518,675,1193
399,570,969
567,1018,1585
345,741,1086
129,1299,1428
872,473,1345
697,553,1250
1032,546,1578
384,1312,1696
446,1079,1525
198,713,911
456,1301,1757
234,937,1171
311,639,950
712,607,1319
361,712,1073
1092,687,1779
565,665,1230
597,1176,1773
431,872,1303
450,609,1059
529,564,1093
1292,339,1631
162,565,727
380,1113,1493
847,302,1149
479,852,1331
131,1350,1481
527,996,1523
1096,309,1405
388,911,1299
373,763,1136
859,726,1585
537,999,1536
538,319,857
457,993,1450
641,938,1579
812,825,1637
451,462,913
1147,564,1711
461,1224,1685
263,991,1254
479,836,1315
194,497,691
734,847,1581
622,835,1457
234,506,740
1066,716,1782
572,715,1287
643,790,1433
357,1227,1584
146,936,1082
431,1019,1450
459,1082,1541
962,654,1616
475,1093,1568
354,341,695
1285,738,2023
216,827,1043
817,446,1263
541,735,1276
702,798,1500
436,772,1208
595,1252,1847
904,725,1629
843,1095,1938
676,578,1254
478,1493,1971
712,638,1350
763,748,1511
628,660,1288
322,504,826
891,1073,1964
548,616,1164
403,753,1156
813,946,1759
748,502,1250
921,1090,2011
852,1260,2112
772,812,1584
1140,875,2015
440,1037,1477
705,470,1175
985,1152,2137
829,750,1579
677,504,1181
602,864,1466
537,710,1247
975,1241,2216
897,1120,2017
212,756,968
401,610,1011
1277,1124,2401
394,769,1163
630,749,1379
1033,809,1842
909,852,1761
688,972,1660
819,1134,1953
1084,1419,2503
539,1184,1723
1124,855,1979
653,835,1488
258,965,1223
928,536,1464
809,1056,1865
436,1052,1488
954,862,1816
738,742,1480
670,1007,1677
946,868,1814
249,1640,1889
637,700,1337
420,978,1398
845,779,1624
963,1157,2120
530,1573,2103
1170,1046,2216
616,1227,1843
564,1465,2029
445,535,980
581,865,1446
1409,502,1911
1001,866,1867
887,764,1651
791,851,1642
375,646,1021
1028,983,2011
932,900,1832
1043,684,1727
650,503,1153
982,474,1456
685,1078,1763
674,1419,2093
790,653,1443
697,785,1482
687,1356,2043
969,713,1682
817,740,1557
470,596,1066
1273,1088,2361
749,736,1485
688,532,1220
1356,365,1721
532,619,1151
1013,1097,2110
745,961,1706
423,822,1245
1104,847,1951
461,856,1317
860,416,1276
1396,740,2136
428,777,1205
379,506,885
589,1190,1779
767,630,1397
925,1238,2163
379,872,1251
529,785,1314
958,1281,2239
824,647,1471
363,974,1337
1188,1121,2309
598,928,1526
444,647,1091
234,773,1007
334,895,1229
434,665,1099
437,452,889
463,758,1221
605,827,1432
333,682,1015
333,717,1050
839,411,1250
565,996,1561
557,497,1054
1172,783,1955
980,355,1335
684,743,1427
531,478,1009
986,527,1513
608,419,1027
550,955,1505
491,294,785
411,620,1031
985,965,1950
141,309,450
446,743,1189
690,1094,1784
201,328,529
1029,529,1558
558,368,926
417,921,1338
355,1816,2171
802,810,1612
660,736,1396
154,575,729
471,2654,3125
314,479,793
376,190,566
193,604,797
120,1215,1335
358,476,834
545,489,1034
352,1256,1608
614,1490,2104
786,773,1559
576,752,1328
849,692,1541
213,257,470
369,456,825
223,1075,1298
926,1801,2727
600,334,934
719,827,1546
338,330,668
691,1113,1804
1588,1339,2927
264,408,672
382,326,708
576,997,1573
305,398,703
268,382,650
710,1106,1816
821,1307,2128
107,431,538
691,962,1653
933,1304,2237
413,341,754
701,1368,2069
348,244,592
1019,449,1468
218,371,589
1147,749,1896
194,552,746
403,265,668
730,370,1100
265,354,619
826,1237,2063
201,708,909
788,354,1142
1438,251,1689
972,1205,2177
2543,933,3476
1470,385,1855
564,1160,1724
802,287,1089
1018,1062,2080
124,261,385
317,538,855
2299,550,2849
851,793,1644
723,439,1162
669,455,1124
1258,1315,2573
811,564,1375
173,515,688
1266,592,1858
478,974,1452
1554,705,2259
139,523,662
1023,1000,2023
787,791,1578
1798,804,2602
116,573,689
901,967,1868
89,774,863
88,330,418
25,207,232
731,837,1568
245,436,681
1135,823,1958
66,487,553
397,579,976
30,708,738
1112,908,2020
402,471,873
114,729,843
1003,1535,2538
294,1000,1294
180,1073,1253
117,782,899
229,726,955
768,1965,2733
602,777,1379
349,1167,1516
1021,1697,2718
293,726,1019
321,768,1089
573,867,1440
494,1011,1505
231,718,949
138,1413,1551
1619,881,2500
516,1128,1644
234,1373,1607
219,696,915
106,1167,1273
571,974,1545
585,1085,1670
630,848,1478
633,929,1562
853,697,1550
1122,1512,2634
824,1017,1841
1242,295,1537
363,1333,1696
393,613,1006
1315,1298,2613
585,1010,1595
608,1273,1881
816,995,1811
208,1492,1700
584,755,1339
646,280,926
248,878,1126
410,1471,1881
703,794,1497
1291,929,2220
798,690,1488
603,940,1543
994,892,1886
400,1137,1537
637,738,1375
1343,597,1940
677,1061,1738
784,420,1204
1481,878,2359
920,737,1657
1134,729,1863
520,587,1107
724,1052,1776
759,736,1495
379,621,1000
812,1063,1875
832,905,1737
1266,566,1832
129,807,936
471,886,1357
1111,1049,2160
689,461,1150
419,596,1015
1376,659,2035
792,763,1555
911,615,1526
607,1021,1628
182,820,1002
801,814,1615
783,857,1640
617,721,1338
515,590,1105
695,694,1389
540,827,1367
460,830,1290
247,583,830
455,696,1151
883,541,1424
667,491,1158
649,1382,2031
311,1177,1488
614,703,1317
537,1034,1571
729,808,1537
529,1274,1803
619,403,1022
583,1057,1640
937,688,1625
620,594,1214
816,889,1705
504,708,1212
1330,246,1576
701,994,1695
474,694,1168
843,233,1076
751,543,1294
334,1048,1382
705,552,1257
529,879,1408
600,865,1465
397,646,1043
686,902,1588
1078,768,1846
643,713,1356
263,802,1065
627,682,1309
1220,617,1837
424,1059,1483
446,551,997
1027,159,1186
712,583,1295
489,897,1386
746,853,1599
762,575,1337
705,737,1442
876,643,1519
525,941,1466
621,826,1447
695,1269,1964
501,718,1219
434,853,1287
563,729,1292
311,844,1155
287,394,681
44,501,545
443,787,1230
639,644,1283
738,708,1446
735,1471,2206
461,694,1155
526,1109,1635
762,739,1501
618,752,1370
325,425,750
148,641,789
63,784,847
911,932,1843
722,1532,2254
267,713,980
594,911,1505
821,733,1554
1138,878,2016
343,642,985
462,485,947
865,563,1428
94,994,1088
407,784,1191
284,643,927
406,962,1368
333,630,963
1224,638,1862
681,1062,1743
414,443,857
467,719,1186
601,861,1462
503,262,765
371,884,1255
602,644,1246
550,759,1309
175,1320,1495
685,944,1629
537,663,1200
520,571,1091
402,776,1178
551,262,813
525,991,1516
356,914,1270
593,1110,1703
278,355,633
688,818,1506
675,502,1177
887,449,1336
499,1122,1621
675,803,1478
622,906,1528
673,1030,1703
217,355,572
844,828,1672
775,713,1488
525,569,1094
854,397,1251
455,922,1377
874,1073,1947
614,934,1548
833,1054,1887
531,206,737
856,576,1432
568,596,1164
504,638,1142
1080,454,1534
654,1048,1702
395,686,1081
525,510,1035
776,991,1767
1096,582,1678
67,318,385
1239,764,2003
701,708,1409
668,1243,1911
837,528,1365
513,587,1100
87,463,550
907,755,1662
595,659,1254
121,573,694
34,504,538
954,500,1454
562,951,1513
682,930,1612
221,625,846
893,579,1472
696,1011,1707
274,500,774
193,386,579
565,884,1449
495,386,881
242,756,998
328,566,894
534,491,1025
800,940,1740
856,934,1790
371,590,961
986,923,1909
326,913,1239
1139,783,1922
24,404,428
544,531,1075
478,568,1046
203,520,723
312,375,687
352,792,1144
341,946,1287
715,563,1278
618,741,1359
723,711,1434
1431,2422,3853
714,689,1403
100,521,621
205,558,763
175,711,886
524,959,1483
565,458,1023
548,585,1133
237,521,758
742,2434,3176
805,574,1379
209,675,884
231,739,970
370,1093,1463
293,633,926
378,782,1160
566,1344,1910
573,464,1037
705,478,1183
533,2537,3070
524,676,1200
257,782,1039
856,681,1537
471,523,994
436,2527,2963
360,666,1026
558,905,1463
71,1345,1416
283,475,758
38,1030,1068
407,828,1235
457,814,1271
532,424,956
2333,555,2888
415,845,1260
614,640,1254
823,730,1553
249,1321,1570
291,822,1113
1150,533,1683
305,623,928
100,430,530
2445,644,3089
339,786,1125
691,612,1303
459,630,1089
135,625,760
400,1261,1661
552,839,1391
334,1104,1438
1310,496,1806
238,678,916
603,1070,1673
374,626,1000
719,715,1434
313,487,800
889,1045,1934
578,934,1512
2096,569,2665
463,516,979
1170,733,1903
272,700,972
745,770,1515
752,629,1381
613,1290,1903
469,526,995
703,1153,1856
326,840,1166
914,1080,1994
150,630,780
1125,672,1797
130,495,625
764,406,1170
184,608,792
511,867,1378
572,1317,1889
766,606,1372
359,1077,1436
439,861,1300
979,655,1634
1021,639,1660
307,572,879
921,871,1792
174,808,982
735,877,1612
379,1210,1589
571,1147,1718
485,712,1197
512,1277,1789
841,635,1476
397,730,1127
408,857,1265
352,605,957
1045,728,1773
363,725,1088
227,1099,1326
470,884,1354
799,465,1264
576,855,1431
234,1206,1440
520,909,1429
345,1089,1434
1012,469,1481
958,578,1536
190,1058,1248
782,735,1517
354,737,1091
453,871,1324
598,635,1233
363,716,1079
404,954,1358
890,405,1295
858,401,1259
1159,446,1605
423,958,1381
571,857,1428
633,910,1543
930,610,1540
403,695,1098
564,761,1325
474,428,902
745,387,1132
482,832,1314
506,827,1333
270,784,1054
469,305,774
837,612,1449
1436,526,1962
767,471,1238
922,520,1442
806,332,1138
678,482,1160
595,250,845
896,1242,2138
473,1653,2126
772,478,1250
744,433,1177
673,288,961
789,185,974
721,1251,1972
607,1069,1676
394,469,863
643,365,1008
822,810,1632
1183,823,2006
767,1409,2176
702,459,1161
1175,1018,2193
705,720,1425
1126,1016,2142
987,547,1534
527,363,890
579,1227,1806
946,1649,2595
1458,1186,2644
888,1767,2655
620,236,856
798,1415,2213
1162,1150,2312
1233,1182,2415
1142,1117,2259
913,1178,2091
758,1368,2126
345,250,595
1166,1057,2223
709,1137,1846
962,940,1902
1187,762,1949
168,376,544
1593,356,1949
989,267,1256
531,747,1278
143,391,534
993,459,1452
1003,294,1297
1066,234,1300
912,452,1364
653,406,1059
775,233,1008
238,450,688
1022,441,1463
939,485,1424
44,246,290
126,450,576
856,362,1218
694,347,1041
111,213,324
180,457,637
76,369,445
135,213,348
110,379,489
141,375,516
295,168,463
318,374,692
41,706,747
177,210,387
705,776,1481
1045,840,1885
722,703,1425
220,608,828
279,249,528
24,1882,1906
395,245,640
27,1715,1742
47,630,677
145,253,398
33,1870,1903
81,1816,1897
335,205,540
48,2022,2070
286,361,647
586,411,997
433,332,765
216,1692,1908
81,1953,2034
266,729,995
351,526,877
117,1993,2110
369,506,875
104,736,840
256,2215,2471
445,171,616
57,1818,1875
168,2275,2443
260,1850,2110
279,1088,1367
362,367,729
68,838,906
1832,864,2696
569,850,1419
318,1852,2170
1486,670,2156
335,689,1024
432,2170,2602
1461,993,2454
525,608,1133
548,808,1356
1537,1056,2593
492,436,928
114,1053,1167
89,876,965
1683,777,2460
1563,1193,2756
672,907,1579
1868,1120,2988
59,870,929
1542,718,2260
1759,793,2552
450,1102,1552
355,649,1004
492,2137,2629
1666,1278,2944
675,498,1173
636,868,1504
2122,823,2945
723,503,1226
67,1029,1096
561,659,1220
717,432,1149
476,815,1291
549,803,1352
809,543,1352
632,917,1549
745,608,1353
548,456,1004
771,630,1401
1989,1307,3296
531,551,1082
150,1231,1381
769,918,1687
640,704,1344
754,400,1154
1058,1032,2090
1019,1132,2151
1995,887,2882
465,471,936
2097,1387,3484
849,812,1661
763,762,1525
433,346,779
668,560,1228
998,516,1514
729,861,1590
282,415,697
398,1494,1892
2064,1406,3470
866,705,1571
649,1215,1864
425,680,1105
562,577,1139
840,720,1560
1085,557,1642
458,643,1101
979,1073,2052
444,810,1254
848,434,1282
641,1474,2115
630,592,1222
667,609,1276
909,1190,2099
22,870,892
125,805,930
747,1146,1893
499,699,1198
707,513,1220
882,596,1478
1399,833,2232
255,796,1051
1047,885,1932
929,814,1743
266,672,938
303,663,966
560,575,1135
395,686,1081
387,706,1093
94,857,951
938,709,1647
193,670,863
130,1048,1178
1194,709,1903
1077,797,1874
602,651,1253
786,960,1746
513,715,1228
734,438,1172
1170,1224,2394
18,1418,1436
259,583,842
513,725,1238
328,1191,1519
432,705,1137
374,1094,1468
1354,1302,2656
867,599,1466
780,420,1200
494,424,918
355,604,959
323,797,1120
672,841,1513
361,517,878
694,810,1504
462,738,1200
392,1331,1723
583,1016,1599
465,1148,1613
402,672,1074
586,861,1447
362,1008,1370
1364,573,1937
279,1156,1435
642,454,1096
189,420,609
896,597,1493
275,1194,1469
590,767,1357
413,836,1249
939,594,1533
1017,877,1894
492,997,1489
560,522,1082
490,420,910
889,797,1686
778,727,1505
877,1088,1965
125,886,1011
1063,687,1750
796,423,1219
811,1029,1840
473,757,1230
590,621,1211
758,922,1680
664,946,1610
371,370,741
507,927,1434
528,572,1100
566,999,1565
459,752,1211
337,927,1264
831,429,1260
557,700,1257
286,1074,1360
659,673,1332
197,741,938
768,1571,2339
715,317,1032
198,807,1005
489,1212,1701
1073,809,1882
233,653,886
401,789,1190
769,799,1568
611,989,1600
679,317,996
271,665,936
458,740,1198
659,598,1257
596,497,1093
322,872,1194
871,365,1236
755,1202,1957
954,692,1646
563,551,1114
959,980,1939
506,909,1415
1056,524,1580
866,1066,1932
187,1022,1209
521,1041,1562
834,1116,1950
719,1133,1852
686,565,1251
795,525,1320
523,1118,1641
506,1195,1701
807,840,1647
704,670,1374
654,481,1135
769,448,1217
446,594,1040
139,678,817
751,1681,2432
149,811,960
1099,427,1526
709,612,1321
1175,1166,2341
323,690,1013
736,433,1169
870,548,1418
613,665,1278
998,967,1965
854,980,1834
1603,469,2072
1021,529,1550
424,438,862
932,987,1919
1003,345,1348
874,672,1546
473,641,1114
375,593,968
659,735,1394
403,1476,1879
805,236,1041
374,495,869
851,589,1440
216,2566,2782
966,804,1770
433,905,1338
244,835,1079
109,237,346
533,719,1252
523,791,1314
112,421,533
419,650,1069
530,751,1281
483,528,1011
543,931,1474
443,566,1009
474,605,1079
917,528,1445
491,1067,1558
516,2392,2908
1070,896,1966
789,332,1121
796,399,1195
351,803,1154
137,416,553
776,468,1244
338,1289,1627
471,854,1325
1229,1783,3012
479,1239,1718
597,1095,1692
155,983,1138
2393,834,3227
147,845,992
693,931,1624
505,501,1006
581,1235,1816
738,432,1170
617,737,1354
194,663,857
822,799,1621
2315,793,3108
307,1017,1324
353,761,1114
344,1363,1707
434,662,1096
657,630,1287
758,446,1204
393,1469,1862
268,668,936
842,483,1325
1223,715,1938
202,772,974
424,488,912
766,683,1449
1031,570,1601
1660,500,2160
348,854,1202
227,1001,1228
484,524,1008
684,453,1137
501,659,1160
514,1034,1548
1093,497,1590
691,718,1409
1465,178,1643
675,632,1307
630,1022,1652
654,892,1546
634,552,1186
782,1123,1905
742,642,1384
504,758,1262
815,825,1640
535,424,959
869,684,1553
835,453,1288
905,791,1696
348,719,1067
904,546,1450
376,798,1174
467,654,1121
181,1660,1841
469,484,953
426,1657,2083
454,1048,1502
330,880,1210
1003,833,1836
914,1101,2015
263,868,1131
660,492,1152
83,769,852
690,999,1689
641,557,1198
1260,935,2195
736,784,1520
363,1387,1750
112,1151,1263
614,582,1196
1015,350,1365
347,1087,1434
453,862,1315
89,1395,1484
577,851,1428
462,930,1392
291,1209,1500
893,586,1479
972,751,1723
264,1229,1493
623,1400,2023
1538,675,2213
272,1280,1552
734,1006,1740
643,1551,2194
644,908,1552
779,506,1285
766,763,1529
698,949,1647
339,1297,1636
563,1389,1952
744,1003,1747
777,1178,1955
138,1751,1889
1301,475,1776
568,1471,2039
971,879,1850
736,1265,2001
781,986,1767
328,1772,2100
1140,669,1809
720,877,1597
946,907,1853
921,589,1510
1017,469,1486
1271,622,1893
1251,567,1818
1597,525,2122
754,1080,1834
514,635,1149
408,1461,1869
1687,574,2261
1111,489,1600
1052,1217,2269
573,748,1321
765,479,1244
833,1034,1867
1009,281,1290
1230,785,2015
1819,278,2097
289,1044,1333
589,870,1459
368,462,830
333,268,601
697,559,1256
334,308,642
1063,859,1922
787,563,1350
840,667,1507
968,624,1592
138,1013,1151
620,857,1477
682,257,939
753,1002,1755
1022,819,1841
305,620,925
696,234,930
704,430,1134
1153,580,1733
377,1111,1488
896,608,1504
309,853,1162
275,827,1102
556,582,1138
408,708,1116
112,354,466
309,1063,1372
99,288,387
965,695,1660
1376,792,2168
93,587,680
643,688,1331
82,625,707
613,787,1400
109,1090,1199
934,496,1430
214,746,960
1360,1389,2749
107,596,703
678,749,1427
23,786,809
96,647,743
600,918,1518
510,716,1226
395,624,1019
146,872,1018
614,577,1191
231,738,969
307,1286,1593
649,494,1143
290,843,1133
940,934,1874
656,527,1183
363,493,856
647,1265,1912
494,975,1469
341,721,1062
610,309,919
293,1199,1492
251,1038,1289
468,1370,1838
227,577,804
232,300,532
304,714,1018
611,1408,2019
793,683,1476
537,863,1400
385,547,932
498,1259,1757
708,726,1434
682,1547,2229
448,613,1061
654,655,1309
324,262,586
756,787,1543
642,597,1239
184,500,684
522,727,1249
844,911,1755
788,1041,1829
350,1133,1483
519,700,1219
1201,737,1938
811,557,1368
773,843,1616
783,1001,1784
1140,497,1637
305,748,1053
959,1036,1995
1102,884,1986
830,630,1460
253,871,1124
391,886,1277
1432,745,2177
646,1039,1685
506,1189,1695
529,791,1320
823,573,1396
914,903,1817
431,906,1337
835,479,1314
709,559,1268
464,926,1390
362,621,983
551,646,1197
605,818,1423
536,623,1159
967,1128,2095
584,958,1542
766,758,1524
987,591,1578
348,704,1052
316,759,1075
408,629,1037
896,864,1760
560,756,1316
793,923,1716
231,1007,1238
644,611,1255
398,755,1153
642,660,1302
387,365,752
731,631,1362
280,857,1137
1088,908,1996
773,1345,2118
484,939,1423
933,528,1461
754,765,1519
785,670,1455
425,917,1342
98,1552,1650
861,689,1550
654,609,1263
374,944,1318
235,1632,1867
919,1213,2132
567,676,1243
279,1633,1912
747,1293,2040
386,829,1215
1319,618,1937
722,868,1590
585,809,1394
511,691,1202
701,1081,1782
653,929,1582
518,916,1434
436,523,959
554,1448,2002
761,1182,1943
673,326,999
580,1219,1799
1119,537,1656
867,920,1787
667,698,1365
1399,481,1880
868,765,1633
403,742,1145
1581,626,2207
330,964,1294
714,1067,1781
338,328,666
1190,459,1649
841,832,1673
616,572,1188
872,673,1545
641,523,1164
821,676,1497
1643,638,2281
587,775,1362
318,988,1306
500,839,1339
479,540,1019
1040,512,1552
948,690,1638
803,1471,2274
471,1612,2083
558,619,1177
312,760,1072
605,791,1396
534,2003,2537
1388,1070,2458
403,1625,2028
456,501,957
196,2033,2229
1066,1227,2293
886,885,1771
352,1305,1657
269,1251,1520
734,945,1679
702,1065,1767
329,1263,1592
253,930,1183
505,848,1353
1517,767,2284
753,586,1339
1821,501,2322
357,1207,1564
363,915,1278
736,508,1244
1896,550,2446
184,1343,1527
612,648,1260
1053,602,1655
799,397,1196
532,1280,1812
503,1750,2253
602,1040,1642
462,343,805
1342,1449,2791
1202,937,2139
367,1740,2107
814,774,1588
560,930,1490
603,1271,1874
719,1037,1756
1008,541,1549
1018,590,1608
134,391,525
565,1211,1776
1094,906,2000
1061,1805,2866
223,479,702
1097,746,1843
701,1023,1724
803,1945,2748
888,915,1803
728,498,1226
404,1595,1999
1193,729,1922
227,507,734
1183,646,1829
878,718,1596
1087,1040,2127
296,959,1255
1569,1051,2620
424,886,1310
392,751,1143
1671,662,2333
1578,1047,2625
316,651,967
104,895,999
1679,1606,3285
1006,279,1285
518,725,1243
224,1018,1242
586,732,1318
634,846,1480
747,449,1196
775,658,1433
399,235,634
246,688,934
355,1158,1513
387,759,1146
619,885,1504
424,204,628
858,1510,2368
319,852,1171
585,679,1264
221,338,559
1860,512,2372
562,782,1344
1351,990,2341
144,345,489
1215,1609,2824
585,1477,2062
862,1507,2369
478,975,1453
1539,1433,2972
1257,837,2094
405,622,1027
849,811,1660
865,747,1612
925,1003,1928
565,1491,2056
890,1220,2110
61,1156,1217
196,1099,1295
860,802,1662
617,605,1222
685,584,1269
1420,446,1866
972,1184,2156
961,1174,2135
834,1484,2318
417,960,1377
592,477,1069
1444,757,2201
504,645,1149
691,788,1479
1208,841,2049
241,1148,1389
724,1401,2125
613,893,1506
653,1059,1712
1087,813,1900
846,995,1841
221,731,952
910,683,1593
894,771,1665
426,600,1026
746,1610,2356
654,464,1118
962,786,1748
1000,747,1747
1037,299,1336
856,1095,1951
738,330,1068
1062,1067,2129
91,644,735
1269,956,2225
419,1418,1837
300,768,1068
152,644,796
1338,674,2012
733,372,1105
485,751,1236
945,464,1409
877,685,1562
677,454,1131
857,1138,1995
356,312,668
1036,1440,2476
558,781,1339
328,496,824
514,699,1213
65,741,806
596,333,929
249,623,872
212,742,954
1517,685,2202
355,576,931
834,1381,2215
304,685,989
23,1370,1393
397,738,1135
653,1169,1822
570,757,1327
541,923,1464
200,1229,1429
528,921,1449
519,670,1189
424,874,1298
34,1851,1885
49,1117,1166
272,1237,1509
160,1154,1314
237,1700,1937
538,1773,2311
388,911,1299
477,1033,1510
1151,1065,2216
53,1125,1178
557,1224,1781
716,1339,2055
614,896,1510
1200,880,2080
767,1053,1820
598,660,1258
318,977,1295
542,822,1364
850,1206,2056
498,825,1323
482,1207,1689
275,1081,1356
1199,904,2103
383,851,1234
818,675,1493
198,1615,1813
576,863,1439
1171,364,1535
883,780,1663
780,745,1525
529,979,1508
548,1243,1791
1030,429,1459
1136,653,1789
729,1054,1783
1106,1099,2205
1081,533,1614
1124,623,1747
1115,727,1842
863,659,1522
618,345,963
481,1472,1953
806,428,1234
1761,574,2335
1032,344,1376
587,1534,2121
23,676,699
79,461,540
1127,632,1759
834,561,1395
174,324,498
745,774,1519
839,405,1244
950,1218,2168
93,665,758
748,787,1535
328,410,738
870,981,1851
792,490,1282
242,457,699
1133,1720,2853
1211,1043,2254
301,665,966
1878,1005,2883
225,686,911
989,748,1737
338,417,755
1407,806,2213
599,575,1174
167,616,783
920,1495,2415
397,593,990
400,615,1015
1037,1334,2371
937,1385,2322
171,407,578
227,630,857
198,998,1196
326,669,995
881,1244,2125
444,489,933
215,769,984
211,483,694
667,1243,1910
1440,468,1908
448,601,1049
358,877,1235
647,398,1045
925,645,1570
499,514,1013
115,966,1081
256,829,1085
540,1027,1567
328,459,787
403,511,914
371,932,1303
1437,655,2092
185,647,832
1132,505,1637
235,824,1059
278,787,1065
386,648,1034
145,1555,1700
528,437,965
437,462,899
623,509,1132
586,433,1019
634,1250,1884
518,558,1076
332,789,1121
574,1314,1888
847,333,1180
965,784,1749
178,1013,1191
317,563,880
438,428,866
648,1375,2023
1020,888,1908
695,1534,2229
774,694,1468
710,305,1015
760,1327,2087
904,1032,1936
621,674,1295
319,559,878
285,1387,1672
876,345,1221
846,1055,1901
311,814,1125
606,290,896
258,531,789
459,509,968
310,684,994
1290,773,2063
415,703,1118
1012,738,1750
610,343,953
517,1271,1788
500,462,962
1403,534,1937
450,447,897
696,1256,1952
1377,567,1944
1220,432,1652
184,690,874
977,1343,2320
354,683,1037
580,582,1162
309,1001,1310
112,410,522
858,728,1586
1156,657,1813
678,668,1346
1136,619,1755
669,734,1403
249,594,843
279,854,1133
676,929,1605
689,864,1553
377,561,938
233,943,1176
1234,1645,2879
152,722,874
573,1120,1693
511,369,880
447,1041,1488
355,701,1056
1118,499,1617
977,1181,2158
300,726,1026
483,779,1262
249,473,722
341,605,946
599,916,1515
536,569,1105
286,465,751
640,468,1108
783,824,1607
565,527,1092
1522,1115,2637
662,1339,2001
266,569,835
363,374,737
557,462,1019
765,1283,2048
565,417,982
579,467,1046
1071,584,1655
1271,1530,2801
623,758,1381
398,1111,1509
1218,479,1697
920,441,1361
808,795,1603
491,883,1374
957,294,1251
572,710,1282
305,411,716
1311,1137,2448
394,606,1000
338,474,812
379,412,791
903,1016,1919
302,593,895
420,745,1165
1376,607,1983
498,1459,1957
214,623,837
685,1187,1872
1072,510,1582
816,1564,2380
423,319,742
338,1348,1686
391,569,960
248,660,908
374,696,1070
283,1861,2144
356,758,1114
128,707,835
755,377,1132
381,1410,1791
634,1072,1706
694,554,1248
332,805,1137
289,718,1007
340,1785,2125
742,1529,2271
867,1096,1963
283,617,900
438,543,981
1135,928,2063
384,610,994
238,783,1021
949,1325,2274
424,607,1031
300,744,1044
1500,748,2248
483,2025,2508
490,593,1083
381,611,992
500,492,992
481,199,680
724,258,982
931,1237,2168
577,708,1285
1092,1383,2475
410,851,1261
239,1254,1493
403,1211,1614
1319,889,2208
513,241,754
522,282,804
1689,754,2443
615,337,952
627,373,1000
483,1457,1940
588,1661,2249
669,1117,1786
55,382,437
650,1405,2055
1279,1143,2422
1352,792,2144
285,1277,1562
634,929,1563
394,1824,2218
92,388,480
1017,599,1616
735,852,1587
1865,736,2601
998,883,1881
605,770,1375
681,1074,1755
662,687,1349
234,371,605
816,567,1383
1346,657,2003
863,456,1319
86,353,439
587,316,903
499,1261,1760
707,515,1222
279,508,787
1177,1174,2351
1108,501,1609
1052,517,1569
106,830,936
622,324,946
1025,576,1601
415,558,973
291,577,868
366,419,785
745,1828,2573
523,499,1022
207,859,1066
1211,797,2008
1260,838,2098
436,384,820
501,1870,2371
226,634,860
158,439,597
350,502,852
618,581,1199
194,597,791
850,1169,2019
1431,952,2383
176,504,680
317,514,831
1145,2910,4055
296,964,1260
293,627,920
325,477,802
1715,2572,4287
524,1124,1648
1096,1061,2157
321,279,600
454,766,1220
1220,1199,2419
752,822,1574
356,326,682
1657,952,2609
746,862,1608
640,1132,1772
687,832,1519
249,907,1156
673,640,1313
985,2560,3545
657,689,1346
1800,728,2528
207,620,827
1044,657,1701
958,2457,3415
391,352,743
317,1111,1428
352,583,935
374,1133,1507
846,547,1393
504,802,1306
506,433,939
181,991,1172
298,896,1194
663,899,1562
428,773,1201
909,315,1224
2349,572,2921
656,579,1235
677,528,1205
1011,814,1825
878,629,1507
2382,878,3260
542,664,1206
656,745,1401
966,351,1317
620,659,1279
613,568,1181
511,755,1266
1010,929,1939
2063,623,2686
282,671,953
684,763,1447
783,435,1218
301,442,743
449,637,1086
801,733,1534
577,835,1412
737,459,1196
657,417,1074
438,482,920
176,463,639
388,567,955
103,1039,1142
741,734,1475
357,667,1024
368,923,1291
328,439,767
430,2408,2838
323,702,1025
217,762,979
851,513,1364
270,2571,2841
330,887,1217
137,1675,1812
345,807,1152
836,1315,2151
363,1507,1870
654,551,1205
408,2468,2876
569,1352,1921
619,404,1023
481,1383,1864
893,986,1879
794,1276,2070
69,1055,1124
480,480,960
1292,803,2095
555,1713,2268
511,1351,1862
311,1505,1816
1401,491,1892
462,1265,1727
662,1221,1883
446,1501,1947
764,444,1208
985,447,1432
607,1715,2322
463,1179,1642
366,1299,1665
89,1073,1162
522,593,1115
1114,341,1455
404,1518,1922
150,588,738
1242,235,1477
357,1524,1881
269,1169,1438
617,2440,3057
402,1662,2064
755,463,1218
934,683,1617
169,1470,1639
340,475,815
1198,625,1823
91,253,344
375,456,831
1081,814,1895
262,310,572
875,1308,2183
1014,646,1660
936,863,1799
1612,839,2451
1485,536,2021
722,693,1415
535,367,902
2215,1292,3507
402,254,656
1235,486,1721
142,1588,1730
1212,547,1759
2383,1650,4033
449,457,906
1257,1528,2785
937,1479,2416
437,404,841
1461,485,1946
625,407,1032
419,531,950
2395,1485,3880
547,687,1234
133,1059,1192
588,596,1184
425,561,986
199,1342,1541
46,395,441
656,556,1212
1064,1466,2530
714,929,1643
1078,925,2003
499,671,1170
900,638,1538
1550,618,2168
1389,553,1942
49,556,605
1272,319,1591
448,619,1067
104,611,715
1377,575,1952
239,1550,1789
1351,1027,2378
325,489,814
1186,778,1964
1511,916,2427
1278,809,2087
696,1163,1859
104,799,903
1695,1384,3079
415,687,1102
646,249,895
1025,1008,2033
378,604,982
316,1856,2172
284,561,845
1336,824,2160
453,1191,1644
454,571,1025
445,696,1141
1386,828,2214
817,731,1548
772,1010,1782
467,818,1285
1049,492,1541
618,1568,2186
466,837,1303
561,582,1143
1102,483,1585
416,815,1231
349,839,1188
541,797,1338
158,473,631
794,421,1215
674,1782,2456
433,744,1177
190,1663,1853
859,707,1566
1814,895,2709
382,983,1365
511,610,1121
482,1138,1620
651,965,1616
521,317,838
717,710,1427
721,921,1642
266,1635,1901
47,897,944
1083,531,1614
639,1096,1735
468,1266,1734
698,401,1099
181,720,901
820,1169,1989
695,1114,1809
371,1667,2038
238,562,800
995,1101,2096
472,980,1452
737,723,1460
225,814,1039
310,1067,1377
893,966,1859
653,889,1542
748,1076,1824
1393,710,2103
519,630,1149
1143,776,1919
836,652,1488
215,1122,1337
778,1123,1901
862,537,1399
877,654,1531
259,952,1211
1607,593,2200
1697,1187,2884
624,854,1478
902,567,1469
831,1189,2020
743,937,1680
858,474,1332
813,550,1363
818,1120,1938
1542,1164,2706
664,528,1192
573,1255,1828
434,1109,1543
193,1017,1210
335,528,863
458,382,840
615,748,1363
626,986,1612
459,1037,1496
514,462,976
974,790,1764
422,1124,1546
978,1109,2087
437,305,742
782,726,1508
1028,1259,2287
683,1204,1887
836,443,1279
30,453,483
813,1268,2081
822,805,1627
1335,1163,2498
685,1368,2053
940,651,1591
614,450,1064
1132,814,1946
1024,594,1618
78,484,562
937,403,1340
536,843,1379
399,1458,1857
1124,943,2067
984,397,1381
758,588,1346
45,647,692
816,662,1478
1056,889,1945
130,571,701
1085,425,1510
1005,1056,2061
205,749,954
1142,1272,2414
863,925,1788
369,607,976
406,551,957
133,836,969
343,601,944
1200,525,1725
466,772,1238
250,777,1027
524,919,1443
146,751,897
574,715,1289
972,1125,2097
560,582,1142
514,523,1037
1188,1317,2505
567,985,1552
1304,552,1856
567,513,1080
1055,1041,2096
574,681,1255
699,1618,2317
303,679,982
366,1007,1373
468,745,1213
693,906,1599
431,687,1118
904,772,1676
261,1135,1396
1294,1406,2700
776,614,1390
904,809,1713
211,771,982
496,1069,1565
926,463,1389
621,224,845
460,916,1376
501,663,1164
552,979,1531
508,560,1068
518,632,1150
571,668,1239
498,800,1298
586,739,1325
677,1295,1972
978,424,1402
337,950,1287
501,624,1125
862,1443,2305
476,502,978
552,472,1024
240,461,701
59,704,763
415,1027,1442
365,806,1171
402,349,751
575,866,1441
1051,686,1737
1141,801,1942
273,479,752
492,317,809
768,384,1152
1075,705,1780
246,244,490
490,481,971
884,707,1591
1078,1454,2532
94,514,608
330,581,911
850,772,1622
1352,429,1781
398,712,1110
268,264,532
308,794,1102
643,955,1598
1470,1298,2768
107,539,646
233,441,674
684,1305,1989
603,612,1215
683,598,1281
183,553,736
206,567,773
630,584,1214
407,678,1085
673,1163,1836
808,1635,2443
361,904,1265
1003,1402,2405
389,644,1033
149,1587,1736
640,1019,1659
921,1561,2482
490,734,1224
320,1048,1368
443,607,1050
345,686,1031
494,752,1246
337,1442,1779
220,565,785
544,1291,1835
1249,1042,2291
483,777,1260
277,675,952
421,354,775
569,825,1394
730,1431,2161
1527,444,1971
470,1122,1592
549,468,1017
755,616,1371
1365,1213,2578
1186,594,1780
476,1145,1621
602,610,1212
479,975,1454
904,1307,2211
577,508,1085
372,679,1051
942,610,1552
1124,1226,2350
1269,524,1793
336,996,1332
796,351,1147
429,801,1230
662,677,1339
422,924,1346
996,705,1701
1223,1213,2436
848,1189,2037
1004,571,1575
573,811,1384
950,743,1693
1178,1050,2228
442,520,962
591,859,1450
731,1059,1790
559,454,1013
669,698,1367
955,454,1409
528,888,1416
741,292,1033
1153,525,1678
1073,1135,2208
719,746,1465
184,307,491
1194,575,1769
1083,930,2013
904,955,1859
925,278,1203
194,891,1085
263,535,798
565,878,1443
170,530,700
946,551,1497
307,1229,1536
608,429,1037
1084,763,1847
685,599,1284
545,955,1500
1042,763,1805
850,960,1810
868,1051,1919
412,1193,1605
226,308,534
575,881,1456
232,875,1107
357,1144,1501
246,958,1204
158,775,933
796,825,1621
748,1091,1839
413,905,1318
253,1604,1857
449,699,1148
393,1560,1953
585,885,1470
447,1532,1979
660,1540,2200
1130,788,1918
512,710,1222
782,851,1633
734,681,1415
306,942,1248
748,1194,1942
939,1587,2526
1338,345,1683
531,1322,1853
765,983,1748
641,628,1269
1428,314,1742
957,788,1745
898,780,1678
903,1099,2002
1145,537,1682
526,722,1248
1430,625,2055
768,1458,2226
630,803,1433
837,430,1267
344,1806,2150
820,1361,2181
207,1281,1488
790,488,1278
625,611,1236
654,1381,2035
848,813,1661
450,738,1188
345,1873,2218
1228,1051,2279
655,900,1555
235,1763,1998
683,531,1214
1046,808,1854
1083,1028,2111
619,926,1545
823,1184,2007
1099,1253,2352
867,917,1784
1665,876,2541
926,454,1380
713,366,1079
1318,469,1787
1306,751,2057
807,706,1513
71,879,950
83,821,904
462,521,983
162,502,664
1745,559,2304
149,806,955
615,373,988
197,767,964
113,808,921
1179,886,2065
719,855,1574
1007,751,1758
1240,704,1944
91,1353,1444
955,1080,2035
271,730,1001
39,407,446
439,719,1158
721,683,1404
1646,936,2582
508,898,1406
321,646,967
765,761,1526
176,980,1156
181,584,765
1215,594,1809
741,891,1632
70,1347,1417
476,1162,1638
689,1202,1891
424,548,972
564,1217,1781
270,1031,1301
347,654,1001
238,900,1138
182,789,971
546,1266,1812
491,658,1149
581,454,1035
1303,528,1831
662,759,1421
61,1132,1193
488,536,1024
874,513,1387
207,756,963
369,1544,1913
337,499,836
441,818,1259
1322,623,1945
364,1042,1406
409,538,947
1016,373,1389
926,543,1469
629,1552,2181
343,516,859
580,385,965
391,1076,1467
602,1144,1746
963,624,1587
743,951,1694
241,729,970
840,594,1434
280,475,755
473,542,1015
296,2186,2482
712,853,1565
377,408,785
343,564,907
1011,740,1751
548,959,1507
404,483,887
493,744,1237
553,699,1252
954,645,1599
1162,589,1751
269,874,1143
150,604,754
604,620,1224
1446,672,2118
842,738,1580
199,616,815
646,1525,2171
444,2080,2524
803,395,1198
493,716,1209
230,520,750
708,774,1482
972,618,1590
295,810,1105
438,1041,1479
345,713,1058
456,1443,1899
325,2138,2463
858,552,1410
398,580,978
392,818,1210
544,365,909
518,744,1262
785,768,1553
324,523,847
420,1440,1860
1845,851,2696
482,801,1283
775,206,981
582,598,1180
430,668,1098
399,1019,1418
565,885,1450
604,400,1004
486,767,1253
1348,738,2086
1799,1056,2855
540,843,1383
758,553,1311
1355,802,2157
611,1007,1618
936,555,1491
49,583,632
382,407,789
475,841,1316
2048,791,2839
415,751,1166
876,600,1476
568,637,1205
1265,581,1846
575,979,1554
925,564,1489
234,1634,1868
269,489,758
235,1038,1273
759,409,1168
530,606,1136
488,866,1354
403,383,786
533,657,1190
943,777,1720
429,477,906
457,349,806
828,575,1403
1018,695,1713
697,802,1499
619,763,1382
176,325,501
679,731,1410
609,647,1256
168,573,741
219,314,533
773,668,1441
217,858,1075
287,290,577
287,1855,2142
952,637,1589
404,574,978
341,1350,1691
491,2153,2644
642,567,1209
469,681,1150
244,311,555
708,520,1228
350,523,873
150,704,854
505,793,1298
748,743,1491
486,461,947
420,1082,1502
481,1113,1594
544,459,1003
564,680,1244
319,600,919
376,528,904
309,316,625
363,907,1270
694,853,1547
386,787,1173
635,338,973
354,1829,2183
786,1135,1921
452,771,1223
429,938,1367
438,669,1107
487,1754,2241
390,928,1318
523,872,1395
962,468,1430
278,380,658
320,1712,2032
523,470,993
247,666,913
444,2076,2520
904,537,1441
711,378,1089
1453,974,2427
599,890,1489
1107,1705,2812
252,369,621
1001,1118,2119
50,651,701
1737,1100,2837
814,657,1471
1726,1630,3356
334,501,835
289,782,1071
555,667,1222
1905,587,2492
2038,1306,3344
612,754,1366
1536,389,1925
91,1189,1280
255,820,1075
450,755,1205
722,686,1408
226,1261,1487
200,809,1009
999,336,1335
531,651,1182
334,339,673
228,397,625
794,1289,2083
250,766,1016
326,367,693
1531,675,2206
553,1320,1873
1433,456,1889
385,681,1066
1267,485,1752
600,1323,1923
1465,1038,2503
536,826,1362
219,368,587
603,1189,1792
345,719,1064
637,979,1616
1261,496,1757
1264,500,1764
690,714,1404
1046,976,2022
470,482,952
677,879,1556
573,984,1557
131,709,840
801,708,1509
677,1258,1935
1249,268,1517
561,697,1258
170,1083,1253
358,398,756
937,538,1475
1051,1170,2221
551,971,1522
378,537,915
62,839,901
184,463,647
450,887,1337
789,668,1457
157,1195,1352
238,744,982
1182,1108,2290
653,980,1633
510,1322,1832
549,905,1454
860,1250,2110
841,771,1612
628,1016,1644
563,1247,1810
991,667,1658
513,1146,1659
58,555,613
115,1028,1143
590,579,1169
729,736,1465
368,610,978
278,1040,1318
391,614,1005
677,1496,2173
484,468,952
1055,658,1713
1028,585,1613
626,746,1372
370,949,1319
631,1141,1772
434,611,1045
779,612,1391
409,877,1286
1075,1115,2190
602,526,1128
906,548,1454
759,834,1593
1129,1070,2199
1081,613,1694
718,953,1671
773,898,1671
935,714,1649
578,840,1418
610,586,1196
521,1089,1610
1035,943,1978
877,550,1427
1152,749,1901
1001,658,1659
868,692,1560
489,824,1313
1165,728,1893
590,702,1292
454,1038,1492
262,733,995
338,689,1027
1026,648,1674
604,689,1293
471,989,1460
988,667,1655
845,909,1754
375,660,1035
726,824,1550
464,879,1343
435,724,1159
585,790,1375
560,1001,1561
865,1008,1873
494,1093,1587
386,1188,1574
180,813,993
707,959,1666
813,788,1601
545,1064,1609
202,885,1087
951,562,1513
693,655,1348
496,848,1344
232,898,1130
868,904,1772
854,464,1318
877,865,1742
233,662,895
602,802,1404
757,631,1388
709,506,1215
757,483,1240
496,407,903
736,682,1418
725,446,1171
608,416,1024
820,1468,2288
594,1406,2000
167,483,650
646,1352,1998
816,1781,2597
631,1740,2371
1043,1099,2142
519,1697,2216
888,1065,1953
996,1131,2127
442,1684,2126
594,1311,1905
652,1301,1953
546,273,819
252,461,713
665,1414,2079
62,430,492
86,733,819
372,1206,1578
104,431,535
651,1048,1699
891,1430,2321
613,1225,1838
456,1676,2132
777,1346,2123
787,521,1308
674,1552,2226
1134,1156,2290
832,506,1338
359,1592,1951
651,645,1296
286,619,905
705,1280,1985
162,432,594
332,603,935
600,1850,2450
489,1276,1765
283,538,821
570,410,980
730,1402,2132
628,1631,2259
95,845,940
356,549,905
1422,654,2076
852,2125,2977
538,2086,2624
425,684,1109
565,405,970
971,560,1531
1003,666,1669
810,1450,2260
488,369,857
504,772,1276
1469,913,2382
314,391,705
765,1702,2467
502,670,1172
1741,705,2446
385,488,873
566,615,1181
1304,561,1865
637,627,1264
551,555,1106
1177,1396,2573
494,219,713
1128,1608,2736
697,448,1145
48,380,428
265,564,829
794,885,1679
72,402,474
321,935,1256
378,1031,1409
112,420,532
683,682,1365
250,321,571
230,355,585
689,418,1107
508,928,1436
373,1271,1644
1987,773,2760
1466,1620,3086
456,1040,1496
454,1410,1864
2018,1217,3235
644,1032,1676
347,327,674
542,850,1392
362,1001,1363
1473,1094,2567
372,1197,1569
209,1029,1238
252,501,753
699,803,1502
1438,1231,2669
364,915,1279
703,418,1121
1398,1055,2453
1166,1183,2349
651,1433,2084
216,1074,1290
1093,800,1893
108,608,716
1503,900,2403
45,963,1008
714,793,1507
889,682,1571
408,1247,1655
518,1655,2173
711,881,1592
1044,739,1783
746,1202,1948
1043,2409,3452
217,1072,1289
1058,715,1773
1362,825,2187
967,703,1670
879,985,1864
197,1056,1253
760,700,1460
1204,1056,2260
593,1278,1871
547,2734,3281
1212,851,2063
423,980,1403
353,793,1146
1037,744,1781
378,536,914
538,908,1446
777,741,1518
773,1566,2339
1172,337,1509
775,1048,1823
895,650,1545
427,1049,1476
440,368,808
798,2762,3560
266,534,800
688,964,1652
491,329,820
387,1091,1478
667,2148,2815
359,521,880
1280,642,1922
781,1015,1796
256,638,894
239,1416,1655
82,883,965
545,475,1020
2263,1169,3432
778,2185,2963
357,596,953
859,1146,2005
920,2049,2969
1297,806,2103
238,304,542
750,1194,1944
1620,795,2415
2608,1215,3823
370,692,1062
415,937,1352
246,879,1125
18,1489,1507
619,1051,1670
1559,1888,3447
306,1439,1745
592,421,1013
851,932,1783
2367,1133,3500
34,748,782
347,898,1245
551,622,1173
1050,1749,2799
38,755,793
63,1877,1940
779,509,1288
285,570,855
104,1343,1447
975,1114,2089
859,874,1733
497,1060,1557
748,1266,2014
1845,590,2435
1369,611,1980
970,1280,2250
38,909,947
516,357,873
616,1508,2124
959,1023,1982
1205,900,2105
889,1527,2416
847,807,1654
1205,1071,2276
1567,636,2203
27,1211,1238
328,1262,1590
636,502,1138
700,786,1486
1279,920,2199
829,976,1805
1197,1168,2365
518,1042,1560
59,1161,1220
1769,709,2478
1089,1023,2112
496,1135,1631
466,652,1118
1000,518,1518
63,916,979
773,1056,1829
561,1227,1788
522,1384,1906
259,1435,1694
495,1021,1516
673,1399,2072
626,765,1391
1009,835,1844
820,1413,2233
833,734,1567
745,1232,1977
958,754,1712
591,1193,1784
239,818,1057
922,793,1715
1137,789,1926
561,764,1325
963,989,1952
1167,441,1608
1015,1120,2135
1208,1089,2297
296,985,1281
844,1139,1983
1175,880,2055
788,822,1610
526,1683,2209
409,961,1370
591,733,1324
986,328,1314
896,1244,2140
296,679,975
509,516,1025
1105,629,1734
660,1146,1806
1016,615,1631
110,508,618
1008,739,1747
811,1493,2304
147,523,670
358,1268,1626
497,510,1007
389,344,733
492,1692,2184
1421,963,2384
723,467,1190
856,1351,2207
536,1828,2364
296,1105,1401
335,596,931
591,701,1292
814,1650,2464
622,734,1356
996,899,1895
390,333,723
411,1265,1676
688,1041,1729
411,584,995
548,904,1452
586,1127,1713
563,487,1050
1507,692,2199
748,923,1671
357,1109,1466
441,678,1119
1336,598,1934
205,538,743
1358,694,2052
812,1855,2667
1366,606,1972
378,678,1056
614,2000,2614
719,820,1539
429,1008,1437
618,1159,1777
538,1722,2260
1389,1222,2611
820,1015,1835
564,486,1050
684,1589,2273
549,701,1250
255,705,960
865,872,1737
438,983,1421
395,925,1320
1147,1132,2279
658,1106,1764
1020,765,1785
361,544,905
1062,916,1978
393,810,1203
1744,537,2281
924,1022,1946
604,964,1568
587,722,1309
626,1132,1758
811,959,1770
824,1619,2443
420,733,1153
1006,866,1872
452,1007,1459
1556,739,2295
680,871,1551
895,894,1789
1552,875,2427
1120,876,1996
832,1018,1850
221,871,1092
421,694,1115
790,859,1649
460,855,1315
632,2116,2748
689,844,1533
438,843,1281
1194,1640,2834
515,981,1496
719,884,1603
668,664,1332
691,704,1395
492,768,1260
906,1097,2003
754,861,1615
596,703,1299
1467,1078,2545
877,1010,1887
608,1038,1646
1783,784,2567
491,662,1153
675,927,1602
741,1217,1958
1382,515,1897
856,1059,1915
959,1133,2092
728,886,1614
780,432,1212
510,805,1315
593,860,1453
391,319,710
808,1040,1848
844,839,1683
710,1028,1738
407,394,801
336,1392,1728
852,702,1554
854,678,1532
504,788,1292
734,841,1575
748,616,1364
567,382,949
768,761,1529
471,1091,1562
147,405,552
797,665,1462
631,1430,2061
243,523,766
798,774,1572
295,1397,1692
493,1232,1725
297,500,797
737,1233,1970
1096,511,1607
465,1164,1629
680,501,1181
934,968,1902
726,773,1499
499,684,1183
498,1438,1936
588,1362,1950
908,847,1755
421,978,1399
570,1383,1953
610,394,1004
1241,961,2202
403,397,800
520,958,1478
761,1795,2556
523,1172,1695
224,1884,2108
403,983,1386
1002,1033,2035
648,1463,2111
438,1680,2118
580,1535,2115
310,1309,1619
672,810,1482
1001,1126,2127
330,1154,1484
1147,1092,2239
361,1860,2221
1212,1239,2451
1449,807,2256
933,1475,2408
909,1651,2560
1395,855,2250
722,587,1309
599,1088,1687
1118,1222,2340
1131,1174,2305
407,1096,1503
365,1313,1678
925,1410,2335
798,541,1339
668,1595,2263
960,1422,2382
1202,1174,2376
923,554,1477
1035,1239,2274
617,952,1569
798,981,1779
495,1516,2011
1773,605,2378
743,1109,1852
864,945,1809
785,546,1331
1034,745,1779
1037,756,1793
40,1805,1845
924,418,1342
1168,720,1888
752,1880,2632
1422,674,2096
517,1058,1575
942,865,1807
637,438,1075
1034,622,1656
1211,714,1925
845,1225,2070
663,971,1634
698,2036,2734
965,1224,2189
659,1119,1778
802,788,1590
522,808,1330
95,642,737
1091,678,1769
1175,602,1777
1336,923,2259
593,828,1421
1021,1371,2392
1390,973,2363
1670,787,2457
763,1038,1801
436,657,1093
1631,960,2591
40,1138,1178
610,597,1207
878,651,1529
62,1016,1078
226,859,1085
894,1092,1986
523,908,1431
578,807,1385
634,522,1156
1977,547,2524
530,1134,1664
712,871,1583
628,605,1233
869,829,1698
272,964,1236
815,862,1677
771,731,1502
699,876,1575
710,618,1328
682,550,1232
150,852,1002
47,630,677
512,761,1273
1110,636,1746
26,731,757
398,1527,1925
1006,484,1490
299,895,1194
262,1352,1614
373,462,835
480,1067,1547
351,1837,2188
138,643,781
380,510,890
481,963,1444
1125,673,1798
419,361,780
833,1030,1863
420,1264,1684
241,483,724
41,1087,1128
891,1372,2263
1456,474,1930
851,555,1406
285,396,681
365,361,726
259,1517,1776
299,976,1275
414,809,1223
290,804,1094
441,838,1279
640,1425,2065
830,482,1312
452,931,1383
293,905,1198
841,744,1585
413,916,1329
416,867,1283
278,576,854
727,1381,2108
209,778,987
1598,760,2358
25,1885,1910
665,408,1073
508,1642,2150
32,1922,1954
862,557,1419
880,753,1633
1127,852,1979
273,481,754
1030,324,1354
1056,1023,2079
118,1321,1439
739,573,1312
917,1916,2833
335,603,938
165,1315,1480
820,1075,1895
304,1434,1738
324,825,1149
610,364,974
1198,1178,2376
823,937,1760
598,913,1511
1648,465,2113
741,1114,1855
807,1015,1822
526,1830,2356
421,1032,1453
344,2154,2498
962,1788,2750
331,1192,1523
551,803,1354
1778,802,2580
855,909,1764
1197,796,1993
633,467,1100
1061,684,1745
635,1979,2614
896,1944,2840
1293,1601,2894
1282,1368,2650
687,924,1611
703,1036,1739
1657,817,2474
876,546,1422
114,939,1053
534,563,1097
1857,539,2396
717,2134,2851
1825,1301,3126
897,792,1689
218,961,1179
56,1231,1287
872,1087,1959
564,800,1364
127,1172,1299
381,1904,2285
1080,388,1468
668,687,1355
1373,1162,2535
617,1731,2348
496,911,1407
255,768,1023
1408,922,2330
983,1428,2411
343,1225,1568
430,534,964
519,978,1497
864,900,1764
373,692,1065
1947,1009,2956
789,875,1664
301,791,1092
1175,721,1896
1471,1308,2779
1038,1108,2146
806,1036,1842
654,915,1569
683,1350,2033
175,711,886
613,697,1310
58,1512,1570
541,792,1333
430,681,1111
826,755,1581
1046,1045,2091
1583,335,1918
445,949,1394
198,1379,1577
813,983,1796
1592,877,2469
530,1086,1616
609,716,1325
582,530,1112
795,593,1388
744,1117,1861
691,906,1597
1734,1101,2835
711,734,1445
567,742,1309
810,675,1485
1044,909,1953
454,772,1226
839,1172,2011
610,1108,1718
1364,564,1928
597,1457,2054
492,709,1201
1266,897,2163
1193,1062,2255
238,1109,1347
922,726,1648
668,662,1330
637,1187,1824
737,781,1518
1046,723,1769
599,871,1470
705,1059,1764
609,737,1346
969,1072,2041
843,806,1649
384,549,933
434,875,1309
636,1185,1821
1193,907,2100
998,714,1712
676,809,1485
897,493,1390
943,981,1924
453,914,1367
242,618,860
667,799,1466
428,971,1399
641,907,1548
1308,599,1907
469,823,1292
670,1692,2362
920,842,1762
613,416,1029
453,915,1368
627,740,1367
998,827,1825
626,1131,1757
340,967,1307
789,613,1402
808,1860,2668
437,547,984
881,665,1546
484,724,1208
525,712,1237
948,1318,2266
658,630,1288
466,1032,1498
646,721,1367
540,1061,1601
876,1740,2616
808,619,1427
678,1149,1827
873,992,1865
1018,1127,2145
679,901,1580
17,694,711
806,846,1652
671,819,1490
784,799,1583
607,835,1442
801,1331,2132
291,774,1065
520,701,1221
899,930,1829
485,575,1060
152,737,889
777,960,1737
665,326,991
36,1032,1068
317,928,1245
592,312,904
677,1180,1857
460,1171,1631
922,863,1785
445,318,763
1220,897,2117
1426,1118,2544
121,345,466
691,1033,1724
576,680,1256
212,356,568
218,1383,1601
400,709,1109
107,369,476
379,880,1259
265,1359,1624
478,1012,1490
312,1134,1446
939,733,1672
701,804,1505
965,1464,2429
461,1130,1591
1180,334,1514
663,1001,1664
192,364,556
802,696,1498
638,1272,1910
853,997,1850
722,840,1562
710,1173,1883
669,1065,1734
500,814,1314
954,871,1825
269,500,769
1679,1350,3029
630,659,1289
775,877,1652
623,898,1521
1235,350,1585
739,1107,1846
742,1588,2330
681,1287,1968
520,1090,1610
301,695,996
1309,783,2092
744,344,1088
816,687,1503
591,663,1254
586,556,1142
619,1062,1681
993,690,1683
968,1233,2201
216,882,1098
815,1085,1900
953,661,1614
979,1456,2435
432,863,1295
1048,844,1892
901,452,1353
1599,1907,3506
614,662,1276
880,760,1640
790,699,1489
701,438,1139
587,496,1083
788,1020,1808
1160,620,1780
804,1057,1861
611,447,1058
790,2275,3065
1191,1149,2340
552,493,1045
593,1103,1696
1278,1838,3116
624,844,1468
484,872,1356
378,521,899
1811,1120,2931
1008,310,1318
551,797,1348
1020,1109,2129
881,570,1451
1229,842,2071
104,845,949
515,832,1347
248,878,1126
395,451,846
2091,580,2671
920,996,1916
849,1727,2576
765,657,1422
372,1231,1603
682,382,1064
674,953,1627
986,621,1607
763,542,1305
37,583,620
975,922,1897
540,580,1120
104,536,640
742,930,1672
1626,1026,2652
764,857,1621
204,1096,1300
379,1621,2000
955,998,1953
348,569,917
426,1050,1476
771,1308,2079
497,1600,2097
444,747,1191
1431,1892,3323
233,1091,1324
1061,969,2030
345,708,1053
987,2217,3204
635,391,1026
460,1638,2098
778,1557,2335
820,375,1195
252,2263,2515
338,1301,1639
1307,412,1719
47,1791,1838
679,590,1269
429,812,1241
571,964,1535
917,515,1432
48,1717,1765
521,600,1121
351,1070,1421
396,1090,1486
435,1436,1871
1353,568,1921
570,2481,3051
358,857,1215
901,485,1386
1347,620,1967
1500,468,1968
73,614,687
373,1085,1458
631,551,1182
798,2435,3233
1642,1585,3227
595,582,1177
814,707,1521
1662,360,2022
341,440,781
696,723,1419
1574,457,2031
1772,1095,2867
625,748,1373
1171,813,1984
1014,749,1763
478,766,1244
1691,1447,3138
1405,502,1907
2157,1073,3230
2355,991,3346
41,432,473
1201,590,1791
2363,1034,3397
2088,871,2959
1902,563,2465
22,880,902
851,792,1643
962,308,1270
1059,565,1624
1679,418,2097
1333,1003,2336
51,794,845
264,464,728
81,839,920
747,489,1236
26,733,759
323,732,1055
344,731,1075
71,1074,1145
30,818,848
70,810,880
410,741,1151
697,499,1196
70,878,948
242,892,1134
788,566,1354
35,1381,1416
404,523,927
196,477,673
66,1048,1114
477,709,1186
46,1015,1061
32,1307,1339
513,475,988
27,1613,1640
291,1349,1640
666,535,1201
416,1253,1669
244,459,703
299,1038,1337
724,816,1540
379,1071,1450
363,563,926
684,937,1621
402,1347,1749
726,687,1413
745,941,1686
535,519,1054
228,1234,1462
865,554,1419
365,769,1134
332,1064,1396
677,325,1002
831,830,1661
454,531,985
657,1396,2053
591,318,909
684,773,1457
478,894,1372
1101,333,1434
310,773,1083
586,1230,1816
512,1243,1755
815,418,1233
562,1291,1853
564,525,1089
592,1610,2202
236,970,1206
962,447,1409
432,310,742
382,759,1141
281,1574,1855
1395,500,1895
875,450,1325
1159,1257,2416
300,1152,1452
1047,422,1469
118,615,733
452,665,1117
614,708,1322
911,1103,2014
193,638,831
1097,995,2092
491,569,1060
444,1064,1508
275,1434,1709
1269,391,1660
218,674,892
805,1305,2110
601,1272,1873
428,1402,1830
977,1511,2488
751,700,1451
357,1256,1613
618,959,1577
551,1456,2007
572,1656,2228
291,649,940
1105,679,1784
261,1550,1811
1274,1056,2330
238,544,782
451,782,1233
1078,1433,2511
278,430,708
943,1230,2173
825,191,1016
1116,413,1529
1035,844,1879
1132,825,1957
270,815,1085
1234,1224,2458
272,897,1169
340,831,1171
1351,588,1939
845,319,1164
450,1083,1533
1375,958,2333
799,486,1285
735,823,1558
1147,1304,2451
395,1153,1548
1574,648,2222
813,588,1401
1491,848,2339
183,1091,1274
1472,757,2229
390,1046,1436
43,489,532
1025,1115,2140
342,1249,1591
698,1088,1786
895,1022,1917
42,559,601
591,1046,1637
668,826,1494
846,746,1592
32,725,757
1354,1223,2577
618,1054,1672
780,912,1692
1133,841,1974
26,664,690
1053,782,1835
999,619,1618
268,507,775
88,883,971
1006,1317,2323
1038,745,1783
1686,679,2365
812,1275,2087
215,717,932
1271,1289,2560
950,762,1712
229,923,1152
34,1036,1070
77,1302,1379
739,767,1506
448,753,1201
296,609,905
554,573,1127
582,505,1087
559,764,1323
430,935,1365
174,1206,1380
711,777,1488
579,636,1215
804,800,1604
689,808,1497
279,784,1063
827,359,1186
1097,859,1956
641,936,1577
446,1279,1725
514,942,1456
462,947,1409
599,1470,2069
781,980,1761
303,762,1065
1008,551,1559
210,519,729
637,838,1475
872,921,1793
1108,841,1949
640,956,1596
238,717,955
621,1479,2100
657,895,1552
680,1082,1762
1038,1069,2107
1157,715,1872
309,720,1029
437,1157,1594
673,624,1297
158,721,879
795,658,1453
685,1352,2037
558,1213,1771
309,708,1017
100,816,916
550,739,1289
265,1025,1290
528,403,931
654,1313,1967
39,1159,1198
435,875,1310
598,574,1172
377,1104,1481
553,1021,1574
317,852,1169
716,756,1472
554,1100,1654
1274,696,1970
1116,984,2100
741,653,1394
635,947,1582
772,355,1127
468,1050,1518
901,712,1613
544,794,1338
890,711,1601
1016,677,1693
1320,1052,2372
777,1038,1815
516,864,1380
471,1099,1570
1137,975,2112
468,1155,1623
1054,799,1853
718,822,1540
558,812,1370
914,651,1565
592,686,1278
1061,953,2014
848,755,1603
708,850,1558
413,825,1238
891,906,1797
949,576,1525
738,506,1244
1140,479,1619
400,589,989
342,869,1211
707,827,1534
900,706,1606
1014,568,1582
971,776,1747
1140,871,2011
380,798,1178
517,732,1249
905,498,1403
860,389,1249
129,971,1100
707,644,1351
709,682,1391
1140,741,1881
849,488,1337
17,515,532
946,832,1778
839,387,1226
84,485,569
243,693,936
507,967,1474
176,595,771
189,1577,1766
765,843,1608
173,488,661
840,1002,1842
156,818,974
337,530,867
270,945,1215
156,965,1121
1355,446,1801
351,699,1050
270,1571,1841
248,798,1046
606,382,988
342,689,1031
981,761,1742
266,871,1137
424,785,1209
453,768,1221
383,889,1272
295,552,847
811,1285,2096
46,689,735
133,630,763
306,1171,1477
738,574,1312
187,951,1138
523,709,1232
825,658,1483
387,451,838
107,840,947
41,1087,1128
577,852,1429
463,603,1066
174,910,1084
320,869,1189
458,1234,1692
355,729,1084
533,501,1034
309,817,1126
402,742,1144
875,930,1805
447,721,1168
525,818,1343
959,1154,2113
674,1313,1987
340,790,1130
360,664,1024
509,658,1167
460,816,1276
904,499,1403
790,783,1573
532,1025,1557
669,944,1613
506,664,1170
398,768,1166
481,809,1290
1185,921,2106
776,610,1386
342,765,1107
425,1038,1463
461,1178,1639
748,685,1433
662,654,1316
832,877,1709
672,927,1599
969,828,1797
541,1126,1667
609,1074,1683
729,1003,1732
874,814,1688
503,1104,1607
643,1464,2107
893,1542,2435
659,1107,1766
402,957,1359
632,671,1303
533,822,1355
225,1068,1293
568,843,1411
1208,1331,2539
637,1218,1855
763,1094,1857
575,862,1437
300,1305,1605
334,1296,1630
480,1191,1671
620,1215,1835
527,1297,1824
1053,377,1430
1108,421,1529
449,1033,1482
272,643,915
622,900,1522
471,596,1067
96,878,974
578,1043,1621
881,746,1627
233,1290,1523
880,623,1503
1151,420,1571
586,783,1369
780,1300,2080
622,1779,2401
885,825,1710
1235,1069,2304
1207,918,2125
1158,627,1785
780,924,1704
1426,861,2287
634,623,1257
863,740,1603
1053,1683,2736
609,619,1228
933,504,1437
962,1044,2006
955,613,1568
457,1139,1596
1242,787,2029
833,903,1736
816,612,1428
773,1752,2525
563,955,1518
31,686,717
285,429,714
944,1115,2059
335,559,894
619,355,974
444,544,988
219,468,687
1472,813,2285
382,620,1002
92,753,845
318,614,932
398,632,1030
453,693,1146
589,610,1199
633,595,1228
427,783,1210
619,680,1299
722,642,1364
584,708,1292
743,692,1435
1176,1126,2302
692,453,1145
469,794,1263
566,692,1258
494,846,1340
909,428,1337
623,581,1204
325,457,782
44,473,517
316,1458,1774
432,418,850
658,411,1069
595,779,1374
96,711,807
63,920,983
454,356,810
71,950,1021
72,898,970
152,810,962
428,506,934
201,466,667
314,728,1042
648,1129,1777
219,753,972
546,486,1032
390,461,851
260,673,933
983,1139,2122
547,533,1080
730,347,1077
166,533,699
378,705,1083
1224,717,1941
770,390,1160
532,239,771
360,964,1324
534,429,963
429,435,864
294,638,932
610,632,1242
175,810,985
632,243,875
589,602,1191
580,1581,2161
316,373,689
324,597,921
438,1461,1899
367,266,633
323,558,881
382,549,931
442,1109,1551
256,565,821
538,407,945
594,1307,1901
591,450,1041
716,889,1605
557,512,1069
942,578,1520
243,1305,1548
147,491,638
137,500,637
450,935,1385
1385,594,1979
144,534,678
201,601,802
292,1445,1737
1253,599,1852
290,559,849
305,667,972
1017,869,1886
179,761,940
492,958,1450
295,679,974
1106,593,1699
403,592,995
265,911,1176
998,623,1621
388,608,996
343,629,972
741,485,1226
1330,400,1730
461,496,957
398,462,860
460,440,900
401,876,1277
583,558,1141
735,1189,1924
693,504,1197
389,566,955
430,1039,1469
352,643,995
416,617,1033
546,2000,2546
511,413,924
689,644,1333
748,1523,2271
163,414,577
786,547,1333
471,1056,1527
590,475,1065
463,750,1213
1072,1254,2326
361,558,919
344,397,741
1971,534,2505
197,1248,1445
138,739,877
444,397,841
792,971,1763
469,625,1094
429,1206,1635
1699,260,1959
45,1265,1310
770,813,1583
1269,537,1806
163,827,990
224,1622,1846
513,411,924
260,1749,2009
733,603,1336
392,397,789
565,1522,2087
374,1072,1446
308,695,1003
612,870,1482
938,975,1913
581,535,1116
915,549,1464
328,1454,1782
1160,489,1649
53,441,494
513,1316,1829
1375,447,1822
79,648,727
1018,610,1628
479,1116,1595
887,905,1792
166,647,813
762,1086,1848
731,1125,1856
54,784,838
152,725,877
703,1231,1934
329,709,1038
218,727,945
593,1029,1622
1196,450,1646
499,604,1103
647,1496,2143
319,786,1105
584,1254,1838
883,843,1726
245,915,1160
1360,482,1842
726,636,1362
677,517,1194
896,1103,1999
598,684,1282
620,877,1497
734,808,1542
561,743,1304
282,1033,1315
734,736,1470
361,1122,1483
414,835,1249
592,1067,1659
641,738,1379
942,795,1737
591,797,1388
615,895,1510
776,1011,1787
865,739,1604
335,741,1076
548,607,1155
337,735,1072
1237,768,2005
840,835,1675
28,532,560
489,593,1082
298,1113,1411
130,990,1120
1090,991,2081
357,443,800
1000,1022,2022
214,672,886
825,1085,1910
64,531,595
550,594,1144
351,1064,1415
583,893,1476
189,1153,1342
386,452,838
1027,937,1964
116,631,747
939,963,1902
870,585,1455
356,970,1326
663,838,1501
535,1034,1569
542,1258,1800
333,835,1168
264,1063,1327
522,851,1373
742,1092,1834
460,830,1290
495,515,1010
391,588,979
391,1146,1537
349,976,1325
127,997,1124
865,620,1485
443,701,1144
756,1406,2162
765,840,1605
568,882,1450
395,556,951
554,648,1202
1081,608,1689
936,665,1601
140,982,1122
575,812,1387
665,563,1228
158,1300,1458
940,528,1468
802,1112,1914
25,579,604
386,473,859
298,460,758
557,289,846
236,482,718
758,759,1517
471,287,758
876,1244,2120
908,1009,1917
1035,924,1959
710,960,1670
803,1133,1936
930,1332,2262
244,667,911
124,799,923
450,205,655
797,1097,1894
320,491,811
821,1078,1899
430,773,1203
1254,1056,2310
480,1786,2266
516,635,1151
255,1088,1343
107,1284,1391
1085,1565,2650
257,827,1084
314,728,1042
486,635,1121
427,970,1397
661,1633,2294
499,1046,1545
570,805,1375
545,1042,1587
786,1741,2527
68,389,457
398,814,1212
688,813,1501
841,558,1399
494,625,1119
865,710,1575
960,839,1799
767,639,1406
277,1602,1879
392,883,1275
504,1309,1813
971,907,1878
988,782,1770
569,626,1195
1346,880,2226
1019,580,1599
1111,1082,2193
1360,910,2270
897,518,1415
208,847,1055
745,720,1465
829,799,1628
404,638,1042
349,1125,1474
915,713,1628
110,962,1072
468,674,1142
464,925,1389
568,545,1113
195,1766,1961
1162,936,2098
820,517,1337
680,1301,1981
567,654,1221
880,607,1487
870,659,1529
206,795,1001
266,733,999
559,1154,1713
416,648,1064
367,671,1038
338,686,1024
841,456,1297
922,948,1870
479,904,1383
431,1619,2050
160,616,776
496,754,1250
411,462,873
337,508,845
383,762,1145
516,1498,2014
853,506,1359
475,506,981
778,1004,1782
525,527,1052
1281,895,2176
687,422,1109
501,439,940
567,543,1110
343,1206,1549
493,492,985
1458,797,2255
589,363,952
646,517,1163
697,903,1600
1179,462,1641
286,367,653
807,588,1395
336,441,777
1023,376,1399
698,1982,2680
745,364,1109
11665,1346,13011
115,1945,2060
360,361,721
213,407,620
47,1347,1394
365,238,603
274,1818,2092
307,518,825
305,291,596
94,1425,1519
796,2633,3429
1515,2657,4172
705,2567,3272
183,602,785
1118,244,1362
1139,539,1678
1295,377,1672
123,1593,1716
602,1639,2241
131,730,861
1514,2909,4423
1258,683,1941
55,480,535
98,595,693
778,2853,3631
1312,709,2021
1836,831,2667
95,607,702
153,697,850
1126,1764,2890
1308,599,1907
1659,918,2577
164,578,742
280,609,889
2469,467,2936
373,421,794
514,426,940
324,776,1100
377,326,703
53,848,901
305,377,682
74,2588,2662
1792,482,2274
211,726,937
371,593,964
340,614,954
2681,388,3069
294,692,986
608,422,1030
612,799,1411
198,759,957
1229,2178,3407
1702,522,2224
629,396,1025
20,426,446
48,1209,1257
68,590,658
290,378,668
2403,1222,3625
99,434,533
416,1237,1653
355,742,1097
26,1283,1309
66,605,671
2499,1236,3735
309,648,957
769,803,1572
461,1655,2116
430,627,1057
612,1025,1637
211,355,566
269,1764,2033
1052,819,1871
2094,808,2902
237,896,1133
432,1040,1472
818,1226,2044
129,1158,1287
1376,585,1961
387,1107,1494
1441,650,2091
619,486,1105
1275,964,2239
23,621,644
350,900,1250
203,525,728
100,613,713
484,1097,1581
428,540,968
377,634,1011
169,631,800
72,979,1051
571,736,1307
1260,331,1591
443,722,1165
703,299,1002
170,1067,1237
144,1095,1239
580,652,1232
20,339,359
803,694,1497
712,497,1209
453,803,1256
462,362,824
137,1315,1452
19,1135,1154
758,460,1218
70,352,422
338,3681,4019
783,484,1267
483,786,1269
895,353,1248
794,1305,2099
112,409,521
408,4005,4413
522,458,980
1008,1449,2457
222,634,856
982,590,1572
756,1207,1963
1309,312,1621
447,762,1209
56,817,873
283,4158,4441
185,861,1046
280,691,971
390,539,929
580,652,1232
573,686,1259
52,637,689
553,679,1232
57,704,761
219,515,734
153,422,575
630,698,1328
909,472,1381
86,1179,1265
45,1376,1421
983,613,1596
184,653,837
3615,1013,4628
459,587,1046
409,612,1021
80,920,1000
321,459,780
319,1319,1638
418,638,1056
160,1021,1181
698,1146,1844
349,530,879
545,658,1203
442,1831,2273
1005,802,1807
264,500,764
156,789,945
960,486,1446
307,467,774
548,582,1130
164,1244,1408
732,494,1226
944,334,1278
3844,1111,4955
1010,1613,2623
452,358,810
481,625,1106
547,840,1387
312,1101,1413
925,432,1357
455,830,1285
634,937,1571
502,493,995
1077,1774,2851
346,1176,1522
467,799,1266
1135,501,1636
980,991,1971
395,1156,1551
342,343,685
608,796,1404
360,985,1345
278,906,1184
1133,401,1534
1348,630,1978
440,393,833
565,515,1080
341,977,1318
421,880,1301
709,385,1094
466,432,898
637,500,1137
813,621,1434
247,987,1234
452,316,768
422,612,1034
825,425,1250
411,367,778
263,1093,1356
579,1122,1701
936,208,1144
438,305,743
1296,232,1528
4059,1354,5413
249,474,723
1553,919,2472
438,935,1373
1210,668,1878
990,443,1433
652,253,905
801,848,1649
727,2181,2908
222,351,573
1143,662,1805
814,2003,2817
725,875,1600
1343,1543,2886
360,812,1172
648,347,995
2046,482,2528
1009,654,1663
228,333,561
209,745,954
1211,448,1659
742,730,1472
622,874,1496
1278,796,2074
1894,428,2322
969,669,1638
531,342,873
21,487,508
271,817,1088
404,830,1234
974,561,1535
184,951,1135
652,628,1280
530,687,1217
410,702,1112
122,530,652
75,676,751
1017,1012,2029
191,1091,1282
132,643,775
340,443,783
594,823,1417
152,670,822
1283,460,1743
392,1153,1545
692,722,1414
329,565,894
656,1537,2193
199,980,1179
429,455,884
584,508,1092
224,731,955
234,964,1198
421,757,1178
659,854,1513
379,1416,1795
198,1722,1920
270,1025,1295
522,602,1124
350,864,1214
321,619,940
580,767,1347
547,601,1148
891,709,1600
913,1005,1918
228,1825,2053
739,673,1412
611,664,1275
1141,1021,2162
419,639,1058
202,786,988
1615,634,2249
681,587,1268
375,1215,1590
823,454,1277
836,312,1148
493,714,1207
714,921,1635
871,823,1694
450,871,1321
1438,477,1915
390,571,961
671,798,1469
525,1404,1929
463,570,1033
119,946,1065
611,1217,1828
951,1036,1987
241,875,1116
612,538,1150
512,633,1145
721,922,1643
538,1416,1954
681,552,1233
344,975,1319
210,1081,1291
544,1261,1805
865,988,1853
618,902,1520
439,684,1123
1007,976,1983
47,781,828
630,1061,1691
1304,794,2098
415,928,1343
662,651,1313
612,617,1229
364,723,1087
111,805,916
886,629,1515
797,735,1532
903,725,1628
1189,672,1861
753,1062,1815
571,1033,1604
114,1092,1206
677,582,1259
774,966,1740
977,1072,2049
717,563,1280
622,876,1498
637,662,1299
631,424,1055
557,734,1291
326,1004,1330
824,745,1569
605,488,1093
344,791,1135
454,691,1145
957,442,1399
217,748,965
551,732,1283
718,459,1177
743,546,1289
511,8178,8689
1139,928,2067
467,524,991
563,1091,1654
472,585,1057
441,514,955
408,1374,1782
542,764,1306
552,854,1406
765,532,1297
169,567,736
668,1395,2063
575,1039,1614
697,1138,1835
632,471,1103
858,8148,9006
173,1003,1176
218,938,1156
612,8174,8786
574,824,1398
610,1317,1927
985,1159,2144
207,604,811
1202,782,1984
689,619,1308
93,701,794
668,8116,8784
263,1176,1439
412,899,1311
411,712,1123
750,1045,1795
822,1256,2078
440,679,1119
1090,534,1624
701,785,1486
849,1170,2019
7496,904,8400
648,1139,1787
782,839,1621
640,663,1303
7885,720,8605
993,656,1649
7942,786,8728
295,1500,1795
694,596,1290
948,1682,2630
443,871,1314
717,503,1220
993,2140,3133
641,471,1112
402,1621,2023
761,2161,2922
416,768,1184
586,637,1223
985,1527,2512
917,1721,2638
574,636,1210
481,562,1043
630,614,1244
863,1449,2312
1881,450,2331
384,454,838
715,391,1106
376,485,861
128,495,623
2063,380,2443
1316,470,1786
152,475,627
633,486,1119
263,477,740
1536,463,1999
1381,639,2020
325,495,820
379,377,756
1451,404,1855
393,412,805
755,448,1203
288,398,686
120,327,447
57,431,488
64,392,456
52,451,503
422,481,903
243,218,461
174,218,392
186,357,543
307,222,529
146,459,605
183,575,758
142,687,829
226,344,570
300,463,763
835,3173,4008
288,2749,3037
455,372,827
277,303,580
436,437,873
425,558,983
805,2618,3423
66,560,626
535,2592,3127
29,455,484
359,533,892
472,2749,3221
53,768,821
45,509,554
1157,2674,3831
34,779,813
189,433,622
94,763,857
3409,253,3662
219,601,820
209,697,906
201,661,862
70,463,533
333,568,901
586,2571,3157
62,561,623
462,454,916
467,3125,3592
540,320,860
613,3143,3756
356,536,892
87,458,545
1084,2527,3611
663,2916,3579
1188,3007,4195
2422,1117,3539
141,983,1124
621,510,1131
408,652,1060
2459,1198,3657
652,540,1192
131,765,896
188,723,911
486,2895,3381
282,226,508
2402,954,3356
299,710,1009
39,1637,1676
303,731,1034
2675,741,3416
170,719,889
395,733,1128
229,3684,3913
259,1166,1425
464,515,979
669,3480,4149
2366,1111,3477
384,740,1124
710,526,1236
2868,1110,3978
257,952,1209
58,759,817
3552,494,4046
421,1004,1425
262,1219,1481
965,2792,3757
2929,752,3681
744,697,1441
2902,1649,4551
1028,937,1965
371,526,897
557,500,1057
3409,327,3736
406,714,1120
533,1025,1558
879,543,1422
436,1452,1888
22,1824,1846
3057,1243,4300
906,1562,2468
469,834,1303
583,738,1321
650,730,1380
435,1004,1439
652,904,1556
421,1038,1459
880,725,1605
350,858,1208
956,1176,2132
861,828,1689
770,519,1289
401,537,938
345,2353,2698
851,313,1164
430,714,1144
2751,1519,4270
582,703,1285
1278,1017,2295
587,698,1285
913,660,1573
297,851,1148
866,987,1853
865,718,1583
805,327,1132
667,611,1278
540,688,1228
1289,640,1929
761,511,1272
462,1547,2009
565,640,1205
1141,705,1846
1481,1587,3068
659,471,1130
414,435,849
259,804,1063
633,1302,1935
606,636,1242
563,1406,1969
874,614,1488
911,1419,2330
571,710,1281
1639,1799,3438
893,1450,2343
57,674,731
311,1164,1475
1591,1030,2621
1026,694,1720
740,973,1713
600,673,1273
529,698,1227
635,851,1486
2049,1299,3348
526,1006,1532
628,966,1594
1427,1156,2583
465,1475,1940
1283,370,1653
1614,806,2420
227,712,939
98,886,984
1212,515,1727
412,883,1295
511,649,1160
340,1004,1344
1437,1006,2443
1324,595,1919
1110,1645,2755
1028,551,1579
534,899,1433
306,1141,1447
623,270,893
541,977,1518
454,1115,1569
594,967,1561
511,683,1194
1361,2096,3457
880,678,1558
177,893,1070
579,1057,1636
654,412,1066
230,1185,1415
377,1122,1499
358,608,966
589,702,1291
702,1751,2453
594,712,1306
518,929,1447
1214,1130,2344
543,1241,1784
393,1237,1630
709,758,1467
641,953,1594
1499,1272,2771
548,848,1396
795,855,1650
769,965,1734
434,746,1180
443,882,1325
244,1670,1914
871,881,1752
482,908,1390
1931,926,2857
322,1257,1579
840,631,1471
1364,1638,3002
985,976,1961
1126,601,1727
860,1025,1885
834,1236,2070
593,536,1129
512,1199,1711
1268,1011,2279
463,1532,1995
755,1632,2387
1102,922,2024
941,920,1861
1123,765,1888
384,552,936
392,954,1346
342,1040,1382
467,540,1007
469,1588,2057
587,836,1423
842,924,1766
1037,1242,2279
646,944,1590
648,724,1372
1032,1291,2323
1443,687,2130
1002,1555,2557
687,680,1367
1522,1164,2686
631,720,1351
668,721,1389
452,512,964
1009,597,1606
723,891,1614
825,828,1653
414,820,1234
685,850,1535
1239,570,1809
768,642,1410
739,800,1539
1015,528,1543
738,703,1441
341,1054,1395
596,516,1112
1494,1242,2736
317,557,874
388,880,1268
883,512,1395
587,656,1243
1461,1298,2759
390,343,733
736,588,1324
675,883,1558
170,1295,1465
525,236,761
453,801,1254
605,844,1449
684,571,1255
696,989,1685
868,964,1832
498,805,1303
399,881,1280
624,904,1528
929,806,1735
827,947,1774
740,913,1653
310,974,1284
614,703,1317
288,2627,2915
117,251,368
616,824,1440
481,696,1177
750,901,1651
964,417,1381
1082,1615,2697
897,610,1507
679,739,1418
710,2685,3395
143,682,825
559,865,1424
369,576,945
503,1000,1503
1231,1125,2356
987,583,1570
1070,1479,2549
1102,1635,2737
446,642,1088
786,2449,3235
143,889,1032
743,1130,1873
474,690,1164
2385,1104,3489
479,483,962
226,1097,1323
814,1667,2481
1231,1166,2397
553,829,1382
529,707,1236
1587,1001,2588
842,862,1704
607,874,1481
482,878,1360
2641,716,3357
659,766,1425
656,1080,1736
464,724,1188
2339,781,3120
420,1300,1720
873,556,1429
658,582,1240
583,1137,1720
485,597,1082
995,703,1698
288,1306,1594
511,1044,1555
146,882,1028
720,647,1367
777,1115,1892
790,871,1661
987,840,1827
693,1097,1790
904,545,1449
544,839,1383
1171,908,2079
1173,704,1877
721,368,1089
653,713,1366
1021,739,1760
368,1005,1373
474,1179,1653
433,364,797
324,782,1106
975,1347,2322
675,948,1623
1006,550,1556
772,610,1382
626,878,1504
716,1000,1716
595,1455,2050
383,1399,1782
461,821,1282
795,349,1144
706,720,1426
854,1178,2032
344,1052,1396
244,961,1205
526,718,1244
1186,1688,2874
452,756,1208
933,354,1287
367,1052,1419
924,1074,1998
818,1625,2443
750,1771,2521
414,1254,1668
1143,1326,2469
558,1705,2263
845,1825,2670
315,833,1148
775,400,1175
595,1200,1795
1216,1189,2405
351,1487,1838
432,1194,1626
1119,1556,2675
1094,2175,3269
268,1169,1437
575,822,1397
523,618,1141
163,1452,1615
1292,562,1854
723,1724,2447
536,1019,1555
553,1154,1707
237,1288,1525
1548,582,2130
1151,643,1794
1099,664,1763
1018,549,1567
1116,624,1740
1260,1323,2583
655,900,1555
634,1594,2228
957,556,1513
1277,1052,2329
611,988,1599
1381,470,1851
895,1515,2410
630,272,902
1590,941,2531
219,793,1012
265,323,588
1452,864,2316
214,1232,1446
1291,2318,3609
1261,371,1632
466,1725,2191
243,572,815
1037,943,1980
1146,1193,2339
484,775,1259
341,1077,1418
489,1032,1521
1394,775,2169
879,492,1371
370,846,1216
866,1996,2862
1363,643,2006
518,1168,1686
1598,1329,2927
978,780,1758
881,818,1699
1601,1117,2718
1324,2111,3435
635,1071,1706
1216,896,2112
584,497,1081
1968,1952,3920
644,1070,1714
303,369,672
453,835,1288
956,668,1624
1922,518,2440
188,793,981
308,1077,1385
820,534,1354
1907,1565,3472
846,1108,1954
1127,862,1989
1918,978,2896
570,653,1223
1108,468,1576
775,1044,1819
1017,567,1584
240,1313,1553
950,897,1847
523,748,1271
121,1074,1195
1844,460,2304
686,891,1577
406,834,1240
855,703,1558
494,1256,1750
252,1520,1772
372,900,1272
709,1085,1794
720,759,1479
352,745,1097
317,738,1055
861,520,1381
905,857,1762
438,1245,1683
940,1087,2027
360,1112,1472
590,1337,1927
1408,611,2019
643,1483,2126
712,593,1305
1171,1040,2211
692,422,1114
48,1551,1599
460,1024,1484
668,935,1603
800,1304,2104
777,912,1689
730,1250,1980
1325,853,2178
87,1119,1206
773,624,1397
1458,790,2248
612,955,1567
538,1265,1803
977,353,1330
1046,825,1871
863,1164,2027
421,301,722
319,1126,1445
736,536,1272
521,822,1343
783,790,1573
451,906,1357
263,990,1253
1039,1224,2263
280,771,1051
891,1091,1982
517,266,783
1402,1309,2711
557,531,1088
344,1295,1639
765,310,1075
726,741,1467
818,869,1687
671,1309,1980
1069,773,1842
283,502,785
870,992,1862
446,1408,1854
1001,1047,2048
630,290,920
763,1186,1949
775,1530,2305
1021,784,1805
1042,861,1903
653,985,1638
1268,1816,3084
1144,924,2068
477,1483,1960
583,1032,1615
373,1258,1631
546,1132,1678
883,969,1852
320,1731,2051
641,914,1555
808,1627,2435
328,614,942
891,1780,2671
619,1811,2430
1084,682,1766
1094,718,1812
221,538,759
1414,501,1915
1172,648,1820
746,744,1490
21,1209,1230
1163,1335,2498
1515,489,2004
855,978,1833
735,567,1302
753,1406,2159
201,1057,1258
1151,590,1741
830,1026,1856
819,618,1437
473,1098,1571
906,1174,2080
1304,662,1966
1240,1042,2282
1598,746,2344
642,1439,2081
231,1221,1452
790,830,1620
838,769,1607
455,1532,1987
1185,1193,2378
295,1021,1316
1565,835,2400
865,739,1604
250,748,998
505,1544,2049
373,1105,1478
524,921,1445
1109,978,2087
1330,1621,2951
782,795,1577
1124,993,2117
389,1169,1558
99,1119,1218
505,747,1252
1308,992,2300
496,1085,1581
408,959,1367
582,1028,1610
813,1493,2306
1103,672,1775
952,940,1892
998,768,1766
868,965,1833
298,685,983
352,918,1270
833,961,1794
671,939,1610
924,1266,2190
1371,922,2293
464,897,1361
497,951,1448
1045,901,1946
723,586,1309
718,817,1535
328,972,1300
263,1164,1427
876,297,1173
1508,872,2380
673,798,1471
620,741,1361
1387,994,2381
703,763,1466
889,682,1571
596,1038,1634
699,1195,1894
556,755,1311
582,821,1403
1378,1144,2522
488,1043,1531
285,721,1006
310,546,856
684,1514,2198
538,1026,1564
1010,1854,2864
979,1050,2029
407,330,737
1058,724,1782
670,839,1509
831,988,1819
721,1459,2180
971,603,1574
1098,1715,2813
784,1190,1974
1022,2339,3361
410,1025,1435
368,1116,1484
467,626,1093
223,1410,1633
755,1680,2435
834,347,1181
373,830,1203
854,1873,2727
852,1548,2400
903,1908,2811
83,1196,1279
635,1088,1723
717,1000,1717
707,1112,1819
635,1002,1637
367,476,843
634,1217,1851
1375,1312,2687
211,1717,1928
430,781,1211
254,1527,1781
1269,1088,2357
493,1369,1862
946,1090,2036
544,1050,1594
982,1438,2420
1787,1022,2809
637,1268,1905
849,772,1621
686,1149,1835
2185,1178,3363
1605,796,2401
1020,959,1979
124,1354,1478
888,793,1681
916,1387,2303
1013,1115,2128
644,586,1230
108,832,940
1460,1116,2576
774,1089,1863
1494,973,2467
926,1253,2179
1414,985,2399
807,918,1725
746,688,1434
303,1022,1325
1728,997,2725
721,982,1703
387,648,1035
847,1224,2071
1159,1127,2286
1123,1250,2373
1241,678,1919
1040,716,1756
919,787,1706
378,769,1147
687,586,1273
1016,890,1906
1228,1111,2339
1338,873,2211
716,574,1290
505,835,1340
943,435,1378
587,731,1318
638,733,1371
385,1003,1388
505,743,1248
412,674,1086
556,531,1087
669,907,1576
378,1122,1500
1037,1277,2314
988,1094,2082
769,589,1358
558,1182,1740
707,712,1419
665,1233,1898
1012,465,1477
999,694,1693
190,1503,1693
197,888,1085
639,1186,1825
421,522,943
842,579,1421
606,863,1469
766,757,1523
297,490,787
916,721,1637
374,1205,1579
637,1310,1947
650,480,1130
792,1241,2033
467,697,1164
631,1066,1697
572,1159,1731
451,814,1265
349,948,1297
168,1403,1571
533,1024,1557
879,1257,2136
62,1023,1085
98,655,753
636,773,1409
349,1157,1506
264,833,1097
252,981,1233
579,1170,1749
531,729,1260
1360,989,2349
1090,1186,2276
621,505,1126
630,929,1559
546,1108,1654
373,838,1211
523,918,1441
869,483,1352
609,707,1316
1011,889,1900
594,854,1448
809,478,1287
747,884,1631
372,490,862
747,538,1285
1052,618,1670
527,405,932
655,749,1404
735,493,1228
1111,1631,2742
829,1199,2028
200,492,692
701,1449,2150
811,1989,2800
866,1204,2070
344,1984,2328
1133,1781,2914
675,762,1437
284,439,723
319,2048,2367
663,999,1662
363,524,887
229,1322,1551
303,901,1204
444,495,939
869,1686,2555
1135,536,1671
321,909,1230
544,2027,2571
1058,1809,2867
394,2112,2506
833,2218,3051
594,382,976
950,1802,2752
1188,539,1727
787,346,1133
790,1963,2753
776,2162,2938
288,2284,2572
611,409,1020
879,2714,3593
52,448,500
1441,722,2163
1244,682,1926
722,2513,3235
99,581,680
1126,1621,2747
1181,1583,2764
125,1042,1167
931,379,1310
1587,759,2346
303,1131,1434
229,577,806
1272,1638,2910
149,609,758
1921,821,2742
25,1116,1141
925,733,1658
1638,819,2457
318,753,1071
383,623,1006
1730,1027,2757
665,501,1166
197,833,1030
344,710,1054
514,697,1211
861,426,1287
2536,900,3436
383,647,1030
318,568,886
1984,1015,2999
1859,947,2806
398,808,1206
2032,1234,3266
929,2807,3736
395,1121,1516
2297,814,3111
1720,1108,2828
968,605,1573
176,808,984
571,612,1183
2014,1417,3431
399,594,993
578,902,1480
1573,1304,2877
688,493,1181
719,812,1531
871,1202,2073
155,637,792
1035,323,1358
710,323,1033
1459,1105,2564
1014,2735,3749
1597,967,2564
1280,2576,3856
316,885,1201
600,652,1252
947,337,1284
1108,2577,3685
741,1321,2062
657,897,1554
969,508,1477
2660,695,3355
359,1249,1608
322,872,1194
423,969,1392
496,1128,1624
181,522,703
630,866,1496
460,771,1231
233,835,1068
2320,317,2637
751,1005,1756
928,330,1258
561,1000,1561
66,1131,1197
1032,495,1527
193,1189,1382
514,911,1425
337,799,1136
381,551,932
960,341,1301
2292,583,2875
405,1152,1557
552,930,1482
96,849,945
566,868,1434
1196,632,1828
759,745,1504
906,717,1623
207,1213,1420
621,715,1336
1100,536,1636
46,1697,1743
289,861,1150
175,885,1060
735,861,1596
45,1934,1979
994,728,1722
458,1115,1573
925,855,1780
209,671,880
800,553,1353
340,1048,1388
345,794,1139
478,1984,2462
76,1067,1143
624,1373,1997
386,1270,1656
141,1038,1179
785,2075,2860
597,853,1450
741,710,1451
176,681,857
642,1247,1889
1504,733,2237
1001,824,1825
432,787,1219
1814,644,2458
763,908,1671
751,517,1268
262,883,1145
392,1043,1435
265,1071,1336
591,1075,1666
841,1658,2499
1049,1008,2057
953,504,1457
972,691,1663
631,1072,1703
448,1058,1506
386,676,1062
849,1040,1889
310,1067,1377
667,907,1574
1020,845,1865
382,1238,1620
842,667,1509
612,613,1225
570,833,1403
907,464,1371
574,902,1476
808,743,1551
962,494,1456
601,1227,1828
506,920,1426
595,1061,1656
413,715,1128
608,917,1525
1824,1084,2908
643,936,1579
562,1048,1610
823,506,1329
1835,1201,3036
747,698,1445
472,1426,1898
810,497,1307
685,781,1466
913,678,1591
384,968,1352
602,602,1204
984,1165,2149
494,826,1320
1395,1214,2609
872,663,1535
887,1264,2151
275,1073,1348
961,1149,2110
701,1063,1764
271,1010,1281
638,606,1244
1129,840,1969
803,1048,1851
941,1266,2207
546,827,1373
886,593,1479
817,380,1197
980,1422,2402
1155,321,1476
551,949,1500
683,534,1217
361,873,1234
393,1248,1641
1291,902,2193
753,904,1657
762,759,1521
395,879,1274
843,1451,2294
1032,983,2015
832,951,1783
967,1129,2096
43,756,799
555,1260,1815
934,661,1595
324,580,904
120,976,1096
983,715,1698
307,857,1164
333,827,1160
560,733,1293
513,689,1202
526,987,1513
630,602,1232
144,1276,1420
63,1368,1431
889,353,1242
856,916,1772
1325,826,2151
964,948,1912
834,488,1322
395,1122,1517
1275,905,2180
533,607,1140
636,957,1593
566,862,1428
638,310,948
480,445,925
850,744,1594
1134,1042,2176
486,508,994
635,672,1307
825,1027,1852
941,771,1712
273,496,769
952,751,1703
836,849,1685
955,317,1272
643,490,1133
819,467,1286
206,1941,2147
356,818,1174
386,751,1137
609,484,1093
489,660,1149
646,1469,2115
1244,672,1916
607,695,1302
224,519,743
642,914,1556
636,860,1496
581,970,1551
124,509,633
966,1698,2664
389,832,1221
497,1397,1894
250,1041,1291
476,621,1097
333,2254,2587
608,842,1450
447,755,1202
253,2484,2737
312,550,862
617,1440,2057
657,550,1207
971,975,1946
748,992,1740
592,2034,2626
545,848,1393
360,677,1037
1195,2090,3285
364,676,1040
1368,647,2015
1428,1691,3119
1006,1073,2079
531,1351,1882
2090,1154,3244
1416,1115,2531
787,1427,2214
389,645,1034
2136,766,2902
551,673,1224
1292,843,2135
1056,651,1707
715,647,1362
848,1410,2258
606,1221,1827
610,894,1504
160,925,1085
861,531,1392
2067,667,2734
784,986,1770
382,1238,1620
914,695,1609
1357,958,2315
400,1017,1417
693,865,1558
1937,664,2601
1040,607,1647
869,879,1748
742,989,1731
1404,915,2319
1203,767,1970
793,883,1676
692,993,1685
815,1069,1884
876,803,1679
714,846,1560
1117,591,1708
588,1604,2192
372,706,1078
769,1150,1919
162,636,798
730,1065,1795
416,718,1134
1301,1420,2721
1064,837,1901
703,692,1395
604,583,1187
731,1947,2678
1055,563,1618
234,951,1185
366,855,1221
648,560,1208
1279,1186,2465
573,531,1104
189,1153,1342
192,1130,1322
900,439,1339
691,1832,2523
397,992,1389
510,850,1360
599,784,1383
402,433,835
1081,1103,2184
681,696,1377
464,571,1035
432,1041,1473
650,927,1577
1478,1198,2676
671,897,1568
560,831,1391
1787,861,2648
1240,513,1753
893,866,1759
1391,690,2081
348,561,909
728,696,1424
325,931,1256
414,1070,1484
439,685,1124
875,436,1311
555,769,1324
1076,827,1903
919,604,1523
508,1160,1668
1028,668,1696
531,1251,1782
826,596,1422
21,652,673
685,524,1209
256,319,575
246,490,736
763,459,1222
872,715,1587
52,779,831
500,390,890
573,1553,2126
788,573,1361
738,1020,1758
778,717,1495
298,638,936
320,755,1075
1033,1127,2160
367,898,1265
730,1437,2167
872,1453,2325
902,1565,2467
513,1537,2050
749,2223,2972
697,1316,2013
1058,1191,2249
1128,1365,2493
933,572,1505
82,929,1011
1024,1922,2946
675,908,1583
660,910,1570
332,973,1305
369,1107,1476
962,1057,2019
1112,464,1576
1269,383,1652
255,1137,1392
616,913,1529
481,1260,1741
1071,379,1450
360,1155,1515
1114,552,1666
543,415,958
1103,670,1773
1277,361,1638
364,1240,1604
468,924,1392
429,1113,1542
1143,509,1652
541,1038,1579
594,1857,2451
783,769,1552
88,1110,1198
378,391,769
1088,453,1541
1053,402,1455
2090,683,2773
834,444,1278
838,642,1480
279,972,1251
296,486,782
983,347,1330
1488,607,2095
474,1598,2072
833,427,1260
890,459,1349
1061,320,1381
292,1607,1899
455,1603,2058
379,1359,1738
1189,309,1498
956,405,1361
1155,452,1607
907,465,1372
229,412,641
213,487,700
1352,640,1992
2126,512,2638
1890,362,2252
175,552,727
1161,528,1689
486,420,906
234,676,910
1874,380,2254
638,303,941
77,805,882
119,576,695
266,425,691
254,426,680
158,922,1080
1842,417,2259
504,603,1107
236,738,974
1568,766,2334
90,931,1021
169,943,1112
265,814,1079
241,839,1080
130,1176,1306
602,635,1237
56,923,979
246,1045,1291
84,782,866
149,963,1112
706,654,1360
76,327,403
658,552,1210
467,672,1139
707,776,1483
159,1102,1261
150,957,1107
147,949,1096
907,660,1567
73,821,894
43,672,715
639,657,1296
426,856,1282
392,1223,1615
611,683,1294
38,931,969
458,670,1128
791,714,1505
226,1049,1275
684,675,1359
603,545,1148
370,957,1327
893,875,1768
221,510,731
721,674,1395
1075,347,1422
476,988,1464
308,569,877
782,582,1364
617,928,1545
320,480,800
1045,277,1322
289,804,1093
545,661,1206
131,942,1073
700,997,1697
550,1144,1694
485,427,912
938,428,1366
972,721,1693
576,613,1189
427,413,840
476,1229,1705
330,851,1181
179,687,866
600,1356,1956
700,1016,1716
668,634,1302
410,1005,1415
344,1102,1446
216,733,949
323,510,833
533,1180,1713
907,2842,3749
899,1053,1952
192,1490,1682
645,809,1454
967,532,1499
343,619,962
342,742,1084
224,757,981
484,847,1331
439,634,1073
309,963,1272
472,880,1352
891,887,1778
921,571,1492
444,737,1181
1239,477,1716
192,1603,1795
1120,3186,4306
709,538,1247
985,586,1571
558,883,1441
721,1952,2673
983,833,1816
930,598,1528
724,1180,1904
458,656,1114
549,536,1085
220,3456,3676
735,312,1047
419,600,1019
798,800,1598
2484,1410,3894
1362,619,1981
576,640,1216
450,1326,1776
466,795,1261
609,995,1604
801,1825,2626
426,834,1260
421,653,1074
724,995,1719
2974,898,3872
625,810,1435
366,825,1191
663,1374,2037
753,924,1677
297,898,1195
1537,1568,3105
506,813,1319
422,795,1217
1528,944,2472
512,778,1290
629,730,1359
771,522,1293
1574,946,2520
335,732,1067
829,517,1346
1507,500,2007
368,513,881
3368,730,4098
626,299,925
816,818,1634
550,557,1107
500,972,1472
723,1239,1962
530,1186,1716
263,364,627
734,314,1048
401,618,1019
309,619,928
454,1167,1621
593,603,1196
442,555,997
587,558,1145
797,980,1777
466,1842,2308
1268,952,2220
38,1195,1233
227,583,810
662,1383,2045
119,1389,1508
918,1211,2129
566,961,1527
782,1315,2097
1056,1036,2092
1377,379,1756
452,724,1176
771,561,1332
211,998,1209
1298,433,1731
391,940,1331
534,361,895
1078,687,1765
1020,577,1597
372,682,1054
159,1026,1185
1089,887,1976
1225,1757,2982
1193,340,1533
73,976,1049
883,871,1754
557,1277,1834
422,608,1030
498,1388,1886
420,704,1124
370,1052,1422
1259,600,1859
301,534,835
280,971,1251
976,750,1726
767,1198,1965
440,1315,1755
840,1454,2294
222,802,1024
565,864,1429
414,781,1195
144,628,772
842,642,1484
867,846,1713
741,716,1457
238,802,1040
806,1469,2275
343,1301,1644
844,717,1561
465,721,1186
1299,961,2260
879,837,1716
706,548,1254
1196,2176,3372
604,753,1357
564,1344,1908
710,548,1258
1143,1036,2179
1277,695,1972
733,558,1291
470,644,1114
474,772,1246
604,409,1013
600,1082,1682
556,929,1485
692,1368,2060
838,821,1659
692,601,1293
1293,757,2050
689,462,1151
1189,1484,2673
1267,911,2178
1041,1304,2345
529,1260,1789
621,2522,3143
494,1084,1578
342,609,951
734,742,1476
302,650,952
609,1077,1686
627,701,1328
1178,1147,2325
322,907,1229
479,695,1174
1601,1935,3536
788,976,1764
254,698,952
508,1257,1765
351,999,1350
648,1237,1885
794,1198,1992
576,687,1263
778,631,1409
195,667,862
408,687,1095
453,690,1143
959,965,1924
1264,761,2025
1353,938,2291
1602,1719,3321
273,653,926
689,505,1194
788,987,1775
799,986,1785
949,905,1854
2413,1428,3841
951,918,1869
758,545,1303
186,1067,1253
1328,609,1937
602,662,1264
365,1062,1427
651,1582,2233
1924,1013,2937
761,784,1545
970,789,1759
1001,908,1909
993,1032,2025
105,664,769
692,860,1552
807,1038,1845
1338,1046,2384
1013,736,1749
1203,627,1830
557,1246,1803
1208,832,2040
906,806,1712
338,600,938
515,928,1443
931,671,1602
585,1595,2180
578,719,1297
990,816,1806
600,1329,1929
520,699,1219
520,637,1157
710,977,1687
809,505,1314
322,629,951
208,723,931
469,472,941
298,642,940
929,1077,2006
1193,1504,2697
322,558,880
905,1295,2200
518,487,1005
516,469,985
823,777,1600
850,1306,2156
524,620,1144
856,950,1806
1507,1061,2568
469,315,784
396,774,1170
1137,952,2089
636,801,1437
513,500,1013
560,825,1385
822,509,1331
894,1355,2249
572,438,1010
452,511,963
1140,927,2067
96,1383,1479
329,477,806
1393,1224,2617
1097,525,1622
368,960,1328
745,729,1474
827,1595,2422
712,579,1291
509,551,1060
796,667,1463
867,1366,2233
1195,3700,4895
141,803,944
707,207,914
449,1665,2114
669,1159,1828
357,877,1234
455,241,696
720,889,1609
424,872,1296
675,1520,2195
302,828,1130
736,696,1432
1311,1228,2539
511,1571,2082
385,1177,1562
1251,1440,2691
510,4016,4526
399,298,697
268,959,1227
1307,1121,2428
956,3850,4806
555,927,1482
459,1545,2004
1223,1065,2288
98,587,685
1174,323,1497
1547,548,2095
965,3567,4532
181,667,848
299,1631,1930
1494,953,2447
750,741,1491
1062,1438,2500
351,560,911
822,659,1481
3742,783,4525
1275,477,1752
245,358,603
648,670,1318
754,649,1403
938,1753,2691
676,487,1163
689,1346,2035
928,1481,2409
537,1219,1756
988,474,1462
322,313,635
56,742,798
674,602,1276
1345,649,1994
593,384,977
404,661,1065
1217,943,2160
483,1242,1725
838,686,1524
121,402,523
3859,393,4252
655,796,1451
954,1177,2131
136,514,650
412,1249,1661
505,718,1223
305,1186,1491
525,665,1190
892,620,1512
3426,1070,4496
539,765,1304
1639,773,2412
685,966,1651
698,714,1412
434,1086,1520
57,1020,1077
931,613,1544
84,880,964
1004,732,1736
1268,835,2103
236,446,682
420,718,1138
800,994,1794
632,475,1107
1107,654,1761
42,841,883
333,810,1143
221,654,875
262,1082,1344
488,797,1285
527,835,1362
464,498,962
783,511,1294
264,728,992
513,780,1293
838,625,1463
236,621,857
454,921,1375
562,608,1170
1386,820,2206
368,786,1154
673,955,1628
1541,2173,3714
394,636,1030
788,522,1310
452,647,1099
1285,2088,3373
637,724,1361
366,619,985
39,1258,1297
345,620,965
399,576,975
801,525,1326
405,606,1011
733,1809,2542
536,612,1148
409,641,1050
621,932,1553
567,949,1516
170,620,790
751,1144,1895
507,812,1319
116,1358,1474
1792,464,2256
425,585,1010
503,545,1048
683,482,1165
277,627,904
455,812,1267
662,993,1655
584,1244,1828
500,915,1415
518,1170,1688
309,640,949
212,745,957
578,1228,1806
462,516,978
399,1041,1440
1675,596,2271
1142,896,2038
518,689,1207
771,680,1451
1705,944,2649
245,902,1147
978,696,1674
853,579,1432
486,1173,1659
291,956,1247
621,906,1527
1071,894,1965
684,879,1563
660,652,1312
376,823,1199
1019,469,1488
488,492,980
504,812,1316
750,815,1565
379,767,1146
894,516,1410
1120,811,1931
475,1158,1633
400,1460,1860
349,586,935
192,789,981
426,1077,1503
861,642,1503
406,819,1225
587,522,1109
1056,865,1921
968,1567,2535
301,779,1080
521,648,1169
680,513,1193
681,527,1208
777,868,1645
363,821,1184
788,647,1435
1106,1479,2585
674,725,1399
598,797,1395
354,513,867
633,954,1587
621,915,1536
498,1066,1564
711,687,1398
358,791,1149
546,1059,1605
701,1056,1757
1205,1236,2441
448,624,1072
1072,691,1763
562,652,1214
1443,855,2298
728,951,1679
763,837,1600
413,1045,1458
637,444,1081
430,982,1412
884,653,1537
764,713,1477
1353,625,1978
620,1109,1729
423,616,1039
682,925,1607
405,827,1232
559,1057,1616
815,471,1286
424,939,1363
658,775,1433
691,1054,1745
477,780,1257
972,897,1869
578,866,1444
651,598,1249
1012,483,1495
918,696,1614
442,635,1077
861,1374,2235
619,759,1378
789,531,1320
795,392,1187
962,707,1669
322,978,1300
961,516,1477
496,618,1114
799,391,1190
619,1054,1673
959,556,1515
620,655,1275
764,366,1130
683,1053,1736
366,921,1287
485,603,1088
292,809,1101
428,591,1019
131,660,791
665,819,1484
407,1169,1576
470,552,1022
838,955,1793
740,1160,1900
447,486,933
436,713,1149
422,563,985
714,891,1605
495,1221,1716
618,1154,1772
223,439,662
516,1314,1830
1269,916,2185
146,592,738
381,1414,1795
279,466,745
333,562,895
589,1697,2286
254,635,889
671,1843,2514
437,580,1017
351,704,1055
819,942,1761
931,1271,2202
296,514,810
952,983,1935
610,1067,1677
265,560,825
903,931,1834
518,602,1120
652,523,1175
1070,792,1862
507,384,891
974,1088,2062
572,824,1396
443,828,1271
1449,536,1985
492,545,1037
434,1057,1491
1253,672,1925
576,593,1169
670,921,1591
680,842,1522
190,974,1164
1729,562,2291
801,675,1476
510,966,1476
921,720,1641
96,583,679
395,634,1029
834,1046,1880
44,483,527
1007,830,1837
310,689,999
309,667,976
287,605,892
527,543,1070
979,732,1711
146,985,1131
999,235,1234
624,564,1188
350,758,1108
461,624,1085
780,414,1194
589,775,1364
196,1065,1261
121,322,443
425,1180,1605
816,687,1503
84,711,795
403,399,802
297,813,1110
817,691,1508
600,796,1396
469,657,1126
280,1874,2154
436,853,1289
743,438,1181
1058,1542,2600
208,386,594
404,807,1211
629,545,1174
1011,2325,3336
555,718,1273
49,643,692
345,1362,1707
611,714,1325
1121,1507,2628
172,560,732
626,826,1452
1034,2781,3815
94,409,503
533,1202,1735
826,836,1662
788,1123,1911
143,848,991
204,1637,1841
631,1079,1710
765,499,1264
29,718,747
1579,999,2578
302,883,1185
175,850,1025
660,2830,3490
476,1573,2049
336,994,1330
463,1856,2319
290,834,1124
1337,1011,2348
256,1053,1309
455,657,1112
301,999,1300
2186,1503,3689
509,1088,1597
1577,798,2375
373,1140,1513
1496,1208,2704
643,970,1613
306,2133,2439
481,894,1375
2313,1337,3650
532,2269,2801
825,1100,1925
1411,715,2126
2567,1310,3877
825,938,1763
537,1120,1657
720,487,1207
644,1001,1645
225,2129,2354
1595,632,2227
1721,689,2410
497,1371,1868
799,1051,1850
2025,450,2475
782,1043,1825
322,1291,1613
1723,463,2186
510,790,1300
1050,720,1770
648,1285,1933
897,1408,2305
530,890,1420
753,1400,2153
373,330,703
735,625,1360
1180,1133,2313
961,673,1634
934,582,1516
1097,959,2056
809,659,1468
369,424,793
990,876,1866
1091,1070,2161
478,1645,2123
134,1066,1200
931,845,1776
557,445,1002
764,452,1216
312,13799,14111
392,13684,14076
447,1291,1738
256,13636,13892
543,2301,2844
1289,1571,2860
1051,12897,13948
931,869,1800
311,1436,1747
545,1026,1571
1029,1342,2371
516,1382,1898
685,1232,1917
13525,298,13823
153,864,1017
13565,419,13984
396,959,1355
188,1386,1574
12587,470,13057
1225,1783,3008
949,968,1917
856,1178,2034
324,1306,1630
890,1932,2822
908,870,1778
246,1142,1388
725,932,1657
1339,493,1832
1414,1102,2516
330,1175,1505
475,204,679
447,1491,1938
841,508,1349
963,596,1559
848,887,1735
606,658,1264
547,1968,2515
740,1675,2415
803,604,1407
1274,1418,2692
927,2425,3352
606,1385,1991
1204,932,2136
317,1532,1849
599,1072,1671
2167,845,3012
48,410,458
318,476,794
533,2244,2777
1229,1275,2504
78,828,906
739,339,1078
675,1139,1814
991,585,1576
113,851,964
1160,1159,2319
700,1250,1950
1725,648,2373
1073,690,1763
1279,651,1930
321,779,1100
1292,1644,2936
404,626,1030
452,847,1299
1202,453,1655
449,491,940
21,793,814
1112,1331,2443
815,1068,1883
787,482,1269
297,590,887
2212,744,2956
400,508,908
783,478,1261
382,1289,1671
2190,898,3088
649,1264,1913
1063,1084,2147
1100,459,1559
573,367,940
1781,915,2696
369,873,1242
881,828,1709
71,981,1052
557,874,1431
1786,562,2348
924,1057,1981
130,1370,1500
123,714,837
1063,430,1493
1332,1304,2636
950,1567,2517
623,440,1063
235,735,970
845,1457,2302
97,628,725
703,467,1170
435,655,1090
1061,1270,2331
92,1265,1357
378,489,867
481,666,1147
759,315,1074
87,1039,1126
349,885,1234
635,443,1078
1288,676,1964
403,844,1247
253,1527,1780
345,302,647
572,560,1132
665,1516,2181
136,462,598
856,1016,1872
711,943,1654
1082,396,1478
951,1312,2263
992,678,1670
306,1269,1575
1131,1187,2318
588,749,1337
209,659,868
236,959,1195
902,668,1570
231,936,1167
379,395,774
1256,325,1581
1309,416,1725
403,607,1010
1077,659,1736
966,315,1281
475,750,1225
383,851,1234
42,630,672
848,1551,2399
377,310,687
735,482,1217
585,594,1179
727,1379,2106
250,853,1103
365,1375,1740
794,1454,2248
514,802,1316
540,2203,2743
670,722,1392
242,300,542
202,2326,2528
848,404,1252
277,1156,1433
234,589,823
391,2133,2524
65,640,705
977,1386,2363
2007,552,2559
811,1291,2102
498,680,1178
532,1437,1969
2222,314,2536
542,605,1147
1435,685,2120
438,750,1188
28,1068,1096
390,429,819
565,1485,2050
574,1090,1664
263,575,838
492,952,1444
1791,358,2149
29,606,635
662,844,1506
1301,816,2117
221,581,802
583,1488,2071
1120,1104,2224
375,472,847
400,1168,1568
409,333,742
201,1284,1485
363,524,887
278,1306,1584
1311,933,2244
1085,805,1890
906,940,1846
459,461,920
312,1586,1898
1187,934,2121
52,689,741
29,612,641
841,349,1190
223,1237,1460
1215,909,2124
875,606,1481
1245,955,2200
804,1067,1871
819,817,1636
602,1206,1808
925,1391,2316
462,605,1067
800,765,1565
245,1296,1541
712,501,1213
942,937,1879
765,532,1297
519,1410,1929
488,1473,1961
801,1011,1812
930,1820,2750
428,819,1247
1266,1283,2549
115,660,775
852,1050,1902
1388,1252,2640
536,1028,1564
477,710,1187
688,1067,1755
440,325,765
1280,897,2177
833,991,1824
929,927,1856
1104,1133,2237
753,1005,1758
1010,913,1923
162,989,1151
472,656,1128
78,858,936
714,678,1392
198,1792,1990
867,1018,1885
328,740,1068
1504,544,2048
522,1092,1614
957,652,1609
231,785,1016
1210,543,1753
1379,992,2371
763,362,1125
203,939,1142
695,1013,1708
513,1653,2166
725,529,1254
281,1530,1811
995,627,1622
782,700,1482
369,1136,1505
1335,535,1870
399,671,1070
588,1325,1913
1430,522,1952
1122,1173,2295
513,1115,1628
823,508,1331
961,474,1435
635,571,1206
632,689,1321
427,540,967
836,879,1715
658,844,1502
618,1562,2180
899,1280,2179
822,900,1722
419,620,1039
1422,341,1763
712,1598,2310
472,661,1133
1046,618,1664
732,697,1429
482,865,1347
822,1183,2005
480,1400,1880
426,722,1148
1021,1059,2080
610,578,1188
1110,568,1678
480,793,1273
893,1270,2163
180,734,914
702,575,1277
270,1173,1443
862,965,1827
377,594,971
1490,631,2121
927,723,1650
531,807,1338
844,1137,1981
658,1748,2406
281,848,1129
411,591,1002
407,1195,1602
575,412,987
782,974,1756
624,554,1178
795,918,1713
391,1016,1407
1348,582,1930
545,1634,2179
443,528,971
1036,696,1732
139,714,853
726,650,1376
1091,1076,2167
403,440,843
1485,644,2129
342,1087,1429
665,383,1048
623,571,1194
1026,473,1499
197,1241,1438
770,583,1353
1148,897,2045
492,1166,1658
464,586,1050
962,974,1936
329,627,956
503,674,1177
566,1016,1582
349,662,1011
1615,613,2228
220,830,1050
967,467,1434
1512,769,2281
552,990,1542
236,755,991
1197,442,1639
283,629,912
1066,1282,2348
484,386,870
897,426,1323
397,865,1262
1023,526,1549
579,941,1520
557,482,1039
546,1031,1577
684,753,1437
752,1373,2125
332,538,870
993,376,1369
597,691,1288
383,748,1131
474,582,1056
599,620,1219
854,1218,2072
751,442,1193
474,780,1254
781,1205,1986
884,1250,2134
518,1306,1824
557,423,980
185,702,887
1223,959,2182
248,766,1014
816,733,1549
534,783,1317
1243,775,2018
805,1175,1980
941,1072,2013
285,621,906
613,820,1433
1133,488,1621
216,554,770
536,711,1247
892,364,1256
358,934,1292
941,683,1624
687,958,1645
379,698,1077
81,1322,1403
422,880,1302
395,814,1209
418,551,969
71,930,1001
677,748,1425
281,1547,1828
432,663,1095
283,799,1082
581,900,1481
463,702,1165
633,890,1523
438,647,1085
327,759,1086
1178,561,1739
1285,611,1896
156,947,1103
702,593,1295
891,388,1279
497,1351,1848
558,804,1362
945,919,1864
610,1541,2151
686,705,1391
746,835,1581
704,644,1348
665,995,1660
538,331,869
571,965,1536
1204,358,1562
699,1062,1761
1306,871,2177
870,923,1793
638,819,1457
924,761,1685
898,1276,2174
729,1328,2057
397,1467,1864
1004,736,1740
1053,1033,2086
549,1126,1675
987,949,1936
556,1180,1736
665,666,1331
913,583,1496
1033,580,1613
1492,1259,2751
836,795,1631
802,969,1771
990,1026,2016
614,905,1519
587,1182,1769
343,625,968
907,971,1878
1317,1225,2542
26,970,996
770,562,1332
1087,577,1664
595,393,988
843,962,1805
1399,1112,2511
563,461,1024
1004,466,1470
627,392,1019
613,1027,1640
383,675,1058
245,974,1219
860,719,1579
674,383,1057
1051,1025,2076
664,1310,1974
770,467,1237
1419,494,1913
614,880,1494
834,1704,2538
514,627,1141
1031,862,1893
788,686,1474
807,562,1369
898,1015,1913
1106,842,1948
727,663,1390
473,798,1271
827,753,1580
1099,277,1376
936,579,1515
732,530,1262
342,538,880
73,489,562
673,520,1193
1160,938,2098
38,485,523
780,610,1390
484,1677,2161
947,584,1531
182,456,638
439,620,1059
433,947,1380
337,371,708
806,734,1540
872,1118,1990
187,674,861
248,610,858
25,899,924
1450,733,2183
288,562,850
68,609,677
464,1091,1555
373,859,1232
321,720,1041
192,1980,2172
582,1231,1813
437,682,1119
132,785,917
209,703,912
22,652,674
620,550,1170
556,361,917
23,888,911
584,860,1444
383,508,891
242,715,957
437,926,1363
505,794,1299
385,1044,1429
821,643,1464
132,773,905
941,596,1537
872,677,1549
821,1703,2524
204,1350,1554
504,167,671
1561,1453,3014
376,1241,1617
326,797,1123
429,445,874
193,890,1083
466,1372,1838
1148,590,1738
252,1039,1291
285,1160,1445
556,555,1111
675,720,1395
619,1212,1831
448,806,1254
805,212,1017
749,907,1656
464,1298,1762
580,820,1400
1709,1109,2818
608,822,1430
190,1571,1761
310,766,1076
415,865,1280
205,930,1135
893,719,1612
261,972,1233
1311,1237,2548
454,709,1163
1112,698,1810
287,1499,1786
1231,821,2052
654,547,1201
531,827,1358
779,1178,1957
851,917,1768
619,662,1281
914,764,1678
746,487,1233
827,449,1276
706,566,1272
1054,851,1905
734,413,1147
406,1026,1432
1037,553,1590
425,443,868
623,672,1295
682,956,1638
457,446,903
594,591,1185
730,1260,1990
570,1172,1742
533,753,1286
1389,747,2136
854,450,1304
665,711,1376
1041,1004,2045
523,456,979
405,1076,1481
432,615,1047
136,1189,1325
469,467,936
381,451,832
453,734,1187
919,639,1558
932,562,1494
1283,985,2268
454,740,1194
1180,1394,2574
989,825,1814
290,479,769
987,1592,2579
283,689,972
355,731,1086
352,672,1024
857,1590,2447
716,1172,1888
455,935,1390
443,965,1408
1303,384,1687
675,1041,1716
395,1110,1505
497,765,1262
1416,325,1741
723,621,1344
374,836,1210
630,1188,1818
971,571,1542
1075,896,1971
335,1062,1397
654,465,1119
356,727,1083
549,696,1245
606,991,1597
345,491,836
792,849,1641
635,1321,1956
1122,1026,2148
422,883,1305
751,541,1292
888,1099,1987
1078,556,1634
734,536,1270
816,673,1489
1134,550,1684
517,941,1458
1047,933,1980
935,463,1398
444,897,1341
496,432,928
791,634,1425
552,737,1289
528,1090,1618
1103,464,1567
744,605,1349
800,610,1410
552,832,1384
1547,263,1810
374,457,831
953,687,1640
520,786,1306
735,1002,1737
853,745,1598
652,555,1207
315,801,1116
503,560,1063
701,1147,1848
77,1004,1081
271,434,705
1047,441,1488
440,820,1260
511,952,1463
530,789,1319
127,1258,1385
376,795,1171
579,928,1507
440,786,1226
547,351,898
1029,536,1565
374,809,1183
402,730,1132
355,1296,1651
1023,149,1172
227,1224,1451
669,633,1302
277,532,809
760,723,1483
564,777,1341
128,743,871
449,556,1005
1010,142,1152
338,656,994
627,468,1095
200,566,766
497,280,777
534,464,998
686,457,1143
381,446,827
50,283,333
341,1131,1472
628,593,1221
713,795,1508
840,1311,2151
258,1068,1326
634,719,1353
704,381,1085
459,329,788
411,897,1308
199,425,624
1164,413,1577
140,479,619
541,695,1236
205,448,653
1220,912,2132
725,686,1411
172,500,672
560,593,1153
393,326,719
676,701,1377
344,378,722
62,289,351
843,1683,2526
499,397,896
179,335,514
650,759,1409
384,866,1250
250,323,573
605,1889,2494
529,831,1360
91,793,884
526,1765,2291
666,2271,2937
777,1597,2374
156,345,501
1018,861,1879
1138,1883,3021
523,413,936
86,1071,1157
896,985,1881
144,923,1067
786,2068,2854
265,342,607
216,624,840
293,1221,1514
634,1793,2427
321,705,1026
156,977,1133
503,829,1332
608,727,1335
532,896,1428
290,1057,1347
1762,1070,2832
1533,1030,2563
52,735,787
229,968,1197
1697,1079,2776
734,1038,1772
1177,1440,2617
601,898,1499
297,1569,1866
1999,862,2861
1388,1660,3048
92,914,1006
512,833,1345
1965,1000,2965
1755,1001,2756
619,573,1192
829,883,1712
746,1318,2064
1699,910,2609
996,973,1969
663,503,1166
690,569,1259
970,628,1598
643,1068,1711
711,642,1353
286,1470,1756
811,975,1786
656,1331,1987
754,649,1403
672,727,1399
978,990,1968
732,692,1424
773,578,1351
849,660,1509
695,550,1245
353,1566,1919
768,711,1479
240,529,769
812,674,1486
901,662,1563
439,430,869
694,649,1343
869,549,1418
760,867,1627
487,431,918
329,1391,1720
1110,984,2094
1486,555,2041
919,562,1481
772,649,1421
257,716,973
1451,707,2158
605,700,1305
405,638,1043
419,757,1176
1238,725,1963
740,1316,2056
906,894,1800
523,577,1100
980,762,1742
517,1494,2011
1141,1067,2208
406,784,1190
920,906,1826
593,665,1258
1420,772,2192
454,300,754
857,1059,1916
1273,972,2245
54,899,953
580,639,1219
515,902,1417
1053,537,1590
797,686,1483
387,908,1295
663,1238,1901
475,1138,1613
1248,1179,2427
102,867,969
644,942,1586
1248,720,1968
195,1176,1371
466,610,1076
402,1042,1444
640,749,1389
425,1014,1439
425,1092,1517
773,460,1233
315,1084,1399
126,1496,1622
702,591,1293
594,548,1142
655,1041,1696
745,1418,2163
599,1903,2502
918,477,1395
419,836,1255
862,1465,2327
514,1213,1727
679,844,1523
670,421,1091
651,1229,1880
943,945,1888
800,890,1690
84,1655,1739
982,1498,2480
1521,416,1937
840,552,1392
323,425,748
447,1355,1802
903,772,1675
866,409,1275
637,1384,2021
614,1098,1712
807,1391,2198
944,1191,2135
1461,291,1752
730,667,1397
78,588,666
1129,560,1689
372,706,1078
434,1898,2332
670,649,1319
709,1320,2029
1265,760,2025
1361,334,1695
221,1805,2026
165,683,848
689,607,1296
467,713,1180
754,1789,2543
256,670,926
1227,789,2016
1214,830,2044
905,1511,2416
452,2133,2585
262,728,990
600,623,1223
294,826,1120
74,479,553
435,630,1065
987,579,1566
869,718,1587
958,989,1947
341,595,936
948,664,1612
444,750,1194
170,658,828
579,691,1270
491,531,1022
1817,578,2395
1382,1364,2746
268,686,954
505,1337,1842
1700,1252,2952
434,728,1162
403,553,956
329,651,980
375,681,1056
333,451,784
1704,673,2377
76,740,816
501,1297,1798
353,671,1024
2026,743,2769
554,648,1202
762,1232,1994
521,759,1280
1166,784,1950
575,697,1272
1432,782,2214
467,733,1200
1250,346,1596
495,902,1397
580,698,1278
438,874,1312
935,602,1537
166,1146,1312
457,745,1202
485,640,1125
560,463,1023
289,641,930
374,1208,1582
488,901,1389
182,809,991
1175,477,1652
574,607,1181
604,298,902
484,458,942
468,881,1349
220,788,1008
683,310,993
509,952,1461
558,811,1369
453,595,1048
758,644,1402
1108,769,1877
611,861,1472
1063,279,1342
774,429,1203
329,1062,1391
1160,370,1530
652,454,1106
48,447,495
232,1077,1309
798,531,1329
907,663,1570
567,648,1215
57,473,530
436,744,1180
608,1144,1752
410,926,1336
189,327,516
576,790,1366
92,538,630
553,536,1089
674,735,1409
66,579,645
725,916,1641
367,571,938
731,729,1460
698,720,1418
244,429,673
969,576,1545
97,670,767
346,744,1090
932,572,1504
84,745,829
65,952,1017
42,950,992
100,949,1049
316,595,911
302,752,1054
45,1189,1234
394,587,981
304,978,1282
678,581,1259
427,828,1255
719,1152,1871
557,560,1117
381,725,1106
459,651,1110
404,561,965
303,864,1167
181,802,983
778,549,1327
710,620,1330
488,1031,1519
573,932,1505
1206,353,1559
606,887,1493
926,365,1291
550,971,1521
791,1784,2575
468,551,1019
350,955,1305
199,709,908
573,908,1481
956,1735,2691
478,373,851
771,765,1536
590,900,1490
449,1025,1474
529,968,1497
750,520,1270
509,966,1475
528,607,1135
815,882,1697
758,489,1247
514,781,1295
519,563,1082
895,932,1827
500,1171,1671
197,1138,1335
507,1337,1844
476,891,1367
720,831,1551
1259,944,2203
734,493,1227
406,692,1098
597,935,1532
1633,642,2275
709,325,1034
757,827,1584
231,719,950
602,945,1547
149,574,723
605,494,1099
670,793,1463
894,666,1560
59,1071,1130
294,585,879
582,587,1169
269,744,1013
126,1069,1195
639,1123,1762
858,987,1845
1146,627,1773
611,610,1221
1002,712,1714
363,735,1098
638,588,1226
345,888,1233
623,1868,2491
133,931,1064
1008,829,1837
721,655,1376
613,483,1096
756,905,1661
604,723,1327
326,535,861
772,600,1372
803,761,1564
389,1156,1545
464,576,1040
579,677,1256
716,594,1310
982,703,1685
391,1021,1412
490,694,1184
831,306,1137
949,798,1747
453,949,1402
421,486,907
587,490,1077
754,821,1575
487,494,981
438,1016,1454
275,764,1039
487,524,1011
694,1713,2407
539,1242,1781
816,719,1535
518,1118,1636
468,331,799
529,552,1081
1087,314,1401
548,1788,2336
728,356,1084
186,967,1153
718,563,1281
592,1187,1779
947,1833,2780
354,657,1011
662,1627,2289
551,1124,1675
1792,1199,2991
632,683,1315
797,546,1343
979,483,1462
612,425,1037
439,379,818
624,321,945
673,458,1131
856,514,1370
440,939,1379
1092,639,1731
730,264,994
442,667,1109
334,628,962
608,1549,2157
49,279,328
665,1722,2387
398,642,1040
1694,671,2365
209,661,870
875,612,1487
331,717,1048
1652,937,2589
160,710,870
200,940,1140
1749,925,2674
861,1525,2386
528,713,1241
1500,674,2174
512,700,1212
1014,663,1677
75,963,1038
43,285,328
268,789,1057
390,943,1333
471,857,1328
190,1100,1290
92,639,731
290,805,1095
244,1263,1507
466,1709,2175
1199,702,1901
568,726,1294
514,839,1353
270,625,895
301,682,983
153,638,791
573,721,1294
887,778,1665
1639,686,2325
348,676,1024
484,578,1062
753,911,1664
623,733,1356
420,642,1062
238,772,1010
381,799,1180
1077,816,1893
700,469,1169
1442,813,2255
590,510,1100
679,533,1212
444,463,907
1038,683,1721
504,836,1340
696,715,1411
683,663,1346
750,877,1627
462,508,970
355,631,986
852,587,1439
1617,866,2483
498,892,1390
773,1676,2449
260,823,1083
610,366,976
599,903,1502
509,656,1165
418,739,1157
557,572,1129
334,893,1227
797,902,1699
508,1348,1856
638,631,1269
21,584,605
623,690,1313
514,737,1251
24,862,886
268,489,757
492,929,1421
91,794,885
245,777,1022
293,669,962
469,600,1069
546,973,1519
265,660,925
740,1665,2405
572,1519,2091
199,765,964
767,1721,2488
388,653,1041
444,585,1029
832,809,1641
817,1037,1854
520,606,1126
488,1002,1490
522,759,1281
466,1612,2078
530,1182,1712
512,745,1257
628,687,1315
350,689,1039
1339,1158,2497
710,742,1452
1662,623,2285
244,1061,1305
658,1015,1673
474,1137,1611
206,1538,1744
704,1028,1732
535,1006,1541
635,1012,1647
595,1079,1674
975,1013,1988
269,1080,1349
1349,1486,2835
1159,899,2058
666,748,1414
652,1040,1692
324,1748,2072
301,1022,1323
613,1133,1746
597,1069,1666
627,1021,1648
630,1012,1642
557,1176,1733
500,1584,2084
855,710,1565
855,632,1487
615,1976,2591
905,553,1458
670,1018,1688
662,806,1468
490,908,1398
505,1893,2398
413,1281,1694
936,694,1630
550,1965,2515
1088,904,1992
1045,224,1269
1093,469,1562
920,922,1842
657,1084,1741
1282,1116,2398
959,430,1389
1218,1069,2287
1358,1141,2499
1066,635,1701
1403,1513,2916
452,1520,1972
1179,489,1668
1155,557,1712
1097,869,1966
878,1139,2017
771,591,1362
1689,729,2418
462,490,952
1062,2055,3117
894,394,1288
1323,1023,2346
1051,1002,2053
643,366,1009
1153,606,1759
1106,856,1962
684,383,1067
1821,772,2593
1356,1255,2611
452,455,907
1021,696,1717
138,378,516
1498,547,2045
1398,293,1691
1788,899,2687
156,387,543
981,782,1763
634,483,1117
501,625,1126
1208,562,1770
914,363,1277
1053,770,1823
602,381,983
1952,384,2336
325,338,663
781,515,1296
56,659,715
233,476,709
623,736,1359
156,580,736
1035,267,1302
965,326,1291
420,327,747
275,660,935
257,861,1118
1377,351,1728
689,486,1175
700,506,1206
705,315,1020
84,744,828
74,802,876
46,281,327
69,815,884
478,987,1465
707,1051,1758
746,641,1387
40,793,833
199,890,1089
62,1073,1135
517,895,1412
356,1282,1638
29,1081,1110
94,595,689
909,1044,1953
122,1081,1203
66,780,846
66,1059,1125
36,1084,1120
51,596,647
85,1255,1340
703,1132,1835
477,619,1096
33,1252,1285
30,858,888
44,1257,1301
82,1253,1335
223,1038,1261
484,726,1210
641,889,1530
195,1364,1559
577,930,1507
890,566,1456
576,848,1424
588,1086,1674
832,541,1373
611,965,1576
594,988,1582
805,873,1678
393,997,1390
989,610,1599
408,1095,1503
1240,447,1687
1113,537,1650
899,576,1475
687,977,1664
862,761,1623
954,567,1521
189,1070,1259
834,958,1792
781,314,1095
164,797,961
1124,493,1617
775,410,1185
196,1735,1931
485,788,1273
763,625,1388
579,1469,2048
1008,997,2005
792,459,1251
630,545,1175
851,1392,2243
719,737,1456
488,1526,2014
107,928,1035
523,407,930
681,889,1570
387,820,1207
817,766,1583
483,849,1332
933,1232,2165
605,712,1317
400,691,1091
1008,783,1791
1277,684,1961
472,846,1318
76,556,632
547,1465,2012
352,1148,1500
821,468,1289
590,329,919
549,796,1345
864,940,1804
1133,454,1587
78,838,916
246,654,900
320,1331,1651
349,1263,1612
698,1414,2112
127,848,975
775,895,1670
405,1101,1506
1139,580,1719
486,459,945
862,955,1817
478,951,1429
492,1296,1788
688,1097,1785
656,832,1488
233,812,1045
1359,674,2033
567,794,1361
250,673,923
160,821,981
423,1207,1630
1317,978,2295
669,570,1239
787,743,1530
683,773,1456
727,496,1223
284,773,1057
702,965,1667
1386,1476,2862
733,548,1281
748,812,1560
737,795,1532
949,678,1627
248,804,1052
954,910,1864
596,857,1453
516,1358,1874
1235,1502,2737
261,555,816
902,1128,2030
251,746,997
579,1409,1988
687,811,1498
845,613,1458
232,1337,1569
828,1122,1950
517,1069,1586
1126,951,2077
554,406,960
489,555,1044
237,1721,1958
356,1031,1387
1035,724,1759
411,853,1264
1107,820,1927
385,1633,2018
971,1127,2098
217,1038,1255
814,516,1330
1375,764,2139
393,1051,1444
99,617,716
522,1047,1569
554,954,1508
1197,888,2085
780,949,1729
587,989,1576
553,1474,2027
353,1318,1671
277,966,1243
833,804,1637
139,915,1054
402,1572,1974
709,621,1330
968,834,1802
334,656,990
1010,702,1712
747,693,1440
1183,869,2052
472,984,1456
577,495,1072
504,766,1270
333,753,1086
258,913,1171
648,880,1528
404,595,999
761,1159,1920
1283,724,2007
559,667,1226
994,1406,2400
875,722,1597
675,908,1583
936,964,1900
409,908,1317
191,904,1095
566,288,854
1345,1127,2472
546,1171,1717
686,767,1453
590,914,1504
836,724,1560
790,1296,2086
528,1022,1550
1285,435,1720
419,869,1288
1281,874,2155
695,908,1603
876,384,1260
628,1057,1685
419,1145,1564
522,1080,1602
605,1150,1755
703,742,1445
894,1044,1938
1074,838,1912
501,835,1336
403,817,1220
1228,508,1736
740,840,1580
977,670,1647
206,1687,1893
1010,509,1519
579,706,1285
767,670,1437
705,744,1449
661,318,979
722,818,1540
363,876,1239
582,608,1190
301,292,593
920,739,1659
819,672,1491
638,455,1093
279,1326,1605
682,526,1208
977,659,1636
875,693,1568
640,1068,1708
525,1741,2266
180,1531,1711
716,1063,1779
558,737,1295
277,977,1254
804,1824,2628
512,1152,1664
337,945,1282
371,423,794
640,1105,1745
837,1147,1984
538,508,1046
581,672,1253
1078,666,1744
789,958,1747
341,523,864
697,303,1000
318,310,628
1487,979,2466
482,356,838
430,784,1214
1527,871,2398
371,324,695
267,1357,1624
1774,534,2308
745,487,1232
320,578,898
887,525,1412
836,574,1410
719,402,1121
583,704,1287
128,856,984
442,311,753
784,1280,2064
1326,475,1801
480,993,1473
639,260,899
241,1261,1502
605,823,1428
247,556,803
200,446,646
407,1278,1685
473,659,1132
219,588,807
833,966,1799
160,545,705
169,1124,1293
802,880,1682
1065,1097,2162
777,839,1616
376,356,732
295,1272,1567
606,549,1155
993,1122,2115
867,1033,1900
200,558,758
1147,766,1913
405,941,1346
317,635,952
582,1171,1753
407,703,1110
1200,642,1842
461,554,1015
263,1291,1554
786,1150,1936
1080,785,1865
991,662,1653
557,1327,1884
689,478,1167
372,469,841
158,892,1050
144,1163,1307
958,764,1722
1261,668,1929
560,762,1322
206,743,949
578,955,1533
275,618,893
313,757,1070
306,738,1044
565,390,955
419,1605,2024
575,1475,2050
334,729,1063
640,392,1032
856,1308,2164
571,1248,1819
979,1452,2431
697,361,1058
1080,1068,2148
211,1093,1304
1168,1487,2655
917,911,1828
664,1446,2110
421,408,829
335,1118,1453
599,1394,1993
238,1337,1575
292,553,845
1093,373,1466
127,1393,1520
1253,917,2170
213,1350,1563
307,467,774
701,394,1095
508,978,1486
434,1485,1919
902,1670,2572
999,1438,2437
1181,401,1582
561,1005,1566
522,1895,2417
580,1019,1599
548,693,1241
1242,587,1829
886,743,1629
1244,505,1749
419,1542,1961
358,453,811
1014,593,1607
681,1174,1855
1164,855,2019
1171,517,1688
812,2020,2832
933,653,1586
132,782,914
1193,993,2186
1060,2021,3081
879,726,1605
936,448,1384
1285,842,2127
1242,662,1904
313,854,1167
1079,1019,2098
395,596,991
1739,467,2206
1234,1757,2991
531,603,1134
804,1034,1838
965,852,1817
255,1187,1442
1322,1130,2452
150,766,916
654,751,1405
1772,855,2627
398,655,1053
701,1072,1773
1182,477,1659
535,1046,1581
699,640,1339
629,453,1082
506,643,1149
90,772,862
1384,1052,2436
321,1080,1401
607,740,1347
730,586,1316
386,701,1087
819,312,1131
2083,597,2680
439,715,1154
945,960,1905
792,653,1445
1822,889,2711
457,847,1304
498,637,1135
967,746,1713
121,430,551
777,455,1232
436,1754,2190
901,577,1478
551,997,1548
939,684,1623
702,778,1480
729,635,1364
654,624,1278
1027,522,1549
271,594,865
181,495,676
385,881,1266
553,647,1200
774,1069,1843
832,692,1524
195,730,925
621,693,1314
602,1129,1731
429,554,983
456,445,901
488,752,1240
711,473,1184
371,700,1071
862,679,1541
808,797,1605
397,716,1113
50,1774,1824
665,883,1548
612,804,1416
320,619,939
161,469,630
389,919,1308
567,822,1389
831,705,1536
747,494,1241
483,1961,2444
654,509,1163
702,1447,2149
686,598,1284
545,737,1282
381,396,777
644,692,1336
554,447,1001
769,757,1526
233,608,841
1612,988,2600
153,775,928
973,792,1765
379,752,1131
220,958,1178
246,737,983
48,548,596
618,447,1065
144,1509,1653
609,781,1390
307,689,996
440,820,1260
362,679,1041
217,600,817
434,804,1238
557,984,1541
333,784,1117
421,745,1166
1665,1216,2881
344,1140,1484
351,572,923
1894,1044,2938
391,717,1108
354,864,1218
619,1475,2094
667,494,1161
672,526,1198
83,785,868
590,1143,1733
318,974,1292
443,685,1128
869,944,1813
638,1237,1875
1312,1162,2474
599,792,1391
1164,865,2029
676,683,1359
235,1188,1423
986,448,1434
526,855,1381
237,684,921
558,1084,1642
551,623,1174
711,896,1607
688,575,1263
902,840,1742
1444,1180,2624
431,1314,1745
491,892,1383
320,950,1270
505,852,1357
939,151,1090
530,854,1384
815,1434,2249
360,1176,1536
855,1126,1981
1034,614,1648
631,862,1493
822,883,1705
943,1382,2325
80,356,436
900,847,1747
280,1082,1362
718,1225,1943
190,442,632
236,390,626
539,891,1430
784,839,1623
246,448,694
1066,1207,2273
1098,527,1625
846,1107,1953
408,834,1242
259,507,766
500,421,921
1019,991,2010
753,1026,1779
127,428,555
858,1210,2068
799,934,1733
298,400,698
267,641,908
893,1361,2254
556,396,952
1116,717,1833
219,843,1062
398,787,1185
259,557,816
1311,561,1872
390,411,801
631,594,1225
663,726,1389
721,529,1250
292,966,1258
416,502,918
351,457,808
814,597,1411
395,598,993
364,587,951
865,541,1406
837,569,1406
151,936,1087
277,557,834
631,526,1157
323,850,1173
665,713,1378
322,500,822
1109,927,2036
492,433,925
987,621,1608
413,850,1263
688,393,1081
157,476,633
471,498,969
574,542,1116
874,554,1428
321,2504,2825
54,671,725
191,555,746
449,1447,1896
140,627,767
296,492,788
839,420,1259
621,663,1284
520,1219,1739
387,613,1000
437,625,1062
477,702,1179
415,547,962
561,1501,2062
373,622,995
531,587,1118
254,769,1023
369,1619,1988
590,738,1328
228,730,958
302,676,978
216,748,964
220,685,905
1007,1139,2146
241,697,938
431,656,1087
1334,714,2048
836,2048,2884
340,446,786
454,966,1420
330,1113,1443
536,384,920
755,1457,2212
505,954,1459
544,422,966
480,595,1075
1401,631,2032
97,2665,2762
660,967,1627
597,597,1194
1346,547,1893
527,612,1139
1130,1065,2195
716,811,1527
344,829,1173
653,419,1072
1881,1046,2927
445,881,1326
649,599,1248
601,474,1075
505,578,1083
563,780,1343
442,805,1247
1039,879,1918
367,1683,2050
547,643,1190
525,682,1207
791,700,1491
288,597,885
580,600,1180
372,910,1282
767,693,1460
492,580,1072
1360,754,2114
561,1468,2029
440,476,916
840,743,1583
485,502,987
470,760,1230
817,636,1453
791,571,1362
325,549,874
888,565,1453
708,566,1274
207,817,1024
736,437,1173
572,1323,1895
520,707,1227
564,523,1087
651,486,1137
524,505,1029
639,585,1224
1928,1170,3098
691,718,1409
575,480,1055
1427,808,2235
529,727,1256
280,1206,1486
216,379,595
649,589,1238
2630,1447,4077
854,901,1755
172,481,653
1376,899,2275
391,846,1237
597,1151,1748
623,758,1381
284,465,749
934,1380,2314
635,901,1536
541,612,1153
1199,850,2049
611,768,1379
740,1084,1824
348,770,1118
778,1090,1868
431,331,762
994,869,1863
1114,1403,2517
702,792,1494
499,1190,1689
129,833,962
736,472,1208
411,436,847
657,493,1150
750,1918,2668
391,658,1049
404,753,1157
1299,696,1995
488,1968,2456
532,1299,1831
249,1011,1260
754,478,1232
324,769,1093
775,691,1466
759,562,1321
202,1467,1669
379,953,1332
667,678,1345
881,795,1676
421,847,1268
1114,588,1702
1298,886,2184
641,1045,1686
125,700,825
1003,1696,2699
446,1305,1751
788,1174,1962
1398,323,1721
1847,973,2820
293,1300,1593
765,1137,1902
689,1245,1934
658,1436,2094
1437,820,2257
691,924,1615
650,1237,1887
326,749,1075
987,1072,2059
445,836,1281
208,1000,1208
269,1141,1410
747,1407,2154
1275,713,1988
220,1146,1366
604,1044,1648
644,661,1305
734,461,1195
926,412,1338
423,1192,1615
604,804,1408
457,847,1304
1138,401,1539
891,518,1409
262,1314,1576
337,665,1002
662,827,1489
690,605,1295
931,1246,2177
665,787,1452
1010,603,1613
265,767,1032
756,362,1118
846,778,1624
807,847,1654
715,1079,1794
32,573,605
502,970,1472
675,1260,1935
545,615,1160
326,695,1021
693,632,1325
787,453,1240
918,790,1708
1100,570,1670
247,565,812
724,1297,2021
880,1180,2060
841,1103,1944
601,611,1212
316,596,912
150,509,659
23,569,592
1162,752,1914
883,922,1805
490,1470,1960
1036,998,2034
1011,822,1833
131,732,863
444,423,867
830,1144,1974
193,783,976
43,577,620
717,764,1481
1099,1052,2151
966,818,1784
361,779,1140
205,993,1198
624,892,1516
264,943,1207
1057,613,1670
466,735,1201
238,560,798
530,672,1202
614,994,1608
915,938,1853
789,723,1512
410,770,1180
337,1209,1546
403,903,1306
212,1044,1256
419,769,1188
340,969,1309
337,1036,1373
1203,879,2082
878,767,1645
679,730,1409
318,1194,1512
638,943,1581
869,568,1437
1123,1477,2600
599,886,1485
652,980,1632
1013,516,1529
717,1498,2215
394,1058,1452
616,738,1354
654,813,1467
715,1150,1865
642,572,1214
848,992,1840
525,918,1443
980,709,1689
971,904,1875
776,534,1310
703,487,1190
657,706,1363
580,687,1267
822,841,1663
647,832,1479
843,406,1249
911,638,1549
817,671,1488
921,981,1902
181,386,567
1132,765,1897
953,693,1646
202,586,788
207,400,607
1432,283,1715
932,747,1679
697,760,1457
610,287,897
1025,968,1993
853,940,1793
39,328,367
938,743,1681
907,910,1817
779,550,1329
55,335,390
466,736,1202
448,1445,1893
106,326,432
550,327,877
787,465,1252
753,1169,1922
160,320,480
565,841,1406
303,700,1003
1012,586,1598
1014,649,1663
872,927,1799
364,651,1015
615,849,1464
1064,896,1960
61,654,715
74,908,982
1103,307,1410
756,1317,2073
235,764,999
581,492,1073
470,1018,1488
687,1109,1796
204,737,941
780,229,1009
594,474,1068
170,905,1075
497,1057,1554
818,263,1081
209,494,703
597,1215,1812
764,376,1140
298,1361,1659
730,1014,1744
36,901,937
642,361,1003
953,952,1905
540,1317,1857
687,280,967
353,329,682
430,316,746
237,346,583
630,1331,1961
81,364,445
420,355,775
399,1022,1421
513,536,1049
147,361,508
622,588,1210
103,1183,1286
795,257,1052
473,1103,1576
951,1162,2113
515,886,1401
564,232,796
216,1018,1234
858,407,1265
110,989,1099
225,575,800
191,1296,1487
373,602,975
171,1391,1562
757,1063,1820
131,240,371
420,355,775
265,1341,1606
1101,872,1973
599,394,993
908,729,1637
549,439,988
758,891,1649
814,732,1546
173,372,545
535,536,1071
1026,955,1981
818,792,1610
203,536,739
146,536,682
1306,307,1613
1007,730,1737
127,545,672
911,1047,1958
271,504,775
1108,1084,2192
146,1072,1218
1002,572,1574
117,723,840
957,593,1550
1251,455,1706
775,762,1537
515,688,1203
154,598,752
189,689,878
569,694,1263
677,1834,2511
154,985,1139
927,1233,2160
560,678,1238
714,556,1270
470,858,1328
267,862,1129
298,931,1229
448,370,818
561,654,1215
515,696,1211
1220,1093,2313
153,808,961
325,940,1265
490,537,1027
887,1837,2724
371,828,1199
331,1055,1386
679,528,1207
842,2000,2842
609,643,1252
34,1012,1046
694,794,1488
634,555,1189
409,1117,1526
619,588,1207
514,1133,1647
1000,870,1870
718,269,987
463,639,1102
527,688,1215
1797,734,2531
593,1062,1655
64,356,420
459,698,1157
620,570,1190
1210,813,2023
831,862,1693
486,649,1135
918,366,1284
671,747,1418
758,900,1658
1580,476,2056
760,877,1637
717,541,1258
247,506,753
1031,547,1578
459,1173,1632
123,354,477
803,719,1522
815,697,1512
712,853,1565
274,553,827
885,653,1538
977,1111,2088
83,561,644
650,191,841
322,1367,1689
185,653,838
304,688,992
49,1009,1058
564,654,1218
659,650,1309
272,821,1093
113,568,681
353,416,769
597,1225,1822
364,792,1156
443,483,926
334,829,1163
988,921,1909
287,1113,1400
695,640,1335
653,711,1364
393,1247,1640
637,810,1447
248,855,1103
493,542,1035
986,680,1666
819,845,1664
319,967,1286
930,647,1577
708,692,1400
636,844,1480
412,591,1003
479,1155,1634
509,679,1188
523,976,1499
72,1022,1094
695,652,1347
433,555,988
689,934,1623
1117,351,1468
954,564,1518
513,1430,1943
426,545,971
710,839,1549
1095,623,1718
847,853,1700
474,678,1152
662,721,1383
544,473,1017
715,1481,2196
212,934,1146
556,580,1136
488,707,1195
356,1633,1989
534,852,1386
1101,689,1790
488,696,1184
417,1611,2028
773,793,1566
1376,564,1940
494,983,1477
1236,439,1675
545,742,1287
598,639,1237
872,460,1332
1418,305,1723
430,752,1182
765,720,1485
1516,295,1811
579,734,1313
574,593,1167
597,1075,1672
387,302,689
225,845,1070
744,739,1483
762,465,1227
326,599,925
563,805,1368
308,231,539
404,706,1110
451,557,1008
580,1426,2006
247,830,1077
578,1140,1718
399,696,1095
631,291,922
419,907,1326
499,1182,1681
468,788,1256
722,678,1400
623,660,1283
558,961,1519
940,724,1664
422,537,959
547,797,1344
735,1554,2289
309,923,1232
51,260,311
476,828,1304
720,707,1427
955,1611,2566
667,781,1448
576,889,1465
1391,815,2206
645,616,1261
896,1507,2403
643,759,1402
516,710,1226
98,1116,1214
578,1514,2092
1283,778,2061
271,867,1138
884,661,1545
586,1659,2245
635,1529,2164
556,718,1274
1428,513,1941
443,866,1309
641,1519,2160
164,1128,1292
683,468,1151
520,661,1181
562,814,1376
235,1232,1467
1073,592,1665
804,1195,1999
739,1117,1856
812,1551,2363
568,546,1114
1053,1152,2205
1315,612,1927
411,863,1274
663,1835,2498
723,492,1215
445,608,1053
820,684,1504
1280,448,1728
1343,995,2338
632,457,1089
641,1105,1746
1502,297,1799
271,773,1044
751,326,1077
366,540,906
888,1170,2058
920,578,1498
1332,525,1857
1146,560,1706
299,676,975
733,1053,1786
475,1491,1966
688,463,1151
694,384,1078
861,794,1655
1618,438,2056
133,863,996
544,743,1287
910,788,1698
475,1421,1896
1499,668,2167
435,1093,1528
740,880,1620
820,446,1266
105,416,521
1162,370,1532
139,565,704
1076,619,1695
812,777,1589
1681,955,2636
104,647,751
314,534,848
146,773,919
714,507,1221
725,522,1247
222,565,787
91,793,884
465,1212,1677
853,1183,2036
64,567,631
906,796,1702
332,536,868
701,1323,2024
181,901,1082
125,915,1040
596,810,1406
512,355,867
1081,1095,2176
671,1441,2112
491,636,1127
31,152,183
917,699,1616
383,409,792
193,936,1129
61,1240,1301
731,580,1311
604,613,1217
182,1222,1404
1085,1319,2404
83,757,840
94,1640,1734
475,959,1434
132,928,1060
276,1306,1582
1026,571,1597
747,801,1548
404,1309,1713
583,1373,1956
383,1072,1455
303,1579,1882
179,1092,1271
172,949,1121
701,1059,1760
623,725,1348
662,555,1217
1067,935,2002
966,914,1880
511,893,1404
420,1577,1997
267,1176,1443
91,1401,1492
568,1072,1640
1409,775,2184
850,440,1290
1302,811,2113
1134,916,2050
1106,358,1464
1179,1048,2227
1249,703,1952
913,772,1685
1215,557,1772
182,1544,1726
480,823,1303
946,731,1677
1099,815,1914
476,1486,1962
1115,752,1867
575,603,1178
574,607,1181
1338,621,1959
300,959,1259
773,577,1350
45,400,445
847,1171,2018
981,827,1808
247,565,812
54,979,1033
742,823,1565
896,848,1744
436,1604,2040
454,955,1409
1098,1035,2133
736,1389,2125
687,940,1627
866,1210,2076
556,508,1064
206,863,1069
709,548,1257
1420,562,1982
425,431,856
157,802,959
310,858,1168
1249,615,1864
1433,272,1705
330,507,837
445,734,1179
1018,228,1246
676,414,1090
517,594,1111
779,535,1314
375,525,900
952,299,1251
73,700,773
546,645,1191
358,620,978
325,1049,1374
348,581,929
459,303,762
191,1162,1353
572,803,1375
1043,238,1281
840,459,1299
1218,605,1823
690,651,1341
277,1130,1407
896,1213,2109
517,271,788
390,764,1154
712,481,1193
438,1194,1632
561,398,959
555,452,1007
669,791,1460
526,324,850
383,1023,1406
1060,512,1572
939,277,1216
616,491,1107
730,712,1442
855,238,1093
585,1127,1712
289,1380,1669
549,924,1473
1028,581,1609
751,191,942
501,826,1327
93,334,427
665,687,1352
741,644,1385
195,575,770
1064,677,1741
486,306,792
799,226,1025
758,438,1196
286,506,792
1115,926,2041
176,716,892
774,361,1135
1263,654,1917
783,846,1629
253,730,983
141,554,695
38,520,558
963,868,1831
69,504,573
128,886,1014
443,327,770
1024,1318,2342
102,936,1038
155,1050,1205
400,568,968
67,617,684
48,660,708
107,546,653
506,302,808
1002,967,1969
1201,990,2191
194,920,1114
195,1003,1198
508,794,1302
564,949,1513
482,801,1283
109,872,981
150,556,706
62,745,807
143,1017,1160
121,843,964
802,563,1365
585,778,1363
228,500,728
442,842,1284
46,916,962
440,478,918
1063,492,1555
201,1299,1500
562,662,1224
163,562,725
441,653,1094
591,793,1384
645,560,1205
211,554,765
671,501,1172
438,430,868
869,592,1461
461,1423,1884
449,976,1425
375,745,1120
90,1016,1106
682,896,1578
808,442,1250
644,845,1489
530,625,1155
495,896,1391
559,880,1439
732,1171,1903
837,727,1564
506,1278,1784
357,906,1263
207,527,734
360,626,986
448,1296,1744
385,771,1156
291,425,716
471,651,1122
646,648,1294
746,480,1226
441,821,1262
589,886,1475
615,462,1077
1147,932,2079
551,772,1323
558,641,1199
416,547,963
631,551,1182
946,676,1622
878,780,1658
324,800,1124
1201,480,1681
786,316,1102
1153,1006,2159
373,540,913
179,723,902
388,620,1008
1065,898,1963
232,821,1053
341,998,1339
429,630,1059
509,473,982
741,376,1117
367,498,865
679,923,1602
593,409,1002
750,825,1575
480,504,984
198,1791,1989
45,636,681
569,1026,1595
339,507,846
225,609,834
492,709,1201
487,640,1127
843,515,1358
399,1072,1471
730,1307,2037
376,1620,1996
589,1683,2272
361,418,779
391,427,818
798,1499,2297
386,455,841
796,547,1343
522,993,1515
780,1284,2064
470,688,1158
635,861,1496
576,684,1260
421,739,1160
638,1093,1731
422,1644,2066
311,574,885
590,952,1542
1686,557,2243
570,653,1223
887,920,1807
428,462,890
477,875,1352
611,393,1004
316,813,1129
438,419,857
913,539,1452
780,682,1462
1268,631,1899
347,1142,1489
298,786,1084
613,465,1078
887,668,1555
1035,677,1712
381,477,858
193,699,892
783,560,1343
411,472,883
192,641,833
426,1514,1940
899,369,1268
264,467,731
243,1134,1377
134,1129,1263
1461,1113,2574
248,650,898
513,364,877
593,983,1576
171,1461,1632
590,977,1567
391,897,1288
577,440,1017
339,1024,1363
1571,1058,2629
285,378,663
1051,641,1692
523,922,1445
1336,533,1869
1444,991,2435
477,461,938
866,499,1365
879,368,1247
1371,1415,2786
816,613,1429
391,510,901
1055,776,1831
993,1450,2443
1015,480,1495
285,471,756
973,393,1366
694,366,1060
403,457,860
764,634,1398
550,1058,1608
639,814,1453
1248,504,1752
117,1430,1547
722,848,1570
771,759,1530
480,1121,1601
399,852,1251
153,725,878
235,725,960
195,729,924
717,279,996
586,402,988
684,1679,2363
470,275,745
635,994,1629
766,287,1053
663,1690,2353
303,1047,1350
519,320,839
352,1651,2003
261,1700,1961
955,654,1609
372,1409,1781
349,1794,2143
399,1224,1623
456,1119,1575
285,354,639
281,1678,1959
560,301,861
145,531,676
1013,764,1777
1610,197,1807
567,1280,1847
354,1169,1523
557,1238,1795
1041,959,2000
373,2031,2404
195,534,729
1294,1685,2979
1665,404,2069
1563,528,2091
330,1271,1601
516,969,1485
1347,1700,3047
1658,587,2245
714,1228,1942
932,446,1378
1112,548,1660
1034,1225,2259
299,574,873
647,597,1244
1582,993,2575
1071,1651,2722
576,1197,1773
461,719,1180
81,560,641
1390,567,1957
841,825,1666
1935,691,2626
214,458,672
1320,565,1885
1067,907,1974
1070,671,1741
327,629,956
214,694,908
815,636,1451
120,763,883
1421,513,1934
882,893,1775
562,630,1192
685,397,1082
506,514,1020
332,806,1138
179,635,814
235,601,836
113,724,837
514,815,1329
1161,590,1751
316,532,848
1215,1041,2256
260,467,727
363,490,853
1073,1606,2679
360,672,1032
397,556,953
634,682,1316
80,642,722
318,627,945
841,172,1013
991,756,1747
536,962,1498
1123,1398,2521
365,610,975
280,558,838
218,958,1176
143,2131,2274
115,699,814
553,615,1168
356,924,1280
234,2268,2502
811,1110,1921
452,427,879
559,817,1376
862,3233,4095
352,493,845
852,532,1384
351,1056,1407
558,1932,2490
1565,519,2084
563,525,1088
516,575,1091
529,1086,1615
987,447,1434
867,478,1345
269,1119,1388
226,373,599
536,907,1443
457,757,1214
430,168,598
471,3728,4199
697,873,1570
483,175,658
408,4067,4475
298,1343,1641
837,769,1606
2150,768,2918
1139,877,2016
1027,956,1983
27,973,1000
574,1574,2148
816,1039,1855
3189,1318,4507
183,290,473
728,1557,2285
936,1158,2094
268,874,1142
676,1082,1758
197,820,1017
292,1904,2196
561,325,886
1924,1248,3172
1382,877,2259
661,1674,2335
1504,1536,3040
48,1339,1387
429,707,1136
3531,1008,4539
553,671,1224
51,487,538
501,524,1025
350,767,1117
1538,784,2322
936,1399,2335
629,986,1615
437,961,1398
1112,681,1793
445,845,1290
946,824,1770
799,536,1335
684,667,1351
444,1061,1505
584,504,1088
719,667,1386
420,719,1139
790,364,1154
3859,836,4695
551,1076,1627
1269,515,1784
146,346,492
1283,508,1791
746,1245,1991
716,1016,1732
591,789,1380
625,572,1197
904,1292,2196
909,1006,1915
622,699,1321
197,331,528
360,1387,1747
145,1260,1405
84,640,724
484,949,1433
735,966,1701
476,614,1090
902,1198,2100
201,1544,1745
699,1165,1864
1088,1120,2208
294,419,713
986,571,1557
462,1280,1742
610,1398,2008
134,817,951
1031,717,1748
1034,1323,2357
1201,736,1937
664,644,1308
827,439,1266
1040,1804,2844
189,1203,1392
468,401,869
210,838,1048
627,505,1132
1089,726,1815
604,346,950
519,1031,1550
218,784,1002
1257,1372,2629
359,347,706
309,978,1287
857,996,1853
272,1340,1612
330,312,642
469,1333,1802
791,566,1357
342,1450,1792
1166,977,2143
915,608,1523
521,1057,1578
683,1128,1811
55,313,368
448,1935,2383
450,1023,1473
849,928,1777
486,589,1075
356,1271,1627
1781,552,2333
1487,1058,2545
805,452,1257
1145,836,1981
99,462,561
444,1338,1782
610,1500,2110
1049,881,1930
1239,564,1803
1173,670,1843
922,1392,2314
1139,1054,2193
270,440,710
892,935,1827
853,1160,2013
818,916,1734
905,896,1801
1368,598,1966
728,1020,1748
1797,644,2441
215,487,702
341,641,982
994,707,1701
787,1027,1814
274,861,1135
868,729,1597
362,617,979
1047,751,1798
269,741,1010
974,542,1516
1281,432,1713
433,682,1115
1055,671,1726
1348,438,1786
1332,627,1959
682,299,981
927,566,1493
464,745,1209
457,893,1350
209,567,776
777,740,1517
440,610,1050
659,915,1574
672,320,992
763,741,1504
505,763,1268
625,858,1483
499,521,1020
733,1054,1787
665,317,982
370,709,1079
618,178,796
361,643,1004
257,402,659
864,511,1375
589,561,1150
492,705,1197
411,743,1154
738,885,1623
631,412,1043
315,418,733
645,443,1088
510,933,1443
468,563,1031
688,442,1130
581,1057,1638
243,1089,1332
584,516,1100
750,581,1331
507,975,1482
637,824,1461
498,443,941
582,816,1398
155,585,740
192,412,604
817,795,1612
568,398,966
318,586,904
623,1054,1677
285,628,913
897,1533,2430
331,403,734
337,663,1000
796,736,1532
325,663,988
671,449,1120
839,852,1691
489,516,1005
556,813,1369
239,712,951
843,945,1788
953,1542,2495
340,542,882
270,720,990
155,813,968
373,445,818
580,2926,3506
995,651,1646
379,764,1143
905,725,1630
740,1660,2400
546,441,987
326,561,887
352,737,1089
377,525,902
526,2809,3335
727,722,1449
283,811,1094
414,1023,1437
1480,528,2008
541,989,1530
535,492,1027
699,473,1172
983,404,1387
752,2919,3671
559,844,1403
769,485,1254
699,648,1347
1497,818,2315
169,813,982
279,790,1069
468,688,1156
964,1290,2254
1564,871,2435
226,1105,1331
656,676,1332
654,925,1579
834,895,1729
2824,806,3630
387,884,1271
499,1414,1913
2673,995,3668
437,917,1354
189,589,778
63,1565,1628
322,1325,1647
770,641,1411
515,760,1275
352,898,1250
550,1168,1718
1071,423,1494
2897,640,3537
840,917,1757
760,740,1500
947,836,1783
647,863,1510
277,902,1179
614,565,1179
397,826,1223
713,988,1701
741,446,1187
944,337,1281
379,795,1174
477,1057,1534
364,596,960
1132,575,1707
507,732,1239
746,507,1253
481,717,1198
449,869,1318
838,483,1321
533,504,1037
685,303,988
719,814,1533
581,833,1414
1324,810,2134
546,439,985
756,792,1548
762,624,1386
459,1447,1906
726,511,1237
751,415,1166
519,1160,1679
170,872,1042
464,1016,1480
807,1047,1854
701,684,1385
314,464,778
622,1023,1645
264,675,939
671,709,1380
74,851,925
881,475,1356
435,1171,1606
651,817,1468
214,1061,1275
354,1127,1481
533,982,1515
324,814,1138
1474,1332,2806
400,972,1372
545,1691,2236
332,1100,1432
686,369,1055
584,1762,2346
728,1829,2557
744,819,1563
752,838,1590
675,1957,2632
680,1057,1737
1005,682,1687
585,425,1010
248,712,960
536,656,1192
449,1587,2036
1385,1230,2615
218,668,886
567,971,1538
843,1348,2191
949,415,1364
341,620,961
596,560,1156
773,821,1594
709,526,1235
672,509,1181
278,992,1270
379,1436,1815
753,581,1334
1770,651,2421
175,718,893
625,790,1415
577,1498,2075
1352,1034,2386
531,470,1001
572,451,1023
1013,837,1850
248,1676,1924
1745,664,2409
426,838,1264
787,650,1437
929,1235,2164
787,1712,2499
1697,873,2570
73,649,722
215,523,738
1498,1097,2595
245,598,843
1276,825,2101
678,668,1346
131,630,761
292,616,908
301,708,1009
1138,978,2116
534,610,1144
427,530,957
566,386,952
66,1015,1081
832,1026,1858
831,720,1551
294,569,863
471,566,1037
995,900,1895
411,844,1255
700,584,1284
1438,775,2213
276,330,606
143,787,930
1551,871,2422
519,776,1295
467,556,1023
304,691,995
451,502,953
283,886,1169
1430,929,2359
752,308,1060
415,1186,1601
744,706,1450
129,1322,1451
272,328,600
542,576,1118
861,926,1787
381,1120,1501
1083,867,1950
912,719,1631
306,344,650
205,522,727
1524,1515,3039
305,832,1137
238,840,1078
897,656,1553
479,1003,1482
946,710,1656
501,397,898
600,800,1400
242,350,592
682,982,1664
827,1216,2043
431,1098,1529
394,1098,1492
177,523,700
837,1350,2187
683,994,1677
59,973,1032
243,814,1057
1394,453,1847
226,623,849
100,1106,1206
571,645,1216
1204,429,1633
828,662,1490
427,817,1244
461,1221,1682
250,1042,1292
225,525,750
989,591,1580
895,539,1434
435,1000,1435
259,651,910
482,869,1351
557,400,957
1437,187,1624
896,449,1345
764,160,924
618,668,1286
849,312,1161
859,593,1452
412,710,1122
836,624,1460
709,671,1380
444,798,1242
1029,620,1649
784,199,983
832,1182,2014
843,254,1097
1254,627,1881
496,1159,1655
968,772,1740
624,1266,1890
970,740,1710
339,1348,1687
635,694,1329
271,379,650
466,968,1434
493,403,896
642,784,1426
58,523,581
847,681,1528
242,580,822
88,541,629
1094,596,1690
626,885,1511
597,432,1029
652,1625,2277
1080,561,1641
156,612,768
632,492,1124
753,869,1622
770,1017,1787
223,501,724
1178,824,2002
599,1393,1992
701,1164,1865
557,1713,2270
515,484,999
1454,495,1949
848,1359,2207
1221,1251,2472
434,503,937
817,1167,1984
1594,661,2255
242,799,1041
561,463,1024
851,483,1334
402,481,883
427,613,1040
1214,808,2022
728,936,1664
1253,539,1792
695,578,1273
608,933,1541
277,592,869
147,559,706
367,622,989
1654,512,2166
1011,1842,2853
951,907,1858
201,589,790
1110,1597,2707
612,560,1172
502,1091,1593
725,842,1567
803,1607,2410
1103,665,1768
399,1292,1691
1012,834,1846
412,964,1376
376,472,848
96,903,999
834,940,1774
1152,425,1577
274,821,1095
554,1122,1676
553,1944,2497
308,1260,1568
1609,517,2126
236,568,804
355,2032,2387
832,894,1726
594,621,1215
958,973,1931
323,925,1248
664,620,1284
204,968,1172
677,583,1260
378,1125,1503
443,1159,1602
679,1599,2278
1500,536,2036
647,784,1431
385,1120,1505
472,656,1128
907,567,1474
1818,720,2538
238,1131,1369
830,715,1545
470,1150,1620
1078,591,1669
644,707,1351
332,649,981
775,765,1540
413,1142,1555
1878,530,2408
295,1117,1412
1528,795,2323
766,618,1384
393,986,1379
819,732,1551
1013,420,1433
399,1164,1563
571,847,1418
590,559,1149
805,665,1470
713,647,1360
1005,316,1321
665,412,1077
1038,840,1878
1036,426,1462
836,334,1170
384,923,1307
1389,674,2063
1008,643,1651
530,785,1315
335,435,770
970,750,1720
697,1224,1921
675,773,1448
510,1373,1883
809,248,1057
424,1490,1914
559,937,1496
256,456,712
606,667,1273
624,257,881
492,898,1390
820,687,1507
449,1234,1683
780,545,1325
780,675,1455
732,702,1434
670,1096,1766
421,340,761
605,311,916
651,784,1435
467,1362,1829
1045,757,1802
1086,747,1833
676,335,1011
679,1180,1859
315,572,887
534,1213,1747
33,493,526
1179,945,2124
402,762,1164
1076,1312,2388
116,626,742
244,558,802
630,1094,1724
844,890,1734
271,505,776
314,533,847
1362,718,2080
1241,431,1672
162,382,544
425,1348,1773
1259,843,2102
270,606,876
314,1247,1561
479,980,1459
585,550,1135
581,322,903
151,657,808
1183,864,2047
409,1000,1409
563,1283,1846
387,999,1386
81,621,702
1019,583,1602
371,1452,1823
51,1317,1368
306,469,775
1213,606,1819
832,941,1773
379,637,1016
1004,733,1737
1033,457,1490
206,575,781
337,790,1127
859,1015,1874
413,474,887
382,434,816
594,450,1044
279,1119,1398
465,263,728
133,758,891
502,874,1376
1193,891,2084
758,724,1482
642,889,1531
554,1005,1559
1332,566,1898
613,198,811
276,1075,1351
847,825,1672
283,867,1150
416,819,1235
515,798,1313
819,1022,1841
673,734,1407
556,1074,1630
551,921,1472
437,291,728
806,561,1367
513,1467,1980
480,728,1208
616,262,878
937,571,1508
793,1447,2240
519,736,1255
1203,662,1865
753,1258,2011
257,971,1228
945,1126,2071
788,975,1763
144,273,417
804,752,1556
850,682,1532
620,939,1559
599,736,1335
483,847,1330
1376,471,1847
681,837,1518
653,872,1525
805,1388,2193
41,383,424
884,559,1443
898,828,1726
1363,668,2031
1020,776,1796
636,698,1334
1156,670,1826
737,919,1656
91,648,739
690,660,1350
870,924,1794
1131,1435,2566
733,1082,1815
133,771,904
229,1001,1230
844,1307,2151
75,797,872
836,1231,2067
600,642,1242
301,732,1033
1284,771,2055
124,965,1089
337,887,1224
805,627,1432
544,1752,2296
490,726,1216
836,523,1359
1083,1293,2376
532,539,1071
401,973,1374
895,790,1685
606,1323,1929
1010,1810,2820
641,693,1334
1105,776,1881
424,1479,1903
356,515,871
787,1845,2632
627,785,1412
421,1603,2024
559,1138,1697
93,430,523
524,936,1460
217,1409,1626
585,1461,2046
727,1400,2127
685,1477,2162
757,335,1092
574,1186,1760
672,664,1336
93,447,540
576,1107,1683
486,1545,2031
634,1111,1745
1116,1042,2158
1044,1071,2115
811,915,1726
1501,519,2020
1144,602,1746
628,1166,1794
240,567,807
546,1761,2307
699,987,1686
1751,601,2352
778,1246,2024
148,354,502
799,726,1525
1323,805,2128
1196,797,1993
204,932,1136
585,452,1037
645,796,1441
651,1532,2183
70,702,772
1380,550,1930
689,581,1270
327,780,1107
768,923,1691
699,688,1387
555,310,865
1236,847,2083
217,709,926
82,712,794
471,763,1234
1234,1006,2240
306,630,936
592,1646,2238
594,755,1349
607,300,907
892,646,1538
332,901,1233
91,989,1080
149,1333,1482
559,1387,1946
528,1557,2085
595,392,987
1449,1250,2699
415,1131,1546
649,749,1398
434,515,949
25,1020,1045
558,752,1310
841,739,1580
141,968,1109
274,508,782
563,751,1314
1743,1344,3087
591,488,1079
443,1825,2268
528,990,1518
617,984,1601
37,713,750
237,1348,1585
474,1046,1520
308,902,1210
696,979,1675
1135,1430,2565
439,1053,1492
1272,231,1503
722,908,1630
969,502,1471
476,323,799
598,933,1531
1133,1463,2596
225,1122,1347
222,1486,1708
1122,1021,2143
1000,638,1638
678,514,1192
822,1384,2206
737,332,1069
512,492,1004
1406,1538,2944
356,1234,1590
899,973,1872
585,603,1188
1469,1015,2484
613,1236,1849
1248,653,1901
465,771,1236
884,1384,2268
786,436,1222
748,360,1108
1350,706,2056
991,905,1896
1185,1093,2278
1302,815,2117
711,1310,2021
242,954,1196
379,627,1006
1202,1160,2362
232,824,1056
1235,361,1596
426,1559,1985
808,810,1618
1231,439,1670
946,782,1728
578,824,1402
301,658,959
1045,598,1643
1243,589,1832
473,862,1335
503,520,1023
763,698,1461
637,1369,2006
880,438,1318
809,582,1391
825,578,1403
844,1398,2242
794,667,1461
789,307,1096
353,1228,1581
1131,1156,2287
398,285,683
831,1075,1906
841,729,1570
1436,356,1792
726,677,1403
430,371,801
112,615,727
324,1121,1445
441,277,718
88,571,659
344,1631,1975
805,671,1476
1175,387,1562
1291,695,1986
421,506,927
1272,1073,2345
500,1164,1664
727,240,967
860,359,1219
291,748,1039
578,1495,2073
496,722,1218
661,967,1628
505,696,1201
982,1249,2231
98,362,460
92,369,461
346,939,1285
475,795,1270
626,735,1361
1166,630,1796
523,769,1292
869,1231,2100
1050,1488,2538
130,488,618
822,883,1705
125,590,715
621,905,1526
163,917,1080
666,867,1533
788,958,1746
47,1638,1685
238,564,802
853,940,1793
949,538,1487
165,732,897
370,960,1330
514,688,1202
390,733,1123
548,1573,2121
557,600,1157
356,1556,1912
284,779,1063
1593,1141,2734
814,520,1334
517,590,1107
911,593,1504
823,454,1277
855,471,1326
1136,613,1749
604,1062,1666
764,489,1253
672,749,1421
1055,1162,2217
436,609,1045
1087,1008,2095
447,981,1428
359,754,1113
354,777,1131
302,1306,1608
593,423,1016
757,762,1519
1214,1205,2419
447,1327,1774
301,580,881
842,851,1693
1021,601,1622
1581,850,2431
603,857,1460
513,747,1260
534,575,1109
573,894,1467
680,598,1278
529,543,1072
483,469,952
500,1176,1676
745,286,1031
591,548,1139
789,1045,1834
438,413,851
701,758,1459
629,759,1388
400,786,1186
1208,733,1941
292,696,988
476,523,999
1063,603,1666
1149,582,1731
500,1337,1837
612,296,908
713,565,1278
550,1161,1711
806,1114,1920
460,592,1052
1414,883,2297
415,363,778
543,1395,1938
359,719,1078
1080,784,1864
407,901,1308
625,1052,1677
1041,965,2006
468,940,1408
467,626,1093
1040,543,1583
1155,701,1856
612,515,1127
420,1275,1695
711,604,1315
910,569,1479
506,955,1461
498,683,1181
1250,370,1620
610,845,1455
571,470,1041
1059,423,1482
382,715,1097
677,876,1553
581,979,1560
736,673,1409
957,421,1378
878,886,1764
485,1011,1496
290,444,734
878,598,1476
270,879,1149
1142,584,1726
505,811,1316
467,829,1296
745,472,1217
441,466,907
210,1413,1623
763,319,1082
531,777,1308
850,584,1434
115,521,636
904,499,1403
513,1185,1698
973,1335,2308
546,743,1289
325,566,891
179,1428,1607
623,2050,2673
596,903,1499
828,807,1635
484,1275,1759
779,452,1231
811,647,1458
157,524,681
300,895,1195
1328,438,1766
687,1863,2550
733,661,1394
565,611,1176
628,793,1421
1450,397,1847
711,603,1314
697,777,1474
268,1229,1497
1170,350,1520
159,876,1035
1174,1411,2585
466,685,1151
304,861,1165
424,949,1373
1970,635,2605
372,559,931
750,702,1452
1153,550,1703
1733,653,2386
748,661,1409
634,775,1409
1073,518,1591
389,321,710
517,791,1308
390,306,696
459,276,735
787,596,1383
530,651,1181
391,715,1106
667,788,1455
522,1039,1561
447,985,1432
339,1262,1601
819,707,1526
411,1245,1656
255,1381,1636
412,554,966
427,425,852
414,1154,1568
547,819,1366
406,1492,1898
423,313,736
586,481,1067
1153,949,2102
465,610,1075
57,1393,1450
569,432,1001
354,1167,1521
88,704,792
782,1101,1883
806,447,1253
377,1075,1452
432,482,914
205,1103,1308
243,627,870
1060,608,1668
610,417,1027
564,1137,1701
128,731,859
827,661,1488
865,891,1756
221,597,818
478,874,1352
1005,985,1990
127,1148,1275
1284,547,1831
363,549,912
465,909,1374
1008,840,1848
530,797,1327
303,908,1211
854,1051,1905
1032,657,1689
221,1758,1979
342,930,1272
1273,1129,2402
628,624,1252
452,1397,1849
446,796,1242
484,535,1019
1005,931,1936
908,1107,2015
1330,1136,2466
822,1085,1907
245,1178,1423
986,946,1932
788,971,1759
651,817,1468
639,695,1334
416,352,768
1447,561,2008
723,724,1447
601,1576,2177
358,908,1266
588,674,1262
495,393,888
488,1106,1594
1023,448,1471
282,1127,1409
429,381,810
878,1180,2058
189,1722,1911
747,544,1291
802,520,1322
499,1091,1590
796,1042,1838
571,616,1187
758,1112,1870
341,583,924
997,749,1746
874,362,1236
598,742,1340
1020,1106,2126
708,342,1050
758,1468,2226
698,659,1357
713,454,1167
1111,686,1797
828,533,1361
784,1624,2408
807,596,1403
1421,860,2281
893,375,1268
25,507,532
502,1233,1735
103,478,581
1641,745,2386
325,346,671
53,368,421
1125,1069,2194
687,395,1082
161,508,669
91,797,888
238,397,635
1144,490,1634
73,506,579
78,865,943
837,958,1795
325,649,974
495,620,1115
827,842,1669
812,1173,1985
1207,601,1808
356,623,979
249,747,996
619,391,1010
114,703,817
208,667,875
663,542,1205
848,1394,2242
657,548,1205
959,339,1298
381,815,1196
740,385,1125
101,522,623
160,711,871
65,1125,1190
55,713,768
555,740,1295
144,630,774
24,1529,1553
390,1211,1601
557,828,1385
523,559,1082
46,809,855
161,613,774
643,930,1573
49,729,778
267,721,988
220,572,792
66,813,879
804,927,1731
438,419,857
631,431,1062
1335,1074,2409
371,430,801
44,940,984
950,701,1651
411,493,904
645,230,875
72,1068,1140
171,675,846
427,819,1246
647,1473,2120
762,512,1274
264,927,1191
613,753,1366
1390,566,1956
115,250,365
557,672,1229
738,664,1402
474,694,1168
1086,1159,2245
464,1111,1575
518,842,1360
140,348,488
1314,271,1585
132,1254,1386
668,530,1198
149,525,674
580,689,1269
786,1031,1817
104,745,849
555,734,1289
769,827,1596
613,686,1299
1236,729,1965
195,1257,1452
633,659,1292
175,554,729
292,637,929
165,265,430
218,651,869
402,1196,1598
870,694,1564
848,973,1821
399,673,1072
1031,621,1652
81,1153,1234
619,512,1131
418,581,999
227,532,759
1110,563,1673
377,788,1165
556,690,1246
655,1182,1837
290,550,840
505,628,1133
640,812,1452
113,736,849
476,795,1271
644,838,1482
668,1030,1698
382,1156,1538
685,612,1297
424,496,920
99,1592,1691
614,445,1059
147,871,1018
452,841,1293
385,1184,1569
619,820,1439
465,703,1168
381,830,1211
828,893,1721
683,415,1098
96,1598,1694
582,657,1239
561,554,1115
900,786,1686
871,1012,1883
640,968,1608
558,869,1427
983,933,1916
668,450,1118
426,1096,1522
1104,700,1804
395,575,970
1479,446,1925
677,729,1406
745,605,1350
336,702,1038
419,909,1328
1063,718,1781
519,1014,1533
538,693,1231
878,467,1345
462,743,1205
389,917,1306
949,492,1441
782,569,1351
375,548,923
712,1292,2004
929,865,1794
604,576,1180
677,459,1136
505,1148,1653
756,1259,2015
664,463,1127
620,432,1052
702,1265,1967
368,674,1042
1533,711,2244
844,473,1317
593,481,1074
861,1033,1894
845,911,1756
591,607,1198
734,1393,2127
214,1634,1848
473,948,1421
1007,674,1681
819,899,1718
924,1087,2011
462,620,1082
657,713,1370
1042,701,1743
361,522,883
747,1215,1962
265,676,941
627,789,1416
1085,737,1822
1028,827,1855
313,671,984
1312,598,1910
790,819,1609
516,537,1053
1097,636,1733
238,488,726
929,551,1480
503,852,1355
604,1410,2014
242,1079,1321
806,651,1457
617,1837,2454
271,954,1225
706,727,1433
1203,1150,2353
348,735,1083
1124,502,1626
455,483,938
486,1105,1591
1578,968,2546
848,807,1655
341,934,1275
411,947,1358
1372,915,2287
621,786,1407
760,526,1286
474,929,1403
575,387,962
937,436,1373
722,142,864
579,508,1087
754,667,1421
1725,477,2202
362,812,1174
518,678,1196
146,415,561
550,812,1362
974,495,1469
840,1103,1943
550,772,1322
748,418,1166
823,557,1380
720,1404,2124
714,816,1530
909,552,1461
783,927,1710
934,1107,2041
442,1565,2007
723,433,1156
815,685,1500
550,1133,1683
691,809,1500
553,681,1234
318,679,997
828,601,1429
452,1971,2423
193,451,644
145,917,1062
360,1127,1487
346,765,1111
915,787,1702
289,541,830
1318,571,1889
893,1409,2302
837,510,1347
570,516,1086
836,775,1611
642,391,1033
636,443,1079
904,591,1495
214,757,971
310,850,1160
1403,955,2358
671,496,1167
353,861,1214
1864,727,2591
509,678,1187
432,395,827
803,976,1779
1069,648,1717
452,454,906
917,597,1514
241,774,1015
426,1056,1482
780,722,1502
20,814,834
501,1158,1659
627,872,1499
170,496,666
408,669,1077
671,729,1400
714,477,1191
204,675,879
354,1468,1822
871,488,1359
727,600,1327
649,1536,2185
500,864,1364
146,447,593
304,1559,1863
232,729,961
443,1506,1949
367,570,937
356,1754,2110
662,1670,2332
418,625,1043
495,644,1139
582,1386,1968
201,976,1177
325,865,1190
335,662,997
1372,481,1853
262,1091,1353
552,645,1197
721,1681,2402
457,845,1302
625,1000,1625
747,819,1566
818,1324,2142
589,785,1374
502,543,1045
1594,306,1900
275,934,1209
1413,814,2227
378,959,1337
366,665,1031
836,1323,2159
1598,665,2263
1345,1194,2539
523,856,1379
1269,674,1943
1263,566,1829
827,686,1513
748,864,1612
340,869,1209
1022,778,1800
554,1041,1595
461,1042,1503
605,865,1470
800,793,1593
748,671,1419
410,629,1039
824,723,1547
281,1255,1536
1080,1193,2273
754,502,1256
846,718,1564
318,703,1021
803,692,1495
53,859,912
1370,972,2342
285,655,940
260,908,1168
1109,1637,2746
592,939,1531
401,640,1041
687,734,1421
753,365,1118
513,1229,1742
794,1664,2458
306,915,1221
499,759,1258
1039,1125,2164
661,1123,1784
383,729,1112
656,710,1366
773,814,1587
472,645,1117
541,688,1229
1176,1774,2950
871,1322,2193
1103,1566,2669
541,2232,2773
755,874,1629
607,1328,1935
358,2273,2631
622,1058,1680
521,1097,1618
863,1051,1914
564,1430,1994
644,1105,1749
650,2028,2678
664,1070,1734
274,1018,1292
59,1190,1249
386,1490,1876
529,857,1386
953,413,1366
1775,666,2441
238,1156,1394
932,402,1334
631,1313,1944
1011,413,1424
2158,450,2608
952,598,1550
981,401,1382
858,307,1165
937,541,1478
792,1570,2362
1179,406,1585
63,303,366
760,350,1110
1097,2112,3209
1095,492,1587
1223,339,1562
110,308,418
111,361,472
1547,824,2371
873,1946,2819
178,296,474
205,318,523
689,1692,2381
852,1611,2463
1390,1978,3368
474,1537,2011
756,1011,1767
1741,474,2215
217,288,505
1639,416,2055
1530,1544,3074
779,2521,3300
617,314,931
477,1782,2259
1683,563,2246
1502,1411,2913
779,2135,2914
1232,376,1608
116,335,451
1065,1308,2373
1494,528,2022
1005,1956,2961
1148,1869,3017
720,1351,2071
58,563,621
136,403,539
41,533,574
715,1725,2440
1803,633,2436
300,344,644
2133,444,2577
206,359,565
69,593,662
965,386,1351
1339,840,2179
1652,415,2067
1388,624,2012
354,280,634
195,1930,2125
1277,1515,2792
1040,1121,2161
1359,1162,2521
1565,997,2562
1840,389,2229
143,492,635
606,772,1378
20,1858,1878
562,1187,1749
1486,735,2221
149,866,1015
841,867,1708
73,1778,1851
280,1259,1539
249,875,1124
93,2003,2096
77,1792,1869
840,907,1747
2201,851,3052
964,886,1850
173,836,1009
215,938,1153
612,760,1372
1560,323,1883
819,346,1165
1705,538,2243
212,358,570
676,604,1280
245,1072,1317
553,1138,1691
592,561,1153
772,534,1306
129,2034,2163
122,1428,1550
749,597,1346
757,692,1449
562,1466,2028
874,687,1561
272,1231,1503
1648,284,1932
788,525,1313
1771,718,2489
945,640,1585
848,593,1441
738,774,1512
884,598,1482
133,1579,1712
1294,358,1652
201,740,941
180,1699,1879
731,586,1317
547,396,943
130,2187,2317
204,592,796
360,594,954
1298,596,1894
850,1845,2695
665,757,1422
480,724,1204
1432,498,1930
1748,855,2603
183,716,899
565,586,1151
473,377,850
1889,827,2716
687,1293,1980
517,650,1167
1569,326,1895
477,1062,1539
529,1199,1728
396,819,1215
262,495,757
539,464,1003
770,884,1654
2078,743,2821
583,1053,1636
115,478,593
604,1029,1633
1749,565,2314
771,824,1595
609,203,812
416,625,1041
1237,563,1800
499,703,1202
1005,497,1502
949,1310,2259
607,518,1125
1122,378,1500
621,722,1343
196,740,936
435,664,1099
270,680,950
714,571,1285
395,656,1051
1125,216,1341
1148,1336,2484
613,798,1411
757,379,1136
725,476,1201
798,1417,2215
683,566,1249
616,471,1087
526,398,924
1244,689,1933
492,1209,1701
707,977,1684
1051,569,1620
554,357,911
107,322,429
198,763,961
587,1615,2202
442,556,998
539,669,1208
298,576,874
522,1627,2149
79,675,754
439,1254,1693
758,969,1727
164,1032,1196
62,399,461
1465,318,1783
160,749,909
358,981,1339
1632,266,1898
305,889,1194
263,521,784
625,1379,2004
509,778,1287
539,885,1424
512,543,1055
60,541,601
196,746,942
680,964,1644
874,280,1154
231,950,1181
741,1000,1741
221,1102,1323
62,1088,1150
69,1138,1207
1026,938,1964
238,1105,1343
510,923,1433
341,1750,2091
284,469,753
624,513,1137
693,661,1354
670,1928,2598
61,1137,1198
513,712,1225
1350,705,2055
532,1791,2323
211,1458,1669
622,486,1108
812,716,1528
963,518,1481
401,1078,1479
984,677,1661
1007,556,1563
418,1318,1736
498,885,1383
1332,342,1674
943,667,1610
639,525,1164
759,1222,1981
749,532,1281
68,694,762
796,726,1522
1627,772,2399
1041,885,1926
343,1824,2167
320,861,1181
516,625,1141
615,730,1345
473,926,1399
103,1163,1266
489,510,999
1245,614,1859
991,1045,2036
1310,535,1845
1238,866,2104
756,481,1237
451,1754,2205
1192,810,2002
348,1092,1440
628,427,1055
362,513,875
281,1148,1429
1126,325,1451
623,632,1255
434,2012,2446
799,1179,1978
784,926,1710
1207,162,1369
436,849,1285
942,914,1856
91,378,469
600,752,1352
751,607,1358
572,1045,1617
1041,861,1902
884,768,1652
674,518,1192
55,391,446
875,984,1859
929,832,1761
91,546,637
963,768,1731
57,758,815
861,790,1651
714,645,1359
833,836,1669
1636,800,2436
115,494,609
1037,698,1735
418,548,966
157,568,725
22,889,911
324,647,971
505,660,1165
305,657,962
142,946,1088
718,427,1145
381,775,1156
468,684,1152
522,620,1142
76,986,1062
95,1017,1112
528,599,1127
700,503,1203
65,1340,1405
1588,1212,2800
252,646,898
507,468,975
690,760,1450
352,1003,1355
607,610,1217
236,719,955
905,312,1217
434,1080,1514
281,1237,1518
484,476,960
282,736,1018
866,624,1490
636,438,1074
319,753,1072
628,584,1212
1241,443,1684
602,441,1043
377,1153,1530
485,507,992
675,447,1122
410,562,972
797,801,1598
424,945,1369
569,703,1272
444,592,1036
750,683,1433
1011,399,1410
529,582,1111
443,805,1248
49,567,616
1066,396,1462
419,608,1027
1995,1282,3277
651,532,1183
470,601,1071
370,555,925
532,767,1299
552,443,995
389,576,965
204,551,755
281,1226,1507
986,492,1478
471,1889,2360
562,1783,2345
331,1229,1560
639,546,1185
862,348,1210
307,602,909
702,790,1492
416,576,992
257,661,918
355,779,1134
946,1496,2442
640,1865,2505
427,585,1012
441,789,1230
447,446,893
937,349,1286
452,757,1209
390,580,970
496,598,1094
906,1275,2181
364,1851,2215
47,747,794
597,799,1396
179,615,794
413,762,1175
1707,726,2433
404,898,1302
412,437,849
1662,614,2276
361,452,813
410,768,1178
692,801,1493
968,459,1427
436,526,962
421,880,1301
388,772,1160
376,597,973
1634,760,2394
205,995,1200
254,804,1058
498,1083,1581
476,1277,1753
94,443,537
1773,458,2231
437,905,1342
326,1571,1897
331,748,1079
605,818,1423
1428,979,2407
282,705,987
550,603,1153
628,453,1081
689,573,1262
712,1263,1975
467,833,1300
1069,728,1797
485,577,1062
136,1505,1641
1054,1173,2227
1173,802,1975
222,1678,1900
460,1144,1604
303,936,1239
273,1451,1724
718,1277,1995
1078,617,1695
496,1512,2008
507,1274,1781
847,1104,1951
595,1249,1844
394,420,814
1061,1007,2068
603,1226,1829
768,993,1761
338,888,1226
756,754,1510
715,924,1639
855,810,1665
700,1088,1788
731,598,1329
639,762,1401
399,702,1101
301,1357,1658
928,1046,1974
848,1350,2198
141,775,916
435,443,878
594,385,979
840,901,1741
213,522,735
390,821,1211
405,607,1012
658,1243,1901
1496,442,1938
767,1595,2362
448,357,805
955,244,1199
915,637,1552
1306,773,2079
94,1021,1115
367,651,1018
393,602,995
728,921,1649
383,843,1226
264,547,811
951,535,1486
47,251,298
417,1123,1540
422,743,1165
374,772,1146
693,1575,2268
543,958,1501
682,685,1367
592,677,1269
184,656,840
714,783,1497
847,597,1444
231,446,677
235,646,881
446,904,1350
861,1102,1963
225,770,995
25,685,710
427,1040,1467
93,436,529
570,468,1038
508,480,988
501,436,937
546,623,1169
693,254,947
512,423,935
321,219,540
56,1023,1079
885,969,1854
139,796,935
270,641,911
341,923,1264
350,416,766
1080,1002,2082
380,629,1009
427,957,1384
345,179,524
309,822,1131
85,1167,1252
407,1033,1440
477,248,725
860,605,1465
188,1331,1519
376,983,1359
273,370,643
564,762,1326
325,448,773
800,847,1647
473,952,1425
329,829,1158
139,297,436
852,681,1533
517,1163,1680
207,735,942
119,530,649
1030,466,1496
1016,870,1886
950,786,1736
410,408,818
1295,643,1938
692,469,1161
977,502,1479
202,760,962
893,478,1371
1047,587,1634
450,421,871
758,521,1279
154,955,1109
433,546,979
79,1601,1680
769,580,1349
740,532,1272
662,520,1182
989,705,1694
328,762,1090
1049,673,1722
984,733,1717
691,912,1603
487,1430,1917
243,438,681
835,954,1789
193,567,760
322,374,696
476,2235,2711
961,792,1753
930,602,1532
638,537,1175
692,2221,2913
881,1280,2161
285,636,921
123,892,1015
404,2085,2489
209,824,1033
177,962,1139
470,712,1182
2063,469,2532
785,2292,3077
918,1441,2359
2164,298,2462
1430,779,2209
500,740,1240
1955,365,2320
305,947,1252
312,683,995
335,763,1098
334,650,984
842,753,1595
934,605,1539
849,620,1469
234,1134,1368
611,2488,3099
396,384,780
1144,643,1787
286,1140,1426
520,1205,1725
286,927,1213
613,821,1434
708,1191,1899
221,520,741
578,1014,1592
526,520,1046
483,1197,1680
837,822,1659
552,555,1107
504,751,1255
562,1144,1706
687,606,1293
638,795,1433
513,711,1224
182,1560,1742
908,320,1228
421,882,1303
509,1014,1523
572,660,1232
922,532,1454
370,520,890
970,569,1539
306,2859,3165
750,643,1393
219,798,1017
651,293,944
2202,1389,3591
543,1026,1569
1113,502,1615
479,436,915
608,1269,1877
992,679,1671
416,670,1086
726,1520,2246
2228,1212,3440
514,434,948
710,1776,2486
567,670,1237
1017,645,1662
233,469,702
892,1058,1950
660,924,1584
365,855,1220
568,1041,1609
2668,1064,3732
462,1012,1474
841,1629,2470
28,448,476
1307,898,2205
405,839,1244
719,702,1421
1227,1062,2289
620,947,1567
398,1176,1574
83,649,732
1407,975,2382
470,1105,1575
898,856,1754
1661,806,2467
914,817,1731
830,740,1570
381,1379,1760
908,725,1633
126,892,1018
747,796,1543
929,1318,2247
536,1518,2054
342,1418,1760
1516,938,2454
563,1253,1816
895,1147,2042
522,947,1469
601,546,1147
493,808,1301
680,1349,2029
692,1119,1811
503,1613,2116
682,690,1372
910,615,1525
852,503,1355
923,1290,2213
1294,738,2032
1124,424,1548
473,1048,1521
1039,939,1978
1059,1832,2891
624,839,1463
569,856,1425
768,674,1442
778,688,1466
427,870,1297
974,325,1299
366,1784,2150
695,958,1653
1329,936,2265
959,1653,2612
442,1194,1636
482,836,1318
788,1064,1852
109,885,994
762,995,1757
503,564,1067
722,1715,2437
1276,715,1991
1066,856,1922
290,990,1280
505,586,1091
554,1075,1629
398,843,1241
422,1687,2109
43,601,644
820,893,1713
798,1005,1803
529,819,1348
199,465,664
452,980,1432
705,667,1372
1526,860,2386
1245,1052,2297
730,779,1509
782,632,1414
835,627,1462
444,247,691
861,696,1557
786,749,1535
1471,930,2401
1446,1127,2573
840,1261,2101
654,301,955
528,385,913
211,1508,1719
501,314,815
1010,558,1568
564,629,1193
286,700,986
494,1529,2023
1496,876,2372
529,482,1011
297,635,932
1395,826,2221
673,247,920
757,488,1245
528,969,1497
707,1348,2055
115,415,530
503,939,1442
720,641,1361
635,648,1283
715,851,1566
550,728,1278
627,883,1510
678,933,1611
714,637,1351
1147,1602,2749
716,891,1607
933,1238,2171
107,422,529
69,482,551
547,797,1344
123,777,900
603,833,1436
416,329,745
1040,2063,3103
806,728,1534
331,880,1211
1263,821,2084
58,939,997
262,788,1050
1126,577,1703
291,673,964
531,731,1262
506,572,1078
972,1888,2860
594,633,1227
584,622,1206
1052,1443,2495
1162,954,2116
614,1031,1645
132,985,1117
1718,845,2563
732,782,1514
393,1278,1671
248,927,1175
1754,536,2290
611,1050,1661
1371,868,2239
666,1193,1859
314,1104,1418
151,884,1035
248,620,868
296,1275,1571
770,538,1308
637,348,985
738,918,1656
655,659,1314
147,530,677
326,927,1253
190,1315,1505
359,867,1226
433,1405,1838
636,774,1410
569,811,1380
710,1092,1802
693,687,1380
1007,913,1920
349,835,1184
499,729,1228
644,1093,1737
776,760,1536
278,1059,1337
737,447,1184
230,1640,1870
733,1129,1862
203,1070,1273
652,321,973
769,1182,1951
384,1554,1938
459,361,820
430,2344,2774
421,654,1075
784,515,1299
917,1087,2004
821,1564,2385
466,1585,2051
1030,1840,2870
1027,255,1282
260,342,602
808,438,1246
405,1855,2260
510,677,1187
57,1639,1696
192,1719,1911
551,1216,1767
904,900,1804
958,1389,2347
1097,231,1328
810,1623,2433
502,828,1330
206,2192,2398
831,777,1608
415,1168,1583
1489,564,2053
531,878,1409
1970,628,2598
539,1301,1840
1548,799,2347
557,615,1172
459,2119,2578
714,998,1712
1239,347,1586
116,961,1077
1074,1397,2471
971,464,1435
1671,791,2462
860,594,1454
592,843,1435
1137,340,1477
437,2045,2482
1144,1747,2891
311,735,1046
280,592,872
1728,943,2671
1047,877,1924
60,728,788
2009,772,2781
402,2646,3048
644,733,1377
305,1037,1342
634,264,898
1546,802,2348
410,657,1067
109,881,990
2091,645,2736
1164,2003,3167
744,984,1728
283,715,998
1966,935,2901
418,866,1284
332,805,1137
478,662,1140
1680,553,2233
323,415,738
1423,775,2198
548,721,1269
533,1051,1584
2514,444,2958
33,546,579
602,725,1327
1830,769,2599
32,222,254
456,783,1239
259,944,1203
472,1031,1503
78,631,709
526,960,1486
657,746,1403
527,636,1163
129,670,799
745,932,1677
642,651,1293
805,449,1254
127,1661,1788
527,1242,1769
516,1252,1768
1044,460,1504
674,683,1357
479,1073,1552
224,683,907
113,863,976
425,567,992
845,993,1838
403,591,994
427,573,1000
143,998,1141
902,928,1830
739,609,1348
66,1163,1229
691,1542,2233
292,715,1007
817,863,1680
77,570,647
656,560,1216
257,907,1164
576,560,1136
152,645,797
662,541,1203
994,1652,2646
133,1196,1329
290,1068,1358
112,1440,1552
182,1101,1283
843,430,1273
400,618,1018
447,1140,1587
476,530,1006
940,304,1244
1321,1185,2506
314,1029,1343
466,540,1006
384,1401,1785
694,549,1243
464,526,990
463,1055,1518
422,1155,1577
261,833,1094
661,866,1527
327,1009,1336
309,1012,1321
539,1081,1620
478,1573,2051
319,962,1281
1191,731,1922
628,981,1609
1005,783,1788
649,1242,1891
856,609,1465
913,732,1645
375,1058,1433
249,492,741
1202,729,1931
606,918,1524
400,992,1392
973,711,1684
916,1028,1944
345,1226,1571
932,584,1516
764,712,1476
782,1011,1793
307,1136,1443
309,497,806
923,873,1796
1004,856,1860
1129,1197,2326
1357,800,2157
442,1101,1543
767,864,1631
1099,1369,2468
1078,669,1747
444,1101,1545
427,480,907
831,666,1497
762,734,1496
744,982,1726
830,882,1712
177,942,1119
722,595,1317
457,714,1171
675,700,1375
449,866,1315
348,1378,1726
742,422,1164
879,1173,2052
678,956,1634
1180,983,2163
750,1137,1887
571,564,1135
477,719,1196
906,1001,1907
1253,669,1922
452,850,1302
772,491,1263
217,692,909
864,990,1854
378,1288,1666
273,542,815
573,1184,1757
787,660,1447
54,868,922
438,505,943
499,1155,1654
610,782,1392
761,827,1588
585,1285,1870
353,647,1000
365,1388,1753
877,877,1754
722,1166,1888
300,758,1058
617,1617,2234
932,831,1763
678,1147,1825
1080,936,2016
844,644,1488
403,861,1264
732,671,1403
1208,607,1815
254,600,854
449,771,1220
683,666,1349
996,654,1650
639,415,1054
367,684,1051
628,441,1069
726,627,1353
687,417,1104
546,1000,1546
782,997,1779
1114,963,2077
471,329,800
980,446,1426
690,867,1557
486,976,1462
389,1096,1485
322,1034,1356
176,795,971
584,1345,1929
1337,641,1978
277,1301,1578
917,1042,1959
265,663,928
1011,488,1499
535,1287,1822
547,2103,2650
579,587,1166
599,447,1046
416,1214,1630
870,865,1735
816,943,1759
745,1239,1984
424,1276,1700
1240,676,1916
692,542,1234
510,961,1471
284,2125,2409
926,932,1858
479,346,825
296,1167,1463
412,591,1003
968,448,1416
466,918,1384
165,673,838
846,650,1496
860,1814,2674
358,1335,1693
858,1080,1938
317,1071,1388
323,1288,1611
384,1207,1591
488,657,1145
29,1302,1331
1027,677,1704
1131,647,1778
2028,937,2965
323,1342,1665
547,1112,1659
650,719,1369
516,1209,1725
595,699,1294
1062,494,1556
1023,1060,2083
803,737,1540
2051,940,2991
1158,983,2141
714,1189,1903
423,1235,1658
722,1015,1737
343,860,1203
136,1256,1392
650,1032,1682
549,875,1424
1498,909,2407
477,873,1350
780,1034,1814
423,684,1107
875,1134,2009
1039,805,1844
1007,963,1970
389,1581,1970
571,1014,1585
848,912,1760
1015,786,1801
706,546,1252
603,806,1409
1184,893,2077
1071,930,2001
450,1108,1558
1202,651,1853
941,946,1887
1222,905,2127
690,913,1603
744,767,1511
1383,233,1616
1173,1112,2285
691,734,1425
805,672,1477
611,1164,1775
709,802,1511
765,626,1391
561,1951,2512
246,640,886
857,815,1672
819,870,1689
447,1846,2293
183,670,853
878,843,1721
938,1144,2082
1505,856,2361
398,701,1099
312,339,651
469,498,967
1345,895,2240
694,906,1600
872,866,1738
762,1368,2130
1586,459,2045
383,830,1213
840,882,1722
726,1350,2076
368,724,1092
604,550,1154
40,1313,1353
255,699,954
453,862,1315
628,354,982
588,545,1133
456,1051,1507
330,772,1102
444,889,1333
794,1619,2413
565,698,1263
295,515,810
577,819,1396
329,1197,1526
664,512,1176
482,1076,1558
418,1116,1534
629,620,1249
605,1206,1811
677,1812,2489
507,329,836
903,785,1688
184,594,778
620,886,1506
463,994,1457
53,959,1012
319,717,1036
1084,803,1887
678,958,1636
251,1574,1825
638,433,1071
1093,1199,2292
1105,1150,2255
307,1117,1424
1201,1308,2509
718,728,1446
299,1463,1762
341,1171,1512
1507,1083,2590
56,792,848
521,1346,1867
886,929,1815
715,1106,1821
1016,1243,2259
1431,969,2400
705,1210,1915
463,1218,1681
25,804,829
701,869,1570
641,1062,1703
1176,505,1681
868,1012,1880
617,383,1000
490,395,885
716,1015,1731
647,579,1226
839,355,1194
606,700,1306
554,563,1117
546,590,1136
995,389,1384
735,312,1047
471,874,1345
665,500,1165
625,769,1394
146,373,519
28,313,341
764,692,1456
601,825,1426
109,424,533
947,569,1516
38,400,438
744,621,1365
84,514,598
949,625,1574
174,421,595
126,679,805
91,495,586
279,568,847
229,620,849
245,447,692
233,565,798
276,638,914
139,857,996
367,528,895
329,589,918
336,509,845
285,753,1038
316,631,947
707,2996,3703
501,593,1094
484,486,970
669,3456,4125
337,536,873
664,464,1128
503,417,920
194,573,767
502,2977,3479
455,342,797
230,456,686
1138,3117,4255
612,2811,3423
476,358,834
320,505,825
596,3104,3700
749,2803,3552
437,559,996
410,437,847
647,3064,3711
360,285,645
350,615,965
454,557,1011
316,494,810
800,2731,3531
96,379,475
1412,2347,3759
974,2870,3844
436,962,1398
207,621,828
314,478,792
422,652,1074
205,487,692
209,584,793
115,389,504
3056,623,3679
438,2668,3106
291,1110,1401
412,708,1120
2541,767,3308
291,527,818
404,1518,1922
348,1062,1410
606,467,1073
180,652,832
372,485,857
412,1308,1720
2489,694,3183
526,579,1105
2660,819,3479
810,703,1513
180,480,660
2330,617,2947
261,534,795
857,941,1798
2647,571,3218
161,577,738
90,1726,1816
2203,1082,3285
403,583,986
460,728,1188
2517,1260,3777
486,561,1047
226,690,916
160,2016,2176
329,483,812
69,803,872
490,622,1112
190,943,1133
153,431,584
532,953,1485
239,1092,1331
557,312,869
430,845,1275
519,836,1355
512,452,964
237,783,1020
2451,1384,3835
354,1082,1436
330,437,767
659,1518,2177
665,936,1601
690,498,1188
1372,1024,2396
366,811,1177
435,982,1417
1674,1310,2984
337,631,968
310,1023,1333
1012,1601,2613
882,502,1384
41,458,499
607,1169,1776
1878,980,2858
570,1009,1579
520,653,1173
973,1631,2604
584,648,1232
728,653,1381
850,826,1676
709,863,1572
948,854,1802
346,979,1325
1044,1248,2292
926,624,1550
618,571,1189
739,595,1334
233,647,880
907,882,1789
474,1088,1562
687,1615,2302
1233,914,2147
1106,735,1841
628,1708,2336
881,967,1848
277,1101,1378
768,741,1509
943,487,1430
451,456,907
354,688,1042
1513,797,2310
227,517,744
396,1134,1530
393,765,1158
255,934,1189
94,748,842
634,455,1089
417,996,1413
1384,794,2178
226,1171,1397
657,788,1445
575,612,1187
618,786,1404
252,544,796
128,945,1073
1492,597,2089
290,1040,1330
633,552,1185
877,606,1483
614,714,1328
410,707,1117
301,816,1117
583,814,1397
762,884,1646
501,666,1167
361,878,1239
956,958,1914
295,753,1048
384,887,1271
420,1037,1457
558,675,1233
176,6592,6768
518,1086,1604
452,600,1052
847,850,1697
645,737,1382
668,2552,3220
817,562,1379
641,1489,2130
704,498,1202
635,6290,6925
851,380,1231
232,890,1122
677,6509,7186
238,896,1134
941,2738,3679
349,706,1055
937,1151,2088
480,1054,1534
737,507,1244
707,1144,1851
356,983,1339
314,1266,1580
302,715,1017
454,948,1402
675,925,1600
548,937,1485
810,1245,2055
333,855,1188
937,699,1636
221,996,1217
787,2887,3674
331,947,1278
526,3254,3780
402,703,1105
483,1092,1575
1385,858,2243
514,708,1222
511,1042,1553
46,1487,1533
576,993,1569
690,6375,7065
808,524,1332
2490,822,3312
695,1271,1966
5353,1309,6662
739,687,1426
271,525,796
729,860,1589
5652,1073,6725
674,963,1637
583,864,1447
892,578,1470
953,891,1844
748,1527,2275
753,650,1403
310,1192,1502
918,898,1816
5715,1089,6804
2687,934,3621
824,1074,1898
839,746,1585
992,430,1422
493,1539,2032
625,819,1444
637,1095,1732
1430,619,2049
1221,468,1689
3080,868,3948
825,744,1569
290,698,988
841,602,1443
1227,759,1986
1022,283,1305
188,845,1033
376,1263,1639
734,1046,1780
569,909,1478
678,1062,1740
1161,931,2092
763,767,1530
484,1136,1620
1549,850,2399
768,1708,2476
924,609,1533
631,726,1357
819,1343,2162
1391,967,2358
1540,595,2135
701,1063,1764
688,611,1299
822,771,1593
519,831,1350
718,1644,2362
436,344,780
1091,677,1768
868,845,1713
710,751,1461
106,606,712
846,955,1801
766,726,1492
643,1208,1851
354,562,916
561,853,1414
1183,498,1681
449,423,872
817,927,1744
81,1770,1851
765,952,1717
394,1246,1640
392,348,740
572,340,912
1210,788,1998
60,727,787
546,656,1202
423,512,935
203,858,1061
1371,709,2080
24,992,1016
1023,239,1262
1629,865,2494
457,965,1422
385,817,1202
934,281,1215
711,1238,1949
685,719,1404
723,332,1055
375,921,1296
717,901,1618
1536,818,2354
314,1152,1466
753,854,1607
211,404,615
176,1529,1705
983,705,1688
1191,612,1803
686,915,1601
627,476,1103
604,527,1131
211,241,452
442,457,899
663,521,1184
732,1144,1876
715,1091,1806
413,1016,1429
625,907,1532
1003,1172,2175
321,549,870
290,885,1175
789,482,1271
715,367,1082
434,638,1072
103,519,622
560,821,1381
203,1163,1366
447,995,1442
1558,724,2282
200,1031,1231
474,1225,1699
691,599,1290
735,1435,2170
899,868,1767
713,947,1660
667,759,1426
850,873,1723
921,1020,1941
653,851,1504
1065,712,1777
97,779,876
878,960,1838
307,1616,1923
433,564,997
250,771,1021
69,1122,1191
128,505,633
474,679,1153
539,664,1203
99,950,1049
526,1605,2131
51,871,922
415,809,1224
185,1004,1189
273,986,1259
162,1006,1168
621,1366,1987
420,969,1389
382,1014,1396
514,831,1345
1245,1042,2287
526,659,1185
638,516,1154
630,714,1344
650,1814,2464
702,654,1356
411,1031,1442
1446,829,2275
956,561,1517
650,1269,1919
781,802,1583
632,994,1626
784,885,1669
83,1551,1634
473,870,1343
379,1244,1623
95,1564,1659
894,888,1782
549,856,1405
837,885,1722
303,1147,1450
313,1406,1719
685,838,1523
585,353,938
626,755,1381
1082,411,1493
667,866,1533
1460,318,1778
529,823,1352
710,286,996
182,909,1091
1133,476,1609
708,1037,1745
1351,478,1829
676,594,1270
751,735,1486
661,611,1272
1037,365,1402
716,617,1333
1519,425,1944
721,657,1378
708,568,1276
32,430,462
723,503,1226
591,855,1446
985,287,1272
26,451,477
256,388,644
123,492,615
606,717,1323
112,398,510
73,653,726
362,346,708
103,578,681
297,492,789
357,305,662
250,317,567
224,460,684
356,419,775
364,410,774
512,275,787
301,311,612
75,653,728
517,468,985
650,218,868
563,245,808
88,956,1044
343,343,686
67,261,328
512,341,853
138,252,390
498,578,1076
562,385,947
532,699,1231
87,375,462
138,270,408
726,505,1231
65,278,343
400,225,625
129,541,670
84,668,752
24,398,422
93,245,338
101,561,662
62,394,456
82,715,797
79,297,376
135,654,789
75,404,479
843,666,1509
116,315,431
368,737,1105
182,572,754
205,639,844
77,419,496
313,576,889
474,754,1228
367,840,1207
237,566,803
188,815,1003
264,739,1003
552,703,1255
302,633,935
516,500,1016
482,398,880
858,508,1366
265,772,1037
576,474,1050
660,418,1078
294,741,1035
50,517,567
443,669,1112
337,365,702
86,458,544
61,878,939
532,780,1312
220,646,866
543,382,925
183,745,928
585,4471,5056
82,903,985
110,843,953
179,770,949
50,422,472
357,473,830
265,651,916
636,4476,5112
526,481,1007
266,742,1008
403,593,996
50,465,515
677,447,1124
400,686,1086
448,4464,4912
331,473,804
138,486,624
556,576,1132
718,468,1186
524,709,1233
226,486,712
807,3983,4790
82,1036,1118
438,347,785
772,603,1375
69,1045,1114
326,343,669
612,632,1244
397,403,800
489,640,1129
230,603,833
4445,596,5041
779,372,1151
378,666,1044
423,592,1015
910,282,1192
506,430,936
4294,739,5033
335,956,1291
523,590,1113
3953,680,4633
342,284,626
69,557,626
432,635,1067
175,557,732
30,661,691
458,577,1035
184,355,539
82,614,696
286,516,802
171,491,662
428,350,778
232,542,774
502,958,1460
453,952,1405
281,564,845
295,683,978
168,454,622
468,491,959
373,580,953
35,1073,1108
347,435,782
563,458,1021
424,668,1092
487,1273,1760
488,614,1102
149,1036,1185
415,610,1025
124,422,546
390,614,1004
89,484,573
878,967,1845
397,643,1040
482,732,1214
733,573,1306
658,1008,1666
268,453,721
207,510,717
449,742,1191
872,1868,2740
859,1214,2073
132,509,641
585,733,1318
928,594,1522
534,1056,1590
1066,611,1677
342,553,895
1092,6703,7795
1092,6596,7688
860,718,1578
303,675,978
986,637,1623
374,719,1093
368,824,1192
311,6758,7069
437,692,1129
385,805,1190
1507,6509,8016
940,6715,7655
765,616,1381
319,886,1205
506,809,1315
488,889,1377
600,854,1454
353,7048,7401
451,875,1326
655,894,1549
848,6521,7369
614,705,1319
473,929,1402
601,741,1342
424,1020,1444
1442,6476,7918
868,6667,7535
207,868,1075
536,921,1457
6360,835,7195
6477,984,7461
256,895,1151
307,871,1178
6819,677,7496
6734,973,7707
513,1523,2036
445,891,1336
729,697,1426
6624,839,7463
233,1013,1246
518,921,1439
607,858,1465
6548,555,7103
509,775,1284
627,1507,2134
889,835,1724
725,874,1599
6432,781,7213
623,1033,1656
6503,954,7457
884,636,1520
652,896,1548
895,1032,1927
285,1583,1868
698,763,1461
422,666,1088
743,1310,2053
602,915,1517
675,697,1372
6423,1130,7553
1402,663,2065
750,783,1533
714,937,1651
849,693,1542
798,559,1357
477,1649,2126
843,874,1717
779,1087,1866
1421,466,1887
427,683,1110
928,738,1666
898,1005,1903
494,777,1271
659,669,1328
318,946,1264
460,752,1212
690,400,1090
713,641,1354
621,1061,1682
756,641,1397
771,693,1464
811,482,1293
249,1297,1546
594,461,1055
543,894,1437
459,398,857
448,1616,2064
608,791,1399
965,551,1516
619,530,1149
589,1993,2582
830,837,1667
265,526,791
414,333,747
591,897,1488
494,369,863
460,647,1107
925,626,1551
425,1097,1522
402,672,1074
377,517,894
455,807,1262
709,740,1449
663,923,1586
486,931,1417
49,376,425
1579,1032,2611
918,1011,1929
380,1179,1559
327,1170,1497
34,546,580
412,1152,1564
564,1790,2354
631,2171,2802
245,551,796
797,839,1636
1178,1160,2338
284,547,831
724,869,1593
516,592,1108
591,964,1555
579,1816,2395
371,2224,2595
1210,962,2172
655,987,1642
1726,875,2601
372,516,888
680,899,1579
789,899,1688
996,639,1635
380,474,854
125,468,593
694,2090,2784
928,1296,2224
906,1022,1928
1004,1304,2308
936,951,1887
617,829,1446
653,825,1478
463,442,905
173,1094,1267
2064,794,2858
159,1047,1206
2052,820,2872
738,603,1341
268,662,930
246,1318,1564
424,1249,1673
1557,694,2251
2039,546,2585
631,726,1357
806,948,1754
1081,545,1626
879,461,1340
1231,781,2012
781,577,1358
1609,1118,2727
629,471,1100
710,1101,1811
998,765,1763
256,1330,1586
398,501,899
1053,608,1661
502,585,1087
573,600,1173
425,351,776
1140,1187,2327
701,643,1344
972,1023,1995
1097,446,1543
777,524,1301
723,604,1327
978,904,1882
384,666,1050
1071,787,1858
750,1848,2598
424,708,1132
940,969,1909
28,359,387
608,666,1274
616,1070,1686
1085,836,1921
755,673,1428
700,641,1341
351,1748,2099
62,615,677
929,1185,2114
158,569,727
197,608,805
615,1165,1780
928,624,1552
226,865,1091
1025,984,2009
36,549,585
355,923,1278
382,904,1286
558,2318,2876
265,1231,1496
1794,1033,2827
896,1729,2625
1560,989,2549
509,1034,1543
803,1487,2290
554,1032,1586
687,1067,1754
590,694,1284
1057,1682,2739
1209,569,1778
92,849,941
853,143,996
1214,215,1429
822,1506,2328
779,1028,1807
141,1215,1356
856,788,1644
881,204,1085
790,1250,2040
881,833,1714
196,1259,1455
1682,439,2121
505,1171,1676
306,1934,2240
366,3397,3763
284,1710,1994
580,1847,2427
684,250,934
844,419,1263
389,1173,1562
239,1408,1647
1497,455,1952
329,1396,1725
721,190,911
1739,1023,2762
775,1262,2037
42,505,547
661,581,1242
917,1011,1928
30,706,736
1169,662,1831
647,745,1392
74,720,794
376,1955,2331
457,2092,2549
1781,510,2291
435,436,871
715,1862,2577
858,1056,1914
774,773,1547
1528,773,2301
295,725,1020
405,4023,4428
292,2315,2607
1518,758,2276
1523,711,2234
496,717,1213
701,2115,2816
1020,997,2017
51,1155,1206
475,586,1061
687,4369,5056
548,345,893
2568,2351,4919
1722,311,2033
1186,897,2083
2026,833,2859
513,698,1211
3762,1208,4970
83,1288,1371
593,540,1133
208,753,961
566,867,1433
593,749,1342
656,493,1149
446,842,1288
302,1395,1697
2016,647,2663
837,799,1636
489,1021,1510
532,518,1050
846,652,1498
745,1863,2608
294,828,1122
507,1230,1737
580,813,1393
125,973,1098
4248,447,4695
681,625,1306
904,791,1695
834,787,1621
430,636,1066
1241,1448,2689
518,730,1248
568,1174,1742
588,554,1142
2240,665,2905
594,604,1198
119,867,986
1066,940,2006
779,474,1253
1120,766,1886
679,1680,2359
287,629,916
701,793,1494
868,618,1486
1667,713,2380
443,744,1187
1982,612,2594
1067,539,1606
948,883,1831
1312,695,2007
663,1440,2103
388,992,1380
663,580,1243
145,988,1133
1352,726,2078
615,638,1253
42,548,590
762,893,1655
1199,1015,2214
722,893,1615
530,1214,1744
341,1092,1433
680,1011,1691
531,1448,1979
1519,821,2340
136,821,957
155,659,814
1244,963,2207
495,1250,1745
698,1012,1710
421,661,1082
934,887,1821
497,679,1176
390,703,1093
358,662,1020
197,989,1186
509,779,1288
165,633,798
895,574,1469
284,956,1240
372,1125,1497
93,1047,1140
479,869,1348
413,856,1269
583,801,1384
665,701,1366
1326,592,1918
527,679,1206
89,1320,1409
575,933,1508
394,1101,1495
767,667,1434
671,899,1570
616,1075,1691
312,799,1111
339,622,961
720,1050,1770
762,887,1649
126,1451,1577
901,776,1677
806,816,1622
829,725,1554
565,804,1369
852,923,1775
524,708,1232
917,1111,2028
234,1082,1316
424,833,1257
514,1382,1896
735,491,1226
550,939,1489
756,718,1474
384,1084,1468
922,587,1509
426,598,1024
603,801,1404
591,539,1130
935,916,1851
1194,839,2033
680,830,1510
421,1128,1549
602,1038,1640
801,1072,1873
588,631,1219
928,960,1888
421,781,1202
610,1304,1914
348,922,1270
1405,797,2202
905,806,1711
468,984,1452
626,442,1068
618,549,1167
788,643,1431
746,762,1508
600,822,1422
454,1081,1535
483,1051,1534
792,821,1613
353,1003,1356
758,1053,1811
822,724,1546
340,737,1077
267,886,1153
892,864,1756
708,916,1624
825,992,1817
909,727,1636
362,892,1254
738,912,1650
534,789,1323
577,770,1347
728,714,1442
530,906,1436
822,798,1620
875,1045,1920
652,923,1575
709,869,1578
568,939,1507
683,987,1670
52,205,257
386,1082,1468
553,574,1127
1282,606,1888
738,1020,1758
460,690,1150
210,835,1045
1023,994,2017
733,937,1670
792,963,1755
114,475,589
545,1313,1858
535,873,1408
165,627,792
228,1052,1280
519,675,1194
354,987,1341
472,904,1376
588,661,1249
649,855,1504
611,952,1563
429,1134,1563
753,719,1472
32,646,678
685,799,1484
683,1049,1732
501,709,1210
362,903,1265
594,697,1291
709,1209,1918
578,728,1306
848,701,1549
513,933,1446
339,545,884
940,735,1675
585,850,1435
695,798,1493
770,619,1389
473,559,1032
1031,589,1620
796,710,1506
1170,619,1789
506,713,1219
922,876,1798
656,941,1597
1013,900,1913
730,618,1348
596,1200,1796
1423,466,1889
862,1063,1925
738,778,1516
773,1055,1828
561,907,1468
446,758,1204
681,728,1409
545,875,1420
557,707,1264
73,511,584
574,1099,1673
761,338,1099
848,1241,2089
435,1216,1651
840,786,1626
672,941,1613
238,706,944
92,684,776
582,1042,1624
768,832,1600
703,1263,1966
393,1386,1779
479,1171,1650
516,644,1160
205,977,1182
522,591,1113
423,524,947
671,546,1217
385,917,1302
951,931,1882
1015,938,1953
557,801,1358
612,588,1200
383,968,1351
1081,956,2037
585,1035,1620
465,779,1244
314,1101,1415
1011,656,1667
579,1678,2257
354,820,1174
705,1099,1804
824,796,1620
744,561,1305
827,761,1588
518,785,1303
529,817,1346
703,587,1290
1125,642,1767
608,1955,2563
426,968,1394
897,945,1842
669,1897,2566
501,918,1419
980,992,1972
446,902,1348
699,896,1595
874,506,1380
800,901,1701
629,833,1462
443,1067,1510
470,1702,2172
882,1040,1922
685,968,1653
1001,817,1818
299,689,988
828,827,1655
658,982,1640
718,682,1400
756,1059,1815
1699,666,2365
228,874,1102
281,1111,1392
679,1264,1943
339,843,1182
469,1070,1539
543,603,1146
450,927,1377
1654,696,2350
454,923,1377
675,766,1441
1591,817,2408
585,888,1473
569,1777,2346
742,786,1528
703,850,1553
918,636,1554
561,721,1282
553,919,1472
700,490,1190
720,825,1545
495,1744,2239
885,771,1656
464,958,1422
820,623,1443
328,1526,1854
942,491,1433
800,1029,1829
675,484,1159
330,924,1254
1451,615,2066
838,626,1464
285,1685,1970
1133,343,1476
975,439,1414
570,1528,2098
546,1457,2003
709,753,1462
557,750,1307
1078,639,1717
769,339,1108
919,710,1629
880,528,1408
520,1433,1953
850,1565,2415
800,1260,2060
894,472,1366
653,583,1236
1058,1352,2410
1577,525,2102
791,674,1465
200,523,723
63,766,829
659,715,1374
721,669,1390
271,751,1022
112,674,786
130,765,895
1419,810,2229
1502,1200,2702
134,451,585
1091,858,1949
753,1736,2489
435,752,1187
935,1670,2605
611,1587,2198
1726,1582,3308
1258,892,2150
59,800,859
498,1728,2226
666,1533,2199
88,1311,1399
326,647,973
1389,1558,2947
673,1700,2373
710,865,1575
625,371,996
1111,547,1658
160,947,1107
290,1206,1496
172,1116,1288
685,415,1100
493,657,1150
136,1522,1658
201,1375,1576
145,707,852
1256,1208,2464
1310,479,1789
174,1601,1775
511,327,838
194,1183,1377
1359,402,1761
571,1079,1650
329,1486,1815
466,1164,1630
220,1198,1418
1309,594,1903
910,949,1859
765,379,1144
727,1005,1732
1385,664,2049
1228,612,1840
322,1349,1671
1290,1132,2422
1021,467,1488
553,1665,2218
1045,479,1524
465,1624,2089
1085,754,1839
97,506,603
1292,439,1731
1638,226,1864
86,516,602
1336,1217,2553
1980,372,2352
991,885,1876
1308,806,2114
835,729,1564
783,497,1280
1329,898,2227
82,253,335
262,358,620
1386,809,2195
22,765,787
90,464,554
1445,651,2096
604,1239,1843
56,834,890
135,487,622
862,647,1509
305,537,842
1466,512,1978
220,815,1035
373,669,1042
914,994,1908
1553,829,2382
66,1442,1508
83,658,741
101,1317,1418
1142,1566,2708
24,974,998
50,903,953
604,808,1412
1273,1474,2747
513,819,1332
81,1211,1292
405,794,1199
518,866,1384
234,992,1226
44,1033,1077
112,1231,1343
154,491,645
750,647,1397
581,1048,1629
530,1236,1766
319,462,781
623,500,1123
905,563,1468
533,780,1313
88,1486,1574
360,932,1292
1171,557,1728
363,767,1130
1132,1146,2278
644,538,1182
551,1254,1805
692,718,1410
1167,571,1738
1094,928,2022
582,1259,1841
231,1421,1652
826,871,1697
512,623,1135
651,1510,2161
820,1089,1909
104,1051,1155
368,496,864
480,888,1368
457,470,927
1223,1012,2235
661,996,1657
1023,957,1980
616,722,1338
944,1275,2219
794,717,1511
151,1385,1536
106,1099,1205
110,519,629
490,502,992
981,1324,2305
360,878,1238
1258,912,2170
1121,1031,2152
424,889,1313
807,1015,1822
350,868,1218
180,860,1040
477,446,923
832,1184,2016
986,1097,2083
1170,621,1791
1370,1469,2839
427,913,1340
873,1044,1917
704,925,1629
552,896,1448
590,871,1461
55,607,662
818,822,1640
589,1081,1670
810,460,1270
635,864,1499
688,1299,1987
930,922,1852
487,1208,1695
325,798,1123
96,795,891
767,852,1619
673,479,1152
1207,926,2133
365,650,1015
1020,701,1721
796,1288,2084
949,755,1704
624,1385,2009
1400,1186,2586
297,852,1149
650,617,1267
870,1226,2096
892,1003,1895
423,789,1212
801,1034,1835
689,709,1398
504,1077,1581
716,502,1218
790,1572,2362
503,871,1374
727,889,1616
1196,942,2138
361,907,1268
1290,930,2220
635,1021,1656
536,806,1342
667,740,1407
632,1055,1687
884,1519,2403
771,1078,1849
841,565,1406
909,739,1648
765,751,1516
712,1156,1868
655,669,1324
694,1008,1702
695,887,1582
1078,668,1746
277,866,1143
393,927,1320
762,1052,1814
779,626,1405
700,634,1334
466,913,1379
622,796,1418
663,269,932
766,424,1190
1084,1053,2137
1065,1022,2087
856,711,1567
566,1069,1635
455,865,1320
566,1925,2491
514,682,1196
710,693,1403
697,279,976
869,1207,2076
595,536,1131
177,1099,1276
762,711,1473
305,878,1183
217,1680,1897
1377,1335,2712
118,686,804
723,737,1460
405,455,860
935,996,1931
637,1224,1861
912,764,1676
28,678,706
650,992,1642
731,727,1458
76,673,749
534,525,1059
991,564,1555
529,1308,1837
297,1401,1698
1000,686,1686
1361,1245,2606
767,981,1748
295,515,810
1021,1436,2457
357,918,1275
988,1206,2194
485,1334,1819
592,419,1011
824,598,1422
1229,836,2065
668,643,1311
578,447,1025
1310,702,2012
674,727,1401
829,375,1204
1031,659,1690
1155,754,1909
448,425,873
637,922,1559
504,1017,1521
1014,734,1748
518,833,1351
433,1229,1662
699,424,1123
1393,447,1840
1274,730,2004
687,234,921
806,716,1522
1304,888,2192
948,796,1744
400,1102,1502
775,952,1727
866,459,1325
722,1428,2150
387,1096,1483
26,626,652
717,603,1320
959,492,1451
664,840,1504
17,654,671
954,1013,1967
44,455,499
526,2049,2575
1111,616,1727
652,1068,1720
29,793,822
25,644,669
718,903,1621
208,493,701
544,1237,1781
37,777,814
316,869,1185
346,665,1011
854,1371,2225
442,705,1147
519,690,1209
212,661,873
990,1104,2094
507,512,1019
719,1161,1880
393,625,1018
685,734,1419
411,576,987
379,1002,1381
49,1015,1064
499,847,1346
589,860,1449
553,505,1058
719,482,1201
1073,420,1493
245,881,1126
254,1198,1452
393,857,1250
887,545,1432
706,908,1614
602,540,1142
707,700,1407
602,923,1525
373,758,1131
677,519,1196
920,739,1659
759,2012,2771
748,564,1312
574,835,1409
973,518,1491
1184,2392,3576
51,630,681
512,583,1095
369,1029,1398
347,721,1068
221,903,1124
786,886,1672
1965,1566,3531
310,461,771
541,969,1510
642,983,1625
809,345,1154
371,776,1147
414,425,839
1891,1694,3585
259,670,929
695,724,1419
2122,788,2910
291,1531,1822
2916,574,3490
519,831,1350
773,497,1270
385,826,1211
565,993,1558
535,964,1499
656,809,1465
719,930,1649
607,918,1525
866,858,1724
671,707,1378
45,710,755
1418,795,2213
78,784,862
278,1318,1596
33,796,829
171,1012,1183
803,781,1584
64,868,932
452,837,1289
97,840,937
1427,825,2252
937,1205,2142
485,1494,1979
277,660,937
988,870,1858
510,745,1255
282,672,954
544,884,1428
850,1439,2289
455,1101,1556
429,701,1130
438,786,1224
700,663,1363
684,742,1426
793,594,1387
181,1393,1574
114,744,858
898,641,1539
471,1347,1818
767,820,1587
217,1428,1645
601,849,1450
850,1270,2120
1146,731,1877
581,740,1321
190,1655,1845
1006,278,1284
767,1108,1875
563,6365,6928
1392,894,2286
1387,695,2082
819,481,1300
889,742,1631
1066,790,1856
651,782,1433
458,2057,2515
24,885,909
920,1249,2169
1322,865,2187
1143,318,1461
60,986,1046
738,1836,2574
77,1106,1183
656,1318,1974
758,6777,7535
685,1141,1826
746,470,1216
283,593,876
166,666,832
854,414,1268
529,887,1416
1115,1332,2447
403,1687,2090
24,1377,1401
788,1576,2364
1477,1190,2667
114,925,1039
1036,292,1328
618,849,1467
947,1328,2275
637,6954,7591
310,982,1292
614,980,1594
1196,1550,2746
1002,869,1871
1975,827,2802
115,425,540
634,1666,2300
1297,614,1911
170,695,865
752,547,1299
640,1517,2157
560,364,924
1688,1105,2793
998,6704,7702
1248,909,2157
209,1004,1213
465,1318,1783
6579,1336,7915
848,637,1485
1030,1276,2306
93,379,472
991,1035,2026
959,666,1625
1434,767,2201
586,1231,1817
6756,921,7677
147,644,791
928,1835,2763
1051,970,2021
243,439,682
447,901,1348
944,509,1453
1376,510,1886
831,1166,1997
5879,831,6710
307,512,819
958,1757,2715
957,1207,2164
300,625,925
796,810,1606
1167,663,1830
410,674,1084
1245,1016,2261
1129,583,1712
434,855,1289
1158,806,1964
767,906,1673
639,774,1413
645,799,1444
801,536,1337
770,655,1425
1354,1351,2705
900,606,1506
397,641,1038
233,498,731
130,1261,1391
537,557,1094
343,813,1156
1038,511,1549
957,838,1795
448,322,770
327,1105,1432
285,639,924
414,350,764
470,467,937
575,1013,1588
1639,1445,3084
440,611,1051
686,1138,1824
348,926,1274
238,1340,1578
317,662,979
518,456,974
574,922,1496
838,1142,1980
1463,1111,2574
688,691,1379
880,504,1384
488,437,925
497,476,973
249,1100,1349
353,684,1037
710,1129,1839
457,1320,1777
204,841,1045
636,1265,1901
856,485,1341
148,813,961
548,641,1189
1146,826,1972
795,524,1319
853,805,1658
1044,1004,2048
940,803,1743
558,902,1460
1044,633,1677
662,668,1330
368,700,1068
171,521,692
1032,831,1863
363,799,1162
198,659,857
580,777,1357
1191,560,1751
698,638,1336
398,459,857
1009,747,1756
1175,1151,2326
619,1146,1765
354,1099,1453
1191,707,1898
788,1489,2277
581,436,1017
715,908,1623
517,711,1228
386,586,972
546,1249,1795
89,739,828
379,418,797
1006,1321,2327
596,711,1307
742,601,1343
426,608,1034
585,598,1183
510,518,1028
808,1122,1930
609,892,1501
545,607,1152
271,608,879
761,862,1623
488,756,1244
284,1090,1374
473,465,938
1101,570,1671
890,585,1475
502,1058,1560
269,748,1017
593,518,1111
520,1083,1603
364,879,1243
490,1186,1676
230,472,702
976,471,1447
821,666,1487
489,753,1242
1051,1268,2319
573,731,1304
540,972,1512
319,645,964
524,1241,1765
807,482,1289
571,553,1124
779,608,1387
977,892,1869
463,755,1218
763,454,1217
359,606,965
1106,1033,2139
594,745,1339
531,763,1294
771,1303,2074
284,778,1062
477,487,964
742,752,1494
1103,630,1733
180,992,1172
342,501,843
500,587,1087
1003,1160,2163
501,828,1329
217,705,922
299,542,841
761,682,1443
292,470,762
417,828,1245
599,870,1469
927,686,1613
696,654,1350
386,596,982
1050,434,1484
443,575,1018
388,539,927
437,693,1130
416,1491,1907
717,830,1547
521,598,1119
220,881,1101
471,1392,1863
626,617,1243
489,911,1400
505,478,983
1000,594,1594
682,565,1247
759,1154,1913
440,715,1155
520,874,1394
488,697,1185
437,680,1117
653,850,1503
403,554,957
394,633,1027
647,852,1499
573,671,1244
296,426,722
618,418,1036
717,679,1396
1379,576,1955
410,365,775
317,500,817
365,905,1270
563,651,1214
435,443,878
747,647,1394
323,574,897
526,303,829
679,838,1517
255,474,729
1207,651,1858
39,438,477
520,860,1380
500,559,1059
414,1325,1739
186,835,1021
748,817,1565
350,1453,1803
1099,856,1955
174,353,527
388,806,1194
18,205,223
543,212,755
357,967,1324
62,239,301
571,1185,1756
421,624,1045
619,633,1252
217,622,839
679,845,1524
399,1000,1399
460,982,1442
684,1036,1720
770,947,1717
156,219,375
604,505,1109
745,1198,1943
208,420,628
1089,640,1729
579,931,1510
422,890,1312
202,434,636
1249,784,2033
478,1049,1527
444,980,1424
367,722,1089
567,770,1337
136,643,779
742,1105,1847
271,911,1182
599,803,1402
324,769,1093
725,1061,1786
699,882,1581
220,1137,1357
1057,758,1815
784,974,1758
757,649,1406
478,1031,1509
427,707,1134
806,1001,1807
909,597,1506
553,817,1370
820,616,1436
922,801,1723
676,944,1620
627,729,1356
157,440,597
793,704,1497
413,866,1279
760,695,1455
740,584,1324
628,777,1405
938,580,1518
704,941,1645
565,728,1293
331,915,1246
971,457,1428
608,774,1382
588,707,1295
833,471,1304
822,646,1468
228,785,1013
817,697,1514
492,677,1169
295,1153,1448
862,700,1562
555,984,1539
646,1007,1653
652,448,1100
377,687,1064
384,674,1058
561,940,1501
427,1195,1622
654,642,1296
675,1130,1805
473,574,1047
616,1090,1706
637,813,1450
484,779,1263
654,769,1423
626,808,1434
299,765,1064
364,846,1210
702,842,1544
640,951,1591
258,769,1027
71,160,231
876,735,1611
758,324,1082
579,1059,1638
408,1191,1599
621,552,1173
450,702,1152
132,407,539
227,947,1174
126,613,739
1111,668,1779
190,599,789
147,1325,1472
377,1031,1408
658,771,1429
632,739,1371
586,429,1015
765,703,1468
669,718,1387
626,851,1477
120,628,748
570,12308,12878
313,1185,1498
553,1156,1709
227,822,1049
523,807,1330
497,748,1245
406,630,1036
569,1385,1954
487,721,1208
309,713,1022
878,12210,13088
548,1231,1779
1052,799,1851
1005,11881,12886
636,965,1601
1769,11149,12918
585,750,1335
549,693,1242
12299,236,12535
863,913,1776
573,723,1296
847,917,1764
619,592,1211
600,1074,1674
1204,657,1861
605,419,1024
330,696,1026
665,697,1362
11646,213,11859
647,771,1418
718,682,1400
720,1368,2088
765,698,1463
1246,986,2232
589,997,1586
1055,702,1757
290,1084,1374
11337,390,11727
1181,1102,2283
620,2291,2911
76,700,776
1037,407,1444
638,1203,1841
592,2307,2899
440,1386,1826
57,730,787
802,911,1713
722,425,1147
30,827,857
1019,1914,2933
775,1264,2039
42,885,927
880,760,1640
659,1267,1926
767,1217,1984
1721,520,2241
322,705,1027
56,584,640
135,835,970
546,553,1099
1846,524,2370
821,1422,2243
1432,876,2308
616,700,1316
621,522,1143
346,671,1017
1795,439,2234
431,446,877
464,599,1063
694,1410,2104
370,411,781
626,381,1007
522,619,1141
516,1040,1556
412,396,808
433,383,816
617,201,818
287,409,696
387,344,731
67,255,322
1183,918,2101
221,356,577
1046,544,1590
101,268,369
843,1012,1855
278,377,655
1214,560,1774
135,339,474
938,956,1894
747,1035,1782
264,321,585
769,580,1349
178,383,561
604,969,1573
587,1064,1651
293,381,674
394,554,948
259,1009,1268
163,411,574
590,364,954
330,414,744
490,442,932
822,533,1355
403,482,885
301,536,837
888,2810,3698
298,552,850
262,505,767
755,3013,3768
559,350,909
1165,2612,3777
404,478,882
388,499,887
870,2910,3780
105,430,535
344,2330,2674
177,422,599
1112,2578,3690
157,391,548
41,551,592
293,313,606
1560,1128,2688
831,2029,2860
254,339,593
116,522,638
2444,314,2758
345,377,722
2557,385,2942
719,3031,3750
2250,408,2658
218,393,611
2288,494,2782
319,2961,3280
1140,426,1566
479,266,745
2050,300,2350
299,3036,3335
216,252,468
81,485,566
142,284,426
436,176,612
1886,799,2685
823,476,1299
1800,543,2343
215,424,639
136,3714,3850
339,738,1077
785,760,1545
1754,1946,3700
631,525,1156
1226,514,1740
614,385,999
127,835,962
482,427,909
65,559,624
108,551,659
180,994,1174
65,609,674
140,1056,1196
188,3724,3912
316,892,1208
2851,826,3677
25,482,507
373,838,1211
24,622,646
274,3973,4247
357,558,915
546,980,1526
2891,1083,3974
234,535,769
76,579,655
88,942,1030
201,1153,1354
130,577,707
515,3622,4137
220,1694,1914
472,1252,1724
3524,865,4389
704,1268,1972
328,554,882
464,454,918
3842,606,4448
418,569,987
387,720,1107
456,739,1195
3320,489,3809
209,733,942
138,977,1115
402,782,1184
203,1174,1377
720,264,984
468,732,1200
473,569,1042
528,550,1078
991,470,1461
274,1026,1300
321,1127,1448
489,858,1347
434,259,693
551,1081,1632
498,692,1190
158,543,701
1018,459,1477
203,1124,1327
351,678,1029
893,714,1607
563,307,870
750,938,1688
646,458,1104
343,868,1211
1448,334,1782
634,962,1596
34,1063,1097
27,281,308
264,812,1076
1247,1248,2495
970,682,1652
59,449,508
727,504,1231
113,439,552
606,2025,2631
566,766,1332
258,542,800
463,877,1340
887,731,1618
64,347,411
178,737,915
135,708,843
753,1776,2529
766,880,1646
288,550,838
628,1033,1661
861,782,1643
111,711,822
400,631,1031
213,776,989
167,888,1055
344,809,1153
526,745,1271
470,776,1246
386,740,1126
457,910,1367
243,599,842
306,928,1234
290,941,1231
677,599,1276
273,574,847
876,1712,2588
383,464,847
517,493,1010
847,589,1436
398,453,851
343,1828,2171
635,923,1558
166,841,1007
331,609,940
1889,932,2821
518,447,965
171,905,1076
518,661,1179
577,502,1079
523,1892,2415
900,880,1780
315,924,1239
523,653,1176
1643,1089,2732
597,621,1218
247,1040,1287
743,584,1327
1055,1040,2095
350,1505,1855
861,575,1436
458,886,1344
171,687,858
187,609,796
648,475,1123
445,949,1394
287,774,1061
484,421,905
1353,752,2105
799,365,1164
430,819,1249
272,690,962
491,916,1407
226,950,1176
215,688,903
484,630,1114
766,832,1598
506,4354,4860
1559,759,2318
363,359,722
79,4505,4584
425,889,1314
808,1109,1917
42,543,585
365,1049,1414
380,608,988
671,869,1540
1439,789,2228
358,918,1276
610,671,1281
24,4436,4460
249,902,1151
557,1054,1611
229,399,628
596,1013,1609
676,607,1283
849,946,1795
293,627,920
910,1056,1966
645,979,1624
3987,638,4625
480,959,1439
877,1023,1900
469,695,1164
527,824,1351
339,1064,1403
214,690,904
526,487,1013
670,1027,1697
430,1118,1548
4161,707,4868
821,859,1680
951,950,1901
707,500,1207
586,937,1523
663,1138,1801
410,869,1279
118,585,703
852,716,1568
920,1168,2088
901,881,1782
692,865,1557
687,899,1586
897,549,1446
524,823,1347
4293,771,5064
1015,834,1849
514,376,890
193,1072,1265
866,961,1827
1017,1172,2189
418,1482,1900
235,821,1056
755,1091,1846
815,1172,1987
505,522,1027
539,428,967
419,896,1315
572,969,1541
679,771,1450
685,607,1292
891,1095,1986
359,671,1030
564,921,1485
761,806,1567
642,843,1485
1054,515,1569
597,724,1321
621,508,1129
458,1203,1661
385,1213,1598
144,1501,1645
377,555,932
938,482,1420
1085,371,1456
226,770,996
328,571,899
1071,681,1752
606,1098,1704
564,1196,1760
419,625,1044
560,546,1106
776,361,1137
725,382,1107
315,640,955
660,509,1169
188,997,1185
700,669,1369
436,772,1208
732,661,1393
879,1094,1973
919,338,1257
846,456,1302
456,680,1136
434,616,1050
521,1713,2234
827,671,1498
807,712,1519
1447,690,2137
621,571,1192
666,778,1444
989,800,1789
565,576,1141
570,1957,2527
821,795,1616
606,714,1320
156,657,813
893,1603,2496
107,584,691
440,808,1248
113,344,457
439,653,1092
1069,840,1909
307,654,961
146,723,869
359,482,841
711,1442,2153
100,709,809
362,517,879
704,941,1645
341,579,920
576,388,964
662,894,1556
152,731,883
308,588,896
1696,522,2218
923,951,1874
531,665,1196
301,911,1212
520,2325,2845
476,575,1051
582,622,1204
183,1203,1386
266,918,1184
611,504,1115
1458,668,2126
661,1012,1673
416,555,971
289,1151,1440
568,2517,3085
672,646,1318
841,943,1784
356,1179,1535
705,696,1401
1368,917,2285
286,1015,1301
599,722,1321
356,684,1040
541,2605,3146
472,831,1303
401,1065,1466
234,810,1044
495,1072,1567
234,856,1090
435,1049,1484
454,1069,1523
627,874,1501
452,2806,3258
645,1571,2216
537,780,1317
725,489,1214
285,864,1149
541,1014,1555
667,1245,1912
222,995,1217
297,802,1099
2380,985,3365
856,1501,2357
902,969,1871
520,1023,1543
666,1017,1683
839,1583,2422
622,786,1408
521,1299,1820
627,785,1412
728,774,1502
597,505,1102
1021,944,1965
2525,1302,3827
849,1860,2709
767,1404,2171
258,952,1210
1276,933,2209
432,246,678
752,1390,2142
537,719,1256
2807,1038,3845
1298,930,2228
411,368,779
722,1054,1776
514,295,809
826,1055,1881
1172,423,1595
352,477,829
631,985,1616
1208,443,1651
561,321,882
627,568,1195
827,327,1154
998,369,1367
1659,292,1951
65,383,448
531,528,1059
60,361,421
770,671,1441
102,377,479
114,360,474
74,422,496
816,597,1413
146,352,498
781,402,1183
149,384,533
90,585,675
189,300,489
161,421,582
318,456,774
292,405,697
230,576,806
300,363,663
386,408,794
293,555,848
260,578,838
343,466,809
474,461,935
230,557,787
396,385,781
355,335,690
358,477,835
515,470,985
321,433,754
483,371,854
209,378,587
83,478,561
128,499,627
265,316,581
296,358,654
88,533,621
101,652,753
237,425,662
185,425,610
262,535,797
145,537,682
309,327,636
318,436,754
270,405,675
304,499,803
364,417,781
136,474,610
823,1050,1873
484,494,978
1210,1613,2823
467,460,927
225,427,652
718,2988,3706
548,1350,1898
308,440,748
312,426,738
837,940,1777
491,387,878
190,798,988
1240,3612,4852
436,268,704
910,2414,3324
562,3277,3839
865,3711,4576
371,454,825
948,2702,3650
624,3494,4118
241,799,1040
127,543,670
603,1350,1953
203,3411,3614
281,459,740
214,811,1025
291,3559,3850
2811,478,3289
325,1056,1381
666,3126,3792
136,664,800
849,3923,4772
2754,749,3503
1111,3068,4179
374,983,1357
375,847,1222
861,3053,3914
1945,687,2632
387,749,1136
63,1253,1316
2987,862,3849
2799,538,3337
495,876,1371
3305,556,3861
1074,3656,4730
163,808,971
681,725,1406
406,936,1342
3268,938,4206
2143,791,2934
441,859,1300
2870,737,3607
2563,520,3083
156,860,1016
977,3562,4539
189,1352,1541
1112,365,1477
472,1210,1682
3480,1100,4580
338,966,1304
544,1156,1700
256,1557,1813
3001,1244,4245
3769,995,4764
584,1225,1809
486,514,1000
737,878,1615
1084,564,1648
587,887,1474
891,1005,1896
762,474,1236
1319,386,1705
842,722,1564
363,1096,1459
371,894,1265
512,665,1177
712,585,1297
3523,905,4428
429,930,1359
632,1036,1668
500,689,1189
509,1240,1749
589,1244,1833
438,876,1314
137,840,977
935,540,1475
3088,926,4014
730,825,1555
1051,820,1871
227,1368,1595
780,850,1630
876,802,1678
338,874,1212
393,779,1172
869,644,1513
767,891,1658
1096,808,1904
720,1219,1939
902,935,1837
539,986,1525
714,654,1368
945,1051,1996
814,730,1544
565,919,1484
827,566,1393
748,930,1678
479,1474,1953
593,1537,2130
914,663,1577
44,1004,1048
452,1064,1516
1199,887,2086
203,559,762
784,888,1672
545,628,1173
514,1680,2194
1182,1048,2230
1001,881,1882
732,1044,1776
84,1293,1377
313,1142,1455
752,988,1740
894,703,1597
481,1029,1510
152,809,961
1270,1183,2453
1151,1156,2307
764,1238,2002
835,1358,2193
413,375,788
488,1196,1684
790,954,1744
476,768,1244
510,926,1436
258,904,1162
1340,1157,2497
1455,920,2375
671,1263,1934
438,1091,1529
640,1015,1655
979,957,1936
399,1305,1704
445,793,1238
770,737,1507
1603,1041,2644
949,724,1673
829,1393,2222
787,975,1762
738,1121,1859
895,1584,2479
820,981,1801
902,835,1737
129,974,1103
871,689,1560
959,955,1914
683,782,1465
898,769,1667
486,1421,1907
329,899,1228
779,636,1415
777,1309,2086
1163,768,1931
577,739,1316
934,1128,2062
911,725,1636
1079,927,2006
511,941,1452
999,967,1966
1225,1191,2416
677,712,1389
964,917,1881
639,976,1615
1210,492,1702
299,628,927
392,1060,1452
861,927,1788
670,1177,1847
1531,717,2248
118,1113,1231
917,1059,1976
362,879,1241
690,588,1278
663,541,1204
421,879,1300
228,1129,1357
290,1120,1410
572,888,1460
290,1124,1414
434,1028,1462
504,932,1436
772,707,1479
678,1105,1783
448,1062,1510
919,638,1557
508,1077,1585
929,689,1618
498,1221,1719
30,557,587
394,962,1356
163,1014,1177
371,778,1149
722,1162,1884
75,1004,1079
964,1015,1979
526,949,1475
755,996,1751
583,987,1570
881,531,1412
693,857,1550
607,822,1429
1012,978,1990
330,953,1283
58,1097,1155
459,996,1455
479,1159,1638
825,784,1609
517,1294,1811
1090,522,1612
990,653,1643
653,1187,1840
512,1143,1655
212,1485,1697
79,690,769
604,1363,1967
365,801,1166
862,1000,1862
532,643,1175
289,996,1285
983,1177,2160
907,976,1883
408,1513,1921
373,936,1309
895,1237,2132
576,793,1369
420,1242,1662
794,600,1394
505,981,1486
447,1103,1550
601,1044,1645
987,1287,2274
426,948,1374
652,1113,1765
841,899,1740
816,900,1716
141,850,991
473,1090,1563
857,1025,1882
276,928,1204
1035,930,1965
1009,881,1890
1041,917,1958
562,663,1225
504,713,1217
967,941,1908
1172,663,1835
878,945,1823
265,915,1180
1238,941,2179
723,932,1655
562,1076,1638
743,976,1719
745,697,1442
406,1167,1573
1031,908,1939
883,1074,1957
288,754,1042
912,773,1685
305,751,1056
761,1244,2005
836,863,1699
265,474,739
595,781,1376
637,1216,1853
746,657,1403
430,1168,1598
386,1075,1461
509,731,1240
27,382,409
748,1295,2043
893,1039,1932
770,574,1344
57,683,740
341,970,1311
468,743,1211
671,755,1426
543,1012,1555
946,436,1382
80,594,674
475,1130,1605
369,799,1168
1023,678,1701
146,845,991
901,944,1845
719,812,1531
624,625,1249
703,553,1256
273,568,841
418,918,1336
519,680,1199
946,692,1638
582,1467,2049
229,1022,1251
480,1153,1633
721,591,1312
476,829,1305
258,769,1027
682,498,1180
686,795,1481
935,390,1325
297,501,798
637,993,1630
72,742,814
608,1693,2301
342,559,901
524,951,1475
978,406,1384
43,1533,1576
399,1105,1504
291,513,804
573,646,1219
529,1034,1563
432,655,1087
230,1011,1241
101,1076,1177
262,995,1257
450,1697,2147
427,1492,1919
500,1464,1964
684,561,1245
547,1761,2308
447,1125,1572
313,811,1124
826,1564,2390
750,1229,1979
488,1516,2004
398,661,1059
1277,1186,2463
584,973,1557
569,749,1318
1504,1060,2564
1015,1142,2157
307,1945,2252
1043,164,1207
1379,1258,2637
462,2115,2577
688,791,1479
593,438,1031
1559,657,2216
1052,1182,2234
1251,471,1722
1407,305,1712
1125,633,1758
877,1067,1944
794,697,1491
391,410,801
1113,670,1783
1426,866,2292
1710,520,2230
1337,626,1963
1241,460,1701
141,1046,1187
553,706,1259
1288,583,1871
1173,570,1743
736,475,1211
313,376,689
1078,675,1753
116,589,705
96,625,721
271,2062,2333
295,380,675
729,794,1523
1923,474,2397
117,453,570
279,423,702
491,660,1151
948,1549,2497
147,1887,2034
1073,1094,2167
487,369,856
501,1630,2131
361,2356,2717
411,304,715
234,613,847
386,320,706
1034,563,1597
114,750,864
1135,1135,2270
469,402,871
958,753,1711
684,2073,2757
292,733,1025
399,796,1195
1030,363,1393
169,1167,1336
952,440,1392
803,538,1341
1921,917,2838
901,514,1415
458,909,1367
842,2348,3190
1004,420,1424
856,626,1482
109,551,660
295,1233,1528
24,582,606
143,612,755
52,701,753
28,636,664
613,980,1593
2249,983,3232
133,576,709
1710,1226,2936
807,1012,1819
836,898,1734
42,598,640
51,1012,1063
1940,709,2649
24,752,776
139,859,998
808,576,1384
117,787,904
25,671,696
935,1320,2255
971,371,1342
84,773,857
267,874,1141
494,1038,1532
188,331,519
334,1073,1407
467,714,1181
639,886,1525
799,1070,1869
205,851,1056
570,679,1249
21,1330,1351
535,1163,1698
366,995,1361
440,299,739
418,993,1411
354,718,1072
1099,368,1467
599,829,1428
214,1033,1247
442,404,846
256,1132,1388
604,1009,1613
460,305,765
188,734,922
597,923,1520
771,1093,1864
288,569,857
216,321,537
374,1292,1666
765,192,957
561,624,1185
782,692,1474
416,1399,1815
854,944,1798
741,396,1137
638,611,1249
438,1308,1746
57,515,572
713,1267,1980
29,369,398
744,473,1217
309,1057,1366
561,1431,1992
434,851,1285
448,733,1181
656,759,1415
1077,1011,2088
234,1491,1725
388,1185,1573
40,576,616
330,1318,1648
637,939,1576
82,1108,1190
23,507,530
787,1055,1842
1104,646,1750
67,754,821
712,1020,1732
961,676,1637
672,1063,1735
200,871,1071
128,1280,1408
342,1006,1348
1115,794,1909
1219,748,1967
879,778,1657
598,870,1468
921,1160,2081
413,728,1141
645,1019,1664
844,631,1475
578,1067,1645
756,795,1551
1447,600,2047
870,746,1616
107,877,984
704,681,1385
665,683,1348
639,524,1163
312,1324,1636
925,670,1595
93,1035,1128
328,834,1162
448,1255,1703
698,628,1326
503,669,1172
423,924,1347
370,1081,1451
577,785,1362
853,312,1165
1035,384,1419
436,555,991
460,465,925
466,576,1042
523,662,1185
435,837,1272
713,1301,2014
485,579,1064
1089,402,1491
675,866,1541
78,630,708
562,639,1201
577,1019,1596
259,956,1215
403,1388,1791
576,512,1088
491,605,1096
738,493,1231
261,1634,1895
502,944,1446
396,1007,1403
752,684,1436
788,1137,1925
396,528,924
415,781,1196
17,642,659
267,582,849
283,1761,2044
107,762,869
458,1139,1597
487,834,1321
962,784,1746
374,506,880
784,765,1549
234,1139,1373
501,1731,2232
310,614,924
783,806,1589
442,1004,1446
500,575,1075
917,762,1679
690,820,1510
1318,743,2061
256,1004,1260
294,616,910
1004,593,1597
1155,753,1908
595,386,981
802,980,1782
723,380,1103
1478,681,2159
523,441,964
392,752,1144
565,587,1152
507,934,1441
1439,560,1999
1031,848,1879
682,798,1480
379,307,686
861,431,1292
354,399,753
355,673,1028
613,912,1525
605,849,1454
682,671,1353
851,852,1703
841,298,1139
660,1102,1762
241,2188,2429
631,801,1432
966,753,1719
248,974,1222
886,382,1268
292,1094,1386
68,455,523
503,1017,1520
566,895,1461
761,722,1483
37,599,636
475,2043,2518
245,481,726
856,738,1594
604,2084,2688
384,505,889
53,718,771
749,877,1626
1521,470,1991
183,967,1150
846,1883,2729
491,851,1342
289,694,983
563,825,1388
87,464,551
507,664,1171
1335,646,1981
219,762,981
441,933,1374
504,723,1227
196,1206,1402
526,956,1482
780,502,1282
524,752,1276
685,731,1416
79,1660,1739
1942,885,2827
721,665,1386
153,604,757
68,1710,1778
1817,909,2726
275,1362,1637
269,833,1102
27,916,943
297,979,1276
833,669,1502
184,851,1035
566,1060,1626
154,1641,1795
459,783,1242
289,1705,1994
1130,888,2018
453,562,1015
1517,459,1976
1073,598,1671
333,573,906
640,609,1249
495,1574,2069
421,690,1111
557,741,1298
488,931,1419
463,844,1307
1193,869,2062
735,683,1418
499,926,1425
694,682,1376
1588,522,2110
525,967,1492
663,415,1078
518,988,1506
477,625,1102
1568,472,2040
352,541,893
786,669,1455
995,858,1853
595,764,1359
904,525,1429
632,966,1598
374,852,1226
311,696,1007
1279,445,1724
348,832,1180
721,732,1453
690,994,1684
596,928,1524
515,441,956
401,1233,1634
788,644,1432
649,734,1383
648,608,1256
737,566,1303
711,1117,1828
363,704,1067
246,605,851
641,703,1344
272,623,895
92,776,868
845,972,1817
185,838,1023
288,1236,1524
760,639,1399
276,713,989
261,794,1055
542,745,1287
303,643,946
870,1032,1902
482,555,1037
502,888,1390
421,619,1040
712,799,1511
559,513,1072
891,680,1571
412,1467,1879
318,1184,1502
64,7882,7946
406,1124,1530
395,1143,1538
265,7667,7932
1728,770,2498
542,1313,1855
548,1112,1660
327,1123,1450
301,7713,8014
215,1532,1747
162,868,1030
1150,314,1464
561,7506,8067
408,1351,1759
936,780,1716
73,909,982
898,344,1242
7374,356,7730
849,449,1298
107,947,1054
1257,451,1708
971,342,1313
877,443,1320
850,256,1106
1484,289,1773
463,666,1129
118,367,485
556,1979,2535
834,1607,2441
7397,352,7749
347,1417,1764
737,438,1175
910,248,1158
327,1189,1516
305,245,550
522,1692,2214
1185,279,1464
1160,2062,3222
326,1938,2264
673,366,1039
378,1384,1762
640,229,869
555,1767,2322
292,397,689
393,2301,2694
704,610,1314
478,2202,2680
417,1644,2061
7927,604,8531
1188,656,1844
76,575,651
1754,969,2723
638,764,1402
597,2405,3002
660,2081,2741
834,2179,3013
261,537,798
44,824,868
91,756,847
54,382,436
244,905,1149
22,1195,1217
1976,1211,3187
91,1078,1169
1466,1165,2631
61,1191,1252
476,737,1213
1974,1042,3016
1859,1323,3182
1106,1423,2529
2037,1164,3201
436,2419,2855
1282,1589,2871
421,765,1186
426,726,1152
100,1153,1253
690,823,1513
2400,655,3055
394,1208,1602
34,1016,1050
2231,823,3054
512,801,1313
418,2695,3113
45,1791,1836
1544,1211,2755
1163,379,1542
1756,1151,2907
979,646,1625
258,1030,1288
589,770,1359
771,541,1312
1863,1094,2957
602,1247,1849
696,1376,2072
81,748,829
857,1231,2088
1003,1245,2248
1132,694,1826
86,501,587
1011,880,1891
2087,1152,3239
798,1258,2056
838,403,1241
580,986,1566
101,533,634
324,637,961
144,686,830
1776,366,2142
2615,838,3453
282,839,1121
792,794,1586
1172,1091,2263
461,717,1178
824,1101,1925
145,782,927
1630,589,2219
188,911,1099
304,1186,1490
516,815,1331
451,982,1433
152,765,917
75,1358,1433
269,548,817
634,838,1472
362,950,1312
25,1533,1558
568,889,1457
322,808,1130
428,1206,1634
96,391,487
192,1216,1408
485,527,1012
676,976,1652
145,904,1049
871,723,1594
445,907,1352
911,750,1661
560,610,1170
689,801,1490
412,696,1108
612,589,1201
359,976,1335
316,1139,1455
856,632,1488
198,1181,1379
1160,652,1812
790,625,1415
452,1111,1563
270,882,1152
567,588,1155
307,756,1063
204,659,863
466,596,1062
553,999,1552
315,751,1066
816,713,1529
825,747,1572
472,417,889
501,620,1121
858,558,1416
372,1431,1803
254,817,1071
92,1164,1256
318,962,1280
792,704,1496
692,716,1408
636,964,1600
495,290,785
697,485,1182
841,516,1357
542,2026,2568
571,594,1165
1389,682,2071
825,721,1546
739,945,1684
732,927,1659
960,839,1799
419,553,972
636,567,1203
583,656,1239
635,786,1421
439,564,1003
660,964,1624
808,668,1476
1117,1684,2801
860,738,1598
612,1350,1962
498,658,1156
1261,1513,2774
531,1502,2033
49,870,919
554,846,1400
522,1305,1827
272,727,999
613,690,1303
826,855,1681
515,525,1040
1932,842,2774
199,599,798
461,684,1145
71,578,649
1234,667,1901
976,786,1762
481,669,1150
205,1121,1326
1427,541,1968
785,346,1131
517,924,1441
394,848,1242
110,1233,1343
30,254,284
499,701,1200
965,636,1601
867,1257,2124
64,645,709
550,546,1096
541,959,1500
317,1256,1573
506,593,1099
512,688,1200
626,987,1613
584,1215,1799
105,651,756
809,1448,2257
351,819,1170
657,922,1579
1509,863,2372
708,461,1169
463,943,1406
1165,660,1825
234,719,953
146,818,964
696,521,1217
1318,1260,2578
401,1081,1482
456,919,1375
790,1060,1850
549,1445,1994
283,723,1006
819,772,1591
767,886,1653
305,793,1098
128,990,1118
698,1330,2028
414,1475,1889
1034,1024,2058
806,560,1366
799,1395,2194
1291,986,2277
428,668,1096
1130,632,1762
321,1060,1381
977,1274,2251
769,816,1585
932,754,1686
773,1333,2106
650,684,1334
1222,633,1855
1259,763,2022
1114,945,2059
559,612,1171
365,1079,1444
631,450,1081
454,1414,1868
984,643,1627
659,1015,1674
1324,865,2189
571,646,1217
591,866,1457
515,1161,1676
147,845,992
472,1287,1759
370,1208,1578
226,837,1063
332,742,1074
875,671,1546
981,629,1610
581,569,1150
1086,786,1872
720,934,1654
752,892,1644
1171,689,1860
427,1227,1654
475,861,1336
926,912,1838
639,861,1500
580,833,1413
1216,638,1854
643,372,1015
756,1186,1942
218,1314,1532
797,468,1265
501,934,1435
403,728,1131
762,299,1061
1011,869,1880
1197,1068,2265
866,507,1373
797,764,1561
737,514,1251
375,1411,1786
743,531,1274
550,1134,1684
387,1696,2083
556,354,910
630,1169,1799
483,904,1387
627,929,1556
464,509,973
545,1199,1744
814,1213,2027
1104,704,1808
1247,1216,2463
625,527,1152
957,881,1838
618,1216,1834
609,549,1158
41,532,573
637,866,1503
660,1237,1897
727,670,1397
72,713,785
1068,834,1902
483,1147,1630
517,1243,1760
915,1063,1978
421,761,1182
847,1428,2275
417,1440,1857
140,903,1043
808,683,1491
280,563,843
712,898,1610
238,1347,1585
1335,909,2244
1497,1155,2652
768,1018,1786
814,1185,1999
1134,1077,2211
329,627,956
1019,703,1722
429,670,1099
1122,557,1679
1025,1011,2036
468,665,1133
1336,548,1884
546,986,1532
1058,867,1925
474,661,1135
475,791,1266
662,708,1370
1122,1081,2203
398,540,938
644,710,1354
383,828,1211
370,1403,1773
826,559,1385
236,860,1096
607,993,1600
911,284,1195
664,1188,1852
839,963,1802
747,508,1255
711,550,1261
1036,1358,2394
1053,1269,2322
513,567,1080
545,283,828
354,884,1238
462,517,979
633,1039,1672
802,772,1574
609,517,1126
325,535,860
714,1821,2535
462,918,1380
1138,994,2132
849,885,1734
631,864,1495
647,1376,2023
1312,1184,2496
586,668,1254
438,618,1056
165,871,1036
455,853,1308
660,696,1356
904,1986,2890
936,1638,2574
1255,2424,3679
860,1279,2139
336,965,1301
1241,1900,3141
1082,755,1837
617,606,1223
285,1497,1782
1080,1471,2551
436,1227,1663
333,1821,2154
1657,1158,2815
665,1331,1996
331,1415,1746
1511,1030,2541
791,1342,2133
750,802,1552
1494,644,2138
899,1318,2217
1034,1345,2379
853,1377,2230
552,1428,1980
1836,619,2455
781,1236,2017
668,2146,2814
384,1086,1470
112,1954,2066
1358,513,1871
1597,442,2039
769,1313,2082
346,1489,1835
400,978,1378
1151,456,1607
583,1114,1697
850,2506,3356
469,1007,1476
455,1656,2111
603,1200,1803
647,1326,1973
768,856,1624
1118,293,1411
1126,484,1610
1089,973,2062
1262,855,2117
888,884,1772
423,664,1087
1311,952,2263
1368,682,2050
177,362,539
1835,1538,3373
633,588,1221
385,491,876
889,490,1379
1180,708,1888
1261,688,1949
1467,360,1827
1191,709,1900
1925,1148,3073
1766,688,2454
653,220,873
403,751,1154
2314,899,3213
964,681,1645
1074,1059,2133
691,712,1403
678,625,1303
764,759,1523
1593,863,2456
668,748,1416
38,360,398
1288,801,2089
257,540,797
72,670,742
885,1076,1961
284,553,837
238,906,1144
669,509,1178
628,270,898
421,983,1404
997,936,1933
938,720,1658
109,701,810
487,1709,2196
766,1110,1876
886,901,1787
23,989,1012
118,280,398
400,638,1038
335,760,1095
67,1124,1191
242,1822,2064
246,780,1026
267,1026,1293
982,1098,2080
103,1068,1171
1032,1455,2487
613,567,1180
1586,555,2141
294,1076,1370
359,871,1230
868,1061,1929
848,600,1448
510,719,1229
21,1440,1461
963,469,1432
879,1243,2122
825,577,1402
563,850,1413
304,1338,1642
211,1494,1705
414,725,1139
82,1421,1503
625,1084,1709
134,398,532
412,625,1037
440,273,713
714,787,1501
377,1367,1744
1079,453,1532
488,883,1371
1026,887,1913
143,1582,1725
662,792,1454
1330,438,1768
1086,383,1469
492,407,899
460,749,1209
1007,508,1515
1123,384,1507
266,620,886
966,497,1463
596,326,922
407,897,1304
1027,962,1989
350,399,749
167,735,902
185,961,1146
598,1153,1751
495,445,940
107,636,743
134,1459,1593
677,1111,1788
653,779,1432
120,280,400
285,1357,1642
995,983,1978
482,666,1148
575,1120,1695
842,802,1644
672,531,1203
199,274,473
471,791,1262
678,1173,1851
1428,277,1705
223,537,760
922,1108,2030
447,1372,1819
616,475,1091
1109,1077,2186
281,652,933
388,828,1216
147,479,626
622,842,1464
1208,300,1508
269,565,834
970,385,1355
708,1304,2012
529,831,1360
716,891,1607
579,756,1335
415,1470,1885
186,796,982
685,455,1140
933,761,1694
176,1064,1240
62,716,778
580,1041,1621
350,995,1345
407,923,1330
1270,682,1952
183,696,879
1021,647,1668
1195,765,1960
90,240,330
513,543,1056
147,722,869
327,1134,1461
467,1075,1542
538,1233,1771
735,916,1651
447,922,1369
440,1184,1624
404,1099,1503
146,473,619
646,620,1266
345,1242,1587
619,939,1558
651,866,1517
724,1122,1846
427,1014,1441
892,861,1753
335,1175,1510
989,510,1499
1082,682,1764
948,754,1702
735,463,1198
1087,487,1574
726,1418,2144
397,738,1135
929,658,1587
950,487,1437
690,560,1250
1243,569,1812
816,860,1676
952,440,1392
587,1234,1821
595,1324,1919
629,992,1621
681,1017,1698
234,644,878
986,332,1318
644,378,1022
1034,314,1348
434,1001,1435
261,562,823
981,689,1670
475,411,886
597,1225,1822
482,1002,1484
500,750,1250
520,613,1133
848,631,1479
1021,620,1641
632,733,1365
504,1251,1755
44,1239,1283
459,719,1178
703,1162,1865
1304,929,2233
393,667,1060
354,1029,1383
864,1572,2436
51,443,494
841,1563,2404
1048,525,1573
292,1403,1695
438,1562,2000
892,912,1804
1174,948,2122
513,1496,2009
332,522,854
267,1036,1303
211,707,918
752,888,1640
538,1092,1630
1468,465,1933
287,908,1195
1011,959,1970
389,756,1145
348,926,1274
62,733,795
708,759,1467
1344,598,1942
495,552,1047
761,752,1513
1161,948,2109
918,899,1817
924,1147,2071
486,908,1394
323,1164,1487
1422,567,1989
945,727,1672
363,1395,1758
516,1201,1717
235,690,925
647,562,1209
1192,1012,2204
409,581,990
1028,898,1926
867,979,1846
745,377,1122
638,1187,1825
511,490,1001
1008,1499,2507
421,343,764
1406,936,2342
482,597,1079
790,1422,2212
961,848,1809
685,1094,1779
1044,812,1856
345,969,1314
469,348,817
1255,642,1897
857,702,1559
532,784,1316
637,1177,1814
927,1468,2395
466,1034,1500
288,892,1180
770,674,1444
687,1214,1901
445,705,1150
904,651,1555
1155,456,1611
623,1155,1778
352,1953,2305
1203,601,1804
318,456,774
873,655,1528
390,1031,1421
650,1076,1726
575,465,1040
867,1106,1973
776,1196,1972
1104,1227,2331
760,1792,2552
900,592,1492
163,815,978
892,1297,2189
289,980,1269
668,690,1358
772,515,1287
758,920,1678
987,701,1688
656,709,1365
1383,1416,2799
306,648,954
647,1007,1654
942,1323,2265
650,1166,1816
429,915,1344
442,695,1137
905,1063,1968
944,739,1683
217,996,1213
1608,857,2465
525,670,1195
457,859,1316
245,1309,1554
900,1043,1943
444,1095,1539
667,958,1625
890,1049,1939
961,776,1737
1071,725,1796
745,767,1512
1734,947,2681
438,926,1364
1142,916,2058
453,1148,1601
295,901,1196
972,699,1671
519,939,1458
541,853,1394
1233,329,1562
1333,935,2268
633,845,1478
456,899,1355
1214,888,2102
759,868,1627
583,1034,1617
786,646,1432
1004,916,1920
913,829,1742
776,365,1141
591,854,1445
566,639,1205
613,1015,1628
250,1164,1414
977,997,1974
722,744,1466
868,952,1820
755,1569,2324
1488,562,2050
1039,380,1419
627,941,1568
804,795,1599
257,1134,1391
533,1452,1985
797,769,1566
717,1190,1907
408,1019,1427
778,788,1566
484,590,1074
799,1408,2207
743,336,1079
62,731,793
923,1759,2682
759,1103,1862
547,1322,1869
231,1137,1368
129,1066,1195
768,1736,2504
64,1119,1183
731,2174,2905
620,1425,2045
436,1027,1463
650,2063,2713
77,1448,1525
1039,475,1514
365,1741,2106
1029,1784,2813
225,1384,1609
552,1765,2317
719,1598,2317
347,1247,1594
562,419,981
1450,1286,2736
346,1441,1787
1102,660,1762
335,478,813
1062,1345,2407
785,1040,1825
351,1096,1447
1200,629,1829
1391,1162,2553
1425,1124,2549
943,294,1237
907,1537,2444
658,1248,1906
1260,741,2001
831,459,1290
673,271,944
683,1007,1690
909,1190,2099
533,806,1339
1599,474,2073
756,618,1374
190,333,523
392,315,707
1561,538,2099
1434,551,1985
351,687,1038
772,339,1111
1046,466,1512
233,514,747
1402,247,1649
932,567,1499
465,1119,1584
1020,463,1483
1235,527,1762
169,1493,1662
737,456,1193
1123,643,1766
123,505,628
25,510,535
192,1492,1684
28,396,424
95,632,727
1643,216,1859
878,665,1543
35,775,810
943,719,1662
1093,845,1938
116,623,739
73,868,941
27,765,792
90,792,882
108,567,675
78,821,899
241,676,917
178,516,694
113,872,985
120,1044,1164
404,545,949
21,934,955
868,953,1821
94,416,510
349,613,962
138,919,1057
609,395,1004
418,764,1182
25,1121,1146
1325,1032,2357
236,921,1157
115,868,983
88,1048,1136
457,711,1168
390,1068,1458
560,758,1318
474,853,1327
1477,1070,2547
110,852,962
213,794,1007
412,522,934
184,1213,1397
677,920,1597
215,737,952
818,744,1562
945,695,1640
87,1618,1705
195,831,1026
708,607,1315
481,1551,2032
661,548,1209
525,559,1084
893,590,1483
609,481,1090
250,770,1020
750,749,1499
921,190,1111
1225,318,1543
874,353,1227
681,192,873
648,896,1544
645,1331,1976
638,208,846
432,792,1224
556,736,1292
546,299,845
217,1423,1640
574,402,976
697,1549,2246
192,870,1062
75,208,283
567,593,1160
498,1652,2150
673,367,1040
1432,868,2300
769,1649,2418
672,420,1092
90,510,600
692,1145,1837
90,405,495
630,804,1434
99,544,643
1106,853,1959
783,804,1587
211,472,683
859,1148,2007
99,569,668
264,610,874
411,332,743
461,790,1251
407,1512,1919
1117,1002,2119
407,331,738
670,1172,1842
21,560,581
149,655,804
629,1077,1706
322,675,997
1545,632,2177
720,1562,2282
286,879,1165
282,334,616
925,821,1746
1326,803,2129
882,310,1192
1139,653,1792
647,1803,2450
1390,811,2201
64,894,958
801,770,1571
428,520,948
448,434,882
1490,472,1962
242,562,804
449,550,999
1338,1748,3086
149,622,771
569,602,1171
607,768,1375
726,348,1074
927,321,1248
212,1180,1392
389,948,1337
668,488,1156
716,663,1379
438,1182,1620
598,593,1191
381,917,1298
743,397,1140
1580,1254,2834
410,712,1122
468,654,1122
388,384,772
543,855,1398
755,856,1611
370,543,913
259,658,917
171,587,758
702,428,1130
271,595,866
450,435,885
245,503,748
225,551,776
1473,1361,2834
678,1269,1947
964,607,1571
222,763,985
180,860,1040
823,473,1296
395,442,837
673,259,932
537,305,842
1375,820,2195
345,574,919
574,1230,1804
1178,1025,2203
1063,666,1729
726,675,1401
574,405,979
576,578,1154
1216,770,1986
582,638,1220
306,820,1126
211,937,1148
684,483,1167
776,802,1578
119,395,514
623,600,1223
179,757,936
759,1234,1993
569,543,1112
594,730,1324
513,614,1127
158,486,644
652,629,1281
211,382,593
111,603,714
261,588,849
1146,1027,2173
24,604,628
86,747,833
868,557,1425
421,873,1294
236,529,765
52,811,863
375,471,846
462,1705,2167
282,540,822
468,446,914
193,559,752
173,670,843
352,440,792
1088,1068,2156
111,818,929
378,581,959
267,821,1088
461,429,890
419,908,1327
442,745,1187
384,743,1127
940,982,1922
470,1332,1802
554,410,964
464,689,1153
485,609,1094
219,778,997
412,895,1307
216,583,799
275,506,781
268,696,964
718,1430,2148
728,608,1336
153,711,864
263,1043,1306
506,832,1338
630,847,1477
214,777,991
490,993,1483
681,962,1643
1553,786,2339
484,575,1059
319,642,961
638,656,1294
490,521,1011
574,707,1281
742,612,1354
442,819,1261
1129,906,2035
290,728,1018
204,720,924
1144,693,1837
284,519,803
197,732,929
621,326,947
854,566,1420
477,986,1463
564,454,1018
393,616,1009
542,576,1118
211,1040,1251
455,429,884
620,492,1112
656,598,1254
596,633,1229
315,758,1073
313,779,1092
777,518,1295
313,763,1076
416,982,1398
283,356,639
458,832,1290
696,1159,1855
477,702,1179
668,702,1370
532,461,993
676,582,1258
244,465,709
489,735,1224
503,868,1371
601,558,1159
463,1184,1647
303,585,888
869,624,1493
478,1201,1679
448,714,1162
885,347,1232
365,1019,1384
344,1196,1540
515,618,1133
276,522,798
457,746,1203
537,1501,2038
389,566,955
415,851,1266
399,730,1129
651,433,1084
480,741,1221
797,723,1520
404,899,1303
468,617,1085
610,1491,2101
445,374,819
364,746,1110
983,581,1564
671,970,1641
993,929,1922
492,527,1019
672,644,1316
753,1070,1823
232,691,923
550,615,1165
747,452,1199
747,501,1248
420,429,849
1435,484,1919
710,1026,1736
1003,892,1895
931,770,1701
303,635,938
511,889,1400
675,460,1135
560,737,1297
634,791,1425
485,440,925
1252,580,1832
471,1230,1701
552,618,1170
519,758,1277
190,520,710
1129,991,2120
512,699,1211
783,766,1549
847,630,1477
516,1151,1667
508,583,1091
823,930,1753
235,556,791
831,950,1781
438,1214,1652
369,549,918
349,718,1067
816,431,1247
476,640,1116
513,404,917
339,777,1116
316,892,1208
1061,549,1610
803,904,1707
671,692,1363
993,795,1788
503,869,1372
843,12195,13038
424,714,1138
226,1183,1409
575,822,1397
349,690,1039
632,1315,1947
364,1260,1624
439,824,1263
147,553,700
572,935,1507
201,547,748
583,1138,1721
330,1094,1424
632,733,1365
761,1087,1848
515,300,815
610,12090,12700
553,802,1355
353,1009,1362
543,415,958
330,645,975
986,628,1614
343,436,779
537,576,1113
748,954,1702
363,12204,12567
266,369,635
602,617,1219
1154,675,1829
1179,11577,12756
469,636,1105
699,667,1366
100,355,455
11969,863,12832
779,397,1176
748,498,1246
465,572,1037
735,391,1126
11752,561,12313
834,676,1510
593,402,995
716,764,1480
11320,404,11724
146,464,610
236,490,726
464,419,883
400,447,847
190,743,933
1353,234,1587
430,552,982
1017,2370,3387
557,2804,3361
313,904,1217
75,228,303
1342,194,1536
236,510,746
778,2567,3345
857,2397,3254
130,841,971
395,855,1250
107,348,455
266,949,1215
766,2758,3524
128,245,373
1041,2660,3701
448,2550,2998
165,846,1011
154,438,592
483,849,1332
286,792,1078
451,2664,3115
182,435,617
566,2620,3186
416,2223,2639
298,976,1274
1661,645,2306
2233,674,2907
207,685,892
776,627,1403
1058,2345,3403
132,685,817
953,2470,3423
798,640,1438
2675,852,3527
846,568,1414
181,825,1006
248,765,1013
343,1370,1713
878,831,1709
2332,625,2957
673,958,1631
2303,791,3094
2557,683,3240
241,2436,2677
69,825,894
481,595,1076
524,618,1142
530,3562,4092
795,516,1311
115,775,890
2140,777,2917
150,1347,1497
713,1073,1786
224,657,881
41,3580,3621
2447,902,3349
2342,590,2932
352,701,1053
746,3061,3807
288,672,960
321,882,1203
886,677,1563
3407,466,3873
351,740,1091
177,1178,1355
351,841,1192
3471,495,3966
510,879,1389
904,963,1867
432,1110,1542
476,844,1320
497,741,1238
243,782,1025
393,970,1363
326,722,1048
2952,395,3347
2441,943,3384
166,791,957
529,628,1157
416,1411,1827
514,684,1198
459,738,1197
266,854,1120
276,1448,1724
183,586,769
790,486,1276
434,906,1340
554,643,1197
647,1210,1857
615,1010,1625
275,1302,1577
553,1046,1599
516,1417,1933
502,1106,1608
874,418,1292
684,753,1437
825,1361,2186
648,513,1161
262,718,980
207,1109,1316
581,948,1529
378,1307,1685
399,859,1258
635,1115,1750
269,1567,1836
529,657,1186
705,648,1353
570,751,1321
888,1383,2271
663,630,1293
653,629,1282
798,741,1539
619,485,1104
854,978,1832
536,1362,1898
1074,787,1861
1111,602,1713
834,690,1524
850,997,1847
86,605,691
337,357,694
1332,613,1945
457,836,1293
409,541,950
1262,944,2206
1087,1069,2156
53,1047,1100
275,664,939
613,1916,2529
188,945,1133
492,748,1240
942,1095,2037
856,548,1404
583,439,1022
1271,899,2170
982,1008,1990
57,628,685
452,974,1426
103,1189,1292
652,542,1194
267,979,1246
226,521,747
794,683,1477
917,518,1435
1213,567,1780
464,656,1120
1264,1072,2336
480,823,1303
695,670,1365
540,945,1485
299,500,799
665,500,1165
665,497,1162
833,814,1647
536,510,1046
872,503,1375
626,943,1569
179,1010,1189
406,2236,2642
966,604,1570
521,1029,1550
293,959,1252
920,2436,3356
564,486,1050
699,508,1207
598,1074,1672
1313,1357,2670
357,617,974
973,270,1243
938,641,1579
523,1121,1644
385,521,906
1577,1818,3395
170,1143,1313
311,681,992
807,985,1792
610,1616,2226
394,459,853
929,274,1203
502,844,1346
831,976,1807
117,618,735
451,1171,1622
807,858,1665
570,1095,1665
796,1230,2026
886,1065,1951
2139,1182,3321
758,1060,1818
1133,1095,2228
1938,828,2766
993,879,1872
324,557,881
804,504,1308
1590,831,2421
1006,540,1546
51,742,793
1509,646,2155
400,864,1264
993,851,1844
521,1082,1603
449,945,1394
679,498,1177
1049,624,1673
907,306,1213
430,1580,2010
102,752,854
1169,509,1678
429,822,1251
663,500,1163
772,899,1671
726,653,1379
415,535,950
412,880,1292
221,832,1053
359,782,1141
973,842,1815
340,1587,1927
386,662,1048
281,534,815
828,962,1790
860,487,1347
415,1387,1802
662,714,1376
677,933,1610
669,487,1156
463,1677,2140
498,1436,1934
691,712,1403
684,597,1281
408,1230,1638
892,661,1553
522,844,1366
456,1320,1776
699,991,1690
540,1517,2057
645,1417,2062
796,344,1140
595,1019,1614
502,479,981
220,507,727
387,1189,1576
613,701,1314
1194,426,1620
1479,761,2240
251,1007,1258
724,558,1282
1332,939,2271
1426,769,2195
705,792,1497
201,976,1177
1429,591,2020
636,479,1115
1014,596,1610
323,1015,1338
372,901,1273
1346,1141,2487
359,1214,1573
523,744,1267
510,981,1491
729,703,1432
693,451,1144
627,769,1396
1189,649,1838
640,487,1127
529,958,1487
1358,834,2192
542,1366,1908
721,941,1662
453,493,946
819,862,1681
930,986,1916
577,994,1571
314,512,826
1114,767,1881
423,1011,1434
382,1164,1546
328,375,703
987,603,1590
1268,482,1750
784,976,1760
407,359,766
190,968,1158
268,848,1116
797,820,1617
411,346,757
493,1054,1547
658,612,1270
917,352,1269
872,942,1814
397,1219,1616
577,806,1383
632,524,1156
680,986,1666
349,1140,1489
257,346,603
344,507,851
557,949,1506
882,715,1597
1078,933,2011
784,901,1685
733,532,1265
876,839,1715
939,616,1555
115,490,605
164,474,638
931,740,1671
643,889,1532
909,890,1799
914,892,1806
707,1823,2530
701,1473,2174
1102,605,1707
841,624,1465
156,685,841
361,493,854
967,667,1634
280,777,1057
527,848,1375
429,682,1111
632,1568,2200
918,1634,2552
902,635,1537
718,871,1589
738,798,1536
782,855,1637
591,1135,1726
413,659,1072
631,845,1476
801,895,1696
244,648,892
653,1016,1669
1032,1740,2772
553,680,1233
544,467,1011
777,1143,1920
899,370,1269
548,1588,2136
719,1005,1724
853,807,1660
347,742,1089
747,356,1103
1702,911,2613
884,917,1801
602,415,1017
302,1279,1581
1392,1086,2478
588,814,1402
783,675,1458
162,641,803
546,465,1011
1443,1059,2502
521,1097,1618
944,409,1353
880,457,1337
522,1026,1548
793,454,1247
573,1120,1693
1546,1532,3078
959,1228,2187
375,1763,2138
1539,844,2383
548,870,1418
287,456,743
363,1123,1486
317,2247,2564
217,509,726
1592,1319,2911
723,1205,1928
634,1556,2190
730,950,1680
639,921,1560
455,577,1032
211,1133,1344
674,2050,2724
858,1003,1861
932,1204,2136
557,930,1487
536,1305,1841
759,785,1544
272,1100,1372
840,803,1643
1015,486,1501
902,1657,2559
368,1268,1636
1051,891,1942
678,948,1626
893,394,1287
516,1674,2190
243,1265,1508
674,816,1490
1702,842,2544
1021,379,1400
1756,932,2688
603,2057,2660
701,800,1501
797,541,1338
1141,835,1976
472,462,934
528,1285,1813
1110,584,1694
1137,341,1478
1921,780,2701
1089,1717,2806
1232,893,2125
115,465,580
1508,851,2359
1069,843,1912
102,1118,1220
34,478,512
599,718,1317
728,434,1162
1508,817,2325
70,387,457
722,813,1535
1015,929,1944
836,805,1641
1961,643,2604
925,766,1691
210,1169,1379
509,771,1280
310,559,869
181,684,865
214,542,756
667,855,1522
123,656,779
682,904,1586
1237,1653,2890
335,493,828
324,423,747
1028,974,2002
35,814,849
205,582,787
210,630,840
521,383,904
271,518,789
213,298,511
1967,1089,3056
917,390,1307
904,794,1698
780,413,1193
1570,1152,2722
406,651,1057
67,366,433
363,1094,1457
1450,1101,2551
52,398,450
539,928,1467
40,434,474
491,354,845
425,811,1236
868,554,1422
459,620,1079
872,620,1492
866,711,1577
87,738,825
82,404,486
74,858,932
59,544,603
848,807,1655
1144,549,1693
1077,752,1829
755,919,1674
60,702,762
456,1403,1859
28,769,797
167,527,694
97,741,838
529,1629,2158
18,946,964
226,689,915
70,786,856
851,1318,2169
300,555,855
308,684,992
22,1149,1171
444,689,1133
48,1074,1122
71,1069,1140
328,656,984
429,452,881
354,684,1038
393,791,1184
523,606,1129
767,532,1299
404,937,1341
30,1294,1324
124,676,800
837,569,1406
460,1182,1642
654,485,1139
182,1412,1594
562,576,1138
415,888,1303
524,730,1254
361,542,903
604,1036,1640
397,818,1215
584,842,1426
537,827,1364
409,1239,1648
514,1333,1847
774,1005,1779
576,892,1468
394,1305,1699
384,615,999
755,607,1362
644,992,1636
331,1079,1410
1206,544,1750
604,836,1440
422,407,829
1160,550,1710
571,1080,1651
789,1059,1848
1097,658,1755
910,997,1907
325,1549,1874
955,1056,2011
432,944,1376
436,430,866
1096,345,1441
522,1222,1744
447,1010,1457
1112,1239,2351
751,801,1552
652,1315,1967
686,1373,2059
589,1284,1873
789,800,1589
446,587,1033
381,459,840
753,1111,1864
397,776,1173
881,1051,1932
402,570,972
1208,774,1982
683,1309,1992
875,924,1799
721,905,1626
224,600,824
473,870,1343
515,856,1371
608,711,1319
957,975,1932
272,516,788
555,756,1311
778,836,1614
502,1000,1502
143,660,803
298,814,1112
399,941,1340
781,888,1669
1350,733,2083
962,802,1764
572,898,1470
769,776,1545
443,672,1115
1018,912,1930
836,775,1611
738,782,1520
1001,627,1628
903,751,1654
888,780,1668
312,550,862
505,774,1279
735,1023,1758
416,876,1292
1168,834,2002
762,984,1746
589,803,1392
520,1033,1553
251,539,790
538,1362,1900
703,574,1277
326,1068,1394
686,564,1250
232,671,903
587,888,1475
669,643,1312
347,643,990
735,1021,1756
379,602,981
593,1263,1856
732,540,1272
108,1231,1339
457,840,1297
271,841,1112
413,822,1235
208,879,1087
660,933,1593
698,711,1409
442,1033,1475
350,759,1109
285,550,835
140,736,876
786,726,1512
222,1259,1481
298,1219,1517
575,619,1194
674,1100,1774
392,1105,1497
720,1051,1771
785,1135,1920
479,543,1022
303,793,1096
478,1224,1702
621,772,1393
847,388,1235
203,732,935
470,1494,1964
78,1299,1377
307,890,1197
999,1005,2004
103,726,829
756,655,1411
982,1198,2180
187,835,1022
826,1118,1944
440,962,1402
378,690,1068
246,964,1210
642,683,1325
397,1029,1426
273,977,1250
224,1108,1332
502,1599,2101
874,914,1788
1165,1079,2244
472,1069,1541
626,568,1194
341,521,862
796,1070,1866
527,524,1051
503,1002,1505
612,485,1097
388,937,1325
778,691,1469
807,488,1295
668,1393,2061
65,1070,1135
391,803,1194
896,1202,2098
633,1025,1658
196,1244,1440
967,744,1711
726,530,1256
1407,983,2390
998,1070,2068
844,1004,1848
772,531,1303
1312,1038,2350
460,889,1349
674,634,1308
269,918,1187
571,927,1498
962,1047,2009
474,332,806
611,802,1413
841,663,1504
1473,989,2462
566,941,1507
741,802,1543
934,1060,1994
878,571,1449
361,988,1349
980,685,1665
441,381,822
269,699,968
908,825,1733
900,810,1710
517,825,1342
607,828,1435
800,394,1194
636,684,1320
710,318,1028
100,1110,1210
447,665,1112
763,753,1516
221,1029,1250
845,1084,1929
796,357,1153
617,602,1219
150,409,559
812,1324,2136
310,1242,1552
702,753,1455
111,605,716
820,1050,1870
746,807,1553
534,920,1454
382,367,749
295,456,751
735,803,1538
352,641,993
371,1429,1800
1351,768,2119
167,587,754
891,736,1627
503,1018,1521
598,1554,2152
388,481,869
1040,963,2003
507,1097,1604
693,1496,2189
421,628,1049
455,522,977
363,619,982
652,1234,1886
694,502,1196
42,1210,1252
438,632,1070
286,981,1267
752,1430,2182
268,784,1052
158,754,912
339,1164,1503
479,647,1126
220,629,849
213,926,1139
429,784,1213
598,527,1125
943,1074,2017
455,780,1235
796,1468,2264
598,1014,1612
781,620,1401
581,525,1106
432,451,883
625,985,1610
409,601,1010
1113,1236,2349
517,486,1003
546,908,1454
638,1206,1844
784,671,1455
1339,1404,2743
1095,294,1389
590,558,1148
436,866,1302
554,679,1233
555,1201,1756
868,283,1151
810,1307,2117
1007,687,1694
1097,504,1601
765,1588,2353
1147,1323,2470
989,806,1795
527,931,1458
1240,1112,2352
1115,427,1542
451,1275,1726
652,1008,1660
1297,1226,2523
242,1063,1305
1042,1382,2424
481,383,864
347,1393,1740
500,1007,1507
496,951,1447
847,868,1715
361,1026,1387
578,1098,1676
900,1211,2111
1004,1412,2416
224,507,731
929,959,1888
287,1768,2055
996,398,1394
93,685,778
1168,674,1842
206,1197,1403
414,1266,1680
495,1175,1670
1279,584,1863
1079,1114,2193
579,1257,1836
965,610,1575
217,1400,1617
258,584,842
644,1831,2475
860,585,1445
412,1586,1998
492,529,1021
743,445,1188
991,1473,2464
146,586,732
687,1289,1976
741,695,1436
1015,781,1796
544,1371,1915
957,796,1753
326,426,752
395,391,786
1164,825,1989
1137,1025,2162
372,408,780
1249,702,1951
1073,671,1744
1611,908,2519
1504,589,2093
579,681,1260
1256,620,1876
445,638,1083
1175,592,1767
833,903,1736
404,645,1049
526,616,1142
557,499,1056
1063,1208,2271
764,283,1047
876,475,1351
573,574,1147
425,1057,1482
518,571,1089
292,368,660
283,391,674
1190,1122,2312
1065,1380,2445
380,359,739
964,1582,2546
1128,1412,2540
1157,1202,2359
98,514,612
1562,1215,2777
986,882,1868
104,838,942
305,364,669
578,557,1135
44,507,551
1510,386,1896
355,636,991
267,378,645
187,803,990
1084,1205,2289
934,1303,2237
339,675,1014
97,1057,1154
470,1692,2162
396,647,1043
1133,675,1808
702,1527,2229
94,1190,1284
679,415,1094
151,879,1030
342,698,1040
757,1448,2205
401,940,1341
1166,673,1839
295,418,713
485,555,1040
1037,340,1377
847,359,1206
490,673,1163
559,697,1256
861,1404,2265
1076,1031,2107
743,736,1479
370,642,1012
917,645,1562
292,472,764
1012,425,1437
381,596,977
357,559,916
1237,620,1857
551,1265,1816
700,1228,1928
58,764,822
76,764,840
901,1099,2000
513,653,1166
170,1067,1237
133,976,1109
525,464,989
741,443,1184
546,895,1441
641,560,1201
1266,780,2046
356,678,1034
355,936,1291
105,898,1003
87,1237,1324
65,699,764
114,628,742
630,919,1549
338,1326,1664
37,886,923
242,562,804
1323,713,2036
491,830,1321
68,1591,1659
215,696,911
843,1135,1978
701,855,1556
514,1208,1722
231,1165,1396
1002,622,1624
519,590,1109
349,1009,1358
303,871,1174
1025,849,1874
519,500,1019
963,566,1529
841,1240,2081
1008,1002,2010
329,905,1234
303,815,1118
580,1287,1867
352,859,1211
211,789,1000
350,1152,1502
936,488,1424
241,1810,2051
533,1276,1809
1112,1238,2350
334,1279,1613
369,1735,2104
1557,1189,2746
504,1157,1661
447,1375,1822
711,556,1267
659,616,1275
594,1448,2042
704,1171,1875
177,835,1012
531,1323,1854
929,900,1829
343,1090,1433
744,1428,2172
1008,908,1916
968,554,1522
282,877,1159
743,1255,1998
454,1181,1635
341,737,1078
785,1540,2325
904,1525,2429
726,930,1656
339,702,1041
1627,524,2151
975,732,1707
681,1146,1827
1259,685,1944
353,910,1263
182,1568,1750
231,1676,1907
582,742,1324
297,737,1034
1044,1146,2190
285,577,862
988,845,1833
1320,759,2079
1143,1259,2402
489,449,938
812,1388,2200
661,1540,2201
611,388,999
1004,871,1875
213,354,567
1006,680,1686
1300,1313,2613
1036,1128,2164
279,335,614
874,1332,2206
1324,1148,2472
724,1358,2082
1341,954,2295
1545,600,2145
528,564,1092
998,1204,2202
636,443,1079
1008,747,1755
684,1402,2086
1432,1166,2598
505,1887,2392
564,1107,1671
1059,938,1997
648,1219,1867
91,1138,1229
106,344,450
1157,717,1874
321,793,1114
176,798,974
997,1208,2205
404,964,1368
511,1178,1689
479,750,1229
656,512,1168
755,1059,1814
1044,1062,2106
754,630,1384
112,1446,1558
260,786,1046
906,726,1632
931,309,1240
484,1600,2084
501,557,1058
690,524,1214
918,1438,2356
1286,1212,2498
684,1647,2331
1159,1888,3047
435,1420,1855
718,751,1469
1703,1158,2861
747,1164,1911
458,551,1009
721,573,1294
156,1439,1595
492,556,1048
135,988,1123
828,1240,2068
941,749,1690
760,994,1754
1147,989,2136
1374,747,2121
962,562,1524
962,1614,2576
1197,1191,2388
407,554,961
656,1002,1658
366,719,1085
1009,1148,2157
597,1153,1750
1308,714,2022
1546,511,2057
1250,505,1755
742,1711,2453
747,1682,2429
476,672,1148
654,1178,1832
1098,769,1867
164,1368,1532
406,1047,1453
1050,526,1576
1039,788,1827
1343,1374,2717
1368,1339,2707
420,648,1068
898,1175,2073
1471,1126,2597
1082,1295,2377
625,1170,1795
827,918,1745
452,1102,1554
858,954,1812
639,1198,1837
468,867,1335
338,788,1126
1521,759,2280
647,757,1404
1550,784,2334
1150,883,2033
1117,699,1816
535,1121,1656
340,979,1319
784,1305,2089
572,865,1437
390,1021,1411
1157,589,1746
744,930,1674
1166,641,1807
256,857,1113
1257,878,2135
482,678,1160
683,927,1610
639,922,1561
903,673,1576
676,568,1244
826,894,1720
1069,661,1730
147,1137,1284
1024,918,1942
1197,679,1876
740,697,1437
578,854,1432
618,795,1413
740,247,987
855,445,1300
900,924,1824
676,812,1488
666,867,1533
723,1041,1764
483,856,1339
272,329,601
305,340,645
843,995,1838
1037,1263,2300
304,528,832
696,869,1565
539,802,1341
559,858,1417
552,687,1239
381,1338,1719
343,507,850
526,505,1031
184,889,1073
117,544,661
166,640,806
166,854,1020
953,733,1686
1030,1211,2241
269,611,880
476,715,1191
1134,710,1844
575,518,1093
293,598,891
383,507,890
729,748,1477
771,682,1453
736,1332,2068
761,1232,1993
503,620,1123
584,495,1079
667,795,1462
749,770,1519
418,497,915
1079,2714,3793
299,717,1016
1155,1070,2225
1001,2706,3707
669,804,1473
588,922,1510
292,553,845
464,888,1352
936,999,1935
1187,2138,3325
506,772,1278
455,780,1235
418,464,882
466,1089,1555
1080,1950,3030
1210,787,1997
491,786,1277
519,797,1316
555,1595,2150
564,1731,2295
852,580,1432
673,648,1321
993,2089,3082
685,1654,2339
909,547,1456
773,160,933
2605,450,3055
738,1313,2051
647,1546,2193
473,561,1034
745,809,1554
1896,684,2580
1036,1967,3003
904,966,1870
89,209,298
417,1434,1851
434,1421,1855
376,492,868
1725,608,2333
157,349,506
1080,1646,2726
1552,411,1963
360,208,568
800,363,1163
465,1341,1806
486,422,908
1358,1240,2598
1374,518,1892
33,209,242
958,1025,1983
455,540,995
1096,216,1312
1679,648,2327
373,551,924
82,270,352
590,1028,1618
148,507,655
94,218,312
1536,533,2069
99,402,501
81,584,665
1237,553,1790
287,412,699
1094,533,1627
143,438,581
164,335,499
113,975,1088
413,351,764
340,317,657
375,489,864
238,930,1168
304,342,646
381,358,739
833,1151,1984
326,442,768
79,317,396
142,339,481
102,368,470
290,688,978
168,351,519
179,308,487
143,545,688
716,574,1290
213,558,771
1169,1701,2870
455,350,805
1349,1562,2911
787,596,1383
446,377,823
953,1437,2390
34,369,403
497,528,1025
84,443,527
208,542,750
989,630,1619
40,406,446
123,427,550
133,396,529
412,610,1022
527,758,1285
107,377,484
239,433,672
113,770,883
102,774,876
179,411,590
276,494,770
76,784,860
178,548,726
438,374,812
167,750,917
250,610,860
1401,274,1675
411,572,983
99,382,481
534,376,910
396,506,902
1321,742,2063
174,360,534
397,363,760
255,411,666
602,735,1337
617,465,1082
206,376,582
53,749,802
347,329,676
114,617,731
655,529,1184
599,425,1024
261,422,683
479,352,831
369,416,785
235,423,658
175,588,763
319,623,942
90,739,829
319,426,745
337,436,773
197,827,1024
519,387,906
353,511,864
350,690,1040
574,528,1102
431,540,971
574,544,1118
597,509,1106
459,523,982
84,4496,4580
323,804,1127
298,404,702
427,491,918
183,539,722
665,395,1060
326,650,976
308,827,1135
483,681,1164
412,430,842
364,513,877
3828,341,4169
596,802,1398
4097,471,4568
3652,425,4077
111,494,605
226,1037,1263
299,868,1167
343,4481,4824
308,531,839
287,1103,1390
472,895,1367
711,707,1418
56,609,665
80,581,661
138,506,644
278,646,924
117,771,888
357,676,1033
388,919,1307
583,561,1144
271,689,960
534,697,1231
356,759,1115
715,679,1394
509,477,986
672,659,1331
196,763,959
547,1023,1570
98,822,920
546,4764,5310
260,625,885
286,920,1206
148,660,808
714,507,1221
502,294,796
226,766,992
274,1455,1729
529,528,1057
261,952,1213
979,595,1574
247,597,844
273,644,917
800,989,1789
171,619,790
201,923,1124
532,1363,1895
288,5142,5430
311,1057,1368
643,1546,2189
523,815,1338
4015,1768,5783
1358,802,2160
442,987,1429
202,926,1128
4513,1319,5832
655,794,1449
460,706,1166
529,332,861
221,717,938
489,1100,1589
196,632,828
1235,490,1725
442,854,1296
562,1401,1963
381,958,1339
370,1520,1890
527,1432,1959
728,484,1212
139,630,769
690,1478,2168
1450,477,1927
5006,947,5953
711,1304,2015
488,1234,1722
669,929,1598
560,1393,1953
808,1197,2005
493,552,1045
23,761,784
815,746,1561
469,621,1090
311,1623,1934
1620,711,2331
296,789,1085
702,1329,2031
1181,909,2090
570,683,1253
401,585,986
79,958,1037
579,916,1495
307,1562,1869
816,995,1811
1092,823,1915
750,996,1746
528,613,1141
831,870,1701
1365,826,2191
738,427,1165
579,557,1136
729,767,1496
1412,839,2251
1331,881,2212
610,1069,1679
383,868,1251
571,1201,1772
965,859,1824
643,1052,1695
313,408,721
402,832,1234
1084,747,1831
1034,901,1935
680,939,1619
620,1087,1707
1210,752,1962
747,806,1553
902,832,1734
648,737,1385
560,552,1112
865,990,1855
814,516,1330
860,754,1614
651,582,1233
815,753,1568
703,676,1379
562,445,1007
862,1301,2163
448,1098,1546
683,429,1112
422,513,935
745,907,1652
770,529,1299
483,314,797
344,862,1206
717,612,1329
1061,1332,2393
698,543,1241
483,343,826
790,976,1766
404,1051,1455
547,1248,1795
564,510,1074
335,860,1195
921,569,1490
526,1069,1595
639,467,1106
1005,983,1988
652,637,1289
759,1133,1892
162,592,754
757,1370,2127
623,818,1441
421,970,1391
970,1105,2075
941,1042,1983
338,977,1315
888,1102,1990
531,651,1182
1061,605,1666
791,963,1754
129,364,493
347,941,1288
1016,731,1747
693,686,1379
857,1318,2175
287,535,822
637,1283,1920
548,586,1134
978,823,1801
1068,732,1800
166,964,1130
280,944,1224
907,864,1771
756,895,1651
689,1408,2097
421,808,1229
598,832,1430
865,1038,1903
578,1177,1755
1056,509,1565
813,688,1501
426,493,919
686,809,1495
182,629,811
639,545,1184
520,605,1125
425,948,1373
210,943,1153
732,381,1113
285,831,1116
1204,853,2057
418,826,1244
251,779,1030
937,615,1552
755,840,1595
698,494,1192
29,1273,1302
405,812,1217
503,366,869
492,818,1310
435,616,1051
623,736,1359
256,1132,1388
1187,741,1928
991,983,1974
834,1064,1898
523,978,1501
773,838,1611
434,524,958
453,511,964
765,965,1730
624,973,1597
261,1113,1374
107,665,772
1127,658,1785
734,1030,1764
301,1399,1700
477,861,1338
400,818,1218
411,645,1056
580,965,1545
641,889,1530
734,717,1451
159,699,858
846,493,1339
660,1018,1678
710,1241,1951
681,810,1491
760,1075,1835
960,1042,2002
756,945,1701
420,830,1250
979,1271,2250
477,988,1465
920,1028,1948
586,904,1490
722,846,1568
912,1088,2000
816,1317,2133
441,872,1313
909,1079,1988
903,1171,2074
429,1071,1500
598,711,1309
880,1025,1905
806,949,1755
724,1141,1865
1288,1143,2431
714,1376,2090
681,549,1230
831,1488,2319
739,628,1367
396,1113,1509
652,529,1181
368,1200,1568
1207,342,1549
1111,1134,2245
447,1348,1795
1019,541,1560
1163,753,1916
583,987,1570
969,597,1566
1028,657,1685
552,1185,1737
698,551,1249
820,1160,1980
684,1251,1935
876,349,1225
692,919,1611
910,559,1469
716,807,1523
580,1681,2261
975,1033,2008
1220,506,1726
1024,967,1991
760,1044,1804
505,735,1240
659,1817,2476
93,576,669
624,869,1493
629,1437,2066
308,722,1030
930,489,1419
200,665,865
1172,988,2160
601,431,1032
892,1317,2209
521,2306,2827
957,919,1876
161,494,655
1008,441,1449
364,721,1085
339,586,925
737,882,1619
1581,486,2067
1333,1156,2489
1034,1980,3014
271,791,1062
942,1086,2028
166,520,686
1624,1395,3019
515,1084,1599
371,705,1076
778,687,1465
2194,709,2903
892,1324,2216
823,857,1680
1916,506,2422
907,987,1894
390,553,943
707,758,1465
801,840,1641
757,998,1755
276,1005,1281
641,792,1433
1055,1109,2164
1403,672,2075
1150,369,1519
548,734,1282
123,665,788
343,500,843
511,469,980
468,1049,1517
353,1487,1840
602,1071,1673
512,514,1026
971,1002,1973
663,921,1584
141,841,982
311,479,790
26,1118,1144
263,1633,1896
724,1135,1859
927,760,1687
570,526,1096
281,821,1102
945,778,1723
882,674,1556
381,768,1149
439,835,1274
755,1050,1805
220,1044,1264
415,707,1122
466,546,1012
243,545,788
264,928,1192
377,609,986
346,735,1081
1081,971,2052
846,472,1318
528,882,1410
779,713,1492
646,606,1252
353,961,1314
730,995,1725
459,575,1034
1245,685,1930
454,650,1104
693,818,1511
694,726,1420
431,836,1267
587,641,1228
868,654,1522
802,776,1578
501,555,1056
581,1134,1715
29,662,691
22,614,636
1489,955,2444
744,723,1467
606,559,1165
72,633,705
1010,1073,2083
330,449,779
579,1384,1963
568,1148,1716
810,1255,2065
688,720,1408
954,1108,2062
855,562,1417
673,874,1547
1011,701,1712
280,487,767
887,1220,2107
896,1403,2299
521,330,851
1151,917,2068
21,1024,1045
477,703,1180
738,456,1194
365,553,918
225,1061,1286
477,650,1127
549,1269,1818
513,1115,1628
583,780,1363
304,1228,1532
1306,626,1932
374,787,1161
470,874,1344
416,945,1361
529,824,1353
562,552,1114
399,855,1254
523,1736,2259
327,849,1176
1112,469,1581
733,1972,2705
1080,566,1646
418,1079,1497
948,625,1573
1105,1500,2605
449,1084,1533
718,651,1369
557,483,1040
65,901,966
889,478,1367
789,708,1497
333,851,1184
881,658,1539
443,1091,1534
763,683,1446
746,1214,1960
1148,661,1809
799,873,1672
808,1118,1926
957,1243,2200
1048,863,1911
1057,653,1710
744,797,1541
913,887,1800
794,589,1383
1634,892,2526
394,874,1268
737,512,1249
186,1278,1464
324,825,1149
537,655,1192
808,781,1589
408,799,1207
1054,546,1600
589,1140,1729
1819,758,2577
991,476,1467
430,1227,1657
979,564,1543
332,982,1314
597,594,1191
1044,802,1846
463,791,1254
582,1070,1652
334,829,1163
1390,970,2360
805,524,1329
533,727,1260
690,725,1415
448,716,1164
1066,677,1743
502,1238,1740
707,854,1561
713,523,1236
739,1112,1851
584,757,1341
365,1155,1520
684,828,1512
499,943,1442
346,484,830
1126,702,1828
607,1105,1712
768,898,1666
527,594,1121
510,820,1330
438,1506,1944
955,636,1591
643,546,1189
887,614,1501
735,1178,1913
598,955,1553
403,422,825
445,1079,1524
854,630,1484
464,1204,1668
1020,1104,2124
705,738,1443
360,1155,1515
569,644,1213
614,1422,2036
815,744,1559
195,310,505
773,579,1352
639,1432,2071
746,1143,1889
1096,1158,2254
1029,1016,2045
667,697,1364
543,1486,2029
1328,795,2123
549,1017,1566
352,669,1021
287,549,836
699,1046,1745
975,1112,2087
729,943,1672
984,615,1599
209,528,737
1010,900,1910
954,693,1647
872,987,1859
375,659,1034
309,753,1062
1028,688,1716
862,1098,1960
365,518,883
1067,553,1620
971,867,1838
1295,867,2162
856,1259,2115
824,756,1580
614,1282,1896
1015,1430,2445
398,791,1189
520,950,1470
460,473,933
59,1166,1225
1423,826,2249
598,673,1271
450,900,1350
805,913,1718
398,960,1358
681,1055,1736
27,1045,1072
849,707,1556
672,445,1117
1016,923,1939
891,1125,2016
316,613,929
211,1041,1252
870,602,1472
455,952,1407
170,920,1090
247,1042,1289
654,1474,2128
1080,497,1577
1005,558,1563
362,1110,1472
827,683,1510
742,1048,1790
677,711,1388
617,1011,1628
414,1008,1422
655,1119,1774
635,1726,2361
878,592,1470
645,1034,1679
725,545,1270
913,612,1525
709,735,1444
680,1444,2124
1105,897,2002
374,891,1265
350,702,1052
1087,1510,2597
414,969,1383
913,732,1645
296,1128,1424
753,360,1113
470,949,1419
468,1366,1834
910,1093,2003
413,506,919
383,724,1107
898,719,1617
784,971,1755
488,505,993
810,725,1535
842,1112,1954
757,1219,1976
1176,1259,2435
806,808,1614
502,971,1473
573,798,1371
654,658,1312
746,838,1584
560,1266,1826
336,992,1328
1257,340,1597
959,690,1649
1640,1037,2677
791,941,1732
234,540,774
597,976,1573
682,1091,1773
395,1069,1464
802,1356,2158
543,833,1376
532,525,1057
664,514,1178
1401,986,2387
950,658,1608
342,669,1011
734,505,1239
1137,1016,2153
791,740,1531
748,1521,2269
632,678,1310
984,1185,2169
743,835,1578
885,965,1850
917,605,1522
1018,819,1837
970,483,1453
633,666,1299
1176,986,2162
607,930,1537
435,803,1238
601,506,1107
1122,795,1917
385,1038,1423
769,608,1377
223,762,985
611,493,1104
166,936,1102
887,895,1782
426,1373,1799
817,950,1767
894,492,1386
1250,653,1903
848,1057,1905
800,1188,1988
531,749,1280
1128,1229,2357
916,874,1790
453,755,1208
438,687,1125
828,1091,1919
1069,692,1761
289,805,1094
744,647,1391
568,1306,1874
165,936,1101
1230,708,1938
721,872,1593
324,809,1133
746,446,1192
779,1078,1857
438,740,1178
1067,453,1520
320,915,1235
747,384,1131
1119,510,1629
665,480,1145
990,402,1392
463,727,1190
1015,604,1619
603,1400,2003
678,390,1068
362,1379,1741
639,1517,2156
393,1757,2150
574,1706,2280
694,1594,2288
709,562,1271
464,1365,1829
984,524,1508
613,538,1151
585,1319,1904
863,416,1279
839,1546,2385
497,1517,2014
538,1147,1685
75,436,511
559,1667,2226
379,1370,1749
101,440,541
455,1916,2371
1273,556,1829
279,306,585
1041,476,1517
142,1451,1593
1402,532,1934
784,552,1336
859,552,1411
578,1154,1732
1282,382,1664
122,920,1042
571,1469,2040
443,358,801
1167,883,2050
773,2068,2841
1139,778,1917
307,348,655
93,320,413
1224,978,2202
48,777,825
189,949,1138
1094,760,1854
767,1341,2108
44,495,539
368,527,895
165,289,454
1250,806,2056
584,278,862
576,464,1040
231,750,981
671,2145,2816
1315,988,2303
88,820,908
251,950,1201
1784,1317,3101
1547,1039,2586
696,412,1108
357,779,1136
1853,893,2746
1189,1040,2229
611,646,1257
60,583,643
341,839,1180
866,558,1424
532,589,1121
114,1011,1125
403,995,1398
197,338,535
734,441,1175
407,762,1169
1947,642,2589
594,554,1148
657,370,1027
1209,490,1699
630,1030,1660
771,781,1552
145,398,543
20,710,730
529,645,1174
58,580,638
864,347,1211
736,680,1416
752,510,1262
880,836,1716
515,385,900
288,422,710
53,731,784
18,988,1006
351,563,914
903,684,1587
815,1117,1932
411,533,944
344,663,1007
399,823,1222
687,1220,1907
208,762,970
86,736,822
606,462,1068
215,567,782
501,710,1211
538,665,1203
414,798,1212
292,627,919
894,989,1883
289,991,1280
862,2342,3204
637,643,1280
437,726,1163
313,624,937
860,563,1423
638,645,1283
489,797,1286
349,750,1099
228,609,837
516,913,1429
501,862,1363
627,724,1351
448,780,1228
547,1156,1703
594,642,1236
676,779,1455
410,937,1347
908,521,1429
436,448,884
521,589,1110
664,525,1189
819,523,1342
336,639,975
136,801,937
426,626,1052
910,309,1219
513,1213,1726
489,758,1247
496,874,1370
89,2759,2848
541,622,1163
1055,784,1839
539,643,1182
663,739,1402
365,491,856
717,1085,1802
506,619,1125
591,857,1448
121,3421,3542
700,1237,1937
558,598,1156
871,644,1515
554,672,1226
1110,484,1594
635,651,1286
233,474,707
780,1077,1857
790,625,1415
2199,1544,3743
536,883,1419
617,1250,1867
461,1177,1638
456,825,1281
984,492,1476
789,851,1640
258,776,1034
176,962,1138
2642,1243,3885
517,467,984
505,807,1312
574,326,900
3314,728,4042
98,1164,1262
1129,493,1622
961,635,1596
206,928,1134
370,952,1322
782,884,1666
450,763,1213
467,960,1427
568,587,1155
619,1028,1647
501,857,1358
362,621,983
446,719,1165
249,1035,1284
505,920,1425
1371,527,1898
542,983,1525
313,1088,1401
1081,644,1725
1094,453,1547
203,784,987
332,882,1214
664,775,1439
64,769,833
275,770,1045
562,701,1263
670,976,1646
674,1190,1864
638,826,1464
498,811,1309
934,720,1654
1162,780,1942
509,937,1446
375,688,1063
848,893,1741
590,915,1505
831,765,1596
992,976,1968
757,815,1572
898,991,1889
432,657,1089
639,505,1144
360,807,1167
600,654,1254
463,919,1382
769,608,1377
797,478,1275
609,638,1247
718,947,1665
909,590,1499
695,848,1543
652,848,1500
908,706,1614
638,782,1420
577,541,1118
529,962,1491
646,561,1207
897,1303,2200
865,694,1559
407,872,1279
710,789,1499
721,1033,1754
677,716,1393
863,734,1597
420,1087,1507
713,608,1321
831,794,1625
633,478,1111
491,544,1035
664,692,1356
660,1309,1969
650,711,1361
898,566,1464
587,488,1075
679,1055,1734
497,1120,1617
475,390,865
634,483,1117
622,1114,1736
709,607,1316
307,297,604
934,752,1686
324,1510,1834
446,872,1318
601,1194,1795
795,1026,1821
576,1353,1929
801,221,1022
707,751,1458
816,854,1670
742,1244,1986
750,586,1336
1145,1001,2146
348,310,658
351,476,827
732,837,1569
1302,418,1720
724,1070,1794
986,781,1767
1147,910,2057
375,513,888
218,900,1118
351,608,959
1088,813,1901
63,644,707
1183,353,1536
1083,408,1491
381,540,921
740,513,1253
384,774,1158
533,610,1143
716,311,1027
779,528,1307
716,602,1318
628,477,1105
52,852,904
725,510,1235
702,537,1239
141,659,800
297,775,1072
782,577,1359
800,741,1541
523,574,1097
206,1364,1570
761,663,1424
1002,790,1792
401,702,1103
284,478,762
251,970,1221
558,538,1096
296,864,1160
638,502,1140
260,1523,1783
350,572,922
395,758,1153
585,777,1362
650,635,1285
662,321,983
744,830,1574
522,917,1439
441,1463,1904
215,620,835
467,687,1154
592,1369,1961
317,627,944
526,680,1206
345,657,1002
496,884,1380
564,640,1204
709,3317,4026
1229,749,1978
222,939,1161
378,3480,3858
1291,732,2023
409,803,1212
613,297,910
400,916,1316
1375,570,1945
486,873,1359
199,1667,1866
258,1093,1351
545,1034,1579
435,3470,3905
461,949,1410
468,458,926
635,580,1215
726,3184,3910
514,604,1118
716,340,1056
668,1494,2162
411,926,1337
691,676,1367
157,1054,1211
499,474,973
859,787,1646
679,666,1345
220,1059,1279
495,921,1416
272,967,1239
1236,1154,2390
765,824,1589
577,903,1480
3274,528,3802
637,665,1302
491,958,1449
3333,823,4156
254,969,1223
528,1234,1762
194,627,821
2746,660,3406
927,561,1488
827,719,1546
906,512,1418
508,821,1329
420,991,1411
1606,942,2548
363,1042,1405
971,815,1786
547,1004,1551
517,997,1514
582,1219,1801
707,1192,1899
839,1157,1996
752,564,1316
483,1064,1547
889,1012,1901
818,955,1773
834,391,1225
410,1043,1453
813,841,1654
535,948,1483
946,338,1284
1059,299,1358
779,584,1363
331,321,652
803,630,1433
918,299,1217
744,1604,2348
993,622,1615
968,297,1265
687,1258,1945
363,978,1341
1231,1778,3009
326,182,508
314,1806,2120
695,1464,2159
892,198,1090
839,1340,2179
817,1926,2743
734,1262,1996
416,1501,1917
1203,1709,2912
712,1534,2246
485,1605,2090
520,1356,1876
913,1549,2462
938,560,1498
998,1615,2613
562,1538,2100
871,1279,2150
581,1571,2152
1174,572,1746
753,296,1049
1348,793,2141
828,1920,2748
1127,704,1831
1353,426,1779
748,1835,2583
1744,614,2358
1504,385,1889
1355,611,1966
1629,759,2388
692,1092,1784
1270,362,1632
938,489,1427
1660,954,2614
1496,484,1980
1367,344,1711
30,997,1027
735,822,1557
39,998,1037
1532,973,2505
921,987,1908
35,1171,1206
239,850,1089
39,1228,1267
48,1183,1231
777,345,1122
866,201,1067
1768,862,2630
581,704,1285
1166,409,1575
761,404,1165
613,847,1460
448,845,1293
945,361,1306
1476,1163,2639
23,504,527
492,908,1400
835,353,1188
1745,1154,2899
88,743,831
38,1481,1519
708,720,1428
1092,276,1368
719,812,1531
60,590,650
622,869,1491
447,285,732
639,1045,1684
24,800,824
34,1584,1618
1033,511,1544
48,394,442
52,950,1002
615,1214,1829
90,576,666
94,423,517
1040,816,1856
155,842,997
103,716,819
851,697,1548
707,718,1425
718,665,1383
400,650,1050
857,624,1481
140,808,948
495,704,1199
27,1140,1167
1471,501,1972
344,998,1342
812,937,1749
133,736,869
853,804,1657
1038,210,1248
883,939,1822
924,962,1886
858,586,1444
1551,936,2487
479,911,1390
614,790,1404
926,642,1568
76,423,499
820,853,1673
989,902,1891
780,844,1624
695,951,1646
608,931,1539
699,511,1210
24,956,980
713,1079,1792
122,593,715
367,553,920
576,537,1113
173,741,914
331,857,1188
57,1109,1166
49,1098,1147
25,1068,1093
192,1020,1212
316,700,1016
394,665,1059
533,681,1214
556,854,1410
283,1056,1339
489,869,1358
45,1322,1367
531,785,1316
270,1165,1435
237,653,890
640,707,1347
548,873,1421
592,842,1434
653,859,1512
347,825,1172
281,1250,1531
702,826,1528
782,816,1598
444,818,1262
898,914,1812
388,817,1205
573,820,1393
765,814,1579
590,661,1251
890,865,1755
607,643,1250
867,920,1787
1167,836,2003
355,904,1259
601,677,1278
977,873,1850
681,847,1528
836,910,1746
387,743,1130
222,784,1006
1002,693,1695
645,828,1473
390,565,955
408,821,1229
643,937,1580
895,1381,2276
632,679,1311
670,535,1205
652,689,1341
510,838,1348
739,936,1675
519,775,1294
444,1383,1827
764,1325,2089
230,601,831
437,587,1024
330,1302,1632
391,449,840
657,866,1523
559,996,1555
1056,603,1659
438,1243,1681
393,700,1093
812,834,1646
1224,475,1699
726,1105,1831
619,1190,1809
885,342,1227
1262,614,1876
445,651,1096
247,716,963
860,446,1306
789,682,1471
630,405,1035
263,569,832
245,1132,1377
362,365,727
672,805,1477
581,740,1321
241,650,891
592,796,1388
396,719,1115
805,793,1598
502,569,1071
323,426,749
643,320,963
460,1126,1586
322,1184,1506
379,1149,1528
138,951,1089
101,724,825
667,535,1202
554,585,1139
582,453,1035
389,589,978
606,1232,1838
543,1245,1788
657,470,1127
324,959,1283
609,700,1309
529,601,1130
187,539,726
1006,807,1813
502,609,1111
271,1294,1565
273,1328,1601
233,932,1165
534,754,1288
716,580,1296
288,721,1009
651,422,1073
777,984,1761
371,622,993
891,846,1737
979,804,1783
970,974,1944
940,740,1680
704,771,1475
159,989,1148
248,811,1059
470,597,1067
734,751,1485
408,709,1117
418,987,1405
187,580,767
1166,606,1772
909,861,1770
234,933,1167
450,592,1042
589,904,1493
828,673,1501
320,918,1238
799,1082,1881
379,926,1305
432,952,1384
1171,916,2087
835,454,1289
519,771,1290
562,677,1239
620,750,1370
425,696,1121
652,1047,1699
543,861,1404
607,1231,1838
773,1033,1806
722,853,1575
458,839,1297
614,778,1392
776,641,1417
828,558,1386
766,817,1583
658,672,1330
787,674,1461
881,1108,1989
614,1109,1723
785,604,1389
620,752,1372
834,952,1786
614,927,1541
419,802,1221
561,700,1261
882,761,1643
830,672,1502
782,637,1419
649,745,1394
725,644,1369
738,847,1585
722,632,1354
771,632,1403
967,573,1540
361,585,946
630,917,1547
399,601,1000
162,710,872
234,829,1063
533,516,1049
645,705,1350
726,941,1667
413,696,1109
283,653,936
608,518,1126
842,1073,1915
412,582,994
454,776,1230
415,528,943
366,686,1052
740,404,1144
747,969,1716
374,324,698
544,792,1336
789,979,1768
569,779,1348
461,759,1220
745,816,1561
575,582,1157
735,806,1541
997,1380,2377
427,370,797
651,606,1257
564,812,1376
711,685,1396
499,417,916
639,555,1194
993,445,1438
964,1401,2365
462,583,1045
725,272,997
473,679,1152
295,768,1063
739,288,1027
92,438,530
884,595,1479
329,1038,1367
424,336,760
118,607,725
756,541,1297
671,603,1274
536,1345,1881
559,1167,1726
538,651,1189
467,849,1316
358,1271,1629
749,456,1205
263,549,812
440,699,1139
1334,746,2080
325,464,789
196,330,526
662,958,1620
571,660,1231
253,573,826
488,980,1468
468,523,991
385,688,1073
1311,745,2056
459,855,1314
324,720,1044
885,602,1487
1257,836,2093
487,1246,1733
396,1307,1703
530,488,1018
486,754,1240
70,593,663
764,487,1251
610,565,1175
597,683,1280
664,566,1230
462,1681,2143
581,789,1370
55,1830,1885
108,1197,1305
920,971,1891
1349,554,1903
1670,230,1900
848,141,989
599,1173,1772
497,942,1439
1068,1249,2317
615,817,1432
11134,576,11710
1175,1350,2525
80,577,657
1206,1378,2584
441,1325,1766
114,590,704
355,1369,1724
626,1121,1747
168,669,837
456,606,1062
485,422,907
644,1181,1825
271,1153,1424
1058,171,1229
539,402,941
431,1677,2108
850,878,1728
905,676,1581
393,1595,1988
203,673,876
874,973,1847
753,722,1475
212,1297,1509
556,387,943
657,1670,2327
455,1391,1846
601,1673,2274
353,1371,1724
591,1408,1999
1106,800,1906
287,1495,1782
87,897,984
1444,609,2053
286,457,743
500,1869,2369
1445,475,1920
99,707,806
126,768,894
573,1369,1942
904,1762,2666
1237,463,1700
630,735,1365
621,1552,2173
1265,1085,2350
1170,915,2085
524,382,906
527,754,1281
1227,1164,2391
1625,562,2187
277,1787,2064
598,743,1341
1582,886,2468
1621,334,1955
811,1231,2042
30,346,376
866,355,1221
1074,1192,2266
175,698,873
530,2014,2544
1143,796,1939
1205,1020,2225
349,1027,1376
505,1064,1569
964,1639,2603
119,456,575
558,220,778
923,574,1497
1387,1209,2596
1381,986,2367
657,978,1635
197,796,993
580,779,1359
786,1211,1997
1426,1116,2542
866,1197,2063
39,420,459
887,616,1503
612,1204,1816
1215,1419,2634
1595,1241,2836
144,660,804
962,869,1831
1921,842,2763
275,853,1128
72,534,606
1036,812,1848
229,808,1037
111,712,823
475,1451,1926
461,897,1358
274,596,870
741,520,1261
456,449,905
408,963,1371
645,788,1433
1015,501,1516
1021,808,1829
322,806,1128
274,907,1181
673,507,1180
357,616,973
467,295,762
469,494,963
1378,824,2202
559,1181,1740
127,1116,1243
677,650,1327
625,627,1252
159,951,1110
907,660,1567
414,785,1199
472,438,910
262,319,581
855,1069,1924
988,928,1916
205,613,818
863,1034,1897
527,623,1150
521,1126,1647
109,655,764
769,627,1396
317,1126,1443
314,481,795
1089,644,1733
684,1344,2028
560,1008,1568
718,1065,1783
761,705,1466
310,533,843
761,1167,1928
425,636,1061
651,1161,1812
365,674,1039
580,522,1102
294,1681,1975
793,938,1731
255,808,1063
546,1023,1569
519,467,986
595,1617,2212
581,1172,1753
322,661,983
348,658,1006
998,811,1809
721,821,1542
564,497,1061
429,1049,1478
423,1229,1652
1146,856,2002
491,656,1147
1152,962,2114
459,637,1096
421,887,1308
782,559,1341
1075,530,1605
783,366,1149
466,950,1416
725,702,1427
1498,699,2197
448,591,1039
342,685,1027
644,531,1175
575,1027,1602
310,528,838
609,606,1215
438,454,892
1044,604,1648
210,558,768
1308,732,2040
525,1160,1685
775,987,1762
567,1701,2268
617,806,1423
487,884,1371
477,615,1092
641,305,946
492,330,822
353,924,1277
912,1016,1928
784,1448,2232
381,512,893
503,647,1150
641,1046,1687
631,561,1192
558,1210,1768
524,1101,1625
969,1762,2731
393,702,1095
888,1160,2048
364,1280,1644
414,540,954
629,656,1285
322,554,876
921,996,1917
564,694,1258
752,2004,2756
328,851,1179
1010,1457,2467
792,1200,1992
173,863,1036
575,707,1282
789,581,1370
438,700,1138
530,525,1055
1556,1214,2770
398,845,1243
397,367,764
993,1385,2378
878,1015,1893
430,661,1091
736,1030,1766
850,866,1716
677,987,1664
692,509,1201
1127,899,2026
589,643,1232
453,373,826
713,516,1229
918,809,1727
465,443,908
1593,978,2571
966,820,1786
278,455,733
1322,1086,2408
1819,911,2730
579,765,1344
226,712,938
1351,1198,2549
1114,825,1939
398,1355,1753
864,650,1514
240,999,1239
821,848,1669
632,426,1058
1208,740,1948
706,651,1357
1288,864,2152
192,644,836
119,477,596
924,1014,1938
601,871,1472
664,653,1317
748,815,1563
734,1636,2370
692,734,1426
714,602,1316
809,550,1359
337,599,936
816,760,1576
320,579,899
377,1338,1715
547,792,1339
815,771,1586
946,1859,2805
899,578,1477
602,426,1028
1055,789,1844
708,626,1334
576,631,1207
367,850,1217
602,1605,2207
661,996,1657
630,562,1192
1235,945,2180
455,503,958
530,969,1499
340,764,1104
721,714,1435
524,746,1270
600,624,1224
883,1820,2703
659,815,1474
1199,999,2198
747,1034,1781
388,1278,1666
457,852,1309
472,992,1464
640,785,1425
666,1161,1827
423,1032,1455
538,1379,1917
1522,1721,3243
1464,795,2259
504,1201,1705
624,1376,2000
1696,1227,2923
891,669,1560
660,1141,1801
819,939,1758
458,645,1103
315,476,791
58,971,1029
616,617,1233
788,887,1675
276,1078,1354
1736,883,2619
953,649,1602
788,924,1712
479,1034,1513
674,664,1338
600,658,1258
586,1184,1770
635,929,1564
647,769,1416
1082,1072,2154
959,1037,1996
546,690,1236
874,1018,1892
324,536,860
896,704,1600
599,1180,1779
776,742,1518
813,899,1712
983,815,1798
890,950,1840
1606,716,2322
880,520,1400
1044,1323,2367
773,863,1636
374,1174,1548
619,558,1177
520,727,1247
1068,924,1992
695,721,1416
356,737,1093
234,1056,1290
1055,1057,2112
381,681,1062
437,925,1362
472,515,987
264,701,965
863,705,1568
893,789,1682
508,698,1206
446,1103,1549
779,1257,2036
1108,999,2107
966,718,1684
522,387,909
713,1576,2289
375,889,1264
885,1338,2223
559,712,1271
125,1263,1388
602,875,1477
716,636,1352
646,890,1536
504,502,1006
464,718,1182
951,651,1602
1052,873,1925
588,1384,1972
394,700,1094
1200,467,1667
601,859,1460
611,650,1261
659,343,1002
227,626,853
399,641,1040
776,1053,1829
1045,850,1895
380,1450,1830
213,1654,1867
600,1314,1914
846,1242,2088
506,345,851
252,816,1068
594,479,1073
987,993,1980
733,509,1242
282,755,1037
1203,835,2038
501,1531,2032
739,1383,2122
696,1464,2160
228,444,672
837,1265,2102
570,390,960
799,894,1693
571,778,1349
518,580,1098
1163,772,1935
902,642,1544
1327,939,2266
442,1563,2005
181,506,687
593,1235,1828
381,514,895
760,1194,1954
235,775,1010
440,856,1296
1493,992,2485
1299,712,2011
1109,1081,2190
1064,970,2034
871,486,1357
703,509,1212
364,795,1159
404,1460,1864
446,876,1322
1216,1107,2323
1210,1117,2327
739,1159,1898
604,1043,1647
377,992,1369
1142,974,2116
648,1155,1803
641,683,1324
783,1023,1806
669,1143,1812
431,1207,1638
1360,1071,2431
464,1722,2186
336,1261,1597
775,1052,1827
1052,1216,2268
1052,1716,2768
447,1391,1838
1171,882,2053
1133,1457,2590
945,1059,2004
711,1001,1712
633,1032,1665
713,638,1351
400,959,1359
898,996,1894
908,1154,2062
627,1188,1815
1131,1235,2366
348,1091,1439
345,667,1012
474,1426,1900
438,783,1221
832,573,1405
636,746,1382
99,1270,1369
646,850,1496
898,651,1549
860,801,1661
1116,376,1492
838,621,1459
1159,659,1818
924,507,1431
829,528,1357
840,664,1504
435,1702,2137
642,864,1506
505,897,1402
243,657,900
820,1213,2033
957,669,1626
673,519,1192
688,1069,1757
1131,655,1786
579,573,1152
694,1217,1911
1016,1102,2118
691,997,1688
432,531,963
376,918,1294
843,584,1427
334,1008,1342
1004,948,1952
677,1059,1736
681,651,1332
590,832,1422
881,1492,2373
1012,347,1359
669,503,1172
291,697,988
1048,1222,2270
444,862,1306
1042,1008,2050
134,725,859
221,493,714
542,858,1400
686,1255,1941
324,880,1204
740,323,1063
287,691,978
331,856,1187
296,797,1093
256,539,795
1531,1123,2654
226,950,1176
471,1352,1823
698,861,1559
942,1050,1992
700,566,1266
643,611,1254
627,748,1375
898,1105,2003
267,807,1074
609,489,1098
883,1099,1982
913,602,1515
874,855,1729
251,550,801
398,693,1091
408,949,1357
766,774,1540
1331,652,1983
308,714,1022
688,464,1152
1134,1069,2203
859,381,1240
781,1032,1813
503,759,1262
937,943,1880
462,868,1330
300,1374,1674
720,1189,1909
156,794,950
518,615,1133
907,576,1483
1097,783,1880
326,726,1052
552,1026,1578
415,628,1043
195,615,810
412,855,1267
140,1276,1416
329,703,1032
413,1577,1990
230,1040,1270
626,978,1604
562,549,1111
620,839,1459
209,639,848
524,519,1043
618,1279,1897
530,1031,1561
894,843,1737
817,1276,2093
579,781,1360
941,846,1787
701,602,1303
423,660,1083
613,484,1097
891,790,1681
273,609,882
388,824,1212
293,631,924
1045,982,2027
377,1047,1424
974,676,1650
694,910,1604
1216,606,1822
598,866,1464
312,616,928
687,808,1495
603,997,1600
561,575,1136
978,1044,2022
886,774,1660
513,973,1486
1118,510,1628
458,474,932
454,1527,1981
455,797,1252
798,627,1425
518,408,926
468,842,1310
438,641,1079
559,807,1366
865,603,1468
18,750,768
737,758,1495
612,1347,1959
396,517,913
549,556,1105
521,780,1301
899,673,1572
420,567,987
517,588,1105
713,478,1191
189,784,973
243,601,844
732,1449,2181
1049,1760,2809
661,990,1651
712,1086,1798
749,1228,1977
550,481,1031
543,316,859
1226,777,2003
666,598,1264
434,471,905
574,497,1071
540,1510,2050
566,1000,1566
1497,1892,3389
267,939,1206
353,643,996
519,766,1285
1237,487,1724
720,919,1639
439,479,918
432,466,898
489,817,1306
662,497,1159
1381,1823,3204
650,943,1593
424,649,1073
852,1369,2221
1150,483,1633
583,1200,1783
380,864,1244
189,622,811
843,379,1222
1007,932,1939
1346,1146,2492
644,555,1199
875,1306,2181
494,664,1158
676,632,1308
709,547,1256
402,650,1052
230,817,1047
508,1347,1855
324,489,813
1529,893,2422
384,645,1029
1407,887,2294
538,950,1488
812,796,1608
1175,958,2133
323,815,1138
304,1001,1305
394,1592,1986
454,325,779
1671,793,2464
316,1120,1436
525,522,1047
327,540,867
1183,647,1830
362,1777,2139
750,1327,2077
449,775,1224
1017,837,1854
1070,859,1929
859,1195,2054
543,953,1496
777,538,1315
390,557,947
724,640,1364
1204,1020,2224
510,994,1504
438,1224,1662
806,689,1495
1369,806,2175
936,918,1854
533,900,1433
885,1045,1930
508,674,1182
306,611,917
1169,791,1960
808,803,1611
182,701,883
971,646,1617
663,1215,1878
731,1024,1755
275,675,950
608,582,1190
803,911,1714
789,829,1618
321,756,1077
633,1469,2102
760,662,1422
881,754,1635
367,908,1275
704,1138,1842
463,542,1005
674,588,1262
844,876,1720
622,1407,2029
571,516,1087
530,619,1149
337,500,837
305,1017,1322
1017,514,1531
747,958,1705
537,469,1006
783,355,1138
655,1552,2207
537,324,861
507,677,1184
461,1141,1602
924,1194,2118
684,562,1246
434,775,1209
739,1086,1825
1424,618,2042
1618,603,2221
566,819,1385
1171,535,1706
456,730,1186
676,774,1450
663,1171,1834
629,1173,1802
773,1317,2090
876,1679,2555
995,1019,2014
453,985,1438
932,557,1489
556,415,971
517,410,927
968,581,1549
285,1352,1637
734,725,1459
794,1509,2303
1002,814,1816
672,1010,1682
504,1002,1506
972,658,1630
749,579,1328
346,842,1188
934,596,1530
687,1645,2332
1114,1638,2752
1371,870,2241
506,649,1155
472,672,1144
1043,533,1576
509,582,1091
236,848,1084
128,1041,1169
409,742,1151
845,456,1301
220,1114,1334
399,2031,2430
263,1018,1281
783,597,1380
610,671,1281
317,1139,1456
290,853,1143
437,772,1209
1155,1049,2204
704,802,1506
515,781,1296
1409,1039,2448
530,828,1358
1283,1787,3070
345,624,969
450,763,1213
799,1910,2709
575,523,1098
562,726,1288
942,391,1333
1217,518,1735
1373,995,2368
750,240,990
688,600,1288
421,451,872
1328,933,2261
1438,1155,2593
797,441,1238
650,544,1194
879,502,1381
1016,744,1760
710,1115,1825
617,245,862
763,338,1101
607,648,1255
633,1123,1756
1688,895,2583
1771,840,2611
576,465,1041
179,652,831
454,980,1434
564,1264,1828
488,426,914
494,685,1179
704,830,1534
867,1074,1941
1692,601,2293
883,900,1783
970,924,1894
405,402,807
1081,811,1892
381,1339,1720
168,430,598
312,1078,1390
753,812,1565
425,436,861
109,849,958
838,812,1650
906,1453,2359
1124,872,1996
365,1675,2040
826,1175,2001
108,1265,1373
634,625,1259
1116,1063,2179
841,1338,2179
588,1266,1854
107,855,962
823,1024,1847
902,1138,2040
638,1324,1962
78,871,949
1426,650,2076
997,1186,2183
326,1479,1805
458,1013,1471
683,1181,1864
997,1121,2118
646,1591,2237
156,1414,1570
685,1163,1848
1190,1379,2569
651,1303,1954
582,1143,1725
600,1345,1945
682,1162,1844
345,1109,1454
173,862,1035
726,1488,2214
806,378,1184
875,518,1393
719,680,1399
51,1478,1529
833,592,1425
817,854,1671
249,1172,1421
1202,255,1457
641,520,1161
1319,683,2002
225,1229,1454
963,265,1228
770,564,1334
367,1136,1503
243,1083,1326
821,871,1692
687,839,1526
859,1030,1889
867,598,1465
1232,506,1738
1035,887,1922
756,909,1665
1246,553,1799
837,899,1736
67,523,590
802,1318,2120
938,1001,1939
792,318,1110
352,747,1099
605,1255,1860
657,883,1540
1079,787,1866
1288,768,2056
607,377,984
410,910,1320
867,863,1730
789,877,1666
25,665,690
388,774,1162
798,787,1585
992,985,1977
1253,728,1981
244,959,1203
679,698,1377
884,817,1701
369,1194,1563
55,682,737
520,863,1383
1043,456,1499
593,913,1506
214,316,530
166,756,922
458,631,1089
83,863,946
899,722,1621
359,790,1149
1167,1214,2381
445,768,1213
816,757,1573
281,828,1109
1200,1491,2691
520,796,1316
492,636,1128
151,1000,1151
1057,638,1695
694,677,1371
788,482,1270
599,993,1592
205,931,1136
589,637,1226
318,827,1145
586,789,1375
542,680,1222
625,505,1130
505,703,1208
74,1507,1581
189,964,1153
173,1027,1200
503,498,1001
871,1081,1952
643,817,1460
592,924,1516
592,717,1309
371,473,844
852,308,1160
190,763,953
469,493,962
683,497,1180
1376,633,2009
674,619,1293
280,1009,1289
527,489,1016
526,560,1086
459,806,1265
492,1047,1539
232,483,715
387,761,1148
695,630,1325
1112,774,1886
426,326,752
721,762,1483
886,634,1520
680,709,1389
529,917,1446
906,1130,2036
640,458,1098
493,491,984
374,497,871
501,602,1103
728,441,1169
347,894,1241
510,645,1155
813,620,1433
678,1402,2080
889,1092,1981
913,577,1490
544,1257,1801
536,1419,1955
551,583,1134
521,470,991
576,2168,2744
513,470,983
546,1535,2081
373,382,755
558,971,1529
652,472,1124
825,1314,2139
366,737,1103
384,615,999
651,603,1254
589,2010,2599
376,286,662
423,820,1243
310,779,1089
411,478,889
474,831,1305
200,958,1158
409,1073,1482
192,638,830
724,2041,2765
1138,1193,2331
1040,670,1710
1278,577,1855
805,2403,3208
1903,670,2573
521,697,1218
1429,849,2278
811,855,1666
237,818,1055
971,1025,1996
334,495,829
524,804,1328
1188,1768,2956
141,843,984
1884,651,2535
735,465,1200
1181,709,1890
646,1055,1701
481,838,1319
798,1007,1805
210,1149,1359
527,840,1367
586,968,1554
267,1678,1945
364,687,1051
444,880,1324
700,1107,1807
969,837,1806
1911,1060,2971
670,689,1359
979,872,1851
789,642,1431
1122,899,2021
492,654,1146
422,860,1282
498,993,1491
794,845,1639
759,685,1444
448,675,1123
1580,318,1898
803,827,1630
569,877,1446
746,692,1438
281,1215,1496
949,613,1562
2318,810,3128
556,668,1224
699,626,1325
955,460,1415
744,680,1424
317,869,1186
582,1042,1624
665,677,1342
673,1601,2274
897,947,1844
611,979,1590
668,1640,2308
565,593,1158
776,577,1353
615,559,1174
571,794,1365
439,871,1310
1564,1142,2706
706,681,1387
1133,1239,2372
588,960,1548
552,667,1219
766,582,1348
483,627,1110
325,593,918
567,1014,1581
522,709,1231
1437,616,2053
817,986,1803
603,486,1089
670,678,1348
607,838,1445
586,331,917
186,821,1007
635,963,1598
856,974,1830
1500,638,2138
463,1488,1951
256,505,761
911,1024,1935
485,1047,1532
348,502,850
358,1178,1536
785,1021,1806
730,1319,2049
1110,803,1913
819,1161,1980
801,1251,2052
923,1392,2315
845,919,1764
436,668,1104
516,1040,1556
308,1270,1578
743,916,1659
65,878,943
347,912,1259
778,747,1525
1175,540,1715
818,935,1753
840,569,1409
1076,492,1568
679,539,1218
270,774,1044
434,920,1354
525,444,969
587,1254,1841
838,999,1837
650,915,1565
820,1033,1853
818,1212,2030
823,477,1300
1093,848,1941
1383,1300,2683
348,670,1018
548,703,1251
616,1984,2600
513,1739,2252
756,717,1473
431,314,745
936,639,1575
148,1194,1342
914,1195,2109
210,1670,1880
1043,1149,2192
1029,2321,3350
747,1457,2204
495,675,1170
327,736,1063
901,1649,2550
264,525,789
798,715,1513
470,1382,1852
1039,461,1500
1302,2211,3513
766,815,1581
786,499,1285
420,1044,1464
1827,705,2532
366,1044,1410
881,1079,1960
177,1198,1375
1269,648,1917
1746,1528,3274
761,795,1556
866,848,1714
502,1275,1777
1377,405,1782
694,925,1619
631,1011,1642
595,812,1407
1204,761,1965
762,962,1724
2134,1050,3184
555,947,1502
1244,1086,2330
1547,425,1972
827,791,1618
421,1018,1439
945,679,1624
376,802,1178
620,1418,2038
987,775,1762
834,2150,2984
726,904,1630
398,896,1294
791,917,1708
654,774,1428
212,908,1120
867,1261,2128
2099,919,3018
698,732,1430
786,2327,3113
1106,1209,2315
642,948,1590
848,811,1659
878,717,1595
1328,816,2144
1454,1153,2607
569,818,1387
287,675,962
954,2382,3336
694,632,1326
636,958,1594
201,818,1019
1003,760,1763
382,1024,1406
842,1103,1945
1304,1100,2404
46,1059,1105
500,622,1122
1900,1417,3317
721,1020,1741
459,979,1438
1134,435,1569
471,1038,1509
395,1427,1822
407,1331,1738
465,1009,1474
827,1036,1863
736,889,1625
614,1232,1846
322,1301,1623
2157,1377,3534
306,578,884
906,1062,1968
578,1619,2197
2295,1238,3533
580,362,942
629,1473,2102
906,1047,1953
629,375,1004
1242,511,1753
710,1002,1712
1279,635,1914
496,1480,1976
736,668,1404
803,1975,2778
779,1242,2021
492,355,847
702,885,1587
785,533,1318
101,1229,1330
821,1586,2407
1259,342,1601
121,1599,1720
800,648,1448
969,2320,3289
68,348,416
558,233,791
459,1270,1729
737,857,1594
1012,1125,2137
931,1270,2201
577,930,1507
510,585,1095
945,2475,3420
254,1329,1583
825,2144,2969
112,416,528
1440,300,1740
845,1914,2759
42,357,399
101,642,743
1408,516,1924
1613,1557,3170
929,1016,1945
834,1085,1919
564,661,1225
257,1755,2012
148,605,753
129,651,780
1167,518,1685
791,947,1738
1041,1089,2130
903,1300,2203
125,689,814
893,1376,2269
1122,1016,2138
2128,776,2904
339,575,914
841,987,1828
1729,411,2140
1146,1325,2471
2459,807,3266
716,620,1336
1802,675,2477
408,462,870
480,598,1078
1122,1394,2516
35,877,912
576,834,1410
558,651,1209
897,527,1424
1721,595,2316
328,550,878
1501,774,2275
347,1191,1538
229,663,892
294,1123,1417
1128,1219,2347
905,608,1513
152,601,753
868,442,1310
271,1352,1623
314,785,1099
468,1269,1737
1095,633,1728
699,1018,1717
224,657,881
1214,686,1900
491,1089,1580
595,1487,2082
98,770,868
1097,634,1731
1076,1021,2097
571,783,1354
474,1434,1908
500,444,944
631,921,1552
503,764,1267
607,1108,1715
631,683,1314
298,758,1056
941,1001,1942
1041,452,1493
758,1363,2121
383,887,1270
628,648,1276
1127,532,1659
538,810,1348
697,615,1312
837,702,1539
769,1163,1932
435,643,1078
254,568,822
1029,948,1977
416,590,1006
1155,641,1796
230,818,1048
277,771,1048
318,1073,1391
989,614,1603
334,1363,1697
350,720,1070
1144,558,1702
953,736,1689
317,859,1176
505,972,1477
444,745,1189
532,878,1410
394,1354,1748
429,758,1187
524,789,1313
888,523,1411
509,1269,1778
433,555,988
666,695,1361
104,1397,1501
416,716,1132
658,745,1403
609,1042,1651
841,581,1422
460,1255,1715
644,603,1247
600,744,1344
687,1018,1705
275,1329,1604
478,753,1231
810,1079,1889
480,702,1182
344,939,1283
685,1190,1875
489,542,1031
488,680,1168
443,917,1360
1016,908,1924
179,985,1164
150,599,749
1186,983,2169
448,1155,1603
664,823,1487
1187,879,2066
618,483,1101
378,953,1331
1276,686,1962
729,1070,1799
334,652,986
595,807,1402
624,1008,1632
623,1057,1680
378,685,1063
775,698,1473
783,788,1571
392,527,919
1229,795,2024
522,968,1490
493,635,1128
973,802,1775
468,784,1252
693,1183,1876
576,332,908
317,474,791
706,493,1199
766,1014,1780
818,455,1273
485,408,893
453,789,1242
679,506,1185
427,344,771
509,852,1361
605,856,1461
863,943,1806
701,626,1327
1110,455,1565
639,680,1319
737,901,1638
996,779,1775
557,536,1093
204,418,622
402,980,1382
677,507,1184
679,614,1293
309,543,852
596,2064,2660
942,1446,2388
760,973,1733
343,688,1031
254,1139,1393
921,488,1409
328,475,803
744,784,1528
492,720,1212
674,1418,2092
806,452,1258
679,749,1428
805,1245,2050
841,802,1643
645,1408,2053
491,2037,2528
116,781,897
82,639,721
895,648,1543
389,702,1091
667,1046,1713
275,652,927
855,1204,2059
394,1058,1452
824,588,1412
145,758,903
415,751,1166
526,1106,1632
652,450,1102
336,663,999
1113,566,1679
252,1514,1766
553,2319,2872
261,950,1211
433,1011,1444
702,493,1195
699,465,1164
341,1031,1372
531,671,1202
369,1441,1810
1739,1144,2883
293,1110,1403
337,629,966
979,993,1972
670,533,1203
824,971,1795
916,428,1344
449,776,1225
470,764,1234
1938,1141,3079
341,1098,1439
505,724,1229
555,1159,1714
1257,471,1728
291,574,865
1158,1246,2404
1223,658,1881
341,766,1107
2100,972,3072
1307,806,2113
819,522,1341
318,704,1022
320,1009,1329
792,695,1487
279,751,1030
374,622,996
314,641,955
579,544,1123
69,510,579
784,1212,1996
671,824,1495
628,524,1152
1337,1737,3074
820,860,1680
1053,756,1809
577,1059,1636
1225,1743,2968
801,849,1650
335,496,831
602,1125,1727
1080,664,1744
688,308,996
471,712,1183
755,856,1611
358,1052,1410
229,1740,1969
431,871,1302
793,1230,2023
440,1254,1694
1425,797,2222
939,949,1888
753,689,1442
869,1376,2245
875,1182,2057
550,964,1514
1010,508,1518
1036,1346,2382
964,1360,2324
569,1030,1599
330,552,882
1110,1151,2261
720,1306,2026
379,697,1076
410,855,1265
705,929,1634
496,879,1375
873,596,1469
648,699,1347
1293,704,1997
1592,477,2069
1076,383,1459
475,1090,1565
722,464,1186
429,1128,1557
121,857,978
545,412,957
1060,646,1706
634,851,1485
1271,382,1653
1678,841,2519
395,898,1293
544,1029,1573
1091,585,1676
832,526,1358
393,256,649
772,981,1753
1094,326,1420
741,980,1721
770,386,1156
1194,1004,2198
811,555,1366
959,823,1782
467,1103,1570
808,1070,1878
620,950,1570
590,942,1532
1243,879,2122
533,1138,1671
789,424,1213
772,1321,2093
48,489,537
692,687,1379
55,369,424
915,773,1688
980,430,1410
368,1035,1403
977,423,1400
282,1197,1479
1054,441,1495
867,1012,1879
935,822,1757
99,685,784
469,881,1350
263,1208,1471
1278,173,1451
717,988,1705
432,301,733
825,641,1466
597,1194,1791
332,626,958
795,664,1459
1058,946,2004
969,707,1676
484,654,1138
377,791,1168
1306,418,1724
1390,821,2211
407,1077,1484
717,901,1618
817,1502,2319
733,1206,1939
971,833,1804
1187,852,2039
1131,821,1952
985,520,1505
1182,929,2111
1196,815,2011
184,736,920
821,893,1714
163,769,932
335,780,1115
187,806,993
1429,774,2203
206,771,977
147,770,917
484,618,1102
323,640,963
68,786,854
135,980,1115
441,545,986
671,437,1108
632,353,985
100,828,928
472,600,1072
575,538,1113
695,380,1075
567,558,1125
1318,1371,2689
826,344,1170
1075,1665,2740
269,1347,1616
643,415,1058
441,339,780
213,1350,1563
134,1546,1680
719,269,988
342,337,679
188,1692,1880
96,381,477
123,1581,1704
816,2058,2874
167,1723,1890
134,400,534
260,431,691
1108,1846,2954
806,2286,3092
231,1605,1836
190,398,588
290,533,823
40,1724,1764
1421,1748,3169
357,1621,1978
113,412,525
266,492,758
82,1746,1828
624,1240,1864
695,517,1212
807,1507,2314
215,320,535
922,906,1828
1952,640,2592
197,634,831
530,1337,1867
894,770,1664
477,394,871
630,1686,2316
135,434,569
1525,485,2010
244,903,1147
935,1091,2026
260,807,1067
1289,856,2145
1403,756,2159
25,1098,1123
929,626,1555
1293,678,1971
1613,691,2304
528,656,1184
19,1186,1205
152,1059,1211
1669,922,2591
820,550,1370
102,621,723
1384,612,1996
85,698,783
743,953,1696
1417,1219,2636
884,313,1197
51,1185,1236
1278,916,2194
357,427,784
24,337,361
1475,1046,2521
112,720,832
36,896,932
1590,1063,2653
950,558,1508
313,718,1031
222,841,1063
424,579,1003
26,1142,1168
277,948,1225
367,1184,1551
298,802,1100
93,906,999
423,521,944
593,486,1079
141,1104,1245
673,450,1123
490,717,1207
1045,740,1785
201,1067,1268
459,1386,1845
420,770,1190
837,670,1507
59,664,723
575,1061,1636
205,1204,1409
51,701,752
1118,1094,2212
788,737,1525
716,846,1562
654,636,1290
417,1308,1725
604,632,1236
1011,616,1627
635,1042,1677
437,1494,1931
748,820,1568
995,559,1554
513,1033,1546
787,1008,1795
587,522,1109
875,411,1286
927,943,1870
1189,790,1979
762,1310,2072
258,487,745
226,769,995
218,751,969
990,486,1476
372,844,1216
630,577,1207
696,676,1372
675,742,1417
983,620,1603
345,748,1093
338,474,812
380,1216,1596
356,1173,1529
829,668,1497
115,679,794
645,1216,1861
674,456,1130
664,618,1282
672,594,1266
1149,636,1785
326,1196,1522
553,1267,1820
613,1142,1755
355,497,852
509,1446,1955
374,1170,1544
146,963,1109
384,699,1083
391,598,989
896,650,1546
287,1202,1489
158,1409,1567
281,627,908
395,1106,1501
549,1076,1625
473,1081,1554
666,794,1460
1119,400,1519
833,819,1652
608,864,1472
1073,443,1516
342,659,1001
1060,756,1816
876,808,1684
661,761,1422
415,413,828
426,1053,1479
1149,461,1610
311,664,975
652,860,1512
522,1063,1585
593,820,1413
1025,576,1601
1301,589,1890
628,843,1471
384,979,1363
964,763,1727
946,475,1421
522,1227,1749
1004,597,1601
617,671,1288
501,593,1094
284,1518,1802
691,666,1357
944,456,1400
407,519,926
1211,1808,3019
528,455,983
529,1202,1731
318,539,857
865,1785,2650
611,606,1217
929,577,1506
465,792,1257
754,659,1413
534,1301,1835
274,435,709
743,654,1397
533,758,1291
349,835,1184
571,1355,1926
1180,1479,2659
658,656,1314
534,1241,1775
977,899,1876
515,394,909
558,738,1296
467,646,1113
845,978,1823
107,682,789
1779,515,2294
389,1353,1742
149,736,885
606,540,1146
1735,727,2462
370,443,813
356,1020,1376
462,898,1360
906,1025,1931
1201,687,1888
1025,711,1736
303,671,974
54,633,687
1337,738,2075
683,640,1323
429,629,1058
406,1503,1909
538,631,1169
828,1151,1979
1059,669,1728
1250,916,2166
346,477,823
245,814,1059
283,606,889
422,1658,2080
610,596,1206
367,896,1263
518,567,1085
434,650,1084
1261,655,1916
599,640,1239
474,545,1019
247,1614,1861
459,1631,2090
459,477,936
474,741,1215
851,1262,2113
586,298,884
623,797,1420
528,820,1348
37,327,364
167,656,823
404,1707,2111
639,883,1522
510,806,1316
662,704,1366
584,1275,1859
236,1044,1280
746,781,1527
75,341,416
867,991,1858
592,826,1418
1410,755,2165
519,815,1334
561,923,1484
657,815,1472
448,903,1351
361,1155,1516
1049,483,1532
815,593,1408
1569,1031,2600
277,1000,1277
145,451,596
416,469,885
1531,796,2327
763,1345,2108
515,416,931
498,371,869
469,475,944
454,702,1156
567,414,981
523,1149,1672
175,719,894
654,1215,1869
1513,1185,2698
1071,1573,2644
954,733,1687
567,489,1056
552,587,1139
487,1075,1562
400,431,831
697,1153,1850
237,871,1108
46,1232,1278
1424,1077,2501
492,1583,2075
304,1046,1350
448,542,990
670,828,1498
298,747,1045
312,429,741
584,788,1372
324,818,1142
266,1052,1318
413,607,1020
1229,1019,2248
551,529,1080
741,1230,1971
447,944,1391
431,596,1027
708,1216,1924
893,996,1889
637,827,1464
939,666,1605
1085,862,1947
772,850,1622
978,881,1859
364,678,1042
877,713,1590
741,732,1473
734,1223,1957
1088,829,1917
855,292,1147
691,473,1164
1030,588,1618
560,651,1211
369,990,1359
532,1023,1555
438,299,737
492,286,778
251,681,932
989,447,1436
488,389,877
144,603,747
110,711,821
497,1287,1784
1016,1409,2425
342,678,1020
1242,1065,2307
461,1296,1757
481,986,1467
1076,966,2042
880,1288,2168
95,1085,1180
588,485,1073
1001,1405,2406
520,405,925
731,1056,1787
908,1472,2380
205,419,624
1129,955,2084
745,1013,1758
193,1036,1229
216,798,1014
1026,1087,2113
354,780,1134
866,924,1790
655,977,1632
1282,628,1910
414,532,946
825,866,1691
670,864,1534
316,697,1013
944,727,1671
604,611,1215
166,1000,1166
848,473,1321
590,936,1526
454,1204,1658
980,547,1527
1119,641,1760
142,884,1026
508,1327,1835
808,635,1443
1103,882,1985
368,1072,1440
691,1375,2066
131,957,1088
1295,956,2251
851,432,1283
516,981,1497
130,2122,2252
473,1209,1682
340,1037,1377
1002,1082,2084
353,945,1298
562,722,1284
571,536,1107
1252,781,2033
888,884,1772
764,688,1452
647,1095,1742
907,1424,2331
833,751,1584
824,1534,2358
761,764,1525
761,1002,1763
647,1125,1772
1213,713,1926
537,1261,1798
676,1425,2101
838,963,1801
1248,1590,2838
623,1303,1926
892,1051,1943
507,919,1426
837,822,1659
1116,915,2031
415,1306,1721
863,1026,1889
262,969,1231
2184,755,2939
730,831,1561
655,1285,1940
917,720,1637
851,1304,2155
1471,996,2467
787,1454,2241
492,781,1273
780,1570,2350
1591,570,2161
941,938,1879
446,1235,1681
1042,733,1775
905,975,1880
584,832,1416
760,476,1236
633,1395,2028
284,1297,1581
878,532,1410
402,1213,1615
801,781,1582
455,1210,1665
1122,1248,2370
1336,731,2067
723,1004,1727
547,694,1241
1105,599,1704
504,530,1034
1018,1212,2230
620,534,1154
632,484,1116
1018,344,1362
1367,578,1945
747,598,1345
650,562,1212
451,348,799
907,819,1726
976,861,1837
975,904,1879
303,541,844
389,896,1285
852,927,1779
369,686,1055
415,724,1139
997,747,1744
1300,679,1979
1286,654,1940
1145,643,1788
607,1005,1612
899,951,1850
406,980,1386
325,905,1230
781,639,1420
1127,264,1391
1077,954,2031
408,899,1307
860,888,1748
1201,168,1369
282,1005,1287
847,674,1521
920,457,1377
1033,550,1583
757,587,1344
959,797,1756
73,300,373
848,773,1621
795,573,1368
44,816,860
117,531,648
32,939,971
100,726,826
350,917,1267
179,528,707
531,955,1486
196,841,1037
551,1331,1882
68,840,908
31,871,902
23,951,974
521,578,1099
25,1182,1207
33,732,765
842,1218,2060
190,794,984
917,1018,1935
31,617,648
185,804,989
474,990,1464
528,644,1172
658,460,1118
413,840,1253
770,615,1385
439,1033,1472
541,665,1206
266,501,767
79,1216,1295
400,1067,1467
963,507,1470
423,928,1351
724,635,1359
646,810,1456
486,635,1121
517,1151,1668
269,672,941
512,1189,1701
254,826,1080
798,632,1430
271,625,896
235,1029,1264
994,620,1614
283,1321,1604
1000,782,1782
392,998,1390
229,997,1226
338,1125,1463
563,860,1423
367,760,1127
717,399,1116
284,789,1073
644,821,1465
369,1513,1882
553,484,1037
739,757,1496
481,1503,1984
630,1115,1745
367,785,1152
373,819,1192
356,801,1157
928,849,1777
663,769,1432
800,655,1455
641,619,1260
1000,780,1780
681,1092,1773
579,959,1538
826,711,1537
389,971,1360
718,671,1389
309,664,973
752,856,1608
687,879,1566
484,435,919
1343,662,2005
748,962,1710
468,1207,1675
24,777,801
654,982,1636
171,698,869
305,829,1134
243,774,1017
911,1096,2007
605,339,944
467,653,1120
533,662,1195
262,957,1219
659,1240,1899
409,700,1109
269,1110,1379
372,867,1239
1373,1049,2422
425,477,902
466,807,1273
546,961,1507
616,683,1299
284,635,919
589,803,1392
803,730,1533
572,646,1218
551,1025,1576
385,1065,1450
148,628,776
725,592,1317
758,935,1693
57,976,1033
833,321,1154
455,1693,2148
320,1428,1748
590,627,1217
802,927,1729
365,522,887
627,717,1344
862,571,1433
582,661,1243
524,557,1081
657,566,1223
669,1946,2615
818,1020,1838
1019,906,1925
624,1581,2205
857,428,1285
508,571,1079
1368,850,2218
550,566,1116
616,968,1584
1785,467,2252
859,608,1467
573,454,1027
931,918,1849
511,823,1334
648,345,993
253,435,688
469,915,1384
559,831,1390
715,1103,1818
863,775,1638
797,776,1573
449,498,947
510,1645,2155
377,936,1313
298,465,763
290,871,1161
269,1010,1279
299,701,1000
786,759,1545
887,1233,2120
854,592,1446
522,1613,2135
754,678,1432
371,483,854
70,980,1050
714,549,1263
659,391,1050
1372,1070,2442
637,469,1106
605,561,1166
712,1574,2286
1449,295,1744
457,414,871
351,655,1006
1466,864,2330
767,1105,1872
893,1303,2196
357,856,1213
161,733,894
796,668,1464
1064,1271,2335
386,392,778
395,720,1115
198,1407,1605
1510,732,2242
804,503,1307
309,1111,1420
1436,770,2206
881,656,1537
130,445,575
417,771,1188
669,489,1158
1141,620,1761
468,926,1394
569,1508,2077
372,1311,1683
567,713,1280
512,2652,3164
675,1234,1909
469,492,961
682,648,1330
1269,577,1846
1172,460,1632
671,329,1000
708,1513,2221
182,604,786
888,1934,2822
400,493,893
570,957,1527
91,1376,1467
230,895,1125
589,640,1229
520,319,839
411,575,986
415,621,1036
720,1055,1775
966,1005,1971
1182,544,1726
337,797,1134
1021,1158,2179
364,413,777
955,627,1582
552,648,1200
522,804,1326
896,1365,2261
195,566,761
342,631,973
1083,928,2011
1466,1532,2998
528,853,1381
623,429,1052
477,1624,2101
388,657,1045
937,497,1434
1434,865,2299
269,963,1232
248,699,947
1168,879,2047
439,1073,1512
476,1191,1667
657,569,1226
2486,914,3400
428,1528,1956
49,2006,2055
200,676,876
1777,1233,3010
513,939,1452
1493,436,1929
888,498,1386
841,460,1301
722,877,1599
326,754,1080
561,433,994
534,1594,2128
579,1086,1665
1247,1087,2334
822,678,1500
430,513,943
846,820,1666
835,787,1622
785,984,1769
499,614,1113
1081,1258,2339
436,1206,1642
616,851,1467
331,632,963
831,797,1628
561,880,1441
348,1041,1389
369,997,1366
603,855,1458
1402,563,1965
578,868,1446
531,1285,1816
441,638,1079
1118,479,1597
529,603,1132
591,541,1132
211,1199,1410
850,842,1692
805,304,1109
363,852,1215
249,811,1060
830,793,1623
156,623,779
164,319,483
1010,810,1820
394,976,1370
1942,564,2506
619,710,1329
548,838,1386
809,397,1206
391,1245,1636
539,781,1320
1180,715,1895
533,1130,1663
534,320,854
240,323,563
344,863,1207
445,900,1345
557,315,872
650,808,1458
720,667,1387
385,1301,1686
627,325,952
469,633,1102
72,343,415
681,682,1363
858,899,1757
880,810,1690
112,354,466
45,590,635
736,1482,2218
1454,1196,2650
699,633,1332
261,389,650
994,1792,2786
241,1001,1242
628,1098,1726
1167,897,2064
183,817,1000
696,1558,2254
659,531,1190
892,1349,2241
487,345,832
394,1860,2254
524,1349,1873
296,1564,1860
497,1413,1910
801,1165,1966
425,1236,1661
578,1330,1908
847,1070,1917
841,922,1763
1273,1549,2822
196,1501,1697
544,1190,1734
529,1310,1839
511,1261,1772
907,931,1838
666,835,1501
1001,869,1870
477,1330,1807
682,1158,1840
511,2380,2891
1096,1093,2189
1004,476,1480
1074,482,1556
1069,663,1732
1341,1270,2611
1378,431,1809
1072,1224,2296
610,1106,1716
623,1139,1762
665,2312,2977
1165,485,1650
401,1006,1407
1272,595,1867
1120,1768,2888
992,919,1911
1299,763,2062
365,1325,1690
2209,713,2922
1331,1402,2733
587,512,1099
1094,598,1692
1223,598,1821
1060,803,1863
796,695,1491
1253,752,2005
66,1320,1386
2066,633,2699
1590,1411,3001
317,797,1114
1101,1533,2634
498,858,1356
803,1126,1929
478,1055,1533
725,1018,1743
1327,780,2107
347,730,1077
693,891,1584
961,635,1596
917,1492,2409
1227,761,1988
329,382,711
233,840,1073
1581,425,2006
344,913,1257
1138,699,1837
189,931,1120
899,1223,2122
1227,922,2149
377,1005,1382
634,833,1467
536,713,1249
477,964,1441
265,837,1102
884,616,1500
691,927,1618
279,1271,1550
1558,678,2236
338,624,962
495,1630,2125
1054,646,1700
569,798,1367
403,929,1332
441,663,1104
590,831,1421
61,1676,1737
1277,783,2060
60,831,891
472,500,972
183,1658,1841
1103,661,1764
537,725,1262
558,605,1163
573,783,1356
579,756,1335
389,1399,1788
778,1350,2128
1014,418,1432
525,1635,2160
447,1276,1723
157,369,526
333,621,954
842,955,1797
340,667,1007
626,1632,2258
303,734,1037
249,1578,1827
509,719,1228
546,1225,1771
493,611,1104
549,652,1201
1436,972,2408
484,1432,1916
147,713,860
335,1516,1851
692,1325,2017
260,550,810
161,746,907
847,1164,2011
711,1012,1723
413,524,937
1601,464,2065
46,939,985
770,406,1176
452,389,841
442,1283,1725
164,335,499
1597,841,2438
229,756,985
1395,466,1861
500,1900,2400
802,413,1215
588,1261,1849
544,411,955
1202,1292,2494
214,1059,1273
1139,1514,2653
535,772,1307
1035,478,1513
1376,1334,2710
882,502,1384
627,1569,2196
831,1107,1938
339,654,993
1064,1227,2291
316,1229,1545
383,1028,1411
162,698,860
722,1872,2594
702,1184,1886
163,531,694
650,1237,1887
1248,1704,2952
57,668,725
1090,1480,2570
609,1473,2082
218,744,962
984,945,1929
1076,2083,3159
1424,678,2102
197,1055,1252
1190,1253,2443
1206,801,2007
516,1736,2252
1393,1044,2437
1354,780,2134
491,530,1021
1881,596,2477
214,1443,1657
941,826,1767
543,793,1336
983,1367,2350
791,1715,2506
257,841,1098
295,1212,1507
1556,934,2490
902,763,1665
1222,604,1826
494,609,1103
748,1159,1907
1144,769,1913
687,393,1080
208,1456,1664
910,1199,2109
770,667,1437
664,950,1614
452,874,1326
483,664,1147
448,694,1142
1033,1055,2088
480,1450,1930
600,988,1588
501,1818,2319
657,894,1551
165,692,857
505,743,1248
1052,703,1755
688,1422,2110
651,1126,1777
763,1729,2492
662,964,1626
571,445,1016
383,813,1196
1087,805,1892
1185,769,1954
925,589,1514
771,1674,2445
318,1353,1671
163,480,643
1302,698,2000
843,1826,2669
536,764,1300
874,765,1639
626,724,1350
1319,626,1945
356,722,1078
1524,586,2110
1219,778,1997
1556,1487,3043
1123,1586,2709
793,811,1604
536,677,1213
462,1513,1975
188,693,881
415,656,1071
1641,771,2412
329,906,1235
802,625,1427
667,1467,2134
1439,892,2331
845,855,1700
628,496,1124
476,1693,2169
650,947,1597
668,637,1305
1199,1417,2616
486,895,1381
664,684,1348
595,735,1330
477,541,1018
276,1482,1758
302,527,829
375,848,1223
185,673,858
1472,882,2354
291,715,1006
999,1111,2110
1532,960,2492
669,345,1014
424,1369,1793
374,637,1011
598,998,1596
250,440,690
530,694,1224
1333,702,2035
425,662,1087
381,1441,1822
1196,1057,2253
244,714,958
219,815,1034
578,776,1354
331,1620,1951
336,427,763
565,928,1493
1310,685,1995
656,1309,1965
116,650,766
470,572,1042
1463,799,2262
417,998,1415
291,530,821
585,2419,3004
417,505,922
917,735,1652
396,829,1225
622,664,1286
605,496,1101
325,958,1283
314,971,1285
320,503,823
587,1474,2061
494,737,1231
447,494,941
543,806,1349
372,1038,1410
839,436,1275
824,617,1441
475,909,1384
582,1013,1595
256,606,862
866,737,1603
525,754,1279
326,614,940
888,611,1499
518,966,1484
1040,1577,2617
335,495,830
657,701,1358
593,496,1089
545,1167,1712
950,836,1786
885,721,1606
617,318,935
1132,1324,2456
555,334,889
1193,2057,3250
354,935,1289
272,471,743
917,686,1603
497,669,1166
316,1089,1405
656,1437,2093
226,378,604
659,689,1348
686,652,1338
2247,1183,3430
573,471,1044
1372,1248,2620
250,467,717
606,496,1102
1083,1798,2881
311,584,895
329,816,1145
542,371,913
1292,1809,3101
150,778,928
183,334,517
700,941,1641
664,1036,1700
2046,601,2647
108,842,950
664,1382,2046
747,1652,2399
298,873,1171
1052,883,1935
796,1285,2081
513,1172,1685
347,939,1286
1000,633,1633
234,777,1011
757,500,1257
1319,1302,2621
247,322,569
651,655,1306
1611,955,2566
350,653,1003
378,686,1064
824,705,1529
729,971,1700
517,906,1423
285,698,983
1250,685,1935
663,879,1542
114,1713,1827
1761,763,2524
795,1541,2336
549,882,1431
1190,1475,2665
743,467,1210
694,515,1209
1111,660,1771
404,763,1167
731,1450,2181
747,742,1489
241,1997,2238
445,606,1051
816,1565,2381
676,288,964
327,723,1050
1208,1076,2284
696,516,1212
1173,936,2109
497,475,972
941,1503,2444
1552,855,2407
709,416,1125
803,813,1616
562,581,1143
1361,1019,2380
508,1044,1552
530,455,985
613,1988,2601
1281,554,1835
313,492,805
546,823,1369
1356,1654,3010
89,701,790
1868,583,2451
664,1664,2328
644,1115,1759
626,595,1221
365,615,980
60,917,977
663,1236,1899
358,690,1048
805,1196,2001
692,1295,1987
274,728,1002
1483,1050,2533
450,1015,1465
768,1709,2477
454,1435,1889
1404,1338,2742
231,856,1087
685,882,1567
475,2976,3451
192,1874,2066
882,1223,2105
371,1207,1578
1242,1925,3167
410,1184,1594
1172,338,1510
706,1129,1835
740,1219,1959
751,1353,2104
1717,1162,2879
1333,591,1924
494,1443,1937
905,1326,2231
841,307,1148
597,1649,2246
369,766,1135
775,467,1242
835,1136,1971
537,1004,1541
817,491,1308
1436,1785,3221
549,1282,1831
1704,420,2124
664,916,1580
208,1516,1724
1343,651,1994
741,586,1327
1394,1270,2664
665,919,1584
398,313,711
253,1022,1275
690,1126,1816
713,1107,1820
549,1225,1774
1384,482,1866
1066,744,1810
732,990,1722
987,978,1965
1435,331,1766
680,1406,2086
374,755,1129
1374,1512,2886
817,966,1783
984,582,1566
1027,675,1702
49,491,540
910,488,1398
1026,455,1481
1098,999,2097
980,311,1291
766,665,1431
2345,1324,3669
613,255,868
956,1009,1965
571,361,932
1025,460,1485
640,254,894
85,778,863
883,1302,2185
510,768,1278
157,937,1094
1066,1317,2383
656,561,1217
363,797,1160
222,362,584
303,493,796
1838,1222,3060
944,836,1780
1180,356,1536
1388,855,2243
139,959,1098
550,588,1138
1403,722,2125
1234,880,2114
825,547,1372
68,1499,1567
1639,1688,3327
1130,543,1673
183,1424,1607
327,1020,1347
817,163,980
219,547,766
623,1061,1684
204,473,677
670,843,1513
516,1003,1519
1474,259,1733
723,439,1162
703,848,1551
1352,305,1657
27,979,1006
1147,1509,2656
240,820,1060
260,580,840
573,507,1080
905,1035,1940
770,316,1086
922,993,1915
53,990,1043
441,638,1079
419,631,1050
418,374,792
191,957,1148
84,564,648
274,692,966
897,1341,2238
119,1071,1190
639,546,1185
245,735,980
827,362,1189
46,1218,1264
128,1079,1207
34,1257,1291
26,1553,1579
508,537,1045
1394,1092,2486
172,1105,1277
626,525,1151
314,859,1173
869,512,1381
502,894,1396
111,411,522
395,1229,1624
252,1343,1595
1320,1050,2370
502,659,1161
281,1001,1282
751,578,1329
1094,912,2006
955,514,1469
203,936,1139
580,737,1317
966,651,1617
1004,825,1829
214,1116,1330
501,562,1063
764,654,1418
1390,644,2034
813,1019,1832
601,967,1568
319,1260,1579
1163,653,1816
430,770,1200
297,1036,1333
538,522,1060
908,477,1385
957,646,1603
841,687,1528
354,723,1077
436,939,1375
642,551,1193
120,1070,1190
1090,1072,2162
550,349,899
855,476,1331
1214,1003,2217
767,1455,2222
604,509,1113
364,906,1270
496,957,1453
362,903,1265
993,537,1530
764,700,1464
327,1197,1524
554,921,1475
903,975,1878
1005,1660,2665
385,500,885
316,973,1289
507,559,1066
792,788,1580
822,720,1542
580,995,1575
457,766,1223
770,791,1561
170,678,848
132,602,734
589,995,1584
979,459,1438
313,641,954
255,1208,1463
665,583,1248
819,772,1591
1155,1442,2597
785,603,1388
204,703,907
746,779,1525
1364,1231,2595
611,546,1157
577,678,1255
956,657,1613
782,763,1545
1025,850,1875
864,783,1647
379,650,1029
508,783,1291
548,1811,2359
561,828,1389
507,793,1300
573,470,1043
713,733,1446
1422,885,2307
556,636,1192
623,648,1271
290,876,1166
611,1737,2348
400,555,955
524,675,1199
577,797,1374
167,1201,1368
378,540,918
497,984,1481
209,623,832
681,703,1384
702,802,1504
666,786,1452
918,1091,2009
551,1273,1824
419,923,1342
1389,986,2375
507,1356,1863
1012,1161,2173
575,584,1159
580,1572,2152
292,521,813
498,1397,1895
636,1243,1879
546,866,1412
602,972,1574
664,1587,2251
641,636,1277
774,1120,1894
1837,1104,2941
909,768,1677
674,981,1655
602,839,1441
785,1069,1854
511,429,940
699,796,1495
172,814,986
280,1345,1625
1466,1136,2602
668,809,1477
656,1007,1663
1142,1092,2234
975,568,1543
368,1100,1468
351,742,1093
541,514,1055
949,1074,2023
977,718,1695
1447,1158,2605
635,1214,1849
1356,834,2190
912,932,1844
837,585,1422
771,1068,1839
608,488,1096
898,624,1522
633,596,1229
1019,1104,2123
657,675,1332
496,1199,1695
1212,724,1936
731,609,1340
528,1076,1604
661,762,1423
907,616,1523
913,481,1394
1378,1129,2507
689,560,1249
493,553,1046
518,1210,1728
1047,671,1718
178,506,684
754,779,1533
375,537,912
240,1546,1786
697,1168,1865
550,537,1087
699,1272,1971
944,1122,2066
254,427,681
780,1334,2114
927,632,1559
893,889,1782
307,435,742
980,928,1908
404,1190,1594
1060,1031,2091
395,467,862
960,914,1874
1116,1057,2173
1014,1177,2191
1043,682,1725
227,727,954
106,657,763
423,500,923
595,1199,1794
985,701,1686
355,357,712
343,768,1111
951,587,1538
1370,868,2238
659,1075,1734
1000,574,1574
512,955,1467
453,735,1188
884,1487,2371
654,376,1030
388,768,1156
540,659,1199
527,1490,2017
890,460,1350
435,844,1279
822,578,1400
378,1596,1974
318,438,756
285,475,760
257,1130,1387
641,647,1288
955,981,1936
743,588,1331
721,417,1138
489,954,1443
1252,502,1754
752,585,1337
338,476,814
344,1152,1496
1372,457,1829
683,449,1132
617,821,1438
914,822,1736
710,458,1168
1077,575,1652
717,571,1288
313,648,961
1025,732,1757
544,1471,2015
1217,1448,2665
395,836,1231
386,345,731
262,449,711
217,642,859
184,940,1124
514,512,1026
231,1869,2100
637,779,1416
501,970,1471
806,552,1358
212,523,735
132,486,618
282,772,1054
250,569,819
180,1286,1466
255,594,849
793,1424,2217
339,1454,1793
1280,1073,2353
446,893,1339
723,1100,1823
391,349,740
1383,1215,2598
723,730,1453
629,614,1243
445,485,930
357,1295,1652
519,744,1263
602,916,1518
1198,625,1823
416,899,1315
128,1687,1815
1763,742,2505
686,891,1577
1305,542,1847
252,448,700
599,936,1535
830,1288,2118
312,596,908
471,1322,1793
1021,616,1637
1131,1168,2299
633,910,1543
376,836,1212
346,686,1032
1223,1234,2457
1649,849,2498
977,860,1837
989,957,1946
951,505,1456
749,1885,2634
190,803,993
643,990,1633
196,1030,1226
383,1537,1920
1139,1394,2533
609,1008,1617
304,1349,1653
482,2348,2830
1100,991,2091
816,788,1604
1115,383,1498
357,1400,1757
1845,418,2263
611,556,1167
382,777,1159
682,1258,1940
377,1292,1669
297,1331,1628
603,934,1537
938,674,1612
679,673,1352
1095,803,1898
1230,491,1721
575,1000,1575
1390,597,1987
585,1085,1670
340,1517,1857
722,1941,2663
463,1198,1661
1014,565,1579
682,1432,2114
987,625,1612
679,1652,2331
1045,542,1587
1075,843,1918
634,601,1235
391,692,1083
924,1371,2295
473,1262,1735
634,1313,1947
68,691,759
984,1020,2004
1387,512,1899
497,1574,2071
1467,467,1934
1009,508,1517
1316,373,1689
1546,471,2017
1262,742,2004
389,754,1143
1089,466,1555
356,443,799
1245,317,1562
836,638,1474
782,1378,2160
577,378,955
714,788,1502
645,352,997
599,379,978
908,321,1229
513,956,1469
1095,724,1819
352,500,852
864,1485,2349
476,749,1225
1388,639,2027
1128,1184,2312
617,225,842
659,272,931
668,504,1172
1034,1967,3001
922,285,1207
52,446,498
1641,2468,4109
47,488,535
1178,755,1933
351,1106,1457
32,463,495
51,461,512
662,671,1333
76,442,518
24,624,648
49,625,674
1825,1899,3724
261,1018,1279
1390,815,2205
450,922,1372
662,811,1473
250,422,672
997,632,1629
350,1391,1741
53,655,708
73,663,736
1887,1495,3382
735,1246,1981
385,1713,2098
306,690,996
2265,640,2905
326,490,816
300,656,956
596,470,1066
56,508,564
374,723,1097
527,675,1202
267,711,978
1785,663,2448
608,1187,1795
990,1043,2033
505,775,1280
433,481,914
108,1099,1207
224,653,877
463,559,1022
272,719,991
694,1660,2354
564,652,1216
662,860,1522
256,1384,1640
255,471,726
363,1052,1415
374,1015,1389
404,704,1108
705,1537,2242
569,766,1335
744,1901,2645
632,448,1080
937,731,1668
569,855,1424
310,470,780
88,784,872
535,424,959
278,1594,1872
813,680,1493
483,1043,1526
1655,1033,2688
750,846,1596
384,629,1013
613,642,1255
1198,1080,2278
138,840,978
290,463,753
350,969,1319
517,1041,1558
1191,567,1758
443,806,1249
485,844,1329
1593,668,2261
721,760,1481
378,812,1190
739,1330,2069
917,646,1563
469,795,1264
411,1227,1638
674,756,1430
349,621,970
785,450,1235
876,1394,2270
772,744,1516
432,818,1250
569,433,1002
751,763,1514
845,563,1408
1316,1160,2476
527,671,1198
484,748,1232
735,795,1530
944,1214,2158
1417,1126,2543
505,343,848
563,1237,1800
1119,967,2086
376,527,903
626,601,1227
382,1748,2130
807,1230,2037
750,580,1330
609,1079,1688
658,557,1215
400,843,1243
1290,652,1942
680,885,1565
487,723,1210
920,1145,2065
287,749,1036
994,642,1636
289,478,767
362,552,914
611,687,1298
1097,684,1781
522,1059,1581
552,616,1168
1152,1136,2288
664,1080,1744
373,1446,1819
880,624,1504
54,761,815
490,1245,1735
628,806,1434
982,597,1579
964,850,1814
416,506,922
576,1076,1652
1648,620,2268
400,697,1097
498,652,1150
284,775,1059
710,1412,2122
527,682,1209
1019,793,1812
531,659,1190
574,1440,2014
1015,639,1654
764,730,1494
914,1218,2132
504,574,1078
494,516,1010
280,1464,1744
360,861,1221
495,554,1049
570,892,1462
452,919,1371
878,754,1632
798,690,1488
1162,682,1844
485,717,1202
518,468,986
589,1717,2306
711,852,1563
672,346,1018
935,613,1548
604,943,1547
254,1360,1614
933,823,1756
1296,485,1781
271,862,1133
529,603,1132
1357,1117,2474
677,835,1512
681,466,1147
552,720,1272
669,612,1281
644,863,1507
680,891,1571
990,600,1590
624,922,1546
673,651,1324
1280,1139,2419
624,1120,1744
606,744,1350
527,651,1178
1579,749,2328
258,642,900
446,720,1166
623,747,1370
445,668,1113
642,1335,1977
775,821,1596
538,553,1091
946,643,1589
412,532,944
538,615,1153
184,861,1045
818,515,1333
751,413,1164
762,775,1537
1293,947,2240
416,414,830
998,673,1671
841,1207,2048
427,424,851
227,511,738
658,960,1618
420,1090,1510
413,1053,1466
268,418,686
924,1011,1935
653,634,1287
387,548,935
402,635,1037
1292,731,2023
841,713,1554
385,711,1096
464,1302,1766
190,325,515
557,1339,1896
684,1312,1996
699,1350,2049
484,592,1076
519,865,1384
791,1512,2303
518,651,1169
689,453,1142
952,440,1392
230,642,872
719,678,1397
627,1342,1969
829,1185,2014
233,649,882
279,725,1004
194,768,962
310,1288,1598
496,952,1448
494,658,1152
326,937,1263
264,1074,1338
997,632,1629
1163,284,1447
614,1744,2358
131,748,879
1344,540,1884
725,608,1333
395,1524,1919
520,667,1187
177,616,793
1017,675,1692
605,597,1202
644,477,1121
1001,536,1537
549,634,1183
567,1040,1607
769,527,1296
530,677,1207
382,458,840
579,849,1428
1256,795,2051
400,952,1352
647,1323,1970
259,509,768
828,895,1723
787,619,1406
388,1370,1758
287,866,1153
654,980,1634
529,1582,2111
977,890,1867
1660,683,2343
317,1469,1786
189,465,654
922,827,1749
683,556,1239
425,1286,1711
191,820,1011
534,1569,2103
232,473,705
460,1003,1463
1347,767,2114
1481,334,1815
848,918,1766
236,946,1182
1154,920,2074
268,782,1050
757,591,1348
310,776,1086
242,1057,1299
1342,343,1685
466,1639,2105
268,814,1082
908,470,1378
399,1007,1406
278,739,1017
912,462,1374
131,477,608
547,1507,2054
425,904,1329
619,565,1184
1182,1004,2186
647,1091,1738
725,634,1359
666,601,1267
648,1036,1684
232,454,686
409,820,1229
635,1179,1814
646,758,1404
1336,903,2239
829,886,1715
651,572,1223
882,523,1405
870,768,1638
444,838,1282
383,503,886
660,793,1453
1418,613,2031
1572,952,2524
714,1092,1806
285,1097,1382
743,664,1407
866,858,1724
487,1058,1545
859,771,1630
524,907,1431
128,992,1120
290,889,1179
637,1224,1861
167,958,1125
325,883,1208
719,1230,1949
737,1150,1887
325,856,1181
582,646,1228
207,1144,1351
954,777,1731
697,258,955
611,1796,2407
738,276,1014
889,1004,1893
651,1154,1805
723,263,986
768,268,1036
622,940,1562
755,279,1034
380,861,1241
858,1021,1879
633,860,1493
473,289,762
1073,1087,2160
195,1084,1279
852,1909,2761
119,290,409
687,817,1504
591,1390,1981
970,217,1187
944,1205,2149
336,1448,1784
466,946,1412
734,744,1478
755,2170,2925
138,614,752
1461,563,2024
1328,534,1862
670,1378,2048
817,486,1303
483,1198,1681
1021,733,1754
1003,638,1641
921,640,1561
1029,794,1823
94,595,689
155,596,751
838,1444,2282
603,1562,2165
1394,1055,2449
863,699,1562
521,440,961
877,786,1663
1216,660,1876
463,759,1222
1428,1593,3021
154,544,698
769,1709,2478
101,914,1015
393,489,882
88,859,947
73,938,1011
1342,955,2297
1206,629,1835
1818,1322,3140
563,478,1041
328,941,1269
1099,1328,2427
1869,1180,3049
46,1028,1074
394,860,1254
1117,1044,2161
592,1865,2457
831,952,1783
1504,1050,2554
541,1087,1628
568,398,966
1189,703,1892
1438,846,2284
385,810,1195
889,377,1266
617,853,1470
1691,817,2508
867,707,1574
410,855,1265
712,1086,1798
959,747,1706
1492,742,2234
785,597,1382
818,924,1742
802,296,1098
867,739,1606
921,708,1629
246,706,952
763,463,1226
813,626,1439
819,683,1502
73,710,783
664,603,1267
653,909,1562
772,473,1245
80,662,742
463,1594,2057
678,838,1516
342,619,961
505,1093,1598
874,1370,2244
1312,475,1787
23,912,935
250,556,806
70,913,983
457,528,985
183,777,960
931,1001,1932
522,464,986
352,690,1042
253,809,1062
201,419,620
144,908,1052
775,806,1581
383,912,1295
366,852,1218
197,429,626
620,408,1028
917,1068,1985
753,1034,1787
673,1378,2051
224,704,928
458,749,1207
527,772,1299
229,625,854
859,452,1311
348,385,733
315,803,1118
322,628,950
258,1368,1626
1413,969,2382
346,1067,1413
340,627,967
437,1406,1843
1019,953,1972
360,606,966
520,599,1119
609,374,983
429,822,1251
258,845,1103
221,477,698
384,808,1192
934,949,1883
1035,940,1975
531,575,1106
635,651,1286
435,1465,1900
488,1526,2014
245,1340,1585
288,446,734
272,1374,1646
499,1799,2298
735,659,1394
151,597,748
66,748,814
234,631,865
656,1584,2240
473,601,1074
329,730,1059
449,1251,1700
592,1284,1876
494,653,1147
562,825,1387
272,741,1013
944,648,1592
841,1144,1985
248,1077,1325
707,1240,1947
1569,447,2016
1322,558,1880
535,462,997
497,620,1117
1141,925,2066
340,452,792
689,401,1090
480,888,1368
1208,960,2168
451,761,1212
604,741,1345
879,579,1458
532,733,1265
514,1031,1545
74,1686,1760
909,794,1703
1055,437,1492
659,846,1505
1428,772,2200
399,671,1070
1078,565,1643
940,634,1574
1130,849,1979
526,1041,1567
707,676,1383
719,676,1395
291,1496,1787
792,730,1522
439,531,970
533,410,943
572,1490,2062
428,590,1018
691,502,1193
335,852,1187
1546,590,2136
633,576,1209
483,1389,1872
341,939,1280
1409,616,2025
895,680,1575
424,717,1141
606,484,1090
914,709,1623
1298,412,1710
217,1403,1620
314,987,1301
294,641,935
264,575,839
687,1095,1782
670,876,1546
227,419,646
364,514,878
1294,426,1720
208,507,715
817,513,1330
443,656,1099
1191,421,1612
638,1667,2305
608,317,925
404,1052,1456
244,576,820
213,952,1165
469,380,849
496,424,920
975,302,1277
359,391,750
494,745,1239
473,1398,1871
303,448,751
732,532,1264
271,984,1255
257,1238,1495
319,452,771
362,1209,1571
303,1260,1563
692,756,1448
583,1718,2301
857,857,1714
197,963,1160
713,1523,2236
459,189,648
214,488,702
231,1639,1870
794,667,1461
704,2044,2748
575,697,1272
466,1468,1934
374,1234,1608
712,547,1259
572,1765,2337
525,672,1197
56,643,699
887,791,1678
83,903,986
414,637,1051
124,772,896
116,914,1030
397,1133,1530
1161,603,1764
1300,1391,2691
1505,1034,2539
84,909,993
906,790,1696
822,1016,1838
401,940,1341
627,472,1099
30,1078,1108
1111,887,1998
658,771,1429
757,580,1337
1191,1397,2588
434,445,879
811,542,1353
1869,1025,2894
252,1140,1392
1004,1067,2071
212,574,786
912,685,1597
1533,787,2320
237,1513,1750
1567,1022,2589
469,1157,1626
776,940,1716
660,550,1210
455,959,1414
473,376,849
963,684,1647
1297,1197,2494
345,2132,2477
1527,1388,2915
399,1170,1569
1172,746,1918
1298,1320,2618
784,837,1621
1050,642,1692
835,1084,1919
690,1967,2657
850,695,1545
288,1401,1689
164,891,1055
486,1063,1549
1223,648,1871
294,670,964
118,1097,1215
948,681,1629
1102,1351,2453
800,1375,2175
712,1063,1775
1042,879,1921
110,1053,1163
1172,414,1586
995,931,1926
342,895,1237
885,661,1546
284,848,1132
1800,953,2753
705,1500,2205
656,805,1461
487,957,1444
630,1965,2595
166,997,1163
1217,779,1996
501,870,1371
311,662,973
166,1259,1425
1757,939,2696
874,1321,2195
1015,776,1791
698,2302,3000
601,615,1216
410,885,1295
273,1049,1322
712,896,1608
400,1406,1806
965,825,1790
762,702,1464
1115,1436,2551
955,2393,3348
746,909,1655
210,845,1055
1720,1327,3047
925,1255,2180
1024,1115,2139
433,1394,1827
829,2167,2996
1132,1200,2332
526,1203,1729
504,1117,1621
466,1194,1660
2218,852,3070
828,1250,2078
722,1382,2104
906,1172,2078
550,2213,2763
671,1356,2027
566,1305,1871
732,925,1657
547,1337,1884
543,1064,1607
2247,716,2963
655,1303,1958
1300,1003,2303
658,2196,2854
924,1263,2187
559,933,1492
586,1166,1752
567,957,1524
1023,1135,2158
842,1257,2099
595,1129,1724
1224,991,2215
1308,878,2186
1196,778,1974
1033,1131,2164
959,1295,2254
908,973,1881
1060,774,1834
1803,969,2772
278,1112,1390
782,909,1691
852,734,1586
825,872,1697
280,664,944
474,505,979
461,1484,1945
2056,1455,3511
1232,1186,2418
546,1264,1810
660,1461,2121
917,1534,2451
230,1084,1314
721,1212,1933
707,1510,2217
565,771,1336
2050,1275,3325
953,1226,2179
1029,1499,2528
1105,1765,2870
768,995,1763
433,1010,1443
785,2055,2840
1215,1051,2266
326,1160,1486
670,343,1013
462,1032,1494
949,1916,2865
772,926,1698
488,816,1304
510,1132,1642
1011,1141,2152
1077,1350,2427
1069,525,1594
964,1033,1997
1068,300,1368
797,744,1541
981,1738,2719
999,835,1834
1284,431,1715
540,1699,2239
1066,1408,2474
292,1744,2036
1104,817,1921
1547,980,2527
1004,859,1863
831,1454,2285
1132,561,1693
1148,319,1467
774,1190,1964
1212,913,2125
855,1157,2012
335,917,1252
1391,585,1976
1559,612,2171
804,956,1760
650,870,1520
712,957,1669
72,428,500
28,751,779
965,616,1581
827,832,1659
775,876,1651
1334,287,1621
274,1476,1750
71,697,768
299,431,730
60,841,901
427,369,796
1591,809,2400
675,1025,1700
61,565,626
658,1103,1761
960,1220,2180
822,1260,2082
415,308,723
315,573,888
620,675,1295
784,339,1123
1196,443,1639
114,880,994
756,576,1332
1597,1259,2856
625,649,1274
256,1034,1290
1042,330,1372
35,363,398
1156,1177,2333
312,921,1233
139,421,560
18,853,871
901,1644,2545
782,636,1418
766,630,1396
438,1145,1583
386,379,765
298,468,766
393,1401,1794
742,772,1514
198,430,628
464,1327,1791
266,1412,1678
104,812,916
321,712,1033
633,1322,1955
280,765,1045
116,857,973
577,1386,1963
651,1217,1868
1088,649,1737
496,379,875
345,694,1039
705,653,1358
137,717,854
463,1304,1767
599,672,1271
1020,1234,2254
446,378,824
28,456,484
1474,990,2464
876,837,1713
285,881,1166
860,528,1388
113,722,835
475,1089,1564
155,827,982
991,711,1702
1131,575,1706
1029,1314,2343
712,1543,2255
446,581,1027
267,820,1087
134,675,809
84,1827,1911
647,566,1213
412,455,867
896,448,1344
211,582,793
517,416,933
730,878,1608
158,1016,1174
1219,481,1700
878,1060,1938
676,917,1593
549,942,1491
666,1068,1734
1309,792,2101
421,610,1031
429,217,646
418,414,832
415,412,827
66,466,532
714,1194,1908
415,551,966
648,1090,1738
269,1117,1386
352,1617,1969
467,563,1030
1725,568,2293
307,415,722
997,969,1966
74,606,680
98,1226,1324
355,1115,1470
413,666,1079
318,555,873
323,768,1091
776,710,1486
376,445,821
664,842,1506
696,837,1533
144,1071,1215
132,1623,1755
581,896,1477
160,501,661
488,1104,1592
1172,577,1749
923,777,1700
408,1244,1652
770,674,1444
221,1234,1455
142,1631,1773
427,455,882
599,1050,1649
299,711,1010
853,922,1775
313,989,1302
1161,614,1775
971,765,1736
551,1093,1644
547,815,1362
302,664,966
1032,922,1954
937,281,1218
685,1121,1806
786,556,1342
709,1242,1951
752,657,1409
939,784,1723
141,896,1037
363,749,1112
1209,750,1959
889,289,1178
1052,768,1820
283,1141,1424
673,952,1625
1163,741,1904
1560,832,2392
409,742,1151
273,916,1189
216,905,1121
467,656,1123
365,967,1332
769,779,1548
645,820,1465
918,654,1572
686,653,1339
1484,922,2406
551,1587,2138
538,821,1359
963,985,1948
900,502,1402
982,826,1808
526,828,1354
688,732,1420
706,442,1148
468,1082,1550
532,757,1289
454,1055,1509
613,865,1478
475,721,1196
488,682,1170
527,874,1401
632,811,1443
771,700,1471
572,466,1038
741,769,1510
144,944,1088
982,857,1839
743,587,1330
994,447,1441
461,1503,1964
752,614,1366
655,671,1326
1000,437,1437
515,1992,2507
716,485,1201
723,910,1633
692,500,1192
748,679,1427
423,304,727
196,1195,1391
668,468,1136
684,698,1382
526,445,971
1524,1041,2565
788,1035,1823
742,894,1636
1264,1018,2282
875,877,1752
471,636,1107
382,1343,1725
473,489,962
443,791,1234
332,636,968
417,1193,1610
557,794,1351
575,824,1399
288,686,974
440,768,1208
837,1016,1853
430,641,1071
1819,521,2340
604,1040,1644
336,1172,1508
318,600,918
633,628,1261
386,654,1040
227,866,1093
1095,887,1982
753,769,1522
858,699,1557
443,670,1113
483,1089,1572
575,776,1351
777,874,1651
911,676,1587
839,829,1668
1123,766,1889
971,703,1674
378,595,973
614,447,1061
886,668,1554
1069,837,1906
545,695,1240
377,696,1073
929,700,1629
802,576,1378
555,682,1237
581,606,1187
522,576,1098
594,1381,1975
1077,702,1779
735,849,1584
560,629,1189
556,2639,3195
891,597,1488
259,544,803
709,724,1433
622,686,1308
568,808,1376
686,294,980
348,535,883
797,567,1364
671,642,1313
616,576,1192
688,654,1342
444,580,1024
721,1327,2048
521,729,1250
298,663,961
552,364,916
200,810,1010
474,2453,2927
823,753,1576
577,924,1501
683,759,1442
687,390,1077
1274,2122,3396
654,1057,1711
514,843,1357
443,706,1149
524,860,1384
507,728,1235
498,1347,1845
462,1179,1641
316,484,800
122,803,925
236,522,758
622,1028,1650
130,660,790
255,858,1113
33,923,956
2382,723,3105
358,724,1082
365,1205,1570
334,636,970
2341,1105,3446
597,584,1181
506,1251,1757
138,831,969
501,1409,1910
502,1527,2029
374,797,1171
398,1150,1548
313,918,1231
2023,628,2651
544,588,1132
258,883,1141
497,1058,1555
273,739,1012
483,447,930
742,523,1265
427,921,1348
580,1052,1632
629,782,1411
543,518,1061
756,857,1613
728,804,1532
1069,899,1968
178,652,830
592,583,1175
378,809,1187
1036,1026,2062
990,1085,2075
937,634,1571
705,1000,1705
572,758,1330
1026,870,1896
648,921,1569
233,649,882
778,589,1367
683,729,1412
1029,788,1817
1062,1580,2642
322,866,1188
755,1464,2219
820,1046,1866
402,1496,1898
263,1061,1324
603,918,1521
348,1058,1406
753,1253,2006
483,901,1384
918,879,1797
562,1078,1640
688,821,1509
1443,1752,3195
667,1110,1777
540,757,1297
385,1165,1550
842,1400,2242
527,999,1526
431,1863,2294
697,574,1271
943,823,1766
618,1282,1900
618,1065,1683
708,1065,1773
498,1092,1590
1412,901,2313
1003,1066,2069
792,549,1341
1002,400,1402
638,960,1598
482,851,1333
786,690,1476
419,699,1118
1114,590,1704
463,1266,1729
427,663,1090
1695,426,2121
495,1181,1676
681,923,1604
626,328,954
470,1550,2020
1507,637,2144
896,611,1507
127,271,398
576,1501,2077
931,746,1677
1042,568,1610
679,993,1672
1207,981,2188
581,724,1305
1245,795,2040
164,287,451
723,1290,2013
818,683,1501
583,1325,1908
771,1310,2081
1032,625,1657
907,1055,1962
1503,626,2129
889,891,1780
1063,849,1912
841,864,1705
1001,955,1956
906,722,1628
452,251,703
696,798,1494
234,775,1009
1271,561,1832
185,904,1089
398,709,1107
136,999,1135
1206,689,1895
550,742,1292
279,1036,1315
571,628,1199
332,492,824
384,846,1230
384,852,1236
337,495,832
845,297,1142
556,918,1474
493,364,857
451,828,1279
694,1538,2232
263,749,1012
184,306,490
627,664,1291
352,469,821
477,541,1018
720,877,1597
768,590,1358
730,374,1104
471,1072,1543
245,289,534
68,483,551
823,634,1457
348,764,1112
430,709,1139
287,441,728
62,1256,1318
564,754,1318
242,456,698
552,1331,1883
387,841,1228
34,804,838
469,1082,1551
545,978,1523
795,788,1583
61,1688,1749
103,1281,1384
201,757,958
177,464,641
658,1338,1996
431,862,1293
306,763,1069
733,696,1429
390,334,724
1175,462,1637
653,742,1395
366,1299,1665
513,679,1192
349,521,870
1184,812,1996
621,1181,1802
478,778,1256
211,2146,2357
821,538,1359
418,1043,1461
891,504,1395
659,805,1464
243,816,1059
1146,819,1965
509,1526,2035
707,973,1680
1249,823,2072
865,1510,2375
668,812,1480
244,1330,1574
524,855,1379
604,1082,1686
311,1081,1392
627,1391,2018
542,1082,1624
261,1085,1346
624,1091,1715
184,1046,1230
249,1539,1788
655,783,1438
693,849,1542
583,608,1191
322,2278,2600
1355,1584,2939
856,1044,1900
811,729,1540
457,991,1448
1089,1057,2146
940,537,1477
392,992,1384
1450,983,2433
681,732,1413
848,445,1293
566,627,1193
689,831,1520
1226,1712,2938
1570,2059,3629
515,805,1320
699,781,1480
650,1153,1803
770,834,1604
963,859,1822
565,484,1049
774,1306,2080
1264,1804,3068
1341,738,2079
1016,1050,2066
2094,1028,3122
1257,709,1966
602,846,1448
960,467,1427
1018,866,1884
638,443,1081
1691,1801,3492
925,903,1828
726,721,1447
1484,1055,2539
1492,1614,3106
514,558,1072
909,790,1699
1199,372,1571
585,768,1353
196,612,808
750,897,1647
694,533,1227
813,790,1603
2019,889,2908
739,503,1242
374,943,1317
416,781,1197
1551,758,2309
225,414,639
721,672,1393
621,863,1484
398,642,1040
643,511,1154
1483,838,2321
144,863,1007
1335,894,2229
659,652,1311
959,905,1864
490,675,1165
386,318,704
705,504,1209
352,1314,1666
862,314,1176
1481,612,2093
576,1444,2020
351,1421,1772
747,1019,1766
432,528,960
322,1213,1535
415,1161,1576
208,700,908
503,476,979
641,770,1411
630,687,1317
923,992,1915
388,613,1001
532,805,1337
845,508,1353
592,1128,1720
55,615,670
1091,481,1572
500,1564,2064
1188,586,1774
623,425,1048
104,686,790
672,1969,2641
575,570,1145
468,376,844
693,1779,2472
1277,550,1827
536,1459,1995
384,681,1065
1458,1105,2563
1045,339,1384
279,468,747
672,707,1379
1755,363,2118
365,1477,1842
628,630,1258
529,642,1171
543,707,1250
508,617,1125
979,723,1702
438,1106,1544
580,727,1307
486,912,1398
364,950,1314
109,1509,1618
187,683,870
684,1844,2528
255,880,1135
556,1810,2366
1637,369,2006
545,693,1238
430,586,1016
1319,570,1889
405,772,1177
401,873,1274
188,597,785
1377,703,2080
639,734,1373
544,721,1265
314,497,811
349,1098,1447
1486,604,2090
714,1537,2251
647,549,1196
865,509,1374
416,1112,1528
905,513,1418
630,456,1086
1054,1458,2512
451,460,911
580,561,1141
353,1248,1601
1791,527,2318
404,464,868
300,1079,1379
300,669,969
412,395,807
784,810,1594
211,420,631
916,1104,2020
500,1404,1904
417,459,876
944,913,1857
1538,808,2346
541,907,1448
736,775,1511
364,916,1280
129,341,470
910,707,1617
189,1421,1610
230,1492,1722
1237,992,2229
528,818,1346
935,867,1802
480,905,1385
391,792,1183
978,449,1427
116,540,656
347,1517,1864
361,1012,1373
338,1554,1892
420,933,1353
402,994,1396
1287,582,1869
378,1398,1776
450,1121,1571
696,832,1528
552,1098,1650
466,2156,2622
188,649,837
734,839,1573
949,634,1583
517,453,970
1314,562,1876
576,1045,1621
585,629,1214
216,856,1072
920,823,1743
312,928,1240
635,594,1229
578,581,1159
1122,1369,2491
339,770,1109
499,729,1228
394,886,1280
586,752,1338
432,743,1175
413,746,1159
530,1080,1610
1244,578,1822
1200,1492,2692
665,526,1191
1431,1027,2458
598,459,1057
1083,501,1584
758,1136,1894
370,636,1006
700,615,1315
664,652,1316
1971,925,2896
536,494,1030
1018,807,1825
993,866,1859
732,932,1664
851,781,1632
777,556,1333
1330,615,1945
313,482,795
179,459,638
1022,1375,2397
699,821,1520
476,794,1270
727,1329,2056
487,1219,1706
221,558,779
745,472,1217
328,1184,1512
393,404,797
547,751,1298
1037,901,1938
558,832,1390
428,589,1017
959,1011,1970
842,897,1739
389,592,981
543,487,1030
743,711,1454
1015,997,2012
553,527,1080
576,804,1380
1133,470,1603
776,1427,2203
428,571,999
427,727,1154
1279,715,1994
881,474,1355
348,597,945
404,749,1153
257,1145,1402
519,640,1159
432,1488,1920
449,1488,1937
772,998,1770
597,699,1296
661,769,1430
420,800,1220
322,681,1003
509,962,1471
450,817,1267
690,1185,1875
545,835,1380
507,612,1119
743,1181,1924
633,1374,2007
330,1354,1684
31,644,675
436,1128,1564
1021,823,1844
569,703,1272
195,358,553
431,976,1407
371,1229,1600
473,579,1052
1240,906,2146
820,1575,2395
724,1837,2561
558,1156,1714
1252,226,1478
756,1505,2261
1093,1342,2435
754,253,1007
1281,304,1585
690,1492,2182
786,567,1353
604,698,1302
814,2053,2867
655,1362,2017
156,319,475
1306,1152,2458
1215,327,1542
843,1466,2309
227,727,954
1110,350,1460
382,773,1155
888,1666,2554
1441,1717,3158
1209,528,1737
22,348,370
851,158,1009
364,922,1286
899,1226,2125
1331,1242,2573
64,873,937
80,252,332
497,1369,1866
1129,561,1690
734,788,1522
543,850,1393
151,245,396
1348,850,2198
1371,313,1684
347,1280,1627
871,822,1693
19,390,409
786,686,1472
1051,661,1712
1449,1090,2539
50,905,955
596,419,1015
677,552,1229
124,638,762
1013,949,1962
333,665,998
354,726,1080
32,708,740
1978,701,2679
594,409,1003
491,575,1066
56,726,782
1136,1056,2192
758,338,1096
53,1089,1142
583,516,1099
72,454,526
290,471,761
393,487,880
58,772,830
1404,699,2103
604,521,1125
1136,1026,2162
40,909,949
58,1358,1416
194,619,813
473,313,786
899,1166,2065
76,956,1032
103,488,591
741,437,1178
348,1400,1748
873,896,1769
812,877,1689
244,787,1031
823,1926,2749
498,592,1090
425,697,1122
49,499,548
40,615,655
768,494,1262
85,641,726
298,864,1162
817,495,1312
370,421,791
420,956,1376
287,484,771
58,1369,1427
418,459,877
708,726,1434
647,2217,2864
136,651,787
694,530,1224
965,1846,2811
333,318,651
966,925,1891
35,1520,1555
545,329,874
988,1674,2662
1252,1216,2468
246,497,743
205,915,1120
312,1035,1347
365,466,831
356,1392,1748
531,881,1412
414,803,1217
1170,1992,3162
1748,941,2689
303,519,822
1351,2245,3596
311,605,916
431,993,1424
201,640,841
1748,1151,2899
1145,331,1476
162,1437,1599
1368,998,2366
1775,707,2482
407,1382,1789
1322,678,2000
448,995,1443
428,473,901
710,728,1438
910,484,1394
1104,859,1963
339,1977,2316
326,706,1032
608,668,1276
622,370,992
308,653,961
784,953,1737
767,502,1269
125,1354,1479
712,1993,2705
541,548,1089
112,698,810
605,1302,1907
326,806,1132
316,802,1118
1603,313,1916
128,1534,1662
688,499,1187
388,1150,1538
821,985,1806
209,1507,1716
575,581,1156
359,500,859
736,464,1200
289,2225,2514
1358,1136,2494
590,306,896
572,1334,1906
422,1257,1679
766,844,1610
53,321,374
1277,493,1770
694,517,1211
1187,681,1868
1647,1139,2786
586,799,1385
1255,1360,2615
840,940,1780
283,823,1106
1080,1586,2666
308,1006,1314
1397,438,1835
519,523,1042
337,912,1249
942,670,1612
146,716,862
125,288,413
742,599,1341
766,569,1335
1921,965,2886
1442,661,2103
796,1470,2266
1289,566,1855
302,597,899
179,665,844
871,1420,2291
1189,1655,2844
483,523,1006
686,332,1018
465,514,979
293,790,1083
752,420,1172
740,744,1484
2067,1078,3145
814,1277,2091
662,1716,2378
1104,1617,2721
281,306,587
559,802,1361
938,1028,1966
1160,1640,2800
146,666,812
1264,985,2249
1405,1139,2544
287,634,921
1377,596,1973
652,768,1420
331,470,801
834,367,1201
458,711,1169
1665,815,2480
676,341,1017
275,340,615
1502,385,1887
106,563,669
1392,834,2226
334,343,677
399,637,1036
249,1031,1280
1445,706,2151
195,414,609
457,1562,2019
892,941,1833
527,663,1190
188,328,516
955,689,1644
432,1074,1506
1049,367,1416
314,1305,1619
428,669,1097
27,1054,1081
1451,695,2146
512,621,1133
221,336,557
406,334,740
505,630,1135
295,1087,1382
262,481,743
462,329,791
234,887,1121
285,927,1212
559,295,854
1518,904,2422
272,523,795
418,1028,1446
947,1251,2198
352,1067,1419
98,687,785
500,914,1414
423,1326,1749
141,736,877
42,303,345
706,946,1652
635,702,1337
160,1083,1243
154,1209,1363
193,655,848
882,718,1600
316,1223,1539
1439,858,2297
78,503,581
659,1165,1824
738,624,1362
487,817,1304
382,1244,1626
448,634,1082
521,1462,1983
606,835,1441
1001,603,1604
991,1063,2054
136,651,787
831,1187,2018
1147,1116,2263
678,1352,2030
547,589,1136
35,2116,2151
510,861,1371
636,767,1403
807,600,1407
887,707,1594
658,611,1269
786,1227,2013
1027,645,1672
556,703,1259
465,725,1190
685,1672,2357
468,821,1289
198,819,1017
1298,1292,2590
678,814,1492
1009,853,1862
983,802,1785
378,984,1362
410,660,1070
808,807,1615
509,1098,1607
448,746,1194
1027,665,1692
1025,1238,2263
627,698,1325
695,443,1138
494,661,1155
2007,649,2656
534,792,1326
643,280,923
1573,819,2392
475,590,1065
1234,1017,2251
681,722,1403
1139,612,1751
606,702,1308
524,1113,1637
322,982,1304
765,1037,1802
640,306,946
633,1097,1730
711,704,1415
515,616,1131
554,928,1482
615,521,1136
642,565,1207
676,473,1149
572,855,1427
723,1194,1917
363,528,891
492,733,1225
935,1607,2542
1152,714,1866
147,772,919
438,706,1144
601,1527,2128
716,903,1619
524,1467,1991
202,766,968
885,852,1737
799,738,1537
1496,330,1826
662,961,1623
531,462,993
782,1128,1910
1374,322,1696
349,857,1206
758,332,1090
719,1768,2487
344,784,1128
507,676,1183
264,352,616
383,793,1176
894,455,1349
625,1303,1928
414,596,1010
587,462,1049
940,1369,2309
671,402,1073
943,1003,1946
556,597,1153
640,779,1419
588,1225,1813
729,1706,2435
703,378,1081
864,1734,2598
630,674,1304
185,482,667
1193,1548,2741
433,1621,2054
1744,999,2743
904,1313,2217
636,1145,1781
593,2073,2666
627,1449,2076
385,419,804
882,1666,2548
671,950,1621
1036,1296,2332
1642,760,2402
556,1137,1693
367,2701,3068
217,486,703
509,1342,1851
644,427,1071
923,1231,2154
43,1080,1123
69,1120,1189
1202,1467,2669
113,1174,1287
1430,726,2156
1153,978,2131
363,991,1354
1474,801,2275
1172,2054,3226
851,507,1358
745,1317,2062
709,790,1499
1080,965,2045
1198,1201,2399
1994,1363,3357
1037,479,1516
288,1415,1703
222,1141,1363
2568,911,3479
1561,926,2487
868,894,1762
627,919,1546
511,1382,1893
1586,1119,2705
882,516,1398
417,910,1327
724,1811,2535
1744,714,2458
991,883,1874
752,633,1385
232,1137,1369
448,1715,2163
899,504,1403
1021,715,1736
375,1451,1826
1224,557,1781
952,669,1621
1164,1552,2716
794,655,1449
726,679,1405
707,719,1426
1155,1360,2515
771,309,1080
918,721,1639
1127,849,1976
1314,1023,2337
1189,970,2159
830,1033,1863
1194,970,2164
873,1744,2617
1085,741,1826
655,682,1337
889,755,1644
167,470,637
1315,586,1901
1013,1210,2223
319,552,871
42,762,804
306,519,825
805,675,1480
1350,811,2161
824,1156,1980
468,387,855
269,695,964
1623,786,2409
430,456,886
306,742,1048
184,614,798
472,763,1235
1277,390,1667
433,1603,2036
836,1319,2155
612,399,1011
590,1397,1987
1571,1014,2585
457,527,984
257,956,1213
604,390,994
613,858,1471
243,923,1166
1551,790,2341
799,514,1313
774,990,1764
1151,1134,2285
599,815,1414
62,739,801
915,840,1755
458,973,1431
770,614,1384
18,740,758
434,703,1137
784,697,1481
274,502,776
86,507,593
1002,553,1555
424,477,901
543,316,859
23,840,863
485,1384,1869
554,460,1014
407,840,1247
363,554,917
752,368,1120
707,170,877
590,1703,2293
578,316,894
331,671,1002
751,458,1209
832,1009,1841
111,838,949
549,360,909
165,1292,1457
312,439,751
626,1162,1788
224,1717,1941
537,302,839
371,976,1347
50,1621,1671
168,1264,1432
813,649,1462
51,366,417
1211,1373,2584
474,500,974
75,1586,1661
431,1072,1503
76,489,565
658,869,1527
145,1558,1703
824,847,1671
402,1750,2152
471,892,1363
786,736,1522
1246,1535,2781
559,1246,1805
406,1232,1638
100,645,745
1206,1744,2950
645,1148,1793
940,925,1865
1243,761,2004
858,930,1788
54,674,728
1438,847,2285
638,1125,1763
409,1380,1789
145,949,1094
991,842,1833
575,582,1157
90,499,589
1287,1104,2391
909,463,1372
81,1233,1314
593,859,1452
1510,805,2315
866,1110,1976
319,1207,1526
924,722,1646
798,727,1525
347,996,1343
1046,1123,2169
194,492,686
1227,973,2200
1179,851,2030
177,1257,1434
850,1048,1898
318,471,789
1793,704,2497
32,1251,1283
668,927,1595
1195,643,1838
202,623,825
598,971,1569
1567,838,2405
1023,425,1448
501,600,1101
325,642,967
280,1079,1359
259,1256,1515
500,1057,1557
202,1547,1749
1123,1197,2320
376,1324,1700
25,411,436
566,1235,1801
1022,577,1599
489,1168,1657
650,986,1636
430,1301,1731
1421,305,1726
682,1856,2538
478,1426,1904
27,642,669
918,940,1858
33,823,856
89,730,819
1019,944,1963
951,1063,2014
1033,994,2027
238,1057,1295
35,1281,1316
95,560,655
183,1038,1221
443,794,1237
356,891,1247
440,796,1236
863,1167,2030
443,741,1184
709,545,1254
133,770,903
526,979,1505
964,285,1249
622,776,1398
417,798,1215
768,466,1234
597,903,1500
361,745,1106
84,799,883
616,350,966
832,843,1675
124,866,990
75,2218,2293
817,430,1247
452,1591,2043
467,2595,3062
811,2229,3040
22,1721,1743
250,546,796
695,550,1245
243,1320,1563
722,446,1168
416,548,964
671,2488,3159
635,503,1138
1603,1521,3124
323,1672,1995
259,696,955
306,1303,1609
464,948,1412
544,1647,2191
330,819,1149
798,1005,1803
428,708,1136
633,905,1538
131,720,851
220,453,673
395,1602,1997
315,1105,1420
307,695,1002
1534,734,2268
2123,1248,3371
1164,691,1855
719,1069,1788
391,550,941
1304,954,2258
1097,720,1817
954,1028,1982
880,1476,2356
796,525,1321
1475,734,2209
609,1302,1911
573,1266,1839
504,453,957
1383,913,2296
180,607,787
749,1553,2302
227,360,587
1849,1091,2940
244,937,1181
1268,714,1982
650,1311,1961
819,1524,2343
1074,946,2020
462,1059,1521
1426,638,2064
286,356,642
806,635,1441
1027,822,1849
323,527,850
520,828,1348
315,663,978
459,1823,2282
873,1225,2098
1227,1237,2464
578,668,1246
648,522,1170
886,866,1752
1373,509,1882
266,873,1139
579,1116,1695
923,1493,2416
451,522,973
1204,1394,2598
137,517,654
184,940,1124
1173,882,2055
540,475,1015
436,757,1193
39,1129,1168
1060,852,1912
1245,879,2124
666,669,1335
264,671,935
526,692,1218
580,454,1034
442,577,1019
1000,891,1891
222,1118,1340
562,742,1304
1608,702,2310
769,1219,1988
1049,577,1626
350,616,966
1121,691,1812
674,1689,2363
511,664,1175
700,941,1641
614,499,1113
471,851,1322
479,1085,1564
377,546,923
763,728,1491
426,860,1286
734,619,1353
689,552,1241
1138,776,1914
808,365,1173
1096,578,1674
431,665,1096
731,938,1669
930,865,1795
522,739,1261
713,769,1482
732,593,1325
103,543,646
752,852,1604
1275,594,1869
203,682,885
310,908,1218
859,1108,1967
186,816,1002
735,958,1693
679,989,1668
404,505,909
347,492,839
928,924,1852
759,882,1641
584,492,1076
205,711,916
1141,327,1468
545,783,1328
28,758,786
414,581,995
1028,1528,2556
103,708,811
177,819,996
389,703,1092
209,797,1006
421,663,1084
122,1057,1179
615,465,1080
485,728,1213
605,898,1503
381,793,1174
611,471,1082
636,732,1368
530,844,1374
284,621,905
1554,1167,2721
751,690,1441
452,752,1204
765,787,1552
945,1447,2392
616,844,1460
330,630,960
645,677,1322
158,726,884
649,687,1336
491,752,1243
923,746,1669
899,890,1789
678,892,1570
542,664,1206
798,614,1412
246,1158,1404
555,480,1035
716,353,1069
532,674,1206
744,494,1238
423,499,922
1093,651,1744
361,478,839
243,619,862
476,817,1293
454,437,891
695,573,1268
619,1225,1844
391,1984,2375
696,1001,1697
550,842,1392
537,920,1457
567,1554,2121
601,902,1503
401,2306,2707
585,791,1376
467,1104,1571
551,1344,1895
598,690,1288
1376,719,2095
492,949,1441
459,1039,1498
131,692,823
582,2334,2916
479,1147,1626
250,1139,1389
463,1010,1473
587,936,1523
983,715,1698
594,1542,2136
381,696,1077
331,599,930
418,850,1268
1047,1349,2396
396,616,1012
535,1152,1687
641,1211,1852
363,729,1092
956,1850,2806
467,546,1013
537,737,1274
617,1152,1769
764,1326,2090
2244,770,3014
500,735,1235
1379,623,2002
687,1349,2036
1431,650,2081
2170,625,2795
558,951,1509
610,527,1137
598,1278,1876
1531,625,2156
942,245,1187
517,403,920
1199,838,2037
614,282,896
478,1160,1638
822,522,1344
183,1408,1591
943,608,1551
988,378,1366
328,1234,1562
577,337,914
421,517,938
521,938,1459
810,1138,1948
888,780,1668
949,784,1733
812,1021,1833
244,290,534
1043,603,1646
955,297,1252
1231,851,2082
501,456,957
1132,700,1832
872,609,1481
996,694,1690
754,1125,1879
1150,842,1992
462,785,1247
231,965,1196
128,340,468
854,401,1255
648,651,1299
433,884,1317
638,787,1425
303,418,721
555,497,1052
163,532,695
459,1395,1854
1233,853,2086
522,716,1238
1067,521,1588
688,1124,1812
164,877,1041
518,228,746
660,759,1419
51,582,633
526,556,1082
190,599,789
956,713,1669
72,284,356
1013,1085,2098
584,537,1121
421,1109,1530
44,721,765
140,944,1084
291,1003,1294
685,916,1601
452,654,1106
111,669,780
104,592,696
712,622,1334
190,446,636
182,1181,1363
299,520,819
975,375,1350
925,1027,1952
198,712,910
761,331,1092
481,376,857
393,522,915
619,145,764
195,958,1153
195,639,834
559,414,973
759,1129,1888
185,649,834
707,997,1704
529,863,1392
340,604,944
450,723,1173
60,156,216
223,1303,1526
340,766,1106
600,654,1254
1268,1140,2408
815,835,1650
306,940,1246
586,671,1257
848,835,1683
153,898,1051
43,671,714
481,406,887
851,1337,2188
204,585,789
447,853,1300
847,1143,1990
1186,568,1754
101,428,529
54,1052,1106
938,694,1632
543,468,1011
31,695,726
108,1513,1621
369,909,1278
441,1049,1490
150,800,950
1156,449,1605
577,302,879
575,474,1049
850,443,1293
612,574,1186
188,1053,1241
366,653,1019
825,1455,2280
597,905,1502
68,903,971
388,1244,1632
420,509,929
530,447,977
127,1230,1357
404,600,1004
242,905,1147
663,1427,2090
700,863,1563
877,1155,2032
211,518,729
891,1354,2245
735,993,1728
587,833,1420
644,1179,1823
657,737,1394
1198,658,1856
172,589,761
981,775,1756
50,758,808
396,533,929
1186,449,1635
376,667,1043
838,758,1596
588,2039,2627
248,564,812
175,648,823
624,932,1556
630,2114,2744
384,707,1091
1316,279,1595
1143,464,1607
856,684,1540
1097,1737,2834
337,529,866
358,520,878
635,1054,1689
649,635,1284
439,571,1010
1042,833,1875
827,836,1663
818,575,1393
1059,754,1813
476,675,1151
355,406,761
786,388,1174
572,654,1226
455,1803,2258
398,353,751
428,836,1264
408,373,781
602,534,1136
712,1739,2451
371,364,735
827,438,1265
702,986,1688
447,431,878
992,229,1221
856,1591,2447
522,404,926
762,344,1106
580,759,1339
331,547,878
838,314,1152
740,550,1290
859,735,1594
277,441,718
1944,629,2573
610,896,1506
434,527,961
802,262,1064
168,608,776
894,591,1485
754,967,1721
468,641,1109
510,355,865
1047,779,1826
1100,731,1831
496,570,1066
542,366,908
53,419,472
697,678,1375
130,830,960
2044,1335,3379
350,1615,1965
970,930,1900
151,919,1070
2868,773,3641
453,274,727
98,566,664
2531,767,3298
1667,735,2402
282,813,1095
1400,858,2258
819,815,1634
1198,646,1844
499,585,1084
1315,961,2276
365,758,1123
121,739,860
1481,754,2235
509,849,1358
59,396,455
565,568,1133
311,1000,1311
366,351,717
98,716,814
1250,1233,2483
547,625,1172
163,711,874
265,809,1074
342,1410,1752
317,1050,1367
758,564,1322
624,710,1334
395,553,948
586,586,1172
340,487,827
1151,744,1895
341,607,948
479,817,1296
541,703,1244
782,839,1621
485,884,1369
699,664,1363
464,970,1434
619,1176,1795
633,868,1501
850,1704,2554
456,860,1316
753,468,1221
588,1463,2051
708,705,1413
342,484,826
592,702,1294
1047,1005,2052
248,840,1088
510,1057,1567
627,551,1178
426,755,1181
592,1472,2064
573,703,1276
527,673,1200
262,1005,1267
950,838,1788
902,543,1445
319,1607,1926
626,664,1290
928,468,1396
1695,566,2261
467,856,1323
470,652,1122
393,851,1244
1047,955,2002
726,542,1268
839,1231,2070
684,654,1338
627,549,1176
1361,574,1935
726,689,1415
657,532,1189
475,1177,1652
795,672,1467
720,889,1609
934,1186,2120
832,594,1426
435,431,866
1142,775,1917
30,591,621
551,590,1141
734,731,1465
92,666,758
770,740,1510
1374,682,2056
430,1174,1604
370,552,922
447,600,1047
1209,613,1822
734,1048,1782
449,564,1013
314,480,794
436,707,1143
699,586,1285
557,613,1170
463,484,947
481,777,1258
468,1320,1788
529,684,1213
525,2498,3023
885,667,1552
319,553,872
1178,537,1715
1146,620,1766
557,937,1494
1001,768,1769
351,1137,1488
534,554,1088
979,564,1543
180,637,817
456,1216,1672
661,638,1299
366,670,1036
591,390,981
1192,573,1765
556,916,1472
685,424,1109
325,730,1055
454,587,1041
649,818,1467
416,689,1105
805,380,1185
1020,588,1608
583,685,1268
569,679,1248
309,414,723
562,694,1256
307,877,1184
311,1044,1355
515,575,1090
446,971,1417
1005,491,1496
810,750,1560
580,818,1398
359,986,1345
387,595,982
775,736,1511
470,1077,1547
328,588,916
455,565,1020
554,671,1225
490,1297,1787
782,575,1357
668,1109,1777
359,434,793
912,464,1376
802,605,1407
399,691,1090
348,445,793
674,872,1546
827,549,1376
731,1041,1772
640,786,1426
505,1139,1644
748,898,1646
434,1035,1469
548,773,1321
687,994,1681
420,1688,2108
996,697,1693
292,798,1090
184,873,1057
305,821,1126
777,650,1427
336,817,1153
225,863,1088
880,687,1567
337,840,1177
222,3738,3960
346,1020,1366
560,1301,1861
833,287,1120
292,953,1245
345,1999,2344
278,1161,1439
758,179,937
742,687,1429
415,4179,4594
1049,1734,2783
389,1468,1857
593,503,1096
376,716,1092
399,902,1301
806,339,1145
561,1368,1929
823,472,1295
512,4089,4601
1207,1137,2344
857,478,1335
754,1402,2156
2404,2379,4783
1821,706,2527
600,1130,1730
692,459,1151
4078,593,4671
577,640,1217
880,1111,1991
1148,415,1563
4028,445,4473
1556,486,2042
1119,863,1982
886,830,1716
72,493,565
2342,314,2656
723,1028,1751
1278,647,1925
636,830,1466
261,860,1121
928,562,1490
574,563,1137
1389,668,2057
283,862,1145
962,1079,2041
1270,506,1776
261,667,928
169,682,851
763,1153,1916
999,605,1604
333,747,1080
971,736,1707
975,829,1804
561,560,1121
497,508,1005
694,392,1086
375,657,1032
455,742,1197
359,923,1282
417,323,740
759,833,1592
1011,461,1472
264,390,654
377,807,1184
289,761,1050
1098,508,1606
312,542,854
456,727,1183
534,2283,2817
772,706,1478
748,619,1367
744,582,1326
453,895,1348
363,803,1166
836,664,1500
561,829,1390
446,950,1396
535,2130,2665
70,1103,1173
697,800,1497
293,954,1247
489,410,899
115,1139,1254
494,829,1323
606,849,1455
583,2254,2837
833,456,1289
550,887,1437
592,718,1310
169,718,887
44,683,727
659,758,1417
715,512,1227
592,371,963
78,1050,1128
2336,384,2720
107,1189,1296
631,1273,1904
581,611,1192
438,741,1179
372,964,1336
958,787,1745
1090,277,1367
397,858,1255
396,986,1382
660,849,1509
2078,692,2770
791,536,1327
770,627,1397
790,507,1297
1002,511,1513
138,481,619
1113,331,1444
872,734,1606
902,667,1569
2365,636,3001
486,1338,1824
740,734,1474
421,362,783
571,977,1548
105,598,703
100,729,829
758,1063,1821
150,688,838
647,1018,1665
251,517,768
102,681,783
235,563,798
687,720,1407
353,499,852
368,468,836
334,305,639
908,850,1758
723,1661,2384
109,338,447
980,718,1698
451,423,874
294,396,690
493,389,882
372,712,1084
385,505,890
403,407,810
890,1208,2098
139,816,955
263,472,735
1216,666,1882
856,156,1012
958,162,1120
946,233,1179
500,810,1310
233,344,577
741,492,1233
662,711,1373
746,400,1146
799,842,1641
165,322,487
281,262,543
736,1501,2237
1026,484,1510
293,338,631
462,385,847
664,928,1592
338,647,985
964,714,1678
580,1338,1918
323,448,771
1266,490,1756
222,829,1051
367,484,851
239,479,718
386,463,849
906,1084,1990
514,579,1093
751,1067,1818
287,766,1053
61,703,764
368,625,993
635,504,1139
217,740,957
321,561,882
495,476,971
898,1308,2206
236,1053,1289
284,494,778
126,729,855
1509,872,2381
508,370,878
737,336,1073
184,713,897
398,591,989
181,1102,1283
129,597,726
341,1099,1440
381,670,1051
389,1171,1560
896,715,1611
463,1029,1492
255,494,749
400,534,934
607,468,1075
447,615,1062
156,603,759
323,878,1201
815,623,1438
277,637,914
416,1080,1496
610,373,983
1288,524,1812
781,860,1641
890,541,1431
234,1319,1553
676,625,1301
994,511,1505
536,1745,2281
656,726,1382
319,344,663
1095,1071,2166
600,905,1505
924,1385,2309
243,936,1179
1011,694,1705
499,728,1227
1111,1199,2310
1132,500,1632
366,503,869
1363,833,2196
852,919,1771
973,457,1430
558,1112,1670
148,727,875
1219,435,1654
943,721,1664
1019,578,1597
197,593,790
892,345,1237
331,681,1012
1308,614,1922
341,1960,2301
673,1062,1735
547,729,1276
543,694,1237
1514,399,1913
248,718,966
719,306,1025
582,709,1291
1165,1038,2203
602,1818,2420
935,939,1874
641,681,1322
324,631,955
821,720,1541
962,709,1671
280,464,744
480,704,1184
430,1209,1639
857,575,1432
250,499,749
336,682,1018
507,647,1154
745,840,1585
554,1870,2424
569,657,1226
480,1021,1501
733,411,1144
354,750,1104
261,521,782
559,573,1132
631,421,1052
581,474,1055
249,878,1127
1904,787,2691
467,794,1261
534,699,1233
611,793,1404
643,1010,1653
364,547,911
497,417,914
487,476,963
610,675,1285
811,681,1492
825,583,1408
451,905,1356
283,733,1016
541,867,1408
969,916,1885
396,563,959
225,646,871
498,1304,1802
288,656,944
735,620,1355
397,551,948
312,738,1050
649,746,1395
889,788,1677
448,638,1086
616,320,936
651,1203,1854
331,839,1170
818,430,1248
648,448,1096
444,2218,2662
292,477,769
527,751,1278
818,729,1547
621,448,1069
798,423,1221
465,755,1220
417,502,919
156,673,829
566,2044,2610
475,420,895
839,376,1215
1234,361,1595
1299,1512,2811
505,477,982
467,490,957
446,1890,2336
466,341,807
587,366,953
1091,333,1424
1508,1323,2831
701,310,1011
596,361,957
469,1133,1602
2040,497,2537
783,878,1661
851,230,1081
48,221,269
1264,440,1704
1102,255,1357
1303,272,1575
79,262,341
403,192,595
1065,389,1454
1284,330,1614
1299,259,1558
465,319,784
1313,290,1603
200,379,579
1103,307,1410
361,411,772
405,385,790
639,188,827
1229,270,1499
380,494,874
211,561,772
624,265,889
578,284,862
445,298,743
543,195,738
427,513,940
575,248,823
1945,1359,3304
559,644,1203
652,218,870
504,489,993
608,459,1067
410,181,591
605,404,1009
547,473,1020
452,881,1333
1895,1359,3254
564,595,1159
590,368,958
670,876,1546
646,798,1444
485,1187,1672
247,1052,1299
1088,194,1282
1115,515,1630
343,1143,1486
114,1953,2067
694,795,1489
261,654,915
565,939,1504
775,847,1622
427,955,1382
50,1013,1063
560,1452,2012
1035,1158,2193
122,891,1013
370,551,921
556,1630,2186
1356,1064,2420
42,1081,1123
528,812,1340
65,811,876
1238,453,1691
778,460,1238
1015,321,1336
665,1011,1676
352,508,860
858,1109,1967
887,395,1282
564,953,1517
370,286,656
1495,609,2104
271,1166,1437
2019,468,2487
1022,320,1342
166,1025,1191
207,547,754
1036,686,1722
945,408,1353
974,509,1483
308,597,905
714,866,1580
274,667,941
51,1330,1381
756,444,1200
1214,437,1651
384,1150,1534
275,429,704
420,694,1114
873,753,1626
433,564,997
102,1598,1700
138,459,597
1266,233,1499
372,1048,1420
263,509,772
189,556,745
55,771,826
350,544,894
669,1182,1851
425,505,930
88,243,331
551,450,1001
117,434,551
350,454,804
144,350,494
789,608,1397
403,504,907
1167,789,1956
851,586,1437
385,586,971
230,439,669
872,721,1593
286,340,626
1491,517,2008
419,908,1327
676,553,1229
346,431,777
854,506,1360
625,269,894
732,714,1446
945,537,1482
319,1018,1337
481,301,782
567,586,1153
424,679,1103
146,419,565
278,403,681
551,609,1160
486,948,1434
118,496,614
407,323,730
659,560,1219
224,470,694
166,584,750
502,291,793
845,525,1370
215,510,725
188,293,481
922,558,1480
290,482,772
204,544,748
335,495,830
569,423,992
227,327,554
400,472,872
437,455,892
406,404,810
148,317,465
137,926,1063
230,384,614
463,385,848
584,460,1044
223,1071,1294
244,391,635
476,625,1101
326,690,1016
328,958,1286
324,813,1137
368,611,979
405,283,688
426,734,1160
437,725,1162
426,704,1130
824,413,1237
438,532,970
476,941,1417
493,601,1094
941,458,1399
412,658,1070
282,715,997
986,355,1341
642,478,1120
454,630,1084
262,725,987
151,382,533
362,362,724
616,401,1017
723,531,1254
415,639,1054
543,496,1039
588,749,1337
546,579,1125
300,751,1051
420,326,746
2581,129,2710
347,703,1050
296,1056,1352
310,559,869
539,538,1077
367,1028,1395
345,546,891
645,1356,2001
2145,258,2403
625,464,1089
296,511,807
2187,325,2512
247,1037,1284
870,1026,1896
315,632,947
249,267,516
24,585,609
668,276,944
677,719,1396
426,448,874
977,899,1876
454,232,686
719,334,1053
972,231,1203
382,312,694
1304,269,1573
610,1223,1833
528,215,743
1058,167,1225
447,334,781
922,236,1158
511,1174,1685
409,948,1357
3829,824,4653
3828,976,4804
887,196,1083
858,553,1411
224,1480,1704
156,423,579
97,1109,1206
804,354,1158
827,480,1307
199,1291,1490
898,277,1175
227,550,777
285,304,589
1072,823,1895
551,714,1265
280,491,771
801,955,1756
178,632,810
137,663,800
145,431,576
164,794,958
98,1197,1295
833,713,1546
634,1141,1775
308,481,789
514,671,1185
1161,662,1823
793,1227,2020
205,713,918
565,601,1166
526,668,1194
577,731,1308
332,742,1074
596,575,1171
274,541,815
296,476,772
173,1718,1891
113,832,945
703,487,1190
317,637,954
827,1446,2273
422,284,706
401,727,1128
325,593,918
477,455,932
345,632,977
131,1215,1346
471,666,1137
585,477,1062
428,1144,1572
408,769,1177
362,952,1314
639,484,1123
810,502,1312
188,761,949
610,292,902
286,470,756
959,801,1760
350,333,683
241,714,955
1281,654,1935
953,840,1793
365,360,725
332,685,1017
180,1307,1487
2889,163,3052
513,851,1364
513,1064,1577
197,585,782
866,659,1525
576,672,1248
682,604,1286
174,341,515
357,1211,1568
317,1469,1786
700,1367,2067
243,571,814
207,674,881
550,1029,1579
628,624,1252
506,451,957
569,614,1183
710,1340,2050
87,448,535
651,977,1628
862,1209,2071
498,1264,1762
1096,1263,2359
456,947,1403
1252,901,2153
351,351,702
805,323,1128
375,1579,1954
534,890,1424
762,1095,1857
499,796,1295
405,406,811
685,1296,1981
486,443,929
859,605,1464
516,1005,1521
382,442,824
1126,370,1496
638,279,917
737,352,1089
490,177,667
227,518,745
600,235,835
532,161,693
345,227,572
327,175,502
346,381,727
331,188,519
200,179,379
372,473,845
190,197,387
192,166,358
237,181,418
152,150,302
128,177,305
303,469,772
205,174,379
181,189,370
378,389,767
198,166,364
199,174,373
331,332,663
97,137,234
369,317,686
92,173,265
307,253,560
148,193,341
153,235,388
245,183,428
145,419,564
250,321,571
373,1999,2372
405,230,635
104,2152,2256
1381,1924,3305
179,320,499
154,314,468
365,196,561
2153,202,2355
256,347,603
223,396,619
2213,328,2541
410,383,793
1410,2171,3581
389,415,804
2701,265,2966
1982,561,2543
334,334,668
2160,518,2678
311,417,728
2631,410,3041
3187,439,3626
1451,2548,3999
2337,593,2930
662,2582,3244
493,429,922
514,711,1225
1009,2617,3626
472,590,1062
262,565,827
2158,618,2776
597,579,1176
3042,650,3692
2413,731,3144
2514,848,3362
464,859,1323
2781,744,3525
204,793,997
2621,919,3540
2729,755,3484
2494,571,3065
478,557,1035
266,696,962
294,559,853
515,875,1390
477,581,1058
548,468,1016
2553,545,3098
2987,646,3633
2250,975,3225
140,470,610
488,666,1154
328,556,884
293,787,1080
577,718,1295
259,1025,1284
754,322,1076
167,545,712
2871,977,3848
270,737,1007
373,608,981
379,602,981
530,246,776
389,1023,1412
761,977,1738
285,1547,1832
2437,1510,3947
538,987,1525
456,1419,1875
392,871,1263
483,1479,1962
444,1241,1685
472,867,1339
299,771,1070
374,1180,1554
294,254,548
679,874,1553
919,338,1257
418,984,1402
296,519,815
399,893,1292
741,865,1606
126,1509,1635
1283,315,1598
614,282,896
522,1037,1559
301,946,1247
200,505,705
441,1169,1610
828,156,984
447,736,1183
515,1236,1751
1324,471,1795
353,1210,1563
1285,538,1823
566,741,1307
104,178,282
483,1976,2459
1085,682,1767
757,412,1169
200,669,869
148,255,403
833,1647,2480
759,494,1253
777,469,1246
1033,318,1351
656,950,1606
1046,383,1429
451,603,1054
223,240,463
933,1470,2403
1106,961,2067
829,605,1434
310,1541,1851
147,585,732
675,370,1045
391,391,782
1361,1167,2528
519,416,935
835,980,1815
401,465,866
393,815,1208
185,723,908
78,465,543
951,870,1821
1882,505,2387
1409,1248,2657
321,631,952
105,442,547
1196,783,1979
561,907,1468
443,632,1075
435,241,676
610,486,1096
442,641,1083
484,724,1208
320,270,590
1040,778,1818
438,846,1284
1468,1081,2549
45,685,730
353,485,838
809,466,1275
902,690,1592
749,705,1454
64,931,995
947,683,1630
408,778,1186
340,2823,3163
251,705,956
624,641,1265
478,777,1255
208,794,1002
524,691,1215
592,329,921
36,712,748
142,511,653
531,590,1121
645,318,963
62,1288,1350
175,818,993
157,914,1071
573,757,1330
572,683,1255
599,457,1056
625,849,1474
286,873,1159
620,591,1211
347,335,682
160,1234,1394
625,978,1603
469,439,908
98,445,543
354,756,1110
759,780,1539
620,633,1253
560,2981,3541
623,976,1599
662,1228,1890
779,866,1645
350,483,833
530,439,969
319,709,1028
681,845,1526
602,549,1151
470,158,628
563,513,1076
1227,538,1765
682,1232,1914
463,464,927
386,453,839
1039,681,1720
593,1128,1721
821,419,1240
382,520,902
701,592,1293
610,598,1208
353,534,887
662,1078,1740
896,532,1428
667,839,1506
337,427,764
788,558,1346
914,2931,3845
442,714,1156
364,571,935
973,443,1416
1035,3392,4427
438,547,985
540,688,1228
353,316,669
691,556,1247
411,1181,1592
442,708,1150
387,972,1359
347,746,1093
2780,1373,4153
546,546,1092
486,659,1145
440,598,1038
411,1448,1859
498,721,1219
907,890,1797
486,854,1340
2411,980,3391
414,420,834
584,863,1447
1076,803,1879
238,877,1115
628,726,1354
1063,670,1733
440,643,1083
2995,719,3714
447,1166,1613
26,245,271
514,505,1019
737,593,1330
1380,539,1919
637,742,1379
535,1076,1611
925,1234,2159
816,524,1340
1240,848,2088
484,995,1479
85,669,754
699,512,1211
804,407,1211
965,842,1807
479,779,1258
337,458,795
725,661,1386
844,820,1664
520,1024,1544
629,665,1294
512,987,1499
209,873,1082
966,730,1696
312,1411,1723
528,1094,1622
412,325,737
177,805,982
1057,738,1795
612,1011,1623
187,671,858
769,677,1446
349,1344,1693
656,860,1516
623,511,1134
1018,588,1606
699,930,1629
274,1102,1376
876,805,1681
511,755,1266
518,763,1281
952,825,1777
604,498,1102
525,518,1043
432,515,947
881,839,1720
506,1009,1515
714,1020,1734
333,938,1271
804,704,1508
579,1471,2050
643,1152,1795
541,767,1308
563,1024,1587
683,523,1206
717,406,1123
643,992,1635
655,1216,1871
397,746,1143
1049,963,2012
1161,1419,2580
781,670,1451
373,805,1178
985,720,1705
285,876,1161
749,1122,1871
911,666,1577
452,774,1226
595,605,1200
1298,1598,2896
1069,610,1679
816,1014,1830
1320,1408,2728
750,638,1388
540,1057,1597
789,2057,2846
854,780,1634
1382,764,2146
482,1065,1547
829,578,1407
1059,600,1659
254,1152,1406
574,614,1188
912,694,1606
1268,1593,2861
1285,471,1756
534,1234,1768
510,939,1449
832,676,1508
274,1343,1617
685,1183,1868
514,455,969
605,826,1431
1214,442,1656
279,764,1043
439,852,1291
596,810,1406
932,1674,2606
664,1097,1761
751,1327,2078
499,636,1135
560,1119,1679
682,600,1282
715,1083,1798
1064,1020,2084
566,628,1194
495,932,1427
1945,907,2852
590,1557,2147
402,574,976
1418,818,2236
307,701,1008
565,966,1531
909,649,1558
701,916,1617
427,637,1064
332,777,1109
855,876,1731
810,1309,2119
356,736,1092
547,788,1335
901,1011,1912
549,726,1275
293,761,1054
1072,993,2065
682,611,1293
527,774,1301
1136,648,1784
767,604,1371
538,679,1217
775,755,1530
918,1255,2173
1258,1048,2306
659,684,1343
806,488,1294
1025,945,1970
524,535,1059
1446,708,2154
476,551,1027
548,781,1329
654,1152,1806
855,953,1808
469,708,1177
336,843,1179
563,753,1316
867,634,1501
957,1537,2494
638,516,1154
864,949,1813
698,475,1173
759,864,1623
460,749,1209
1149,894,2043
491,476,967
637,528,1165
1278,656,1934
942,774,1716
676,268,944
563,516,1079
1469,481,1950
409,823,1232
923,647,1570
323,270,593
739,995,1734
757,290,1047
718,436,1154
484,460,944
787,390,1177
667,1235,1902
404,238,642
785,413,1198
365,342,707
681,307,988
464,1210,1674
899,864,1763
476,860,1336
552,1159,1711
755,907,1662
1054,564,1618
1374,621,1995
1302,673,1975
990,675,1665
715,522,1237
643,579,1222
816,719,1535
1092,734,1826
87,478,565
46,540,586
878,827,1705
838,607,1445
1501,384,1885
33,531,564
1050,770,1820
66,478,544
993,573,1566
930,279,1209
333,259,592
778,759,1537
337,400,737
140,632,772
242,371,613
212,489,701
775,1091,1866
153,640,793
365,308,673
187,669,856
212,706,918
386,484,870
300,722,1022
391,515,906
314,504,818
254,442,696
866,965,1831
305,546,851
415,431,846
67,656,723
803,482,1285
565,528,1093
382,1276,1658
414,1018,1432
574,605,1179
2298,282,2580
274,605,879
321,716,1037
329,462,791
66,1589,1655
2158,221,2379
586,628,1214
575,1100,1675
316,607,923
167,524,691
285,1002,1287
582,325,907
40,1786,1826
236,649,885
457,985,1442
564,299,863
247,1592,1839
203,630,833
792,452,1244
1472,444,1916
482,367,849
862,460,1322
1631,313,1944
458,1159,1617
815,162,977
1143,158,1301
537,341,878
1441,266,1707
631,1304,1935
252,1264,1516
587,349,936
394,1252,1646
165,1353,1518
897,1044,1941
201,1375,1576
496,1518,2014
168,377,545
773,937,1710
953,1307,2260
594,1326,1920
213,432,645
381,1675,2056
1144,428,1572
876,1092,1968
946,1010,1956
761,1433,2194
1192,351,1543
412,805,1217
266,1438,1704
205,450,655
1447,353,1800
723,1058,1781
467,1554,2021
976,1125,2101
312,1612,1924
401,317,718
528,360,888
1246,224,1470
275,1408,1683
1247,225,1472
479,253,732
721,1141,1862
1595,403,1998
562,1137,1699
810,279,1089
1324,482,1806
469,635,1104
438,695,1133
1027,309,1336
1396,511,1907
1327,487,1814
68,912,980
146,281,427
85,847,932
907,563,1470
146,882,1028
157,872,1029
1040,344,1384
964,565,1529
1382,559,1941
168,226,394
356,267,623
574,672,1246
131,468,599
1077,610,1687
583,492,1075
790,470,1260
718,350,1068
1018,740,1758
349,346,695
225,429,654
103,778,881
148,665,813
109,939,1048
537,390,927
220,717,937
94,891,985
103,814,917
214,750,964
460,417,877
902,563,1465
221,754,975
105,368,473
447,587,1034
488,764,1252
924,526,1450
65,694,759
182,625,807
341,788,1129
492,662,1154
87,484,571
71,2355,2426
530,941,1471
420,998,1418
137,620,757
336,487,823
411,586,997
262,699,961
646,355,1001
98,898,996
107,798,905
244,852,1096
394,1189,1583
302,349,651
256,957,1213
212,911,1123
426,804,1230
506,467,973
114,2599,2713
441,802,1243
810,466,1276
288,1034,1322
713,1138,1851
158,2976,3134
428,816,1244
623,250,873
569,431,1000
247,2948,3195
349,332,681
791,714,1505
2533,666,3199
103,596,699
374,616,990
2904,310,3214
682,248,930
262,770,1032
2756,332,3088
376,1127,1503
619,1034,1653
753,627,1380
576,228,804
526,1340,1866
628,556,1184
350,439,789
445,818,1263
132,612,744
1002,1386,2388
677,715,1392
185,595,780
924,664,1588
527,534,1061
204,576,780
145,934,1079
242,812,1054
68,1465,1533
229,495,724
557,718,1275
839,633,1472
509,1205,1714
426,507,933
217,255,472
539,656,1195
730,886,1616
448,961,1409
495,299,794
719,567,1286
870,947,1817
628,1359,1987
724,379,1103
132,2552,2684
436,748,1184
639,978,1617
267,656,923
551,499,1050
723,598,1321
1231,781,2012
641,1062,1703
575,737,1312
787,673,1460
904,1012,1916
617,725,1342
395,664,1059
1241,538,1779
670,661,1331
564,980,1544
417,755,1172
169,804,973
460,852,1312
886,794,1680
254,807,1061
187,967,1154
522,662,1184
662,656,1318
1461,1048,2509
590,1140,1730
175,1375,1550
693,656,1349
1204,601,1805
1162,1078,2240
407,645,1052
950,513,1463
474,1080,1554
634,435,1069
708,398,1106
621,935,1556
902,832,1734
662,508,1170
543,588,1131
916,860,1776
767,1251,2018
1038,449,1487
602,523,1125
717,562,1279
1273,517,1790
777,1312,2089
751,837,1588
578,415,993
974,767,1741
537,508,1045
837,515,1352
606,766,1372
502,437,939
1123,1037,2160
695,750,1445
514,750,1264
862,449,1311
239,884,1123
494,909,1403
491,495,986
533,802,1335
738,810,1548
63,447,510
448,843,1291
703,614,1317
780,390,1170
970,508,1478
702,561,1263
365,513,878
68,684,752
562,1108,1670
95,707,802
1118,704,1822
941,378,1319
68,874,942
621,566,1187
488,455,943
1188,872,2060
761,413,1174
239,920,1159
688,436,1124
305,660,965
830,849,1679
110,841,951
283,1211,1494
369,792,1161
241,448,689
306,881,1187
513,420,933
491,794,1285
395,829,1224
58,825,883
582,723,1305
530,405,935
294,480,774
500,513,1013
655,1135,1790
593,575,1168
600,822,1422
569,490,1059
1010,1061,2071
551,408,959
458,721,1179
631,488,1119
228,707,935
714,782,1496
740,498,1238
453,327,780
298,935,1233
573,331,904
606,517,1123
235,317,552
936,797,1733
315,906,1221
584,583,1167
735,259,994
1101,733,1834
751,551,1302
740,571,1311
271,339,610
912,552,1464
416,885,1301
174,410,584
289,309,598
725,567,1292
618,398,1016
688,757,1445
613,559,1172
201,4226,4427
670,1042,1712
228,435,663
49,858,907
323,453,776
42,1053,1095
335,619,954
636,709,1345
112,1030,1142
283,433,716
429,598,1027
911,304,1215
126,491,617
310,483,793
439,5412,5851
615,396,1011
156,491,647
724,706,1430
429,1051,1480
766,329,1095
956,305,1261
872,833,1705
99,607,706
286,995,1281
239,2534,2773
317,707,1024
599,939,1538
312,372,684
423,941,1364
588,823,1411
365,562,927
229,5544,5773
266,910,1176
410,559,969
394,391,785
198,609,807
849,1078,1927
380,994,1374
355,997,1352
614,1524,2138
396,390,786
424,861,1285
619,738,1357
853,526,1379
2212,4035,6247
801,561,1362
584,1398,1982
889,352,1241
723,412,1135
554,401,955
523,1209,1732
247,974,1221
1067,405,1472
974,615,1589
604,516,1120
574,736,1310
227,1239,1466
1032,511,1543
5366,1298,6664
826,1344,2170
822,555,1377
565,500,1065
5291,1269,6560
840,1127,1967
1013,581,1594
247,1309,1556
936,467,1403
851,365,1216
446,509,955
353,404,757
387,1195,1582
3795,813,4608
699,634,1333
567,655,1222
829,305,1134
1397,612,2009
211,361,572
409,499,908
267,411,678
443,553,996
355,640,995
1149,448,1597
298,359,657
1255,718,1973
616,448,1064
57,832,889
627,165,792
201,622,823
1279,586,1865
1125,553,1678
661,234,895
1071,588,1659
471,295,766
468,477,945
105,266,371
1223,543,1766
361,920,1281
125,364,489
457,726,1183
1247,805,2052
78,457,535
513,620,1133
125,402,527
435,608,1043
412,1038,1450
420,4855,5275
918,604,1522
622,1107,1729
82,969,1051
597,649,1246
502,1300,1802
974,2522,3496
165,947,1112
307,939,1246
2829,718,3547
284,923,1207
728,1311,2039
2454,734,3188
243,1224,1467
194,957,1151
450,1023,1473
636,657,1293
774,5020,5794
414,1093,1507
331,1213,1544
764,874,1638
573,4932,5505
90,980,1070
620,548,1168
867,970,1837
272,838,1110
587,1535,2122
766,455,1221
2127,793,2920
331,1155,1486
868,663,1531
2729,2858,5587
165,1593,1758
611,1332,1943
476,1025,1501
833,705,1538
4631,959,5590
896,274,1170
959,617,1576
514,1489,2003
600,666,1266
451,1583,2034
1099,1079,2178
932,955,1887
438,1470,1908
4645,560,5205
971,1279,2250
543,422,965
822,1563,2385
489,760,1249
472,460,932
1399,1059,2458
1150,691,1841
2727,682,3409
651,570,1221
1038,771,1809
490,1227,1717
621,1080,1701
846,547,1393
1202,640,1842
1386,682,2068
1590,652,2242
830,509,1339
497,372,869
1261,931,2192
1515,432,1947
845,1293,2138
840,1091,1931
833,719,1552
384,545,929
467,1068,1535
1288,741,2029
535,615,1150
657,255,912
627,1428,2055
1037,791,1828
1224,895,2119
425,1202,1627
431,664,1095
935,967,1902
556,673,1229
952,382,1334
378,461,839
603,1021,1624
493,779,1272
427,746,1173
600,774,1374
924,759,1683
916,431,1347
617,613,1230
81,1014,1095
544,564,1108
225,636,861
947,1107,2054
1141,611,1752
241,1311,1552
295,602,897
817,828,1645
634,490,1124
639,314,953
896,676,1572
374,688,1062
350,1299,1649
652,524,1176
453,1177,1630
697,414,1111
1267,287,1554
173,696,869
776,299,1075
977,723,1700
646,686,1332
959,444,1403
814,721,1535
632,504,1136
345,1172,1517
1248,499,1747
440,630,1070
606,267,873
1136,334,1470
329,555,884
422,574,996
605,475,1080
441,525,966
1240,348,1588
620,435,1055
412,1235,1647
908,143,1051
991,147,1138
960,160,1120
1046,182,1228
1099,591,1690
313,180,493
834,432,1266
314,148,462
316,156,472
350,136,486
1447,281,1728
406,353,759
447,350,797
1018,383,1401
396,463,859
1260,696,1956
434,204,638
399,556,955
1042,1157,2199
485,244,729
44,711,755
464,363,827
1382,931,2313
420,637,1057
360,346,706
841,575,1416
482,619,1101
234,419,653
156,414,570
670,1677,2347
189,993,1182
181,523,704
597,610,1207
235,542,777
457,475,932
898,511,1409
427,769,1196
212,393,605
396,443,839
382,704,1086
630,746,1376
272,630,902
112,1024,1136
255,665,920
411,981,1392
757,924,1681
943,1292,2235
289,433,722
417,695,1112
251,1083,1334
308,414,722
272,1566,1838
70,746,816
649,560,1209
685,1226,1911
344,498,842
811,501,1312
142,1011,1153
511,619,1130
367,1523,1890
931,693,1624
239,626,865
1348,708,2056
378,754,1132
700,1233,1933
322,786,1108
1556,433,1989
284,1101,1385
193,894,1087
769,430,1199
296,935,1231
1468,434,1902
593,572,1165
918,745,1663
503,402,905
1024,946,1970
220,818,1038
654,321,975
326,1460,1786
401,901,1302
505,327,832
208,329,537
824,1077,1901
955,588,1543
318,248,566
594,699,1293
444,1040,1484
229,264,493
708,761,1469
485,440,925
104,479,583
521,416,937
1051,762,1813
217,1174,1391
176,619,795
556,1285,1841
683,625,1308
413,1038,1451
448,1231,1679
378,1119,1497
669,772,1441
659,620,1279
250,587,837
840,1083,1923
350,209,559
957,722,1679
688,773,1461
366,1038,1404
827,838,1665
862,962,1824
339,1093,1432
532,805,1337
1058,468,1526
484,773,1257
932,832,1764
65,553,618
563,482,1045
741,1048,1789
1158,666,1824
335,630,965
886,442,1328
670,925,1595
812,464,1276
898,555,1453
565,560,1125
108,669,777
763,220,983
482,982,1464
908,249,1157
629,613,1242
480,858,1338
347,855,1202
1253,414,1667
704,951,1655
519,482,1001
156,825,981
705,216,921
592,1073,1665
594,584,1178
814,870,1684
695,656,1351
608,175,783
1346,1745,3091
729,622,1351
461,659,1120
604,391,995
1091,700,1791
780,476,1256
637,809,1446
660,515,1175
867,974,1841
485,776,1261
102,515,617
791,677,1468
713,606,1319
985,1691,2676
351,303,654
414,797,1211
508,661,1169
911,1312,2223
156,448,604
704,633,1337
323,1237,1560
876,800,1676
256,556,812
618,1852,2470
400,333,733
525,960,1485
100,795,895
170,739,909
803,605,1408
839,947,1786
242,875,1117
992,948,1940
555,488,1043
1404,719,2123
441,474,915
478,696,1174
504,1185,1689
839,792,1631
257,1002,1259
1471,923,2394
491,681,1172
423,895,1318
342,794,1136
342,959,1301
284,657,941
603,976,1579
296,1160,1456
1317,763,2080
224,910,1134
768,876,1644
1800,826,2626
515,656,1171
929,957,1886
574,856,1430
781,977,1758
683,850,1533
459,756,1215
408,1304,1712
667,759,1426
448,964,1412
410,933,1343
625,615,1240
734,973,1707
879,1180,2059
935,447,1382
556,1401,1957
976,311,1287
958,904,1862
837,979,1816
780,910,1690
851,436,1287
718,698,1416
984,504,1488
730,677,1407
902,1031,1933
512,1078,1590
784,773,1557
688,510,1198
920,453,1373
737,703,1440
828,917,1745
1176,790,1966
1173,732,1905
557,1044,1601
857,1492,2349
863,535,1398
785,700,1485
1574,268,1842
775,1437,2212
789,904,1693
1011,764,1775
704,441,1145
445,764,1209
1030,1016,2046
1144,321,1465
1004,569,1573
810,376,1186
961,338,1299
1076,544,1620
786,380,1166
499,403,902
206,336,542
723,391,1114
272,351,623
219,330,549
345,331,676
523,458,981
278,297,575
232,305,537
419,294,713
641,468,1109
354,286,640
85,282,367
279,464,743
157,266,423
839,1350,2189
386,333,719
197,315,512
311,295,606
209,324,533
146,274,420
379,283,662
130,272,402
220,216,436
293,122,415
1654,161,1815
250,272,522
184,501,685
1261,301,1562
221,512,733
239,169,408
1336,280,1616
175,471,646
226,150,376
450,221,671
454,211,665
255,486,741
137,460,597
429,203,632
284,599,883
148,523,671
1317,2106,3423
366,578,944
2891,443,3334
2369,475,2844
808,2744,3552
2060,226,2286
796,247,1043
622,2483,3105
2222,793,3015
2084,766,2850
1957,496,2453
447,1178,1625
567,1199,1766
1102,2817,3919
322,1179,1501
1382,2884,4266
576,1212,1788
2483,1200,3683
251,1426,1677
400,1379,1779
292,2197,2489
2588,1642,4230
644,1567,2211
2104,1510,3614
320,1730,2050
1291,1586,2877
732,1167,1899
2247,1770,4017
528,1350,1878
2072,1351,3423
284,1817,2101
2621,617,3238
684,1479,2163
2121,1363,3484
2216,1859,4075
1339,1691,3030
1032,689,1721
1157,901,2058
2475,1657,4132
867,753,1620
1468,1749,3217
1014,493,1507
652,386,1038
1103,696,1799
498,1413,1911
594,684,1278
1379,571,1950
439,442,881
586,550,1136
731,781,1512
1467,476,1943
1586,319,1905
206,995,1201
336,774,1110
793,1299,2092
540,1590,2130
486,654,1140
47,1297,1344
65,1698,1763
50,1344,1394
77,1831,1908
1770,537,2307
1192,617,1809
1460,628,2088
518,551,1069
2213,686,2899
2151,831,2982
916,1023,1939
835,2145,2980
447,660,1107
470,644,1114
523,584,1107
386,778,1164
1381,811,2192
203,1080,1283
1559,911,2470
1855,907,2762
57,1272,1329
638,748,1386
583,694,1277
14,1396,1410
30,462,492
71,469,540
1481,850,2331
75,2502,2577
589,925,1514
27,682,709
54,681,735
33,550,583
43,637,680
549,944,1493
2301,644,2945
111,589,700
149,603,752
48,763,811
72,648,720
535,1253,1788
1509,1073,2582
26,2796,2822
25,873,898
396,334,730
566,705,1271
345,431,776
1018,510,1528
286,544,830
265,550,815
1308,650,1958
460,664,1124
1444,1577,3021
231,828,1059
455,663,1118
503,459,962
396,633,1029
2263,1015,3278
474,816,1290
556,597,1153
776,395,1171
28,1259,1287
413,885,1298
175,661,836
149,1461,1610
426,723,1149
714,764,1478
549,467,1016
528,1061,1589
366,599,965
514,605,1119
509,496,1005
2732,610,3342
309,1297,1606
456,692,1148
417,1226,1643
473,851,1324
301,455,756
888,852,1740
496,620,1116
789,386,1175
585,593,1178
551,512,1063
128,767,895
1087,650,1737
551,1368,1919
516,429,945
328,611,939
1382,638,2020
504,1134,1638
294,640,934
1353,720,2073
570,1083,1653
567,582,1149
318,440,758
1056,627,1683
153,819,972
366,1102,1468
754,1078,1832
313,639,952
373,1131,1504
843,1062,1905
1064,411,1475
462,1060,1522
391,473,864
548,672,1220
525,1157,1682
738,1092,1830
375,1627,2002
495,849,1344
785,785,1570
760,930,1690
1032,1216,2248
733,981,1714
226,609,835
548,650,1198
419,1071,1490
425,1396,1821
978,659,1637
831,907,1738
918,1057,1975
617,1356,1973
1003,684,1687
1520,654,2174
382,741,1123
712,683,1395
1069,437,1506
1156,416,1572
136,923,1059
584,420,1004
725,771,1496
541,822,1363
1079,417,1496
951,624,1575
448,303,751
725,732,1457
348,694,1042
503,295,798
1202,420,1622
573,1287,1860
980,888,1868
545,1013,1558
326,292,618
1031,1192,2223
387,701,1088
1008,609,1617
446,1671,2117
612,470,1082
1049,659,1708
552,1646,2198
345,746,1091
447,956,1403
1368,783,2151
550,596,1146
680,756,1436
362,771,1133
761,1019,1780
407,698,1105
170,300,470
407,1646,2053
93,1374,1467
1294,862,2156
709,971,1680
547,1363,1910
698,777,1475
508,666,1174
1207,880,2087
548,447,995
1694,646,2340
269,1710,1979
812,1130,1942
832,835,1667
539,904,1443
433,560,993
363,1194,1557
963,893,1856
997,907,1904
98,882,980
611,1054,1665
710,994,1704
594,791,1385
295,556,851
1564,750,2314
743,861,1604
1143,1087,2230
895,770,1665
1508,989,2497
166,850,1016
1094,553,1647
26,898,924
651,593,1244
544,697,1241
729,448,1177
515,664,1179
1230,545,1775
762,424,1186
796,316,1112
469,687,1156
835,471,1306
254,736,990
608,873,1481
688,713,1401
759,725,1484
808,424,1232
372,291,663
771,701,1472
686,533,1219
534,423,957
1103,889,1992
661,689,1350
770,899,1669
297,437,734
814,859,1673
853,668,1521
610,478,1088
502,726,1228
372,482,854
381,644,1025
459,890,1349
798,749,1547
607,613,1220
524,681,1205
293,565,858
382,402,784
198,628,826
606,687,1293
386,674,1060
592,789,1381
797,501,1298
673,565,1238
823,836,1659
752,510,1262
142,540,682
605,426,1031
505,370,875
319,683,1002
629,2621,3250
655,702,1357
774,782,1556
396,768,1164
213,514,727
258,602,860
325,2113,2438
375,734,1109
711,2750,3461
473,1932,2405
354,623,977
687,846,1533
352,555,907
617,1666,2283
421,795,1216
740,1005,1745
2020,303,2323
378,535,913
586,687,1273
294,835,1129
519,785,1304
509,643,1152
476,2732,3208
732,563,1295
458,875,1333
147,852,999
458,814,1272
1821,280,2101
414,661,1075
173,777,950
558,2512,3070
519,525,1044
707,456,1163
477,479,956
399,555,954
600,537,1137
1591,474,2065
346,717,1063
420,1327,1747
490,869,1359
523,734,1257
784,371,1155
703,621,1324
2480,801,3281
205,612,817
586,820,1406
772,496,1268
2607,897,3504
490,882,1372
807,468,1275
568,465,1033
615,752,1367
580,1314,1894
183,740,923
281,850,1131
844,658,1502
2318,664,2982
384,809,1193
412,614,1026
315,579,894
632,785,1417
615,616,1231
804,529,1333
724,1372,2096
466,784,1250
393,703,1096
759,410,1169
764,512,1276
763,486,1249
800,379,1179
153,571,724
1111,750,1861
520,853,1373
610,545,1155
445,469,914
463,412,875
193,728,921
576,238,814
431,496,927
221,207,428
764,724,1488
1262,800,2062
477,674,1151
506,604,1110
791,181,972
436,750,1186
525,150,675
517,678,1195
314,841,1155
562,392,954
586,346,932
519,491,1010
82,184,266
806,514,1320
369,447,816
574,606,1180
478,404,882
538,3170,3708
760,670,1430
133,340,473
492,619,1111
563,3186,3749
183,356,539
545,582,1127
248,426,674
486,3025,3511
239,386,625
247,515,762
290,465,755
317,511,828
490,179,669
610,229,839
459,196,655
542,150,692
504,493,997
513,164,677
745,2979,3724
662,165,827
264,160,424
3560,216,3776
679,170,849
280,178,458
3352,242,3594
520,281,801
2901,305,3206
140,256,396
264,268,532
928,1667,2595
426,1611,2037
159,340,499
1330,1017,2347
207,1495,1702
202,352,554
23,1636,1659
145,1491,1636
925,1936,2861
184,275,459
184,365,549
102,1634,1736
967,2028,2995
598,1120,1718
1432,1177,2609
246,1602,1848
203,521,724
1614,2123,3737
1311,1221,2532
1846,1186,3032
282,371,653
1413,374,1787
596,1315,1911
877,1207,2084
1747,1274,3021
1287,954,2241
305,504,809
1353,465,1818
224,575,799
1111,313,1424
1542,435,1977
1412,1231,2643
733,1324,2057
212,709,921
1041,435,1476
232,264,496
462,1304,1766
1369,373,1742
1109,797,1906
1093,535,1628
104,885,989
155,787,942
137,923,1060
709,415,1124
1103,487,1590
331,472,803
219,391,610
947,307,1254
75,417,492
1010,347,1357
497,878,1375
182,393,575
1603,1333,2936
616,463,1079
597,368,965
1163,816,1979
85,398,483
78,870,948
72,603,675
845,579,1424
668,518,1186
168,403,571
1023,2105,3128
190,585,775
1797,309,2106
581,572,1153
231,479,710
126,973,1099
146,555,701
69,400,469
312,561,873
153,374,527
1174,1213,2387
174,627,801
123,400,523
255,648,903
212,359,571
228,1012,1240
593,637,1230
183,631,814
101,641,742
160,452,612
661,658,1319
359,928,1287
460,365,825
257,1005,1262
268,646,914
114,831,945
638,286,924
315,1226,1541
1036,320,1356
205,991,1196
350,913,1263
372,763,1135
682,164,846
844,456,1300
401,769,1170
93,1384,1477
207,352,559
1125,983,2108
217,378,595
556,918,1474
863,546,1409
658,611,1269
194,447,641
262,624,886
185,468,653
103,824,927
372,1185,1557
291,654,945
865,960,1825
482,1078,1560
547,782,1329
222,452,674
319,630,949
226,701,927
377,602,979
622,1133,1755
641,1260,1901
537,549,1086
1081,1010,2091
859,920,1779
209,832,1041
484,416,900
89,846,935
250,552,802
445,804,1249
1334,748,2082
333,557,890
715,427,1142
39,178,217
562,769,1331
250,830,1080
201,408,609
362,744,1106
292,1054,1346
563,801,1364
483,908,1391
583,818,1401
509,1001,1510
1005,603,1608
734,858,1592
731,767,1498
192,678,870
25,980,1005
435,681,1116
809,648,1457
222,575,797
105,347,452
554,780,1334
548,578,1126
625,674,1299
225,777,1002
141,764,905
109,1277,1386
351,777,1128
323,630,953
445,855,1300
425,592,1017
709,624,1333
712,431,1143
578,631,1209
131,1289,1420
212,690,902
223,651,874
1018,839,1857
629,999,1628
74,683,757
551,1004,1555
599,581,1180
593,465,1058
746,859,1605
229,698,927
302,1011,1313
802,955,1757
523,1275,1798
1310,399,1709
585,421,1006
779,965,1744
273,769,1042
623,588,1211
315,810,1125
544,711,1255
494,1201,1695
857,1017,1874
454,904,1358
622,1364,1986
451,492,943
201,1123,1324
802,1203,2005
672,615,1287
1290,554,1844
314,725,1039
675,818,1493
440,1074,1514
766,636,1402
627,646,1273
196,981,1177
675,647,1322
735,824,1559
242,627,869
514,738,1252
561,524,1085
709,977,1686
918,674,1592
461,630,1091
227,906,1133
567,412,979
777,633,1410
893,838,1731
736,633,1369
1035,572,1607
433,1109,1542
1140,725,1865
522,624,1146
508,1241,1749
459,929,1388
611,580,1191
903,782,1685
1065,794,1859
744,758,1502
497,470,967
467,709,1176
1113,709,1822
412,628,1040
661,824,1485
307,1150,1457
476,688,1164
664,764,1428
726,829,1555
524,929,1453
312,1331,1643
622,808,1430
429,661,1090
697,660,1357
696,674,1370
643,588,1231
376,932,1308
839,980,1819
654,516,1170
376,627,1003
662,904,1566
319,1027,1346
663,775,1438
1024,691,1715
577,756,1333
618,536,1154
1111,878,1989
540,932,1472
625,423,1048
440,562,1002
497,916,1413
695,912,1607
677,1025,1702
625,420,1045
836,1167,2003
983,878,1861
709,307,1016
394,576,970
863,572,1435
473,880,1353
704,900,1604
892,796,1688
477,314,791
831,1486,2317
467,726,1193
846,815,1661
589,503,1092
726,537,1263
866,644,1510
832,733,1565
532,606,1138
653,701,1354
1243,1263,2506
722,570,1292
909,472,1381
440,680,1120
432,482,914
782,642,1424
705,560,1265
332,441,773
364,670,1034
1068,1021,2089
793,649,1442
442,846,1288
1320,739,2059
800,647,1447
649,758,1407
672,471,1143
588,341,929
1184,579,1763
383,631,1014
771,790,1561
653,438,1091
433,872,1305
599,709,1308
471,531,1002
214,1419,1633
132,554,686
498,1056,1554
811,1025,1836
333,705,1038
432,405,837
527,694,1221
987,460,1447
76,569,645
586,645,1231
517,592,1109
633,1023,1656
833,752,1585
502,903,1405
349,697,1046
303,616,919
147,935,1082
256,455,711
544,644,1188
544,551,1095
647,991,1638
1284,411,1695
474,783,1257
571,677,1248
358,911,1269
750,735,1485
303,672,975
199,830,1029
311,749,1060
648,478,1126
508,933,1441
542,574,1116
318,1318,1636
232,870,1102
979,581,1560
570,626,1196
649,449,1098
549,816,1365
425,539,964
563,755,1318
394,597,991
355,1446,1801
801,633,1434
576,566,1142
905,586,1491
696,766,1462
791,653,1444
666,696,1362
695,472,1167
670,1268,1938
775,435,1210
725,674,1399
871,725,1596
1245,905,2150
485,659,1144
224,503,727
309,541,850
669,458,1127
578,723,1301
653,1003,1656
293,694,987
587,591,1178
1372,544,1916
477,516,993
558,476,1034
600,525,1125
360,634,994
608,852,1460
244,1179,1423
599,589,1188
1233,497,1730
713,995,1708
535,416,951
529,1147,1676
564,493,1057
312,585,897
565,1028,1593
473,677,1150
456,1333,1789
388,801,1189
694,999,1693
816,237,1053
669,1085,1754
730,371,1101
898,516,1414
772,234,1006
1125,695,1820
805,334,1139
1050,132,1182
739,212,951
1372,372,1744
381,1355,1736
678,365,1043
1036,162,1198
981,283,1264
423,1261,1684
748,1037,1785
543,5089,5632
489,2050,2539
528,5013,5541
999,682,1681
604,1511,2115
478,1935,2413
789,1364,2153
602,1334,1936
1095,1355,2450
611,1472,2083
267,5132,5399
1043,473,1516
403,1396,1799
369,1801,2170
405,1467,1872
545,4971,5516
732,519,1251
817,961,1778
529,324,853
4912,394,5306
1332,468,1800
632,1750,2382
1454,276,1730
1231,229,1460
247,902,1149
4998,356,5354
1259,518,1777
1553,288,1841
868,548,1416
721,730,1451
813,1489,2302
864,690,1554
103,264,367
66,1220,1286
1331,1297,2628
239,856,1095
69,266,335
114,1331,1445
1941,831,2772
664,505,1169
71,272,343
5149,403,5552
96,536,632
234,851,1085
896,471,1367
96,1032,1128
130,553,683
399,994,1393
1396,809,2205
250,506,756
92,487,579
1808,773,2581
803,703,1506
598,746,1344
1675,1044,2719
135,538,673
1818,221,2039
735,745,1480
117,286,403
119,839,958
70,508,578
305,392,697
167,729,896
70,904,974
1413,1005,2418
224,526,750
237,1165,1402
279,914,1193
1156,610,1766
188,961,1149
120,521,641
346,701,1047
558,392,950
101,1037,1138
505,833,1338
406,594,1000
603,1399,2002
681,617,1298
499,902,1401
93,571,664
452,645,1097
98,607,705
1349,848,2197
770,724,1494
640,694,1334
443,1122,1565
516,909,1425
122,520,642
598,747,1345
567,1131,1698
216,534,750
153,706,859
281,664,945
186,786,972
564,614,1178
882,779,1661
865,798,1663
1095,660,1755
600,314,914
884,891,1775
651,411,1062
300,677,977
190,872,1062
738,1088,1826
756,464,1220
335,814,1149
563,718,1281
530,385,915
239,666,905
595,775,1370
696,612,1308
273,735,1008
250,1328,1578
350,1116,1466
701,676,1377
53,1266,1319
434,645,1079
238,1346,1584
432,713,1145
350,1233,1583
661,529,1190
674,684,1358
657,991,1648
613,448,1061
839,856,1695
387,487,874
280,616,896
1079,631,1710
628,595,1223
359,1230,1589
185,665,850
439,1167,1606
487,527,1014
578,604,1182
726,592,1318
144,873,1017
351,581,932
1185,264,1449
468,995,1463
994,847,1841
539,846,1385
959,621,1580
193,701,894
522,506,1028
1119,698,1817
299,1007,1306
408,571,979
400,799,1199
1159,702,1861
440,802,1242
336,1125,1461
582,756,1338
304,809,1113
509,509,1018
521,1238,1759
533,628,1161
456,501,957
451,809,1260
724,620,1344
373,1172,1545
493,859,1352
630,1102,1732
541,987,1528
488,1332,1820
371,318,689
108,604,712
522,668,1190
438,515,953
502,534,1036
627,929,1556
323,694,1017
413,1132,1545
493,522,1015
613,1041,1654
70,631,701
166,824,990
859,922,1781
324,782,1106
165,1002,1167
370,840,1210
957,666,1623
596,1003,1599
231,562,793
902,963,1865
859,944,1803
1116,1635,2751
640,428,1068
370,946,1316
587,655,1242
598,562,1160
739,671,1410
401,982,1383
1124,709,1833
1266,795,2061
737,545,1282
729,1545,2274
895,793,1688
660,744,1404
931,803,1734
892,1439,2331
797,786,1583
875,642,1517
682,703,1385
500,443,943
823,444,1267
749,605,1354
576,915,1491
893,585,1478
1095,1048,2143
1230,622,1852
530,977,1507
556,482,1038
530,763,1293
519,873,1392
935,473,1408
757,724,1481
255,913,1168
473,717,1190
815,1231,2046
374,918,1292
566,813,1379
613,786,1399
666,650,1316
305,1044,1349
878,613,1491
352,1091,1443
1397,636,2033
898,670,1568
455,459,914
725,635,1360
482,1194,1676
914,420,1334
495,743,1238
940,502,1442
705,1056,1761
1332,858,2190
410,715,1125
794,327,1121
377,653,1030
488,471,959
205,981,1186
868,662,1530
557,338,895
585,1005,1590
674,647,1321
609,559,1168
417,342,759
874,1251,2125
557,433,990
273,266,539
709,505,1214
442,816,1258
548,743,1291
931,441,1372
304,666,970
514,1422,1936
367,1233,1600
961,1629,2590
398,611,1009
245,330,575
607,1060,1667
1043,1335,2378
797,617,1414
379,372,751
544,600,1144
257,1430,1687
616,599,1215
389,763,1152
834,594,1428
297,1446,1743
649,1069,1718
1068,1183,2251
885,897,1782
866,730,1596
1218,449,1667
75,1207,1282
379,767,1146
614,924,1538
963,476,1439
61,425,486
437,768,1205
428,1071,1499
1045,464,1509
833,769,1602
79,732,811
661,604,1265
232,303,535
349,753,1102
229,643,872
1324,478,1802
259,317,576
480,848,1328
525,725,1250
1352,676,2028
335,300,635
520,466,986
282,1853,2135
640,867,1507
330,619,949
1342,853,2195
608,596,1204
909,506,1415
492,834,1326
1351,902,2253
672,740,1412
687,690,1377
485,2152,2637
426,555,981
584,542,1126
1204,900,2104
163,321,484
416,934,1350
364,760,1124
719,419,1138
1125,315,1440
1135,1713,2848
561,1091,1652
417,886,1303
1042,1301,2343
202,753,955
619,693,1312
670,1399,2069
477,723,1200
731,455,1186
1709,1074,2783
536,884,1420
374,903,1277
504,1232,1736
239,806,1045
358,960,1318
563,1669,2232
75,984,1059
567,598,1165
2033,801,2834
671,956,1627
350,888,1238
760,941,1701
878,507,1385
1015,584,1599
624,616,1240
1199,712,1911
543,605,1148
241,771,1012
1432,761,2193
1081,610,1691
383,732,1115
449,1720,2169
732,902,1634
395,598,993
668,621,1289
528,1001,1529
745,564,1309
604,437,1041
975,727,1702
845,612,1457
540,1266,1806
490,309,799
475,925,1400
688,716,1404
860,514,1374
560,269,829
308,959,1267
462,1349,1811
373,453,826
1307,1199,2506
500,1227,1727
893,616,1509
427,639,1066
1497,1135,2632
830,1133,1963
388,288,676
425,520,945
1635,999,2634
735,586,1321
650,570,1220
732,602,1334
497,911,1408
1083,517,1600
412,1348,1760
237,512,749
718,717,1435
204,691,895
286,633,919
958,854,1812
283,438,721
441,1294,1735
265,950,1215
1019,758,1777
884,1325,2209
563,1783,2346
966,706,1672
1153,1069,2222
1256,1145,2401
454,911,1365
733,700,1433
1017,1053,2070
844,1169,2013
331,1711,2042
545,1137,1682
283,896,1179
868,1368,2236
584,1696,2280
1300,1159,2459
834,1163,1997
474,754,1228
405,1352,1757
540,1784,2324
463,1032,1495
414,1049,1463
646,430,1076
518,509,1027
588,1662,2250
855,806,1661
381,1841,2222
339,1119,1458
484,511,995
1298,806,2104
1079,1207,2286
302,1895,2197
573,830,1403
1610,737,2347
1584,534,2118
846,657,1503
745,647,1392
225,521,746
1052,653,1705
974,777,1751
1106,630,1736
355,1846,2201
300,1011,1311
1640,621,2261
1173,837,2010
1591,566,2157
942,290,1232
704,366,1070
683,656,1339
1059,456,1515
922,1530,2452
44,544,588
1263,334,1597
1777,865,2642
1011,665,1676
44,572,616
678,1006,1684
212,1012,1224
1070,1233,2303
22,613,635
382,974,1356
67,498,565
200,643,843
1510,615,2125
127,747,874
672,765,1437
760,835,1595
1219,850,2069
44,962,1006
487,738,1225
95,994,1089
110,672,782
252,624,876
711,1068,1779
234,796,1030
892,598,1490
452,685,1137
214,1317,1531
156,879,1035
523,785,1308
659,1124,1783
1672,642,2314
186,499,685
355,635,990
1369,1054,2423
519,531,1050
903,690,1593
409,880,1289
565,792,1357
571,652,1223
406,1068,1474
817,709,1526
404,961,1365
556,622,1178
659,981,1640
981,840,1821
824,545,1369
463,1153,1616
729,634,1363
573,467,1040
452,1249,1701
778,740,1518
709,625,1334
448,1131,1579
460,700,1160
908,589,1497
631,1002,1633
391,1175,1566
762,793,1555
537,466,1003
404,650,1054
999,596,1595
396,772,1168
957,602,1559
694,1280,1974
981,915,1896
539,1099,1638
890,760,1650
772,763,1535
597,475,1072
463,628,1091
486,915,1401
570,761,1331
460,463,923
404,791,1195
867,1332,2199
556,739,1295
354,459,813
535,799,1334
583,574,1157
987,948,1935
695,907,1602
494,1027,1521
516,616,1132
993,555,1548
621,1374,1995
909,671,1580
410,487,897
769,751,1520
649,428,1077
1154,989,2143
429,856,1285
548,521,1069
528,572,1100
489,746,1235
710,708,1418
879,1069,1948
405,460,865
680,924,1604
529,715,1244
963,1333,2296
936,872,1808
466,554,1020
387,891,1278
1190,747,1937
632,815,1447
387,760,1147
437,571,1008
990,1203,2193
667,1000,1667
482,375,857
760,502,1262
1173,1072,2245
299,838,1137
922,1125,2047
653,868,1521
816,1052,1868
554,357,911
791,397,1188
1332,1030,2362
296,730,1026
873,845,1718
644,738,1382
1147,465,1612
254,713,967
1155,509,1664
318,504,822
846,537,1383
709,977,1686
872,363,1235
283,936,1219
1005,895,1900
810,576,1386
761,1396,2157
690,482,1172
578,532,1110
741,851,1592
415,1119,1534
960,720,1680
752,668,1420
970,342,1312
621,839,1460
939,1698,2637
129,501,630
807,2099,2906
789,599,1388
454,1580,2034
908,736,1644
914,822,1736
101,609,710
945,874,1819
928,1847,2775
337,640,977
773,2201,2974
207,832,1039
499,1528,2027
222,910,1132
378,746,1124
153,833,986
206,999,1205
1326,1363,2689
163,984,1147
722,2109,2831
200,982,1182
1045,1047,2092
595,697,1292
512,894,1406
523,525,1048
592,808,1400
1532,903,2435
698,654,1352
751,260,1011
756,862,1618
422,855,1277
436,868,1304
1529,830,2359
1932,895,2827
716,944,1660
898,825,1723
344,772,1116
902,664,1566
644,1092,1736
114,260,374
1709,795,2504
1919,898,2817
527,845,1372
888,507,1395
959,693,1652
389,1426,1815
459,640,1099
836,955,1791
108,460,568
729,704,1433
1999,974,2973
774,833,1607
155,698,853
193,739,932
380,1350,1730
423,606,1029
742,1069,1811
1210,905,2115
460,463,923
657,862,1519
715,666,1381
542,1133,1675
244,837,1081
308,904,1212
485,602,1087
944,733,1677
668,716,1384
541,603,1144
465,780,1245
604,905,1509
445,854,1299
273,974,1247
574,1312,1886
588,728,1316
309,531,840
614,700,1314
697,824,1521
863,681,1544
351,598,949
308,655,963
598,820,1418
1247,1062,2309
218,752,970
209,716,925
801,711,1512
473,539,1012
609,968,1577
600,395,995
409,594,1003
646,509,1155
913,931,1844
537,5303,5840
412,1224,1636
1066,1141,2207
1031,4662,5693
300,1270,1570
898,742,1640
173,480,653
331,1266,1597
665,471,1136
1190,483,1673
411,704,1115
1107,745,1852
528,537,1065
272,418,690
502,1318,1820
1498,4084,5582
762,445,1207
321,962,1283
419,827,1246
551,1297,1848
349,681,1030
621,672,1293
960,1001,1961
791,1091,1882
1306,4350,5656
273,439,712
578,559,1137
715,703,1418
327,603,930
133,693,826
511,1003,1514
682,962,1644
756,375,1131
4592,746,5338
389,1027,1416
1240,665,1905
795,387,1182
205,552,757
813,343,1156
1118,699,1817
615,1635,2250
3634,1014,4648
868,1166,2034
485,1335,1820
650,696,1346
883,331,1214
239,726,965
749,725,1474
483,1708,2191
104,954,1058
4049,745,4794
285,1145,1430
362,1221,1583
815,740,1555
484,815,1299
503,666,1169
793,838,1631
592,590,1182
367,1267,1634
59,513,572
212,572,784
815,916,1731
489,1795,2284
167,687,854
613,587,1200
433,486,919
586,689,1275
97,1256,1353
534,446,980
420,780,1200
659,1122,1781
772,561,1333
446,449,895
352,407,759
347,244,591
667,2961,3628
1214,1173,2387
342,241,583
415,2804,3219
1012,1000,2012
217,1218,1435
617,2520,3137
1545,1666,3211
732,863,1595
949,1318,2267
2053,638,2691
607,798,1405
1033,1280,2313
2475,247,2722
1430,1321,2751
1118,1166,2284
398,1226,1624
306,1440,1746
990,289,1279
805,703,1508
463,1400,1863
511,1398,1909
684,405,1089
1212,257,1469
1586,1308,2894
624,1376,2000
411,1119,1530
215,266,481
874,1827,2701
554,1338,1892
654,1307,1961
1160,1644,2804
732,366,1098
779,1129,1908
191,613,804
472,1382,1854
146,1083,1229
1069,527,1596
521,324,845
1352,656,2008
627,1462,2089
1089,534,1623
486,1284,1770
824,1558,2382
970,258,1228
287,1008,1295
605,1681,2286
1111,586,1697
2529,269,2798
686,1429,2115
1045,310,1355
837,1141,1978
1803,834,2637
1194,688,1882
66,333,399
1031,905,1936
1010,1168,2178
1354,580,1934
323,1129,1452
147,537,684
1409,555,1964
912,820,1732
506,1135,1641
344,393,737
831,690,1521
626,819,1445
1177,1156,2333
888,562,1450
303,408,711
219,529,748
969,1247,2216
164,1244,1408
381,466,847
1401,577,1978
109,1093,1202
1374,537,1911
1150,340,1490
552,476,1028
357,676,1033
534,1077,1611
947,1108,2055
101,686,787
503,621,1124
301,1086,1387
598,289,887
183,717,900
594,564,1158
553,368,921
472,275,747
791,400,1191
612,353,965
436,257,693
396,380,776
547,337,884
270,162,432
224,229,453
535,951,1486
881,606,1487
232,145,377
273,292,565
1168,389,1557
899,783,1682
701,956,1657
1175,471,1646
881,754,1635
1113,323,1436
932,389,1321
1272,680,1952
594,997,1591
1518,355,1873
560,1044,1604
1012,426,1438
502,772,1274
1603,489,2092
997,593,1590
1414,434,1848
1592,464,2056
1149,580,1729
782,530,1312
736,567,1303
1147,325,1472
829,467,1296
1261,460,1721
831,537,1368
1241,578,1819
328,635,963
1078,624,1702
807,991,1798
436,817,1253
862,615,1477
314,606,920
551,758,1309
221,651,872
997,734,1731
529,767,1296
564,756,1320
404,529,933
785,599,1384
222,540,762
316,573,889
631,691,1322
859,575,1434
275,345,620
575,490,1065
568,1084,1652
256,367,623
191,526,717
356,527,883
194,845,1039
208,714,922
550,706,1256
829,542,1371
813,681,1494
247,514,761
283,1062,1345
45,962,1007
433,1167,1600
339,584,923
523,744,1267
278,688,966
716,1063,1779
728,1559,2287
51,698,749
557,833,1390
269,742,1011
348,345,693
60,1263,1323
315,936,1251
822,855,1677
384,673,1057
21,1172,1193
406,967,1373
207,870,1077
53,838,891
186,459,645
494,999,1493
123,959,1082
37,1483,1520
317,686,1003
674,736,1410
807,675,1482
178,979,1157
606,1076,1682
195,973,1168
628,670,1298
860,436,1296
611,1104,1715
809,536,1345
947,686,1633
408,842,1250
893,326,1219
645,440,1085
363,844,1207
415,934,1349
711,828,1539
1328,483,1811
778,505,1283
565,344,909
894,460,1354
415,872,1287
633,808,1441
1052,799,1851
273,1170,1443
242,339,581
679,710,1389
842,499,1341
518,1480,1998
794,947,1741
554,973,1527
647,596,1243
182,545,727
862,470,1332
1236,1044,2280
780,729,1509
303,975,1278
716,492,1208
295,402,697
439,371,810
610,966,1576
916,450,1366
675,683,1358
341,270,611
719,501,1220
511,353,864
698,1019,1717
1026,761,1787
711,655,1366
1020,403,1423
256,458,714
391,261,652
176,436,612
838,833,1671
1261,589,1850
327,757,1084
654,405,1059
306,439,745
364,398,762
239,512,751
233,585,818
751,383,1134
889,651,1540
707,397,1104
1149,239,1388
785,693,1478
565,369,934
702,368,1070
141,245,386
119,330,449
789,473,1262
778,431,1209
215,394,609
799,474,1273
217,294,511
771,441,1212
237,369,606
156,581,737
250,367,617
852,457,1309
192,494,686
105,601,706
186,599,785
377,271,648
239,518,757
355,299,654
1315,399,1714
35,748,783
357,535,892
140,750,890
263,699,962
105,424,529
284,624,908
440,461,901
525,570,1095
128,838,966
382,628,1010
708,462,1170
108,479,587
439,727,1166
332,765,1097
408,389,797
227,836,1063
317,721,1038
65,518,583
558,756,1314
118,515,633
554,913,1467
126,868,994
413,387,800
955,411,1366
125,741,866
656,531,1187
453,780,1233
455,381,836
165,1000,1165
144,499,643
527,402,929
151,945,1096
195,879,1074
1968,410,2378
642,638,1280
496,410,906
403,776,1179
402,825,1227
355,1025,1380
335,756,1091
758,496,1254
197,801,998
353,541,894
735,841,1576
792,534,1326
257,969,1226
647,819,1466
126,671,797
423,799,1222
229,891,1120
370,551,921
267,584,851
596,506,1102
343,753,1096
628,891,1519
450,1156,1606
822,520,1342
761,809,1570
770,391,1161
498,634,1132
470,423,893
459,444,903
724,469,1193
425,1189,1614
569,769,1338
350,1085,1435
601,608,1209
873,1116,1989
259,786,1045
789,1265,2054
779,610,1389
798,1112,1910
493,1099,1592
778,363,1141
704,465,1169
370,596,966
655,918,1573
1076,483,1559
473,473,946
498,745,1243
971,299,1270
1106,515,1621
354,297,651
456,472,928
979,410,1389
504,361,865
946,1008,1954
513,910,1423
831,674,1505
458,719,1177
892,1194,2086
250,298,548
407,622,1029
408,721,1129
1182,606,1788
365,862,1227
359,868,1227
315,325,640
389,967,1356
495,716,1211
388,454,842
270,723,993
1021,313,1334
756,592,1348
202,802,1004
147,883,1030
492,1221,1713
371,367,738
592,569,1161
380,6870,7250
656,512,1168
1114,533,1647
379,472,851
678,1403,2081
225,792,1017
664,585,1249
441,6802,7243
740,1121,1861
467,816,1283
277,817,1094
631,666,1297
1010,598,1608
190,774,964
371,617,988
836,182,1018
886,143,1029
1433,218,1651
685,146,831
949,295,1244
1298,290,1588
470,1520,1990
678,307,985
594,291,885
749,1254,2003
1380,5888,7268
200,298,498
729,1205,1934
732,502,1234
680,1140,1820
610,240,850
921,615,1536
87,1130,1217
691,1487,2178
476,251,727
1347,6099,7446
191,321,512
54,1304,1358
992,247,1239
6745,861,7606
831,1304,2135
262,1439,1701
83,267,350
466,791,1257
5818,833,6651
564,873,1437
349,1405,1754
138,320,458
292,318,610
1020,320,1340
565,860,1425
5848,417,6265
225,442,667
1099,388,1487
1233,576,1809
280,227,507
540,625,1165
298,431,729
1215,331,1546
1145,328,1473
270,438,708
1182,578,1760
788,964,1752
80,301,381
209,372,581
1166,148,1314
1238,402,1640
212,2455,2667
136,474,610
254,376,630
593,1724,2317
635,295,930
192,2482,2674
425,297,722
196,516,712
296,298,594
686,2041,2727
140,2009,2149
341,263,604
85,528,613
1247,452,1699
1387,250,1637
1148,588,1736
2350,321,2671
1167,617,1784
731,281,1012
2390,542,2932
423,468,891
189,622,811
286,464,750
148,752,900
730,442,1172
113,251,364
460,1879,2339
366,614,980
2072,520,2592
168,855,1023
147,353,500
151,985,1136
228,903,1131
197,398,595
1593,1185,2778
267,270,537
201,975,1176
124,517,641
690,582,1272
586,249,835
190,475,665
246,438,684
439,590,1029
91,778,869
663,534,1197
1782,932,2714
231,559,790
181,351,532
74,866,940
158,573,731
245,668,913
382,259,641
2052,621,2673
298,667,965
446,530,976
206,252,458
864,263,1127
348,677,1025
556,395,951
542,1050,1592
359,857,1216
295,316,611
599,383,982
285,882,1167
593,409,1002
235,892,1127
878,541,1419
666,432,1098
297,311,608
483,391,874
475,446,921
53,395,448
48,373,421
161,372,533
169,295,464
245,311,556
412,1244,1656
323,350,673
1456,273,1729
879,987,1866
194,402,596
224,286,510
80,373,453
885,964,1849
838,975,1813
287,597,884
247,440,687
212,742,954
240,585,825
193,699,892
173,791,964
218,454,672
1638,331,1969
1399,341,1740
345,830,1175
754,565,1319
1488,243,1731
1466,507,1973
291,816,1107
726,504,1230
24,346,370
624,526,1150
148,530,678
255,241,496
782,232,1014
488,255,743
1545,677,2222
796,444,1240
326,366,692
773,1014,1787
922,1903,2825
1264,1141,2405
547,496,1043
747,1023,1770
853,183,1036
493,525,1018
587,1189,1776
280,1284,1564
800,704,1504
2327,763,3090
2118,699,2817
826,431,1257
2121,883,3004
247,397,644
393,606,999
1130,698,1828
1586,909,2495
851,838,1689
215,1294,1509
532,529,1061
276,579,855
1015,751,1766
216,595,811
282,740,1022
185,814,999
1156,810,1966
273,631,904
203,954,1157
1441,952,2393
314,1444,1758
347,521,868
462,741,1203
67,776,843
675,1022,1697
653,355,1008
934,1593,2527
1191,887,2078
85,840,925
962,1108,2070
1904,2094,3998
1048,1235,2283
740,529,1269
1019,1281,2300
177,815,992
593,354,947
321,1018,1339
259,883,1142
421,1119,1540
1198,2142,3340
694,699,1393
881,1171,2052
387,480,867
224,1044,1268
369,861,1230
1204,1457,2661
461,859,1320
437,764,1201
622,927,1549
1393,2176,3569
419,736,1155
641,924,1565
705,609,1314
1036,1083,2119
1058,575,1633
91,1049,1140
581,776,1357
1825,697,2522
602,1175,1777
754,634,1388
780,967,1747
828,1513,2341
305,596,901
629,717,1346
729,1011,1740
369,1364,1733
2020,654,2674
1061,684,1745
852,995,1847
826,494,1320
443,479,922
808,1102,1910
187,1293,1480
823,797,1620
504,808,1312
648,1118,1766
2082,870,2952
840,741,1581
649,603,1252
660,822,1482
768,843,1611
760,551,1311
349,823,1172
461,711,1172
696,523,1219
983,1167,2150
408,860,1268
568,1409,1977
475,900,1375
662,1002,1664
1142,830,1972
48,740,788
438,323,761
1404,778,2182
300,662,962
356,435,791
912,1372,2284
1011,526,1537
1066,1288,2354
636,398,1034
554,892,1446
264,1355,1619
457,958,1415
1005,950,1955
414,437,851
1206,1218,2424
478,1150,1628
344,671,1015
805,1322,2127
1314,1055,2369
599,1335,1934
512,857,1369
337,1030,1367
1008,904,1912
156,681,837
692,426,1118
722,1187,1909
480,2049,2529
580,551,1131
715,997,1712
461,1143,1604
1295,1695,2990
636,980,1616
739,1140,1879
1325,699,2024
677,563,1240
922,873,1795
1085,986,2071
572,1315,1887
359,754,1113
557,947,1504
907,733,1640
931,1183,2114
1223,593,1816
87,582,669
135,777,912
1067,987,2054
633,979,1612
748,1187,1935
799,1101,1900
971,872,1843
326,762,1088
923,758,1681
808,1129,1937
112,958,1070
127,1014,1141
656,682,1338
758,1074,1832
610,703,1313
733,494,1227
896,1078,1974
502,978,1480
428,945,1373
420,591,1011
1258,844,2102
919,572,1491
1020,621,1641
812,616,1428
379,898,1277
442,866,1308
596,748,1344
1221,1701,2922
484,1252,1736
697,1073,1770
739,543,1282
483,564,1047
907,625,1532
249,943,1192
325,653,978
1759,1828,3587
460,586,1046
657,667,1324
659,861,1520
406,810,1216
648,820,1468
715,452,1167
548,1119,1667
269,1820,2089
1594,1572,3166
830,1175,2005
513,1206,1719
75,683,758
780,985,1765
504,928,1432
522,836,1358
629,875,1504
1586,1813,3399
824,1204,2028
849,1602,2451
614,1059,1673
822,981,1803
341,644,985
1013,735,1748
467,1121,1588
594,994,1588
742,1400,2142
1426,886,2312
699,1230,1929
694,1623,2317
824,1120,1944
456,739,1195
800,758,1558
55,1368,1423
454,1021,1475
1038,1284,2322
1430,905,2335
1613,930,2543
302,1412,1714
388,994,1382
876,722,1598
1672,928,2600
443,1032,1475
1383,999,2382
219,1715,1934
393,805,1198
981,750,1731
1003,853,1856
583,1302,1885
653,983,1636
677,755,1432
544,1191,1735
1178,923,2101
1037,829,1866
423,1742,2165
729,1419,2148
1173,810,1983
831,1148,1979
668,1260,1928
724,980,1704
663,1111,1774
1111,745,1856
490,1550,2040
690,1050,1740
419,790,1209
832,577,1409
607,1477,2084
260,1055,1315
575,458,1033
949,395,1344
972,851,1823
1644,504,2148
880,1812,2692
630,455,1085
746,1154,1900
530,341,871
651,1370,2021
960,519,1479
1322,1303,2625
281,1149,1430
776,200,976
28,1515,1543
893,1589,2482
381,1234,1615
116,197,313
583,1453,2036
1133,713,1846
547,420,967
446,896,1342
251,1665,1916
912,846,1758
674,1468,2142
841,2073,2914
151,251,402
1152,590,1742
924,2199,3123
199,405,604
538,613,1151
151,413,564
906,1209,2115
438,1486,1924
217,483,700
1418,1032,2450
1546,376,1922
640,1220,1860
247,600,847
1560,697,2257
913,1287,2200
457,250,707
325,733,1058
1351,644,1995
23,354,377
845,1416,2261
1080,590,1670
762,527,1289
419,645,1064
537,1159,1696
721,1608,2329
1165,1183,2348
494,836,1330
122,1295,1417
1700,1310,3010
35,549,584
51,389,440
1395,816,2211
1325,1056,2381
888,463,1351
90,674,764
897,752,1649
199,717,916
158,616,774
226,606,832
451,1034,1485
2114,951,3065
577,1060,1637
307,593,900
224,701,925
318,613,931
1000,833,1833
1062,695,1757
1548,1204,2752
467,725,1192
1044,663,1707
375,327,702
1217,752,1969
410,674,1084
457,508,965
744,724,1468
1187,729,1916
317,655,972
1168,442,1610
660,770,1430
545,755,1300
505,3153,3658
1397,2622,4019
512,515,1027
659,794,1453
293,1086,1379
685,911,1596
348,719,1067
1000,510,1510
288,538,826
794,866,1660
547,793,1340
508,1219,1727
620,1014,1634
618,791,1409
597,2602,3199
488,701,1189
239,641,880
664,1206,1870
787,3297,4084
517,779,1296
507,912,1419
579,1541,2120
483,1227,1710
573,504,1077
110,2950,3060
568,940,1508
741,1041,1782
528,1429,1957
938,3449,4387
392,1535,1927
373,1345,1718
1250,3202,4452
237,882,1119
649,697,1346
2298,1059,3357
325,1174,1499
704,835,1539
392,1081,1473
898,1245,2143
536,1003,1539
645,1380,2025
1099,1319,2418
1099,812,1911
894,634,1528
1481,997,2478
601,1043,1644
1061,616,1677
1060,892,1952
855,1046,1901
406,1191,1597
763,1276,2039
1414,542,1956
2340,1293,3633
778,709,1487
587,1301,1888
988,736,1724
776,851,1627
765,1604,2369
1143,798,1941
496,1557,2053
1150,1112,2262
2470,1152,3622
2894,1322,4216
1232,656,1888
982,371,1353
678,507,1185
551,647,1198
799,1008,1807
738,686,1424
186,672,858
1293,976,2269
3125,1468,4593
782,745,1527
1013,1416,2429
912,727,1639
807,1493,2300
120,777,897
599,945,1544
409,488,897
1096,909,2005
58,906,964
2838,1309,4147
1031,1187,2218
949,925,1874
292,931,1223
1281,1007,2288
279,926,1205
587,428,1015
448,761,1209
850,888,1738
1074,1499,2573
591,674,1265
594,723,1317
698,731,1429
695,609,1304
979,1385,2364
280,754,1034
1487,929,2416
766,772,1538
355,970,1325
1052,1622,2674
757,703,1460
156,559,715
1343,863,2206
1373,1354,2727
530,559,1089
1143,1234,2377
601,534,1135
520,430,950
1082,1352,2434
485,351,836
798,1007,1805
958,894,1852
1241,1290,2531
816,1044,1860
1263,887,2150
619,693,1312
564,543,1107
462,838,1300
775,775,1550
662,979,1641
902,881,1783
1127,1190,2317
797,1393,2190
566,568,1134
433,696,1129
726,390,1116
780,574,1354
616,577,1193
727,628,1355
71,602,673
704,1159,1863
1371,1145,2516
408,1022,1430
322,2295,2617
1054,1084,2138
565,856,1421
914,479,1393
85,647,732
718,976,1694
303,622,925
534,2267,2801
1037,846,1883
65,617,682
632,1160,1792
1210,1215,2425
773,703,1476
89,848,937
694,1804,2498
393,795,1188
806,1956,2762
1181,1008,2189
235,806,1041
217,701,918
1037,980,2017
599,379,978
484,697,1181
785,1530,2315
723,660,1383
1212,1795,3007
1312,1297,2609
515,762,1277
2050,805,2855
507,986,1493
996,563,1559
439,867,1306
1078,1169,2247
487,697,1184
1054,669,1723
1065,1112,2177
302,782,1084
1786,720,2506
724,1004,1728
392,479,871
1346,641,1987
401,511,912
866,1056,1922
500,530,1030
667,873,1540
575,939,1514
737,739,1476
609,1004,1613
1649,863,2512
650,958,1608
764,1126,1890
1289,1070,2359
516,1099,1615
480,1355,1835
949,900,1849
724,834,1558
557,500,1057
673,1153,1826
876,864,1740
1136,797,1933
368,1073,1441
707,718,1425
993,1075,2068
797,581,1378
389,685,1074
594,1254,1848
826,888,1714
549,761,1310
744,791,1535
832,787,1619
476,937,1413
1002,435,1437
1177,607,1784
836,1204,2040
595,745,1340
973,615,1588
885,755,1640
957,903,1860
959,460,1419
893,604,1497
411,650,1061
329,768,1097
755,502,1257
633,573,1206
684,889,1573
675,448,1123
504,552,1056
569,1160,1729
185,356,541
805,776,1581
379,1173,1552
256,354,610
488,428,916
298,703,1001
740,1255,1995
1057,614,1671
501,690,1191
497,1061,1558
363,300,663
556,604,1160
552,1084,1636
558,1105,1663
1085,922,2007
327,631,958
300,594,894
536,942,1478
290,638,928
684,1071,1755
511,914,1425
548,448,996
810,891,1701
49,428,477
504,560,1064
657,910,1567
907,929,1836
1081,800,1881
945,775,1720
529,311,840
502,972,1474
102,714,816
575,453,1028
654,1210,1864
1179,833,2012
283,469,752
721,609,1330
798,724,1522
183,825,1008
569,623,1192
863,767,1630
374,1081,1455
747,4584,5331
760,975,1735
332,1005,1337
787,1402,2189
64,484,548
806,790,1596
258,4586,4844
618,797,1415
387,959,1346
645,708,1353
374,4596,4970
673,717,1390
461,977,1438
583,583,1166
956,903,1859
1590,3152,4742
851,560,1411
1042,454,1496
738,314,1052
748,363,1111
583,1425,2008
4439,351,4790
863,559,1422
608,413,1021
4462,467,4929
490,3836,4326
547,437,984
639,1262,1901
3040,419,3459
859,414,1273
690,3725,4415
562,1273,1835
424,3711,4135
963,1814,2777
484,1095,1579
279,3696,3975
832,2428,3260
3527,335,3862
598,1690,2288
1032,1874,2906
862,2109,2971
3550,390,3940
689,1766,2455
1126,1585,2711
710,1868,2578
792,1321,2113
327,1496,1823
1468,1246,2714
791,1671,2462
1618,530,2148
361,1781,2142
1652,392,2044
1238,1032,2270
1664,321,1985
402,1772,2174
1418,304,1722
1741,290,2031
691,992,1683
492,1405,1897
926,727,1653
1687,608,2295
1552,490,2042
1229,256,1485
86,1153,1239
71,977,1048
1613,604,2217
1116,491,1607
4387,437,4824
1273,561,1834
575,574,1149
142,1361,1503
96,1110,1206
1302,702,2004
179,553,732
156,601,757
95,736,831
43,522,565
999,756,1755
601,814,1415
305,628,933
119,719,838
44,748,792
28,817,845
71,626,697
251,673,924
150,670,820
314,575,889
394,578,972
203,731,934
867,847,1714
82,824,906
854,723,1577
314,600,914
396,542,938
313,734,1047
359,865,1224
560,472,1032
369,856,1225
1053,882,1935
407,784,1191
88,2061,2149
500,571,1071
532,711,1243
564,697,1261
104,2282,2386
512,833,1345
426,786,1212
583,754,1337
358,520,878
485,517,1002
303,732,1035
429,798,1227
672,1745,2417
643,839,1482
497,909,1406
510,804,1314
832,2589,3421
111,776,887
397,885,1282
1930,735,2665
699,720,1419
726,718,1444
327,648,975
78,2626,2704
424,755,1179
607,899,1506
2185,619,2804
399,725,1124
300,681,981
1399,653,2052
107,2764,2871
631,586,1217
2609,539,3148
438,846,1284
564,606,1170
529,742,1271
2648,528,3176
157,595,752
303,583,886
1205,3766,4971
381,557,938
641,947,1588
278,735,1013
364,692,1056
2674,276,2950
658,673,1331
414,600,1014
1344,3694,5038
529,469,998
267,1013,1280
354,795,1149
388,796,1184
52,575,627
521,671,1192
574,716,1290
967,3829,4796
99,411,510
519,875,1394
489,675,1164
306,351,657
338,728,1066
338,952,1290
539,772,1311
246,562,808
588,1163,1751
507,715,1222
850,593,1443
179,870,1049
343,625,968
692,2243,2935
3682,519,4201
603,757,1360
353,935,1288
351,2386,2737
578,670,1248
583,734,1317
554,2234,2788
705,575,1280
2952,970,3922
97,624,721
714,782,1496
465,687,1152
3181,797,3978
803,603,1406
764,568,1332
1814,490,2304
657,526,1183
33,602,635
830,550,1380
761,787,1548
217,549,766
58,868,926
120,794,914
173,1324,1497
55,844,899
191,633,824
64,893,957
463,545,1008
691,1132,1823
152,880,1032
384,634,1018
400,684,1084
464,690,1154
2133,909,3042
738,458,1196
74,3552,3626
2446,765,3211
338,878,1216
834,724,1558
1035,1259,2294
796,591,1387
895,696,1591
544,515,1059
887,765,1652
205,3762,3967
946,706,1652
1137,369,1506
964,978,1942
376,3772,4148
573,878,1451
761,718,1479
785,790,1575
807,519,1326
860,623,1483
651,826,1477
1029,1036,2065
172,658,830
174,717,891
516,1113,1629
797,708,1505
665,676,1341
736,970,1706
129,891,1020
442,636,1078
139,954,1093
200,591,791
379,522,901
406,689,1095
730,368,1098
998,1003,2001
1149,863,2012
504,529,1033
159,503,662
659,3537,4196
447,534,981
323,723,1046
478,644,1122
1054,1504,2558
49,1311,1360
238,366,604
359,641,1000
169,1108,1277
3354,1103,4457
447,927,1374
170,936,1106
3510,1146,4656
560,603,1163
331,1161,1492
3469,1153,4622
306,518,824
704,1742,2446
193,1273,1466
700,754,1454
623,1261,1884
746,299,1045
584,949,1533
999,502,1501
426,623,1049
302,1370,1672
231,662,893
323,907,1230
994,732,1726
1019,832,1851
775,985,1760
509,812,1321
1235,710,1945
265,788,1053
214,1158,1372
423,780,1203
856,481,1337
851,660,1511
903,589,1492
1158,440,1598
939,733,1672
712,2214,2926
147,1141,1288
506,750,1256
777,933,1710
1091,638,1729
154,1818,1972
677,741,1418
526,622,1148
419,757,1176
1074,2828,3902
461,983,1444
828,669,1497
576,1043,1619
705,560,1265
411,808,1219
416,1591,2007
770,1068,1838
388,1181,1569
499,684,1183
1072,3005,4077
318,1162,1480
1065,712,1777
581,796,1377
2148,1647,3795
682,1038,1720
611,1623,2234
502,947,1449
613,1042,1655
349,808,1157
506,761,1267
865,891,1756
957,708,1665
682,1086,1768
403,889,1292
317,782,1099
1561,669,2230
479,988,1467
372,1179,1551
430,983,1413
491,1164,1655
884,923,1807
970,574,1544
715,993,1708
489,895,1384
1311,901,2212
938,562,1500
403,1103,1506
307,1047,1354
467,692,1159
826,936,1762
680,857,1537
820,694,1514
777,858,1635
1303,910,2213
631,900,1531
2623,677,3300
558,980,1538
710,817,1527
2424,1387,3811
895,839,1734
1069,470,1539
852,803,1655
898,756,1654
595,904,1499
579,883,1462
515,1093,1608
698,860,1558
812,864,1676
1442,1187,2629
970,670,1640
780,833,1613
857,1044,1901
620,888,1508
882,675,1557
461,1023,1484
688,1724,2412
660,534,1194
643,785,1428
571,1404,1975
513,549,1062
794,728,1522
1318,684,2002
619,737,1356
1039,1201,2240
819,699,1518
995,1392,2387
630,846,1476
671,675,1346
410,1190,1600
740,835,1575
832,534,1366
469,369,838
946,720,1666
757,962,1719
792,659,1451
1571,676,2247
710,1142,1852
667,1456,2123
560,600,1160
718,1097,1815
624,566,1190
871,643,1514
1197,825,2022
1006,882,1888
352,686,1038
492,1866,2358
533,1056,1589
1248,754,2002
1009,618,1627
883,352,1235
935,1508,2443
841,278,1119
1062,1388,2450
594,1148,1742
537,354,891
922,2110,3032
369,2033,2402
519,945,1464
436,1272,1708
1320,950,2270
579,2331,2910
563,1945,2508
612,801,1413
487,1027,1514
1102,738,1840
496,2370,2866
1569,984,2553
929,643,1572
1132,506,1638
607,715,1322
1854,712,2566
1730,517,2247
1011,380,1391
828,458,1286
797,604,1401
1820,359,2179
2270,359,2629
906,308,1214
754,271,1025
2211,321,2532
544,291,835
328,338,666
164,352,516
282,282,564
239,326,565
107,275,382
94,315,409
161,275,436
144,299,443
1167,251,1418
1188,253,1441
264,316,580
193,346,539
114,336,450
81,317,398
264,344,608
532,2443,2975
127,404,531
278,369,647
711,1904,2615
215,426,641
449,2549,2998
320,249,569
607,2501,3108
184,414,598
703,2486,3189
55,402,457
608,3018,3626
96,465,561
45,2712,2757
143,402,545
732,2284,3016
615,2696,3311
759,2520,3279
157,438,595
210,559,769
1528,690,2218
413,2466,2879
987,1871,2858
968,2383,3351
1132,2156,3288
470,2532,3002
1652,457,2109
221,553,774
2395,736,3131
213,394,607
2292,819,3111
2908,783,3691
284,930,1214
689,533,1222
554,2643,3197
84,819,903
2308,651,2959
712,507,1219
2386,904,3290
2243,782,3025
2563,777,3340
250,1178,1428
39,525,564
2373,855,3228
75,856,931
2025,423,2448
115,964,1079
130,626,756
62,638,700
112,1361,1473
399,513,912
266,442,708
2509,705,3214
1823,755,2578
285,957,1242
2557,450,3007
686,840,1526
797,835,1632
341,515,856
770,1162,1932
684,768,1452
639,482,1121
656,689,1345
338,1011,1349
760,959,1719
845,479,1324
488,1009,1497
309,884,1193
147,572,719
1018,506,1524
814,534,1348
73,468,541
1418,149,1567
86,714,800
71,171,242
139,1462,1601
120,594,714
41,653,694
865,601,1466
328,545,873
63,686,749
157,698,855
404,1332,1736
206,712,918
422,1137,1559
132,1739,1871
253,713,966
54,974,1028
302,699,1001
718,1386,2104
114,173,287
218,737,955
1285,853,2138
205,684,889
1582,616,2198
262,1457,1719
509,575,1084
164,1062,1226
852,363,1215
423,1885,2308
241,553,794
411,590,1001
424,911,1335
774,289,1063
49,714,763
843,1136,1979
451,1076,1527
932,2000,2932
656,1694,2350
518,936,1454
489,569,1058
212,305,517
315,1144,1459
401,762,1163
229,1691,1920
802,1027,1829
500,749,1249
239,2351,2590
885,1079,1964
819,535,1354
270,513,783
97,768,865
296,919,1215
524,387,911
312,1575,1887
840,880,1720
550,1232,1782
394,2451,2845
1479,690,2169
1167,668,1835
463,1363,1826
94,690,784
619,1472,2091
564,1083,1647
576,1396,1972
385,940,1325
1757,1329,3086
1456,889,2345
773,496,1269
198,840,1038
684,806,1490
560,916,1476
707,651,1358
676,962,1638
608,616,1224
1831,810,2641
924,467,1391
897,1270,2167
442,793,1235
1014,1448,2462
823,537,1360
719,822,1541
509,400,909
710,1065,1775
146,1031,1177
2033,705,2738
1175,482,1657
1399,636,2035
509,700,1209
1454,1205,2659
1158,992,2150
825,793,1618
454,587,1041
741,941,1682
386,924,1310
1097,769,1866
1029,806,1835
598,1217,1815
1405,1342,2747
1127,821,1948
786,388,1174
627,791,1418
700,914,1614
31,970,1001
769,917,1686
852,1144,1996
872,519,1391
1169,1268,2437
666,821,1487
651,1188,1839
204,779,983
908,757,1665
933,903,1836
411,1847,2258
787,889,1676
433,725,1158
1050,1161,2211
441,578,1019
440,650,1090
439,680,1119
853,852,1705
271,2100,2371
165,1071,1236
724,490,1214
1064,968,2032
905,1187,2092
495,934,1429
472,1003,1475
470,841,1311
22,709,731
810,679,1489
1014,1571,2585
503,447,950
320,711,1031
877,1353,2230
403,968,1371
789,874,1663
466,1300,1766
999,539,1538
736,1058,1794
708,416,1124
1726,1056,2782
327,1021,1348
363,723,1086
1929,814,2743
665,849,1514
970,831,1801
300,1563,1863
517,593,1110
770,497,1267
920,1161,2081
253,987,1240
555,782,1337
1373,699,2072
977,658,1635
533,1559,2092
536,692,1228
772,753,1525
748,1013,1761
249,821,1070
290,836,1126
621,739,1360
629,1040,1669
338,1547,1885
115,1667,1782
325,729,1054
734,561,1295
1127,658,1785
458,1449,1907
506,878,1384
584,667,1251
449,929,1378
695,1329,2024
1171,788,1959
202,711,913
990,514,1504
722,836,1558
655,1410,2065
615,763,1378
613,445,1058
943,632,1575
716,1275,1991
1464,765,2229
711,652,1363
378,808,1186
802,802,1604
1568,793,2361
656,1460,2116
466,803,1269
511,878,1389
923,1304,2227
464,743,1207
756,729,1485
735,836,1571
1169,805,1974
554,711,1265
1307,808,2115
350,920,1270
487,667,1154
585,835,1420
457,646,1103
1316,781,2097
608,1107,1715
755,442,1197
1037,677,1714
719,628,1347
1279,543,1822
690,659,1349
707,897,1604
546,911,1457
197,497,694
844,1419,2263
743,894,1637
392,453,845
1248,504,1752
442,354,796
578,806,1384
980,1763,2743
553,1877,2430
618,787,1405
707,562,1269
682,762,1444
562,317,879
548,396,944
340,943,1283
422,1132,1554
1323,948,2271
362,959,1321
275,636,911
593,785,1378
724,498,1222
641,893,1534
938,441,1379
831,669,1500
1597,731,2328
61,744,805
310,1237,1547
649,1433,2082
598,970,1568
137,671,808
1211,357,1568
63,530,593
751,1027,1778
961,464,1425
80,652,732
813,975,1788
366,1566,1932
169,996,1165
70,592,662
425,279,704
184,980,1164
36,304,340
286,638,924
1865,692,2557
131,1004,1135
484,620,1104
79,1132,1211
196,702,898
867,1313,2180
539,594,1133
717,1423,2140
256,1169,1425
337,991,1328
190,629,819
243,857,1100
455,1081,1536
449,986,1435
74,508,582
1333,1058,2391
300,1252,1552
818,607,1425
997,786,1783
493,720,1213
538,907,1445
661,574,1235
92,1439,1531
562,331,893
830,704,1534
142,713,855
384,941,1325
118,805,923
443,1021,1464
739,1385,2124
678,799,1477
924,1160,2084
579,681,1260
722,905,1627
333,992,1325
975,350,1325
785,426,1211
399,996,1395
919,1257,2176
191,1609,1800
818,577,1395
543,325,868
436,1397,1833
1146,276,1422
650,942,1592
542,331,873
1142,1018,2160
615,1103,1718
125,859,984
82,2106,2188
776,1361,2137
800,1324,2124
598,390,988
102,857,959
1098,1658,2756
824,1631,2455
435,904,1339
1451,341,1792
646,296,942
305,334,639
561,1295,1856
635,1213,1848
1297,408,1705
309,471,780
1194,1512,2706
218,2059,2277
555,662,1217
583,279,862
1207,611,1818
688,1227,1915
824,1282,2106
1277,200,1477
177,747,924
2032,1056,3088
356,2751,3107
82,434,516
904,396,1300
1655,553,2208
1032,718,1750
644,2703,3347
1382,577,1959
1001,877,1878
1747,1320,3067
18,451,469
133,511,644
468,1005,1473
1535,767,2302
18,656,674
1112,714,1826
932,1788,2720
614,545,1159
2604,558,3162
131,704,835
1050,924,1974
2544,713,3257
191,520,711
24,592,616
453,613,1066
32,1107,1139
46,1071,1117
191,977,1168
1140,1099,2239
221,942,1163
349,852,1201
243,769,1012
1306,574,1880
41,1041,1082
111,1216,1327
711,581,1292
959,1217,2176
714,647,1361
361,1117,1478
736,1572,2308
549,688,1237
534,1200,1734
98,877,975
51,846,897
834,639,1473
215,742,957
507,743,1250
585,1108,1693
1119,596,1715
458,771,1229
947,866,1813
153,1158,1311
357,836,1193
676,2169,2845
696,678,1374
811,499,1310
916,916,1832
184,819,1003
456,1053,1509
456,914,1370
973,955,1928
781,816,1597
341,628,969
941,986,1927
538,518,1056
1161,1776,2937
562,1017,1579
390,881,1271
1010,1535,2545
588,673,1261
687,667,1354
1585,962,2547
471,866,1337
87,1399,1486
147,731,878
1408,595,2003
411,1078,1489
678,778,1456
689,593,1282
605,1332,1937
127,615,742
891,856,1747
652,1580,2232
187,1441,1628
409,557,966
1487,337,1824
590,1170,1760
915,787,1702
530,760,1290
861,557,1418
158,1027,1185
574,702,1276
496,487,983
840,1143,1983
828,607,1435
468,909,1377
512,872,1384
753,760,1513
382,609,991
342,1106,1448
517,1063,1580
61,520,581
635,1351,1986
1289,925,2214
316,498,814
672,947,1619
638,773,1411
421,821,1242
420,483,903
525,1090,1615
646,733,1379
722,660,1382
639,1733,2372
726,865,1591
259,1510,1769
324,1818,2142
600,916,1516
257,491,748
786,1063,1849
604,1066,1670
459,676,1135
962,913,1875
1082,1199,2281
673,1477,2150
700,667,1367
788,1042,1830
343,498,841
842,890,1732
1011,668,1679
513,869,1382
348,1849,2197
903,992,1895
1138,1195,2333
448,1545,1993
1516,1102,2618
778,1450,2228
823,911,1734
1170,1089,2259
553,1252,1805
781,919,1700
1640,753,2393
1179,713,1892
569,437,1006
415,610,1025
637,902,1539
803,1053,1856
751,893,1644
640,972,1612
664,1097,1761
1687,763,2450
1383,559,1942
626,890,1516
920,736,1656
484,1332,1816
1436,287,1723
804,980,1784
621,886,1507
994,460,1454
1023,392,1415
787,507,1294
300,1029,1329
319,659,978
480,1112,1592
1149,366,1515
908,1048,1956
800,1098,1898
179,761,940
796,738,1534
633,519,1152
407,1321,1728
998,556,1554
78,570,648
1053,1535,2588
959,1164,2123
68,579,647
789,639,1428
672,339,1011
1035,842,1877
520,1409,1929
56,913,969
108,1384,1492
925,1380,2305
562,1047,1609
354,368,722
557,1217,1774
1354,397,1751
1218,643,1861
558,1213,1771
847,1306,2153
716,931,1647
1137,754,1891
620,1352,1972
52,1240,1292
105,1151,1256
630,1345,1975
1040,854,1894
520,486,1006
262,1734,1996
968,1227,2195
549,756,1305
75,1222,1297
58,1405,1463
757,612,1369
551,871,1422
1320,902,2222
122,1372,1494
103,1345,1448
1278,982,2260
582,1106,1688
297,769,1066
635,801,1436
424,1947,2371
1005,606,1611
823,759,1582
609,737,1346
690,960,1650
601,929,1530
993,990,1983
643,1029,1672
571,791,1362
1129,643,1772
416,2347,2763
1053,907,1960
319,1495,1814
684,2320,3004
1236,818,2054
480,696,1176
1123,1120,2243
1938,1131,3069
1253,676,1929
1185,877,2062
836,1014,1850
1096,1077,2173
639,532,1171
646,887,1533
2050,529,2579
780,816,1596
871,930,1801
1179,1098,2277
254,731,985
686,717,1403
270,618,888
450,546,996
657,1110,1767
234,629,863
880,838,1718
668,436,1104
391,802,1193
776,1157,1933
581,426,1007
275,782,1057
1312,879,2191
473,650,1123
454,856,1310
1947,394,2341
411,834,1245
1169,845,2014
640,1282,1922
893,558,1451
453,384,837
97,1459,1556
668,502,1170
67,589,656
613,835,1448
682,907,1589
117,518,635
354,965,1319
790,1693,2483
643,971,1614
184,516,700
654,693,1347
1254,1494,2748
687,875,1562
429,1126,1555
729,502,1231
692,768,1460
193,1693,1886
698,1114,1812
457,303,760
661,2055,2716
600,1068,1668
1294,671,1965
338,494,832
282,1172,1454
574,1052,1626
397,466,863
1097,1796,2893
740,778,1518
536,1038,1574
610,610,1220
681,1394,2075
815,829,1644
254,622,876
311,942,1253
193,481,674
734,713,1447
318,924,1242
695,1370,2065
752,643,1395
486,336,822
913,573,1486
385,976,1361
790,587,1377
940,1410,2350
249,336,585
384,920,1304
823,1225,2048
618,945,1563
1315,1100,2415
577,560,1137
790,919,1709
331,1319,1650
604,793,1397
770,379,1149
454,683,1137
953,439,1392
611,2128,2739
1151,438,1589
570,550,1120
656,407,1063
842,462,1304
1482,1308,2790
1886,833,2719
763,574,1337
844,409,1253
986,744,1730
782,657,1439
847,346,1193
1680,1076,2756
943,338,1281
1022,343,1365
1321,859,2180
1710,818,2528
977,397,1374
917,512,1429
889,568,1457
1109,1403,2512
87,768,855
232,500,732
1305,344,1649
1136,1077,2213
982,1424,2406
91,904,995
884,636,1520
97,818,915
1193,1171,2364
106,675,781
247,853,1100
1258,480,1738
1198,969,2167
163,653,816
217,812,1029
500,809,1309
265,774,1039
103,684,787
277,988,1265
545,618,1163
383,445,828
231,1191,1422
103,905,1008
604,313,917
365,1174,1539
373,713,1086
661,353,1014
345,962,1307
878,1741,2619
892,1791,2683
365,307,672
686,546,1232
329,1581,1910
118,1758,1876
905,346,1251
71,311,382
654,1224,1878
177,1717,1894
182,1779,1961
100,1886,1986
784,1216,2000
597,1203,1800
514,1028,1542
694,813,1507
410,1022,1432
657,952,1609
743,887,1630
542,999,1541
975,331,1306
603,702,1305
806,275,1081
131,1522,1653
645,329,974
474,309,783
339,1249,1588
1125,280,1405
980,908,1888
322,1622,1944
687,350,1037
151,1970,2121
1564,829,2393
945,1456,2401
174,418,592
155,1911,2066
1128,803,1931
539,316,855
669,1548,2217
773,373,1146
805,230,1035
422,1729,2151
1656,753,2409
1366,250,1616
857,801,1658
801,571,1372
1262,1229,2491
752,183,935
1134,185,1319
27,935,962
590,1504,2094
609,2305,2914
1310,1098,2408
147,300,447
88,725,813
1123,1448,2571
102,423,525
114,460,574
126,1097,1223
1779,937,2716
1037,2120,3157
484,831,1315
1768,1052,2820
717,994,1711
71,952,1023
197,753,950
113,611,724
711,1232,1943
508,995,1503
580,407,987
1398,1575,2973
832,748,1580
1439,1060,2499
2276,910,3186
1132,847,1979
922,1356,2278
1916,781,2697
810,1191,2001
1303,1044,2347
643,428,1071
112,630,742
555,722,1277
129,528,657
141,1320,1461
546,1520,2066
1342,974,2316
857,585,1442
451,1074,1525
607,944,1551
536,637,1173
136,873,1009
855,574,1429
149,1391,1540
365,1174,1539
956,1363,2319
228,1539,1767
599,1165,1764
952,795,1747
436,1403,1839
318,735,1053
337,1390,1727
629,798,1427
741,1011,1752
618,1394,2012
572,1366,1938
1167,1030,2197
1157,569,1726
999,1031,2030
1250,551,1801
357,1004,1361
571,1008,1579
769,561,1330
517,971,1488
298,914,1212
654,1238,1892
702,1024,1726
1008,738,1746
931,991,1922
1440,589,2029
736,1221,1957
1243,988,2231
530,769,1299
784,981,1765
539,765,1304
439,1173,1612
916,966,1882
997,768,1765
716,936,1652
1237,790,2027
822,771,1593
833,930,1763
894,700,1594
845,1959,2804
856,761,1617
313,1245,1558
1174,918,2092
459,961,1420
473,941,1414
931,764,1695
831,678,1509
836,714,1550
810,1722,2532
870,674,1544
1087,709,1796
1235,1156,2391
1265,1091,2356
987,960,1947
451,880,1331
1212,1638,2850
611,705,1316
517,968,1485
860,1733,2593
584,939,1523
325,933,1258
569,743,1312
996,1350,2346
598,1131,1729
631,961,1592
716,1159,1875
498,883,1381
1839,884,2723
892,794,1686
308,918,1226
1560,916,2476
706,828,1534
554,710,1264
1440,688,2128
799,499,1298
886,893,1779
582,882,1464
900,712,1612
458,1044,1502
885,925,1810
718,1097,1815
903,1382,2285
839,787,1626
289,581,870
560,291,851
1240,517,1757
404,1178,1582
361,1275,1636
843,729,1572
420,1219,1639
490,1135,1625
541,847,1388
261,1475,1736
585,555,1140
647,495,1142
1053,791,1844
637,1221,1858
584,711,1295
225,700,925
592,956,1548
261,720,981
510,1481,1991
711,1745,2456
399,1121,1520
421,997,1418
125,725,850
54,952,1006
413,530,943
859,563,1422
324,1385,1709
909,991,1900
1443,1574,3017
907,805,1712
708,1105,1813
358,734,1092
541,714,1255
668,390,1058
418,947,1365
1112,826,1938
491,1539,2030
1226,1814,3040
1473,691,2164
975,1033,2008
654,633,1287
1079,850,1929
811,653,1464
656,907,1563
1064,810,1874
1029,1210,2239
1064,1207,2271
842,1133,1975
623,974,1597
709,592,1301
526,993,1519
444,1266,1710
642,512,1154
399,762,1161
1095,1081,2176
924,1020,1944
718,547,1265
1073,1048,2121
741,1131,1872
482,1464,1946
588,1075,1663
848,405,1253
729,785,1514
772,528,1300
1457,1105,2562
869,1042,1911
944,590,1534
485,499,984
147,661,808
126,1413,1539
817,1164,1981
626,388,1014
403,790,1193
430,1536,1966
689,1479,2168
20,536,556
422,765,1187
737,1572,2309
1074,1144,2218
362,1382,1744
892,896,1788
1379,636,2015
554,501,1055
508,968,1476
721,1412,2133
899,654,1553
504,734,1238
933,1046,1979
1340,2001,3341
1414,839,2253
30,894,924
1097,1750,2847
1028,978,2006
1325,281,1606
291,845,1136
837,315,1152
1218,580,1798
53,454,507
339,875,1214
1435,1420,2855
835,1141,1976
43,551,594
174,1089,1263
497,568,1065
755,580,1335
76,493,569
511,1119,1630
1702,454,2156
831,697,1528
381,1480,1861
587,1103,1690
327,1200,1527
223,1327,1550
779,525,1304
228,704,932
109,808,917
427,847,1274
287,898,1185
356,835,1191
603,649,1252
595,1264,1859
1165,820,1985
515,1258,1773
217,584,801
761,2281,3042
503,771,1274
542,998,1540
494,355,849
354,977,1331
308,900,1208
761,845,1606
293,1198,1491
990,1944,2934
410,897,1307
407,2069,2476
1007,1056,2063
1354,892,2246
567,515,1082
895,1646,2541
23,1235,1258
525,1308,1833
1128,2023,3151
645,963,1608
820,1132,1952
617,681,1298
1794,1050,2844
315,999,1314
1086,1027,2113
1066,655,1721
1594,637,2231
526,893,1419
806,775,1581
866,598,1464
632,1226,1858
829,634,1463
920,709,1629
1574,700,2274
647,967,1614
1023,514,1537
1262,619,1881
290,758,1048
1786,479,2265
1134,608,1742
846,898,1744
696,912,1608
626,736,1362
762,1999,2761
917,1803,2720
344,1062,1406
1137,617,1754
391,1800,2191
654,643,1297
591,540,1131
734,531,1265
753,1312,2065
880,743,1623
510,708,1218
483,718,1201
1306,380,1686
723,1039,1762
754,628,1382
572,376,948
153,548,701
514,580,1094
493,1846,2339
422,976,1398
1393,353,1746
318,2553,2871
760,926,1686
134,1913,2047
945,506,1451
204,738,942
170,906,1076
603,1032,1635
1084,503,1587
948,2432,3380
775,830,1605
227,1882,2109
1899,1638,3537
409,643,1052
335,892,1227
2130,943,3073
178,553,731
380,871,1251
819,621,1440
741,815,1556
1741,532,2273
312,982,1294
483,759,1242
376,1070,1446
387,671,1058
2027,476,2503
463,1766,2229
1570,938,2508
1730,825,2555
218,935,1153
74,1750,1824
640,1109,1749
1358,870,2228
306,1889,2195
454,1024,1478
777,1171,1948
533,1090,1623
709,1525,2234
771,1408,2179
654,1117,1771
357,1778,2135
573,1299,1872
920,1352,2272
833,981,1814
1612,664,2276
770,844,1614
409,734,1143
688,959,1647
1626,361,1987
602,1780,2382
342,1587,1929
732,1198,1930
1253,352,1605
318,1045,1363
30,1027,1057
721,797,1518
927,589,1516
1523,996,2519
330,1059,1389
620,1431,2051
540,978,1518
526,1265,1791
653,815,1468
624,968,1592
1079,370,1449
827,862,1689
833,1222,2055
740,763,1503
899,845,1744
1397,810,2207
747,861,1608
542,1198,1740
895,817,1712
682,995,1677
1093,717,1810
1174,594,1768
740,816,1556
532,2244,2776
1207,566,1773
351,2111,2462
917,909,1826
1525,899,2424
1189,389,1578
308,395,703
859,1033,1892
899,845,1744
511,568,1079
473,664,1137
94,869,963
816,556,1372
1676,1329,3005
290,658,948
593,2019,2612
77,1074,1151
928,599,1527
630,430,1060
554,563,1117
17,1242,1259
855,1359,2214
762,522,1284
857,933,1790
605,552,1157
295,779,1074
708,856,1564
47,730,777
897,1324,2221
191,617,808
315,1189,1504
1852,732,2584
24,603,627
626,669,1295
355,1119,1474
44,884,928
1197,557,1754
223,505,728
268,1493,1761
51,1851,1902
898,1033,1931
1878,1088,2966
148,824,972
886,776,1662
558,1112,1670
359,669,1028
1816,1206,3022
187,825,1012
73,1812,1885
293,1363,1656
1064,868,1932
290,497,787
1087,814,1901
619,630,1249
555,898,1453
419,823,1242
651,776,1427
1202,915,2117
809,631,1440
323,1324,1647
242,905,1147
190,1373,1563
890,689,1579
282,971,1253
529,869,1398
529,793,1322
412,1327,1739
736,587,1323
407,1151,1558
696,958,1654
576,1070,1646
500,636,1136
838,654,1492
648,824,1472
834,1217,2051
553,997,1550
838,845,1683
755,817,1572
780,817,1597
922,887,1809
425,719,1144
691,686,1377
1177,502,1679
794,783,1577
646,482,1128
632,637,1269
785,508,1293
937,791,1728
389,304,693
880,1093,1973
820,958,1778
853,705,1558
742,868,1610
709,824,1533
519,1030,1549
576,913,1489
376,1146,1522
948,432,1380
387,700,1087
424,299,723
674,830,1504
327,1742,2069
556,619,1175
420,626,1046
187,1018,1205
740,1341,2081
907,1238,2145
459,698,1157
518,191,709
474,430,904
454,893,1347
601,785,1386
514,822,1336
516,632,1148
1089,1159,2248
494,1456,1950
502,1172,1674
1649,1963,3612
872,346,1218
760,1480,2240
625,637,1262
420,714,1134
1713,2345,4058
521,1265,1786
713,1018,1731
1380,2180,3560
75,608,683
466,749,1215
217,773,990
323,720,1043
78,1056,1134
51,1161,1212
494,699,1193
876,732,1608
1852,741,2593
241,926,1167
521,748,1269
499,958,1457
2261,535,2796
260,943,1203
486,748,1234
1149,1273,2422
515,981,1496
192,595,787
323,967,1290
667,503,1170
845,521,1366
1752,599,2351
636,818,1454
300,673,973
357,641,998
1081,1421,2502
1031,800,1831
1008,526,1534
375,535,910
991,1468,2459
485,521,1006
1316,1234,2550
513,518,1031
341,657,998
818,1383,2201
191,891,1082
426,790,1216
561,508,1069
570,965,1535
279,486,765
1189,1368,2557
420,1275,1695
714,470,1184
723,2301,3024
407,755,1162
694,727,1421
1059,1101,2160
1032,1194,2226
496,336,832
754,1497,2251
485,816,1301
538,1338,1876
87,512,599
1289,1987,3276
308,1135,1443
138,507,645
535,1817,2352
536,667,1203
455,1141,1596
185,526,711
623,735,1358
745,1162,1907
1173,2049,3222
435,360,795
624,754,1378
333,356,689
562,2099,2661
419,959,1378
465,1416,1881
455,1093,1548
1285,763,2048
1005,713,1718
2041,818,2859
668,1270,1938
588,598,1186
1084,1405,2489
1237,737,1974
168,1065,1233
1667,899,2566
997,791,1788
1080,704,1784
430,992,1422
946,846,1792
542,718,1260
979,1411,2390
387,341,728
1882,703,2585
980,1399,2379
843,636,1479
804,780,1584
1414,1263,2677
1557,1281,2838
814,647,1461
160,843,1003
754,709,1463
696,494,1190
929,726,1655
1113,662,1775
492,1292,1784
1929,1126,3055
759,622,1381
715,511,1226
1295,669,1964
899,600,1499
904,711,1615
1105,422,1527
1232,320,1552
1142,1051,2193
519,1400,1919
631,619,1250
957,430,1387
1156,2203,3359
1004,491,1495
453,808,1261
672,2378,3050
1306,365,1671
1497,481,1978
668,2324,2992
1106,1571,2677
953,1007,1960
478,1312,1790
1118,804,1922
1284,2008,3292
1598,1135,2733
1118,629,1747
772,476,1248
949,691,1640
789,622,1411
228,602,830
647,899,1546
1038,727,1765
203,590,793
2131,378,2509
824,507,1331
702,920,1622
352,506,858
412,1105,1517
616,1466,2082
726,1049,1775
432,346,778
257,755,1012
141,1024,1165
1489,558,2047
970,518,1488
1253,1763,3016
534,772,1306
641,1101,1742
243,763,1006
457,370,827
487,1098,1585
296,759,1055
314,904,1218
420,542,962
594,1148,1742
698,1468,2166
864,512,1376
181,1270,1451
510,584,1094
682,1119,1801
910,683,1593
208,715,923
137,501,638
373,1779,2152
494,818,1312
2190,1184,3374
185,694,879
435,675,1110
503,1007,1510
166,1541,1707
930,676,1606
470,1173,1643
944,445,1389
785,1588,2373
359,630,989
788,831,1619
414,536,950
1096,1495,2591
636,1066,1702
633,1241,1874
290,1117,1407
1132,641,1773
2013,1268,3281
403,667,1070
732,722,1454
307,666,973
250,721,971
1560,680,2240
1049,449,1498
529,693,1222
295,928,1223
1483,707,2190
955,316,1271
266,632,898
799,1207,2006
759,577,1336
572,395,967
1086,1327,2413
196,446,642
396,816,1212
1776,1654,3430
887,1232,2119
1113,1363,2476
574,770,1344
475,763,1238
1195,684,1879
461,1031,1492
944,1026,1970
767,686,1453
1214,304,1518
256,683,939
436,1106,1542
1253,311,1564
557,432,989
681,1552,2233
547,878,1425
799,313,1112
536,1514,2050
277,844,1121
375,158,533
516,209,725
523,1683,2206
677,1333,2010
558,1552,2110
80,609,689
1000,2166,3166
533,1372,1905
505,2068,2573
1017,1831,2848
561,1317,1878
89,207,296
1360,354,1714
640,1267,1907
575,1875,2450
54,733,787
678,1784,2462
1356,2141,3497
1737,321,2058
148,554,702
1828,720,2548
1403,606,2009
207,910,1117
366,1468,1834
1098,986,2084
1137,2267,3404
168,898,1066
659,334,993
538,1226,1764
281,829,1110
609,525,1134
1514,612,2126
484,676,1160
1278,917,2195
1412,1493,2905
928,283,1211
173,783,956
1172,547,1719
288,311,599
1444,341,1785
1409,641,2050
277,896,1173
474,242,716
1172,848,2020
514,287,801
95,1170,1265
128,905,1033
1043,2196,3239
98,497,595
623,1447,2070
1229,2063,3292
503,277,780
92,716,808
681,1453,2134
214,795,1009
32,1073,1105
119,702,821
35,766,801
440,200,640
360,813,1173
425,806,1231
2077,1158,3235
708,481,1189
295,713,1008
54,452,506
1970,945,2915
523,647,1170
84,605,689
2236,1049,3285
541,763,1304
1437,1786,3223
768,617,1385
1114,1097,2211
949,899,1848
203,579,782
859,860,1719
96,620,716
1347,292,1639
2001,728,2729
351,692,1043
1154,1817,2971
785,660,1445
562,674,1236
1007,1966,2973
420,636,1056
53,904,957
598,1617,2215
98,533,631
726,967,1693
511,594,1105
711,1463,2174
971,999,1970
697,896,1593
420,737,1157
1365,929,2294
371,1141,1512
119,714,833
702,787,1489
570,691,1261
222,807,1029
603,1596,2199
581,485,1066
1643,701,2344
462,1112,1574
158,853,1011
463,1095,1558
507,850,1357
903,873,1776
424,965,1389
534,801,1335
1731,751,2482
391,569,960
1292,536,1828
733,627,1360
444,845,1289
813,829,1642
506,1006,1512
859,784,1643
1302,757,2059
682,740,1422
595,668,1263
529,913,1442
530,800,1330
659,684,1343
953,1891,2844
385,776,1161
1321,900,2221
737,428,1165
687,626,1313
961,661,1622
522,683,1205
665,591,1256
473,918,1391
662,1447,2109
727,775,1502
264,429,693
383,311,694
780,891,1671
1170,722,1892
678,656,1334
204,525,729
397,322,719
30,1685,1715
709,1514,2223
72,1830,1902
23,766,789
241,584,825
618,1401,2019
44,674,718
962,1140,2102
780,510,1290
921,741,1662
231,911,1142
366,816,1182
1643,888,2531
736,659,1395
766,680,1446
1702,527,2229
29,450,479
429,1099,1528
566,849,1415
32,1319,1351
356,1325,1681
792,922,1714
49,652,701
768,830,1598
1144,621,1765
42,649,691
747,905,1652
175,717,892
1261,1002,2263
312,677,989
132,734,866
314,827,1141
26,982,1008
191,1536,1727
22,1098,1120
391,524,915
177,982,1159
1535,1115,2650
29,884,913
472,643,1115
1139,597,1736
374,1273,1647
519,1566,2085
335,874,1209
238,666,904
440,697,1137
84,1258,1342
295,899,1194
480,866,1346
711,646,1357
466,1070,1536
360,615,975
492,1956,2448
662,661,1323
368,907,1275
633,606,1239
25,1073,1098
468,675,1143
552,1072,1624
762,620,1382
408,638,1046
1193,1530,2723
751,458,1209
511,703,1214
915,1248,2163
518,494,1012
53,1433,1486
625,1044,1669
688,1933,2621
383,1387,1770
780,480,1260
857,718,1575
947,880,1827
449,736,1185
1153,1014,2167
496,549,1045
786,452,1238
1242,614,1856
535,720,1255
702,1705,2407
312,1145,1457
1143,1016,2159
477,609,1086
831,936,1767
716,902,1618
390,883,1273
384,763,1147
897,1010,1907
1059,780,1839
676,826,1502
301,491,792
755,714,1469
912,928,1840
1012,994,2006
857,489,1346
961,1031,1992
555,1568,2123
22,815,837
728,808,1536
1379,1118,2497
380,653,1033
1309,321,1630
707,440,1147
561,1239,1800
555,334,889
330,523,853
479,605,1084
111,1794,1905
563,1396,1959
1555,1437,2992
828,361,1189
765,972,1737
881,922,1803
662,474,1136
556,679,1235
181,1163,1344
312,635,947
617,978,1595
690,803,1493
249,650,899
416,1147,1563
778,1299,2077
181,814,995
387,1164,1551
1474,1055,2529
743,825,1568
259,469,728
142,1340,1482
1480,1147,2627
882,746,1628
221,1017,1238
424,1386,1810
803,635,1438
629,1777,2406
1050,961,2011
466,938,1404
419,522,941
846,825,1671
1028,1498,2526
131,1259,1390
1085,1008,2093
711,378,1089
247,587,834
1141,819,1960
1034,733,1767
595,732,1327
312,830,1142
1196,830,2026
922,1380,2302
628,857,1485
879,2222,3101
774,611,1385
86,1465,1551
995,708,1703
361,589,950
372,944,1316
585,640,1225
1046,1444,2490
558,667,1225
399,1027,1426
1237,2262,3499
1530,896,2426
110,1698,1808
484,704,1188
1200,1829,3029
637,854,1491
303,825,1128
1456,1030,2486
954,653,1607
1158,580,1738
1279,1799,3078
270,1764,2034
685,316,1001
560,957,1517
2036,1150,3186
401,777,1178
719,547,1266
1252,885,2137
475,732,1207
1405,916,2321
877,1753,2630
447,723,1170
732,1477,2209
623,721,1344
459,892,1351
569,890,1459
815,646,1461
350,1134,1484
202,785,987
1422,850,2272
610,932,1542
1069,1622,2691
1338,887,2225
576,770,1346
1713,901,2614
580,807,1387
922,1060,1982
706,505,1211
1339,907,2246
786,900,1686
1702,830,2532
725,2009,2734
1410,522,1932
799,821,1620
786,515,1301
664,365,1029
659,2260,2919
973,356,1329
808,679,1487
477,987,1464
571,665,1236
710,717,1427
436,1289,1725
634,978,1612
604,717,1321
2136,723,2859
270,771,1041
618,581,1199
974,536,1510
1660,1797,3457
594,950,1544
505,755,1260
1654,1281,2935
883,628,1511
541,1013,1554
743,339,1082
877,450,1327
635,1516,2151
956,1558,2514
610,611,1221
581,530,1111
298,481,779
782,1520,2302
1779,1592,3371
511,1505,2016
414,1586,2000
667,1314,1981
393,1202,1595
762,1154,1916
1928,1146,3074
771,2087,2858
274,1506,1780
1219,648,1867
1060,1219,2279
1190,1825,3015
207,1309,1516
256,389,645
1331,347,1678
1265,1128,2393
209,1365,1574
757,1043,1800
1486,457,1943
449,1191,1640
2029,420,2449
881,333,1214
566,620,1186
279,723,1002
1598,281,1879
547,1583,2130
1065,408,1473
800,1303,2103
287,767,1054
588,824,1412
421,1506,1927
953,1460,2413
272,1277,1549
1105,504,1609
457,1203,1660
308,778,1086
415,1248,1663
555,1956,2511
1224,459,1683
670,452,1122
1257,840,2097
1319,388,1707
429,1077,1506
1437,447,1884
1057,780,1837
829,912,1741
1183,768,1951
1355,2010,3365
1716,639,2355
1328,2020,3348
84,922,1006
1088,593,1681
1290,603,1893
1547,689,2236
1149,893,2042
1600,547,2147
106,759,865
58,825,883
20,773,793
135,1083,1218
92,745,837
1316,553,1869
1092,980,2072
80,770,850
51,669,720
82,1049,1131
29,817,846
279,410,689
742,741,1483
58,991,1049
64,834,898
56,789,845
1728,1688,3416
490,753,1243
175,784,959
412,411,823
1351,1468,2819
1198,652,1850
29,894,923
38,899,937
474,400,874
75,803,878
530,640,1170
486,518,1004
394,493,887
1965,754,2719
231,948,1179
376,856,1232
702,385,1087
619,424,1043
846,729,1575
1380,2272,3652
490,545,1035
567,554,1121
462,1173,1635
898,513,1411
1039,567,1606
727,878,1605
133,484,617
271,913,1184
95,541,636
1155,730,1885
802,642,1444
609,1326,1935
1133,468,1601
622,733,1355
716,1492,2208
137,873,1010
908,944,1852
445,1566,2011
53,516,569
173,689,862
83,811,894
246,561,807
43,496,539
928,982,1910
68,839,907
165,911,1076
489,1820,2309
616,766,1382
215,959,1174
45,992,1037
276,593,869
621,508,1129
101,966,1067
253,852,1105
138,905,1043
580,659,1239
766,566,1332
155,830,985
285,931,1216
812,671,1483
662,537,1199
25,1974,1999
401,977,1378
820,1453,2273
617,679,1296
387,733,1120
400,1116,1516
125,1176,1301
444,516,960
312,843,1155
707,838,1545
85,2126,2211
358,1180,1538
881,602,1483
837,493,1330
739,1163,1902
595,715,1310
414,636,1050
334,838,1172
697,458,1155
138,2259,2397
390,834,1224
574,902,1476
448,964,1412
398,902,1300
932,1208,2140
611,723,1334
386,741,1127
1030,1224,2254
897,581,1478
1864,871,2735
758,782,1540
747,1316,2063
260,994,1254
1902,2017,3919
625,489,1114
262,894,1156
1053,808,1861
816,657,1473
1854,923,2777
998,827,1825
2037,960,2997
281,1074,1355
199,4225,4424
660,961,1621
538,837,1375
1042,629,1671
24,187,211
251,1010,1261
1091,804,1895
38,416,454
315,719,1034
733,981,1714
71,434,505
493,816,1309
51,935,986
626,1363,1989
625,1040,1665
413,840,1253
555,823,1378
1199,3418,4617
799,1199,1998
1025,1002,2027
121,465,586
819,553,1372
820,1948,2768
664,1170,1834
343,595,938
689,815,1504
893,876,1769
1721,3303,5024
285,1449,1734
596,679,1275
188,1302,1490
3978,1407,5385
308,1735,2043
151,627,778
680,775,1455
324,839,1163
1011,1097,2108
189,857,1046
365,1068,1433
1241,1527,2768
307,1240,1547
2868,1093,3961
636,1800,2436
475,1892,2367
892,402,1294
1443,1002,2445
2925,874,3799
872,1550,2422
425,1642,2067
405,1015,1420
754,674,1428
1254,594,1848
703,1115,1818
276,804,1080
1057,766,1823
1523,375,1898
808,1695,2503
730,715,1445
1024,546,1570
673,1207,1880
497,993,1490
504,1012,1516
1120,609,1729
1526,460,1986
488,1030,1518
661,1397,2058
282,909,1191
701,1555,2256
1246,1068,2314
272,1623,1895
557,1168,1725
1497,608,2105
915,913,1828
675,514,1189
577,1079,1656
690,1062,1752
511,1111,1622
299,1119,1418
1364,327,1691
513,749,1262
808,699,1507
1128,542,1670
567,738,1305
715,701,1416
550,1073,1623
1007,994,2001
669,1447,2116
689,832,1521
275,925,1200
845,492,1337
663,1386,2049
841,905,1746
937,504,1441
968,686,1654
908,943,1851
828,639,1467
918,1166,2084
540,712,1252
1395,688,2083
871,1428,2299
957,724,1681
433,537,970
409,1058,1467
819,944,1763
394,685,1079
597,1447,2044
553,944,1497
942,580,1522
1232,1346,2578
581,726,1307
91,1258,1349
448,654,1102
1351,491,1842
293,473,766
827,1210,2037
584,882,1466
650,675,1325
997,1205,2202
327,744,1071
514,1055,1569
775,756,1531
1131,672,1803
1261,1191,2452
820,565,1385
415,1454,1869
330,680,1010
394,707,1101
234,641,875
801,708,1509
547,732,1279
1090,642,1732
508,403,911
1395,1072,2467
928,836,1764
490,405,895
651,1006,1657
624,1117,1741
482,1485,1967
217,724,941
587,1085,1672
1011,463,1474
466,463,929
1196,775,1971
1188,891,2079
444,292,736
696,1672,2368
454,801,1255
465,909,1374
477,761,1238
493,780,1273
507,867,1374
829,1099,1928
546,801,1347
608,1065,1673
186,673,859
944,526,1470
189,932,1121
937,703,1640
383,961,1344
915,1059,1974
292,1018,1310
1006,318,1324
496,1593,2089
325,1404,1729
343,2687,3030
631,547,1178
695,1080,1775
1316,1273,2589
790,1022,1812
593,764,1357
426,698,1124
96,337,433
373,1778,2151
894,717,1611
145,1098,1243
921,548,1469
957,827,1784
1259,1483,2742
246,1031,1277
845,745,1590
752,590,1342
1233,1338,2571
681,528,1209
666,1314,1980
594,750,1344
146,665,811
467,710,1177
528,806,1334
373,2995,3368
868,1271,2139
874,536,1410
1081,1163,2244
342,3334,3676
620,748,1368
301,931,1232
985,1367,2352
2557,1177,3734
678,1737,2415
346,903,1249
1120,754,1874
214,880,1094
1008,2006,3014
640,647,1287
1071,549,1620
589,1368,1957
2538,1006,3544
853,502,1355
339,534,873
913,678,1591
731,310,1041
1703,1113,2816
474,542,1016
994,810,1804
443,348,791
1041,1032,2073
528,1305,1833
421,798,1219
852,844,1696
3306,400,3706
84,1157,1241
1211,1125,2336
672,698,1370
1843,751,2594
248,1453,1701
1192,1184,2376
864,769,1633
471,1275,1746
762,567,1329
467,1249,1716
1224,1045,2269
723,679,1402
886,914,1800
1138,299,1437
456,328,784
797,609,1406
1106,268,1374
568,366,934
406,1931,2337
357,2099,2456
462,258,720
739,1657,2396
972,1845,2817
706,551,1257
1099,1321,2420
439,1225,1664
1057,1298,2355
124,916,1040
659,345,1004
704,1228,1932
970,1354,2324
95,920,1015
356,403,759
24,1369,1393
1709,226,1935
684,1265,1949
588,1683,2271
1256,1634,2890
788,553,1341
439,2175,2614
1507,1351,2858
552,832,1384
160,772,932
1031,526,1557
1806,655,2461
1646,504,2150
235,287,522
135,950,1085
1400,457,1857
485,1876,2361
157,830,987
1182,586,1768
100,471,571
957,1621,2578
325,2251,2576
176,1006,1182
813,790,1603
505,717,1222
238,1217,1455
505,717,1222
1313,640,1953
606,853,1459
2122,415,2537
1207,682,1889
55,917,972
425,553,978
1275,807,2082
845,1019,1864
777,639,1416
593,417,1010
627,2237,2864
361,846,1207
712,382,1094
575,617,1192
408,1139,1547
59,478,537
301,833,1134
841,1217,2058
151,1240,1391
1768,721,2489
517,955,1472
274,711,985
311,391,702
180,488,668
671,1320,1991
287,981,1268
586,736,1322
342,2331,2673
1023,1859,2882
1725,802,2527
755,710,1465
422,997,1419
139,560,699
389,504,893
387,1301,1688
324,1197,1521
380,690,1070
1587,1558,3145
935,1955,2890
258,817,1075
982,708,1690
739,932,1671
424,675,1099
325,848,1173
754,808,1562
251,914,1165
117,1013,1130
2027,1395,3422
739,2157,2896
809,1022,1831
260,1394,1654
449,1333,1782
388,863,1251
357,729,1086
551,829,1380
281,757,1038
348,1174,1522
2250,1188,3438
1191,1102,2293
1430,1177,2607
738,1099,1837
589,1129,1718
576,692,1268
694,715,1409
602,694,1296
712,1069,1781
938,1181,2119
1125,858,1983
818,725,1543
1623,1007,2630
625,971,1596
509,679,1188
24,1052,1076
799,1046,1845
1159,976,2135
230,1226,1456
1259,962,2221
1897,979,2876
594,775,1369
573,1108,1681
1079,915,1994
830,894,1724
1054,1012,2066
860,779,1639
693,855,1548
755,1098,1853
440,779,1219
616,1100,1716
684,998,1682
870,1065,1935
446,1050,1496
947,1832,2779
995,719,1714
922,872,1794
567,755,1322
1264,1421,2685
636,657,1293
737,845,1582
536,819,1355
604,670,1274
938,781,1719
1033,683,1716
939,862,1801
886,1382,2268
660,976,1636
871,869,1740
838,869,1707
957,620,1577
612,654,1266
533,769,1302
534,876,1410
1466,475,1941
885,817,1702
593,885,1478
778,1228,2006
830,522,1352
886,581,1467
790,619,1409
616,770,1386
710,807,1517
788,424,1212
595,768,1363
476,1164,1640
586,854,1440
799,1292,2091
770,852,1622
662,1192,1854
779,707,1486
658,699,1357
757,967,1724
668,867,1535
435,858,1293
1297,572,1869
738,1274,2012
1125,1059,2184
571,1081,1652
752,377,1129
1012,548,1560
882,1031,1913
46,720,766
682,653,1335
917,468,1385
569,1046,1615
128,676,804
328,997,1325
441,2117,2558
425,951,1376
474,1044,1518
615,931,1546
455,2505,2960
228,671,899
940,459,1399
649,1426,2075
302,854,1156
1111,903,2014
865,779,1644
439,1241,1680
560,547,1107
185,673,858
680,2354,3034
442,657,1099
405,571,976
525,1236,1761
673,1092,1765
1112,1137,2249
702,545,1247
737,1084,1821
611,648,1259
599,605,1204
1909,1016,2925
295,1370,1665
558,860,1418
415,1088,1503
417,1137,1554
969,733,1702
1248,1148,2396
478,802,1280
873,700,1573
146,660,806
2420,730,3150
729,840,1569
273,847,1120
993,734,1727
454,1287,1741
1028,543,1571
698,1189,1887
591,1042,1633
1054,844,1898
268,866,1134
2156,865,3021
255,1090,1345
882,656,1538
1032,891,1923
1364,427,1791
245,1010,1255
778,930,1708
568,694,1262
502,1041,1543
626,760,1386
307,743,1050
683,1182,1865
1165,505,1670
1011,919,1930
533,1217,1750
636,627,1263
703,864,1567
429,1363,1792
636,551,1187
180,916,1096
978,725,1703
752,1110,1862
311,740,1051
776,796,1572
700,408,1108
518,936,1454
886,960,1846
862,1169,2031
66,554,620
670,802,1472
765,687,1452
498,926,1424
205,1299,1504
20,772,792
651,1461,2112
453,1313,1766
956,720,1676
52,947,999
315,567,882
648,1166,1814
1195,673,1868
772,944,1716
339,1236,1575
680,584,1264
168,1060,1228
984,1377,2361
962,1047,2009
362,705,1067
159,911,1070
685,502,1187
1099,1335,2434
976,727,1703
397,928,1325
628,526,1154
635,662,1297
702,1475,2177
127,1117,1244
824,703,1527
927,508,1435
1407,957,2364
622,1700,2322
359,708,1067
592,515,1107
584,761,1345
1063,1464,2527
287,1216,1503
828,540,1368
940,730,1670
1132,745,1877
416,1099,1515
616,722,1338
349,747,1096
859,1093,1952
843,931,1774
846,734,1580
507,694,1201
243,725,968
1279,756,2035
445,1764,2209
547,1317,1864
432,905,1337
1446,696,2142
492,1755,2247
794,1033,1827
581,661,1242
670,688,1358
834,852,1686
762,714,1476
949,1241,2190
268,831,1099
1277,647,1924
513,1492,2005
541,1583,2124
727,993,1720
394,847,1241
483,727,1210
419,892,1311
343,864,1207
840,1074,1914
481,904,1385
1065,834,1899
1069,1290,2359
823,965,1788
573,921,1494
452,1094,1546
601,983,1584
628,853,1481
580,1070,1650
496,1024,1520
741,895,1636
1113,1312,2425
1676,772,2448
784,631,1415
880,1092,1972
487,1509,1996
557,1157,1714
1007,245,1252
830,784,1614
421,1869,2290
839,258,1097
1598,1189,2787
909,704,1613
585,1760,2345
801,1108,1909
308,924,1232
956,535,1491
1302,842,2144
806,984,1790
666,527,1193
722,1013,1735
1410,1097,2507
1453,575,2028
710,1052,1762
450,1110,1560
306,283,589
651,1051,1702
678,1771,2449
1463,1341,2804
1569,537,2106
717,1562,2279
930,915,1845
901,1504,2405
954,999,1953
624,569,1193
138,1122,1260
1207,2059,3266
208,861,1069
194,1178,1372
1249,1757,3006
527,710,1237
898,1639,2537
1238,1508,2746
699,911,1610
1073,1259,2332
251,1113,1364
925,1755,2680
438,724,1162
913,1468,2381
386,1154,1540
570,824,1394
673,1095,1768
1479,894,2373
989,1346,2335
1027,426,1453
891,607,1498
341,880,1221
1304,640,1944
423,1277,1700
1094,1766,2860
1490,852,2342
747,559,1306
648,488,1136
245,1307,1552
1353,947,2300
1165,698,1863
732,1904,2636
968,322,1290
898,1827,2725
941,489,1430
1484,670,2154
630,517,1147
554,381,935
1661,528,2189
1334,384,1718
1015,1273,2288
685,1550,2235
753,531,1284
1137,345,1482
593,2541,3134
1728,572,2300
537,421,958
1105,2038,3143
1333,972,2305
1700,572,2272
1185,2031,3216
1795,731,2526
1536,1299,2835
1216,685,1901
1965,611,2576
1551,206,1757
971,584,1555
1719,701,2420
86,396,482
1179,668,1847
1417,668,2085
952,729,1681
123,442,565
962,729,1691
188,718,906
114,933,1047
101,941,1042
283,834,1117
1211,485,1696
131,916,1047
373,825,1198
256,363,619
187,1103,1290
70,1132,1202
1781,1244,3025
1054,715,1769
255,507,762
159,860,1019
73,949,1022
517,615,1132
154,594,748
118,1117,1235
363,775,1138
1752,1026,2778
197,976,1173
448,803,1251
82,1226,1308
389,975,1364
350,984,1334
194,693,887
252,979,1231
877,659,1536
401,493,894
74,1560,1634
544,927,1471
36,1670,1706
43,972,1015
767,549,1316
213,893,1106
661,518,1179
900,873,1773
628,709,1337
873,539,1412
123,1237,1360
615,696,1311
695,1001,1696
846,530,1376
346,940,1286
685,448,1133
443,495,938
333,294,627
420,798,1218
1002,875,1877
372,346,718
624,811,1435
646,1435,2081
1042,914,1956
452,879,1331
339,1489,1828
741,1499,2240
1061,848,1909
497,1227,1724
478,1294,1772
382,355,737
784,870,1654
1040,527,1567
377,307,684
437,1068,1505
407,638,1045
600,1178,1778
464,455,919
346,1206,1552
238,614,852
709,1078,1787
804,826,1630
722,1219,1941
767,1593,2360
798,1092,1890
537,920,1457
495,423,918
1076,1338,2414
733,743,1476
1139,692,1831
1376,665,2041
1540,1423,2963
806,2068,2874
936,721,1657
1397,881,2278
290,872,1162
711,608,1319
1042,467,1509
558,1407,1965
258,1049,1307
716,474,1190
216,488,704
259,652,911
933,834,1767
697,1088,1785
1120,1447,2567
1138,1463,2601
529,767,1296
827,1159,1986
285,907,1192
465,862,1327
900,1047,1947
350,440,790
132,1712,1844
469,296,765
1282,729,2011
541,448,989
997,1246,2243
338,604,942
569,973,1542
718,465,1183
729,282,1011
189,1119,1308
875,872,1747
779,602,1381
1366,702,2068
1318,966,2284
592,648,1240
415,703,1118
771,1579,2350
1591,875,2466
745,609,1354
232,960,1192
1461,1166,2627
846,700,1546
288,975,1263
788,605,1393
76,285,361
965,1102,2067
538,1679,2217
1219,374,1593
692,786,1478
876,718,1594
857,1075,1932
724,1186,1910
29,216,245
90,695,785
492,1076,1568
203,1729,1932
1980,1459,3439
427,729,1156
779,541,1320
637,880,1517
865,341,1206
1000,611,1611
159,1141,1300
139,905,1044
1348,1631,2979
1275,908,2183
766,1095,1861
285,1059,1344
58,371,429
1527,912,2439
971,1139,2110
107,809,916
542,769,1311
852,1602,2454
285,1053,1338
620,1013,1633
622,738,1360
911,455,1366
1667,684,2351
291,1033,1324
149,844,993
538,725,1263
1296,1028,2324
560,1121,1681
108,728,836
939,578,1517
393,931,1324
215,698,913
631,625,1256
525,1565,2090
821,1161,1982
1183,786,1969
807,742,1549
276,1240,1516
1055,928,1983
447,725,1172
661,332,993
576,489,1065
799,923,1722
713,685,1398
1384,797,2181
630,604,1234
983,324,1307
168,1540,1708
386,787,1173
566,467,1033
923,873,1796
823,922,1745
641,597,1238
556,589,1145
859,915,1774
771,295,1066
464,946,1410
646,1047,1693
854,766,1620
489,1124,1613
104,608,712
901,1973,2874
386,1891,2277
254,674,928
1046,331,1377
1037,1474,2511
637,993,1630
849,897,1746
562,1076,1638
381,632,1013
623,731,1354
464,1116,1580
310,877,1187
409,491,900
65,554,619
331,1487,1818
492,653,1145
710,834,1544
1457,1020,2477
681,1324,2005
954,807,1761
724,1033,1757
394,844,1238
636,852,1488
110,737,847
688,836,1524
853,1094,1947
520,1491,2011
1560,497,2057
410,495,905
750,853,1603
233,894,1127
175,868,1043
918,646,1564
649,664,1313
698,1485,2183
1354,750,2104
817,915,1732
307,773,1080
962,1389,2351
641,668,1309
572,793,1365
688,1304,1992
451,778,1229
673,904,1577
1046,1334,2380
664,1789,2453
285,938,1223
1119,1083,2202
681,754,1435
730,746,1476
763,434,1197
417,816,1233
1417,942,2359
735,977,1712
845,692,1537
803,639,1442
1353,1878,3231
975,911,1886
780,785,1565
498,1562,2060
1198,855,2053
534,969,1503
498,1060,1558
524,887,1411
1228,979,2207
689,1022,1711
782,1135,1917
1228,834,2062
428,885,1313
861,850,1711
869,1236,2105
510,870,1380
725,818,1543
664,729,1393
1605,428,2033
1604,701,2305
741,297,1038
721,1027,1748
1452,494,1946
451,767,1218
704,323,1027
827,840,1667
713,1069,1782
918,739,1657
781,484,1265
907,517,1424
322,1015,1337
798,929,1727
1115,479,1594
879,516,1395
339,1001,1340
684,399,1083
657,407,1064
828,478,1306
834,599,1433
538,834,1372
475,539,1014
817,633,1450
650,896,1546
404,1088,1492
542,1016,1558
222,566,788
715,582,1297
897,1191,2088
362,790,1152
948,585,1533
473,552,1025
439,1549,1988
692,2167,2859
903,1140,2043
360,1247,1607
741,1474,2215
207,1339,1546
424,1289,1713
220,1089,1309
663,1686,2349
238,1492,1730
473,1054,1527
644,1394,2038
263,1717,1980
446,1904,2350
568,1991,2559
660,1391,2051
406,1102,1508
668,1181,1849
835,1819,2654
617,1594,2211
896,1848,2744
525,1408,1933
784,763,1547
457,1247,1704
1558,1157,2715
429,1145,1574
891,1204,2095
1014,1396,2410
372,1689,2061
1069,645,1714
660,1596,2256
817,1015,1832
984,441,1425
1281,1114,2395
946,1442,2388
1379,484,1863
1188,738,1926
1755,552,2307
1367,522,1889
887,1419,2306
514,1167,1681
1639,657,2296
1232,411,1643
1622,379,2001
875,513,1388
1260,330,1590
1501,551,2052
1797,658,2455
1332,1206,2538
921,543,1464
938,739,1677
1593,943,2536
1451,327,1778
1158,612,1770
923,552,1475
1206,950,2156
31,600,631
1252,871,2123
1134,805,1939
939,1077,2016
20,365,385
929,1112,2041
1900,164,2064
785,887,1672
27,581,608
23,540,563
1530,403,1933
372,517,889
1745,442,2187
1355,865,2220
50,173,223
417,602,1019
80,1011,1091
57,1022,1079
81,370,451
50,1005,1055
119,627,746
141,488,629
438,547,985
231,751,982
234,837,1071
227,818,1045
121,1010,1131
597,753,1350
864,345,1209
127,402,529
35,1389,1424
880,355,1235
198,630,828
220,673,893
1534,730,2264
698,373,1071
1259,572,1831
236,471,707
187,841,1028
649,567,1216
287,525,812
564,741,1305
502,646,1148
539,361,900
153,296,449
133,1707,1840
211,776,987
27,1363,1390
440,1002,1442
713,772,1485
75,1697,1772
575,1060,1635
452,842,1294
342,371,713
175,502,677
18,1915,1933
287,1391,1678
669,1049,1718
324,1188,1512
706,928,1634
363,1391,1754
671,732,1403
724,1065,1789
562,830,1392
631,1194,1825
209,1894,2103
846,677,1523
46,1945,1991
620,840,1460
1074,916,1990
402,504,906
532,985,1517
333,2006,2339
597,697,1294
1179,1032,2211
1453,822,2275
756,541,1297
1076,503,1579
901,752,1653
1360,1000,2360
415,973,1388
954,438,1392
1361,468,1829
229,765,994
1001,686,1687
1637,770,2407
1312,746,2058
705,655,1360
755,804,1559
329,659,988
867,780,1647
537,569,1106
627,319,946
303,1150,1453
185,1530,1715
658,711,1369
1774,690,2464
488,1058,1546
1033,580,1613
1839,971,2810
780,1391,2171
579,712,1291
350,1167,1517
1678,872,2550
540,625,1165
1011,757,1768
789,1226,2015
724,666,1390
800,964,1764
592,456,1048
366,1410,1776
742,1072,1814
683,1229,1912
313,636,949
243,478,721
636,1167,1803
388,753,1141
639,1029,1668
535,1151,1686
195,1035,1230
420,1747,2167
766,975,1741
576,1010,1586
890,1061,1951
224,881,1105
410,758,1168
33,1232,1265
605,753,1358
572,746,1318
699,565,1264
1376,1038,2414
357,1131,1488
52,1361,1413
1211,892,2103
60,1024,1084
497,716,1213
1003,976,1979
498,756,1254
671,855,1526
978,502,1480
1126,1139,2265
905,666,1571
151,1444,1595
1652,891,2543
458,683,1141
614,617,1231
740,1026,1766
802,666,1468
848,893,1741
710,913,1623
632,1028,1660
22,1583,1605
727,1191,1918
946,791,1737
428,510,938
747,1086,1833
823,695,1518
1061,742,1803
516,954,1470
573,746,1319
843,1325,2168
772,502,1274
879,791,1670
580,727,1307
845,1016,1861
1186,963,2149
629,498,1127
828,630,1458
283,1858,2141
1349,893,2242
612,664,1276
685,1054,1739
750,477,1227
269,325,594
470,892,1362
364,399,763
297,456,753
638,1013,1651
846,1614,2460
1071,1167,2238
720,987,1707
352,515,867
1064,883,1947
1595,1098,2693
620,890,1510
1222,1215,2437
400,377,777
665,594,1259
1027,713,1740
244,479,723
1196,839,2035
1724,848,2572
465,607,1072
922,770,1692
668,1005,1673
955,869,1824
1532,718,2250
495,415,910
853,1286,2139
777,993,1770
864,557,1421
1007,1216,2223
393,945,1338
628,738,1366
492,525,1017
858,1242,2100
489,967,1456
763,593,1356
173,744,917
784,511,1295
781,488,1269
248,496,744
1004,1056,2060
520,952,1472
533,1119,1652
927,533,1460
886,856,1742
218,748,966
646,402,1048
753,781,1534
413,629,1042
538,447,985
545,1208,1753
1102,525,1627
675,480,1155
988,848,1836
337,855,1192
284,562,846
433,877,1310
115,796,911
590,727,1317
855,888,1743
1171,562,1733
829,544,1373
707,704,1411
476,548,1024
316,656,972
356,637,993
227,798,1025
450,655,1105
216,647,863
912,663,1575
530,2456,2986
618,547,1165
426,567,993
400,475,875
767,761,1528
491,667,1158
365,812,1177
185,859,1044
492,652,1144
514,1030,1544
22,2476,2498
638,710,1348
707,854,1561
603,446,1049
1046,879,1925
724,919,1643
724,705,1429
471,565,1036
180,598,778
509,709,1218
608,800,1408
161,806,967
283,741,1024
41,591,632
645,842,1487
337,833,1170
499,1045,1544
84,601,685
569,636,1205
287,898,1185
335,985,1320
452,424,876
817,470,1287
304,812,1116
739,935,1674
261,2516,2777
394,359,753
682,859,1541
326,818,1144
443,903,1346
557,871,1428
620,280,900
424,563,987
308,864,1172
764,411,1175
789,2530,3319
498,456,954
435,1156,1591
2398,1158,3556
780,638,1418
602,449,1051
2430,968,3398
668,1217,1885
648,550,1198
318,566,884
2270,450,2720
567,613,1180
309,1067,1376
495,935,1430
476,723,1199
773,423,1196
807,1196,2003
437,1175,1612
736,705,1441
396,910,1306
62,578,640
563,1193,1756
539,1058,1597
744,627,1371
348,844,1192
224,622,846
1080,306,1386
596,674,1270
971,782,1753
434,527,961
996,733,1729
261,805,1066
820,785,1605
248,1508,1756
630,987,1617
756,600,1356
737,458,1195
281,664,945
919,1035,1954
491,896,1387
414,1365,1779
946,879,1825
1049,987,2036
624,1409,2033
282,1319,1601
462,735,1197
1069,850,1919
837,1155,1992
391,765,1156
680,858,1538
664,1699,2363
702,1050,1752
676,591,1267
410,1206,1616
636,1033,1669
318,1336,1654
349,1263,1612
384,815,1199
1014,1687,2701
518,1334,1852
691,1273,1964
625,580,1205
522,1079,1601
610,1347,1957
756,788,1544
463,681,1144
189,1429,1618
542,469,1011
849,671,1520
647,1200,1847
962,822,1784
454,621,1075
806,481,1287
1314,725,2039
1552,1183,2735
423,618,1041
730,422,1152
262,1191,1453
555,667,1222
599,1368,1967
436,331,767
1251,714,1965
519,1308,1827
1159,823,1982
1478,970,2448
272,1212,1484
1358,391,1749
545,593,1138
378,423,801
1207,753,1960
184,349,533
1253,637,1890
671,1365,2036
1229,767,1996
1556,924,2480
828,862,1690
1102,1152,2254
408,604,1012
1039,775,1814
385,365,750
741,784,1525
1100,798,1898
261,776,1037
969,911,1880
936,851,1787
1015,1263,2278
635,543,1178
218,437,655
1330,934,2264
547,841,1388
1099,1231,2330
1525,646,2171
558,704,1262
520,556,1076
241,541,782
306,567,873
1159,885,2044
869,618,1487
724,737,1461
706,505,1211
748,766,1514
100,1436,1536
22,273,295
148,511,659
1055,1026,2081
57,417,474
1104,303,1407
604,1108,1712
330,813,1143
99,443,542
660,1031,1691
191,564,755
1158,931,2089
714,951,1665
567,1154,1721
625,847,1472
852,1053,1905
630,823,1453
537,1246,1783
637,969,1606
297,449,746
155,927,1082
507,560,1067
650,964,1614
640,993,1633
1405,850,2255
423,420,843
837,300,1137
391,842,1233
214,443,657
591,699,1290
535,1185,1720
669,600,1269
454,808,1262
413,537,950
892,324,1216
478,1081,1559
259,730,989
188,671,859
1121,517,1638
608,773,1381
92,939,1031
243,891,1134
840,601,1441
615,680,1295
797,586,1383
301,916,1217
326,866,1192
829,737,1566
800,764,1564
701,737,1438
773,598,1371
896,551,1447
473,804,1277
489,480,969
479,596,1075
737,539,1276
377,1063,1440
225,851,1076
387,272,659
641,599,1240
924,548,1472
267,944,1211
857,872,1729
615,565,1180
537,2773,3310
433,283,716
263,633,896
722,2318,3040
476,391,867
132,629,761
583,688,1271
468,519,987
849,559,1408
301,631,932
318,766,1084
111,414,525
356,970,1326
460,445,905
191,801,992
999,487,1486
555,1158,1713
700,887,1587
694,655,1349
145,1034,1179
902,2171,3073
201,484,685
629,635,1264
642,328,970
441,724,1165
512,862,1374
824,828,1652
595,597,1192
751,800,1551
577,812,1389
337,530,867
962,464,1426
433,1254,1687
496,499,995
179,725,904
412,1124,1536
471,1422,1893
548,999,1547
382,583,965
525,798,1323
384,1472,1856
742,421,1163
715,925,1640
298,2479,2777
773,760,1533
690,473,1163
130,507,637
2223,1106,3329
424,565,989
247,490,737
2146,1126,3272
965,747,1712
27,823,850
304,507,811
2283,775,3058
419,1510,1929
666,781,1447
355,335,690
711,287,998
265,561,826
615,791,1406
369,320,689
746,317,1063
1067,484,1551
134,771,905
581,322,903
369,419,788
408,1150,1558
808,778,1586
372,813,1185
419,820,1239
553,744,1297
747,528,1275
1407,849,2256
664,499,1163
135,314,449
412,288,700
782,2428,3210
698,840,1538
206,484,690
261,822,1083
583,1154,1737
660,433,1093
919,800,1719
262,598,860
615,548,1163
325,2433,2758
584,1162,1746
264,454,718
343,857,1200
330,1321,1651
347,1044,1391
561,1004,1565
189,690,879
688,535,1223
828,1939,2767
646,399,1045
61,550,611
784,532,1316
1036,758,1794
669,675,1344
626,1178,1804
222,785,1007
441,622,1063
2371,491,2862
189,587,776
749,1027,1776
711,645,1356
981,744,1725
1199,274,1473
407,372,779
1023,573,1596
625,490,1115
2296,575,2871
1299,1566,2865
432,508,940
1214,442,1656
1411,648,2059
476,682,1158
1060,540,1600
499,746,1245
1207,660,1867
510,823,1333
379,882,1261
795,485,1280
450,799,1249
584,533,1117
715,754,1469
2183,365,2548
696,713,1409
798,494,1292
1108,400,1508
165,634,799
90,490,580
679,684,1363
123,731,854
742,729,1471
237,556,793
969,557,1526
618,713,1331
245,716,961
521,294,815
112,909,1021
82,855,937
241,608,849
63,629,692
43,625,668
362,725,1087
685,1042,1727
72,1005,1077
371,568,939
444,793,1237
144,952,1096
472,558,1030
1379,1919,3298
411,602,1013
433,775,1208
523,574,1097
537,314,851
474,643,1117
88,883,971
476,652,1128
399,811,1210
150,625,775
704,2513,3217
501,693,1194
726,530,1256
761,682,1443
998,2243,3241
526,761,1287
247,706,953
885,448,1333
335,693,1028
534,475,1009
851,593,1444
674,626,1300
388,1103,1491
449,594,1043
396,699,1095
327,986,1313
436,1337,1773
326,479,805
514,1254,1768
235,607,842
629,865,1494
529,458,987
557,646,1203
378,610,988
580,542,1122
572,618,1190
392,1038,1430
765,953,1718
163,1122,1285
221,382,603
331,854,1185
761,801,1562
541,435,976
623,552,1175
740,495,1235
465,546,1011
563,593,1156
531,1241,1772
283,1273,1556
276,473,749
953,371,1324
1839,1382,3221
496,832,1328
845,929,1774
947,338,1285
867,551,1418
614,640,1254
240,1287,1527
393,1123,1516
693,452,1145
285,862,1147
2331,1251,3582
492,439,931
1108,726,1834
669,462,1131
354,544,898
354,694,1048
467,1486,1953
866,801,1667
272,466,738
383,608,991
1634,1196,2830
205,680,885
947,856,1803
469,473,942
171,788,959
553,764,1317
429,1466,1895
1161,679,1840
51,821,872
552,318,870
1180,1059,2239
351,693,1044
871,480,1351
337,992,1329
1019,752,1771
296,627,923
365,612,977
1472,699,2171
344,1009,1353
457,703,1160
659,820,1479
544,619,1163
764,485,1249
449,1014,1463
606,596,1202
861,1195,2056
439,836,1275
1272,1307,2579
716,1479,2195
54,870,924
1429,693,2122
844,1000,1844
1015,694,1709
854,703,1557
427,1188,1615
583,1491,2074
286,668,954
396,642,1038
999,850,1849
678,414,1092
562,1283,1845
1054,1707,2761
501,371,872
959,996,1955
1137,1604,2741
663,1200,1863
36,1360,1396
670,1538,2208
224,1297,1521
1325,1508,2833
786,1360,2146
128,878,1006
362,892,1254
611,873,1484
478,401,879
225,1388,1613
882,676,1558
851,860,1711
497,1071,1568
309,1265,1574
748,891,1639
294,1379,1673
911,739,1650
300,544,844
363,1375,1738
850,512,1362
732,983,1715
75,646,721
383,1284,1667
930,1809,2739
938,897,1835
266,1469,1735
370,1850,2220
490,919,1409
726,618,1344
1015,763,1778
1265,642,1907
729,1069,1798
1247,631,1878
578,773,1351
717,717,1434
1098,621,1719
499,1752,2251
506,1308,1814
762,622,1384
756,1321,2077
752,742,1494
298,771,1069
705,789,1494
114,654,768
660,641,1301
1141,732,1873
1215,1280,2495
1619,518,2137
240,677,917
1073,1324,2397
1663,639,2302
469,672,1141
605,616,1221
1266,670,1936
1304,585,1889
1205,1062,2267
282,569,851
408,1040,1448
1094,1415,2509
1106,379,1485
1313,969,2282
347,568,915
619,750,1369
564,1122,1686
1245,379,1624
1233,302,1535
517,479,996
1239,1335,2574
509,1098,1607
400,489,889
498,351,849
273,791,1064
912,626,1538
509,453,962
450,483,933
673,226,899
664,495,1159
542,512,1054
347,783,1130
396,957,1353
46,270,316
653,1484,2137
757,323,1080
668,561,1229
518,1059,1577
353,1790,2143
70,673,743
610,1068,1678
889,495,1384
845,1383,2228
748,252,1000
459,995,1454
19,274,293
621,826,1447
134,680,814
79,335,414
882,871,1753
975,597,1572
1054,754,1808
69,671,740
903,471,1374
18,442,460
1204,686,1890
1621,461,2082
238,520,758
190,581,771
60,872,932
1013,151,1164
570,889,1459
26,528,554
33,688,721
1262,463,1725
217,597,814
25,1046,1071
75,310,385
271,1196,1467
906,1099,2005
19,1081,1100
67,832,899
47,896,943
694,1007,1701
284,866,1150
395,632,1027
260,704,964
144,496,640
84,870,954
1060,1442,2502
324,1041,1365
459,827,1286
580,860,1440
863,351,1214
358,540,898
375,1106,1481
224,569,793
623,608,1231
872,630,1502
515,1111,1626
535,763,1298
738,653,1391
989,805,1794
969,393,1362
144,1039,1183
295,1004,1299
1128,595,1723
360,760,1120
681,441,1122
687,1030,1717
893,483,1376
402,953,1355
393,601,994
472,926,1398
487,925,1412
517,923,1440
763,560,1323
837,503,1340
522,305,827
817,849,1666
236,810,1046
268,1005,1273
191,431,622
815,677,1492
725,911,1636
356,749,1105
209,428,637
410,482,892
964,551,1515
506,540,1046
199,437,636
504,544,1048
715,470,1185
306,878,1184
744,649,1393
569,810,1379
524,540,1064
60,1200,1260
461,596,1057
655,900,1555
607,467,1074
205,1275,1480
724,597,1321
777,372,1149
110,950,1060
331,317,648
242,435,677
575,993,1568
675,447,1122
259,601,860
93,761,854
739,390,1129
299,915,1214
337,1216,1553
666,1205,1871
436,966,1402
793,812,1605
661,1072,1733
489,689,1178
317,619,936
705,931,1636
524,1024,1548
535,320,855
1122,770,1892
723,1837,2560
993,418,1411
887,613,1500
267,985,1252
1152,609,1761
135,1209,1344
589,693,1282
1173,608,1781
369,448,817
820,554,1374
847,645,1492
579,468,1047
497,1754,2251
821,549,1370
283,786,1069
486,539,1025
298,1119,1417
142,589,731
482,602,1084
370,1325,1695
667,444,1111
336,440,776
82,797,879
321,590,911
415,1344,1759
97,709,806
436,512,948
703,1048,1751
715,1512,2227
453,326,779
339,904,1243
98,801,899
597,644,1241
383,453,836
419,1174,1593
472,610,1082
269,488,757
1027,903,1930
926,1102,2028
438,232,670
376,606,982
946,949,1895
787,1293,2080
144,414,558
689,973,1662
748,389,1137
179,620,799
1242,531,1773
1237,821,2058
356,488,844
850,768,1618
1389,706,2095
1482,1217,2699
523,424,947
736,800,1536
733,696,1429
922,667,1589
1674,1333,3007
426,565,991
333,542,875
288,941,1229
430,858,1288
595,435,1030
333,966,1299
460,1243,1703
483,832,1315
1134,1216,2350
626,628,1254
272,860,1132
346,1101,1447
571,562,1133
795,1045,1840
491,436,927
641,359,1000
1060,696,1756
327,1491,1818
487,996,1483
799,381,1180
590,883,1473
597,596,1193
281,1165,1446
255,590,845
571,758,1329
842,1148,1990
314,592,906
478,1778,2256
875,463,1338
1146,484,1630
862,1493,2355
1048,1099,2147
573,949,1522
453,738,1191
51,1651,1702
769,1086,1855
369,610,979
633,605,1238
1017,669,1686
623,692,1315
973,1405,2378
373,1128,1501
354,562,916
1565,742,2307
706,732,1438
352,1094,1446
345,648,993
1222,436,1658
896,759,1655
201,830,1031
836,852,1688
271,1119,1390
1275,469,1744
718,800,1518
365,989,1354
467,334,801
477,652,1129
857,693,1550
502,635,1137
357,828,1185
920,666,1586
1137,978,2115
620,1524,2144
452,853,1305
953,471,1424
342,331,673
926,711,1637
514,785,1299
234,671,905
586,840,1426
1171,1639,2810
1428,1372,2800
355,772,1127
615,884,1499
469,695,1164
1008,606,1614
576,526,1102
177,872,1049
330,916,1246
510,593,1103
733,1504,2237
1596,1322,2918
470,802,1272
463,598,1061
424,423,847
658,548,1206
558,596,1154
351,882,1233
565,697,1262
861,1108,1969
630,565,1195
1368,1071,2439
692,577,1269
281,702,983
1170,437,1607
849,288,1137
791,456,1247
697,755,1452
653,611,1264
1757,403,2160
754,647,1401
890,319,1209
532,809,1341
761,701,1462
1267,507,1774
789,518,1307
913,641,1554
849,606,1455
253,930,1183
1342,599,1941
674,580,1254
850,572,1422
1214,600,1814
925,804,1729
49,613,662
393,673,1066
832,953,1785
649,840,1489
71,737,808
238,711,949
500,413,913
613,1287,1900
636,1261,1897
32,1019,1051
691,1271,1962
1290,1182,2472
724,1155,1879
653,1150,1803
592,1677,2269
841,1182,2023
32,1209,1241
39,1032,1071
296,964,1260
535,1672,2207
273,1018,1291
45,1340,1385
181,1092,1273
962,1326,2288
910,396,1306
644,620,1264
563,804,1367
232,1181,1413
684,381,1065
991,455,1446
822,585,1407
972,396,1368
926,543,1469
235,1175,1410
723,430,1153
395,1072,1467
238,995,1233
778,365,1143
596,909,1505
160,1463,1623
522,1085,1607
521,1137,1658
672,304,976
1011,689,1700
586,1051,1637
184,1531,1715
1047,518,1565
229,325,554
282,445,727
365,976,1341
921,789,1710
581,1078,1659
422,704,1126
801,774,1575
493,1275,1768
1053,2135,3188
1186,593,1779
111,535,646
633,427,1060
1083,387,1470
241,753,994
421,651,1072
1155,588,1743
883,2272,3155
1012,823,1835
1036,905,1941
325,770,1095
1327,585,1912
270,2223,2493
1167,529,1696
700,443,1143
1163,577,1740
831,607,1438
673,356,1029
988,1062,2050
966,439,1405
903,1165,2068
335,890,1225
56,548,604
184,436,620
718,579,1297
276,445,721
1103,716,1819
208,620,828
811,1628,2439
380,604,984
772,806,1578
575,390,965
725,1218,1943
190,819,1009
569,450,1019
65,374,439
547,586,1133
349,1383,1732
171,873,1044
2091,862,2953
526,612,1138
281,968,1249
559,481,1040
99,406,505
424,627,1051
668,1219,1887
49,742,791
2007,816,2823
783,548,1331
23,545,568
349,616,965
204,464,668
254,648,902
79,723,802
276,1179,1455
1570,927,2497
379,1183,1562
928,369,1297
47,959,1006
471,411,882
822,976,1798
666,572,1238
1083,406,1489
304,1620,1924
567,573,1140
695,558,1253
532,483,1015
660,587,1247
907,387,1294
376,541,917
827,463,1290
513,551,1064
333,246,579
472,1245,1717
554,517,1071
92,538,630
386,267,653
517,842,1359
379,1207,1586
277,251,528
329,204,533
366,211,577
678,789,1467
457,664,1121
932,655,1587
340,224,564
685,794,1479
686,959,1645
263,1580,1843
173,910,1083
782,1376,2158
426,750,1176
1150,501,1651
95,660,755
1538,877,2415
617,528,1145
539,651,1190
396,749,1145
622,464,1086
1032,660,1692
643,475,1118
1466,1044,2510
58,600,658
1130,852,1982
1626,888,2514
28,476,504
582,719,1301
673,600,1273
1236,810,2046
21,609,630
27,597,624
1186,1176,2362
28,516,544
1196,276,1472
28,668,696
218,547,765
159,509,668
262,498,760
1222,988,2210
47,749,796
137,322,459
662,1133,1795
279,587,866
476,587,1063
228,568,796
137,1134,1271
570,497,1067
159,888,1047
234,401,635
148,861,1009
1377,1140,2517
502,561,1063
626,310,936
514,560,1074
301,986,1287
616,451,1067
731,601,1332
410,696,1106
541,686,1227
1392,1909,3301
138,341,479
390,496,886
549,1475,2024
642,796,1438
122,425,547
748,734,1482
625,727,1352
609,600,1209
476,948,1424
23,237,260
1260,1804,3064
138,447,585
100,226,326
171,605,776
182,507,689
187,668,855
427,1106,1533
202,695,897
234,669,903
947,808,1755
468,1264,1732
419,681,1100
358,522,880
284,1563,1847
478,1225,1703
550,357,907
764,1744,2508
904,755,1659
842,981,1823
163,235,398
261,1143,1404
271,665,936
445,683,1128
421,985,1406
648,672,1320
203,686,889
268,2266,2534
125,751,876
494,1581,2075
182,742,924
461,994,1455
513,1863,2376
551,723,1274
611,953,1564
1422,878,2300
550,808,1358
832,778,1610
562,379,941
1245,696,1941
337,1033,1370
995,532,1527
475,355,830
391,1351,1742
616,784,1400
956,1163,2119
303,1077,1380
651,802,1453
1068,939,2007
1398,1876,3274
1066,913,1979
615,1183,1798
621,706,1327
859,769,1628
878,973,1851
252,1074,1326
731,347,1078
1620,1712,3332
225,1208,1433
1695,703,2398
946,978,1924
804,716,1520
805,891,1696
793,583,1376
720,803,1523
1312,648,1960
889,1723,2612
699,792,1491
471,1035,1506
694,1046,1740
365,1107,1472
802,514,1316
699,782,1481
1100,653,1753
1788,663,2451
53,872,925
925,815,1740
551,549,1100
846,759,1605
265,1047,1312
691,416,1107
774,895,1669
514,781,1295
750,417,1167
912,844,1756
838,487,1325
440,262,702
621,460,1081
1174,701,1875
1539,781,2320
211,261,472
623,921,1544
903,445,1348
423,1430,1853
268,298,566
840,307,1147
857,690,1547
780,1552,2332
179,299,478
458,1171,1629
633,371,1004
266,896,1162
194,397,591
666,386,1052
378,1107,1485
302,1046,1348
542,917,1459
1176,3585,4761
735,795,1530
492,1076,1568
570,1979,2549
658,836,1494
654,938,1592
332,549,881
1563,1013,2576
335,538,873
1681,3269,4950
898,477,1375
200,374,574
497,1593,2090
553,925,1478
304,552,856
213,684,897
490,1322,1812
385,795,1180
2058,2899,4957
940,444,1384
954,467,1421
683,1592,2275
833,856,1689
53,567,620
1064,465,1529
680,1344,2024
276,865,1141
1066,545,1611
937,1449,2386
677,612,1289
877,236,1113
1921,518,2439
1046,451,1497
108,763,871
1417,2786,4203
932,720,1652
865,1296,2161
297,760,1057
789,485,1274
275,875,1150
1512,756,2268
31,150,181
734,723,1457
517,677,1194
3187,1015,4202
1324,1941,3265
1286,744,2030
617,1045,1662
90,457,547
1265,1664,2929
468,824,1292
66,309,375
314,427,741
590,817,1407
2921,952,3873
341,478,819
1262,907,2169
2668,1172,3840
1290,1664,2954
775,980,1755
609,866,1475
138,532,670
669,978,1647
855,1205,2060
592,316,908
972,964,1936
34,537,571
521,909,1430
58,501,559
1657,575,2232
606,770,1376
520,463,983
412,901,1313
220,1106,1326
289,947,1236
1868,873,2741
1050,646,1696
384,1198,1582
104,1400,1504
19,669,688
523,926,1449
493,1003,1496
477,1028,1505
1503,969,2472
484,1013,1497
908,1592,2500
278,1326,1604
65,788,853
873,749,1622
1003,636,1639
776,878,1654
1753,910,2663
419,737,1156
444,1412,1856
405,1346,1751
276,754,1030
374,849,1223
1015,725,1740
1269,807,2076
782,889,1671
903,698,1601
1050,587,1637
118,1682,1800
769,1117,1886
502,504,1006
860,1088,1948
583,1880,2463
598,1076,1674
815,1624,2439
148,529,677
543,1316,1859
640,1119,1759
722,1038,1760
313,1761,2074
562,1140,1702
264,1586,1850
1000,845,1845
890,1383,2273
604,1467,2071
818,1054,1872
589,1430,2019
758,1241,1999
659,1652,2311
1534,1188,2722
335,404,739
1127,1018,2145
389,445,834
979,1047,2026
1113,1389,2502
349,662,1011
497,599,1096
362,789,1151
82,573,655
247,916,1163
529,536,1065
744,1527,2271
511,433,944
832,1302,2134
1188,1378,2566
797,1109,1906
343,405,748
1125,1023,2148
605,662,1267
359,528,887
290,561,851
1767,645,2412
842,1478,2320
606,636,1242
713,1772,2485
742,259,1001
523,387,910
705,709,1414
1029,262,1291
833,671,1504
144,1560,1704
578,519,1097
1098,364,1462
755,1133,1888
843,308,1151
93,393,486
108,245,353
804,577,1381
1308,663,1971
983,424,1407
1115,1640,2755
132,424,556
1745,256,2001
32,273,305
644,794,1438
1652,269,1921
117,391,508
161,439,600
46,274,320
784,1186,1970
1195,655,1850
93,324,417
170,461,631
113,634,747
240,797,1037
152,624,776
675,173,848
31,254,285
709,1331,2040
127,435,562
76,282,358
902,860,1762
609,469,1078
151,459,610
124,1375,1499
1239,515,1754
1097,1207,2304
90,319,409
103,874,977
193,460,653
341,489,830
109,602,711
194,484,678
445,515,960
52,1220,1272
333,468,801
482,506,988
152,459,611
319,583,902
389,480,869
165,1362,1527
503,515,1018
210,656,866
166,1136,1302
784,1058,1842
107,675,782
283,1194,1477
346,691,1037
337,507,844
155,1013,1168
632,1008,1640
620,265,885
1303,580,1883
130,1094,1224
378,456,834
505,265,770
74,1378,1452
185,1725,1910
214,1489,1703
1080,1128,2208
318,1728,2046
221,2221,2442
743,679,1422
418,603,1021
431,631,1062
744,775,1519
1221,490,1711
440,743,1183
1112,978,2090
614,704,1318
734,1769,2503
1305,948,2253
993,754,1747
736,230,966
328,1732,2060
626,1123,1749
1439,461,1900
501,740,1241
51,471,522
860,477,1337
1210,488,1698
432,1183,1615
549,870,1419
1607,486,2093
808,1326,2134
521,689,1210
652,689,1341
616,1417,2033
120,495,615
455,674,1129
620,792,1412
599,1532,2131
747,1186,1933
1667,587,2254
1308,983,2291
704,1138,1842
867,363,1230
169,703,872
199,711,910
253,758,1011
372,710,1082
1112,614,1726
1046,876,1922
156,672,828
1003,954,1957
461,922,1383
388,766,1154
1214,798,2012
276,948,1224
324,1100,1424
306,652,958
785,672,1457
641,760,1401
190,681,871
240,863,1103
1408,668,2076
607,497,1104
448,633,1081
539,471,1010
640,1299,1939
353,1086,1439
603,449,1052
579,432,1011
846,821,1667
1048,596,1644
728,423,1151
198,998,1196
629,745,1374
1354,855,2209
672,492,1164
677,414,1091
564,431,995
943,1041,1984
237,481,718
561,522,1083
201,578,779
590,847,1437
955,1051,2006
412,358,770
612,717,1329
517,608,1125
468,961,1429
822,402,1224
153,328,481
481,632,1113
616,773,1389
457,988,1445
918,590,1508
907,456,1363
349,468,817
788,321,1109
590,781,1371
959,1006,1965
244,326,570
879,475,1354
606,1362,1968
238,1050,1288
614,562,1176
534,484,1018
112,769,881
304,767,1071
245,870,1115
767,783,1550
314,790,1104
427,1116,1543
264,558,822
903,471,1374
280,571,851
508,664,1172
355,2480,2835
713,1421,2134
361,848,1209
549,712,1261
373,715,1088
473,2499,2972
196,900,1096
429,739,1168
414,772,1186
792,848,1640
856,1516,2372
656,630,1286
600,807,1407
139,656,795
684,2362,3046
634,669,1303
927,539,1466
820,424,1244
163,1425,1588
1052,928,1980
486,805,1291
300,865,1165
571,553,1124
218,770,988
744,503,1247
547,1217,1764
481,572,1053
2351,557,2908
745,1043,1788
729,405,1134
1275,872,2147
194,968,1162
903,265,1168
674,488,1162
307,856,1163
686,1067,1753
284,446,730
522,671,1193
804,313,1117
760,190,950
580,675,1255
425,308,733
608,709,1317
1327,582,1909
2517,500,3017
1443,530,1973
810,798,1608
764,828,1592
753,671,1424
692,389,1081
998,614,1612
2367,860,3227
657,591,1248
44,498,542
580,900,1480
750,605,1355
286,353,639
933,616,1549
857,779,1636
355,293,648
986,496,1482
27,581,608
98,217,315
1027,764,1791
42,504,546
370,1036,1406
80,837,917
26,755,781
199,447,646
832,1055,1887
35,620,655
91,693,784
717,976,1693
250,580,830
344,308,652
1816,178,1994
310,704,1014
268,668,936
92,370,462
614,2165,2779
261,744,1005
112,907,1019
136,993,1129
274,666,940
284,668,952
144,1098,1242
344,739,1083
330,536,866
153,833,986
1040,1700,2740
443,893,1336
386,857,1243
256,986,1242
576,630,1206
354,835,1189
414,1056,1470
436,641,1077
693,837,1530
476,820,1296
962,1836,2798
586,712,1298
795,854,1649
227,870,1097
865,752,1617
916,733,1649
644,644,1288
498,833,1331
534,949,1483
2133,719,2852
371,685,1056
542,752,1294
1114,655,1769
503,789,1292
1009,577,1586
793,434,1227
719,713,1432
151,389,540
612,979,1591
740,455,1195
797,589,1386
942,854,1796
714,607,1321
708,628,1336
767,737,1504
738,677,1415
736,625,1361
213,1197,1410
1277,550,1827
401,786,1187
288,1286,1574
874,710,1584
607,636,1243
437,506,943
884,788,1672
623,572,1195
539,1415,1954
643,702,1345
592,624,1216
628,555,1183
704,627,1331
678,310,988
619,388,1007
483,947,1430
561,1237,1798
710,518,1228
408,999,1407
461,1209,1670
562,942,1504
384,482,866
711,638,1349
367,852,1219
367,1151,1518
311,1281,1592
310,461,771
602,780,1382
513,741,1254
667,558,1225
179,927,1106
1286,443,1729
450,818,1268
902,963,1865
382,261,643
547,587,1134
627,666,1293
483,1353,1836
1119,1121,2240
477,1498,1975
259,1294,1553
1073,772,1845
1219,1074,2293
572,1257,1829
642,1156,1798
459,877,1336
1079,729,1808
856,605,1461
841,1052,1893
1146,584,1730
453,1105,1558
368,760,1128
939,357,1296
487,1116,1603
758,1334,2092
913,1162,2075
631,455,1086
995,361,1356
1116,804,1920
674,928,1602
1427,325,1752
571,1176,1747
952,1059,2011
991,429,1420
757,673,1430
1143,512,1655
1050,419,1469
918,577,1495
499,1189,1688
598,298,896
597,341,938
754,1653,2407
632,338,970
815,1351,2166
156,301,457
430,1473,1903
614,1700,2314
233,2365,2598
255,413,668
753,1415,2168
695,1792,2487
117,296,413
295,581,876
1198,282,1480
762,1496,2258
206,565,771
850,1340,2190
805,1996,2801
165,788,953
302,585,887
996,2000,2996
402,781,1183
1157,445,1602
1085,563,1648
221,799,1020
270,860,1130
1649,771,2420
46,691,737
625,392,1017
409,801,1210
1024,590,1614
69,704,773
167,994,1161
1300,1697,2997
148,933,1081
55,403,458
744,510,1254
976,741,1717
1097,895,1992
96,1041,1137
88,239,327
319,505,824
404,926,1330
403,717,1120
178,449,627
24,683,707
220,505,725
1440,721,2161
120,943,1063
575,432,1007
435,924,1359
171,785,956
299,461,760
50,1147,1197
246,635,881
450,847,1297
1404,770,2174
776,381,1157
885,675,1560
609,569,1178
514,908,1422
385,613,998
756,608,1364
465,672,1137
189,1101,1290
675,655,1330
766,971,1737
138,1080,1218
421,493,914
650,585,1235
391,594,985
321,1415,1736
788,589,1377
178,663,841
526,1151,1677
273,838,1111
394,1119,1513
608,934,1542
51,912,963
561,457,1018
511,829,1340
610,881,1491
844,544,1388
686,305,991
1025,815,1840
298,909,1207
492,1166,1658
495,796,1291
212,916,1128
372,298,670
269,851,1120
769,876,1645
284,391,675
324,414,738
726,865,1591
790,946,1736
622,1450,2072
604,313,917
345,1087,1432
558,1692,2250
488,453,941
1368,587,1955
378,606,984
1039,568,1607
1012,661,1673
333,1167,1500
794,319,1113
879,772,1651
829,1261,2090
508,705,1213
612,669,1281
1103,769,1872
808,554,1362
801,1100,1901
954,433,1387
1350,649,1999
764,691,1455
939,588,1527
344,363,707
605,998,1603
401,516,917
152,618,770
274,695,969
1809,319,2128
378,451,829
968,750,1718
1439,571,2010
364,504,868
449,676,1125
777,999,1776
404,743,1147
816,970,1786
763,967,1730
383,731,1114
675,656,1331
1443,741,2184
857,338,1195
252,581,833
590,796,1386
587,669,1256
42,469,511
324,739,1063
312,556,868
871,723,1594
611,680,1291
766,779,1545
382,756,1138
26,519,545
512,612,1124
457,796,1253
824,863,1687
268,643,911
816,1061,1877
2120,648,2768
502,465,967
63,677,740
897,1078,1975
136,809,945
473,610,1083
407,563,970
201,918,1119
477,870,1347
228,545,773
547,453,1000
612,1239,1851
679,528,1207
105,1289,1394
672,391,1063
472,576,1048
582,579,1161
298,657,955
948,1405,2353
624,754,1378
703,608,1311
124,388,512
670,558,1228
727,638,1365
576,537,1113
432,769,1201
551,802,1353
347,1247,1594
672,783,1455
897,660,1557
680,912,1592
171,562,733
535,1128,1663
844,454,1298
128,497,625
223,567,790
244,593,837
458,786,1244
100,632,732
1150,463,1613
330,591,921
268,533,801
291,634,925
402,444,846
609,730,1339
386,548,934
1151,487,1638
475,540,1015
322,612,934
298,1766,2064
596,381,977
588,258,846
1116,806,1922
558,394,952
757,420,1177
751,355,1106
754,2369,3123
293,577,870
422,544,966
664,1414,2078
543,372,915
457,902,1359
590,187,777
381,707,1088
723,538,1261
645,492,1137
643,516,1159
396,560,956
251,562,813
463,777,1240
507,2443,2950
607,663,1270
102,431,533
941,573,1514
190,430,620
143,575,718
619,1124,1743
541,1190,1731
879,380,1259
355,1142,1497
137,623,760
144,684,828
226,570,796
687,1853,2540
143,845,988
438,1021,1459
26,2709,2735
706,1082,1788
68,604,672
639,1084,1723
390,2729,3119
188,584,772
333,564,897
546,481,1027
465,812,1277
642,972,1614
1347,1593,2940
449,740,1189
2192,979,3171
462,685,1147
518,494,1012
413,552,965
606,566,1172
506,805,1311
427,854,1281
540,601,1141
805,1010,1815
725,576,1301
2650,721,3371
1169,1075,2244
357,697,1054
1123,1429,2552
181,614,795
224,458,682
573,649,1222
1594,1318,2912
603,794,1397
514,968,1482
1072,789,1861
612,939,1551
432,400,832
272,546,818
1066,494,1560
321,590,911
160,863,1023
109,839,948
485,548,1033
2369,601,2970
455,1570,2025
522,627,1149
197,465,662
510,1421,1931
870,1037,1907
485,677,1162
1264,678,1942
518,949,1467
322,717,1039
231,568,799
513,887,1400
288,743,1031
350,699,1049
747,1240,1987
753,883,1636
1307,650,1957
583,676,1259
773,670,1443
237,606,843
329,729,1058
740,362,1102
893,882,1775
470,534,1004
608,662,1270
429,786,1215
163,729,892
829,836,1665
411,836,1247
862,513,1375
438,510,948
936,367,1303
889,1618,2507
481,813,1294
1143,519,1662
624,559,1183
690,1482,2172
531,1014,1545
428,1244,1672
612,506,1118
361,505,866
596,985,1581
523,553,1076
546,505,1051
1169,988,2157
733,1488,2221
289,983,1272
469,997,1466
190,1629,1819
74,973,1047
479,416,895
384,694,1078
1347,804,2151
646,1141,1787
599,1297,1896
171,868,1039
1136,795,1931
949,743,1692
678,1294,1972
264,1503,1767
925,763,1688
897,1138,2035
379,716,1095
702,556,1258
169,583,752
969,389,1358
477,810,1287
693,1339,2032
213,1152,1365
520,1572,2092
1177,826,2003
554,334,888
79,1176,1255
869,1456,2325
657,1664,2321
608,438,1046
213,1315,1528
764,452,1216
422,1775,2197
484,826,1310
473,399,872
287,1311,1598
622,598,1220
900,1319,2219
693,706,1399
908,1447,2355
589,1784,2373
573,960,1533
898,1357,2255
340,1055,1395
623,684,1307
1121,1976,3097
584,423,1007
1144,1175,2319
457,1318,1775
1053,365,1418
1185,318,1503
123,404,527
942,952,1894
738,384,1122
208,674,882
1549,407,1956
377,563,940
232,626,858
1404,585,1989
1138,641,1779
613,362,975
584,412,996
301,916,1217
1368,751,2119
1227,1494,2721
69,409,478
103,991,1094
1245,530,1775
682,382,1064
1602,1414,3016
128,279,407
274,1326,1600
1127,539,1666
70,362,432
1742,749,2491
42,539,581
38,504,542
707,462,1169
163,291,454
1062,1215,2277
990,678,1668
56,459,515
1315,750,2065
278,330,608
818,1529,2347
1304,975,2279
1876,210,2086
819,744,1563
243,600,843
1203,1925,3128
365,812,1177
446,541,987
220,669,889
1187,1805,2992
28,558,586
55,553,608
458,667,1125
114,758,872
1118,612,1730
1234,1138,2372
209,844,1053
185,1097,1282
92,417,509
83,1002,1085
166,1067,1233
195,458,653
48,713,761
823,1570,2393
601,942,1543
582,936,1518
420,457,877
385,953,1338
90,728,818
1812,568,2380
474,457,931
647,611,1258
300,629,929
632,1038,1670
97,1451,1548
943,707,1650
714,751,1465
138,864,1002
1217,582,1799
351,469,820
471,693,1164
549,539,1088
384,840,1224
488,1328,1816
334,1141,1475
610,699,1309
848,1214,2062
1192,745,1937
329,450,779
503,827,1330
1353,765,2118
690,700,1390
712,545,1257
487,1519,2006
1288,408,1696
996,621,1617
1012,807,1819
556,549,1105
380,668,1048
554,872,1426
323,885,1208
738,913,1651
494,710,1204
548,627,1175
1030,348,1378
603,1095,1698
735,1095,1830
627,690,1317
661,714,1375
837,691,1528
714,869,1583
615,1113,1728
374,643,1017
92,675,767
616,486,1102
807,1182,1989
792,802,1594
657,1120,1777
605,745,1350
737,798,1535
727,1164,1891
1364,970,2334
487,834,1321
183,734,917
906,715,1621
390,988,1378
805,1236,2041
372,622,994
289,535,824
806,1376,2182
1012,821,1833
190,867,1057
704,441,1145
793,901,1694
638,629,1267
462,613,1075
1088,791,1879
420,826,1246
567,1399,1966
828,494,1322
374,769,1143
906,419,1325
474,1319,1793
668,738,1406
950,930,1880
543,610,1153
195,1283,1478
707,438,1145
501,717,1218
801,404,1205
556,1502,2058
592,696,1288
796,858,1654
829,504,1333
230,1400,1630
762,396,1158
539,811,1350
605,436,1041
595,597,1192
515,1303,1818
457,1380,1837
642,910,1552
500,948,1448
497,592,1089
624,1369,1993
1340,649,1989
1141,990,2131
1118,726,1844
719,1394,2113
809,473,1282
481,545,1026
728,752,1480
588,347,935
968,493,1461
415,1387,1802
1444,673,2117
1100,688,1788
859,1129,1988
733,536,1269
581,485,1066
741,682,1423
63,453,516
52,843,895
515,1183,1698
725,755,1480
1226,700,1926
862,789,1651
572,1087,1659
887,783,1670
791,974,1765
73,849,922
1408,696,2104
634,602,1236
1044,498,1542
604,1122,1726
444,667,1111
608,614,1222
393,786,1179
512,696,1208
1466,796,2262
1233,694,1927
641,723,1364
740,442,1182
792,464,1256
538,695,1233
659,702,1361
1252,751,2003
1666,1300,2966
644,784,1428
800,503,1303
475,370,845
225,619,844
306,524,830
285,580,865
63,1370,1433
959,536,1495
502,455,957
491,431,922
507,415,922
416,1138,1554
453,482,935
68,1095,1163
1215,408,1623
332,573,905
524,431,955
352,456,808
374,461,835
542,474,1016
334,603,937
626,458,1084
511,1334,1845
657,398,1055
479,653,1132
621,611,1232
178,387,565
266,618,884
946,1082,2028
331,270,601
790,474,1264
870,1349,2219
599,630,1229
339,930,1269
734,669,1403
939,339,1278
1335,2193,3528
481,648,1129
152,749,901
967,1470,2437
1069,2272,3341
67,962,1029
201,754,955
189,680,869
763,2092,2855
165,627,792
565,880,1445
1423,327,1750
320,2594,2914
110,276,386
469,616,1085
1278,1100,2378
378,2547,2925
322,752,1074
1845,386,2231
272,946,1218
135,1150,1285
1063,965,2028
521,751,1272
165,1198,1363
325,637,962
108,746,854
259,710,969
542,899,1441
1011,394,1405
365,790,1155
520,2480,3000
1102,1095,2197
845,680,1525
1931,566,2497
2266,563,2829
491,801,1292
700,883,1583
964,395,1359
579,633,1212
1339,1000,2339
456,759,1215
1049,424,1473
152,1029,1181
2358,487,2845
501,888,1389
864,627,1491
432,557,989
638,906,1544
670,666,1336
1962,811,2773
341,380,721
184,1274,1458
2396,595,2991
618,903,1521
263,823,1086
725,825,1550
319,1567,1886
794,332,1126
1027,677,1704
847,560,1407
373,1611,1984
582,394,976
705,536,1241
147,461,608
748,835,1583
186,1021,1207
672,1409,2081
672,626,1298
360,705,1065
465,1204,1669
984,564,1548
921,591,1512
652,496,1148
838,834,1672
1172,438,1610
713,456,1169
864,988,1852
943,758,1701
69,546,615
1472,463,1935
569,534,1103
26,419,445
99,551,650
277,347,624
1282,454,1736
334,683,1017
980,848,1828
285,448,733
631,940,1571
601,875,1476
688,1211,1899
420,367,787
112,869,981
549,1014,1563
88,889,977
500,1207,1707
470,383,853
1478,590,2068
1092,340,1432
79,528,607
250,537,787
206,814,1020
23,313,336
293,974,1267
574,1249,1823
378,634,1012
159,403,562
1476,825,2301
141,652,793
132,1064,1196
314,804,1118
216,895,1111
207,697,904
120,1121,1241
508,822,1330
824,658,1482
362,1120,1482
535,1290,1825
280,705,985
838,805,1643
854,867,1721
278,1119,1397
200,684,884
138,1306,1444
355,1159,1514
748,848,1596
694,940,1634
623,855,1478
734,815,1549
955,528,1483
772,1451,2223
494,448,942
1135,428,1563
1044,459,1503
596,2315,2911
871,973,1844
829,282,1111
586,534,1120
1198,407,1605
699,1293,1992
196,293,489
914,1292,2206
183,916,1099
242,296,538
521,515,1036
696,754,1450
60,2320,2380
439,422,861
196,1424,1620
849,656,1505
1044,1333,2377
247,1728,1975
1019,510,1529
143,594,737
622,775,1397
714,1296,2010
341,1613,1954
701,590,1291
148,332,480
191,2384,2575
1167,599,1766
1081,972,2053
288,596,884
825,897,1722
1391,1379,2770
426,1344,1770
611,386,997
203,556,759
460,411,871
1261,492,1753
613,894,1507
409,584,993
1209,625,1834
1095,362,1457
1561,321,1882
577,426,1003
276,554,830
354,703,1057
397,785,1182
499,504,1003
500,694,1194
2141,669,2810
2208,886,3094
510,220,730
812,739,1551
496,630,1126
59,827,886
412,2591,3003
384,673,1057
292,651,943
938,553,1491
1569,408,1977
391,625,1016
561,465,1026
664,456,1120
951,932,1883
584,2456,3040
351,942,1293
707,618,1325
395,726,1121
759,2443,3202
412,726,1138
939,746,1685
463,622,1085
448,652,1100
123,1289,1412
627,590,1217
231,481,712
454,741,1195
797,2331,3128
1041,628,1669
484,997,1481
561,465,1026
2196,579,2775
504,1212,1716
119,856,975
598,1003,1601
305,575,880
746,822,1568
742,949,1691
514,466,980
490,579,1069
195,1028,1223
812,852,1664
270,869,1139
547,916,1463
305,515,820
2193,490,2683
474,817,1291
428,972,1400
288,582,870
801,1027,1828
453,797,1250
623,509,1132
513,739,1252
258,1102,1360
355,908,1263
2234,674,2908
678,650,1328
508,581,1089
919,538,1457
1189,891,2080
667,782,1449
167,667,834
720,766,1486
419,1123,1542
404,1125,1529
484,716,1200
858,676,1534
397,548,945
695,660,1355
716,876,1592
962,618,1580
436,757,1193
737,708,1445
786,949,1735
321,1062,1383
639,781,1420
992,791,1783
210,795,1005
964,657,1621
686,675,1361
796,667,1463
403,605,1008
870,793,1663
496,552,1048
405,697,1102
839,778,1617
693,309,1002
971,628,1599
401,826,1227
871,565,1436
743,437,1180
935,934,1869
259,893,1152
664,501,1165
386,265,651
705,838,1543
588,957,1545
740,504,1244
447,350,797
734,1233,1967
523,1394,1917
189,692,881
565,369,934
533,318,851
572,856,1428
581,1292,1873
533,786,1319
366,1067,1433
834,1186,2020
365,644,1009
444,584,1028
141,356,497
81,441,522
542,1399,1941
523,281,804
764,716,1480
659,1515,2174
483,1538,2021
598,1723,2321
712,834,1546
468,1683,2151
475,831,1306
760,1145,1905
782,1416,2198
652,1603,2255
750,1169,1919
626,1700,2326
1349,841,2190
130,689,819
564,766,1330
674,753,1427
750,685,1435
1086,592,1678
1358,800,2158
80,285,365
179,1074,1253
477,803,1280
806,907,1713
955,1432,2387
580,702,1282
202,920,1122
77,577,654
1250,721,1971
446,391,837
455,827,1282
86,641,727
651,605,1256
1022,798,1820
908,960,1868
451,386,837
207,699,906
1087,901,1988
1129,989,2118
337,943,1280
269,503,772
561,342,903
559,405,964
626,969,1595
647,274,921
290,275,565
788,235,1023
728,466,1194
642,296,938
895,289,1184
521,869,1390
1595,936,2531
1127,456,1583
455,996,1451
1588,948,2536
1701,587,2288
2099,655,2754
1131,484,1615
938,757,1695
944,705,1649
837,415,1252
1084,493,1577
736,515,1251
918,704,1622
45,587,632
73,526,599
24,597,621
446,1468,1914
871,886,1757
1123,518,1641
1387,1261,2648
784,624,1408
751,816,1567
91,527,618
50,595,645
1130,937,2067
739,961,1700
24,825,849
1817,1607,3424
59,775,834
234,826,1060
296,781,1077
125,607,732
180,653,833
1251,1052,2303
1518,405,1923
300,681,981
474,595,1069
837,1826,2663
186,887,1073
31,986,1017
373,837,1210
246,832,1078
1386,822,2208
120,576,696
429,609,1038
540,583,1123
1121,1424,2545
356,875,1231
264,970,1234
523,593,1116
404,1037,1441
371,806,1177
182,720,902
596,847,1443
220,437,657
577,777,1354
389,1065,1454
48,1050,1098
623,966,1589
822,835,1657
263,780,1043
881,621,1502
246,449,695
697,583,1280
612,715,1327
253,1498,1751
644,903,1547
1001,844,1845
617,1270,1887
843,597,1440
441,437,878
613,780,1393
273,488,761
457,553,1010
803,692,1495
342,450,792
568,1501,2069
691,633,1324
955,718,1673
464,376,840
736,1225,1961
313,614,927
318,637,955
736,582,1318
812,1217,2029
177,243,420
613,514,1127
426,1115,1541
402,702,1104
1371,828,2199
373,252,625
315,1135,1450
627,1542,2169
1049,772,1821
1228,485,1713
181,375,556
1150,863,2013
668,994,1662
1014,713,1727
541,1354,1895
836,484,1320
355,264,619
799,1077,1876
440,1003,1443
881,660,1541
601,1107,1708
451,411,862
989,475,1464
749,1527,2276
499,1045,1544
306,1564,1870
958,771,1729
224,504,728
1283,390,1673
579,546,1125
213,574,787
774,1525,2299
223,1052,1275
473,1909,2382
611,765,1376
232,753,985
112,967,1079
1193,941,2134
416,912,1328
776,579,1355
617,1478,2095
853,444,1297
455,808,1263
618,651,1269
321,954,1275
433,1454,1887
920,560,1480
932,802,1734
855,1017,1872
268,738,1006
800,639,1439
45,1032,1077
1233,1101,2334
1206,838,2044
900,998,1898
166,987,1153
1196,930,2126
489,611,1100
917,665,1582
208,977,1185
299,978,1277
502,717,1219
285,856,1141
659,693,1352
467,816,1283
547,495,1042
383,906,1289
1765,928,2693
109,1282,1391
1368,792,2160
911,584,1495
229,1108,1337
522,1092,1614
111,1481,1592
545,2882,3427
424,440,864
428,1303,1731
554,399,953
585,697,1282
802,516,1318
704,454,1158
783,651,1434
745,616,1361
869,623,1492
683,720,1403
374,697,1071
663,957,1620
481,551,1032
657,619,1276
980,428,1408
825,916,1741
573,2714,3287
464,717,1181
687,631,1318
798,827,1625
214,1392,1606
70,707,777
860,955,1815
79,617,696
1334,506,1840
294,537,831
725,1186,1911
236,559,795
691,507,1198
696,1408,2104
118,608,726
126,3036,3162
874,596,1470
435,498,933
31,745,776
533,1045,1578
428,398,826
528,570,1098
354,749,1103
1218,904,2122
479,580,1059
292,462,754
904,844,1748
875,740,1615
563,319,882
139,880,1019
170,865,1035
1764,1671,3435
425,747,1172
244,1134,1378
365,437,802
356,456,812
822,608,1430
637,841,1478
273,1079,1352
1251,1052,2303
591,810,1401
363,1073,1436
2568,1311,3879
378,642,1020
506,531,1037
825,750,1575
179,1013,1192
617,956,1573
583,740,1323
630,636,1266
449,841,1290
3038,1047,4085
617,1211,1828
430,564,994
205,694,899
599,803,1402
1373,946,2319
170,681,851
651,775,1426
575,877,1452
958,515,1473
1513,950,2463
442,1064,1506
619,806,1425
668,417,1085
784,741,1525
55,1429,1484
228,1057,1285
916,930,1846
275,1076,1351
1092,818,1910
297,783,1080
756,871,1627
535,1213,1748
536,674,1210
664,880,1544
722,1491,2213
631,936,1567
742,1096,1838
745,746,1491
807,875,1682
367,1003,1370
764,628,1392
1041,791,1832
663,661,1324
736,659,1395
233,640,873
470,721,1191
900,629,1529
44,738,782
381,562,943
674,1144,1818
547,1063,1610
450,1060,1510
733,943,1676
125,828,953
1127,669,1796
684,1209,1893
72,1112,1184
424,545,969
260,959,1219
881,1026,1907
1410,420,1830
306,829,1135
265,679,944
530,879,1409
815,786,1601
155,1048,1203
577,325,902
710,804,1514
432,789,1221
65,660,725
304,988,1292
994,549,1543
523,754,1277
91,660,751
290,1376,1666
816,649,1465
830,659,1489
369,666,1035
525,1331,1856
696,743,1439
865,796,1661
959,570,1529
615,793,1408
203,599,802
446,1260,1706
293,679,972
627,1027,1654
569,1256,1825
653,1214,1867
754,844,1598
770,947,1717
687,418,1105
656,1350,2006
607,415,1022
532,1214,1746
610,500,1110
87,1130,1217
600,1379,1979
1204,594,1798
617,639,1256
950,880,1830
361,534,895
879,1070,1949
396,528,924
764,1101,1865
393,653,1046
560,422,982
613,1284,1897
601,574,1175
679,728,1407
332,1032,1364
436,615,1051
332,1143,1475
441,644,1085
690,744,1434
376,776,1152
928,496,1424
426,738,1164
1027,678,1705
695,618,1313
1105,708,1813
374,695,1069
1228,766,1994
647,520,1167
918,868,1786
891,208,1099
924,970,1894
780,530,1310
987,662,1649
145,556,701
913,681,1594
1079,595,1674
243,530,773
1151,933,2084
639,503,1142
820,1438,2258
129,679,808
476,616,1092
1058,815,1873
1113,1387,2500
136,671,807
170,663,833
958,1244,2202
111,653,764
272,615,887
125,718,843
300,507,807
312,774,1086
117,902,1019
296,742,1038
829,826,1655
1423,386,1809
730,953,1683
396,677,1073
469,651,1120
447,764,1211
415,795,1210
448,696,1144
1136,803,1939
683,1285,1968
134,1020,1154
549,580,1129
532,654,1186
423,252,675
146,1399,1545
654,650,1304
118,782,900
384,397,781
258,1284,1542
442,849,1291
166,1148,1314
625,312,937
492,505,997
456,1100,1556
449,649,1098
750,398,1148
700,485,1185
491,1179,1670
602,984,1586
777,736,1513
225,842,1067
624,332,956
551,763,1314
739,317,1056
376,581,957
665,1252,1917
752,774,1526
825,757,1582
714,785,1499
674,638,1312
1088,465,1553
555,495,1050
441,664,1105
744,1080,1824
1070,611,1681
1262,481,1743
1358,301,1659
520,704,1224
980,548,1528
1061,684,1745
1215,1093,2308
630,351,981
439,686,1125
1005,747,1752
947,810,1757
938,604,1542
1259,516,1775
661,570,1231
720,775,1495
1493,578,2071
1731,794,2525
269,907,1176
382,869,1251
858,823,1681
502,705,1207
1174,211,1385
499,760,1259
325,559,884
323,597,920
1352,1084,2436
336,1108,1444
386,872,1258
1201,612,1813
948,427,1375
458,459,917
1349,887,2236
535,896,1431
441,460,901
926,1040,1966
679,782,1461
851,592,1443
465,784,1249
667,676,1343
683,606,1289
602,422,1024
565,1025,1590
185,991,1176
681,605,1286
632,632,1264
192,911,1103
374,1006,1380
482,417,899
145,605,750
252,1202,1454
313,908,1221
288,705,993
659,607,1266
346,1433,1779
782,727,1509
943,622,1565
439,307,746
354,710,1064
405,1075,1480
402,1115,1517
294,641,935
549,891,1440
815,601,1416
653,1448,2101
534,758,1292
697,708,1405
476,452,928
398,831,1229
872,577,1449
353,1029,1382
304,755,1059
680,1090,1770
599,578,1177
541,738,1279
276,561,837
1018,970,1988
514,866,1380
618,725,1343
193,712,905
792,863,1655
532,1063,1595
356,1571,1927
365,589,954
531,760,1291
1068,770,1838
612,740,1352
424,473,897
954,799,1753
715,583,1298
656,800,1456
952,522,1474
586,528,1114
495,925,1420
594,572,1166
988,604,1592
654,306,960
986,979,1965
776,521,1297
539,760,1299
471,1063,1534
685,567,1252
721,638,1359
953,721,1674
370,506,876
651,1019,1670
635,771,1406
650,603,1253
725,722,1447
735,748,1483
398,646,1044
334,761,1095
803,717,1520
290,599,889
402,1114,1516
550,750,1300
311,469,780
1139,1104,2243
514,879,1393
671,1669,2340
445,1037,1482
193,1135,1328
638,537,1175
591,1911,2502
726,1568,2294
404,964,1368
558,1237,1795
489,871,1360
946,477,1423
440,960,1400
359,1666,2025
612,1824,2436
997,1099,2096
517,883,1400
446,1240,1686
512,859,1371
956,1131,2087
565,1107,1672
558,1284,1842
1345,919,2264
342,699,1041
633,925,1558
1149,731,1880
817,658,1475
1830,566,2396
602,342,944
1193,2362,3555
732,1250,1982
737,400,1137
662,502,1164
1675,407,2082
653,324,977
626,1074,1700
460,1020,1480
667,1070,1737
707,468,1175
664,298,962
1421,2253,3674
745,309,1054
664,962,1626
419,1430,1849
157,1057,1214
846,992,1838
1638,438,2076
967,1992,2959
706,990,1696
257,1096,1353
663,501,1164
1197,507,1704
734,501,1235
1679,1001,2680
690,718,1408
768,554,1322
828,378,1206
762,584,1346
1270,251,1521
855,820,1675
919,633,1552
1304,392,1696
891,556,1447
143,391,534
226,479,705
837,546,1383
1105,582,1687
175,481,656
102,678,780
2055,662,2717
1215,514,1729
904,694,1598
186,575,761
148,625,773
1304,246,1550
1091,642,1733
144,725,869
117,972,1089
200,455,655
139,552,691
194,794,988
196,786,982
258,456,714
217,757,974
39,602,641
144,944,1088
118,906,1024
83,943,1026
256,588,844
380,656,1036
109,899,1008
1896,1093,2989
575,443,1018
321,769,1090
100,755,855
417,699,1116
351,746,1097
319,661,980
400,477,877
176,941,1117
724,510,1234
913,1484,2397
243,777,1020
183,883,1066
460,754,1214
753,274,1027
522,697,1219
369,825,1194
453,754,1207
326,937,1263
750,515,1265
334,1355,1689
603,409,1012
713,610,1323
354,819,1173
453,458,911
569,676,1245
594,906,1500
186,928,1114
833,679,1512
692,605,1297
855,1104,1959
646,587,1233
563,490,1053
549,523,1072
1285,753,2038
568,768,1336
850,689,1539
822,536,1358
578,776,1354
536,605,1141
683,740,1423
86,541,627
674,777,1451
740,385,1125
170,462,632
856,600,1456
378,1533,1911
427,801,1228
296,289,585
613,1673,2286
1005,666,1671
302,569,871
927,612,1539
1008,735,1743
609,966,1575
559,892,1451
479,591,1070
600,1443,2043
397,304,701
348,760,1108
344,582,926
141,832,973
455,662,1117
65,720,785
169,807,976
458,590,1048
807,1063,1870
1492,196,1688
466,673,1139
327,894,1221
380,657,1037
192,910,1102
510,813,1323
1323,836,2159
621,490,1111
400,1093,1493
99,791,890
30,1228,1258
100,805,905
426,956,1382
322,608,930
542,964,1506
502,533,1035
1600,779,2379
590,959,1549
63,614,677
558,382,940
193,1310,1503
529,412,941
851,700,1551
356,618,974
123,834,957
746,864,1610
594,483,1077
535,1105,1640
257,756,1013
882,855,1737
702,395,1097
776,590,1366
772,1029,1801
167,836,1003
593,945,1538
1105,653,1758
347,651,998
535,803,1338
1072,459,1531
1159,218,1377
1199,749,1948
582,760,1342
532,866,1398
739,844,1583
1008,438,1446
751,820,1571
405,1048,1453
60,459,519
686,725,1411
759,575,1334
18,596,614
735,630,1365
119,729,848
132,516,648
138,503,641
873,1040,1913
361,489,850
1075,529,1604
793,949,1742
809,916,1725
435,429,864
266,623,889
47,794,841
79,734,813
249,437,686
743,1181,1924
1098,565,1663
723,750,1473
98,1206,1304
745,1090,1835
859,1306,2165
198,677,875
314,938,1252
84,873,957
402,477,879
1440,504,1944
247,773,1020
880,917,1797
505,410,915
108,1300,1408
63,692,755
374,749,1123
313,924,1237
308,879,1187
534,911,1445
148,1062,1210
411,902,1313
369,1165,1534
90,664,754
22,647,669
149,627,776
664,579,1243
1032,312,1344
581,726,1307
368,530,898
336,1032,1368
452,774,1226
871,591,1462
139,735,874
84,794,878
909,521,1430
633,761,1394
582,422,1004
661,946,1607
680,282,962
606,661,1267
863,259,1122
349,695,1044
1386,296,1682
343,643,986
724,415,1139
245,917,1162
650,1037,1687
722,484,1206
800,741,1541
713,653,1366
1192,753,1945
664,735,1399
859,515,1374
713,549,1262
735,657,1392
736,499,1235
888,671,1559
859,651,1510
197,408,605
706,600,1306
742,658,1400
720,707,1427
413,216,629
942,455,1397
1012,516,1528
28,959,987
357,375,732
904,581,1485
217,518,735
974,1656,2630
600,426,1026
632,284,916
436,626,1062
459,201,660
522,381,903
800,1086,1886
917,725,1642
925,1593,2518
526,848,1374
476,454,930
410,954,1364
614,489,1103
602,555,1157
793,1121,1914
1107,1286,2393
365,683,1048
453,497,950
832,1440,2272
32,696,728
258,507,765
652,506,1158
561,812,1373
161,662,823
437,935,1372
677,876,1553
69,833,902
972,711,1683
27,941,968
250,589,839
186,639,825
1011,838,1849
157,864,1021
481,1016,1497
975,834,1809
497,525,1022
222,1332,1554
446,538,984
498,1042,1540
290,1784,2074
23,971,994
615,457,1072
67,1239,1306
572,900,1472
499,646,1145
1264,473,1737
414,558,972
944,1042,1986
585,750,1335
254,1104,1358
834,476,1310
259,1207,1466
633,885,1518
652,739,1391
547,1068,1615
480,671,1151
1236,904,2140
501,653,1154
684,605,1289
830,803,1633
838,755,1593
576,1005,1581
644,750,1394
445,817,1262
490,1185,1675
1052,930,1982
401,920,1321
1265,644,1909
879,790,1669
366,989,1355
432,725,1157
964,639,1603
151,713,864
775,932,1707
1047,709,1756
561,967,1528
814,910,1724
683,792,1475
248,958,1206
852,688,1540
594,657,1251
326,789,1115
684,569,1253
662,993,1655
535,768,1303
925,891,1816
459,1027,1486
575,707,1282
815,1196,2011
794,1240,2034
154,845,999
908,3375,4283
867,536,1403
421,304,725
792,738,1530
391,628,1019
482,1096,1578
431,658,1089
530,567,1097
814,865,1679
162,3582,3744
572,592,1164
465,745,1210
469,744,1213
357,877,1234
629,615,1244
485,731,1216
650,317,967
735,1391,2126
272,910,1182
265,3631,3896
327,576,903
353,1242,1595
576,1020,1596
511,785,1296
747,1071,1818
405,949,1354
885,706,1591
338,1335,1673
1198,3235,4433
435,746,1181
929,943,1872
476,1434,1910
285,1485,1770
3471,941,4412
927,1081,2008
386,785,1171
485,1527,2012
674,752,1426
56,757,813
773,834,1607
994,655,1649
399,596,995
3142,738,3880
566,793,1359
3177,449,3626
686,1056,1742
841,697,1538
766,447,1213
656,1305,1961
1193,696,1889
582,666,1248
335,1500,1835
948,1185,2133
466,1096,1562
510,470,980
663,1046,1709
1060,1117,2177
863,838,1701
667,264,931
605,264,869
176,876,1052
731,1088,1819
871,609,1480
493,949,1442
1352,597,1949
834,640,1474
590,269,859
418,1090,1508
1364,443,1807
123,383,506
860,622,1482
312,683,995
865,300,1165
1407,631,2038
878,642,1520
1007,556,1563
610,2816,3426
616,685,1301
836,773,1609
881,424,1305
877,616,1493
167,467,634
951,566,1517
478,2694,3172
731,844,1575
361,559,920
848,670,1518
505,678,1183
205,871,1076
837,644,1481
740,920,1660
184,890,1074
599,485,1084
602,510,1112
541,600,1141
873,2426,3299
520,644,1164
575,569,1144
89,749,838
770,664,1434
1600,2012,3612
182,326,508
411,480,891
100,749,849
522,710,1232
2495,556,3051
473,451,924
446,436,882
375,632,1007
2096,550,2646
110,814,924
643,340,983
488,505,993
1916,329,2245
584,609,1193
388,500,888
211,145,356
137,605,742
690,417,1107
177,334,511
271,227,498
457,618,1075
206,911,1117
167,507,674
353,859,1212
398,166,564
643,715,1358
205,434,639
174,1135,1309
572,792,1364
308,404,712
503,913,1416
54,181,235
234,578,812
225,472,697
103,286,389
839,626,1465
484,734,1218
530,944,1474
164,331,495
401,705,1106
285,707,992
364,463,827
477,686,1163
812,868,1680
158,1277,1435
131,489,620
325,242,567
615,519,1134
626,515,1141
690,473,1163
292,914,1206
262,710,972
227,806,1033
545,1265,1810
60,285,345
422,1012,1434
379,617,996
629,3163,3792
346,481,827
250,578,828
668,3309,3977
441,829,1270
83,484,567
371,839,1210
293,1016,1309
126,172,298
123,687,810
511,717,1228
589,499,1088
318,549,867
869,411,1280
736,744,1480
718,629,1347
60,721,781
187,273,460
191,952,1143
964,559,1523
499,435,934
191,697,888
249,432,681
579,599,1178
263,767,1030
326,837,1163
555,3161,3716
187,963,1150
475,568,1043
405,400,805
349,839,1188
212,444,656
393,915,1308
461,535,996
1007,2758,3765
328,986,1314
626,390,1016
780,618,1398
511,755,1266
728,653,1381
271,520,791
610,750,1360
3105,829,3934
368,531,899
227,577,804
515,889,1404
3014,1041,4055
213,664,877
633,1036,1669
638,496,1134
476,827,1303
392,536,928
840,711,1551
510,519,1029
687,840,1527
279,570,849
841,622,1463
493,891,1384
521,419,940
930,772,1702
2336,521,2857
508,882,1390
309,936,1245
551,569,1120
721,711,1432
242,429,671
479,688,1167
501,842,1343
559,2857,3416
635,679,1314
503,727,1230
502,877,1379
368,609,977
490,879,1369
268,525,793
366,471,837
181,596,777
777,724,1501
730,676,1406
382,716,1098
311,913,1224
508,480,988
368,902,1270
520,639,1159
785,909,1694
578,642,1220
854,1362,2216
388,638,1026
613,614,1227
43,970,1013
198,953,1151
340,892,1232
316,555,871
273,1100,1373
483,464,947
415,1580,1995
128,813,941
434,539,973
400,616,1016
391,1050,1441
585,804,1389
562,502,1064
442,1071,1513
340,1082,1422
681,1513,2194
202,915,1117
600,545,1145
420,459,879
513,1024,1537
695,580,1275
365,563,928
537,769,1306
764,712,1476
538,1184,1722
477,823,1300
771,3715,4486
660,588,1248
541,723,1264
1033,813,1846
1179,3414,4593
487,465,952
894,1078,1972
757,583,1340
425,770,1195
573,344,917
657,464,1121
337,810,1147
561,826,1387
556,293,849
390,668,1058
1313,851,2164
680,3170,3850
381,538,919
1465,881,2346
522,341,863
451,658,1109
874,984,1858
618,804,1422
195,485,680
889,923,1812
2482,1617,4099
636,497,1133
689,625,1314
936,808,1744
240,313,553
527,287,814
398,996,1394
330,401,731
736,830,1566
3274,643,3917
472,1065,1537
85,496,581
937,471,1408
318,545,863
576,290,866
359,1200,1559
252,429,681
707,417,1124
3157,693,3850
701,517,1218
444,263,707
929,1035,1964
55,692,747
504,394,898
414,1384,1798
898,254,1152
1533,624,2157
444,803,1247
342,584,926
883,1232,2115
367,1179,1546
91,954,1045
480,322,802
687,1400,2087
593,1579,2172
496,817,1313
597,885,1482
928,1306,2234
221,562,783
924,491,1415
791,661,1452
911,1274,2185
963,962,1925
949,475,1424
930,1075,2005
407,784,1191
720,370,1090
415,488,903
831,668,1499
431,510,941
198,370,568
1337,731,2068
1430,624,2054
428,1084,1512
572,1191,1763
295,651,946
594,445,1039
849,617,1466
510,630,1140
1050,588,1638
269,331,600
1172,558,1730
270,1087,1357
351,509,860
820,932,1752
910,857,1767
571,323,894
576,621,1197
808,2789,3597
959,528,1487
229,495,724
548,743,1291
503,967,1470
607,1213,1820
511,1060,1571
1057,1176,2233
500,630,1130
363,285,648
584,1567,2151
1218,1282,2500
522,417,939
421,483,904
377,1382,1759
605,380,985
410,684,1094
137,628,765
783,1222,2005
579,801,1380
1059,805,1864
991,3055,4046
193,908,1101
152,505,657
1132,691,1823
794,655,1449
953,564,1517
1414,448,1862
1060,558,1618
711,860,1571
1223,452,1675
546,3371,3917
418,754,1172
589,468,1057
2765,1296,4061
430,1267,1697
1215,487,1702
551,860,1411
394,308,702
2988,927,3915
778,572,1350
298,566,864
1088,1044,2132
275,1295,1570
455,364,819
406,596,1002
904,895,1799
965,670,1635
401,672,1073
3129,564,3693
534,1362,1896
210,788,998
849,1250,2099
38,312,350
708,523,1231
510,780,1290
1147,876,2023
399,1363,1762
355,592,947
1198,689,1887
797,1371,2168
39,908,947
554,1606,2160
365,646,1011
947,964,1911
1075,568,1643
748,1267,2015
234,831,1065
649,1369,2018
998,626,1624
258,644,902
519,446,965
627,1059,1686
530,573,1103
1248,411,1659
458,350,808
376,1389,1765
772,376,1148
564,324,888
764,321,1085
540,311,851
674,337,1011
1167,758,1925
491,280,771
487,262,749
1193,276,1469
321,281,602
334,293,627
257,1273,1530
1141,870,2011
389,212,601
63,1530,1593
403,165,568
123,1426,1549
61,230,291
452,1701,2153
814,1465,2279
178,2110,2288
108,253,361
113,1517,1630
362,1534,1896
165,1624,1789
399,1428,1827
416,1902,2318
79,260,339
1219,280,1499
717,1380,2097
700,1208,1908
117,588,705
1797,334,2131
532,788,1320
513,1666,2179
161,251,412
1046,323,1369
1564,276,1840
541,1275,1816
1030,422,1452
1223,415,1638
1564,687,2251
372,694,1066
487,700,1187
1856,643,2499
1641,705,2346
159,834,993
840,433,1273
1898,802,2700
1679,531,2210
211,398,609
1320,717,2037
409,602,1011
297,383,680
51,779,830
1549,421,1970
198,1053,1251
1008,1437,2445
1302,614,1916
732,398,1130
1391,619,2010
184,695,879
739,727,1466
503,202,705
198,564,762
1400,939,2339
248,1212,1460
928,2081,3009
457,508,965
53,1128,1181
804,898,1702
1031,1588,2619
190,1549,1739
514,504,1018
22,563,585
56,525,581
347,664,1011
178,851,1029
55,375,430
554,682,1236
145,1055,1200
427,1416,1843
88,831,919
870,702,1572
91,892,983
92,965,1057
162,1275,1437
384,1135,1519
866,1045,1911
710,828,1538
652,1586,2238
128,859,987
467,639,1106
176,1160,1336
130,1224,1354
553,1082,1635
534,1195,1729
1502,961,2463
919,808,1727
760,1014,1774
557,636,1193
535,749,1284
1161,881,2042
518,1039,1557
136,530,666
769,1056,1825
291,1107,1398
991,919,1910
906,949,1855
883,830,1713
432,1104,1536
306,738,1044
432,635,1067
756,953,1709
447,783,1230
580,705,1285
1130,782,1912
701,571,1272
1006,660,1666
652,1193,1845
719,764,1483
831,994,1825
300,660,960
359,1314,1673
588,568,1156
763,566,1329
202,483,685
759,774,1533
1042,1047,2089
832,531,1363
1134,1221,2355
792,623,1415
698,1058,1756
572,1605,2177
218,690,908
338,487,825
413,476,889
1540,1371,2911
1059,1048,2107
415,621,1036
1005,645,1650
120,1738,1858
379,650,1029
730,1206,1936
494,525,1019
627,1331,1958
627,1231,1858
643,524,1167
409,583,992
411,586,997
66,910,976
468,530,998
293,1202,1495
270,718,988
767,1270,2037
1052,1106,2158
458,733,1191
149,721,870
1031,953,1984
795,1206,2001
711,565,1276
662,1638,2300
361,1320,1681
978,707,1685
307,855,1162
357,796,1153
1454,984,2438
690,1087,1777
841,876,1717
123,1707,1830
736,991,1727
1047,766,1813
455,881,1336
516,814,1330
1691,930,2621
1054,870,1924
533,975,1508
687,1282,1969
868,744,1612
1500,782,2282
702,828,1530
586,816,1402
357,894,1251
698,949,1647
494,1043,1537
591,1089,1680
559,688,1247
886,682,1568
1076,616,1692
981,1097,2078
1188,728,1916
602,726,1328
449,1097,1546
1032,836,1868
539,878,1417
1002,305,1307
887,656,1543
1272,707,1979
61,482,543
539,1008,1547
1166,1155,2321
687,865,1552
95,511,606
734,906,1640
428,1086,1514
822,726,1548
130,534,664
630,1288,1918
622,1019,1641
327,1488,1815
699,1161,1860
948,809,1757
392,1652,2044
872,939,1811
741,1260,2001
118,919,1037
862,1222,2084
410,864,1274
587,723,1310
442,384,826
1459,827,2286
376,371,747
377,692,1069
730,1078,1808
709,582,1291
852,488,1340
599,546,1145
447,821,1268
44,1297,1341
743,1147,1890
375,722,1097
427,655,1082
799,1249,2048
522,1271,1793
941,388,1329
384,897,1281
975,426,1401
451,1008,1459
54,1485,1539
143,1388,1531
595,894,1489
452,1407,1859
412,1462,1874
837,882,1719
286,817,1103
989,695,1684
231,1149,1380
288,723,1011
652,860,1512
847,823,1670
667,429,1096
796,1078,1874
839,1066,1905
545,1180,1725
626,1068,1694
677,380,1057
1088,1033,2121
614,1337,1951
775,789,1564
512,1161,1673
1203,885,2088
943,938,1881
666,699,1365
449,624,1073
481,733,1214
1343,883,2226
881,1462,2343
1180,693,1873
731,448,1179
417,1096,1513
658,728,1386
23,1329,1352
409,704,1113
39,1071,1110
68,1080,1148
875,779,1654
1244,966,2210
732,1034,1766
258,1250,1508
1375,665,2040
925,1114,2039
833,567,1400
879,1192,2071
856,756,1612
768,767,1535
856,727,1583
280,1171,1451
68,726,794
714,1023,1737
668,850,1518
894,929,1823
75,1275,1350
1190,530,1720
1234,1108,2342
602,1339,1941
589,976,1565
428,1451,1879
698,747,1445
982,1158,2140
563,892,1455
971,1195,2166
602,809,1411
1377,1222,2599
246,764,1010
763,1268,2031
381,877,1258
393,1102,1495
170,1509,1679
825,859,1684
418,887,1305
788,917,1705
677,970,1647
499,1269,1768
395,1457,1852
287,1010,1297
993,893,1886
840,1200,2040
618,913,1531
1073,856,1929
882,814,1696
965,694,1659
722,892,1614
999,726,1725
1185,524,1709
234,858,1092
698,780,1478
1182,776,1958
1208,798,2006
631,577,1208
1180,909,2089
1059,949,2008
875,543,1418
568,386,954
756,361,1117
484,1006,1490
667,351,1018
500,1197,1697
460,971,1431
773,1398,2171
938,1110,2048
751,936,1687
653,846,1499
580,548,1128
512,1073,1585
466,302,768
529,1044,1573
362,1525,1887
736,520,1256
377,1185,1562
1190,1101,2291
662,2305,2967
826,510,1336
809,1039,1848
1132,1428,2560
237,458,695
806,1277,2083
600,912,1512
871,898,1769
239,668,907
795,900,1695
815,1559,2374
771,473,1244
973,674,1647
1263,1400,2663
388,627,1015
776,733,1509
698,1237,1935
182,697,879
1303,671,1974
381,1154,1535
889,1180,2069
538,1637,2175
2064,531,2595
899,672,1571
1022,924,1946
390,703,1093
284,707,991
865,860,1725
270,1129,1399
808,1754,2562
862,851,1713
750,865,1615
988,691,1679
640,1073,1713
346,1020,1366
1129,617,1746
526,1063,1589
1458,1253,2711
963,887,1850
693,824,1517
518,659,1177
250,914,1164
1513,1002,2515
862,807,1669
367,925,1292
545,596,1141
58,1178,1236
670,675,1345
785,762,1547
1512,815,2327
389,596,985
693,574,1267
936,763,1699
874,751,1625
827,512,1339
917,616,1533
804,891,1695
1129,2082,3211
801,598,1399
938,635,1573
61,619,680
1239,2033,3272
417,619,1036
296,413,709
749,2325,3074
822,982,1804
275,1938,2213
272,2575,2847
481,975,1456
453,283,736
606,2898,3504
220,981,1201
557,2061,2618
1344,950,2294
837,2892,3729
355,907,1262
463,469,932
529,2175,2704
604,2443,3047
480,2723,3203
747,2541,3288
658,2230,2888
347,573,920
844,510,1354
1907,615,2522
810,384,1194
1066,2430,3496
1508,1824,3332
1163,221,1384
193,534,727
2423,1103,3526
2492,640,3132
1532,553,2085
1775,846,2621
438,2304,2742
24,161,185
679,953,1632
1341,704,2045
2378,638,3016
217,803,1020
346,943,1289
100,864,964
54,300,354
2349,859,3208
775,574,1349
140,998,1138
475,560,1035
94,361,455
1810,649,2459
38,562,600
105,1045,1150
644,2469,3113
853,278,1131
252,461,713
416,757,1173
2355,800,3155
136,378,514
158,1250,1408
786,479,1265
513,990,1503
551,487,1038
141,474,615
246,456,702
668,2316,2984
975,674,1649
404,286,690
388,725,1113
816,311,1127
386,726,1112
760,410,1170
687,2553,3240
649,664,1313
227,1036,1263
709,539,1248
729,753,1482
66,453,519
599,528,1127
37,486,523
31,605,636
116,625,741
848,1968,2816
32,648,680
2332,1097,3429
139,700,839
201,646,847
2017,2107,4124
481,2688,3169
49,642,691
554,723,1277
34,725,759
2087,2476,4563
80,873,953
308,744,1052
2379,1560,3939
108,785,893
261,865,1126
402,3056,3458
682,1178,1860
249,648,897
368,506,874
2129,2341,4470
461,701,1162
433,819,1252
785,1510,2295
29,1187,1216
438,668,1106
1767,677,2444
136,1269,1405
80,794,874
465,650,1115
1982,2470,4452
499,717,1216
477,1091,1568
1745,930,2675
2450,1026,3476
416,931,1347
1104,690,1794
337,1295,1632
2622,1346,3968
286,1214,1500
449,700,1149
896,957,1853
2451,1017,3468
1961,776,2737
551,562,1113
209,1242,1451
975,838,1813
578,775,1353
669,698,1367
674,688,1362
1067,745,1812
319,1130,1449
1220,703,1923
2233,748,2981
467,1263,1730
482,1530,2012
1286,369,1655
561,1081,1642
617,533,1150
975,1317,2292
1128,741,1869
771,988,1759
876,909,1785
572,716,1288
709,1466,2175
680,896,1576
808,627,1435
1098,1050,2148
426,847,1273
649,756,1405
620,1205,1825
477,1259,1736
994,558,1552
150,726,876
861,956,1817
791,475,1266
633,1022,1655
1140,915,2055
1050,1077,2127
631,1172,1803
737,730,1467
629,1076,1705
453,764,1217
383,560,943
843,772,1615
560,437,997
597,599,1196
1176,694,1870
1364,1030,2394
533,1971,2504
373,579,952
721,928,1649
588,1209,1797
1298,759,2057
635,1048,1683
264,669,933
613,1263,1876
820,551,1371
1168,1016,2184
461,528,989
1153,709,1862
455,1323,1778
959,904,1863
863,918,1781
440,2113,2553
449,677,1126
740,1128,1868
589,730,1319
948,1179,2127
683,874,1557
587,1239,1826
437,760,1197
577,1441,2018
783,712,1495
724,624,1348
948,1134,2082
461,515,976
547,1278,1825
950,968,1918
1105,773,1878
1089,1715,2804
523,1462,1985
555,727,1282
184,910,1094
970,412,1382
786,712,1498
405,986,1391
453,1194,1647
957,958,1915
1229,346,1575
1777,1284,3061
540,1892,2432
905,952,1857
1054,1132,2186
769,615,1384
1132,1597,2729
1019,1326,2345
544,1038,1582
482,748,1230
1045,585,1630
1900,1233,3133
847,780,1627
426,777,1203
596,731,1327
689,701,1390
219,884,1103
562,904,1466
660,1291,1951
842,525,1367
496,685,1181
657,773,1430
616,1268,1884
700,492,1192
961,1109,2070
594,730,1324
1451,1134,2585
703,521,1224
1043,1057,2100
838,1027,1865
459,1245,1704
443,1173,1616
766,360,1126
1110,1149,2259
1221,697,1918
1148,1069,2217
339,472,811
1221,489,1710
1222,1237,2459
278,1037,1315
1148,521,1669
429,1931,2360
626,451,1077
824,1129,1953
540,329,869
912,1669,2581
929,1118,2047
1604,1392,2996
550,793,1343
488,1228,1716
1162,710,1872
826,1084,1910
672,1230,1902
917,668,1585
146,374,520
874,1530,2404
526,1121,1647
1196,921,2117
201,538,739
1794,754,2548
751,891,1642
1606,1325,2931
1067,582,1649
1601,514,2115
1105,609,1714
1159,1575,2734
985,1437,2422
1421,484,1905
190,735,925
1056,392,1448
612,1107,1719
868,552,1420
441,301,742
48,555,603
1165,783,1948
438,348,786
367,1092,1459
440,684,1124
726,414,1140
964,499,1463
1041,1335,2376
224,620,844
827,1132,1959
379,951,1330
1007,706,1713
104,1315,1419
445,1785,2230
1336,887,2223
582,372,954
1014,853,1867
376,1977,2353
183,596,779
1256,703,1959
378,867,1245
291,543,834
710,876,1586
173,696,869
555,993,1548
104,823,927
615,1585,2200
507,539,1046
541,1804,2345
712,1794,2506
1217,1493,2710
728,812,1540
290,588,878
414,1426,1840
1373,979,2352
582,617,1199
531,562,1093
310,551,861
362,2428,2790
405,1528,1933
408,725,1133
570,495,1065
470,1581,2051
242,716,958
462,604,1066
502,684,1186
778,506,1284
666,1372,2038
1044,1988,3032
451,693,1144
1869,576,2445
1558,1356,2914
765,1441,2206
300,722,1022
663,1527,2190
703,746,1449
981,883,1864
325,1571,1896
486,723,1209
431,746,1177
379,1566,1945
2273,705,2978
977,1631,2608
573,478,1051
1341,1222,2563
570,738,1308
1195,721,1916
1660,1017,2677
420,1048,1468
429,754,1183
1358,476,1834
371,1156,1527
1033,1982,3015
612,686,1298
643,932,1575
480,930,1410
1216,728,1944
1043,1180,2223
840,1227,2067
559,743,1302
1299,536,1835
414,1367,1781
587,900,1487
1345,732,2077
1215,1448,2663
513,910,1423
717,765,1482
1280,1796,3076
466,933,1399
905,906,1811
1402,729,2131
635,701,1336
870,548,1418
316,739,1055
1115,1229,2344
501,1177,1678
1450,1693,3143
454,1239,1693
1856,1040,2896
649,1006,1655
1102,888,1990
888,1048,1936
1197,828,2025
351,1346,1697
600,976,1576
510,773,1283
610,1381,1991
1564,864,2428
1169,1566,2735
848,1089,1937
643,888,1531
798,984,1782
1053,1213,2266
387,1895,2282
883,670,1553
847,1190,2037
1154,1230,2384
646,1697,2343
278,1221,1499
958,841,1799
315,992,1307
1461,674,2135
705,1113,1818
697,704,1401
543,1275,1818
1346,486,1832
889,584,1473
1128,551,1679
626,1243,1869
988,524,1512
1235,384,1619
688,542,1230
1068,499,1567
932,747,1679
1558,384,1942
1084,385,1469
791,1266,2057
876,710,1586
1045,608,1653
466,1075,1541
634,973,1607
552,738,1290
1577,555,2132
501,815,1316
69,418,487
1114,765,1879
1890,515,2405
982,350,1332
1004,1269,2273
123,315,438
93,531,624
721,737,1458
972,320,1292
147,347,494
1450,598,2048
673,1330,2003
103,777,880
300,282,582
1125,626,1751
281,559,840
89,610,699
33,1064,1097
373,485,858
47,933,980
83,475,558
36,1012,1048
71,297,368
1359,890,2249
52,1001,1053
253,748,1001
406,1194,1600
76,888,964
46,703,749
733,310,1043
777,1412,2189
76,490,566
784,302,1086
139,1227,1366
1231,1524,2755
119,621,740
216,981,1197
502,1059,1561
588,311,899
677,1289,1966
376,726,1102
521,298,819
278,814,1092
99,991,1090
189,664,853
251,1177,1428
581,1026,1607
409,692,1101
74,1353,1427
743,763,1506
438,561,999
304,821,1125
797,923,1720
482,1159,1641
1194,559,1753
181,993,1174
788,4092,4880
567,823,1390
780,714,1494
966,896,1862
186,547,733
689,803,1492
691,510,1201
437,826,1263
255,1348,1603
521,530,1051
631,549,1180
903,643,1546
907,1416,2323
335,643,978
862,816,1678
694,1250,1944
844,1309,2153
747,3884,4631
434,550,984
414,669,1083
740,647,1387
793,4086,4879
743,946,1689
992,1345,2337
79,856,935
345,665,1010
478,644,1122
627,569,1196
459,698,1157
807,3832,4639
1232,575,1807
608,727,1335
1161,993,2154
151,1130,1281
380,887,1267
662,1155,1817
390,758,1148
406,870,1276
3606,862,4468
1027,528,1555
460,841,1301
553,961,1514
782,748,1530
675,869,1544
1003,2012,3015
443,782,1225
1002,781,1783
3908,691,4599
892,725,1617
537,854,1391
676,650,1326
577,577,1154
512,574,1086
681,704,1385
733,1079,1812
573,883,1456
528,1457,1985
2752,887,3639
984,1018,2002
809,850,1659
1164,2081,3245
416,1038,1454
116,747,863
869,523,1392
1021,1013,2034
627,924,1551
698,1506,2204
715,846,1561
776,774,1550
604,1552,2156
655,790,1445
959,788,1747
659,1024,1683
407,688,1095
888,558,1446
701,920,1621
413,864,1277
963,2052,3015
696,563,1259
1230,724,1954
430,962,1392
447,726,1173
898,1323,2221
1371,759,2130
629,925,1554
688,839,1527
598,351,949
103,1256,1359
463,975,1438
1672,1376,3048
686,976,1662
690,1118,1808
578,992,1570
1232,519,1751
618,1536,2154
838,907,1745
333,508,841
614,750,1364
1881,1364,3245
408,647,1055
914,933,1847
764,882,1646
247,1217,1464
606,1109,1715
147,717,864
623,995,1618
700,1414,2114
551,558,1109
1863,1136,2999
1074,919,1993
1139,1261,2400
437,732,1169
1208,941,2149
528,1261,1789
653,1063,1716
766,1079,1845
672,847,1519
1020,634,1654
1383,834,2217
530,1170,1700
883,1135,2018
378,546,924
1221,701,1922
826,1148,1974
728,1118,1846
542,685,1227
625,519,1144
839,771,1610
1157,418,1575
1244,661,1905
398,642,1040
708,995,1703
762,1066,1828
866,883,1749
1013,747,1760
940,695,1635
694,409,1103
803,1088,1891
974,668,1642
778,353,1131
594,890,1484
459,602,1061
38,350,388
319,750,1069
576,691,1267
787,634,1421
861,1012,1873
752,581,1333
1191,322,1513
791,1686,2477
1023,788,1811
1169,625,1794
589,1119,1708
18,394,412
856,1041,1897
1072,1224,2296
99,578,677
331,1289,1620
588,1106,1694
943,1351,2294
753,959,1712
1109,1349,2458
770,873,1643
823,1408,2231
22,573,595
830,838,1668
1355,546,1901
55,568,623
271,493,764
859,713,1572
492,550,1042
1099,1787,2886
242,764,1006
34,948,982
853,932,1785
907,1655,2562
598,550,1148
118,861,979
301,783,1084
361,1734,2095
610,581,1191
29,1068,1097
25,1278,1303
701,718,1419
334,974,1308
1155,1112,2267
734,573,1307
160,1080,1240
758,666,1424
465,715,1180
352,1101,1453
960,531,1491
464,708,1172
656,1044,1700
330,1144,1474
907,331,1238
480,646,1126
1090,640,1730
462,1050,1512
447,729,1176
707,1664,2371
680,753,1433
429,750,1179
489,332,821
993,880,1873
707,459,1166
1003,493,1496
516,755,1271
1023,892,1915
47,2190,2237
840,493,1333
568,493,1061
32,1079,1111
292,484,776
689,1004,1693
623,650,1273
392,1212,1604
585,1582,2167
585,697,1282
636,1518,2154
1132,1175,2307
571,1743,2314
689,633,1322
239,633,872
573,1781,2354
738,768,1506
472,482,954
880,1328,2208
608,740,1348
371,1161,1532
446,1625,2071
629,437,1066
180,1087,1267
651,576,1227
379,424,803
419,1141,1560
662,650,1312
1377,1355,2732
980,1111,2091
469,1528,1997
1397,1010,2407
919,1754,2673
361,1198,1559
456,317,773
648,895,1543
963,1200,2163
1921,1366,3287
613,2323,2936
411,976,1387
1090,1456,2546
865,2732,3597
292,1524,1816
548,1226,1774
136,477,613
1012,867,1879
937,672,1609
236,1539,1775
1721,783,2504
1271,973,2244
1564,1475,3039
895,1513,2408
1279,716,1995
219,735,954
711,838,1549
1057,780,1837
466,1814,2280
1285,519,1804
1391,1263,2654
489,1373,1862
1452,1068,2520
2121,1158,3279
942,1621,2563
179,971,1150
1260,497,1757
1369,1115,2484
633,982,1615
785,1324,2109
477,1258,1735
1615,1490,3105
1421,1483,2904
438,1376,1814
854,1185,2039
1427,927,2354
281,1134,1415
440,1062,1502
906,592,1498
496,956,1452
384,1039,1423
1236,276,1512
900,615,1515
1158,261,1419
838,313,1151
825,333,1158
920,261,1181
534,323,857
872,332,1204
293,237,530
583,289,872
972,279,1251
101,254,355
280,330,610
81,427,508
142,348,490
191,371,562
129,429,558
231,320,551
264,334,598
270,350,620
81,325,406
504,2282,2786
93,309,402
31,356,387
1087,1262,2349
150,392,542
1418,2441,3859
1178,1953,3131
984,2572,3556
1017,750,1767
2591,1146,3737
116,348,464
717,1898,2615
209,371,580
1527,2172,3699
766,990,1756
206,624,830
1074,3099,4173
1274,2314,3588
697,2188,2885
968,2905,3873
776,2589,3365
932,1819,2751
2247,703,2950
1373,2454,3827
246,551,797
1875,634,2509
149,692,841
149,467,616
427,2432,2859
338,963,1301
258,1005,1263
815,2131,2946
137,2662,2799
927,2687,3614
243,1022,1265
1916,394,2310
772,2613,3385
331,2049,2380
360,994,1354
1452,2340,3792
503,508,1011
2398,1015,3413
542,997,1539
28,929,957
458,880,1338
272,633,905
2324,1011,3335
553,3027,3580
2943,1188,4131
578,1916,2494
1926,1229,3155
2802,1057,3859
2328,513,2841
1985,1149,3134
603,573,1176
2121,1032,3153
2476,849,3325
2167,1679,3846
1029,508,1537
715,814,1529
2377,1063,3440
746,362,1108
647,805,1452
2402,1090,3492
774,393,1167
698,958,1656
276,979,1255
1769,1934,3703
75,954,1029
874,445,1319
952,656,1608
532,606,1138
1670,1458,3128
2517,795,3312
594,1395,1989
426,748,1174
246,371,617
2900,988,3888
304,1501,1805
979,340,1319
890,581,1471
1513,2039,3552
902,1219,2121
792,563,1355
1797,1997,3794
696,1161,1857
292,606,898
1186,1001,2187
841,1250,2091
749,807,1556
300,825,1125
537,1450,1987
853,1180,2033
211,582,793
1265,742,2007
364,1596,1960
320,786,1106
1438,971,2409
1281,740,2021
412,971,1383
326,2111,2437
897,978,1875
1130,745,1875
332,919,1251
883,799,1682
155,1023,1178
622,764,1386
587,921,1508
1324,1142,2466
308,2065,2373
1100,1018,2118
995,514,1509
1027,867,1894
647,709,1356
727,586,1313
482,919,1401
851,760,1611
823,532,1355
594,1986,2580
1409,357,1766
648,529,1177
1937,853,2790
823,852,1675
708,867,1575
461,511,972
795,555,1350
1254,755,2009
349,341,690
276,728,1004
668,1030,1698
406,342,748
928,507,1435
423,1047,1470
415,697,1112
437,339,776
586,663,1249
1926,676,2602
479,1481,1960
272,322,594
1819,796,2615
201,345,546
698,577,1275
636,666,1302
929,840,1769
276,336,612
792,1348,2140
618,761,1379
547,649,1196
754,694,1448
436,737,1173
941,657,1598
560,831,1391
478,1575,2053
166,382,548
678,523,1201
631,1728,2359
297,603,900
813,1074,1887
542,501,1043
606,743,1349
599,2394,2993
599,1444,2043
259,524,783
1388,820,2208
509,2487,2996
266,660,926
872,658,1530
715,318,1033
175,1721,1896
555,1033,1588
769,1252,2021
389,549,938
1880,2859,4739
515,725,1240
719,1423,2142
428,550,978
663,1479,2142
1367,797,2164
535,713,1248
1252,927,2179
1626,816,2442
162,653,815
526,779,1305
1650,620,2270
397,867,1264
192,575,767
1250,1680,2930
680,1120,1800
597,722,1319
375,597,972
2292,1269,3561
591,718,1309
578,1493,2071
1297,515,1812
2332,899,3231
1775,2692,4467
635,1147,1782
456,715,1171
519,501,1020
772,750,1522
471,1468,1939
270,723,993
898,985,1883
785,782,1567
820,468,1288
1167,1381,2548
723,1232,1955
622,941,1563
1336,1072,2408
1472,907,2379
484,567,1051
1044,3287,4331
1106,715,1821
362,779,1141
317,726,1043
714,866,1580
639,716,1355
611,1090,1701
639,467,1106
998,3085,4083
548,831,1379
240,527,767
764,1291,2055
416,1032,1448
691,710,1401
759,530,1289
1018,618,1636
582,1789,2371
2414,1421,3835
840,1069,1909
405,373,778
1254,1247,2501
3014,1080,4094
1033,871,1904
477,477,954
466,1240,1706
764,634,1398
481,716,1197
696,1298,1994
553,710,1263
549,675,1224
2923,664,3587
989,874,1863
442,550,992
272,551,823
1291,1300,2591
926,1049,1975
431,898,1329
95,1265,1360
730,523,1253
815,703,1518
504,545,1049
376,821,1197
1003,1343,2346
357,573,930
1103,492,1595
1225,703,1928
484,609,1093
748,564,1312
455,477,932
838,936,1774
412,1602,2014
973,1460,2433
1169,517,1686
339,1637,1976
835,870,1705
586,465,1051
959,449,1408
1023,843,1866
421,1036,1457
375,644,1019
1074,2207,3281
593,876,1469
565,1427,1992
807,1912,2719
711,576,1287
1410,903,2313
444,719,1163
1227,726,1953
416,867,1283
1512,640,2152
916,2275,3191
315,527,842
429,877,1306
693,629,1322
902,2059,2961
383,939,1322
552,598,1150
699,898,1597
322,1012,1334
367,1483,1850
1206,638,1844
241,855,1096
43,624,667
685,2126,2811
267,930,1197
589,759,1348
92,805,897
588,2245,2833
833,387,1220
394,1869,2263
503,448,951
755,595,1350
690,1704,2394
564,435,999
717,1655,2372
1881,760,2641
1392,2081,3473
643,880,1523
629,981,1610
557,469,1026
388,719,1107
673,1299,1972
576,715,1291
1649,537,2186
436,1057,1493
548,1036,1584
298,1193,1491
539,1169,1708
445,842,1287
1948,770,2718
731,491,1222
1927,1559,3486
1527,589,2116
671,1195,1866
223,1355,1578
526,1989,2515
709,634,1343
2170,954,3124
508,941,1449
727,417,1144
37,724,761
2153,1779,3932
1254,737,1991
1066,574,1640
612,1039,1651
344,557,901
756,968,1724
869,1700,2569
26,942,968
1166,1721,2887
51,933,984
132,952,1084
398,797,1195
986,984,1970
191,782,973
239,1056,1295
1521,1730,3251
711,1741,2452
334,918,1252
1015,1541,2556
820,1724,2544
61,1299,1360
379,992,1371
1261,956,2217
348,811,1159
1433,1299,2732
536,913,1449
365,963,1328
1005,1018,2023
562,1068,1630
1217,890,2107
792,1249,2041
181,1812,1993
785,1122,1907
1367,813,2180
902,1073,1975
1599,1407,3006
845,835,1680
982,1258,2240
540,1211,1751
908,1291,2199
604,1318,1922
141,695,836
1158,1258,2416
472,1292,1764
892,1575,2467
1034,1411,2445
1664,597,2261
704,1402,2106
1650,1580,3230
1254,1169,2423
528,476,1004
350,590,940
450,1485,1935
977,1863,2840
240,972,1212
826,1265,2091
566,507,1073
1278,1613,2891
905,1277,2182
454,606,1060
556,663,1219
736,1398,2134
738,907,1645
524,906,1430
844,1377,2221
559,833,1392
742,449,1191
432,873,1305
935,1806,2741
455,741,1196
612,553,1165
831,1628,2459
183,835,1018
1154,1294,2448
1026,900,1926
918,684,1602
431,673,1104
968,797,1765
487,518,1005
438,1308,1746
1009,790,1799
332,1361,1693
708,565,1273
1004,932,1936
689,669,1358
867,787,1654
689,1201,1890
1477,659,2136
963,910,1873
272,1242,1514
427,727,1154
494,460,954
285,542,827
749,775,1524
1259,641,1900
346,510,856
469,1493,1962
360,643,1003
595,551,1146
689,967,1656
543,535,1078
508,512,1020
365,956,1321
129,1211,1340
847,1507,2354
1145,784,1929
1320,421,1741
937,1746,2683
1142,866,2008
122,641,763
1011,1504,2515
421,951,1372
436,1876,2312
144,684,828
534,471,1005
920,1227,2147
1280,1539,2819
562,755,1317
128,529,657
1384,709,2093
1322,1146,2468
442,1093,1535
1732,757,2489
504,699,1203
696,951,1647
452,1853,2305
446,1255,1701
675,797,1472
166,1186,1352
791,699,1490
279,1106,1385
721,702,1423
870,813,1683
300,1070,1370
300,801,1101
860,672,1532
280,607,887
341,1054,1395
1439,545,1984
1439,333,1772
571,884,1455
1324,939,2263
618,672,1290
417,1702,2119
372,1160,1532
615,466,1081
275,896,1171
839,1343,2182
1157,522,1679
402,690,1092
446,950,1396
629,709,1338
1013,1557,2570
177,1270,1447
311,970,1281
663,517,1180
351,1082,1433
869,497,1366
407,1295,1702
1133,1422,2555
873,515,1388
213,911,1124
934,1682,2616
636,1041,1677
508,733,1241
999,921,1920
618,778,1396
825,700,1525
1658,1096,2754
500,793,1293
757,362,1119
929,676,1605
1006,919,1925
788,581,1369
671,899,1570
1077,923,2000
433,401,834
930,697,1627
625,1381,2006
331,910,1241
217,570,787
570,700,1270
311,1103,1414
1332,602,1934
1599,1334,2933
600,877,1477
1178,685,1863
1560,840,2400
830,733,1563
614,936,1550
301,739,1040
810,1774,2584
880,380,1260
509,803,1312
559,374,933
528,626,1154
670,1358,2028
709,861,1570
824,723,1547
300,971,1271
1413,1303,2716
784,1143,1927
847,340,1187
1019,1591,2610
676,1022,1698
576,645,1221
1173,1236,2409
391,1819,2210
279,653,932
1025,840,1865
892,1929,2821
196,617,813
605,2039,2644
383,853,1236
808,393,1201
467,1097,1564
494,381,875
1372,369,1741
662,2338,3000
558,1044,1602
431,974,1405
577,1439,2016
1034,737,1771
142,1384,1526
605,896,1501
741,2401,3142
698,1099,1797
191,1674,1865
1653,1320,2973
1192,1380,2572
783,1146,1929
792,747,1539
590,343,933
409,1095,1504
1604,1150,2754
1281,580,1861
1125,524,1649
646,1394,2040
1755,1344,3099
661,988,1649
467,772,1239
739,1567,2306
2069,924,2993
233,995,1228
1938,837,2775
1521,392,1913
1228,750,1978
1099,508,1607
1206,1770,2976
586,1372,1958
1167,553,1720
905,1394,2299
801,894,1695
386,809,1195
1175,976,2151
144,1260,1404
343,518,861
1324,2296,3620
984,1614,2598
731,1275,2006
2260,1117,3377
1299,921,2220
568,993,1561
886,538,1424
1441,737,2178
1053,695,1748
671,744,1415
950,1346,2296
1034,1028,2062
210,921,1131
1247,1268,2515
270,664,934
605,1245,1850
1419,667,2086
436,858,1294
863,1207,2070
817,665,1482
318,800,1118
1191,1098,2289
305,1647,1952
672,385,1057
1189,719,1908
561,947,1508
1125,498,1623
1620,1077,2697
1159,499,1658
185,757,942
512,656,1168
2165,1126,3291
488,717,1205
663,1139,1802
869,897,1766
1051,924,1975
816,735,1551
1042,692,1734
430,510,940
963,960,1923
775,552,1327
754,1168,1922
571,738,1309
496,1339,1835
441,939,1380
457,1411,1868
572,742,1314
114,1547,1661
903,1077,1980
432,523,955
952,796,1748
480,1394,1874
670,332,1002
1097,971,2068
666,1874,2540
1247,610,1857
496,316,812
1018,1181,2199
930,1162,2092
311,708,1019
796,1333,2129
843,429,1272
570,693,1263
395,1042,1437
1501,1275,2776
615,1293,1908
362,1030,1392
600,1209,1809
777,972,1749
1098,1044,2142
844,970,1814
1237,1212,2449
1211,832,2043
1354,393,1747
591,1154,1745
1662,831,2493
1237,654,1891
672,780,1452
1201,634,1835
424,330,754
1014,508,1522
621,1093,1714
254,932,1186
613,807,1420
837,897,1734
867,525,1392
339,996,1335
831,567,1398
516,1225,1741
655,1438,2093
973,1122,2095
1023,931,1954
291,986,1277
997,1301,2298
1100,1064,2164
200,938,1138
895,781,1676
831,854,1685
1010,819,1829
749,554,1303
486,463,949
90,1009,1099
621,1009,1630
89,830,919
703,697,1400
138,1390,1528
135,841,976
926,1071,1997
923,1102,2025
644,331,975
745,1113,1858
762,896,1658
1045,1009,2054
658,802,1460
936,688,1624
797,808,1605
352,700,1052
1238,792,2030
455,1000,1455
683,448,1131
291,1016,1307
865,1205,2070
990,518,1508
230,1131,1361
227,714,941
510,864,1374
753,561,1314
771,1912,2683
271,1404,1675
531,1046,1577
761,2751,3512
699,764,1463
645,641,1286
639,911,1550
478,915,1393
655,887,1542
238,1422,1660
739,536,1275
170,747,917
925,1006,1931
1035,2543,3578
720,510,1230
726,1125,1851
1819,1554,3373
921,1036,1957
59,743,802
396,972,1368
716,719,1435
626,999,1625
375,903,1278
761,991,1752
959,768,1727
2597,491,3088
709,1129,1838
267,555,822
164,824,988
808,713,1521
614,888,1502
195,1166,1361
926,1193,2119
805,1308,2113
291,1279,1570
598,941,1539
729,1052,1781
354,789,1143
1065,971,2036
849,706,1555
1249,869,2118
2358,671,3029
602,969,1571
960,1455,2415
652,969,1621
820,436,1256
835,1467,2302
848,842,1690
584,357,941
1086,925,2011
538,353,891
936,581,1517
1016,523,1539
1291,317,1608
267,433,700
701,611,1312
833,292,1125
498,1726,2224
505,2448,2953
916,1335,2251
652,1571,2223
1324,2007,3331
275,607,882
589,1841,2430
1413,1653,3066
950,1471,2421
524,1573,2097
1188,1195,2383
506,1647,2153
235,624,859
725,756,1481
1058,1044,2102
976,1897,2873
271,744,1015
371,846,1217
809,2099,2908
603,1475,2078
540,408,948
632,2273,2905
648,1669,2317
837,2006,2843
1250,881,2131
362,804,1166
685,2244,2929
1595,1351,2946
1642,434,2076
577,392,969
633,466,1099
596,1600,2196
1192,1311,2503
743,1398,2141
1468,449,1917
1133,526,1659
1604,618,2222
2186,278,2464
763,1754,2517
1751,682,2433
970,1129,2099
785,346,1131
1511,545,2056
822,408,1230
2009,276,2285
966,697,1663
1330,722,2052
683,874,1557
1131,676,1807
698,608,1306
1949,419,2368
567,1107,1674
1657,330,1987
1531,579,2110
1094,421,1515
86,1509,1595
35,464,499
1757,714,2471
238,276,514
26,527,553
1377,404,1781
1590,674,2264
1194,755,1949
162,1557,1719
26,540,566
21,700,721
65,555,620
292,1117,1409
28,700,728
51,631,682
19,992,1011
24,779,803
459,1249,1708
1033,956,1989
36,801,837
41,885,926
139,610,749
31,594,625
252,678,930
28,817,845
20,985,1005
303,750,1053
37,1238,1275
20,858,878
219,794,1013
367,720,1087
532,435,967
308,647,955
205,1047,1252
609,516,1125
330,918,1248
599,781,1380
22,1344,1366
222,839,1061
756,705,1461
295,1161,1456
667,608,1275
712,520,1232
570,316,886
536,751,1287
419,833,1252
624,522,1146
386,1003,1389
786,725,1511
491,1029,1520
203,546,749
828,811,1639
634,645,1279
1142,547,1689
443,1417,1860
224,546,770
348,523,871
421,728,1149
627,1349,1976
424,798,1222
616,792,1408
939,501,1440
805,727,1532
445,354,799
917,630,1547
431,515,946
305,1043,1348
281,611,892
316,1197,1513
704,811,1515
940,571,1511
1122,753,1875
929,1206,2135
627,461,1088
542,562,1104
261,1147,1408
339,1214,1553
348,740,1088
445,700,1145
568,1012,1580
512,1095,1607
1239,651,1890
476,1773,2249
961,312,1273
222,444,666
540,2124,2664
691,800,1491
995,363,1358
551,546,1097
879,751,1630
1175,192,1367
986,799,1785
298,720,1018
297,1094,1391
577,1049,1626
621,1854,2475
539,804,1343
505,1224,1729
4004,392,4396
809,758,1567
59,253,312
30,1140,1170
920,774,1694
91,474,565
43,725,768
1318,894,2212
531,793,1324
548,1233,1781
1055,758,1813
338,1301,1639
467,1046,1513
902,955,1857
617,1461,2078
41,1042,1083
310,897,1207
663,733,1396
582,587,1169
22,1153,1175
1215,641,1856
93,1437,1530
139,480,619
153,1444,1597
272,1239,1511
612,1073,1685
369,1343,1712
954,698,1652
1050,543,1593
807,716,1523
348,1139,1487
178,905,1083
1000,723,1723
649,1053,1702
836,889,1725
475,1333,1808
977,346,1323
553,559,1112
601,656,1257
563,321,884
349,844,1193
1032,843,1875
878,983,1861
360,974,1334
331,1774,2105
579,1181,1760
604,1192,1796
705,1499,2204
449,814,1263
1275,607,1882
811,905,1716
1198,1136,2334
548,901,1449
939,244,1183
978,832,1810
926,1157,2083
670,1261,1931
777,611,1388
1193,934,2127
391,1159,1550
934,1247,2181
996,857,1853
600,891,1491
116,512,628
705,575,1280
1316,479,1795
755,912,1667
564,792,1356
592,360,952
1007,567,1574
853,926,1779
667,355,1022
1051,578,1629
146,697,843
449,358,807
633,970,1603
987,1001,1988
192,945,1137
464,1616,2080
419,842,1261
769,1032,1801
940,770,1710
254,569,823
716,1284,2000
249,341,590
498,565,1063
437,1805,2242
93,535,628
154,921,1075
462,867,1329
817,1636,2453
164,537,701
329,755,1084
929,646,1575
1056,1024,2080
580,903,1483
959,894,1853
882,1756,2638
796,655,1451
1524,887,2411
247,520,767
840,2057,2897
360,578,938
828,483,1311
659,1853,2512
448,942,1390
795,2161,2956
1095,1008,2103
648,688,1336
1726,671,2397
571,2209,2780
1184,1523,2707
760,524,1284
351,520,871
786,1494,2280
596,514,1110
383,809,1192
614,934,1548
738,736,1474
1396,731,2127
466,825,1291
693,1052,1745
523,949,1472
842,1150,1992
879,1493,2372
454,700,1154
1462,561,2023
737,1638,2375
488,560,1048
1123,1293,2416
354,974,1328
413,650,1063
1803,790,2593
827,1434,2261
624,896,1520
1755,981,2736
432,618,1050
499,1273,1772
680,644,1324
840,1235,2075
1356,568,1924
666,530,1196
630,974,1604
719,1209,1928
778,1104,1882
735,642,1377
1160,520,1680
463,740,1203
840,399,1239
588,695,1283
623,738,1361
1340,838,2178
510,919,1429
1339,516,1855
946,866,1812
490,1007,1497
471,449,920
850,616,1466
1521,853,2374
441,628,1069
1082,656,1738
872,757,1629
553,723,1276
590,608,1198
435,535,970
272,982,1254
831,457,1288
486,855,1341
344,391,735
153,600,753
614,1212,1826
919,1002,1921
341,453,794
625,963,1588
313,1263,1576
377,720,1097
856,813,1669
211,662,873
650,1092,1742
418,903,1321
530,412,942
454,364,818
1180,1355,2535
885,709,1594
758,620,1378
427,612,1039
382,711,1093
680,867,1547
1078,408,1486
796,420,1216
994,1306,2300
352,465,817
925,449,1374
1201,1308,2509
301,774,1075
702,355,1057
692,1015,1707
506,423,929
825,339,1164
476,544,1020
811,242,1053
1264,723,1987
317,646,963
530,652,1182
878,1133,2011
559,864,1423
101,358,459
266,1083,1349
146,401,547
773,1040,1813
715,961,1676
257,1194,1451
42,473,515
563,983,1546
635,540,1175
112,539,651
193,893,1086
768,583,1351
485,5155,5640
1553,4116,5669
128,681,809
141,1163,1304
98,888,986
161,912,1073
854,850,1704
242,961,1203
1167,671,1838
468,998,1466
577,1068,1645
434,819,1253
19,1047,1066
177,927,1104
762,4086,4848
756,540,1296
954,1149,2103
329,1069,1398
581,1036,1617
320,956,1276
1040,1491,2531
213,1024,1237
1042,1078,2120
544,4210,4754
417,716,1133
676,1416,2092
750,1155,1905
443,705,1148
285,1934,2219
764,1287,2051
937,909,1846
531,526,1057
411,1769,2180
579,757,1336
472,869,1341
1714,4709,6423
598,1533,2131
862,1083,1945
665,1737,2402
323,4657,4980
2037,4728,6765
584,1828,2412
909,1205,2114
721,1757,2478
475,1794,2269
3885,1328,5213
1629,4877,6506
1025,1271,2296
689,1153,1842
4105,1157,5262
202,826,1028
566,1251,1817
352,1444,1796
3753,1554,5307
1492,728,2220
1016,531,1547
4501,820,5321
1376,1539,2915
912,1159,2071
4513,617,5130
220,935,1155
782,1123,1905
550,1637,2187
1528,735,2263
861,739,1600
4634,708,5342
2028,965,2993
1157,680,1837
1291,1020,2311
1595,1057,2652
276,1235,1511
1619,896,2515
905,1511,2416
713,1085,1798
1040,644,1684
979,1157,2136
1018,1123,2141
514,1514,2028
1000,1059,2059
1128,773,1901
563,1531,2094
1488,731,2219
834,813,1647
27,865,892
648,1142,1790
1265,783,2048
262,1519,1781
553,608,1161
1400,600,2000
384,887,1271
653,1307,1960
884,484,1368
159,891,1050
896,1252,2148
226,515,741
994,1139,2133
742,484,1226
1185,1054,2239
473,770,1243
1100,953,2053
341,886,1227
260,487,747
355,892,1247
402,1136,1538
166,1293,1459
686,933,1619
817,690,1507
32,1513,1545
543,1012,1555
1396,1020,2416
237,1450,1687
316,771,1087
500,1218,1718
362,1363,1725
945,733,1678
456,763,1219
985,1046,2031
872,1259,2131
488,798,1286
575,766,1341
588,1361,1949
553,721,1274
48,1069,1117
773,780,1553
864,757,1621
366,864,1230
1348,835,2183
332,770,1102
1040,759,1799
465,1579,2044
154,1023,1177
58,1006,1064
381,815,1196
514,1102,1616
572,1205,1777
380,1344,1724
216,1561,1777
352,775,1127
723,498,1221
653,770,1423
721,491,1212
272,963,1235
625,754,1379
864,1094,1958
172,1171,1343
981,1113,2094
885,1805,2690
217,1175,1392
206,799,1005
188,802,990
512,1071,1583
959,809,1768
523,1247,1770
412,1301,1713
1326,1109,2435
1406,1597,3003
503,1452,1955
427,783,1210
582,632,1214
823,932,1755
421,939,1360
850,1116,1966
600,928,1528
231,1108,1339
1225,1607,2832
868,1308,2176
438,950,1388
633,1057,1690
635,1186,1821
585,890,1475
1169,718,1887
726,934,1660
286,757,1043
919,759,1678
1444,1005,2449
670,875,1545
849,807,1656
1100,759,1859
445,1058,1503
729,1246,1975
619,479,1098
356,793,1149
1030,985,2015
1004,808,1812
1081,958,2039
944,1101,2045
932,1081,2013
1034,861,1895
697,930,1627
1028,1234,2262
204,536,740
616,1373,1989
330,618,948
695,656,1351
470,1108,1578
656,346,1002
955,737,1692
430,1781,2211
462,1285,1747
728,351,1079
363,1457,1820
893,795,1688
1040,938,1978
77,1091,1168
825,1015,1840
213,761,974
400,937,1337
461,2050,2511
697,1115,1812
507,1047,1554
385,1011,1396
84,1110,1194
709,730,1439
312,1071,1383
409,369,778
894,723,1617
811,1880,2691
390,1223,1613
773,765,1538
614,850,1464
954,712,1666
477,930,1407
695,1350,2045
223,706,929
657,536,1193
675,1877,2552
152,877,1029
503,2315,2818
686,741,1427
685,985,1670
830,548,1378
798,1268,2066
239,885,1124
659,705,1364
558,1597,2155
375,1164,1539
375,1119,1494
1339,1551,2890
920,755,1675
680,910,1590
1048,567,1615
983,1210,2193
566,661,1227
1441,807,2248
565,1180,1745
1619,838,2457
1874,1209,3083
701,863,1564
747,838,1585
1305,604,1909
1180,1234,2414
327,820,1147
385,520,905
884,1061,1945
614,747,1361
1526,1151,2677
602,402,1004
419,1120,1539
799,919,1718
572,371,943
559,922,1481
966,1000,1966
637,854,1491
929,906,1835
1384,886,2270
310,880,1190
765,996,1761
810,1476,2286
1104,753,1857
398,843,1241
980,815,1795
1146,865,2011
817,1053,1870
28,325,353
647,882,1529
471,927,1398
1057,1224,2281
709,722,1431
608,883,1491
1127,1171,2298
560,785,1345
503,1045,1548
818,679,1497
1094,1202,2296
928,647,1575
774,896,1670
539,576,1115
899,1240,2139
450,693,1143
74,632,706
1175,849,2024
652,1030,1682
711,853,1564
135,1021,1156
1156,726,1882
531,587,1118
984,991,1975
612,564,1176
693,510,1203
752,1027,1779
767,608,1375
423,520,943
202,1020,1222
444,719,1163
919,683,1602
277,1207,1484
484,777,1261
382,978,1360
440,1136,1576
878,559,1437
300,2282,2582
531,488,1019
550,933,1483
755,737,1492
576,2928,3504
911,743,1654
529,741,1270
804,2748,3552
467,1317,1784
526,683,1209
181,535,716
374,1245,1619
656,1101,1757
608,726,1334
970,722,1692
930,708,1638
451,1160,1611
859,2616,3475
461,329,790
472,1091,1563
580,1195,1775
669,914,1583
886,1295,2181
732,1299,2031
861,690,1551
2702,576,3278
335,881,1216
806,1501,2307
247,730,977
488,755,1243
665,1334,1999
466,1443,1909
552,630,1182
2578,624,3202
1004,1134,2138
910,1283,2193
299,1096,1395
2072,788,2860
966,1108,2074
421,960,1381
630,778,1408
900,1317,2217
1250,756,2006
1063,730,1793
477,835,1312
1124,1307,2431
489,601,1090
863,769,1632
534,1172,1706
996,445,1441
1043,1422,2465
431,766,1197
1426,588,2014
605,1357,1962
734,500,1234
1100,688,1788
1094,439,1533
779,1063,1842
1291,923,2214
464,1020,1484
404,666,1070
1036,845,1881
1235,994,2229
57,534,591
857,1276,2133
1365,648,2013
89,516,605
264,564,828
270,1364,1634
587,1588,2175
536,1005,1541
595,1256,1851
645,618,1263
970,1053,2023
500,493,993
134,722,856
347,1451,1798
310,593,903
646,537,1183
223,896,1119
1198,803,2001
377,1423,1800
226,969,1195
697,1165,1862
1062,925,1987
1035,1317,2352
401,764,1165
466,521,987
473,722,1195
494,830,1324
787,652,1439
1091,1578,2669
684,819,1503
849,868,1717
677,1644,2321
447,899,1346
278,827,1105
599,811,1410
295,843,1138
435,832,1267
564,818,1382
420,806,1226
1055,738,1793
681,647,1328
492,1418,1910
1194,1255,2449
859,795,1654
1029,1420,2449
980,815,1795
756,961,1717
632,465,1097
1451,1205,2656
743,1349,2092
549,854,1403
899,2564,3463
607,1284,1891
719,726,1445
662,685,1347
740,715,1455
771,1170,1941
501,668,1169
465,783,1248
120,709,829
564,1675,2239
532,321,853
702,1804,2506
261,2943,3204
578,428,1006
715,1830,2545
796,1244,2040
674,204,878
702,2495,3197
649,1505,2154
151,239,390
1276,1552,2828
637,1319,1956
822,2379,3201
701,1277,1978
1138,3708,4846
1109,890,1999
750,1673,2423
1399,3567,4966
1510,693,2203
1039,2382,3421
1252,1365,2617
631,1245,1876
2329,1133,3462
403,1243,1646
250,280,530
1081,1385,2466
512,1894,2406
2487,2121,4608
1170,674,1844
1091,1552,2643
961,1539,2500
57,1863,1920
846,620,1466
1136,1529,2665
518,1422,1940
295,469,764
1160,716,1876
757,1756,2513
2383,830,3213
1400,704,2104
425,1675,2100
608,360,968
1490,2437,3927
2764,1474,4238
1347,817,2164
367,499,866
879,547,1426
1337,1064,2401
2206,1142,3348
1165,956,2121
1175,1206,2381
1707,966,2673
1035,754,1789
3421,920,4341
1762,691,2453
687,421,1108
1074,574,1648
287,564,851
24,753,777
33,686,719
583,770,1353
547,363,910
36,613,649
83,757,840
979,997,1976
1768,891,2659
152,564,716
258,1260,1518
1763,1130,2893
935,1149,2084
651,333,984
1575,1099,2674
388,750,1138
1068,2712,3780
308,541,849
1486,1117,2603
59,527,586
484,1139,1623
71,1257,1328
445,347,792
715,1132,1847
2211,2219,4430
615,487,1102
376,1010,1386
90,552,642
665,708,1373
854,980,1834
209,1610,1819
172,723,895
525,588,1113
854,985,1839
709,1383,2092
321,743,1064
2226,1891,4117
720,967,1687
342,644,986
821,738,1559
493,480,973
457,1466,1923
475,1207,1682
466,969,1435
94,748,842
265,863,1128
2534,1513,4047
1224,534,1758
346,729,1075
493,1475,1968
346,664,1010
994,527,1521
931,1086,2017
933,1801,2734
531,637,1168
892,918,1810
538,1098,1636
994,1820,2814
232,675,907
548,799,1347
804,498,1302
290,665,955
1768,887,2655
655,440,1095
667,1013,1680
857,1027,1884
1318,324,1642
1397,1165,2562
504,1025,1529
627,1430,2057
1198,905,2103
711,1115,1826
700,838,1538
1089,1290,2379
441,584,1025
715,540,1255
299,719,1018
769,839,1608
375,789,1164
331,861,1192
646,708,1354
813,1285,2098
451,890,1341
1328,967,2295
850,641,1491
492,1082,1574
1001,1085,2086
871,755,1626
542,700,1242
364,888,1252
874,1354,2228
785,756,1541
561,1181,1742
1557,964,2521
59,810,869
1228,782,2010
1034,572,1606
72,928,1000
633,896,1529
339,1048,1387
312,727,1039
1023,970,1993
983,1062,2045
573,673,1246
520,1682,2202
1206,927,2133
754,877,1631
483,722,1205
613,686,1299
768,1060,1828
642,835,1477
920,824,1744
464,1128,1592
418,460,878
415,1898,2313
919,766,1685
386,1034,1420
473,701,1174
445,876,1321
589,966,1555
939,529,1468
745,707,1452
710,947,1657
866,897,1763
291,808,1099
672,660,1332
266,1066,1332
592,558,1150
698,837,1535
992,1587,2579
554,651,1205
892,846,1738
802,708,1510
531,1382,1913
747,746,1493
598,806,1404
653,903,1556
49,743,792
718,1040,1758
1594,1389,2983
682,965,1647
1040,744,1784
704,1487,2191
351,736,1087
577,1032,1609
753,906,1659
725,1415,2140
304,516,820
968,1341,2309
1826,1115,2941
534,883,1417
718,1377,2095
886,939,1825
798,1005,1803
436,701,1137
1280,700,1980
625,1005,1630
561,536,1097
649,556,1205
1282,1029,2311
961,989,1950
823,1097,1920
381,728,1109
417,981,1398
471,1068,1539
576,649,1225
217,1168,1385
635,695,1330
210,1250,1460
1123,912,2035
822,663,1485
1313,683,1996
626,907,1533
772,824,1596
921,936,1857
1070,681,1751
793,684,1477
289,877,1166
662,675,1337
727,847,1574
1029,832,1861
849,926,1775
592,665,1257
467,1142,1609
497,1034,1531
400,1334,1734
482,903,1385
660,648,1308
407,1653,2060
478,899,1377
552,969,1521
852,422,1274
426,1135,1561
222,873,1095
695,755,1450
579,751,1330
671,780,1451
864,875,1739
499,1017,1516
607,716,1323
644,937,1581
865,289,1154
879,924,1803
878,927,1805
574,911,1485
1107,779,1886
724,834,1558
724,1168,1892
809,931,1740
1487,662,2149
476,556,1032
567,801,1368
699,693,1392
809,1040,1849
229,781,1010
671,892,1563
820,867,1687
185,803,988
966,1321,2287
753,883,1636
717,959,1676
598,991,1589
567,1208,1775
553,704,1257
668,757,1425
597,895,1492
703,948,1651
1715,548,2263
964,748,1712
647,984,1631
703,928,1631
784,1334,2118
769,740,1509
730,999,1729
876,1199,2075
448,587,1035
427,609,1036
640,689,1329
676,337,1013
548,1054,1602
643,1301,1944
514,931,1445
69,752,821
837,942,1779
838,1085,1923
151,1102,1253
781,657,1438
269,930,1199
421,933,1354
1056,831,1887
714,765,1479
373,616,989
718,1112,1830
729,819,1548
1282,693,1975
697,360,1057
830,1487,2317
414,1283,1697
965,780,1745
1041,1189,2230
605,1145,1750
224,399,623
672,1140,1812
755,958,1713
769,361,1130
466,905,1371
459,1502,1961
501,1254,1755
741,516,1257
925,541,1466
763,1239,2002
466,807,1273
651,1366,2017
286,780,1066
832,965,1797
377,489,866
509,969,1478
281,676,957
684,891,1575
153,710,863
1022,708,1730
921,487,1408
220,1037,1257
1167,1927,3094
804,817,1621
755,607,1362
99,975,1074
522,639,1161
770,637,1407
99,1323,1422
524,1120,1644
1011,677,1688
1096,1869,2965
273,1065,1338
1330,626,1956
222,695,917
1035,1707,2742
783,704,1487
416,658,1074
940,784,1724
940,499,1439
1600,724,2324
395,1212,1607
366,844,1210
688,817,1505
1761,527,2288
1113,964,2077
671,799,1470
793,1073,1866
881,1071,1952
910,511,1421
543,981,1524
638,909,1547
494,548,1042
1450,343,1793
1041,691,1732
474,496,970
369,873,1242
423,1414,1837
1246,767,2013
502,598,1100
456,1088,1544
85,624,709
850,1110,1960
779,863,1642
789,766,1555
1000,1808,2808
644,1470,2114
345,1223,1568
767,1359,2126
137,988,1125
1126,1471,2597
858,1103,1961
409,807,1216
699,1168,1867
1261,1294,2555
256,720,976
542,1100,1642
1032,894,1926
693,406,1099
607,1009,1616
164,1165,1329
1373,470,1843
1410,658,2068
516,342,858
998,479,1477
589,779,1368
813,581,1394
723,356,1079
429,329,758
942,498,1440
906,519,1425
873,630,1503
118,354,472
88,419,507
930,574,1504
962,643,1605
166,352,518
98,427,525
642,452,1094
830,571,1401
270,322,592
585,637,1222
198,431,629
339,410,749
518,1048,1566
635,989,1624
53,358,411
594,1683,2277
606,2265,2871
472,2093,2565
92,370,462
552,2086,2638
261,540,801
554,1363,1917
270,1755,2025
514,461,975
500,2834,3334
546,237,783
28,2040,2068
752,2764,3516
189,361,550
312,641,953
204,2190,2394
327,363,690
543,575,1118
663,1651,2314
1918,530,2448
1379,1969,3348
609,303,912
166,946,1112
661,351,1012
595,2732,3327
2688,632,3320
98,393,491
667,500,1167
1971,533,2504
86,429,515
391,3054,3445
691,1846,2537
2365,431,2796
119,512,631
1100,2305,3405
1951,383,2334
42,397,439
182,1953,2135
1451,905,2356
117,428,545
1497,955,2452
1926,436,2362
2619,769,3388
372,397,769
1785,804,2589
1867,1118,2985
286,346,632
149,781,930
210,541,751
1917,1533,3450
1300,588,1888
637,602,1239
1847,1449,3296
581,616,1197
870,288,1158
281,925,1206
2622,731,3353
88,527,615
233,666,899
849,486,1335
87,804,891
220,559,779
337,628,965
48,791,839
608,826,1434
313,709,1022
246,1237,1483
276,749,1025
229,506,735
47,641,688
918,656,1574
178,905,1083
133,1027,1160
621,1040,1661
213,972,1185
304,859,1163
236,491,727
344,435,779
1250,710,1960
350,799,1149
515,873,1388
296,2119,2415
532,753,1285
122,861,983
190,946,1136
536,321,857
688,825,1513
417,508,925
1267,850,2117
499,597,1096
457,722,1179
649,718,1367
249,1089,1338
593,828,1421
450,784,1234
434,718,1152
428,1046,1474
572,469,1041
574,730,1304
587,611,1198
193,3198,3391
2469,1325,3794
873,1096,1969
774,942,1716
493,640,1133
669,1105,1774
600,875,1475
614,1051,1665
46,662,708
764,519,1283
301,3286,3587
202,2027,2229
675,795,1470
804,758,1562
180,789,969
22,848,870
556,898,1454
662,880,1542
222,902,1124
291,693,984
2016,1774,3790
297,829,1126
205,2126,2331
267,744,1011
223,849,1072
528,675,1203
927,845,1772
748,938,1686
403,903,1306
343,872,1215
793,1024,1817
249,1267,1516
647,1921,2568
770,654,1424
604,875,1479
1873,947,2820
697,700,1397
752,809,1561
478,807,1285
591,720,1311
506,1069,1575
2345,1159,3504
872,449,1321
215,909,1124
1819,786,2605
950,1139,2089
695,716,1411
1847,700,2547
846,875,1721
759,860,1619
2720,1241,3961
202,470,672
456,1062,1518
768,1302,2070
458,967,1425
654,1089,1743
758,660,1418
1020,709,1729
789,838,1627
1559,1260,2819
410,484,894
928,867,1795
787,1436,2223
743,1277,2020
248,668,916
938,1012,1950
703,528,1231
371,527,898
787,630,1417
628,984,1612
600,718,1318
417,1009,1426
869,615,1484
554,1290,1844
668,850,1518
901,481,1382
1001,446,1447
793,1500,2293
210,1329,1539
913,498,1411
620,1219,1839
1091,484,1575
389,846,1235
448,704,1152
720,660,1380
274,721,995
555,692,1247
453,1440,1893
497,532,1029
1005,873,1878
576,642,1218
351,619,970
414,808,1222
379,1425,1804
423,637,1060
210,865,1075
408,1281,1689
888,558,1446
1273,482,1755
545,590,1135
516,1246,1762
198,498,696
1010,632,1642
373,662,1035
252,656,908
724,797,1521
371,658,1029
898,1297,2195
776,949,1725
1331,513,1844
394,1053,1447
723,674,1397
401,811,1212
602,1411,2013
274,699,973
498,535,1033
1061,1216,2277
518,532,1050
453,533,986
744,451,1195
1336,1154,2490
1174,700,1874
483,1158,1641
369,850,1219
1066,842,1908
652,1437,2089
658,816,1474
713,465,1178
453,653,1106
1077,766,1843
706,1953,2659
763,659,1422
572,686,1258
985,501,1486
578,1987,2565
502,590,1092
380,726,1106
316,514,830
256,891,1147
798,1207,2005
542,801,1343
386,812,1198
990,491,1481
1182,897,2079
436,858,1294
372,808,1180
1233,891,2124
551,838,1389
709,673,1382
497,927,1424
518,663,1181
414,822,1236
373,625,998
320,1442,1762
322,830,1152
570,775,1345
515,789,1304
992,641,1633
398,844,1242
619,744,1363
694,560,1254
419,802,1221
635,500,1135
798,757,1555
449,811,1260
277,603,880
690,652,1342
587,857,1444
728,605,1333
447,979,1426
684,748,1432
730,815,1545
478,775,1253
787,758,1545
612,422,1034
610,442,1052
340,723,1063
575,1311,1886
347,525,872
662,1010,1672
807,1151,1958
1224,886,2110
456,503,959
648,640,1288
181,1213,1394
299,645,944
191,652,843
329,1035,1364
517,888,1405
454,728,1182
1070,3031,4101
422,474,896
990,630,1620
350,758,1108
236,764,1000
540,1045,1585
335,1098,1433
585,656,1241
1866,2025,3891
1037,762,1799
810,475,1285
539,793,1332
478,640,1118
699,785,1484
949,664,1613
546,794,1340
920,725,1645
466,593,1059
777,650,1427
223,1114,1337
179,902,1081
609,770,1379
994,682,1676
1716,2121,3837
651,671,1322
395,1524,1919
607,560,1167
1185,2413,3598
573,682,1255
302,1509,1811
433,492,925
431,748,1179
521,635,1156
451,1062,1513
549,583,1132
840,609,1449
1718,778,2496
525,450,975
254,854,1108
1878,770,2648
180,850,1030
380,1060,1440
321,1159,1480
556,1135,1691
569,857,1426
579,584,1163
502,479,981
553,6916,7469
897,1212,2109
678,1084,1762
468,1592,2060
462,1050,1512
583,7044,7627
583,1115,1698
660,1637,2297
311,1068,1379
488,1356,1844
319,1342,1661
473,945,1418
642,1070,1712
401,1096,1497
677,6992,7669
2157,885,3042
430,1012,1442
544,1548,2092
608,7044,7652
961,905,1866
6810,523,7333
332,634,966
878,1074,1952
510,1529,2039
6840,511,7351
1258,1119,2377
528,1390,1918
1237,212,1449
7092,309,7401
411,1168,1579
754,1506,2260
931,553,1484
1439,1013,2452
641,1325,1966
46,1508,1554
784,1049,1833
685,1467,2152
708,533,1241
1267,1971,3238
435,1848,2283
1038,467,1505
1459,745,2204
957,1395,2352
971,615,1586
1067,1058,2125
881,1026,1907
1422,924,2346
23,596,619
86,379,465
381,978,1359
952,1978,2930
222,823,1045
1339,489,1828
601,1175,1776
1130,1510,2640
1075,1092,2167
532,1785,2317
83,1018,1101
735,1274,2009
725,2003,2728
296,810,1106
959,1063,2022
1231,852,2083
173,1076,1249
1393,1510,2903
271,1274,1545
681,1766,2447
983,1211,2194
1254,956,2210
730,646,1376
1592,1111,2703
577,947,1524
686,1049,1735
155,1160,1315
822,770,1592
894,906,1800
1719,1242,2961
948,1213,2161
495,657,1152
1405,1373,2778
1919,850,2769
1034,727,1761
725,376,1101
952,1480,2432
36,916,952
837,846,1683
786,1241,2027
782,1021,1803
54,1371,1425
601,674,1275
303,875,1178
153,1279,1432
816,590,1406
1276,935,2211
519,886,1405
299,1067,1366
784,345,1129
351,747,1098
504,935,1439
336,1114,1450
535,519,1054
640,1045,1685
1429,1323,2752
793,911,1704
488,677,1165
632,541,1173
818,560,1378
672,530,1202
457,749,1206
589,730,1319
911,820,1731
1555,2171,3726
227,859,1086
704,965,1669
1279,1825,3104
93,736,829
587,512,1099
493,1476,1969
404,768,1172
724,879,1603
906,555,1461
221,1051,1272
1095,1119,2214
702,1573,2275
769,783,1552
439,666,1105
750,1420,2170
440,937,1377
830,766,1596
463,1470,1933
186,2035,2221
536,972,1508
1781,691,2472
154,718,872
605,1037,1642
1668,727,2395
520,996,1516
704,1366,2070
758,960,1718
1572,692,2264
397,2286,2683
761,1538,2299
600,499,1099
639,2332,2971
622,1064,1686
1256,740,1996
1773,946,2719
910,1088,1998
227,748,975
448,733,1181
175,941,1116
986,952,1938
385,376,761
279,1376,1655
415,957,1372
1319,982,2301
2205,575,2780
851,870,1721
634,1004,1638
2253,577,2830
623,1157,1780
878,827,1705
563,1121,1684
491,1295,1786
634,1198,1832
788,947,1735
1329,972,2301
696,1146,1842
1134,1766,2900
681,574,1255
598,944,1542
734,590,1324
593,1219,1812
1258,925,2183
462,578,1040
924,490,1414
638,1195,1833
392,1194,1586
870,2658,3528
822,1066,1888
180,1201,1381
630,814,1444
1317,834,2151
1238,1213,2451
659,1099,1758
1172,448,1620
355,805,1160
343,1740,2083
979,665,1644
1044,574,1618
450,989,1439
411,797,1208
1076,965,2041
875,841,1716
656,1424,2080
654,811,1465
680,836,1516
963,1174,2137
730,1376,2106
902,947,1849
973,459,1432
448,974,1422
813,988,1801
380,990,1370
392,687,1079
731,1007,1738
757,983,1740
833,1093,1926
921,723,1644
919,742,1661
1014,762,1776
802,2812,3614
401,1468,1869
822,1020,1842
1644,2457,4101
708,810,1518
876,798,1674
2282,1549,3831
722,888,1610
711,1002,1713
307,940,1247
388,801,1189
706,1462,2168
654,585,1239
1504,790,2294
1185,819,2004
759,889,1648
2588,1293,3881
856,602,1458
641,890,1531
2124,518,2642
709,1101,1810
615,1050,1665
80,774,854
985,1254,2239
713,1350,2063
913,784,1697
527,1192,1719
229,768,997
917,1205,2122
288,1011,1299
582,1622,2204
357,808,1165
972,1201,2173
706,1315,2021
836,1174,2010
1147,1087,2234
1394,515,1909
323,759,1082
1177,1127,2304
559,762,1321
690,852,1542
506,734,1240
792,714,1506
791,745,1536
395,662,1057
1042,597,1639
408,1015,1423
38,772,810
1304,1066,2370
542,691,1233
626,1585,2211
288,987,1275
636,698,1334
1230,467,1697
1385,291,1676
885,1151,2036
1080,654,1734
60,331,391
805,1203,2008
825,804,1629
383,1719,2102
1029,756,1785
670,1077,1747
434,452,886
629,1088,1717
687,618,1305
85,361,446
655,796,1451
403,1099,1502
822,1526,2348
26,831,857
506,871,1377
959,1032,1991
40,771,811
327,594,921
328,1033,1361
1004,1189,2193
348,1125,1473
1062,704,1766
1329,1213,2542
593,1043,1636
120,505,625
528,420,948
1052,542,1594
921,932,1853
808,2070,2878
39,1104,1143
640,1303,1943
101,768,869
1502,957,2459
382,957,1339
523,1627,2150
642,540,1182
456,918,1374
439,651,1090
1067,1996,3063
356,918,1274
161,1109,1270
1357,900,2257
779,1411,2190
546,822,1368
176,861,1037
125,645,770
958,858,1816
261,1401,1662
300,939,1239
601,1050,1651
902,993,1895
670,1227,1897
782,766,1548
836,1071,1907
1364,737,2101
857,825,1682
372,1260,1632
988,2070,3058
858,942,1800
190,921,1111
667,596,1263
663,878,1541
792,884,1676
1158,804,1962
872,738,1610
767,1135,1902
1789,1281,3070
434,1305,1739
367,679,1046
716,846,1562
1397,1344,2741
667,812,1479
642,1431,2073
842,578,1420
1312,805,2117
762,815,1577
965,784,1749
672,490,1162
1629,1135,2764
772,702,1474
931,753,1684
594,1725,2319
1088,645,1733
1138,923,2061
785,962,1747
378,812,1190
637,499,1136
578,1224,1802
440,828,1268
607,2336,2943
416,880,1296
553,1631,2184
818,2461,3279
1026,873,1899
757,719,1476
435,1022,1457
371,682,1053
628,890,1518
753,818,1571
347,772,1119
807,796,1603
1291,1024,2315
900,2256,3156
558,621,1179
677,873,1550
539,1023,1562
200,516,716
481,1148,1629
836,942,1778
443,1732,2175
682,964,1646
536,1112,1648
505,939,1444
1618,1042,2660
279,327,606
814,901,1715
616,749,1365
1276,1014,2290
939,429,1368
801,769,1570
937,722,1659
551,2041,2592
353,405,758
701,592,1293
704,641,1345
474,557,1031
390,663,1053
430,943,1373
147,798,945
645,714,1359
696,975,1671
1013,1651,2664
532,798,1330
1046,1324,2370
482,769,1251
970,1396,2366
565,458,1023
845,2039,2884
884,429,1313
553,630,1183
801,957,1758
489,1209,1698
824,1004,1828
1217,311,1528
1497,1788,3285
520,1258,1778
255,558,813
650,302,952
888,922,1810
695,1315,2010
645,544,1189
703,2076,2779
967,779,1746
2368,1926,4294
435,1378,1813
1892,1330,3222
75,961,1036
644,1439,2083
394,303,697
99,2316,2415
423,727,1150
682,601,1283
110,404,514
744,1583,2327
448,970,1418
1133,1284,2417
542,1457,1999
2144,2096,4240
376,792,1168
881,1618,2499
1351,1110,2461
677,457,1134
60,425,485
653,1691,2344
692,1103,1795
85,1271,1356
985,701,1686
1852,2097,3949
98,1994,2092
1872,754,2626
1205,865,2070
973,1673,2646
2175,903,3078
1697,437,2134
1340,906,2246
422,660,1082
186,1897,2083
1446,789,2235
1033,957,1990
138,1794,1932
390,527,917
1516,521,2037
93,482,575
1822,1119,2941
893,700,1593
1427,462,1889
856,1456,2312
1127,1132,2259
481,455,936
52,716,768
837,1612,2449
191,510,701
460,557,1017
2038,1280,3318
161,691,852
111,850,961
266,702,968
1686,1255,2941
29,1130,1159
415,923,1338
1838,915,2753
302,575,877
958,1148,2106
287,1539,1826
697,1060,1757
147,781,928
603,1602,2205
406,779,1185
255,1194,1449
309,723,1032
530,1655,2185
838,1691,2529
666,661,1327
668,1183,1851
121,1833,1954
73,1620,1693
595,919,1514
1252,1240,2492
481,1071,1552
268,1057,1325
560,494,1054
730,820,1550
1052,705,1757
772,1023,1795
990,638,1628
676,1249,1925
1622,1753,3375
563,979,1542
1701,1139,2840
987,785,1772
714,1640,2354
1090,758,1848
1350,704,2054
738,509,1247
723,739,1462
1109,866,1975
261,850,1111
833,905,1738
646,1782,2428
330,1097,1427
750,1580,2330
835,1509,2344
759,466,1225
851,730,1581
926,545,1471
1423,990,2413
384,1135,1519
568,1138,1706
580,555,1135
609,1059,1668
1737,689,2426
948,1334,2282
404,681,1085
949,862,1811
1442,725,2167
618,1184,1802
351,890,1241
542,547,1089
550,1039,1589
787,1349,2136
1267,757,2024
469,689,1158
649,1308,1957
1318,944,2262
615,1030,1645
337,1079,1416
800,841,1641
790,1151,1941
984,1050,2034
456,934,1390
1653,1297,2950
469,561,1030
336,749,1085
580,756,1336
1363,748,2111
418,739,1157
1105,597,1702
632,720,1352
588,950,1538
503,515,1018
984,1702,2686
739,912,1651
772,895,1667
1011,1054,2065
608,1135,1743
1164,496,1660
845,502,1347
764,773,1537
865,904,1769
269,568,837
594,718,1312
986,1220,2206
559,539,1098
574,452,1026
1030,967,1997
620,714,1334
537,1638,2175
669,925,1594
1446,1092,2538
727,882,1609
861,745,1606
932,1032,1964
1083,370,1453
282,463,745
489,849,1338
1169,1269,2438
957,1697,2654
546,496,1042
963,889,1852
716,1220,1936
608,753,1361
655,357,1012
876,1628,2504
427,568,995
197,898,1095
1613,1079,2692
266,511,777
694,1293,1987
942,1170,2112
320,643,963
720,514,1234
1049,1285,2334
446,835,1281
564,1973,2537
244,601,845
302,1106,1408
876,1048,1924
783,1494,2277
1550,1042,2592
474,1118,1592
826,714,1540
739,1375,2114
755,692,1447
993,1327,2320
286,692,978
354,475,829
749,1324,2073
1126,938,2064
423,1130,1553
397,821,1218
974,896,1870
647,833,1480
916,731,1647
441,718,1159
740,807,1547
981,506,1487
985,942,1927
1593,1079,2672
592,713,1305
977,947,1924
655,1010,1665
946,1056,2002
474,725,1199
520,1506,2026
481,735,1216
1062,487,1549
1506,1172,2678
1368,680,2048
464,792,1256
1114,1069,2183
1183,842,2025
1453,1281,2734
340,728,1068
783,671,1454
497,518,1015
761,618,1379
1273,930,2203
556,923,1479
833,885,1718
869,796,1665
1137,1464,2601
351,749,1100
535,1355,1890
507,749,1256
441,690,1131
695,1076,1771
759,1257,2016
330,1021,1351
63,871,934
1080,1412,2492
630,703,1333
599,769,1368
801,866,1667
607,869,1476
201,955,1156
501,1071,1572
1028,663,1691
1311,761,2072
317,886,1203
408,659,1067
916,1364,2280
847,982,1829
342,722,1064
1205,1820,3025
863,818,1681
1245,492,1737
654,694,1348
532,715,1247
453,793,1246
510,1070,1580
865,1147,2012
794,680,1474
749,550,1299
561,786,1347
680,802,1482
729,507,1236
596,781,1377
626,563,1189
925,740,1665
22,569,591
524,673,1197
645,743,1388
592,1025,1617
459,1163,1622
893,610,1503
765,484,1249
799,1275,2074
369,656,1025
893,672,1565
669,697,1366
704,540,1244
599,452,1051
645,1002,1647
569,582,1151
381,1637,2018
376,337,713
679,799,1478
69,592,661
857,779,1636
459,312,771
585,1204,1789
721,1326,2047
495,1113,1608
453,544,997
1050,1675,2725
588,569,1157
1056,905,1961
762,682,1444
1758,1120,2878
594,567,1161
922,1425,2347
292,789,1081
526,486,1012
1216,1035,2251
962,919,1881
787,513,1300
521,576,1097
661,717,1378
913,826,1739
535,871,1406
315,594,909
814,523,1337
906,442,1348
463,395,858
1228,704,1932
1337,1145,2482
160,339,499
1499,834,2333
413,973,1386
698,1316,2014
822,538,1360
193,931,1124
969,627,1596
557,1417,1974
1219,657,1876
468,491,959
1023,642,1665
316,1418,1734
531,765,1296
205,950,1155
338,336,674
412,548,960
216,997,1213
642,673,1315
230,598,828
421,731,1152
739,260,999
1230,598,1828
692,800,1492
621,858,1479
196,735,931
491,918,1409
600,943,1543
567,307,874
214,1065,1279
594,629,1223
1183,460,1643
512,454,966
879,611,1490
357,617,974
316,1897,2213
831,938,1769
256,765,1021
396,1318,1714
1251,617,1868
848,894,1742
929,611,1540
690,1071,1761
566,638,1204
441,473,914
468,467,935
600,733,1333
822,711,1533
159,1386,1545
768,649,1417
649,782,1431
749,1987,2736
705,826,1531
539,600,1139
683,1865,2548
367,1812,2179
1660,901,2561
554,933,1487
782,1094,1876
511,1459,1970
655,407,1062
979,952,1931
179,1110,1289
427,627,1054
245,1091,1336
416,1242,1658
600,1796,2396
535,1134,1669
313,1393,1706
348,435,783
409,1025,1434
411,1176,1587
188,1438,1626
329,633,962
429,1217,1646
1001,1189,2190
1292,1381,2673
400,999,1399
303,1131,1434
1200,1009,2209
692,878,1570
790,883,1673
426,528,954
702,1003,1705
975,645,1620
1411,1123,2534
1219,662,1881
359,665,1024
867,451,1318
349,1429,1778
1370,446,1816
640,1112,1752
852,606,1458
1651,828,2479
608,522,1130
978,926,1904
934,553,1487
1460,1052,2512
716,472,1188
624,1185,1809
842,457,1299
871,1007,1878
1841,1055,2896
675,1208,1883
850,856,1706
364,432,796
888,876,1764
993,1061,2054
1210,685,1895
744,899,1643
497,477,974
513,1162,1675
937,970,1907
1014,687,1701
154,406,560
233,1101,1334
902,723,1625
392,446,838
1015,631,1646
970,974,1944
196,813,1009
615,797,1412
768,286,1054
477,546,1023
795,697,1492
1005,633,1638
560,878,1438
955,580,1535
887,747,1634
412,869,1281
111,540,651
192,1112,1304
195,536,731
1075,681,1756
906,561,1467
404,241,645
725,533,1258
984,676,1660
406,1008,1414
144,699,843
639,718,1357
774,599,1373
152,1459,1611
1120,1242,2362
400,262,662
46,767,813
694,985,1679
77,796,873
339,486,825
414,440,854
26,736,762
355,644,999
660,831,1491
711,1343,2054
66,792,858
383,750,1133
746,637,1383
355,621,976
529,1503,2032
360,647,1007
746,1184,1930
330,678,1008
667,1313,1980
825,1269,2094
504,1377,1881
308,1189,1497
108,442,550
562,628,1190
409,620,1029
560,633,1193
769,476,1245
374,814,1188
807,716,1523
79,1202,1281
267,1928,2195
400,1080,1480
162,760,922
392,724,1116
588,1790,2378
647,664,1311
327,755,1082
973,589,1562
1061,521,1582
903,607,1510
599,754,1353
587,1050,1637
796,676,1472
694,302,996
1208,326,1534
556,601,1157
575,704,1279
1239,482,1721
851,756,1607
745,410,1155
1015,400,1415
606,489,1095
956,419,1375
1420,406,1826
404,811,1215
637,979,1616
1062,1068,2130
1027,934,1961
761,430,1191
1248,462,1710
651,703,1354
1668,612,2280
943,551,1494
635,1088,1723
1699,687,2386
1019,799,1818
1129,489,1618
418,386,804
828,543,1371
769,707,1476
23,555,578
1410,396,1806
1165,1030,2195
1210,294,1504
737,714,1451
598,781,1379
797,728,1525
81,452,533
998,468,1466
46,600,646
843,902,1745
940,1173,2113
48,788,836
88,566,654
190,641,831
1163,747,1910
59,459,518
903,934,1837
260,573,833
34,644,678
274,597,871
48,906,954
440,469,909
355,596,951
410,447,857
218,915,1133
49,938,987
453,681,1134
25,865,890
189,964,1153
336,800,1136
610,345,955
447,622,1069
214,1141,1355
364,945,1309
42,1035,1077
395,625,1020
685,654,1339
25,1269,1294
200,498,698
458,696,1154
499,462,961
283,1014,1297
424,1030,1454
344,866,1210
159,1233,1392
339,601,940
868,522,1390
479,698,1177
402,768,1170
759,679,1438
348,560,908
782,800,1582
680,810,1490
377,887,1264
153,776,929
768,1069,1837
1106,683,1789
310,994,1304
710,711,1421
807,809,1616
805,510,1315
958,483,1441
814,464,1278
983,439,1422
698,732,1430
859,777,1636
936,141,1077
517,543,1060
642,558,1200
422,738,1160
539,1043,1582
304,665,969
695,382,1077
467,956,1423
558,883,1441
361,1044,1405
682,867,1549
525,765,1290
452,885,1337
541,1060,1601
480,1087,1567
585,705,1290
599,1563,2162
497,944,1441
625,770,1395
597,1570,2167
306,417,723
359,861,1220
341,1083,1424
276,175,451
903,1694,2597
611,323,934
656,1048,1704
430,694,1124
754,1145,1899
414,635,1049
37,697,734
908,666,1574
1353,463,1816
66,775,841
1024,811,1835
910,841,1751
752,621,1373
113,754,867
662,519,1181
594,926,1520
1036,1595,2631
808,631,1439
824,1120,1944
726,729,1455
615,805,1420
75,743,818
1427,448,1875
331,686,1017
492,450,942
848,1145,1993
997,732,1729
409,483,892
246,802,1048
557,1030,1587
886,689,1575
525,603,1128
1042,1649,2691
681,1139,1820
668,530,1198
840,1352,2192
622,869,1491
486,632,1118
290,584,874
232,646,878
83,558,641
483,878,1361
1596,1054,2650
707,727,1434
767,1480,2247
542,516,1058
741,692,1433
412,939,1351
579,722,1301
517,206,723
586,1012,1598
1503,1358,2861
509,734,1243
434,1181,1615
1019,1114,2133
514,1172,1686
1369,967,2336
599,960,1559
1414,736,2150
578,443,1021
600,885,1485
640,733,1373
677,1210,1887
715,491,1206
217,1032,1249
667,860,1527
456,1131,1587
905,1508,2413
544,2336,2880
896,575,1471
70,715,785
627,1368,1995
561,1694,2255
862,751,1613
1063,477,1540
671,845,1516
23,676,699
1068,1605,2673
264,488,752
848,2080,2928
231,861,1092
479,1943,2422
777,1936,2713
1065,846,1911
599,823,1422
1368,959,2327
858,707,1565
284,549,833
963,2353,3316
894,1085,1979
520,1144,1664
542,464,1006
2279,762,3041
653,828,1481
111,1128,1239
1487,1276,2763
570,723,1293
667,2032,2699
470,809,1279
1423,675,2098
709,408,1117
205,457,662
984,324,1308
1769,614,2383
1139,1067,2206
1002,2337,3339
1744,806,2550
1333,1681,3014
930,1111,2041
660,1636,2296
757,417,1174
257,611,868
393,1259,1652
692,553,1245
27,1346,1373
1289,2018,3307
2163,665,2828
1783,990,2773
1016,342,1358
980,1966,2946
563,723,1286
1914,895,2809
679,1013,1692
519,672,1191
597,735,1332
527,1083,1610
313,540,853
407,631,1038
1548,1621,3169
587,517,1104
400,425,825
346,864,1210
252,729,981
526,326,852
557,547,1104
279,825,1104
587,315,902
1392,602,1994
1067,2341,3408
326,858,1184
191,749,940
2234,1137,3371
451,725,1176
553,625,1178
910,984,1894
1592,1465,3057
228,468,696
535,880,1415
925,924,1849
645,512,1157
618,1129,1747
225,941,1166
1503,1033,2536
441,488,929
1601,1353,2954
756,1082,1838
1258,1469,2727
291,801,1092
280,1098,1378
386,789,1175
1295,1143,2438
901,1319,2220
209,828,1037
580,520,1100
749,1222,1971
450,652,1102
745,957,1702
374,1300,1674
701,571,1272
513,1259,1772
1709,1218,2927
356,321,677
754,1106,1860
479,1003,1482
728,1212,1940
870,396,1266
491,1017,1508
963,999,1962
88,398,486
1337,253,1590
708,877,1585
371,1242,1613
464,473,937
1291,460,1751
794,927,1721
154,474,628
1414,298,1712
1021,1891,2912
602,415,1017
1294,1455,2749
1161,189,1350
619,322,941
856,392,1248
1221,708,1929
39,192,231
618,472,1090
729,456,1185
811,2198,3009
608,546,1154
1457,754,2211
758,226,984
612,511,1123
861,653,1514
71,197,268
1359,841,2200
74,455,529
489,896,1385
810,631,1441
1334,256,1590
66,442,508
23,510,533
27,408,435
888,2143,3031
277,461,738
61,510,571
106,282,388
217,364,581
1441,1140,2581
669,752,1421
1269,982,2251
150,390,540
351,379,730
34,587,621
1349,320,1669
243,365,608
2073,550,2623
92,805,897
1007,667,1674
690,319,1009
508,769,1277
97,518,615
990,951,1941
159,352,511
197,679,876
828,388,1216
100,1440,1540
217,378,595
2010,806,2816
216,472,688
295,926,1221
655,537,1192
122,409,531
68,522,590
226,1089,1315
491,805,1296
715,866,1581
1071,603,1674
227,476,703
752,649,1401
159,632,791
148,371,519
119,978,1097
695,784,1479
839,731,1570
739,942,1681
203,1120,1323
312,1008,1320
191,535,726
1256,618,1874
268,908,1176
218,749,967
327,584,911
233,701,934
470,448,918
368,606,974
393,1563,1956
235,503,738
630,591,1221
152,942,1094
343,749,1092
757,1375,2132
214,745,959
319,784,1103
374,938,1312
351,536,887
467,779,1246
759,620,1379
513,903,1416
304,1020,1324
313,1003,1316
282,755,1037
329,848,1177
473,452,925
346,849,1195
458,587,1045
603,874,1477
552,920,1472
451,1035,1486
665,382,1047
286,914,1200
421,993,1414
766,979,1745
604,1127,1731
258,635,893
779,863,1642
678,991,1669
765,926,1691
1148,649,1797
338,987,1325
770,607,1377
467,845,1312
1035,475,1510
999,289,1288
421,1568,1989
438,145,583
658,565,1223
1015,499,1514
1119,1341,2460
458,119,577
468,702,1170
497,437,934
825,336,1161
448,1183,1631
331,987,1318
759,821,1580
560,1035,1595
881,342,1223
794,681,1475
799,724,1523
1086,604,1690
838,824,1662
569,759,1328
509,823,1332
737,583,1320
433,373,806
558,1430,1988
255,585,840
906,724,1630
241,643,884
526,1314,1840
1056,1075,2131
25,819,844
545,350,895
648,1212,1860
577,342,919
209,758,967
350,585,935
634,315,949
595,1167,1762
401,315,716
626,352,978
462,561,1023
532,504,1036
824,894,1718
688,313,1001
579,1098,1677
1297,823,2120
493,686,1179
840,475,1315
849,708,1557
873,422,1295
932,439,1371
885,814,1699
810,569,1379
175,529,704
906,797,1703
1038,748,1786
1009,451,1460
130,550,680
428,404,832
106,487,593
144,731,875
147,621,768
174,481,655
510,326,836
1362,1074,2436
119,481,600
845,759,1604
48,629,677
452,322,774
33,824,857
324,716,1040
681,1018,1699
1187,1582,2769
126,704,830
329,357,686
228,554,782
882,431,1313
123,738,861
404,483,887
33,1004,1037
857,1125,1982
590,1665,2255
148,337,485
227,637,864
303,674,977
326,580,906
118,1270,1388
201,604,805
648,449,1097
508,699,1207
420,909,1329
273,843,1116
204,549,753
512,601,1113
211,585,796
473,466,939
1118,1367,2485
486,595,1081
224,657,881
416,933,1349
51,1040,1091
256,769,1025
428,680,1108
842,509,1351
563,997,1560
433,720,1153
490,750,1240
533,763,1296
1012,752,1764
22,733,755
158,733,891
620,599,1219
77,1497,1574
1007,933,1940
168,1756,1924
803,963,1766
639,753,1392
625,391,1016
344,465,809
779,786,1565
315,590,905
308,805,1113
579,474,1053
595,598,1193
186,613,799
570,539,1109
445,706,1151
1058,610,1668
441,718,1159
852,878,1730
247,1127,1374
243,603,846
85,832,917
1255,693,1948
266,1142,1408
508,1432,1940
561,405,966
642,532,1174
661,565,1226
602,1912,2514
352,938,1290
273,630,903
827,1087,1914
492,1051,1543
417,1057,1474
1387,781,2168
411,1381,1792
770,961,1731
515,595,1110
1565,861,2426
756,998,1754
583,1042,1625
590,429,1019
501,639,1140
790,520,1310
543,1172,1715
416,947,1363
549,596,1145
512,755,1267
1326,1016,2342
918,638,1556
370,801,1171
276,909,1185
116,915,1031
811,687,1498
436,815,1251
191,1077,1268
835,982,1817
226,1220,1446
1488,644,2132
729,478,1207
588,774,1362
513,651,1164
744,622,1366
691,791,1482
566,643,1209
814,724,1538
400,1036,1436
697,1147,1844
785,646,1431
849,519,1368
407,643,1050
321,1070,1391
913,800,1713
883,689,1572
305,1263,1568
1130,942,2072
787,908,1695
669,1060,1729
411,986,1397
857,1075,1932
586,686,1272
803,527,1330
860,721,1581
518,753,1271
642,913,1555
781,650,1431
626,517,1143
829,1127,1956
963,494,1457
572,715,1287
547,852,1399
440,1095,1535
444,679,1123
971,545,1516
1181,653,1834
557,903,1460
872,1106,1978
647,680,1327
512,1444,1956
865,591,1456
517,1889,2406
368,1788,2156
830,1389,2219
436,949,1385
674,1676,2350
469,1575,2044
880,1167,2047
364,970,1334
604,1475,2079
543,566,1109
1170,993,2163
642,1779,2421
606,1078,1684
556,1421,1977
886,791,1677
1187,1717,2904
424,1415,1839
951,1246,2197
366,1479,1845
390,1715,2105
1174,447,1621
798,1568,2366
513,1198,1711
386,1862,2248
1162,797,1959
624,1083,1707
351,1916,2267
1396,703,2099
1137,534,1671
440,814,1254
605,924,1529
1823,727,2550
959,1785,2744
407,1048,1455
880,1246,2126
1403,368,1771
936,1966,2902
422,727,1149
1305,698,2003
515,925,1440
1178,1120,2298
1723,884,2607
1353,858,2211
1060,477,1537
1509,824,2333
742,688,1430
713,630,1343
1488,909,2397
717,893,1610
202,1111,1313
1475,1073,2548
938,835,1773
822,1616,2438
498,725,1223
746,626,1372
216,1003,1219
196,620,816
576,692,1268
546,931,1477
342,658,1000
1732,919,2651
478,1045,1523
643,525,1168
861,2022,2883
919,1089,2008
447,532,979
355,1219,1574
974,695,1669
501,880,1381
637,909,1546
1707,942,2649
693,761,1454
615,731,1346
547,931,1478
1889,1127,3016
452,1300,1752
617,324,941
580,585,1165
922,724,1646
286,535,821
589,475,1064
768,346,1114
741,1047,1788
720,1113,1833
744,1062,1806
1055,1129,2184
817,1027,1844
763,680,1443
434,451,885
834,664,1498
544,962,1506
828,348,1176
290,662,952
643,875,1518
524,511,1035
1073,1056,2129
173,562,735
966,906,1872
773,845,1618
607,862,1469
931,548,1479
551,715,1266
459,502,961
768,537,1305
352,399,751
1785,1348,3133
805,288,1093
472,965,1437
921,607,1528
505,333,838
268,839,1107
198,540,738
1066,461,1527
299,623,922
445,1399,1844
911,1194,2105
819,1310,2129
452,343,795
558,796,1354
1326,2315,3641
581,1024,1605
306,632,938
1215,1667,2882
602,1821,2423
893,433,1326
922,1048,1970
795,1149,1944
129,609,738
1664,2191,3855
269,1091,1360
1248,2245,3493
1002,1277,2279
950,1677,2627
562,974,1536
675,1823,2498
1206,738,1944
914,2197,3111
247,802,1049
1087,1607,2694
626,1041,1667
445,858,1303
1548,832,2380
636,1092,1728
194,700,894
464,2441,2905
922,1805,2727
460,674,1134
90,2047,2137
966,752,1718
2344,901,3245
1032,809,1841
995,766,1761
1438,643,2081
936,1209,2145
1522,643,2165
1040,1968,3008
395,1202,1597
965,1175,2140
33,1177,1210
2174,982,3156
576,759,1335
367,514,881
786,827,1613
436,1004,1440
660,618,1278
422,820,1242
430,1555,1985
689,542,1231
308,1166,1474
2020,1115,3135
912,1785,2697
698,886,1584
585,1018,1603
1363,1824,3187
1082,831,1913
1665,845,2510
506,517,1023
589,1260,1849
850,828,1678
1989,1213,3202
389,1179,1568
1929,1035,2964
622,707,1329
301,1596,1897
158,1064,1222
1004,1351,2355
163,1026,1189
657,1368,2025
1014,1112,2126
727,1269,1996
1370,1843,3213
2260,1532,3792
1461,870,2331
1788,1788,3576
767,278,1045
1065,925,1990
996,1020,2016
506,899,1405
945,1174,2119
1677,2066,3743
720,1058,1778
1338,1020,2358
821,1427,2248
1067,549,1616
373,1463,1836
961,838,1799
1281,664,1945
1503,1035,2538
1109,780,1889
563,1204,1767
930,1064,1994
662,932,1594
1512,528,2040
1563,1111,2674
831,572,1403
1308,1057,2365
889,588,1477
1511,743,2254
793,717,1510
1174,901,2075
924,571,1495
581,524,1105
490,1597,2087
629,826,1455
971,1068,2039
704,1514,2218
774,1598,2372
979,429,1408
749,1513,2262
700,927,1627
689,596,1285
1030,598,1628
435,572,1007
1103,707,1810
1150,535,1685
781,768,1549
960,1467,2427
504,465,969
381,831,1212
232,689,921
454,497,951
583,493,1076
716,844,1560
228,1789,2017
507,582,1089
1248,707,1955
463,323,786
1397,547,1944
1397,593,1990
99,1227,1326
382,347,729
1457,561,2018
843,1058,1901
428,863,1291
1400,546,1946
236,620,856
152,620,772
428,697,1125
150,2059,2209
381,330,711
1494,567,2061
321,888,1209
865,1554,2419
331,381,712
498,308,806
417,626,1043
359,736,1095
424,1162,1586
474,982,1456
592,1074,1666
1363,841,2204
495,977,1472
550,1204,1754
217,722,939
455,830,1285
482,1016,1498
269,950,1219
302,1425,1727
514,990,1504
573,789,1362
1123,1295,2418
512,1430,1942
52,997,1049
967,358,1325
952,1034,1986
1014,985,1999
412,1205,1617
761,374,1135
601,881,1482
717,396,1113
557,1628,2185
1871,1196,3067
834,424,1258
687,865,1552
1491,1212,2703
500,1062,1562
768,363,1131
559,1673,2232
321,1824,2145
764,1245,2009
110,462,572
615,1811,2426
1402,391,1793
1149,738,1887
145,474,619
825,1516,2341
162,1193,1355
832,1623,2455
753,849,1602
737,1519,2256
956,377,1333
1356,579,1935
1148,732,1880
666,759,1425
209,623,832
1517,456,1973
581,1035,1616
874,1702,2576
1046,1231,2277
1096,1497,2593
834,636,1470
784,1094,1878
1703,830,2533
993,923,1916
1499,840,2339
716,1056,1772
472,432,904
1050,772,1822
323,562,885
1474,579,2053
292,377,669
1109,818,1927
319,795,1114
1281,822,2103
973,492,1465
748,319,1067
1750,491,2241
693,392,1085
1413,927,2340
1595,611,2206
190,844,1034
308,760,1068
230,1064,1294
1466,624,2090
476,833,1309
430,941,1371
434,708,1142
650,577,1227
704,715,1419
40,823,863
709,378,1087
104,885,989
391,471,862
750,597,1347
877,883,1760
917,459,1376
704,738,1442
700,1122,1822
454,513,967
137,912,1049
678,665,1343
221,1165,1386
986,1240,2226
427,1282,1709
1191,1777,2968
688,1260,1948
459,1567,2026
326,1104,1430
312,1202,1514
707,687,1394
420,1535,1955
642,1874,2516
735,911,1646
564,680,1244
505,1131,1636
794,1281,2075
550,912,1462
236,844,1080
606,1104,1710
500,1006,1506
1103,741,1844
165,1199,1364
312,1172,1484
529,728,1257
552,1011,1563
868,1771,2639
837,718,1555
195,593,788
259,1441,1700
1151,579,1730
864,704,1568
487,862,1349
511,934,1445
321,974,1295
1360,645,2005
518,630,1148
1482,384,1866
611,574,1185
843,1321,2164
455,628,1083
1061,704,1765
740,885,1625
1460,914,2374
409,961,1370
1154,590,1744
1100,696,1796
536,583,1119
1477,823,2300
256,736,992
811,681,1492
692,745,1437
1902,737,2639
1186,788,1974
1088,1108,2196
732,658,1390
638,528,1166
638,740,1378
779,745,1524
26,747,773
342,578,920
19,725,744
839,782,1621
964,1316,2280
228,576,804
1253,842,2095
71,885,956
325,608,933
865,1013,1878
342,511,853
273,688,961
947,528,1475
33,856,889
254,454,708
60,739,799
280,580,860
72,1034,1106
50,1203,1253
348,808,1156
201,954,1155
594,387,981
372,882,1254
561,677,1238
540,680,1220
298,708,1006
541,740,1281
705,595,1300
576,798,1374
1159,957,2116
719,585,1304
430,933,1363
600,585,1185
497,562,1059
287,316,603
445,779,1224
489,957,1446
49,581,630
604,517,1121
316,907,1223
678,743,1421
231,491,722
772,546,1318
138,1077,1215
271,408,679
773,675,1448
521,780,1301
678,317,995
1157,565,1722
302,1002,1304
61,949,1010
815,637,1452
614,1009,1623
473,435,908
855,654,1509
267,775,1042
349,453,802
458,1185,1643
536,639,1175
283,781,1064
279,800,1079
755,1337,2092
530,582,1112
683,379,1062
561,622,1183
590,1264,1854
868,878,1746
365,435,800
737,636,1373
405,786,1191
681,819,1500
327,603,930
419,845,1264
959,547,1506
638,729,1367
285,865,1150
874,565,1439
305,736,1041
772,448,1220
516,685,1201
568,497,1065
545,376,921
123,1203,1326
412,568,980
485,743,1228
392,385,777
470,912,1382
460,564,1024
188,655,843
986,621,1607
409,562,971
346,944,1290
1218,906,2124
582,1116,1698
343,373,716
608,830,1438
417,451,868
401,2768,3169
359,1260,1619
664,1089,1753
514,936,1450
461,3083,3544
171,812,983
192,669,861
892,658,1550
757,657,1414
474,1228,1702
246,786,1032
235,1389,1624
554,1021,1575
308,1218,1526
519,919,1438
427,1390,1817
629,588,1217
723,1100,1823
306,1154,1460
474,2713,3187
343,713,1056
220,663,883
1025,2549,3574
501,1059,1560
724,775,1499
2960,672,3632
709,607,1316
556,1271,1827
479,1548,2027
729,1035,1764
536,656,1192
267,1205,1472
317,1387,1704
715,759,1474
321,1413,1734
2489,710,3199
842,718,1560
1093,996,2089
1015,1039,2054
1252,678,1930
967,619,1586
1067,1173,2240
922,1064,1986
993,777,1770
511,1052,1563
1053,937,1990
1323,667,1990
549,749,1298
1098,650,1748
1243,1120,2363
2405,497,2902
1012,770,1782
1342,472,1814
1036,759,1795
703,1214,1917
987,849,1836
648,445,1093
46,897,943
1092,1132,2224
550,320,870
282,771,1053
444,595,1039
461,449,910
1316,620,1936
552,1538,2090
256,848,1104
600,946,1546
697,1731,2428
654,1173,1827
601,746,1347
353,920,1273
666,616,1282
588,480,1068
747,952,1699
358,323,681
752,702,1454
853,256,1109
1160,1268,2428
530,578,1108
650,823,1473
348,785,1133
649,244,893
672,627,1299
945,825,1770
351,1030,1381
696,1031,1727
546,1231,1777
1218,634,1852
985,696,1681
210,1613,1823
572,1104,1676
658,447,1105
364,582,946
638,953,1591
678,511,1189
431,777,1208
1518,442,1960
463,1532,1995
658,324,982
683,330,1013
867,743,1610
733,1106,1839
863,1061,1924
346,616,962
633,934,1567
777,1297,2074
976,890,1866
459,1818,2277
869,775,1644
53,340,393
874,733,1607
547,941,1488
1231,766,1997
668,496,1164
880,511,1391
48,330,378
340,1185,1525
1468,905,2373
683,625,1308
26,681,707
366,1590,1956
1132,756,1888
654,772,1426
131,619,750
893,1129,2022
42,505,547
1382,946,2328
379,488,867
81,679,760
867,1064,1931
488,302,790
145,800,945
1089,755,1844
552,1582,2134
1113,1004,2117
541,487,1028
540,772,1312
369,635,1004
72,924,996
144,764,908
466,676,1142
156,752,908
1736,768,2504
328,2067,2395
1495,508,2003
636,413,1049
582,992,1574
444,822,1266
155,1176,1331
687,544,1231
416,822,1238
190,1140,1330
886,467,1353
907,734,1641
726,820,1546
339,995,1334
529,1021,1550
709,1947,2656
707,847,1554
522,1209,1731
1317,1271,2588
381,824,1205
437,707,1144
499,681,1180
391,535,926
195,1295,1490
390,503,893
667,857,1524
1922,740,2662
590,961,1551
598,347,945
1554,655,2209
658,1026,1684
501,373,874
669,863,1532
732,996,1728
863,923,1786
263,333,596
1194,422,1616
1051,990,2041
1134,563,1697
897,659,1556
878,878,1756
681,701,1382
138,821,959
1122,448,1570
719,750,1469
761,408,1169
390,1083,1473
563,724,1287
461,955,1416
489,152,641
430,1030,1460
403,1141,1544
674,927,1601
62,440,502
459,1202,1661
425,1086,1511
444,551,995
736,568,1304
880,336,1216
733,542,1275
96,714,810
582,798,1380
183,691,874
634,952,1586
390,474,864
652,1876,2528
208,701,909
812,600,1412
695,610,1305
637,945,1582
419,575,994
1017,469,1486
114,493,607
313,742,1055
1026,1747,2773
770,603,1373
732,426,1158
132,729,861
835,723,1558
507,328,835
777,761,1538
171,829,1000
438,491,929
1065,1673,2738
534,679,1213
640,734,1374
467,358,825
251,966,1217
316,542,858
325,928,1253
429,433,862
785,502,1287
297,432,729
457,1055,1512
671,860,1531
179,1754,1933
586,826,1412
789,305,1094
553,1038,1591
955,1251,2206
594,1447,2041
218,1722,1940
472,1148,1620
746,1444,2190
384,793,1177
862,521,1383
602,1206,1808
482,294,776
1691,1400,3091
397,1307,1704
697,1420,2117
232,1146,1378
694,363,1057
626,3119,3745
1622,1450,3072
1588,550,2138
647,470,1117
1605,1350,2955
475,522,997
648,521,1169
651,1262,1913
501,1031,1532
184,3344,3528
181,425,606
618,1212,1830
1291,655,1946
825,996,1821
154,629,783
1634,561,2195
387,1826,2213
1005,624,1629
1398,694,2092
432,674,1106
994,761,1755
581,803,1384
360,356,716
43,788,831
888,707,1595
366,1930,2296
425,552,977
589,3181,3770
1466,366,1832
692,1664,2356
61,798,859
2409,1637,4046
1332,651,1983
992,698,1690
558,281,839
292,549,841
1287,718,2005
1697,587,2284
111,894,1005
308,617,925
398,931,1329
1022,855,1877
1850,567,2417
637,377,1014
466,266,732
452,925,1377
333,832,1165
1549,332,1881
726,484,1210
692,492,1184
540,259,799
552,686,1238
705,1340,2045
421,598,1019
3383,732,4115
540,678,1218
659,593,1252
3094,1141,4235
748,541,1289
181,493,674
668,267,935
852,187,1039
876,717,1593
476,1248,1724
632,506,1138
96,1131,1227
1525,778,2303
1224,1667,2891
284,651,935
708,568,1276
1063,1664,2727
346,639,985
738,1191,1929
713,624,1337
962,1484,2446
507,693,1200
572,857,1429
76,310,386
655,620,1275
1446,595,2041
400,902,1302
88,760,848
659,731,1390
522,853,1375
502,1114,1616
87,617,704
232,718,950
605,305,910
1390,367,1757
514,835,1349
132,762,894
345,629,974
301,534,835
592,1242,1834
1111,753,1864
1095,539,1634
296,783,1079
281,591,872
1234,500,1734
508,605,1113
249,731,980
560,474,1034
661,1064,1725
151,722,873
522,689,1211
347,551,898
36,1376,1412
452,731,1183
465,578,1043
405,524,929
583,322,905
434,541,975
904,922,1826
49,1390,1439
641,789,1430
263,780,1043
953,600,1553
567,372,939
482,581,1063
294,911,1205
319,772,1091
361,1188,1549
261,465,726
337,829,1166
1427,266,1693
473,539,1012
582,754,1336
540,468,1008
1487,349,1836
772,1012,1784
136,629,765
462,1329,1791
409,415,824
143,588,731
712,512,1224
325,509,834
453,1137,1590
115,421,536
351,545,896
747,612,1359
385,1043,1428
216,331,547
71,467,538
434,1394,1828
183,421,604
279,339,618
617,423,1040
627,1000,1627
158,248,406
174,408,582
170,1449,1619
510,472,982
222,486,708
672,820,1492
307,511,818
146,1230,1376
1026,973,1999
1062,807,1869
271,518,789
913,913,1826
428,495,923
397,1005,1402
709,1624,2333
438,546,984
249,601,850
348,1091,1439
516,1906,2422
585,1477,2062
438,545,983
792,790,1582
1329,1127,2456
596,2220,2816
238,669,907
411,498,909
59,1227,1286
982,621,1603
157,632,789
706,910,1616
319,477,796
899,665,1564
956,654,1610
231,281,512
398,716,1114
742,586,1328
1486,703,2189
393,2208,2601
189,885,1074
471,2467,2938
1580,742,2322
351,1095,1446
697,830,1527
369,474,843
424,589,1013
347,759,1106
2075,899,2974
67,1178,1245
702,1010,1712
503,574,1077
1269,1171,2440
270,680,950
873,766,1639
956,693,1649
539,754,1293
2129,812,2941
55,1286,1341
272,886,1158
2325,514,2839
1401,1778,3179
399,1469,1868
646,980,1626
855,523,1378
736,614,1350
457,606,1063
872,698,1570
750,658,1408
1312,1645,2957
269,1460,1729
1068,670,1738
729,431,1160
507,702,1209
326,907,1233
818,1170,1988
1174,1138,2312
733,659,1392
952,1426,2378
437,1415,1852
1219,592,1811
643,1214,1857
309,564,873
1385,672,2057
316,1267,1583
367,378,745
435,710,1145
900,624,1524
342,567,909
515,1146,1661
486,459,945
541,575,1116
1474,688,2162
1398,528,1926
479,888,1367
420,618,1038
1427,831,2258
840,902,1742
327,833,1160
855,919,1774
447,495,942
259,740,999
359,795,1154
481,997,1478
1079,517,1596
514,1345,1859
1258,765,2023
1175,651,1826
460,578,1038
1248,648,1896
516,620,1136
657,410,1067
456,1363,1819
551,539,1090
393,997,1390
821,1311,2132
578,1990,2568
873,518,1391
495,773,1268
549,886,1435
244,815,1059
936,1734,2670
439,916,1355
629,759,1388
558,1375,1933
492,913,1405
1081,453,1534
447,798,1245
239,1108,1347
628,546,1174
410,943,1353
901,1076,1977
701,1200,1901
505,978,1483
984,1010,1994
633,599,1232
1246,870,2116
1189,825,2014
183,739,922
352,914,1266
1216,1236,2452
643,977,1620
552,1085,1637
655,406,1061
1935,896,2831
368,934,1302
854,694,1548
1207,596,1803
319,760,1079
1605,745,2350
1072,661,1733
409,930,1339
163,1021,1184
691,526,1217
618,805,1423
440,615,1055
622,1086,1708
806,612,1418
1012,751,1763
624,626,1250
597,615,1212
809,616,1425
769,701,1470
358,723,1081
352,1363,1715
690,510,1200
598,505,1103
238,759,997
119,453,572
657,551,1208
715,851,1566
921,784,1705
659,1101,1760
1169,928,2097
1039,762,1801
848,489,1337
440,1071,1511
377,702,1079
288,326,614
838,1052,1890
205,610,815
1158,410,1568
615,696,1311
1011,406,1417
766,774,1540
535,1014,1549
926,980,1906
358,415,773
692,1007,1699
334,783,1117
234,630,864
719,825,1544
783,1043,1826
212,789,1001
345,859,1204
690,811,1501
577,1273,1850
546,749,1295
726,512,1238
878,1354,2232
455,1417,1872
445,594,1039
603,859,1462
442,469,911
716,353,1069
551,799,1350
785,731,1516
477,1318,1795
847,1738,2585
474,483,957
32,1386,1418
217,834,1051
535,530,1065
513,1364,1877
765,1640,2405
509,499,1008
501,1106,1607
1110,930,2040
445,223,668
770,438,1208
1490,443,1933
486,191,677
1035,202,1237
490,255,745
1521,366,1887
726,1592,2318
1093,281,1374
979,1130,2109
597,153,750
928,320,1248
469,1446,1915
417,2017,2434
584,1196,1780
409,2098,2507
444,2107,2551
1042,1570,2612
453,2105,2558
473,1124,1597
84,163,247
127,1727,1854
645,1166,1811
666,2010,2676
565,2118,2683
1223,1267,2490
731,1897,2628
529,1291,1820
717,2062,2779
164,1870,2034
551,962,1513
1340,1568,2908
1334,582,1916
147,291,438
781,1475,2256
1396,1302,2698
507,1177,1684
922,413,1335
203,873,1076
1933,778,2711
1680,824,2504
631,469,1100
1216,1358,2574
1935,747,2682
1339,775,2114
447,702,1149
129,283,412
913,1483,2396
1325,583,1908
1989,351,2340
1336,739,2075
593,253,846
1845,956,2801
2086,854,2940
90,1356,1446
816,488,1304
1917,912,2829
105,288,393
1415,839,2254
29,704,733
1862,954,2816
1039,622,1661
2071,809,2880
951,1057,2008
1484,1152,2636
1271,627,1898
1361,577,1938
129,554,683
226,549,775
135,1378,1513
153,889,1042
476,392,868
424,715,1139
1267,875,2142
433,733,1166
32,401,433
469,800,1269
1361,771,2132
283,648,931
52,476,528
544,876,1420
323,826,1149
510,676,1186
208,395,603
381,846,1227
195,588,783
807,442,1249
502,873,1375
352,1071,1423
166,954,1120
235,630,865
673,818,1491
616,933,1549
264,421,685
635,870,1505
298,505,803
546,662,1208
65,1029,1094
235,763,998
519,440,959
416,486,902
535,1269,1804
171,448,619
354,498,852
195,1743,1938
563,1317,1880
454,1092,1546
377,657,1034
172,594,766
244,697,941
675,563,1238
191,619,810
249,439,688
1332,1428,2760
813,1093,1906
361,512,873
380,484,864
474,402,876
53,604,657
862,882,1744
591,714,1305
483,435,918
304,749,1053
998,473,1471
469,329,798
513,580,1093
348,761,1109
777,1121,1898
229,1359,1588
715,779,1494
680,1579,2259
383,434,817
379,1488,1867
441,965,1406
522,440,962
479,502,981
536,711,1247
545,914,1459
396,1409,1805
1025,1562,2587
38,728,766
1051,557,1608
801,1082,1883
544,638,1182
316,587,903
121,668,789
402,537,939
452,652,1104
538,1097,1635
303,687,990
236,730,966
748,893,1641
797,921,1718
1056,765,1821
333,679,1012
1325,839,2164
436,693,1129
685,467,1152
569,858,1427
547,700,1247
288,651,939
475,491,966
269,758,1027
274,454,728
332,1054,1386
561,457,1018
194,883,1077
694,1264,1958
1276,609,1885
1411,1014,2425
635,181,816
418,724,1142
748,1071,1819
353,934,1287
920,309,1229
477,662,1139
287,880,1167
772,313,1085
1344,1127,2471
482,317,799
1287,555,1842
633,372,1005
715,1159,1874
400,1457,1857
305,2022,2327
165,318,483
895,447,1342
643,1332,1975
562,623,1185
220,324,544
644,690,1334
336,1354,1690
745,1246,1991
779,1871,2650
774,889,1663
548,1236,1784
920,1261,2181
677,930,1607
569,1154,1723
268,324,592
519,553,1072
961,756,1717
728,1149,1877
606,1188,1794
258,663,921
1075,575,1650
569,1390,1959
978,904,1882
418,1295,1713
116,496,612
492,340,832
1287,734,2021
387,1115,1502
162,626,788
888,1570,2458
824,583,1407
383,1553,1936
814,909,1723
508,464,972
522,439,961
158,964,1122
1140,706,1846
936,632,1568
267,601,868
1785,1127,2912
1174,528,1702
1168,889,2057
1086,574,1660
487,475,962
355,737,1092
325,645,970
554,789,1343
1182,580,1762
953,658,1611
309,783,1092
523,595,1118
657,466,1123
423,416,839
407,423,830
666,257,923
1595,956,2551
1071,683,1754
1197,698,1895
653,584,1237
647,1084,1731
1391,997,2388
702,1011,1713
186,578,764
476,864,1340
686,266,952
1257,921,2178
455,662,1117
671,144,815
1067,1575,2642
331,639,970
423,1025,1448
1464,1275,2739
796,507,1303
216,1123,1339
803,855,1658
95,1986,2081
779,1310,2089
625,455,1080
1012,151,1163
479,1139,1618
921,1153,2074
979,1138,2117
430,954,1384
901,308,1209
556,525,1081
675,1109,1784
747,1124,1871
375,1532,1907
1915,162,2077
1057,549,1606
820,1115,1935
435,1071,1506
1236,205,1441
1189,634,1823
1436,427,1863
659,961,1620
987,485,1472
928,569,1497
1484,413,1897
1132,295,1427
1111,388,1499
957,707,1664
845,1026,1871
1400,444,1844
339,309,648
1374,548,1922
1365,586,1951
1316,678,1994
267,449,716
1526,697,2223
1220,862,2082
128,450,578
350,599,949
225,901,1126
277,675,952
219,699,918
208,857,1065
233,783,1016
1865,440,2305
99,513,612
292,694,986
2347,266,2613
1198,943,2141
211,813,1024
43,746,789
1303,758,2061
156,212,368
28,1481,1509
331,720,1051
191,1287,1478
177,915,1092
66,734,800
372,1048,1420
375,675,1050
362,678,1040
318,897,1215
130,709,839
112,1233,1345
206,560,766
438,601,1039
278,565,843
639,548,1187
369,908,1277
445,893,1338
324,513,837
350,1075,1425
541,936,1477
299,1232,1531
67,931,998
769,322,1091
412,980,1392
1004,636,1640
363,1376,1739
250,516,766
1065,699,1764
462,649,1111
345,1021,1366
435,493,928
696,773,1469
517,453,970
1033,647,1680
387,1358,1745
431,548,979
784,699,1483
532,498,1030
653,1278,1931
652,654,1306
504,1471,1975
1229,547,1776
875,831,1706
896,592,1488
389,957,1346
122,604,726
597,876,1473
763,800,1563
445,647,1092
1230,570,1800
159,897,1056
471,651,1122
335,771,1106
1173,503,1676
344,752,1096
238,994,1232
181,496,677
545,591,1136
419,310,729
323,932,1255
516,297,813
362,823,1185
585,729,1314
627,1933,2560
272,1171,1443
561,311,872
75,508,583
682,261,943
229,2055,2284
481,977,1458
82,509,591
715,260,975
1324,995,2319
202,826,1028
232,404,636
1335,799,2134
791,276,1067
528,155,683
1928,287,2215
852,302,1154
527,223,750
913,291,1204
611,307,918
630,302,932
199,329,528
219,383,602
981,1857,2838
228,401,629
103,371,474
143,375,518
899,1800,2699
153,362,515
189,373,562
973,1753,2726
207,393,600
518,1308,1826
179,422,601
356,216,572
1563,274,1837
293,274,567
316,208,524
539,1523,2062
1647,214,1861
346,263,609
414,2632,3046
754,2654,3408
442,897,1339
760,2598,3358
1406,200,1606
239,2646,2885
398,1015,1413
623,2278,2901
577,2382,2959
738,2283,3021
71,521,592
432,2119,2551
63,1389,1452
33,603,636
2396,702,3098
1282,1783,3065
152,420,572
518,2111,2629
110,1460,1570
2303,465,2768
1996,410,2406
2376,423,2799
217,320,537
2092,326,2418
150,1515,1665
2338,431,2769
1759,317,2076
313,281,594
1319,385,1704
1355,287,1642
1576,1081,2657
1584,186,1770
113,1008,1121
44,221,265
48,1057,1105
161,148,309
923,190,1113
1658,995,2653
2287,315,2602
1682,362,2044
904,414,1318
1707,419,2126
714,485,1199
1685,1704,3389
270,544,814
188,617,805
2141,628,2769
988,394,1382
349,512,861
248,589,837
16,1703,1719
118,1625,1743
296,472,768
401,551,952
235,533,768
28,688,716
64,912,976
1002,577,1579
51,482,533
263,461,724
77,1854,1931
176,1040,1216
212,465,677
49,606,655
978,1145,2123
373,767,1140
89,729,818
31,1816,1847
345,864,1209
177,603,780
112,728,840
415,869,1284
248,486,734
187,605,792
1438,706,2144
405,491,896
55,807,862
1548,641,2189
47,917,964
294,1031,1325
139,805,944
372,702,1074
802,636,1438
334,609,943
208,915,1123
656,883,1539
20,815,835
1551,818,2369
427,714,1141
133,441,574
377,751,1128
583,532,1115
632,597,1229
472,844,1316
605,553,1158
1682,630,2312
698,666,1364
337,620,957
150,656,806
743,686,1429
190,1024,1214
669,788,1457
228,597,825
1649,858,2507
313,888,1201
853,852,1705
558,507,1065
783,987,1770
616,1117,1733
139,745,884
683,645,1328
395,524,919
403,805,1208
741,689,1430
495,959,1454
804,336,1140
363,799,1162
412,1186,1598
285,386,671
420,560,980
603,876,1479
644,434,1078
489,733,1222
413,577,990
602,1031,1633
666,1510,2176
434,281,715
750,417,1167
458,979,1437
666,353,1019
314,937,1251
723,907,1630
893,595,1488
58,1434,1492
431,743,1174
913,846,1759
287,1470,1757
656,494,1150
339,497,836
822,1227,2049
677,1487,2164
795,1227,2022
354,938,1292
614,1392,2006
445,1367,1812
596,766,1362
882,294,1176
326,1231,1557
736,1645,2381
363,1263,1626
29,397,426
1041,1369,2410
277,734,1011
41,1403,1444
1325,625,1950
1278,1019,2297
367,674,1041
305,923,1228
950,743,1693
1180,593,1773
636,647,1283
1289,459,1748
759,835,1594
545,1652,2197
851,436,1287
74,454,528
1359,477,1836
1222,563,1785
215,629,844
1332,481,1813
75,423,498
34,1947,1981
363,544,907
94,1411,1505
352,573,925
550,446,996
367,612,979
126,814,940
125,1533,1658
642,500,1142
493,527,1020
298,802,1100
533,468,1001
440,499,939
515,553,1068
447,1272,1719
916,1164,2080
708,1426,2134
573,520,1093
295,801,1096
974,1917,2891
142,623,765
275,436,711
195,663,858
909,533,1442
391,633,1024
211,555,766
412,556,968
774,534,1308
335,529,864
903,1739,2642
190,783,973
373,543,916
744,1457,2201
1049,705,1754
381,719,1100
322,554,876
304,737,1041
1365,1340,2705
1502,957,2459
1416,563,1979
540,249,789
1093,1868,2961
1094,712,1806
604,576,1180
1457,564,2021
361,707,1068
459,899,1358
307,768,1075
357,820,1177
296,796,1092
372,434,806
1328,1842,3170
696,825,1521
418,1030,1448
1836,1190,3026
364,773,1137
552,866,1418
305,604,909
495,980,1475
1289,366,1655
410,562,972
1403,1887,3290
479,642,1121
176,866,1042
429,579,1008
307,757,1064
519,851,1370
656,687,1343
688,969,1657
1063,1378,2441
350,560,910
579,859,1438
642,443,1085
337,864,1201
501,626,1127
490,814,1304
822,795,1617
470,970,1440
750,1387,2137
1646,732,2378
147,654,801
886,592,1478
555,627,1182
704,777,1481
152,756,908
711,698,1409
733,711,1444
863,721,1584
695,433,1128
462,689,1151
788,779,1567
1565,865,2430
778,812,1590
378,790,1168
893,725,1618
1707,1011,2718
1116,974,2090
516,664,1180
252,744,996
306,793,1099
686,629,1315
88,460,548
567,769,1336
609,736,1345
744,659,1403
604,815,1419
350,745,1095
259,606,865
1038,1038,2076
650,819,1469
543,573,1116
123,753,876
244,1030,1274
203,806,1009
341,811,1152
379,776,1155
527,786,1313
1274,1055,2329
207,770,977
595,596,1191
631,740,1371
493,912,1405
464,874,1338
323,670,993
590,723,1313
622,618,1240
891,1133,2024
479,538,1017
464,602,1066
315,736,1051
521,569,1090
213,1377,1590
457,711,1168
265,619,884
476,452,928
261,936,1197
274,636,910
495,461,956
537,1172,1709
632,892,1524
704,616,1320
455,475,930
662,887,1549
796,742,1538
734,466,1200
521,906,1427
473,694,1167
472,776,1248
546,1057,1603
617,614,1231
529,459,988
493,566,1059
519,532,1051
267,1035,1302
596,594,1190
650,285,935
222,1635,1857
821,898,1719
758,369,1127
525,613,1138
704,297,1001
645,1251,1896
703,380,1083
287,321,608
533,1695,2228
895,304,1199
383,1384,1767
699,1481,2180
714,453,1167
642,373,1015
725,874,1599
380,839,1219
88,336,424
943,957,1900
612,715,1327
429,1709,2138
365,677,1042
137,706,843
300,635,935
219,661,880
778,2046,2824
352,607,959
293,1707,2000
827,1476,2303
1053,1918,2971
530,400,930
693,1373,2066
962,2051,3013
1377,1633,3010
279,210,489
238,635,873
818,1900,2718
389,1092,1481
649,1370,2019
110,223,333
870,1403,2273
1733,797,2530
191,1148,1339
659,441,1100
470,1531,2001
778,1255,2033
1732,359,2091
259,969,1228
681,2115,2796
309,413,722
314,1428,1742
1328,443,1771
1453,322,1775
1003,1641,2644
1356,607,1963
114,416,530
311,982,1293
1287,1589,2876
1668,1168,2836
1344,1004,2348
1255,415,1670
1214,483,1697
1076,321,1397
548,1252,1800
1290,1141,2431
1688,1260,2948
746,1169,1915
1273,488,1761
678,308,986
971,892,1863
1800,512,2312
599,383,982
1508,910,2418
1230,367,1597
1054,1283,2337
329,482,811
761,705,1466
840,684,1524
535,479,1014
562,635,1197
1433,680,2113
1050,688,1738
719,688,1407
834,498,1332
854,943,1797
813,818,1631
802,512,1314
43,472,515
1666,640,2306
859,533,1392
36,691,727
921,625,1546
124,563,687
811,883,1694
375,492,867
102,854,956
65,485,550
116,768,884
397,525,922
33,771,804
91,773,864
24,835,859
293,778,1071
56,782,838
182,932,1114
538,611,1149
37,1078,1115
23,852,875
512,382,894
229,899,1128
216,623,839
82,621,703
2094,289,2383
540,632,1172
551,607,1158
234,914,1148
41,904,945
153,853,1006
343,665,1008
180,906,1086
629,728,1357
331,841,1172
110,286,396
568,858,1426
222,691,913
503,397,900
164,430,594
648,609,1257
599,421,1020
904,314,1218
189,440,629
258,1149,1407
668,620,1288
347,1195,1542
652,582,1234
641,740,1381
384,951,1335
329,1094,1423
221,568,789
64,659,723
102,430,532
603,1043,1646
579,280,859
527,1125,1652
671,1096,1767
483,508,991
302,1037,1339
550,1223,1773
373,1265,1638
209,740,949
290,480,770
765,908,1673
1051,649,1700
343,644,987
737,298,1035
686,647,1333
702,1370,2072
286,979,1265
1129,641,1770
557,805,1362
830,606,1436
505,851,1356
32,435,467
492,1024,1516
854,1029,1883
413,519,932
477,474,951
811,783,1594
842,719,1561
311,584,895
495,696,1191
907,575,1482
46,541,587
527,1176,1703
889,907,1796
384,603,987
45,825,870
846,840,1686
103,1504,1607
526,570,1096
1145,459,1604
193,1026,1219
539,1068,1607
200,713,913
1267,792,2059
319,822,1141
431,880,1311
260,922,1182
409,1487,1896
228,406,634
492,777,1269
413,780,1193
461,881,1342
349,932,1281
274,1032,1306
558,763,1321
825,681,1506
663,867,1530
216,1306,1522
848,745,1593
421,1254,1675
554,572,1126
618,926,1544
455,1665,2120
313,1334,1647
187,588,775
323,622,945
746,734,1480
397,2057,2454
593,675,1268
968,835,1803
487,2069,2556
588,495,1083
1410,1032,2442
663,649,1312
352,857,1209
488,1189,1677
643,493,1136
377,879,1256
303,966,1269
891,579,1470
747,632,1379
591,947,1538
740,1382,2122
671,741,1412
792,780,1572
246,1298,1544
629,729,1358
759,589,1348
942,763,1705
457,657,1114
618,819,1437
189,649,838
1030,719,1749
464,601,1065
248,829,1077
737,294,1031
1219,945,2164
480,1286,1766
1644,659,2303
707,350,1057
385,854,1239
617,1399,2016
1149,400,1549
587,532,1119
798,841,1639
524,598,1122
1363,1311,2674
1844,754,2598
250,791,1041
466,360,826
920,1135,2055
797,1288,2085
1231,1117,2348
130,743,873
640,739,1379
598,1124,1722
614,409,1023
557,970,1527
630,398,1028
1097,1345,2442
570,1213,1783
629,761,1390
690,911,1601
419,456,875
464,1228,1692
643,915,1558
22,153,175
478,957,1435
1116,845,1961
1091,722,1813
1058,360,1418
466,1536,2002
696,1069,1765
1229,600,1829
237,1057,1294
38,702,740
301,881,1182
263,674,937
696,1049,1745
831,516,1347
834,492,1326
1067,602,1669
820,800,1620
938,954,1892
553,708,1261
72,892,964
695,1491,2186
250,1248,1498
532,444,976
105,1105,1210
720,511,1231
293,1063,1356
1099,601,1700
1247,888,2135
827,939,1766
315,1787,2102
729,987,1716
677,899,1576
610,617,1227
748,648,1396
512,1110,1622
850,765,1615
771,1039,1810
400,619,1019
1061,606,1667
681,483,1164
977,774,1751
810,642,1452
454,409,863
628,595,1223
954,798,1752
552,747,1299
1038,625,1663
186,1197,1383
796,414,1210
761,349,1110
320,1112,1432
680,1671,2351
601,737,1338
949,1884,2833
327,574,901
368,1120,1488
494,603,1097
522,1054,1576
697,498,1195
1444,868,2312
510,983,1493
881,1446,2327
499,771,1270
1320,1616,2936
601,1185,1786
955,548,1503
502,887,1389
392,854,1246
1058,653,1711
1608,889,2497
1666,1375,3041
922,1057,1979
282,1117,1399
771,1628,2399
510,1154,1664
491,1133,1624
339,1415,1754
1009,919,1928
1831,525,2356
426,1221,1647
685,1429,2114
635,1268,1903
258,1103,1361
1132,594,1726
684,1703,2387
567,831,1398
1067,1027,2094
262,1384,1646
812,1551,2363
514,1639,2153
979,571,1550
794,923,1717
892,1196,2088
495,1618,2113
1595,780,2375
1050,1043,2093
851,1056,1907
1321,1040,2361
627,980,1607
1329,466,1795
583,1040,1623
987,855,1842
908,749,1657
1372,838,2210
792,1040,1832
1493,542,2035
1596,321,1917
1324,882,2206
628,1912,2540
1204,1098,2302
1177,1425,2602
1278,485,1763
1531,685,2216
1206,611,1817
1104,662,1766
1546,1054,2600
702,688,1390
1129,962,2091
72,1186,1258
55,739,794
1134,756,1890
1456,980,2436
224,1323,1547
246,586,832
483,1058,1541
639,939,1578
245,1234,1479
408,1189,1597
579,330,909
563,1037,1600
828,881,1709
640,406,1046
329,940,1269
201,951,1152
835,813,1648
810,840,1650
434,1426,1860
326,335,661
318,1553,1871
916,1539,2455
617,1258,1875
455,1544,1999
284,447,731
241,1494,1735
1764,1278,3042
1064,640,1704
613,1081,1694
1022,853,1875
892,349,1241
697,1326,2023
1217,776,1993
1168,1039,2207
457,1353,1810
534,673,1207
389,1424,1813
1186,1271,2457
763,1258,2021
781,677,1458
1052,1057,2109
936,678,1614
1077,722,1799
760,978,1738
1178,533,1711
207,548,755
918,1229,2147
1403,605,2008
917,1073,1990
937,537,1474
1011,522,1533
1523,580,2103
1017,424,1441
501,1263,1764
1320,865,2185
734,582,1316
83,1252,1335
559,392,951
29,404,433
1251,672,1923
1458,830,2288
331,524,855
651,723,1374
1157,778,1935
361,769,1130
494,469,963
478,740,1218
1023,884,1907
617,1010,1627
104,334,438
365,928,1293
522,626,1148
555,801,1356
701,1424,2125
75,523,598
179,712,891
95,1398,1493
270,502,772
380,471,851
82,771,853
142,1433,1575
442,481,923
685,571,1256
541,1065,1606
645,461,1106
243,1114,1357
430,451,881
232,688,920
618,733,1351
395,824,1219
265,914,1179
402,961,1363
339,847,1186
1411,282,1693
300,510,810
615,3064,3679
362,1012,1374
111,974,1085
385,675,1060
787,2883,3670
426,440,866
639,877,1516
907,530,1437
117,1273,1390
269,697,966
448,983,1431
386,1311,1697
804,2881,3685
493,776,1269
706,638,1344
741,593,1334
996,555,1551
529,1154,1683
393,1439,1832
953,494,1447
605,559,1164
330,542,872
562,1278,1840
1118,1292,2410
330,692,1022
37,756,793
894,1182,2076
786,468,1254
421,847,1268
1136,752,1888
402,471,873
385,1100,1485
696,1006,1702
554,316,870
237,763,1000
303,1080,1383
1179,1847,3026
521,806,1327
925,609,1534
759,694,1453
373,1951,2324
479,563,1042
1087,674,1761
403,749,1152
161,468,629
613,1307,1920
466,886,1352
1231,487,1718
358,426,784
911,1145,2056
479,663,1142
1538,843,2381
1845,549,2394
285,624,909
1052,509,1561
345,855,1200
2811,617,3428
711,623,1334
529,441,970
142,991,1133
354,882,1236
649,694,1343
727,621,1348
490,619,1109
703,163,866
2525,1663,4188
517,1107,1624
604,814,1418
446,882,1328
558,376,934
1312,769,2081
703,967,1670
301,912,1213
770,348,1118
2585,1790,4375
753,1300,2053
429,1139,1568
609,892,1501
527,374,901
886,1958,2844
858,1434,2292
612,1270,1882
800,464,1264
462,1767,2229
373,926,1299
598,1135,1733
437,824,1261
548,525,1073
377,830,1207
1192,1336,2528
492,1508,2000
1015,550,1565
110,510,620
1414,640,2054
352,1312,1664
798,714,1512
1016,536,1552
216,483,699
705,655,1360
855,907,1762
630,1300,1930
1183,380,1563
249,703,952
802,762,1564
1306,795,2101
1222,1328,2550
967,673,1640
371,668,1039
907,751,1658
1619,757,2376
536,1417,1953
1060,577,1637
311,845,1156
581,691,1272
842,1323,2165
1855,799,2654
855,864,1719
788,497,1285
799,918,1717
1589,959,2548
1385,656,2041
537,695,1232
615,637,1252
543,863,1406
25,743,768
1265,942,2207
497,824,1321
270,511,781
246,759,1005
1214,850,2064
535,587,1122
86,784,870
182,729,911
336,625,961
222,577,799
33,1045,1078
1185,973,2158
1234,861,2095
441,578,1019
414,584,998
544,843,1387
246,757,1003
466,574,1040
189,502,691
154,899,1053
458,766,1224
1354,1043,2397
626,464,1090
601,736,1337
460,630,1090
477,723,1200
724,511,1235
775,675,1450
547,404,951
727,663,1390
580,581,1161
266,792,1058
276,1057,1333
1155,866,2021
689,731,1420
261,1320,1581
264,395,659
366,886,1252
471,753,1224
664,743,1407
405,436,841
950,770,1720
689,473,1162
436,577,1013
663,1023,1686
125,423,548
511,877,1388
582,1063,1645
279,621,900
163,456,619
515,838,1353
626,650,1276
333,686,1019
311,358,669
606,659,1265
419,1222,1641
740,933,1673
494,1154,1648
547,732,1279
633,1508,2141
541,683,1224
584,616,1200
137,345,482
639,566,1205
219,759,978
501,1179,1680
225,470,695
693,918,1611
809,676,1485
569,1225,1794
286,459,745
764,1294,2058
560,583,1143
835,1097,1932
503,548,1051
757,944,1701
379,602,981
1131,1061,2192
415,604,1019
240,481,721
855,1294,2149
148,822,970
1203,918,2121
238,649,887
1072,556,1628
417,1093,1510
467,1006,1473
378,1124,1502
579,506,1085
360,487,847
985,1118,2103
777,1215,1992
836,717,1553
1232,616,1848
462,1089,1551
618,1137,1755
405,878,1283
436,871,1307
430,610,1040
788,1041,1829
557,1208,1765
551,377,928
856,984,1840
891,929,1820
998,658,1656
131,611,742
1068,658,1726
1132,642,1774
770,597,1367
166,1246,1412
1001,1027,2028
307,645,952
366,1142,1508
808,1144,1952
512,1251,1763
784,1248,2032
936,215,1151
415,1282,1697
544,967,1511
782,979,1761
972,1063,2035
351,1241,1592
420,989,1409
437,1213,1650
590,1126,1716
1142,1196,2338
601,351,952
475,1057,1532
921,1403,2324
1115,483,1598
457,1166,1623
521,1331,1852
1127,560,1687
502,1756,2258
1024,658,1682
1079,1324,2403
616,600,1216
1047,1513,2560
1068,968,2036
1175,527,1702
507,1289,1796
503,1271,1774
983,717,1700
921,662,1583
1246,934,2180
425,571,996
592,1543,2135
1022,676,1698
1002,873,1875
42,734,776
1209,643,1852
1135,905,2040
219,599,818
1043,654,1697
928,633,1561
256,1871,2127
854,1691,2545
412,634,1046
1008,895,1903
1098,1144,2242
661,1663,2324
1379,924,2303
376,467,843
1205,502,1707
1240,1462,2702
409,752,1161
609,358,967
1175,805,1980
1642,1140,2782
1651,529,2180
69,1270,1339
1716,1046,2762
509,746,1255
801,519,1320
997,591,1588
287,657,944
341,1137,1478
861,457,1318
1048,407,1455
498,557,1055
493,1165,1658
388,504,892
744,401,1145
648,388,1036
137,1198,1335
397,415,812
371,515,886
312,1597,1909
672,1302,1974
356,459,815
835,1027,1862
867,738,1605
1026,588,1614
978,952,1930
437,485,922
629,556,1185
1402,313,1715
122,603,725
559,195,754
1221,339,1560
321,466,787
544,226,770
422,348,770
854,3440,4294
1393,2315,3708
890,2200,3090
602,2026,2628
684,2217,2901
580,2347,2927
1599,2202,3801
1220,2613,3833
143,2219,2362
559,2347,2906
388,2488,2876
198,2307,2505
117,2350,2467
2090,1970,4060
758,1896,2654
620,1925,2545
2251,779,3030
567,2552,3119
2114,601,2715
768,1771,2539
730,2505,3235
2077,479,2556
2063,726,2789
2414,333,2747
945,1882,2827
2247,419,2666
2112,238,2350
1778,278,2056
2490,349,2839
321,249,570
2340,316,2656
592,326,918
1482,1025,2507
2393,569,2962
105,1458,1563
656,421,1077
1862,466,2328
1806,514,2320
153,423,576
2262,509,2771
32,551,583
2511,292,2803
64,546,610
39,587,626
22,1438,1460
161,668,829
1882,889,2771
332,239,571
757,845,1602
33,962,995
1351,891,2242
175,507,682
283,479,762
395,286,681
53,1737,1790
487,289,776
20,1665,1685
205,558,763
350,562,912
48,952,1000
632,1078,1710
577,1034,1611
831,672,1503
341,1368,1709
421,1303,1724
2554,1299,3853
830,843,1673
156,769,925
1380,374,1754
351,1282,1633
890,701,1591
1484,1010,2494
428,1353,1781
37,414,451
180,845,1025
1167,1209,2376
1115,743,1858
1988,643,2631
856,978,1834
75,890,965
1956,854,2810
22,424,446
1150,824,1974
1076,779,1855
164,826,990
1164,740,1904
738,419,1157
1149,1109,2258
356,641,997
350,613,963
657,575,1232
100,477,577
642,485,1127
1078,872,1950
162,770,932
130,643,773
659,830,1489
475,781,1256
860,676,1536
711,510,1221
504,1061,1565
525,514,1039
576,603,1179
680,531,1211
388,437,825
522,680,1202
98,1581,1679
635,679,1314
410,510,920
467,619,1086
479,663,1142
597,869,1466
222,466,688
290,665,955
643,696,1339
550,768,1318
514,515,1029
36,545,581
510,858,1368
823,365,1188
578,1073,1651
243,520,763
37,1618,1655
641,726,1367
257,734,991
371,664,1035
510,597,1107
596,971,1567
581,455,1036
314,1767,2081
328,794,1122
416,916,1332
462,715,1177
469,717,1186
2946,398,3344
622,649,1271
193,562,755
117,526,643
1258,972,2230
52,814,866
622,634,1256
180,544,724
766,647,1413
197,774,971
200,1434,1634
207,1325,1532
240,818,1058
260,1431,1691
291,859,1150
21,615,636
207,513,720
677,695,1372
264,614,878
367,640,1007
1381,1046,2427
472,726,1198
302,1423,1725
540,1224,1764
529,675,1204
43,1097,1140
186,1191,1377
920,887,1807
456,644,1100
254,1126,1380
984,444,1428
615,955,1570
475,1439,1914
432,480,912
637,508,1145
560,904,1464
370,745,1115
606,799,1405
489,952,1441
655,920,1575
1022,455,1477
830,813,1643
1576,953,2529
657,587,1244
277,1388,1665
1016,796,1812
339,1031,1370
707,790,1497
1255,615,1870
1090,487,1577
587,1229,1816
687,529,1216
445,935,1380
522,1231,1753
1053,610,1663
854,625,1479
398,795,1193
694,451,1145
277,629,906
224,1038,1262
595,595,1190
599,998,1597
408,680,1088
624,701,1325
586,629,1215
782,1219,2001
715,460,1175
920,725,1645
686,594,1280
482,600,1082
1261,512,1773
415,565,980
682,713,1395
411,798,1209
678,612,1290
512,678,1190
886,456,1342
610,526,1136
298,568,866
967,659,1626
560,574,1134
583,768,1351
788,1018,1806
547,656,1203
392,1598,1990
493,1187,1680
349,646,995
573,431,1004
238,552,790
597,549,1146
470,554,1024
905,1113,2018
753,1154,1907
657,899,1556
389,469,858
812,706,1518
570,1415,1985
516,442,958
465,666,1131
650,773,1423
515,937,1452
517,911,1428
405,850,1255
292,1011,1303
637,710,1347
343,1078,1421
342,2007,2349
576,456,1032
617,1297,1914
599,1055,1654
303,605,908
1142,1405,2547
414,958,1372
132,529,661
989,1806,2795
553,2054,2607
330,829,1159
1531,841,2372
459,839,1298
610,926,1536
180,1052,1232
952,809,1761
798,719,1517
237,524,761
994,1560,2554
1337,1346,2683
442,549,991
1269,1012,2281
627,987,1614
611,689,1300
1573,554,2127
663,919,1582
983,675,1658
528,1029,1557
1024,1073,2097
1910,902,2812
426,509,935
791,984,1775
666,895,1561
277,1439,1716
1460,557,2017
60,748,808
705,624,1329
274,555,829
1184,1415,2599
1980,934,2914
522,786,1308
1124,1258,2382
586,1639,2225
881,499,1380
363,698,1061
956,1248,2204
233,704,937
326,571,897
518,1158,1676
1163,907,2070
795,1901,2696
713,1011,1724
822,1041,1863
274,682,956
639,466,1105
810,1382,2192
1455,471,1926
372,766,1138
812,837,1649
740,1831,2571
699,1069,1768
777,1334,2111
970,1228,2198
462,1056,1518
673,599,1272
917,1464,2381
943,431,1374
308,584,892
857,641,1498
506,568,1074
649,429,1078
471,640,1111
1701,564,2265
574,996,1570
1151,944,2095
715,371,1086
446,600,1046
1257,1288,2545
419,571,990
323,439,762
1488,1219,2707
268,936,1204
673,583,1256
839,719,1558
370,666,1036
263,983,1246
603,637,1240
263,1179,1442
1771,552,2323
1066,749,1815
1046,1042,2088
454,1029,1483
828,611,1439
661,897,1558
283,455,738
297,1154,1451
399,788,1187
559,539,1098
839,727,1566
263,1195,1458
899,739,1638
878,741,1619
827,550,1377
965,742,1707
871,720,1591
1076,507,1583
1222,898,2120
435,897,1332
217,720,937
632,658,1290
618,614,1232
278,1043,1321
336,580,916
715,592,1307
638,603,1241
944,1105,2049
545,917,1462
767,266,1033
419,1181,1600
253,725,978
585,338,923
1245,520,1765
145,869,1014
446,942,1388
129,999,1128
287,395,682
671,585,1256
808,1064,1872
952,960,1912
529,896,1425
454,488,942
705,860,1565
569,447,1016
898,654,1552
111,487,598
966,683,1649
65,590,655
156,448,604
635,605,1240
463,382,845
329,382,711
546,287,833
197,351,548
241,326,567
427,1569,1996
184,294,478
855,1135,1990
285,185,470
893,1037,1930
322,148,470
464,1460,1924
949,1029,1978
319,2339,2658
265,819,1084
64,589,653
685,1988,2673
405,1795,2200
282,916,1198
508,1764,2272
431,1964,2395
345,825,1170
692,2436,3128
271,1658,1929
1157,1284,2441
326,811,1137
822,1524,2346
712,1978,2690
449,1310,1759
776,2304,3080
711,1285,1996
865,1899,2764
983,187,1170
656,619,1275
919,2435,3354
1627,414,2041
988,1401,2389
892,428,1320
1456,753,2209
887,2378,3265
1667,663,2330
439,1385,1824
2270,714,2984
1859,555,2414
1361,581,1942
870,461,1331
1152,859,2011
1634,504,2138
1401,719,2120
91,697,788
465,1597,2062
1946,712,2658
1313,524,1837
1139,850,1989
181,1239,1420
1394,1736,3130
1454,757,2211
1197,633,1830
258,450,708
1173,1110,2283
2420,476,2896
454,442,896
645,923,1568
1787,1182,2969
67,855,922
58,876,934
307,509,816
2483,752,3235
1426,611,2037
457,524,981
288,865,1153
36,1089,1125
391,835,1226
418,553,971
391,931,1322
392,742,1134
421,835,1256
553,918,1471
270,676,946
459,643,1102
427,741,1168
222,800,1022
267,978,1245
286,743,1029
901,231,1132
588,445,1033
639,530,1169
598,197,795
847,690,1537
1722,746,2468
589,221,810
69,1688,1757
915,1071,1986
822,649,1471
78,1846,1924
775,823,1598
477,907,1384
481,908,1389
833,577,1410
231,1092,1323
905,1056,1961
514,578,1092
114,1868,1982
659,824,1483
370,1201,1571
489,944,1433
749,859,1608
151,1510,1661
1663,446,2109
471,1049,1520
896,331,1227
710,565,1275
342,1322,1664
1913,269,2182
806,526,1332
978,321,1299
817,412,1229
775,943,1718
1562,750,2312
1073,271,1344
1174,233,1407
550,1347,1897
840,1814,2654
864,1226,2090
1411,327,1738
1605,726,2331
365,2057,2422
884,1416,2300
145,375,520
1332,736,2068
634,1810,2444
1507,587,2094
99,330,429
1262,693,1955
1585,518,2103
131,500,631
81,312,393
262,477,739
2293,717,3010
150,479,629
1616,542,2158
1125,820,1945
170,477,647
1329,858,2187
402,434,836
1492,343,1835
180,892,1072
1237,942,2179
1850,459,2309
341,755,1096
214,924,1138
256,462,718
1933,631,2564
507,680,1187
128,1060,1188
404,585,989
230,505,735
320,1020,1340
243,989,1232
427,688,1115
150,987,1137
23,786,809
25,572,597
45,657,702
469,701,1170
56,723,779
164,606,770
712,595,1307
263,1184,1447
532,787,1319
447,884,1331
70,1075,1145
898,432,1330
47,617,664
165,1268,1433
408,437,845
127,890,1017
808,717,1525
158,568,726
29,918,947
672,768,1440
171,1151,1322
355,459,814
606,1051,1657
812,850,1662
477,321,798
801,994,1795
887,752,1639
560,630,1190
274,513,787
1089,724,1813
693,896,1589
396,770,1166
327,508,835
181,1022,1203
286,912,1198
506,752,1258
1073,777,1850
683,474,1157
392,648,1040
247,773,1020
719,635,1354
387,432,819
619,433,1052
228,1281,1509
434,1210,1644
674,290,964
918,732,1650
472,1104,1576
209,490,699
757,505,1262
670,652,1322
351,636,987
549,670,1219
678,609,1287
396,579,975
249,610,859
953,921,1874
864,849,1713
599,290,889
467,408,875
900,435,1335
444,1213,1657
507,502,1009
343,548,891
823,881,1704
845,1112,1957
348,525,873
608,1079,1687
898,954,1852
642,218,860
597,340,937
177,697,874
636,908,1544
1213,865,2078
568,474,1042
201,704,905
684,701,1385
570,1120,1690
354,701,1055
244,1589,1833
790,557,1347
442,345,787
558,498,1056
378,508,886
732,403,1135
582,940,1522
688,619,1307
1081,968,2049
283,1170,1453
1067,778,1845
200,524,724
613,393,1006
847,774,1621
851,1825,2676
402,516,918
1052,550,1602
956,1103,2059
614,425,1039
973,740,1713
208,566,774
637,479,1116
580,436,1016
658,730,1388
386,447,833
330,626,956
1405,728,2133
286,565,851
700,842,1542
346,595,941
1056,491,1547
78,881,959
596,992,1588
514,994,1508
640,870,1510
590,529,1119
847,711,1558
1078,1723,2801
392,638,1030
190,516,706
1015,700,1715
820,1850,2670
173,469,642
92,558,650
100,976,1076
343,816,1159
717,1682,2399
229,685,914
298,1150,1448
304,503,807
423,1092,1515
804,2086,2890
968,1718,2686
528,439,967
217,519,736
453,612,1065
148,401,549
1590,1189,2779
1740,415,2155
638,466,1104
330,522,852
24,767,791
323,482,805
413,554,967
202,978,1180
1762,1031,2793
849,714,1563
1714,474,2188
281,1078,1359
425,819,1244
275,1030,1305
563,888,1451
543,911,1454
534,408,942
782,718,1500
2000,623,2623
729,778,1507
438,873,1311
336,958,1294
938,672,1610
194,1242,1436
594,1027,1621
641,207,848
1734,288,2022
642,1191,1833
541,798,1339
256,705,961
363,1076,1439
1007,656,1663
994,694,1688
887,599,1486
326,715,1041
446,669,1115
937,1044,1981
699,665,1364
293,828,1121
780,812,1592
591,771,1362
600,1261,1861
618,638,1256
501,629,1130
544,772,1316
481,674,1155
280,601,881
746,621,1367
902,843,1745
92,771,863
831,662,1493
701,688,1389
629,810,1439
50,839,889
541,907,1448
596,1616,2212
240,798,1038
991,737,1728
1045,1029,2074
356,758,1114
1018,563,1581
322,694,1016
298,586,884
421,938,1359
245,722,967
259,1565,1824
507,842,1349
527,772,1299
376,616,992
694,473,1167
659,631,1290
489,746,1235
499,899,1398
418,543,961
581,792,1373
420,1686,2106
820,564,1384
657,773,1430
449,779,1228
410,579,989
567,878,1445
347,977,1324
502,673,1175
524,565,1089
530,1076,1606
643,496,1139
462,686,1148
700,748,1448
249,914,1163
536,991,1527
408,804,1212
1463,813,2276
139,602,741
145,621,766
235,1021,1256
733,835,1568
554,1140,1694
669,1015,1684
357,917,1274
610,1621,2231
291,951,1242
303,1519,1822
422,802,1224
975,903,1878
435,844,1279
530,1344,1874
459,717,1176
388,1021,1409
594,909,1503
287,1588,1875
433,1092,1525
1023,532,1555
673,1245,1918
405,1094,1499
333,1247,1580
507,919,1426
1092,1493,2585
539,723,1262
529,1141,1670
361,1348,1709
1325,1533,2858
501,1067,1568
653,1081,1734
880,903,1783
1251,425,1676
866,870,1736
493,1394,1887
648,1507,2155
1193,392,1585
539,506,1045
900,732,1632
540,335,875
680,1198,1878
189,837,1026
908,225,1133
903,1023,1926
825,584,1409
481,738,1219
130,508,638
558,1414,1972
383,500,883
1126,635,1761
855,668,1523
779,401,1180
1489,316,1805
1278,331,1609
402,889,1291
888,1221,2109
823,347,1170
21,166,187
844,414,1258
850,771,1621
53,194,247
451,1418,1869
1358,1022,2380
966,736,1702
581,750,1331
566,1132,1698
1071,866,1937
77,213,290
749,744,1493
502,1275,1777
1089,560,1649
120,274,394
868,740,1608
1220,823,2043
479,1436,1915
141,670,811
990,718,1708
149,672,821
763,821,1584
107,1022,1129
405,548,953
263,868,1131
126,1085,1211
318,1683,2001
396,732,1128
1142,788,1930
438,334,772
125,872,997
253,856,1109
619,586,1205
991,1091,2082
605,527,1132
1328,861,2189
427,933,1360
430,825,1255
82,1316,1398
82,418,500
110,1239,1349
799,520,1319
124,1095,1219
242,632,874
558,943,1501
384,515,899
480,862,1342
32,1325,1357
666,638,1304
140,389,529
709,731,1440
141,949,1090
120,504,624
348,1075,1423
852,780,1632
329,822,1151
643,941,1584
720,759,1479
513,783,1296
714,452,1166
766,341,1107
589,989,1578
122,1024,1146
509,1214,1723
598,493,1091
133,1222,1355
892,984,1876
716,988,1704
903,330,1233
188,591,779
569,914,1483
179,1312,1491
655,486,1141
379,1057,1436
813,999,1812
1304,505,1809
933,879,1812
955,676,1631
694,713,1407
1012,799,1811
1138,557,1695
1075,1103,2178
297,682,979
851,982,1833
1230,626,1856
885,695,1580
980,1161,2141
1110,510,1620
950,556,1506
595,1265,1860
407,778,1185
1133,603,1736
561,382,943
783,1224,2007
824,470,1294
1390,1038,2428
903,559,1462
388,761,1149
1152,747,1899
656,635,1291
1034,671,1705
200,400,600
1032,765,1797
674,587,1261
224,558,782
352,422,774
754,1517,2271
485,698,1183
1183,1012,2195
245,603,848
378,582,960
1034,1389,2423
1155,585,1740
502,1343,1845
390,450,840
607,876,1483
750,1485,2235
728,700,1428
729,1004,1733
523,1676,2199
393,620,1013
1173,1228,2401
622,1119,1741
1139,589,1728
346,467,813
289,950,1239
651,857,1508
532,724,1256
847,1117,1964
293,1446,1739
497,697,1194
718,751,1469
764,566,1330
554,1657,2211
297,571,868
392,1123,1515
1115,932,2047
877,864,1741
465,794,1259
356,725,1081
707,983,1690
722,585,1307
1144,618,1762
1343,918,2261
316,414,730
913,662,1575
706,535,1241
952,628,1580
526,570,1096
493,1061,1554
560,446,1006
1119,694,1813
1176,723,1899
1588,252,1840
716,796,1512
1161,1003,2164
693,442,1135
1105,778,1883
469,687,1156
410,1119,1529
362,1309,1671
832,464,1296
284,657,941
806,511,1317
584,766,1350
855,700,1555
242,692,934
237,950,1187
596,1054,1650
455,778,1233
535,1522,2057
581,507,1088
311,645,956
733,903,1636
540,930,1470
1072,955,2027
594,677,1271
1030,740,1770
232,1165,1397
317,1763,2080
466,649,1115
601,817,1418
1226,1038,2264
478,702,1180
486,666,1152
851,1273,2124
590,560,1150
719,781,1500
654,515,1169
595,785,1380
311,918,1229
766,713,1479
370,1018,1388
534,1244,1778
178,989,1167
896,766,1662
873,617,1490
731,967,1698
312,682,994
645,665,1310
600,969,1569
1416,897,2313
749,1076,1825
348,876,1224
355,661,1016
131,735,866
821,608,1429
771,1072,1843
413,862,1275
548,954,1502
1167,714,1881
407,640,1047
540,507,1047
162,921,1083
1678,962,2640
235,499,734
741,933,1674
497,1050,1547
587,645,1232
855,916,1771
291,593,884
488,508,996
560,805,1365
990,648,1638
1006,707,1713
276,1009,1285
658,807,1465
1069,457,1526
671,588,1259
520,924,1444
540,404,944
823,613,1436
761,690,1451
687,707,1394
723,858,1581
298,1301,1599
366,576,942
831,559,1390
804,1030,1834
519,1301,1820
494,513,1007
237,657,894
815,821,1636
106,348,454
649,636,1285
520,512,1032
936,496,1432
881,689,1570
880,775,1655
433,1282,1715
622,852,1474
517,614,1131
1207,682,1889
146,369,515
294,1099,1393
176,1110,1286
210,505,715
224,524,748
418,810,1228
575,907,1482
300,1214,1514
200,506,706
62,792,854
270,1041,1311
463,1781,2244
463,1129,1592
247,664,911
171,838,1009
409,661,1070
721,458,1179
912,1005,1917
944,542,1486
380,688,1068
530,1139,1669
527,810,1337
280,486,766
278,793,1071
886,676,1562
125,1198,1323
868,311,1179
423,1386,1809
350,1929,2279
656,521,1177
695,460,1155
1036,1077,2113
1220,1397,2617
717,590,1307
157,1027,1184
607,816,1423
1333,926,2259
457,635,1092
660,568,1228
926,706,1632
766,769,1535
265,997,1262
920,532,1452
625,481,1106
313,549,862
1628,688,2316
944,330,1274
94,639,733
395,1025,1420
388,752,1140
441,898,1339
646,682,1328
563,883,1446
366,1175,1541
364,936,1300
1269,492,1761
731,436,1167
325,459,784
254,839,1093
770,598,1368
291,561,852
474,849,1323
170,785,955
518,1080,1598
392,621,1013
1011,568,1579
672,521,1193
569,678,1247
512,866,1378
768,494,1262
789,503,1292
890,679,1569
536,1091,1627
486,1003,1489
486,503,989
614,1090,1704
652,641,1293
517,2174,2691
582,505,1087
491,825,1316
329,546,875
374,595,969
585,276,861
261,1059,1320
659,661,1320
381,899,1280
407,1847,2254
925,511,1436
444,816,1260
58,1111,1169
535,986,1521
242,358,600
318,1134,1452
463,391,854
665,753,1418
218,640,858
324,535,859
787,1846,2633
353,1405,1758
2063,757,2820
1278,768,2046
282,654,936
340,1623,1963
959,1061,2020
366,1016,1382
484,1259,1743
196,1065,1261
471,1205,1676
1488,652,2140
890,983,1873
375,918,1293
157,986,1143
469,457,926
396,1400,1796
370,1011,1381
225,1255,1480
712,1216,1928
519,1513,2032
265,806,1071
226,1280,1506
371,1001,1372
485,1305,1790
439,1765,2204
562,506,1068
965,599,1564
948,1077,2025
516,473,989
1129,649,1778
1519,644,2163
1166,672,1838
978,1362,2340
1331,612,1943
809,988,1797
751,283,1034
1200,398,1598
45,1162,1207
489,674,1163
604,1651,2255
728,1777,2505
1003,569,1572
686,1164,1850
389,779,1168
805,1495,2300
595,354,949
769,978,1747
53,348,401
1020,2083,3103
712,564,1276
616,1136,1752
1206,587,1793
892,402,1294
666,1017,1683
220,764,984
1226,1641,2867
1058,528,1586
638,503,1141
861,875,1736
1120,866,1986
757,940,1697
1248,416,1664
97,579,676
622,662,1284
1655,992,2647
935,908,1843
1310,462,1772
1690,422,2112
541,667,1208
906,264,1170
115,550,665
904,447,1351
503,403,906
2002,483,2485
977,443,1420
884,1189,2073
452,994,1446
338,403,741
629,1614,2243
269,585,854
652,242,894
1594,659,2253
521,683,1204
310,902,1212
299,921,1220
96,676,772
523,1299,1822
452,895,1347
474,678,1152
775,258,1033
97,431,528
702,503,1205
711,636,1347
312,1020,1332
722,557,1279
650,1363,2013
141,643,784
479,911,1390
150,537,687
83,594,677
285,520,805
71,1455,1526
745,776,1521
40,433,473
738,993,1731
65,669,734
684,920,1604
91,733,824
1120,824,1944
506,383,889
715,1140,1855
836,497,1333
96,624,720
141,716,857
91,926,1017
152,743,895
143,989,1132
1144,796,1940
366,575,941
1054,932,1986
115,1166,1281
559,597,1156
255,728,983
311,891,1202
508,504,1012
451,721,1172
701,660,1361
571,788,1359
572,730,1302
135,1291,1426
561,947,1508
455,877,1332
23,1143,1166
417,787,1204
660,581,1241
818,601,1419
894,434,1328
508,399,907
386,1160,1546
837,624,1461
642,871,1513
345,1280,1625
270,940,1210
1321,1387,2708
730,903,1633
724,620,1344
710,1033,1743
420,1035,1455
447,1153,1600
561,1361,1922
660,821,1481
1048,604,1652
746,578,1324
462,848,1310
466,969,1435
701,463,1164
470,654,1124
974,1229,2203
732,1333,2065
787,564,1351
836,631,1467
402,850,1252
668,1193,1861
992,427,1419
550,760,1310
523,540,1063
993,877,1870
1280,672,1952
372,897,1269
841,821,1662
666,730,1396
970,974,1944
721,870,1591
844,739,1583
751,669,1420
497,818,1315
1390,1074,2464
1164,720,1884
531,559,1090
375,462,837
1224,1203,2427
785,1104,1889
411,739,1150
303,741,1044
812,1335,2147
896,1077,1973
555,669,1224
1258,774,2032
866,620,1486
734,1117,1851
524,459,983
473,797,1270
955,1607,2562
656,650,1306
193,927,1120
262,598,860
520,937,1457
878,650,1528
577,467,1044
631,660,1291
788,731,1519
534,432,966
533,1055,1588
318,882,1200
363,547,910
164,433,597
917,581,1498
659,692,1351
635,616,1251
532,752,1284
1144,1301,2445
1059,589,1648
714,1032,1746
499,1338,1837
316,364,680
1213,1447,2660
443,1492,1935
645,503,1148
325,447,772
640,618,1258
1072,790,1862
529,1245,1774
365,462,827
271,1282,1553
1006,654,1660
1276,883,2159
410,1374,1784
898,980,1878
686,614,1300
389,774,1163
1068,619,1687
866,865,1731
731,925,1656
383,1221,1604
1097,897,1994
503,1100,1603
621,760,1381
962,466,1428
640,634,1274
365,1112,1477
1020,473,1493
556,1270,1826
551,764,1315
1257,644,1901
119,517,636
544,838,1382
229,877,1106
1266,508,1774
1032,719,1751
462,1289,1751
1112,458,1570
677,994,1671
764,786,1550
308,827,1135
315,509,824
205,1123,1328
399,766,1165
1234,848,2082
321,512,833
724,955,1679
550,892,1442
670,760,1430
653,699,1352
357,988,1345
753,825,1578
879,503,1382
677,688,1365
469,821,1290
386,487,873
453,1034,1487
862,664,1526
312,497,809
293,755,1048
389,1067,1456
750,540,1290
530,631,1161
219,963,1182
302,551,853
1065,662,1727
640,826,1466
614,837,1451
832,944,1776
537,763,1300
706,877,1583
551,789,1340
706,1440,2146
375,486,861
319,872,1191
739,1132,1871
373,793,1166
1059,846,1905
568,840,1408
561,804,1365
526,414,940
853,1511,2364
500,947,1447
529,726,1255
462,660,1122
904,711,1615
429,785,1214
554,692,1246
554,1470,2024
593,825,1418
419,705,1124
772,510,1282
377,666,1043
677,830,1507
457,844,1301
534,765,1299
363,978,1341
662,1446,2108
752,1474,2226
983,655,1638
765,853,1618
599,520,1119
619,665,1284
641,684,1325
733,819,1552
311,854,1165
651,636,1287
576,927,1503
536,1422,1958
700,847,1547
993,1378,2371
507,527,1034
591,656,1247
1350,814,2164
341,625,966
1084,827,1911
488,1222,1710
785,661,1446
576,1361,1937
747,658,1405
533,456,989
549,920,1469
731,1257,1988
362,802,1164
716,441,1157
1213,1152,2365
501,988,1489
481,675,1156
1395,860,2255
372,660,1032
394,835,1229
703,958,1661
1234,571,1805
577,644,1221
550,453,1003
1401,924,2325
466,1023,1489
607,1030,1637
1307,759,2066
388,702,1090
773,966,1739
395,940,1335
473,775,1248
349,640,989
551,1018,1569
455,868,1323
1293,577,1870
545,806,1351
1000,762,1762
491,1164,1655
756,657,1413
1173,715,1888
749,653,1402
941,647,1588
813,539,1352
637,633,1270
657,897,1554
720,1094,1814
330,652,982
553,799,1352
502,778,1280
885,473,1358
533,1139,1672
908,629,1537
546,860,1406
655,781,1436
775,730,1505
630,935,1565
736,745,1481
420,727,1147
743,749,1492
353,495,848
174,902,1076
700,799,1499
1045,667,1712
570,744,1314
613,709,1322
1048,674,1722
416,624,1040
943,1508,2451
406,645,1051
458,969,1427
346,796,1142
785,436,1221
385,629,1014
831,684,1515
576,731,1307
596,676,1272
1026,923,1949
317,552,869
516,1128,1644
770,2007,2777
733,876,1609
402,495,897
646,1012,1658
586,1981,2567
671,775,1446
271,308,579
532,833,1365
1379,857,2236
431,731,1162
622,580,1202
259,328,587
582,1372,1954
1406,600,2006
792,359,1151
763,1158,1921
514,1525,2039
683,1494,2177
323,364,687
993,242,1235
381,1530,1911
1757,325,2082
574,1097,1671
683,484,1167
569,1393,1962
657,1352,2009
194,499,693
675,377,1052
689,428,1117
307,1258,1565
145,366,511
288,1809,2097
692,961,1653
240,1855,2095
202,322,524
456,1551,2007
121,667,788
377,1453,1830
508,1630,2138
238,304,542
665,1654,2319
461,2173,2634
947,551,1498
539,658,1197
1276,666,1942
204,729,933
1358,578,1936
636,1375,2011
150,289,439
824,1723,2547
306,2272,2578
956,647,1603
90,853,943
556,431,987
1313,736,2049
491,576,1067
1063,688,1751
300,782,1082
640,1196,1836
821,668,1489
1238,626,1864
150,562,712
1262,626,1888
889,1579,2468
178,1171,1349
1779,879,2658
1760,389,2149
561,578,1139
329,432,761
359,470,829
1502,877,2379
444,409,853
334,474,808
497,882,1379
1845,601,2446
630,649,1279
1426,596,2022
479,474,953
1587,626,2213
423,714,1137
1955,881,2836
313,472,785
1504,969,2473
1871,472,2343
148,381,529
903,475,1378
858,548,1406
132,639,771
438,1082,1520
663,674,1337
116,703,819
714,923,1637
717,757,1474
851,770,1621
190,618,808
161,811,972
959,513,1472
170,609,779
929,733,1662
764,989,1753
140,667,807
218,654,872
419,732,1151
199,794,993
214,699,913
123,663,786
340,792,1132
1045,582,1627
29,553,582
287,630,917
165,832,997
135,724,859
296,806,1102
230,962,1192
311,631,942
265,892,1157
688,455,1143
510,499,1009
444,460,904
514,610,1124
603,782,1385
397,635,1032
281,1166,1447
618,802,1420
246,1134,1380
497,865,1362
622,509,1131
621,310,931
471,1162,1633
493,815,1308
543,799,1342
758,750,1508
228,1450,1678
528,830,1358
614,781,1395
563,877,1440
606,1165,1771
716,659,1375
573,761,1334
814,481,1295
704,707,1411
211,428,639
430,1327,1757
529,853,1382
944,514,1458
585,731,1316
807,775,1582
83,591,674
397,925,1322
648,545,1193
616,829,1445
288,527,815
227,564,791
438,536,974
560,415,975
174,578,752
169,828,997
659,1286,1945
1416,389,1805
726,758,1484
443,658,1101
698,234,932
684,1006,1690
711,258,969
621,823,1444
706,486,1192
987,793,1780
1466,344,1810
1156,759,1915
93,345,438
1075,436,1511
796,385,1181
926,647,1573
971,490,1461
1194,465,1659
97,408,505
1097,483,1580
1048,302,1350
167,521,688
893,495,1388
136,461,597
449,322,771
887,954,1841
840,989,1829
687,322,1009
1546,560,2106
273,689,962
212,670,882
913,1016,1929
196,610,806
27,233,260
1298,681,1979
1371,864,2235
430,782,1212
1219,561,1780
248,729,977
1165,897,2062
21,390,411
314,702,1016
1148,779,1927
781,760,1541
59,514,573
719,741,1460
287,798,1085
36,339,375
749,848,1597
586,664,1250
391,364,755
346,942,1288
107,534,641
334,575,909
352,785,1137
54,764,818
327,638,965
411,557,968
431,512,943
496,969,1465
286,565,851
331,746,1077
435,1101,1536
91,946,1037
468,655,1123
487,755,1242
382,915,1297
321,875,1196
411,576,987
597,2352,2949
492,573,1065
201,1032,1233
756,544,1300
436,646,1082
422,904,1326
609,794,1403
392,775,1167
841,2176,3017
155,770,925
689,745,1434
594,702,1296
638,639,1277
897,629,1526
870,699,1569
381,726,1107
880,2304,3184
268,841,1109
712,742,1454
541,569,1110
246,743,989
613,632,1245
732,724,1456
461,733,1194
789,457,1246
2249,516,2765
713,349,1062
720,319,1039
617,409,1026
634,1152,1786
447,819,1266
1441,580,2021
407,720,1127
530,344,874
838,590,1428
512,348,860
999,668,1667
457,439,896
672,561,1233
497,1207,1704
880,352,1232
664,616,1280
600,386,986
442,1119,1561
2818,905,3723
1040,789,1829
169,1291,1460
1093,453,1546
1349,212,1561
2187,524,2711
957,727,1684
1068,526,1594
941,663,1604
136,637,773
1054,652,1706
869,860,1729
145,760,905
195,378,573
76,692,768
194,577,771
1042,531,1573
237,536,773
115,623,738
79,781,860
93,486,579
149,957,1106
193,634,827
275,658,933
25,567,592
142,971,1113
170,985,1155
66,947,1013
104,470,574
221,844,1065
319,584,903
461,564,1025
161,759,920
354,739,1093
346,794,1140
314,835,1149
387,720,1107
414,813,1227
437,667,1104
566,549,1115
943,993,1936
284,451,735
745,461,1206
509,722,1231
491,735,1226
491,679,1170
408,917,1325
453,541,994
877,439,1316
445,1266,1711
277,514,791
396,358,754
157,506,663
432,588,1020
428,330,758
975,402,1377
471,781,1252
488,624,1112
245,814,1059
530,675,1205
707,377,1084
773,402,1175
843,462,1305
597,1226,1823
944,386,1330
2158,1112,3270
195,476,671
466,1073,1539
1041,767,1808
40,522,562
225,439,664
759,820,1579
687,1586,2273
216,1251,1467
252,585,837
145,504,649
907,389,1296
562,1103,1665
348,472,820
353,473,826
1014,1069,2083
825,842,1667
732,576,1308
133,628,761
189,738,927
193,825,1018
726,1103,1829
143,476,619
103,491,594
973,974,1947
273,437,710
70,1087,1157
149,854,1003
326,525,851
128,944,1072
388,894,1282
159,555,714
672,235,907
196,1135,1331
457,670,1127
263,1122,1385
273,998,1271
1411,719,2130
760,794,1554
279,1448,1727
528,1102,1630
870,941,1811
907,868,1775
650,529,1179
342,648,990
90,237,327
804,1051,1855
624,1358,1982
89,708,797
626,901,1527
779,787,1566
944,662,1606
89,865,954
376,1116,1492
578,1118,1696
605,1121,1726
697,1492,2189
716,661,1377
751,919,1670
296,819,1115
39,715,754
139,892,1031
533,649,1182
654,615,1269
83,817,900
625,511,1136
654,623,1277
126,834,960
632,502,1134
150,836,986
701,513,1214
748,287,1035
782,390,1172
816,243,1059
426,410,836
721,223,944
370,394,764
1258,1161,2419
448,1836,2284
301,369,670
598,628,1226
656,1222,1878
498,769,1267
700,2272,2972
547,2077,2624
535,790,1325
248,286,534
603,1040,1643
317,1577,1894
288,483,771
413,2071,2484
656,2020,2676
379,2298,2677
665,1508,2173
337,743,1080
469,1054,1523
324,541,865
1309,1528,2837
500,1335,1835
1021,2083,3104
844,1739,2583
533,1579,2112
355,2315,2670
512,519,1031
509,1177,1686
739,378,1117
733,1613,2346
183,789,972
892,809,1701
87,624,711
1839,818,2657
1044,1888,2932
1806,884,2690
1411,701,2112
1967,987,2954
1054,1703,2757
379,742,1121
1052,983,2035
475,726,1201
101,655,756
751,1582,2333
587,793,1380
1963,707,2670
224,725,949
1810,1231,3041
2024,955,2979
728,591,1319
2187,568,2755
738,670,1408
1051,675,1726
1237,1097,2334
37,638,675
1584,572,2156
366,451,817
58,676,734
1627,1149,2776
1425,794,2219
608,390,998
105,706,811
160,542,702
1940,795,2735
1376,1142,2518
215,447,662
22,251,273
198,493,691
1394,1162,2556
717,366,1083
457,525,982
341,679,1020
467,821,1288
1666,1045,2711
1617,1289,2906
298,569,867
72,651,723
339,838,1177
43,308,351
937,360,1297
742,529,1271
409,950,1359
492,944,1436
126,1066,1192
561,878,1439
327,1023,1350
129,758,887
553,1127,1680
66,345,411
60,514,574
45,617,662
731,793,1524
86,621,707
23,807,830
773,852,1625
105,842,947
120,634,754
32,1004,1036
780,907,1687
726,616,1342
327,884,1211
430,1336,1766
170,676,846
32,1128,1160
271,948,1219
825,1253,2078
348,509,857
328,693,1021
434,782,1216
329,608,937
1064,684,1748
573,611,1184
386,909,1295
484,955,1439
124,1263,1387
268,433,701
571,762,1333
161,987,1148
435,778,1213
497,465,962
339,1080,1419
769,448,1217
327,695,1022
675,355,1030
908,568,1476
454,649,1103
654,836,1490
696,714,1410
20,921,941
644,786,1430
657,820,1477
307,588,895
342,828,1170
221,1090,1311
1022,766,1788
615,581,1196
685,643,1328
416,833,1249
604,358,962
368,906,1274
638,1193,1831
376,853,1229
1068,786,1854
473,524,997
540,999,1539
931,498,1429
652,628,1280
681,789,1470
581,1015,1596
211,899,1110
1029,446,1475
417,589,1006
522,758,1280
530,997,1527
208,777,985
718,636,1354
664,756,1420
469,822,1291
354,855,1209
194,1519,1713
495,641,1136
670,701,1371
562,1072,1634
711,790,1501
799,437,1236
388,1035,1423
268,782,1050
312,2231,2543
319,1043,1362
893,647,1540
931,479,1410
555,827,1382
925,431,1356
1182,915,2097
726,837,1563
657,593,1250
409,1024,1433
938,622,1560
947,420,1367
692,646,1338
728,746,1474
1016,858,1874
1111,618,1729
805,820,1625
574,782,1356
877,885,1762
982,532,1514
388,515,903
866,703,1569
503,914,1417
51,641,692
577,1001,1578
1163,803,1966
782,724,1506
719,1307,2026
934,904,1838
634,2165,2799
767,1405,2172
731,345,1076
245,745,990
370,630,1000
804,774,1578
512,436,948
680,507,1187
726,993,1719
668,568,1236
239,814,1053
687,1087,1774
130,890,1020
431,749,1180
254,886,1140
766,452,1218
995,652,1647
351,1058,1409
492,916,1408
425,663,1088
137,821,958
592,869,1461
363,583,946
336,967,1303
679,934,1613
522,608,1130
742,1001,1743
509,861,1370
706,807,1513
556,633,1189
841,995,1836
1236,1974,3210
314,851,1165
620,630,1250
733,486,1219
792,668,1460
101,715,816
711,669,1380
977,520,1497
983,854,1837
2063,1820,3883
443,685,1128
473,801,1274
701,905,1606
831,571,1402
333,828,1161
552,672,1224
760,619,1379
695,548,1243
848,513,1361
443,711,1154
764,735,1499
853,643,1496
652,481,1133
782,657,1439
401,1006,1407
386,809,1195
1928,1712,3640
504,769,1273
436,834,1270
471,494,965
603,730,1333
610,708,1318
693,638,1331
569,830,1399
402,995,1397
421,700,1121
1819,1451,3270
902,623,1525
547,910,1457
1550,922,2472
354,906,1260
650,892,1542
329,841,1170
436,808,1244
525,640,1165
44,651,695
467,948,1415
480,787,1267
232,621,853
250,614,864
627,620,1247
711,778,1489
468,454,922
611,715,1326
610,995,1605
542,891,1433
664,346,1010
773,746,1519
429,1079,1508
550,400,950
628,802,1430
924,938,1862
678,582,1260
260,885,1145
539,875,1414
745,895,1640
335,404,739
1607,837,2444
610,1203,1813
597,571,1168
502,774,1276
779,988,1767
863,433,1296
376,917,1293
448,775,1223
587,890,1477
369,504,873
1218,1052,2270
348,1113,1461
412,571,983
647,1064,1711
654,765,1419
275,675,950
611,1097,1708
563,1156,1719
308,673,981
649,1133,1782
655,662,1317
394,1388,1782
935,513,1448
847,692,1539
625,455,1080
694,659,1353
887,348,1235
378,894,1272
177,786,963
731,895,1626
757,1315,2072
776,804,1580
424,936,1360
717,868,1585
956,344,1300
788,899,1687
340,556,896
230,900,1130
1060,562,1622
630,1106,1736
407,890,1297
931,1050,1981
377,867,1244
436,490,926
328,493,821
826,1074,1900
518,904,1422
658,793,1451
714,833,1547
659,860,1519
979,765,1744
491,470,961
545,1142,1687
268,661,929
294,898,1192
651,836,1487
445,1099,1544
154,742,896
551,571,1122
736,379,1115
722,1037,1759
472,1125,1597
195,547,742
955,1045,2000
461,852,1313
429,1176,1605
280,1047,1327
1306,1352,2658
565,792,1357
499,1116,1615
768,443,1211
800,1136,1936
228,553,781
338,675,1013
576,937,1513
551,906,1457
723,793,1516
1066,1284,2350
593,715,1308
634,1017,1651
562,819,1381
775,979,1754
275,550,825
528,773,1301
1010,695,1705
793,946,1739
718,786,1504
524,1276,1800
370,788,1158
1057,759,1816
761,768,1529
474,835,1309
823,733,1556
285,1082,1367
174,861,1035
697,782,1479
885,805,1690
1127,1023,2150
485,1321,1806
1011,1088,2099
865,1257,2122
1191,1028,2219
603,1107,1710
813,1292,2105
544,748,1292
579,722,1301
328,827,1155
541,1336,1877
1006,1223,2229
658,1108,1766
1087,921,2008
659,688,1347
355,1109,1464
915,489,1404
252,578,830
545,1534,2079
625,1117,1742
509,672,1181
289,749,1038
451,1076,1527
505,1317,1822
555,619,1174
915,688,1603
657,1331,1988
726,1158,1884
761,1583,2344
635,671,1306
749,590,1339
496,609,1105
1055,786,1841
769,1027,1796
565,357,922
1214,647,1861
831,1526,2357
750,1222,1972
405,1570,1975
678,762,1440
852,1384,2236
413,873,1286
1090,1114,2204
1041,672,1713
1231,927,2158
1169,587,1756
531,526,1057
746,754,1500
829,754,1583
698,956,1654
759,763,1522
69,474,543
78,674,752
1194,605,1799
1120,925,2045
130,797,927
771,953,1724
1130,714,1844
509,1013,1522
46,921,967
270,844,1114
244,723,967
602,425,1027
881,1178,2059
165,809,974
501,645,1146
208,551,759
1154,960,2114
404,775,1179
602,602,1204
390,754,1144
1360,489,1849
127,760,887
482,426,908
596,795,1391
821,842,1663
242,558,800
411,463,874
408,318,726
828,610,1438
409,768,1177
1272,872,2144
170,1241,1411
804,787,1591
684,1051,1735
211,559,770
648,762,1410
460,560,1020
468,315,783
967,846,1813
582,572,1154
694,605,1299
326,1321,1647
578,713,1291
786,654,1440
437,611,1048
366,740,1106
627,853,1480
562,1011,1573
292,1013,1305
685,1242,1927
378,510,888
574,649,1223
131,726,857
172,568,740
481,509,990
617,549,1166
200,614,814
695,395,1090
824,731,1555
914,774,1688
614,1376,1990
672,447,1119
850,820,1670
1130,767,1897
306,898,1204
385,795,1180
355,1285,1640
806,562,1368
285,762,1047
368,698,1066
807,1557,2364
309,615,924
930,774,1704
241,406,647
356,1003,1359
158,757,915
338,804,1142
505,512,1017
356,653,1009
304,862,1166
346,673,1019
640,479,1119
106,626,732
363,433,796
330,949,1279
164,660,824
84,1019,1103
553,325,878
485,352,837
618,606,1224
536,682,1218
328,510,838
642,1582,2224
684,773,1457
537,1535,2072
213,1264,1477
1269,1307,2576
587,351,938
870,826,1696
624,830,1454
395,706,1101
666,654,1320
922,1910,2832
557,1165,1722
1273,987,2260
400,737,1137
927,1514,2441
183,557,740
522,894,1416
919,984,1903
1435,975,2410
226,730,956
1358,1154,2512
1294,461,1755
274,734,1008
702,739,1441
136,883,1019
1191,776,1967
676,1040,1716
426,708,1134
693,1608,2301
1835,533,2368
694,491,1185
915,476,1391
1602,529,2131
867,460,1327
718,604,1322
438,1813,2251
505,1472,1977
1137,539,1676
586,599,1185
622,2136,2758
915,1073,1988
1274,605,1879
920,452,1372
710,484,1194
967,910,1877
574,289,863
1283,192,1475
485,463,948
325,427,752
757,1894,2651
1174,805,1979
502,608,1110
491,478,969
969,1091,2060
582,1681,2263
214,470,684
791,666,1457
699,780,1479
483,792,1275
661,1405,2066
293,490,783
1390,672,2062
1726,859,2585
269,1794,2063
244,565,809
2031,758,2789
588,832,1420
363,1819,2182
285,772,1057
327,631,958
902,673,1575
48,1068,1116
368,603,971
230,558,788
960,802,1762
1754,737,2491
157,1040,1197
1587,606,2193
331,532,863
484,887,1371
540,2129,2669
728,678,1406
496,841,1337
394,598,992
264,1036,1300
566,699,1265
1580,619,2199
721,659,1380
618,590,1208
681,2065,2746
806,1022,1828
610,304,914
1821,465,2286
928,417,1345
629,376,1005
600,824,1424
268,756,1024
677,736,1413
1211,1410,2621
305,428,733
291,482,773
745,406,1151
499,1270,1769
438,980,1418
551,576,1127
78,388,466
775,1208,1983
433,1424,1857
706,938,1644
876,804,1680
740,439,1179
820,1018,1838
518,976,1494
33,573,606
773,496,1269
46,391,437
372,1157,1529
834,919,1753
710,842,1552
116,514,630
892,1073,1965
2080,967,3047
697,454,1151
97,820,917
1900,1203,3103
55,822,877
799,796,1595
369,1121,1490
569,305,874
1228,521,1749
77,885,962
953,776,1729
1406,1069,2475
562,663,1225
153,633,786
565,1294,1859
30,595,625
750,452,1202
47,1037,1084
923,1083,2006
204,826,1030
338,881,1219
394,401,795
154,1014,1168
156,961,1117
621,283,904
506,329,835
1173,757,1930
443,742,1185
379,355,734
781,524,1305
262,1069,1331
779,564,1343
363,840,1203
832,597,1429
662,587,1249
226,814,1040
295,365,660
219,818,1037
644,552,1196
307,1086,1393
310,423,733
220,824,1044
893,732,1625
796,694,1490
460,1059,1519
937,491,1428
412,1031,1443
614,845,1459
594,757,1351
702,832,1534
435,534,969
747,670,1417
389,738,1127
312,1188,1500
747,764,1511
501,688,1189
577,611,1188
556,528,1084
572,791,1363
728,430,1158
37,435,472
657,997,1654
905,581,1486
71,1659,1730
222,614,836
492,342,834
975,742,1717
736,548,1284
346,433,779
89,807,896
1013,932,1945
543,731,1274
548,429,977
280,865,1145
311,2091,2402
558,515,1073
956,683,1639
350,2248,2598
395,744,1139
378,693,1071
505,553,1058
533,1966,2499
597,614,1211
332,870,1202
326,723,1049
688,1999,2687
1118,872,1990
1451,1202,2653
656,711,1367
241,631,872
331,874,1205
359,833,1192
474,788,1262
572,685,1257
364,837,1201
643,1737,2380
722,915,1637
1909,681,2590
437,981,1418
1842,660,2502
550,940,1490
2179,627,2806
312,841,1153
1863,459,2322
803,553,1356
626,625,1251
1060,634,1694
261,765,1026
494,705,1199
423,653,1076
474,585,1059
624,816,1440
630,547,1177
1560,461,2021
626,414,1040
430,660,1090
592,688,1280
408,561,969
528,1291,1819
853,594,1447
298,1014,1312
553,360,913
672,503,1175
512,908,1420
789,494,1283
765,549,1314
793,1249,2042
838,1092,1930
527,479,1006
371,1009,1380
490,296,786
649,566,1215
509,453,962
439,1582,2021
598,1507,2105
456,1342,1798
513,845,1358
674,1239,1913
574,1496,2070
1388,644,2032
429,1326,1755
552,823,1375
383,1228,1611
583,1581,2164
1261,451,1712
1131,1207,2338
528,1211,1739
994,989,1983
477,1431,1908
1020,1058,2078
505,1002,1507
1075,558,1633
944,1016,1960
469,1255,1724
1326,816,2142
181,1170,1351
262,1199,1461
417,490,907
543,1526,2069
388,792,1180
583,1052,1635
413,1643,2056
1411,384,1795
402,1463,1865
371,1415,1786
214,1574,1788
446,931,1377
635,1190,1825
984,838,1822
1204,581,1785
990,357,1347
669,519,1188
968,495,1463
1304,661,1965
707,714,1421
558,496,1054
1486,517,2003
686,1101,1787
132,502,634
292,1559,1851
374,555,929
1180,788,1968
1063,575,1638
122,508,630
604,749,1353
1135,1376,2511
211,481,692
545,1294,1839
323,1875,2198
632,744,1376
628,590,1218
608,1279,1887
935,769,1704
69,922,991
103,921,1024
1307,1133,2440
386,466,852
928,506,1434
326,360,686
453,595,1048
814,864,1678
49,1004,1053
22,888,910
1187,846,2033
399,605,1004
993,760,1753
390,603,993
474,584,1058
832,911,1743
432,698,1130
554,492,1046
1274,580,1854
1297,1368,2665
256,690,946
297,659,956
332,650,982
797,363,1160
549,1849,2398
235,610,845
358,742,1100
399,459,858
870,496,1366
587,643,1230
686,449,1135
692,724,1416
871,502,1373
1092,1065,2157
480,443,923
730,497,1227
824,739,1563
818,1062,1880
710,545,1255
448,585,1033
847,690,1537
321,738,1059
527,456,983
694,413,1107
826,769,1595
232,1002,1234
946,540,1486
571,486,1057
168,719,887
726,362,1088
324,817,1141
540,580,1120
153,490,643
648,902,1550
212,467,679
596,559,1155
446,911,1357
296,437,733
664,858,1522
250,419,669
294,2160,2454
170,512,682
1342,586,1928
145,402,547
133,699,832
698,736,1434
335,470,805
643,901,1544
281,570,851
659,2134,2793
462,406,868
883,1034,1917
282,692,974
152,797,949
295,687,982
364,439,803
170,937,1107
426,1870,2296
374,503,877
650,420,1070
501,822,1323
980,842,1822
470,591,1061
464,509,973
729,601,1330
1664,844,2508
431,657,1088
300,790,1090
126,631,757
1853,148,2001
348,578,926
434,1064,1498
582,692,1274
679,712,1391
758,489,1247
207,637,844
222,1084,1306
272,543,815
77,249,326
340,776,1116
1887,1010,2897
377,731,1108
130,512,642
784,379,1163
1739,904,2643
566,945,1511
644,780,1424
920,932,1852
536,976,1512
582,559,1141
77,859,936
229,1224,1453
289,417,706
442,424,866
879,513,1392
399,1012,1411
477,1023,1500
729,1135,1864
306,484,790
165,910,1075
249,1299,1548
366,868,1234
317,681,998
555,557,1112
480,752,1232
313,944,1257
1137,953,2090
346,936,1282
980,793,1773
705,794,1499
402,1391,1793
599,731,1330
442,775,1217
280,777,1057
895,1213,2108
450,993,1443
373,985,1358
518,1028,1546
463,976,1439
651,970,1621
908,1102,2010
678,773,1451
213,1014,1227
993,946,1939
604,689,1293
463,1017,1480
909,700,1609
920,909,1829
911,963,1874
700,635,1335
760,568,1328
480,1070,1550
378,845,1223
830,836,1666
590,673,1263
883,1183,2066
1095,702,1797
852,917,1769
493,913,1406
560,867,1427
738,368,1106
612,1102,1714
621,831,1452
854,763,1617
910,563,1473
844,1069,1913
686,1038,1724
1341,972,2313
276,652,928
962,963,1925
383,507,890
849,754,1603
746,836,1582
451,589,1040
188,728,916
643,1134,1777
892,627,1519
850,935,1785
593,382,975
686,1142,1828
356,709,1065
689,883,1572
864,839,1703
119,663,782
838,1096,1934
983,834,1817
604,667,1271
345,645,990
656,835,1491
689,769,1458
343,839,1182
793,702,1495
495,921,1416
644,1165,1809
704,542,1246
578,761,1339
823,1129,1952
505,565,1070
949,602,1551
415,896,1311
625,575,1200
681,908,1589
732,947,1679
606,634,1240
540,845,1385
645,730,1375
537,600,1137
828,894,1722
536,882,1418
590,817,1407
809,509,1318
515,1195,1710
550,486,1036
39,731,770
123,556,679
853,900,1753
328,506,834
955,665,1620
303,787,1090
337,782,1119
874,446,1320
695,1424,2119
654,260,914
156,936,1092
353,978,1331
198,621,819
531,717,1248
694,760,1454
520,799,1319
799,393,1192
910,1079,1989
724,1044,1768
26,352,378
408,746,1154
922,454,1376
491,836,1327
642,778,1420
143,612,755
707,866,1573
95,540,635
1141,939,2080
308,476,784
49,511,560
394,1225,1619
156,696,852
1281,521,1802
99,723,822
568,936,1504
725,695,1420
102,562,664
435,1441,1876
593,794,1387
56,875,931
225,708,933
490,1013,1503
228,671,899
316,836,1152
254,869,1123
353,739,1092
575,1511,2086
845,1015,1860
459,683,1142
420,633,1053
177,537,714
482,572,1054
491,808,1299
231,1009,1240
584,586,1170
699,1446,2145
668,846,1514
596,810,1406
624,554,1178
520,575,1095
595,611,1206
466,1044,1510
552,947,1499
44,823,867
641,1083,1724
690,664,1354
776,680,1456
675,672,1347
287,704,991
261,727,988
539,1194,1733
705,852,1557
97,910,1007
1175,654,1829
485,610,1095
781,955,1736
466,662,1128
1266,739,2005
970,917,1887
472,737,1209
157,657,814
875,560,1435
603,618,1221
743,563,1306
670,728,1398
890,629,1519
410,836,1246
626,1595,2221
971,596,1567
309,528,837
497,475,972
100,834,934
434,589,1023
165,707,872
871,795,1666
281,706,987
729,824,1553
717,407,1124
316,1083,1399
426,1048,1474
240,887,1127
376,1572,1948
630,294,924
486,965,1451
565,630,1195
415,1047,1462
518,999,1517
852,1490,2342
630,1557,2187
762,867,1629
667,767,1434
240,800,1040
410,763,1173
773,520,1293
481,736,1217
785,501,1286
885,431,1316
572,302,874
804,1409,2213
96,672,768
430,714,1144
615,303,918
437,483,920
762,763,1525
768,2418,3186
472,419,891
537,1516,2053
710,1410,2120
606,1133,1739
519,359,878
341,1128,1469
540,454,994
846,773,1619
112,359,471
387,1516,1903
184,1567,1751
1337,862,2199
569,1304,1873
811,1615,2426
463,1350,1813
293,1652,1945
571,825,1396
622,1436,2058
1525,1373,2898
631,575,1206
1135,882,2017
59,1436,1495
1357,729,2086
46,1484,1530
772,1256,2028
849,807,1656
170,382,552
1177,627,1804
415,676,1091
234,781,1015
273,1326,1599
1387,291,1678
460,837,1297
121,707,828
1192,713,1905
1239,518,1757
191,673,864
1363,506,1869
631,608,1239
1002,1703,2705
673,793,1466
391,539,930
938,675,1613
287,1035,1322
1346,618,1964
675,299,974
1258,525,1783
807,921,1728
184,696,880
281,250,531
121,1061,1182
629,489,1118
1255,443,1698
540,857,1397
20,818,838
1391,781,2172
352,1063,1415
1313,539,1852
520,403,923
1587,1610,3197
222,571,793
550,276,826
83,1007,1090
30,434,464
547,1017,1564
132,889,1021
143,1231,1374
680,847,1527
840,1693,2533
517,480,997
642,1293,1935
227,727,954
63,667,730
116,1111,1227
169,914,1083
70,419,489
548,1325,1873
427,961,1388
76,591,667
403,961,1364
241,1104,1345
282,804,1086
1279,1473,2752
800,537,1337
58,782,840
501,1113,1614
427,672,1099
784,666,1450
575,1019,1594
490,1069,1559
430,667,1097
1536,1346,2882
69,708,777
83,935,1018
470,1300,1770
331,814,1145
961,710,1671
1067,686,1753
309,974,1283
750,648,1398
971,919,1890
319,885,1204
277,922,1199
1134,765,1899
672,1025,1697
274,942,1216
691,809,1500
864,1786,2650
628,869,1497
592,717,1309
1187,1085,2272
875,1009,1884
558,1212,1770
720,872,1592
1114,1061,2175
889,1107,1996
246,2280,2526
894,1089,1983
622,968,1590
854,1155,2009
1062,1042,2104
612,1428,2040
906,738,1644
795,1019,1814
645,1021,1666
697,1046,1743
724,1292,2016
833,901,1734
835,946,1781
640,2099,2739
109,1032,1141
133,770,903
954,1061,2015
733,1116,1849
1031,839,1870
726,626,1352
508,643,1151
425,717,1142
1312,1343,2655
622,612,1234
600,773,1373
245,868,1113
187,885,1072
723,1101,1824
490,890,1380
508,942,1450
1345,711,2056
745,721,1466
648,2236,2884
734,650,1384
684,893,1577
1847,995,2842
387,410,797
930,563,1493
1902,1196,3098
1032,788,1820
796,502,1298
396,764,1160
708,979,1687
930,719,1649
621,612,1233
554,2435,2989
1096,717,1813
888,1925,2813
1019,925,1944
286,779,1065
543,922,1465
408,1108,1516
350,973,1323
549,950,1499
952,2250,3202
257,1888,2145
490,817,1307
806,788,1594
184,543,727
988,529,1517
501,955,1456
439,664,1103
526,739,1265
51,2403,2454
1436,906,2342
842,616,1458
674,541,1215
1575,1073,2648
553,980,1533
861,523,1384
551,718,1269
453,684,1137
922,1693,2615
338,753,1091
633,1871,2504
25,347,372
1399,666,2065
747,827,1574
265,1170,1435
794,771,1565
739,747,1486
234,909,1143
752,1536,2288
756,988,1744
558,1807,2365
555,859,1414
26,558,584
507,2169,2676
536,1180,1716
864,520,1384
1320,897,2217
232,1770,2002
446,1279,1725
375,687,1062
1801,919,2720
1415,936,2351
719,562,1281
2058,1755,3813
1554,813,2367
778,781,1559
734,558,1292
2266,1601,3867
1640,672,2312
109,941,1050
642,1324,1966
298,894,1192
175,1364,1539
513,1805,2318
451,778,1229
1637,644,2281
665,354,1019
770,1371,2141
736,338,1074
83,567,650
571,1071,1642
495,1662,2157
519,1110,1629
583,1839,2422
529,1681,2210
1924,850,2774
1352,306,1658
975,1456,2431
996,1577,2573
149,571,720
473,1060,1533
572,2037,2609
853,964,1817
1099,1361,2460
683,1057,1740
531,586,1117
1342,685,2027
890,640,1530
616,1502,2118
302,643,945
1109,820,1929
653,1567,2220
666,964,1630
1696,965,2661
683,1293,1976
1411,974,2385
478,1234,1712
1688,759,2447
234,617,851
45,824,869
1208,605,1813
1018,1289,2307
744,705,1449
444,585,1029
925,959,1884
709,457,1166
1281,565,1846
1581,732,2313
1859,562,2421
778,773,1551
1436,842,2278
126,991,1117
436,666,1102
663,431,1094
253,1112,1365
573,765,1338
644,561,1205
1491,795,2286
1397,623,2020
1375,774,2149
288,734,1022
902,706,1608
972,561,1533
1157,820,1977
877,1082,1959
509,1090,1599
690,784,1474
848,415,1263
798,1066,1864
602,806,1408
556,713,1269
674,665,1339
747,630,1377
808,753,1561
606,677,1283
574,846,1420
526,689,1215
546,960,1506
1206,928,2134
443,1099,1542
593,554,1147
505,807,1312
695,649,1344
943,681,1624
653,808,1461
231,639,870
717,766,1483
707,1168,1875
658,1126,1784
261,664,925
987,883,1870
101,748,849
432,546,978
576,862,1438
517,562,1079
429,703,1132
345,741,1086
527,640,1167
131,1024,1155
440,631,1071
978,870,1848
240,331,571
714,442,1156
145,1210,1355
680,446,1126
569,621,1190
370,957,1327
274,416,690
234,578,812
731,534,1265
362,373,735
417,1313,1730
433,933,1366
504,453,957
664,667,1331
319,489,808
311,373,684
257,1183,1440
432,545,977
361,939,1300
842,702,1544
244,545,789
445,1778,2223
330,762,1092
341,661,1002
276,467,743
1034,563,1597
607,409,1016
411,387,798
276,455,731
574,673,1247
218,321,539
544,617,1161
211,767,978
554,444,998
798,583,1381
683,468,1151
866,1540,2406
508,638,1146
797,784,1581
435,1298,1733
204,840,1044
342,833,1175
260,323,583
728,1442,2170
603,601,1204
137,666,803
281,513,794
518,909,1427
659,463,1122
426,912,1338
349,469,818
236,1487,1723
724,552,1276
1561,749,2310
421,488,909
238,999,1237
333,569,902
627,3032,3659
51,894,945
864,2612,3476
470,781,1251
576,910,1486
429,2596,3025
600,922,1522
31,1187,1218
1226,1240,2466
344,923,1267
625,919,1544
480,1046,1526
90,880,970
200,990,1190
772,935,1707
626,2455,3081
793,1617,2410
75,1595,1670
1249,1051,2300
417,815,1232
357,859,1216
296,1052,1348
315,990,1305
397,1077,1474
305,687,992
2245,523,2768
1072,1640,2712
443,1390,1833
941,567,1508
628,403,1031
2276,614,2890
1346,1287,2633
803,659,1462
1044,944,1988
735,403,1138
2367,491,2858
1295,739,2034
893,294,1187
699,673,1372
470,1022,1492
693,417,1110
510,167,677
440,729,1169
1183,514,1697
227,1132,1359
356,366,722
1405,431,1836
518,845,1363
427,1055,1482
459,924,1383
55,172,227
759,741,1500
587,1153,1740
677,1373,2050
779,271,1050
911,683,1594
465,829,1294
902,899,1801
1008,435,1443
194,357,551
806,522,1328
732,917,1649
573,1291,1864
203,423,626
1182,521,1703
1063,620,1683
663,585,1248
257,564,821
216,515,731
243,522,765
560,1181,1741
153,565,718
229,468,697
237,666,903
617,962,1579
697,841,1538
790,1267,2057
257,657,914
499,433,932
990,449,1439
397,704,1101
357,599,956
246,745,991
454,515,969
589,612,1201
1284,785,2069
168,698,866
39,1050,1089
347,389,736
705,432,1137
950,1208,2158
397,606,1003
346,1065,1411
680,513,1193
397,646,1043
785,670,1455
372,624,996
371,715,1086
804,2056,2860
909,610,1519
528,600,1128
416,762,1178
231,508,739
1208,683,1891
52,692,744
573,750,1323
949,1953,2902
936,353,1289
282,882,1164
465,502,967
396,524,920
1003,1556,2559
298,498,796
496,724,1220
466,486,952
247,577,824
804,1061,1865
385,497,882
158,668,826
125,711,836
485,305,790
580,302,882
209,1252,1461
1493,603,2096
575,1143,1718
454,1343,1797
166,709,875
283,639,922
609,1294,1903
515,504,1019
134,387,521
627,316,943
1047,305,1352
137,1647,1784
537,1099,1636
254,592,846
403,681,1084
476,935,1411
1075,658,1733
419,939,1358
119,615,734
502,233,735
162,1075,1237
295,1555,1850
437,714,1151
95,396,491
1619,726,2345
808,633,1441
1031,538,1569
122,403,525
121,780,901
338,655,993
280,1144,1424
1100,629,1729
266,822,1088
312,728,1040
1128,1021,2149
555,648,1203
389,1663,2052
290,1048,1338
334,1169,1503
469,493,962
1240,782,2022
187,660,847
176,403,579
303,904,1207
242,924,1166
738,639,1377
455,1032,1487
120,1228,1348
638,366,1004
1234,754,1988
407,649,1056
225,569,794
515,1000,1515
965,642,1607
451,710,1161
623,590,1213
398,996,1394
529,418,947
1451,707,2158
770,914,1684
326,1264,1590
274,762,1036
373,1019,1392
640,610,1250
872,569,1441
459,659,1118
663,797,1460
113,593,706
943,1026,1969
603,1379,1982
410,820,1230
396,1150,1546
665,628,1293
912,682,1594
574,867,1441
525,1228,1753
440,635,1075
345,773,1118
1120,1048,2168
254,789,1043
234,475,709
566,1269,1835
920,603,1523
156,716,872
200,880,1080
995,532,1527
497,788,1285
844,552,1396
361,942,1303
452,729,1181
282,459,741
538,1302,1840
1046,958,2004
340,934,1274
744,630,1374
314,1234,1548
789,844,1633
744,629,1373
935,620,1555
664,755,1419
719,953,1672
559,774,1333
540,752,1292
337,947,1284
489,568,1057
461,1061,1522
498,505,1003
590,615,1205
498,545,1043
867,870,1737
199,915,1114
1247,807,2054
563,659,1222
671,609,1280
938,1078,2016
940,515,1455
178,811,989
810,619,1429
446,606,1052
377,1111,1488
733,858,1591
549,821,1370
420,1030,1450
739,1156,1895
781,970,1751
992,722,1714
884,976,1860
458,920,1378
594,1094,1688
915,1078,1993
354,830,1184
1127,589,1716
657,780,1437
253,1075,1328
517,611,1128
1040,424,1464
994,908,1902
562,1473,2035
632,1203,1835
775,389,1164
449,837,1286
689,849,1538
516,1025,1541
382,359,741
771,670,1441
460,831,1291
888,1168,2056
483,1808,2291
625,1054,1679
391,1356,1747
1163,577,1740
1157,467,1624
449,1103,1552
231,282,513
851,492,1343
896,928,1824
1025,793,1818
1000,1216,2216
612,976,1588
783,1268,2051
869,968,1837
1384,946,2330
1107,593,1700
948,929,1877
631,672,1303
735,934,1669
925,763,1688
483,908,1391
728,759,1487
1041,762,1803
1594,629,2223
531,609,1140
275,492,767
958,1239,2197
375,679,1054
902,651,1553
968,647,1615
812,532,1344
707,1260,1967
711,938,1649
1037,635,1672
717,769,1486
168,838,1006
1235,995,2230
906,653,1559
500,788,1288
825,553,1378
728,560,1288
772,915,1687
256,1221,1477
610,758,1368
406,935,1341
377,801,1178
1040,1068,2108
331,692,1023
608,1346,1954
347,787,1134
569,1193,1762
582,785,1367
496,1581,2077
575,1207,1782
599,787,1386
1177,1105,2282
98,1198,1296
444,865,1309
841,999,1840
477,1083,1560
248,625,873
532,1012,1544
367,1165,1532
371,516,887
247,795,1042
511,1225,1736
1055,1081,2136
808,857,1665
832,805,1637
583,497,1080
1165,1104,2269
1078,771,1849
888,1040,1928
188,898,1086
1130,606,1736
1126,692,1818
940,1127,2067
794,747,1541
828,598,1426
861,551,1412
663,816,1479
644,600,1244
395,682,1077
497,828,1325
1370,571,1941
530,1509,2039
617,857,1474
784,695,1479
816,675,1491
761,616,1377
968,449,1417
395,847,1242
853,806,1659
665,550,1215
40,1602,1642
460,499,959
704,651,1355
990,395,1385
656,533,1189
456,591,1047
756,555,1311
1003,623,1626
563,652,1215
302,1545,1847
672,958,1630
374,851,1225
605,654,1259
388,1154,1542
353,762,1115
212,2687,2899
600,610,1210
724,628,1352
357,702,1059
1292,909,2201
446,967,1413
355,1050,1405
1433,916,2349
595,995,1590
360,1145,1505
230,2993,3223
311,1231,1542
1421,765,2186
525,2774,3299
373,896,1269
325,702,1027
437,2389,2826
577,1082,1659
173,932,1105
657,429,1086
2593,264,2857
548,870,1418
201,937,1138
660,431,1091
564,1284,1848
620,1139,1759
2613,266,2879
526,1106,1632
506,336,842
804,394,1198
491,1322,1813
574,1028,1602
363,1489,1852
536,1187,1723
771,885,1656
576,854,1430
344,316,660
741,1133,1874
897,619,1516
831,385,1216
2328,352,2680
116,375,491
1126,1016,2142
702,754,1456
1057,1091,2148
656,1039,1695
854,660,1514
1106,455,1561
740,355,1095
90,495,585
709,542,1251
1109,616,1725
593,1900,2493
1234,560,1794
800,879,1679
707,555,1262
525,364,889
121,745,866
583,366,949
638,1374,2012
89,380,469
515,512,1027
112,428,540
861,1260,2121
907,581,1488
645,1263,1908
903,622,1525
1721,424,2145
104,487,591
181,360,541
888,526,1414
573,679,1252
802,1475,2277
20,403,423
203,448,651
1321,323,1644
277,348,625
628,385,1013
774,569,1343
208,551,759
1366,986,2352
105,501,606
1058,324,1382
306,350,656
280,529,809
1237,1032,2269
613,294,907
110,713,823
338,411,749
236,514,750
673,517,1190
822,356,1178
227,986,1213
1360,285,1645
723,412,1135
44,368,412
1149,853,2002
72,540,612
779,389,1168
127,366,493
25,321,346
111,829,940
903,629,1532
97,376,473
263,1079,1342
39,349,388
283,730,1013
70,492,562
85,914,999
100,311,411
704,786,1490
816,696,1512
153,410,563
49,593,642
90,840,930
174,765,939
197,598,795
135,309,444
302,624,926
377,249,626
140,1101,1241
69,911,980
456,564,1020
64,365,429
638,1304,1942
383,531,914
136,639,775
748,856,1604
109,1202,1311
903,717,1620
297,792,1089
69,392,461
25,1204,1229
586,454,1040
128,1351,1479
376,671,1047
579,833,1412
583,440,1023
281,472,753
401,732,1133
599,699,1298
281,498,779
237,656,893
349,1046,1395
488,762,1250
671,790,1461
113,487,600
423,1205,1628
267,567,834
942,292,1234
1254,400,1654
530,487,1017
289,823,1112
966,746,1712
864,420,1284
221,780,1001
333,445,778
1016,745,1761
957,345,1302
660,696,1356
526,663,1189
383,878,1261
454,1186,1640
190,1078,1268
319,925,1244
403,652,1055
167,797,964
203,368,571
22,515,537
630,809,1439
642,526,1168
125,1476,1601
556,765,1321
401,873,1274
462,822,1284
284,1503,1787
256,480,736
67,1049,1116
690,717,1407
1047,760,1807
391,466,857
601,932,1533
710,773,1483
1405,454,1859
412,603,1015
454,721,1175
839,678,1517
1402,314,1716
368,970,1338
274,598,872
657,554,1211
140,1192,1332
793,706,1499
393,465,858
402,1121,1523
460,1177,1637
628,276,904
459,801,1260
252,826,1078
946,608,1554
568,806,1374
379,600,979
326,1111,1437
746,698,1444
344,441,785
648,803,1451
302,744,1046
631,707,1338
931,628,1559
288,542,830
484,1055,1539
458,797,1255
502,782,1284
341,415,756
840,737,1577
435,661,1096
545,874,1419
50,613,663
1075,443,1518
1033,708,1741
327,698,1025
703,609,1312
543,727,1270
470,778,1248
708,674,1382
145,589,734
586,604,1190
619,927,1546
913,666,1579
476,745,1221
431,612,1043
827,1417,2244
915,766,1681
687,709,1396
278,631,909
627,663,1290
705,722,1427
362,906,1268
283,818,1101
68,607,675
362,907,1269
457,828,1285
576,590,1166
521,586,1107
378,846,1224
702,864,1566
451,1288,1739
542,621,1163
244,630,874
598,725,1323
364,615,979
267,710,977
250,735,985
521,962,1483
199,890,1089
830,1299,2129
311,837,1148
530,563,1093
658,530,1188
795,789,1584
775,551,1326
409,776,1185
347,928,1275
499,594,1093
1398,721,2119
507,7271,7778
545,763,1308
596,668,1264
654,667,1321
1150,942,2092
644,7300,7944
545,959,1504
1097,672,1769
261,388,649
334,904,1238
421,785,1206
596,705,1301
474,819,1293
569,807,1376
519,7194,7713
748,692,1440
465,422,887
657,913,1570
556,1128,1684
565,7348,7913
659,434,1093
550,1219,1769
109,912,1021
693,1167,1860
7307,359,7666
441,738,1179
706,997,1703
528,668,1196
406,424,830
626,1341,1967
725,727,1452
653,1226,1879
7398,324,7722
300,1080,1380
591,772,1363
712,849,1561
553,933,1486
406,811,1217
334,642,976
859,1699,2558
983,412,1395
838,1316,2154
248,742,990
828,806,1634
674,841,1515
742,1315,2057
454,598,1052
831,993,1824
7523,287,7810
784,1594,2378
955,687,1642
28,603,631
1018,730,1748
674,1036,1710
331,483,814
69,633,702
146,553,699
699,640,1339
932,980,1912
749,1351,2100
356,511,867
685,1032,1717
899,1122,2021
481,330,811
122,644,766
995,1007,2002
511,881,1392
1151,1049,2200
1537,678,2215
1154,981,2135
421,491,912
611,858,1469
656,1195,1851
1364,837,2201
503,458,961
288,698,986
481,1152,1633
788,1036,1824
522,472,994
571,774,1345
1182,1265,2447
883,610,1493
890,953,1843
404,644,1048
408,535,943
736,1128,1864
401,1094,1495
384,683,1067
569,1066,1635
227,1162,1389
1127,1377,2504
1022,686,1708
726,840,1566
446,1361,1807
645,1242,1887
702,919,1621
141,863,1004
882,888,1770
485,928,1413
227,706,933
1215,786,2001
454,851,1305
1010,857,1867
850,969,1819
393,805,1198
837,452,1289
539,1164,1703
1187,592,1779
491,772,1263
1023,431,1454
902,622,1524
207,794,1001
306,836,1142
324,677,1001
955,669,1624
484,765,1249
1071,420,1491
582,1008,1590
1039,699,1738
515,956,1471
678,1025,1703
259,859,1118
507,503,1010
438,1167,1605
694,363,1057
509,1160,1669
429,903,1332
699,366,1065
661,758,1419
409,303,712
515,1012,1527
767,987,1754
477,1092,1569
1001,1582,2583
684,1043,1727
533,775,1308
593,977,1570
754,1182,1936
600,1773,2373
681,1289,1970
620,1032,1652
812,365,1177
401,1349,1750
520,1196,1716
680,899,1579
852,1240,2092
393,1543,1936
543,1328,1871
634,407,1041
563,1034,1597
968,1260,2228
870,507,1377
556,1078,1634
427,968,1395
1364,270,1634
550,492,1042
1001,1701,2702
305,1880,2185
1647,336,1983
1297,264,1561
944,387,1331
649,1694,2343
726,1611,2337
740,390,1130
779,764,1543
634,1547,2181
1148,455,1603
817,308,1125
1022,1106,2128
1177,737,1914
451,762,1213
926,646,1572
866,1295,2161
836,1477,2313
749,302,1051
1384,811,2195
1242,342,1584
1140,498,1638
388,314,702
127,1114,1241
998,451,1449
168,440,608
276,1112,1388
180,467,647
1041,1651,2692
1383,660,2043
361,989,1350
1361,914,2275
149,539,688
156,495,651
1083,855,1938
812,664,1476
179,725,904
1817,1094,2911
1297,539,1836
736,802,1538
1494,1047,2541
174,473,647
27,557,584
850,939,1789
373,633,1006
269,640,909
196,752,948
205,923,1128
531,584,1115
489,502,991
85,560,645
216,982,1198
623,628,1251
1344,1354,2698
416,487,903
261,870,1131
1102,1076,2178
567,568,1135
589,436,1025
264,527,791
469,874,1343
463,572,1035
1533,856,2389
460,714,1174
282,925,1207
485,561,1046
473,857,1330
486,526,1012
502,708,1210
335,1449,1784
774,905,1679
249,692,941
425,551,976
262,603,865
800,1031,1831
593,836,1429
238,692,930
729,655,1384
302,448,750
477,506,983
644,850,1494
307,673,980
701,854,1555
800,627,1427
462,594,1056
620,519,1139
345,755,1100
707,415,1122
150,608,758
353,847,1200
1097,607,1704
746,550,1296
717,770,1487
582,653,1235
550,520,1070
452,728,1180
852,1362,2214
507,631,1138
330,831,1161
879,573,1452
792,1276,2068
367,505,872
618,650,1268
453,601,1054
179,950,1129
543,658,1201
509,499,1008
688,988,1676
411,848,1259
449,1002,1451
89,471,560
503,781,1284
617,699,1316
485,540,1025
373,736,1109
310,548,858
726,756,1482
391,768,1159
558,913,1471
253,286,539
621,634,1255
617,847,1464
856,487,1343
490,1135,1625
824,740,1564
138,657,795
599,1173,1772
435,1233,1668
1052,382,1434
505,1033,1538
423,684,1107
460,660,1120
354,870,1224
164,860,1024
786,1166,1952
278,572,850
610,607,1217
99,896,995
450,751,1201
390,429,819
423,815,1238
581,615,1196
134,767,901
591,801,1392
1110,966,2076
427,1226,1653
211,762,973
833,773,1606
537,672,1209
707,687,1394
412,645,1057
392,980,1372
873,1226,2099
788,847,1635
404,435,839
162,3783,3945
416,1237,1653
1040,573,1613
476,592,1068
454,497,951
413,791,1204
499,1182,1681
584,682,1266
410,653,1063
793,467,1260
280,628,908
508,595,1103
982,818,1800
704,442,1146
201,3944,4145
818,1059,1877
1015,1082,2097
352,717,1069
1033,336,1369
626,844,1470
664,624,1288
555,535,1090
656,449,1105
175,4203,4378
430,723,1153
698,730,1428
450,413,863
459,4065,4524
815,906,1721
383,677,1060
298,901,1199
687,965,1652
460,586,1046
654,688,1342
556,762,1318
548,601,1149
888,826,1714
336,627,963
61,418,479
199,2010,2209
3753,678,4431
511,520,1031
1009,464,1473
343,1863,2206
491,976,1467
967,784,1751
555,1117,1672
499,607,1106
217,538,755
664,535,1199
603,654,1257
290,635,925
511,1728,2239
558,1036,1594
775,764,1539
759,886,1645
4050,1017,5067
570,1199,1769
447,760,1207
776,804,1580
413,562,975
631,634,1265
393,626,1019
270,638,908
859,926,1785
3851,862,4713
489,758,1247
574,671,1245
495,832,1327
922,1498,2420
459,656,1115
531,931,1462
1646,779,2425
322,982,1304
1061,892,1953
471,985,1456
213,617,830
472,908,1380
959,365,1324
347,616,963
821,540,1361
1657,783,2440
1052,620,1672
386,699,1085
688,772,1460
368,653,1021
360,758,1118
776,493,1269
542,668,1210
619,551,1170
673,550,1223
731,522,1253
645,494,1139
820,681,1501
617,520,1137
567,439,1006
544,786,1330
538,952,1490
331,591,922
844,432,1276
1041,749,1790
563,587,1150
760,687,1447
701,607,1308
489,601,1090
437,937,1374
341,498,839
130,1110,1240
631,611,1242
596,342,938
731,854,1585
703,842,1545
387,831,1218
386,2010,2396
318,1003,1321
450,897,1347
621,844,1465
523,782,1305
609,632,1241
374,617,991
480,1041,1521
587,976,1563
452,586,1038
323,2135,2458
387,535,922
327,688,1015
610,1381,1991
480,1003,1483
777,434,1211
237,948,1185
45,875,920
902,919,1821
644,1438,2082
539,2303,2842
1147,483,1630
709,1064,1773
721,1023,1744
374,845,1219
744,542,1286
262,1398,1660
939,606,1545
372,1157,1529
1858,851,2709
817,580,1397
711,693,1404
297,1318,1615
928,874,1802
480,879,1359
522,1137,1659
606,1299,1905
603,539,1142
106,1125,1231
829,638,1467
1045,736,1781
677,670,1347
1285,478,1763
1008,617,1625
964,995,1959
982,576,1558
851,760,1611
449,1294,1743
550,651,1201
1138,683,1821
793,1187,1980
409,597,1006
1107,698,1805
372,785,1157
775,1248,2023
917,957,1874
629,454,1083
252,991,1243
935,615,1550
1168,405,1573
338,489,827
896,511,1407
302,1088,1390
2286,633,2919
561,1403,1964
185,777,962
1971,1371,3342
175,475,650
997,752,1749
663,1300,1963
528,358,886
361,904,1265
369,1126,1495
347,1009,1356
821,1069,1890
338,686,1024
730,501,1231
223,841,1064
423,1269,1692
642,1139,1781
556,1342,1898
1268,631,1899
733,992,1725
771,993,1764
189,1626,1815
964,489,1453
1030,710,1740
561,1845,2406
219,1575,1794
989,850,1839
926,1589,2515
1178,1388,2566
916,1641,2557
325,1721,2046
503,608,1111
630,1644,2274
765,1520,2285
406,1631,2037
636,1215,1851
1322,965,2287
229,1263,1492
682,1607,2289
673,1394,2067
903,1684,2587
531,753,1284
293,1695,1988
784,1288,2072
496,399,895
1523,550,2073
1562,536,2098
313,1788,2101
1341,703,2044
952,1677,2629
208,1994,2202
1211,1541,2752
492,1726,2218
947,1225,2172
678,981,1659
1166,598,1764
590,1640,2230
970,846,1816
769,1500,2269
862,792,1654
956,1735,2691
225,2377,2602
1125,857,1982
975,1047,2022
753,908,1661
1548,676,2224
1174,728,1902
611,716,1327
58,1102,1160
98,805,903
290,1394,1684
498,703,1201
1031,1198,2229
1527,855,2382
1423,690,2113
1154,959,2113
874,665,1539
1278,885,2163
1695,826,2521
663,763,1426
946,779,1725
704,555,1259
47,717,764
1511,1089,2600
604,2260,2864
210,878,1088
1413,1101,2514
855,2508,3363
943,516,1459
178,970,1148
980,546,1526
133,1090,1223
392,763,1155
455,877,1332
658,1109,1767
1395,1237,2632
1894,1133,3027
464,577,1041
693,739,1432
404,734,1138
548,905,1453
671,1149,1820
409,823,1232
587,690,1277
1419,1180,2599
2195,1025,3220
613,629,1242
848,615,1463
467,893,1360
606,1058,1664
516,1253,1769
646,755,1401
711,832,1543
904,638,1542
535,777,1312
168,812,980
207,1024,1231
2347,623,2970
829,777,1606
462,1182,1644
712,736,1448
470,622,1092
999,981,1980
2971,468,3439
568,1296,1864
430,937,1367
996,1053,2049
524,971,1495
530,988,1518
471,904,1375
674,899,1573
52,434,486
1007,1546,2553
672,1052,1724
428,1004,1432
704,979,1683
559,947,1506
881,836,1717
19,567,586
1104,1236,2340
795,773,1568
646,1050,1696
548,497,1045
483,1298,1781
498,1432,1930
28,808,836
1174,1292,2466
622,1296,1918
1203,1277,2480
113,847,960
768,917,1685
39,1347,1386
488,803,1291
1906,194,2100
955,889,1844
928,470,1398
68,479,547
1357,925,2282
877,791,1668
213,1170,1383
569,1032,1601
556,1036,1592
488,875,1363
1079,1376,2455
909,439,1348
120,538,658
204,587,791
366,728,1094
988,774,1762
154,858,1012
800,820,1620
847,907,1754
709,982,1691
351,1701,2052
392,1225,1617
220,1619,1839
314,685,999
507,1384,1891
457,590,1047
229,1353,1582
610,829,1439
592,560,1152
647,890,1537
393,1773,2166
198,459,657
689,992,1681
749,1122,1871
593,1512,2105
512,719,1231
817,836,1653
815,1050,1865
413,838,1251
561,1689,2250
668,869,1537
330,1871,2201
730,678,1408
549,1523,2072
532,1368,1900
824,453,1277
253,626,879
663,877,1540
427,1637,2064
1166,735,1901
239,627,866
1044,1501,2545
208,392,600
1021,1421,2442
469,724,1193
523,394,917
532,351,883
973,708,1681
998,1490,2488
626,607,1233
574,713,1287
1175,1232,2407
428,804,1232
160,1987,2147
1395,734,2129
859,1106,1965
402,615,1017
484,833,1317
1269,1283,2552
746,334,1080
604,470,1074
1423,1091,2514
766,724,1490
1408,973,2381
680,809,1489
51,515,566
1625,960,2585
766,783,1549
594,872,1466
1475,1127,2602
754,447,1201
123,368,491
827,777,1604
613,689,1302
1627,1034,2661
1214,456,1670
1131,454,1585
261,389,650
383,166,549
644,643,1287
380,262,642
163,527,690
1077,447,1524
230,539,769
513,252,765
346,519,865
515,290,805
650,429,1079
39,1093,1132
890,1202,2092
639,510,1149
503,587,1090
641,566,1207
453,607,1060
574,513,1087
903,224,1127
1881,1294,3175
622,381,1003
783,386,1169
768,603,1371
250,584,834
140,538,678
701,540,1241
506,731,1237
204,547,751
50,301,351
202,778,980
306,531,837
338,680,1018
111,1306,1417
454,518,972
326,744,1070
828,737,1565
48,671,719
608,420,1028
386,1462,1848
742,803,1545
373,408,781
262,600,862
375,571,946
1464,724,2188
32,697,729
344,642,986
459,544,1003
246,1012,1258
70,916,986
453,1526,1979
870,1104,1974
363,550,913
461,600,1061
1185,935,2120
353,930,1283
323,1287,1610
538,552,1090
250,789,1039
848,1353,2201
350,602,952
189,662,851
319,753,1072
1203,506,1709
436,860,1296
500,877,1377
315,668,983
880,630,1510
630,544,1174
234,542,776
327,827,1154
547,794,1341
1279,600,1879
602,459,1061
574,612,1186
904,1501,2405
541,389,930
713,951,1664
404,530,934
621,348,969
451,787,1238
700,1274,1974
505,502,1007
252,250,502
1124,825,1949
452,1495,1947
259,266,525
667,475,1142
650,563,1213
965,1130,2095
920,878,1798
109,420,529
221,1016,1237
800,963,1763
276,907,1183
471,1298,1769
810,811,1621
417,932,1349
534,887,1421
136,618,754
504,1016,1520
297,288,585
996,568,1564
512,1316,1828
822,748,1570
497,942,1439
721,959,1680
369,1313,1682
741,294,1035
501,430,931
105,553,658
514,570,1084
339,533,872
1273,874,2147
203,883,1086
532,1101,1633
346,967,1313
849,885,1734
775,350,1125
669,500,1169
151,746,897
521,767,1288
464,2059,2523
375,849,1224
672,695,1367
157,1373,1530
797,722,1519
720,474,1194
928,864,1792
226,982,1208
231,610,841
356,1972,2328
355,1020,1375
805,926,1731
614,1187,1801
881,1747,2628
451,1169,1620
477,771,1248
856,769,1625
376,1070,1446
281,613,894
716,1013,1729
364,697,1061
1582,561,2143
1364,1037,2401
265,949,1214
443,451,894
443,580,1023
605,619,1224
703,818,1521
962,1053,2015
1611,697,2308
582,1764,2346
797,839,1636
751,876,1627
619,602,1221
874,403,1277
516,439,955
693,1338,2031
612,2051,2663
419,1195,1614
231,1459,1690
918,1486,2404
1764,592,2356
675,1126,1801
1586,1027,2613
1642,264,1906
1054,578,1632
1321,335,1656
1049,1444,2493
652,1059,1711
1274,1554,2828
448,1068,1516
861,1277,2138
1127,1546,2673
671,1329,2000
757,2056,2813
929,344,1273
1435,452,1887
855,914,1769
374,1064,1438
801,1271,2072
674,1310,1984
365,1000,1365
605,1382,1987
441,1313,1754
679,1707,2386
361,434,795
400,416,816
559,1089,1648
551,1154,1705
787,1378,2165
896,828,1724
80,528,608
632,1217,1849
1345,415,1760
864,990,1854
166,541,707
516,973,1489
150,522,672
1038,1500,2538
466,1288,1754
1198,520,1718
381,1184,1565
1261,334,1595
1148,661,1809
1067,1102,2169
227,610,837
1307,659,1966
1939,528,2467
839,840,1679
1171,584,1755
584,1253,1837
1175,255,1430
827,233,1060
570,563,1133
1504,897,2401
971,1017,1988
158,343,501
1235,988,2223
1572,886,2458
813,769,1582
1125,929,2054
871,308,1179
329,930,1259
1719,617,2336
165,377,542
1232,603,1835
931,706,1637
536,681,1217
165,426,591
38,535,573
294,481,775
172,564,736
940,598,1538
1368,411,1779
692,710,1402
741,917,1658
81,723,804
140,904,1044
49,594,643
465,335,800
242,484,726
48,399,447
671,866,1537
184,581,765
703,348,1051
216,339,555
371,703,1074
256,975,1231
282,719,1001
629,364,993
474,676,1150
408,610,1018
263,985,1248
76,336,412
127,826,953
733,1144,1877
104,647,751
769,464,1233
420,1045,1465
471,754,1225
156,830,986
417,632,1049
101,435,536
30,371,401
532,512,1044
730,452,1182
367,277,644
714,796,1510
639,670,1309
199,806,1005
945,870,1815
293,789,1082
64,754,818
660,353,1013
362,582,944
151,686,837
233,828,1061
318,686,1004
191,956,1147
418,658,1076
288,869,1157
498,728,1226
55,550,605
522,630,1152
294,902,1196
548,629,1177
26,684,710
64,749,813
522,687,1209
579,707,1286
166,571,737
302,466,768
1610,245,1855
508,1113,1621
322,1228,1550
613,895,1508
698,525,1223
194,626,820
152,738,890
338,584,922
329,458,787
393,582,975
98,639,737
530,489,1019
539,1142,1681
608,479,1087
270,644,914
114,861,975
650,1261,1911
373,777,1150
789,1587,2376
379,705,1084
271,602,873
353,495,848
397,478,875
460,584,1044
147,897,1044
336,728,1064
733,648,1381
458,753,1211
245,1949,2194
349,1057,1406
450,900,1350
325,622,947
578,394,972
474,937,1411
604,593,1197
502,952,1454
882,611,1493
499,566,1065
684,858,1542
652,879,1531
234,1006,1240
401,580,981
40,440,480
795,1539,2334
636,563,1199
70,808,878
1145,513,1658
701,554,1255
420,863,1283
722,807,1529
187,761,948
435,913,1348
100,689,789
923,1143,2066
575,427,1002
602,1151,1753
264,706,970
850,664,1514
25,421,446
579,988,1567
541,695,1236
1291,897,2188
486,1057,1543
373,637,1010
635,654,1289
896,765,1661
228,717,945
257,242,499
290,500,790
617,794,1411
452,907,1359
1398,904,2302
838,1055,1893
449,360,809
563,904,1467
996,976,1972
434,706,1140
600,256,856
1110,536,1646
457,1228,1685
749,881,1630
290,445,735
510,538,1048
201,901,1102
651,971,1622
230,734,964
439,715,1154
1036,548,1584
917,1143,2060
684,1055,1739
880,280,1160
518,866,1384
644,514,1158
104,256,360
28,1277,1305
319,505,824
581,743,1324
482,501,983
819,1263,2082
601,833,1434
365,1211,1576
583,819,1402
691,992,1683
424,550,974
264,1202,1466
417,312,729
330,688,1018
939,755,1694
748,910,1658
586,458,1044
928,676,1604
37,862,899
50,551,601
423,588,1011
387,880,1267
124,649,773
259,540,799
1195,508,1703
1114,619,1733
620,470,1090
947,857,1804
62,1136,1198
157,727,884
636,1275,1911
388,1191,1579
151,1086,1237
655,1431,2086
526,1675,2201
655,654,1309
297,1250,1547
697,855,1552
857,857,1714
220,860,1080
298,559,857
430,539,969
488,536,1024
518,770,1288
292,1124,1416
587,725,1312
359,843,1202
413,877,1290
875,872,1747
578,1126,1704
396,850,1246
637,859,1496
327,988,1315
600,687,1287
520,574,1094
505,860,1365
495,849,1344
1467,453,1920
822,781,1603
499,892,1391
406,1053,1459
704,616,1320
1072,715,1787
757,625,1382
630,329,959
796,588,1384
545,849,1394
589,621,1210
797,841,1638
370,1247,1617
505,1025,1530
733,1099,1832
1091,905,1996
474,1136,1610
1066,717,1783
579,765,1344
921,904,1825
804,603,1407
326,472,798
605,627,1232
753,444,1197
812,820,1632
532,542,1074
720,657,1377
1052,1394,2446
671,643,1314
164,582,746
917,1461,2378
533,652,1185
215,611,826
503,782,1285
1081,553,1634
206,713,919
848,410,1258
946,485,1431
285,699,984
945,1134,2079
797,1010,1807
461,398,859
684,1195,1879
1152,556,1708
512,681,1193
833,590,1423
622,927,1549
943,972,1915
560,512,1072
680,1093,1773
803,1318,2121
1051,864,1915
550,511,1061
513,877,1390
527,1475,2002
126,994,1120
621,485,1106
428,942,1370
50,1204,1254
786,524,1310
420,469,889
486,703,1189
217,1359,1576
518,704,1222
565,599,1164
357,1064,1421
382,1066,1448
774,665,1439
908,989,1897
93,787,880
741,503,1244
951,434,1385
564,1090,1654
232,989,1221
476,523,999
290,303,593
285,965,1250
677,740,1417
343,844,1187
482,1104,1586
1130,983,2113
750,859,1609
1269,707,1976
421,1007,1428
424,612,1036
547,890,1437
1134,842,1976
938,717,1655
604,609,1213
753,681,1434
1254,884,2138
508,737,1245
1015,324,1339
961,904,1865
63,721,784
137,771,908
534,1069,1603
728,641,1369
407,331,738
361,566,927
628,518,1146
872,868,1740
427,1175,1602
461,482,943
209,776,985
769,441,1210
254,998,1252
199,541,740
240,984,1224
440,824,1264
838,875,1713
616,265,881
620,610,1230
528,371,899
474,625,1099
614,519,1133
401,369,770
619,949,1568
964,663,1627
819,375,1194
971,756,1727
413,657,1070
1052,318,1370
520,401,921
1199,420,1619
364,586,950
1052,312,1364
76,365,441
118,401,519
359,639,998
143,404,547
1350,2495,3845
209,303,512
236,489,725
189,435,624
795,2486,3281
254,402,656
375,306,681
744,2143,2887
193,390,583
1083,1302,2385
317,427,744
311,302,613
2166,233,2399
1502,498,2000
313,613,926
1525,471,1996
1348,220,1568
283,395,678
2040,332,2372
604,3106,3710
101,532,633
542,412,954
71,570,641
243,394,637
550,247,797
802,3005,3807
134,574,708
288,426,714
38,263,301
463,280,743
709,2831,3540
53,499,552
501,649,1150
80,316,396
107,466,573
1185,2298,3483
1346,4041,5387
505,652,1157
481,4058,4539
2765,399,3164
271,312,583
269,4013,4282
2747,293,3040
832,4032,4864
368,365,733
148,322,470
302,402,704
429,3887,4316
2249,170,2419
106,491,597
326,526,852
383,4034,4417
1866,2480,4346
106,226,332
271,635,906
266,512,778
1585,2786,4371
139,230,369
3840,455,4295
1728,373,2101
1455,406,1861
3930,625,4555
3767,689,4456
608,1184,1792
3963,748,4711
69,779,848
2338,714,3052
442,1250,1692
109,704,813
111,840,951
1125,586,1711
161,866,1027
370,703,1073
2541,697,3238
285,757,1042
118,563,681
255,514,769
674,395,1069
412,778,1190
343,514,857
295,330,625
452,798,1250
1138,729,1867
1064,823,1887
162,1055,1217
169,1062,1231
407,671,1078
487,601,1088
71,1082,1153
347,513,860
995,873,1868
531,477,1008
133,1129,1262
1040,1231,2271
78,1115,1193
717,668,1385
138,1434,1572
610,763,1373
449,693,1142
57,698,755
36,1164,1200
315,580,895
47,1328,1375
67,1385,1452
567,960,1527
550,1022,1572
55,1465,1520
801,583,1384
772,563,1335
85,714,799
348,1066,1414
415,887,1302
591,570,1161
444,1058,1502
557,1418,1975
45,1206,1251
90,974,1064
1030,795,1825
121,1299,1420
187,1194,1381
442,587,1029
891,732,1623
744,636,1380
518,848,1366
1133,974,2107
877,723,1600
614,840,1454
436,1030,1466
662,800,1462
457,1543,2000
464,610,1074
984,740,1724
887,770,1657
1288,606,1894
250,1236,1486
622,724,1346
96,1174,1270
542,1939,2481
827,607,1434
1109,647,1756
479,1737,2216
998,836,1834
446,1370,1816
1126,1120,2246
399,1279,1678
477,879,1356
1682,608,2290
1180,1311,2491
605,1334,1939
1638,351,1989
696,1141,1837
1154,850,2004
857,577,1434
362,1616,1978
1060,631,1691
697,971,1668
1220,859,2079
1021,1415,2436
509,1531,2040
1016,325,1341
549,993,1542
766,444,1210
494,510,1004
1251,1753,3004
1095,355,1450
750,1302,2052
598,1319,1917
636,1901,2537
649,1740,2389
589,844,1433
438,848,1286
676,1336,2012
232,543,775
1042,1449,2491
616,524,1140
480,1285,1765
516,1622,2138
435,736,1171
571,914,1485
935,1361,2296
226,735,961
550,1455,2005
1202,894,2096
1395,1162,2557
1132,1159,2291
569,1117,1686
713,572,1285
1340,936,2276
1032,905,1937
609,1128,1737
265,1615,1880
355,545,900
1418,475,1893
1646,1137,2783
227,736,963
1222,1201,2423
764,981,1745
1695,942,2637
1110,716,1826
710,1324,2034
711,1134,1845
1204,896,2100
1136,538,1674
1075,959,2034
436,1079,1515
1349,1631,2980
795,736,1531
968,730,1698
757,958,1715
660,509,1169
453,961,1414
1045,954,1999
1011,913,1924
540,972,1512
1572,1391,2963
1056,827,1883
880,859,1739
1267,1127,2394
1034,931,1965
321,740,1061
751,767,1518
732,675,1407
375,1345,1720
306,979,1285
900,1404,2304
649,655,1304
854,834,1688
1519,1071,2590
1211,886,2097
718,898,1616
1027,698,1725
505,950,1455
835,911,1746
387,924,1311
1477,832,2309
586,1006,1592
429,807,1236
626,569,1195
645,1434,2079
803,738,1541
829,1124,1953
1251,854,2105
472,862,1334
656,1017,1673
1258,818,2076
534,685,1219
909,1291,2200
642,1170,1812
729,668,1397
788,1227,2015
747,1092,1839
838,707,1545
718,684,1402
728,606,1334
1145,1282,2427
704,809,1513
866,545,1411
1018,900,1918
637,665,1302
647,1137,1784
872,602,1474
457,705,1162
1445,911,2356
918,575,1493
887,734,1621
730,815,1545
1266,704,1970
1026,557,1583
659,1189,1848
728,543,1271
301,761,1062
935,1408,2343
482,656,1138
442,779,1221
390,615,1005
514,709,1223
790,1107,1897
347,626,973
1109,530,1639
883,1363,2246
504,782,1286
1080,693,1773
642,574,1216
682,591,1273
1089,826,1915
254,707,961
646,379,1025
734,637,1371
1132,1226,2358
581,595,1176
936,634,1570
738,1077,1815
867,426,1293
636,1254,1890
401,902,1303
498,994,1492
414,591,1005
468,750,1218
592,372,964
764,708,1472
548,525,1073
166,962,1128
647,692,1339
506,688,1194
1122,345,1467
349,773,1122
204,992,1196
275,978,1253
493,1016,1509
102,499,601
727,1002,1729
500,636,1136
849,407,1256
582,649,1231
1115,799,1914
32,521,553
530,500,1030
509,793,1302
376,362,738
236,805,1041
266,900,1166
387,955,1342
1208,1333,2541
566,640,1206
559,529,1088
1286,1065,2351
581,653,1234
574,565,1139
747,1054,1801
815,327,1142
872,624,1496
410,655,1065
306,795,1101
167,347,514
364,611,975
154,490,644
227,349,576
511,1112,1623
692,743,1435
703,735,1438
912,1070,1982
639,695,1334
232,573,805
257,328,585
699,955,1654
393,1159,1552
352,580,932
54,1066,1120
384,640,1024
102,927,1029
741,456,1197
235,746,981
113,453,566
753,1128,1881
306,970,1276
82,865,947
420,476,896
566,707,1273
727,474,1201
352,488,840
619,587,1206
460,608,1068
84,1128,1212
190,1159,1349
241,598,839
905,1003,1908
1010,426,1436
492,2000,2492
266,993,1259
842,4726,5568
132,610,742
285,475,760
360,493,853
525,304,829
326,261,587
800,891,1691
365,778,1143
377,751,1128
537,1617,2154
555,1666,2221
149,643,792
678,1662,2340
756,5347,6103
234,1627,1861
656,1858,2514
1050,1315,2365
444,1658,2102
88,1292,1380
692,2630,3322
611,360,971
730,3070,3800
750,1463,2213
667,709,1376
799,2453,3252
1083,1845,2928
715,684,1399
131,1544,1675
583,623,1206
277,1816,2093
912,1860,2772
264,1042,1306
748,964,1712
210,1509,1719
969,2799,3768
1321,1097,2418
606,332,938
658,5320,5978
1823,2116,3939
1214,973,2187
903,2099,3002
401,985,1386
742,1401,2143
1363,887,2250
523,3122,3645
915,1014,1929
155,676,831
510,6044,6554
1898,1943,3841
1400,1298,2698
130,879,1009
2948,1128,4076
1231,1508,2739
1273,610,1883
2303,1319,3622
782,1099,1881
1616,1086,2702
4920,1446,6366
1546,1385,2931
175,897,1072
4970,1678,6648
2107,823,2930
623,890,1513
533,888,1421
639,778,1417
1379,1100,2479
1421,993,2414
1924,946,2870
871,737,1608
5956,752,6708
2832,1320,4152
314,1173,1487
667,701,1368
570,942,1512
402,1345,1747
1527,1892,3419
1832,760,2592
938,864,1802
677,1127,1804
901,919,1820
851,490,1341
534,788,1322
206,982,1188
857,959,1816
1429,1968,3397
1048,896,1944
1019,634,1653
774,578,1352
492,1029,1521
2922,1204,4126
901,786,1687
636,1153,1789
617,903,1520
1060,1497,2557
601,890,1491
462,923,1385
1263,918,2181
1025,577,1602
569,869,1438
463,1168,1631
919,759,1678
801,878,1679
601,1208,1809
660,888,1548
467,833,1300
660,1356,2016
460,1185,1645
802,946,1748
750,760,1510
227,731,958
299,637,936
947,1102,2049
640,1203,1843
779,952,1731
469,688,1157
467,658,1125
648,1058,1706
695,1671,2366
495,442,937
1544,1525,3069
503,1211,1714
1151,649,1800
774,1071,1845
750,486,1236
264,800,1064
747,447,1194
678,904,1582
428,1478,1906
541,539,1080
1868,1315,3183
488,1082,1570
413,958,1371
446,1171,1617
586,712,1298
618,951,1569
376,729,1105
941,681,1622
886,1356,2242
544,396,940
1509,1316,2825
808,954,1762
624,1170,1794
939,863,1802
775,789,1564
1009,1076,2085
766,1087,1853
516,874,1390
943,774,1717
26,659,685
744,629,1373
240,721,961
26,857,883
1169,1393,2562
718,1009,1727
412,810,1222
223,749,972
1084,1437,2521
406,537,943
917,969,1886
516,516,1032
1160,860,2020
1062,970,2032
1059,703,1762
20,972,992
1345,823,2168
868,887,1755
522,877,1399
1106,1353,2459
1213,724,1937
664,1216,1880
753,680,1433
434,560,994
1027,465,1492
781,322,1103
418,1039,1457
1170,1134,2304
790,619,1409
491,1160,1651
289,1163,1452
825,376,1201
446,1958,2404
682,858,1540
485,555,1040
725,521,1246
497,1118,1615
620,517,1137
778,960,1738
857,603,1460
362,662,1024
856,1668,2524
484,1035,1519
394,1024,1418
709,430,1139
699,1189,1888
308,1234,1542
249,991,1240
47,623,670
957,732,1689
551,701,1252
584,683,1267
263,440,703
1055,648,1703
247,1336,1583
685,776,1461
294,458,752
1185,695,1880
489,1259,1748
363,926,1289
730,1168,1898
572,882,1454
1095,1686,2781
252,669,921
422,1357,1779
952,631,1583
468,733,1201
1096,668,1764
446,1053,1499
946,307,1253
1316,564,1880
984,997,1981
512,1412,1924
521,328,849
422,1090,1512
841,1335,2176
551,586,1137
286,801,1087
1569,1282,2851
328,1056,1384
542,768,1310
488,1137,1625
465,656,1121
669,775,1444
1073,570,1643
912,625,1537
1486,1305,2791
826,1903,2729
664,472,1136
722,910,1632
707,2086,2793
102,725,827
487,1055,1542
953,952,1905
1086,704,1790
1179,344,1523
1488,1316,2804
867,548,1415
1103,505,1608
1103,1771,2874
504,552,1056
498,507,1005
356,1128,1484
838,793,1631
535,723,1258
349,675,1024
945,1022,1967
445,1216,1661
1804,1013,2817
888,730,1618
362,449,811
447,1474,1921
439,963,1402
701,752,1453
245,477,722
432,1744,2176
1160,820,1980
385,1187,1572
274,502,776
1192,947,2139
394,1405,1799
751,760,1511
707,966,1673
1869,717,2586
629,890,1519
309,531,840
914,729,1643
1475,1039,2514
1024,717,1741
975,1190,2165
624,1467,2091
977,941,1918
356,1703,2059
1161,1168,2329
365,465,830
626,778,1404
1614,758,2372
783,950,1733
473,1750,2223
411,711,1122
613,692,1305
808,992,1800
578,1549,2127
413,784,1197
515,728,1243
463,1691,2154
1226,828,2054
402,1085,1487
453,1694,2147
686,865,1551
936,896,1832
942,850,1792
1005,775,1780
315,944,1259
777,1033,1810
1324,1186,2510
1146,566,1712
1033,1150,2183
502,1526,2028
368,1209,1577
638,859,1497
1479,729,2208
809,1042,1851
434,1011,1445
780,802,1582
1270,922,2192
294,781,1075
795,1054,1849
384,1523,1907
594,1026,1620
312,961,1273
915,743,1658
538,1277,1815
290,1022,1312
640,714,1354
1304,1093,2397
618,1567,2185
1573,678,2251
950,505,1455
420,714,1134
618,684,1302
533,965,1498
655,683,1338
845,646,1491
1071,981,2052
581,1620,2201
827,472,1299
401,2382,2783
895,715,1610
577,871,1448
678,862,1540
1303,829,2132
823,1107,1930
656,826,1482
562,960,1522
595,1053,1648
691,1138,1829
1580,1272,2852
668,698,1366
858,848,1706
726,745,1471
792,842,1634
470,611,1081
659,338,997
607,1064,1671
1024,784,1808
1338,816,2154
712,525,1237
1087,1121,2208
943,1011,1954
703,857,1560
608,769,1377
726,837,1563
809,999,1808
758,668,1426
86,572,658
732,781,1513
205,1086,1291
1478,913,2391
340,1108,1448
909,1065,1974
1262,1565,2827
149,599,748
847,600,1447
506,1137,1643
453,448,901
404,1158,1562
1161,625,1786
678,903,1581
69,713,782
1903,1475,3378
298,586,884
913,748,1661
1032,730,1762
1011,1422,2433
565,849,1414
644,1235,1879
133,657,790
256,1062,1318
361,852,1213
1064,961,2025
602,829,1431
453,960,1413
1414,1084,2498
535,697,1232
551,947,1498
179,810,989
976,953,1929
683,878,1561
514,678,1192
525,585,1110
734,757,1491
887,807,1694
790,1037,1827
648,798,1446
317,1306,1623
477,927,1404
1330,633,1963
201,648,849
160,866,1026
994,725,1719
1044,990,2034
153,880,1033
268,759,1027
685,609,1294
415,888,1303
296,882,1178
501,625,1126
337,422,759
733,532,1265
686,517,1203
538,242,780
319,514,833
479,362,841
516,343,859
603,291,894
552,2011,2563
671,311,982
500,491,991
365,730,1095
765,1878,2643
568,372,940
481,253,734
454,1235,1689
483,387,870
101,324,425
70,224,294
542,845,1387
83,397,480
347,416,763
93,347,440
599,846,1445
93,421,514
342,324,666
127,368,495
1077,406,1483
211,322,533
158,314,472
138,414,552
277,273,550
178,367,545
315,356,671
182,264,446
184,322,506
913,2513,3426
219,273,492
186,343,529
612,2467,3079
227,341,568
209,275,484
223,361,584
247,2244,2491
417,2192,2609
1191,1855,3046
271,379,650
872,2522,3394
261,487,748
880,1737,2617
105,514,619
518,2819,3337
1466,1378,2844
2333,462,2795
519,2426,2945
363,427,790
132,606,738
2158,312,2470
492,2536,3028
325,2691,3016
329,602,931
1538,1398,2936
600,1758,2358
821,2271,3092
650,3164,3814
574,363,937
506,479,985
545,2053,2598
1520,615,2135
510,813,1323
55,3331,3386
629,717,1346
669,491,1160
2725,524,3249
331,481,812
2339,752,3091
118,461,579
312,657,969
447,1207,1654
759,463,1222
1216,1863,3079
2378,859,3237
169,483,652
1260,1143,2403
2246,753,2999
539,572,1111
496,1192,1688
2392,852,3244
828,2785,3613
145,425,570
101,491,592
346,1053,1399
173,652,825
2340,756,3096
248,708,956
336,616,952
811,896,1707
2072,1066,3138
229,712,941
483,678,1161
340,895,1235
141,642,783
2322,825,3147
396,637,1033
3079,1062,4141
446,775,1221
265,714,979
545,431,976
179,945,1124
433,672,1105
406,620,1026
140,420,560
174,1165,1339
454,687,1141
771,439,1210
321,799,1120
3242,1248,4490
337,530,867
560,1173,1733
508,982,1490
662,541,1203
243,416,659
91,1413,1504
313,694,1007
3122,873,3995
207,430,637
571,333,904
566,494,1060
60,964,1024
30,941,971
500,1266,1766
666,1119,1785
376,694,1070
989,833,1822
648,1469,2117
33,500,533
1255,724,1979
390,701,1091
240,603,843
338,538,876
221,934,1155
693,739,1432
516,415,931
729,831,1560
799,1288,2087
35,1048,1083
320,562,882
544,749,1293
901,906,1807
61,1062,1123
480,585,1065
814,812,1626
62,477,539
542,389,931
652,679,1331
869,632,1501
90,1170,1260
309,511,820
677,836,1513
202,430,632
304,518,822
164,1163,1327
269,723,992
210,953,1163
1175,682,1857
447,1056,1503
244,706,950
175,698,873
531,334,865
644,334,978
198,1414,1612
342,442,784
124,649,773
579,1271,1850
117,1115,1232
158,1155,1313
357,669,1026
24,166,190
474,357,831
388,455,843
57,191,248
585,766,1351
163,1127,1290
254,662,916
906,661,1567
150,918,1068
795,986,1781
555,560,1115
96,203,299
448,865,1313
205,734,939
534,980,1514
548,2875,3423
993,1226,2219
817,686,1503
465,1377,1842
822,3032,3854
141,363,504
253,566,819
517,1477,1994
275,757,1032
901,659,1560
361,861,1222
842,685,1527
1707,2198,3905
192,544,736
829,1112,1941
382,813,1195
329,645,974
800,509,1309
378,631,1009
712,968,1680
1057,1068,2125
584,540,1124
116,727,843
1094,600,1694
530,813,1343
267,750,1017
1551,907,2458
426,823,1249
636,1189,1825
558,551,1109
785,1225,2010
1245,597,1842
586,622,1208
602,799,1401
455,621,1076
2082,756,2838
638,1059,1697
824,607,1431
634,661,1295
2171,902,3073
501,776,1277
411,558,969
755,816,1571
855,581,1436
387,1207,1594
119,764,883
280,1840,2120
627,768,1395
964,1038,2002
923,1589,2512
951,716,1667
1051,2467,3518
1167,1409,2576
571,541,1112
402,1120,1522
1591,705,2296
380,900,1280
310,982,1292
686,681,1367
1370,369,1739
153,777,930
385,540,925
474,975,1449
1064,361,1425
1122,802,1924
598,816,1414
699,794,1493
544,775,1319
638,1018,1656
437,926,1363
787,685,1472
775,548,1323
310,674,984
799,2625,3424
219,1112,1331
679,802,1481
482,925,1407
551,371,922
367,999,1366
541,1849,2390
832,554,1386
548,920,1468
273,689,962
579,534,1113
1033,1084,2117
424,843,1267
350,1043,1393
444,1842,2286
855,2982,3837
458,900,1358
673,713,1386
897,275,1172
209,660,869
673,498,1171
638,1055,1693
823,725,1548
776,884,1660
878,1521,2399
2281,1382,3663
588,1163,1751
477,546,1023
873,367,1240
820,959,1779
253,752,1005
679,1163,1842
645,795,1440
881,682,1563
454,989,1443
978,363,1341
467,703,1170
695,992,1687
1678,810,2488
818,544,1362
875,326,1201
970,1041,2011
1278,202,1480
2513,1206,3719
859,851,1710
359,649,1008
747,506,1253
1860,449,2309
783,498,1281
131,809,940
683,597,1280
1042,843,1885
589,980,1569
1662,956,2618
1073,615,1688
403,1158,1561
645,961,1606
165,612,777
980,573,1553
2866,1288,4154
1138,1073,2211
931,658,1589
31,567,598
1097,914,2011
1543,1252,2795
81,576,657
1056,830,1886
141,646,787
922,787,1709
341,356,697
441,514,955
845,569,1414
813,616,1429
432,350,782
1183,1278,2461
62,824,886
84,1145,1229
405,355,760
165,884,1049
312,705,1017
472,504,976
401,687,1088
103,811,914
852,1032,1884
1176,953,2129
95,1085,1180
970,1862,2832
222,340,562
931,702,1633
505,691,1196
672,457,1129
817,1675,2492
772,1292,2064
42,1164,1206
532,845,1377
407,1112,1519
107,1727,1834
422,1006,1428
918,681,1599
482,1210,1692
192,1578,1770
356,1375,1731
403,1236,1639
277,538,815
936,845,1781
1360,499,1859
332,629,961
743,733,1476
837,895,1732
382,980,1362
550,634,1184
958,830,1788
325,771,1096
1483,347,1830
1366,501,1867
707,989,1696
1365,510,1875
456,1526,1982
1029,615,1644
645,846,1491
983,1065,2048
309,914,1223
1223,687,1910
655,682,1337
1174,233,1407
701,611,1312
424,1314,1738
388,539,927
50,997,1047
638,572,1210
1102,732,1834
708,474,1182
34,489,523
655,1155,1810
1048,846,1894
633,1929,2562
227,738,965
209,426,635
245,1279,1524
688,1147,1835
976,907,1883
1030,589,1619
550,2016,2566
793,888,1681
956,335,1291
345,892,1237
690,1553,2243
788,302,1090
452,836,1288
950,1344,2294
718,2179,2897
115,2307,2422
332,1225,1557
322,2153,2475
282,392,674
200,930,1130
250,1264,1514
850,1729,2579
241,591,832
788,616,1404
394,1400,1794
1612,988,2600
63,1154,1217
301,1568,1869
2131,526,2657
1090,1962,3052
103,1859,1962
2077,497,2574
1747,1591,3338
1409,1658,3067
823,838,1661
592,1899,2491
535,611,1146
259,1442,1701
91,590,681
361,1692,2053
2045,826,2871
874,499,1373
1072,1910,2982
1232,898,2130
318,651,969
1114,973,2087
635,801,1436
139,1106,1245
718,1170,1888
1626,986,2612
1129,855,1984
888,1747,2635
631,1685,2316
479,1934,2413
1612,1012,2624
124,960,1084
1363,721,2084
1795,872,2667
1136,877,2013
1845,842,2687
1669,571,2240
845,2096,2941
1335,1067,2402
203,1184,1387
557,926,1483
641,1013,1654
780,718,1498
544,1169,1713
576,642,1218
764,208,972
1650,846,2496
477,1013,1490
836,895,1731
590,1230,1820
522,743,1265
235,1818,2053
584,1333,1917
864,380,1244
764,519,1283
891,1213,2104
694,741,1435
1085,349,1434
556,889,1445
742,1346,2088
734,862,1596
644,763,1407
700,532,1232
596,649,1245
849,920,1769
1802,1203,3005
1091,506,1597
605,782,1387
1456,1921,3377
487,1235,1722
742,678,1420
492,669,1161
492,819,1311
678,906,1584
294,788,1082
1746,1349,3095
1095,1092,2187
335,675,1010
1304,658,1962
398,649,1047
1095,701,1796
1097,829,1926
579,663,1242
61,828,889
917,1265,2182
901,1017,1918
565,503,1068
692,680,1372
282,828,1110
241,966,1207
657,488,1145
978,716,1694
222,1176,1398
1802,574,2376
505,522,1027
1110,1014,2124
464,1120,1584
958,726,1684
319,464,783
414,668,1082
658,826,1484
601,702,1303
625,1053,1678
373,957,1330
906,1168,2074
678,958,1636
1071,641,1712
938,862,1800
658,692,1350
734,1094,1828
419,1004,1423
649,1078,1727
713,1123,1836
578,1124,1702
1048,651,1699
502,1215,1717
943,659,1602
731,1009,1740
444,939,1383
335,339,674
274,683,957
537,1049,1586
1030,715,1745
472,838,1310
712,817,1529
541,823,1364
716,862,1578
778,647,1425
363,924,1287
1040,684,1724
1006,482,1488
883,768,1651
791,742,1533
553,461,1014
252,768,1020
807,691,1498
783,609,1392
470,913,1383
525,563,1088
898,652,1550
745,753,1498
460,1009,1469
746,399,1145
994,1143,2137
316,766,1082
85,1097,1182
601,283,884
567,793,1360
512,839,1351
516,654,1170
601,758,1359
389,526,915
528,1203,1731
703,319,1022
1021,987,2008
381,476,857
265,1158,1423
464,1214,1678
848,553,1401
251,540,791
577,680,1257
628,1077,1705
1029,634,1663
120,747,867
661,540,1201
1069,542,1611
843,790,1633
567,726,1293
747,1174,1921
680,1078,1758
329,478,807
626,583,1209
419,551,970
682,897,1579
864,650,1514
958,1383,2341
483,830,1313
1068,696,1764
1031,708,1739
630,766,1396
591,634,1225
924,664,1588
216,602,818
576,995,1571
1017,631,1648
488,1549,2037
328,560,888
516,689,1205
184,591,775
810,1275,2085
248,820,1068
205,884,1089
510,483,993
1100,1461,2561
455,1146,1601
161,904,1065
280,423,703
277,752,1029
447,1054,1501
60,1125,1185
554,375,929
1017,1292,2309
540,652,1192
449,649,1098
156,640,796
329,566,895
550,392,942
437,801,1238
316,428,744
623,463,1086
965,522,1487
1063,931,1994
285,647,932
830,237,1067
395,631,1026
699,1407,2106
188,1121,1309
419,691,1110
1047,508,1555
996,646,1642
560,727,1287
826,975,1801
93,281,374
601,730,1331
528,1428,1956
87,474,561
587,703,1290
797,1226,2023
1057,813,1870
235,891,1126
225,491,716
421,1302,1723
346,761,1107
429,309,738
1273,1454,2727
817,965,1782
928,737,1665
484,325,809
418,971,1389
1297,441,1738
391,1459,1850
838,531,1369
1463,1706,3169
551,886,1437
139,799,938
364,346,710
403,1077,1480
1060,474,1534
219,501,720
119,499,618
896,1191,2087
750,980,1730
148,1060,1208
353,768,1121
125,1021,1146
763,604,1367
884,1674,2558
183,448,631
202,1265,1467
307,645,952
800,627,1427
1272,929,2201
582,750,1332
1252,1168,2420
1385,915,2300
601,801,1402
384,907,1291
333,1211,1544
389,618,1007
321,1191,1512
136,542,678
385,651,1036
1631,844,2475
346,727,1073
632,637,1269
941,787,1728
1574,933,2507
378,749,1127
152,1080,1232
348,488,836
771,778,1549
360,1744,2104
574,646,1220
1185,604,1789
1141,613,1754
359,641,1000
523,655,1178
992,615,1607
565,650,1215
933,690,1623
629,574,1203
1091,780,1871
410,633,1043
591,487,1078
706,672,1378
782,1011,1793
809,474,1283
714,1484,2198
782,905,1687
520,704,1224
637,562,1199
593,415,1008
869,1341,2210
382,542,924
1153,813,1966
416,557,973
899,1535,2434
477,1027,1504
513,650,1163
518,640,1158
965,616,1581
375,683,1058
584,625,1209
1650,868,2518
738,507,1245
515,1554,2069
575,720,1295
348,722,1070
813,1110,1923
375,897,1272
424,509,933
1349,933,2282
959,299,1258
480,1622,2102
226,530,756
1378,839,2217
532,812,1344
619,1575,2194
509,1219,1728
358,1209,1567
396,644,1040
1144,1006,2150
747,577,1324
462,782,1244
286,485,771
336,488,824
870,622,1492
508,1009,1517
456,985,1441
165,853,1018
1497,844,2341
758,1395,2153
132,1091,1223
385,801,1186
325,709,1034
924,1312,2236
473,760,1233
330,815,1145
1473,761,2234
524,1156,1680
790,470,1260
443,806,1249
381,688,1069
1503,908,2411
489,854,1343
763,681,1444
552,475,1027
754,1422,2176
259,888,1147
621,613,1234
837,618,1455
426,735,1161
589,12919,13508
926,678,1604
1247,752,1999
416,12736,13152
445,1104,1549
324,12462,12786
1128,1275,2403
460,1144,1604
1027,882,1909
476,824,1300
700,1082,1782
326,1118,1444
561,12275,12836
353,939,1292
674,867,1541
705,889,1594
392,1158,1550
949,1265,2214
12559,420,12979
539,763,1302
985,488,1473
1295,1000,2295
760,739,1499
12322,481,12803
564,400,964
370,550,920
1173,726,1899
930,543,1473
12097,433,12530
684,303,987
558,456,1014
685,1656,2341
1108,528,1636
1088,452,1540
668,388,1056
563,1493,2056
846,383,1229
544,409,953
466,362,828
424,1416,1840
427,304,731
655,1201,1856
322,300,622
1140,261,1401
1160,329,1489
272,402,674
909,253,1162
1041,326,1367
485,987,1472
675,2102,2777
537,1490,2027
217,402,619
212,324,536
478,1233,1711
562,1983,2545
1170,2030,3200
281,552,833
588,2198,2786
501,257,758
569,1401,1970
647,1996,2643
756,2232,2988
553,382,935
326,1886,2212
171,308,479
656,2257,2913
215,411,626
1724,521,2245
491,2186,2677
229,357,586
626,1487,2113
302,315,617
365,1940,2305
2082,196,2278
465,1933,2398
1234,618,1852
2100,270,2370
1951,461,2412
1149,1095,2244
2050,745,2795
865,765,1630
1421,1061,2482
100,1335,1435
257,1153,1410
2147,550,2697
1895,534,2429
325,1080,1405
264,1296,1560
267,1087,1354
112,558,670
455,1222,1677
623,784,1407
401,1168,1569
128,429,557
988,684,1672
487,374,861
742,854,1596
2124,887,3011
390,565,955
709,960,1669
294,476,770
2019,717,2736
92,1171,1263
634,428,1062
201,1089,1290
651,338,989
185,756,941
621,403,1024
137,1235,1372
213,1006,1219
36,1143,1179
714,942,1656
57,1203,1260
84,464,548
104,569,673
636,543,1179
94,1319,1413
296,968,1264
661,724,1385
61,1579,1640
565,901,1466
71,637,708
85,1534,1619
888,712,1600
436,1084,1520
913,475,1388
884,603,1487
1138,478,1616
210,463,673
530,1106,1636
1035,614,1649
76,672,748
138,695,833
974,699,1673
170,501,671
254,360,614
310,736,1046
1392,343,1735
557,828,1385
244,845,1089
1539,312,1851
988,2957,3945
598,647,1245
371,343,714
499,217,716
524,539,1063
259,497,756
764,508,1272
422,852,1274
257,1142,1399
282,3327,3609
779,1054,1833
761,470,1231
505,880,1385
881,678,1559
130,681,811
171,525,696
383,1674,2057
296,3506,3802
858,753,1611
150,787,937
842,1455,2297
2818,1221,4039
234,585,819
110,711,821
2563,887,3450
820,807,1627
22,528,550
23,966,989
774,1187,1961
39,868,907
258,588,846
844,915,1759
777,328,1105
587,427,1014
138,1441,1579
2804,545,3349
148,1149,1297
337,683,1020
188,1399,1587
151,812,963
198,712,910
917,1366,2283
380,921,1301
230,1583,1813
191,568,759
675,641,1316
405,1140,1545
355,979,1334
212,865,1077
750,900,1650
4024,460,4484
1491,666,2157
419,692,1111
265,1483,1748
128,1409,1537
373,1016,1389
485,1263,1748
672,991,1663
1119,824,1943
815,591,1406
960,997,1957
1089,1110,2199
1201,777,1978
753,758,1511
1046,868,1914
1249,788,2037
82,1574,1656
395,1073,1468
93,652,745
469,1021,1490
1105,1289,2394
366,882,1248
806,943,1749
1072,464,1536
1363,778,2141
670,362,1032
78,1965,2043
838,888,1726
430,746,1176
489,1311,1800
470,1406,1876
567,932,1499
521,919,1440
654,879,1533
857,677,1534
951,425,1376
209,950,1159
895,692,1587
674,547,1221
274,1997,2271
655,580,1235
1115,535,1650
636,1104,1740
331,971,1302
538,707,1245
302,1846,2148
539,1341,1880
380,538,918
1365,988,2353
552,1356,1908
479,1024,1503
714,334,1048
811,982,1793
341,827,1168
196,1135,1331
757,352,1109
750,1051,1801
1459,1169,2628
618,1282,1900
829,739,1568
1881,1236,3117
669,367,1036
229,965,1194
472,923,1395
478,921,1399
797,874,1671
581,1361,1942
480,712,1192
409,977,1386
1846,1075,2921
522,854,1376
531,673,1204
860,619,1479
1319,804,2123
198,896,1094
824,1648,2472
1054,640,1694
1036,991,2027
794,1053,1847
702,896,1598
325,362,687
870,1363,2233
1204,878,2082
697,535,1232
1210,1069,2279
1296,2039,3335
766,674,1440
1123,544,1667
895,686,1581
423,481,904
597,1083,1680
897,1097,1994
301,765,1066
1119,812,1931
1555,1637,3192
453,730,1183
942,779,1721
1237,809,2046
581,743,1324
547,731,1278
762,1127,1889
601,889,1490
519,749,1268
289,767,1056
294,1889,2183
508,627,1135
637,831,1468
900,530,1430
673,837,1510
804,1323,2127
404,812,1216
612,672,1284
929,783,1712
431,1738,2169
608,1174,1782
392,497,889
274,661,935
244,854,1098
657,450,1107
539,471,1010
289,917,1206
427,690,1117
438,796,1234
862,969,1831
384,1102,1486
562,600,1162
1029,965,1994
517,996,1513
166,1747,1913
694,384,1078
1010,785,1795
145,514,659
19,1200,1219
1395,1561,2956
621,1107,1728
196,1283,1479
619,952,1571
336,1053,1389
843,769,1612
621,422,1043
849,628,1477
572,1026,1598
340,655,995
1959,1768,3727
1548,749,2297
600,709,1309
506,1175,1681
366,738,1104
878,783,1661
87,648,735
693,1248,1941
867,524,1391
604,951,1555
95,942,1037
1596,1128,2724
1132,914,2046
404,1181,1585
877,791,1668
1134,727,1861
1078,1680,2758
480,1275,1755
315,769,1084
47,778,825
1296,1934,3230
500,900,1400
148,1143,1291
1549,924,2473
753,951,1704
611,734,1345
636,752,1388
1391,810,2201
1375,1290,2665
667,835,1502
635,744,1379
1794,362,2156
588,763,1351
573,734,1307
814,354,1168
685,898,1583
682,501,1183
790,776,1566
441,1287,1728
969,485,1454
600,1084,1684
917,1323,2240
1147,693,1840
560,952,1512
731,1299,2030
657,351,1008
818,1106,1924
482,1401,1883
610,771,1381
774,657,1431
353,782,1135
934,493,1427
512,1278,1790
130,459,589
1114,964,2078
777,649,1426
1189,782,1971
1233,709,1942
639,1100,1739
1145,498,1643
243,1476,1719
428,1307,1735
179,707,886
456,913,1369
618,1580,2198
932,623,1555
611,951,1562
919,451,1370
857,712,1569
1203,502,1705
366,1085,1451
593,797,1390
1092,990,2082
210,641,851
1202,1066,2268
554,913,1467
130,824,954
262,616,878
545,611,1156
371,867,1238
679,1128,1807
658,993,1651
1236,1244,2480
849,1559,2408
23,1170,1193
382,1519,1901
665,1286,1951
1434,837,2271
989,961,1950
434,1604,2038
136,1156,1292
431,1596,2027
520,914,1434
542,917,1459
473,984,1457
810,1355,2165
935,2233,3168
367,1051,1418
926,669,1595
243,1366,1609
221,659,880
783,2863,3646
196,1336,1532
468,1182,1650
266,1371,1637
668,2425,3093
663,1509,2172
1157,536,1693
306,1174,1480
1077,491,1568
847,426,1273
269,1184,1453
630,949,1579
548,991,1539
2118,969,3087
544,1170,1714
1253,723,1976
1162,682,1844
571,955,1526
753,1466,2219
986,562,1548
1116,920,2036
837,881,1718
1441,396,1837
1132,511,1643
361,845,1206
795,559,1354
878,874,1752
1179,885,2064
1202,977,2179
2641,668,3309
1346,1008,2354
856,1050,1906
798,1314,2112
1293,696,1989
707,572,1279
971,661,1632
1120,684,1804
27,402,429
220,353,573
80,410,490
1143,1252,2395
1218,746,1964
1416,751,2167
660,1303,1963
191,734,925
966,897,1863
225,1090,1315
186,1120,1306
176,818,994
120,566,686
593,701,1294
454,810,1264
390,956,1346
186,816,1002
2311,1010,3321
985,1017,2002
706,733,1439
535,995,1530
746,548,1294
901,1679,2580
643,641,1284
887,624,1511
1009,433,1442
979,1686,2665
224,1021,1245
256,652,908
146,1141,1287
326,408,734
320,1463,1783
670,840,1510
413,772,1185
366,1291,1657
418,1306,1724
1048,381,1429
59,547,606
355,343,698
714,1105,1819
338,660,998
32,860,892
582,1184,1766
370,656,1026
419,690,1109
979,1066,2045
346,798,1144
1469,659,2128
363,848,1211
776,537,1313
678,777,1455
147,747,894
832,563,1395
576,798,1374
829,644,1473
219,438,657
403,1110,1513
752,1277,2029
790,683,1473
466,354,820
260,419,679
903,617,1520
1422,1155,2577
302,524,826
715,829,1544
462,323,785
411,479,890
605,1146,1751
804,778,1582
821,958,1779
777,1007,1784
497,467,964
285,888,1173
24,1160,1184
866,1198,2064
405,737,1142
337,890,1227
164,1053,1217
833,716,1549
410,803,1213
829,453,1282
819,1025,1844
724,300,1024
713,534,1247
697,594,1291
837,673,1510
1058,479,1537
227,270,497
322,628,950
764,718,1482
76,755,831
1041,648,1689
91,977,1068
26,842,868
635,983,1618
426,497,923
228,553,781
641,1395,2036
33,920,953
542,717,1259
828,1256,2084
57,1006,1063
45,1009,1054
381,555,936
566,565,1131
533,512,1045
204,1062,1266
30,1127,1157
376,1081,1457
539,824,1363
421,1003,1424
462,1180,1642
82,856,938
115,692,807
482,1164,1646
80,701,781
487,911,1398
121,973,1094
684,525,1209
543,746,1289
734,748,1482
76,1488,1564
5077,445,5522
433,814,1247
942,579,1521
112,965,1077
872,774,1646
348,776,1124
369,998,1367
715,836,1551
974,735,1709
324,1454,1778
577,844,1421
730,683,1413
751,1331,2082
756,1006,1762
825,578,1403
651,722,1373
660,720,1380
1031,909,1940
883,320,1203
671,354,1025
624,1040,1664
1127,718,1845
831,1391,2222
98,1023,1121
622,797,1419
358,657,1015
458,1372,1830
103,894,997
693,395,1088
191,1855,2046
134,1580,1714
239,555,794
921,887,1808
789,993,1782
601,632,1233
211,571,782
311,1260,1571
210,1978,2188
1252,748,2000
121,1265,1386
533,816,1349
683,1756,2439
750,696,1446
906,773,1679
396,579,975
1208,306,1514
201,586,787
879,725,1604
1286,882,2168
1010,319,1329
453,609,1062
574,736,1310
1188,1224,2412
290,1451,1741
345,1192,1537
868,895,1763
762,1632,2394
326,1069,1395
573,306,879
629,1476,2105
509,1097,1606
591,329,920
670,1002,1672
658,832,1490
297,571,868
1871,721,2592
1300,869,2169
543,1058,1601
578,1410,1988
1356,1079,2435
625,495,1120
1341,1259,2600
909,855,1764
434,1390,1824
426,843,1269
1496,898,2394
511,1483,1994
399,885,1284
466,1558,2024
1116,1052,2168
668,1314,1982
1278,1417,2695
995,1053,2048
153,567,720
738,1631,2369
1331,773,2104
676,753,1429
1401,539,1940
1000,933,1933
563,900,1463
306,1039,1345
724,877,1601
209,1177,1386
449,877,1326
1375,593,1968
745,941,1686
1169,527,1696
761,530,1291
695,766,1461
227,942,1169
1022,1247,2269
895,715,1610
490,912,1402
648,921,1569
1378,618,1996
972,930,1902
934,519,1453
667,900,1567
1207,614,1821
788,1416,2204
714,909,1623
422,676,1098
726,1420,2146
546,477,1023
105,1114,1219
255,1237,1492
983,1327,2310
156,1335,1491
1199,1069,2268
1423,501,1924
656,596,1252
667,733,1400
730,513,1243
456,876,1332
598,866,1464
1161,358,1519
397,887,1284
456,1767,2223
1181,1271,2452
587,1080,1667
815,543,1358
322,1520,1842
820,716,1536
797,1481,2278
806,885,1691
251,1031,1282
115,917,1032
953,1379,2332
604,728,1332
534,847,1381
940,822,1762
793,894,1687
1267,499,1766
1142,838,1980
419,1113,1532
383,981,1364
438,1341,1779
1105,1546,2651
587,1292,1879
778,712,1490
1151,1428,2579
1094,1085,2179
1388,581,1969
1095,904,1999
462,944,1406
576,909,1485
393,1649,2042
1595,1065,2660
551,1253,1804
757,806,1563
1005,1079,2084
541,1331,1872
193,703,896
430,794,1224
769,754,1523
1378,784,2162
943,745,1688
1056,1676,2732
696,611,1307
1014,1265,2279
1346,1734,3080
471,691,1162
458,796,1254
1115,1320,2435
333,1020,1353
614,1321,1935
1588,832,2420
888,445,1333
1286,1196,2482
187,1241,1428
578,1115,1693
507,870,1377
1214,728,1942
651,898,1549
870,1636,2506
679,522,1201
1554,881,2435
449,1792,2241
648,1077,1725
1025,795,1820
618,923,1541
701,757,1458
643,1048,1691
1303,512,1815
568,789,1357
638,896,1534
487,1348,1835
851,1063,1914
559,951,1510
702,1292,1994
1062,1107,2169
172,643,815
782,638,1420
727,874,1601
1379,571,1950
593,787,1380
720,654,1374
1535,531,2066
695,1117,1812
695,417,1112
873,897,1770
1332,565,1897
402,973,1375
733,743,1476
641,771,1412
231,1006,1237
451,518,969
899,551,1450
799,752,1551
604,423,1027
450,1041,1491
1098,453,1551
1068,446,1514
1117,1007,2124
456,1022,1478
487,1144,1631
350,2116,2466
790,896,1686
695,1283,1978
851,748,1599
881,945,1826
425,536,961
963,728,1691
624,407,1031
296,200,496
58,190,248
464,1258,1722
904,1255,2159
502,1923,2425
212,1109,1321
79,183,262
627,1599,2226
1149,640,1789
540,1675,2215
550,1505,2055
247,1093,1340
104,231,335
532,761,1293
642,1520,2162
141,261,402
879,1406,2285
503,277,780
209,276,485
845,2847,3692
205,1335,1540
1248,278,1526
851,1286,2137
1041,1193,2234
1545,2286,3831
86,429,515
597,1077,1674
662,913,1575
1495,308,1803
1535,2009,3544
287,831,1118
669,1643,2312
132,500,632
1522,302,1824
420,728,1148
1436,283,1719
2656,402,3058
50,910,960
340,1506,1846
488,382,870
1470,393,1863
2127,304,2431
69,907,976
566,329,895
957,1944,2901
565,1636,2201
717,529,1246
1968,906,2874
1152,683,1835
860,430,1290
1995,564,2559
769,630,1399
1324,537,1861
854,486,1340
1222,437,1659
799,724,1523
96,734,830
1419,405,1824
66,455,521
869,702,1571
1613,1163,2776
149,770,919
143,671,814
638,2264,2902
1421,926,2347
78,795,873
143,446,589
194,803,997
890,904,1794
113,777,890
787,1616,2403
46,577,623
56,724,780
251,627,878
80,473,553
338,1804,2142
255,799,1054
354,652,1006
452,606,1058
313,477,790
32,1147,1179
385,764,1149
58,1153,1211
1757,454,2211
386,776,1162
587,571,1158
1057,578,1635
690,650,1340
677,681,1358
439,838,1277
276,1035,1311
691,438,1129
76,701,777
320,798,1118
323,1205,1528
1083,486,1569
344,631,975
516,620,1136
1053,584,1637
526,979,1505
406,761,1167
243,888,1131
413,1388,1801
186,598,784
258,1006,1264
580,643,1223
342,1010,1352
875,516,1391
621,788,1409
645,704,1349
534,601,1135
714,1217,1931
306,591,897
308,1570,1878
372,600,972
567,692,1259
1076,427,1503
705,732,1437
238,992,1230
631,1255,1886
449,697,1146
391,729,1120
953,1135,2088
469,715,1184
637,456,1093
248,586,834
937,724,1661
586,717,1303
1184,721,1905
521,873,1394
549,779,1328
777,1199,1976
895,600,1495
551,691,1242
985,954,1939
965,591,1556
404,584,988
1233,303,1536
804,615,1419
479,1137,1616
439,804,1243
1170,651,1821
789,744,1533
530,852,1382
608,1058,1666
1492,908,2400
1201,1004,2205
979,782,1761
1230,998,2228
1142,332,1474
870,665,1535
467,625,1092
1066,322,1388
599,1023,1622
1057,885,1942
1087,769,1856
802,521,1323
303,863,1166
815,624,1439
463,557,1020
1119,821,1940
109,610,719
841,320,1161
524,610,1134
626,926,1552
477,811,1288
931,785,1716
926,532,1458
702,782,1484
120,608,728
664,331,995
421,604,1025
119,897,1016
707,1353,2060
780,526,1306
473,580,1053
983,849,1832
471,574,1045
589,728,1317
724,304,1028
702,606,1308
605,1246,1851
543,1484,2027
817,656,1473
610,1091,1701
510,1402,1912
499,695,1194
883,605,1488
628,1068,1696
828,823,1651
535,585,1120
679,986,1665
629,859,1488
67,458,525
739,1237,1976
502,1096,1598
978,933,1911
1120,703,1823
1197,658,1855
562,984,1546
663,714,1377
247,471,718
1322,537,1859
763,847,1610
889,862,1751
225,823,1048
690,487,1177
43,874,917
275,859,1134
468,708,1176
269,321,590
538,538,1076
141,1036,1177
392,874,1266
223,929,1152
425,625,1050
47,1162,1209
820,393,1213
414,772,1186
386,232,618
612,694,1306
409,841,1250
758,535,1293
405,1047,1452
556,854,1410
243,1258,1501
296,649,945
788,800,1588
21,1158,1179
100,952,1052
758,910,1668
214,1037,1251
420,718,1138
704,1094,1798
257,1016,1273
543,824,1367
591,1169,1760
346,891,1237
615,347,962
702,771,1473
662,664,1326
1069,896,1965
513,821,1334
597,591,1188
812,637,1449
154,728,882
642,652,1294
345,599,944
76,837,913
175,988,1163
888,754,1642
206,990,1196
1014,705,1719
196,987,1183
422,1489,1911
901,855,1756
132,970,1102
237,909,1146
1017,1023,2040
639,588,1227
720,580,1300
765,917,1682
667,588,1255
448,779,1227
481,898,1379
161,1285,1446
74,308,382
489,865,1354
455,1090,1545
749,1322,2071
686,854,1540
701,845,1546
819,517,1336
875,527,1402
663,811,1474
543,879,1422
868,699,1567
833,646,1479
627,693,1320
505,951,1456
224,682,906
370,1279,1649
893,630,1523
822,687,1509
781,476,1257
123,969,1092
643,780,1423
1018,1471,2489
519,916,1435
945,630,1575
886,1456,2342
842,1109,1951
602,461,1063
810,644,1454
658,428,1086
856,500,1356
410,1107,1517
413,491,904
525,1093,1618
572,1273,1845
1048,1035,2083
1106,980,2086
700,1117,1817
346,715,1061
1364,921,2285
1254,975,2229
602,615,1217
556,739,1295
1182,551,1733
520,905,1425
594,504,1098
132,1219,1351
718,905,1623
761,560,1321
927,766,1693
657,884,1541
129,682,811
880,566,1446
587,821,1408
467,908,1375
548,692,1240
184,1901,2085
990,694,1684
591,920,1511
839,673,1512
221,655,876
654,1157,1811
475,524,999
161,880,1041
474,1147,1621
258,779,1037
810,1523,2333
998,689,1687
505,1154,1659
477,679,1156
297,641,938
989,1507,2496
604,620,1224
211,687,898
791,1030,1821
269,926,1195
1046,1368,2414
369,1009,1378
595,800,1395
504,692,1196
1035,1149,2184
485,661,1146
262,854,1116
1008,1245,2253
581,859,1440
1168,857,2025
623,964,1587
457,816,1273
669,1038,1707
756,799,1555
551,745,1296
1823,831,2654
366,1173,1539
1004,1048,2052
593,1034,1627
859,920,1779
977,1214,2191
1015,890,1905
441,1003,1444
614,1086,1700
589,789,1378
933,1149,2082
676,822,1498
599,944,1543
555,1359,1914
1186,769,1955
587,1034,1621
866,1034,1900
1069,357,1426
510,1158,1668
1021,1231,2252
470,761,1231
1202,407,1609
270,1032,1302
1236,1372,2608
770,817,1587
716,999,1715
917,317,1234
479,1269,1748
615,828,1443
369,571,940
988,331,1319
764,952,1716
603,1186,1789
947,744,1691
918,473,1391
922,731,1653
682,1120,1802
1055,400,1455
1134,612,1746
732,410,1142
879,579,1458
342,424,766
782,722,1504
837,689,1526
604,399,1003
1268,315,1583
860,289,1149
1056,315,1371
116,353,469
1129,463,1592
1396,400,1796
91,450,541
1232,577,1809
1083,553,1636
173,483,656
208,506,714
1244,534,1778
22,403,425
195,618,813
228,535,763
1409,574,1983
1126,596,1722
137,500,637
306,432,738
80,747,827
76,835,911
176,615,791
69,458,527
48,804,852
54,421,475
185,512,697
74,843,917
91,667,758
301,519,820
1709,327,2036
239,688,927
346,500,846
296,370,666
307,461,768
445,819,1264
262,534,796
2126,2018,4144
814,441,1255
844,457,1301
184,2438,2622
197,1218,1415
317,570,887
822,396,1218
280,1287,1567
600,915,1515
301,974,1275
197,487,684
113,442,555
188,444,632
874,1824,2698
445,538,983
326,487,813
148,575,723
547,1021,1568
800,734,1534
1227,310,1537
1094,759,1853
81,609,690
1099,924,2023
676,506,1182
815,942,1757
1583,685,2268
286,571,857
770,776,1546
648,535,1183
305,772,1077
67,1156,1223
272,696,968
462,533,995
129,828,957
172,1137,1309
255,888,1143
652,308,960
87,558,645
125,947,1072
67,1186,1253
1539,682,2221
65,506,571
220,1104,1324
172,1286,1458
499,710,1209
395,377,772
133,1775,1908
500,1007,1507
471,910,1381
466,808,1274
112,570,682
272,449,721
425,1067,1492
642,909,1551
239,664,903
430,439,869
224,1976,2200
483,1295,1778
989,686,1675
253,887,1140
168,1422,1590
285,870,1155
670,1133,1803
1060,780,1840
535,680,1215
769,419,1188
224,1981,2205
739,1196,1935
1038,875,1913
294,1051,1345
364,1444,1808
224,1043,1267
760,1079,1839
1156,913,2069
586,949,1535
60,730,790
1402,1096,2498
757,1048,1805
657,1069,1726
211,1642,1853
338,1236,1574
615,820,1435
820,981,1801
1011,921,1932
441,979,1420
466,1597,2063
982,1083,2065
939,579,1518
1070,1079,2149
1092,1232,2324
279,1134,1413
593,1103,1696
841,819,1660
76,999,1075
803,1067,1870
801,1325,2126
522,538,1060
1277,1224,2501
163,1179,1342
767,1106,1873
327,1458,1785
690,524,1214
246,1461,1707
1648,1127,2775
944,1407,2351
793,462,1255
1747,862,2609
576,1071,1647
833,538,1371
738,906,1644
647,1285,1932
802,759,1561
938,652,1590
1751,1788,3539
989,1218,2207
60,719,779
801,1672,2473
937,1218,2155
578,1346,1924
1039,1210,2249
1074,554,1628
1006,1405,2411
1088,911,1999
87,935,1022
652,1269,1921
902,403,1305
427,549,976
771,1225,1996
1332,708,2040
722,604,1326
849,1186,2035
1163,935,2098
1146,784,1930
313,920,1233
516,1234,1750
206,1105,1311
1042,1389,2431
1568,482,2050
212,634,846
744,726,1470
889,2275,3164
975,736,1711
602,875,1477
330,744,1074
753,1970,2723
242,1379,1621
867,688,1555
238,873,1111
1006,739,1745
575,513,1088
836,845,1681
999,1279,2278
656,1087,1743
1200,1455,2655
385,1346,1731
498,855,1353
492,655,1147
760,609,1369
576,995,1571
1198,965,2163
566,832,1398
297,1241,1538
1634,500,2134
1104,1231,2335
759,611,1370
637,1409,2046
611,829,1440
175,615,790
556,799,1355
725,851,1576
470,980,1450
522,1210,1732
823,724,1547
600,795,1395
580,1219,1799
1101,716,1817
684,730,1414
1785,545,2330
955,1159,2114
404,472,876
125,990,1115
596,596,1192
776,1334,2110
830,1385,2215
1157,716,1873
401,891,1292
1338,989,2327
1331,925,2256
817,508,1325
771,544,1315
860,514,1374
605,1271,1876
273,631,904
728,791,1519
911,1544,2455
841,700,1541
762,772,1534
469,696,1165
36,618,654
159,1045,1204
1065,853,1918
505,1385,1890
222,769,991
545,1119,1664
942,2033,2975
133,1084,1217
347,678,1025
79,934,1013
1373,1830,3203
464,705,1169
162,690,852
709,618,1327
676,542,1218
530,880,1410
335,1149,1484
450,969,1419
1193,920,2113
414,1099,1513
1238,1579,2817
1278,903,2181
154,577,731
34,752,786
899,558,1457
278,1030,1308
566,1011,1577
319,694,1013
676,1109,1785
681,895,1576
1844,727,2571
483,1216,1699
803,1193,1996
1429,757,2186
649,1346,1995
569,1103,1672
1016,823,1839
568,534,1102
523,867,1390
598,801,1399
25,911,936
756,504,1260
192,692,884
1103,1409,2512
556,688,1244
291,1133,1424
429,1001,1430
1216,2116,3332
865,575,1440
637,938,1575
725,713,1438
723,721,1444
246,668,914
364,764,1128
866,788,1654
507,991,1498
716,1957,2673
690,647,1337
1124,525,1649
1257,1587,2844
529,743,1272
354,900,1254
481,839,1320
307,860,1167
510,903,1413
842,785,1627
36,1222,1258
267,654,921
729,757,1486
1575,607,2182
155,720,875
373,1129,1502
235,1141,1376
307,879,1186
479,793,1272
870,997,1867
269,1034,1303
450,903,1353
837,669,1506
570,1109,1679
406,1094,1500
289,902,1191
570,1890,2460
493,1058,1551
720,1443,2163
642,973,1615
1509,910,2419
416,966,1382
180,667,847
1061,867,1928
1386,1215,2601
603,834,1437
712,2018,2730
750,1090,1840
939,809,1748
917,844,1761
348,1034,1382
587,798,1385
538,1147,1685
327,1090,1417
386,845,1231
988,1951,2939
964,1799,2763
595,1119,1714
215,850,1065
750,2309,3059
1541,986,2527
150,1123,1273
372,1071,1443
1120,1422,2542
1818,739,2557
453,1187,1640
820,1589,2409
622,766,1388
602,886,1488
614,812,1426
709,487,1196
667,948,1615
1605,757,2362
970,803,1773
674,678,1352
1242,960,2202
650,1432,2082
952,1169,2121
534,799,1333
2035,829,2864
660,1629,2289
701,1291,1992
582,901,1483
1016,1224,2240
686,1440,2126
613,1521,2134
793,1574,2367
919,1053,1972
642,1028,1670
847,1401,2248
555,1611,2166
1330,968,2298
1114,982,2096
962,804,1766
411,1439,1850
825,1882,2707
900,1034,1934
297,1274,1571
665,1551,2216
604,649,1253
486,1314,1800
1380,1369,2749
483,1495,1978
778,1220,1998
1382,504,1886
726,1256,1982
879,916,1795
335,1554,1889
1301,659,1960
906,1067,1973
1304,299,1603
1743,408,2151
833,1066,1899
787,801,1588
1164,798,1962
964,1057,2021
347,690,1037
743,1384,2127
1096,521,1617
872,1201,2073
336,1038,1374
1231,1081,2312
328,311,639
1383,1005,2388
940,588,1528
907,1202,2109
327,1209,1536
1396,848,2244
328,315,643
479,1118,1597
1280,613,1893
911,664,1575
118,680,798
304,1146,1450
800,846,1646
1866,558,2424
815,1109,1924
276,818,1094
230,942,1172
524,447,971
341,666,1007
1101,869,1970
432,776,1208
102,713,815
1088,1621,2709
388,383,771
524,612,1136
646,1799,2445
512,595,1107
571,665,1236
1181,1102,2283
834,351,1185
136,879,1015
684,908,1592
218,771,989
322,803,1125
820,1445,2265
526,800,1326
346,907,1253
798,479,1277
584,501,1085
713,941,1654
372,667,1039
536,1009,1545
379,681,1060
161,936,1097
162,716,878
57,937,994
379,643,1022
959,615,1574
836,1040,1876
620,898,1518
119,811,930
459,680,1139
948,812,1760
513,639,1152
717,572,1289
556,570,1126
129,2012,2141
436,917,1353
336,896,1232
351,714,1065
496,1879,2375
1260,961,2221
654,627,1281
724,748,1472
530,839,1369
817,747,1564
237,788,1025
737,675,1412
839,1494,2333
414,654,1068
521,467,988
683,603,1286
781,723,1504
786,787,1573
550,702,1252
381,968,1349
826,989,1815
348,492,840
606,1249,1855
450,632,1082
396,1029,1425
587,1341,1928
561,809,1370
626,801,1427
727,684,1411
1250,1139,2389
392,526,918
474,874,1348
271,872,1143
1878,708,2586
606,1545,2151
458,1148,1606
686,674,1360
603,1180,1783
574,522,1096
477,769,1246
368,614,982
1567,1006,2573
546,866,1412
728,550,1278
682,767,1449
839,1016,1855
828,990,1818
417,643,1060
1177,676,1853
560,542,1102
533,1103,1636
593,1129,1722
1325,1225,2550
942,775,1717
456,530,986
519,1217,1736
770,887,1657
1437,436,1873
638,458,1096
721,1002,1723
1122,724,1846
1261,852,2113
667,517,1184
659,1065,1724
949,718,1667
975,718,1693
524,1340,1864
351,596,947
1057,719,1776
829,437,1266
1024,1162,2186
724,1485,2209
955,590,1545
270,564,834
185,644,829
1005,1152,2157
666,598,1264
466,700,1166
536,682,1218
1158,635,1793
1130,478,1608
590,1304,1894
355,926,1281
310,742,1052
523,1032,1555
687,648,1335
1398,337,1735
629,544,1173
743,1502,2245
254,943,1197
321,609,930
580,997,1577
354,654,1008
743,442,1185
944,904,1848
686,428,1114
416,1590,2006
426,1003,1429
611,880,1491
917,671,1588
1210,457,1667
591,666,1257
973,591,1564
1320,272,1592
669,561,1230
1223,1022,2245
675,776,1451
880,500,1380
799,444,1243
1103,472,1575
518,898,1416
889,633,1522
999,535,1534
564,821,1385
1718,563,2281
1254,438,1692
563,1081,1644
521,851,1372
1208,797,2005
239,1409,1648
818,642,1460
883,618,1501
646,672,1318
1521,915,2436
748,646,1394
479,796,1275
1256,755,2011
528,789,1317
805,955,1760
491,742,1233
910,527,1437
507,941,1448
1112,776,1888
738,1219,1957
934,771,1705
319,776,1095
445,759,1204
552,923,1475
588,762,1350
679,771,1450
308,974,1282
602,878,1480
794,1287,2081
518,806,1324
273,678,951
230,787,1017
1219,615,1834
449,546,995
455,526,981
492,1077,1569
637,781,1418
421,1155,1576
575,1325,1900
499,442,941
1131,563,1694
285,840,1125
626,497,1123
481,671,1152
481,761,1242
259,973,1232
508,667,1175
552,644,1196
736,407,1143
773,637,1410
541,803,1344
403,1537,1940
941,611,1552
806,1821,2627
485,956,1441
784,193,977
442,980,1422
759,1554,2313
782,1271,2053
469,868,1337
504,486,990
339,649,988
431,572,1003
591,927,1518
561,810,1371
889,773,1662
1438,923,2361
519,1404,1923
598,964,1562
1536,531,2067
319,912,1231
540,604,1144
843,761,1604
428,650,1078
762,814,1576
985,1153,2138
859,822,1681
1503,456,1959
305,973,1278
477,484,961
484,810,1294
603,972,1575
1120,1116,2236
679,506,1185
527,585,1112
626,669,1295
688,392,1080
325,563,888
761,865,1626
790,1105,1895
1343,739,2082
532,468,1000
189,952,1141
373,699,1072
40,916,956
469,493,962
238,894,1132
566,973,1539
186,1080,1266
833,735,1568
187,634,821
994,806,1800
665,602,1267
343,561,904
336,1271,1607
830,782,1612
487,716,1203
976,769,1745
405,644,1049
760,879,1639
778,1134,1912
626,722,1348
980,405,1385
496,1411,1907
41,1163,1204
509,583,1092
558,750,1308
565,1328,1893
91,1786,1877
687,750,1437
600,422,1022
1186,687,1873
582,666,1248
576,631,1207
791,402,1193
890,876,1766
981,953,1934
304,413,717
925,848,1773
514,748,1262
513,467,980
585,855,1440
1152,487,1639
674,371,1045
276,442,718
737,1093,1830
380,785,1165
583,371,954
642,1413,2055
1038,1085,2123
366,1340,1706
1010,591,1601
277,491,768
619,773,1392
647,641,1288
567,284,851
1010,1102,2112
745,582,1327
1459,734,2193
467,726,1193
279,837,1116
783,594,1377
479,821,1300
467,1605,2072
86,438,524
520,633,1153
503,617,1120
462,1082,1544
109,581,690
946,1077,2023
343,578,921
152,587,739
854,932,1786
434,350,784
537,1180,1717
657,459,1116
649,996,1645
434,1451,1885
1269,683,1952
432,929,1361
336,525,861
887,1336,2223
170,1020,1190
538,1644,2182
565,471,1036
670,1131,1801
1022,1087,2109
968,873,1841
534,448,982
1406,958,2364
1332,995,2327
1146,1518,2664
1134,604,1738
516,1096,1612
396,598,994
447,988,1435
977,1326,2303
1095,1526,2621
965,1424,2389
330,702,1032
12039,549,12588
780,267,1047
304,1032,1336
86,759,845
427,1089,1516
420,433,853
491,1307,1798
1614,920,2534
639,1071,1710
406,446,852
366,1229,1595
644,1649,2293
262,869,1131
60,767,827
756,1262,2018
290,1399,1689
1017,837,1854
101,1056,1157
764,1288,2052
989,1527,2516
1300,833,2133
650,572,1222
603,1010,1613
205,449,654
701,597,1298
954,893,1847
862,1772,2634
929,1165,2094
629,724,1353
889,848,1737
180,1576,1756
717,1572,2289
492,1336,1828
380,696,1076
906,397,1303
596,899,1495
251,1939,2190
585,738,1323
244,526,770
884,1940,2824
66,728,794
1229,886,2115
1561,1280,2841
267,570,837
1091,1144,2235
249,524,773
1085,1043,2128
868,1670,2538
991,988,1979
1172,823,1995
838,761,1599
1480,1056,2536
599,277,876
911,1124,2035
313,626,939
1273,1257,2530
1375,613,1988
1137,1367,2504
763,1384,2147
1184,1206,2390
225,886,1111
1232,1208,2440
1100,1035,2135
691,730,1421
634,435,1069
1454,771,2225
826,1344,2170
697,1433,2130
625,874,1499
867,823,1690
254,650,904
1021,922,1943
480,1059,1539
767,611,1378
1076,732,1808
395,935,1330
320,1386,1706
556,1156,1712
929,718,1647
295,998,1293
412,734,1146
1030,897,1927
265,1108,1373
849,719,1568
482,1055,1537
591,1356,1947
452,1473,1925
954,835,1789
912,869,1781
1099,697,1796
978,497,1475
613,781,1394
1284,773,2057
410,912,1322
740,999,1739
94,1115,1209
1057,742,1799
913,1020,1933
1149,706,1855
372,1118,1490
847,866,1713
950,896,1846
1285,704,1989
441,1287,1728
645,908,1553
847,896,1743
544,522,1066
672,937,1609
560,1070,1630
881,661,1542
312,1286,1598
744,726,1470
1211,470,1681
258,912,1170
660,905,1565
608,508,1116
961,571,1532
630,1257,1887
980,784,1764
627,1372,1999
592,1423,2015
727,561,1288
852,816,1668
684,684,1368
773,686,1459
910,1011,1921
1145,498,1643
616,1208,1824
1168,538,1706
1085,1144,2229
528,493,1021
1132,370,1502
695,679,1374
745,702,1447
815,1021,1836
635,339,974
720,716,1436
751,1309,2060
806,882,1688
1121,1043,2164
419,1320,1739
439,834,1273
796,792,1588
783,824,1607
453,1357,1810
224,875,1099
568,1506,2074
410,1163,1573
1193,860,2053
395,860,1255
204,994,1198
1013,774,1787
490,787,1277
485,1389,1874
944,1029,1973
651,1015,1666
1106,922,2028
474,1212,1686
705,979,1684
465,967,1432
585,1426,2011
182,844,1026
1113,827,1940
292,694,986
1209,535,1744
909,661,1570
440,889,1329
1075,703,1778
480,777,1257
799,1301,2100
941,386,1327
371,968,1339
1020,1129,2149
61,533,594
502,952,1454
659,927,1586
582,980,1562
1240,522,1762
117,539,656
723,901,1624
1241,745,1986
654,895,1549
906,719,1625
230,1343,1573
752,785,1537
713,964,1677
656,758,1414
434,1477,1911
528,1123,1651
774,695,1469
885,973,1858
932,228,1160
268,789,1057
525,910,1435
1147,502,1649
615,1356,1971
754,799,1553
786,954,1740
641,581,1222
252,1104,1356
1026,708,1734
832,230,1062
623,796,1419
648,718,1366
1285,665,1950
965,242,1207
282,795,1077
238,488,726
682,611,1293
1050,1045,2095
937,199,1136
1119,425,1544
1637,406,2043
316,921,1237
1373,839,2212
1294,695,1989
1262,554,1816
1447,551,1998
877,425,1302
607,526,1133
988,704,1692
1153,498,1651
718,718,1436
628,812,1440
932,688,1620
343,1272,1615
1402,746,2148
760,1191,1951
141,377,518
885,766,1651
319,1114,1433
782,683,1465
279,495,774
196,703,899
1437,743,2180
281,499,780
358,557,915
819,2289,3108
308,495,803
681,777,1458
702,2648,3350
607,892,1499
391,316,707
655,443,1098
601,2263,2864
569,324,893
260,1027,1287
96,888,984
723,488,1211
977,894,1871
725,1249,1974
529,1536,2065
287,286,573
203,1211,1414
553,666,1219
586,470,1056
350,1002,1352
302,1005,1307
719,614,1333
2061,867,2928
399,1089,1488
657,2051,2708
330,487,817
586,1126,1712
301,639,940
320,1269,1589
759,606,1365
1023,695,1718
707,845,1552
2360,658,3018
1108,540,1648
338,983,1321
231,754,985
444,1009,1453
227,862,1089
480,1332,1812
151,938,1089
937,1708,2645
367,860,1227
2184,850,3034
832,569,1401
458,727,1185
601,1032,1633
513,566,1079
292,907,1199
456,1536,1992
1319,1505,2824
220,1506,1726
524,910,1434
956,520,1476
502,699,1201
1987,1076,3063
714,842,1556
752,397,1149
518,961,1479
1004,1006,2010
648,1237,1885
891,1282,2173
948,837,1785
275,693,968
416,733,1149
858,1531,2389
668,714,1382
578,479,1057
747,851,1598
629,996,1625
496,679,1175
1438,837,2275
566,1065,1631
324,925,1249
1331,933,2264
1446,868,2314
563,759,1322
594,897,1491
875,1440,2315
949,775,1724
255,674,929
826,1726,2552
303,1217,1520
502,871,1373
1132,1308,2440
1114,491,1605
538,720,1258
1228,882,2110
639,988,1627
314,729,1043
884,909,1793
1441,1416,2857
878,723,1601
855,942,1797
1105,811,1916
1151,745,1896
778,731,1509
866,670,1536
820,853,1673
551,737,1288
777,1074,1851
827,1204,2031
760,1117,1877
595,951,1546
582,1113,1695
894,766,1660
603,681,1284
746,716,1462
790,1107,1897
1609,507,2116
555,456,1011
1017,924,1941
477,919,1396
712,903,1615
109,911,1020
653,1277,1930
633,722,1355
348,885,1233
1218,826,2044
813,250,1063
886,702,1588
491,693,1184
652,739,1391
410,1093,1503
604,1204,1808
1201,827,2028
620,678,1298
610,836,1446
375,1007,1382
557,478,1035
985,499,1484
637,717,1354
921,1284,2205
814,1004,1818
632,840,1472
867,1021,1888
608,1331,1939
832,813,1645
225,1014,1239
1158,1105,2263
535,827,1362
555,1743,2298
550,636,1186
422,573,995
601,891,1492
650,1344,1994
736,822,1558
945,619,1564
880,329,1209
685,302,987
535,811,1346
51,895,946
622,789,1411
1066,809,1875
777,1543,2320
619,1430,2049
534,1037,1571
1064,966,2030
876,1482,2358
740,912,1652
219,1284,1503
100,1341,1441
730,1669,2399
632,812,1444
448,1296,1744
980,1876,2856
873,328,1201
736,1439,2175
752,1592,2344
827,343,1170
562,2343,2905
531,1832,2363
671,1290,1961
1215,913,2128
656,972,1628
1046,2470,3516
1706,300,2006
1127,690,1817
688,347,1035
974,1238,2212
530,173,703
1042,455,1497
1549,1771,3320
183,421,604
401,1338,1739
392,1655,2047
685,1094,1779
888,1376,2264
1505,326,1831
80,954,1034
817,1380,2197
257,392,649
1706,1391,3097
84,438,522
1381,895,2276
2392,521,2913
1324,780,2104
1220,427,1647
1641,680,2321
1164,949,2113
925,425,1350
1030,958,1988
253,407,660
1102,929,2031
116,1041,1157
1296,539,1835
135,652,787
1517,589,2106
556,651,1207
1711,540,2251
809,813,1622
773,618,1391
1299,534,1833
111,1429,1540
816,1308,2124
202,751,953
477,360,837
247,777,1024
1478,510,1988
19,608,627
580,627,1207
849,652,1501
1064,937,2001
432,664,1096
681,465,1146
965,237,1202
30,684,714
53,640,693
177,538,715
760,592,1352
831,805,1636
743,866,1609
167,707,874
859,696,1555
79,304,383
64,761,825
192,639,831
307,578,885
303,716,1019
337,805,1142
463,461,924
223,839,1062
953,1102,2055
123,447,570
677,1671,2348
543,703,1246
1326,1108,2434
176,727,903
541,689,1230
1217,657,1874
322,866,1188
280,1072,1352
487,650,1137
537,1026,1563
492,1004,1496
576,594,1170
465,1002,1467
198,670,868
743,868,1611
430,891,1321
388,649,1037
370,686,1056
807,582,1389
440,497,937
623,797,1420
745,3510,4255
494,485,979
895,344,1239
678,913,1591
701,703,1404
545,487,1032
882,741,1623
519,482,1001
380,919,1299
849,3543,4392
422,798,1220
585,699,1284
755,361,1116
633,314,947
731,812,1543
531,463,994
466,530,996
497,1189,1686
1500,3046,4546
388,1434,1822
107,550,657
985,675,1660
993,748,1741
60,445,505
404,966,1370
943,659,1602
595,1150,1745
3204,1010,4214
571,1512,2083
205,484,689
3444,736,4180
669,972,1641
130,613,743
564,1056,1620
677,984,1661
680,1029,1709
193,745,938
737,780,1517
473,407,880
2931,636,3567
457,534,991
661,1429,2090
884,1019,1903
625,1082,1707
1133,746,1879
545,1106,1651
858,663,1521
95,513,608
609,527,1136
1049,723,1772
1233,813,2046
633,1209,1842
377,840,1217
150,1079,1229
136,659,795
207,440,647
729,588,1317
315,571,886
832,647,1479
438,625,1063
292,1164,1456
722,761,1483
487,660,1147
321,684,1005
628,1063,1691
920,807,1727
487,659,1146
374,748,1122
523,651,1174
348,1079,1427
633,718,1351
1288,820,2108
668,627,1295
354,590,944
405,748,1153
520,843,1363
445,803,1248
809,831,1640
41,1405,1446
491,702,1193
1300,1134,2434
1054,725,1779
363,635,998
368,454,822
517,678,1195
633,477,1110
629,435,1064
231,1878,2109
860,807,1667
412,316,728
526,656,1182
657,1721,2378
402,793,1195
420,883,1303
539,818,1357
521,638,1159
631,1129,1760
976,785,1761
951,990,1941
427,676,1103
436,1636,2072
665,992,1657
560,692,1252
544,874,1418
687,764,1451
796,1206,2002
807,1028,1835
1347,829,2176
486,1040,1526
1688,576,2264
650,971,1621
610,846,1456
1707,449,2156
614,785,1399
1038,996,2034
619,1132,1751
534,745,1279
317,1043,1360
1013,1118,2131
723,588,1311
317,914,1231
809,864,1673
526,614,1140
513,818,1331
564,1140,1704
1723,570,2293
638,1066,1704
1095,647,1742
269,864,1133
773,749,1522
516,717,1233
617,694,1311
920,446,1366
979,516,1495
826,455,1281
743,691,1434
878,812,1690
376,445,821
122,697,819
815,689,1504
603,1203,1806
88,690,778
173,675,848
719,1238,1957
973,829,1802
216,651,867
341,551,892
843,1452,2295
897,961,1858
987,758,1745
449,335,784
798,1306,2104
78,734,812
885,1156,2041
215,666,881
540,408,948
346,664,1010
500,658,1158
1060,1345,2405
631,619,1250
1118,638,1756
1057,1246,2303
319,562,881
408,664,1072
822,2265,3087
368,557,925
288,665,953
380,563,943
1065,931,1996
364,1190,1554
895,591,1486
560,641,1201
628,804,1432
982,2056,3038
395,893,1288
687,967,1654
492,1109,1601
555,1176,1731
492,1125,1617
1039,869,1908
673,614,1287
566,1212,1778
510,377,887
1224,633,1857
711,877,1588
199,753,952
913,988,1901
956,710,1666
218,871,1089
252,748,1000
686,1037,1723
1044,587,1631
572,668,1240
149,877,1026
772,458,1230
274,894,1168
316,950,1266
260,1468,1728
288,732,1020
1086,695,1781
1099,440,1539
473,1169,1642
156,1048,1204
52,480,532
430,1064,1494
572,763,1335
543,1414,1957
689,495,1184
693,708,1401
1104,885,1989
504,1133,1637
199,660,859
107,631,738
542,1015,1557
564,849,1413
530,1239,1769
845,635,1480
736,640,1376
1077,592,1669
292,630,922
299,615,914
971,728,1699
430,632,1062
362,748,1110
572,1266,1838
675,608,1283
489,750,1239
1215,640,1855
348,623,971
756,927,1683
371,778,1149
597,576,1173
185,1319,1504
560,904,1464
691,597,1288
708,606,1314
844,539,1383
785,968,1753
493,586,1079
597,1437,2034
505,631,1136
597,951,1548
560,756,1316
512,665,1177
508,661,1169
511,737,1248
994,1240,2234
440,786,1226
408,858,1266
535,1341,1876
802,926,1728
834,995,1829
265,757,1022
502,641,1143
748,2121,2869
1106,1258,2364
1192,706,1898
490,893,1383
1158,496,1654
638,1029,1667
788,4278,5066
716,1244,1960
478,706,1184
1184,334,1518
1740,2598,4338
306,589,895
950,1081,2031
543,524,1067
1729,2619,4348
619,339,958
516,616,1132
478,1133,1611
4037,355,4392
777,979,1756
504,1240,1744
457,618,1075
814,405,1219
971,843,1814
463,210,673
674,893,1567
758,566,1324
251,1314,1565
537,1028,1565
607,777,1384
2318,375,2693
559,812,1371
340,1432,1772
979,214,1193
245,1387,1632
577,933,1510
1085,966,2051
1153,655,1808
831,1031,1862
1411,457,1868
975,558,1533
881,700,1581
1188,447,1635
174,523,697
207,526,733
2939,627,3566
529,222,751
220,515,735
111,185,296
338,1851,2189
978,870,1848
148,211,359
998,1282,2280
632,373,1005
206,213,419
300,396,696
175,363,538
386,636,1022
648,1793,2441
221,923,1144
694,1320,2014
220,436,656
791,1773,2564
633,469,1102
79,242,321
1231,1042,2273
374,515,889
189,407,596
638,565,1203
520,2333,2853
232,529,761
531,566,1097
1087,420,1507
568,500,1068
542,464,1006
813,372,1185
728,3003,3731
619,810,1429
804,2118,2922
1002,1365,2367
64,567,631
479,3066,3545
317,522,839
95,652,747
758,719,1477
131,522,653
1001,1807,2808
253,631,884
44,176,220
679,2937,3616
212,603,815
1594,406,2000
80,526,606
146,1723,1869
304,727,1031
213,794,1007
402,1739,2141
417,530,947
1427,2003,3430
110,567,677
126,533,659
121,532,653
1201,1038,2239
362,716,1078
231,733,964
1199,811,2010
293,524,817
3044,556,3600
371,604,975
535,655,1190
279,1327,1606
693,431,1124
71,1613,1684
1235,1129,2364
261,1046,1307
154,665,819
243,1462,1705
2846,649,3495
648,379,1027
305,998,1303
1163,573,1736
304,756,1060
1658,1048,2706
272,1195,1467
1925,766,2691
266,825,1091
565,828,1393
808,913,1721
1328,683,2011
370,838,1208
523,567,1090
186,390,576
28,803,831
383,830,1213
20,725,745
921,842,1763
82,1304,1386
358,461,819
221,1237,1458
1024,536,1560
570,1176,1746
426,474,900
601,941,1542
551,1111,1662
363,1322,1685
647,326,973
120,944,1064
627,792,1419
1567,1186,2753
495,532,1027
410,750,1160
363,1472,1835
923,1226,2149
545,1162,1707
170,333,503
630,1246,1876
884,440,1324
202,1188,1390
623,609,1232
641,754,1395
441,996,1437
762,381,1143
1540,316,1856
1067,743,1810
195,503,698
539,689,1228
252,574,826
182,638,820
1139,311,1450
612,881,1493
851,592,1443
258,779,1037
677,1202,1879
936,963,1899
1385,1340,2725
892,778,1670
1201,1054,2255
166,621,787
1169,523,1692
32,1077,1109
378,654,1032
726,851,1577
1045,1311,2356
999,578,1577
387,1494,1881
179,808,987
1178,1033,2211
1048,1140,2188
213,1770,1983
445,647,1092
595,1021,1616
852,1065,1917
1189,850,2039
1134,1011,2145
464,597,1061
1114,665,1779
545,973,1518
531,964,1495
838,424,1262
550,1339,1889
1220,590,1810
693,967,1660
548,934,1482
1692,327,2019
497,1026,1523
893,687,1580
653,702,1355
932,381,1313
812,329,1141
521,1285,1806
955,929,1884
573,661,1234
258,903,1161
672,1076,1748
571,745,1316
786,1347,2133
344,511,855
649,237,886
992,753,1745
701,601,1302
102,1555,1657
214,635,849
376,957,1333
783,938,1721
689,1319,2008
244,638,882
77,437,514
596,939,1535
732,1440,2172
426,499,925
117,561,678
1094,603,1697
564,913,1477
794,997,1791
966,1406,2372
391,1494,1885
1001,529,1530
1219,749,1968
442,752,1194
425,343,768
175,562,737
576,586,1162
778,1072,1850
362,1572,1934
538,465,1003
424,551,975
1208,375,1583
825,801,1626
813,763,1576
284,490,774
708,493,1201
1216,908,2124
262,468,730
594,1268,1862
830,573,1403
436,393,829
321,528,849
875,1003,1878
355,501,856
538,1192,1730
256,666,922
307,916,1223
616,215,831
425,942,1367
1035,1124,2159
705,1461,2166
595,1615,2210
627,1101,1728
1447,1073,2520
902,1633,2535
1312,1676,2988
468,1351,1819
755,867,1622
483,621,1104
1147,1528,2675
669,231,900
760,937,1697
631,1691,2322
532,1464,1996
1202,577,1779
341,279,620
768,1476,2244
901,774,1675
1160,1023,2183
1463,1262,2725
1100,1201,2301
407,604,1011
1551,458,2009
1531,487,2018
1629,730,2359
619,1003,1622
484,452,936
943,482,1425
1085,886,1971
991,495,1486
210,780,990
746,626,1372
1019,1150,2169
1199,515,1714
1271,360,1631
684,1007,1691
1042,480,1522
914,1036,1950
697,715,1412
1116,487,1603
840,591,1431
1234,584,1818
592,523,1115
207,929,1136
673,1193,1866
752,881,1633
476,1021,1497
340,902,1242
1103,482,1585
547,735,1282
433,1694,2127
251,541,792
857,497,1354
945,612,1557
800,623,1423
286,722,1008
417,540,957
670,590,1260
197,522,719
789,1431,2220
321,1696,2017
598,449,1047
698,745,1443
934,768,1702
467,1567,2034
352,455,807
390,791,1181
386,542,928
175,605,780
418,1008,1426
451,615,1066
1188,657,1845
917,1274,2191
690,1466,2156
490,1131,1621
1582,769,2351
305,488,793
211,1266,1477
454,884,1338
1641,782,2423
561,1160,1721
307,785,1092
1253,698,1951
1041,640,1681
509,1150,1659
401,1200,1601
302,549,851
268,822,1090
382,1312,1694
412,1592,2004
493,873,1366
1517,694,2211
648,362,1010
834,473,1307
1002,478,1480
1318,844,2162
492,556,1048
476,1055,1531
632,583,1215
426,1673,2099
562,846,1408
660,718,1378
673,484,1157
1003,1277,2280
662,735,1397
319,1256,1575
422,731,1153
530,1226,1756
411,1279,1690
1025,484,1509
903,916,1819
444,591,1035
447,1375,1822
751,560,1311
372,749,1121
1183,724,1907
744,630,1374
1072,727,1799
532,875,1407
1075,748,1823
200,731,931
688,443,1131
628,1369,1997
1247,404,1651
1522,769,2291
758,1048,1806
862,862,1724
199,919,1118
736,739,1475
620,1221,1841
417,727,1144
444,436,880
299,1674,1973
633,329,962
1533,917,2450
474,787,1261
868,1020,1888
355,882,1237
1101,1061,2162
407,885,1292
503,746,1249
459,501,960
674,936,1610
696,863,1559
633,446,1079
1162,895,2057
876,735,1611
520,990,1510
200,835,1035
1152,1014,2166
132,821,953
271,1129,1400
590,1283,1873
841,835,1676
579,879,1458
840,1280,2120
761,850,1611
679,1431,2110
672,1028,1700
1265,1472,2737
654,1132,1786
947,703,1650
1151,1044,2195
1556,1264,2820
755,677,1432
642,1390,2032
976,910,1886
839,1184,2023
412,1076,1488
239,820,1059
811,1161,1972
131,1243,1374
404,1186,1590
877,1138,2015
598,518,1116
893,1123,2016
227,884,1111
376,449,825
769,869,1638
731,932,1663
1145,905,2050
347,1308,1655
506,446,952
1290,462,1752
234,1249,1483
990,839,1829
614,273,887
914,637,1551
689,786,1475
819,1192,2011
710,784,1494
1208,444,1652
829,610,1439
934,1352,2286
888,794,1682
137,291,428
633,725,1358
854,817,1671
124,434,558
442,1389,1831
78,442,520
725,702,1427
142,452,594
242,1712,1954
890,900,1790
1313,770,2083
988,457,1445
467,1551,2018
1044,1013,2057
202,485,687
764,529,1293
202,580,782
934,778,1712
678,1266,1944
239,568,807
168,592,760
194,461,655
1256,835,2091
1146,512,1658
1074,1027,2101
337,643,980
383,496,879
768,1409,2177
802,1427,2229
377,498,875
298,646,944
415,408,823
1454,369,1823
769,1091,1860
346,702,1048
99,496,595
913,1412,2325
1293,688,1981
1093,1287,2380
489,579,1068
72,796,868
687,1614,2301
524,752,1276
72,570,642
396,990,1386
1008,667,1675
1026,1294,2320
320,621,941
775,847,1622
213,863,1076
368,803,1171
1133,564,1697
990,794,1784
556,526,1082
169,877,1046
503,775,1278
1040,359,1399
330,873,1203
360,927,1287
176,483,659
615,711,1326
1016,306,1322
38,666,704
603,708,1311
368,1609,1977
307,1114,1421
1090,748,1838
644,762,1406
320,299,619
430,350,780
775,1267,2042
111,595,706
1500,281,1781
49,719,768
386,310,696
661,806,1467
973,487,1460
468,400,868
369,406,775
77,1140,1217
489,749,1238
152,640,792
766,469,1235
620,667,1287
438,342,780
578,707,1285
944,1076,2020
469,465,934
229,911,1140
822,471,1293
785,507,1292
100,429,529
659,675,1334
760,597,1357
918,547,1465
95,572,667
784,670,1454
1064,445,1509
132,634,766
117,540,657
1079,624,1703
513,950,1463
59,1330,1389
135,622,757
120,598,718
93,711,804
427,420,847
146,641,787
126,538,664
296,589,885
1066,745,1811
84,671,755
603,1215,1818
229,795,1024
323,654,977
90,970,1060
149,943,1092
428,667,1095
421,838,1259
276,832,1108
330,777,1107
126,905,1031
465,746,1211
669,472,1141
470,856,1326
535,740,1275
459,745,1204
367,958,1325
326,800,1126
541,834,1375
639,792,1431
576,842,1418
461,291,752
442,689,1131
800,1310,2110
669,514,1183
677,836,1513
243,688,931
598,856,1454
519,907,1426
405,389,794
483,671,1154
605,1151,1756
328,578,906
624,331,955
154,585,739
120,911,1031
115,890,1005
857,753,1610
566,398,964
568,920,1488
942,871,1813
679,641,1320
584,380,964
513,393,906
1340,841,2181
237,824,1061
571,797,1368
622,359,981
461,1019,1480
796,414,1210
680,710,1390
906,385,1291
595,1003,1598
917,700,1617
791,747,1538
705,915,1620
847,588,1435
566,795,1361
93,505,598
892,654,1546
70,491,561
1008,600,1608
153,537,690
838,834,1672
296,901,1197
772,767,1539
837,698,1535
161,636,797
50,589,639
170,890,1060
353,726,1079
246,565,811
201,513,714
758,926,1684
366,725,1091
825,530,1355
289,650,939
121,734,855
365,713,1078
698,1274,1972
470,618,1088
617,638,1255
371,712,1083
497,752,1249
513,553,1066
154,1091,1245
299,840,1139
806,1603,2409
422,582,1004
693,533,1226
486,767,1253
340,890,1230
595,569,1164
621,630,1251
486,828,1314
808,1570,2378
584,692,1276
224,1214,1438
596,843,1439
162,605,767
397,615,1012
326,459,785
640,298,938
574,791,1365
520,610,1130
330,574,904
833,979,1812
342,1317,1659
538,638,1176
149,1704,1853
1201,842,2043
960,1014,1974
615,558,1173
630,669,1299
621,578,1199
1094,810,1904
428,1332,1760
739,495,1234
635,475,1110
323,1802,2125
1462,601,2063
576,501,1077
648,792,1440
531,885,1416
973,549,1522
273,388,661
46,487,533
124,846,970
249,419,668
468,1826,2294
917,644,1561
470,1626,2096
276,439,715
917,592,1509
225,1691,1916
803,585,1388
88,599,687
620,1157,1777
87,894,981
735,1397,2132
293,581,874
688,1312,2000
350,299,649
401,547,948
345,609,954
974,960,1934
195,457,652
842,671,1513
97,908,1005
521,1520,2041
232,924,1156
928,1078,2006
1561,930,2491
387,715,1102
755,631,1386
1436,759,2195
141,1131,1272
349,467,816
412,780,1192
871,510,1381
365,1105,1470
494,505,999
1321,1175,2496
503,634,1137
1628,671,2299
330,793,1123
773,662,1435
715,816,1531
719,1541,2260
238,703,941
1518,1161,2679
484,803,1287
923,546,1469
465,1045,1510
124,899,1023
839,803,1642
467,658,1125
1266,1247,2513
344,831,1175
558,1160,1718
603,536,1139
418,790,1208
1068,720,1788
1028,780,1808
343,931,1274
559,817,1376
649,858,1507
1067,1079,2146
721,756,1477
576,586,1162
726,483,1209
1208,1068,2276
961,583,1544
440,915,1355
589,660,1249
608,761,1369
358,1585,1943
693,736,1429
749,819,1568
823,725,1548
1088,641,1729
1043,579,1622
466,884,1350
396,962,1358
1011,602,1613
592,587,1179
595,1128,1723
989,495,1484
739,734,1473
197,781,978
805,611,1416
413,500,913
521,797,1318
260,762,1022
808,1399,2207
478,329,807
492,632,1124
501,565,1066
700,597,1297
183,320,503
563,632,1195
903,1042,1945
710,1020,1730
448,634,1082
611,1728,2339
853,1312,2165
827,941,1768
625,612,1237
360,881,1241
213,346,559
718,457,1175
649,1233,1882
670,620,1290
652,631,1283
1436,1406,2842
375,1363,1738
320,1426,1746
1253,1189,2442
388,1461,1849
636,1114,1750
644,787,1431
1651,821,2472
728,1132,1860
492,1376,1868
435,920,1355
1222,472,1694
524,1250,1774
331,820,1151
198,655,853
597,591,1188
1019,325,1344
414,989,1403
200,1040,1240
1141,759,1900
641,341,982
390,970,1360
255,1021,1276
1023,564,1587
665,505,1170
370,965,1335
543,1847,2390
438,1499,1937
888,365,1253
699,480,1179
521,1298,1819
515,1830,2345
863,373,1236
838,607,1445
827,1524,2351
1007,567,1574
1038,439,1477
894,834,1728
1014,797,1811
535,1451,1986
285,339,624
496,628,1124
783,820,1603
1618,466,2084
1177,843,2020
832,1809,2641
1088,927,2015
699,687,1386
76,411,487
1134,1551,2685
1118,413,1531
1727,435,2162
1282,829,2111
148,505,653
370,678,1048
522,531,1053
193,797,990
182,514,696
254,606,860
1172,1102,2274
525,684,1209
744,657,1401
277,605,882
1375,701,2076
946,1131,2077
251,864,1115
32,893,925
788,317,1105
378,383,761
153,924,1077
710,1464,2174
408,478,886
94,705,799
591,686,1277
1743,956,2699
173,662,835
1986,236,2222
876,1136,2012
150,652,802
495,398,893
642,935,1577
635,631,1266
48,896,944
487,1005,1492
635,980,1615
120,394,514
555,1525,2080
273,576,849
184,800,984
285,214,499
892,898,1790
306,943,1249
724,924,1648
178,587,765
376,1158,1534
614,929,1543
473,737,1210
307,423,730
1384,866,2250
911,904,1815
469,857,1326
411,471,882
1334,1388,2722
1362,632,1994
792,729,1521
287,689,976
676,741,1417
680,475,1155
208,697,905
307,727,1034
65,472,537
887,789,1676
650,540,1190
891,769,1660
771,1046,1817
356,764,1120
435,654,1089
752,464,1216
279,852,1131
389,688,1077
192,587,779
407,934,1341
695,553,1248
389,1540,1929
898,1381,2279
886,581,1467
623,693,1316
329,461,790
498,838,1336
461,922,1383
374,569,943
513,535,1048
497,1594,2091
604,850,1454
524,1029,1553
432,580,1012
327,1495,1822
415,628,1043
498,791,1289
648,877,1525
537,615,1152
419,744,1163
484,736,1220
765,1007,1772
742,797,1539
1271,591,1862
360,737,1097
407,706,1113
664,1121,1785
1226,927,2153
472,594,1066
793,672,1465
587,979,1566
1419,675,2094
331,858,1189
808,646,1454
580,1054,1634
413,967,1380
557,1173,1730
522,908,1430
441,892,1333
1242,668,1910
497,802,1299
673,673,1346
477,900,1377
898,607,1505
683,780,1463
588,547,1135
636,1216,1852
782,348,1130
722,745,1467
238,827,1065
593,621,1214
1038,909,1947
710,1429,2139
491,1296,1787
500,734,1234
233,905,1138
823,341,1164
717,513,1230
492,676,1168
422,443,865
428,401,829
426,1060,1486
912,816,1728
461,1066,1527
750,588,1338
687,393,1080
407,703,1110
786,1249,2035
127,457,584
618,711,1329
499,714,1213
920,1406,2326
1107,630,1737
536,1068,1604
612,725,1337
452,599,1051
364,1499,1863
900,511,1411
571,563,1134
220,603,823
412,786,1198
634,1881,2515
409,660,1069
646,1472,2118
173,934,1107
447,587,1034
1020,456,1476
1177,977,2154
40,746,786
472,562,1034
686,876,1562
787,1236,2023
1177,1000,2177
567,1329,1896
443,932,1375
919,987,1906
945,642,1587
231,840,1071
319,405,724
213,640,853
555,647,1202
1172,1067,2239
1361,670,2031
671,1689,2360
177,643,820
64,752,816
411,683,1094
794,1429,2223
394,849,1243
254,678,932
427,839,1266
1574,707,2281
629,682,1311
576,589,1165
1211,1141,2352
212,1055,1267
640,740,1380
1158,1162,2320
592,874,1466
444,1053,1497
333,816,1149
468,713,1181
694,1440,2134
444,668,1112
560,729,1289
1643,710,2353
1105,892,1997
522,953,1475
472,1203,1675
1034,615,1649
571,491,1062
665,829,1494
460,598,1058
355,861,1216
458,1317,1775
634,543,1177
319,1263,1582
921,972,1893
1087,412,1499
784,707,1491
716,1054,1770
656,504,1160
418,841,1259
745,830,1575
779,1157,1936
855,726,1581
507,1002,1509
526,719,1245
664,566,1230
995,582,1577
624,693,1317
594,916,1510
921,656,1577
662,1413,2075
1137,762,1899
991,951,1942
717,1078,1795
836,1113,1949
803,584,1387
505,662,1167
454,851,1305
621,406,1027
420,1581,2001
525,766,1291
469,859,1328
843,938,1781
1264,1349,2613
285,1057,1342
632,915,1547
552,783,1335
727,558,1285
648,1114,1762
435,576,1011
657,732,1389
675,1129,1804
844,841,1685
1016,1287,2303
712,821,1533
368,1582,1950
885,837,1722
407,358,765
352,835,1187
1322,953,2275
760,270,1030
332,1513,1845
962,1216,2178
629,699,1328
811,731,1542
577,510,1087
1281,843,2124
535,676,1211
351,758,1109
637,1246,1883
512,1380,1892
605,645,1250
1020,506,1526
477,1069,1546
707,1204,1911
1228,612,1840
221,852,1073
521,463,984
1393,730,2123
737,750,1487
266,993,1259
1273,417,1690
419,865,1284
747,662,1409
1499,1111,2610
518,668,1186
258,683,941
661,942,1603
453,776,1229
671,736,1407
729,505,1234
663,959,1622
543,810,1353
940,392,1332
432,666,1098
1250,571,1821
329,645,974
1042,586,1628
583,1065,1648
524,1190,1714
783,726,1509
683,598,1281
676,892,1568
710,804,1514
877,929,1806
605,589,1194
495,631,1126
1144,633,1777
603,1023,1626
1026,1041,2067
500,358,858
916,761,1677
1030,1908,2938
671,630,1301
952,1573,2525
778,461,1239
371,800,1171
816,499,1315
820,804,1624
194,582,776
719,419,1138
566,898,1464
374,761,1135
951,403,1354
322,847,1169
528,1202,1730
559,531,1090
498,888,1386
1159,757,1916
231,752,983
339,664,1003
576,1234,1810
875,1119,1994
428,808,1236
347,964,1311
340,517,857
607,1240,1847
1733,730,2463
482,912,1394
299,733,1032
491,855,1346
968,676,1644
1408,701,2109
1048,433,1481
207,615,822
418,927,1345
373,1139,1512
511,673,1184
706,666,1372
391,1317,1708
933,935,1868
427,1390,1817
412,777,1189
625,594,1219
588,1389,1977
536,601,1137
530,1074,1604
843,1212,2055
77,1397,1474
609,685,1294
528,1240,1768
201,1528,1729
479,785,1264
1213,849,2062
680,1169,1849
859,703,1562
701,767,1468
880,952,1832
819,575,1394
522,1339,1861
941,570,1511
155,1354,1509
945,971,1916
584,1142,1726
161,784,945
548,1264,1812
1235,466,1701
1404,536,1940
70,797,867
618,1254,1872
66,650,716
223,621,844
328,590,918
812,1251,2063
537,458,995
1291,546,1837
1153,561,1714
737,277,1014
1280,666,1946
739,313,1052
311,743,1054
1124,1240,2364
741,440,1181
474,803,1277
251,782,1033
357,1024,1381
259,435,694
998,897,1895
1091,597,1688
348,464,812
1240,583,1823
501,160,661
440,1000,1440
459,267,726
509,860,1369
691,794,1485
181,649,830
750,746,1496
108,251,359
471,857,1328
66,862,928
248,671,919
118,308,426
606,901,1507
262,830,1092
71,319,390
463,953,1416
169,783,952
100,594,694
888,632,1520
168,335,503
743,468,1211
455,547,1002
715,625,1340
489,249,738
1799,172,1971
142,611,753
827,435,1262
93,354,447
443,1007,1450
787,574,1361
274,768,1042
75,173,248
501,477,978
876,687,1563
624,954,1578
101,358,459
441,678,1119
580,518,1098
521,840,1361
126,233,359
665,837,1502
153,608,761
431,533,964
844,2946,3790
289,465,754
812,844,1656
175,597,772
167,355,522
339,1110,1449
575,2930,3505
40,649,689
578,929,1507
505,289,794
69,765,834
520,377,897
523,917,1440
173,408,581
627,275,902
875,960,1835
563,260,823
1482,671,2153
130,446,576
21,311,332
588,692,1280
83,963,1046
567,2830,3397
44,318,362
593,357,950
602,529,1131
144,975,1119
52,321,373
285,1007,1292
605,905,1510
2521,789,3310
89,330,419
638,481,1119
485,556,1041
590,735,1325
814,399,1213
28,469,497
302,1159,1461
664,1037,1701
541,1126,1667
30,683,713
636,887,1523
24,648,672
151,467,618
80,672,752
837,705,1542
53,237,290
184,643,827
262,519,781
86,997,1083
736,971,1707
187,570,757
873,687,1560
142,322,464
2551,924,3475
104,249,353
221,666,887
138,567,705
449,609,1058
444,790,1234
396,317,713
145,1109,1254
559,621,1180
193,865,1058
407,1083,1490
2657,1421,4078
518,315,833
344,1026,1370
505,2781,3286
457,1322,1779
418,935,1353
146,633,779
803,2104,2907
552,924,1476
661,889,1550
651,1230,1881
728,461,1189
411,971,1382
462,1222,1684
348,633,981
361,456,817
261,1129,1390
816,2125,2941
186,688,874
244,1599,1843
263,715,978
769,952,1721
64,983,1047
641,1095,1736
348,1629,1977
527,1285,1812
2570,636,3206
947,845,1792
1137,1201,2338
444,1359,1803
600,731,1331
1513,375,1888
477,1548,2025
366,575,941
948,390,1338
1036,938,1974
846,1086,1932
722,1186,1908
355,657,1012
1201,933,2134
695,1042,1737
495,1105,1600
1112,440,1552
864,915,1779
629,367,996
931,1060,1991
217,944,1161
1878,696,2574
744,692,1436
787,1139,1926
127,820,947
865,970,1835
787,463,1250
773,878,1651
215,501,716
580,1515,2095
303,919,1222
327,624,951
989,1669,2658
1209,755,1964
389,939,1328
150,667,817
644,468,1112
633,480,1113
1835,1128,2963
1266,960,2226
232,787,1019
959,598,1557
482,1856,2338
744,877,1621
430,1173,1603
458,435,893
263,684,947
689,680,1369
464,1341,1805
1335,1169,2504
868,918,1786
364,1514,1878
1288,1342,2630
287,866,1153
885,1036,1921
499,589,1088
331,888,1219
1266,604,1870
424,1060,1484
1474,251,1725
699,1727,2426
887,854,1741
865,1249,2114
621,596,1217
1017,847,1864
245,1077,1322
642,561,1203
772,276,1048
800,823,1623
1465,1579,3044
595,1275,1870
585,881,1466
1251,553,1804
552,1093,1645
551,1092,1643
680,613,1293
579,429,1008
678,1701,2379
1583,1340,2923
947,1155,2102
207,1277,1484
33,676,709
1582,1336,2918
869,1072,1941
410,867,1277
688,754,1442
388,1714,2102
876,1007,1883
436,1299,1735
753,1566,2319
874,712,1586
838,1691,2529
921,787,1708
479,757,1236
1180,1978,3158
1445,838,2283
770,843,1613
711,726,1437
789,1177,1966
1346,684,2030
925,537,1462
1059,1117,2176
332,963,1295
1075,1813,2888
1258,922,2180
515,1138,1653
727,2550,3277
1051,982,2033
1704,710,2414
900,655,1555
842,1118,1960
607,930,1537
1524,1078,2602
1150,898,2048
544,1140,1684
735,2545,3280
88,730,818
682,1132,1814
1451,705,2156
736,780,1516
627,887,1514
393,601,994
578,1043,1621
1216,924,2140
620,1070,1690
522,2467,2989
285,1678,1963
1094,978,2072
1743,740,2483
301,823,1124
598,924,1522
1099,1199,2298
468,1299,1767
293,740,1033
2350,925,3275
583,1674,2257
887,869,1756
1758,1076,2834
609,1213,1822
760,1084,1844
1037,915,1952
369,1043,1412
591,741,1332
2425,935,3360
483,1801,2284
617,832,1449
932,1103,2035
867,1152,2019
519,1037,1556
1002,1112,2114
518,1052,1570
511,432,943
1071,820,1891
657,1069,1726
1361,970,2331
561,1146,1707
749,659,1408
427,811,1238
1727,813,2540
604,849,1453
1326,587,1913
519,710,1229
1555,647,2202
570,866,1436
751,1175,1926
2373,802,3175
794,618,1412
463,948,1411
470,1222,1692
547,1070,1617
837,732,1569
868,592,1460
1001,418,1419
748,857,1605
601,1255,1856
50,740,790
318,360,678
872,741,1613
839,861,1700
621,1057,1678
915,825,1740
777,675,1452
103,635,738
778,1003,1781
719,1165,1884
120,618,738
317,457,774
16,869,885
1108,700,1808
329,644,973
370,632,1002
955,956,1911
122,737,859
635,456,1091
745,1333,2078
335,995,1330
255,744,999
288,796,1084
475,634,1109
529,486,1015
254,611,865
182,983,1165
846,861,1707
539,999,1538
333,967,1300
487,926,1413
619,805,1424
494,862,1356
348,860,1208
540,970,1510
396,948,1344
1068,1246,2314
649,969,1618
560,842,1402
533,849,1382
953,668,1621
256,1635,1891
759,1239,1998
680,1294,1974
783,1172,1955
548,1056,1604
527,579,1106
418,1650,2068
372,1188,1560
656,1116,1772
701,496,1197
108,1136,1244
290,1045,1335
754,929,1683
780,418,1198
1152,309,1461
593,1572,2165
371,467,838
597,1828,2425
1081,338,1419
620,737,1357
664,1584,2248
290,348,638
650,1721,2371
892,253,1145
442,261,703
1262,977,2239
874,964,1838
769,856,1625
626,1474,2100
844,1807,2651
1534,657,2191
863,1364,2227
802,1364,2166
931,1829,2760
469,885,1354
910,1431,2341
489,873,1362
1121,1556,2677
1077,787,1864
56,287,343
1038,928,1966
671,1207,1878
63,269,332
790,1077,1867
1068,785,1853
79,492,571
916,828,1744
691,689,1380
1277,608,1885
808,1193,2001
1421,427,1848
102,485,587
1628,413,2041
697,703,1400
117,499,616
501,617,1118
1299,364,1663
1137,923,2060
828,616,1444
523,616,1139
478,681,1159
968,1321,2289
425,848,1273
592,570,1162
664,393,1057
1303,767,2070
302,921,1223
1726,365,2091
1342,401,1743
792,413,1205
650,1311,1961
750,1076,1826
355,287,642
141,484,625
1443,413,1856
727,612,1339
1467,921,2388
1470,648,2118
253,497,750
672,801,1473
155,1317,1472
333,390,723
184,570,754
488,398,886
164,693,857
1159,437,1596
656,878,1534
165,726,891
103,511,614
1251,807,2058
400,434,834
144,861,1005
358,389,747
447,505,952
132,888,1020
1209,429,1638
296,570,866
218,785,1003
136,652,788
876,1067,1943
273,761,1034
571,488,1059
807,222,1029
429,703,1132
494,690,1184
661,714,1375
736,542,1278
1063,1391,2454
386,795,1181
992,360,1352
45,304,349
760,647,1407
587,1203,1790
864,542,1406
552,870,1422
685,913,1598
131,525,656
880,482,1362
196,535,731
39,499,538
128,627,755
233,670,903
175,680,855
833,771,1604
850,873,1723
218,705,923
735,1098,1833
54,628,682
155,639,794
205,669,874
127,674,801
154,753,907
88,615,703
151,933,1084
252,642,894
786,631,1417
340,605,945
325,637,962
485,587,1072
322,815,1137
1191,744,1935
515,735,1250
586,482,1068
765,1466,2231
526,473,999
502,691,1193
384,853,1237
531,582,1113
163,1015,1178
691,849,1540
65,581,646
429,617,1046
535,885,1420
547,483,1030
114,1227,1341
347,772,1119
461,748,1209
690,1007,1697
470,743,1213
725,442,1167
714,1611,2325
441,581,1022
350,1358,1708
277,1104,1381
708,720,1428
266,700,966
214,1330,1544
433,1124,1557
301,661,962
383,567,950
622,958,1580
525,562,1087
457,1129,1586
497,683,1180
799,584,1383
527,542,1069
1120,482,1602
556,891,1447
730,465,1195
221,413,634
342,815,1157
400,1681,2081
334,458,792
585,870,1455
991,523,1514
635,875,1510
725,918,1643
716,643,1359
631,651,1282
544,1149,1693
1349,1021,2370
216,861,1077
540,949,1489
419,347,766
963,556,1519
1419,1202,2621
1143,503,1646
546,383,929
468,702,1170
1008,631,1639
881,900,1781
325,826,1151
277,945,1222
169,696,865
1465,827,2292
622,807,1429
763,749,1512
263,648,911
459,492,951
674,564,1238
1062,496,1558
685,803,1488
449,667,1116
305,819,1124
774,1062,1836
401,822,1223
616,716,1332
96,806,902
740,548,1288
750,495,1245
826,804,1630
339,652,991
71,756,827
739,1057,1796
57,906,963
590,447,1037
366,748,1114
583,1142,1725
639,484,1123
795,818,1613
951,829,1780
445,438,883
1164,827,1991
636,393,1029
413,1334,1747
611,1044,1655
407,793,1200
443,586,1029
468,459,927
665,1278,1943
219,1107,1326
441,631,1072
914,1097,2011
98,511,609
415,1118,1533
237,738,975
585,689,1274
899,1770,2669
750,790,1540
326,739,1065
654,738,1392
423,672,1095
551,593,1144
176,509,685
384,781,1165
848,737,1585
452,1807,2259
48,894,942
406,512,918
1162,760,1922
570,774,1344
328,669,997
649,1222,1871
890,778,1668
365,1611,1976
496,468,964
775,1227,2002
1324,774,2098
628,905,1533
627,1077,1704
1643,497,2140
1001,571,1572
488,804,1292
170,518,688
612,988,1600
1188,630,1818
942,1011,1953
588,482,1070
332,478,810
942,402,1344
397,1055,1452
985,789,1774
557,1394,1951
1168,727,1895
1494,483,1977
361,1237,1598
926,1309,2235
813,930,1743
471,624,1095
580,1809,2389
553,1166,1719
525,1236,1761
969,705,1674
373,1044,1417
411,1247,1658
265,863,1128
654,1466,2120
684,1081,1765
755,1434,2189
876,551,1427
710,902,1612
678,1233,1911
822,1196,2018
644,1046,1690
836,260,1096
416,1351,1767
1106,707,1813
1091,961,2052
557,1154,1711
1346,523,1869
306,975,1281
504,1263,1767
464,1086,1550
1099,582,1681
1560,665,2225
1047,780,1827
1155,901,2056
368,1515,1883
890,761,1651
897,626,1523
118,1435,1553
1413,714,2127
1133,499,1632
20,895,915
890,538,1428
606,1141,1747
960,1173,2133
444,1318,1762
1270,411,1681
1084,721,1805
606,1297,1903
1197,443,1640
887,429,1316
1364,487,1851
279,1402,1681
627,725,1352
1256,464,1720
685,559,1244
1004,668,1672
368,2323,2691
264,880,1144
696,576,1272
1012,297,1309
402,993,1395
1240,683,1923
507,1317,1824
1104,687,1791
104,573,677
782,1461,2243
1313,705,2018
719,2026,2745
1117,521,1638
1245,643,1888
742,810,1552
873,569,1442
430,765,1195
648,595,1243
632,913,1545
1099,1346,2445
332,574,906
1134,669,1803
143,960,1103
656,932,1588
406,785,1191
163,901,1064
664,1017,1681
433,384,817
1928,685,2613
333,920,1253
548,1073,1621
569,469,1038
414,713,1127
319,1046,1365
1464,326,1790
1940,1134,3074
247,857,1104
482,1197,1679
680,706,1386
859,730,1589
304,859,1163
479,1225,1704
691,1211,1902
896,825,1721
706,970,1676
241,1104,1345
548,1083,1631
584,822,1406
108,1794,1902
425,784,1209
828,982,1810
209,926,1135
368,1493,1861
438,570,1008
913,477,1390
393,510,903
1042,1207,2249
530,511,1041
418,994,1412
410,1089,1499
444,1054,1498
1093,600,1693
280,1798,2078
618,465,1083
476,1251,1727
570,489,1059
569,1147,1716
1100,576,1676
923,975,1898
398,444,842
686,600,1286
949,1484,2433
671,610,1281
412,1650,2062
69,1203,1272
860,1016,1876
758,689,1447
509,936,1445
366,575,941
216,388,604
1304,1307,2611
338,743,1081
61,2171,2232
229,681,910
804,944,1748
959,770,1729
190,840,1030
545,412,957
956,804,1760
366,707,1073
120,429,549
779,1669,2448
409,2245,2654
565,579,1144
308,802,1110
1473,977,2450
1134,633,1767
356,335,691
189,719,908
457,1188,1645
742,712,1454
291,1053,1344
593,2104,2697
534,963,1497
1214,972,2186
794,934,1728
248,346,594
361,334,695
1103,1065,2168
875,1184,2059
798,667,1465
434,634,1068
929,2052,2981
300,794,1094
324,710,1034
473,874,1347
1593,1057,2650
847,1995,2842
351,862,1213
272,1021,1293
2076,1271,3347
1920,773,2693
662,737,1399
700,750,1450
1489,1099,2588
505,879,1384
1907,519,2426
943,482,1425
1038,431,1469
906,1326,2232
509,779,1288
680,601,1281
1896,315,2211
884,429,1313
371,864,1235
501,768,1269
698,334,1032
640,941,1581
675,583,1258
242,1423,1665
882,651,1533
822,510,1332
103,606,709
620,269,889
255,1129,1384
893,279,1172
1214,490,1704
431,1467,1898
552,494,1046
754,886,1640
674,270,944
1019,1907,2926
146,1301,1447
251,558,809
567,965,1532
56,283,339
916,641,1557
602,1432,2034
568,764,1332
495,866,1361
77,384,461
673,2060,2733
501,1105,1606
550,824,1374
96,570,666
741,941,1682
399,1274,1673
644,597,1241
203,912,1115
399,553,952
821,1672,2493
380,467,847
387,914,1301
76,407,483
71,862,933
1137,599,1736
1011,624,1635
238,861,1099
128,576,704
1565,1066,2631
380,566,946
374,747,1121
1052,902,1954
1968,832,2800
733,437,1170
940,692,1632
766,1021,1787
128,1109,1237
275,828,1103
565,651,1216
110,755,865
290,1104,1394
470,753,1223
745,627,1372
565,228,793
1158,669,1827
514,761,1275
1270,784,2054
587,295,882
1578,661,2239
174,1177,1351
1336,1562,2898
441,988,1429
823,873,1696
208,816,1024
682,414,1096
385,615,1000
497,918,1415
612,351,963
1262,1440,2702
397,1225,1622
314,668,982
656,604,1260
517,1005,1522
345,1100,1445
422,487,909
549,701,1250
252,1258,1510
1044,657,1701
649,1372,2021
374,496,870
315,725,1040
693,1180,1873
526,743,1269
828,662,1490
530,566,1096
427,716,1143
296,1179,1475
799,801,1600
1433,538,1971
74,591,665
705,740,1445
714,972,1686
336,921,1257
47,680,727
1089,592,1681
547,802,1349
520,980,1500
866,1003,1869
1206,711,1917
655,767,1422
518,891,1409
1277,720,1997
298,620,918
222,696,918
1005,605,1610
266,704,970
1005,489,1494
426,849,1275
768,1159,1927
1063,844,1907
667,503,1170
547,611,1158
345,788,1133
618,710,1328
434,625,1059
792,607,1399
492,869,1361
718,446,1164
806,462,1268
612,656,1268
586,594,1180
416,480,896
942,475,1417
637,208,845
411,722,1133
277,573,850
394,498,892
518,746,1264
784,639,1423
675,166,841
573,1058,1631
317,612,929
647,273,920
495,1068,1563
518,561,1079
668,529,1197
389,199,588
601,356,957
638,876,1514
315,778,1093
677,246,923
291,319,610
246,1633,1879
369,316,685
485,681,1166
398,702,1100
370,289,659
364,1510,1874
358,333,691
566,1178,1744
921,1614,2535
878,293,1171
899,256,1155
375,1406,1781
256,1046,1302
651,1639,2290
519,597,1116
705,553,1258
942,1598,2540
1156,185,1341
778,405,1183
810,421,1231
803,455,1258
577,569,1146
70,601,671
813,537,1350
99,620,719
119,636,755
118,684,802
65,383,448
163,199,362
584,1063,1647
735,804,1539
43,601,644
241,335,576
633,1514,2147
1540,583,2123
86,685,771
92,621,713
50,618,668
162,656,818
72,640,712
63,916,979
160,734,894
66,330,396
961,853,1814
1174,1175,2349
375,575,950
1004,1319,2323
502,404,906
177,789,966
211,917,1128
420,585,1005
541,500,1041
106,507,613
1166,1357,2523
413,403,816
110,693,803
405,693,1098
587,620,1207
390,820,1210
489,358,847
233,536,769
521,765,1286
686,701,1387
518,807,1325
82,407,489
553,482,1035
646,688,1334
245,599,844
543,529,1072
231,574,805
502,1049,1551
875,294,1169
603,585,1188
1372,1192,2564
922,976,1898
342,1078,1420
545,369,914
338,812,1150
1109,786,1895
203,291,494
420,1066,1486
704,751,1455
1210,1619,2829
193,468,661
643,1009,1652
268,576,844
242,891,1133
654,729,1383
327,778,1105
258,416,674
615,531,1146
493,706,1199
510,1285,1795
456,392,848
544,855,1399
829,729,1558
297,1068,1365
870,764,1634
508,1091,1599
656,778,1434
294,892,1186
542,1725,2267
393,753,1146
1048,1267,2315
384,629,1013
583,1838,2421
61,910,971
534,768,1302
608,942,1550
273,1164,1437
923,839,1762
956,714,1670
151,1043,1194
931,987,1918
896,777,1673
391,1014,1405
906,509,1415
603,987,1590
903,446,1349
415,1085,1500
113,1121,1234
981,1675,2656
271,1131,1402
1518,607,2125
1095,628,1723
831,619,1450
654,522,1176
1008,642,1650
598,919,1517
595,948,1543
312,1210,1522
1409,1384,2793
499,794,1293
1083,603,1686
419,1127,1546
859,745,1604
602,571,1173
606,522,1128
740,1060,1800
462,1069,1531
521,609,1130
768,735,1503
616,678,1294
878,982,1860
652,1222,1874
1700,1315,3015
472,629,1101
624,496,1120
872,735,1607
853,1082,1935
433,1491,1924
979,974,1953
852,762,1614
349,839,1188
799,969,1768
602,840,1442
523,891,1414
821,655,1476
710,706,1416
394,1092,1486
827,690,1517
842,647,1489
740,690,1430
273,711,984
425,980,1405
1090,616,1706
1002,457,1459
591,458,1049
143,553,696
340,719,1059
676,434,1110
669,467,1136
640,461,1101
814,290,1104
348,406,754
451,360,811
837,545,1382
616,382,998
606,420,1026
462,467,929
330,430,760
351,439,790
523,892,1415
486,459,945
405,430,835
389,455,844
865,443,1308
587,796,1383
1536,2023,3559
310,451,761
905,1970,2875
280,436,716
1171,1862,3033
1315,1823,3138
103,464,567
510,1966,2476
430,2079,2509
506,1971,2477
550,2079,2629
285,372,657
1263,1687,2950
1123,300,1423
59,554,613
859,1623,2482
335,567,902
985,1567,2552
242,744,986
525,296,821
1045,419,1464
982,472,1454
416,2073,2489
331,741,1072
98,687,785
134,757,891
1659,607,2266
761,1590,2351
796,1728,2524
100,706,806
1550,636,2186
32,302,334
1800,622,2422
375,667,1042
1704,495,2199
233,637,870
1526,331,1857
602,2291,2893
77,446,523
417,531,948
269,960,1229
2004,475,2479
710,377,1087
73,457,530
1484,481,1965
298,580,878
127,1035,1162
802,1813,2615
153,428,581
24,651,675
180,1073,1253
1665,1184,2849
649,275,924
289,727,1016
288,841,1129
355,1457,1812
617,343,960
361,330,691
1893,638,2531
344,751,1095
2207,615,2822
682,505,1187
798,326,1124
248,1726,1974
333,1899,2232
128,412,540
403,707,1110
1279,198,1477
541,643,1184
1740,663,2403
144,502,646
858,400,1258
122,202,324
1273,836,2109
1539,1139,2678
171,703,874
661,876,1537
364,622,986
1037,681,1718
353,484,837
168,217,385
401,832,1233
232,1567,1799
206,384,590
148,1011,1159
361,672,1033
242,919,1161
436,734,1170
383,983,1366
432,733,1165
598,754,1352
605,728,1333
249,778,1027
591,1237,1828
250,915,1165
305,582,887
1650,600,2250
698,498,1196
66,760,826
251,1047,1298
129,1458,1587
663,1309,1972
352,658,1010
294,1054,1348
266,604,870
442,528,970
1454,866,2320
790,574,1364
306,749,1055
569,930,1499
514,1307,1821
191,1606,1797
535,678,1213
652,667,1319
442,948,1390
1070,904,1974
622,1064,1686
730,592,1322
1258,643,1901
428,1146,1574
375,668,1043
607,825,1432
698,684,1382
741,472,1213
852,623,1475
287,853,1140
1017,1004,2021
217,791,1008
481,715,1196
794,693,1487
1242,1104,2346
414,793,1207
480,686,1166
305,893,1198
1459,504,1963
528,663,1191
59,1025,1084
681,868,1549
728,522,1250
95,1395,1490
1142,781,1923
451,712,1163
561,979,1540
857,797,1654
249,636,885
477,453,930
756,627,1383
792,1337,2129
729,603,1332
948,644,1592
747,507,1254
614,715,1329
338,896,1234
465,918,1383
663,658,1321
395,958,1353
578,775,1353
232,677,909
1142,241,1383
494,458,952
415,713,1128
891,1476,2367
938,327,1265
889,975,1864
188,1308,1496
424,637,1061
395,1003,1398
624,1405,2029
242,892,1134
544,766,1310
583,599,1182
551,1060,1611
631,458,1089
1125,557,1682
629,372,1001
644,968,1612
408,780,1188
613,900,1513
796,538,1334
521,1077,1598
547,918,1465
853,599,1452
629,580,1209
914,550,1464
852,624,1476
233,555,788
744,485,1229
584,721,1305
970,599,1569
756,768,1524
845,1228,2073
1110,385,1495
780,532,1312
644,554,1198
1282,430,1712
748,502,1250
871,569,1440
1498,666,2164
76,670,746
258,379,637
219,925,1144
802,395,1197
1211,832,2043
1295,382,1677
210,570,780
137,437,574
103,829,932
897,1141,2038
279,681,960
821,889,1710
102,677,779
299,820,1119
140,760,900
98,853,951
756,1127,1883
345,461,806
564,579,1143
362,511,873
131,1009,1140
182,286,468
20,118,138
151,1017,1168
230,945,1175
54,296,350
415,664,1079
601,602,1203
337,975,1312
227,1163,1390
644,707,1351
293,1159,1452
714,665,1379
538,823,1361
1340,233,1573
139,370,509
212,725,937
735,487,1222
106,1348,1454
239,554,793
406,717,1123
387,1007,1394
773,861,1634
862,981,1843
510,761,1271
252,1172,1424
502,716,1218
174,1323,1497
757,879,1636
372,447,819
1056,567,1623
341,1001,1342
953,745,1698
910,1137,2047
536,534,1070
165,1198,1363
616,758,1374
207,1461,1668
902,1171,2073
87,591,678
1207,662,1869
1071,1066,2137
436,790,1226
748,1014,1762
1229,673,1902
670,898,1568
728,869,1597
1421,513,1934
710,1343,2053
287,723,1010
617,647,1264
672,889,1561
621,1007,1628
937,1494,2431
432,879,1311
506,873,1379
959,728,1687
430,881,1311
1128,565,1693
689,764,1453
728,779,1507
1071,845,1916
907,1482,2389
818,493,1311
1047,1020,2067
1097,719,1816
841,802,1643
684,1330,2014
546,710,1256
746,511,1257
504,817,1321
749,785,1534
356,683,1039
352,1272,1624
506,576,1082
552,389,941
547,549,1096
534,1184,1718
522,319,841
244,940,1184
371,508,879
120,1103,1223
341,1390,1731
508,710,1218
690,302,992
671,269,940
396,1491,1887
732,863,1595
501,487,988
735,439,1174
293,1138,1431
328,922,1250
454,447,901
318,692,1010
467,273,740
370,1533,1903
516,871,1387
1166,970,2136
251,980,1231
588,813,1401
534,1145,1679
1280,1432,2712
629,1068,1697
387,938,1325
1342,1406,2748
1179,1143,2322
1057,569,1626
839,551,1390
284,1442,1726
192,991,1183
414,566,980
515,1691,2206
972,485,1457
627,977,1604
208,560,768
1130,385,1515
676,591,1267
807,1022,1829
767,1282,2049
839,437,1276
984,1073,2057
559,2273,2832
1038,1067,2105
1373,1078,2451
595,994,1589
1023,1485,2508
57,969,1026
1032,998,2030
1448,582,2030
497,416,913
304,938,1242
1043,511,1554
699,1262,1961
1016,816,1832
497,1092,1589
1337,1196,2533
106,1260,1366
1274,703,1977
82,539,621
856,910,1766
538,1082,1620
1276,851,2127
176,630,806
528,829,1357
638,997,1635
2108,613,2721
372,782,1154
1438,867,2305
654,902,1556
404,1138,1542
321,705,1026
986,603,1589
531,1003,1534
1382,866,2248
866,1183,2049
481,755,1236
386,1232,1618
895,796,1691
645,1208,1853
657,721,1378
573,1129,1702
236,732,968
917,882,1799
266,1272,1538
428,1044,1472
900,812,1712
619,732,1351
459,692,1151
714,883,1597
460,981,1441
546,1070,1616
529,1076,1605
1028,1097,2125
659,1062,1721
645,812,1457
997,972,1969
824,1210,2034
1145,713,1858
876,1646,2522
543,1006,1549
653,1017,1670
959,614,1573
521,1362,1883
631,1408,2039
688,277,965
815,762,1577
1090,1265,2355
783,1485,2268
902,1931,2833
1007,1260,2267
110,330,440
1021,1688,2709
855,1113,1968
858,1008,1866
129,477,606
409,2285,2694
840,887,1727
576,1162,1738
821,1627,2448
1224,739,1963
792,1059,1851
594,2185,2779
957,454,1411
913,1241,2154
1366,575,1941
1083,1515,2598
536,613,1149
1272,688,1960
1695,928,2623
467,574,1041
150,482,632
698,515,1213
1775,550,2325
609,656,1265
178,567,745
1980,568,2548
770,544,1314
538,623,1161
128,698,826
351,725,1076
356,457,813
1804,180,1984
68,865,933
185,729,914
117,228,345
355,563,918
457,421,878
1553,970,2523
499,646,1145
131,829,960
338,712,1050
164,267,431
498,632,1130
114,512,626
1322,1090,2412
564,812,1376
534,617,1151
512,685,1197
248,332,580
620,888,1508
805,497,1302
240,589,829
55,414,469
136,601,737
339,977,1316
193,592,785
390,565,955
440,503,943
368,3216,3584
226,970,1196
193,600,793
463,3170,3633
454,783,1237
608,2964,3572
634,571,1205
423,446,869
323,586,909
344,492,836
426,1073,1499
78,414,492
627,2826,3453
411,641,1052
247,710,957
809,3058,3867
510,594,1104
927,3073,4000
125,956,1081
1017,995,2012
168,941,1109
901,2700,3601
720,695,1415
284,1030,1314
680,535,1215
554,837,1391
485,3598,4083
670,2830,3500
300,735,1035
710,3611,4321
293,416,709
2965,696,3661
454,936,1390
566,996,1562
251,830,1081
247,1079,1326
73,1148,1221
470,1155,1625
510,1275,1785
341,1063,1404
2675,868,3543
368,3567,3935
607,630,1237
2441,641,3082
410,760,1170
382,713,1095
427,862,1289
671,1083,1754
525,915,1440
454,990,1444
3425,746,4171
2146,854,3000
809,659,1468
2648,829,3477
244,896,1140
281,880,1161
2676,983,3659
876,1572,2448
767,849,1616
878,744,1622
3366,635,4001
460,820,1280
1174,668,1842
922,651,1573
708,648,1356
506,853,1359
859,671,1530
587,1371,1958
3408,880,4288
585,1085,1670
812,795,1607
797,669,1466
608,711,1319
521,1094,1615
691,706,1397
621,560,1181
910,609,1519
565,731,1296
764,809,1573
555,835,1390
755,1091,1846
736,583,1319
676,861,1537
524,892,1416
778,1117,1895
686,676,1362
1076,1196,2272
322,550,872
539,501,1040
799,1373,2172
787,1475,2262
934,309,1243
1454,1288,2742
444,1340,1784
486,891,1377
695,226,921
594,880,1474
539,981,1520
553,917,1470
555,1551,2106
205,1025,1230
577,484,1061
573,1414,1987
1134,593,1727
236,1037,1273
609,1172,1781
349,740,1089
708,1039,1747
1245,1125,2370
396,1026,1422
583,381,964
776,1403,2179
1364,473,1837
746,396,1142
123,1048,1171
543,662,1205
1074,559,1633
629,595,1224
744,194,938
534,573,1107
749,758,1507
681,1596,2277
938,971,1909
197,454,651
790,984,1774
194,696,890
424,285,709
917,344,1261
785,937,1722
232,755,987
1172,1199,2371
1129,692,1821
478,1356,1834
444,1025,1469
807,686,1493
937,414,1351
474,293,767
924,482,1406
664,1090,1754
551,486,1037
322,410,732
489,560,1049
168,1218,1386
134,403,537
627,649,1276
990,840,1830
969,1032,2001
188,441,629
1154,847,2001
489,594,1083
1011,1305,2316
310,326,636
840,1130,1970
1212,806,2018
912,586,1498
255,1006,1261
396,1576,1972
456,829,1285
766,598,1364
465,602,1067
1087,1013,2100
549,710,1259
187,1189,1376
403,836,1239
826,847,1673
1051,1428,2479
969,815,1784
1222,726,1948
271,334,605
180,558,738
1483,995,2478
456,526,982
639,781,1420
485,730,1215
355,779,1134
920,1568,2488
1110,885,1995
561,1009,1570
393,1147,1540
507,988,1495
863,785,1648
511,722,1233
773,495,1268
430,1221,1651
1185,561,1746
962,700,1662
453,662,1115
911,876,1787
150,762,912
1448,1182,2630
630,1048,1678
475,1181,1656
935,1012,1947
581,657,1238
487,724,1211
516,897,1413
499,644,1143
359,1300,1659
606,815,1421
838,549,1387
558,927,1485
1270,1045,2315
183,1086,1269
340,861,1201
500,609,1109
699,613,1312
561,1783,2344
848,638,1486
957,586,1543
583,771,1354
1442,1002,2444
798,1544,2342
463,685,1148
683,930,1613
1225,1037,2262
142,921,1063
367,761,1128
626,1060,1686
722,984,1706
825,598,1423
380,688,1068
951,817,1768
667,1128,1795
1049,820,1869
434,974,1408
413,897,1310
707,622,1329
737,474,1211
463,1060,1523
662,739,1401
930,949,1879
827,561,1388
593,735,1328
378,840,1218
371,855,1226
559,628,1187
1507,490,1997
499,913,1412
705,914,1619
607,1085,1692
882,504,1386
933,931,1864
444,894,1338
696,613,1309
537,719,1256
1507,742,2249
588,705,1293
659,645,1304
848,1023,1871
275,637,912
531,651,1182
706,856,1562
472,550,1022
639,589,1228
855,922,1777
266,1305,1571
430,623,1053
757,1046,1803
763,468,1231
668,697,1365
796,636,1432
1014,748,1762
567,602,1169
353,1049,1402
951,966,1917
896,731,1627
496,433,929
323,472,795
549,967,1516
895,560,1455
489,348,837
599,652,1251
472,536,1008
296,601,897
807,1106,1913
624,899,1523
812,581,1393
513,951,1464
505,1007,1512
712,776,1488
834,659,1493
589,806,1395
344,358,702
735,768,1503
501,921,1422
548,896,1444
504,995,1499
921,877,1798
564,697,1261
511,797,1308
436,727,1163
521,802,1323
411,482,893
789,434,1223
534,903,1437
755,575,1330
449,761,1210
836,866,1702
401,1178,1579
374,1072,1446
550,852,1402
710,2223,2933
402,495,897
742,334,1076
346,1108,1454
725,632,1357
883,894,1777
842,848,1690
505,1354,1859
1098,716,1814
638,672,1310
385,2377,2762
809,819,1628
895,1112,2007
641,879,1520
777,814,1591
795,906,1701
924,920,1844
533,722,1255
823,369,1192
1255,1360,2615
1041,694,1735
788,620,1408
1043,924,1967
1028,1217,2245
595,2785,3380
292,756,1048
1221,846,2067
404,647,1051
1980,1175,3155
629,483,1112
689,1386,2075
479,467,946
713,279,992
487,864,1351
367,270,637
741,633,1374
453,934,1387
98,256,354
609,442,1051
2269,911,3180
844,1169,2013
823,1107,1930
124,1457,1581
144,409,553
237,1361,1598
817,2686,3503
158,1515,1673
442,1259,1701
580,408,988
2414,1033,3447
131,897,1028
188,415,603
1009,2620,3629
315,1437,1752
753,1006,1759
131,1533,1664
587,1254,1841
1361,504,1865
644,1552,2196
134,1124,1258
1537,484,2021
885,2434,3319
1021,855,1876
525,1105,1630
1592,321,1913
761,1280,2041
98,2206,2304
363,1931,2294
1157,474,1631
915,866,1781
2771,672,3443
247,2206,2453
258,533,791
37,331,368
511,1110,1621
980,712,1692
1144,1367,2511
1125,786,1911
27,399,426
771,708,1479
723,1763,2486
558,535,1093
2630,778,3408
1064,790,1854
838,1314,2152
2048,531,2579
1193,701,1894
2041,949,2990
844,694,1538
478,1541,2019
1510,1228,2738
337,665,1002
266,914,1180
62,494,556
2085,556,2641
25,896,921
1215,493,1708
122,823,945
279,660,939
334,848,1182
1006,1063,2069
405,609,1014
317,1370,1687
1270,547,1817
346,768,1114
1548,1108,2656
70,738,808
275,753,1028
511,700,1211
1645,1110,2755
644,535,1179
122,862,984
598,1341,1939
435,855,1290
486,534,1020
178,628,806
478,1245,1723
359,901,1260
291,1485,1776
509,544,1053
241,736,977
522,669,1191
1206,779,1985
754,850,1604
985,760,1745
1432,1090,2522
232,2259,2491
787,316,1103
300,836,1136
183,1109,1292
396,756,1152
451,817,1268
387,874,1261
1122,717,1839
726,725,1451
280,1081,1361
748,848,1596
283,477,760
228,852,1080
586,1012,1598
205,1251,1456
687,744,1431
985,614,1599
582,577,1159
493,1082,1575
492,885,1377
718,636,1354
353,644,997
848,500,1348
459,1216,1675
464,919,1383
407,2262,2669
737,1067,1804
788,800,1588
749,699,1448
580,797,1377
1020,620,1640
138,841,979
884,670,1554
748,722,1470
616,864,1480
865,1370,2235
365,814,1179
620,443,1063
771,1509,2280
609,894,1503
1029,482,1511
599,963,1562
908,636,1544
625,429,1054
505,699,1204
591,614,1205
1382,1923,3305
484,1507,1991
367,771,1138
537,826,1363
667,577,1244
780,1018,1798
315,783,1098
457,467,924
594,921,1515
528,643,1171
1903,1352,3255
714,479,1193
1908,1550,3458
417,951,1368
1194,974,2168
619,723,1342
800,1102,1902
1337,796,2133
504,888,1392
485,928,1413
343,678,1021
1582,976,2558
756,682,1438
305,1128,1433
303,824,1127
609,1105,1714
1417,764,2181
449,1043,1492
639,1110,1749
675,570,1245
1158,697,1855
707,943,1650
557,900,1457
348,864,1212
1524,534,2058
872,801,1673
586,877,1463
444,1163,1607
456,858,1314
682,620,1302
742,979,1721
650,1065,1715
533,685,1218
1028,863,1891
869,774,1643
528,790,1318
857,903,1760
629,726,1355
661,595,1256
920,560,1480
766,875,1641
721,579,1300
966,736,1702
1024,841,1865
757,863,1620
1001,726,1727
413,858,1271
854,566,1420
569,767,1336
854,649,1503
673,442,1115
445,431,876
799,801,1600
426,754,1180
1031,680,1711
544,565,1109
847,745,1592
730,830,1560
699,603,1302
769,304,1073
774,703,1477
739,766,1505
436,429,865
844,705,1549
650,828,1478
661,706,1367
706,781,1487
761,703,1464
653,582,1235
428,732,1160
426,834,1260
597,616,1213
348,437,785
582,724,1306
668,464,1132
821,2586,3407
229,640,869
498,469,967
630,431,1061
673,808,1481
329,549,878
518,324,842
721,383,1104
589,2845,3434
735,589,1324
357,985,1342
611,827,1438
655,900,1555
285,577,862
438,323,761
626,532,1158
806,2623,3429
668,797,1465
483,660,1143
637,902,1539
632,973,1605
585,450,1035
314,399,713
435,951,1386
979,2401,3380
759,694,1453
293,588,881
395,1121,1516
2728,622,3350
411,536,947
185,505,690
2541,516,3057
706,707,1413
433,784,1217
510,451,961
902,635,1537
661,637,1298
463,512,975
767,1102,1869
847,658,1505
526,509,1035
790,722,1512
649,856,1505
496,626,1122
852,714,1566
687,1085,1772
461,2290,2751
2204,425,2629
361,783,1144
596,644,1240
481,2263,2744
456,611,1067
642,434,1076
649,480,1129
954,1736,2690
663,307,970
513,496,1009
406,694,1100
2197,460,2657
367,318,685
488,732,1220
450,587,1037
704,857,1561
544,483,1027
968,460,1428
391,781,1172
226,657,883
777,674,1451
265,1291,1556
355,299,654
588,2777,3365
410,1188,1598
674,445,1119
186,655,841
58,758,816
405,775,1180
184,485,669
603,2619,3222
764,1078,1842
557,932,1489
225,995,1220
550,2513,3063
394,727,1121
577,1178,1755
228,569,797
2178,321,2499
564,1066,1630
476,863,1339
989,1034,2023
1649,974,2623
1233,568,1801
198,1199,1397
154,736,890
273,985,1258
460,888,1348
784,765,1549
445,578,1023
641,863,1504
393,806,1199
119,931,1050
62,704,766
1103,397,1500
833,1120,1953
483,933,1416
801,334,1135
1045,591,1636
436,580,1016
850,1006,1856
233,636,869
860,338,1198
1082,697,1779
209,966,1175
795,677,1472
857,327,1184
359,990,1349
1083,416,1499
2731,915,3646
850,648,1498
414,570,984
266,461,727
2528,1162,3690
711,723,1434
617,1452,2069
449,201,650
2329,1100,3429
825,606,1431
671,1506,2177
441,627,1068
446,637,1083
494,1085,1579
680,638,1318
299,735,1034
628,591,1219
81,356,437
126,1068,1194
308,994,1302
386,364,750
907,732,1639
627,465,1092
780,1133,1913
642,722,1364
503,764,1267
54,577,631
809,1326,2135
917,521,1438
496,788,1284
51,1171,1222
871,989,1860
414,1201,1615
96,469,565
553,1225,1778
906,1326,2232
166,1050,1216
427,1811,2238
981,1011,1992
271,1412,1683
679,753,1432
377,745,1122
929,1477,2406
37,1443,1480
449,1219,1668
660,1465,2125
1207,1360,2567
565,1077,1642
941,1349,2290
831,747,1578
366,857,1223
556,1205,1761
400,1138,1538
885,653,1538
398,997,1395
484,1735,2219
870,1065,1935
589,542,1131
1404,1557,2961
677,1028,1705
77,1264,1341
705,826,1531
1057,1773,2830
436,674,1110
946,759,1705
780,1284,2064
638,1236,1874
1113,797,1910
787,419,1206
1393,536,1929
181,1903,2084
1132,614,1746
931,543,1474
1606,358,1964
492,1834,2326
1206,1068,2274
1033,997,2030
1052,309,1361
1512,963,2475
197,1691,1888
923,660,1583
501,435,936
1054,665,1719
1153,638,1791
684,1938,2622
873,829,1702
624,948,1572
731,541,1272
873,625,1498
120,559,679
976,464,1440
573,1013,1586
322,299,621
251,551,802
1148,1535,2683
63,573,636
672,611,1283
154,697,851
1382,1259,2641
844,1529,2373
912,429,1341
451,951,1402
918,957,1875
350,544,894
1113,620,1733
214,958,1172
947,1065,2012
370,673,1043
1738,501,2239
1774,1007,2781
242,574,816
152,526,678
284,765,1049
1450,728,2178
282,810,1092
1121,1562,2683
655,807,1462
531,765,1296
760,477,1237
838,1694,2532
328,571,899
949,569,1518
285,671,956
588,713,1301
1506,1051,2557
449,935,1384
433,838,1271
505,699,1204
836,747,1583
507,983,1490
425,685,1110
802,752,1554
576,879,1455
504,1618,2122
720,895,1615
399,906,1305
622,848,1470
750,377,1127
192,885,1077
606,550,1156
764,630,1394
1309,1347,2656
590,675,1265
449,730,1179
838,928,1766
446,918,1364
368,739,1107
656,565,1221
493,1265,1758
664,1091,1755
695,639,1334
562,634,1196
1175,830,2005
830,495,1325
704,693,1397
174,649,823
394,1423,1817
1480,1013,2493
714,1142,1856
570,590,1160
896,1105,2001
762,604,1366
835,615,1450
818,827,1645
890,721,1611
534,739,1273
408,483,891
1299,974,2273
982,1248,2230
1091,547,1638
404,626,1030
582,744,1326
743,720,1463
787,709,1496
644,585,1229
418,778,1196
593,471,1064
707,875,1582
536,780,1316
446,605,1051
459,796,1255
638,696,1334
971,739,1710
384,799,1183
1358,1020,2378
809,630,1439
1280,596,1876
547,555,1102
868,761,1629
1054,1176,2230
682,497,1179
716,592,1308
719,904,1623
628,496,1124
906,775,1681
652,483,1135
729,314,1043
183,466,649
581,849,1430
659,682,1341
474,313,787
747,1348,2095
548,735,1283
451,841,1292
340,365,705
1137,838,1975
402,693,1095
653,718,1371
779,995,1774
407,328,735
714,1744,2458
482,1252,1734
379,926,1305
712,786,1498
246,510,756
430,434,864
344,1174,1518
792,616,1408
997,684,1681
191,463,654
377,619,996
646,1226,1872
705,583,1288
229,965,1194
381,1303,1684
474,766,1240
560,762,1322
236,476,712
127,603,730
614,1607,2221
661,1245,1906
634,585,1219
676,670,1346
870,559,1429
268,1472,1740
450,421,871
822,678,1500
282,589,871
672,664,1336
644,741,1385
197,653,850
394,554,948
455,512,967
259,1537,1796
512,1373,1885
1293,1049,2342
658,657,1315
579,1248,1827
1244,1011,2255
1075,676,1751
170,402,572
239,681,920
529,475,1004
871,546,1417
1620,1151,2771
640,403,1043
532,1229,1761
375,892,1267
659,834,1493
1449,526,1975
1031,514,1545
611,742,1353
326,791,1117
84,608,692
927,512,1439
1313,684,1997
534,917,1451
637,775,1412
1243,1029,2272
1435,1281,2716
127,924,1051
57,747,804
870,773,1643
868,1254,2122
119,627,746
249,739,988
897,880,1777
1150,1128,2278
1017,477,1494
452,681,1133
269,724,993
489,520,1009
854,316,1170
598,487,1085
518,673,1191
645,1312,1957
243,671,914
284,796,1080
696,531,1227
276,938,1214
411,792,1203
608,516,1124
109,1388,1497
131,896,1027
519,828,1347
605,1691,2296
398,394,792
688,869,1557
283,801,1084
684,928,1612
415,1081,1496
636,698,1334
124,1715,1839
638,854,1492
707,307,1014
433,447,880
116,784,900
465,965,1430
1081,671,1752
560,1102,1662
390,674,1064
1202,653,1855
746,965,1711
681,457,1138
313,550,863
284,797,1081
625,445,1070
582,966,1548
418,893,1311
446,345,791
791,504,1295
764,510,1274
467,1096,1563
250,330,580
290,655,945
107,2257,2364
612,796,1408
681,1242,1923
228,1431,1659
809,568,1377
896,568,1464
458,1459,1917
708,1291,1999
115,343,458
821,768,1589
45,2567,2612
632,1286,1918
592,1232,1824
261,2526,2787
760,774,1534
339,815,1154
1397,1316,2713
155,616,771
184,1447,1631
622,547,1169
956,1027,1983
146,794,940
836,1134,1970
727,1249,1976
1210,790,2000
213,788,1001
1510,1431,2941
212,794,1006
475,1158,1633
1143,1667,2810
716,847,1563
243,719,962
418,1436,1854
1139,976,2115
1368,594,1962
578,713,1291
567,1327,1894
1089,882,1971
633,728,1361
1258,429,1687
486,1126,1612
1369,1494,2863
542,621,1163
811,749,1560
309,1287,1596
1290,852,2142
829,695,1524
677,1175,1852
268,1383,1651
524,450,974
887,625,1512
1226,799,2025
966,752,1718
422,327,749
1272,732,2004
676,614,1290
2445,768,3213
724,809,1533
747,446,1193
477,452,929
1209,654,1863
994,834,1828
1156,599,1755
642,943,1585
614,435,1049
601,376,977
1187,502,1689
239,767,1006
1243,361,1604
687,377,1064
692,859,1551
757,1077,1834
536,823,1359
2429,1148,3577
559,291,850
187,397,584
1183,703,1886
621,518,1139
307,665,972
463,431,894
273,921,1194
475,1021,1496
580,528,1108
531,363,894
626,375,1001
1052,1052,2104
451,916,1367
862,578,1440
1070,1398,2468
1477,1486,2963
708,1688,2396
541,1016,1557
969,1224,2193
808,974,1782
670,1262,1932
1181,793,1974
90,1011,1101
891,1108,1999
71,1055,1126
1572,232,1804
891,1237,2128
583,1166,1749
73,786,859
90,1018,1108
1027,311,1338
66,1264,1330
740,1501,2241
622,1372,1994
66,1112,1178
474,757,1231
292,1029,1321
905,1177,2082
999,1594,2593
822,444,1266
202,1128,1330
967,480,1447
56,1139,1195
896,487,1383
460,1597,2057
1016,332,1348
548,1850,2398
886,1273,2159
267,1035,1302
518,861,1379
295,1462,1757
1381,384,1765
1253,431,1684
334,1010,1344
811,1010,1821
58,434,492
73,1447,1520
964,1629,2593
1284,726,2010
55,440,495
312,1699,2011
975,473,1448
495,1428,1923
1126,801,1927
1015,802,1817
944,670,1614
1158,1029,2187
1184,727,1911
1003,900,1903
49,682,731
920,935,1855
1111,519,1630
63,744,807
187,338,525
93,405,498
503,408,911
1617,689,2306
941,579,1520
528,424,952
698,861,1559
1361,905,2266
107,682,789
282,638,920
1081,1116,2197
156,692,848
1396,669,2065
1109,898,2007
1034,1036,2070
1400,1577,2977
1459,1115,2574
498,1073,1571
349,908,1257
1413,140,1553
606,1064,1670
405,500,905
612,1106,1718
1188,1175,2363
805,204,1009
246,1556,1802
782,308,1090
302,798,1100
121,337,458
684,415,1099
271,964,1235
113,1269,1382
323,950,1273
1295,1002,2297
338,1447,1785
901,1523,2424
347,822,1169
589,448,1037
106,1288,1394
781,398,1179
102,1521,1623
841,765,1606
1001,1044,2045
247,1318,1565
443,1239,1682
888,762,1650
1139,656,1795
1184,458,1642
1368,348,1716
1119,673,1792
1219,469,1688
1412,349,1761
1398,395,1793
59,1305,1364
579,431,1010
26,526,552
86,3347,3433
161,2557,2718
1647,703,2350
796,2694,3490
218,2641,2859
179,543,722
1477,763,2240
1469,898,2367
141,348,489
1503,692,2195
1145,785,1930
1128,2543,3671
204,2681,2885
27,514,541
73,790,863
2339,586,2925
26,567,593
100,835,935
28,916,944
321,702,1023
3211,620,3831
17,899,916
206,503,709
25,828,853
2533,454,2987
54,728,782
282,582,864
252,683,935
385,3479,3864
2528,602,3130
97,1101,1198
94,887,981
63,850,913
2354,684,3038
2605,557,3162
327,566,893
364,556,920
717,3305,4022
231,875,1106
522,518,1040
287,811,1098
221,906,1127
482,902,1384
464,550,1014
282,624,906
319,3493,3812
771,652,1423
486,911,1397
399,564,963
513,917,1430
88,849,937
591,410,1001
340,812,1152
457,679,1136
406,1188,1594
483,551,1034
697,845,1542
311,821,1132
366,782,1148
608,1037,1645
677,550,1227
585,959,1544
672,910,1582
777,918,1695
3182,762,3944
521,984,1505
683,855,1538
519,652,1171
513,630,1143
771,501,1272
628,744,1372
1066,264,1330
3033,951,3984
800,849,1649
22,191,213
3326,981,4307
562,824,1386
334,576,910
85,968,1053
68,213,281
350,788,1138
292,846,1138
174,668,842
406,758,1164
469,677,1146
754,598,1352
91,279,370
543,661,1204
554,609,1163
197,5514,5711
127,451,578
594,777,1371
246,599,845
498,759,1257
108,524,632
413,1040,1453
448,868,1316
306,5658,5964
649,457,1106
590,1060,1650
114,489,603
863,5307,6170
234,987,1221
203,638,841
891,452,1343
605,801,1406
383,532,915
450,570,1020
418,1081,1499
133,1474,1607
651,584,1235
940,700,1640
409,1117,1526
733,860,1593
864,529,1393
436,1658,2094
169,537,706
966,459,1425
345,1674,2019
212,589,801
4892,687,5579
749,957,1706
565,912,1477
367,578,945
300,1261,1561
395,1568,1963
417,545,962
384,316,700
398,1857,2255
1044,1041,2085
5119,948,6067
232,752,984
1280,1046,2326
1370,521,1891
470,1745,2215
429,620,1049
425,511,936
752,1329,2081
407,823,1230
5192,977,6169
285,755,1040
1554,695,2249
112,1036,1148
501,1162,1663
1406,559,1965
287,684,971
469,1241,1710
732,696,1428
436,852,1288
354,729,1083
887,1553,2440
1516,696,2212
501,1150,1651
878,574,1452
518,1579,2097
162,829,991
401,703,1104
612,1424,2036
436,883,1319
413,854,1267
661,713,1374
845,713,1558
756,1141,1897
570,737,1307
729,526,1255
455,715,1170
621,690,1311
1025,1058,2083
1074,1452,2526
648,1058,1706
728,1563,2291
567,907,1474
743,694,1437
643,870,1513
378,2130,2508
591,872,1463
641,641,1282
1641,1293,2934
754,1207,1961
972,771,1743
474,703,1177
736,641,1377
1103,1470,2573
546,703,1249
463,691,1154
1427,917,2344
1441,1244,2685
589,791,1380
1043,1026,2069
544,723,1267
949,257,1206
1095,1034,2129
558,979,1537
728,689,1417
1113,895,2008
549,1050,1599
1352,1077,2429
483,731,1214
368,1419,1787
1439,1040,2479
787,708,1495
466,1038,1504
621,599,1220
1258,945,2203
559,1296,1855
1209,870,2079
525,664,1189
632,1295,1927
2048,920,2968
1028,947,1975
738,606,1344
835,737,1572
804,678,1482
1352,1132,2484
472,834,1306
596,786,1382
978,693,1671
912,602,1514
949,1404,2353
255,643,898
852,734,1586
17,875,892
664,1064,1728
944,988,1932
156,874,1030
144,954,1098
1149,638,1787
653,727,1380
419,783,1202
513,447,960
423,772,1195
388,1567,1955
531,713,1244
492,595,1087
832,1537,2369
458,688,1146
528,1158,1686
600,623,1223
1311,495,1806
846,1373,2219
605,570,1175
455,1193,1648
1234,641,1875
565,734,1299
719,1485,2204
980,1049,2029
627,512,1139
698,677,1375
157,756,913
505,676,1181
520,1197,1717
681,722,1403
713,723,1436
1248,1219,2467
723,722,1445
353,782,1135
310,1379,1689
429,525,954
509,1407,1916
545,693,1238
363,1159,1522
907,970,1877
672,791,1463
1043,1102,2145
592,1182,1774
601,966,1567
1150,872,2022
571,570,1141
541,681,1222
184,891,1075
1051,879,1930
785,919,1704
239,876,1115
328,2282,2610
430,955,1385
796,1385,2181
862,302,1164
967,765,1732
723,803,1526
487,1426,1913
587,1834,2421
1244,1598,2842
468,1749,2217
828,497,1325
573,695,1268
1095,1200,2295
1357,1338,2695
33,1654,1687
760,809,1569
858,1603,2461
296,896,1192
117,1030,1147
1548,438,1986
368,1518,1886
496,858,1354
1632,526,2158
621,1485,2106
1268,2015,3283
504,1304,1808
514,787,1301
1246,797,2043
669,747,1416
653,971,1624
1116,1059,2175
2295,1275,3570
385,882,1267
1438,626,2064
688,1089,1777
439,740,1179
579,1188,1767
53,369,422
912,659,1571
436,1591,2027
68,1567,1635
1443,1367,2810
1235,759,1994
85,395,480
1414,981,2395
582,1062,1644
113,1462,1575
1798,1298,3096
119,700,819
1215,856,2071
962,820,1782
1522,917,2439
692,697,1389
181,388,569
382,1404,1786
979,905,1884
206,793,999
104,994,1098
1426,421,1847
108,1043,1151
268,913,1181
221,570,791
1418,504,1922
1249,757,2006
456,617,1073
723,630,1353
740,526,1266
229,1025,1254
304,975,1279
268,699,967
707,759,1466
793,622,1415
228,835,1063
518,738,1256
458,643,1101
574,679,1253
391,1110,1501
953,590,1543
327,850,1177
503,620,1123
874,549,1423
224,670,894
449,605,1054
613,733,1346
524,729,1253
825,610,1435
679,441,1120
333,842,1175
289,805,1094
638,667,1305
257,438,695
772,748,1520
689,539,1228
310,789,1099
395,321,716
487,749,1236
484,778,1262
508,804,1312
555,791,1346
1023,665,1688
146,614,760
677,1108,1785
377,712,1089
351,319,670
43,858,901
829,1560,2389
348,691,1039
263,630,893
447,706,1153
557,550,1107
501,731,1232
533,690,1223
604,595,1199
313,700,1013
539,574,1113
241,527,768
411,786,1197
326,605,931
583,543,1126
361,773,1134
849,411,1260
719,1421,2140
460,444,904
463,532,995
569,710,1279
343,1207,1550
578,652,1230
606,598,1204
205,521,726
980,1230,2210
278,670,948
133,719,852
236,673,909
304,653,957
168,838,1006
452,533,985
243,529,772
348,591,939
600,1092,1692
489,886,1375
1051,938,1989
458,754,1212
260,485,745
1092,1043,2135
530,468,998
368,658,1026
481,1317,1798
71,759,830
429,401,830
324,1064,1388
195,754,949
530,649,1179
368,550,918
586,429,1015
1110,849,1959
1137,652,1789
455,488,943
688,388,1076
857,868,1725
494,751,1245
441,549,990
201,857,1058
408,662,1070
671,636,1307
362,1173,1535
718,337,1055
395,925,1320
484,1019,1503
176,597,773
308,1046,1354
169,547,716
1273,533,1806
719,1212,1931
332,515,847
473,706,1179
767,848,1615
432,553,985
153,681,834
759,684,1443
533,1019,1552
744,1028,1772
201,855,1056
521,1082,1603
474,726,1200
174,693,867
331,594,925
256,706,962
495,1113,1608
913,1031,1944
499,880,1379
861,614,1475
297,747,1044
166,613,779
639,491,1130
811,1110,1921
293,608,901
778,799,1577
914,1050,1964
912,718,1630
240,693,933
491,978,1469
903,910,1813
993,623,1616
476,756,1232
791,481,1272
291,643,934
432,737,1169
1138,691,1829
504,592,1096
252,955,1207
622,740,1362
565,1213,1778
669,385,1054
563,659,1222
399,608,1007
490,955,1445
712,1254,1966
532,498,1030
739,502,1241
273,968,1241
379,959,1338
608,432,1040
510,791,1301
404,620,1024
200,604,804
460,501,961
737,842,1579
922,1101,2023
525,885,1410
868,428,1296
670,941,1611
496,1255,1751
730,443,1173
288,583,871
560,863,1423
446,1023,1469
518,487,1005
800,1304,2104
958,755,1713
303,737,1040
256,929,1185
366,989,1355
708,682,1390
478,520,998
260,856,1116
986,878,1864
751,702,1453
285,714,999
571,579,1150
809,683,1492
384,775,1159
609,983,1592
1106,480,1586
368,1212,1580
636,604,1240
736,543,1279
820,431,1251
1131,548,1679
681,532,1213
370,1024,1394
840,493,1333
466,515,981
554,1060,1614
602,418,1020
566,550,1116
729,452,1181
512,491,1003
181,1020,1201
361,585,946
59,1268,1327
437,891,1328
645,615,1260
436,580,1016
552,520,1072
547,474,1021
241,1163,1404
584,708,1292
530,626,1156
22,478,500
491,509,1000
306,1206,1512
488,602,1090
701,824,1525
553,578,1131
1220,450,1670
1248,334,1582
478,866,1344
394,657,1051
167,347,514
111,540,651
85,508,593
848,829,1677
1041,406,1447
353,567,920
331,562,893
242,697,939
275,586,861
395,872,1267
416,929,1345
1322,365,1687
435,1596,2031
278,969,1247
373,587,960
93,512,605
555,711,1266
538,468,1006
62,537,599
388,569,957
647,656,1303
267,839,1106
164,476,640
487,333,820
897,1035,1932
528,626,1154
586,769,1355
215,1453,1668
31,640,671
139,767,906
465,331,796
337,377,714
799,980,1779
301,719,1020
602,1072,1674
585,869,1454
371,1478,1849
925,909,1834
489,472,961
191,754,945
61,880,941
306,824,1130
122,1098,1220
1060,849,1909
397,529,926
277,1072,1349
643,855,1498
581,590,1171
208,996,1204
1385,467,1852
1049,480,1529
256,791,1047
240,593,833
626,781,1407
497,887,1384
250,890,1140
677,683,1360
673,714,1387
658,527,1185
426,911,1337
266,914,1180
460,963,1423
715,479,1194
977,591,1568
720,675,1395
293,929,1222
376,467,843
929,621,1550
525,811,1336
696,721,1417
759,957,1716
681,854,1535
238,791,1029
889,930,1819
435,982,1417
610,683,1293
461,835,1296
498,758,1256
740,571,1311
514,623,1137
565,874,1439
552,925,1477
591,632,1223
909,289,1198
783,718,1501
812,752,1564
566,656,1222
856,771,1627
573,532,1105
51,304,355
355,432,787
738,885,1623
818,748,1566
97,357,454
349,895,1244
645,1012,1657
776,317,1093
211,376,587
854,13555,14409
522,725,1247
288,1091,1379
492,1292,1784
636,517,1153
837,766,1603
1280,13016,14296
443,1049,1492
1280,13004,14284
575,532,1107
1195,12480,13675
433,1214,1647
261,598,859
608,554,1162
12844,284,13128
651,375,1026
938,280,1218
12902,276,13178
507,1476,1983
234,366,600
448,1077,1525
12390,372,12762
242,362,604
980,556,1536
174,361,535
421,12847,13268
1180,412,1592
694,954,1648
232,381,613
332,1419,1751
421,1359,1780
201,266,467
169,1681,1850
251,317,568
561,1271,1832
656,1783,2439
450,1338,1788
564,1346,1910
909,290,1199
238,475,713
913,652,1565
365,624,989
606,657,1263
146,812,958
247,1658,1905
826,371,1197
813,1518,2331
427,625,1052
403,2199,2602
644,398,1042
676,2104,2780
900,945,1845
89,1005,1094
154,506,660
132,844,976
336,956,1292
167,1169,1336
424,677,1101
315,842,1157
618,726,1344
505,880,1385
144,442,586
997,1557,2554
672,781,1453
526,2315,2841
1127,1179,2306
205,404,609
203,895,1098
431,516,947
125,594,719
204,798,1002
500,536,1036
101,788,889
1026,671,1697
185,833,1018
582,462,1044
363,817,1180
262,666,928
1074,789,1863
146,831,977
1087,2070,3157
577,491,1068
76,475,551
578,327,905
481,704,1185
482,591,1073
1004,424,1428
453,719,1172
1966,1452,3418
242,390,632
723,492,1215
564,748,1312
265,380,645
48,645,693
75,459,534
1852,1000,2852
250,391,641
223,780,1003
436,545,981
524,891,1415
277,660,937
369,699,1068
653,1220,1873
1914,940,2854
625,396,1021
324,575,899
412,728,1140
493,821,1314
690,446,1136
639,707,1346
644,686,1330
245,677,922
70,551,621
609,533,1142
109,1228,1337
512,835,1347
198,590,788
56,712,768
30,691,721
589,753,1342
260,547,807
509,1010,1519
128,660,788
166,578,744
1025,677,1702
19,831,850
293,539,832
96,697,793
1097,651,1748
297,547,844
443,574,1017
295,592,887
31,651,682
148,942,1090
436,589,1025
788,445,1233
574,569,1143
399,650,1049
463,416,879
471,640,1111
312,465,777
375,613,988
145,1000,1145
356,752,1108
117,1266,1383
496,592,1088
463,569,1032
243,1309,1552
573,609,1182
256,523,779
148,640,788
621,944,1565
611,572,1183
537,435,972
466,1121,1587
353,1074,1427
463,714,1177
835,935,1770
195,637,832
521,777,1298
440,596,1036
386,433,819
481,1319,1800
162,869,1031
851,1034,1885
169,640,809
475,712,1187
35,707,742
1174,421,1595
785,941,1726
354,851,1205
327,983,1310
276,582,858
433,641,1074
776,752,1528
66,828,894
779,698,1477
976,912,1888
474,776,1250
380,749,1129
304,788,1092
304,894,1198
556,707,1263
475,1088,1563
529,729,1258
334,1081,1415
662,641,1303
556,669,1225
458,669,1127
192,927,1119
573,879,1452
985,740,1725
389,887,1276
529,868,1397
409,1067,1476
524,642,1166
815,861,1676
568,482,1050
445,825,1270
742,651,1393
784,512,1296
602,906,1508
698,1021,1719
231,909,1140
339,547,886
629,821,1450
792,856,1648
936,728,1664
957,1068,2025
336,892,1228
874,485,1359
779,973,1752
501,731,1232
465,838,1303
689,716,1405
344,851,1195
189,591,780
128,706,834
320,1134,1454
266,492,758
624,887,1511
959,924,1883
729,572,1301
363,927,1290
334,396,730
751,943,1694
415,1141,1556
754,1013,1767
411,431,842
571,1075,1646
869,1022,1891
314,365,679
188,841,1029
476,19716,20192
252,865,1117
201,1008,1209
771,7289,8060
818,1075,1893
672,983,1655
375,835,1210
347,900,1247
359,397,756
690,557,1247
898,6602,7500
531,798,1329
462,1047,1509
549,19715,20264
402,993,1395
285,1116,1401
236,625,861
462,19613,20075
289,870,1159
250,6728,6978
320,469,789
13203,6940,20143
742,745,1487
6409,744,7153
19648,553,20201
345,586,931
760,691,1451
19347,344,19691
719,776,1495
452,1189,1641
624,989,1613
6637,388,7025
692,679,1371
6230,569,6799
182,1440,1622
198,815,1013
923,926,1849
6198,703,6901
529,1527,2056
755,1083,1838
743,1236,1979
496,1450,1946
819,760,1579
782,303,1085
461,796,1257
660,935,1595
749,468,1217
879,1201,2080
399,895,1294
501,364,865
996,1019,2015
468,917,1385
727,1214,1941
30,777,807
882,1126,2008
611,855,1466
1258,912,2170
267,1366,1633
872,993,1865
389,1026,1415
98,656,754
92,748,840
973,686,1659
287,814,1101
275,670,945
1454,636,2090
198,1368,1566
314,2051,2365
1032,873,1905
778,939,1717
1151,707,1858
556,682,1238
177,923,1100
332,826,1158
777,645,1422
410,1255,1665
309,671,980
1043,1483,2526
537,665,1202
384,1019,1403
1362,1425,2787
427,723,1150
879,590,1469
599,1058,1657
667,704,1371
592,784,1376
565,486,1051
550,642,1192
1469,1121,2590
527,834,1361
674,1128,1802
785,1435,2220
635,669,1304
463,826,1289
379,1515,1894
386,492,878
1357,647,2004
994,771,1765
677,1429,2106
379,644,1023
177,929,1106
490,1572,2062
671,1241,1912
791,768,1559
601,824,1425
558,1246,1804
1118,561,1679
373,970,1343
681,511,1192
1083,807,1890
285,859,1144
711,716,1427
808,1355,2163
514,715,1229
387,1015,1402
1015,1192,2207
583,979,1562
324,703,1027
245,1281,1526
668,728,1396
333,936,1269
475,1001,1476
380,703,1083
576,772,1348
962,714,1676
547,761,1308
501,962,1463
601,791,1392
1038,717,1755
237,1439,1676
190,1742,1932
359,842,1201
486,1254,1740
853,537,1390
769,1352,2121
1416,800,2216
588,846,1434
898,724,1622
1226,1380,2606
599,787,1386
531,758,1289
159,1591,1750
744,346,1090
520,912,1432
641,950,1591
985,1116,2101
440,655,1095
596,688,1284
1123,1274,2397
857,806,1663
967,986,1953
506,592,1098
1144,1475,2619
660,965,1625
842,946,1788
687,1355,2042
445,667,1112
535,722,1257
604,847,1451
797,1374,2171
670,625,1295
1213,703,1916
166,918,1084
1017,1224,2241
555,799,1354
1372,923,2295
1372,1427,2799
591,952,1543
755,1364,2119
938,1031,1969
1128,1247,2375
614,1068,1682
1192,831,2023
895,1103,1998
1231,1277,2508
548,849,1397
656,888,1544
741,965,1706
1104,584,1688
432,1448,1880
778,275,1053
850,855,1705
857,1093,1950
726,788,1514
473,279,752
1118,373,1491
610,1490,2100
433,1243,1676
943,937,1880
827,354,1181
809,1747,2556
650,1523,2173
469,1113,1582
600,1243,1843
310,294,604
831,423,1254
553,347,900
790,1081,1871
622,1871,2493
1361,674,2035
446,879,1325
624,1355,1979
1383,578,1961
818,953,1771
1056,1621,2677
643,1513,2156
1472,576,2048
926,412,1338
665,1130,1795
1154,1567,2721
1010,662,1672
984,466,1450
709,459,1168
830,692,1522
768,1063,1831
34,459,493
95,428,523
887,617,1504
1666,619,2285
1269,713,1982
51,417,468
209,439,648
334,374,708
725,2451,3176
1283,423,1706
1431,618,2049
817,2346,3163
812,722,1534
152,335,487
267,248,515
587,2375,2962
281,717,998
273,695,968
416,2237,2653
75,1079,1154
1212,1585,2797
312,558,870
1400,779,2179
490,520,1010
437,583,1020
31,1181,1212
516,1826,2342
281,580,861
411,1047,1458
209,630,839
460,826,1286
392,483,875
597,694,1291
423,441,864
493,390,883
2033,762,2795
903,730,1633
546,1619,2165
2178,475,2653
615,897,1512
149,1602,1751
450,705,1155
522,785,1307
32,1862,1894
115,1868,1983
2488,247,2735
437,1514,1951
708,1260,1968
69,443,512
663,703,1366
1390,633,2023
471,876,1347
888,447,1335
1666,401,2067
699,712,1411
99,462,561
972,1139,2111
869,684,1553
1255,378,1633
68,729,797
2020,1146,3166
142,593,735
861,864,1725
211,1167,1378
34,1573,1607
56,322,378
216,337,553
1279,845,2124
41,848,889
374,1529,1903
338,452,790
326,1578,1904
61,757,818
97,372,469
261,352,613
182,1416,1598
148,428,576
1097,836,1933
572,375,947
297,456,753
1434,949,2383
543,458,1001
254,1634,1888
714,289,1003
543,366,909
580,1399,1979
85,508,593
839,394,1233
104,575,679
82,514,596
138,620,758
2118,322,2440
1004,1369,2373
619,764,1383
84,542,626
992,1511,2503
975,919,1894
600,950,1550
106,620,726
98,549,647
113,655,768
955,1107,2062
163,824,987
230,777,1007
123,1102,1225
1537,1253,2790
129,589,718
484,566,1050
351,572,923
926,662,1588
179,814,993
1355,1187,2542
113,907,1020
414,808,1222
317,522,839
247,1076,1323
413,614,1027
634,480,1114
460,661,1121
626,579,1205
1651,2356,4007
1023,1408,2431
322,577,899
811,1162,1973
1269,1163,2432
607,339,946
1099,1819,2918
905,436,1341
238,960,1198
1152,1465,2617
468,2495,2963
539,794,1333
509,971,1480
905,2283,3188
306,1079,1385
814,1406,2220
350,569,919
970,892,1862
403,943,1346
887,1230,2117
711,650,1361
46,331,377
743,946,1689
2225,816,3041
356,1085,1441
371,1894,2265
666,1005,1671
802,781,1583
548,1039,1587
324,1278,1602
23,1031,1054
907,982,1889
1079,700,1779
2439,687,3126
732,942,1674
353,2118,2471
777,1417,2194
107,693,800
472,1197,1669
314,768,1082
431,741,1172
824,940,1764
2110,733,2843
492,721,1213
1274,1408,2682
788,1466,2254
534,930,1464
664,678,1342
559,692,1251
1589,523,2112
504,916,1420
550,918,1468
134,1090,1224
1702,949,2651
445,1698,2143
739,835,1574
638,717,1355
911,781,1692
867,761,1628
1192,1472,2664
439,1029,1468
481,1000,1481
196,1569,1765
1931,989,2920
1287,1174,2461
636,768,1404
903,932,1835
1178,735,1913
678,939,1617
981,1623,2604
832,867,1699
656,899,1555
601,1371,1972
1378,819,2197
1288,872,2160
575,734,1309
631,1128,1759
496,871,1367
389,979,1368
395,1595,1990
485,937,1422
653,1043,1696
984,1067,2051
809,1025,1834
1446,911,2357
637,874,1511
444,1070,1514
596,913,1509
838,947,1785
1354,1069,2423
528,919,1447
288,863,1151
1432,1070,2502
432,856,1288
960,1047,2007
247,1060,1307
852,1026,1878
1035,482,1517
892,1238,2130
1555,992,2547
564,983,1547
536,858,1394
469,1196,1665
1586,763,2349
928,818,1746
649,874,1523
865,1219,2084
501,591,1092
49,493,542
692,897,1589
584,1480,2064
881,708,1589
354,1049,1403
224,767,991
821,1069,1890
690,426,1116
94,819,913
451,787,1238
906,1185,2091
270,963,1233
564,1028,1592
464,822,1286
408,942,1350
655,558,1213
1213,966,2179
686,722,1408
137,581,718
459,949,1408
895,1444,2339
415,960,1375
748,623,1371
912,728,1640
618,1676,2294
588,934,1522
938,729,1667
921,1836,2757
174,659,833
822,341,1163
350,1475,1825
405,1655,2060
133,894,1027
857,1694,2551
863,918,1781
820,788,1608
314,802,1116
698,967,1665
321,780,1101
251,1080,1331
540,1525,2065
276,1149,1425
569,755,1324
330,1928,2258
429,981,1410
108,711,819
422,1894,2316
699,888,1587
1345,999,2344
1084,952,2036
315,715,1030
498,1552,2050
77,353,430
1223,1103,2326
536,525,1061
349,1029,1378
421,1018,1439
1321,486,1807
346,504,850
1737,809,2546
340,972,1312
287,1635,1922
632,621,1253
143,900,1043
516,1522,2038
752,365,1117
804,1062,1866
233,1128,1361
1161,976,2137
1464,518,1982
632,879,1511
531,1086,1617
442,1706,2148
597,566,1163
744,828,1572
988,959,1947
807,1267,2074
434,655,1089
670,638,1308
746,740,1486
209,652,861
375,963,1338
852,508,1360
665,631,1296
551,1267,1818
1136,1284,2420
322,755,1077
500,893,1393
845,728,1573
664,1423,2087
557,540,1097
1033,558,1591
511,535,1046
532,1252,1784
1303,1048,2351
735,441,1176
522,509,1031
383,785,1168
258,285,543
662,1450,2112
567,785,1352
290,298,588
1266,943,2209
619,636,1255
68,670,738
577,659,1236
1041,1391,2432
1025,1259,2284
276,1132,1408
735,1333,2068
337,494,831
788,374,1162
386,1068,1454
1092,1340,2432
528,1309,1837
327,1092,1419
1181,1186,2367
37,668,705
1241,1730,2971
745,2005,2750
744,2014,2758
746,1598,2344
1031,2002,3033
345,1069,1414
1147,1773,2920
214,1402,1616
68,941,1009
957,2016,2973
1078,1441,2519
1450,1199,2649
438,880,1318
115,1096,1211
1865,547,2412
523,1153,1676
598,1228,1826
379,1109,1488
1235,1521,2756
660,1760,2420
171,1715,1886
550,1173,1723
508,758,1266
1543,326,1869
387,1544,1931
926,696,1622
262,1292,1554
1180,1341,2521
688,1254,1942
1120,1536,2656
849,727,1576
838,573,1411
1575,441,2016
1835,537,2372
1316,612,1928
826,778,1604
1046,926,1972
859,1175,2034
1015,1045,2060
1117,1051,2168
1311,364,1675
744,571,1315
1546,893,2439
276,1129,1405
806,604,1410
1011,658,1669
1064,307,1371
936,1047,1983
718,1256,1974
28,624,652
41,500,541
1007,928,1935
1171,1139,2310
645,1006,1651
1452,1210,2662
945,1142,2087
941,810,1751
1204,1195,2399
36,615,651
1172,874,2046
1288,1097,2385
1017,1117,2134
298,601,899
1461,1163,2624
1517,393,1910
64,515,579
154,669,823
1369,793,2162
560,540,1100
878,885,1763
736,1427,2163
1290,728,2018
356,562,918
221,1227,1448
59,1123,1182
113,907,1020
199,905,1104
439,982,1421
614,658,1272
573,800,1373
195,999,1194
18,1191,1209
454,738,1192
474,681,1155
120,1260,1380
399,749,1148
573,757,1330
38,1442,1480
648,865,1513
425,996,1421
1083,364,1447
427,1463,1890
433,809,1242
557,1149,1706
860,614,1474
531,965,1496
785,1074,1859
538,1062,1600
424,928,1352
46,1491,1537
1125,796,1921
482,1277,1759
796,729,1525
632,545,1177
836,930,1766
824,1234,2058
947,1114,2061
324,951,1275
818,1131,1949
1213,897,2110
616,1122,1738
1131,1033,2164
505,742,1247
1312,647,1959
500,1348,1848
974,1285,2259
892,427,1319
70,711,781
505,914,1419
526,1093,1619
691,688,1379
356,1012,1368
1395,830,2225
447,1226,1673
774,956,1730
994,771,1765
649,1382,2031
855,1104,1959
1005,989,1994
521,906,1427
878,1101,1979
583,920,1503
561,1058,1619
975,699,1674
929,638,1567
1060,541,1601
986,1085,2071
805,409,1214
1265,394,1659
682,846,1528
1090,425,1515
900,1297,2197
953,952,1905
836,617,1453
1070,1063,2133
293,444,737
866,1210,2076
297,623,920
430,523,953
55,873,928
233,670,903
1108,1178,2286
996,1379,2375
1227,1133,2360
251,883,1134
317,662,979
1059,1292,2351
405,688,1093
419,406,825
1329,816,2145
291,787,1078
582,810,1392
1206,1115,2321
348,534,882
1181,1744,2925
417,1057,1474
1278,846,2124
269,543,812
1210,1492,2702
136,978,1114
833,733,1566
122,814,936
1094,1553,2647
430,736,1166
529,659,1188
953,716,1669
282,1250,1532
486,560,1046
672,977,1649
1200,648,1848
908,989,1897
1015,1478,2493
766,1054,1820
822,379,1201
423,879,1302
113,834,947
596,704,1300
155,1007,1162
441,560,1001
378,1164,1542
708,847,1555
526,554,1080
1133,938,2071
458,1093,1551
696,755,1451
467,853,1320
1008,840,1848
447,1105,1552
428,1182,1610
503,678,1181
267,552,819
660,1053,1713
842,668,1510
725,1235,1960
411,773,1184
821,457,1278
920,929,1849
600,833,1433
750,927,1677
1469,675,2144
492,545,1037
1055,490,1545
674,664,1338
924,1661,2585
716,475,1191
351,1705,2056
470,997,1467
769,723,1492
737,911,1648
919,1167,2086
317,793,1110
1085,743,1828
1009,854,1863
879,1343,2222
585,667,1252
1319,1685,3004
483,809,1292
854,798,1652
1418,1834,3252
743,663,1406
389,985,1374
872,1171,2043
1404,1476,2880
1034,1397,2431
189,713,902
1462,967,2429
845,685,1530
916,831,1747
1002,986,1988
1159,794,1953
464,966,1430
1654,505,2159
487,1246,1733
520,1350,1870
207,1005,1212
443,957,1400
764,971,1735
570,1408,1978
1271,565,1836
1794,514,2308
1030,984,2014
580,1976,2556
465,916,1381
667,756,1423
677,854,1531
479,994,1473
879,442,1321
1657,320,1977
1106,869,1975
657,1590,2247
108,499,607
136,1654,1790
859,654,1513
745,891,1636
601,803,1404
51,465,516
354,691,1045
598,774,1372
1142,638,1780
1223,1192,2415
139,515,654
331,706,1037
1963,755,2718
1394,377,1771
486,556,1042
425,655,1080
570,1476,2046
1145,634,1779
509,707,1216
407,1410,1817
574,1480,2054
107,689,796
1406,741,2147
809,262,1071
924,754,1678
1025,385,1410
759,690,1449
350,1103,1453
479,1044,1523
626,505,1131
283,428,711
66,409,475
657,1735,2392
787,441,1228
531,943,1474
296,447,743
695,792,1487
233,561,794
703,1415,2118
21,719,740
137,495,632
1378,1215,2593
694,912,1606
557,765,1322
872,864,1736
19,857,876
254,604,858
609,626,1235
230,533,763
251,935,1186
341,318,659
585,395,980
675,1077,1752
556,1173,1729
1194,774,1968
556,607,1163
1144,1071,2215
767,372,1139
1217,1088,2305
310,982,1292
592,816,1408
267,1306,1573
416,325,741
850,653,1503
805,780,1585
559,893,1452
834,859,1693
79,558,637
781,645,1426
25,1304,1329
443,1272,1715
739,715,1454
138,637,775
76,757,833
788,866,1654
1227,574,1801
188,654,842
151,761,912
23,1806,1829
838,989,1827
251,567,818
430,426,856
389,1564,1953
118,595,713
343,603,946
1180,835,2015
98,722,820
431,559,990
1181,666,1847
151,912,1063
306,562,868
489,430,919
25,726,751
135,857,992
491,588,1079
1729,411,2140
152,1600,1752
524,828,1352
745,690,1435
434,906,1340
810,426,1236
776,875,1651
63,1204,1267
621,1039,1660
656,747,1403
1116,508,1624
396,1652,2048
553,643,1196
757,1010,1767
216,482,698
870,227,1097
434,774,1208
443,1234,1677
821,773,1594
615,1282,1897
783,855,1638
357,1658,2015
412,1056,1468
331,559,890
168,774,942
63,1074,1137
366,960,1326
262,558,820
357,832,1189
544,518,1062
500,898,1398
1184,980,2164
407,1687,2094
394,764,1158
803,1621,2424
627,1288,1915
78,688,766
300,1438,1738
716,1673,2389
117,1220,1337
1164,810,1974
1159,663,1822
53,1524,1577
435,969,1404
702,1246,1948
1480,373,1853
514,1083,1597
563,886,1449
40,918,958
1294,322,1616
938,1059,1997
1128,229,1357
187,1271,1458
1283,312,1595
1412,1646,3058
659,831,1490
89,1188,1277
624,1651,2275
696,1039,1735
352,288,640
672,1090,1762
908,231,1139
569,941,1510
1458,1495,2953
412,1436,1848
446,1394,1840
217,2131,2348
1013,1244,2257
570,176,746
1177,515,1692
707,247,954
744,1038,1782
231,268,499
991,692,1683
142,390,532
1232,653,1885
1076,640,1716
659,1376,2035
1338,857,2195
513,1405,1918
1511,840,2351
41,229,270
761,1767,2528
703,681,1384
643,1402,2045
281,431,712
1026,640,1666
1295,711,2006
663,1473,2136
440,586,1026
85,284,369
173,944,1117
1399,868,2267
745,366,1111
134,489,623
926,851,1777
791,386,1177
132,379,511
1024,1994,3018
227,353,580
526,639,1165
152,491,643
329,1528,1857
840,855,1695
182,408,590
210,330,540
2009,1089,3098
605,440,1045
611,2516,3127
1174,964,2138
759,566,1325
1382,1821,3203
1711,1476,3187
73,493,566
986,1449,2435
772,665,1437
1509,1742,3251
301,954,1255
1561,1217,2778
39,497,536
415,1043,1458
691,1475,2166
232,1259,1491
799,679,1478
21,1379,1400
1134,1499,2633
200,455,655
473,572,1045
127,1391,1518
268,614,882
565,428,993
605,1000,1605
1301,2419,3720
18,452,470
2196,687,2883
619,1090,1709
1249,2190,3439
380,556,936
487,368,855
26,1362,1388
402,1916,2318
241,611,852
1184,943,2127
581,802,1383
1057,549,1606
1288,972,2260
1207,834,2041
738,2381,3119
1933,442,2375
986,763,1749
169,2396,2565
724,651,1375
67,1232,1299
443,475,918
1120,605,1725
284,1075,1359
227,916,1143
412,624,1036
582,1087,1669
168,2447,2615
230,942,1172
1055,949,2004
18,2179,2197
413,801,1214
771,787,1558
526,391,917
27,2150,2177
38,1711,1749
742,337,1079
223,757,980
2120,582,2702
477,628,1105
136,1967,2103
724,2130,2854
644,772,1416
818,298,1116
129,2072,2201
639,767,1406
662,1664,2326
1434,1084,2518
274,1156,1430
965,667,1632
690,2023,2713
1601,733,2334
849,1645,2494
1886,560,2446
967,1193,2160
385,551,936
1015,789,1804
1968,743,2711
1593,1095,2688
2045,596,2641
1901,842,2743
1762,852,2614
1308,799,2107
436,1260,1696
2352,611,2963
1750,549,2299
899,456,1355
390,1458,1848
113,589,702
24,847,871
965,763,1728
239,1997,2236
269,1472,1741
496,452,948
1053,1244,2297
690,1177,1867
816,820,1636
734,543,1277
381,524,905
29,863,892
322,1017,1339
46,664,710
1280,530,1810
525,476,1001
1156,788,1944
1047,880,1927
351,1619,1970
100,1060,1160
617,716,1333
204,919,1123
775,1494,2269
26,1622,1648
822,525,1347
623,728,1351
1694,534,2228
409,709,1118
134,968,1102
220,1199,1419
529,692,1221
52,1453,1505
363,1268,1631
737,541,1278
344,935,1279
759,640,1399
970,742,1712
458,1101,1559
467,1028,1495
202,1683,1885
458,955,1413
925,743,1668
932,738,1670
557,504,1061
611,750,1361
340,1233,1573
859,700,1559
523,1264,1787
808,1543,2351
454,757,1211
1085,527,1612
253,733,986
641,658,1299
401,1424,1825
359,1114,1473
707,988,1695
693,1178,1871
590,714,1304
677,502,1179
313,816,1129
1224,952,2176
426,822,1248
1488,1041,2529
555,1353,1908
1260,1190,2450
334,820,1154
1475,1179,2654
983,1091,2074
448,530,978
414,808,1222
668,794,1462
1002,879,1881
630,964,1594
739,662,1401
384,1729,2113
1348,817,2165
1027,695,1722
664,984,1648
486,762,1248
461,1748,2209
529,873,1402
637,882,1519
856,830,1686
446,670,1116
1299,930,2229
1150,489,1639
658,842,1500
554,1463,2017
974,858,1832
1054,950,2004
980,644,1624
1504,676,2180
1117,1283,2400
431,973,1404
1021,643,1664
539,761,1300
1035,750,1785
189,1012,1201
719,797,1516
758,1217,1975
724,868,1592
1597,520,2117
412,848,1260
577,954,1531
896,754,1650
570,700,1270
731,782,1513
453,740,1193
654,797,1451
668,1072,1740
656,691,1347
1292,601,1893
844,499,1343
910,1309,2219
407,695,1102
827,994,1821
796,663,1459
477,556,1033
622,535,1157
503,1169,1672
799,1006,1805
421,721,1142
666,568,1234
712,1643,2355
504,1206,1710
456,1162,1618
1163,1228,2391
541,705,1246
933,595,1528
676,1427,2103
1137,1050,2187
654,990,1644
783,1197,1980
1552,566,2118
200,401,601
1076,772,1848
334,936,1270
1110,388,1498
713,1097,1810
426,947,1373
873,794,1667
496,1057,1553
605,1695,2300
263,667,930
712,831,1543
987,1149,2136
577,1100,1677
738,315,1053
964,737,1701
306,814,1120
485,1150,1635
1206,675,1881
721,655,1376
394,775,1169
164,1098,1262
1055,1107,2162
228,1083,1311
131,943,1074
375,524,899
100,1299,1399
254,738,992
744,1080,1824
291,1331,1622
724,676,1400
754,654,1408
992,1397,2389
515,1035,1550
465,666,1131
853,1096,1949
136,745,881
962,703,1665
386,963,1349
637,750,1387
1624,829,2453
905,903,1808
321,1207,1528
668,742,1410
337,1091,1428
795,860,1655
429,669,1098
478,1254,1732
501,723,1224
623,749,1372
745,1063,1808
1098,1355,2453
643,1410,2053
528,956,1484
1222,640,1862
949,599,1548
701,659,1360
1021,917,1938
560,888,1448
822,709,1531
1025,838,1863
1270,841,2111
358,1043,1401
879,661,1540
1200,846,2046
646,658,1304
490,821,1311
662,1748,2410
540,1054,1594
729,1230,1959
930,1762,2692
613,943,1556
613,879,1492
554,753,1307
610,799,1409
733,774,1507
609,906,1515
943,501,1444
525,929,1454
1066,1358,2424
932,616,1548
816,956,1772
754,884,1638
476,917,1393
1204,1235,2439
607,1011,1618
1208,1071,2279
850,721,1571
489,936,1425
1030,1145,2175
1255,746,2001
763,697,1460
829,748,1577
806,1400,2206
918,589,1507
603,1265,1868
779,414,1193
906,1339,2245
526,1619,2145
567,1163,1730
651,351,1002
843,925,1768
481,1473,1954
504,1447,1951
798,898,1696
771,787,1558
760,1541,2301
757,1477,2234
655,1358,2013
376,349,725
493,902,1395
671,1330,2001
693,1247,1940
1338,438,1776
267,392,659
327,1557,1884
531,1366,1897
639,1247,1886
689,916,1605
541,1310,1851
834,1164,1998
299,1042,1341
487,784,1271
1170,494,1664
1139,530,1669
1145,871,2016
1318,333,1651
490,1044,1534
1244,454,1698
744,670,1414
813,1284,2097
1286,512,1798
448,713,1161
1386,366,1752
1182,377,1559
870,289,1159
757,449,1206
1256,572,1828
1261,408,1669
476,435,911
962,300,1262
1146,187,1333
909,463,1372
92,435,527
28,241,269
1520,168,1688
86,480,566
63,468,531
1012,589,1601
939,604,1543
1230,684,1914
36,597,633
1069,897,1966
46,414,460
104,387,491
28,650,678
41,347,388
129,416,545
40,804,844
73,616,689
109,720,829
211,682,893
68,877,945
1219,956,2175
61,987,1048
58,545,603
122,629,751
104,839,943
75,764,839
2443,214,2657
76,1169,1245
436,613,1049
347,683,1030
215,1189,1404
322,625,947
371,845,1216
519,827,1346
287,720,1007
271,348,619
90,244,334
516,749,1265
210,763,973
668,717,1385
277,741,1018
20,1303,1323
730,644,1374
514,535,1049
250,898,1148
102,454,556
925,557,1482
274,1054,1328
520,1027,1547
368,771,1139
217,753,970
774,445,1219
929,618,1547
154,629,783
587,620,1207
388,1260,1648
60,1115,1175
124,1046,1170
483,714,1197
822,514,1336
852,767,1619
462,646,1108
538,672,1210
543,616,1159
515,1544,2059
434,956,1390
333,1051,1384
895,519,1414
632,926,1558
295,712,1007
351,857,1208
642,548,1190
673,692,1365
1100,1171,2271
354,847,1201
733,881,1614
720,1435,2155
453,909,1362
199,918,1117
541,633,1174
529,586,1115
920,945,1865
351,1087,1438
523,659,1182
308,715,1023
393,1596,1989
606,796,1402
993,611,1604
864,1341,2205
789,831,1620
272,982,1254
868,602,1470
387,719,1106
583,839,1422
1276,848,2124
579,737,1316
521,975,1496
611,706,1317
327,1010,1337
669,745,1414
979,793,1772
557,934,1491
1263,748,2011
969,1007,1976
779,1446,2225
632,1141,1773
631,737,1368
513,1105,1618
599,788,1387
648,539,1187
374,935,1309
1405,873,2278
682,1095,1777
534,1290,1824
921,909,1830
1259,714,1973
860,623,1483
336,761,1097
665,823,1488
716,896,1612
750,661,1411
765,940,1705
801,1114,1915
1065,653,1718
522,727,1249
926,719,1645
507,740,1247
696,630,1326
578,708,1286
837,616,1453
607,723,1330
1277,506,1783
925,488,1413
395,436,831
450,850,1300
913,579,1492
680,617,1297
693,754,1447
38,730,768
969,568,1537
968,422,1390
548,641,1189
384,647,1031
629,1055,1684
607,690,1297
467,685,1152
807,456,1263
756,469,1225
1050,772,1822
557,610,1167
527,977,1504
701,625,1326
397,986,1383
693,697,1390
922,648,1570
647,601,1248
1019,387,1406
597,957,1554
795,574,1369
708,949,1657
656,482,1138
46,711,757
103,698,801
729,689,1418
764,909,1673
50,583,633
354,603,957
252,944,1196
777,945,1722
464,513,977
156,749,905
444,859,1303
474,543,1017
380,742,1122
157,715,872
667,653,1320
69,910,979
336,879,1215
796,974,1770
112,1019,1131
288,1107,1395
638,737,1375
35,887,922
811,520,1331
40,881,921
867,529,1396
744,493,1237
18,1591,1609
276,1210,1486
287,1161,1448
464,368,832
286,846,1132
169,1399,1568
324,849,1173
703,572,1275
535,906,1441
608,1377,1985
439,630,1069
428,1171,1599
450,706,1156
488,498,986
397,836,1233
260,1359,1619
725,977,1702
785,748,1533
638,1433,2071
408,611,1019
653,717,1370
434,1285,1719
300,847,1147
237,960,1197
697,1293,1990
960,889,1849
762,1161,1923
1398,724,2122
579,652,1231
786,558,1344
629,1280,1909
363,934,1297
685,712,1397
1272,1152,2424
1011,1133,2144
1045,1151,2196
1177,971,2148
217,714,931
945,1208,2153
547,1484,2031
206,953,1159
775,812,1587
1187,888,2075
746,1081,1827
1166,1071,2237
459,933,1392
1063,938,2001
1102,910,2012
595,712,1307
690,705,1395
820,700,1520
1321,719,2040
440,750,1190
607,886,1493
554,1122,1676
449,540,989
241,750,991
907,564,1471
1052,556,1608
667,443,1110
505,1203,1708
846,774,1620
745,902,1647
383,926,1309
816,446,1262
636,624,1260
509,456,965
51,1239,1290
683,672,1355
490,829,1319
583,1239,1822
487,564,1051
313,843,1156
441,1160,1601
269,1157,1426
572,619,1191
606,529,1135
502,798,1300
311,544,855
360,666,1026
437,942,1379
692,591,1283
643,1078,1721
734,582,1316
922,530,1452
550,1070,1620
399,779,1178
372,837,1209
630,375,1005
1077,663,1740
1058,730,1788
486,595,1081
928,900,1828
637,1478,2115
787,492,1279
519,861,1380
447,1369,1816
1142,1005,2147
409,479,888
477,903,1380
1028,963,1991
389,506,895
934,807,1741
581,909,1490
904,982,1886
549,1018,1567
1030,706,1736
367,771,1138
290,907,1197
447,387,834
870,1064,1934
402,724,1126
425,763,1188
70,1121,1191
275,954,1229
653,511,1164
32,535,567
95,922,1017
1323,674,1997
723,459,1182
138,534,672
712,735,1447
336,944,1280
773,403,1176
538,986,1524
193,555,748
355,3532,3887
371,356,727
127,464,591
715,755,1470
503,923,1426
443,810,1253
131,1645,1776
600,3355,3955
431,699,1130
389,547,936
430,798,1228
299,768,1067
830,948,1778
433,726,1159
878,3271,4149
449,635,1084
942,809,1751
161,1663,1824
1700,13088,14788
641,1112,1753
330,1928,2258
459,1309,1768
1571,12780,14351
820,990,1810
616,1022,1638
546,968,1514
555,548,1103
3204,715,3919
551,843,1394
523,888,1411
1537,773,2310
597,643,1240
60,1030,1090
25,1086,1111
240,772,1012
93,1053,1146
318,878,1196
589,662,1251
96,1208,1304
748,453,1201
475,770,1245
932,12990,13922
733,596,1329
1215,1210,2425
818,471,1289
804,12889,13693
537,604,1141
1593,885,2478
943,469,1412
12626,841,13467
491,436,927
457,240,697
12708,810,13518
432,794,1226
319,448,767
12692,355,13047
919,462,1381
480,462,942
763,414,1177
611,2320,2931
256,459,715
674,408,1082
874,1846,2720
375,390,765
256,389,645
585,1677,2262
232,366,598
126,357,483
1161,1066,2227
267,235,502
3063,2315,5378
277,2068,2345
685,3146,3831
1669,345,2014
193,2259,2452
3173,2053,5226
333,2032,2365
745,3238,3983
1575,405,1980
359,2171,2530
767,2955,3722
158,2061,2219
391,2280,2671
905,1570,2475
2063,1465,3528
306,276,582
554,1835,2389
598,1731,2329
1080,1476,2556
3152,448,3600
849,550,1399
725,1786,2511
982,1628,2610
218,261,479
2819,313,3132
250,731,981
2099,528,2627
1845,666,2511
680,1710,2390
2202,366,2568
335,680,1015
270,1005,1275
1338,293,1631
217,638,855
1895,580,2475
324,1298,1622
557,295,852
399,802,1201
613,1557,2170
1132,813,1945
803,448,1251
1141,786,1927
1316,612,1928
85,323,408
1848,915,2763
90,1012,1102
46,476,522
245,1265,1510
463,797,1260
2420,208,2628
71,1090,1161
623,858,1481
2044,745,2789
277,787,1064
160,1215,1375
41,891,932
774,934,1708
31,564,595
542,1049,1591
115,1656,1771
178,760,938
75,803,878
460,657,1117
81,407,488
1111,821,1932
72,878,950
122,817,939
544,922,1466
1156,907,2063
468,510,978
328,686,1014
457,868,1325
412,714,1126
571,1394,1965
160,516,676
609,675,1284
332,1135,1467
649,831,1480
683,436,1119
722,785,1507
464,277,741
406,606,1012
199,1262,1461
113,653,766
688,391,1079
680,481,1161
984,1388,2372
355,801,1156
620,557,1177
1227,2673,3900
469,710,1179
389,1350,1739
75,2706,2781
631,824,1455
102,346,448
134,1541,1675
594,704,1298
39,911,950
784,503,1287
620,562,1182
162,1337,1499
806,1518,2324
883,1135,2018
136,607,743
858,846,1704
423,1596,2019
955,1568,2523
284,670,954
418,1449,1867
837,1350,2187
280,1739,2019
47,899,946
697,736,1433
185,865,1050
1147,856,2003
615,1380,1995
568,651,1219
732,1448,2180
1091,601,1692
505,1772,2277
172,1202,1374
38,1716,1754
1123,599,1722
260,1117,1377
1328,941,2269
809,904,1713
604,922,1526
630,1064,1694
251,1352,1603
1213,1359,2572
427,1253,1680
242,1742,1984
1200,855,2055
1191,578,1769
563,971,1534
1355,704,2059
521,1058,1579
436,595,1031
764,790,1554
1111,1036,2147
505,983,1488
799,739,1538
696,1210,1906
1294,898,2192
119,2746,2865
837,521,1358
510,565,1075
802,732,1534
1152,642,1794
696,544,1240
1483,940,2423
1235,510,1745
1019,1010,2029
109,398,507
2606,1918,4524
805,914,1719
884,598,1482
751,745,1496
439,1584,2023
458,1023,1481
1024,939,1963
159,666,825
767,1727,2494
2121,2153,4274
897,910,1807
1045,1489,2534
1261,1378,2639
36,269,305
806,1308,2114
1014,907,1921
452,845,1297
420,829,1249
2138,2290,4428
115,1058,1173
1036,758,1794
1586,1197,2783
1754,930,2684
1608,343,1951
676,873,1549
972,532,1504
456,1067,1523
46,608,654
716,513,1229
672,981,1653
1292,1314,2606
2154,585,2739
203,896,1099
750,693,1443
1929,674,2603
700,1157,1857
366,1100,1466
77,934,1011
775,681,1456
446,1262,1708
1146,840,1986
1240,560,1800
246,1074,1320
792,829,1621
716,550,1266
803,1052,1855
773,922,1695
117,1161,1278
307,691,998
963,855,1818
1006,894,1900
873,540,1413
1013,616,1629
149,1026,1175
964,682,1646
1129,509,1638
527,993,1520
545,529,1074
621,857,1478
755,1218,1973
439,1055,1494
1044,832,1876
385,1002,1387
316,925,1241
693,1206,1899
772,555,1327
887,866,1753
330,704,1034
939,1129,2068
1073,815,1888
574,721,1295
566,1810,2376
230,1058,1288
806,666,1472
386,704,1090
1190,1178,2368
745,714,1459
220,783,1003
916,713,1629
571,1301,1872
755,504,1259
409,771,1180
451,1319,1770
577,854,1431
619,558,1177
891,736,1627
854,660,1514
613,2088,2701
1032,555,1587
548,514,1062
619,921,1540
460,731,1191
576,1193,1769
1121,1687,2808
741,1139,1880
466,713,1179
313,771,1084
938,659,1597
482,1303,1785
587,518,1105
459,676,1135
962,966,1928
1744,989,2733
1081,960,2041
680,555,1235
607,642,1249
556,777,1333
851,1258,2109
652,993,1645
303,801,1104
461,678,1139
2047,801,2848
1142,781,1923
458,607,1065
826,359,1185
692,1121,1813
1099,930,2029
391,1666,2057
498,852,1350
475,459,934
313,443,756
411,1831,2242
1011,887,1898
284,500,784
118,958,1076
733,1181,1914
1703,465,2168
306,750,1056
118,957,1075
920,817,1737
1067,1010,2077
702,411,1113
544,587,1131
793,950,1743
1452,512,1964
901,792,1693
949,662,1611
512,646,1158
605,910,1515
813,703,1516
50,415,465
349,660,1009
362,327,689
989,804,1793
1704,489,2193
875,866,1741
509,963,1472
202,1348,1550
651,1096,1747
237,476,713
717,818,1535
431,545,976
62,1119,1181
431,663,1094
1369,293,1662
457,1245,1702
155,1071,1226
813,946,1759
1454,400,1854
261,756,1017
687,860,1547
434,986,1420
569,732,1301
60,707,767
121,559,680
852,613,1465
705,552,1257
647,662,1309
397,622,1019
148,668,816
354,1096,1450
116,888,1004
747,315,1062
296,1174,1470
395,1227,1622
430,233,663
981,498,1479
117,1032,1149
368,576,944
363,705,1068
350,936,1286
282,887,1169
831,1189,2020
543,1125,1668
695,971,1666
657,690,1347
248,1041,1289
823,995,1818
44,821,865
927,558,1485
454,507,961
317,646,963
42,702,744
205,1190,1395
581,860,1441
951,546,1497
1272,1224,2496
1163,414,1577
592,503,1095
508,641,1149
92,1085,1177
459,1349,1808
532,823,1355
649,736,1385
807,1220,2027
1006,376,1382
1010,423,1433
725,591,1316
941,1557,2498
688,888,1576
318,1571,1889
800,1605,2405
933,832,1765
343,1086,1429
151,562,713
909,683,1592
860,862,1722
834,915,1749
106,887,993
894,932,1826
113,720,833
182,532,714
1156,746,1902
370,703,1073
251,728,979
530,669,1199
224,694,918
148,893,1041
536,661,1197
404,663,1067
166,900,1066
438,681,1119
722,334,1056
357,1073,1430
407,652,1059
503,416,919
787,691,1478
657,711,1368
747,741,1488
674,302,976
828,721,1549
418,682,1100
607,788,1395
782,361,1143
198,270,468
737,436,1173
801,426,1227
144,317,461
1837,1200,3037
1487,1371,2858
178,380,558
821,1238,2059
93,1309,1402
178,511,689
226,1272,1498
111,2169,2280
664,1206,1870
868,2499,3367
384,1781,2165
779,963,1742
259,451,710
872,1332,2204
804,1508,2312
1354,2105,3459
676,370,1046
324,489,813
255,1339,1594
893,1545,2438
100,336,436
776,1777,2553
82,1462,1544
495,1326,1821
1397,1050,2447
766,1102,1868
1141,1428,2569
199,253,452
888,382,1270
1611,365,1976
650,623,1273
2018,352,2370
154,1853,2007
235,295,530
569,292,861
990,374,1364
164,552,716
747,1360,2107
1054,316,1370
435,1152,1587
563,1094,1657
384,558,942
590,548,1138
665,1110,1775
650,443,1093
930,471,1401
425,1347,1772
56,1429,1485
1062,545,1607
61,1362,1423
80,1773,1853
42,562,604
654,925,1579
58,642,700
1145,395,1540
43,643,686
88,1678,1766
72,813,885
87,1613,1700
163,537,700
21,882,903
26,750,776
27,822,849
421,800,1221
65,652,717
22,838,860
583,1213,1796
1230,530,1760
233,516,749
239,644,883
129,1785,1914
318,618,936
25,965,990
539,403,942
481,515,996
536,462,998
104,755,859
852,1015,1867
700,507,1207
131,955,1086
119,1051,1170
241,441,682
1285,1097,2382
658,338,996
581,389,970
1145,1174,2319
32,910,942
79,1128,1207
655,513,1168
1701,1120,2821
120,1486,1606
55,381,436
23,366,389
350,1195,1545
401,824,1225
826,874,1700
327,1356,1683
676,552,1228
679,1140,1819
593,1075,1668
50,781,831
82,457,539
42,479,521
1489,945,2434
782,1168,1950
684,930,1614
617,1357,1974
886,1065,1951
1140,888,2028
148,808,956
913,868,1781
370,713,1083
824,1088,1912
1108,594,1702
410,727,1137
57,773,830
1393,2022,3415
221,777,998
257,867,1124
205,627,832
307,877,1184
847,878,1725
859,1477,2336
877,552,1429
1155,1088,2243
373,876,1249
535,2051,2586
402,610,1012
648,1109,1757
677,2125,2802
538,745,1283
350,1192,1542
719,491,1210
715,896,1611
650,888,1538
250,1064,1314
566,484,1050
1779,706,2485
851,921,1772
570,1256,1826
1975,803,2778
244,1167,1411
567,1185,1752
1206,658,1864
1606,588,2194
444,1406,1850
280,681,961
411,849,1260
280,1426,1706
690,1149,1839
536,932,1468
596,1096,1692
646,1583,2229
1116,567,1683
622,560,1182
409,789,1198
479,765,1244
981,806,1787
554,561,1115
140,981,1121
663,660,1323
267,1806,2073
566,1107,1673
710,1036,1746
261,1190,1451
718,1129,1847
428,719,1147
144,533,677
721,1197,1918
676,1028,1704
516,708,1224
394,1706,2100
1222,887,2109
712,1375,2087
930,1138,2068
270,620,890
958,616,1574
185,728,913
482,653,1135
846,721,1567
609,1757,2366
241,782,1023
1150,820,1970
1169,1213,2382
1000,1223,2223
1117,1186,2303
710,1012,1722
486,676,1162
554,635,1189
903,847,1750
1468,689,2157
526,702,1228
867,984,1851
1009,1225,2234
863,994,1857
583,822,1405
390,1001,1391
458,791,1249
357,609,966
748,750,1498
1300,763,2063
1482,1194,2676
585,750,1335
1232,764,1996
784,784,1568
568,537,1105
492,911,1403
669,741,1410
605,503,1108
516,676,1192
979,906,1885
973,1287,2260
618,1046,1664
968,921,1889
1123,910,2033
378,749,1127
1580,653,2233
262,933,1195
937,911,1848
615,730,1345
933,825,1758
941,1296,2237
744,782,1526
586,919,1505
106,575,681
298,1112,1410
744,675,1419
251,586,837
765,906,1671
50,737,787
729,875,1604
1087,1100,2187
839,721,1560
831,929,1760
1185,962,2147
1122,1161,2283
815,728,1543
412,369,781
589,1096,1685
1173,771,1944
42,886,928
53,974,1027
790,1148,1938
423,704,1127
787,1179,1966
374,892,1266
407,1003,1410
553,601,1154
58,1306,1364
409,664,1073
346,1007,1353
651,559,1210
415,638,1053
661,1337,1998
500,554,1054
159,627,786
396,974,1370
443,1349,1792
379,969,1348
740,764,1504
456,771,1227
395,375,770
896,770,1666
63,791,854
407,581,988
1100,611,1711
665,998,1663
684,756,1440
626,536,1162
805,824,1629
294,1253,1547
110,1125,1235
196,745,941
151,1630,1781
487,1457,1944
218,1046,1264
518,531,1049
348,1668,2016
490,924,1414
584,719,1303
216,1046,1262
893,692,1585
303,341,644
1073,796,1869
553,1466,2019
17,748,765
295,912,1207
843,1227,2070
641,1493,2134
508,1127,1635
655,777,1432
277,1201,1478
1025,780,1805
760,898,1658
810,896,1706
273,765,1038
994,354,1348
794,1072,1866
314,912,1226
321,639,960
699,722,1421
456,1289,1745
1249,589,1838
1192,700,1892
458,1303,1761
222,1364,1586
1318,789,2107
1250,909,2159
641,647,1288
380,977,1357
550,729,1279
306,905,1211
323,953,1276
501,1696,2197
857,754,1611
658,1180,1838
681,737,1418
1106,750,1856
597,731,1328
552,920,1472
656,693,1349
1187,562,1749
501,1291,1792
863,1100,1963
673,571,1244
277,993,1270
821,783,1604
802,1099,1901
605,575,1180
98,1231,1329
565,1102,1667
624,528,1152
938,1130,2068
968,1162,2130
825,1272,2097
619,977,1596
542,915,1457
343,1145,1488
469,1468,1937
633,924,1557
599,1127,1726
713,1326,2039
1025,1109,2134
557,693,1250
608,532,1140
984,670,1654
411,568,979
889,1277,2166
731,1152,1883
493,1117,1610
1150,959,2109
544,1224,1768
1514,1351,2865
1038,1098,2136
741,738,1479
861,1284,2145
828,577,1405
940,1375,2315
811,1153,1964
435,1073,1508
938,719,1657
928,1058,1986
974,1460,2434
871,1864,2735
589,1136,1725
428,1560,1988
886,627,1513
748,1536,2284
751,792,1543
397,1617,2014
1139,359,1498
1032,1301,2333
643,700,1343
858,1056,1914
963,1272,2235
1012,1177,2189
973,426,1399
1006,435,1441
951,1355,2306
466,1413,1879
1690,432,2122
893,1332,2225
1341,478,1819
445,466,911
829,1695,2524
1114,1714,2828
451,1507,1958
1196,1076,2272
306,2146,2452
1372,2024,3396
865,1162,2027
1481,582,2063
441,2051,2492
1057,1767,2824
1396,515,1911
118,576,694
1014,1243,2257
200,797,997
1052,1853,2905
1138,860,1998
1302,622,1924
1226,1668,2894
1221,768,1989
1238,791,2029
963,674,1637
454,1622,2076
381,676,1057
1033,676,1709
871,696,1567
394,662,1056
552,539,1091
788,1567,2355
743,528,1271
595,1742,2337
555,400,955
493,524,1017
235,1012,1247
335,1069,1404
656,476,1132
589,489,1078
933,1889,2822
556,633,1189
1332,1151,2483
522,398,920
1903,955,2858
325,1079,1404
352,1047,1399
1789,511,2300
228,512,740
1426,1418,2844
587,615,1202
1781,1107,2888
429,495,924
633,955,1588
537,1063,1600
1405,1049,2454
1873,1073,2946
1649,1326,2975
334,513,847
325,639,964
212,489,701
1566,1032,2598
881,952,1833
822,858,1680
993,979,1972
1499,1378,2877
1735,1369,3104
294,842,1136
293,635,928
156,1177,1333
1005,771,1776
974,774,1748
987,908,1895
835,1015,1850
1171,755,1926
743,881,1624
354,633,987
829,681,1510
807,771,1578
849,778,1627
466,814,1280
1211,773,1984
169,996,1165
572,1087,1659
675,824,1499
807,880,1687
873,882,1755
710,866,1576
258,620,878
394,1238,1632
269,1298,1567
349,712,1061
1162,893,2055
1305,843,2148
974,810,1784
680,794,1474
388,900,1288
459,873,1332
721,937,1658
469,1327,1796
899,884,1783
621,588,1209
680,688,1368
685,816,1501
455,854,1309
709,624,1333
568,791,1359
949,957,1906
589,1264,1853
849,668,1517
285,585,870
474,1071,1545
941,718,1659
714,783,1497
751,864,1615
233,773,1006
818,786,1604
302,598,900
859,1385,2244
367,692,1059
303,635,938
1050,646,1696
527,1492,2019
356,872,1228
554,587,1141
439,842,1281
507,742,1249
816,640,1456
600,815,1415
528,764,1292
763,661,1424
535,1431,1966
450,654,1104
673,798,1471
684,764,1448
416,833,1249
585,514,1099
429,771,1200
547,930,1477
300,935,1235
615,613,1228
482,520,1002
507,704,1211
522,748,1270
509,653,1162
1062,636,1698
602,1123,1725
379,896,1275
340,855,1195
511,415,926
738,1193,1931
656,775,1431
778,643,1421
549,984,1533
1265,802,2067
849,644,1493
652,898,1550
225,667,892
651,1060,1711
607,412,1019
662,675,1337
1038,761,1799
544,880,1424
321,952,1273
645,1027,1672
798,505,1303
605,700,1305
792,516,1308
497,620,1117
566,578,1144
401,983,1384
838,512,1350
74,721,795
580,912,1492
667,627,1294
44,822,866
564,934,1498
377,409,786
566,337,903
437,972,1409
323,717,1040
533,374,907
594,416,1010
134,805,939
1380,837,2217
664,463,1127
723,348,1071
360,816,1176
289,834,1123
523,302,825
632,466,1098
680,900,1580
377,1451,1828
406,1600,2006
755,591,1346
477,673,1150
829,521,1350
661,234,895
621,467,1088
562,702,1264
869,652,1521
679,1443,2122
1113,365,1478
763,1729,2492
148,343,491
130,653,783
576,718,1294
736,1808,2544
895,575,1470
219,621,840
558,950,1508
885,282,1167
585,567,1152
477,365,842
663,1515,2178
486,1629,2115
23,507,530
1403,820,2223
441,590,1031
341,718,1059
128,908,1036
98,636,734
1555,479,2034
326,642,968
458,433,891
25,542,567
940,1821,2761
460,804,1264
193,1072,1265
212,489,701
1511,493,2004
438,1452,1890
482,906,1388
151,707,858
87,676,763
255,693,948
33,1092,1125
615,853,1468
394,513,907
1298,1411,2709
777,1875,2652
204,817,1021
1343,1519,2862
501,503,1004
276,852,1128
32,966,998
276,789,1065
54,679,733
1460,1536,2996
490,823,1313
345,1142,1487
1256,1348,2604
196,683,879
667,675,1342
150,793,943
256,688,944
226,1004,1230
1679,1117,2796
690,680,1370
331,1240,1571
1017,683,1700
377,739,1116
584,717,1301
1151,677,1828
451,985,1436
631,996,1627
1433,1005,2438
583,1044,1627
326,833,1159
732,482,1214
1231,637,1868
650,1112,1762
602,600,1202
1363,794,2157
344,786,1130
492,999,1491
898,682,1580
619,725,1344
390,550,940
490,1028,1518
404,775,1179
594,573,1167
533,1149,1682
577,622,1199
566,1252,1818
858,817,1675
564,381,945
548,540,1088
579,1241,1820
569,591,1160
720,1045,1765
639,1114,1753
978,779,1757
796,1091,1887
463,1145,1608
393,691,1084
1085,557,1642
862,999,1861
671,297,968
478,1182,1660
1121,768,1889
764,1066,1830
989,935,1924
978,1243,2221
537,819,1356
665,1042,1707
834,1201,2035
48,1070,1118
1044,800,1844
928,859,1787
904,1112,2016
1166,374,1540
496,613,1109
309,634,943
980,696,1676
670,907,1577
430,743,1173
924,886,1810
927,703,1630
904,607,1511
978,796,1774
842,736,1578
966,589,1555
684,728,1412
676,776,1452
1014,944,1958
148,1131,1279
926,734,1660
711,794,1505
450,965,1415
666,729,1395
813,566,1379
319,1125,1444
939,686,1625
195,1472,1667
458,722,1180
774,670,1444
361,983,1344
698,1441,2139
419,710,1129
313,562,875
298,725,1023
382,856,1238
423,1510,1933
910,374,1284
732,641,1373
183,1641,1824
669,2111,2780
683,682,1365
454,656,1110
554,892,1446
977,1770,2747
941,1013,1954
995,500,1495
623,666,1289
490,1521,2011
628,842,1470
524,832,1356
502,815,1317
684,736,1420
458,925,1383
1411,723,2134
505,601,1106
395,763,1158
910,1272,2182
299,982,1281
358,900,1258
1293,1052,2345
553,717,1270
1229,890,2119
86,927,1013
530,1036,1566
1291,1227,2518
406,1036,1442
584,1369,1953
552,1547,2099
763,1176,1939
12360,399,12759
816,1358,2174
749,1405,2154
760,944,1704
122,408,530
460,1233,1693
697,1116,1813
174,961,1135
173,492,665
555,695,1250
842,972,1814
137,547,684
1863,1857,3720
348,1637,1985
751,1812,2563
425,320,745
622,556,1178
905,392,1297
480,1668,2148
1224,903,2127
1012,362,1374
1582,1717,3299
569,1526,2095
1178,1619,2797
863,533,1396
947,469,1416
805,1397,2202
978,972,1950
595,565,1160
1171,1670,2841
437,339,776
291,1360,1651
318,1354,1672
102,1604,1706
758,984,1742
1314,486,1800
1161,536,1697
516,1210,1726
273,1640,1913
448,1276,1724
1407,387,1794
1282,478,1760
1330,480,1810
1398,384,1782
888,910,1798
460,2035,2495
1336,422,1758
1158,390,1548
1026,486,1512
1505,337,1842
940,354,1294
135,462,597
797,1768,2565
237,631,868
1235,1346,2581
381,586,967
1769,787,2556
1565,460,2025
1379,669,2048
1730,645,2375
1545,711,2256
51,805,856
1226,686,1912
84,877,961
212,585,797
69,937,1006
1373,951,2324
1407,875,2282
152,715,867
37,783,820
155,630,785
70,676,746
166,630,796
263,541,804
380,449,829
177,879,1056
381,477,858
70,829,899
48,1241,1289
292,532,824
2397,909,3306
119,1023,1142
474,569,1043
584,505,1089
38,857,895
456,895,1351
262,1003,1265
578,677,1255
375,826,1201
41,1170,1211
683,741,1424
781,542,1323
625,969,1594
178,1330,1508
406,1057,1463
529,937,1466
49,781,830
602,990,1592
674,484,1158
287,1139,1426
78,736,814
316,755,1071
3105,404,3509
776,945,1721
646,963,1609
378,646,1024
36,1534,1570
21,801,822
99,848,947
262,905,1167
353,1552,1905
1063,571,1634
131,854,985
180,933,1113
968,837,1805
318,722,1040
569,1637,2206
392,721,1113
225,766,991
780,1338,2118
428,1008,1436
679,362,1041
101,1191,1292
314,757,1071
494,305,799
725,1635,2360
713,623,1336
517,857,1374
521,1077,1598
495,993,1488
570,1114,1684
1241,744,1985
290,1325,1615
412,697,1109
363,935,1298
623,1117,1740
788,1038,1826
598,642,1240
692,599,1291
250,1100,1350
538,549,1087
1253,1410,2663
1021,323,1344
765,765,1530
1386,908,2294
908,880,1788
1187,695,1882
1390,852,2242
272,715,987
634,847,1481
261,1244,1505
569,916,1485
798,367,1165
436,895,1331
580,1722,2302
326,553,879
1214,621,1835
102,852,954
558,847,1405
859,789,1648
575,479,1054
1071,715,1786
637,976,1613
673,1724,2397
598,467,1065
683,794,1477
962,799,1761
700,1489,2189
868,822,1690
602,1127,1729
341,441,782
380,795,1175
448,540,988
510,438,948
571,1245,1816
401,826,1227
1095,1118,2213
1704,409,2113
932,1076,2008
929,1772,2701
756,698,1454
211,571,782
747,756,1503
533,850,1383
163,1440,1603
618,905,1523
1558,724,2282
879,1282,2161
794,1487,2281
860,743,1603
263,764,1027
44,813,857
683,732,1415
394,1432,1826
474,790,1264
1298,647,1945
740,943,1683
206,798,1004
1092,1088,2180
508,1070,1578
435,774,1209
1327,772,2099
864,1121,1985
851,789,1640
1246,588,1834
156,909,1065
704,1033,1737
424,607,1031
260,886,1146
279,1089,1368
694,1301,1995
567,1255,1822
759,1106,1865
630,611,1241
435,1684,2119
385,931,1316
254,1274,1528
596,658,1254
399,917,1316
537,895,1432
1542,1095,2637
621,887,1508
1007,1100,2107
865,782,1647
614,1638,2252
438,1098,1536
291,2035,2326
705,983,1688
847,927,1774
783,257,1040
847,890,1737
878,613,1491
992,671,1663
821,961,1782
493,808,1301
671,1887,2558
1408,1417,2825
687,1274,1961
752,891,1643
835,847,1682
275,891,1166
996,1152,2148
875,487,1362
912,1396,2308
1171,1614,2785
1027,930,1957
519,415,934
836,725,1561
623,893,1516
413,1099,1512
547,749,1296
1094,1438,2532
1667,796,2463
888,1117,2005
1097,641,1738
532,436,968
29,1015,1044
779,950,1729
431,738,1169
1479,1328,2807
122,1072,1194
1682,789,2471
1338,932,2270
352,647,999
1394,826,2220
617,862,1479
895,688,1583
445,884,1329
1361,1429,2790
599,669,1268
621,936,1557
1106,1369,2475
339,735,1074
556,710,1266
32,1189,1221
771,434,1205
287,1432,1719
567,1372,1939
808,704,1512
45,453,498
1191,661,1852
426,855,1281
686,1114,1800
223,945,1168
507,819,1326
1304,830,2134
283,1725,2008
586,1388,1974
879,1331,2210
99,471,570
1174,725,1899
571,617,1188
437,743,1180
819,944,1763
647,1474,2121
648,1806,2454
493,1796,2289
949,1334,2283
216,1176,1392
1350,1139,2489
857,913,1770
699,1000,1699
660,876,1536
764,920,1684
639,1534,2173
542,1741,2283
741,1129,1870
457,1507,1964
1236,853,2089
823,778,1601
910,882,1792
732,801,1533
1063,698,1761
142,843,985
234,1777,2011
738,800,1538
1523,869,2392
1461,702,2163
703,647,1350
1240,792,2032
410,1371,1781
1517,722,2239
1022,818,1840
542,695,1237
1196,822,2018
380,1709,2089
1274,998,2272
615,681,1296
894,513,1407
670,1342,2012
1595,485,2080
657,492,1149
430,662,1092
646,986,1632
1416,892,2308
594,1860,2454
471,508,979
849,713,1562
685,1169,1854
353,1306,1659
629,466,1095
301,473,774
406,961,1367
604,301,905
1357,859,2216
770,1692,2462
632,481,1113
430,1748,2178
575,567,1142
579,1144,1723
519,326,845
607,811,1418
464,918,1382
592,951,1543
1007,891,1898
1640,927,2567
635,1064,1699
719,747,1466
663,1477,2140
1566,789,2355
623,880,1503
1099,455,1554
236,524,760
1288,607,1895
394,688,1082
1104,1061,2165
369,484,853
705,603,1308
773,1073,1846
900,1117,2017
531,1628,2159
806,539,1345
153,783,936
1078,981,2059
321,857,1178
466,679,1145
398,750,1148
996,618,1614
519,859,1378
656,496,1152
1216,1439,2655
844,508,1352
878,604,1482
773,590,1363
801,1062,1863
307,819,1126
387,745,1132
570,1048,1618
573,777,1350
1021,353,1374
669,596,1265
744,649,1393
589,745,1334
1334,1057,2391
879,633,1512
516,712,1228
1390,1188,2578
695,793,1488
347,1109,1456
508,1217,1725
652,930,1582
395,1054,1449
736,906,1642
414,1209,1623
940,1198,2138
667,917,1584
1523,1512,3035
510,1203,1713
493,1088,1581
398,1272,1670
1224,1168,2392
435,987,1422
460,737,1197
237,1078,1315
833,1015,1848
955,1177,2132
607,954,1561
906,912,1818
656,1007,1663
535,784,1319
435,1033,1468
707,414,1121
811,944,1755
1352,426,1778
669,1032,1701
1056,506,1562
689,1099,1788
1133,365,1498
471,784,1255
1074,629,1703
1008,528,1536
935,355,1290
615,1210,1825
610,767,1377
790,447,1237
718,1211,1929
670,369,1039
1125,462,1587
340,1818,2158
1003,335,1338
1055,355,1410
596,1135,1731
639,606,1245
1020,543,1563
1136,879,2015
924,937,1861
391,2166,2557
984,953,1937
670,496,1166
88,705,793
125,311,436
802,1128,1930
1168,659,1827
73,331,404
120,567,687
1132,589,1721
1044,729,1773
1308,601,1909
449,944,1393
1238,786,2024
67,652,719
119,549,668
1880,440,2320
260,624,884
811,450,1261
383,1946,2329
123,866,989
145,887,1032
110,929,1039
122,744,866
23,1021,1044
165,702,867
27,409,436
581,538,1119
657,1120,1777
64,646,710
179,604,783
345,857,1202
156,922,1078
307,744,1051
71,1350,1421
155,604,759
647,695,1342
631,621,1252
305,531,836
375,665,1040
200,609,809
529,729,1258
444,976,1420
429,1139,1568
449,644,1093
771,631,1402
191,966,1157
563,343,906
484,1052,1536
416,615,1031
324,779,1103
765,821,1586
851,448,1299
439,608,1047
594,620,1214
1171,602,1773
547,392,939
487,616,1103
109,1050,1159
609,670,1279
391,819,1210
551,434,985
247,1504,1751
653,551,1204
602,593,1195
581,277,858
386,1667,2053
350,1109,1459
596,278,874
589,650,1239
509,510,1019
565,1105,1670
417,230,647
351,784,1135
915,571,1486
298,779,1077
574,690,1264
574,998,1572
687,711,1398
463,817,1280
408,1042,1450
566,696,1262
812,525,1337
863,746,1609
238,674,912
651,742,1393
483,614,1097
50,236,286
772,954,1726
388,691,1079
887,704,1591
525,802,1327
564,717,1281
930,1158,2088
805,341,1146
771,2129,2900
626,475,1101
2044,2755,4799
431,517,948
389,727,1116
1011,869,1880
1815,2697,4512
388,938,1326
702,493,1195
1316,1152,2468
89,562,651
2086,2164,4250
487,671,1158
476,515,991
145,966,1111
970,894,1864
568,520,1088
229,645,874
1308,1133,2441
335,513,848
2510,312,2822
461,465,926
432,754,1186
436,1017,1453
278,472,750
264,918,1182
691,829,1520
583,938,1521
1114,1258,2372
594,347,941
2503,472,2975
585,1021,1606
637,1198,1835
898,471,1369
2080,641,2721
754,1011,1765
657,1224,1881
490,1293,1783
640,839,1479
519,1291,1810
238,1282,1520
449,354,803
271,941,1212
731,859,1590
184,699,883
376,1115,1491
930,922,1852
876,651,1527
635,947,1582
741,839,1580
872,1178,2050
1088,573,1661
444,462,906
365,732,1097
1019,338,1357
1093,414,1507
457,947,1404
133,830,963
1093,465,1558
87,962,1049
1064,825,1889
169,849,1018
364,638,1002
296,780,1076
991,1273,2264
915,436,1351
772,602,1374
601,484,1085
1170,1144,2314
808,927,1735
696,357,1053
1052,498,1550
824,294,1118
340,830,1170
635,676,1311
814,945,1759
530,768,1298
506,1535,2041
761,1005,1766
507,711,1218
825,1321,2146
1088,1444,2532
868,436,1304
389,961,1350
572,419,991
207,657,864
534,1051,1585
763,348,1111
672,977,1649
984,1274,2258
707,643,1350
532,1040,1572
493,991,1484
403,808,1211
735,624,1359
898,825,1723
772,1046,1818
232,1106,1338
892,782,1674
295,1171,1466
342,1118,1460
1109,984,2093
848,535,1383
1399,1052,2451
843,522,1365
1214,682,1896
366,643,1009
567,819,1386
367,678,1045
812,800,1612
662,753,1415
799,646,1445
632,350,982
1344,793,2137
911,651,1562
721,1016,1737
25,449,474
1502,652,2154
477,1053,1530
989,1073,2062
1120,533,1653
974,499,1473
132,1341,1473
1233,923,2156
624,658,1282
80,461,541
1368,925,2293
676,777,1453
475,1198,1673
134,610,744
797,996,1793
851,614,1465
624,966,1590
366,452,818
324,736,1060
568,1019,1587
973,1243,2216
1031,901,1932
137,748,885
1090,840,1930
978,1239,2217
281,852,1133
286,839,1125
588,482,1070
435,746,1181
526,547,1073
532,676,1208
411,886,1297
875,1001,1876
279,445,724
1215,990,2205
818,507,1325
786,442,1228
480,632,1112
118,621,739
329,832,1161
614,590,1204
596,818,1414
769,719,1488
395,614,1009
794,452,1246
673,439,1112
1034,568,1602
626,587,1213
589,1014,1603
503,863,1366
464,714,1178
626,959,1585
326,665,991
790,955,1745
486,899,1385
767,435,1202
250,913,1163
737,634,1371
292,1225,1517
693,1106,1799
826,756,1582
469,956,1425
341,1642,1983
875,544,1419
328,627,955
514,634,1148
479,1480,1959
648,748,1396
350,781,1131
671,704,1375
882,503,1385
496,642,1138
276,705,981
719,585,1304
744,993,1737
1142,723,1865
740,487,1227
435,562,997
844,526,1370
1526,459,1985
170,563,733
444,684,1128
623,1374,1997
365,1171,1536
365,444,809
464,734,1198
452,1206,1658
442,457,899
1387,446,1833
856,835,1691
636,1094,1730
1009,792,1801
401,484,885
251,863,1114
414,492,906
917,871,1788
796,681,1477
540,1452,1992
438,533,971
323,463,786
1058,550,1608
380,1477,1857
447,692,1139
496,801,1297
486,632,1118
1201,531,1732
578,1150,1728
338,840,1178
347,535,882
421,746,1167
339,860,1199
337,719,1056
660,681,1341
532,839,1371
702,374,1076
691,678,1369
253,1305,1558
876,533,1409
298,523,821
740,678,1418
398,916,1314
979,850,1829
335,598,933
751,700,1451
620,1120,1740
805,736,1541
164,852,1016
323,754,1077
584,730,1314
560,792,1352
363,765,1128
663,331,994
947,744,1691
480,397,877
711,1815,2526
378,700,1078
529,587,1116
599,520,1119
465,1425,1890
335,2020,2355
757,881,1638
397,1479,1876
566,763,1329
758,605,1363
506,1913,2419
711,792,1503
629,673,1302
451,1487,1938
659,647,1306
1670,596,2266
657,719,1376
436,571,1007
821,415,1236
469,1199,1668
533,670,1203
313,392,705
1948,330,2278
421,1073,1494
540,1056,1596
1163,1334,2497
629,1278,1907
671,1129,1800
189,460,649
1819,587,2406
488,1194,1682
868,1290,2158
254,653,907
596,386,982
391,1210,1601
510,1160,1670
957,1890,2847
450,733,1183
181,1095,1276
288,1014,1302
470,584,1054
220,674,894
108,392,500
60,625,685
637,400,1037
1165,627,1792
1248,2054,3302
679,1309,1988
806,478,1284
849,498,1347
332,718,1050
101,583,684
599,594,1193
969,563,1532
1332,1222,2554
1309,2268,3577
863,628,1491
244,459,703
1012,614,1626
810,1441,2251
145,727,872
614,583,1197
244,1661,1905
108,810,918
1055,1347,2402
1802,1075,2877
1041,535,1576
374,632,1006
1915,829,2744
296,605,901
428,627,1055
394,546,940
297,2319,2616
94,1184,1278
494,1339,1833
730,2012,2742
404,755,1159
163,1311,1474
2194,618,2812
931,1370,2301
276,594,870
61,721,782
946,999,1945
265,595,860
310,741,1051
155,872,1027
110,743,853
658,864,1522
780,638,1418
490,597,1087
1128,773,1901
270,815,1085
1003,1346,2349
348,778,1126
399,918,1317
1817,467,2284
294,912,1206
1093,647,1740
727,588,1315
426,463,889
873,685,1558
487,714,1201
1929,618,2547
373,845,1218
780,695,1475
608,849,1457
1245,883,2128
1258,1201,2459
613,582,1195
679,911,1590
481,958,1439
674,722,1396
950,740,1690
388,684,1072
711,1003,1714
296,871,1167
496,540,1036
368,642,1010
823,776,1599
531,558,1089
982,1157,2139
501,1290,1791
437,1016,1453
801,875,1676
660,417,1077
550,707,1257
468,489,957
377,1326,1703
445,452,897
503,865,1368
551,551,1102
687,1084,1771
473,943,1416
733,254,987
734,691,1425
425,554,979
1036,1001,2037
527,1160,1687
645,401,1046
744,603,1347
690,856,1546
835,499,1334
793,1255,2048
1205,498,1703
760,662,1422
377,550,927
1034,1091,2125
578,634,1212
981,646,1627
426,359,785
665,1174,1839
704,514,1218
1135,832,1967
963,566,1529
404,650,1054
787,972,1759
1125,969,2094
486,772,1258
697,942,1639
667,575,1242
790,904,1694
156,376,532
680,871,1551
70,611,681
822,872,1694
558,591,1149
590,1173,1763
1205,509,1714
723,699,1422
913,955,1868
66,962,1028
456,1423,1879
205,540,745
289,449,738
592,881,1473
607,935,1542
737,902,1639
266,726,992
1016,818,1834
72,969,1041
1103,836,1939
506,668,1174
323,674,997
256,831,1087
330,815,1145
608,1206,1814
170,826,996
551,443,994
644,849,1493
418,816,1234
387,757,1144
336,646,982
277,1071,1348
643,712,1355
856,651,1507
430,860,1290
719,877,1596
514,803,1317
909,700,1609
665,482,1147
621,636,1257
463,919,1382
821,439,1260
718,559,1277
1080,831,1911
249,765,1014
694,672,1366
585,508,1093
994,1015,2009
644,932,1576
663,848,1511
631,1090,1721
201,307,508
626,643,1269
606,493,1099
526,615,1141
224,451,675
857,538,1395
773,925,1698
737,701,1438
1128,871,1999
829,959,1788
235,447,682
508,865,1373
283,752,1035
476,547,1023
384,748,1132
181,1015,1196
408,700,1108
420,749,1169
239,984,1223
419,480,899
163,762,925
710,1025,1735
439,2309,2748
364,694,1058
358,880,1238
936,1077,2013
711,2080,2791
412,944,1356
780,1285,2065
600,353,953
582,711,1293
667,1006,1673
287,788,1075
442,469,911
781,537,1318
750,679,1429
866,1752,2618
388,481,869
714,308,1022
466,663,1129
717,1045,1762
77,461,538
464,788,1252
848,1481,2329
806,679,1485
666,1765,2431
269,311,580
2199,475,2674
632,817,1449
933,762,1695
746,1243,1989
610,329,939
682,728,1410
451,1431,1882
806,1852,2658
341,535,876
1946,653,2599
392,330,722
635,937,1572
1210,643,1853
774,711,1485
441,510,951
484,959,1443
498,1614,2112
698,1429,2127
102,539,641
1567,749,2316
568,905,1473
922,1425,2347
379,766,1145
305,441,746
508,625,1133
1345,989,2334
396,619,1015
52,609,661
575,925,1500
537,860,1397
232,524,756
822,817,1639
173,696,869
295,504,799
1122,795,1917
688,1344,2032
461,808,1269
493,362,855
1340,802,2142
691,654,1345
516,1250,1766
590,483,1073
1735,447,2182
899,1934,2833
501,1047,1548
165,835,1000
440,308,748
1660,1368,3028
607,1212,1819
380,785,1165
396,457,853
502,658,1160
601,453,1054
820,664,1484
286,462,748
861,826,1687
681,439,1120
1208,1361,2569
739,1176,1915
1294,981,2275
715,885,1600
531,812,1343
431,1057,1488
680,789,1469
181,472,653
432,1068,1500
619,323,942
695,732,1427
795,1060,1855
1141,1131,2272
1120,765,1885
343,970,1313
601,1712,2313
1798,619,2417
361,491,852
806,807,1613
747,1555,2302
245,487,732
1177,724,1901
314,641,955
789,1206,1995
349,1081,1430
780,1061,1841
1557,481,2038
808,800,1608
272,1313,1585
449,746,1195
707,594,1301
1212,755,1967
731,845,1576
733,1071,1804
549,785,1334
841,1062,1903
318,659,977
369,651,1020
979,913,1892
150,1017,1167
481,841,1322
382,858,1240
852,971,1823
348,907,1255
573,727,1300
1480,839,2319
661,749,1410
1107,807,1914
772,497,1269
660,487,1147
1012,1042,2054
964,1002,1966
517,733,1250
288,756,1044
548,714,1262
739,912,1651
968,1327,2295
991,812,1803
904,529,1433
73,871,944
511,1048,1559
381,963,1344
946,1400,2346
863,861,1724
768,742,1510
956,252,1208
686,878,1564
342,1161,1503
919,1139,2058
858,880,1738
586,921,1507
1036,439,1475
538,1060,1598
943,691,1634
1390,807,2197
764,908,1672
983,285,1268
1394,353,1747
1233,437,1670
1549,502,2051
875,582,1457
1084,269,1353
625,730,1355
1088,354,1442
1183,744,1927
616,2275,2891
935,1849,2784
723,1821,2544
701,1107,1808
852,1609,2461
891,2487,3378
703,2272,2975
1015,1752,2767
2292,124,2416
2233,114,2347
696,2093,2789
549,2365,2914
486,2169,2655
1900,699,2599
1004,2257,3261
2439,775,3214
822,2222,3044
2765,207,2972
2094,1244,3338
315,244,559
135,237,372
1693,1803,3496
1981,931,2912
2103,1100,3203
2951,735,3686
1765,1784,3549
506,1002,1508
134,1020,1154
226,198,424
78,1378,1456
1679,1290,2969
2189,1212,3401
299,660,959
391,1071,1462
18,1800,1818
80,1640,1720
52,699,751
541,1220,1761
683,763,1446
2034,1838,3872
196,1491,1687
28,699,727
625,810,1435
1006,327,1333
304,1425,1729
1822,1464,3286
392,1256,1648
2076,2098,4174
671,1124,1795
573,1129,1702
568,1216,1784
667,597,1264
888,465,1353
18,1473,1491
420,378,798
76,365,441
342,590,932
139,1970,2109
1391,449,1840
1451,288,1739
448,1593,2041
977,292,1269
1376,249,1625
550,548,1098
126,959,1085
704,289,993
815,394,1209
370,1698,2068
976,722,1698
1434,568,2002
80,684,764
1204,620,1824
809,431,1240
61,465,526
184,1064,1248
65,369,434
18,532,550
1236,567,1803
340,1013,1353
1332,607,1939
30,494,524
1459,835,2294
157,1026,1183
878,477,1355
104,443,547
1191,163,1354
67,641,708
129,321,450
58,665,723
94,482,576
1606,937,2543
1174,992,2166
1378,1154,2532
1306,216,1522
1643,1037,2680
326,878,1204
154,559,713
368,387,755
250,527,777
324,476,800
1615,988,2603
181,401,582
326,729,1055
52,515,567
713,713,1426
58,682,740
381,1008,1389
585,650,1235
596,614,1210
24,629,653
693,749,1442
27,743,770
283,281,564
369,409,778
57,699,756
240,731,971
674,562,1236
335,539,874
1112,409,1521
349,469,818
252,574,826
26,473,499
495,560,1055
232,769,1001
184,1647,1831
93,576,669
556,1073,1629
431,442,873
517,343,860
30,1247,1277
517,443,960
318,404,722
588,501,1089
264,966,1230
255,1634,1889
361,788,1149
445,590,1035
170,600,770
560,1488,2048
464,610,1074
88,983,1071
531,646,1177
337,463,800
797,470,1267
140,801,941
498,749,1247
343,589,932
1072,436,1508
251,756,1007
364,1539,1903
392,658,1050
575,708,1283
180,576,756
769,1694,2463
1004,397,1401
568,849,1417
38,1430,1468
379,599,978
499,711,1210
315,808,1123
1069,568,1637
184,793,977
33,1708,1741
758,613,1371
365,698,1063
291,1480,1771
405,568,973
974,935,1909
548,857,1405
718,672,1390
1182,633,1815
544,800,1344
241,720,961
384,606,990
540,663,1203
789,1140,1929
481,709,1190
1532,418,1950
642,706,1348
389,751,1140
519,830,1349
1585,700,2285
343,788,1131
463,843,1306
743,784,1527
1281,958,2239
1024,430,1454
238,797,1035
654,777,1431
1263,806,2069
591,1051,1642
167,826,993
468,723,1191
225,847,1072
667,779,1446
62,447,509
296,841,1137
419,705,1124
284,1022,1306
186,456,642
672,1043,1715
566,642,1208
718,469,1187
765,706,1471
782,1001,1783
202,645,847
409,1118,1527
662,686,1348
766,619,1385
225,482,707
526,1072,1598
961,726,1687
480,442,922
249,608,857
553,958,1511
265,607,872
398,1080,1478
414,642,1056
447,625,1072
884,903,1787
306,607,913
849,891,1740
509,415,924
386,548,934
275,903,1178
487,1275,1762
265,905,1170
506,620,1126
577,745,1322
551,758,1309
348,636,984
374,465,839
778,595,1373
384,738,1122
343,914,1257
601,1015,1616
409,677,1086
421,779,1200
725,628,1353
566,1082,1648
379,1656,2035
768,546,1314
471,605,1076
563,757,1320
601,656,1257
881,911,1792
485,683,1168
526,505,1031
443,477,920
869,1253,2122
570,842,1412
600,1925,2525
335,941,1276
869,1216,2085
672,545,1217
453,552,1005
633,587,1220
738,1005,1743
744,686,1430
357,520,877
675,1595,2270
399,922,1321
419,484,903
833,570,1403
822,1410,2232
383,1445,1828
473,491,964
408,851,1259
535,1147,1682
278,1375,1653
1281,1259,2540
1152,508,1660
441,1146,1587
1002,995,1997
334,1502,1836
1108,631,1739
301,346,647
239,1840,2079
525,765,1290
341,634,975
847,1008,1855
469,1428,1897
449,385,834
764,886,1650
612,696,1308
405,475,880
421,1892,2313
487,1170,1657
678,655,1333
1787,932,2719
1313,1230,2543
674,885,1559
549,1379,1928
1264,581,1845
1687,664,2351
454,893,1347
363,609,972
1173,617,1790
911,492,1403
1566,989,2555
606,917,1523
512,1144,1656
674,291,965
951,998,1949
1719,483,2202
429,321,750
163,775,938
868,776,1644
1094,455,1549
1070,817,1887
368,764,1132
558,466,1024
727,310,1037
474,1654,2128
296,458,754
379,486,865
1191,1425,2616
873,470,1343
782,634,1416
175,506,681
402,663,1065
1020,814,1834
451,1142,1593
239,602,841
410,300,710
1206,984,2190
385,425,810
1311,1364,2675
370,930,1300
926,991,1917
463,906,1369
328,588,916
307,1030,1337
768,1430,2198
416,436,852
1505,1304,2809
658,954,1612
757,505,1262
421,372,793
704,1276,1980
390,668,1058
383,1010,1393
806,1639,2445
992,876,1868
1323,680,2003
830,744,1574
540,1015,1555
307,416,723
764,1130,1894
118,842,960
367,1188,1555
596,325,921
685,1179,1864
1213,865,2078
480,757,1237
609,912,1521
636,1724,2360
1134,712,1846
512,1322,1834
475,920,1395
52,333,385
900,499,1399
1166,635,1801
886,587,1473
75,496,571
947,803,1750
301,2024,2325
1418,902,2320
536,666,1202
756,929,1685
858,614,1472
1431,859,2290
754,614,1368
1078,567,1645
669,612,1281
63,2207,2270
494,657,1151
868,644,1512
918,984,1902
806,879,1685
233,753,986
1096,723,1819
1205,593,1798
589,443,1032
566,1162,1728
1677,689,2366
157,472,629
447,495,942
554,1935,2489
407,742,1149
833,1132,1965
556,597,1153
561,447,1008
227,1049,1276
727,1129,1856
523,819,1342
583,552,1135
1932,1306,3238
2150,1138,3288
154,1687,1841
473,1401,1874
1871,902,2773
656,1263,1919
481,911,1392
560,1293,1853
423,1255,1678
382,979,1361
634,612,1246
875,1581,2456
270,1511,1781
749,1195,1944
543,1142,1685
609,1079,1688
450,1689,2139
777,1091,1868
797,722,1519
309,1783,2092
364,1361,1725
869,1193,2062
550,1247,1797
152,1271,1423
517,842,1359
1114,386,1500
1007,1129,2136
207,1455,1662
1166,556,1722
934,650,1584
395,1681,2076
408,1584,1992
521,1448,1969
342,839,1181
962,1475,2437
1041,740,1781
1067,661,1728
731,560,1291
480,827,1307
664,1522,2186
598,907,1505
478,1850,2328
644,1278,1922
93,962,1055
977,1676,2653
685,729,1414
847,583,1430
387,493,880
592,603,1195
142,964,1106
618,554,1172
141,580,721
866,764,1630
429,870,1299
1715,977,2692
152,608,760
1211,920,2131
1615,805,2420
654,568,1222
501,829,1330
204,601,805
808,704,1512
359,592,951
781,739,1520
979,915,1894
317,492,809
1568,874,2442
1425,1021,2446
875,789,1664
665,737,1402
947,797,1744
954,726,1680
516,447,963
633,724,1357
400,560,960
1223,852,2075
1238,896,2134
1774,882,2656
624,588,1212
180,759,939
846,756,1602
443,947,1390
253,716,969
291,646,937
794,660,1454
247,469,716
617,744,1361
540,890,1430
651,427,1078
622,782,1404
360,601,961
834,1593,2427
424,619,1043
910,315,1225
371,660,1031
317,835,1152
517,328,845
838,795,1633
469,829,1298
449,695,1144
466,292,758
501,818,1319
744,366,1110
565,845,1410
253,1038,1291
801,802,1603
419,1872,2291
650,840,1490
22,294,316
546,756,1302
787,510,1297
678,1058,1736
58,430,488
310,896,1206
666,1078,1744
530,1669,2199
116,431,547
354,1051,1405
579,639,1218
576,787,1363
883,846,1729
728,714,1442
546,923,1469
1421,928,2349
613,642,1255
240,371,611
460,1257,1717
726,419,1145
527,1095,1622
610,866,1476
375,967,1342
938,595,1533
505,488,993
354,447,801
403,1325,1728
587,1033,1620
701,843,1544
571,1116,1687
760,1001,1761
385,675,1060
433,442,875
133,832,965
1732,791,2523
352,537,889
827,979,1806
1181,726,1907
748,917,1665
1000,788,1788
727,808,1535
681,517,1198
248,545,793
579,945,1524
282,951,1233
384,641,1025
938,584,1522
483,1036,1519
223,664,887
1592,882,2474
353,749,1102
586,967,1553
196,716,912
733,887,1620
560,781,1341
838,720,1558
1013,880,1893
904,864,1768
376,579,955
978,443,1421
639,1172,1811
857,626,1483
1077,908,1985
739,898,1637
837,292,1129
477,1118,1595
616,611,1227
333,953,1286
600,431,1031
535,694,1229
652,1178,1830
348,596,944
770,497,1267
995,956,1951
503,333,836
658,1247,1905
409,730,1139
386,651,1037
270,535,805
345,615,960
734,1089,1823
826,698,1524
699,1213,1912
473,1157,1630
975,771,1746
778,1179,1957
713,892,1605
284,513,797
812,1034,1846
511,866,1377
956,911,1867
516,729,1245
677,1120,1797
541,889,1430
811,1516,2327
352,397,749
489,542,1031
735,453,1188
41,728,769
1028,665,1693
379,766,1145
549,532,1081
605,952,1557
1142,692,1834
617,734,1351
982,777,1759
510,666,1176
1030,750,1780
200,632,832
903,761,1664
622,961,1583
524,950,1474
489,1315,1804
956,610,1566
699,805,1504
483,1116,1599
334,703,1037
390,727,1117
253,815,1068
385,944,1329
937,626,1563
687,567,1254
520,330,850
472,848,1320
427,759,1186
726,1281,2007
607,689,1296
640,653,1293
758,512,1270
436,854,1290
843,1542,2385
642,544,1186
572,898,1470
620,673,1293
827,1686,2513
1497,818,2315
610,743,1353
433,1019,1452
627,610,1237
616,763,1379
553,781,1334
401,760,1161
540,844,1384
1015,497,1512
619,584,1203
695,892,1587
443,856,1299
165,1025,1190
556,654,1210
536,814,1350
473,872,1345
718,560,1278
116,1012,1128
434,597,1031
1212,1362,2574
678,615,1293
449,1156,1605
683,641,1324
747,909,1656
762,809,1571
693,796,1489
828,372,1200
604,841,1445
584,1133,1717
458,724,1182
70,1127,1197
765,922,1687
812,773,1585
661,922,1583
583,600,1183
787,462,1249
739,1053,1792
753,703,1456
881,468,1349
337,613,950
380,900,1280
324,539,863
1030,669,1699
627,1158,1785
607,856,1463
385,766,1151
828,1291,2119
983,483,1466
854,657,1511
890,1289,2179
1340,1026,2366
621,595,1216
568,453,1021
933,426,1359
412,1067,1479
501,1209,1710
1026,582,1608
668,1025,1693
666,1336,2002
1533,1667,3200
239,553,792
541,1035,1576
644,450,1094
402,766,1168
1204,1814,3018
266,696,962
401,476,877
470,610,1080
809,1686,2495
311,462,773
942,1507,2449
924,547,1471
619,1577,2196
515,1050,1565
366,442,808
581,1706,2287
732,466,1198
413,614,1027
1221,1046,2267
262,908,1170
1223,926,2149
359,613,972
307,924,1231
1319,734,2053
798,449,1247
1449,461,1910
541,785,1326
428,250,678
837,657,1494
947,1162,2109
1418,454,1872
426,508,934
487,762,1249
1448,361,1809
319,609,928
348,524,872
329,1152,1481
1048,767,1815
1623,922,2545
469,1166,1635
1158,1326,2484
751,499,1250
503,1148,1651
491,1061,1552
507,441,948
722,602,1324
851,475,1326
505,719,1224
1552,969,2521
788,507,1295
589,751,1340
168,532,700
927,946,1873
969,394,1363
404,814,1218
1090,1347,2437
584,476,1060
396,720,1116
477,640,1117
485,629,1114
351,816,1167
705,1224,1929
188,966,1154
1035,1603,2638
636,502,1138
1039,935,1974
473,768,1241
284,679,963
385,532,917
782,1079,1861
825,803,1628
626,571,1197
582,1445,2027
490,836,1326
843,640,1483
534,307,841
893,1063,1956
1063,1061,2124
425,1970,2395
669,2133,2802
981,1203,2184
648,785,1433
770,413,1183
444,1822,2266
1172,1360,2532
516,847,1363
63,1450,1513
522,263,785
118,1202,1320
1221,1363,2584
596,497,1093
215,1557,1772
513,928,1441
1084,848,1932
697,664,1361
777,429,1206
136,451,587
835,824,1659
1454,955,2409
290,1813,2103
856,1028,1884
1030,432,1462
248,1070,1318
771,309,1080
782,925,1707
555,696,1251
177,659,836
835,747,1582
461,1048,1509
1253,1247,2500
1480,636,2116
1064,572,1636
309,1883,2192
219,907,1126
1098,504,1602
1342,619,1961
150,786,936
405,1639,2044
745,432,1177
1022,735,1757
965,578,1543
909,573,1482
754,808,1562
909,1193,2102
799,558,1357
925,699,1624
1636,763,2399
946,284,1230
559,517,1076
540,381,921
1681,1157,2838
688,612,1300
470,758,1228
1192,875,2067
247,690,937
55,635,690
194,951,1145
113,833,946
692,760,1452
277,926,1203
604,325,929
299,820,1119
45,1139,1184
413,828,1241
1741,740,2481
761,300,1061
597,696,1293
250,888,1138
451,370,821
548,195,743
494,1378,1872
272,1054,1326
539,214,753
704,490,1194
1610,890,2500
131,652,783
89,557,646
598,480,1078
1180,1058,2238
67,846,913
44,933,977
655,644,1299
568,965,1533
76,856,932
560,854,1414
170,1461,1631
145,889,1034
1178,587,1765
475,510,985
352,1570,1922
230,635,865
615,603,1218
52,934,986
263,943,1206
293,882,1175
568,206,774
408,775,1183
295,1002,1297
1253,691,1944
57,679,736
776,507,1283
765,287,1052
732,628,1360
435,967,1402
765,506,1271
803,438,1241
856,711,1567
505,677,1182
30,1061,1091
891,336,1227
637,1775,2412
489,476,965
567,1140,1707
117,677,794
496,854,1350
368,605,973
1119,538,1657
169,972,1141
522,335,857
539,711,1250
591,918,1509
781,965,1746
356,359,715
792,528,1320
423,790,1213
29,1740,1769
48,372,420
572,631,1203
566,776,1342
584,564,1148
570,847,1417
861,937,1798
850,1091,1941
819,524,1343
474,785,1259
975,712,1687
455,1626,2081
94,386,480
893,495,1388
367,1102,1469
1508,874,2382
251,597,848
620,1045,1665
641,778,1419
345,897,1242
872,739,1611
435,669,1104
390,641,1031
466,850,1316
783,746,1529
1559,893,2452
828,1091,1919
146,1291,1437
605,460,1065
770,882,1652
301,602,903
257,1407,1664
532,993,1525
586,844,1430
1404,776,2180
611,1111,1722
616,915,1531
548,999,1547
669,471,1140
142,1726,1868
539,957,1496
442,1156,1598
800,743,1543
740,683,1423
200,911,1111
699,620,1319
521,503,1024
274,1654,1928
1039,614,1653
491,976,1467
760,820,1580
746,619,1365
780,736,1516
692,1046,1738
545,792,1337
1030,684,1714
141,591,732
833,1044,1877
1253,575,1828
1013,700,1713
677,719,1396
1479,620,2099
443,1252,1695
398,676,1074
882,468,1350
179,752,931
918,462,1380
840,713,1553
674,898,1572
443,1019,1462
849,668,1517
1524,636,2160
552,1302,1854
604,481,1085
421,730,1151
468,920,1388
405,709,1114
485,751,1236
551,1040,1591
780,1009,1789
401,719,1120
632,560,1192
491,1263,1754
495,990,1485
822,750,1572
438,812,1250
731,702,1433
660,643,1303
492,591,1083
196,763,959
615,1100,1715
517,739,1256
588,1123,1711
521,741,1262
647,958,1605
641,845,1486
338,861,1199
854,1098,1952
582,817,1399
386,826,1212
877,1725,2602
907,848,1755
415,1020,1435
498,623,1121
555,865,1420
279,1875,2154
924,709,1633
774,837,1611
1017,676,1693
827,1379,2206
470,865,1335
920,615,1535
971,785,1756
377,755,1132
1568,541,2109
757,582,1339
1180,1053,2233
394,1009,1403
642,750,1392
624,634,1258
658,838,1496
576,1322,1898
745,896,1641
853,745,1598
815,852,1667
1688,389,2077
706,976,1682
989,514,1503
594,787,1381
928,447,1375
812,683,1495
682,817,1499
689,968,1657
790,734,1524
1298,683,1981
567,1171,1738
609,1154,1763
410,1126,1536
950,747,1697
898,767,1665
590,1147,1737
530,825,1355
33,517,550
408,697,1105
798,731,1529
669,757,1426
190,429,619
444,1164,1608
1190,630,1820
317,403,720
731,1202,1933
446,635,1081
312,800,1112
376,384,760
606,1186,1792
1010,333,1343
731,797,1528
591,807,1398
373,812,1185
274,1138,1412
601,912,1513
157,375,532
638,852,1490
561,702,1263
536,675,1211
794,1286,2080
412,1551,1963
427,1294,1721
938,924,1862
911,584,1495
327,406,733
550,1302,1852
559,840,1399
979,473,1452
451,1159,1610
609,481,1090
600,1051,1651
515,867,1382
766,608,1374
685,1040,1725
309,782,1091
203,843,1046
682,1312,1994
723,1161,1884
1203,334,1537
1114,594,1708
320,573,893
923,744,1667
502,627,1129
245,1059,1304
503,1399,1902
248,951,1199
636,840,1476
615,1534,2149
433,815,1248
1012,1007,2019
730,1673,2403
448,651,1099
921,527,1448
1058,353,1411
705,1346,2051
285,839,1124
713,823,1536
1232,949,2181
759,1076,1835
449,1418,1867
539,725,1264
701,886,1587
991,555,1546
977,643,1620
715,603,1318
701,654,1355
276,942,1218
1075,850,1925
733,503,1236
1322,345,1667
1423,1037,2460
1017,385,1402
1141,1063,2204
607,497,1104
896,507,1403
684,738,1422
42,534,576
637,1042,1679
854,769,1623
1337,476,1813
1237,1317,2554
701,888,1589
211,557,768
915,585,1500
1229,705,1934
65,902,967
317,475,792
71,593,664
27,804,831
274,459,733
529,318,847
1559,1209,2768
56,751,807
1203,1160,2363
1308,813,2121
584,325,909
349,289,638
210,651,861
71,893,964
274,728,1002
292,290,582
321,928,1249
374,597,971
1272,876,2148
709,1305,2014
320,491,811
632,484,1116
439,723,1162
394,838,1232
292,925,1217
744,744,1488
881,1174,2055
167,691,858
339,1369,1708
404,874,1278
220,948,1168
177,759,936
481,1195,1676
378,1547,1925
317,731,1048
680,1061,1741
571,1390,1961
870,1067,1937
184,1322,1506
439,938,1377
724,1215,1939
610,960,1570
478,1081,1559
370,485,855
896,1087,1983
517,492,1009
323,588,911
59,1731,1790
413,1349,1762
616,706,1322
642,1328,1970
875,765,1640
815,1461,2276
630,387,1017
817,596,1413
905,1176,2081
209,960,1169
709,1120,1829
1036,1267,2303
795,479,1274
860,616,1476
762,1337,2099
1227,488,1715
575,403,978
846,766,1612
1803,382,2185
857,1310,2167
418,1352,1770
844,689,1533
527,606,1133
872,969,1841
1157,796,1953
82,511,593
521,790,1311
266,1186,1452
1211,386,1597
1122,1192,2314
166,583,749
868,1208,2076
456,1343,1799
1309,363,1672
1030,822,1852
1246,598,1844
293,515,808
333,453,786
730,766,1496
1334,502,1836
451,399,850
829,1068,1897
574,1147,1721
198,764,962
1024,489,1513
503,485,988
319,542,861
837,548,1385
997,697,1694
555,774,1329
1126,574,1700
623,400,1023
560,752,1312
528,838,1366
932,704,1636
655,1621,2276
682,364,1046
680,409,1089
372,378,750
830,2251,3081
763,433,1196
123,586,709
1247,1521,2768
729,1184,1913
173,643,816
246,504,750
1550,1156,2706
147,547,694
670,886,1556
721,792,1513
257,480,737
297,585,882
547,1442,1989
2115,314,2429
185,682,867
379,479,858
98,561,659
1442,414,1856
686,860,1546
664,656,1320
347,1121,1468
393,520,913
252,694,946
488,329,817
681,1269,1950
171,1154,1325
341,471,812
399,901,1300
103,1002,1105
665,1005,1670
835,466,1301
158,1097,1255
478,681,1159
552,881,1433
308,1226,1534
410,964,1374
499,939,1438
761,876,1637
383,1194,1577
248,1226,1474
767,1765,2532
702,456,1158
366,722,1088
185,668,853
499,355,854
873,651,1524
872,324,1196
1102,438,1540
1169,433,1602
484,1272,1756
744,546,1290
218,993,1211
541,658,1199
887,1063,1950
842,358,1200
545,894,1439
272,1119,1391
330,758,1088
942,593,1535
615,406,1021
732,858,1590
1036,1631,2667
556,237,793
266,673,939
208,748,956
335,472,807
1114,331,1445
274,1948,2222
592,785,1377
655,701,1356
701,311,1012
336,336,672
351,276,627
420,1063,1483
690,955,1645
1237,334,1571
246,1302,1548
1088,1178,2266
919,674,1593
813,496,1309
687,279,966
319,366,685
734,405,1139
897,1114,2011
507,1134,1641
1592,858,2450
998,710,1708
960,768,1728
580,726,1306
460,540,1000
598,470,1068
1183,579,1762
937,281,1218
345,1174,1519
85,731,816
92,519,611
61,430,491
796,693,1489
556,1244,1800
132,568,700
106,902,1008
459,1303,1762
1880,880,2760
58,793,851
727,439,1166
159,732,891
1150,1145,2295
829,1026,1855
681,835,1516
176,631,807
262,767,1029
703,1145,1848
967,534,1501
247,812,1059
159,932,1091
679,767,1446
324,953,1277
810,1499,2309
52,1225,1277
352,492,844
660,538,1198
794,571,1365
545,689,1234
729,748,1477
253,1022,1275
263,782,1045
526,874,1400
980,1367,2347
406,743,1149
645,917,1562
988,721,1709
883,750,1633
679,1099,1778
782,729,1511
583,729,1312
296,1029,1325
839,560,1399
226,1440,1666
336,763,1099
600,937,1537
423,915,1338
932,929,1861
1128,704,1832
69,1234,1303
675,1074,1749
566,701,1267
282,331,613
967,941,1908
614,525,1139
822,536,1358
336,542,878
607,763,1370
478,914,1392
378,565,943
903,941,1844
262,1340,1602
325,905,1230
1240,953,2193
772,706,1478
1310,940,2250
756,1301,2057
604,692,1296
476,558,1034
795,1045,1840
437,758,1195
546,1100,1646
639,1044,1683
624,488,1112
780,1108,1888
857,1056,1913
476,530,1006
1040,549,1589
686,977,1663
476,367,843
957,626,1583
917,646,1563
370,461,831
1326,149,1475
636,1059,1695
773,265,1038
379,2503,2882
224,563,787
563,1761,2324
1227,247,1474
820,492,1312
790,919,1709
1417,1175,2592
656,2359,3015
1199,1165,2364
874,1377,2251
981,848,1829
625,2041,2666
1070,1354,2424
119,516,635
394,1709,2103
626,2142,2768
757,1321,2078
993,726,1719
805,921,1726
713,2146,2859
1119,905,2024
52,563,615
467,2004,2471
2143,785,2928
1238,758,1996
22,2211,2233
37,915,952
824,2011,2835
480,557,1037
50,703,753
15,754,769
241,2168,2409
2322,711,3033
550,370,920
235,731,966
476,600,1076
206,702,908
1807,666,2473
517,2648,3165
140,733,873
498,653,1151
390,802,1192
26,952,978
254,616,870
1625,877,2502
1998,770,2768
1891,721,2612
403,729,1132
1826,931,2757
519,690,1209
224,1081,1305
421,2818,3239
508,823,1331
337,377,714
399,3044,3443
2047,750,2797
519,685,1204
2496,766,3262
1889,835,2724
609,665,1274
2719,744,3463
399,513,912
496,989,1485
747,734,1481
260,1263,1523
546,668,1214
555,1015,1570
576,917,1493
209,4467,4676
548,720,1268
3072,361,3433
992,5152,6144
502,858,1360
449,1419,1868
305,799,1104
244,1289,1533
413,799,1212
853,1374,2227
804,868,1672
739,588,1327
492,1115,1607
2075,4144,6219
898,1493,2391
648,1640,2288
678,796,1474
668,755,1423
520,932,1452
924,1284,2208
700,759,1459
538,1150,1688
1162,328,1490
4336,1971,6307
477,1094,1571
407,771,1178
4704,742,5446
676,1528,2204
471,719,1190
572,1025,1597
971,340,1311
680,1682,2362
612,863,1475
319,2294,2613
852,1328,2180
669,567,1236
4027,760,4787
807,357,1164
240,636,876
1377,778,2155
866,1367,2233
828,763,1591
568,2670,3238
999,1441,2440
687,1384,2071
988,720,1708
919,946,1865
1490,1286,2776
1661,837,2498
1115,1081,2196
1448,1169,2617
649,956,1605
751,1054,1805
1104,1182,2286
757,880,1637
919,559,1478
294,646,940
315,724,1039
909,1666,2575
515,1696,2211
730,2930,3660
337,2138,2475
738,338,1076
1140,1294,2434
437,1075,1512
1266,807,2073
1125,1379,2504
826,250,1076
193,1033,1226
2183,1773,3956
740,880,1620
792,740,1532
1221,1184,2405
851,404,1255
822,448,1270
2230,1198,3428
780,1647,2427
567,402,969
312,938,1250
1225,1346,2571
80,1266,1346
1242,967,2209
759,347,1106
862,511,1373
625,686,1311
719,1364,2083
2887,612,3499
92,411,503
912,451,1363
1914,513,2427
1677,688,2365
1122,552,1674
1160,678,1838
1127,622,1749
764,1636,2400
53,1762,1815
567,944,1511
254,597,851
624,755,1379
36,290,326
819,739,1558
1003,778,1781
1387,507,1894
530,511,1041
1576,1280,2856
1055,704,1759
37,602,639
467,612,1079
241,919,1160
84,607,691
243,477,720
333,1675,2008
590,1380,1970
356,1015,1371
1576,1136,2712
89,756,845
281,470,751
1411,1071,2482
115,786,901
795,459,1254
1234,1083,2317
1202,1102,2304
274,453,727
619,865,1484
471,390,861
39,763,802
29,766,795
988,609,1597
465,473,938
500,664,1164
262,515,777
817,1219,2036
705,499,1204
91,828,919
1626,874,2500
315,870,1185
654,596,1250
126,1124,1250
270,864,1134
522,882,1404
247,1056,1303
355,950,1305
698,550,1248
1571,1002,2573
747,385,1132
571,571,1142
1057,885,1942
357,1076,1433
359,469,828
859,774,1633
424,1053,1477
163,1117,1280
410,479,889
897,797,1694
769,710,1479
902,305,1207
563,882,1445
789,882,1671
796,727,1523
749,494,1243
953,747,1700
631,1053,1684
744,579,1323
380,489,869
312,893,1205
221,841,1062
626,714,1340
661,621,1282
467,596,1063
430,941,1371
776,861,1637
265,459,724
216,883,1099
815,787,1602
861,602,1463
971,743,1714
758,602,1360
981,641,1622
287,894,1181
233,993,1226
579,553,1132
216,489,705
512,787,1299
495,653,1148
243,1448,1691
934,771,1705
731,733,1464
718,774,1492
701,445,1146
445,1418,1863
303,560,863
317,543,860
691,567,1258
409,959,1368
603,821,1424
649,859,1508
359,643,1002
597,429,1026
368,982,1350
347,675,1022
321,656,977
576,870,1446
707,406,1113
365,1250,1615
524,598,1122
588,1438,2026
619,565,1184
480,483,963
753,784,1537
811,660,1471
452,880,1332
1247,750,1997
252,625,877
642,1423,2065
525,343,868
398,515,913
567,1372,1939
722,780,1502
868,1002,1870
708,679,1387
1220,715,1935
850,724,1574
496,494,990
153,777,930
479,654,1133
618,664,1282
43,462,505
338,924,1262
392,839,1231
340,461,801
145,596,741
1246,384,1630
233,887,1120
713,990,1703
603,1211,1814
1146,698,1844
92,595,687
473,803,1276
184,872,1056
473,298,771
168,638,806
1302,614,1916
376,1075,1451
447,1050,1497
281,810,1091
309,817,1126
132,875,1007
1060,740,1800
277,791,1068
759,1267,2026
993,791,1784
553,591,1144
511,554,1065
590,637,1227
100,924,1024
308,885,1193
87,749,836
477,754,1231
363,727,1090
476,1368,1844
390,677,1067
255,784,1039
624,774,1398
339,790,1129
597,1401,1998
340,719,1059
628,672,1300
595,673,1268
694,1051,1745
670,543,1213
681,539,1220
605,584,1189
808,511,1319
507,1174,1681
305,792,1097
341,550,891
693,463,1156
861,879,1740
361,545,906
517,566,1083
782,670,1452
1229,735,1964
607,402,1009
778,1110,1888
576,654,1230
712,680,1392
308,636,944
663,766,1429
582,562,1144
573,461,1034
193,886,1079
374,981,1355
619,491,1110
312,617,929
196,671,867
393,1912,2305
452,867,1319
783,483,1266
337,616,953
501,912,1413
512,840,1352
496,528,1024
1078,1032,2110
432,502,934
427,822,1249
58,737,795
1103,1078,2181
797,801,1598
451,740,1191
664,999,1663
577,500,1077
583,771,1354
534,948,1482
169,821,990
206,660,866
869,450,1319
339,696,1035
557,742,1299
300,735,1035
838,636,1474
423,715,1138
967,897,1864
692,611,1303
185,616,801
445,684,1129
783,1075,1858
379,898,1277
356,692,1048
526,1941,2467
227,926,1153
606,752,1358
199,983,1182
406,989,1395
577,531,1108
786,675,1461
826,418,1244
635,707,1342
608,2643,3251
388,1637,2025
597,686,1283
563,947,1510
552,810,1362
707,678,1385
779,794,1573
507,635,1142
697,977,1674
1811,1388,3199
550,802,1352
524,692,1216
878,427,1305
285,880,1165
525,827,1352
946,582,1528
856,776,1632
797,1417,2214
1557,1351,2908
593,727,1320
938,565,1503
707,576,1283
553,996,1549
900,684,1584
908,473,1381
639,741,1380
125,701,826
637,408,1045
775,605,1380
499,779,1278
320,645,965
404,785,1189
348,326,674
2413,732,3145
361,890,1251
523,482,1005
1288,859,2147
438,565,1003
586,950,1536
609,616,1225
355,313,668
615,581,1196
800,728,1528
807,1028,1835
442,542,984
1251,685,1936
605,1597,2202
598,750,1348
656,649,1305
292,438,730
1461,1397,2858
581,591,1172
836,769,1605
647,838,1485
371,426,797
466,516,982
475,344,819
627,951,1578
599,427,1026
246,609,855
1181,1300,2481
365,686,1051
803,781,1584
702,2025,2727
438,490,928
523,796,1319
571,1102,1673
895,716,1611
306,336,642
105,794,899
508,1159,1667
641,716,1357
871,829,1700
341,719,1060
1482,1097,2579
618,2216,2834
342,496,838
322,783,1105
1099,802,1901
706,977,1683
410,896,1306
1152,842,1994
570,453,1023
177,900,1077
727,706,1433
266,663,929
682,677,1359
664,858,1522
648,1421,2069
748,525,1273
258,1284,1542
137,2359,2496
439,1112,1551
556,971,1527
873,710,1583
513,1099,1612
815,1291,2106
821,382,1203
710,965,1675
774,1174,1948
894,270,1164
242,1212,1454
476,1964,2440
1233,763,1996
1850,1479,3329
492,1147,1639
871,1100,1971
541,1852,2393
2113,1357,3470
417,1040,1457
720,1119,1839
404,948,1352
1044,1593,2637
930,522,1452
930,545,1475
442,1992,2434
2333,1022,3355
1038,503,1541
815,691,1506
468,273,741
586,1136,1722
518,506,1024
319,676,995
508,1218,1726
796,1085,1881
695,1762,2457
1234,542,1776
989,489,1478
873,755,1628
1750,882,2632
775,1605,2380
522,371,893
791,615,1406
838,863,1701
1911,608,2519
516,1552,2068
589,853,1442
170,674,844
891,1291,2182
548,1180,1728
569,689,1258
1162,1179,2341
664,585,1249
1680,442,2122
1137,613,1750
385,363,748
809,443,1252
167,983,1150
1484,492,1976
449,367,816
1798,1177,2975
282,561,843
581,1339,1920
1393,493,1886
1378,1177,2555
387,583,970
578,375,953
624,705,1329
1186,454,1640
1020,999,2019
472,539,1011
31,480,511
520,433,953
130,448,578
925,887,1812
111,1412,1523
739,1159,1898
875,1182,2057
738,1427,2165
1030,1081,2111
169,365,534
135,428,563
1271,765,2036
302,556,858
1089,1129,2218
784,342,1126
142,402,544
771,174,945
289,347,636
968,647,1615
154,1418,1572
268,403,671
256,818,1074
1456,297,1753
167,1345,1512
897,666,1563
205,792,997
982,341,1323
331,710,1041
1234,645,1879
638,272,910
286,985,1271
976,821,1797
248,662,910
207,1662,1869
80,1015,1095
499,365,864
312,1459,1771
426,917,1343
239,679,918
394,1698,2092
721,1468,2189
434,663,1097
590,812,1402
943,845,1788
747,1036,1783
69,1060,1129
28,686,714
839,169,1008
132,1150,1282
432,545,977
68,540,608
241,1005,1246
641,680,1321
1282,530,1812
1186,635,1821
442,846,1288
288,1190,1478
561,761,1322
717,699,1416
264,671,935
791,749,1540
607,869,1476
1083,451,1534
1492,553,2045
1015,587,1602
131,903,1034
443,1118,1561
652,625,1277
870,717,1587
363,873,1236
307,801,1108
618,546,1164
62,980,1042
481,507,988
232,963,1195
339,416,755
300,990,1290
965,806,1771
441,774,1215
362,1048,1410
632,816,1448
534,959,1493
452,784,1236
562,900,1462
688,663,1351
513,1047,1560
894,720,1614
544,561,1105
348,648,996
568,675,1243
955,965,1920
708,940,1648
756,653,1409
108,1347,1455
759,870,1629
675,732,1407
653,1043,1696
591,604,1195
124,1108,1232
545,1305,1850
899,365,1264
285,1200,1485
257,917,1174
679,364,1043
489,709,1198
850,897,1747
788,472,1260
607,1423,2030
802,852,1654
544,1032,1576
350,821,1171
534,361,895
552,927,1479
381,814,1195
335,1558,1893
279,451,730
870,1569,2439
468,857,1325
624,643,1267
435,1172,1607
449,952,1401
828,576,1404
296,581,877
254,409,663
1170,1326,2496
611,638,1249
639,428,1067
184,1353,1537
1358,853,2211
666,850,1516
695,445,1140
370,776,1146
301,526,827
798,1152,1950
645,523,1168
468,1038,1506
569,1093,1662
1239,574,1813
1062,1336,2398
935,859,1794
390,1353,1743
1208,579,1787
306,578,884
1242,573,1815
686,692,1378
493,1430,1923
659,437,1096
251,746,997
883,584,1467
719,932,1651
638,2408,3046
967,437,1404
584,953,1537
462,715,1177
451,776,1227
1463,1030,2493
484,478,962
429,643,1072
692,927,1619
558,603,1161
730,2441,3171
791,421,1212
293,715,1008
610,455,1065
628,1053,1681
372,610,982
431,870,1301
721,316,1037
744,2361,3105
370,618,988
555,526,1081
1105,1120,2225
382,459,841
725,1055,1780
1232,975,2207
327,769,1096
330,1389,1719
553,317,870
2341,945,3286
302,812,1114
388,474,862
505,1265,1770
2335,835,3170
1282,991,2273
321,913,1234
670,995,1665
2321,625,2946
791,1249,2040
601,641,1242
726,1008,1734
896,1129,2025
259,865,1124
243,484,727
355,1393,1748
773,534,1307
778,1034,1812
546,740,1286
731,583,1314
1055,937,1992
864,722,1586
737,955,1692
540,874,1414
273,1692,1965
1172,676,1848
443,947,1390
587,816,1403
116,677,793
958,627,1585
724,439,1163
752,604,1356
1313,774,2087
926,444,1370
594,868,1462
487,667,1154
1208,610,1818
780,408,1188
769,635,1404
341,740,1081
502,638,1140
920,838,1758
972,580,1552
383,811,1194
826,413,1239
718,631,1349
348,689,1037
444,661,1105
538,467,1005
900,855,1755
1299,897,2196
628,753,1381
653,279,932
459,790,1249
690,599,1289
773,502,1275
430,673,1103
474,951,1425
537,812,1349
568,741,1309
588,321,909
344,660,1004
403,916,1319
744,426,1170
578,574,1152
396,826,1222
255,425,680
1622,848,2470
521,624,1145
598,1062,1660
675,599,1274
692,1041,1733
550,1195,1745
1223,2373,3596
766,930,1696
755,630,1385
147,667,814
752,390,1142
326,1063,1389
679,886,1565
489,537,1026
375,472,847
321,1120,1441
135,425,560
884,735,1619
293,811,1104
817,271,1088
616,1096,1712
618,609,1227
765,617,1382
199,728,927
622,330,952
841,452,1293
500,500,1000
999,416,1415
485,230,715
848,1127,1975
398,608,1006
870,381,1251
537,429,966
792,271,1063
577,614,1191
375,611,986
845,209,1054
714,507,1221
1217,834,2051
196,352,548
946,766,1712
878,873,1751
56,561,617
422,1084,1506
811,409,1220
401,939,1340
758,935,1693
223,494,717
1020,953,1973
184,354,538
1328,547,1875
161,490,651
150,505,655
650,373,1023
801,643,1444
786,884,1670
369,529,898
60,944,1004
383,609,992
204,721,925
933,2855,3788
645,468,1113
344,817,1161
949,3869,4818
388,537,925
259,540,799
405,484,889
1100,746,1846
162,881,1043
1038,3519,4557
247,456,703
471,511,982
481,461,942
726,654,1380
313,737,1050
2938,1637,4575
731,950,1681
229,1131,1360
173,883,1056
167,765,932
433,1116,1549
791,617,1408
451,535,986
184,1322,1506
260,816,1076
335,1038,1373
336,938,1274
370,649,1019
347,1018,1365
3908,294,4202
610,947,1557
793,623,1416
366,450,816
657,309,966
554,670,1224
322,1704,2026
401,1402,1803
3541,861,4402
674,867,1541
764,1151,1915
781,1533,2314
953,647,1600
679,971,1650
1006,1055,2061
450,440,890
1171,519,1690
1193,704,1897
868,1108,1976
427,1525,1952
505,2133,2638
241,235,476
705,1426,2131
392,1451,1843
377,1332,1709
490,1234,1724
705,1077,1782
627,2000,2627
483,398,881
128,265,393
1427,483,1910
829,1629,2458
700,1166,1866
690,1181,1871
516,1390,1906
840,1150,1990
493,501,994
228,1004,1232
1137,1067,2204
888,494,1382
621,556,1177
653,375,1028
179,355,534
280,1066,1346
343,713,1056
91,1180,1271
1110,539,1649
438,633,1071
634,826,1460
786,424,1210
220,615,835
162,661,823
344,813,1157
822,786,1608
1583,875,2458
443,615,1058
166,563,729
345,759,1104
1814,940,2754
40,607,647
265,672,937
371,712,1083
411,2845,3256
253,418,671
571,532,1103
246,1250,1496
901,628,1529
1273,860,2133
969,487,1456
884,469,1353
32,696,728
1033,706,1739
849,912,1761
277,565,842
168,737,905
836,1060,1896
368,435,803
228,714,942
430,298,728
192,740,932
987,1037,2024
1152,2390,3542
355,534,889
625,370,995
186,674,860
624,520,1144
1189,2648,3837
145,723,868
381,587,968
1168,824,1992
632,638,1270
551,668,1219
735,1007,1742
944,456,1400
603,787,1390
531,986,1517
336,549,885
1096,182,1278
205,978,1183
820,649,1469
381,614,995
942,312,1254
2665,934,3599
60,481,541
560,577,1137
409,323,732
85,420,505
454,498,952
360,468,828
464,299,763
145,572,717
2176,1106,3282
313,435,748
910,835,1745
282,513,795
2298,818,3116
285,1256,1541
82,319,401
320,618,938
504,621,1125
385,469,854
361,1361,1722
350,587,937
401,804,1205
452,685,1137
585,1192,1777
534,1144,1678
118,426,544
524,1027,1551
425,929,1354
295,495,790
272,843,1115
514,670,1184
420,815,1235
507,664,1171
273,984,1257
41,1347,1388
191,580,771
402,1083,1485
455,1579,2034
243,532,775
691,764,1455
595,1031,1626
461,991,1452
505,1749,2254
265,868,1133
752,777,1529
593,645,1238
143,782,925
321,668,989
758,822,1580
876,798,1674
240,738,978
643,1140,1783
735,895,1630
969,775,1744
750,535,1285
284,955,1239
537,769,1306
977,493,1470
561,891,1452
1085,983,2068
332,903,1235
551,648,1199
708,773,1481
1208,715,1923
940,501,1441
814,580,1394
277,736,1013
478,772,1250
508,646,1154
695,586,1281
726,968,1694
446,1059,1505
683,507,1190
590,829,1419
883,781,1664
593,890,1483
743,536,1279
245,972,1217
393,700,1093
698,468,1166
308,989,1297
327,902,1229
693,633,1326
742,707,1449
675,891,1566
557,873,1430
1329,589,1918
436,1173,1609
409,716,1125
315,428,743
888,670,1558
746,1027,1773
554,863,1417
566,793,1359
433,974,1407
1008,572,1580
1540,1259,2799
652,971,1623
723,684,1407
348,539,887
861,792,1653
968,656,1624
655,745,1400
397,593,990
361,614,975
1070,627,1697
1023,1397,2420
522,595,1117
652,1073,1725
907,452,1359
379,695,1074
895,1019,1914
391,469,860
428,795,1223
488,754,1242
488,1460,1948
835,802,1637
744,573,1317
467,445,912
627,889,1516
412,655,1067
669,772,1441
734,803,1537
521,312,833
220,762,982
1201,775,1976
984,700,1684
574,801,1375
124,516,640
1018,796,1814
505,599,1104
328,977,1305
553,644,1197
521,899,1420
423,475,898
723,662,1385
404,776,1180
485,421,906
330,963,1293
716,759,1475
193,642,835
403,1100,1503
439,722,1161
181,538,719
92,1677,1769
757,1400,2157
710,435,1145
665,598,1263
815,441,1256
387,1495,1882
522,443,965
237,941,1178
267,1563,1830
418,736,1154
869,374,1243
606,418,1024
330,1064,1394
609,1325,1934
508,490,998
446,874,1320
416,1029,1445
1264,567,1831
359,1066,1425
1066,636,1702
576,613,1189
522,1128,1650
916,601,1517
497,702,1199
310,1312,1622
704,599,1303
409,1419,1828
1120,663,1783
1007,734,1741
329,948,1277
463,1037,1500
1270,844,2114
521,902,1423
694,761,1455
414,724,1138
1251,850,2101
370,832,1202
328,2433,2761
607,559,1166
615,618,1233
490,1481,1971
252,849,1101
714,2135,2849
920,629,1549
973,687,1660
488,862,1350
930,643,1573
326,909,1235
779,439,1218
498,799,1297
627,1405,2032
667,400,1067
269,666,935
519,1954,2473
1090,849,1939
461,640,1101
494,972,1466
589,1326,1915
344,2116,2460
553,804,1357
615,1043,1658
794,532,1326
330,857,1187
1277,1023,2300
1107,940,2047
478,809,1287
605,1022,1627
566,987,1553
694,490,1184
972,1425,2397
2184,714,2898
1363,1242,2605
1953,1090,3043
1212,1036,2248
1265,1068,2333
593,122,715
484,934,1418
1265,673,1938
521,709,1230
602,349,951
1860,919,2779
2217,904,3121
570,1261,1831
685,1138,1823
946,980,1926
1274,231,1505
425,1162,1587
476,182,658
549,914,1463
275,842,1117
753,1068,1821
721,1277,1998
905,887,1792
920,430,1350
776,1519,2295
280,399,679
722,375,1097
747,645,1392
374,1080,1454
784,811,1595
787,570,1357
719,732,1451
772,1654,2426
435,458,893
892,1422,2314
56,414,470
324,1985,2309
67,606,673
893,731,1624
822,1608,2430
780,1185,1965
77,624,701
716,871,1587
1387,720,2107
982,1150,2132
348,686,1034
190,526,716
944,1403,2347
691,641,1332
894,735,1629
114,817,931
867,1920,2787
934,1316,2250
1097,1080,2177
244,754,998
535,563,1098
1307,1068,2375
212,995,1207
1815,381,2196
278,911,1189
1089,1152,2241
553,877,1430
1027,1060,2087
544,685,1229
527,433,960
731,618,1349
922,1074,1996
1512,758,2270
1338,927,2265
912,2260,3172
746,718,1464
965,762,1727
298,2747,3045
897,788,1685
695,2865,3560
933,557,1490
543,1317,1860
101,3236,3337
388,1019,1407
714,676,1390
302,954,1256
1782,1305,3087
953,984,1937
446,805,1251
357,959,1316
462,1896,2358
698,1026,1724
131,3229,3360
564,1513,2077
2085,1284,3369
2798,889,3687
713,899,1612
645,1370,2015
223,1627,1850
1175,1693,2868
511,1570,2081
2577,983,3560
775,1699,2474
2718,821,3539
1109,1109,2218
833,1353,2186
1223,1333,2556
1006,551,1557
626,1025,1651
874,1485,2359
542,1384,1926
580,1306,1886
1397,1135,2532
529,1503,2032
1032,981,2013
813,597,1410
1294,967,2261
301,1450,1751
833,1711,2544
1538,739,2277
534,1828,2362
1414,549,1963
260,1632,1892
1420,934,2354
1151,397,1548
589,1335,1924
100,485,585
1679,527,2206
1408,616,2024
791,1672,2463
1088,289,1377
130,1879,2009
1417,669,2086
1102,1201,2303
2952,859,3811
616,2448,3064
89,530,619
1508,814,2322
652,1368,2020
569,509,1078
1125,959,2084
234,560,794
270,577,847
1081,877,1958
1386,628,2014
1655,772,2427
1577,487,2064
992,1429,2421
513,416,929
408,736,1144
872,2261,3133
120,573,693
489,659,1148
1355,880,2235
915,916,1831
190,526,716
1545,872,2417
455,346,801
377,476,853
288,438,726
1791,1489,3280
745,444,1189
1267,951,2218
1315,905,2220
459,323,782
559,1034,1593
522,733,1255
479,332,811
2335,694,3029
225,722,947
258,775,1033
402,498,900
2159,883,3042
534,966,1500
516,487,1003
158,994,1152
248,892,1140
470,893,1363
473,519,992
292,809,1101
239,517,756
313,768,1081
250,547,797
48,1341,1389
1191,640,1831
822,1417,2239
709,641,1350
661,706,1367
636,1001,1637
413,878,1291
1180,663,1843
306,699,1005
75,813,888
656,971,1627
929,2341,3270
622,569,1191
201,666,867
600,548,1148
870,837,1707
635,661,1296
837,680,1517
19,712,731
132,937,1069
915,744,1659
240,733,973
866,2369,3235
671,653,1324
805,705,1510
663,673,1336
695,555,1250
542,575,1117
680,462,1142
439,925,1364
451,744,1195
486,551,1037
824,1842,2666
776,671,1447
551,619,1170
658,792,1450
697,474,1171
699,468,1167
512,706,1218
374,481,855
635,571,1206
427,730,1157
510,605,1115
419,670,1089
890,707,1597
162,1382,1544
202,475,677
529,403,932
702,465,1167
344,972,1316
661,1163,1824
176,623,799
584,570,1154
625,1016,1641
200,646,846
2098,690,2788
337,480,817
540,405,945
379,499,878
562,1507,2069
422,1179,1601
146,870,1016
676,1319,1995
681,1189,1870
906,767,1673
2195,1161,3356
515,478,993
239,328,567
1120,614,1734
349,384,733
162,600,762
205,893,1098
565,1142,1707
452,788,1240
102,805,907
1281,437,1718
891,941,1832
252,1174,1426
1061,439,1500
263,554,817
351,891,1242
442,1435,1877
305,449,754
137,829,966
1557,1126,2683
751,614,1365
386,773,1159
206,1005,1211
410,633,1043
1062,713,1775
825,1311,2136
296,1285,1581
672,560,1232
315,1413,1728
522,627,1149
153,774,927
725,499,1224
465,488,953
888,983,1871
764,1091,1855
644,1194,1838
361,689,1050
508,667,1175
574,853,1427
446,631,1077
754,571,1325
522,598,1120
382,933,1315
669,550,1219
1270,718,1988
834,1230,2064
329,728,1057
650,628,1278
773,884,1657
811,543,1354
498,1002,1500
525,647,1172
535,883,1418
1135,754,1889
1031,877,1908
271,787,1058
769,684,1453
478,469,947
594,561,1155
235,759,994
269,1672,1941
452,795,1247
847,706,1553
417,761,1178
963,791,1754
606,907,1513
664,485,1149
170,507,677
608,904,1512
869,782,1651
807,1321,2128
444,666,1110
1155,1093,2248
253,579,832
895,1439,2334
1155,737,1892
757,831,1588
377,512,889
236,640,876
203,772,975
902,1127,2029
468,680,1148
301,885,1186
514,727,1241
1540,631,2171
322,777,1099
388,609,997
470,732,1202
571,590,1161
455,1108,1563
442,782,1224
579,856,1435
745,1079,1824
1198,765,1963
284,1258,1542
651,700,1351
652,916,1568
707,726,1433
746,520,1266
785,318,1103
469,851,1320
336,566,902
470,1117,1587
322,922,1244
491,996,1487
649,926,1575
480,1330,1810
332,1454,1786
712,939,1651
974,576,1550
536,793,1329
424,544,968
462,703,1165
507,487,994
424,1036,1460
1411,648,2059
725,503,1228
661,1250,1911
890,891,1781
747,458,1205
624,604,1228
1109,720,1829
499,693,1192
420,865,1285
820,649,1469
561,1105,1666
891,1207,2098
448,439,887
195,870,1065
477,486,963
505,721,1226
765,755,1520
598,1351,1949
565,1002,1567
1173,1137,2310
777,304,1081
715,1584,2299
618,895,1513
249,528,777
442,741,1183
745,727,1472
291,734,1025
552,964,1516
418,570,988
581,720,1301
1376,981,2357
992,735,1727
445,487,932
245,707,952
1089,712,1801
592,722,1314
975,838,1813
497,567,1064
1028,919,1947
1114,965,2079
940,527,1467
151,528,679
739,1355,2094
1443,693,2136
298,850,1148
842,702,1544
201,773,974
688,1030,1718
996,788,1784
641,583,1224
649,620,1269
570,743,1313
299,852,1151
320,1115,1435
82,566,648
400,651,1051
762,493,1255
378,950,1328
736,711,1447
714,918,1632
404,499,903
549,834,1383
659,976,1635
655,1510,2165
147,586,733
183,706,889
598,552,1150
657,1093,1750
727,733,1460
482,975,1457
592,357,949
988,456,1444
724,1125,1849
354,874,1228
218,702,920
428,602,1030
116,965,1081
455,1127,1582
336,725,1061
504,1783,2287
408,911,1319
700,1101,1801
456,856,1312
655,629,1284
418,652,1070
480,805,1285
330,468,798
798,469,1267
359,747,1106
646,748,1394
479,898,1377
761,746,1507
314,648,962
849,610,1459
894,911,1805
487,1960,2447
540,468,1008
693,656,1349
658,599,1257
708,475,1183
665,325,990
620,824,1444
260,762,1022
629,1199,1828
1368,1328,2696
899,670,1569
441,625,1066
715,766,1481
399,742,1141
474,468,942
1022,1197,2219
353,585,938
924,968,1892
945,1383,2328
1496,1370,2866
112,919,1031
787,1221,2008
359,1046,1405
1864,1079,2943
316,970,1286
999,774,1773
435,970,1405
344,992,1336
242,617,859
641,989,1630
628,714,1342
560,906,1466
815,1051,1866
193,756,949
1029,535,1564
1151,319,1470
559,917,1476
255,1542,1797
480,527,1007
301,1262,1563
883,481,1364
776,642,1418
523,992,1515
367,445,812
1058,807,1865
690,978,1668
769,1255,2024
887,367,1254
917,384,1301
543,260,803
380,1635,2015
386,976,1362
1106,379,1485
894,462,1356
522,1339,1861
660,848,1508
493,1266,1759
620,365,985
665,1554,2219
836,811,1647
940,991,1931
817,403,1220
1009,1202,2211
895,834,1729
1162,632,1794
1121,218,1339
95,397,492
742,325,1067
1049,330,1379
97,400,497
536,638,1174
1550,686,2236
281,340,621
723,650,1373
41,492,533
712,671,1383
60,421,481
651,866,1517
80,404,484
104,600,704
389,577,966
16,638,654
414,405,819
412,586,998
1123,603,1726
179,653,832
562,327,889
1111,716,1827
72,866,938
1400,604,2004
1278,1414,2692
454,781,1235
1112,1080,2192
330,1146,1476
623,652,1275
727,838,1565
170,598,768
818,185,1003
316,1151,1467
689,466,1155
229,772,1001
313,620,933
246,643,889
1042,1633,2675
1312,715,2027
434,637,1071
1050,1872,2922
335,554,889
1264,260,1524
164,841,1005
574,994,1568
648,575,1223
778,480,1258
154,312,466
296,1114,1410
23,666,689
907,397,1304
694,390,1084
256,1008,1264
296,829,1125
236,1082,1318
217,586,803
84,1862,1946
376,1222,1598
447,1096,1543
372,635,1007
49,412,461
737,646,1383
478,952,1430
219,448,667
507,1213,1720
401,777,1178
1000,1216,2216
263,455,718
479,1327,1806
1654,733,2387
194,478,672
551,799,1350
384,826,1210
495,1146,1641
78,1281,1359
112,749,861
365,430,795
306,546,852
579,904,1483
390,656,1046
442,1060,1502
240,648,888
654,778,1432
143,1282,1425
1692,742,2434
192,427,619
472,678,1150
501,664,1165
1087,710,1797
537,1023,1560
186,696,882
369,1038,1407
685,921,1606
418,1060,1478
381,557,938
820,784,1604
936,453,1389
537,380,917
761,791,1552
923,970,1893
510,419,929
991,1080,2071
642,623,1265
623,482,1105
1152,970,2122
821,773,1594
659,916,1575
906,618,1524
227,575,802
604,777,1381
580,859,1439
681,994,1675
959,329,1288
695,1117,1812
453,353,806
588,984,1572
1008,850,1858
286,1122,1408
168,628,796
477,1051,1528
286,1111,1397
947,455,1402
682,350,1032
933,1560,2493
405,974,1379
526,515,1041
497,1726,2223
292,587,879
662,1085,1747
799,646,1445
476,1056,1532
858,936,1794
615,676,1291
638,990,1628
931,598,1529
149,1055,1204
894,1002,1896
929,675,1604
118,757,875
205,1136,1341
817,461,1278
467,702,1169
648,516,1164
404,1174,1578
854,565,1419
234,501,735
892,1306,2198
800,1119,1919
80,913,993
859,632,1491
571,1135,1706
304,769,1073
715,816,1531
876,498,1374
875,1256,2131
529,658,1187
836,1135,1971
844,1455,2299
912,448,1360
844,420,1264
1162,604,1766
1052,726,1778
473,700,1173
968,721,1689
485,537,1022
403,717,1120
1513,1245,2758
1073,707,1780
390,853,1243
1647,1257,2904
997,654,1651
716,1921,2637
579,956,1535
578,916,1494
1225,492,1717
449,2280,2729
215,475,690
643,440,1083
546,1979,2525
433,336,769
482,1035,1517
1010,1285,2295
337,1070,1407
563,1157,1720
409,1209,1618
756,1816,2572
508,835,1343
402,933,1335
424,290,714
2186,369,2555
1094,689,1783
755,619,1374
685,1192,1877
968,539,1507
691,705,1396
200,636,836
390,788,1178
538,1383,1921
405,420,825
547,1045,1592
1145,722,1867
999,503,1502
237,583,820
616,1042,1658
1004,1316,2320
1912,404,2316
178,600,778
298,1380,1678
764,1133,1897
956,594,1550
1201,864,2065
872,556,1428
404,1040,1444
175,1152,1327
378,1504,1882
1692,686,2378
938,423,1361
253,1382,1635
862,1070,1932
744,670,1414
559,742,1301
995,845,1840
662,1043,1705
708,1138,1846
321,1378,1699
338,657,995
993,388,1381
1313,885,2198
1167,765,1932
353,838,1191
1035,753,1788
642,770,1412
1366,610,1976
974,601,1575
804,771,1575
486,853,1339
937,564,1501
1159,740,1899
970,646,1616
609,665,1274
471,1014,1485
298,470,768
1245,533,1778
774,420,1194
548,781,1329
291,640,931
1005,740,1745
765,659,1424
576,463,1039
610,597,1207
1308,657,1965
477,1049,1526
672,456,1128
911,859,1770
243,668,911
444,679,1123
605,802,1407
879,349,1228
607,503,1110
395,1647,2042
541,543,1084
537,557,1094
272,769,1041
811,642,1453
313,657,970
583,554,1137
479,638,1117
584,1009,1593
270,662,932
315,956,1271
785,287,1072
457,853,1310
564,411,975
335,939,1274
425,1502,1927
418,789,1207
533,527,1060
598,421,1019
631,1595,2226
573,906,1479
629,433,1062
1457,592,2049
581,471,1052
286,804,1090
462,597,1059
1380,571,1951
127,900,1027
865,480,1345
408,664,1072
678,1407,2085
395,588,983
402,704,1106
873,502,1375
285,1502,1787
1393,346,1739
117,768,885
813,415,1228
585,550,1135
384,722,1106
175,326,501
441,616,1057
591,285,876
796,454,1250
222,352,574
454,419,873
329,619,948
333,882,1215
296,361,657
501,987,1488
400,688,1088
442,786,1228
256,340,596
448,1198,1646
460,632,1092
80,791,871
816,1056,1872
42,349,391
596,429,1025
568,351,919
806,294,1100
520,1817,2337
378,2659,3037
660,373,1033
611,1344,1955
959,2064,3023
726,364,1090
103,348,451
714,1975,2689
811,1897,2708
340,271,611
367,1364,1731
655,649,1304
605,557,1162
54,324,378
1244,911,2155
195,533,728
247,714,961
2310,498,2808
1387,1320,2707
222,1455,1677
357,930,1287
860,1650,2510
117,499,616
437,1237,1674
140,1225,1365
227,602,829
593,1158,1751
265,1404,1669
246,805,1051
46,613,659
1954,820,2774
279,1039,1318
1138,944,2082
525,1313,1838
1785,907,2692
248,869,1117
322,1164,1486
1630,1378,3008
437,993,1430
1181,955,2136
1845,1137,2982
98,612,710
632,1271,1903
476,719,1195
886,834,1720
327,856,1183
1086,882,1968
1319,998,2317
1506,1121,2627
1262,518,1780
862,854,1716
969,467,1436
830,663,1493
752,845,1597
1095,503,1598
674,573,1247
388,841,1229
399,668,1067
729,349,1078
891,740,1631
525,895,1420
945,463,1408
1178,779,1957
567,540,1107
714,760,1474
470,809,1279
233,356,589
812,594,1406
809,809,1618
261,441,702
935,1010,1945
150,535,685
507,443,950
897,1412,2309
767,891,1658
851,862,1713
91,578,669
775,2274,3049
885,939,1824
142,463,605
1001,1804,2805
744,794,1538
355,2874,3229
793,630,1423
1141,1715,2856
735,416,1151
1015,576,1591
482,725,1207
242,647,889
266,582,848
676,979,1655
607,624,1231
523,713,1236
2160,325,2485
295,603,898
330,520,850
373,594,967
441,2973,3414
415,751,1166
240,951,1191
761,335,1096
340,3210,3550
1571,445,2016
342,634,976
374,1003,1377
1349,578,1927
522,607,1129
476,841,1317
226,1483,1709
459,948,1407
600,1407,2007
562,881,1443
485,639,1124
557,1456,2013
727,1244,1971
652,660,1312
517,896,1413
935,678,1613
491,935,1426
96,607,703
475,807,1282
636,992,1628
714,768,1482
471,1164,1635
380,1100,1480
1320,659,1979
729,583,1312
412,783,1195
422,1576,1998
899,614,1513
607,545,1152
1113,626,1739
726,902,1628
979,1025,2004
667,788,1455
271,1383,1654
862,523,1385
799,712,1511
636,849,1485
993,823,1816
1156,537,1693
1032,826,1858
705,698,1403
1287,614,1901
1110,630,1740
803,566,1369
637,763,1400
765,438,1203
335,638,973
858,624,1482
1489,433,1922
1371,882,2253
671,602,1273
502,520,1022
632,813,1445
476,989,1465
223,765,988
324,440,764
880,563,1443
732,565,1297
538,619,1157
298,684,982
620,493,1113
458,752,1210
154,1469,1623
493,324,817
519,617,1136
458,636,1094
679,535,1214
532,813,1345
596,660,1256
600,774,1374
617,529,1146
568,696,1264
461,776,1237
477,584,1061
121,394,515
438,650,1088
549,1698,2247
234,652,886
380,1289,1669
654,767,1421
392,541,933
271,540,811
388,476,864
307,871,1178
180,658,838
307,773,1080
501,1008,1509
224,887,1111
632,537,1169
625,513,1138
454,561,1015
368,752,1120
2673,2530,5203
1326,1337,2663
599,805,1404
389,426,815
2860,3062,5922
330,934,1264
670,543,1213
3089,2747,5836
381,423,804
212,1267,1479
855,585,1440
946,2395,3341
417,1018,1435
580,297,877
289,520,809
904,525,1429
642,483,1125
553,617,1170
439,603,1042
352,365,717
692,1341,2033
324,654,978
496,790,1286
53,386,439
405,1372,1777
1367,1579,2946
567,1513,2080
307,721,1028
2963,384,3347
594,622,1216
389,667,1056
189,283,472
2623,732,3355
1595,1532,3127
461,913,1374
240,766,1006
758,762,1520
647,920,1567
545,492,1037
1398,1187,2585
472,1359,1831
288,651,939
2159,724,2883
1016,1376,2392
799,1134,1933
163,904,1067
366,956,1322
615,892,1507
377,1057,1434
557,579,1136
244,940,1184
1187,383,1570
1028,1105,2133
630,562,1192
583,650,1233
382,1021,1403
385,603,988
762,350,1112
1459,967,2426
970,315,1285
1263,936,2199
751,442,1193
1270,1311,2581
873,1083,1956
579,1395,1974
300,326,626
1356,1744,3100
458,781,1239
1025,454,1479
1499,1149,2648
231,412,643
304,436,740
817,468,1285
307,812,1119
546,1119,1665
701,1374,2075
378,466,844
925,955,1880
528,1062,1590
208,717,925
312,489,801
821,771,1592
844,516,1360
696,1208,1904
338,656,994
402,636,1038
1099,1092,2191
275,1474,1749
508,1105,1613
455,911,1366
1606,706,2312
188,547,735
568,1442,2010
1300,1105,2405
85,691,776
447,486,933
110,1855,1965
896,1462,2358
570,963,1533
287,710,997
314,1884,2198
920,722,1642
1295,808,2103
1387,919,2306
1032,708,1740
908,1031,1939
388,1022,1410
1737,538,2275
817,496,1313
508,486,994
1058,932,1990
1056,742,1798
538,548,1086
682,1690,2372
677,1006,1683
1690,341,2031
511,288,799
813,1179,1992
435,725,1160
603,755,1358
968,1162,2130
608,732,1340
1268,1280,2548
668,813,1481
798,376,1174
613,1061,1674
881,1118,1999
308,638,946
557,385,942
343,766,1109
618,805,1423
396,753,1149
585,1049,1634
442,976,1418
832,555,1387
1341,994,2335
1123,1395,2518
953,671,1624
1055,1196,2251
1572,1327,2899
704,707,1411
778,1131,1909
1175,680,1855
454,744,1198
1085,978,2063
173,665,838
400,1008,1408
420,375,795
387,997,1384
1206,906,2112
477,405,882
559,736,1295
1231,949,2180
817,788,1605
1006,796,1802
1268,603,1871
597,810,1407
883,1028,1911
584,405,989
233,1041,1274
1027,824,1851
932,1014,1946
112,762,874
698,962,1660
581,847,1428
323,1581,1904
573,1132,1705
239,574,813
679,1317,1996
773,544,1317
650,1745,2395
378,684,1062
337,1321,1658
374,1052,1426
42,718,760
1367,372,1739
700,1062,1762
860,1393,2253
262,570,832
1106,356,1462
806,775,1581
551,340,891
893,1358,2251
998,546,1544
636,1002,1638
582,644,1226
698,1348,2046
874,377,1251
614,760,1374
784,1096,1880
751,873,1624
833,1743,2576
791,303,1094
869,1053,1922
599,378,977
679,362,1041
790,1275,2065
419,1123,1542
432,1801,2233
895,1510,2405
710,885,1595
1522,764,2286
891,961,1852
499,499,998
1127,993,2120
514,1260,1774
1216,309,1525
794,730,1524
248,1637,1885
1259,1447,2706
42,730,772
381,1798,2179
765,1038,1803
939,1279,2218
30,722,752
639,1569,2208
670,975,1645
1027,632,1659
836,1184,2020
1613,1424,3037
74,975,1049
197,1739,1936
637,481,1118
1021,1515,2536
64,906,970
1713,363,2076
1065,1843,2908
81,1204,1285
803,1663,2466
1564,665,2229
1694,1491,3185
441,1289,1730
243,2007,2250
1055,1482,2537
1254,1644,2898
128,1235,1363
677,511,1188
1085,615,1700
849,330,1179
119,1575,1694
173,1359,1532
16,715,731
362,1510,1872
1412,303,1715
811,766,1577
182,2210,2392
1088,1981,3069
834,1013,1847
1315,413,1728
1566,1042,2608
1137,449,1586
1188,774,1962
596,1896,2492
140,692,832
1061,2072,3133
1410,471,1881
783,755,1538
450,2196,2646
83,455,538
1550,776,2326
62,1278,1340
59,2408,2467
310,424,734
1922,859,2781
822,1840,2662
375,1176,1551
1657,1117,2774
1771,652,2423
483,910,1393
152,1138,1290
996,840,1836
1689,921,2610
783,799,1582
79,418,497
1096,740,1836
1770,1076,2846
209,597,806
1621,1030,2651
187,604,791
26,808,834
2160,905,3065
232,740,972
617,988,1605
538,628,1166
1619,695,2314
1114,917,2031
25,729,754
58,767,825
2006,624,2630
118,1215,1333
482,868,1350
555,1044,1599
763,707,1470
455,419,874
816,1030,1846
1579,1017,2596
463,890,1353
345,1043,1388
767,774,1541
591,893,1484
731,821,1552
502,1088,1590
902,874,1776
705,717,1422
321,491,812
1243,3506,4749
526,636,1162
364,529,893
862,870,1732
573,655,1228
30,1723,1753
1092,576,1668
68,1115,1183
446,862,1308
617,838,1455
841,3396,4237
679,735,1414
558,438,996
740,1225,1965
36,2181,2217
240,735,975
196,1485,1681
146,1182,1328
599,429,1028
347,1071,1418
246,1424,1670
834,3858,4692
470,1180,1650
733,1798,2531
933,778,1711
87,2092,2179
148,756,904
196,801,997
1401,371,1772
3291,1242,4533
245,1176,1421
1474,1234,2708
283,638,921
383,1292,1675
2869,1156,4025
212,2700,2912
322,1781,2103
1016,394,1410
647,1496,2143
267,1139,1406
1972,963,2935
633,1383,2016
197,1753,1950
3356,726,4082
577,2483,3060
605,418,1023
1104,730,1834
582,595,1177
590,1093,1683
231,1527,1758
641,839,1480
832,1057,1889
476,1891,2367
1085,608,1693
1176,952,2128
699,1909,2608
209,801,1010
1563,861,2424
1640,984,2624
182,1095,1277
1004,758,1762
307,938,1245
1141,1123,2264
991,833,1824
278,764,1042
1303,616,1919
1437,599,2036
575,556,1131
927,557,1484
1294,975,2269
884,791,1675
844,368,1212
659,1090,1749
701,588,1289
630,351,981
1073,1518,2591
335,1301,1636
327,360,687
980,1786,2766
690,747,1437
497,915,1412
318,1806,2124
447,598,1045
509,1072,1581
1847,1499,3346
1342,982,2324
1273,912,2185
990,1006,1996
291,368,659
2531,1813,4344
1688,341,2029
167,540,707
2167,1589,3756
597,605,1202
1536,364,1900
1738,537,2275
458,704,1162
655,948,1603
857,483,1340
510,701,1211
1381,1387,2768
728,822,1550
961,1136,2097
226,620,846
624,951,1575
1752,454,2206
955,654,1609
990,1259,2249
1601,1350,2951
511,578,1089
436,551,987
863,943,1806
790,432,1222
1459,485,1944
362,1123,1485
182,803,985
213,778,991
755,1319,2074
704,336,1040
743,1733,2476
486,541,1027
574,1675,2249
975,1823,2798
843,1585,2428
823,1472,2295
781,1847,2628
485,906,1391
954,747,1701
579,529,1108
1625,880,2505
803,1260,2063
1318,626,1944
278,799,1077
1583,321,1904
1106,849,1955
977,1592,2569
1621,361,1982
573,736,1309
366,738,1104
413,1983,2396
316,820,1136
330,1132,1462
220,1157,1377
1492,509,2001
341,996,1337
533,929,1462
1116,668,1784
987,1492,2479
844,307,1151
376,1040,1416
1141,689,1830
409,998,1407
507,907,1414
376,787,1163
598,917,1515
498,693,1191
1202,1284,2486
1333,997,2330
197,530,727
1077,706,1783
694,1363,2057
605,937,1542
498,492,990
120,1016,1136
709,488,1197
832,1321,2153
286,1120,1406
754,696,1450
1439,964,2403
291,729,1020
575,1619,2194
1087,707,1794
532,515,1047
435,1267,1702
1499,1447,2946
184,522,706
1196,994,2190
829,535,1364
47,969,1016
420,917,1337
808,975,1783
785,1049,1834
316,963,1279
593,1105,1698
670,723,1393
1693,1495,3188
439,371,810
705,1292,1997
332,786,1118
1191,1366,2557
958,1760,2718
619,741,1360
664,798,1462
838,842,1680
412,627,1039
880,715,1595
829,336,1165
254,723,977
1310,974,2284
313,1125,1438
550,509,1059
264,707,971
1434,755,2189
872,1195,2067
507,431,938
936,810,1746
1044,1270,2314
920,691,1611
762,1121,1883
831,881,1712
789,846,1635
1023,714,1737
1060,538,1598
591,868,1459
800,1297,2097
1168,1427,2595
899,864,1763
793,1325,2118
621,522,1143
954,1016,1970
561,346,907
493,1530,2023
528,875,1403
978,653,1631
448,694,1142
582,810,1392
663,497,1160
286,916,1202
643,672,1315
747,765,1512
636,1624,2260
878,334,1212
607,907,1514
1558,1279,2837
657,557,1214
854,587,1441
417,950,1367
228,817,1045
735,797,1532
1101,898,1999
460,383,843
1517,855,2372
728,547,1275
362,557,919
358,934,1292
685,1705,2390
575,720,1295
50,577,627
427,1352,1779
724,549,1273
181,523,704
751,904,1655
807,562,1369
426,350,776
1183,1554,2737
910,717,1627
1067,1790,2857
695,491,1186
1090,1532,2622
511,429,940
1304,286,1590
232,336,568
518,329,847
717,713,1430
1257,1621,2878
678,2374,3052
218,1042,1260
658,697,1355
1043,1640,2683
753,296,1049
305,416,721
1473,1181,2654
286,492,778
431,551,982
1643,1183,2826
128,580,708
479,1421,1900
485,870,1355
1493,905,2398
237,540,777
403,545,948
195,677,872
169,1106,1275
119,760,879
726,1449,2175
994,626,1620
583,756,1339
524,259,783
1667,1066,2733
723,529,1252
392,715,1107
1126,1086,2212
650,1499,2149
262,681,943
882,1405,2287
993,454,1447
630,1483,2113
394,381,775
1268,837,2105
969,395,1364
378,2132,2510
1163,645,1808
471,532,1003
514,702,1216
701,652,1353
514,601,1115
2371,913,3284
441,661,1102
330,887,1217
1484,2182,3666
597,1992,2589
1338,595,1933
1371,1519,2890
585,877,1462
1497,1443,2940
145,1078,1223
1018,1355,2373
746,2909,3655
321,1001,1322
664,1033,1697
1355,1919,3274
449,1038,1487
771,833,1604
342,798,1140
1384,1812,3196
264,1270,1534
1391,1638,3029
538,1127,1665
1414,1122,2536
762,413,1175
2028,1031,3059
263,951,1214
531,1153,1684
577,1019,1596
1245,494,1739
1652,325,1977
501,1025,1526
1268,713,1981
1744,534,2278
604,1788,2392
1086,507,1593
1201,361,1562
998,2490,3488
857,411,1268
1770,1044,2814
339,996,1335
668,783,1451
466,1933,2399
479,970,1449
820,566,1386
19,373,392
1981,1704,3685
788,722,1510
1471,993,2464
585,907,1492
540,545,1085
699,712,1411
827,866,1693
24,660,684
817,546,1363
77,651,728
2701,1181,3882
930,831,1761
313,389,702
214,623,837
202,546,748
2279,1249,3528
106,455,561
56,658,714
539,222,761
784,1181,1965
580,370,950
311,388,699
690,1008,1698
298,564,862
590,350,940
1560,554,2114
714,1886,2600
383,466,849
548,776,1324
1039,2111,3150
728,358,1086
884,459,1343
1718,1236,2954
449,761,1210
54,359,413
116,475,591
828,1266,2094
1760,1119,2879
782,611,1393
63,585,648
137,727,864
55,542,597
2025,340,2365
195,1385,1580
222,320,542
290,2085,2375
336,1298,1634
45,542,587
28,595,623
1041,1380,2421
145,688,833
577,769,1346
53,811,864
259,461,720
112,613,725
865,1100,1965
265,666,931
245,856,1101
117,1130,1247
722,2165,2887
573,564,1137
321,648,969
1123,389,1512
1105,1837,2942
338,2933,3271
115,802,917
538,3259,3797
385,1234,1619
259,952,1211
482,523,1005
597,568,1165
508,372,880
627,862,1489
955,750,1705
343,636,979
180,1330,1510
1920,1651,3571
514,1993,2507
247,1337,1584
725,726,1451
563,1059,1622
1074,1864,2938
1109,1366,2475
1494,299,1793
694,792,1486
2819,1247,4066
771,553,1324
3305,832,4137
969,609,1578
716,928,1644
681,805,1486
1276,844,2120
1167,1214,2381
1321,514,1835
517,888,1405
752,1023,1775
662,1034,1696
693,2048,2741
670,940,1610
755,782,1537
1018,513,1531
663,2026,2689
1502,1213,2715
752,755,1507
614,1498,2112
956,605,1561
115,1079,1194
628,1128,1756
503,1023,1526
349,869,1218
639,788,1427
880,955,1835
1171,1490,2661
612,743,1355
1059,1069,2128
406,577,983
916,505,1421
551,806,1357
482,1235,1717
340,1186,1526
836,946,1782
465,1007,1472
1186,1056,2242
608,956,1564
431,1015,1446
640,674,1314
1556,1324,2880
300,2255,2555
754,2031,2785
751,893,1644
1059,1004,2063
915,713,1628
1763,1136,2899
948,658,1606
1080,925,2005
1826,1118,2944
719,859,1578
839,720,1559
980,574,1554
729,1139,1868
1905,1140,3045
461,764,1225
560,1038,1598
803,932,1735
996,374,1370
617,767,1384
719,740,1459
845,1966,2811
808,627,1435
723,317,1040
157,1357,1514
637,778,1415
550,1204,1754
1774,1597,3371
643,571,1214
374,624,998
1026,502,1528
1130,2195,3325
813,913,1726
598,716,1314
861,530,1391
2151,1166,3317
869,1086,1955
1292,2325,3617
382,427,809
1657,1054,2711
1230,1719,2949
384,569,953
1083,371,1454
681,698,1379
1263,1205,2468
392,1219,1611
988,742,1730
2036,559,2595
1899,552,2451
1186,623,1809
824,520,1344
777,1658,2435
1476,392,1868
640,768,1408
484,617,1101
532,520,1052
909,951,1860
836,545,1381
377,1563,1940
793,1400,2193
450,983,1433
255,1318,1573
582,1534,2116
205,1021,1226
849,649,1498
949,658,1607
739,1319,2058
491,734,1225
131,1706,1837
1077,469,1546
226,1344,1570
248,737,985
467,812,1279
353,848,1201
305,1212,1517
149,814,963
1277,672,1949
883,610,1493
187,803,990
1355,857,2212
826,617,1443
717,329,1046
1140,657,1797
1097,1484,2581
588,994,1582
380,505,885
1123,1739,2862
299,990,1289
623,318,941
634,581,1215
542,325,867
615,1182,1797
288,1540,1828
884,896,1780
632,459,1091
660,1751,2411
1262,1326,2588
1207,1311,2518
167,474,641
741,581,1322
514,524,1038
1178,881,2059
1059,1128,2187
600,1638,2238
840,759,1599
1458,1115,2573
439,945,1384
879,558,1437
1140,1299,2439
472,776,1248
376,682,1058
456,304,760
222,514,736
1134,1056,2190
604,1678,2282
1471,1304,2775
433,557,990
428,1106,1534
1602,524,2126
1082,781,1863
208,1737,1945
661,639,1300
1062,814,1876
334,674,1008
263,1925,2188
470,1846,2316
466,631,1097
581,1781,2362
427,782,1209
1440,735,2175
644,551,1195
451,820,1271
193,1379,1572
588,1798,2386
949,1016,1965
1477,743,2220
900,798,1698
1517,916,2433
704,1258,1962
466,833,1299
271,432,703
233,1411,1644
394,1380,1774
1096,657,1753
1744,712,2456
683,1120,1803
1303,888,2191
1771,497,2268
1667,723,2390
1141,627,1768
230,691,921
566,1377,1943
556,690,1246
800,1305,2105
1454,1147,2601
149,952,1101
1768,702,2470
769,989,1758
1064,1063,2127
775,713,1488
1317,520,1837
382,1274,1656
610,566,1176
182,764,946
1132,1447,2579
180,1155,1335
448,549,997
42,1347,1389
312,817,1129
658,933,1591
318,1113,1431
229,1391,1620
1098,1231,2329
396,606,1002
631,346,977
578,742,1320
1068,580,1648
884,722,1606
90,1650,1740
391,1177,1568
740,641,1381
716,1081,1797
499,734,1233
793,469,1262
303,1239,1542
587,464,1051
752,1339,2091
726,958,1684
438,1576,2014
912,956,1868
904,744,1648
1210,911,2121
489,467,956
408,917,1325
481,1240,1721
353,974,1327
511,1230,1741
967,523,1490
361,674,1035
255,1046,1301
1087,708,1795
162,990,1152
1061,727,1788
1252,978,2230
938,894,1832
364,920,1284
334,909,1243
1225,458,1683
529,436,965
1485,1343,2828
1047,798,1845
1072,1151,2223
653,771,1424
1373,1100,2473
593,749,1342
643,805,1448
361,1373,1734
1041,811,1852
827,828,1655
507,690,1197
522,718,1240
387,840,1227
749,445,1194
613,615,1228
50,720,770
661,605,1266
224,602,826
214,540,754
493,337,830
888,429,1317
589,262,851
640,142,782
510,429,939
672,250,922
555,1861,2416
48,1628,1676
308,407,715
982,1501,2483
329,477,806
1098,1445,2543
384,430,814
648,640,1288
842,1460,2302
567,1892,2459
90,423,513
841,2945,3786
956,1519,2475
760,1244,2004
676,2163,2839
404,628,1032
805,2711,3516
568,1510,2078
1207,392,1599
1052,1826,2878
1108,2442,3550
267,310,577
655,1010,1665
338,728,1066
351,438,789
1765,1195,2960
2053,992,3045
712,178,890
1256,427,1683
2573,621,3194
87,897,984
30,227,257
721,746,1467
2154,549,2703
456,814,1270
22,259,281
708,780,1488
807,561,1368
2018,579,2597
84,973,1057
1331,398,1729
240,357,597
80,1162,1242
1451,322,1773
657,684,1341
339,265,604
139,1191,1330
1460,883,2343
21,576,597
136,1124,1260
72,287,359
662,714,1376
57,580,637
692,971,1663
113,472,585
343,269,612
511,846,1357
118,560,678
1564,860,2424
141,477,618
83,3107,3190
388,364,752
444,272,716
682,744,1426
318,923,1241
495,369,864
298,2924,3222
1163,991,2154
541,458,999
857,834,1691
491,278,769
304,641,945
910,577,1487
859,2557,3416
691,497,1188
342,1070,1412
612,599,1211
459,1003,1462
2651,734,3385
357,3411,3768
903,575,1478
2680,756,3436
185,1004,1189
25,565,590
997,518,1515
570,3408,3978
32,447,479
125,450,575
26,577,603
136,488,624
357,271,628
428,1248,1676
165,3402,3567
2377,728,3105
370,340,710
880,569,1449
158,533,691
3050,721,3771
753,1199,1952
134,824,958
726,1185,1911
409,456,865
608,184,792
3319,739,4058
535,702,1237
79,444,523
458,522,980
722,542,1264
180,665,845
452,912,1364
501,591,1092
975,369,1344
91,528,619
585,849,1434
377,884,1261
205,957,1162
58,830,888
3260,637,3897
141,650,791
138,1401,1539
204,879,1083
374,618,992
689,274,963
445,933,1378
179,961,1140
818,290,1108
478,620,1098
209,735,944
305,557,862
73,326,399
769,843,1612
666,912,1578
672,627,1299
638,733,1371
115,330,445
799,743,1542
666,777,1443
314,1025,1339
761,439,1200
172,367,539
447,712,1159
951,1072,2023
215,440,655
692,749,1441
1187,841,2028
526,1083,1609
271,689,960
535,758,1293
252,572,824
676,861,1537
222,645,867
152,862,1014
527,622,1149
785,812,1597
386,680,1066
197,376,573
682,512,1194
229,701,930
538,644,1182
240,862,1102
608,402,1010
434,564,998
389,962,1351
462,701,1163
478,529,1007
240,670,910
489,738,1227
621,389,1010
538,940,1478
391,786,1177
503,408,911
771,694,1465
757,494,1251
438,429,867
492,766,1258
739,323,1062
153,851,1004
545,917,1462
393,683,1076
471,693,1164
265,855,1120
646,668,1314
658,400,1058
669,475,1144
331,415,746
589,629,1218
422,780,1202
344,573,917
297,1039,1336
326,601,927
513,735,1248
319,546,865
716,470,1186
241,693,934
713,594,1307
113,982,1095
556,540,1096
805,487,1292
311,550,861
624,525,1149
374,1141,1515
671,913,1584
530,626,1156
572,1279,1851
461,463,924
665,403,1068
349,464,813
584,798,1382
589,426,1015
1006,645,1651
497,516,1013
314,566,880
399,537,936
561,752,1313
852,486,1338
381,894,1275
346,437,783
1033,572,1605
419,476,895
413,849,1262
1186,568,1754
773,864,1637
385,609,994
253,951,1204
434,385,819
439,633,1072
266,529,795
364,1213,1577
598,521,1119
402,438,840
800,941,1741
357,735,1092
293,574,867
643,678,1321
554,524,1078
455,1132,1587
811,514,1325
365,839,1204
319,599,918
129,573,702
471,678,1149
618,925,1543
772,801,1573
312,874,1186
1008,470,1478
320,562,882
499,950,1449
460,693,1153
1210,631,1841
480,579,1059
610,779,1389
456,618,1074
453,582,1035
534,912,1446
373,773,1146
850,733,1583
738,441,1179
689,569,1258
489,698,1187
578,618,1196
400,465,865
315,613,928
801,452,1253
797,956,1753
629,602,1231
1020,718,1738
614,690,1304
477,792,1269
490,622,1112
291,1235,1526
538,628,1166
708,1024,1732
381,687,1068
603,716,1319
489,701,1190
482,626,1108
389,1502,1891
645,723,1368
788,1043,1831
434,556,990
752,658,1410
229,788,1017
585,1338,1923
613,642,1255
487,783,1270
393,840,1233
651,589,1240
618,993,1611
635,766,1401
1098,941,2039
583,621,1204
368,944,1312
400,807,1207
546,731,1277
452,1023,1475
609,587,1196
1318,752,2070
449,805,1254
384,683,1067
979,704,1683
508,709,1217
1198,783,1981
642,737,1379
709,876,1585
626,615,1241
750,751,1501
661,797,1458
642,563,1205
821,655,1476
582,932,1514
464,923,1387
660,475,1135
829,747,1576
890,614,1504
504,487,991
419,602,1021
300,794,1094
367,467,834
879,1069,1948
458,594,1052
481,910,1391
380,379,759
451,341,792
674,771,1445
413,454,867
356,355,711
312,684,996
696,693,1389
866,1367,2233
507,763,1270
575,941,1516
697,738,1435
524,530,1054
785,936,1721
386,769,1155
713,317,1030
586,717,1303
281,363,644
522,400,922
556,359,915
864,461,1325
583,534,1117
120,572,692
215,684,899
228,591,819
579,1344,1923
872,362,1234
819,818,1637
633,467,1100
495,261,756
310,748,1058
571,1198,1769
29,489,518
213,831,1044
284,610,894
69,510,579
649,1161,1810
841,1407,2248
527,476,1003
595,492,1087
622,618,1240
1241,1093,2334
337,502,839
711,846,1557
182,640,822
475,445,920
550,557,1107
485,795,1280
956,531,1487
234,724,958
256,470,726
1091,1056,2147
248,871,1119
109,560,669
411,366,777
350,704,1054
1355,750,2105
403,703,1106
241,361,602
442,503,945
478,692,1170
290,334,624
594,420,1014
689,596,1285
232,723,955
777,499,1276
213,777,990
1027,523,1550
732,586,1318
469,653,1122
482,587,1069
210,469,679
794,10513,11307
379,294,673
23,10462,10485
478,254,732
46,10460,10506
313,1241,1554
776,10774,11550
551,1070,1621
881,10838,11719
818,1488,2306
9723,725,10448
39,10813,10852
223,1178,1401
472,1303,1775
118,10699,10817
77,10697,10774
343,1327,1670
10212,400,10612
31,10925,10956
769,976,1745
587,1103,1690
1066,418,1484
948,1144,2092
282,2299,2581
422,1155,1577
744,2004,2748
404,1363,1767
9965,1072,11037
9979,932,10911
10277,547,10824
1086,414,1500
881,723,1604
925,326,1251
315,2327,2642
56,1626,1682
269,2135,2404
321,1867,2188
10545,829,11374
10604,795,11399
551,936,1487
882,594,1476
920,907,1827
118,507,625
630,2271,2901
1044,699,1743
361,2270,2631
337,2019,2356
367,706,1073
10765,790,11555
229,946,1175
237,704,941
72,1792,1864
120,690,810
1354,1787,3141
1014,1911,2925
90,2254,2344
721,978,1699
544,576,1120
952,1085,2037
381,1131,1512
316,955,1271
1023,1350,2373
552,1048,1600
816,1051,1867
472,878,1350
1628,921,2549
654,1484,2138
908,505,1413
633,560,1193
689,1281,1970
269,1039,1308
563,363,926
1038,1250,2288
492,909,1401
1857,1034,2891
137,967,1104
2191,947,3138
76,845,921
439,1110,1549
454,1078,1532
659,293,952
1276,1267,2543
858,755,1613
2043,894,2937
427,1403,1830
1806,1412,3218
89,977,1066
2055,917,2972
1013,763,1776
776,991,1767
343,961,1304
1913,1690,3603
647,724,1371
433,918,1351
533,1455,1988
650,998,1648
214,513,727
701,982,1683
403,825,1228
625,892,1517
899,765,1664
1828,1570,3398
528,660,1188
985,944,1929
901,1418,2319
819,413,1232
1095,972,2067
736,652,1388
182,387,569
717,659,1376
1720,1420,3140
253,377,630
611,1384,1995
748,687,1435
269,966,1235
973,917,1890
1281,842,2123
595,1042,1637
392,1627,2019
832,626,1458
325,1927,2252
1353,1129,2482
314,336,650
947,1336,2283
226,683,909
641,1241,1882
1163,750,1913
898,996,1894
247,722,969
913,1372,2285
998,1588,2586
1387,1132,2519
634,1594,2228
273,701,974
844,1373,2217
548,935,1483
205,1013,1218
105,1472,1577
327,1452,1779
660,1865,2525
1229,1785,3014
766,1036,1802
619,1761,2380
61,1432,1493
573,1239,1812
1260,1574,2834
617,679,1296
1660,1233,2893
1502,1142,2644
1245,581,1826
782,1394,2176
580,866,1446
1049,1166,2215
1346,546,1892
916,630,1546
867,1175,2042
1156,890,2046
1085,1122,2207
1486,711,2197
1149,1243,2392
939,874,1813
1308,679,1987
667,1111,1778
1061,374,1435
469,588,1057
1497,873,2370
786,386,1172
465,1462,1927
768,583,1351
1155,804,1959
1498,931,2429
737,1862,2599
443,590,1033
370,2371,2741
687,338,1025
1363,1324,2687
319,1142,1461
1268,1001,2269
1106,588,1694
1036,521,1557
349,2397,2746
966,906,1872
246,573,819
895,2702,3597
148,418,566
785,1250,2035
912,463,1375
203,669,872
495,881,1376
1109,1555,2664
685,2154,2839
537,1376,1913
390,932,1322
1124,1868,2992
417,1271,1688
275,773,1048
441,929,1370
2271,547,2818
218,1245,1463
770,743,1513
507,551,1058
814,2440,3254
584,964,1548
892,1358,2250
779,443,1222
1061,807,1868
1173,1266,2439
819,475,1294
1178,336,1514
422,865,1287
1754,372,2126
1818,1843,3661
555,1078,1633
319,695,1014
2568,1260,3828
213,979,1192
784,1445,2229
866,483,1349
621,623,1244
712,1471,2183
397,624,1021
2001,461,2462
1152,708,1860
559,960,1519
1645,1031,2676
391,1112,1503
1033,591,1624
424,1031,1455
1069,1304,2373
540,1030,1570
1270,870,2140
404,896,1300
876,1653,2529
851,505,1356
950,335,1285
778,256,1034
112,1643,1755
746,330,1076
651,1220,1871
801,646,1447
1053,737,1790
119,890,1009
756,318,1074
520,668,1188
1554,293,1847
384,1085,1469
1268,1044,2312
1381,922,2303
482,2015,2497
1114,1347,2461
1281,948,2229
657,1587,2244
214,908,1122
965,940,1905
219,670,889
2184,1026,3210
820,284,1104
136,648,784
257,1303,1560
1605,1720,3325
1521,378,1899
724,1567,2291
588,1089,1677
1137,1438,2575
773,624,1397
425,350,775
878,1447,2325
165,1558,1723
710,825,1535
1482,377,1859
462,1532,1994
571,628,1199
686,869,1555
72,668,740
411,1519,1930
172,1046,1218
1896,557,2453
1564,443,2007
829,1135,1964
1336,420,1756
584,1075,1659
414,1041,1455
1269,590,1859
547,1283,1830
274,535,809
383,1130,1513
1463,905,2368
1429,362,1791
310,512,822
49,893,942
1449,537,1986
1186,584,1770
843,579,1422
262,537,799
1128,1315,2443
822,1422,2244
300,484,784
21,1222,1243
890,1396,2286
482,336,818
430,967,1397
30,1322,1352
837,1205,2042
1355,1125,2480
893,877,1770
320,1540,1860
344,1287,1631
400,360,760
1055,764,1819
729,1142,1871
778,914,1692
1016,1108,2124
556,1133,1689
864,730,1594
1003,912,1915
1074,675,1749
378,366,744
847,1055,1902
425,954,1379
1417,310,1727
320,1419,1739
504,1538,2042
1299,817,2116
367,1294,1661
755,1495,2250
1130,299,1429
783,1585,2368
307,598,905
438,794,1232
1058,425,1483
746,337,1083
115,974,1089
433,1368,1801
1173,778,1951
1253,813,2066
692,1094,1786
180,1005,1185
1046,1395,2441
974,962,1936
530,712,1242
829,619,1448
108,1399,1507
951,462,1413
1307,1076,2383
90,706,796
1367,691,2058
625,894,1519
396,1439,1835
960,869,1829
1348,811,2159
710,779,1489
1225,1736,2961
603,867,1470
1211,1179,2390
656,452,1108
928,1110,2038
529,395,924
708,1003,1711
96,1156,1252
641,1026,1667
36,770,806
552,788,1340
1316,918,2234
1423,908,2331
525,800,1325
992,785,1777
1301,1151,2452
326,917,1243
852,359,1211
833,571,1404
335,976,1311
931,488,1419
337,1166,1503
578,750,1328
672,912,1584
1188,937,2125
247,975,1222
493,376,869
879,1701,2580
751,1001,1752
432,1123,1555
704,727,1431
1247,2041,3288
491,580,1071
670,761,1431
998,500,1498
530,1080,1610
560,471,1031
813,522,1335
404,1106,1510
640,337,977
119,1824,1943
1616,964,2580
509,620,1129
763,648,1411
808,934,1742
267,1526,1793
824,909,1733
207,1453,1660
1125,604,1729
207,2381,2588
1635,1614,3249
551,2057,2608
1846,987,2833
846,1152,1998
452,973,1425
1079,1464,2543
1700,1069,2769
423,1116,1539
629,1435,2064
723,1052,1775
465,1114,1579
680,1568,2248
493,1789,2282
299,1010,1309
1457,448,1905
892,1418,2310
2315,368,2683
438,1415,1853
883,334,1217
785,518,1303
748,673,1421
341,1606,1947
1983,537,2520
1193,1163,2356
433,1632,2065
941,393,1334
545,1489,2034
773,1382,2155
303,1574,1877
1625,346,1971
1345,573,1918
670,1325,1995
54,1376,1430
773,1148,1921
1185,301,1486
1066,422,1488
249,2329,2578
294,1160,1454
1156,336,1492
973,521,1494
1247,617,1864
1247,703,1950
1269,570,1839
1527,1146,2673
1670,333,2003
1481,503,1984
1524,488,2012
1575,535,2110
97,439,536
1244,641,1885
275,1406,1681
26,376,402
27,701,728
1299,723,2022
102,619,721
45,783,828
1308,599,1907
76,466,542
300,521,821
38,653,691
645,1651,2296
62,499,561
706,1916,2622
2186,211,2397
1579,1393,2972
1135,1087,2222
157,670,827
435,446,881
298,762,1060
87,576,663
121,791,912
77,816,893
1337,1111,2448
108,233,341
86,1297,1383
2349,1277,3626
307,1069,1376
159,431,590
171,1373,1544
111,1296,1407
228,946,1174
480,641,1121
414,1140,1554
429,959,1388
280,1253,1533
1077,557,1634
195,472,667
319,720,1039
699,821,1520
279,1261,1540
156,805,961
155,701,856
214,781,995
862,914,1776
350,1384,1734
956,850,1806
305,1572,1877
563,560,1123
1113,442,1555
569,504,1073
430,750,1180
373,559,932
788,613,1401
474,951,1425
1111,679,1790
359,774,1133
541,1468,2009
873,632,1505
492,609,1101
439,989,1428
370,801,1171
607,605,1212
1077,818,1895
684,719,1403
866,796,1662
200,1470,1670
129,1430,1559
308,509,817
1110,755,1865
1172,678,1850
538,435,973
1271,660,1931
1128,1100,2228
595,700,1295
264,499,763
180,1709,1889
668,694,1362
116,753,869
472,1791,2263
527,891,1418
439,773,1212
1271,1093,2364
976,952,1928
862,724,1586
1623,655,2278
662,808,1470
636,1727,2363
696,813,1509
782,1127,1909
755,2032,2787
431,1107,1538
770,2039,2809
508,1132,1640
1710,414,2124
479,1363,1842
609,769,1378
959,512,1471
677,1128,1805
664,972,1636
759,1916,2675
657,1573,2230
1745,1055,2800
499,1105,1604
1354,480,1834
513,1034,1547
532,484,1016
403,1010,1413
964,656,1620
760,743,1503
706,2055,2761
922,1307,2229
1764,536,2300
657,758,1415
849,1233,2082
620,1286,1906
888,2205,3093
326,669,995
368,530,898
863,459,1322
821,604,1425
303,1677,1980
813,517,1330
1382,789,2171
379,1705,2084
1642,1015,2657
1150,641,1791
1795,689,2484
1746,781,2527
779,542,1321
1101,491,1592
624,1539,2163
651,910,1561
342,701,1043
466,1609,2075
702,1016,1718
1152,869,2021
1544,546,2090
828,1076,1904
2070,508,2578
902,1259,2161
341,1083,1424
371,1938,2309
907,748,1655
465,1297,1762
1118,1171,2289
402,545,947
671,579,1250
546,688,1234
1423,923,2346
278,1137,1415
560,924,1484
1532,534,2066
787,791,1578
383,1091,1474
1486,849,2335
232,547,779
414,1062,1476
720,1694,2414
428,1449,1877
465,530,995
307,952,1259
682,509,1191
1078,570,1648
1859,532,2391
483,1191,1674
378,658,1036
825,827,1652
943,2039,2982
447,871,1318
1009,729,1738
390,1205,1595
780,565,1345
926,982,1908
169,1193,1362
445,572,1017
526,1230,1756
233,1338,1571
865,1811,2676
739,350,1089
478,546,1024
1056,804,1860
1027,705,1732
473,334,807
312,991,1303
854,970,1824
1097,476,1573
1512,1304,2816
612,1085,1697
1070,776,1846
948,1321,2269
1184,713,1897
727,1108,1835
588,1392,1980
413,814,1227
604,984,1588
1125,643,1768
1921,925,2846
458,1240,1698
646,1347,1993
1419,970,2389
617,548,1165
424,1283,1707
456,1051,1507
796,1202,1998
1105,683,1788
393,1176,1569
838,754,1592
622,1409,2031
857,772,1629
786,915,1701
873,1243,2116
820,659,1479
312,332,644
1138,594,1732
1161,661,1822
653,744,1397
1141,1207,2348
1710,916,2626
867,1111,1978
1205,1179,2384
386,881,1267
597,875,1472
131,1156,1287
1095,352,1447
1344,287,1631
949,644,1593
256,1314,1570
673,571,1244
589,690,1279
587,1077,1664
866,874,1740
493,998,1491
607,703,1310
1279,638,1917
1129,528,1657
649,1023,1672
829,1012,1841
505,945,1450
1140,1182,2322
1021,822,1843
1123,938,2061
325,1279,1604
768,1560,2328
488,665,1153
446,593,1039
652,915,1567
1156,1212,2368
345,875,1220
622,516,1138
930,771,1701
1157,1614,2771
813,894,1707
789,1383,2172
865,366,1231
477,1140,1617
1059,916,1975
946,1095,2041
701,589,1290
651,704,1355
1461,550,2011
906,1632,2538
892,829,1721
540,690,1230
788,1266,2054
436,755,1191
132,1482,1614
807,1304,2111
514,1136,1650
590,902,1492
1146,585,1731
991,953,1944
888,898,1786
285,1163,1448
884,590,1474
729,974,1703
531,551,1082
594,746,1340
567,739,1306
1173,884,2057
915,566,1481
649,909,1558
751,1141,1892
483,562,1045
84,982,1066
598,564,1162
434,1258,1692
826,1436,2262
1085,953,2038
557,1119,1676
1153,531,1684
1057,507,1564
639,1134,1773
376,781,1157
636,716,1352
818,1187,2005
376,958,1334
299,1591,1890
782,506,1288
803,704,1507
483,1146,1629
1108,1023,2131
376,691,1067
543,1358,1901
1504,1261,2765
431,884,1315
884,540,1424
716,941,1657
679,694,1373
406,813,1219
727,1006,1733
621,517,1138
1129,997,2126
433,929,1362
551,332,883
416,538,954
1089,1015,2104
845,691,1536
743,1210,1953
442,1024,1466
1476,823,2299
737,1653,2390
929,1218,2147
455,964,1419
567,331,898
600,797,1397
948,1074,2022
775,995,1770
1426,1630,3056
570,770,1340
922,758,1680
1088,1413,2501
890,1006,1896
241,662,903
308,1135,1443
219,763,982
503,1090,1593
796,1442,2238
215,790,1005
747,1044,1791
373,569,942
663,2532,3195
947,891,1838
706,1495,2201
889,557,1446
1201,1769,2970
854,1225,2079
874,334,1208
1177,1994,3171
1540,1481,3021
1034,1456,2490
605,360,965
1493,1664,3157
453,772,1225
501,404,905
1022,1589,2611
1107,1243,2350
798,1012,1810
235,358,593
729,1022,1751
462,1835,2297
356,1238,1594
973,892,1865
767,1689,2456
486,900,1386
342,312,654
995,1414,2409
1305,650,1955
536,1576,2112
2079,730,2809
946,1584,2530
790,721,1511
899,1484,2383
30,365,395
1432,805,2237
981,1275,2256
400,1554,1954
1513,395,1908
79,446,525
350,1915,2265
907,564,1471
574,1553,2127
1653,639,2292
317,429,746
1367,769,2136
130,451,581
1450,741,2191
511,1869,2380
1393,1047,2440
1081,557,1638
1410,1392,2802
1304,877,2181
397,520,917
769,839,1608
1553,700,2253
898,1064,1962
683,518,1201
1035,633,1668
593,1093,1686
1207,862,2069
1475,675,2150
647,341,988
219,1171,1390
810,695,1505
1140,415,1555
119,695,814
459,413,872
68,715,783
1164,670,1834
64,643,707
758,778,1536
1387,958,2345
365,601,966
1620,371,1991
498,986,1484
409,417,826
360,627,987
270,486,756
131,688,819
341,469,810
20,937,957
1410,1521,2931
507,1333,1840
156,540,696
401,599,1000
213,760,973
920,1156,2076
515,524,1039
35,1149,1184
1740,1352,3092
226,696,922
713,665,1378
79,1366,1445
229,526,755
732,684,1416
669,849,1518
288,552,840
540,714,1254
387,1070,1457
540,485,1025
383,511,894
606,906,1512
510,1137,1647
391,791,1182
358,714,1072
438,784,1222
419,1210,1629
443,541,984
490,906,1396
142,519,661
1017,616,1633
628,987,1615
586,560,1146
869,607,1476
1014,454,1468
529,946,1475
402,469,871
465,819,1284
729,938,1667
1010,870,1880
459,669,1128
970,672,1642
1045,973,2018
345,766,1111
90,2043,2133
540,815,1355
714,765,1479
1237,1053,2290
730,1052,1782
503,1055,1558
311,700,1011
937,746,1683
488,1021,1509
331,2096,2427
198,934,1132
874,901,1775
1135,461,1596
716,538,1254
764,449,1213
588,748,1336
950,467,1417
560,533,1093
743,664,1407
733,618,1351
392,709,1101
598,1153,1751
638,1113,1751
360,2296,2656
929,572,1501
881,363,1244
811,885,1696
751,903,1654
388,983,1371
631,818,1449
418,1391,1809
1874,1290,3164
334,1426,1760
583,593,1176
1003,860,1863
876,972,1848
448,710,1158
1370,490,1860
570,1033,1603
398,731,1129
1929,1223,3152
1328,330,1658
2175,1214,3389
741,303,1044
166,644,810
160,317,477
341,725,1066
1121,725,1846
603,510,1113
692,959,1651
501,1148,1649
183,510,693
977,721,1698
1235,727,1962
743,1622,2365
184,334,518
1042,835,1877
250,1176,1426
227,547,774
657,664,1321
375,311,686
275,549,824
828,1214,2042
883,2283,3166
434,1525,1959
284,514,798
764,2106,2870
651,1442,2093
274,567,841
519,629,1148
858,1260,2118
432,431,863
504,1096,1600
433,503,936
436,2131,2567
942,1001,1943
912,1782,2694
441,790,1231
1381,565,1946
1109,1462,2571
465,463,928
547,665,1212
372,2397,2769
1953,512,2465
853,1698,2551
206,814,1020
273,976,1249
1998,695,2693
406,787,1193
483,649,1132
506,681,1187
1346,931,2277
317,669,986
795,630,1425
840,1135,1975
2064,667,2731
367,1654,2021
422,661,1083
1238,778,2016
1059,474,1533
717,1330,2047
802,502,1304
234,624,858
760,987,1747
812,415,1227
321,626,947
484,1291,1775
759,2516,3275
457,484,941
580,643,1223
1063,2633,3696
768,1474,2242
299,842,1141
438,686,1124
741,794,1535
345,1081,1426
1465,525,1990
638,682,1320
2263,1510,3773
1330,1188,2518
530,595,1125
526,755,1281
2341,1103,3444
737,621,1358
570,895,1465
1255,628,1883
1034,1023,2057
447,696,1143
618,892,1510
1350,1327,2677
848,512,1360
2448,470,2918
584,752,1336
1037,802,1839
674,1001,1675
1393,620,2013
276,799,1075
474,1073,1547
1289,1339,2628
670,849,1519
350,731,1081
907,483,1390
575,561,1136
917,849,1766
441,957,1398
758,634,1392
354,830,1184
620,815,1435
606,662,1268
764,505,1269
421,723,1144
521,599,1120
295,484,779
873,462,1335
232,1503,1735
648,609,1257
1030,502,1532
773,258,1031
1108,878,1986
619,784,1403
291,1003,1294
826,377,1203
1126,1156,2282
720,774,1494
525,817,1342
509,326,835
865,582,1447
901,390,1291
352,744,1096
329,829,1158
565,537,1102
314,748,1062
1065,926,1991
775,332,1107
409,1364,1773
366,763,1129
256,1242,1498
311,392,703
897,295,1192
155,789,944
338,518,856
599,290,889
622,615,1237
275,721,996
170,870,1040
898,362,1260
587,406,993
635,569,1204
144,387,531
478,607,1085
635,459,1094
439,1451,1890
658,2123,2781
672,828,1500
74,585,659
223,325,548
821,516,1337
21,444,465
678,797,1475
1301,1212,2513
605,2272,2877
784,689,1473
301,1176,1477
284,355,639
194,472,666
80,761,841
271,1424,1695
306,579,885
160,670,830
981,1206,2187
1177,1335,2512
159,448,607
264,810,1074
462,1268,1730
987,2101,3088
1070,734,1804
202,680,882
649,1409,2058
1953,1187,3140
979,382,1361
741,1482,2223
1357,1274,2631
937,437,1374
397,503,900
227,846,1073
444,630,1074
2306,642,2948
38,843,881
680,450,1130
895,699,1594
801,806,1607
188,909,1097
714,490,1204
776,955,1731
602,419,1021
198,739,937
526,453,979
1130,573,1703
280,1420,1700
441,857,1298
1767,821,2588
1029,730,1759
257,1263,1520
386,1035,1421
581,624,1205
200,377,577
867,624,1491
1216,685,1901
937,893,1830
233,601,834
555,1042,1597
560,867,1427
315,545,860
789,500,1289
764,528,1292
428,1132,1560
467,990,1457
318,619,937
1290,491,1781
559,891,1450
292,741,1033
375,1170,1545
451,647,1098
143,1166,1309
826,468,1294
707,955,1662
421,1070,1491
893,1460,2353
158,527,685
536,724,1260
469,1918,2387
531,667,1198
1105,610,1715
595,12330,12925
679,951,1630
428,12283,12711
833,913,1746
1122,426,1548
842,663,1505
129,12301,12430
1138,629,1767
770,405,1175
792,711,1503
380,1325,1705
218,12434,12652
723,335,1058
441,1312,1753
222,584,806
12197,526,12723
319,1149,1468
903,1538,2441
708,2320,3028
415,1478,1893
12214,549,12763
365,1410,1775
335,434,769
663,2188,2851
12274,479,12753
581,1229,1810
436,440,876
774,1493,2267
1174,1296,2470
686,2990,3676
520,425,945
610,1566,2176
885,865,1750
1062,2334,3396
350,1440,1790
199,1687,1886
657,877,1534
1762,740,2502
1069,785,1854
489,401,890
671,1370,2041
1091,803,1894
145,1134,1279
1161,339,1500
434,1752,2186
183,1176,1359
24,350,374
293,412,705
503,1919,2422
1832,1575,3407
300,1052,1352
85,311,396
835,322,1157
348,841,1189
2073,1666,3739
598,1422,2020
154,308,462
1911,669,2580
406,1728,2134
1060,316,1376
1262,373,1635
792,1937,2729
1007,1454,2461
1387,1299,2686
2111,840,2951
1623,1038,2661
1087,1017,2104
1578,1079,2657
1646,1096,2742
1009,521,1530
63,718,781
1009,1277,2286
1800,381,2181
207,404,611
1829,659,2488
868,1072,1940
307,644,951
361,717,1078
185,1139,1324
1082,1181,2263
1022,386,1408
583,629,1212
242,1306,1548
49,1355,1404
624,502,1126
24,1321,1345
26,1163,1189
703,912,1615
756,668,1424
297,365,662
475,913,1388
476,923,1399
365,640,1005
1114,374,1488
1365,850,2215
1660,498,2158
813,459,1272
183,891,1074
559,1073,1632
533,903,1436
442,1266,1708
612,1049,1661
707,1252,1959
1419,995,2414
411,972,1383
1018,378,1396
953,484,1437
1229,694,1923
550,911,1461
195,418,613
1278,2340,3618
483,779,1262
1029,637,1666
1046,1006,2052
925,1186,2111
587,809,1396
955,712,1667
721,813,1534
668,872,1540
360,1123,1483
397,655,1052
346,1376,1722
261,326,587
1304,2121,3425
461,609,1070
1076,1068,2144
649,2286,2935
703,419,1122
116,705,821
1571,945,2516
34,380,414
53,818,871
509,830,1339
40,411,451
789,1028,1817
2083,898,2981
103,1175,1278
163,347,510
2013,1031,3044
468,973,1441
505,1005,1510
2008,555,2563
850,709,1559
391,1509,1900
24,1463,1487
129,1331,1460
210,363,573
253,809,1062
492,977,1469
282,586,868
566,1113,1679
444,570,1014
1014,756,1770
616,1292,1908
755,1879,2634
24,1679,1703
1198,326,1524
564,1275,1839
684,1742,2426
108,555,663
358,1958,2316
975,1443,2418
188,835,1023
87,1783,1870
231,723,954
634,1506,2140
28,1462,1490
623,1714,2337
1584,728,2312
440,672,1112
550,1836,2386
682,579,1261
355,777,1132
131,1586,1717
655,557,1212
20,1852,1872
899,1116,2015
205,1461,1666
550,759,1309
1390,758,2148
427,1706,2133
781,1493,2274
716,550,1266
283,1440,1723
1316,621,1937
1385,692,2077
1067,1546,2613
320,1633,1953
1271,726,1997
1302,1130,2432
1008,1286,2294
748,501,1249
1437,765,2202
1034,932,1966
601,1561,2162
705,1163,1868
368,1415,1783
419,1480,1899
581,1825,2406
600,810,1410
206,567,773
399,1878,2277
1779,879,2658
413,633,1046
800,975,1775
234,911,1145
455,597,1052
533,1247,1780
245,906,1151
1475,624,2099
474,814,1288
1191,1251,2442
686,548,1234
916,1161,2077
720,595,1315
1624,1174,2798
472,310,782
1260,574,1834
1417,884,2301
786,1018,1804
1503,559,2062
29,601,630
1098,271,1369
67,1418,1485
1589,1568,3157
581,353,934
475,317,792
1082,1137,2219
1395,865,2260
1528,1718,3246
1553,619,2172
355,552,907
301,1251,1552
984,895,1879
378,902,1280
391,729,1120
1196,2092,3288
448,943,1391
218,1082,1300
1335,2334,3669
891,1053,1944
1271,1173,2444
783,255,1038
592,1021,1613
954,1460,2414
600,587,1187
999,2504,3503
1276,1268,2544
289,511,800
1491,1826,3317
954,2835,3789
48,601,649
313,534,847
691,1127,1818
913,895,1808
350,553,903
266,1702,1968
733,942,1675
279,389,668
1559,2077,3636
52,836,888
551,663,1214
815,208,1023
690,1351,2041
943,1184,2127
1730,928,2658
796,1438,2234
1025,888,1913
347,367,714
1284,1200,2484
91,1036,1127
279,1012,1291
25,1303,1328
1339,754,2093
187,1325,1512
733,1062,1795
2110,1047,3157
2005,929,2934
983,845,1828
1555,808,2363
515,652,1167
20,1602,1622
1078,884,1962
902,326,1228
301,1275,1576
1712,1236,2948
2420,1092,3512
664,322,986
763,937,1700
667,1269,1936
64,1871,1935
994,623,1617
1998,1375,3373
1182,691,1873
404,642,1046
853,862,1715
1001,1013,2014
277,1438,1715
1080,708,1788
693,791,1484
547,1017,1564
330,1420,1750
1118,473,1591
611,2030,2641
510,1006,1516
690,512,1202
1120,1067,2187
661,1669,2330
731,1905,2636
677,1997,2674
942,1404,2346
1235,704,1939
980,1695,2675
502,295,797
794,798,1592
1511,1209,2720
481,1176,1657
533,829,1362
499,742,1241
976,1933,2909
1871,343,2214
1041,709,1750
654,751,1405
1331,495,1826
852,1445,2297
505,368,873
1304,502,1806
1646,623,2269
719,1255,1974
199,553,752
1431,622,2053
1746,1150,2896
433,380,813
1333,605,1938
576,328,904
917,1325,2242
261,376,637
1216,589,1805
617,562,1179
600,323,923
523,1133,1656
884,1901,2785
305,390,695
706,1554,2260
1059,893,1952
230,1122,1352
432,483,915
352,389,741
1087,901,1988
194,1968,2162
107,564,671
128,1244,1372
1107,525,1632
704,1340,2044
464,492,956
631,501,1132
1144,1000,2144
1018,1681,2699
1164,1023,2187
1356,549,1905
182,557,739
194,1486,1680
674,1176,1850
1207,498,1705
277,1636,1913
274,1190,1464
1782,1342,3124
805,345,1150
1057,776,1833
660,846,1506
1809,1677,3486
257,618,875
550,362,912
1656,1452,3108
278,721,999
426,754,1180
421,322,743
1435,449,1884
935,294,1229
1088,2253,3341
468,503,971
982,539,1521
247,550,797
184,527,711
654,529,1183
1238,1002,2240
283,1701,1984
1400,532,1932
254,510,764
250,1529,1779
882,2688,3570
237,767,1004
353,424,777
1571,1843,3414
375,829,1204
251,1115,1366
183,2010,2193
419,1407,1826
458,763,1221
304,1541,1845
307,1317,1624
214,491,705
724,1069,1793
1851,1073,2924
456,852,1308
253,317,570
995,2464,3459
1560,584,2144
541,778,1319
1585,669,2254
578,725,1303
1007,621,1628
383,1253,1636
561,616,1177
171,1154,1325
1978,2046,4024
2444,964,3408
1119,384,1503
195,1919,2114
370,1047,1417
229,784,1013
269,1070,1339
1264,981,2245
1088,445,1533
277,1299,1576
1255,1593,2848
1335,1166,2501
1033,445,1478
1656,2214,3870
636,689,1325
277,964,1241
300,1315,1615
495,1849,2344
2317,1092,3409
551,665,1216
773,524,1297
867,1735,2602
873,400,1273
1588,801,2389
221,1411,1632
1744,961,2705
1064,309,1373
544,1790,2334
1158,822,1980
1985,434,2419
992,666,1658
1002,1377,2379
400,1133,1533
682,1220,1902
984,300,1284
474,1564,2038
327,1106,1433
456,684,1140
718,959,1677
292,411,703
539,1230,1769
717,1104,1821
1399,370,1769
1495,817,2312
1097,456,1553
1581,1067,2648
1100,592,1692
850,492,1342
913,548,1461
579,913,1492
1538,935,2473
76,714,790
1070,1132,2202
1517,1494,3011
1605,694,2299
1670,682,2352
1746,1246,2992
42,651,693
1024,665,1689
61,338,399
60,904,964
912,1076,1988
37,767,804
65,820,885
840,993,1833
34,679,713
65,768,833
872,1984,2856
404,520,924
1096,738,1834
160,901,1061
1249,1548,2797
29,894,923
185,674,859
387,733,1120
947,1414,2361
1039,1437,2476
24,1286,1310
1082,1581,2663
416,719,1135
1195,352,1547
377,971,1348
259,824,1083
756,572,1328
688,506,1194
176,766,942
83,1245,1328
790,378,1168
545,1098,1643
642,482,1124
1088,348,1436
592,754,1346
739,891,1630
277,583,860
410,1012,1422
665,906,1571
151,1397,1548
705,978,1683
243,910,1153
480,476,956
1039,467,1506
1622,310,1932
469,950,1419
676,765,1441
661,1013,1674
424,1447,1871
686,1135,1821
462,584,1046
740,319,1059
80,340,420
540,1345,1885
392,930,1322
967,465,1432
492,1560,2052
545,1224,1769
825,1118,1943
621,1493,2114
1313,634,1947
988,655,1643
1025,1125,2150
594,861,1455
100,727,827
52,543,595
1616,214,1830
857,1041,1898
821,1207,2028
138,865,1003
747,1150,1897
1415,821,2236
1270,1256,2526
61,1105,1166
155,645,800
1221,1182,2403
994,1279,2273
1217,491,1708
384,917,1301
181,925,1106
891,1567,2458
233,809,1042
621,732,1353
265,1378,1643
271,1091,1362
270,1203,1473
592,919,1511
1098,844,1942
651,906,1557
897,666,1563
110,464,574
834,539,1373
362,937,1299
480,641,1121
643,880,1523
377,943,1320
406,1083,1489
682,941,1623
864,467,1331
738,747,1485
1063,636,1699
847,1362,2209
81,1334,1415
835,984,1819
589,987,1576
888,732,1620
415,972,1387
101,1061,1162
1059,910,1969
1265,1118,2383
692,1174,1866
310,1772,2082
867,959,1826
739,971,1710
492,626,1118
750,577,1327
151,1685,1836
731,431,1162
838,501,1339
261,1368,1629
416,1677,2093
618,1171,1789
988,1316,2304
826,1169,1995
473,1104,1577
712,859,1571
1250,1098,2348
690,962,1652
93,1020,1113
820,1105,1925
881,1582,2463
846,370,1216
1020,755,1775
1458,724,2182
1158,717,1875
966,1021,1987
1359,602,1961
439,1005,1444
1271,1355,2626
830,504,1334
847,591,1438
1554,1144,2698
897,370,1267
631,1509,2140
936,1037,1973
714,1017,1731
788,602,1390
616,1156,1772
939,1202,2141
1087,1039,2126
303,1464,1767
1001,1202,2203
1216,989,2205
771,837,1608
515,1100,1615
541,956,1497
298,578,876
1130,947,2077
729,2048,2777
452,405,857
853,880,1733
1134,1117,2251
457,1024,1481
685,2310,2995
561,1196,1757
1000,668,1668
1204,1477,2681
831,835,1666
532,694,1226
852,701,1553
1096,779,1875
355,1386,1741
254,744,998
742,974,1716
888,831,1719
485,920,1405
741,616,1357
1796,1039,2835
439,985,1424
1010,532,1542
2136,547,2683
791,1149,1940
1441,530,1971
1443,617,2060
926,637,1563
531,846,1377
806,963,1769
921,630,1551
816,805,1621
325,979,1304
946,823,1769
988,361,1349
572,618,1190
787,1041,1828
333,1086,1419
435,390,825
891,806,1697
442,1616,2058
523,369,892
1001,1010,2011
1014,363,1377
801,704,1505
748,1788,2536
872,1116,1988
332,361,693
615,1271,1886
37,1170,1207
336,800,1136
1329,1278,2607
694,1115,1809
491,711,1202
1037,967,2004
1626,978,2604
898,1283,2181
774,1097,1871
483,778,1261
577,567,1144
218,367,585
287,866,1153
207,722,929
283,844,1127
1612,483,2095
247,1368,1615
657,531,1188
573,908,1481
984,462,1446
518,537,1055
240,1130,1370
121,827,948
716,406,1122
675,920,1595
535,890,1425
56,1378,1434
414,299,713
758,552,1310
550,1454,2004
1027,737,1764
472,331,803
751,1298,2049
692,952,1644
1188,630,1818
1000,371,1371
302,811,1113
845,1017,1862
288,905,1193
580,576,1156
391,1024,1415
767,876,1643
1370,786,2156
211,1341,1552
781,983,1764
695,881,1576
661,512,1173
984,1130,2114
1257,983,2240
856,343,1199
1249,545,1794
721,698,1419
641,503,1144
1163,687,1850
772,408,1180
269,383,652
486,518,1004
806,427,1233
414,616,1030
231,543,774
683,1825,2508
613,677,1290
891,1816,2707
791,984,1775
280,611,891
144,997,1141
526,797,1323
574,454,1028
935,969,1904
982,1891,2873
1183,1813,2996
814,1155,1969
478,474,952
939,977,1916
234,947,1181
533,617,1150
337,559,896
1223,1863,3086
331,482,813
230,1153,1383
338,410,748
1690,1063,2753
952,840,1792
430,864,1294
1754,642,2396
102,727,829
174,839,1013
1735,421,2156
236,1463,1699
145,888,1033
263,843,1106
899,1025,1924
392,470,862
630,1035,1665
934,1968,2902
996,783,1779
885,1049,1934
914,252,1166
1378,455,1833
418,1181,1599
482,621,1103
865,829,1694
878,325,1203
1693,1428,3121
387,731,1118
711,348,1059
587,447,1034
437,680,1117
376,1607,1983
684,333,1017
926,5142,6068
267,801,1068
913,973,1886
322,767,1089
765,877,1642
89,825,914
848,981,1829
1736,1210,2946
1022,4866,5888
548,1037,1585
755,970,1725
332,695,1027
746,1102,1848
566,589,1155
597,1101,1698
556,383,939
312,985,1297
865,664,1529
54,999,1053
934,353,1287
562,1816,2378
110,986,1096
983,344,1327
813,1609,2422
443,702,1145
490,282,772
774,5392,6166
783,1304,2087
928,4476,5404
1132,822,1954
730,2091,2821
4565,885,5450
159,929,1088
1066,2146,3212
5214,268,5482
557,1270,1827
470,1274,1744
927,1911,2838
4458,245,4703
178,262,440
1514,1441,2955
939,278,1217
723,1787,2510
874,992,1866
1802,2209,4011
1472,327,1799
1282,2111,3393
1168,866,2034
850,631,1481
909,368,1277
720,1143,1863
646,1069,1715
105,405,510
674,1521,2195
779,537,1316
898,1662,2560
639,904,1543
1214,797,2011
1559,1254,2813
979,1957,2936
1119,367,1486
73,443,516
689,2219,2908
1858,1199,3057
1950,1250,3200
125,610,735
586,2098,2684
167,637,804
78,760,838
1378,1175,2553
287,593,880
1619,1084,2703
43,955,998
2079,547,2626
1961,759,2720
115,1088,1203
903,973,1876
1809,1032,2841
590,1307,1897
2063,1102,3165
800,644,1444
520,946,1466
1296,1672,2968
664,1116,1780
1175,1591,2766
606,379,985
1461,1244,2705
324,592,916
160,899,1059
740,862,1602
372,2636,3008
1933,433,2366
340,603,943
810,1188,1998
232,2640,2872
538,981,1519
956,831,1787
601,884,1485
687,1175,1862
1278,318,1596
718,783,1501
387,1004,1391
585,615,1200
286,2641,2927
360,1157,1517
739,982,1721
155,733,888
964,1012,1976
1036,604,1640
441,997,1438
605,649,1254
1003,733,1736
1110,780,1890
133,1194,1327
853,425,1278
815,843,1658
904,471,1375
171,1033,1204
862,852,1714
662,470,1132
864,1002,1866
1304,575,1879
869,487,1356
467,1116,1583
501,1073,1574
662,777,1439
863,321,1184
199,1113,1312
362,1208,1570
2643,502,3145
697,1337,2034
893,627,1520
489,1470,1959
562,828,1390
711,306,1017
567,979,1546
1249,555,1804
573,1938,2511
973,587,1560
335,570,905
402,1385,1787
1663,1178,2841
1036,588,1624
699,1172,1871
416,903,1319
584,1479,2063
1119,788,1907
657,1274,1931
911,850,1761
423,554,977
1673,1381,3054
696,969,1665
280,541,821
477,626,1103
490,592,1082
323,1448,1771
1281,568,1849
681,1480,2161
159,707,866
944,560,1504
979,784,1763
1019,1281,2300
346,524,870
1828,851,2679
401,719,1120
122,1315,1437
1081,839,1920
1165,1289,2454
228,1330,1558
596,532,1128
339,1385,1724
1274,890,2164
343,566,909
461,545,1006
158,1567,1725
1001,774,1775
1161,836,1997
386,1044,1430
1204,784,1988
479,690,1169
389,1061,1450
504,825,1329
348,713,1061
343,641,984
1122,598,1720
786,1388,2174
974,1115,2089
577,664,1241
739,1141,1880
574,1384,1958
1137,1133,2270
399,722,1121
448,1095,1543
849,1153,2002
409,685,1094
336,1195,1531
1240,547,1787
698,736,1434
646,487,1133
635,974,1609
1184,859,2043
1232,1367,2599
587,1778,2365
626,798,1424
1019,1363,2382
600,844,1444
842,796,1638
1068,1208,2276
610,609,1219
1098,592,1690
1288,810,2098
670,1764,2434
678,1164,1842
947,1694,2641
333,865,1198
1238,1144,2382
909,426,1335
639,669,1308
323,716,1039
907,1156,2063
871,714,1585
534,776,1310
585,1569,2154
1325,505,1830
397,1188,1585
432,1427,1859
1297,513,1810
885,461,1346
815,522,1337
959,1584,2543
677,738,1415
630,2191,2821
1003,1367,2370
961,1164,2125
477,2035,2512
500,1435,1935
615,1414,2029
341,2038,2379
1638,1111,2749
1404,575,1979
463,772,1235
2120,349,2469
801,1056,1857
715,697,1412
1947,385,2332
1010,1072,2082
1383,529,1912
942,804,1746
1234,748,1982
1718,1332,3050
1085,382,1467
1304,729,2033
912,703,1615
1600,1243,2843
1170,606,1776
529,524,1053
970,1264,2234
356,605,961
297,1328,1625
1854,344,2198
308,529,837
232,614,846
990,975,1965
605,494,1099
941,686,1627
573,698,1271
661,501,1162
1061,608,1669
343,1122,1465
537,1132,1669
964,626,1590
526,354,880
703,1923,2626
470,937,1407
407,1741,2148
452,499,951
741,2292,3033
538,955,1493
386,1751,2137
446,1259,1705
1087,568,1655
1031,363,1394
451,1547,1998
167,726,893
249,468,717
1534,535,2069
484,568,1052
1015,1143,2158
1223,766,1989
516,716,1232
467,914,1381
860,1221,2081
846,345,1191
237,1265,1502
490,678,1168
222,1441,1663
1107,2079,3186
758,957,1715
717,2062,2779
133,895,1028
872,576,1448
299,676,975
955,1540,2495
416,902,1318
430,747,1177
650,1096,1746
889,1768,2657
1015,954,1969
1750,1582,3332
904,1363,2267
350,1102,1452
653,956,1609
2087,1138,3225
363,1101,1464
977,623,1600
637,829,1466
263,719,982
753,550,1303
1682,405,2087
1420,578,1998
767,328,1095
1313,1310,2623
1161,758,1919
452,328,780
600,752,1352
351,1065,1416
1364,970,2334
841,551,1392
1872,1172,3044
1460,583,2043
473,1222,1695
543,996,1539
1226,770,1996
491,302,793
644,936,1580
955,963,1918
424,705,1129
775,1190,1965
600,964,1564
789,779,1568
40,1382,1422
514,1947,2461
839,791,1630
1026,2727,3753
1376,939,2315
369,535,904
565,706,1271
775,1139,1914
845,679,1524
988,991,1979
973,722,1695
823,1146,1969
923,412,1335
527,1373,1900
628,554,1182
452,1177,1629
229,1078,1307
581,706,1287
1903,1724,3627
511,1691,2202
840,747,1587
397,715,1112
712,405,1117
1770,1921,3691
901,1346,2247
279,531,810
441,488,929
2499,687,3186
623,419,1042
599,374,973
1621,752,2373
708,743,1451
838,1138,1976
238,1298,1536
1782,398,2180
763,1006,1769
146,1509,1655
456,1617,2073
441,674,1115
586,355,941
1035,949,1984
1474,507,1981
795,937,1732
529,420,949
1266,1561,2827
617,538,1155
424,1276,1700
857,1531,2388
211,919,1130
351,623,974
1208,755,1963
1354,585,1939
264,1128,1392
298,1014,1312
208,813,1021
120,478,598
1086,1529,2615
850,1694,2544
1080,446,1526
1460,639,2099
509,1369,1878
1028,882,1910
1221,1548,2769
1180,793,1973
575,1080,1655
848,1546,2394
627,1025,1652
461,554,1015
710,845,1555
821,1056,1877
394,492,886
1007,567,1574
1497,806,2303
891,1033,1924
716,212,928
1431,1470,2901
287,894,1181
681,534,1215
1350,372,1722
545,193,738
688,572,1260
429,1219,1648
439,1158,1597
1090,381,1471
1333,1228,2561
874,330,1204
555,200,755
1013,395,1408
88,304,392
666,1045,1711
778,995,1773
1428,532,1960
436,434,870
1063,517,1580
1318,1126,2444
377,1206,1583
592,829,1421
438,639,1077
852,190,1042
567,1414,1981
1425,946,2371
438,708,1146
140,647,787
835,339,1174
1046,803,1849
296,537,833
891,438,1329
502,362,864
515,323,838
1008,860,1868
1081,612,1693
509,275,784
1054,837,1891
659,447,1106
324,470,794
426,295,721
1209,487,1696
627,324,951
244,343,587
223,580,803
533,519,1052
539,363,902
198,357,555
293,504,797
348,365,713
214,338,552
348,479,827
223,407,630
182,413,595
502,446,948
894,3521,4415
290,366,656
383,352,735
287,389,676
127,1518,1645
268,399,667
191,917,1108
609,3524,4133
927,3557,4484
464,3347,3811
408,2843,3251
140,1580,1720
1414,2931,4345
436,375,811
1262,348,1610
1127,619,1746
1366,2364,3730
219,780,999
87,423,510
752,906,1658
334,640,974
3363,660,4023
121,432,553
3104,560,3664
340,673,1013
388,2840,3228
193,435,628
1249,2892,4141
388,1277,1665
2431,426,2857
391,1416,1807
461,250,711
115,440,555
492,1198,1690
585,2983,3568
214,398,612
181,407,588
1219,483,1702
1320,2892,4212
358,1160,1518
1266,363,1629
290,363,653
2622,985,3607
279,1225,1504
522,334,856
421,676,1097
2726,1105,3831
788,929,1717
223,1640,1863
144,695,839
19,1031,1050
242,2711,2953
307,1409,1716
272,651,923
557,395,952
2879,672,3551
419,434,853
175,1169,1344
487,548,1035
2756,1093,3849
603,1271,1874
220,448,668
705,615,1320
635,690,1325
2817,1578,4395
534,366,900
312,1035,1347
824,657,1481
1360,1435,2795
691,791,1482
878,498,1376
2493,1136,3629
1513,1762,3275
876,753,1629
599,499,1098
732,975,1707
1012,634,1646
232,949,1181
187,1180,1367
2625,733,3358
682,363,1045
361,1662,2023
142,414,556
1292,476,1768
1672,750,2422
664,571,1235
254,1327,1581
547,668,1215
1103,1021,2124
134,886,1020
923,932,1855
279,695,974
920,752,1672
510,660,1170
549,653,1202
595,748,1343
684,665,1349
832,932,1764
605,652,1257
785,912,1697
69,1174,1243
1553,813,2366
79,913,992
40,667,707
79,762,841
30,640,670
205,740,945
530,1103,1633
1166,855,2021
93,1564,1657
559,1171,1730
207,761,968
850,1406,2256
303,777,1080
223,725,948
405,574,979
352,1544,1896
536,688,1224
435,708,1143
505,662,1167
433,715,1148
224,480,704
402,786,1188
572,1303,1875
284,550,834
568,1504,2072
559,696,1255
497,712,1209
1513,1124,2637
296,703,999
314,1503,1817
443,564,1007
1027,1290,2317
596,288,884
562,1256,1818
597,501,1098
870,1041,1911
24,496,520
458,1117,1575
983,890,1873
45,502,547
992,415,1407
675,1093,1768
88,567,655
1064,904,1968
360,431,791
238,310,548
553,313,866
979,1255,2234
250,754,1004
333,709,1042
397,369,766
739,1227,1966
1241,1116,2357
432,754,1186
197,360,557
439,241,680
992,880,1872
927,1031,1958
364,510,874
297,811,1108
496,2500,2996
377,1646,2023
210,964,1174
337,642,979
843,2154,2997
962,1074,2036
409,811,1220
416,1095,1511
720,1086,1806
653,555,1208
804,1485,2289
654,728,1382
240,487,727
779,984,1763
488,1431,1919
840,904,1744
525,547,1072
572,640,1212
669,1171,1840
952,1994,2946
195,2406,2601
667,938,1605
605,2078,2683
881,787,1668
542,467,1009
691,973,1664
1167,900,2067
2138,735,2873
370,2452,2822
972,822,1794
1427,808,2235
1644,809,2453
452,608,1060
570,2468,3038
525,588,1113
696,816,1512
848,579,1427
37,1193,1230
646,717,1363
701,970,1671
1625,817,2442
225,2021,2246
1877,753,2630
626,738,1364
1125,1712,2837
152,643,795
1020,653,1673
247,1400,1647
668,1002,1670
27,822,849
803,866,1669
419,826,1245
556,1133,1689
712,1026,1738
1897,995,2892
325,1608,1933
592,835,1427
2094,755,2849
233,4008,4241
157,708,865
2454,849,3303
538,754,1292
241,883,1124
671,756,1427
1782,1120,2902
609,646,1255
291,1151,1442
455,573,1028
447,598,1045
724,1422,2146
527,1314,1841
783,1185,1968
25,864,889
242,886,1128
756,1028,1784
232,1045,1277
267,1194,1461
712,388,1100
516,498,1014
294,1081,1375
1563,835,2398
728,1627,2355
542,1060,1602
307,1306,1613
619,789,1408
1265,1126,2391
1078,582,1660
759,702,1461
266,5954,6220
398,1275,1673
1521,1317,2838
783,1563,2346
690,727,1417
741,1203,1944
639,1075,1714
611,1329,1940
696,721,1417
794,810,1604
605,1034,1639
1211,769,1980
906,711,1617
432,612,1044
388,769,1157
144,6860,7004
661,1170,1831
558,1075,1633
1230,373,1603
869,548,1417
602,1193,1795
371,1368,1739
765,1102,1867
518,1081,1599
1165,696,1861
975,1014,1989
1192,518,1710
887,435,1322
844,646,1490
700,493,1193
469,1070,1539
926,628,1554
3892,3451,7343
244,1211,1455
1121,761,1882
456,707,1163
686,586,1272
1116,360,1476
432,1039,1471
578,895,1473
280,658,938
498,960,1458
5524,1859,7383
384,1195,1579
948,588,1536
918,671,1589
976,811,1787
656,652,1308
1027,763,1790
826,637,1463
870,362,1232
554,490,1044
893,618,1511
6499,1109,7608
1008,1320,2328
563,815,1378
3353,998,4351
1118,678,1796
1653,672,2325
838,359,1197
1004,722,1726
959,475,1434
565,864,1429
569,464,1033
454,588,1042
711,309,1020
519,735,1254
405,1311,1716
607,466,1073
446,286,732
722,593,1315
604,601,1205
580,1132,1712
398,1529,1927
139,998,1137
506,1040,1546
559,248,807
544,1252,1796
181,518,699
290,617,907
175,1224,1399
219,767,986
755,1067,1822
1158,273,1431
417,331,748
561,831,1392
350,411,761
1174,273,1447
179,632,811
382,569,951
265,1042,1307
507,568,1075
220,799,1019
565,1313,1878
1063,490,1553
536,762,1298
1128,967,2095
504,1429,1933
204,920,1124
712,1177,1889
598,1232,1830
975,366,1341
401,1032,1433
729,1087,1816
202,899,1101
716,2197,2913
616,931,1547
415,738,1153
241,823,1064
282,1452,1734
840,1025,1865
296,1895,2191
228,792,1020
381,917,1298
344,2107,2451
361,884,1245
752,1751,2503
785,1188,1973
463,928,1391
1025,1155,2180
688,736,1424
885,1377,2262
67,998,1065
684,780,1464
588,1232,1820
778,487,1265
1085,1213,2298
132,1116,1248
1314,759,2073
702,766,1468
507,730,1237
681,1304,1985
555,346,901
1219,1854,3073
669,1008,1677
373,1550,1923
1051,673,1724
1518,736,2254
751,2434,3185
711,616,1327
1251,806,2057
2010,1212,3222
1382,1214,2596
1101,472,1573
493,691,1184
765,1215,1980
923,1086,2009
1984,818,2802
573,453,1026
933,517,1450
1615,1102,2717
630,909,1539
1007,952,1959
956,678,1634
1168,959,2127
531,1360,1891
743,803,1546
1022,1101,2123
842,796,1638
38,815,853
2488,440,2928
711,985,1696
35,882,917
105,944,1049
1441,702,2143
791,1362,2153
30,1004,1034
882,1341,2223
727,1184,1911
1266,607,1873
195,1041,1236
382,936,1318
953,875,1828
325,749,1074
464,803,1267
28,1365,1393
659,776,1435
1063,907,1970
389,675,1064
604,759,1363
50,1042,1092
258,704,962
770,759,1529
820,523,1343
600,704,1304
28,1415,1443
724,967,1691
1079,426,1505
865,724,1589
623,1037,1660
357,1132,1489
634,935,1569
685,778,1463
446,675,1121
1201,502,1703
425,614,1039
695,582,1277
975,491,1466
595,730,1325
706,998,1704
579,739,1318
455,870,1325
442,1413,1855
883,1066,1949
692,646,1338
434,757,1191
656,649,1305
572,743,1315
596,697,1293
394,693,1087
459,978,1437
829,748,1577
733,1377,2110
577,817,1394
1002,660,1662
545,630,1175
1269,495,1764
519,555,1074
549,741,1290
744,594,1338
816,635,1451
970,797,1767
518,1368,1886
633,825,1458
458,960,1418
575,561,1136
509,560,1069
642,1706,2348
407,588,995
649,747,1396
487,693,1180
620,376,996
1279,737,2016
757,727,1484
579,341,920
596,447,1043
870,1691,2561
703,542,1245
368,350,718
342,795,1137
298,385,683
965,566,1531
1275,536,1811
472,1205,1677
762,294,1056
930,1130,2060
729,1535,2264
828,392,1220
670,218,888
525,701,1226
1222,853,2075
452,645,1097
61,524,585
144,308,452
548,1064,1612
1554,1004,2558
668,1103,1771
582,455,1037
626,1280,1906
732,754,1486
508,1023,1531
806,740,1546
758,484,1242
188,494,682
475,1097,1572
124,742,866
243,542,785
774,587,1361
129,753,882
461,1454,1915
132,913,1045
111,774,885
589,1242,1831
75,565,640
1029,602,1631
147,950,1097
305,551,856
115,985,1100
641,314,955
1655,910,2565
404,815,1219
410,586,996
328,1113,1441
614,909,1523
394,735,1129
367,729,1096
410,754,1164
638,451,1089
1669,1111,2780
428,914,1342
425,867,1292
1202,628,1830
278,482,760
605,807,1412
925,418,1343
861,420,1281
632,442,1074
1033,1036,2069
312,1040,1352
417,1316,1733
834,579,1413
675,524,1199
308,665,973
366,799,1165
493,1102,1595
865,746,1611
773,795,1568
641,1143,1784
487,759,1246
960,964,1924
722,886,1608
1027,663,1690
561,783,1344
543,581,1124
669,588,1257
706,295,1001
371,1017,1388
240,1385,1625
773,662,1435
341,932,1273
564,898,1462
874,784,1658
745,1310,2055
473,972,1445
195,928,1123
1089,713,1802
521,979,1500
801,715,1516
716,714,1430
520,629,1149
605,1235,1840
530,694,1224
877,482,1359
719,530,1249
732,1143,1875
590,631,1221
1052,1025,2077
412,963,1375
889,975,1864
820,489,1309
1239,1032,2271
1112,766,1878
411,480,891
566,672,1238
287,1226,1513
253,913,1166
824,1063,1887
805,1245,2050
390,615,1005
721,834,1555
780,459,1239
1076,1186,2262
478,413,891
975,491,1466
334,822,1156
991,1046,2037
155,486,641
383,621,1004
906,730,1636
764,1182,1946
1149,795,1944
449,1731,2180
816,493,1309
877,853,1730
365,714,1079
319,1567,1886
226,475,701
543,632,1175
695,960,1655
830,533,1363
1121,778,1899
804,589,1393
1293,1223,2516
714,451,1165
344,820,1164
847,609,1456
986,457,1443
1036,1415,2451
591,598,1189
597,631,1228
392,640,1032
498,625,1123
923,1080,2003
468,816,1284
583,1174,1757
646,1113,1759
609,600,1209
1472,832,2304
627,625,1252
736,478,1214
287,667,954
1062,757,1819
484,532,1016
416,480,896
621,1990,2611
369,1190,1559
673,623,1296
738,694,1432
395,978,1373
1348,568,1916
520,527,1047
504,715,1219
525,2505,3030
899,774,1673
401,1146,1547
317,963,1280
382,618,1000
1026,646,1672
524,738,1262
475,498,973
182,858,1040
1346,1866,3212
456,1164,1620
362,537,899
587,846,1433
1870,1295,3165
1075,736,1811
353,1163,1516
2255,603,2858
788,617,1405
216,1027,1243
762,716,1478
504,362,866
393,990,1383
539,1134,1673
1072,642,1714
569,1397,1966
1827,412,2239
502,679,1181
995,466,1461
619,776,1395
643,863,1506
345,1424,1769
820,774,1594
870,757,1627
705,1262,1967
635,1177,1812
677,1017,1694
561,1360,1921
481,1091,1572
376,1067,1443
841,1105,1946
1022,855,1877
1290,321,1611
1179,505,1684
1328,678,2006
704,498,1202
893,323,1216
158,510,668
742,512,1254
444,800,1244
947,334,1281
241,1059,1300
997,332,1329
408,730,1138
516,1108,1624
1117,516,1633
846,692,1538
424,830,1254
485,1057,1542
709,778,1487
227,342,569
570,1050,1620
979,1155,2134
132,498,630
570,913,1483
258,1124,1382
623,845,1468
211,506,717
298,1078,1376
1291,778,2069
870,873,1743
677,1067,1744
594,894,1488
526,334,860
264,476,740
971,425,1396
195,652,847
362,1212,1574
761,912,1673
584,1843,2427
1052,875,1927
603,1094,1697
788,546,1334
398,1028,1426
402,1113,1515
350,949,1299
572,1404,1976
404,918,1322
553,2457,3010
401,1500,1901
399,884,1283
719,2027,2746
989,1111,2100
568,1221,1789
1750,860,2610
192,778,970
937,910,1847
2037,637,2674
1043,1152,2195
741,381,1122
1948,327,2275
1038,684,1722
933,1111,2044
805,387,1192
569,295,864
909,360,1269
941,363,1304
557,402,959
366,325,691
622,375,997
997,389,1386
247,348,595
197,324,521
145,359,504
229,2105,2334
877,1436,2313
237,397,634
180,335,515
985,1346,2331
175,2006,2181
238,425,663
248,312,560
975,332,1307
727,1618,2345
680,1250,1930
632,2209,2841
216,645,861
700,2323,3023
767,2240,3007
211,458,669
260,652,912
302,583,885
300,352,652
1984,445,2429
716,2057,2773
584,2406,2990
315,706,1021
124,1528,1652
1047,2070,3117
973,2266,3239
267,540,807
228,1983,2211
851,2043,2894
1004,1785,2789
293,800,1093
1419,867,2286
814,1914,2728
2068,770,2838
950,2388,3338
1885,550,2435
250,716,966
1953,571,2524
2154,939,3093
301,613,914
328,858,1186
1945,667,2612
1215,814,2029
345,642,987
879,1855,2734
1336,583,1919
312,905,1217
1942,424,2366
2322,525,2847
522,786,1308
487,1073,1560
1863,565,2428
1710,761,2471
1415,850,2265
2206,1054,3260
584,581,1165
2210,449,2659
370,571,941
611,968,1579
690,652,1342
500,592,1092
439,976,1415
483,654,1137
282,743,1025
1916,1085,3001
703,636,1339
334,921,1255
622,674,1296
340,1126,1466
1773,1074,2847
380,1008,1388
741,725,1466
241,613,854
401,439,840
281,607,888
589,1003,1592
152,1151,1303
488,891,1379
1026,650,1676
733,792,1525
281,1479,1760
644,542,1186
441,590,1031
387,1469,1856
952,666,1618
531,518,1049
352,815,1167
838,689,1527
478,925,1403
865,781,1646
383,470,853
915,480,1395
719,1219,1938
463,775,1238
769,346,1115
503,1455,1958
533,778,1311
640,571,1211
500,825,1325
400,504,904
548,766,1314
417,465,882
1082,1012,2094
336,988,1324
896,1347,2243
1039,742,1781
152,878,1030
937,790,1727
1372,885,2257
355,614,969
675,704,1379
509,615,1124
829,1105,1934
386,1355,1741
437,530,967
695,967,1662
406,825,1231
1219,734,1953
545,985,1530
486,912,1398
631,589,1220
465,587,1052
1372,711,2083
743,611,1354
49,817,866
1241,649,1890
403,680,1083
831,612,1443
553,1139,1692
693,1212,1905
815,659,1474
759,754,1513
661,868,1529
699,756,1455
1050,1081,2131
232,683,915
354,670,1024
651,1249,1900
707,1180,1887
395,678,1073
915,837,1752
139,941,1080
1140,971,2111
471,615,1086
802,1155,1957
963,857,1820
642,541,1183
135,913,1048
873,800,1673
412,477,889
257,915,1172
1054,408,1462
1048,854,1902
299,1127,1426
441,695,1136
488,441,929
475,963,1438
192,1254,1446
720,777,1497
383,922,1305
402,278,680
683,312,995
992,503,1495
827,688,1515
770,689,1459
728,469,1197
513,1010,1523
532,681,1213
761,814,1575
685,837,1522
522,977,1499
773,351,1124
632,697,1329
1055,604,1659
643,832,1475
850,1017,1867
837,865,1702
1288,545,1833
1181,511,1692
1346,582,1928
819,1109,1928
935,497,1432
549,1008,1557
392,297,689
112,730,842
776,540,1316
668,802,1470
190,987,1177
152,979,1131
1080,299,1379
538,711,1249
1084,673,1757
521,822,1343
414,921,1335
586,572,1158
833,697,1530
1107,565,1672
165,1008,1173
257,591,848
590,782,1372
596,958,1554
869,877,1746
894,617,1511
835,937,1772
765,356,1121
820,1092,1912
334,856,1190
498,972,1470
122,930,1052
871,1292,2163
899,820,1719
448,662,1110
230,642,872
219,532,751
308,883,1191
305,853,1158
448,903,1351
437,768,1205
650,565,1215
821,1500,2321
436,925,1361
427,826,1253
414,864,1278
475,1072,1547
643,853,1496
714,1593,2307
439,830,1269
625,1243,1868
717,669,1386
800,789,1589
532,903,1435
746,704,1450
769,831,1600
458,645,1103
1068,697,1765
659,659,1318
444,845,1289
300,1119,1419
328,1178,1506
817,716,1533
757,1803,2560
737,719,1456
405,823,1228
706,518,1224
847,1377,2224
912,628,1540
558,1160,1718
1164,1072,2236
500,873,1373
728,752,1480
1277,748,2025
996,683,1679
857,1181,2038
603,508,1111
280,1726,2006
794,813,1607
761,1036,1797
763,836,1599
556,512,1068
832,557,1389
721,965,1686
712,849,1561
1116,623,1739
1634,610,2244
403,849,1252
763,1124,1887
1240,595,1835
587,635,1222
146,544,690
1159,969,2128
728,588,1316
367,976,1343
202,658,860
740,693,1433
1614,757,2371
659,865,1524
618,796,1414
806,1262,2068
618,838,1456
1055,576,1631
459,1190,1649
394,701,1095
848,462,1310
432,531,963
413,547,960
911,451,1362
821,455,1276
767,1451,2218
448,602,1050
620,452,1072
1067,2027,3094
447,1165,1612
580,482,1062
312,794,1106
431,891,1322
239,1394,1633
610,889,1499
1003,654,1657
521,599,1120
870,916,1786
1631,1476,3107
1114,596,1710
569,881,1450
629,715,1344
1344,1297,2641
700,461,1161
734,1305,2039
520,451,971
513,1315,1828
567,733,1300
651,1043,1694
757,609,1366
364,1176,1540
269,516,785
1873,458,2331
171,630,801
481,1274,1755
320,666,986
560,1398,1958
408,1008,1416
1028,993,2021
525,468,993
797,1057,1854
669,886,1555
405,583,988
484,748,1232
792,737,1529
530,489,1019
709,1059,1768
1191,618,1809
458,618,1076
819,460,1279
1199,691,1890
138,709,847
1236,720,1956
662,1338,2000
436,618,1054
1241,710,1951
545,608,1153
391,455,846
777,344,1121
1119,609,1728
354,731,1085
181,1267,1448
617,654,1271
987,862,1849
1174,1010,2184
1261,944,2205
234,667,901
957,964,1921
244,765,1009
486,876,1362
297,657,954
687,870,1557
904,891,1795
459,783,1242
480,772,1252
775,1411,2186
158,979,1137
693,1297,1990
1070,1171,2241
436,990,1426
658,1241,1899
299,1691,1990
703,639,1342
294,1822,2116
449,891,1340
941,847,1788
693,598,1291
309,745,1054
500,1144,1644
174,1087,1261
581,1674,2255
382,1268,1650
579,826,1405
509,909,1418
1199,1235,2434
444,1779,2223
543,566,1109
593,461,1054
674,1815,2489
1269,1010,2279
473,949,1422
807,1008,1815
691,538,1229
1736,740,2476
637,1017,1654
416,680,1096
648,994,1642
525,909,1434
1073,440,1513
1516,485,2001
527,1040,1567
983,481,1464
1607,502,2109
1019,687,1706
477,573,1050
353,856,1209
730,605,1335
1505,470,1975
809,444,1253
395,1602,1997
1120,519,1639
1004,994,1998
692,419,1111
421,711,1132
427,532,959
531,434,965
373,935,1308
1043,981,2024
190,520,710
844,672,1516
683,666,1349
755,1159,1914
964,647,1611
471,654,1125
800,1074,1874
190,543,733
771,1046,1817
339,407,746
251,696,947
281,424,705
538,1116,1654
556,1013,1569
421,524,945
950,559,1509
310,789,1099
1109,1072,2181
446,470,916
298,704,1002
368,562,930
809,391,1200
665,1304,1969
553,442,995
1095,430,1525
905,1571,2476
333,608,941
226,743,969
918,1321,2239
928,334,1262
370,756,1126
259,948,1207
836,635,1471
26,433,459
1441,914,2355
566,546,1112
975,974,1949
676,507,1183
146,634,780
1284,495,1779
155,831,986
233,653,886
403,558,961
138,683,821
267,780,1047
939,1143,2082
613,670,1283
90,639,729
1248,1070,2318
459,735,1194
279,782,1061
162,817,979
562,461,1023
287,1623,1910
248,588,836
113,424,537
531,722,1253
497,1570,2067
1061,423,1484
210,691,901
650,596,1246
471,552,1023
566,458,1024
176,834,1010
540,707,1247
525,589,1114
329,1443,1772
414,1509,1923
670,599,1269
827,773,1600
487,1566,2053
373,619,992
751,754,1505
529,753,1282
726,591,1317
418,769,1187
1612,518,2130
303,622,925
863,587,1450
552,980,1532
277,963,1240
373,879,1252
220,949,1169
476,748,1224
224,1149,1373
1344,615,1959
426,1361,1787
410,474,884
1390,742,2132
1303,864,2167
706,547,1253
529,722,1251
272,1086,1358
428,867,1295
1361,635,1996
532,899,1431
687,895,1582
655,862,1517
428,592,1020
511,835,1346
684,756,1440
520,661,1181
1057,658,1715
953,918,1871
588,758,1346
582,945,1527
1040,697,1737
328,887,1215
627,1086,1713
255,996,1251
544,787,1331
590,683,1273
402,625,1027
588,712,1300
583,759,1342
729,555,1284
856,969,1825
720,1388,2108
657,520,1177
788,1019,1807
831,652,1483
789,390,1179
578,908,1486
502,1233,1735
581,659,1240
382,1112,1494
770,1154,1924
513,1436,1949
803,1312,2115
561,903,1464
952,944,1896
809,1128,1937
812,957,1769
445,1127,1572
730,516,1246
975,1208,2183
701,1489,2190
566,1198,1764
577,730,1307
818,1298,2116
534,1112,1646
420,1086,1506
936,517,1453
505,976,1481
864,711,1575
616,1039,1655
748,564,1312
874,690,1564
803,1039,1842
239,1047,1286
1035,718,1753
896,624,1520
1259,626,1885
560,1200,1760
528,1302,1830
934,882,1816
1149,825,1974
321,1170,1491
740,780,1520
395,815,1210
876,695,1571
995,566,1561
1315,977,2292
1094,952,2046
1121,526,1647
242,1200,1442
721,960,1681
675,727,1402
441,1546,1987
901,591,1492
958,803,1761
1430,1020,2450
945,744,1689
1199,424,1623
1016,347,1363
539,805,1344
581,1082,1663
458,1201,1659
959,1018,1977
1019,855,1874
535,1017,1552
514,1162,1676
729,755,1484
852,1420,2272
429,642,1071
722,995,1717
768,957,1725
906,1583,2489
354,980,1334
1095,1304,2399
808,989,1797
902,977,1879
421,789,1210
443,766,1209
683,965,1648
106,1025,1131
429,1401,1830
413,978,1391
1029,977,2006
824,1100,1924
459,743,1202
912,754,1666
763,684,1447
372,695,1067
732,557,1289
973,791,1764
1431,1028,2459
674,1181,1855
654,809,1463
282,966,1248
652,1446,2098
791,627,1418
485,857,1342
424,973,1397
950,332,1282
1200,807,2007
872,1252,2124
1121,1002,2123
892,1258,2150
543,1638,2181
829,1442,2271
911,850,1761
714,1032,1746
934,886,1820
253,865,1118
1446,926,2372
625,1345,1970
887,1098,1985
682,1321,2003
192,905,1097
277,1010,1287
579,1493,2072
64,708,772
22,1151,1173
1129,1275,2404
1113,1032,2145
973,988,1961
362,1039,1401
1328,802,2130
1158,1012,2170
848,1651,2499
152,1163,1315
594,574,1168
629,969,1598
795,1332,2127
570,705,1275
687,781,1468
861,841,1702
1058,616,1674
820,754,1574
671,2024,2695
336,1204,1540
699,1129,1828
692,1123,1815
407,863,1270
523,1480,2003
828,576,1404
874,1057,1931
631,643,1274
709,1290,1999
1587,1267,2854
882,578,1460
1157,509,1666
842,627,1469
957,710,1667
656,1096,1752
721,1176,1897
876,690,1566
442,845,1287
449,640,1089
571,384,955
965,1173,2138
768,124,892
1539,978,2517
978,838,1816
1142,834,1976
751,1042,1793
149,156,305
593,1020,1613
339,718,1057
683,1467,2150
731,851,1582
1026,1092,2118
263,183,446
846,895,1741
776,892,1668
417,1291,1708
787,787,1574
933,797,1730
759,1032,1791
154,243,397
183,814,997
1000,737,1737
930,559,1489
871,734,1605
362,1224,1586
384,577,961
440,189,629
427,1601,2028
506,1525,2031
738,972,1710
103,345,448
416,546,962
689,1152,1841
1389,579,1968
623,1657,2280
557,1696,2253
1148,714,1862
571,708,1279
609,1370,1979
1004,736,1740
90,360,450
477,697,1174
666,1549,2215
695,638,1333
661,355,1016
633,721,1354
546,791,1337
143,472,615
969,1066,2035
298,601,899
1464,569,2033
919,508,1427
439,489,928
615,703,1318
1461,583,2044
818,700,1518
230,570,800
1301,1986,3287
220,609,829
1130,659,1789
566,458,1024
587,601,1188
600,482,1082
225,984,1209
1192,838,2030
438,623,1061
250,956,1206
503,903,1406
415,671,1086
518,926,1444
148,555,703
122,657,779
207,608,815
418,450,868
429,449,878
563,340,903
693,755,1448
354,785,1139
369,357,726
464,1269,1733
295,380,675
446,1071,1517
422,3040,3462
1073,1136,2209
428,416,844
406,818,1224
202,1431,1633
556,546,1102
1195,1509,2704
711,2745,3456
403,1207,1610
255,1754,2009
901,2627,3528
485,1520,2005
49,2785,2834
382,1461,1843
468,1107,1575
1068,2951,4019
656,657,1313
781,1050,1831
355,314,669
831,1061,1892
576,1635,2211
1630,1371,3001
430,716,1146
118,1210,1328
142,596,738
2516,381,2897
236,423,659
1254,314,1568
1861,1188,3049
2604,444,3048
477,1525,2002
1661,288,1949
286,538,824
382,1562,1944
184,595,779
1184,662,1846
471,749,1220
1378,609,1987
2790,437,3227
660,609,1269
972,552,1524
301,674,975
947,1035,1982
793,433,1226
1028,1030,2058
1110,693,1803
3064,266,3330
1267,361,1628
1338,621,1959
50,527,577
715,1041,1756
1164,726,1890
811,659,1470
1440,609,2049
1203,238,1441
58,749,807
22,637,659
268,1036,1304
329,464,793
1164,466,1630
751,955,1706
1453,618,2071
40,462,502
69,293,362
30,946,976
318,704,1022
24,716,740
47,533,580
36,959,995
21,1129,1150
332,473,805
42,899,941
123,1057,1180
467,706,1173
371,805,1176
1926,185,2111
75,1039,1114
111,465,576
107,1055,1162
371,943,1314
194,1051,1245
432,836,1268
232,1088,1320
230,762,992
235,776,1011
67,342,409
725,763,1488
408,949,1357
724,687,1411
127,622,749
503,1030,1533
704,341,1045
441,371,812
216,1434,1650
67,980,1047
368,812,1180
969,545,1514
1108,514,1622
799,707,1506
207,619,826
1147,554,1701
716,1042,1758
522,1314,1836
451,1293,1744
229,1016,1245
688,760,1448
1045,551,1596
303,1454,1757
677,716,1393
430,565,995
1000,895,1895
714,753,1467
673,1282,1955
651,785,1436
366,436,802
825,670,1495
154,1422,1576
938,581,1519
124,611,735
396,450,846
724,747,1471
659,887,1546
932,725,1657
1340,784,2124
279,672,951
686,1074,1760
1161,613,1774
667,700,1367
154,767,921
169,785,954
117,876,993
956,677,1633
594,382,976
1079,748,1827
568,611,1179
254,1545,1799
1426,539,1965
800,1198,1998
933,1110,2043
460,611,1071
1007,950,1957
564,858,1422
632,725,1357
332,553,885
612,616,1228
539,721,1260
1365,720,2085
214,1247,1461
506,609,1115
342,893,1235
369,725,1094
527,788,1315
716,260,976
724,660,1384
574,775,1349
577,852,1429
1194,743,1937
402,1269,1671
358,789,1147
794,878,1672
1026,852,1878
994,504,1498
687,1050,1737
406,701,1107
307,799,1106
1024,742,1766
645,1169,1814
396,1107,1503
462,668,1130
953,650,1603
645,1152,1797
754,845,1599
527,778,1305
168,1068,1236
516,569,1085
1149,651,1800
405,728,1133
686,675,1361
375,662,1037
377,306,683
1161,746,1907
632,623,1255
625,409,1034
409,838,1247
752,399,1151
595,590,1185
551,922,1473
459,1097,1556
711,523,1234
689,517,1206
550,648,1198
212,806,1018
421,1016,1437
726,581,1307
582,433,1015
725,837,1562
578,854,1432
1076,710,1786
383,697,1080
601,1276,1877
515,394,909
989,594,1583
962,815,1777
601,1825,2426
400,536,936
554,577,1131
912,1331,2243
537,569,1106
548,773,1321
811,442,1253
831,830,1661
989,1011,2000
462,431,893
1723,382,2105
520,692,1212
459,728,1187
458,637,1095
1135,378,1513
552,957,1509
46,911,957
705,721,1426
423,839,1262
298,1040,1338
482,1546,2028
685,569,1254
407,756,1163
863,347,1210
652,1076,1728
563,699,1262
694,1772,2466
284,586,870
435,1139,1574
340,551,891
109,708,817
222,578,800
301,1280,1581
145,783,928
281,864,1145
274,574,848
1000,650,1650
719,1701,2420
208,1427,1635
571,617,1188
369,802,1171
707,1291,1998
664,414,1078
501,857,1358
662,711,1373
699,822,1521
817,473,1290
1416,955,2371
619,618,1237
753,1297,2050
406,706,1112
1748,632,2380
329,573,902
235,1296,1531
503,1220,1723
1550,638,2188
871,1518,2389
715,688,1403
816,526,1342
494,1336,1830
778,546,1324
323,793,1116
409,1298,1707
544,801,1345
1011,529,1540
499,907,1406
763,1170,1933
563,692,1255
449,1099,1548
206,1763,1969
640,788,1428
421,477,898
1146,730,1876
266,388,654
572,963,1535
464,850,1314
952,1158,2110
397,1190,1587
224,1144,1368
891,1078,1969
640,349,989
1035,1230,2265
1212,664,1876
294,719,1013
1211,1482,2693
338,837,1175
1364,1083,2447
297,966,1263
571,1137,1708
978,1137,2115
631,546,1177
703,486,1189
983,1175,2158
403,1089,1492
1590,977,2567
638,909,1547
866,762,1628
1179,1090,2269
475,1085,1560
933,857,1790
288,960,1248
1235,1555,2790
596,1692,2288
1073,743,1816
238,1303,1541
708,1122,1830
1066,779,1845
719,1003,1722
891,949,1840
909,988,1897
207,1064,1271
892,1156,2048
130,1879,2009
896,484,1380
658,1002,1660
704,986,1690
1016,830,1846
834,909,1743
1121,877,1998
1346,779,2125
522,924,1446
1085,934,2019
214,1968,2182
652,582,1234
1379,550,1929
845,725,1570
604,694,1298
943,737,1680
925,743,1668
904,810,1714
881,691,1572
714,849,1563
885,745,1630
494,583,1077
865,725,1590
591,580,1171
1550,709,2259
648,635,1283
332,741,1073
928,583,1511
1060,730,1790
735,863,1598
686,757,1443
727,608,1335
519,486,1005
1800,798,2598
511,521,1032
664,824,1488
669,501,1170
638,382,1020
590,743,1333
1026,798,1824
458,605,1063
755,673,1428
1107,1418,2525
1748,757,2505
499,716,1215
896,809,1705
912,1240,2152
487,839,1326
660,748,1408
637,859,1496
434,692,1126
544,854,1398
261,453,714
569,1085,1654
693,1112,1805
769,369,1138
397,887,1284
234,745,979
142,449,591
280,882,1162
687,622,1309
331,1113,1444
764,1254,2018
615,1403,2018
503,649,1152
404,1169,1573
1287,814,2101
444,1080,1524
647,970,1617
328,756,1084
463,938,1401
832,842,1674
780,928,1708
343,824,1167
37,1196,1233
593,677,1270
187,1508,1695
809,995,1804
948,341,1289
550,657,1207
489,1867,2356
54,1216,1270
842,397,1239
644,263,907
492,731,1223
143,1274,1417
516,625,1141
424,1369,1793
942,438,1380
353,1626,1979
377,1236,1613
811,561,1372
748,423,1171
936,762,1698
102,1752,1854
1011,500,1511
860,393,1253
633,1371,2004
38,525,563
1112,691,1803
1237,811,2048
56,535,591
920,526,1446
846,1511,2357
833,1585,2418
18,710,728
1786,994,2780
430,1790,2220
1320,735,2055
1655,436,2091
316,329,645
25,546,571
1315,1449,2764
1291,477,1768
355,466,821
1443,1014,2457
19,2377,2396
94,781,875
388,619,1007
1378,725,2103
1115,1448,2563
813,1751,2564
391,458,849
644,1220,1864
222,766,988
1349,839,2188
1574,1045,2619
70,569,639
538,554,1092
699,477,1176
656,580,1236
74,998,1072
450,460,910
136,1092,1228
170,1060,1230
164,1333,1497
2248,463,2711
733,634,1367
438,399,837
719,510,1229
85,1086,1171
286,464,750
294,448,742
867,796,1663
1027,659,1686
414,730,1144
60,350,410
401,853,1254
1000,658,1658
336,3068,3404
980,586,1566
630,435,1065
521,2950,3471
292,1354,1646
464,641,1105
470,2970,3440
106,462,568
499,1477,1976
40,624,664
118,799,917
475,2812,3287
43,1473,1516
1055,350,1405
346,823,1169
531,721,1252
161,701,862
201,1479,1680
443,1177,1620
427,517,944
2867,303,3170
307,1398,1705
478,782,1260
812,731,1543
561,1125,1686
401,489,890
478,779,1257
1144,736,1880
503,665,1168
2857,437,3294
342,1558,1900
710,583,1293
655,687,1342
36,1290,1326
467,797,1264
924,898,1822
1006,311,1317
1325,564,1889
2027,539,2566
1288,1337,2625
1338,743,2081
188,687,875
67,836,903
459,1069,1528
556,928,1484
323,713,1036
331,760,1091
992,737,1729
295,850,1145
399,1351,1750
997,739,1736
1200,594,1794
589,602,1191
296,579,875
1175,720,1895
781,442,1223
362,559,921
513,839,1352
1372,741,2113
703,1187,1890
462,1206,1668
885,434,1319
543,593,1136
937,615,1552
651,604,1255
657,516,1173
974,620,1594
484,752,1236
499,1004,1503
517,424,941
1044,509,1553
264,710,974
487,1074,1561
738,785,1523
510,290,800
583,660,1243
421,530,951
555,1156,1711
347,941,1288
443,648,1091
245,1232,1477
490,735,1225
604,753,1357
565,336,901
276,477,753
154,1156,1310
601,688,1289
466,900,1366
500,688,1188
330,475,805
950,415,1365
864,485,1349
559,302,861
367,476,843
407,939,1346
915,755,1670
496,853,1349
725,820,1545
1170,256,1426
556,848,1404
559,300,859
133,295,428
291,523,814
483,857,1340
594,488,1082
656,319,975
58,665,723
486,687,1173
279,513,792
1000,681,1681
175,471,646
291,1554,1845
873,521,1394
588,645,1233
377,1489,1866
346,493,839
486,455,941
372,1566,1938
256,470,726
44,522,566
318,472,790
59,1565,1624
158,459,617
831,935,1766
620,1388,2008
527,473,1000
438,262,700
747,639,1386
1060,434,1494
348,523,871
1272,423,1695
747,885,1632
210,443,653
371,447,818
568,833,1401
494,285,779
300,1082,1382
1458,441,1899
361,728,1089
489,904,1393
709,1331,2040
247,712,959
1508,644,2152
313,3009,3322
805,833,1638
521,902,1423
321,878,1199
257,1171,1428
695,606,1301
445,864,1309
274,626,900
801,496,1297
1479,1008,2487
677,603,1280
248,771,1019
316,435,751
406,3159,3565
148,1239,1387
747,424,1171
559,600,1159
302,567,869
880,151,1031
1342,1024,2366
846,722,1568
88,797,885
902,287,1189
1035,2754,3789
428,462,890
660,241,901
1041,564,1605
505,465,970
664,307,971
1235,894,2129
569,1025,1594
137,853,990
1232,344,1576
624,293,917
546,362,908
456,508,964
1007,433,1440
1070,2486,3556
335,1470,1805
669,269,938
390,696,1086
361,952,1313
829,378,1207
670,626,1296
508,1320,1828
647,239,886
1005,382,1387
77,369,446
3126,557,3683
816,538,1354
880,419,1299
266,1254,1520
791,708,1499
661,538,1199
30,465,495
1034,300,1334
17,431,448
2513,909,3422
53,445,498
851,1039,1890
311,1475,1786
2570,830,3400
30,473,503
40,490,530
55,860,915
25,531,556
37,617,654
410,594,1004
1350,965,2315
855,1068,1923
26,808,834
90,301,391
620,363,983
188,630,818
1663,183,1846
637,398,1035
162,778,940
1128,1162,2290
1091,972,2063
91,951,1042
19,604,623
1435,861,2296
329,707,1036
128,786,914
105,488,593
341,327,668
401,902,1303
373,1068,1441
330,818,1148
205,1039,1244
221,509,730
21,1401,1422
502,922,1424
311,481,792
216,1134,1350
204,1399,1603
660,909,1569
800,767,1567
126,767,893
135,710,845
373,505,878
134,1451,1585
602,857,1459
414,1147,1561
163,1510,1673
1021,676,1697
843,712,1555
190,755,945
536,584,1120
181,1042,1223
321,314,635
377,1280,1657
860,1046,1906
360,1142,1502
796,962,1758
655,904,1559
721,1081,1802
684,919,1603
816,976,1792
396,1069,1465
479,410,889
1052,828,1880
538,1031,1569
1190,662,1852
609,986,1595
562,614,1176
822,823,1645
591,1108,1699
1183,956,2139
870,978,1848
488,879,1367
1083,1052,2135
658,770,1428
735,703,1438
42,404,446
617,1065,1682
457,919,1376
825,778,1603
1084,539,1623
779,1201,1980
1521,510,2031
699,1017,1716
891,700,1591
621,493,1114
930,804,1734
1334,855,2189
810,721,1531
634,1724,2358
49,599,648
791,1025,1816
882,615,1497
813,515,1328
753,849,1602
658,814,1472
896,828,1724
908,1082,1990
487,790,1277
828,1166,1994
209,845,1054
723,666,1389
521,791,1312
465,421,886
918,1096,2014
264,1195,1459
825,1671,2496
495,1106,1601
986,1437,2423
547,1001,1548
1017,1448,2465
892,777,1669
628,1095,1723
441,829,1270
506,555,1061
726,752,1478
1486,280,1766
312,1521,1833
514,771,1285
1127,1507,2634
1016,381,1397
703,990,1693
390,1359,1749
1311,291,1602
627,1185,1812
875,172,1047
725,530,1255
600,1423,2023
1009,408,1417
543,1288,1831
798,529,1327
1561,1202,2763
746,1238,1984
809,167,976
1026,934,1960
181,757,938
994,1244,2238
798,845,1643
1333,525,1858
983,544,1527
1144,576,1720
1303,389,1692
653,1356,2009
248,873,1121
350,1239,1589
231,410,641
588,1275,1863
587,812,1399
324,1796,2120
1044,680,1724
1346,564,1910
421,799,1220
1017,542,1559
647,1518,2165
1212,575,1787
517,756,1273
669,698,1367
1102,577,1679
623,397,1020
1258,970,2228
88,1463,1551
598,580,1178
740,617,1357
1107,404,1511
88,550,638
1679,304,1983
343,2510,2853
142,419,561
284,372,656
1145,305,1450
106,556,662
53,568,621
704,2204,2908
222,363,585
406,273,679
580,901,1481
1125,506,1631
1433,310,1743
398,404,802
266,410,676
852,339,1191
1157,1745,2902
50,525,575
149,304,453
704,457,1161
2313,710,3023
785,433,1218
438,667,1105
747,343,1090
92,539,631
132,599,731
134,330,464
98,480,578
1991,719,2710
710,1281,1991
94,489,583
66,1041,1107
1698,815,2513
207,385,592
97,538,635
96,1182,1278
466,834,1300
230,750,980
455,1504,1959
186,987,1173
166,498,664
73,1605,1678
373,1108,1481
47,639,686
652,634,1286
255,1717,1972
264,1075,1339
111,1480,1591
244,2006,2250
318,890,1208
146,1202,1348
93,1293,1386
337,1062,1399
479,853,1332
377,670,1047
270,1169,1439
677,983,1660
978,1451,2429
1151,353,1504
788,1414,2202
205,1002,1207
561,1111,1672
1257,282,1539
265,1097,1362
493,857,1350
786,1419,2205
243,1259,1502
612,1617,2229
728,665,1393
596,666,1262
348,1490,1838
1117,592,1709
1053,305,1358
445,1297,1742
855,1779,2634
24,1822,1846
112,1034,1146
390,1645,2035
968,480,1448
851,420,1271
1064,810,1874
1321,598,1919
192,476,668
796,794,1590
1485,1472,2957
948,699,1647
161,1489,1650
196,694,890
872,999,1871
557,601,1158
984,785,1769
384,1641,2025
220,680,900
1210,662,1872
599,728,1327
1335,650,1985
386,681,1067
619,623,1242
1002,1178,2180
1132,1075,2207
489,664,1153
283,649,932
585,1323,1908
385,680,1065
637,468,1105
382,510,892
1148,1225,2373
1462,1013,2475
1325,1384,2709
643,460,1103
701,767,1468
860,1289,2149
521,704,1225
460,1096,1556
1143,489,1632
620,637,1257
1665,1151,2816
1402,891,2293
689,531,1220
431,803,1234
566,426,992
1020,977,1997
736,578,1314
626,700,1326
1330,850,2180
597,646,1243
1524,1141,2665
1185,710,1895
696,487,1183
399,796,1195
322,1246,1568
1400,1141,2541
1115,955,2070
587,781,1368
1174,633,1807
585,863,1448
977,612,1589
906,837,1743
243,482,725
521,690,1211
587,567,1154
973,1408,2381
297,615,912
902,544,1446
579,977,1556
414,898,1312
1244,1154,2398
365,588,953
576,1349,1925
366,633,999
229,798,1027
196,868,1064
997,907,1904
149,859,1008
808,757,1565
1020,468,1488
411,361,772
459,940,1399
778,659,1437
439,1024,1463
554,539,1093
576,528,1104
543,553,1096
685,409,1094
490,938,1428
496,649,1145
503,994,1497
1358,423,1781
733,777,1510
76,417,493
889,1048,1937
528,867,1395
751,757,1508
777,759,1536
239,280,519
485,868,1353
1091,1490,2581
885,594,1479
439,648,1087
459,607,1066
711,546,1257
624,581,1205
847,433,1280
286,274,560
993,749,1742
1336,1114,2450
745,1074,1819
84,600,684
268,377,645
214,531,745
406,1140,1546
941,929,1870
981,428,1409
889,762,1651
676,983,1659
283,471,754
331,373,704
822,516,1338
1315,351,1666
351,573,924
549,1112,1661
229,569,798
100,803,903
577,967,1544
712,479,1191
629,326,955
654,989,1643
741,589,1330
462,363,825
877,454,1331
439,476,915
612,784,1396
867,493,1360
882,471,1353
1019,479,1498
966,493,1459
972,373,1345
1184,237,1421
155,440,595
92,669,761
70,408,478
169,596,765
131,603,734
113,645,758
176,656,832
897,631,1528
752,802,1554
74,680,754
139,409,548
317,443,760
264,639,903
23,199,222
450,487,937
132,774,906
221,770,991
118,985,1103
79,437,516
634,880,1514
242,517,759
139,960,1099
909,1350,2259
299,799,1098
494,475,969
298,610,908
329,920,1249
420,499,919
832,1231,2063
121,643,764
489,653,1142
113,813,926
396,492,888
95,1144,1239
123,445,568
484,795,1279
577,714,1291
441,1130,1571
160,811,971
677,529,1206
663,697,1360
248,1234,1482
257,525,782
170,794,964
867,664,1531
242,937,1179
403,1297,1700
349,493,842
300,808,1108
781,473,1254
536,1494,2030
411,501,912
555,563,1118
767,843,1610
227,1299,1526
498,467,965
359,841,1200
517,1745,2262
483,649,1132
502,918,1420
463,922,1385
376,1312,1688
334,442,776
695,748,1443
610,1478,2088
394,372,766
988,944,1932
1268,956,2224
619,767,1386
237,557,794
365,583,948
1279,1171,2450
445,768,1213
555,565,1120
1005,916,1921
599,673,1272
314,587,901
706,674,1380
350,504,854
900,1091,1991
1568,475,2043
46,722,768
975,930,1905
1220,904,2124
641,421,1062
556,419,975
767,679,1446
828,433,1261
635,863,1498
360,793,1153
684,425,1109
991,543,1534
442,341,783
1491,716,2207
1181,1362,2543
451,631,1082
719,760,1479
713,1640,2353
953,725,1678
680,524,1204
745,1556,2301
760,1338,2098
116,308,424
475,562,1037
1401,1467,2868
845,804,1649
482,344,826
821,1618,2439
960,1602,2562
657,1550,2207
722,1468,2190
557,945,1502
905,1702,2607
126,491,617
1314,606,1920
955,1096,2051
137,424,561
1118,822,1940
912,708,1620
1474,512,1986
657,960,1617
765,793,1558
877,1425,2302
371,378,749
613,782,1395
158,719,877
532,967,1499
516,1038,1554
1350,609,1959
66,1511,1577
1301,1066,2367
412,791,1203
611,1098,1709
1429,1174,2603
1173,1354,2527
403,1304,1707
1408,1351,2759
1398,1182,2580
414,1107,1521
661,1489,2150
216,1320,1536
265,1373,1638
905,966,1871
1114,790,1904
423,1485,1908
1296,1360,2656
403,1762,2165
804,1101,1905
739,1508,2247
665,1350,2015
536,1671,2207
369,762,1131
846,929,1775
928,1325,2253
445,813,1258
387,980,1367
1521,1311,2832
760,902,1662
654,1122,1776
1483,686,2169
710,1508,2218
546,1015,1561
826,576,1402
990,633,1623
217,880,1097
147,998,1145
1202,1840,3042
674,522,1196
527,813,1340
336,511,847
1276,1055,2331
384,725,1109
685,555,1240
600,677,1277
203,872,1075
1121,865,1986
846,1712,2558
800,530,1330
648,818,1466
1112,754,1866
975,1537,2512
863,524,1387
635,845,1480
287,693,980
722,456,1178
574,339,913
413,1131,1544
333,1548,1881
239,687,926
849,1093,1942
647,1297,1944
262,642,904
443,1073,1516
630,1011,1641
851,1233,2084
968,607,1575
742,784,1526
639,576,1215
444,1240,1684
205,1048,1253
663,548,1211
714,1465,2179
774,849,1623
898,1136,2034
749,1478,2227
231,1609,1840
505,2067,2572
450,355,805
671,995,1666
870,301,1171
1248,1387,2635
644,890,1534
927,580,1507
426,1136,1562
461,826,1287
257,574,831
1098,574,1672
1104,1107,2211
595,794,1389
53,660,713
1204,898,2102
403,874,1277
1132,1233,2365
456,1024,1480
912,922,1834
266,903,1169
899,586,1485
321,1163,1484
1064,948,2012
990,523,1513
1251,875,2126
1346,762,2108
1010,858,1868
496,1064,1560
372,1270,1642
498,752,1250
1891,490,2381
559,1240,1799
38,1452,1490
199,630,829
729,628,1357
666,774,1440
631,926,1557
451,901,1352
481,654,1135
1359,845,2204
904,1289,2193
909,504,1413
918,870,1788
946,1628,2574
800,865,1665
866,483,1349
1165,431,1596
501,921,1422
720,1036,1756
456,668,1124
776,805,1581
968,686,1654
1009,897,1906
528,1419,1947
87,798,885
1161,687,1848
1151,685,1836
503,663,1166
264,981,1245
527,1209,1736
1353,520,1873
271,617,888
410,927,1337
280,942,1222
743,728,1471
1561,452,2013
733,1045,1778
792,886,1678
893,679,1572
535,1178,1713
1035,1089,2124
570,376,946
809,818,1627
399,1419,1818
500,879,1379
280,634,914
902,919,1821
733,1057,1790
316,675,991
342,645,987
1017,790,1807
232,1800,2032
814,736,1550
628,405,1033
617,757,1374
628,688,1316
204,443,647
859,650,1509
633,1462,2095
1003,610,1613
817,1011,1828
835,1398,2233
614,568,1182
837,406,1243
1543,459,2002
65,886,951
893,568,1461
857,826,1683
273,717,990
333,390,723
498,496,994
1200,407,1607
495,585,1080
642,498,1140
493,1041,1534
1318,409,1727
1329,819,2148
585,1317,1902
557,978,1535
221,442,663
48,505,553
118,592,710
260,446,706
815,338,1153
319,999,1318
153,865,1018
254,693,947
598,537,1135
489,1003,1492
646,740,1386
509,2154,2663
417,537,954
812,1209,2021
227,851,1078
216,493,709
791,734,1525
656,587,1243
816,822,1638
383,1968,2351
312,452,764
270,331,601
242,1476,1718
463,588,1051
386,620,1006
400,1382,1782
843,512,1355
1187,578,1765
413,2048,2461
794,546,1340
406,384,790
777,1081,1858
419,531,950
745,728,1473
440,790,1230
919,834,1753
456,543,999
2052,603,2655
408,865,1273
332,1260,1592
228,626,854
336,457,793
343,618,961
465,637,1102
537,1356,1893
701,526,1227
454,412,866
485,851,1336
1215,616,1831
1253,695,1948
798,907,1705
1613,684,2297
656,492,1148
367,2875,3242
939,650,1589
1142,537,1679
175,413,588
742,864,1606
381,1016,1397
360,507,867
460,834,1294
1725,772,2497
233,439,672
249,2975,3224
340,852,1192
255,1165,1420
722,370,1092
699,458,1157
432,759,1191
512,584,1096
216,550,766
1230,280,1510
555,2746,3301
633,605,1238
400,889,1289
422,394,816
375,472,847
811,336,1147
719,409,1128
456,632,1088
346,538,884
326,805,1131
716,543,1259
1143,202,1345
792,596,1388
61,354,415
75,229,304
1210,284,1494
801,523,1324
63,528,591
118,244,362
81,308,389
43,523,566
113,595,708
513,657,1170
909,745,1654
125,310,435
88,684,772
2760,891,3651
158,478,636
172,243,415
67,644,711
67,697,764
885,794,1679
344,639,983
103,989,1092
574,714,1288
1068,1078,2146
171,343,514
190,646,836
762,1270,2032
125,435,560
47,804,851
168,645,813
296,945,1241
156,939,1095
879,1236,2115
275,638,913
105,570,675
674,606,1280
656,658,1314
75,1259,1334
426,585,1011
53,685,738
417,616,1033
328,1221,1549
608,807,1415
149,782,931
2481,1241,3722
705,628,1333
936,463,1399
309,833,1142
296,1267,1563
2709,1791,4500
725,499,1224
837,827,1664
1143,577,1720
397,491,888
1144,668,1812
1178,607,1785
270,592,862
446,553,999
534,643,1177
1086,492,1578
311,977,1288
269,660,929
406,343,749
470,304,774
279,1644,1923
389,950,1339
472,623,1095
926,621,1547
846,1360,2206
670,604,1274
483,910,1393
1138,558,1696
557,873,1430
446,361,807
485,1343,1828
447,997,1444
317,935,1252
395,649,1044
484,556,1040
542,308,850
699,842,1541
415,1115,1530
545,1522,2067
1579,649,2228
593,1321,1914
81,795,876
486,1045,1531
456,2095,2551
633,788,1421
514,1265,1779
411,1105,1516
674,1657,2331
155,1162,1317
648,1365,2013
1511,1575,3086
185,1245,1430
409,1307,1716
862,1755,2617
683,590,1273
577,1654,2231
1167,1260,2427
778,1014,1792
1181,1361,2542
517,896,1413
1155,486,1641
384,1090,1474
767,1401,2168
1200,407,1607
730,1057,1787
2047,547,2594
577,856,1433
771,836,1607
1361,1061,2422
520,1050,1570
541,1771,2312
1076,614,1690
1425,1133,2558
906,1903,2809
1078,699,1777
1618,701,2319
842,1522,2364
732,793,1525
1148,1193,2341
804,1593,2397
732,257,989
1337,533,1870
1568,797,2365
956,687,1643
269,726,995
1258,838,2096
922,1033,1955
386,991,1377
1284,620,1904
1031,1602,2633
1113,606,1719
1671,740,2411
280,950,1230
696,1864,2560
382,912,1294
1043,689,1732
1088,531,1619
446,983,1429
640,673,1313
623,824,1447
462,794,1256
390,662,1052
785,670,1455
27,886,913
615,983,1598
1748,609,2357
738,408,1146
475,604,1079
1487,1007,2494
309,756,1065
87,1009,1096
340,712,1052
587,1274,1861
771,657,1428
264,793,1057
580,1323,1903
1591,633,2224
454,275,729
594,1025,1619
451,806,1257
757,380,1137
392,652,1044
554,568,1122
550,964,1514
54,387,441
747,470,1217
791,871,1662
170,1125,1295
68,407,475
1367,1183,2550
538,1152,1690
1348,1419,2767
685,558,1243
1453,1150,2603
552,736,1288
362,977,1339
905,2024,2929
1079,599,1678
373,1160,1533
1281,872,2153
760,531,1291
860,1642,2502
445,1053,1498
1059,504,1563
571,721,1292
1223,932,2155
611,310,921
211,370,581
1895,364,2259
563,872,1435
991,347,1338
753,860,1613
961,607,1568
688,1163,1851
505,496,1001
95,1081,1176
626,366,992
945,808,1753
1497,390,1887
523,673,1196
232,293,525
444,1624,2068
833,887,1720
819,428,1247
517,584,1101
615,670,1285
593,640,1233
473,413,886
824,471,1295
283,947,1230
338,1837,2175
405,1019,1424
37,429,466
243,1094,1337
199,811,1010
494,876,1370
741,646,1387
65,601,666
360,1236,1596
1012,385,1397
65,764,829
547,571,1118
208,1089,1297
257,629,886
885,578,1463
613,1750,2363
266,393,659
639,433,1072
720,664,1384
783,582,1365
708,393,1101
51,970,1021
1022,615,1637
288,1272,1560
348,276,624
1485,1214,2699
718,1195,1913
25,941,966
953,719,1672
1163,660,1823
417,674,1091
311,653,964
66,1081,1147
294,973,1267
367,804,1171
689,661,1350
132,1214,1346
483,1009,1492
291,1070,1361
818,658,1476
394,1112,1506
1333,924,2257
227,1186,1413
710,742,1452
283,693,976
389,974,1363
577,787,1364
575,786,1361
1043,399,1442
787,760,1547
1524,1020,2544
591,606,1197
466,969,1435
367,745,1112
106,1087,1193
356,296,652
441,1138,1579
500,722,1222
479,969,1448
1139,487,1626
1078,839,1917
864,381,1245
804,701,1505
536,583,1119
502,933,1435
708,924,1632
971,513,1484
493,497,990
1013,919,1932
1022,602,1624
787,326,1113
259,985,1244
884,617,1501
600,908,1508
880,677,1557
314,1205,1519
617,724,1341
518,940,1458
887,876,1763
714,760,1474
236,346,582
295,993,1288
1043,939,1982
487,764,1251
249,488,737
114,1216,1330
755,673,1428
903,827,1730
276,612,888
259,478,737
252,573,825
496,839,1335
658,888,1546
688,649,1337
430,907,1337
231,400,631
417,489,906
589,1182,1771
655,969,1624
584,724,1308
74,1210,1284
463,1125,1588
303,501,804
861,802,1663
366,1061,1427
435,543,978
796,733,1529
827,1095,1922
733,789,1522
278,1043,1321
616,872,1488
543,342,885
816,975,1791
1016,503,1519
279,441,720
619,836,1455
312,1203,1515
315,438,753
1088,390,1478
1099,1009,2108
567,1097,1664
658,1159,1817
621,564,1185
756,800,1556
1133,1268,2401
826,1023,1849
573,1186,1759
280,418,698
1154,570,1724
850,366,1216
515,971,1486
209,470,679
876,727,1603
647,1152,1799
317,1266,1583
201,1847,2048
390,1160,1550
678,797,1475
637,677,1314
773,658,1431
769,765,1534
282,1101,1383
196,590,786
981,677,1658
428,839,1267
1030,770,1800
345,649,994
1168,636,1804
741,642,1383
494,1707,2201
601,455,1056
524,1164,1688
266,485,751
488,877,1365
1098,1363,2461
876,629,1505
1019,614,1633
324,865,1189
920,524,1444
210,828,1038
1002,1308,2310
1111,461,1572
372,727,1099
646,1031,1677
586,726,1312
470,462,932
591,642,1233
367,446,813
997,748,1745
538,651,1189
1033,1240,2273
607,665,1272
822,857,1679
449,690,1139
240,694,934
563,625,1188
388,726,1114
482,654,1136
1058,1424,2482
593,676,1269
729,412,1141
469,580,1049
1180,832,2012
542,1078,1620
695,535,1230
226,413,639
933,735,1668
611,1063,1674
143,552,695
665,409,1074
573,872,1445
500,1085,1585
197,582,779
346,831,1177
338,1093,1431
810,1426,2236
273,445,718
631,1043,1674
390,470,860
1006,305,1311
401,450,851
864,710,1574
338,572,910
658,433,1091
481,433,914
761,1191,1952
397,742,1139
1268,449,1717
340,705,1045
1681,760,2441
737,1143,1880
153,527,680
593,1330,1923
1634,1862,3496
312,422,734
935,1066,2001
350,1080,1430
561,729,1290
469,487,956
587,1482,2069
384,1096,1480
655,851,1506
149,966,1115
1199,342,1541
857,351,1208
1323,674,1997
709,425,1134
924,330,1254
496,717,1213
1118,1697,2815
979,1161,2140
366,593,959
560,722,1282
334,559,893
962,791,1753
223,931,1154
978,316,1294
314,868,1182
602,1974,2576
895,930,1825
206,993,1199
294,803,1097
267,659,926
486,881,1367
296,1069,1365
601,1043,1644
347,1233,1580
1246,1103,2349
710,956,1666
435,1221,1656
249,674,923
346,1316,1662
770,1055,1825
604,852,1456
430,1464,1894
926,553,1479
842,1121,1963
724,960,1684
548,1027,1575
969,1186,2155
410,1282,1692
857,807,1664
824,1105,1929
855,1205,2060
1754,1259,3013
778,435,1213
773,908,1681
188,1432,1620
1045,734,1779
352,1472,1824
1405,1697,3102
910,606,1516
812,1306,2118
600,1131,1731
913,541,1454
564,1060,1624
1766,1394,3160
1285,803,2088
952,1137,2089
1103,885,1988
953,949,1902
704,1015,1719
1070,637,1707
448,702,1150
462,2218,2680
1309,735,2044
1139,846,1985
337,956,1293
521,997,1518
1083,815,1898
113,1902,2015
493,698,1191
846,917,1763
1150,977,2127
983,969,1952
814,966,1780
609,600,1209
585,810,1395
802,1108,1910
520,1746,2266
867,305,1172
1704,816,2520
659,821,1480
1052,592,1644
1308,549,1857
763,343,1106
1233,1095,2328
683,728,1411
996,1423,2419
318,392,710
1076,975,2051
1336,891,2227
714,738,1452
707,2019,2726
809,938,1747
681,897,1578
267,319,586
754,691,1445
1307,1129,2436
279,664,943
1081,480,1561
1044,595,1639
1721,639,2360
646,1334,1980
705,713,1418
628,1037,1665
386,364,750
466,1220,1686
780,884,1664
878,543,1421
146,1061,1207
68,1153,1221
719,595,1314
340,906,1246
186,635,821
738,597,1335
311,632,943
537,854,1391
561,605,1166
257,592,849
552,712,1264
603,668,1271
718,2467,3185
836,648,1484
310,836,1146
1321,640,1961
912,531,1443
67,814,881
615,755,1370
740,990,1730
102,1008,1110
818,476,1294
500,315,815
2080,1600,3680
315,759,1074
545,670,1215
379,817,1196
357,861,1218
1804,1788,3592
409,852,1261
405,938,1343
394,623,1017
520,508,1028
333,941,1274
595,573,1168
452,718,1170
2397,1169,3566
722,556,1278
418,1000,1418
1001,275,1276
571,603,1174
474,1475,1949
1059,1155,2214
756,604,1360
557,726,1283
143,721,864
1381,658,2039
865,444,1309
779,528,1307
554,614,1168
513,687,1200
713,1601,2314
748,809,1557
867,497,1364
838,350,1188
501,642,1143
888,695,1583
505,672,1177
142,369,511
655,671,1326
507,950,1457
589,1476,2065
673,640,1313
1760,569,2329
1116,1197,2313
233,482,715
378,957,1335
358,587,945
229,351,580
449,315,764
429,1186,1615
1322,937,2259
1061,917,1978
464,539,1003
184,1707,1891
436,1133,1569
684,792,1476
157,827,984
164,505,669
467,313,780
698,1625,2323
1417,831,2248
210,677,887
661,552,1213
1101,946,2047
497,1193,1690
223,673,896
445,610,1055
699,890,1589
319,478,797
922,1433,2355
1272,797,2069
484,859,1343
145,697,842
1022,1107,2129
645,839,1484
447,513,960
402,815,1217
598,676,1274
573,594,1167
194,696,890
1573,851,2424
197,1189,1386
696,1584,2280
421,650,1071
769,840,1609
873,949,1822
317,1210,1527
1557,841,2398
480,702,1182
493,505,998
1094,830,1924
386,681,1067
699,751,1450
959,711,1670
1456,523,1979
713,547,1260
415,1122,1537
575,1463,2038
699,900,1599
565,1160,1725
753,583,1336
786,746,1532
773,566,1339
682,553,1235
769,1353,2122
455,832,1287
636,1003,1639
774,553,1327
891,1250,2141
529,711,1240
618,741,1359
749,952,1701
461,595,1056
1163,845,2008
771,318,1089
855,2182,3037
340,576,916
493,402,895
858,1215,2073
529,547,1076
439,977,1416
1178,829,2007
1038,922,1960
575,494,1069
627,715,1342
734,1890,2624
379,587,966
624,489,1113
582,561,1143
522,878,1400
1104,634,1738
1002,815,1817
396,938,1334
720,528,1248
1053,932,1985
1269,824,2093
576,715,1291
501,896,1397
236,1013,1249
1128,617,1745
546,969,1515
753,1969,2722
322,477,799
827,1007,1834
209,627,836
526,669,1195
735,908,1643
254,636,890
501,684,1185
269,860,1129
597,538,1135
2002,1000,3002
670,666,1336
616,834,1450
823,506,1329
848,541,1389
739,1063,1802
295,869,1164
717,363,1080
510,550,1060
400,1023,1423
346,616,962
871,595,1466
697,458,1155
479,1174,1653
535,582,1117
592,1127,1719
284,1642,1926
520,358,878
359,1127,1486
274,708,982
763,689,1452
463,462,925
741,623,1364
731,1190,1921
768,1021,1789
246,487,733
418,1440,1858
1766,955,2721
960,518,1478
533,588,1121
1862,1426,3288
534,564,1098
419,626,1045
558,1159,1717
462,1020,1482
820,1057,1877
399,780,1179
642,1416,2058
1067,625,1692
1050,525,1575
586,1017,1603
594,1298,1892
899,635,1534
873,935,1808
494,869,1363
549,1044,1593
1471,840,2311
598,1046,1644
973,669,1642
272,490,762
415,665,1080
1098,544,1642
995,1203,2198
320,785,1105
404,825,1229
1012,721,1733
329,961,1290
1026,385,1411
315,841,1156
430,716,1146
647,1227,1874
1288,414,1702
427,661,1088
384,1005,1389
458,1044,1502
1223,601,1824
933,613,1546
519,600,1119
811,911,1722
829,696,1525
942,1066,2008
461,667,1128
394,1006,1400
702,706,1408
646,635,1281
564,762,1326
836,630,1466
942,556,1498
1001,661,1662
742,610,1352
650,741,1391
902,822,1724
457,657,1114
541,610,1151
718,1246,1964
350,814,1164
876,372,1248
1120,766,1886
268,1161,1429
934,582,1516
638,874,1512
254,603,857
1172,565,1737
488,518,1006
276,820,1096
663,482,1145
563,626,1189
814,696,1510
204,949,1153
557,1181,1738
500,588,1088
504,554,1058
879,594,1473
1264,755,2019
541,702,1243
941,535,1476
553,682,1235
425,899,1324
676,1281,1957
976,545,1521
591,578,1169
498,719,1217
675,669,1344
1306,1991,3297
311,570,881
638,821,1459
661,616,1277
512,566,1078
379,1252,1631
640,955,1595
334,595,929
200,455,655
851,579,1430
708,1965,2673
482,449,931
727,749,1476
609,1977,2586
54,993,1047
408,803,1211
480,1070,1550
1840,612,2452
365,707,1072
639,756,1395
363,672,1035
567,424,991
870,926,1796
407,450,857
393,1064,1457
211,1068,1279
547,566,1113
485,608,1093
816,791,1607
688,575,1263
393,1403,1796
436,1028,1464
401,1033,1434
366,1362,1728
438,1251,1689
489,534,1023
397,1471,1868
963,1019,1982
542,1282,1824
863,1148,2011
453,1226,1679
504,979,1483
362,1345,1707
378,1417,1795
348,572,920
1696,648,2344
909,821,1730
574,1155,1729
378,786,1164
1843,1294,3137
1113,1299,2412
403,854,1257
314,1096,1410
318,1338,1656
491,1273,1764
908,368,1276
473,690,1163
429,818,1247
1000,402,1402
548,612,1160
366,1386,1752
504,1123,1627
288,1185,1473
782,350,1132
805,968,1773
780,733,1513
907,789,1696
1132,683,1815
1183,1698,2881
274,449,723
421,1221,1642
831,2077,2908
1315,1013,2328
1184,463,1647
1351,1122,2473
730,960,1690
1158,773,1931
837,1192,2029
747,1148,1895
1180,652,1832
1198,1302,2500
1211,1319,2530
1344,798,2142
1227,1343,2570
313,710,1023
1291,928,2219
930,1376,2306
955,1081,2036
1042,863,1905
1798,479,2277
746,927,1673
726,609,1335
1126,1271,2397
929,457,1386
487,919,1406
975,718,1693
1212,632,1844
360,1085,1445
887,296,1183
293,606,899
841,1491,2332
937,457,1394
140,422,562
604,719,1323
754,1668,2422
983,645,1628
972,625,1597
773,710,1483
481,721,1202
810,629,1439
1206,574,1780
410,201,611
353,344,697
833,940,1773
693,833,1526
1243,608,1851
102,259,361
763,573,1336
148,310,458
534,484,1018
546,709,1255
509,1313,1822
428,700,1128
623,627,1250
281,638,919
342,1587,1929
1001,493,1494
505,835,1340
745,393,1138
1172,989,2161
182,331,513
544,637,1181
482,393,875
455,744,1199
182,1604,1786
863,949,1812
520,917,1437
393,566,959
394,1019,1413
596,711,1307
277,1752,2029
580,351,931
299,707,1006
1200,585,1785
1897,442,2339
129,423,552
358,1073,1431
1433,579,2012
407,712,1119
158,436,594
639,853,1492
193,597,790
799,808,1607
441,633,1074
284,379,663
767,891,1658
1538,545,2083
522,1766,2288
751,561,1312
248,627,875
533,710,1243
471,954,1425
939,743,1682
670,753,1423
527,790,1317
554,968,1522
282,807,1089
711,690,1401
900,696,1596
456,476,932
118,372,490
560,1095,1655
432,846,1278
281,635,916
721,1870,2591
522,831,1353
339,823,1162
713,748,1461
657,768,1425
966,515,1481
650,461,1111
280,701,981
289,923,1212
438,538,976
1603,1257,2860
674,542,1216
547,653,1200
642,840,1482
542,857,1399
217,1917,2134
317,952,1269
1486,1479,2965
184,716,900
595,997,1592
260,1878,2138
765,922,1687
725,1099,1824
498,2148,2646
533,1204,1737
1531,1591,3122
737,562,1299
257,1459,1716
253,1860,2113
736,1074,1810
592,1474,2066
772,2070,2842
376,1527,1903
962,1537,2499
578,1271,1849
537,1417,1954
576,1803,2379
819,1578,2397
684,1398,2082
1737,1560,3297
975,1422,2397
1343,1528,2871
1944,1413,3357
561,1388,1949
1516,1319,2835
1882,1033,2915
877,1529,2406
1482,1019,2501
1029,736,1765
1812,1086,2898
708,1723,2431
1751,1366,3117
582,1107,1689
550,1389,1939
1271,554,1825
1325,1042,2367
1169,326,1495
835,1447,2282
1751,910,2661
572,395,967
929,851,1780
258,3927,4185
366,647,1013
577,333,910
1001,1100,2101
682,336,1018
29,2042,2071
798,1111,1909
559,3717,4276
1487,864,2351
1134,1570,2704
581,465,1046
1103,770,1873
670,1501,2171
650,3652,4302
1129,1538,2667
1402,1084,2486
967,3780,4747
1435,2079,3514
888,553,1441
3685,1070,4755
1077,538,1615
1196,1921,3117
808,4224,5032
3649,993,4642
1815,915,2730
795,2164,2959
452,1261,1713
1219,899,2118
1252,1864,3116
780,869,1649
1162,937,2099
404,453,857
321,1885,2206
3552,673,4225
20,921,941
1119,600,1719
334,450,784
1426,1361,2787
1741,460,2201
19,754,773
35,638,673
762,319,1081
1136,1045,2181
51,786,837
531,453,984
716,313,1029
317,638,955
115,814,929
602,4197,4799
483,284,767
53,966,1019
78,1122,1200
702,287,989
1653,729,2382
3611,1634,5245
86,1161,1247
556,527,1083
32,679,711
245,542,787
757,401,1158
4150,975,5125
28,1435,1463
780,424,1204
211,1024,1235
477,646,1123
590,645,1235
4105,958,5063
492,985,1477
1624,829,2453
298,716,1014
169,1268,1437
714,1151,1865
322,1095,1417
383,793,1176
366,379,745
630,903,1533
425,692,1117
200,928,1128
849,542,1391
179,907,1086
383,1241,1624
606,463,1069
787,833,1620
1438,382,1820
400,777,1177
1166,770,1936
101,984,1085
257,931,1188
519,1135,1654
540,722,1262
1025,715,1740
811,898,1709
895,766,1661
1086,662,1748
138,980,1118
733,646,1379
310,1137,1447
582,564,1146
832,781,1613
602,950,1552
221,1046,1267
799,1056,1855
628,889,1517
1125,748,1873
572,806,1378
757,701,1458
482,972,1454
1038,880,1918
436,1057,1493
1115,910,2025
393,998,1391
219,1034,1253
518,745,1263
567,620,1187
1056,572,1628
785,912,1697
502,786,1288
592,745,1337
342,1031,1373
693,1114,1807
423,1012,1435
683,712,1395
768,721,1489
679,1073,1752
498,953,1451
1095,800,1895
668,659,1327
779,1043,1822
858,972,1830
803,705,1508
577,664,1241
1060,653,1713
910,629,1539
667,1053,1720
396,1315,1711
658,803,1461
654,1008,1662
739,1326,2065
913,785,1698
866,624,1490
563,510,1073
750,871,1621
1036,1093,2129
285,564,849
794,1034,1828
991,835,1826
948,653,1601
1023,786,1809
821,1083,1904
584,637,1221
643,702,1345
562,800,1362
882,642,1524
844,817,1661
403,886,1289
527,894,1421
1102,350,1452
534,740,1274
681,1216,1897
520,639,1159
859,634,1493
432,761,1193
413,820,1233
953,958,1911
813,808,1621
914,508,1422
519,703,1222
474,1306,1780
621,1156,1777
784,948,1732
416,938,1354
573,612,1185
976,864,1840
609,781,1390
632,937,1569
888,939,1827
605,983,1588
790,715,1505
606,832,1438
1243,1593,2836
614,694,1308
835,411,1246
645,1427,2072
656,712,1368
668,378,1046
714,1171,1885
170,719,889
502,1126,1628
384,1880,2264
372,1139,1511
618,947,1565
1053,1314,2367
673,1421,2094
637,353,990
644,1469,2113
1159,1056,2215
777,1340,2117
811,1018,1829
563,429,992
548,1475,2023
704,1184,1888
752,330,1082
870,1295,2165
764,938,1702
189,1101,1290
532,870,1402
241,591,832
1082,708,1790
721,1148,1869
401,1070,1471
728,1577,2305
1726,394,2120
412,1103,1515
977,1019,1996
1148,354,1502
137,522,659
1074,542,1616
1081,1216,2297
1029,511,1540
764,858,1622
1225,428,1653
1041,586,1627
664,1000,1664
992,385,1377
1285,704,1989
186,569,755
1268,954,2222
1047,725,1772
1569,428,1997
825,906,1731
1085,834,1919
1085,407,1492
1021,646,1667
1032,706,1738
877,847,1724
127,550,677
60,639,699
72,526,598
539,667,1206
991,610,1601
210,438,648
30,629,659
40,558,598
334,355,689
827,771,1598
1365,793,2158
227,541,768
382,370,752
355,490,845
1105,490,1595
402,493,895
1875,321,2196
101,626,727
85,1132,1217
109,597,706
617,840,1457
111,572,683
188,410,598
219,773,992
394,672,1066
161,613,774
423,816,1239
211,1048,1259
1078,1041,2119
520,786,1306
405,650,1055
57,1671,1728
77,1074,1151
741,517,1258
333,637,970
233,782,1015
445,998,1443
650,411,1061
438,657,1095
721,377,1098
287,661,948
491,1023,1514
471,703,1174
41,1295,1336
79,378,457
468,1483,1951
173,1778,1951
285,1398,1683
550,1184,1734
309,1198,1507
524,1523,2047
132,344,476
923,953,1876
229,1420,1649
391,612,1003
817,1239,2056
735,491,1226
628,802,1430
1115,1015,2130
177,482,659
202,691,893
684,879,1563
1629,492,2121
258,599,857
92,1124,1216
984,763,1747
1035,1213,2248
718,859,1577
273,665,938
1392,878,2270
1091,1390,2481
77,1024,1101
145,561,706
274,1543,1817
1249,1036,2285
313,532,845
374,691,1065
1231,448,1679
1258,1024,2282
529,405,934
511,523,1034
1145,816,1961
1158,826,1984
743,534,1277
862,598,1460
671,456,1127
1379,503,1882
119,1025,1144
662,950,1612
505,1459,1964
578,507,1085
713,793,1506
314,757,1071
979,1321,2300
1025,416,1441
207,882,1089
353,761,1114
856,657,1513
678,875,1553
460,652,1112
848,285,1133
446,660,1106
1017,790,1807
199,544,743
609,504,1113
511,656,1167
699,807,1506
958,846,1804
490,310,800
461,614,1075
446,283,729
911,3201,4112
1117,853,1970
753,991,1744
482,493,975
656,708,1364
549,312,861
167,779,946
366,421,787
33,3844,3877
420,431,851
414,711,1125
25,3907,3932
878,560,1438
601,1574,2175
827,978,1805
394,600,994
2916,1129,4045
733,981,1714
113,422,535
3646,442,4088
310,737,1047
371,1568,1939
474,1189,1663
187,480,667
655,436,1091
3779,354,4133
817,1006,1823
1059,620,1679
75,883,958
1017,283,1300
536,1109,1645
677,1287,1964
577,634,1211
180,610,790
70,1495,1565
516,472,988
901,841,1742
373,676,1049
189,302,491
744,946,1690
540,1300,1840
343,706,1049
739,906,1645
1380,407,1787
583,506,1089
106,1641,1747
437,578,1015
927,958,1885
402,831,1233
839,1027,1866
263,414,677
989,610,1599
1078,786,1864
128,593,721
773,860,1633
983,325,1308
392,818,1210
302,742,1044
713,366,1079
842,804,1646
758,389,1147
1292,322,1614
1085,899,1984
920,632,1552
716,397,1113
34,427,461
836,592,1428
1503,604,2107
692,669,1361
113,376,489
743,559,1302
35,396,431
582,735,1317
19,675,694
405,828,1233
32,624,656
36,620,656
59,674,733
129,526,655
181,312,493
62,454,516
1423,922,2345
677,854,1531
174,526,700
95,629,724
667,1041,1708
372,411,783
236,465,701
347,674,1021
280,555,835
308,650,958
450,322,772
650,902,1552
487,608,1095
509,611,1120
195,908,1103
335,413,748
145,633,778
473,609,1082
452,403,855
549,700,1249
621,557,1178
302,922,1224
388,420,808
687,762,1449
383,1894,2277
376,510,886
104,1294,1398
350,1044,1394
297,757,1054
874,275,1149
510,601,1111
248,1990,2238
341,880,1221
817,466,1283
130,1325,1455
128,627,755
662,845,1507
688,927,1615
84,503,587
406,363,769
480,901,1381
1015,514,1529
142,739,881
310,876,1186
456,736,1192
687,413,1100
478,2106,2584
842,448,1290
533,576,1109
203,762,965
399,1321,1720
618,558,1176
658,654,1312
511,785,1296
1245,846,2091
1091,495,1586
620,664,1284
568,608,1176
1316,837,2153
844,563,1407
892,723,1615
756,615,1371
1152,613,1765
802,862,1664
326,646,972
700,654,1354
496,292,788
1769,1166,2935
622,632,1254
302,580,882
160,613,773
677,716,1393
670,854,1524
519,462,981
271,637,908
1454,1221,2675
201,837,1038
520,382,902
1704,1141,2845
129,466,595
515,1152,1667
528,583,1111
471,499,970
556,506,1062
478,1034,1512
742,1601,2343
193,596,789
573,496,1069
292,1695,1987
533,1608,2141
343,581,924
361,542,903
530,601,1131
473,484,957
443,638,1081
214,1180,1394
52,651,703
518,598,1116
696,1194,1890
172,552,724
548,539,1087
344,897,1241
956,1220,2176
345,475,820
1047,875,1922
372,1400,1772
1006,1339,2345
436,432,868
881,1068,1949
232,750,982
1265,738,2003
478,477,955
945,914,1859
335,736,1071
1348,687,2035
608,477,1085
460,610,1070
48,584,632
1671,501,2172
567,326,893
362,1419,1781
634,472,1106
709,920,1629
528,1057,1585
1145,618,1763
675,1398,2073
529,490,1019
681,539,1220
801,712,1513
609,1555,2164
427,795,1222
209,1457,1666
754,669,1423
497,1938,2435
402,1021,1423
394,892,1286
1025,1242,2267
1032,1408,2440
65,1032,1097
227,1589,1816
365,695,1060
647,785,1432
489,1310,1799
1190,828,2018
272,850,1122
778,1301,2079
556,1475,2031
266,921,1187
831,1198,2029
383,688,1071
321,976,1297
735,1335,2070
469,1314,1783
1388,582,1970
354,1080,1434
814,738,1552
1292,1415,2707
417,996,1413
1410,614,2024
502,1051,1553
525,836,1361
944,973,1917
546,533,1079
683,630,1313
1100,494,1594
578,741,1319
1281,1401,2682
758,796,1554
526,421,947
1675,500,2175
416,760,1176
1040,633,1673
557,450,1007
1188,309,1497
1116,867,1983
1007,1221,2228
625,718,1343
880,1080,1960
1162,873,2035
813,232,1045
939,574,1513
485,655,1140
62,237,299
653,562,1215
908,1013,1921
650,672,1322
1096,364,1460
101,314,415
836,272,1108
538,1175,1713
1254,756,2010
1299,653,1952
169,310,479
78,441,519
917,463,1380
47,637,684
696,1097,1793
96,555,651
44,718,762
254,274,528
416,403,819
777,865,1642
87,485,572
612,922,1534
1018,798,1816
858,755,1613
134,497,631
1286,1161,2447
230,690,920
645,353,998
204,515,719
86,749,835
132,600,732
457,317,774
662,1191,1853
362,912,1274
263,933,1196
583,1232,1815
38,1387,1425
420,909,1329
388,783,1171
566,1588,2154
703,1570,2273
208,311,519
592,535,1127
319,519,838
857,1661,2518
1052,1241,2293
627,825,1452
375,1095,1470
391,793,1184
27,1641,1668
1022,590,1612
258,447,705
1067,668,1735
18,637,655
244,615,859
1425,339,1764
222,774,996
570,689,1259
1646,177,1823
276,609,885
394,1486,1880
325,885,1210
56,760,816
712,1446,2158
281,1254,1535
596,214,810
337,743,1080
491,305,796
314,615,929
1124,1107,2231
114,903,1017
826,1054,1880
821,710,1531
688,606,1294
186,305,491
543,877,1420
490,668,1158
1342,735,2077
256,533,789
646,737,1383
763,695,1458
1221,497,1718
781,950,1731
648,842,1490
1412,573,1985
806,918,1724
411,644,1055
993,711,1704
582,908,1490
238,690,928
949,1490,2439
675,515,1190
484,353,837
536,1266,1802
835,809,1644
320,328,648
493,707,1200
525,1197,1722
489,688,1177
497,1468,1965
632,479,1111
610,1212,1822
235,664,899
691,765,1456
360,336,696
267,683,950
44,652,696
1048,1393,2441
324,650,974
911,1173,2084
487,1076,1563
352,665,1017
245,605,850
413,514,927
92,944,1036
394,878,1272
952,1357,2309
607,913,1520
765,1623,2388
169,1097,1266
1459,840,2299
691,352,1043
867,2575,3442
1230,839,2069
431,868,1299
661,2606,3267
646,3250,3896
1407,1391,2798
515,810,1325
530,501,1031
622,3240,3862
704,504,1208
930,721,1651
2615,290,2905
617,2896,3513
459,552,1011
385,829,1214
1091,1451,2542
697,758,1455
142,708,850
748,1034,1782
1294,1358,2652
648,726,1374
2615,405,3020
464,1136,1600
831,682,1513
3067,539,3606
542,1299,1841
224,1358,1582
795,1229,2024
1154,1077,2231
920,665,1585
465,1273,1738
1311,536,1847
872,641,1513
662,735,1397
2912,706,3618
408,1324,1732
589,673,1262
2916,667,3583
1210,1022,2232
201,1403,1604
638,1154,1792
967,1313,2280
79,696,775
367,1224,1591
610,1385,1995
164,984,1148
1218,625,1843
1003,1051,2054
639,921,1560
871,823,1694
1135,873,2008
478,1192,1670
725,648,1373
275,701,976
448,761,1209
543,673,1216
535,577,1112
642,1054,1696
975,657,1632
500,1110,1610
620,1228,1848
457,1200,1657
561,1112,1673
635,717,1352
667,338,1005
412,1205,1617
1122,708,1830
784,661,1445
1240,1079,2319
594,882,1476
1128,913,2041
1291,860,2151
515,892,1407
1322,642,1964
220,487,707
770,1054,1824
697,599,1296
815,707,1522
1234,1252,2486
498,1086,1584
1053,905,1958
998,1022,2020
1082,1006,2088
1087,1366,2453
251,651,902
963,777,1740
552,675,1227
377,619,996
670,833,1503
647,1167,1814
923,492,1415
1023,924,1947
1084,1641,2725
733,1084,1817
983,939,1922
626,920,1546
406,1579,1985
518,729,1247
381,1089,1470
791,718,1509
308,1128,1436
357,919,1276
491,1054,1545
637,901,1538
917,703,1620
556,862,1418
1132,865,1997
1211,661,1872
645,596,1241
208,871,1079
801,1201,2002
763,1013,1776
438,416,854
486,978,1464
792,851,1643
785,547,1332
1387,538,1925
746,641,1387
361,1350,1711
372,696,1068
949,1040,1989
542,355,897
984,1114,2098
976,855,1831
832,755,1587
961,1062,2023
634,690,1324
924,1163,2087
597,1416,2013
843,545,1388
617,469,1086
207,576,783
630,1079,1709
808,757,1565
399,981,1380
478,892,1370
569,1398,1967
625,1019,1644
506,1153,1659
906,720,1626
634,1889,2523
776,1374,2150
694,615,1309
341,1250,1591
714,1343,2057
957,1682,2639
419,798,1217
712,284,996
183,728,911
287,827,1114
126,1543,1669
228,1201,1429
500,1059,1559
628,1264,1892
767,1149,1916
533,1462,1995
367,1328,1695
751,1171,1922
603,787,1390
703,611,1314
970,798,1768
48,1082,1130
448,1037,1485
661,743,1404
1052,1174,2226
585,809,1394
834,1499,2333
300,1013,1313
944,1121,2065
405,869,1274
1229,532,1761
927,1174,2101
90,1222,1312
968,899,1867
1394,986,2380
1119,625,1744
392,956,1348
1281,1308,2589
551,764,1315
739,923,1662
404,992,1396
675,656,1331
1631,610,2241
903,1075,1978
825,988,1813
624,674,1298
908,907,1815
760,1032,1792
607,813,1420
254,810,1064
1192,722,1914
765,543,1308
1310,1345,2655
1068,940,2008
1179,1293,2472
867,790,1657
916,974,1890
931,979,1910
1016,1128,2144
877,498,1375
995,781,1776
1191,902,2093
930,515,1445
1404,1505,2909
916,1430,2346
706,706,1412
382,682,1064
871,1129,2000
506,742,1248
615,1125,1740
552,979,1531
665,636,1301
494,1588,2082
634,1274,1908
1393,845,2238
1266,1430,2696
718,877,1595
1244,820,2064
726,681,1407
1160,547,1707
803,650,1453
409,1326,1735
621,294,915
642,2361,3003
738,235,973
490,1322,1812
674,269,943
814,1956,2770
587,243,830
1019,1723,2742
489,271,760
621,1123,1744
2167,343,2510
912,687,1599
756,1666,2422
197,300,497
1831,343,2174
968,1470,2438
1355,309,1664
173,340,513
1081,1196,2277
680,324,1004
1027,394,1421
974,1049,2023
454,540,994
1670,388,2058
429,1145,1574
1284,406,1690
1192,2190,3382
206,474,680
101,445,546
177,524,701
549,449,998
706,1854,2560
146,731,877
328,566,894
174,1515,1689
386,553,939
1237,1801,3038
909,1007,1916
160,657,817
66,582,648
810,1769,2579
812,2129,2941
28,579,607
216,1767,1983
311,580,891
509,1399,1908
224,540,764
1019,475,1494
261,752,1013
324,335,659
885,829,1714
403,532,935
1049,1646,2695
298,861,1159
48,847,895
450,571,1021
396,403,799
306,866,1172
147,833,980
574,2121,2695
298,1724,2022
2067,1017,3084
472,2306,2778
1683,1028,2711
484,312,796
450,684,1134
725,390,1115
603,2564,3167
20,515,535
1387,1124,2511
620,565,1185
1008,1541,2549
2025,827,2852
775,492,1267
545,600,1145
429,3159,3588
1722,1478,3200
365,872,1237
69,528,597
1551,1324,2875
1912,1032,2944
563,1241,1804
108,748,856
1391,1240,2631
45,782,827
1059,2686,3745
1280,388,1668
1588,889,2477
144,1024,1168
2245,687,2932
726,1113,1839
380,559,939
723,1085,1808
372,834,1206
817,995,1812
2287,1234,3521
802,344,1146
168,493,661
879,513,1392
433,715,1148
919,937,1856
638,627,1265
188,875,1063
1665,1098,2763
2920,846,3766
856,493,1349
398,1723,2121
391,894,1285
955,480,1435
478,587,1065
483,1056,1539
599,614,1213
466,1085,1551
884,551,1435
832,596,1428
160,726,886
464,583,1047
218,884,1102
985,674,1659
472,840,1312
1551,1856,3407
650,1161,1811
2561,882,3443
607,867,1474
219,1165,1384
689,1924,2613
493,788,1281
515,611,1126
790,832,1622
651,1099,1750
1059,1117,2176
938,1850,2788
525,606,1131
332,563,895
310,1515,1825
999,2098,3097
290,742,1032
1179,1484,2663
965,926,1891
334,849,1183
652,1838,2490
398,982,1380
532,709,1241
778,1119,1897
337,1064,1401
1642,1044,2686
903,816,1719
686,1092,1778
405,858,1263
1836,818,2654
778,1045,1823
1035,1243,2278
509,632,1141
370,1075,1445
1600,1262,2862
708,1479,2187
1399,557,1956
359,1156,1515
1020,1070,2090
953,670,1623
769,463,1232
923,746,1669
1622,1201,2823
598,1015,1613
1023,1177,2200
721,965,1686
1040,1238,2278
746,1041,1787
710,477,1187
819,626,1445
885,643,1528
1634,1046,2680
566,1432,1998
975,1081,2056
936,803,1739
1145,925,2070
1361,1385,2746
484,531,1015
1362,752,2114
935,664,1599
828,1392,2220
538,545,1083
1052,599,1651
966,624,1590
920,1293,2213
912,979,1891
484,600,1084
999,591,1590
909,1204,2113
1036,832,1868
386,813,1199
1325,715,2040
1008,655,1663
1185,1274,2459
1157,658,1815
359,840,1199
830,550,1380
649,664,1313
1137,575,1712
432,923,1355
782,859,1641
624,1003,1627
991,856,1847
257,893,1150
540,1178,1718
303,350,653
298,966,1264
461,1163,1624
1334,845,2179
570,1048,1618
545,601,1146
653,990,1643
447,914,1361
525,892,1417
314,493,807
847,817,1664
667,1167,1834
1240,1065,2305
695,879,1574
670,528,1198
705,3334,4039
1161,1045,2206
698,504,1202
592,860,1452
381,658,1039
425,914,1339
644,971,1615
661,1164,1825
147,851,998
567,338,905
546,988,1534
347,755,1102
851,1055,1906
813,752,1565
597,581,1178
387,1058,1445
642,1095,1737
557,3165,3722
129,847,976
684,1004,1688
601,3657,4258
753,590,1343
646,1026,1672
620,408,1028
350,3585,3935
854,1057,1911
459,524,983
147,1636,1783
614,1439,2053
911,593,1504
983,804,1787
442,1627,2069
55,457,512
783,958,1741
742,1380,2122
510,522,1032
745,1309,2054
950,619,1569
775,811,1586
1118,511,1629
736,729,1465
568,1991,2559
486,871,1357
374,713,1087
835,1064,1899
834,1167,2001
2948,832,3780
501,445,946
867,1265,2132
983,662,1645
702,1877,2579
452,692,1144
247,734,981
126,1091,1217
3509,918,4427
677,601,1278
349,867,1216
3267,993,4260
1063,649,1712
545,1815,2360
706,1150,1856
541,981,1522
644,1059,1703
829,512,1341
1361,581,1942
389,917,1306
571,294,865
951,626,1577
1415,1258,2673
617,1011,1628
473,778,1251
1022,201,1223
872,1176,2048
1794,569,2363
1037,637,1674
625,905,1530
1225,1242,2467
978,642,1620
323,1413,1736
523,823,1346
485,726,1211
984,1012,1996
546,1469,2015
474,1065,1539
946,1226,2172
221,2263,2484
444,1462,1906
995,933,1928
1175,735,1910
704,662,1366
1527,1124,2651
438,576,1014
186,767,953
2024,1114,3138
57,653,710
992,1541,2533
56,1076,1132
820,558,1378
1104,722,1826
742,702,1444
699,379,1078
205,779,984
52,2268,2320
622,911,1533
350,815,1165
69,1415,1484
338,775,1113
72,1161,1233
373,1052,1425
1351,703,2054
697,497,1194
114,1338,1452
674,773,1447
379,747,1126
783,1537,2320
854,579,1433
457,1008,1465
485,698,1183
876,1599,2475
344,1192,1536
693,755,1448
286,744,1030
742,2249,2991
1014,763,1777
943,494,1437
393,704,1097
550,862,1412
697,537,1234
509,794,1303
1362,1346,2708
599,1169,1768
613,871,1484
1339,2252,3591
585,1121,1706
647,1597,2244
342,1614,1956
357,551,908
2117,1571,3688
1183,1295,2478
686,962,1648
2173,1798,3971
907,769,1676
1515,891,2406
462,828,1290
1207,1117,2324
1154,423,1577
590,524,1114
889,1752,2641
663,871,1534
1090,1767,2857
2130,1385,3515
294,1265,1559
835,1327,2162
2026,1078,3104
812,773,1585
1394,899,2293
1679,717,2396
842,518,1360
1040,1184,2224
38,780,818
618,1178,1796
737,1326,2063
296,748,1044
1535,647,2182
771,559,1330
1186,520,1706
532,1311,1843
714,608,1322
260,1445,1705
112,1237,1349
1115,709,1824
683,571,1254
1484,1476,2960
1620,976,2596
890,1533,2423
948,1457,2405
86,1427,1513
528,671,1199
923,850,1773
696,1344,2040
320,1433,1753
1500,1103,2603
339,2239,2578
561,1449,2010
602,1440,2042
1244,1352,2596
522,1833,2355
409,1413,1822
490,1663,2153
34,2323,2357
655,1408,2063
1004,909,1913
605,1654,2259
1031,1051,2082
1000,1293,2293
755,1088,1843
581,1445,2026
1114,1279,2393
902,992,1894
1077,1313,2390
1361,667,2028
1280,473,1753
1225,569,1794
1215,771,1986
1743,763,2506
461,790,1251
1332,723,2055
677,583,1260
1192,1635,2827
1543,385,1928
502,1146,1648
1171,749,1920
2196,356,2552
252,1284,1536
1508,422,1930
988,1812,2800
1072,671,1743
1771,1451,3222
409,1687,2096
924,490,1414
567,1781,2348
1316,469,1785
1283,536,1819
1274,1212,2486
1458,554,2012
108,694,802
1027,1217,2244
1340,901,2241
85,725,810
947,675,1622
1203,619,1822
896,1497,2393
1754,555,2309
150,827,977
137,869,1006
83,1252,1335
33,811,844
25,684,709
48,853,901
92,917,1009
234,1289,1523
56,878,934
335,502,837
26,925,951
1454,1330,2784
328,1645,1973
20,853,873
612,2259,2871
1563,1200,2763
386,742,1128
863,1754,2617
546,320,866
436,747,1183
161,787,948
604,649,1253
893,355,1248
1729,1318,3047
592,735,1327
291,797,1088
172,341,513
1218,1481,2699
264,595,859
63,640,703
1475,981,2456
612,908,1520
338,1356,1694
729,661,1390
182,328,510
1472,431,1903
450,1113,1563
1136,435,1571
569,407,976
211,1401,1612
659,934,1593
327,1443,1770
499,835,1334
459,1388,1847
232,487,719
951,1011,1962
452,679,1131
673,1362,2035
136,791,927
1189,671,1860
509,676,1185
485,1311,1796
1309,528,1837
444,1401,1845
852,922,1774
853,367,1220
871,1343,2214
579,1013,1592
1388,602,1990
223,681,904
711,564,1275
635,1405,2040
494,1741,2235
1204,744,1948
290,872,1162
441,360,801
1128,577,1705
519,958,1477
1073,1228,2301
255,1049,1304
614,555,1169
639,1051,1690
382,1006,1388
1190,1002,2192
830,931,1761
212,548,760
854,596,1450
602,1058,1660
327,1247,1574
517,680,1197
656,682,1338
802,1239,2041
408,833,1241
968,1043,2011
819,527,1346
825,672,1497
301,671,972
550,1273,1823
300,846,1146
807,489,1296
312,1284,1596
1132,837,1969
1179,1429,2608
596,516,1112
755,560,1315
347,504,851
148,907,1055
1202,911,2113
834,715,1549
398,861,1259
366,906,1272
450,679,1129
1334,915,2249
584,339,923
477,816,1293
721,1514,2235
1091,680,1771
913,1036,1949
151,2320,2471
1084,852,1936
565,716,1281
311,511,822
883,1184,2067
344,578,922
539,1039,1578
830,766,1596
841,1188,2029
750,1062,1812
647,626,1273
777,681,1458
414,1187,1601
534,583,1117
484,1030,1514
623,552,1175
830,2074,2904
657,595,1252
773,991,1764
115,944,1059
733,1687,2420
772,852,1624
1225,786,2011
1118,846,1964
702,669,1371
496,933,1429
1410,429,1839
705,655,1360
761,921,1682
1177,2032,3209
618,870,1488
573,695,1268
760,657,1417
493,1289,1782
1405,1627,3032
316,802,1118
500,569,1069
1057,779,1836
1608,1199,2807
483,1015,1498
721,764,1485
1037,1001,2038
809,1663,2472
1291,2172,3463
590,927,1517
1132,989,2121
973,440,1413
885,1001,1886
642,1213,1855
1205,323,1528
327,331,658
954,1688,2642
2203,1921,4124
565,685,1250
658,763,1421
1951,512,2463
813,615,1428
486,869,1355
284,979,1263
1662,591,2253
761,558,1319
656,1178,1834
1278,588,1866
384,598,982
682,1197,1879
787,986,1773
327,974,1301
1892,1700,3592
792,582,1374
747,1631,2378
2101,1513,3614
678,556,1234
529,472,1001
636,759,1395
1876,831,2707
645,905,1550
882,601,1483
834,355,1189
1603,1342,2945
771,1006,1777
225,465,690
589,1117,1706
231,657,888
1687,1042,2729
1521,767,2288
592,893,1485
907,538,1445
229,589,818
165,1242,1407
430,976,1406
261,700,961
1500,1045,2545
993,1101,2094
1080,746,1826
584,545,1129
491,809,1300
670,1015,1685
481,682,1163
498,1103,1601
1459,498,1957
632,1816,2448
1179,662,1841
652,802,1454
1131,949,2080
936,616,1552
339,660,999
160,816,976
462,884,1346
614,1810,2424
951,716,1667
679,800,1479
537,1013,1550
422,553,975
768,770,1538
348,634,982
375,1244,1619
873,1677,2550
473,592,1065
685,824,1509
452,1132,1584
283,537,820
248,898,1146
691,590,1281
551,1104,1655
592,618,1210
457,1067,1524
792,942,1734
182,1611,1793
372,1210,1582
331,549,880
913,852,1765
1101,520,1621
725,1307,2032
628,1024,1652
1340,626,1966
749,868,1617
1062,759,1821
516,2430,2946
1387,1030,2417
856,520,1376
692,518,1210
1597,865,2462
588,802,1390
275,1018,1293
452,900,1352
338,764,1102
602,895,1497
689,702,1391
834,346,1180
918,1175,2093
922,515,1437
377,1082,1459
697,362,1059
520,1167,1687
263,670,933
827,514,1341
707,1260,1967
879,2189,3068
481,1052,1533
785,465,1250
978,2028,3006
648,359,1007
824,798,1622
502,949,1451
328,669,997
677,629,1306
1063,566,1629
389,763,1152
346,655,1001
509,1152,1661
1048,559,1607
628,545,1173
678,366,1044
563,1370,1933
779,593,1372
623,543,1166
494,304,798
2100,1031,3131
509,1787,2296
706,1170,1876
413,320,733
235,567,802
872,1690,2562
787,1280,2067
951,939,1890
484,373,857
494,347,841
2058,1246,3304
493,597,1090
500,450,950
245,1008,1253
930,1176,2106
1110,1505,2615
929,973,1902
157,1253,1410
1668,1247,2915
263,495,758
1942,899,2841
267,497,764
135,621,756
1016,1156,2172
441,859,1300
372,2101,2473
370,1113,1483
1550,651,2201
1436,663,2099
920,616,1536
301,1117,1418
1191,932,2123
859,678,1537
181,1060,1241
183,1121,1304
1118,402,1520
1297,1054,2351
498,2480,2978
455,2188,2643
216,1128,1344
985,942,1927
1081,446,1527
248,1176,1424
388,1081,1469
294,558,852
768,1331,2099
435,593,1028
455,2650,3105
267,1168,1435
213,670,883
676,1228,1904
515,353,868
1971,1171,3142
260,1136,1396
323,351,674
850,1442,2292
354,2393,2747
887,586,1473
350,1097,1447
379,496,875
677,896,1573
865,858,1723
2367,676,3043
1231,766,1997
1017,621,1638
1126,1796,2922
737,2555,3292
1026,678,1704
1085,796,1881
492,771,1263
564,215,779
1227,661,1888
634,1017,1651
803,733,1536
91,696,787
129,659,788
629,1255,1884
131,732,863
2590,789,3379
74,709,783
679,898,1577
288,581,869
29,720,749
863,708,1571
1009,908,1917
582,277,859
633,1840,2473
1256,869,2125
2054,1191,3245
569,312,881
396,578,974
103,995,1098
2084,1446,3530
745,320,1065
815,1433,2248
1037,1946,2983
760,428,1188
1160,1417,2577
650,157,807
641,213,854
1073,995,2068
2358,986,3344
294,468,762
1464,1312,2776
1344,1264,2608
446,1017,1463
411,1131,1542
704,612,1316
510,1042,1552
904,816,1720
918,668,1586
314,1125,1439
27,1168,1195
560,320,880
1515,1230,2745
89,233,322
410,633,1043
299,737,1036
205,1063,1268
1159,556,1715
51,678,729
860,844,1704
32,736,768
889,720,1609
120,604,724
59,1425,1484
383,1587,1970
165,848,1013
953,525,1478
1875,955,2830
250,755,1005
220,848,1068
1127,1080,2207
524,529,1053
411,548,959
656,1226,1882
409,1843,2252
440,750,1190
516,747,1263
415,1651,2066
512,707,1219
627,984,1611
1387,769,2156
1049,898,1947
657,346,1003
73,953,1026
574,554,1128
583,911,1494
145,1532,1677
552,948,1500
828,1559,2387
940,1232,2172
629,878,1507
758,949,1707
727,560,1287
425,734,1159
915,806,1721
399,923,1322
361,720,1081
595,1923,2518
681,866,1547
711,1255,1966
648,727,1375
857,1325,2182
771,1223,1994
521,601,1122
649,729,1378
1678,541,2219
257,746,1003
1037,1565,2602
1425,969,2394
645,1094,1739
1373,846,2219
634,991,1625
536,835,1371
841,760,1601
667,579,1246
1742,738,2480
611,886,1497
1287,1669,2956
1063,729,1792
1152,576,1728
476,721,1197
603,1619,2222
742,557,1299
622,732,1354
480,743,1223
601,384,985
616,708,1324
615,1011,1626
438,961,1399
415,414,829
659,976,1635
1461,887,2348
819,764,1583
661,767,1428
556,732,1288
883,785,1668
801,323,1124
468,711,1179
847,774,1621
326,319,645
987,878,1865
1511,787,2298
715,542,1257
1051,1261,2312
1506,792,2298
861,331,1192
801,966,1767
666,1261,1927
715,740,1455
57,543,600
806,1517,2323
589,530,1119
485,746,1231
651,511,1162
635,332,967
798,904,1702
758,1305,2063
881,1519,2400
570,379,949
146,680,826
721,1725,2446
529,938,1467
190,924,1114
548,336,884
727,2249,2976
339,1277,1616
1168,529,1697
601,2224,2825
1338,2232,3570
1061,708,1769
1285,1621,2906
419,755,1174
300,535,835
755,718,1473
2172,484,2656
378,585,963
525,1893,2418
204,774,978
428,904,1332
657,735,1392
487,723,1210
234,677,911
673,821,1494
1973,370,2343
474,369,843
421,1562,1983
865,2505,3370
660,533,1193
755,1071,1826
782,766,1548
98,972,1070
1395,637,2032
119,1604,1723
388,1018,1406
504,1639,2143
205,1558,1763
360,1642,2002
1422,1367,2789
488,1950,2438
613,1434,2047
509,539,1048
441,739,1180
662,787,1449
450,759,1209
587,1050,1637
1541,1641,3182
1186,1013,2199
803,1588,2391
1332,2486,3818
1184,803,1987
640,1334,1974
2127,1740,3867
907,752,1659
1450,513,1963
2351,1463,3814
827,643,1470
644,1430,2074
1539,892,2431
631,713,1344
299,922,1221
1798,714,2512
662,1106,1768
486,523,1009
537,1177,1714
1509,705,2214
655,1317,1972
499,387,886
602,556,1158
1826,1533,3359
1225,567,1792
2370,903,3273
313,664,977
620,965,1585
1032,1196,2228
1567,779,2346
883,1083,1966
1479,900,2379
766,1390,2156
1226,1733,2959
308,949,1257
1502,1590,3092
1285,918,2203
1314,783,2097
837,967,1804
1237,1342,2579
1024,601,1625
404,1338,1742
1543,1238,2781
283,933,1216
569,397,966
941,952,1893
865,783,1648
346,1137,1483
1049,887,1936
544,366,910
1271,548,1819
1021,888,1909
1465,1320,2785
713,1091,1804
677,596,1273
857,716,1573
1622,911,2533
1419,754,2173
630,888,1518
958,654,1612
564,721,1285
453,977,1430
589,1052,1641
696,472,1168
718,671,1389
752,587,1339
1146,801,1947
759,481,1240
962,660,1622
172,604,776
379,1443,1822
236,1395,1631
1199,784,1983
955,727,1682
288,1513,1801
882,1011,1893
379,508,887
990,820,1810
420,1237,1657
451,2190,2641
832,674,1506
883,1096,1979
219,1391,1610
616,607,1223
440,536,976
252,640,892
1193,526,1719
491,911,1402
311,998,1309
451,879,1330
568,759,1327
485,840,1325
535,782,1317
544,1002,1546
1234,1661,2895
380,756,1136
1409,460,1869
1342,1633,2975
201,666,867
328,742,1070
1794,856,2650
305,958,1263
743,552,1295
522,1212,1734
815,394,1209
527,531,1058
657,822,1479
540,517,1057
945,648,1593
1548,670,2218
213,799,1012
524,697,1221
685,839,1524
660,1319,1979
243,1054,1297
894,705,1599
635,482,1117
396,890,1286
637,475,1112
389,836,1225
279,1895,2174
587,631,1218
314,569,883
807,630,1437
249,679,928
950,325,1275
1535,483,2018
768,312,1080
537,719,1256
716,875,1591
531,335,866
519,1044,1563
365,659,1024
355,891,1246
293,284,577
945,2246,3191
588,609,1197
345,576,921
270,287,557
693,1527,2220
1325,2212,3537
383,937,1320
361,716,1077
1806,1704,3510
422,584,1006
611,646,1257
1057,1181,2238
733,1349,2082
56,364,420
489,683,1172
795,511,1306
607,687,1294
2160,698,2858
1124,2185,3309
467,3830,4297
1004,1544,2548
335,1458,1793
1089,1308,2397
595,1243,1838
569,1169,1738
508,1124,1632
966,634,1600
923,1605,2528
550,3786,4336
1247,1124,2371
589,1613,2202
1938,1060,2998
495,1296,1791
723,3983,4706
1222,1018,2240
511,1180,1691
795,1171,1966
1752,376,2128
532,1319,1851
1423,671,2094
986,3383,4369
1213,750,1963
1469,1051,2520
784,1141,1925
3479,781,4260
361,1168,1529
455,1330,1785
600,1368,1968
656,1069,1725
535,1320,1855
512,1218,1730
1061,471,1532
3824,518,4342
598,1698,2296
775,711,1486
758,1085,1843
1016,1316,2332
572,1363,1935
115,1019,1134
1368,679,2047
3289,639,3928
955,486,1441
1502,351,1853
793,732,1525
1241,710,1951
1106,638,1744
850,699,1549
823,480,1303
430,1291,1721
634,664,1298
653,495,1148
1215,330,1545
434,968,1402
416,779,1195
584,502,1086
1027,1147,2174
166,2012,2178
1047,1017,2064
417,327,744
987,248,1235
1000,547,1547
401,459,860
1026,1751,2777
135,994,1129
486,1017,1503
1086,1155,2241
380,2238,2618
841,1138,1979
431,303,734
547,609,1156
270,681,951
338,603,941
1010,756,1766
231,960,1191
1223,596,1819
353,447,800
710,1899,2609
485,1324,1809
1720,1109,2829
534,863,1397
163,850,1013
1171,1161,2332
674,856,1530
989,1395,2384
749,779,1528
1090,1309,2399
79,473,552
981,818,1799
849,1004,1853
506,1762,2268
362,900,1262
444,866,1310
1002,759,1761
577,921,1498
720,870,1590
245,592,837
178,714,892
749,770,1519
406,948,1354
345,1442,1787
706,725,1431
2155,720,2875
621,1649,2270
611,731,1342
877,1222,2099
1797,1089,2886
429,734,1163
209,2516,2725
899,1187,2086
1179,387,1566
317,787,1104
1350,896,2246
757,1391,2148
455,1058,1513
954,971,1925
603,585,1188
480,865,1345
1649,1535,3184
833,791,1624
1187,1176,2363
1672,1696,3368
1338,894,2232
894,1186,2080
591,1153,1744
688,726,1414
1254,718,1972
952,691,1643
476,1159,1635
863,764,1627
537,964,1501
737,709,1446
567,1354,1921
694,1045,1739
686,735,1421
1068,1148,2216
518,953,1471
697,711,1408
684,673,1357
1038,945,1983
531,941,1472
288,1133,1421
1017,497,1514
732,656,1388
1010,514,1524
651,554,1205
1033,778,1811
634,461,1095
1124,615,1739
928,878,1806
522,667,1189
1016,529,1545
672,930,1602
785,571,1356
581,574,1155
1318,1132,2450
831,535,1366
2444,982,3426
329,743,1072
747,1094,1841
222,543,765
1316,1506,2822
305,487,792
817,497,1314
299,550,849
455,1093,1548
350,537,887
344,346,690
1595,1301,2896
877,1050,1927
607,1560,2167
980,1329,2309
882,1472,2354
503,2095,2598
566,1278,1844
631,1510,2141
576,389,965
638,1114,1752
968,1429,2397
157,622,779
502,800,1302
915,927,1842
233,599,832
546,542,1088
564,2142,2706
304,552,856
948,1425,2373
336,1034,1370
759,1417,2176
1318,725,2043
1521,403,1924
400,398,798
1243,695,1938
1046,1243,2289
930,673,1603
497,347,844
424,1158,1582
1050,1312,2362
763,644,1407
375,567,942
1348,1164,2512
1250,538,1788
454,545,999
1439,1301,2740
630,1098,1728
384,1437,1821
2036,1068,3104
392,621,1013
1164,973,2137
1322,772,2094
44,562,606
835,803,1638
681,749,1430
439,1824,2263
1076,822,1898
450,1049,1499
1300,923,2223
938,612,1550
263,1703,1966
1388,1559,2947
440,477,917
654,526,1180
132,1553,1685
501,669,1170
513,482,995
1093,747,1840
462,763,1225
286,1692,1978
919,1015,1934
444,2036,2480
688,341,1029
1912,1087,2999
698,1054,1752
681,584,1265
667,908,1575
986,1567,2553
633,869,1502
1033,1221,2254
750,1005,1755
1205,1621,2826
204,617,821
1187,577,1764
241,866,1107
254,886,1140
565,1123,1688
819,1101,1920
629,907,1536
411,1454,1865
547,1050,1597
1599,1209,2808
741,1663,2404
1232,879,2111
101,782,883
689,503,1192
858,1537,2395
1542,741,2283
693,1341,2034
654,868,1522
637,905,1542
1944,1330,3274
884,3360,4244
958,1180,2138
348,1274,1622
1158,3146,4304
386,1106,1492
1595,1408,3003
459,1463,1922
1575,2502,4077
1036,705,1741
1403,1078,2481
666,1114,1780
1540,816,2356
1057,1181,2238
1119,1413,2532
603,604,1207
772,1228,2000
1081,981,2062
1032,780,1812
718,1122,1840
1145,735,1880
761,878,1639
3218,586,3804
1218,500,1718
451,743,1194
801,1273,2074
932,598,1530
1246,1303,2549
988,1263,2251
625,909,1534
843,636,1479
980,1115,2095
772,1046,1818
755,563,1318
791,577,1368
1175,720,1895
486,677,1163
992,1267,2259
1115,620,1735
492,620,1112
404,669,1073
868,731,1599
1304,1756,3060
643,672,1315
826,555,1381
1331,1007,2338
579,1216,1795
824,532,1356
458,705,1163
47,618,665
372,553,925
580,987,1567
160,572,732
2864,642,3506
442,393,835
208,763,971
44,1611,1655
1313,1442,2755
301,594,895
761,1790,2551
106,966,1072
1104,956,2060
2394,1639,4033
694,1348,2042
319,426,745
500,545,1045
290,2113,2403
342,2116,2458
451,625,1076
529,1976,2505
349,848,1197
738,1312,2050
1338,1032,2370
723,879,1602
379,730,1109
267,1771,2038
1027,1701,2728
892,1881,2773
39,708,747
1452,1548,3000
427,1341,1768
935,1725,2660
1865,831,2696
515,798,1313
1883,822,2705
628,1881,2509
110,911,1021
836,821,1657
425,836,1261
831,988,1819
1371,1044,2415
472,1280,1752
696,1055,1751
925,1171,2096
560,744,1304
980,1166,2146
426,1130,1556
1533,606,2139
577,760,1337
1271,1174,2445
1441,664,2105
702,1643,2345
214,1336,1550
1510,797,2307
611,788,1399
706,1346,2052
347,712,1059
1653,880,2533
1836,1174,3010
538,678,1216
1175,1446,2621
607,1214,1821
440,805,1245
672,603,1275
450,1079,1529
1194,1059,2253
560,1019,1579
1128,1955,3083
733,1337,2070
608,721,1329
1180,1379,2559
864,1420,2284
585,869,1454
1482,1225,2707
945,1065,2010
782,792,1574
526,761,1287
857,1569,2426
558,789,1347
1339,882,2221
559,610,1169
785,2508,3293
678,989,1667
783,1296,2079
1173,1061,2234
524,1155,1679
986,2666,3652
1010,641,1651
688,971,1659
1878,1730,3608
1136,939,2075
532,622,1154
598,1233,1831
770,1730,2500
923,1571,2494
415,1904,2319
558,1070,1628
535,1722,2257
471,2300,2771
2358,1006,3364
556,632,1188
493,1849,2342
1174,1380,2554
2368,548,2916
541,663,1204
1471,889,2360
801,776,1577
671,1492,2163
2106,364,2470
829,1180,2009
460,709,1169
1041,706,1747
255,1584,1839
1596,497,2093
674,1442,2116
772,990,1762
670,701,1371
1170,1285,2455
1424,365,1789
520,665,1185
1257,527,1784
899,955,1854
1495,1025,2520
953,607,1560
297,1620,1917
761,1758,2519
543,808,1351
797,1276,2073
913,1283,2196
1268,1390,2658
877,815,1692
573,599,1172
964,348,1312
431,798,1229
1289,783,2072
970,751,1721
305,671,976
81,561,642
861,345,1206
933,1862,2795
911,784,1695
597,605,1202
1281,848,2129
538,712,1250
460,720,1180
1335,893,2228
577,1285,1862
145,712,857
561,628,1189
500,528,1028
478,2076,2554
182,1034,1216
787,399,1186
351,851,1202
1227,933,2160
718,786,1504
1462,1003,2465
67,787,854
1169,1675,2844
1036,1171,2207
78,592,670
1075,762,1837
24,800,824
1660,1142,2802
941,844,1785
363,487,850
380,1045,1425
754,1341,2095
801,1104,1905
312,1299,1611
257,1135,1392
711,511,1222
481,1599,2080
1222,1026,2248
22,1255,1277
522,396,918
784,1204,1988
188,654,842
335,872,1207
1957,878,2835
601,574,1175
1447,876,2323
735,1399,2134
637,752,1389
130,647,777
714,931,1645
264,970,1234
196,675,871
530,805,1335
829,1318,2147
570,340,910
58,1075,1133
899,750,1649
244,1201,1445
347,1272,1619
399,1159,1558
165,738,903
613,1259,1872
44,1776,1820
552,1050,1602
890,954,1844
214,1648,1862
915,688,1603
1195,716,1911
985,724,1709
698,1262,1960
961,526,1487
1134,364,1498
939,940,1879
643,1263,1906
846,298,1144
643,868,1511
1089,486,1575
1022,627,1649
1536,416,1952
513,300,813
676,1534,2210
1047,573,1620
653,1087,1740
394,1538,1932
925,273,1198
968,1506,2474
347,354,701
664,525,1189
544,648,1192
288,307,595
785,613,1398
1128,1336,2464
769,1095,1864
741,1422,2163
1521,1035,2556
412,1183,1595
739,766,1505
648,1572,2220
132,1331,1463
610,1707,2317
168,646,814
735,1408,2143
1203,646,1849
951,336,1287
329,758,1087
97,659,756
373,1573,1946
1048,1053,2101
143,1065,1208
582,1468,2050
431,1565,1996
381,978,1359
1279,975,2254
422,400,822
54,974,1028
1406,900,2306
1198,973,2171
663,1620,2283
861,936,1797
890,784,1674
1212,1009,2221
27,1006,1033
259,531,790
172,1368,1540
641,381,1022
538,769,1307
1335,748,2083
1422,707,2129
407,811,1218
936,1197,2133
1206,923,2129
42,1413,1455
1102,1119,2221
752,518,1270
268,1123,1391
1484,957,2441
1257,832,2089
821,509,1330
445,1118,1563
1520,851,2371
831,731,1562
890,792,1682
626,1147,1773
758,810,1568
273,973,1246
234,828,1062
1144,1165,2309
698,944,1642
588,1285,1873
470,641,1111
180,1343,1523
1117,630,1747
433,1291,1724
516,427,943
1192,1407,2599
987,779,1766
999,883,1882
874,661,1535
611,675,1286
708,1170,1878
722,804,1526
888,645,1533
1378,908,2286
693,312,1005
581,702,1283
574,846,1420
1111,1144,2255
352,948,1300
861,1082,1943
925,742,1667
1127,306,1433
592,967,1559
664,362,1026
294,904,1198
94,539,633
307,742,1049
880,986,1866
750,1730,2480
1171,724,1895
601,969,1570
1080,1568,2648
825,1132,1957
1087,683,1770
796,735,1531
546,728,1274
770,590,1360
1330,1203,2533
509,534,1043
515,1902,2417
1170,1492,2662
782,1941,2723
616,1405,2021
122,576,698
332,726,1058
1591,965,2556
280,778,1058
629,1662,2291
253,941,1194
568,779,1347
1001,1014,2015
672,812,1484
1772,560,2332
339,972,1311
559,529,1088
865,1030,1895
55,1502,1557
556,854,1410
951,1341,2292
594,805,1399
1809,439,2248
588,871,1459
827,1490,2317
1109,420,1529
488,1541,2029
436,890,1326
503,799,1302
766,1291,2057
1202,1212,2414
432,1414,1846
472,1179,1651
709,567,1276
1392,538,1930
774,753,1527
501,910,1411
1472,369,1841
924,642,1566
710,1367,2077
1123,375,1498
1352,1083,2435
898,1123,2021
580,1113,1693
716,540,1256
996,1106,2102
900,913,1813
50,644,694
702,1437,2139
503,939,1442
938,803,1741
1434,1316,2750
691,451,1142
789,1303,2092
1216,1655,2871
591,1036,1627
283,480,763
1065,1168,2233
738,1111,1849
82,2487,2569
880,822,1702
332,694,1026
634,1287,1921
884,2080,2964
1332,844,2176
859,1008,1867
1227,820,2047
1107,366,1473
527,675,1202
1525,453,1978
586,843,1429
584,822,1406
282,1036,1318
854,514,1368
622,874,1496
1377,1188,2565
551,533,1084
48,1058,1106
961,2081,3042
1005,1815,2820
1067,511,1578
656,814,1470
825,712,1537
1130,461,1591
206,891,1097
328,890,1218
87,1575,1662
1283,1441,2724
2438,1037,3475
689,672,1361
836,1238,2074
1879,944,2823
978,640,1618
338,829,1167
713,533,1246
462,846,1308
368,819,1187
806,775,1581
731,863,1594
183,750,933
674,794,1468
375,296,671
837,1132,1969
435,558,993
356,590,946
256,2068,2324
583,909,1492
880,1010,1890
346,584,930
656,357,1013
670,770,1440
627,553,1180
299,2047,2346
302,363,665
689,370,1059
337,1422,1759
713,528,1241
1901,952,2853
555,629,1184
213,512,725
1568,551,2119
776,1124,1900
936,1568,2504
164,2148,2312
369,333,702
590,888,1478
761,779,1540
296,492,788
1343,1113,2456
700,1130,1830
257,616,873
1012,1228,2240
268,515,783
1970,517,2487
195,490,685
95,1215,1310
961,798,1759
668,392,1060
503,1363,1866
476,848,1324
23,386,409
1194,894,2088
1953,883,2836
378,894,1272
752,845,1597
2345,659,3004
799,571,1370
355,573,928
30,644,674
56,396,452
1494,1248,2742
593,858,1451
651,658,1309
908,2033,2941
1123,531,1654
695,821,1516
1084,564,1648
243,566,809
197,569,766
751,1439,2190
442,583,1025
119,837,956
1496,1567,3063
420,1008,1428
501,589,1090
151,1004,1155
277,655,932
1125,1157,2282
600,674,1274
490,832,1322
770,1579,2349
444,1843,2287
398,1151,1549
529,940,1469
717,1715,2432
399,895,1294
672,551,1223
859,1479,2338
620,1564,2184
1056,290,1346
605,2742,3347
407,438,845
391,961,1352
955,297,1252
682,1662,2344
377,858,1235
593,500,1093
1052,765,1817
458,2921,3379
931,442,1373
1777,873,2650
523,737,1260
439,1363,1802
1074,1085,2159
1262,2389,3651
1457,482,1939
488,1619,2107
1150,1000,2150
438,568,1006
377,1306,1683
442,714,1156
2629,1062,3691
1509,628,2137
1183,1054,2237
481,906,1387
912,601,1513
709,659,1368
2742,672,3414
1384,918,2302
648,617,1265
568,595,1163
918,854,1772
945,433,1378
486,1321,1807
226,2082,2308
117,592,709
2096,460,2556
888,373,1261
303,2075,2378
1279,803,2082
314,389,703
752,423,1175
1123,875,1998
42,872,914
216,559,775
852,455,1307
271,1901,2172
425,809,1234
410,405,815
686,734,1420
1377,692,2069
827,421,1248
76,988,1064
248,1109,1357
1522,531,2053
616,2044,2660
492,923,1415
24,382,406
1743,635,2378
113,1034,1147
2016,846,2862
762,677,1439
27,402,429
560,259,819
439,1062,1501
743,471,1214
1020,328,1348
159,605,764
180,882,1062
1717,862,2579
256,998,1254
90,443,533
188,930,1118
489,362,851
459,1343,1802
216,890,1106
112,1460,1572
36,798,834
137,1094,1231
1795,740,2535
749,1009,1758
135,716,851
365,711,1076
168,1061,1229
375,683,1058
826,1019,1845
865,1254,2119
276,800,1076
74,1592,1666
684,487,1171
637,430,1067
345,994,1339
78,1602,1680
718,649,1367
57,738,795
630,773,1403
613,1025,1638
388,645,1033
641,426,1067
780,1303,2083
29,852,881
799,1206,2005
525,1468,1993
697,897,1594
802,1273,2075
1309,343,1652
316,467,783
864,1295,2159
398,1012,1410
1344,543,1887
535,530,1065
560,836,1396
860,1152,2012
749,333,1082
751,557,1308
1083,1149,2232
894,1439,2333
59,1023,1082
252,656,908
744,464,1208
523,577,1100
459,1182,1641
301,711,1012
1106,360,1466
698,591,1289
547,1162,1709
1426,1776,3202
246,1409,1655
516,973,1489
419,589,1008
740,1135,1875
286,1132,1418
860,638,1498
952,1192,2144
165,704,869
297,846,1143
499,1501,2000
904,350,1254
1084,586,1670
557,1520,2077
904,1023,1927
945,470,1415
490,1654,2144
468,461,929
676,494,1170
1143,1232,2375
909,1138,2047
91,528,619
255,801,1056
642,705,1347
1056,1109,2165
395,1330,1725
84,1173,1257
397,1113,1510
1228,669,1897
1047,1286,2333
310,374,684
379,1021,1400
408,1814,2222
1345,733,2078
346,533,879
359,940,1299
382,682,1064
487,1338,1825
1047,873,1920
330,1333,1663
1065,1329,2394
628,1514,2142
882,632,1514
429,495,924
1675,919,2594
590,879,1469
1074,665,1739
963,910,1873
633,1220,1853
1060,492,1552
578,989,1567
542,1088,1630
1501,1506,3007
173,578,751
1585,872,2457
1073,693,1766
317,558,875
929,1199,2128
1213,684,1897
835,858,1693
811,655,1466
1240,800,2040
467,703,1170
590,607,1197
351,688,1039
574,662,1236
443,637,1080
704,556,1260
1411,1593,3004
207,1316,1523
1392,1685,3077
1007,903,1910
495,581,1076
484,1559,2043
535,1296,1831
819,482,1301
645,645,1290
236,395,631
210,729,939
1039,697,1736
993,1402,2395
779,547,1326
453,1131,1584
375,866,1241
366,732,1098
1312,944,2256
316,617,933
41,953,994
458,1277,1735
535,613,1148
526,647,1173
248,971,1219
371,1498,1869
1423,1043,2466
450,835,1285
63,690,753
1200,1515,2715
213,527,740
872,967,1839
899,936,1835
386,494,880
1209,2103,3312
369,609,978
823,1220,2043
1339,820,2159
807,562,1369
301,531,832
842,960,1802
361,1271,1632
465,486,951
601,743,1344
413,1521,1934
1251,934,2185
1387,864,2251
279,1044,1323
558,518,1076
507,748,1255
1086,1924,3010
604,953,1557
709,716,1425
858,1144,2002
515,931,1446
1037,1139,2176
759,755,1514
258,763,1021
655,1170,1825
555,1021,1576
708,394,1102
762,942,1704
768,1416,2184
831,328,1159
969,951,1920
981,638,1619
535,581,1116
1379,1537,2916
459,1106,1565
312,1219,1531
392,732,1124
2054,1313,3367
449,1741,2190
469,350,819
420,1392,1812
1349,829,2178
589,782,1371
268,2021,2289
437,1025,1462
480,1649,2129
491,775,1266
1052,1835,2887
772,947,1719
241,455,696
422,1451,1873
993,1002,1995
218,728,946
281,2206,2487
794,1673,2467
169,744,913
646,2038,2684
1647,1366,3013
1090,704,1794
1044,360,1404
1513,1382,2895
718,975,1693
1404,1312,2716
803,1088,1891
1232,1349,2581
433,750,1183
575,1373,1948
1540,1132,2672
257,751,1008
1769,713,2482
1101,938,2039
1436,696,2132
1042,887,1929
363,1082,1445
1114,542,1656
646,742,1388
199,1324,1523
441,940,1381
1027,373,1400
294,995,1289
603,961,1564
988,582,1570
700,1146,1846
510,331,841
609,933,1542
1114,940,2054
907,753,1660
189,341,530
995,1116,2111
405,755,1160
278,358,636
1129,927,2056
797,916,1713
139,378,517
987,1026,2013
803,1144,1947
589,1013,1602
190,436,626
921,601,1522
657,711,1368
432,255,687
960,801,1761
63,246,309
778,853,1631
1786,715,2501
653,1412,2065
529,615,1144
1223,461,1684
327,901,1228
1156,1468,2624
534,1420,1954
572,619,1191
989,619,1608
816,1036,1852
701,726,1427
912,1838,2750
653,899,1552
757,1170,1927
1880,2385,4265
512,1450,1962
691,347,1038
849,562,1411
896,884,1780
436,994,1430
893,1267,2160
180,808,988
820,860,1680
953,1018,1971
1986,2182,4168
577,1439,2016
937,1267,2204
968,745,1713
86,252,338
585,1126,1711
609,1190,1799
1275,1239,2514
1039,844,1883
342,582,924
1695,2224,3919
476,555,1031
1076,547,1623
126,1282,1408
188,1279,1467
670,1371,2041
695,1692,2387
1301,992,2293
538,1168,1706
643,887,1530
365,1391,1756
1231,1093,2324
1363,1224,2587
674,1087,1761
87,1245,1332
1326,1186,2512
2139,1075,3214
581,988,1569
663,894,1557
991,701,1692
168,1057,1225
1165,606,1771
1339,1180,2519
909,1025,1934
606,1392,1998
2123,1307,3430
543,1066,1609
1086,978,2064
1017,941,1958
174,1103,1277
432,688,1120
708,604,1312
1588,898,2486
547,1043,1590
809,681,1490
1051,1185,2236
734,764,1498
897,641,1538
308,1151,1459
749,1007,1756
661,621,1282
946,848,1794
58,1511,1569
794,747,1541
1880,1370,3250
1080,734,1814
798,1024,1822
920,990,1910
213,555,768
899,759,1658
247,579,826
280,372,652
865,1004,1869
180,766,946
958,1159,2117
327,608,935
875,695,1570
593,605,1198
679,308,987
963,1065,2028
724,318,1042
1151,1201,2352
399,561,960
598,627,1225
421,348,769
161,686,847
577,1573,2150
152,328,480
968,924,1892
458,1261,1719
986,1134,2120
783,1240,2023
1050,1715,2765
532,1530,2062
707,513,1220
924,1908,2832
254,1267,1521
506,348,854
379,1154,1533
259,966,1225
311,2614,2925
478,409,887
907,604,1511
1167,1617,2784
204,358,562
483,788,1271
1461,1464,2925
441,1095,1536
465,1283,1748
586,743,1329
786,2337,3123
510,747,1257
1119,1762,2881
361,632,993
986,595,1581
1433,1550,2983
1518,1439,2957
1343,737,2080
683,880,1563
356,755,1111
404,834,1238
316,990,1306
70,808,878
659,1269,1928
1016,943,1959
2217,680,2897
1403,894,2297
1093,741,1834
939,849,1788
1668,642,2310
268,799,1067
254,1441,1695
142,931,1073
1164,954,2118
992,1267,2259
765,1041,1806
703,756,1459
991,1208,2199
541,791,1332
836,1053,1889
1244,544,1788
517,847,1364
466,506,972
1771,702,2473
720,828,1548
490,1109,1599
644,904,1548
1388,1037,2425
701,784,1485
1425,520,1945
514,707,1221
1060,763,1823
912,469,1381
1457,885,2342
473,702,1175
422,995,1417
516,868,1384
591,556,1147
589,748,1337
570,1099,1669
747,918,1665
1043,522,1565
964,516,1480
82,703,785
1160,1695,2855
610,824,1434
285,711,996
661,701,1362
748,621,1369
416,1247,1663
606,925,1531
599,581,1180
682,1012,1694
1018,1675,2693
776,745,1521
592,483,1075
662,1483,2145
592,768,1360
1521,710,2231
870,831,1701
657,450,1107
302,806,1108
327,983,1310
1568,453,2021
967,1027,1994
432,1097,1529
1257,381,1638
232,837,1069
378,613,991
491,654,1145
801,741,1542
876,825,1701
398,850,1248
681,553,1234
648,1263,1911
557,733,1290
802,720,1522
311,662,973
610,633,1243
896,775,1671
583,834,1417
562,1192,1754
625,1152,1777
139,1195,1334
764,1229,1993
443,763,1206
1038,586,1624
561,994,1555
526,370,896
604,1045,1649
446,2361,2807
79,1089,1168
255,1205,1460
996,1021,2017
344,933,1277
503,1307,1810
656,800,1456
703,1058,1761
723,630,1353
492,2919,3411
149,1095,1244
250,811,1061
790,629,1419
211,1759,1970
479,1012,1491
342,811,1153
381,1000,1381
826,640,1466
651,1174,1825
728,1006,1734
200,1238,1438
731,628,1359
427,958,1385
184,984,1168
662,1176,1838
594,1148,1742
425,980,1405
358,1513,1871
927,1077,2004
749,650,1399
1169,320,1489
744,641,1385
632,752,1384
438,948,1386
844,565,1409
1029,796,1825
203,569,772
677,1466,2143
612,1107,1719
507,2014,2521
850,1097,1947
988,1590,2578
862,668,1530
604,846,1450
784,521,1305
688,1230,1918
280,529,809
85,1087,1172
758,2904,3662
889,2192,3081
1234,747,1981
1122,2004,3126
732,1060,1792
782,800,1582
977,1991,2968
421,709,1130
912,978,1890
1323,1033,2356
349,704,1053
1442,1922,3364
1211,786,1997
395,759,1154
1017,1197,2214
580,573,1153
883,972,1855
993,944,1937
610,1136,1746
531,572,1103
1549,1694,3243
568,703,1271
269,1556,1825
1813,2389,4202
511,956,1467
711,1034,1745
943,872,1815
682,897,1579
1981,1132,3113
431,596,1027
473,1230,1703
709,1286,1995
773,710,1483
1874,560,2434
268,1290,1558
769,836,1605
172,734,906
270,1849,2119
828,1200,2028
626,693,1319
1824,1441,3265
747,1487,2234
496,443,939
428,1423,1851
594,811,1405
777,1198,1975
517,1550,2067
1252,516,1768
64,1387,1451
1081,1368,2449
2531,2491,5022
1053,462,1515
1750,1157,2907
1211,733,1944
803,1014,1817
1422,2002,3424
1214,1220,2434
283,3209,3492
106,849,955
1653,1127,2780
350,1192,1542
1326,1488,2814
2728,3573,6301
571,1028,1599
890,1754,2644
332,1170,1502
843,828,1671
834,1633,2467
1240,730,1970
1326,605,1931
613,837,1450
1420,554,1974
274,634,908
2195,2693,4888
631,1697,2328
354,1758,2112
2064,2309,4373
1002,1912,2914
785,2804,3589
114,826,940
1436,331,1767
1043,313,1356
1296,1306,2602
399,609,1008
552,858,1410
1127,1414,2541
924,2008,2932
1298,1025,2323
1462,812,2274
3321,1097,4418
979,1715,2694
616,995,1611
724,690,1414
466,1551,2017
1212,1433,2645
34,938,972
429,2186,2615
1062,618,1680
1796,1059,2855
1592,922,2514
495,559,1054
2172,999,3171
50,2857,2907
930,3208,4138
598,2551,3149
3019,1899,4918
490,577,1067
969,1344,2313
2158,1836,3994
104,1015,1119
80,1145,1225
739,1004,1743
1672,1243,2915
820,2319,3139
791,938,1729
505,1820,2325
645,850,1495
978,617,1595
2819,1218,4037
893,954,1847
680,1264,1944
1648,616,2264
361,1202,1563
2543,900,3443
688,645,1333
458,1547,2005
706,929,1635
1118,939,2057
187,951,1138
342,1222,1564
1907,1433,3340
1694,646,2340
2153,847,3000
1382,1118,2500
1059,933,1992
1180,1642,2822
735,1030,1765
1633,1356,2989
1066,1061,2127
299,1265,1564
614,853,1467
1195,678,1873
2116,1057,3173
562,600,1162
540,652,1192
650,1117,1767
1489,1110,2599
991,921,1912
692,977,1669
1044,1183,2227
574,866,1440
784,854,1638
465,1151,1616
1108,1732,2840
605,1619,2224
587,1623,2210
890,634,1524
723,857,1580
461,871,1332
723,636,1359
1048,1589,2637
785,1674,2459
632,1410,2042
808,872,1680
932,776,1708
637,2691,3328
997,1567,2564
863,1372,2235
1201,1766,2967
638,399,1037
1342,1171,2513
804,1540,2344
724,943,1667
681,3662,4343
771,1232,2003
1165,1829,2994
500,1476,1976
753,1539,2292
663,1767,2430
1023,2717,3740
859,1809,2668
529,2125,2654
895,1624,2519
831,3986,4817
339,979,1318
1082,228,1310
569,1765,2334
1321,646,1967
696,1098,1794
1231,2941,4172
977,868,1845
627,1060,1687
812,1783,2595
1544,2621,4165
405,1116,1521
1249,961,2210
1504,670,2174
879,1715,2594
1494,3200,4694
1110,629,1739
43,1074,1117
2871,1936,4807
725,1783,2508
801,550,1351
1522,1587,3109
3877,996,4873
847,584,1431
1334,757,2091
2317,1691,4008
242,830,1072
1407,1031,2438
623,725,1348
2502,1635,4137
431,1063,1494
432,749,1181
1359,1769,3128
899,615,1514
701,546,1247
447,570,1017
1667,1099,2766
456,604,1060
3087,817,3904
498,2158,2656
591,681,1272
1864,848,2712
1615,1842,3457
569,939,1508
402,337,739
1018,1058,2076
1613,1581,3194
707,1896,2603
1198,1818,3016
300,559,859
1901,1142,3043
2834,1050,3884
579,1569,2148
523,598,1121
824,786,1610
2353,1573,3926
827,1389,2216
1670,387,2057
928,632,1560
1588,1556,3144
1516,1674,3190
989,1175,2164
728,1062,1790
855,1630,2485
471,590,1061
1599,1383,2982
740,892,1632
657,1885,2542
1694,1924,3618
881,1030,1911
1511,1409,2920
1222,432,1654
516,1117,1633
1713,369,2082
450,934,1384
1373,483,1856
1399,928,2327
985,1706,2691
1463,1391,2854
975,1065,2040
1446,720,2166
1488,1593,3081
233,1047,1280
178,1307,1485
821,797,1618
422,903,1325
1173,1398,2571
473,1370,1843
653,316,969
441,1605,2046
258,633,891
1066,796,1862
859,1192,2051
1765,860,2625
312,1818,2130
1188,813,2001
1432,1600,3032
1300,629,1929
40,761,801
1194,767,1961
1066,1360,2426
677,329,1006
492,853,1345
89,1337,1426
1742,740,2482
1530,310,1840
1719,1101,2820
345,1204,1549
1333,1322,2655
1467,784,2251
1168,422,1590
750,635,1385
601,999,1600
1345,317,1662
887,611,1498
677,689,1366
675,777,1452
666,771,1437
778,1734,2512
171,802,973
472,1314,1786
528,918,1446
794,1378,2172
540,483,1023
1141,1020,2161
1354,1081,2435
479,1519,1998
64,925,989
623,1536,2159
506,1347,1853
542,2552,3094
724,1490,2214
535,365,900
1597,1398,2995
1472,571,2043
113,1380,1493
557,521,1078
1017,338,1355
1452,572,2024
1065,864,1929
1016,1979,2995
1379,368,1747
583,1417,2000
833,1078,1911
1221,2300,3521
1200,1415,2615
565,1157,1722
1197,604,1801
614,585,1199
757,1505,2262
412,382,794
130,1018,1148
556,1690,2246
495,584,1079
2286,588,2874
1200,1093,2293
186,575,761
198,859,1057
1281,527,1808
758,630,1388
240,1161,1401
843,2073,2916
783,725,1508
192,1421,1613
1612,1372,2984
451,1004,1455
1499,369,1868
356,1604,1960
836,1027,1863
702,653,1355
961,405,1366
823,1189,2012
2229,826,3055
1283,852,2135
1310,1386,2696
1225,1309,2534
742,1014,1756
455,1890,2345
505,715,1220
1025,376,1401
318,418,736
1834,953,2787
340,675,1015
250,762,1012
1073,1289,2362
368,1098,1466
294,671,965
1157,2338,3495
685,1078,1763
491,1111,1602
1175,690,1865
513,302,815
829,2223,3052
640,475,1115
697,997,1694
973,1386,2359
26,723,749
298,2160,2458
398,1027,1425
74,1341,1415
866,2245,3111
434,1280,1714
451,540,991
1215,885,2100
2014,855,2869
187,592,779
846,1023,1869
496,1099,1595
1156,1411,2567
1187,797,1984
977,818,1795
217,793,1010
2152,508,2660
629,750,1379
1215,590,1805
223,862,1085
109,1596,1705
905,1358,2263
1482,1592,3074
559,614,1173
298,986,1284
705,2034,2739
645,1357,2002
392,1144,1536
1637,1856,3493
823,594,1417
185,2048,2233
587,1791,2378
873,575,1448
2203,708,2911
348,1377,1725
947,1107,2054
552,1013,1565
571,825,1396
1991,1550,3541
687,701,1388
313,1313,1626
1338,1181,2519
437,869,1306
637,1109,1746
566,1433,1999
677,674,1351
1092,1187,2279
1233,1251,2484
1585,1303,2888
681,803,1484
1264,817,2081
1660,879,2539
338,1260,1598
1158,1014,2172
1316,874,2190
953,1022,1975
1428,1139,2567
1537,1522,3059
699,1143,1842
496,889,1385
563,911,1474
406,1519,1925
540,1132,1672
1118,626,1744
1274,1453,2727
371,1060,1431
637,536,1173
185,1021,1206
544,1084,1628
1156,814,1970
1117,595,1712
700,821,1521
1017,1460,2477
983,934,1917
660,1150,1810
1504,1300,2804
680,558,1238
1128,917,2045
456,1799,2255
1009,907,1916
763,1020,1783
751,938,1689
1103,1283,2386
647,1148,1795
1053,594,1647
517,1132,1649
506,848,1354
956,1087,2043
929,1605,2534
865,751,1616
760,1162,1922
908,1594,2502
497,796,1293
695,900,1595
241,973,1214
796,1092,1888
997,1028,2025
871,1712,2583
1071,754,1825
306,1022,1328
1454,1404,2858
799,539,1338
920,785,1705
836,1297,2133
899,1268,2167
452,1230,1682
642,394,1036
742,1708,2450
1111,1190,2301
644,728,1372
969,1764,2733
1080,1692,2772
875,1514,2389
1403,1688,3091
479,1793,2272
1714,990,2704
1065,1434,2499
726,2302,3028
1156,1054,2210
757,1143,1900
530,1453,1983
1186,1260,2446
704,1486,2190
1072,669,1741
896,1182,2078
1623,1625,3248
1324,1076,2400
983,2071,3054
1615,1062,2677
1761,1437,3198
1091,1186,2277
100,1303,1403
1159,1192,2351
137,998,1135
1744,882,2626
2101,1177,3278
41,1456,1497
1342,910,2252
93,1407,1500
48,1316,1364
599,810,1409
543,849,1392
174,1125,1299
836,610,1446
2008,614,2622
459,1098,1557
1545,1034,2579
1108,374,1482
702,881,1583
36,1205,1241
160,1090,1250
496,834,1330
212,1366,1578
338,1058,1396
967,968,1935
737,1083,1820
697,370,1067
714,630,1344
327,1019,1346
1047,1011,2058
436,551,987
801,1251,2052
212,1497,1709
1152,966,2118
785,1275,2060
666,1112,1778
953,577,1530
594,1379,1973
400,1051,1451
647,1214,1861
83,643,726
1102,723,1825
740,1558,2298
922,1091,2013
931,1007,1938
1029,1454,2483
1163,1497,2660
911,783,1694
1358,1215,2573
955,1597,2552
965,949,1914
795,1200,1995
987,937,1924
1153,1183,2336
542,1087,1629
958,2134,3092
717,1031,1748
677,643,1320
1374,1123,2497
1041,2103,3144
914,904,1818
171,1265,1436
1332,460,1792
1171,1141,2312
990,1629,2619
517,1360,1877
507,1218,1725
1468,489,1957
606,609,1215
596,2082,2678
1732,639,2371
582,529,1111
890,373,1263
537,1346,1883
714,967,1681
2029,319,2348
678,2578,3256
590,647,1237
552,1520,2072
505,3129,3634
1058,798,1856
1376,598,1974
496,1687,2183
1124,612,1736
728,2856,3584
1174,374,1548
1125,1871,2996
805,1140,1945
1037,867,1904
909,681,1590
1168,2167,3335
1927,1186,3113
1343,655,1998
1718,1463,3181
2478,603,3081
2630,724,3354
1669,351,2020
2050,570,2620
1955,788,2743
35,214,249
180,545,725
1284,1028,2312
36,450,486
169,1002,1171
2215,433,2648
1404,957,2361
46,291,337
2157,978,3135
41,689,730
100,295,395
1440,921,2361
43,989,1032
30,336,366
152,1083,1235
1611,919,2530
168,1240,1408
1558,836,2394
505,844,1349
194,1496,1690
1763,843,2606
213,1498,1711
103,913,1016
641,764,1405
567,959,1526
75,1255,1330
698,713,1411
236,1590,1826
495,414,909
68,570,638
210,1822,2032
539,417,956
35,985,1020
22,1644,1666
563,419,982
906,670,1576
435,1476,1911
199,1534,1733
1246,654,1900
1157,768,1925
45,1763,1808
18,1613,1631
734,671,1405
175,1765,1940
126,1443,1569
646,594,1240
386,860,1246
402,1467,1869
302,412,714
1311,664,1975
759,1377,2136
386,1722,2108
49,368,417
798,1214,2012
183,1845,2028
417,293,710
1331,1053,2384
370,432,802
1135,591,1726
825,1382,2207
466,542,1008
683,788,1471
98,1618,1716
1583,749,2332
421,1905,2326
97,930,1027
1565,1029,2594
1296,907,2203
131,1207,1338
951,1467,2418
72,617,689
1364,1634,2998
155,782,937
1019,1270,2289
37,2083,2120
1085,1222,2307
1417,1109,2526
1099,853,1952
730,1017,1747
1736,839,2575
154,1931,2085
1350,1167,2517
840,878,1718
253,2365,2618
1326,1102,2428
346,3001,3347
559,729,1288
1522,585,2107
1268,2395,3663
341,622,963
206,1378,1584
1861,1812,3673
221,1200,1421
1524,1134,2658
261,931,1192
1041,597,1638
553,1389,1942
757,606,1363
734,538,1272
394,1199,1593
2470,623,3093
793,1341,2134
2037,497,2534
1692,1079,2771
1139,1286,2425
1162,1747,2909
1195,541,1736
490,1313,1803
400,1098,1498
477,1217,1694
955,740,1695
383,1382,1765
2279,831,3110
713,1274,1987
523,770,1293
780,1060,1840
596,1082,1678
465,489,954
1001,828,1829
991,762,1753
396,1395,1791
1604,474,2078
733,491,1224
1198,814,2012
907,364,1271
567,1259,1826
655,1763,2418
463,1102,1565
473,1491,1964
1246,1946,3192
943,1091,2034
670,1114,1784
524,1209,1733
1074,2459,3533
1186,756,1942
1024,581,1605
1259,1266,2525
589,1696,2285
647,591,1238
1270,768,2038
1501,1060,2561
395,1763,2158
348,902,1250
359,1149,1508
514,1033,1547
1369,299,1668
503,377,880
818,1475,2293
1124,1071,2195
968,519,1487
2263,333,2596
1002,1100,2102
622,689,1311
445,589,1034
457,1417,1874
1316,881,2197
435,856,1291
67,1616,1683
765,945,1710
929,433,1362
1019,563,1582
1066,1317,2383
430,834,1264
1614,826,2440
427,1402,1829
150,658,808
136,1218,1354
627,445,1072
655,841,1496
1170,1396,2566
393,632,1025
796,382,1178
716,760,1476
383,572,955
590,1395,1985
686,1038,1724
436,600,1036
865,1349,2214
217,396,613
1265,954,2219
998,686,1684
999,698,1697
812,489,1301
268,568,836
456,1631,2087
1567,954,2521
551,274,825
1271,1011,2282
1540,737,2277
240,1161,1401
179,1246,1425
1428,552,1980
828,909,1737
219,450,669
1402,1700,3102
579,455,1034
605,674,1279
263,713,976
568,655,1223
489,889,1378
408,1097,1505
1242,507,1749
41,706,747
688,524,1212
788,761,1549
269,534,803
1058,898,1956
339,601,940
510,548,1058
633,1282,1915
707,1358,2065
458,527,985
558,727,1285
282,905,1187
521,360,881
265,766,1031
558,956,1514
595,455,1050
279,393,672
401,1379,1780
299,503,802
1222,1702,2924
456,689,1145
620,1252,1872
314,458,772
164,743,907
619,627,1246
828,646,1474
177,469,646
780,2177,2957
33,1013,1046
917,1457,2374
1137,1254,2391
353,538,891
458,494,952
553,1303,1856
337,455,792
1086,1392,2478
1562,1300,2862
1305,2393,3698
341,538,879
662,809,1471
1130,2043,3173
268,626,894
1257,826,2083
84,517,601
1000,1287,2287
1120,1472,2592
1636,1194,2830
296,826,1122
596,766,1362
227,416,643
1079,1203,2282
323,675,998
1299,889,2188
581,599,1180
1495,1976,3471
2150,552,2702
492,914,1406
1317,2133,3450
492,802,1294
832,665,1497
194,652,846
775,417,1192
667,930,1597
97,466,563
243,1176,1419
1306,1005,2311
29,483,512
839,895,1734
714,1094,1808
1042,957,1999
389,910,1299
1747,1046,2793
887,940,1827
446,1141,1587
1344,1054,2398
2253,875,3128
1316,342,1658
1257,763,2020
799,780,1579
1038,840,1878
730,1316,2046
161,392,553
780,949,1729
1813,1254,3067
185,344,529
320,663,983
109,1007,1116
1375,1100,2475
806,675,1481
456,892,1348
805,488,1293
32,836,868
1820,1046,2866
322,518,840
361,757,1118
134,1196,1330
422,1276,1698
340,687,1027
91,1410,1501
831,641,1472
874,1156,2030
56,1445,1501
311,894,1205
571,841,1412
737,621,1358
978,683,1661
525,766,1291
771,860,1631
842,790,1632
352,1579,1931
1080,510,1590
594,516,1110
743,1259,2002
632,715,1347
58,862,920
330,592,922
1099,579,1678
424,1322,1746
830,911,1741
539,409,948
744,1400,2144
569,435,1004
1164,512,1676
35,1158,1193
187,721,908
474,360,834
287,949,1236
982,1056,2038
746,1145,1891
302,501,803
668,637,1305
1233,982,2215
223,1314,1537
519,593,1112
161,1088,1249
83,1562,1645
804,371,1175
528,908,1436
375,1233,1608
880,1937,2817
618,932,1550
1445,975,2420
1239,1017,2256
424,907,1331
944,743,1687
732,1174,1906
908,754,1662
611,3698,4309
811,1320,2131
141,456,597
610,1384,1994
1354,505,1859
236,1097,1333
1168,1678,2846
477,353,830
912,824,1736
1024,601,1625
1459,2050,3509
819,1065,1884
537,1248,1785
314,1850,2164
779,778,1557
1010,1227,2237
215,1266,1481
1161,511,1672
1103,1313,2416
672,872,1544
1689,1135,2824
734,3640,4374
706,1323,2029
1032,1148,2180
1597,1326,2923
865,1416,2281
1726,921,2647
739,748,1487
1676,679,2355
438,1287,1725
473,485,958
510,580,1090
287,820,1107
366,570,936
246,1667,1913
425,4020,4445
281,1896,2177
780,1206,1986
518,371,889
748,588,1336
733,3921,4654
832,644,1476
906,516,1422
894,2043,2937
3267,1406,4673
480,663,1143
783,2262,3045
501,443,944
971,2158,3129
3850,681,4531
285,2282,2567
81,823,904
359,2577,2936
252,1006,1258
468,573,1041
1300,1422,2722
1065,1861,2926
355,540,895
517,771,1288
3483,354,3837
2097,649,2746
1740,1509,3249
176,740,916
1265,579,1844
295,1045,1340
535,1944,2479
584,479,1063
471,994,1465
1752,1217,2969
43,497,540
2148,621,2769
301,695,996
222,975,1197
385,497,882
419,500,919
1628,745,2373
2508,282,2790
1876,446,2322
278,295,573
1220,622,1842
540,677,1217
96,605,701
110,1847,1957
407,1157,1564
1384,395,1779
576,761,1337
306,449,755
401,1153,1554
659,906,1565
637,401,1038
918,334,1252
305,592,897
349,1385,1734
287,433,720
376,487,863
398,729,1127
345,719,1064
452,676,1128
450,742,1192
137,773,910
198,764,962
324,485,809
1118,236,1354
61,916,977
215,631,846
573,1027,1600
345,626,971
561,1239,1800
34,1968,2002
323,680,1003
661,983,1644
39,1612,1651
101,2609,2710
638,544,1182
998,687,1685
421,649,1070
688,363,1051
114,1259,1373
893,764,1657
163,194,357
1038,703,1741
660,677,1337
159,533,692
667,569,1236
1450,382,1832
743,993,1736
1649,1128,2777
906,950,1856
399,698,1097
109,1223,1332
564,712,1276
198,561,759
574,762,1336
646,696,1342
506,1516,2022
193,1621,1814
1941,1241,3182
783,684,1467
365,1569,1934
147,731,878
655,782,1437
1029,984,2013
592,650,1242
482,630,1112
587,479,1066
1405,367,1772
2492,818,3310
206,641,847
1477,332,1809
472,740,1212
775,639,1414
661,289,950
411,1450,1861
441,923,1364
463,537,1000
969,954,1923
549,1522,2071
429,650,1079
390,721,1111
408,907,1315
412,822,1234
82,299,381
610,440,1050
1219,661,1880
453,1245,1698
1515,636,2151
573,697,1270
569,1103,1672
627,1065,1692
782,572,1354
118,463,581
570,547,1117
608,1257,1865
399,427,826
482,411,893
1343,783,2126
505,1032,1537
559,323,882
498,927,1425
1400,624,2024
891,494,1385
856,1109,1965
567,855,1422
430,644,1074
1133,312,1445
1094,1990,3084
276,856,1132
879,305,1184
885,1714,2599
775,663,1438
323,557,880
849,327,1176
1040,1608,2648
365,949,1314
745,356,1101
162,1074,1236
410,346,756
486,806,1292
449,317,766
236,477,713
514,702,1216
265,430,695
1701,359,2060
473,653,1126
886,331,1217
283,1804,2087
1500,551,2051
850,1432,2282
765,1559,2324
635,473,1108
83,439,522
823,356,1179
180,611,791
1009,1206,2215
1572,503,2075
388,1396,1784
553,924,1477
1744,493,2237
236,609,845
281,789,1070
1421,330,1751
63,698,761
455,463,918
278,392,670
1030,349,1379
505,983,1488
206,1574,1780
329,633,962
127,1214,1341
122,822,944
629,342,971
399,447,846
454,1441,1895
643,840,1483
1151,791,1942
540,452,992
373,649,1022
179,1308,1487
184,937,1121
442,324,766
250,454,704
360,636,996
601,679,1280
223,865,1088
395,1095,1490
715,984,1699
250,535,785
343,412,755
516,460,976
1125,626,1751
721,526,1247
1345,770,2115
1119,577,1696
405,1631,2036
58,624,682
307,928,1235
1018,1823,2841
954,410,1364
498,2126,2624
586,2272,2858
605,486,1091
651,864,1515
1271,1120,2391
724,1845,2569
742,1219,1961
1373,1266,2639
502,394,896
1661,843,2504
312,379,691
608,919,1527
2170,385,2555
719,687,1406
844,497,1341
959,1075,2034
98,818,916
598,876,1474
486,981,1467
1068,420,1488
443,705,1148
999,593,1592
1738,355,2093
1449,1203,2652
444,1035,1479
475,972,1447
258,1078,1336
586,1045,1631
393,1006,1399
792,1048,1840
452,1063,1515
404,484,888
1494,1453,2947
966,420,1386
424,883,1307
728,867,1595
1131,531,1662
359,584,943
869,732,1601
802,464,1266
356,783,1139
208,627,835
730,474,1204
2045,1061,3106
272,1436,1708
713,399,1112
464,703,1167
387,1631,2018
842,1277,2119
461,860,1321
565,1208,1773
316,739,1055
614,583,1197
1031,1307,2338
355,646,1001
723,876,1599
782,470,1252
1361,957,2318
614,1594,2208
1146,664,1810
900,991,1891
132,1185,1317
599,1404,2003
941,728,1669
929,572,1501
1337,545,1882
887,382,1269
25,737,762
726,556,1282
82,770,852
1135,860,1995
195,1894,2089
270,702,972
100,865,965
42,772,814
426,1919,2345
305,672,977
52,699,751
105,755,860
466,568,1034
1009,856,1865
1474,507,1981
304,659,963
303,669,972
1133,1255,2388
1003,1072,2075
90,873,963
339,652,991
517,521,1038
1430,1148,2578
550,727,1277
552,813,1365
503,623,1126
550,468,1018
1777,777,2554
667,666,1333
1121,1143,2264
518,899,1417
1323,1006,2329
655,686,1341
274,652,926
377,1293,1670
589,832,1421
1736,865,2601
496,757,1253
708,937,1645
490,1412,1902
505,2209,2714
801,515,1316
602,751,1353
1118,595,1713
314,998,1312
1083,962,2045
486,991,1477
436,825,1261
740,1171,1911
551,1593,2144
801,813,1614
1131,1246,2377
815,842,1657
689,2266,2955
1067,754,1821
739,1057,1796
463,2234,2697
478,766,1244
787,957,1744
643,1337,1980
1836,878,2714
602,833,1435
1343,545,1888
509,811,1320
768,766,1534
741,711,1452
359,1196,1555
515,498,1013
2146,744,2890
413,2024,2437
2071,721,2792
603,789,1392
616,669,1285
1083,879,1962
648,812,1460
527,1786,2313
763,1495,2258
714,954,1668
727,1587,2314
992,561,1553
640,436,1076
1275,1061,2336
645,1152,1797
777,1684,2461
812,1090,1902
375,438,813
384,1539,1923
1083,1884,2967
556,1832,2388
688,1275,1963
121,2071,2192
234,3352,3586
394,391,785
697,1123,1820
889,2921,3810
63,610,673
886,1823,2709
776,662,1438
1880,2062,3942
81,855,936
843,1753,2596
3149,557,3706
293,717,1010
466,2141,2607
186,2042,2228
2731,373,3104
803,1667,2470
440,583,1023
801,1459,2260
63,772,835
607,716,1323
1167,1497,2664
1524,786,2310
232,2441,2673
1883,343,2226
1672,674,2346
1299,420,1719
736,327,1063
102,1127,1229
120,895,1015
665,1147,1812
276,1966,2242
622,663,1285
1160,1564,2724
1822,1193,3015
1390,477,1867
195,441,636
1777,1004,2781
1729,1021,2750
236,618,854
1250,477,1727
1881,935,2816
2069,301,2370
564,472,1036
272,1061,1333
1400,762,2162
185,1040,1225
167,623,790
377,780,1157
352,1186,1538
374,633,1007
212,787,999
508,426,934
599,1190,1789
692,356,1048
554,478,1032
115,601,716
2330,472,2802
183,630,813
252,1037,1289
687,348,1035
1525,1105,2630
760,1057,1817
670,1028,1698
383,1507,1890
208,407,615
280,1020,1300
234,1738,1972
284,1927,2211
684,1269,1953
786,598,1384
556,1359,1915
194,637,831
873,1116,1989
839,492,1331
265,1257,1522
375,609,984
1073,1604,2677
128,1843,1971
630,1808,2438
293,1996,2289
1203,427,1630
1578,909,2487
1010,528,1538
377,961,1338
1074,1081,2155
435,1212,1647
815,1332,2147
1731,578,2309
230,1784,2014
119,2098,2217
1394,747,2141
325,1510,1835
1446,491,1937
860,817,1677
1132,757,1889
618,2149,2767
1669,231,1900
676,2158,2834
1038,1948,2986
400,483,883
474,1176,1650
209,1853,2062
1313,561,1874
715,1754,2469
1259,223,1482
271,1344,1615
828,906,1734
285,1020,1305
382,1734,2116
1711,456,2167
309,919,1228
468,994,1462
1992,510,2502
463,828,1291
1150,1843,2993
756,405,1161
1123,251,1374
1165,968,2133
517,780,1297
594,702,1296
902,1265,2167
450,1630,2080
1845,602,2447
878,811,1689
1104,1108,2212
1200,1434,2634
987,501,1488
2032,1507,3539
742,786,1528
1798,510,2308
2088,1154,3242
770,446,1216
28,263,291
1626,1133,2759
668,876,1544
533,967,1500
28,491,519
212,1663,1875
47,855,902
248,1474,1722
1635,1250,2885
27,738,765
1233,1171,2404
1286,750,2036
1064,374,1438
149,626,775
556,595,1151
1663,553,2216
150,794,944
192,810,1002
1677,1287,2964
34,891,925
1522,1320,2842
44,649,693
1715,1297,3012
1120,972,2092
25,1261,1286
835,2141,2976
871,487,1358
265,785,1050
78,1029,1107
933,476,1409
383,638,1021
730,456,1186
575,747,1322
1046,298,1344
245,1041,1286
821,587,1408
348,796,1144
381,2270,2651
682,1077,1759
725,459,1184
283,2241,2524
275,1481,1756
554,777,1331
653,496,1149
414,1093,1507
2007,565,2572
447,774,1221
350,323,673
1107,578,1685
479,313,792
826,931,1757
335,1260,1595
23,919,942
660,1053,1713
572,469,1041
2133,487,2620
373,781,1154
430,477,907
637,939,1576
1549,469,2018
560,636,1196
465,767,1232
534,1073,1607
377,495,872
840,638,1478
355,781,1136
745,1035,1780
436,463,899
822,1092,1914
53,1512,1565
639,514,1153
799,1070,1869
471,433,904
690,304,994
1006,789,1795
906,541,1447
183,473,656
683,431,1114
471,761,1232
281,830,1111
702,489,1191
705,634,1339
670,1201,1871
507,819,1326
851,396,1247
225,1063,1288
540,1406,1946
676,622,1298
938,584,1522
134,676,810
220,528,748
593,707,1300
408,1676,2084
181,1466,1647
411,452,863
333,1023,1356
1114,1317,2431
721,401,1122
477,508,985
233,478,711
1415,1258,2673
267,683,950
973,1323,2296
347,1001,1348
409,1269,1678
715,814,1529
763,560,1323
323,863,1186
1175,787,1962
454,489,943
1341,907,2248
491,475,966
1092,1313,2405
503,766,1269
586,1253,1839
791,716,1507
489,566,1055
502,1027,1529
786,1733,2519
444,688,1132
1018,617,1635
248,594,842
982,1724,2706
436,918,1354
1379,650,2029
497,1466,1963
111,723,834
537,880,1417
1460,772,2232
875,677,1552
1054,862,1916
341,763,1104
1144,945,2089
882,753,1635
542,611,1153
1535,471,2006
742,952,1694
444,551,995
1680,481,2161
943,775,1718
1198,516,1714
175,961,1136
1311,489,1800
567,631,1198
802,1043,1845
346,851,1197
1202,646,1848
1300,707,2007
662,972,1634
472,896,1368
186,709,895
235,393,628
517,688,1205
840,406,1246
498,539,1037
255,1514,1769
317,556,873
917,940,1857
599,1260,1859
412,986,1398
739,720,1459
367,962,1329
717,700,1417
492,724,1216
384,590,974
574,1159,1733
319,928,1247
407,844,1251
204,660,864
82,1023,1105
284,898,1182
484,815,1299
457,1235,1692
823,891,1714
539,1194,1733
485,1482,1967
974,934,1908
405,906,1311
133,1177,1310
622,744,1366
569,936,1505
612,744,1356
1438,663,2101
525,386,911
1069,470,1539
853,615,1468
573,616,1189
889,1206,2095
693,780,1473
584,578,1162
678,429,1107
517,614,1131
672,1116,1788
592,791,1383
187,572,759
722,746,1468
241,1164,1405
885,730,1615
459,374,833
808,548,1356
1148,685,1833
631,604,1235
813,305,1118
933,709,1642
376,539,915
804,753,1557
421,758,1179
505,716,1221
647,1823,2470
192,686,878
608,1600,2208
463,448,911
949,1287,2236
1127,1174,2301
395,1172,1567
1230,775,2005
1031,983,2014
893,1492,2385
867,1316,2183
616,966,1582
464,153,617
465,2390,2855
705,1134,1839
359,1406,1765
365,1380,1745
422,1261,1683
622,1034,1656
166,2409,2575
422,1359,1781
634,1267,1901
491,2383,2874
211,1476,1687
1481,255,1736
112,265,377
257,1429,1686
2422,456,2878
209,1427,1636
575,928,1503
1034,1402,2436
1177,536,1713
1000,789,1789
175,684,859
500,1561,2061
1068,398,1466
1314,486,1800
1147,578,1725
301,2104,2405
2427,441,2868
553,853,1406
77,757,834
1267,661,1928
2148,485,2633
237,770,1007
1041,653,1694
421,2120,2541
24,1511,1535
687,463,1150
201,961,1162
1212,1019,2231
1287,554,1841
1142,301,1443
286,567,853
696,867,1563
805,1982,2787
330,737,1067
1351,761,2112
490,445,935
1905,589,2494
863,505,1368
1244,867,2111
1951,576,2527
275,744,1019
346,725,1071
259,719,978
1759,513,2272
1307,993,2300
512,1208,1720
614,523,1137
291,360,651
241,880,1121
354,755,1109
537,772,1309
129,674,803
431,705,1136
804,672,1476
1433,1331,2764
252,661,913
374,343,717
321,1027,1348
453,844,1297
1417,1076,2493
541,700,1241
145,696,841
373,571,944
563,1339,1902
616,1286,1902
1001,792,1793
51,477,528
222,1140,1362
288,679,967
126,744,870
1409,1419,2828
565,630,1195
501,1361,1862
402,1022,1424
778,791,1569
1306,2016,3322
468,642,1110
543,847,1390
247,676,923
843,1069,1912
317,715,1032
429,673,1102
1025,444,1469
462,1050,1512
365,894,1259
375,799,1174
805,549,1354
713,1049,1762
967,2128,3095
450,923,1373
243,890,1133
891,1158,2049
1292,1262,2554
314,1164,1478
284,766,1050
1229,1026,2255
885,515,1400
561,1502,2063
204,578,782
752,578,1330
592,518,1110
707,1416,2123
354,484,838
549,977,1526
422,1208,1630
542,648,1190
463,474,937
649,815,1464
582,1235,1817
583,929,1512
1986,560,2546
997,532,1529
762,820,1582
1597,953,2550
696,708,1404
534,924,1458
1012,1011,2023
996,695,1691
602,751,1353
1019,1090,2109
1219,1414,2633
409,311,720
498,1110,1608
1413,408,1821
871,808,1679
318,613,931
303,1122,1425
758,1133,1891
860,966,1826
367,631,998
1012,1295,2307
426,805,1231
942,1316,2258
879,1006,1885
503,981,1484
642,669,1311
1116,995,2111
723,1123,1846
642,541,1183
1227,699,1926
698,715,1413
932,542,1474
494,914,1408
534,663,1197
654,721,1375
992,821,1813
714,734,1448
1141,989,2130
261,701,962
1182,476,1658
840,574,1414
283,992,1275
891,684,1575
729,961,1690
1271,452,1723
228,598,826
831,593,1424
608,886,1494
579,975,1554
913,459,1372
760,408,1168
607,709,1316
738,542,1280
542,385,927
992,844,1836
430,810,1240
1045,624,1669
454,1166,1620
359,474,833
935,891,1826
674,408,1082
280,991,1271
496,677,1173
783,503,1286
451,381,832
634,985,1619
480,1377,1857
600,764,1364
876,775,1651
999,731,1730
765,1042,1807
634,1033,1667
520,999,1519
567,1409,1976
1092,691,1783
451,674,1125
863,601,1464
1303,544,1847
898,803,1701
226,1030,1256
828,1105,1933
916,328,1244
549,1082,1631
791,636,1427
825,188,1013
506,1155,1661
67,386,453
889,631,1520
909,859,1768
453,1154,1607
275,698,973
764,1015,1779
915,437,1352
400,472,872
499,1428,1927
1329,604,1933
561,574,1135
418,1203,1621
439,658,1097
608,895,1503
302,741,1043
494,751,1245
324,682,1006
736,1335,2071
619,271,890
561,599,1160
560,440,1000
120,1157,1277
592,1105,1697
781,607,1388
339,622,961
177,1313,1490
464,1546,2010
379,477,856
1079,468,1547
982,1199,2181
495,758,1253
212,951,1163
709,595,1304
392,487,879
200,958,1158
351,905,1256
466,737,1203
1095,466,1561
1308,1093,2401
1070,649,1719
1243,400,1643
368,598,966
124,984,1108
516,854,1370
250,400,650
893,1050,1943
307,408,715
845,1027,1872
370,232,602
667,597,1264
490,808,1298
710,930,1640
644,647,1291
51,229,280
575,979,1554
430,498,928
513,543,1056
895,563,1458
787,970,1757
483,853,1336
531,1191,1722
838,1325,2163
501,892,1393
103,235,338
285,772,1057
886,581,1467
170,466,636
248,897,1145
839,1109,1948
1441,968,2409
225,505,730
887,654,1541
1127,747,1874
708,1043,1751
837,1146,1983
1123,1389,2512
488,849,1337
494,705,1199
226,498,724
947,1259,2206
439,859,1298
1378,414,1792
390,482,872
319,1083,1402
435,1088,1523
848,639,1487
664,1194,1858
876,782,1658
885,936,1821
385,1367,1752
1334,537,1871
832,760,1592
1075,576,1651
957,845,1802
468,598,1066
751,611,1362
585,1159,1744
565,738,1303
865,795,1660
1298,642,1940
349,453,802
747,795,1542
835,591,1426
1010,466,1476
475,758,1233
630,1001,1631
752,1351,2103
1211,466,1677
330,695,1025
1087,756,1843
533,928,1461
638,649,1287
362,695,1057
200,955,1155
953,650,1603
917,1321,2238
959,646,1605
556,338,894
217,805,1022
577,1163,1740
781,611,1392
826,691,1517
322,1085,1407
570,475,1045
594,630,1224
556,1454,2010
1036,937,1973
615,353,968
390,931,1321
537,586,1123
636,874,1510
380,810,1190
683,809,1492
559,739,1298
460,973,1433
259,602,861
1331,820,2151
1068,676,1744
182,583,765
457,1016,1473
407,802,1209
962,898,1860
503,763,1266
542,832,1374
651,1031,1682
1178,754,1932
871,1097,1968
531,284,815
333,905,1238
461,979,1440
806,738,1544
790,654,1444
554,686,1240
869,739,1608
539,1180,1719
676,540,1216
526,1106,1632
388,456,844
472,1687,2159
1030,519,1549
483,1069,1552
645,672,1317
854,1241,2095
736,1129,1865
804,687,1491
705,1069,1774
824,811,1635
834,1017,1851
448,631,1079
1075,785,1860
927,928,1855
608,1088,1696
1054,499,1553
769,691,1460
657,988,1645
664,1800,2464
631,795,1426
944,445,1389
611,1161,1772
907,529,1436
539,2549,3088
460,1151,1611
959,1803,2762
683,473,1156
323,891,1214
683,1856,2539
1032,1187,2219
620,345,965
1004,247,1251
594,841,1435
956,1465,2421
658,1643,2301
284,430,714
645,852,1497
634,487,1121
445,1778,2223
492,1680,2172
372,435,807
733,848,1581
535,765,1300
389,1753,2142
1174,1332,2506
1583,1325,2908
48,1817,1865
619,2477,3096
1008,861,1869
705,789,1494
96,840,936
330,483,813
915,1352,2267
1902,1407,3309
141,958,1099
680,2254,2934
1576,1007,2583
607,550,1157
1050,320,1370
401,1503,1904
1300,668,1968
1119,713,1832
870,2075,2945
657,435,1092
1373,520,1893
83,700,783
755,585,1340
91,747,838
1583,598,2181
767,971,1738
1245,840,2085
940,1877,2817
1261,185,1446
1369,740,2109
1259,767,2026
542,354,896
1741,778,2519
1601,1110,2711
442,630,1072
539,492,1031
1389,708,2097
126,196,322
166,680,846
1932,775,2707
1235,396,1631
701,392,1093
143,649,792
1284,844,2128
192,653,845
238,698,936
480,635,1115
125,383,508
2008,786,2794
1124,664,1788
1048,781,1829
150,309,459
150,783,933
64,985,1049
445,540,985
247,692,939
541,355,896
67,534,601
86,1205,1291
92,599,691
69,996,1065
141,643,784
619,631,1250
31,1002,1033
400,582,982
1698,1048,2746
40,559,599
652,659,1311
698,971,1669
318,1150,1468
401,373,774
740,1118,1858
476,1058,1534
434,798,1232
453,414,867
190,488,678
993,567,1560
822,603,1425
525,413,938
606,804,1410
367,382,749
791,770,1561
99,1216,1315
324,1159,1483
237,764,1001
741,321,1062
875,609,1484
444,1137,1581
466,681,1147
463,3217,3680
745,901,1646
686,577,1263
515,3765,4280
508,1276,1784
821,596,1417
279,918,1197
775,430,1205
607,550,1157
425,643,1068
615,592,1207
416,586,1002
410,606,1016
482,1003,1485
440,3740,4180
154,587,741
451,612,1063
3034,1004,4038
311,1267,1578
484,509,993
340,694,1034
833,1013,1846
200,930,1130
427,462,889
996,756,1752
386,398,784
406,488,894
3616,465,4081
280,1204,1484
686,840,1526
241,346,587
1108,725,1833
3660,654,4314
312,1222,1534
543,790,1333
500,450,950
762,522,1284
627,1375,2002
931,713,1644
1151,679,1830
786,1221,2007
1038,782,1820
156,417,573
237,514,751
95,1238,1333
671,1201,1872
304,525,829
256,869,1125
150,1433,1583
422,1173,1595
878,621,1499
1162,494,1656
214,858,1072
271,705,976
568,825,1393
887,496,1383
326,866,1192
1161,924,2085
364,957,1321
1091,328,1419
292,782,1074
1218,710,1928
370,967,1337
304,313,617
653,721,1374
960,632,1592
346,327,673
1081,587,1668
550,890,1440
664,665,1329
689,468,1157
130,380,510
601,1837,2438
617,674,1291
264,1033,1297
204,374,578
560,522,1082
539,889,1428
233,359,592
743,732,1475
367,1198,1565
1048,606,1654
74,363,437
207,1335,1542
504,1130,1634
607,863,1470
163,329,492
737,727,1464
583,1464,2047
362,578,940
508,1376,1884
361,991,1352
530,350,880
440,584,1024
207,339,546
751,1543,2294
685,1067,1752
277,464,741
489,808,1297
1666,733,2399
905,1176,2081
214,397,611
598,635,1233
265,405,670
510,1389,1899
354,312,666
861,1320,2181
1046,473,1519
569,1719,2288
1294,761,2055
749,671,1420
742,713,1455
1380,800,2180
1328,574,1902
1006,722,1728
1293,697,1990
241,237,478
493,541,1034
887,854,1741
730,1436,2166
651,937,1588
1258,686,1944
1666,309,1975
492,837,1329
863,1295,2158
281,441,722
581,521,1102
583,1606,2189
270,1589,1859
206,622,828
586,948,1534
1079,619,1698
499,1552,2051
156,638,794
724,415,1139
1107,636,1743
1190,620,1810
363,479,842
445,504,949
528,579,1107
297,766,1063
1419,453,1872
330,298,628
459,583,1042
72,585,657
603,868,1471
1501,283,1784
1413,265,1678
484,585,1069
208,503,711
849,779,1628
380,385,765
611,849,1460
579,1560,2139
387,297,684
669,940,1609
758,351,1109
523,281,804
284,452,736
462,320,782
888,656,1544
572,365,937
157,2172,2329
496,583,1079
440,587,1027
771,1712,2483
854,1032,1886
431,502,933
340,563,903
754,778,1532
1092,1776,2868
438,599,1037
422,609,1031
697,940,1637
494,487,981
403,660,1063
620,910,1530
172,816,988
335,514,849
411,1875,2286
521,709,1230
1479,1057,2536
512,869,1381
57,370,427
371,979,1350
783,691,1474
404,632,1036
455,2360,2815
77,1004,1081
840,864,1704
487,562,1049
22,608,630
566,1709,2275
29,914,943
735,337,1072
1979,716,2695
37,610,647
287,2477,2764
267,380,647
608,545,1153
232,839,1071
1680,1128,2808
286,981,1267
339,516,855
391,681,1072
1639,915,2554
2250,660,2910
707,719,1426
327,351,678
2350,539,2889
484,656,1140
157,958,1115
194,526,720
119,1158,1277
843,1814,2657
198,1405,1603
252,549,801
1011,1078,2089
463,868,1331
286,510,796
681,970,1651
491,946,1437
725,714,1439
845,659,1504
780,899,1679
1025,393,1418
476,915,1391
559,736,1295
1680,1346,3026
445,350,795
637,682,1319
393,1265,1658
354,887,1241
424,1252,1676
865,856,1721
230,1330,1560
478,1634,2112
1294,606,1900
1658,1626,3284
416,458,874
829,681,1510
1076,1047,2123
1701,1204,2905
483,647,1130
703,744,1447
1046,684,1730
447,974,1421
398,595,993
583,882,1465
805,608,1413
665,620,1285
772,857,1629
611,799,1410
1051,743,1794
564,1156,1720
1455,393,1848
535,637,1172
208,985,1193
582,999,1581
747,614,1361
751,1054,1805
1238,792,2030
256,739,995
1389,676,2065
833,844,1677
875,543,1418
1107,720,1827
505,479,984
574,860,1434
830,949,1779
639,1094,1733
1225,862,2087
379,904,1283
715,954,1669
450,1408,1858
600,1053,1653
677,1013,1690
1098,817,1915
223,1033,1256
805,1368,2173
700,808,1508
532,774,1306
680,1383,2063
964,621,1585
726,798,1524
903,1083,1986
444,267,711
609,959,1568
616,1682,2298
935,1063,1998
531,1401,1932
502,1611,2113
638,1023,1661
878,1339,2217
557,1441,1998
523,1686,2209
478,939,1417
949,1500,2449
658,937,1595
818,1086,1904
546,1127,1673
744,1076,1820
763,439,1202
750,1255,2005
540,1234,1774
1316,698,2014
671,428,1099
729,1035,1764
201,1079,1280
827,1214,2041
545,691,1236
1010,969,1979
713,1131,1844
659,660,1319
743,273,1016
1256,564,1820
1029,1289,2318
565,663,1228
1520,661,2181
748,485,1233
994,890,1884
1213,787,2000
986,1247,2233
720,837,1557
137,320,457
1383,853,2236
967,695,1662
1463,795,2258
610,453,1063
539,1252,1791
326,1086,1412
1037,1439,2476
995,806,1801
580,1342,1922
734,940,1674
977,462,1439
1323,1282,2605
486,610,1096
931,661,1592
152,1270,1422
91,409,500
794,344,1138
264,965,1229
323,1259,1582
1034,934,1968
1066,1140,2206
830,374,1204
835,677,1512
111,1075,1186
588,304,892
1076,401,1477
484,762,1246
944,908,1852
771,544,1315
493,854,1347
194,317,511
654,676,1330
718,774,1492
156,1230,1386
323,314,637
1093,714,1807
1367,749,2116
372,1221,1593
955,562,1517
201,864,1065
468,1186,1654
802,594,1396
484,786,1270
313,1250,1563
406,711,1117
310,1141,1451
1111,305,1416
1235,798,2033
545,738,1283
729,735,1464
460,1022,1482
1042,748,1790
627,787,1414
705,889,1594
65,309,374
510,739,1249
1123,614,1737
102,796,898
236,839,1075
717,694,1411
240,722,962
1097,354,1451
695,822,1517
419,858,1277
682,1193,1875
902,677,1579
1147,264,1411
666,798,1464
1016,571,1587
707,627,1334
595,625,1220
675,723,1398
50,576,626
401,1066,1467
603,1145,1748
415,734,1149
621,669,1290
790,1669,2459
688,620,1308
525,1019,1544
1127,1349,2476
45,831,876
614,814,1428
492,1289,1781
616,873,1489
726,782,1508
308,302,610
624,404,1028
290,763,1053
941,1162,2103
288,752,1040
56,1076,1132
739,1344,2083
423,1362,1785
688,434,1122
412,649,1061
913,1119,2032
671,359,1030
1564,726,2290
382,880,1262
16,825,841
414,368,782
631,993,1624
682,694,1376
337,784,1121
130,1032,1162
26,625,651
658,1007,1665
610,698,1308
359,973,1332
239,322,561
751,679,1430
459,995,1454
649,811,1460
289,488,777
39,1158,1197
20,1627,1647
65,520,585
348,1486,1834
435,687,1122
447,689,1136
1039,992,2031
107,566,673
645,721,1366
145,1350,1495
683,1004,1687
631,972,1603
731,1424,2155
782,808,1590
686,1401,2087
562,547,1109
897,838,1735
612,753,1365
435,306,741
485,699,1184
854,908,1762
458,1419,1877
1029,1328,2357
354,519,873
493,645,1138
697,1315,2012
566,626,1192
805,981,1786
622,382,1004
443,793,1236
1265,322,1587
370,870,1240
457,552,1009
111,1728,1839
1433,1042,2475
648,2138,2786
975,1025,2000
928,1876,2804
973,1933,2906
364,1155,1519
934,1664,2598
848,1465,2313
681,1221,1902
805,1204,2009
1066,1519,2585
1228,314,1542
452,1231,1683
534,1522,2056
1766,261,2027
1228,1199,2427
417,438,855
1545,787,2332
1290,2038,3328
808,2057,2865
113,881,994
889,1536,2425
1398,1802,3200
1291,905,2196
811,2114,2925
1136,1139,2275
754,1826,2580
1606,547,2153
530,1681,2211
1048,704,1752
1353,1154,2507
27,658,685
1499,1914,3413
775,1648,2423
1050,1204,2254
1811,762,2573
1244,658,1902
1336,981,2317
1351,1057,2408
379,519,898
752,2048,2800
153,1052,1205
1325,1058,2383
2015,1558,3573
223,1340,1563
27,594,621
398,679,1077
1526,1156,2682
985,1332,2317
450,547,997
1936,371,2307
60,1141,1201
89,1141,1230
391,899,1290
1796,1760,3556
1911,1183,3094
226,978,1204
304,932,1236
1405,1523,2928
510,514,1024
108,1238,1346
1011,695,1706
695,369,1064
120,1198,1318
497,926,1423
548,449,997
101,823,924
583,895,1478
210,917,1127
623,839,1462
347,1074,1421
155,1066,1221
798,715,1513
815,517,1332
651,709,1360
306,513,819
1020,477,1497
693,811,1504
335,821,1156
492,986,1478
885,676,1561
748,427,1175
601,1076,1677
734,856,1590
444,369,813
562,439,1001
798,901,1699
452,790,1242
294,897,1191
1124,429,1553
1158,585,1743
624,437,1061
615,909,1524
325,1291,1616
398,511,909
933,1032,1965
835,482,1317
389,1517,1906
368,405,773
922,1123,2045
413,848,1261
831,574,1405
921,419,1340
599,607,1206
1077,753,1830
180,729,909
850,975,1825
328,1484,1812
422,950,1372
449,761,1210
242,989,1231
850,828,1678
1148,871,2019
389,953,1342
734,675,1409
220,1071,1291
1052,455,1507
726,549,1275
726,820,1546
557,1042,1599
733,810,1543
753,860,1613
343,1163,1506
899,400,1299
386,404,790
660,830,1490
703,472,1175
383,858,1241
1302,469,1771
649,840,1489
322,755,1077
349,834,1183
712,789,1501
1001,644,1645
837,1034,1871
405,1068,1473
766,478,1244
506,1159,1665
497,884,1381
563,519,1082
137,855,992
614,882,1496
923,732,1655
680,847,1527
726,1166,1892
487,729,1216
358,614,972
1377,783,2160
729,498,1227
601,446,1047
300,602,902
739,959,1698
472,895,1367
647,460,1107
963,666,1629
374,1014,1388
783,690,1473
204,938,1142
941,550,1491
715,622,1337
641,635,1276
371,639,1010
1045,558,1603
547,646,1193
402,572,974
663,1063,1726
607,1077,1684
741,520,1261
505,692,1197
239,964,1203
377,816,1193
569,942,1511
899,667,1566
762,654,1416
439,797,1236
599,977,1576
887,1035,1922
621,598,1219
770,802,1572
366,814,1180
565,952,1517
851,1684,2535
693,1169,1862
968,331,1299
369,1113,1482
856,665,1521
1071,1111,2182
924,474,1398
314,974,1288
605,710,1315
885,1183,2068
930,628,1558
650,448,1098
486,955,1441
800,816,1616
555,1182,1737
72,651,723
999,547,1546
424,1472,1896
678,1297,1975
857,1031,1888
587,865,1452
867,1073,1940
232,543,775
515,1605,2120
755,794,1549
805,790,1595
305,689,994
569,988,1557
809,853,1662
615,1517,2132
688,961,1649
800,1280,2080
516,1325,1841
534,1331,1865
348,1373,1721
527,519,1046
457,1680,2137
785,1205,1990
1249,360,1609
590,1802,2392
991,807,1798
511,1308,1819
1555,539,2094
586,1208,1794
689,897,1586
193,635,828
260,845,1105
1371,699,2070
791,811,1602
322,1822,2144
888,658,1546
992,992,1984
831,1364,2195
405,1178,1583
203,1990,2193
392,606,998
601,557,1158
1230,671,1901
600,804,1404
865,673,1538
980,607,1587
1153,653,1806
928,1482,2410
1193,611,1804
1727,464,2191
1244,801,2045
829,782,1611
1640,645,2285
863,763,1626
875,643,1518
562,624,1186
427,1520,1947
406,604,1010
973,760,1733
1222,688,1910
428,625,1053
878,798,1676
1861,474,2335
573,464,1037
447,610,1057
463,785,1248
110,695,805
1150,731,1881
645,478,1123
479,1145,1624
454,606,1060
561,1214,1775
430,687,1117
410,946,1356
515,604,1119
891,1224,2115
619,467,1086
558,441,999
432,1072,1504
623,805,1428
390,589,979
1370,608,1978
684,996,1680
456,639,1095
559,791,1350
266,724,990
482,581,1063
198,1054,1252
1399,812,2211
969,516,1485
407,800,1207
503,509,1012
976,627,1603
716,1494,2210
627,587,1214
548,670,1218
795,635,1430
344,1842,2186
1179,595,1774
574,1351,1925
437,928,1365
649,1133,1782
642,571,1213
645,568,1213
708,763,1471
488,561,1049
543,1008,1551
740,956,1696
1206,610,1816
460,418,878
421,1328,1749
1027,722,1749
728,730,1458
501,435,936
317,659,976
951,636,1587
846,589,1435
1052,516,1568
678,430,1108
767,892,1659
278,735,1013
774,472,1246
457,451,908
332,627,959
592,575,1167
427,526,953
585,1586,2171
830,1388,2218
369,537,906
417,429,846
877,882,1759
449,403,852
1365,1612,2977
426,546,972
351,431,782
537,878,1415
962,658,1620
404,494,898
23,465,488
1175,1613,2788
1704,1047,2751
1306,1274,2580
434,550,984
378,2148,2526
261,633,894
1486,580,2066
104,454,558
402,833,1235
1197,1503,2700
401,545,946
484,1378,1862
420,531,951
1475,1583,3058
510,487,997
464,549,1013
465,695,1160
776,1445,2221
382,599,981
540,1227,1767
608,376,984
1442,959,2401
555,1439,1994
145,1227,1372
398,647,1045
482,2123,2605
356,2107,2463
954,586,1540
740,2433,3173
1290,654,1944
543,1837,2380
424,995,1419
768,1116,1884
847,1778,2625
1294,1108,2402
1281,789,2070
499,1317,1816
1185,801,1986
2070,1071,3141
294,498,792
356,358,714
454,926,1380
2056,890,2946
780,1596,2376
1995,460,2455
1489,679,2168
200,1571,1771
579,1040,1619
359,775,1134
446,717,1163
874,827,1701
976,699,1675
1057,740,1797
115,804,919
1496,492,1988
411,1580,1991
1183,810,1993
526,986,1512
951,634,1585
1039,1019,2058
703,766,1469
2113,423,2536
199,640,839
980,1028,2008
1205,915,2120
472,737,1209
263,897,1160
738,640,1378
351,965,1316
1552,695,2247
913,768,1681
906,844,1750
420,484,904
491,818,1309
1502,763,2265
296,524,820
918,628,1546
573,769,1342
345,518,863
1481,951,2432
860,502,1362
594,869,1463
149,883,1032
1445,965,2410
225,873,1098
557,612,1169
563,1149,1712
515,847,1362
430,481,911
598,974,1572
497,510,1007
282,1089,1371
661,1020,1681
334,720,1054
760,866,1626
610,936,1546
564,732,1296
575,1249,1824
439,409,848
617,726,1343
920,855,1775
608,781,1389
911,519,1430
369,653,1022
658,885,1543
745,1075,1820
528,525,1053
1039,355,1394
1103,496,1599
750,1205,1955
845,620,1465
785,353,1138
416,661,1077
414,983,1397
671,696,1367
926,589,1515
268,693,961
505,988,1493
559,1200,1759
496,454,950
575,1747,2322
816,336,1152
448,1131,1579
435,1115,1550
619,1419,2038
23,599,622
642,319,961
400,1142,1542
783,1086,1869
520,1103,1623
281,706,987
355,975,1330
585,438,1023
645,1120,1765
343,519,862
372,393,765
783,1008,1791
1608,321,1929
539,1448,1987
322,704,1026
754,319,1073
346,729,1075
999,816,1815
918,1001,1919
85,623,708
984,838,1822
939,948,1887
209,813,1022
797,404,1201
555,655,1210
492,650,1142
199,945,1144
1024,901,1925
418,590,1008
124,704,828
526,669,1195
664,1275,1939
1338,421,1759
469,589,1058
528,700,1228
870,652,1522
1318,709,2027
1074,748,1822
294,976,1270
701,1604,2305
878,1022,1900
1097,757,1854
856,378,1234
505,1084,1589
838,662,1500
299,554,853
713,938,1651
643,1668,2311
544,1034,1578
173,1205,1378
722,1477,2199
177,1033,1210
355,1277,1632
384,1373,1757
652,1393,2045
748,1283,2031
705,1331,2036
666,1543,2209
536,1129,1665
163,778,941
483,1176,1659
1010,629,1639
860,1037,1897
423,948,1371
1164,1109,2273
351,588,939
1412,538,1950
549,1448,1997
1364,1117,2481
116,1039,1155
178,1260,1438
767,698,1465
489,1012,1501
1396,867,2263
990,917,1907
527,1459,1986
1031,551,1582
1257,834,2091
519,916,1435
383,794,1177
583,1046,1629
451,952,1403
641,1027,1668
1058,815,1873
1036,687,1723
773,938,1711
1154,581,1735
816,624,1440
901,1033,1934
963,615,1578
366,989,1355
935,1038,1973
115,728,843
790,590,1380
798,633,1431
1000,642,1642
1225,625,1850
983,600,1583
1314,990,2304
1114,1288,2402
900,577,1477
1017,394,1411
959,222,1181
469,709,1178
857,1547,2404
395,845,1240
744,232,976
495,701,1196
574,319,893
606,692,1298
582,1079,1661
769,339,1108
686,766,1452
588,512,1100
192,1253,1445
546,937,1483
446,683,1129
309,553,862
401,1086,1487
1079,1358,2437
397,269,666
486,816,1302
601,553,1154
1125,1108,2233
864,286,1150
134,849,983
474,1072,1546
984,565,1549
461,327,788
163,527,690
841,522,1363
475,985,1460
862,660,1522
1292,515,1807
672,565,1237
608,563,1171
565,684,1249
1310,851,2161
99,775,874
955,755,1710
1141,978,2119
232,713,945
514,1234,1748
834,958,1792
619,380,999
218,1202,1420
475,966,1441
210,1328,1538
581,603,1184
811,1151,1962
242,380,622
861,427,1288
197,1178,1375
145,1202,1347
553,448,1001
625,815,1440
757,1177,1934
119,2001,2120
734,958,1692
420,2284,2704
820,1345,2165
183,1371,1554
539,425,964
626,1876,2502
533,1893,2426
310,807,1117
443,1495,1938
362,580,942
807,1546,2353
711,1970,2681
474,2543,3017
266,493,759
1805,786,2591
1065,548,1613
850,1117,1967
1561,535,2096
1108,986,2094
73,935,1008
755,2044,2799
1293,384,1677
600,2561,3161
727,508,1235
993,644,1637
151,1155,1306
517,2194,2711
113,292,405
394,1256,1650
605,822,1427
956,1611,2567
429,939,1368
1099,1668,2767
536,649,1185
1987,1077,3064
170,625,795
140,295,435
808,1137,1945
878,575,1453
1028,1886,2914
237,414,651
60,765,825
169,1037,1206
851,896,1747
488,389,877
1879,825,2704
437,1019,1456
1679,1336,3015
1198,915,2113
221,505,726
1051,1030,2081
2357,893,3250
1279,1282,2561
2512,956,3468
554,381,935
2279,478,2757
204,843,1047
1264,1218,2482
857,390,1247
1585,616,2201
586,608,1194
1223,1192,2415
1205,439,1644
677,479,1156
153,635,788
1742,756,2498
407,979,1386
585,564,1149
378,1187,1565
569,842,1411
927,1245,2172
585,872,1457
699,799,1498
49,599,648
313,1088,1401
365,775,1140
668,1011,1679
146,748,894
582,1072,1654
133,1492,1625
821,477,1298
676,950,1626
901,934,1835
1018,767,1785
809,781,1590
988,949,1937
942,622,1564
183,651,834
498,843,1341
284,972,1256
970,1182,2152
1040,657,1697
880,485,1365
399,980,1379
1438,450,1888
1028,495,1523
683,1062,1745
621,806,1427
390,995,1385
837,444,1281
440,510,950
736,497,1233
344,1224,1568
355,694,1049
681,393,1074
599,1083,1682
1001,308,1309
828,843,1671
434,1149,1583
556,446,1002
601,260,861
377,1477,1854
436,1140,1576
484,1201,1685
133,477,610
644,903,1547
773,641,1414
195,597,792
353,1208,1561
286,459,745
873,541,1414
71,1202,1273
843,1015,1858
432,508,940
1128,277,1405
188,535,723
369,482,851
751,1356,2107
835,1116,1951
260,786,1046
550,1601,2151
915,702,1617
66,510,576
292,290,582
387,1056,1443
886,1469,2355
81,526,607
183,572,755
1064,1343,2407
816,1397,2213
820,449,1269
921,851,1772
321,432,753
897,800,1697
760,1279,2039
256,542,798
111,598,709
385,468,853
1148,1225,2373
1352,527,1879
164,691,855
891,574,1465
364,777,1141
1195,967,2162
1214,582,1796
412,508,920
310,748,1058
218,1118,1336
457,901,1358
517,951,1468
1094,742,1836
1221,556,1777
701,1214,1915
437,742,1179
619,905,1524
341,1665,2006
658,913,1571
559,802,1361
455,712,1167
813,1368,2181
309,426,735
228,732,960
1074,978,2052
691,1055,1746
623,506,1129
680,1693,2373
866,693,1559
783,935,1718
532,532,1064
650,749,1399
1018,353,1371
709,464,1173
970,382,1352
787,980,1767
162,1581,1743
1049,1404,2453
459,853,1312
482,724,1206
917,1265,2182
227,1375,1602
395,1022,1417
402,350,752
825,721,1546
316,1241,1557
774,1212,1986
742,716,1458
895,366,1261
1046,651,1697
610,972,1582
527,1137,1664
274,1027,1301
448,505,953
822,1101,1923
660,1121,1781
632,778,1410
1592,679,2271
819,965,1784
840,895,1735
742,736,1478
1473,1041,2514
700,981,1681
537,1101,1638
295,600,895
1564,631,2195
1307,643,1950
790,487,1277
1253,536,1789
1100,646,1746
974,634,1608
818,640,1458
557,929,1486
248,796,1044
892,501,1393
1247,1006,2253
566,769,1335
835,667,1502
1212,646,1858
867,496,1363
236,1121,1357
1009,647,1656
298,840,1138
482,378,860
1153,1005,2158
503,864,1367
726,636,1362
564,545,1109
402,576,978
487,1097,1584
581,677,1258
342,853,1195
388,481,869
958,733,1691
558,704,1262
204,1157,1361
480,675,1155
303,1275,1578
976,846,1822
640,1568,2208
542,1282,1824
609,1140,1749
619,385,1004
809,399,1208
401,644,1045
287,536,823
591,972,1563
936,694,1630
788,1454,2242
919,1309,2228
1159,617,1776
679,1125,1804
1052,1318,2370
690,540,1230
569,632,1201
425,588,1013
1503,549,2052
807,1015,1822
876,849,1725
1339,554,1893
769,427,1196
667,1014,1681
987,899,1886
576,687,1263
459,1335,1794
1033,777,1810
1214,818,2032
710,1082,1792
930,1180,2110
1226,794,2020
588,843,1431
481,712,1193
598,904,1502
540,824,1364
425,744,1169
242,1045,1287
649,639,1288
524,737,1261
548,861,1409
311,926,1237
1221,368,1589
494,870,1364
673,717,1390
644,1210,1854
219,617,836
1027,668,1695
612,354,966
263,1279,1542
699,635,1334
138,935,1073
400,731,1131
482,1362,1844
835,600,1435
447,1105,1552
347,780,1127
792,1077,1869
598,1002,1600
1211,651,1862
453,637,1090
531,959,1490
607,749,1356
1149,1435,2584
386,605,991
627,1067,1694
616,805,1421
513,795,1308
446,664,1110
570,1184,1754
122,1259,1381
809,1110,1919
768,1168,1936
987,1154,2141
671,872,1543
778,1088,1866
955,1533,2488
598,550,1148
528,1091,1619
1125,1405,2530
627,553,1180
664,1213,1877
1062,545,1607
787,896,1683
568,760,1328
1144,1137,2281
823,680,1503
500,1304,1804
1241,905,2146
739,438,1177
638,515,1153
927,1173,2100
783,764,1547
971,609,1580
540,455,995
673,896,1569
942,843,1785
1418,720,2138
502,1131,1633
1041,1106,2147
431,620,1051
536,961,1497
702,1036,1738
1446,727,2173
435,635,1070
1014,829,1843
465,445,910
1039,860,1899
918,330,1248
494,931,1425
1301,797,2098
1013,926,1939
741,1086,1827
1252,717,1969
610,477,1087
1057,744,1801
956,864,1820
372,965,1337
998,927,1925
487,626,1113
345,635,980
1111,729,1840
485,815,1300
690,719,1409
956,838,1794
623,810,1433
634,459,1093
1079,611,1690
681,652,1333
982,1170,2152
659,487,1146
829,753,1582
561,681,1242
604,621,1225
866,927,1793
335,1393,1728
534,945,1479
330,1392,1722
202,1700,1902
753,1250,2003
701,1277,1978
648,1057,1705
848,1611,2459
625,1066,1691
790,1299,2089
852,1211,2063
824,1070,1894
720,816,1536
469,1139,1608
431,1088,1519
782,1571,2353
817,1092,1909
613,1131,1744
702,919,1621
353,1296,1649
1116,1009,2125
548,936,1484
1209,659,1868
839,736,1575
589,1725,2314
388,1250,1638
543,1109,1652
1076,1103,2179
669,1302,1971
564,1394,1958
1328,900,2228
1410,672,2082
1226,753,1979
1210,587,1797
535,1115,1650
454,1354,1808
945,895,1840
662,880,1542
1094,1129,2223
440,1022,1462
483,1052,1535
1676,458,2134
1018,601,1619
944,737,1681
417,1276,1693
825,792,1617
539,564,1103
951,513,1464
944,819,1763
757,611,1368
494,491,985
956,834,1790
923,357,1280
177,532,709
1228,877,2105
999,850,1849
672,630,1302
1232,662,1894
1064,669,1733
682,764,1446
804,956,1760
1013,835,1848
395,356,751
621,703,1324
358,1391,1749
1241,474,1715
894,609,1503
764,557,1321
431,533,964
1021,1607,2628
273,736,1009
233,515,748
584,426,1010
1244,809,2053
724,490,1214
516,293,809
643,757,1400
1309,1397,2706
478,738,1216
825,1003,1828
1280,1550,2830
464,775,1239
259,488,747
1454,469,1923
522,456,978
478,886,1364
504,892,1396
511,573,1084
841,1840,2681
693,404,1097
988,956,1944
83,801,884
294,622,916
1131,474,1605
376,550,926
207,1384,1591
700,814,1514
471,791,1262
842,1833,2675
597,948,1545
370,1217,1587
612,436,1048
799,1552,2351
1324,459,1783
359,608,967
1376,597,1973
264,619,883
350,718,1068
412,1129,1541
655,633,1288
552,997,1549
669,1023,1692
352,1192,1544
717,822,1539
893,1063,1956
447,1579,2026
395,695,1090
1053,721,1774
420,740,1160
751,1634,2385
517,500,1017
475,901,1376
1624,404,2028
403,1070,1473
598,924,1522
957,635,1592
1496,791,2287
557,1181,1738
476,1636,2112
703,967,1670
808,317,1125
474,840,1314
707,1221,1928
1044,795,1839
586,498,1084
724,1011,1735
512,781,1293
366,577,943
708,1214,1922
1482,320,1802
366,820,1186
254,1295,1549
981,1140,2121
559,1056,1615
984,323,1307
858,788,1646
547,867,1414
962,471,1433
1275,923,2198
446,465,911
334,439,773
1160,1485,2645
488,607,1095
56,723,779
1492,1000,2492
664,786,1450
1010,786,1796
477,1139,1616
670,1024,1694
696,452,1148
751,956,1707
896,1094,1990
639,335,974
1426,316,1742
1126,970,2096
774,559,1333
555,1212,1767
811,340,1151
773,733,1506
833,389,1222
1010,1402,2412
472,1060,1532
257,546,803
942,997,1939
607,1415,2022
458,593,1051
890,768,1658
43,730,773
227,651,878
850,349,1199
756,626,1382
140,568,708
546,739,1285
622,1058,1680
673,732,1405
346,609,955
835,352,1187
116,989,1105
327,1033,1360
616,1500,2116
441,723,1164
304,1431,1735
955,770,1725
530,721,1251
882,602,1484
1137,771,1908
180,578,758
1168,1353,2521
415,555,970
293,1160,1453
533,559,1092
928,778,1706
388,673,1061
190,1180,1370
772,584,1356
780,969,1749
1193,789,1982
658,1205,1863
961,1529,2490
811,525,1336
105,605,710
614,681,1295
1352,1326,2678
108,777,885
61,826,887
1242,625,1867
797,971,1768
207,1069,1276
441,534,975
628,1372,2000
1381,562,1943
1135,825,1960
643,1330,1973
316,653,969
1442,831,2273
764,1050,1814
301,785,1086
393,538,931
583,591,1174
849,1032,1881
779,278,1057
434,873,1307
340,1091,1431
279,455,734
418,901,1319
775,466,1241
386,388,774
375,746,1121
440,1087,1527
819,746,1565
684,666,1350
503,1786,2289
400,1102,1502
484,762,1246
1129,352,1481
76,387,463
657,481,1138
537,915,1452
972,652,1624
373,608,981
359,680,1039
1023,1693,2716
465,1109,1574
708,864,1572
237,416,653
1181,1456,2637
733,702,1435
131,1042,1173
270,1002,1272
359,808,1167
280,657,937
759,712,1471
381,1110,1491
1700,988,2688
334,660,994
711,889,1600
617,661,1278
294,545,839
528,987,1515
584,637,1221
979,548,1527
1540,588,2128
844,888,1732
416,1098,1514
519,514,1033
165,1308,1473
783,600,1383
74,1021,1095
577,532,1109
1219,539,1758
1248,421,1669
330,539,869
882,706,1588
851,451,1302
472,342,814
338,1572,1910
544,532,1076
199,373,572
610,948,1558
437,949,1386
556,681,1237
573,1196,1769
958,658,1616
726,187,913
1049,671,1720
792,808,1600
726,915,1641
309,328,637
579,1229,1808
799,1214,2013
556,927,1483
251,352,603
829,1050,1879
1227,1156,2383
205,626,831
714,850,1564
379,548,927
68,937,1005
751,674,1425
436,694,1130
857,768,1625
1096,588,1684
364,1501,1865
298,594,892
801,696,1497
603,2326,2929
767,426,1193
459,1521,1980
164,720,884
1306,883,2189
555,580,1135
423,618,1041
616,802,1418
235,753,988
836,2344,3180
504,800,1304
633,2620,3253
1151,601,1752
2216,782,2998
899,940,1839
645,906,1551
609,497,1106
419,1227,1646
673,1432,2105
412,768,1180
1106,967,2073
581,935,1516
532,834,1366
705,1410,2115
689,933,1622
955,1387,2342
339,885,1224
752,525,1277
939,886,1825
856,471,1327
751,1477,2228
366,990,1356
793,608,1401
1366,438,1804
831,547,1378
871,1168,2039
890,567,1457
1370,476,1846
724,382,1106
556,770,1326
1104,458,1562
493,1602,2095
1251,322,1573
459,1400,1859
482,1565,2047
595,1856,2451
587,2547,3134
637,3043,3680
1387,1502,2889
805,630,1435
1268,2181,3449
916,1912,2828
372,1759,2131
536,1546,2082
1794,133,1927
708,1669,2377
1294,1735,3029
2193,2019,4212
1739,2146,3885
1732,471,2203
2601,599,3200
1601,830,2431
26,652,678
40,618,658
275,361,636
1628,1054,2682
71,1025,1096
1630,1121,2751
29,987,1016
1793,1255,3048
24,1163,1187
286,805,1091
3012,1590,4602
792,385,1177
2717,2675,5392
42,1271,1313
2031,1091,3122
26,1280,1306
891,2866,3757
1707,1699,3406
2349,1729,4078
280,1158,1438
729,439,1168
1565,1811,3376
1741,1846,3587
429,660,1089
389,1563,1952
1736,1715,3451
1641,1859,3500
484,906,1390
561,1285,1846
733,393,1126
1644,2115,3759
1565,272,1837
1783,1564,3347
733,629,1362
43,1447,1490
436,1438,1874
787,772,1559
240,1601,1841
52,549,601
1033,560,1593
54,2045,2099
1212,288,1500
1572,2185,3757
43,1420,1463
396,1612,2008
1415,624,2039
311,2176,2487
969,916,1885
73,722,795
1385,768,2153
600,459,1059
61,2052,2113
237,763,1000
1565,465,2030
117,578,695
205,2037,2242
1122,825,1947
1392,607,1999
147,597,744
302,572,874
732,603,1335
431,616,1047
349,460,809
657,1305,1962
555,1832,2387
1216,1029,2245
1460,616,2076
789,473,1262
1868,553,2421
34,1310,1344
633,608,1241
457,350,807
1185,1413,2598
1795,783,2578
1210,634,1844
509,453,962
1382,1342,2724
341,627,968
510,965,1475
336,1166,1502
624,587,1211
637,658,1295
543,958,1501
417,1404,1821
778,756,1534
509,812,1321
1173,697,1870
467,586,1053
1956,768,2724
333,1210,1543
1064,545,1609
567,1031,1598
1855,460,2315
379,1356,1735
340,431,771
1129,1355,2484
474,927,1401
383,855,1238
1734,1164,2898
1184,941,2125
459,737,1196
1396,276,1672
787,1059,1846
533,960,1493
504,873,1377
871,717,1588
470,881,1351
442,1003,1445
652,974,1626
1223,794,2017
625,438,1063
1261,1000,2261
411,1051,1462
232,947,1179
748,634,1382
530,653,1183
483,888,1371
389,1198,1587
627,788,1415
771,757,1528
806,496,1302
324,1275,1599
774,630,1404
871,681,1552
627,1157,1784
813,519,1332
858,442,1300
350,1213,1563
1188,525,1713
191,269,460
942,817,1759
826,1081,1907
238,342,580
909,853,1762
696,986,1682
404,228,632
780,882,1662
609,662,1271
1236,1125,2361
51,663,714
571,1016,1587
918,810,1728
561,629,1190
857,1231,2088
894,1112,2006
696,802,1498
1203,678,1881
282,1062,1344
606,998,1604
1290,547,1837
112,810,922
1021,1315,2336
366,1125,1491
400,814,1214
921,1488,2409
292,802,1094
21,213,234
525,1026,1551
282,1009,1291
1034,1415,2449
833,1473,2306
1042,699,1741
1146,850,1996
645,654,1299
830,507,1337
473,872,1345
879,1433,2312
881,551,1432
68,716,784
910,1030,1940
520,955,1475
217,725,942
821,509,1330
229,861,1090
663,1168,1831
916,597,1513
742,471,1213
978,669,1647
372,612,984
720,805,1525
875,751,1626
588,566,1154
614,541,1155
440,699,1139
790,940,1730
1225,575,1800
691,1184,1875
619,218,837
599,564,1163
506,751,1257
1215,521,1736
975,830,1805
114,842,956
849,407,1256
588,307,895
893,1014,1907
1559,299,1858
727,627,1354
1142,331,1473
801,629,1430
533,921,1454
719,409,1128
468,553,1021
172,1165,1337
713,289,1002
876,434,1310
1081,628,1709
882,493,1375
58,487,545
1323,535,1858
596,1144,1740
1131,426,1557
1351,460,1811
144,524,668
150,506,656
888,1109,1997
214,539,753
25,466,491
87,526,613
1098,517,1615
43,466,509
157,578,735
176,767,943
915,745,1660
1112,749,1861
452,334,786
167,771,938
866,1085,1951
1130,567,1697
81,497,578
252,685,937
142,507,649
232,586,818
211,930,1141
208,360,568
55,1104,1159
311,439,750
413,513,926
20,500,520
434,828,1262
194,965,1159
293,617,910
276,593,869
886,413,1299
388,856,1244
264,644,908
491,634,1125
86,661,747
166,879,1045
438,652,1090
814,416,1230
167,1176,1343
440,581,1021
758,477,1235
438,464,902
628,547,1175
842,588,1430
152,825,977
89,911,1000
251,760,1011
516,467,983
433,770,1203
296,754,1050
158,471,629
348,847,1195
312,1083,1395
391,821,1212
375,884,1259
448,754,1202
373,1197,1570
445,853,1298
59,734,793
334,774,1108
353,498,851
711,620,1331
787,962,1749
495,372,867
2518,209,2727
526,543,1069
385,982,1367
54,1000,1054
573,481,1054
497,1065,1562
566,344,910
215,988,1203
834,483,1317
643,572,1215
67,758,825
725,389,1114
102,1005,1107
716,822,1538
685,934,1619
576,1034,1610
361,321,682
454,830,1284
542,803,1345
348,1019,1367
114,968,1082
392,567,959
242,1111,1353
741,1118,1859
609,946,1555
421,997,1418
397,559,956
1015,536,1551
281,782,1063
917,558,1475
412,627,1039
404,964,1368
749,922,1671
48,1020,1068
974,753,1727
297,766,1063
572,899,1471
146,1135,1281
480,599,1079
644,533,1177
946,720,1666
737,946,1683
715,770,1485
983,580,1563
749,1190,1939
705,803,1508
945,777,1722
1119,1437,2556
607,398,1005
1018,548,1566
647,864,1511
477,736,1213
426,591,1017
783,1449,2232
729,315,1044
855,543,1398
202,805,1007
577,458,1035
833,831,1664
541,510,1051
911,607,1518
475,600,1075
577,286,863
851,912,1763
596,459,1055
404,570,974
395,459,854
848,775,1623
499,493,992
286,702,988
699,792,1491
497,1248,1745
795,468,1263
225,477,702
1022,910,1932
452,787,1239
489,474,963
1323,816,2139
746,466,1212
1439,660,2099
340,473,813
615,678,1293
615,640,1255
202,510,712
908,660,1568
493,473,966
418,429,847
345,574,919
759,212,971
387,1099,1486
474,1560,2034
593,1000,1593
457,733,1190
871,1341,2212
153,450,603
766,1013,1779
390,522,912
433,225,658
400,469,869
792,1558,2350
775,1159,1934
492,1007,1499
665,636,1301
412,464,876
485,1221,1706
457,1117,1574
720,194,914
1022,1739,2761
624,724,1348
631,1238,1869
296,663,959
520,1100,1620
213,829,1042
984,929,1913
971,592,1563
1095,486,1581
71,257,328
339,1800,2139
662,600,1262
851,416,1267
1112,1154,2266
507,634,1141
1137,632,1769
706,992,1698
582,281,863
110,414,524
1290,1063,2353
1075,218,1293
895,426,1321
531,645,1176
1466,1231,2697
1089,803,1892
389,1597,1986
949,790,1739
84,1182,1266
351,1600,1951
169,1037,1206
611,729,1340
118,1198,1316
495,1424,1919
1597,1346,2943
904,1269,2173
916,1035,1951
1707,1344,3051
480,980,1460
898,822,1720
391,1345,1736
224,676,900
175,1373,1548
275,1176,1451
468,1268,1736
555,846,1401
1114,719,1833
1469,1555,3024
216,1117,1333
617,720,1337
403,666,1069
486,1310,1796
997,1244,2241
1382,557,1939
549,1214,1763
41,1503,1544
901,1239,2140
894,1406,2300
616,620,1236
221,1281,1502
643,626,1269
953,639,1592
26,1565,1591
1040,449,1489
1124,1612,2736
983,646,1629
429,808,1237
1365,404,1769
394,518,912
927,713,1640
428,608,1036
629,1034,1663
1086,1866,2952
272,744,1016
851,736,1587
1240,333,1573
1380,1294,2674
851,537,1388
555,519,1074
423,892,1315
493,613,1106
867,915,1782
422,788,1210
598,1347,1945
299,506,805
1260,701,1961
664,465,1129
1232,524,1756
867,1017,1884
743,651,1394
516,1797,2313
648,632,1280
1025,817,1842
837,2230,3067
380,493,873
1233,547,1780
532,485,1017
623,784,1407
549,446,995
276,1008,1284
444,845,1289
347,1121,1468
1053,809,1862
122,804,926
473,628,1101
1088,830,1918
123,699,822
470,516,986
838,1308,2146
381,659,1040
696,854,1550
1166,1433,2599
274,528,802
625,591,1216
1603,1495,3098
574,1406,1980
164,885,1049
697,348,1045
542,364,906
1211,1080,2291
284,1788,2072
297,777,1074
846,1077,1923
2126,781,2907
356,905,1261
487,476,963
848,1540,2388
341,1113,1454
1074,905,1979
318,575,893
510,945,1455
339,848,1187
215,558,773
636,941,1577
1003,1085,2088
603,364,967
401,431,832
334,1482,1816
496,679,1175
1274,597,1871
398,745,1143
605,724,1329
241,684,925
383,1222,1605
331,924,1255
994,526,1520
102,665,767
834,654,1488
160,1855,2015
837,551,1388
511,319,830
891,740,1631
741,1319,2060
391,1219,1610
1538,702,2240
551,271,822
806,1315,2121
625,887,1512
576,536,1112
567,325,892
1124,482,1606
464,388,852
1677,270,1947
1292,834,2126
431,621,1052
1270,311,1581
511,687,1198
556,1290,1846
319,773,1092
1432,191,1623
466,687,1153
166,805,971
52,209,261
1008,912,1920
563,390,953
743,1035,1778
758,1418,2176
180,803,983
1099,1166,2265
345,429,774
226,810,1036
481,463,944
858,968,1826
100,259,359
548,988,1536
1280,1185,2465
145,511,656
613,1102,1715
958,998,1956
295,723,1018
624,1571,2195
948,1025,1973
688,468,1156
643,1407,2050
427,886,1313
1160,1322,2482
195,526,721
831,1662,2493
686,635,1321
252,1130,1382
627,582,1209
1323,881,2204
753,906,1659
475,1370,1845
1030,683,1713
784,1141,1925
344,1863,2207
582,937,1519
337,1128,1465
830,1141,1971
1134,455,1589
242,676,918
558,1103,1661
945,986,1931
427,930,1357
907,1448,2355
202,1424,1626
239,1224,1463
596,809,1405
1359,883,2242
1099,598,1697
557,1075,1632
954,727,1681
1363,878,2241
1608,806,2414
895,444,1339
512,461,973
1290,650,1940
584,949,1533
1087,582,1669
1254,549,1803
796,781,1577
948,1067,2015
1297,480,1777
783,1033,1816
1821,803,2624
565,1400,1965
695,517,1212
906,444,1350
1124,685,1809
937,939,1876
1461,598,2059
405,439,844
578,1022,1600
1242,834,2076
383,583,966
983,782,1765
636,724,1360
777,482,1259
678,765,1443
925,616,1541
962,474,1436
744,964,1708
435,743,1178
416,496,912
499,1276,1775
278,640,918
489,626,1115
644,637,1281
824,1380,2204
384,782,1166
510,571,1081
365,446,811
686,1667,2353
649,374,1023
556,1096,1652
652,987,1639
1153,1677,2830
274,998,1272
395,1278,1673
341,681,1022
386,640,1026
328,1152,1480
134,546,680
879,1739,2618
658,945,1603
614,624,1238
242,807,1049
872,568,1440
715,637,1352
339,697,1036
474,930,1404
473,945,1418
257,603,860
548,541,1089
185,939,1124
628,605,1233
930,710,1640
1284,906,2190
801,817,1618
870,633,1503
462,803,1265
1171,1414,2585
674,1087,1761
485,279,764
562,615,1177
540,813,1353
1117,970,2087
329,750,1079
534,463,997
503,555,1058
1113,578,1691
308,491,799
690,376,1066
864,473,1337
1067,1140,2207
1507,883,2390
639,610,1249
1066,575,1641
685,965,1650
1585,1114,2699
424,601,1025
820,939,1759
662,1027,1689
194,568,762
426,388,814
905,961,1866
372,843,1215
585,309,894
509,1330,1839
1374,1138,2512
801,1230,2031
548,780,1328
798,940,1738
447,472,919
462,293,755
959,630,1589
346,674,1020
469,611,1080
915,633,1548
237,841,1078
488,921,1409
285,844,1129
440,1519,1959
1234,956,2190
515,536,1051
599,980,1579
412,686,1098
841,1199,2040
866,541,1407
788,1316,2104
228,754,982
222,910,1132
669,1386,2055
615,437,1052
269,745,1014
425,793,1218
677,430,1107
859,737,1596
392,707,1099
1201,938,2139
920,535,1455
754,1291,2045
676,1199,1875
147,922,1069
554,1009,1563
1408,645,2053
495,772,1267
608,1112,1720
507,668,1175
779,991,1770
604,589,1193
407,837,1244
1186,678,1864
448,1838,2286
1272,649,1921
1083,1139,2222
640,701,1341
765,1764,2529
1128,1296,2424
718,570,1288
813,995,1808
433,1272,1705
841,1052,1893
862,677,1539
543,1154,1697
1067,569,1636
810,501,1311
902,665,1567
987,769,1756
769,1446,2215
679,876,1555
663,630,1293
428,544,972
1188,327,1515
1233,588,1821
446,555,1001
637,345,982
1734,725,2459
563,643,1206
588,584,1172
994,351,1345
432,854,1286
982,433,1415
562,909,1471
363,855,1218
223,1237,1460
1716,633,2349
676,680,1356
928,1725,2653
596,471,1067
572,1039,1611
1183,1741,2924
267,619,886
539,1080,1619
382,986,1368
449,998,1447
1357,821,2178
456,1103,1559
907,999,1906
278,1438,1716
568,683,1251
778,999,1777
164,1749,1913
413,675,1088
818,498,1316
901,869,1770
579,664,1243
1168,778,1946
908,285,1193
848,305,1153
416,527,943
684,456,1140
372,812,1184
950,666,1616
1068,1742,2810
510,551,1061
534,2067,2601
476,782,1258
1350,756,2106
339,571,910
1555,911,2466
413,1285,1698
153,795,948
646,1247,1893
855,846,1701
1598,670,2268
199,513,712
1604,922,2526
440,928,1368
300,1484,1784
926,555,1481
422,709,1131
682,1082,1764
809,941,1750
224,612,836
688,1149,1837
119,987,1106
760,1244,2004
1148,512,1660
550,1372,1922
669,739,1408
423,1598,2021
1738,403,2141
406,1731,2137
498,591,1089
498,1113,1611
813,1009,1822
281,707,988
937,526,1463
1140,695,1835
370,1378,1748
822,747,1569
1006,508,1514
605,1766,2371
923,602,1525
269,914,1183
180,497,677
667,1509,2176
676,1440,2116
436,514,950
1479,352,1831
940,1285,2225
94,610,704
572,748,1320
854,740,1594
1679,301,1980
243,2090,2333
1267,986,2253
613,604,1217
135,665,800
225,513,738
822,1162,1984
318,691,1009
711,1087,1798
1313,345,1658
784,510,1294
372,688,1060
1276,1088,2364
867,916,1783
382,454,836
308,613,921
546,575,1121
492,779,1271
1106,509,1615
458,807,1265
556,382,938
1221,998,2219
651,923,1574
577,1122,1699
611,453,1064
378,796,1174
872,755,1627
434,786,1220
260,600,860
257,949,1206
732,836,1568
50,1512,1562
874,842,1716
319,453,772
433,964,1397
693,529,1222
639,1703,2342
365,2487,2852
336,931,1267
548,882,1430
746,735,1481
1160,2582,3742
657,725,1382
940,816,1756
54,822,876
2049,1719,3768
975,1054,2029
305,1011,1316
868,832,1700
511,526,1037
450,1343,1793
1452,670,2122
278,988,1266
228,582,810
705,467,1172
663,745,1408
684,1116,1800
360,915,1275
303,691,994
649,1482,2131
854,1073,1927
658,595,1253
503,964,1467
794,529,1323
784,998,1782
738,947,1685
604,696,1300
255,961,1216
661,550,1211
1581,749,2330
878,857,1735
945,538,1483
505,920,1425
268,743,1011
367,686,1053
802,601,1403
277,695,972
2387,1284,3671
1128,842,1970
953,587,1540
452,636,1088
1377,811,2188
420,683,1103
947,702,1649
437,505,942
876,648,1524
2097,1069,3166
718,621,1339
810,1025,1835
772,647,1419
1597,1202,2799
326,666,992
940,1070,2010
527,506,1033
1141,1178,2319
804,499,1303
465,653,1118
589,1317,1906
703,581,1284
483,703,1186
987,356,1343
634,782,1416
641,1889,2530
476,719,1195
578,956,1534
330,1017,1347
933,1202,2135
621,553,1174
823,1027,1850
601,950,1551
572,666,1238
430,973,1403
464,567,1031
463,1004,1467
1065,360,1425
819,1178,1997
533,731,1264
829,466,1295
471,533,1004
394,426,820
712,1976,2688
330,1117,1447
356,508,864
538,501,1039
845,785,1630
974,1914,2888
318,510,828
389,876,1265
1519,973,2492
513,485,998
1052,820,1872
796,347,1143
747,746,1493
953,520,1473
567,1090,1657
538,855,1393
472,384,856
1824,722,2546
431,1457,1888
1031,881,1912
855,614,1469
210,547,757
388,563,951
843,716,1559
470,1342,1812
659,771,1430
1671,475,2146
368,1558,1926
1099,842,1941
784,932,1716
481,614,1095
681,736,1417
378,1245,1623
726,623,1349
327,1525,1852
840,589,1429
613,1121,1734
382,946,1328
500,814,1314
211,1029,1240
797,1332,2129
371,1696,2067
1021,1081,2102
431,691,1122
1341,985,2326
517,847,1364
125,691,816
1639,739,2378
814,769,1583
328,1115,1443
725,615,1340
313,501,814
648,455,1103
1208,932,2140
546,612,1158
773,1433,2206
126,1471,1597
609,262,871
1455,944,2399
1120,1210,2330
576,791,1367
831,685,1516
63,1397,1460
961,820,1781
801,556,1357
1881,500,2381
630,1030,1660
948,278,1226
587,571,1158
464,912,1376
745,842,1587
549,287,836
642,978,1620
722,1125,1847
822,760,1582
432,294,726
812,698,1510
319,1329,1648
469,1161,1630
437,1367,1804
609,873,1482
256,244,500
443,923,1366
1050,916,1966
256,906,1162
89,304,393
549,1426,1975
786,1265,2051
426,1095,1521
130,452,582
1403,770,2173
820,488,1308
1149,769,1918
503,504,1007
473,1645,2118
697,1337,2034
173,470,643
531,926,1457
1035,755,1790
1183,1269,2452
313,863,1176
873,497,1370
1340,520,1860
1244,1061,2305
1061,355,1416
1017,920,1937
223,574,797
811,503,1314
1037,753,1790
1030,875,1905
424,584,1008
616,421,1037
1267,580,1847
1446,654,2100
396,593,989
137,1195,1332
464,437,901
1288,425,1713
539,444,983
401,1326,1727
650,621,1271
766,422,1188
630,586,1216
785,442,1227
653,1357,2010
570,505,1075
962,416,1378
727,825,1552
783,1522,2305
459,485,944
371,608,979
829,1121,1950
206,478,684
375,322,697
218,825,1043
487,955,1442
416,1254,1670
495,382,877
898,1469,2367
482,612,1094
734,1456,2190
767,1588,2355
448,645,1093
350,546,896
1209,804,2013
436,959,1395
453,1140,1593
944,867,1811
607,387,994
1074,539,1613
586,593,1179
225,738,963
321,399,720
1400,442,1842
439,303,742
279,1169,1448
1255,856,2111
337,846,1183
1020,453,1473
237,938,1175
214,879,1093
239,1763,2002
422,365,787
774,638,1412
279,1125,1404
308,1269,1577
867,962,1829
418,1252,1670
403,435,838
416,710,1126
1525,415,1940
615,639,1254
275,504,779
462,987,1449
714,815,1529
510,816,1326
832,713,1545
417,478,895
313,780,1093
722,669,1391
1063,726,1789
106,667,773
248,648,896
736,647,1383
1006,881,1887
162,811,973
633,336,969
970,636,1606
1166,794,1960
507,530,1037
433,513,946
1217,1172,2389
542,628,1170
361,456,817
668,775,1443
709,341,1050
465,579,1044
835,1159,1994
827,644,1471
221,1023,1244
352,537,889
1420,1690,3110
551,1037,1588
556,343,899
246,504,750
240,2112,2352
741,1102,1843
409,920,1329
603,1672,2275
185,1295,1480
491,1001,1492
540,1033,1573
1716,1939,3655
675,509,1184
557,315,872
579,945,1524
1155,1534,2689
430,1339,1769
929,1384,2313
624,1150,1774
740,657,1397
1473,1040,2513
201,893,1094
1502,720,2222
234,1431,1665
433,1318,1751
1041,650,1691
770,2408,3178
415,1155,1570
949,269,1218
819,998,1817
1207,2183,3390
835,460,1295
1562,400,1962
440,1478,1918
1073,1992,3065
654,273,927
1244,634,1878
201,1335,1536
876,1116,1992
2259,750,3009
101,275,376
638,379,1017
540,880,1420
416,1240,1656
2078,262,2340
785,871,1656
1682,624,2306
45,380,425
1287,751,2038
1240,736,1976
100,279,379
566,807,1373
387,810,1197
1001,614,1615
133,369,502
1407,779,2186
175,278,453
1351,600,1951
1235,732,1967
940,529,1469
456,1302,1758
732,517,1249
350,589,939
1908,259,2167
679,782,1461
654,308,962
612,377,989
538,556,1094
821,1387,2208
59,377,436
907,866,1773
769,1273,2042
1093,858,1951
68,423,491
117,317,434
1046,846,1892
1079,768,1847
587,465,1052
1309,525,1834
1234,1298,2532
228,382,610
267,544,811
341,1827,2168
189,338,527
170,459,629
566,379,945
599,1232,1831
1134,311,1445
295,617,912
603,844,1447
300,544,844
258,2701,2959
405,860,1265
126,687,813
243,536,779
63,851,914
545,1182,1727
273,634,907
97,1028,1125
601,1356,1957
817,2244,3061
19,1181,1200
359,1213,1572
288,768,1056
81,1045,1126
1661,1509,3170
337,703,1040
467,421,888
445,1328,1773
1120,876,1996
638,450,1088
597,479,1076
688,1487,2175
152,836,988
168,1126,1294
511,465,976
429,775,1204
401,800,1201
992,638,1630
357,939,1296
420,899,1319
2633,610,3243
740,751,1491
597,820,1417
232,1138,1370
226,466,692
710,507,1217
1223,604,1827
588,1123,1711
679,368,1047
1865,789,2654
760,793,1553
705,533,1238
1389,875,2264
991,782,1773
881,1151,2032
706,1380,2086
414,865,1279
1135,1015,2150
691,340,1031
611,1677,2288
430,555,985
350,1041,1391
189,493,682
658,1687,2345
350,926,1276
531,686,1217
701,487,1188
1216,922,2138
813,574,1387
975,899,1874
823,941,1764
489,568,1057
996,1217,2213
1279,1116,2395
678,648,1326
379,566,945
402,862,1264
1582,611,2193
179,503,682
1041,1062,2103
936,820,1756
523,836,1359
225,1027,1252
359,1764,2123
271,1023,1294
833,960,1793
341,810,1151
816,1514,2330
517,254,771
671,763,1434
741,1109,1850
496,597,1093
1008,665,1673
342,1277,1619
733,737,1470
631,1181,1812
925,1300,2225
745,986,1731
1388,663,2051
1040,1036,2076
997,616,1613
680,1198,1878
978,1431,2409
648,1671,2319
401,825,1226
1313,704,2017
591,1708,2299
776,1138,1914
870,798,1668
610,537,1147
698,700,1398
609,825,1434
505,1559,2064
911,439,1350
452,952,1404
1065,953,2018
601,747,1348
912,712,1624
515,868,1383
505,596,1101
686,810,1496
703,986,1689
264,1194,1458
1000,1126,2126
433,461,894
1181,892,2073
1023,443,1466
1139,944,2083
530,755,1285
301,462,763
507,2098,2605
492,986,1478
1314,483,1797
337,842,1179
979,826,1805
1203,1631,2834
430,844,1274
858,962,1820
583,988,1571
555,760,1315
1484,1388,2872
1160,1063,2223
416,674,1090
475,470,945
296,675,971
884,479,1363
695,662,1357
1978,946,2924
474,829,1303
600,813,1413
654,1079,1733
606,874,1480
714,690,1404
792,874,1666
362,1296,1658
887,659,1546
734,677,1411
1165,544,1709
379,980,1359
1587,1278,2865
112,1137,1249
1205,966,2171
1445,1855,3300
776,1496,2272
490,981,1471
795,1073,1868
485,852,1337
609,632,1241
322,1183,1505
508,1083,1591
902,363,1265
595,890,1485
644,1726,2370
849,1501,2350
53,1122,1175
948,586,1534
1282,1122,2404
80,1756,1836
354,966,1320
655,814,1469
746,343,1089
925,904,1829
562,802,1364
315,526,841
1201,1373,2574
1121,358,1479
1739,579,2318
784,1149,1933
757,1759,2516
628,601,1229
1494,797,2291
601,1058,1659
847,559,1406
127,541,668
707,1683,2390
529,692,1221
621,1454,2075
1058,1155,2213
343,1978,2321
924,1576,2500
1676,727,2403
802,1768,2570
780,1543,2323
172,791,963
1039,1404,2443
804,1674,2478
422,578,1000
985,1614,2599
1289,821,2110
676,1500,2176
768,754,1522
1372,1430,2802
592,1477,2069
1301,937,2238
984,587,1571
1298,516,1814
690,1055,1745
1661,723,2384
411,712,1123
1177,1188,2365
1919,934,2853
241,1020,1261
1557,565,2122
1343,519,1862
1752,771,2523
342,1046,1388
1501,549,2050
1149,739,1888
590,1069,1659
650,1149,1799
1305,679,1984
447,1145,1592
1066,1222,2288
787,592,1379
800,656,1456
453,1176,1629
917,531,1448
266,646,912
1228,663,1891
509,1284,1793
471,777,1248
617,1038,1655
1038,766,1804
867,931,1798
644,1179,1823
978,617,1595
614,333,947
402,1225,1627
1023,458,1481
357,381,738
1432,671,2103
671,1280,1951
543,252,795
723,632,1355
578,461,1039
1239,905,2144
273,473,746
519,894,1413
324,679,1003
333,650,983
572,880,1452
574,1401,1975
244,645,889
595,283,878
437,610,1047
1003,1200,2203
404,500,904
329,438,767
370,682,1052
693,1755,2448
1067,596,1663
55,444,499
310,729,1039
891,812,1703
550,301,851
265,1031,1296
758,338,1096
1477,1461,2938
1111,1013,2124
89,464,553
759,546,1305
477,474,951
553,1015,1568
292,451,743
312,522,834
294,1622,1916
490,1848,2338
1229,625,1854
114,539,653
824,435,1259
547,1660,2207
444,266,710
442,1016,1458
337,454,791
1377,895,2272
855,616,1471
1053,641,1694
274,412,686
1029,1197,2226
615,547,1162
497,278,775
364,2201,2565
733,951,1684
500,1596,2096
1544,455,1999
465,896,1361
421,1530,1951
320,1074,1394
314,579,893
1046,2384,3430
720,608,1328
328,626,954
164,1152,1316
1475,1678,3153
756,808,1564
592,413,1005
344,1068,1412
478,693,1171
747,366,1113
623,568,1191
492,398,890
293,734,1027
187,1479,1666
973,347,1320
214,371,585
260,1465,1725
745,1033,1778
2039,1216,3255
824,2173,2997
669,414,1083
1548,1275,2823
2209,866,3075
276,308,584
1022,369,1391
361,743,1104
292,1284,1576
374,676,1050
1463,1599,3062
528,595,1123
776,1290,2066
168,1566,1734
1624,788,2412
293,582,875
325,2262,2587
864,504,1368
1092,942,2034
164,681,845
1496,1647,3143
919,642,1561
745,499,1244
353,659,1012
96,1537,1633
316,697,1013
999,1670,2669
144,1937,2081
269,1416,1685
200,1739,1939
1198,1812,3010
666,645,1311
1163,929,2092
604,545,1149
257,1017,1274
1363,1261,2624
530,733,1263
438,863,1301
1500,1016,2516
2144,917,3061
466,715,1181
696,515,1211
1507,781,2288
1563,718,2281
565,721,1286
1252,873,2125
1655,415,2070
1645,724,2369
217,463,680
580,769,1349
23,516,539
674,909,1583
595,682,1277
595,742,1337
238,593,831
414,2008,2422
402,639,1041
203,639,842
273,622,895
1413,1605,3018
21,887,908
559,1594,2153
929,834,1763
1654,1418,3072
1238,642,1880
654,1425,2079
436,606,1042
211,805,1016
463,485,948
513,719,1232
27,1035,1062
488,787,1275
345,885,1230
1918,954,2872
694,630,1324
162,725,887
524,914,1438
1439,1548,2987
304,505,809
361,476,837
393,858,1251
70,1739,1809
241,554,795
987,526,1513
364,1284,1648
745,639,1384
977,715,1692
531,1186,1717
266,636,902
197,2032,2229
504,1173,1677
235,494,729
367,630,997
1293,1108,2401
295,979,1274
1620,872,2492
636,693,1329
501,722,1223
568,630,1198
1707,1531,3238
248,687,935
83,797,880
544,521,1065
1029,664,1693
444,547,991
1667,465,2132
959,477,1436
34,1279,1313
443,876,1319
1001,620,1621
448,869,1317
209,731,940
665,842,1507
158,919,1077
113,1132,1245
681,447,1128
1522,2051,3573
197,1089,1286
750,563,1313
263,586,849
536,501,1037
556,599,1155
328,948,1276
391,624,1015
106,1594,1700
545,644,1189
89,1133,1222
463,882,1345
306,605,911
358,591,949
627,655,1282
715,985,1700
445,766,1211
497,635,1132
1161,1528,2689
998,1130,2128
802,598,1400
501,651,1152
283,609,892
872,469,1341
248,1479,1727
586,680,1266
490,669,1159
988,477,1465
668,1282,1950
407,813,1220
426,1098,1524
519,552,1071
797,962,1759
468,672,1140
473,503,976
1321,485,1806
491,641,1132
1180,1120,2300
568,607,1175
1200,326,1526
781,1529,2310
1081,1261,2342
575,479,1054
904,344,1248
904,914,1818
522,548,1070
696,651,1347
523,640,1163
480,846,1326
1011,738,1749
501,855,1356
354,756,1110
502,935,1437
87,540,627
861,1521,2382
409,1126,1535
588,777,1365
139,622,761
444,828,1272
685,655,1340
515,802,1317
1131,331,1462
438,470,908
536,1321,1857
747,761,1508
581,799,1380
334,483,817
222,785,1007
885,1644,2529
1255,1401,2656
437,830,1267
546,594,1140
280,351,631
964,1028,1992
619,692,1311
69,1018,1087
637,623,1260
306,483,789
1420,1472,2892
733,524,1257
609,763,1372
206,1027,1233
1020,1211,2231
744,1849,2593
130,933,1063
114,1009,1123
685,755,1440
546,654,1200
185,1194,1379
513,2042,2555
413,1233,1646
1231,880,2111
450,693,1143
333,704,1037
1449,1064,2513
703,651,1354
52,862,914
924,522,1446
1551,815,2366
98,1015,1113
522,1064,1586
790,854,1644
442,843,1285
495,693,1188
1303,1229,2532
660,485,1145
745,494,1239
865,660,1525
1713,880,2593
476,651,1127
770,1029,1799
1040,829,1869
688,1180,1868
1691,749,2440
758,801,1559
644,690,1334
602,820,1422
805,489,1294
630,832,1462
1030,830,1860
235,1332,1567
735,661,1396
1160,624,1784
845,316,1161
422,492,914
1382,969,2351
409,1307,1716
844,806,1650
615,1145,1760
718,549,1267
363,894,1257
331,1435,1766
538,632,1170
386,784,1170
523,915,1438
963,1283,2246
894,736,1630
482,729,1211
1017,698,1715
545,1502,2047
377,812,1189
1052,1106,2158
807,668,1475
1331,633,1964
413,764,1177
1001,288,1289
452,1430,1882
741,1445,2186
214,901,1115
763,976,1739
411,1173,1584
877,574,1451
1428,867,2295
1271,767,2038
796,565,1361
1359,731,2090
815,863,1678
812,776,1588
1505,437,1942
745,755,1500
1146,726,1872
207,273,480
719,1585,2304
1076,649,1725
742,1024,1766
1238,1267,2505
675,600,1275
1201,934,2135
730,867,1597
1299,1266,2565
246,285,531
663,752,1415
1072,659,1731
1601,543,2144
1134,767,1901
914,747,1661
576,324,900
1057,937,1994
968,696,1664
856,431,1287
725,1066,1791
199,816,1015
196,658,854
703,465,1168
695,1347,2042
729,1010,1739
607,339,946
302,442,744
688,461,1149
19,1117,1136
31,675,706
78,801,879
899,313,1212
403,677,1080
291,987,1278
110,813,923
379,508,887
584,655,1239
235,831,1066
224,1033,1257
684,1268,1952
406,649,1055
520,815,1335
364,329,693
363,976,1339
373,625,998
390,513,903
483,917,1400
281,1138,1419
772,1175,1947
575,783,1358
453,458,911
909,797,1706
574,1014,1588
554,510,1064
144,519,663
896,627,1523
785,630,1415
833,1973,2806
632,792,1424
193,633,826
406,543,949
854,626,1480
610,650,1260
188,651,839
1036,520,1556
183,1410,1593
507,1056,1563
312,1788,2100
703,436,1139
296,1061,1357
773,1486,2259
474,654,1128
618,576,1194
1717,609,2326
818,572,1390
843,1370,2213
848,1368,2216
918,470,1388
300,449,749
262,1180,1442
1076,1371,2447
481,470,951
89,824,913
1555,538,2093
643,780,1423
726,1337,2063
393,632,1025
1337,470,1807
878,1240,2118
460,1183,1643
1360,1154,2514
46,519,565
694,939,1633
301,687,988
1284,716,2000
444,948,1392
335,1063,1398
182,511,693
880,902,1782
1272,622,1894
96,668,764
449,807,1256
148,1109,1257
818,624,1442
281,930,1211
250,899,1149
712,1089,1801
934,889,1823
968,910,1878
748,652,1400
1096,776,1872
316,1002,1318
396,732,1128
404,974,1378
759,520,1279
799,202,1001
675,713,1388
198,2001,2199
477,869,1346
322,655,977
939,254,1193
890,1254,2144
680,335,1015
381,1153,1534
733,395,1128
747,437,1184
360,1906,2266
720,905,1625
346,1107,1453
496,1096,1592
413,1834,2247
434,1705,2139
582,755,1337
440,453,893
32,431,463
775,1397,2172
302,1833,2135
74,638,712
610,1171,1781
354,1297,1651
654,1905,2559
255,516,771
904,792,1696
1162,745,1907
557,1913,2470
570,808,1378
477,2362,2839
885,650,1535
663,1626,2289
1086,764,1850
293,526,819
766,930,1696
354,1765,2119
1641,875,2516
1002,1966,2968
1023,1000,2023
943,1292,2235
60,663,723
503,437,940
1450,482,1932
1079,526,1605
1547,819,2366
288,576,864
371,543,914
1462,1303,2765
681,926,1607
1812,598,2410
666,1784,2450
310,1006,1316
609,924,1533
1846,715,2561
1704,1446,3150
397,592,989
933,661,1594
452,740,1192
1222,790,2012
433,729,1162
363,1195,1558
805,757,1562
1625,299,1924
1724,1466,3190
554,1215,1769
364,553,917
601,759,1360
517,645,1162
1218,1089,2307
483,482,965
523,1424,1947
2221,764,2985
431,634,1065
330,898,1228
1844,1160,3004
600,499,1099
486,530,1016
695,1059,1754
672,627,1299
845,606,1451
520,1126,1646
360,750,1110
528,874,1402
1022,811,1833
546,1353,1899
672,790,1462
634,868,1502
1313,630,1943
546,644,1190
624,1129,1753
327,507,834
862,494,1356
496,1038,1534
1064,665,1729
1707,1583,3290
889,473,1362
159,1104,1263
450,764,1214
987,822,1809
529,602,1131
1128,274,1402
722,820,1542
731,1079,1810
1121,1121,2242
996,502,1498
631,904,1535
665,452,1117
750,738,1488
382,730,1112
451,605,1056
588,627,1215
1015,474,1489
361,907,1268
400,1379,1779
664,1102,1766
644,674,1318
323,632,955
393,1164,1557
1126,1337,2463
536,572,1108
343,462,805
695,724,1419
505,654,1159
474,1541,2015
366,961,1327
611,727,1338
418,700,1118
452,1170,1622
1308,1524,2832
445,634,1079
642,668,1310
898,897,1795
654,478,1132
136,664,800
159,995,1154
319,531,850
711,1311,2022
495,1387,1882
361,1025,1386
1042,992,2034
993,1008,2001
210,681,891
605,539,1144
832,487,1319
583,315,898
909,1497,2406
255,957,1212
606,426,1032
1039,848,1887
1241,1125,2366
480,816,1296
390,432,822
1065,923,1988
603,606,1209
50,899,949
1457,1113,2570
224,485,709
698,358,1056
481,1532,2013
599,1066,1665
283,896,1179
726,297,1023
1247,1004,2251
282,1246,1528
692,913,1605
279,365,644
1261,737,1998
892,1448,2340
498,1044,1542
1252,1055,2307
894,1337,2231
1368,683,2051
306,1335,1641
660,529,1189
801,1099,1900
351,444,795
615,720,1335
909,1071,1980
267,1140,1407
1373,479,1852
310,684,994
822,753,1575
1292,752,2044
430,323,753
1286,1367,2653
325,1055,1380
723,940,1663
1195,412,1607
250,643,893
480,773,1253
831,666,1497
1067,436,1503
975,589,1564
382,1183,1565
83,450,533
850,1580,2430
864,794,1658
786,1103,1889
140,470,610
159,814,973
583,870,1453
969,1184,2153
961,655,1616
522,894,1416
614,827,1441
962,646,1608
1086,1191,2277
136,903,1039
427,666,1093
784,1266,2050
1197,1227,2424
309,361,670
421,681,1102
422,704,1126
454,1210,1664
943,1567,2510
637,647,1284
761,648,1409
1053,625,1678
256,1154,1410
843,274,1117
260,717,977
263,1012,1275
1024,1114,2138
1260,1348,2608
147,511,658
680,467,1147
928,522,1450
370,1057,1427
1060,852,1912
360,522,882
521,1074,1595
849,1397,2246
704,767,1471
837,444,1281
193,880,1073
349,767,1116
858,861,1719
1025,614,1639
303,1249,1552
493,598,1091
514,670,1184
551,1307,1858
341,980,1321
425,587,1012
889,486,1375
393,998,1391
1005,542,1547
1285,1180,2465
370,567,937
58,830,888
984,791,1775
327,1292,1619
1456,1581,3037
301,578,879
311,922,1233
508,1467,1975
183,703,886
654,1456,2110
227,955,1182
1138,784,1922
821,1165,1986
386,301,687
412,1072,1484
400,1128,1528
369,1065,1434
489,494,983
490,923,1413
656,1446,2102
475,1053,1528
716,837,1553
923,1250,2173
531,759,1290
573,966,1539
1274,1134,2408
612,446,1058
1168,1035,2203
355,1415,1770
1260,641,1901
920,626,1546
1019,1265,2284
640,1212,1852
327,1641,1968
569,1141,1710
407,1423,1830
261,634,895
833,1168,2001
592,1404,1996
857,619,1476
434,697,1131
901,1326,2227
1186,932,2118
864,1301,2165
267,669,936
649,1534,2183
923,633,1556
735,986,1721
856,537,1393
809,817,1626
673,876,1549
648,929,1577
420,637,1057
869,948,1817
506,552,1058
961,1471,2432
903,1035,1938
1097,709,1806
496,541,1037
1292,818,2110
1187,1017,2204
1328,827,2155
538,546,1084
1381,1131,2512
958,792,1750
378,836,1214
1412,686,2098
500,634,1134
744,1214,1958
1165,1097,2262
1385,589,1974
1213,657,1870
368,497,865
1200,821,2021
554,849,1403
337,973,1310
1031,824,1855
378,817,1195
809,728,1537
960,1578,2538
881,431,1312
678,791,1469
268,525,793
676,890,1566
416,600,1016
935,1365,2300
893,1072,1965
471,814,1285
815,737,1552
711,508,1219
831,924,1755
386,655,1041
1029,704,1733
481,512,993
996,1216,2212
824,1021,1845
1079,1252,2331
130,740,870
1401,735,2136
707,1080,1787
489,816,1305
712,1799,2511
740,908,1648
1266,552,1818
182,824,1006
1100,536,1636
394,516,910
829,676,1505
484,1047,1531
1151,1401,2552
443,684,1127
677,1125,1802
504,1007,1511
482,643,1125
639,317,956
866,981,1847
557,959,1516
478,442,920
1106,1175,2281
600,462,1062
741,816,1557
1845,540,2385
661,627,1288
463,906,1369
880,794,1674
713,795,1508
1395,556,1951
674,1543,2217
441,669,1110
532,1062,1594
693,670,1363
1034,677,1711
452,690,1142
757,1053,1810
621,1252,1873
273,1538,1811
939,1016,1955
854,676,1530
433,764,1197
621,1743,2364
620,1110,1730
384,1054,1438
655,1414,2069
756,948,1704
1179,374,1553
841,1568,2409
752,752,1504
235,1055,1290
1441,496,1937
848,686,1534
433,947,1380
1467,568,2035
1040,1007,2047
260,636,896
1518,593,2111
962,708,1670
364,1287,1651
387,689,1076
777,1566,2343
616,1070,1686
1544,365,1909
1303,444,1747
94,1017,1111
587,572,1159
310,958,1268
471,725,1196
907,471,1378
728,600,1328
359,961,1320
605,634,1239
804,585,1389
994,297,1291
508,343,851
852,610,1462
718,236,954
103,371,474
829,187,1016
89,283,372
212,385,597
98,266,364
637,1480,2117
664,381,1045
911,1817,2728
538,1990,2528
75,465,540
945,1587,2532
130,322,452
139,383,522
1145,1060,2205
234,426,660
280,608,888
1262,234,1496
395,2738,3133
539,1988,2527
123,512,635
770,2677,3447
171,621,792
1332,351,1683
327,773,1100
966,2541,3507
300,631,931
153,410,563
694,2076,2770
299,574,873
82,640,722
137,558,695
630,445,1075
267,874,1141
256,447,703
136,569,705
828,1874,2702
692,565,1257
486,267,753
1394,1822,3216
73,1920,1993
127,658,785
1017,233,1250
2435,576,3011
164,1183,1347
1897,705,2602
143,653,796
160,614,774
538,328,866
205,951,1156
116,2810,2926
480,418,898
119,1280,1399
2391,593,2984
477,898,1375
1787,740,2527
196,967,1163
346,695,1041
1627,861,2488
661,960,1621
426,791,1217
46,446,492
161,1508,1669
552,1093,1645
1224,859,2083
402,1019,1421
876,651,1527
470,604,1074
561,1102,1663
305,447,752
474,796,1270
79,648,727
186,766,952
888,689,1577
466,1220,1686
247,700,947
650,1005,1655
186,1715,1901
220,3003,3223
324,718,1042
360,665,1025
633,3253,3886
560,398,958
567,690,1257
748,667,1415
580,902,1482
2833,1157,3990
606,694,1300
997,1023,2020
428,562,990
997,949,1946
1255,1043,2298
258,1138,1396
2595,1035,3630
585,518,1103
738,1278,2016
549,444,993
515,1250,1765
727,516,1243
801,1349,2150
519,813,1332
1514,865,2379
506,1089,1595
2624,493,3117
637,676,1313
379,949,1328
574,475,1049
1040,660,1700
619,873,1492
679,1150,1829
618,693,1311
920,754,1674
711,1106,1817
412,1794,2206
534,853,1387
1077,789,1866
429,1018,1447
918,625,1543
406,853,1259
1078,966,2044
833,888,1721
406,675,1081
678,1071,1749
954,1273,2227
663,817,1480
572,481,1053
228,651,879
1033,1348,2381
1166,683,1849
481,474,955
474,1392,1866
409,679,1088
911,634,1545
935,680,1615
650,754,1404
431,753,1184
735,478,1213
948,806,1754
949,677,1626
446,375,821
763,483,1246
825,775,1600
788,1161,1949
1628,863,2491
487,610,1097
645,767,1412
919,793,1712
499,948,1447
213,1209,1422
1055,711,1766
760,1187,1947
408,559,967
984,1002,1986
531,1730,2261
678,491,1169
1108,874,1982
716,641,1357
487,1521,2008
563,1335,1898
1015,706,1721
629,702,1331
697,767,1464
914,1144,2058
815,501,1316
572,446,1018
410,426,836
1649,333,1982
496,1260,1756
187,876,1063
622,509,1131
446,759,1205
460,1210,1670
466,641,1107
380,820,1200
115,1111,1226
1058,939,1997
1007,974,1981
305,978,1283
701,362,1063
1410,354,1764
203,907,1110
503,657,1160
313,829,1142
1308,671,1979
314,739,1053
603,1757,2360
537,1126,1663
569,768,1337
593,692,1285
500,590,1090
607,1462,2069
439,818,1257
221,812,1033
235,1156,1391
889,914,1803
58,841,899
998,533,1531
287,513,800
853,604,1457
385,1931,2316
1182,775,1957
598,701,1299
856,801,1657
1079,651,1730
431,499,930
731,612,1343
1111,492,1603
516,447,963
849,1712,2561
645,472,1117
648,845,1493
510,448,958
23,1127,1150
800,646,1446
824,1700,2524
656,528,1184
67,1324,1391
595,955,1550
482,1839,2321
581,839,1420
357,297,654
433,1021,1454
318,677,995
1323,959,2282
393,443,836
393,1045,1438
659,944,1603
1495,1076,2571
389,1645,2034
920,1277,2197
458,748,1206
435,960,1395
442,914,1356
559,1023,1582
1613,699,2312
87,445,532
885,765,1650
1747,554,2301
123,665,788
677,829,1506
1387,789,2176
1397,575,1972
773,862,1635
649,910,1559
386,1198,1584
1093,682,1775
563,996,1559
1144,579,1723
324,546,870
563,1750,2313
724,691,1415
330,711,1041
649,1420,2069
556,759,1315
563,569,1132
715,747,1462
813,957,1770
378,528,906
951,1309,2260
290,997,1287
462,497,959
544,442,986
859,1212,2071
830,550,1380
884,1137,2021
366,364,730
826,563,1389
694,1220,1914
460,898,1358
767,1152,1919
847,505,1352
837,884,1721
659,914,1573
604,596,1200
552,826,1378
555,1605,2160
982,920,1902
907,859,1766
594,797,1391
1070,1093,2163
826,1630,2456
926,472,1398
1028,355,1383
404,567,971
427,361,788
351,1551,1902
1009,782,1791
623,1622,2245
424,2363,2787
1774,925,2699
479,1611,2090
1087,497,1584
462,326,788
1339,1168,2507
871,1305,2176
964,795,1759
505,856,1361
772,951,1723
996,1385,2381
412,2211,2623
681,1061,1742
488,588,1076
997,1187,2184
805,933,1738
112,782,894
382,635,1017
679,788,1467
155,1254,1409
1491,1135,2626
1486,1418,2904
1497,528,2025
1395,1038,2433
753,730,1483
223,613,836
1173,1013,2186
147,1224,1371
611,713,1324
383,1283,1666
807,496,1303
538,947,1485
54,681,735
974,544,1518
250,1245,1495
233,940,1173
330,1089,1419
1450,758,2208
433,1303,1736
503,738,1241
1047,1073,2120
2314,781,3095
1017,922,1939
553,1141,1694
603,1056,1659
615,912,1527
782,755,1537
444,1363,1807
880,702,1582
598,727,1325
379,955,1334
303,1081,1384
1024,919,1943
909,715,1624
383,948,1331
2080,1295,3375
749,329,1078
816,715,1531
623,1338,1961
865,1798,2663
981,1261,2242
1079,1551,2630
485,1752,2237
890,1045,1935
920,1853,2773
837,1859,2696
1121,1079,2200
939,1130,2069
665,1874,2539
807,1486,2293
633,1705,2338
837,1524,2361
486,982,1468
1040,1250,2290
491,1688,2179
706,955,1661
616,1621,2237
1207,1312,2519
1013,431,1444
684,1350,2034
32,1724,1756
1281,1073,2354
823,722,1545
930,591,1521
1034,1381,2415
1335,844,2179
766,1078,1844
1367,561,1928
970,760,1730
906,516,1422
1340,708,2048
965,523,1488
1474,508,1982
1704,477,2181
710,611,1321
1099,488,1587
805,461,1266
695,779,1474
175,459,634
413,595,1008
310,723,1033
50,867,917
1469,789,2258
435,700,1135
351,802,1153
1101,951,2052
1586,642,2228
387,841,1228
484,870,1354
750,510,1260
699,399,1098
505,729,1234
284,511,795
1019,1008,2027
538,486,1024
349,607,956
519,365,884
357,1046,1403
383,702,1085
1758,1148,2906
111,1076,1187
658,414,1072
603,532,1135
286,934,1220
191,650,841
1818,1911,3729
303,1181,1484
393,472,865
303,657,960
60,2033,2093
367,505,872
560,1269,1829
61,584,645
794,1458,2252
382,554,936
290,822,1112
1776,532,2308
850,408,1258
695,1015,1710
119,663,782
978,749,1727
965,914,1879
703,697,1400
45,1651,1696
940,643,1583
461,586,1047
301,695,996
885,433,1318
238,1834,2072
1881,480,2361
488,734,1222
333,1818,2151
792,367,1159
636,643,1279
1167,680,1847
596,611,1207
364,1238,1602
251,812,1063
107,440,547
252,707,959
1483,749,2232
398,359,757
445,667,1112
563,1109,1672
45,531,576
508,597,1105
319,476,795
1602,636,2238
432,754,1186
464,388,852
326,957,1283
360,1346,1706
287,628,915
528,389,917
151,541,692
446,839,1285
1716,644,2360
263,654,917
908,514,1422
355,735,1090
471,749,1220
536,1454,1990
349,335,684
420,538,958
287,538,825
299,1424,1723
408,460,868
89,974,1063
1023,730,1753
936,890,1826
606,347,953
546,750,1296
443,673,1116
273,348,621
636,573,1209
369,517,886
1281,631,1912
347,343,690
876,5120,5996
922,608,1530
30,378,408
257,430,687
703,643,1346
843,1052,1895
298,939,1237
1291,505,1796
834,827,1661
380,799,1179
174,903,1077
440,630,1070
894,5356,6250
438,4713,5151
169,569,738
412,977,1389
468,645,1113
523,595,1118
559,1019,1578
290,833,1123
468,1087,1555
402,1111,1513
496,1119,1615
420,5714,6134
300,530,830
737,987,1724
650,848,1498
913,423,1336
116,390,506
899,541,1440
391,1087,1478
559,776,1335
557,5821,6378
525,499,1024
367,981,1348
107,4960,5067
678,492,1170
847,552,1399
174,1004,1178
532,782,1314
445,6336,6781
5209,1209,6418
491,923,1414
601,6591,7192
918,606,1524
4497,1184,5681
909,556,1465
248,1177,1425
566,835,1401
4597,1329,5926
385,741,1126
801,965,1766
5387,902,6289
350,6314,6664
853,432,1285
459,957,1416
214,1273,1487
633,537,1170
6032,899,6931
199,610,809
616,732,1348
334,1098,1432
5423,926,6349
4596,1095,5691
490,855,1345
439,759,1198
743,1257,2000
956,809,1765
601,477,1078
129,1352,1481
1214,626,1840
252,1159,1411
696,696,1392
6469,548,7017
749,744,1493
502,1142,1644
446,891,1337
6234,922,7156
932,752,1684
270,1299,1569
601,648,1249
245,644,889
925,544,1469
583,441,1024
257,1019,1276
988,351,1339
833,618,1451
1011,1005,2016
1152,625,1777
642,517,1159
425,789,1214
886,807,1693
526,813,1339
791,484,1275
1033,1476,2509
666,479,1145
461,471,932
799,1313,2112
585,850,1435
1246,1305,2551
654,314,968
394,955,1349
374,1396,1770
1065,662,1727
246,614,860
661,311,972
271,1806,2077
774,710,1484
704,1206,1910
602,485,1087
682,1156,1838
1273,518,1791
670,1251,1921
509,1102,1611
305,1301,1606
1123,509,1632
358,429,787
346,890,1236
376,1292,1668
253,603,856
1121,968,2089
380,894,1274
916,621,1537
224,902,1126
283,650,933
723,1402,2125
973,583,1556
160,782,942
568,1572,2140
519,1096,1615
388,597,985
1253,1465,2718
459,605,1064
186,880,1066
996,487,1483
1551,851,2402
517,833,1350
346,750,1096
1395,875,2270
1114,306,1420
241,451,692
1195,1066,2261
468,708,1176
545,1158,1703
1149,735,1884
533,1113,1646
1009,304,1313
611,1201,1812
363,699,1062
1383,330,1713
247,705,952
807,1528,2335
472,625,1097
268,757,1025
784,1159,1943
211,627,838
1161,1191,2352
593,1196,1789
968,1019,1987
434,440,874
586,489,1075
487,1420,1907
778,1427,2205
376,638,1014
851,489,1340
1065,807,1872
523,302,825
775,943,1718
258,939,1197
577,542,1119
835,1559,2394
1164,1223,2387
406,665,1071
268,571,839
313,1466,1779
911,1457,2368
350,794,1144
520,899,1419
423,1250,1673
983,783,1766
630,536,1166
719,1375,2094
1026,980,2006
660,1442,2102
1424,1148,2572
629,977,1606
523,1092,1615
129,576,705
1199,1163,2362
1023,875,1898
403,1395,1798
895,1134,2029
576,636,1212
1037,1438,2475
1184,817,2001
724,1144,1868
512,606,1118
1281,495,1776
909,983,1892
855,1168,2023
602,857,1459
1257,772,2029
800,1245,2045
1057,576,1633
659,828,1487
551,764,1315
1026,535,1561
502,842,1344
1343,759,2102
1328,895,2223
793,828,1621
315,1373,1688
1337,526,1863
1430,800,2230
642,713,1355
798,1475,2273
968,1096,2064
152,777,929
753,1372,2125
977,978,1955
940,782,1722
710,685,1395
670,1560,2230
1079,930,2009
1303,771,2074
356,618,974
447,1913,2360
123,1008,1131
822,954,1776
778,439,1217
326,804,1130
936,488,1424
1008,904,1912
515,786,1301
542,513,1055
572,861,1433
1320,1462,2782
623,799,1422
591,857,1448
1218,1496,2714
1162,1038,2200
777,419,1196
532,1085,1617
397,994,1391
520,906,1426
639,468,1107
514,912,1426
786,1023,1809
1726,1095,2821
405,1349,1754
407,806,1213
555,697,1252
1194,841,2035
732,343,1075
762,379,1141
669,653,1322
365,1405,1770
1427,599,2026
797,332,1129
581,1013,1594
362,1331,1693
538,1525,2063
792,557,1349
216,652,868
724,1454,2178
1102,202,1304
472,1188,1660
1159,1795,2954
540,998,1538
422,1822,2244
395,659,1054
549,343,892
602,493,1095
675,1460,2135
787,425,1212
762,1382,2144
492,606,1098
930,1341,2271
411,1835,2246
131,748,879
984,1303,2287
708,455,1163
665,460,1125
761,1113,1874
316,1545,1861
130,422,552
214,640,854
710,1419,2129
457,671,1128
1063,838,1901
345,685,1030
99,717,816
62,529,591
1233,617,1850
590,763,1353
271,607,878
1048,1057,2105
198,736,934
1453,1560,3013
586,347,933
1132,866,1998
317,662,979
287,681,968
1115,808,1923
679,1388,2067
292,318,610
740,305,1045
628,467,1095
1261,790,2051
589,523,1112
125,302,427
863,1085,1948
192,412,604
1529,1132,2661
1053,2261,3314
760,1263,2023
518,217,735
1655,1470,3125
1110,632,1742
114,524,638
1158,1435,2593
278,420,698
1736,1163,2899
632,327,959
1109,722,1831
1600,739,2339
1162,1325,2487
98,898,996
837,428,1265
543,477,1020
1020,703,1723
391,736,1127
680,503,1183
45,556,601
1394,344,1738
107,241,348
909,1310,2219
146,1003,1149
728,1119,1847
765,582,1347
501,686,1187
1163,1357,2520
84,623,707
960,1257,2217
303,636,939
679,1493,2172
40,803,843
601,1096,1697
212,1148,1360
56,633,689
256,685,941
495,671,1166
289,1259,1548
420,542,962
988,603,1591
180,1581,1761
88,690,778
462,721,1183
429,957,1386
289,775,1064
426,566,992
526,516,1042
717,444,1161
596,1719,2315
716,552,1268
946,1041,1987
122,1169,1291
915,747,1662
174,960,1134
1371,855,2226
827,858,1685
367,477,844
866,545,1411
1053,1816,2869
167,1353,1520
435,914,1349
1047,679,1726
415,728,1143
536,1158,1694
548,678,1226
341,692,1033
936,686,1622
929,1574,2503
653,1029,1682
461,790,1251
1541,1094,2635
440,811,1251
376,989,1365
295,717,1012
921,696,1617
964,451,1415
591,921,1512
735,344,1079
572,1744,2316
274,592,866
671,922,1593
491,1692,2183
1038,702,1740
274,761,1035
673,694,1367
163,1595,1758
1502,615,2117
496,801,1297
1536,267,1803
311,840,1151
893,786,1679
565,527,1092
1307,827,2134
642,725,1367
542,606,1148
406,1330,1736
481,701,1182
712,747,1459
491,913,1404
582,656,1238
792,560,1352
1131,990,2121
215,936,1151
1512,760,2272
686,667,1353
732,495,1227
774,1014,1788
1596,277,1873
668,650,1318
521,956,1477
541,661,1202
583,612,1195
220,1357,1577
1034,1019,2053
478,1026,1504
487,435,922
627,1008,1635
513,1203,1716
379,479,858
716,845,1561
610,1141,1751
411,850,1261
664,337,1001
389,966,1355
515,808,1323
627,474,1101
510,500,1010
1439,665,2104
800,517,1317
689,736,1425
467,1427,1894
479,856,1335
568,737,1305
1288,1001,2289
337,614,951
1170,1046,2216
138,1127,1265
893,915,1808
397,321,718
1111,679,1790
936,529,1465
701,706,1407
366,802,1168
644,580,1224
744,583,1327
216,1285,1501
605,1921,2526
443,340,783
768,687,1455
863,336,1199
1035,770,1805
501,522,1023
392,980,1372
911,534,1445
62,534,596
561,1132,1693
692,1767,2459
281,1082,1363
191,470,661
1066,400,1466
554,1770,2324
799,1128,1927
611,525,1136
1675,685,2360
813,886,1699
267,1466,1733
757,906,1663
386,347,733
717,1196,1913
296,1199,1495
233,642,875
220,998,1218
300,1303,1603
412,983,1395
407,553,960
367,1183,1550
1695,492,2187
865,699,1564
944,866,1810
403,1257,1660
1288,560,1848
469,429,898
1190,1279,2469
843,573,1416
247,848,1095
1610,580,2190
314,1201,1515
592,1107,1699
542,921,1463
1160,853,2013
795,1228,2023
1012,1119,2131
693,378,1071
868,1075,1943
799,942,1741
476,843,1319
830,1162,1992
715,1023,1738
904,829,1733
716,743,1459
577,1173,1750
1099,832,1931
30,820,850
1030,757,1787
681,823,1504
212,829,1041
687,2116,2803
321,555,876
1135,539,1674
554,1292,1846
405,546,951
506,1451,1957
270,606,876
970,1278,2248
454,610,1064
304,1272,1576
873,1029,1902
557,538,1095
117,580,697
792,959,1751
853,1927,2780
155,1097,1252
893,1022,1915
655,447,1102
457,1305,1762
753,1325,2078
666,546,1212
1280,721,2001
360,629,989
395,576,971
703,1896,2599
189,1160,1349
601,440,1041
1052,1076,2128
1881,957,2838
490,1062,1552
988,716,1704
521,521,1042
1826,769,2595
451,594,1045
1114,466,1580
655,900,1555
770,1027,1797
387,639,1026
928,735,1663
620,1201,1821
318,687,1005
1283,534,1817
997,522,1519
157,991,1148
504,1012,1516
1151,725,1876
487,426,913
756,1074,1830
253,968,1221
624,501,1125
821,405,1226
555,1582,2137
785,933,1718
556,550,1106
1059,1138,2197
542,546,1088
976,649,1625
782,495,1277
600,1154,1754
255,607,862
998,805,1803
852,945,1797
145,802,947
1008,622,1630
1065,1255,2320
488,618,1106
442,431,873
943,628,1571
414,762,1176
459,1033,1492
759,825,1584
278,875,1153
943,967,1910
1360,1207,2567
328,868,1196
529,1025,1554
856,895,1751
493,1177,1670
995,599,1594
545,702,1247
516,720,1236
504,1880,2384
435,829,1264
629,812,1441
722,697,1419
924,841,1765
471,1389,1860
817,1049,1866
375,754,1129
353,654,1007
1139,1510,2649
375,940,1315
438,1084,1522
150,952,1102
1141,632,1773
749,1035,1784
831,1253,2084
585,651,1236
983,1565,2548
91,872,963
617,1273,1890
609,604,1213
356,1289,1645
461,830,1291
529,617,1146
210,1044,1254
1525,1342,2867
578,946,1524
894,938,1832
601,870,1471
535,1080,1615
905,824,1729
1115,547,1662
454,867,1321
1111,693,1804
214,1653,1867
947,594,1541
1084,436,1520
471,858,1329
575,1267,1842
627,1172,1799
809,1128,1937
693,1234,1927
692,427,1119
215,1159,1374
958,565,1523
518,1411,1929
671,887,1558
654,757,1411
456,685,1141
680,1465,2145
903,1252,2155
947,1230,2177
553,548,1101
509,1239,1748
670,1546,2216
902,1301,2203
438,612,1050
720,939,1659
422,452,874
373,1454,1827
739,1687,2426
1134,503,1637
821,1052,1873
681,718,1399
549,1777,2326
831,1621,2452
60,691,751
1125,676,1801
564,1072,1636
1205,815,2020
269,573,842
1322,336,1658
599,792,1391
1023,338,1361
736,2071,2807
1486,579,2065
280,574,854
799,1690,2489
20,664,684
808,1616,2424
560,356,916
903,1292,2195
734,1896,2630
1028,288,1316
611,673,1284
425,260,685
1011,814,1825
1465,311,1776
222,846,1068
1657,822,2479
482,941,1423
727,344,1071
1104,1204,2308
1006,395,1401
843,1004,1847
383,653,1036
440,790,1230
785,342,1127
50,1225,1275
751,521,1272
749,531,1280
27,449,476
100,328,428
1172,1416,2588
1172,312,1484
796,1465,2261
47,508,555
528,935,1463
900,1308,2208
1606,1355,2961
128,536,664
791,719,1510
1285,1274,2559
499,825,1324
1769,962,2731
47,515,562
171,386,557
1449,883,2332
248,1310,1558
2017,671,2688
345,361,706
253,546,799
660,951,1611
1443,1338,2781
36,457,493
51,726,777
224,571,795
588,416,1004
680,1103,1783
236,806,1042
248,800,1048
1133,788,1921
738,1273,2011
100,946,1046
357,616,973
540,665,1205
601,570,1171
291,1120,1411
310,798,1108
705,584,1289
437,754,1191
579,702,1281
141,626,767
724,515,1239
707,740,1447
363,673,1036
295,453,748
73,740,813
626,687,1313
672,683,1355
83,769,852
315,635,950
443,547,990
998,364,1362
241,592,833
296,908,1204
474,319,793
360,680,1040
814,766,1580
386,516,902
594,996,1590
615,496,1111
1153,1697,2850
719,412,1131
349,1469,1818
144,450,594
556,1703,2259
264,421,685
1018,799,1817
981,1028,2009
310,476,786
111,514,625
783,1082,1865
378,1131,1509
231,327,558
409,1108,1517
25,1490,1515
1048,937,1985
672,878,1550
277,346,623
1249,483,1732
65,1064,1129
518,497,1015
373,694,1067
171,582,753
409,743,1152
285,654,939
476,1830,2306
345,339,684
649,482,1131
235,947,1182
391,478,869
996,569,1565
268,1129,1397
786,426,1212
419,919,1338
1278,490,1768
109,1677,1786
384,936,1320
854,536,1390
189,1948,2137
747,779,1526
341,1126,1467
999,474,1473
119,637,756
1280,874,2154
215,963,1178
548,1198,1746
358,785,1143
776,792,1568
1583,607,2190
929,821,1750
752,655,1407
655,686,1341
166,875,1041
417,858,1275
1004,622,1626
454,741,1195
324,1386,1710
250,924,1174
432,1027,1459
838,540,1378
425,807,1232
682,768,1450
310,1019,1329
54,954,1008
439,615,1054
176,659,835
449,610,1059
546,751,1297
735,904,1639
226,1882,2108
549,718,1267
522,1425,1947
638,470,1108
1253,767,2020
401,712,1113
722,569,1291
652,473,1125
417,829,1246
1547,1076,2623
303,2205,2508
582,470,1052
790,1456,2246
1078,1593,2671
468,574,1042
640,647,1287
833,470,1303
597,793,1390
436,1067,1503
1301,989,2290
553,910,1463
736,727,1463
1056,642,1698
1235,1013,2248
667,667,1334
498,819,1317
281,1539,1820
599,1158,1757
1506,1022,2528
527,455,982
646,596,1242
149,544,693
673,375,1048
1428,505,1933
544,821,1365
570,355,925
887,695,1582
2053,733,2786
440,864,1304
247,390,637
643,894,1537
420,751,1171
152,401,553
343,1138,1481
490,904,1394
1025,597,1622
282,1141,1423
587,774,1361
314,1358,1672
480,598,1078
424,1467,1891
279,341,620
559,1725,2284
450,881,1331
1427,834,2261
224,1555,1779
416,667,1083
780,660,1440
403,1321,1724
863,515,1378
508,706,1214
977,1085,2062
1605,751,2356
795,555,1350
207,1079,1286
1374,944,2318
411,1944,2355
310,481,791
557,848,1405
692,447,1139
755,1245,2000
468,666,1134
423,937,1360
1458,566,2024
486,1298,1784
593,490,1083
456,1073,1529
609,690,1299
652,693,1345
718,802,1520
345,1261,1606
461,2390,2851
705,1061,1766
516,855,1371
278,870,1148
597,463,1060
1025,550,1575
355,857,1212
845,506,1351
754,1082,1836
794,692,1486
356,1085,1441
248,1238,1486
324,679,1003
1056,1101,2157
541,834,1375
1370,749,2119
534,526,1060
333,1842,2175
1180,825,2005
970,450,1420
280,532,812
1435,1629,3064
1002,463,1465
962,464,1426
1040,1160,2200
388,517,905
243,1188,1431
727,366,1093
497,796,1293
697,511,1208
743,1092,1835
551,408,959
747,817,1564
1205,702,1907
391,978,1369
324,598,922
557,636,1193
1043,737,1780
1100,1358,2458
314,743,1057
744,831,1575
993,629,1622
221,1117,1338
677,471,1148
385,986,1371
1639,1535,3174
257,476,733
1031,957,1988
583,1249,1832
489,276,765
1058,423,1481
442,1075,1517
522,265,787
472,517,989
833,416,1249
371,577,948
2075,1675,3750
622,1107,1729
409,597,1006
930,667,1597
517,1695,2212
35,933,968
1086,1016,2102
463,527,990
99,288,387
246,898,1144
741,1058,1799
122,607,729
519,508,1027
1006,783,1789
952,2464,3416
1407,945,2352
124,629,753
160,721,881
1632,1607,3239
303,901,1204
451,895,1346
163,617,780
1465,1516,2981
1086,911,1997
308,600,908
367,560,927
1521,1613,3134
796,621,1417
98,848,946
689,777,1466
701,798,1499
2281,732,3013
1284,1582,2866
781,935,1716
1491,580,2071
1536,1319,2855
696,926,1622
210,766,976
445,968,1413
913,942,1855
1653,432,2085
419,823,1242
705,692,1397
81,1730,1811
780,754,1534
572,1108,1680
471,1000,1471
426,1221,1647
599,989,1588
720,891,1611
705,429,1134
517,1104,1621
885,632,1517
322,1063,1385
876,1304,2180
538,1058,1596
654,1033,1687
803,778,1581
837,513,1350
952,737,1689
608,1351,1959
166,2084,2250
777,543,1320
729,675,1404
638,1050,1688
404,443,847
418,1031,1449
832,1084,1916
928,436,1364
1548,1408,2956
722,774,1496
802,2313,3115
389,1795,2184
65,773,838
1048,1057,2105
683,822,1505
916,1394,2310
1198,1330,2528
867,1003,1870
228,393,621
657,1159,1816
187,584,771
879,1164,2043
1344,1534,2878
44,930,974
434,406,840
952,1459,2411
433,569,1002
47,534,581
1408,440,1848
891,1085,1976
977,1309,2286
1762,1346,3108
1056,1173,2229
524,389,913
76,1010,1086
462,653,1115
106,823,929
897,588,1485
843,1523,2366
272,981,1253
2016,956,2972
626,1016,1642
1101,702,1803
831,315,1146
284,1216,1500
46,720,766
977,1051,2028
346,1513,1859
639,704,1343
1048,842,1890
863,635,1498
42,584,626
745,1190,1935
163,584,747
644,1363,2007
66,796,862
641,1074,1715
667,1460,2127
107,856,963
1079,711,1790
116,802,918
441,538,979
409,3323,3732
427,828,1255
154,1034,1188
743,1372,2115
985,1211,2196
398,1045,1443
510,794,1304
615,3214,3829
103,853,956
1284,1065,2349
338,773,1111
286,980,1266
956,3074,4030
435,914,1349
1316,1086,2402
518,789,1307
902,1539,2441
686,1123,1809
288,646,934
287,1187,1474
524,644,1168
670,720,1390
944,840,1784
556,1282,1838
763,629,1392
750,835,1585
886,1892,2778
911,979,1890
3174,676,3850
588,853,1441
789,443,1232
1073,955,2028
603,1059,1662
1325,748,2073
814,636,1450
2570,903,3473
433,680,1113
463,449,912
761,843,1604
828,875,1703
459,553,1012
362,1663,2025
1024,851,1875
654,958,1612
657,1782,2439
856,495,1351
990,1090,2080
688,493,1181
447,961,1408
375,500,875
144,669,813
1625,828,2453
427,750,1177
890,515,1405
775,771,1546
1017,796,1813
2731,788,3519
670,649,1319
416,1168,1584
312,582,894
1634,692,2326
411,678,1089
411,589,1000
797,1197,1994
914,749,1663
383,441,824
661,978,1639
266,890,1156
512,1635,2147
872,1089,1961
389,565,954
372,456,828
472,1217,1689
769,1384,2153
416,994,1410
505,387,892
582,1299,1881
408,780,1188
892,743,1635
645,1111,1756
693,1233,1926
446,791,1237
851,1191,2042
1648,561,2209
425,687,1112
883,1276,2159
767,1513,2280
730,1203,1933
957,960,1917
1095,1424,2519
907,383,1290
864,598,1462
664,1038,1702
471,848,1319
986,763,1749
506,1114,1620
1157,817,1974
324,970,1294
565,588,1153
990,638,1628
273,1152,1425
1392,998,2390
1107,685,1792
452,1112,1564
289,1135,1424
1172,663,1835
1097,886,1983
620,1652,2272
1375,1099,2474
579,854,1433
737,1346,2083
465,925,1390
575,934,1509
769,615,1384
1030,653,1683
537,1611,2148
1299,697,1996
612,511,1123
706,1308,2014
1051,467,1518
675,833,1508
922,608,1530
936,800,1736
622,1458,2080
526,540,1066
885,807,1692
679,346,1025
925,1190,2115
750,727,1477
881,926,1807
1058,206,1264
1043,838,1881
1472,837,2309
602,1475,2077
32,427,459
1400,840,2240
720,663,1383
62,455,517
447,1046,1493
801,1023,1824
929,732,1661
120,925,1045
998,771,1769
313,1645,1958
1231,1192,2423
1391,693,2084
635,653,1288
112,481,593
229,1068,1297
52,830,882
1129,1895,3024
383,1153,1536
238,747,985
222,1662,1884
369,2147,2516
855,740,1595
1250,908,2158
328,942,1270
664,554,1218
1152,1102,2254
515,530,1045
861,381,1242
741,534,1275
331,493,824
345,940,1285
1498,753,2251
622,1143,1765
217,912,1129
269,1100,1369
866,1131,1997
956,1396,2352
557,465,1022
629,1323,1952
1325,716,2041
944,1324,2268
225,685,910
791,623,1414
467,1649,2116
617,1987,2604
619,629,1248
134,557,691
272,945,1217
671,936,1607
507,432,939
337,548,885
491,1188,1679
271,1608,1879
655,354,1009
851,976,1827
711,1420,2131
198,1045,1243
1489,685,2174
455,1322,1777
376,311,687
376,898,1274
1790,1178,2968
1250,966,2216
347,761,1108
278,1021,1299
1245,828,2073
1455,560,2015
490,1810,2300
45,1202,1247
1163,519,1682
490,1823,2313
1585,1425,3010
634,504,1138
596,456,1052
817,845,1662
1642,1673,3315
124,728,852
829,682,1511
789,552,1341
1181,1004,2185
681,1332,2013
863,724,1587
55,820,875
1145,1552,2697
1009,1541,2550
455,512,967
69,1010,1079
1759,647,2406
620,1552,2172
473,981,1454
483,592,1075
1074,1457,2531
626,1295,1921
877,1064,1941
525,1743,2268
275,501,776
1060,292,1352
312,584,896
585,427,1012
1092,492,1584
900,709,1609
253,828,1081
957,1275,2232
693,823,1516
24,1097,1121
1634,615,2249
377,1093,1470
384,663,1047
1087,902,1989
1258,307,1565
561,1800,2361
601,1084,1685
1399,1136,2535
972,1908,2880
385,1092,1477
698,1159,1857
655,497,1152
1135,1175,2310
53,473,526
472,1145,1617
271,1251,1522
849,720,1569
922,1151,2073
1194,824,2018
337,1576,1913
1054,730,1784
129,697,826
369,1554,1923
79,643,722
1022,950,1972
770,507,1277
418,1475,1893
870,895,1765
1039,667,1706
1100,583,1683
1081,1291,2372
133,844,977
451,1046,1497
636,658,1294
1083,870,1953
126,805,931
1190,1080,2270
902,914,1816
1025,1354,2379
407,774,1181
1799,843,2642
384,1126,1510
269,674,943
1407,628,2035
925,583,1508
310,884,1194
537,922,1459
1044,894,1938
585,773,1358
1433,332,1765
486,880,1366
685,1049,1734
585,759,1344
1056,596,1652
1097,429,1526
253,1314,1567
558,620,1178
710,772,1482
1039,486,1525
721,1040,1761
501,1093,1594
351,889,1240
377,545,922
579,730,1309
453,901,1354
509,641,1150
784,839,1623
945,492,1437
405,617,1022
372,1280,1652
599,512,1111
743,885,1628
635,442,1077
556,862,1418
543,464,1007
305,496,801
751,1142,1893
841,496,1337
511,762,1273
553,284,837
277,876,1153
731,1073,1804
648,557,1205
337,896,1233
922,945,1867
294,539,833
776,654,1430
1026,711,1737
364,542,906
332,1195,1527
318,704,1022
727,1075,1802
717,971,1688
259,1673,1932
986,270,1256
312,620,932
488,1030,1518
716,651,1367
361,927,1288
701,1781,2482
781,1415,2196
433,299,732
532,1461,1993
592,1274,1866
932,611,1543
964,1243,2207
828,530,1358
1531,789,2320
37,606,643
748,1220,1968
800,1904,2704
627,929,1556
182,575,757
656,2452,3108
442,1254,1696
822,1403,2225
1190,1889,3079
342,586,928
345,1310,1655
363,2043,2406
331,592,923
872,1533,2405
490,1189,1679
588,1772,2360
499,1482,1981
1142,1782,2924
279,1037,1316
1231,2500,3731
616,1391,2007
1802,932,2734
1011,2449,3460
1280,1133,2413
688,1422,2110
918,439,1357
545,1634,2179
1183,668,1851
672,985,1657
1749,513,2262
377,544,921
1655,1644,3299
1547,678,2225
1197,1213,2410
873,1536,2409
1713,1311,3024
1284,1029,2313
1130,1207,2337
852,1371,2223
2166,481,2647
54,1388,1442
1028,525,1553
1470,482,1952
1135,1346,2481
451,811,1262
348,845,1193
421,1422,1843
693,905,1598
788,1190,1978
246,1051,1297
434,1476,1910
842,510,1352
1714,875,2589
575,1343,1918
250,814,1064
1112,945,2057
157,924,1081
1326,1065,2391
300,1082,1382
1186,346,1532
1046,1030,2076
687,684,1371
779,825,1604
1101,1175,2276
907,823,1730
440,699,1139
367,818,1185
681,1512,2193
341,904,1245
402,842,1244
1142,842,1984
784,512,1296
1283,850,2133
486,856,1342
771,856,1627
559,842,1401
740,1130,1870
806,1353,2159
777,672,1449
735,1058,1793
932,1124,2056
1318,1356,2674
788,629,1417
632,947,1579
988,1221,2209
1384,732,2116
384,494,878
757,791,1548
1248,1006,2254
815,245,1060
641,570,1211
615,814,1429
773,960,1733
367,764,1131
564,779,1343
753,988,1741
1045,817,1862
951,492,1443
57,1375,1432
1268,306,1574
544,823,1367
1265,753,2018
579,884,1463
698,663,1361
810,460,1270
1020,1270,2290
629,1048,1677
612,850,1462
772,720,1492
667,868,1535
282,604,886
652,731,1383
493,359,852
329,1091,1420
886,366,1252
533,937,1470
837,538,1375
1068,894,1962
739,501,1240
157,951,1108
593,677,1270
972,1157,2129
497,824,1321
470,1297,1767
1105,473,1578
662,1085,1747
975,484,1459
264,894,1158
695,713,1408
758,769,1527
481,994,1475
865,855,1720
481,967,1448
333,1674,2007
969,1080,2049
47,890,937
1004,656,1660
781,608,1389
272,1270,1542
380,604,984
663,1742,2405
422,1108,1530
347,723,1070
1147,1100,2247
388,627,1015
1062,358,1420
777,513,1290
688,377,1065
213,909,1122
1295,1349,2644
715,1171,1886
610,520,1130
1236,1079,2315
921,1544,2465
592,692,1284
1578,864,2442
1649,720,2369
789,435,1224
666,883,1549
1003,620,1623
390,917,1307
1174,473,1647
851,1216,2067
143,1161,1304
1360,339,1699
575,638,1213
414,1313,1727
912,470,1382
449,954,1403
520,1020,1540
425,1365,1790
762,916,1678
212,865,1077
1017,761,1778
580,387,967
894,509,1403
254,1189,1443
1161,378,1539
952,1136,2088
385,1032,1417
524,1246,1770
772,751,1523
625,855,1480
604,497,1101
390,574,964
296,1844,2140
800,494,1294
1238,371,1609
925,1318,2243
417,1019,1436
335,1608,1943
815,728,1543
896,800,1696
677,867,1544
264,806,1070
277,1144,1421
731,1179,1910
214,1069,1283
1118,1165,2283
593,763,1356
547,806,1353
892,749,1641
1072,1125,2197
394,1584,1978
338,1437,1775
655,614,1269
723,817,1540
773,746,1519
122,1107,1229
421,1229,1650
646,1231,1877
203,1152,1355
1109,1338,2447
892,846,1738
992,1007,1999
599,768,1367
1369,1177,2546
1713,811,2524
1059,1235,2294
390,1457,1847
826,921,1747
717,812,1529
828,383,1211
523,1071,1594
255,2017,2272
905,485,1390
1122,1066,2188
653,1114,1767
402,2461,2863
1255,539,1794
782,910,1692
1142,657,1799
609,1205,1814
1084,1195,2279
1040,1253,2293
677,965,1642
1451,1345,2796
594,1132,1726
652,1111,1763
624,1048,1672
1960,996,2956
656,929,1585
1078,1062,2140
2314,451,2765
1005,352,1357
644,411,1055
1278,758,2036
986,355,1341
217,860,1077
817,1244,2061
1000,500,1500
671,611,1282
1281,943,2224
1303,427,1730
969,635,1604
849,1683,2532
854,492,1346
354,777,1131
1115,997,2112
689,990,1679
1040,933,1973
957,221,1178
981,782,1763
663,1640,2303
634,754,1388
275,428,703
110,883,993
958,652,1610
793,1229,2022
619,1138,1757
592,586,1178
118,513,631
931,917,1848
510,1826,2336
337,582,919
921,817,1738
930,1219,2149
1208,578,1786
1654,563,2217
980,781,1761
669,591,1260
789,701,1490
323,577,900
855,876,1731
470,1068,1538
459,1305,1764
917,600,1517
495,1062,1557
521,412,933
151,655,806
656,620,1276
206,1591,1797
286,645,931
185,1083,1268
812,1046,1858
567,1329,1896
611,733,1344
458,337,795
963,791,1754
879,726,1605
548,647,1195
560,473,1033
1114,713,1827
930,1004,1934
1550,575,2125
650,926,1576
520,743,1263
464,909,1373
402,859,1261
547,1089,1636
279,846,1125
1149,1105,2254
582,1010,1592
1302,587,1889
1768,1049,2817
944,790,1734
975,572,1547
368,891,1259
1126,572,1698
746,954,1700
554,737,1291
769,1127,1896
35,472,507
520,1088,1608
268,445,713
329,1097,1426
173,780,953
580,855,1435
575,1112,1687
364,660,1024
790,563,1353
1201,945,2146
56,907,963
997,596,1593
279,659,938
830,706,1536
155,921,1076
677,725,1402
309,891,1200
864,1106,1970
459,846,1305
353,761,1114
253,951,1204
628,735,1363
632,487,1119
511,585,1096
528,663,1191
818,568,1386
832,508,1340
656,723,1379
410,1006,1416
297,1152,1449
482,1021,1503
516,692,1208
448,338,786
886,805,1691
365,717,1082
164,636,800
541,1257,1798
501,543,1044
876,705,1581
765,372,1137
785,1065,1850
544,382,926
274,627,901
344,898,1242
597,709,1306
254,979,1233
304,532,836
691,521,1212
351,725,1076
296,987,1283
472,647,1119
150,770,920
592,582,1174
422,1010,1432
826,367,1193
624,1720,2344
521,1498,2019
385,699,1084
540,913,1453
965,321,1286
584,588,1172
458,806,1264
928,741,1669
908,1497,2405
765,794,1559
600,765,1365
300,1807,2107
254,793,1047
847,2343,3190
1560,575,2135
604,653,1257
587,826,1413
1586,343,1929
743,407,1150
1030,1224,2254
544,1298,1842
756,289,1045
505,2583,3088
242,976,1218
573,598,1171
1070,829,1899
563,1443,2006
887,1458,2345
612,1399,2011
639,745,1384
1657,460,2117
428,1553,1981
733,772,1505
757,1206,1963
676,3018,3694
602,2143,2745
61,789,850
1147,920,2067
957,1076,2033
2272,1248,3520
540,364,904
183,1604,1787
1185,802,1987
1354,1707,3061
366,828,1194
219,2121,2340
771,1150,1921
1164,574,1738
2163,953,3116
999,1353,2352
528,1109,1637
1012,631,1643
1048,1219,2267
519,1364,1883
1261,1514,2775
456,1335,1791
2804,556,3360
619,378,997
682,679,1361
332,1904,2236
1082,640,1722
554,568,1122
622,716,1338
1020,242,1262
170,2027,2197
709,580,1289
533,603,1136
2026,302,2328
431,1907,2338
1850,1137,2987
350,301,651
410,548,958
87,1139,1226
1307,1082,2389
1519,822,2341
193,1508,1701
1571,550,2121
1456,497,1953
1017,1255,2272
901,244,1145
416,270,686
95,606,701
214,447,661
748,370,1118
394,755,1149
684,1190,1874
1061,663,1724
1026,800,1826
1266,1521,2787
821,534,1355
1743,395,2138
258,943,1201
149,386,535
479,730,1209
1137,1057,2194
1158,613,1771
792,348,1140
531,825,1356
669,586,1255
21,433,454
1579,865,2444
795,617,1412
116,550,666
1372,870,2242
1652,987,2639
1436,1888,3324
99,860,959
185,679,864
815,958,1773
44,657,701
771,970,1741
242,697,939
402,498,900
1183,1351,2534
224,649,873
436,742,1178
1039,959,1998
253,655,908
116,771,887
95,1092,1187
279,673,952
1045,2082,3127
496,666,1162
489,880,1369
543,638,1181
524,2347,2871
432,731,1163
399,711,1110
1568,859,2427
537,656,1193
677,835,1512
595,783,1378
705,684,1389
134,722,856
823,555,1378
989,594,1583
139,1223,1362
749,581,1330
906,599,1505
580,752,1332
663,560,1223
973,615,1588
506,983,1489
687,721,1408
1948,545,2493
365,804,1169
352,1406,1758
659,400,1059
767,575,1342
696,1008,1704
561,1382,1943
428,798,1226
597,1100,1697
1070,939,2009
661,771,1432
341,508,849
775,631,1406
413,437,850
356,1014,1370
112,1656,1768
2208,660,2868
665,667,1332
449,1280,1729
1230,554,1784
480,686,1166
436,628,1064
595,956,1551
1306,509,1815
622,972,1594
122,2251,2373
694,1006,1700
813,620,1433
643,1003,1646
605,641,1246
326,779,1105
846,625,1471
819,533,1352
312,645,957
855,489,1344
560,941,1501
442,927,1369
433,299,732
199,781,980
476,595,1071
476,307,783
410,1084,1494
543,476,1019
709,820,1529
540,2288,2828
455,1158,1613
554,1096,1650
417,633,1050
1536,1527,3063
519,1231,1750
295,784,1079
2105,918,3023
265,1230,1495
914,1002,1916
380,770,1150
462,713,1175
1913,705,2618
308,304,612
694,863,1557
348,1359,1707
196,656,852
818,902,1720
863,810,1673
592,1760,2352
208,697,905
756,1089,1845
466,1074,1540
573,768,1341
118,685,803
1019,797,1816
1228,317,1545
554,649,1203
506,788,1294
590,966,1556
751,1457,2208
659,602,1261
763,437,1200
1128,737,1865
574,454,1028
872,980,1852
752,573,1325
817,163,980
1059,1005,2064
515,623,1138
1081,744,1825
1604,658,2262
704,616,1320
589,1078,1667
879,984,1863
1654,330,1984
665,974,1639
687,1201,1888
1004,364,1368
612,645,1257
484,1031,1515
1247,508,1755
566,808,1374
950,488,1438
572,631,1203
830,915,1745
688,897,1585
579,614,1193
604,1839,2443
843,749,1592
925,537,1462
478,915,1393
424,176,600
907,1186,2093
234,816,1050
1083,434,1517
528,361,889
548,633,1181
649,747,1396
180,587,767
501,683,1184
902,1345,2247
847,777,1624
208,667,875
33,871,904
394,1844,2238
384,717,1101
633,603,1236
955,413,1368
970,1170,2140
835,608,1443
887,879,1766
260,680,940
77,877,954
426,2048,2474
508,586,1094
321,411,732
593,617,1210
1065,1003,2068
540,745,1285
731,466,1197
393,820,1213
432,530,962
747,1019,1766
441,772,1213
886,630,1516
357,964,1321
835,438,1273
1221,732,1953
606,959,1565
369,962,1331
682,443,1125
873,791,1664
523,658,1181
324,952,1276
779,494,1273
873,642,1515
1640,816,2456
480,775,1255
527,530,1057
1690,1339,3029
246,1781,2027
396,1130,1526
623,322,945
1943,991,2934
698,862,1560
615,351,966
549,621,1170
463,788,1251
813,500,1313
557,603,1160
941,622,1563
518,330,848
417,868,1285
289,620,909
348,1235,1583
294,1011,1305
1037,285,1322
322,659,981
782,623,1405
847,488,1335
714,921,1635
818,836,1654
584,1377,1961
485,509,994
451,1129,1580
734,641,1375
690,787,1477
159,526,685
299,488,787
798,624,1422
360,1397,1757
195,871,1066
426,713,1139
514,1275,1789
566,649,1215
1002,851,1853
399,356,755
632,439,1071
466,965,1431
562,890,1452
283,506,789
679,491,1170
644,843,1487
594,2229,2823
309,509,818
423,1357,1780
603,3266,3869
558,1316,1874
206,1119,1325
1107,755,1862
72,851,923
707,466,1173
818,960,1778
419,406,825
207,520,727
1155,1023,2178
1601,2185,3786
818,847,1665
410,546,956
1948,1528,3476
675,514,1189
760,542,1302
1032,826,1858
355,616,971
1300,877,2177
748,657,1405
572,1286,1858
390,741,1131
168,637,805
3035,521,3556
644,857,1501
688,1032,1720
1238,968,2206
394,528,922
209,1270,1479
430,1165,1595
187,818,1005
375,482,857
2091,652,2743
890,583,1473
1190,827,2017
840,722,1562
1166,636,1802
154,726,880
325,1750,2075
433,1281,1714
457,626,1083
574,467,1041
1166,655,1821
739,747,1486
810,871,1681
531,650,1181
954,911,1865
763,695,1458
768,1558,2326
656,614,1270
525,1218,1743
314,803,1117
1130,1240,2370
756,477,1233
361,651,1012
651,742,1393
816,300,1116
434,829,1263
795,673,1468
464,2283,2747
409,675,1084
482,1278,1760
1050,642,1692
574,897,1471
438,727,1165
527,302,829
711,1097,1808
767,865,1632
518,1134,1652
1571,728,2299
948,2584,3532
386,1426,1812
960,1518,2478
1061,2250,3311
536,1408,1944
345,1328,1673
571,1892,2463
583,1502,2085
394,1317,1711
611,1572,2183
726,1065,1791
578,1945,2523
1202,558,1760
1245,1694,2939
384,1292,1676
907,1003,1910
1209,1364,2573
457,1472,1929
1334,377,1711
359,1010,1369
686,1759,2445
1018,995,2013
2173,1058,3231
449,1595,2044
1656,401,2057
519,1794,2313
547,1551,2098
911,1200,2111
1037,1059,2096
1487,303,1790
560,1718,2278
1513,376,1889
127,1504,1631
1134,718,1852
2110,1097,3207
1187,870,2057
2137,991,3128
1406,559,1965
1019,329,1348
1228,412,1640
1800,520,2320
1522,395,1917
1558,414,1972
1605,880,2485
1342,789,2131
590,1232,1822
63,410,473
1806,575,2381
967,900,1867
922,1238,2160
1150,411,1561
950,693,1643
710,1093,1803
1213,1435,2648
944,1432,2376
20,414,434
978,791,1769
61,478,539
811,1825,2636
149,497,646
60,342,402
1147,423,1570
911,728,1639
658,1275,1933
1068,1125,2193
47,942,989
27,793,820
404,812,1216
1261,1041,2302
46,858,904
72,833,905
179,865,1044
75,1435,1510
191,494,685
1121,1203,2324
199,493,692
1100,630,1730
35,918,953
30,1098,1128
31,964,995
486,515,1001
80,1074,1154
224,828,1052
1119,1502,2621
564,618,1182
679,530,1209
285,911,1196
367,733,1100
314,967,1281
379,796,1175
487,624,1111
255,818,1073
377,1057,1434
474,1015,1489
584,955,1539
722,782,1504
767,498,1265
1169,637,1806
776,422,1198
1762,880,2642
329,936,1265
752,499,1251
100,1061,1161
825,712,1537
748,809,1557
624,611,1235
972,519,1491
1003,915,1918
522,919,1441
255,671,926
414,1056,1470
316,838,1154
597,1100,1697
841,659,1500
766,474,1240
931,447,1378
855,1175,2030
636,845,1481
539,822,1361
348,678,1026
716,975,1691
544,856,1400
812,1092,1904
903,733,1636
894,437,1331
577,705,1282
912,1060,1972
142,759,901
591,1129,1720
241,697,938
1004,704,1708
397,1015,1412
1106,1301,2407
603,853,1456
633,827,1460
565,818,1383
779,832,1611
418,916,1334
703,826,1529
795,921,1716
18,868,886
498,909,1407
1091,506,1597
230,806,1036
322,658,980
828,607,1435
783,668,1451
413,720,1133
796,1410,2206
509,612,1121
404,499,903
689,730,1419
773,900,1673
467,555,1022
656,678,1334
575,816,1391
717,985,1702
997,1301,2298
648,407,1055
554,966,1520
894,823,1717
768,386,1154
927,840,1767
612,620,1232
281,873,1154
324,538,862
660,284,944
490,614,1104
218,402,620
248,932,1180
1197,888,2085
325,682,1007
653,316,969
686,1105,1791
431,923,1354
457,599,1056
965,1400,2365
332,839,1171
425,1106,1531
922,682,1604
58,322,380
380,875,1255
821,937,1758
301,461,762
604,517,1121
901,408,1309
586,793,1379
702,701,1403
299,703,1002
70,490,560
831,488,1319
725,974,1699
638,1789,2427
119,655,774
430,525,955
604,766,1370
204,608,812
241,508,749
950,492,1442
384,490,874
636,1951,2587
49,769,818
465,502,967
556,1085,1641
602,1025,1627
649,858,1507
738,1415,2153
574,1306,1880
551,608,1159
334,377,711
880,1224,2104
48,1090,1138
159,653,812
259,782,1041
365,976,1341
66,1274,1340
379,641,1020
80,1289,1369
560,776,1336
476,457,933
166,1371,1537
601,903,1504
311,850,1161
709,1740,2449
554,969,1523
1101,459,1560
314,1094,1408
325,1097,1422
202,607,809
662,927,1589
772,924,1696
372,650,1022
202,1172,1374
936,764,1700
362,722,1084
515,633,1148
792,792,1584
511,600,1111
1116,627,1743
543,748,1291
687,634,1321
537,920,1457
533,814,1347
249,732,981
944,778,1722
547,612,1159
585,1539,2124
337,943,1280
681,466,1147
1652,1290,2942
965,1241,2206
792,610,1402
478,458,936
1143,558,1701
929,591,1520
713,638,1351
150,420,570
694,876,1570
754,705,1459
511,959,1470
313,309,622
874,1115,1989
677,524,1201
551,669,1220
342,318,660
1713,1504,3217
273,342,615
610,758,1368
918,1730,2648
540,831,1371
1140,458,1598
163,835,998
1099,1287,2386
768,1420,2188
632,1078,1710
1378,640,2018
359,1438,1797
621,832,1453
614,1194,1808
119,615,734
533,1285,1818
101,1113,1214
692,478,1170
1380,907,2287
1019,274,1293
510,536,1046
798,984,1782
813,949,1762
474,709,1183
1628,360,1988
563,834,1397
360,983,1343
154,365,519
434,1096,1530
981,587,1568
1046,331,1377
168,1093,1261
551,849,1400
726,723,1449
1087,506,1593
326,800,1126
510,1004,1514
456,1608,2064
236,592,828
378,1228,1606
1052,1418,2470
652,949,1601
190,733,923
142,533,675
855,686,1541
1006,572,1578
522,624,1146
212,713,925
258,787,1045
22,990,1012
989,801,1790
1112,981,2093
710,516,1226
539,593,1132
480,941,1421
851,985,1836
669,741,1410
755,1528,2283
545,720,1265
621,524,1145
38,1393,1431
966,1077,2043
323,523,846
958,597,1555
849,1014,1863
596,289,885
1416,1137,2553
534,960,1494
988,1906,2894
683,1050,1733
547,986,1533
723,1806,2529
695,691,1386
435,774,1209
653,771,1424
311,971,1282
734,542,1276
888,813,1701
248,322,570
845,1175,2020
851,552,1403
912,1692,2604
1282,994,2276
1019,1005,2024
486,789,1275
414,1278,1692
1039,1475,2514
605,1048,1653
282,651,933
714,1915,2629
1519,985,2504
266,602,868
812,777,1589
922,329,1251
444,777,1221
1090,760,1850
1063,986,2049
484,1975,2459
224,843,1067
784,1878,2662
1498,748,2246
347,1897,2244
516,501,1017
572,773,1345
735,725,1460
755,922,1677
968,980,1948
730,1754,2484
457,939,1396
1062,1484,2546
671,1716,2387
572,2002,2574
856,543,1399
1602,823,2425
861,827,1688
40,1106,1146
1087,798,1885
1578,968,2546
477,992,1469
318,1032,1350
1651,782,2433
346,2126,2472
576,1019,1595
1644,832,2476
1757,1038,2795
433,1171,1604
1668,1075,2743
790,919,1709
854,536,1390
848,1203,2051
765,1490,2255
619,1066,1685
1366,827,2193
611,949,1560
110,1418,1528
1516,829,2345
996,1283,2279
2023,765,2788
776,1648,2424
861,1406,2267
588,1888,2476
813,1348,2161
626,1421,2047
854,1744,2598
336,1834,2170
1112,1282,2394
1389,1711,3100
992,1477,2469
416,1412,1828
1276,903,2179
411,1171,1582
864,1215,2079
1110,952,2062
877,1560,2437
1099,1041,2140
1232,356,1588
938,1456,2394
588,1041,1629
456,1760,2216
643,1282,1925
1011,1010,2021
607,2003,2610
1302,1213,2515
1277,854,2131
729,2265,2994
827,330,1157
1347,1089,2436
1036,581,1617
687,1598,2285
1707,449,2156
590,478,1068
1217,710,1927
972,434,1406
618,1332,1950
1562,970,2532
163,452,615
603,2109,2712
705,439,1144
1022,856,1878
934,2059,2993
185,457,642
1331,912,2243
1344,648,1992
970,951,1921
562,1581,2143
946,2635,3581
1103,436,1539
944,625,1569
1725,1023,2748
905,977,1882
991,1371,2362
752,584,1336
648,2509,3157
1342,2634,3976
1150,1081,2231
1201,666,1867
434,1049,1483
383,1097,1480
697,565,1262
840,559,1399
683,842,1525
61,593,654
1607,1627,3234
1903,1780,3683
1297,1821,3118
42,800,842
2555,1130,3685
328,895,1223
29,729,758
22,778,800
2385,774,3159
1419,717,2136
708,1136,1844
165,788,953
1414,519,1933
219,633,852
606,348,954
967,305,1272
362,654,1016
523,1042,1565
502,659,1161
606,474,1080
40,1086,1126
295,689,984
33,888,921
232,477,709
214,1098,1312
571,319,890
44,1105,1149
567,1576,2143
524,694,1218
2142,1008,3150
34,1437,1471
532,717,1249
433,324,757
798,547,1345
454,1053,1507
289,520,809
2453,718,3171
885,665,1550
65,839,904
619,624,1243
1388,1314,2702
958,556,1514
165,1114,1279
1003,1360,2363
184,667,851
398,1320,1718
1860,2067,3927
420,1384,1804
237,843,1080
436,718,1154
1640,1110,2750
662,595,1257
331,647,978
1277,349,1626
358,797,1155
692,1079,1771
765,2222,2987
926,657,1583
378,445,823
514,882,1396
593,657,1250
292,735,1027
497,528,1025
1000,877,1877
601,873,1474
723,840,1563
765,545,1310
398,1084,1482
1193,661,1854
384,1985,2369
45,692,737
459,861,1320
1251,1003,2254
475,955,1430
1471,1142,2613
495,851,1346
754,911,1665
139,1257,1396
866,664,1530
384,565,949
551,1298,1849
799,737,1536
314,601,915
483,748,1231
395,755,1150
240,558,798
572,1126,1698
321,1351,1672
684,933,1617
1873,814,2687
1083,1295,2378
728,1069,1797
620,715,1335
603,700,1303
661,712,1373
302,542,844
766,1097,1863
969,881,1850
777,694,1471
669,1049,1718
1502,1044,2546
582,665,1247
1022,679,1701
419,658,1077
569,524,1093
886,549,1435
998,1469,2467
606,797,1403
486,415,901
1216,1717,2933
509,781,1290
1130,993,2123
553,444,997
1130,908,2038
736,831,1567
889,350,1239
426,349,775
610,455,1065
1151,865,2016
515,583,1098
723,1900,2623
1003,838,1841
669,439,1108
897,1237,2134
591,509,1100
546,1426,1972
387,1045,1432
725,443,1168
75,893,968
422,699,1121
705,1704,2409
360,448,808
965,1090,2055
503,1656,2159
912,1096,2008
443,1251,1694
1390,718,2108
677,1065,1742
1191,1196,2387
315,347,662
72,353,425
145,1932,2077
640,1259,1899
1583,667,2250
195,631,826
1040,822,1862
1258,549,1807
783,1509,2292
395,888,1283
178,909,1087
779,1528,2307
615,1764,2379
202,1106,1308
1110,993,2103
996,675,1671
1532,850,2382
366,1236,1602
1456,419,1875
71,508,579
726,1775,2501
945,1228,2173
888,666,1554
1575,762,2337
761,1307,2068
1743,984,2727
1142,1003,2145
594,592,1186
321,1465,1786
112,977,1089
735,610,1345
598,603,1201
215,1087,1302
256,1115,1371
499,460,959
758,594,1352
769,912,1681
1286,309,1595
1022,843,1865
685,1092,1777
434,928,1362
1434,982,2416
811,1019,1830
708,704,1412
357,1399,1756
965,670,1635
872,800,1672
1022,664,1686
693,1016,1709
1575,813,2388
1158,730,1888
278,1020,1298
521,344,865
1447,1140,2587
914,1197,2111
797,1011,1808
947,522,1469
485,1176,1661
677,746,1423
614,1214,1828
190,1007,1197
1006,865,1871
775,993,1768
407,1680,2087
871,1262,2133
874,662,1536
499,650,1149
923,1037,1960
823,1302,2125
577,781,1358
750,798,1548
717,974,1691
416,1635,2051
621,1330,1951
537,893,1430
711,701,1412
400,629,1029
1269,784,2053
331,900,1231
780,937,1717
1038,646,1684
1119,929,2048
882,1047,1929
904,772,1676
1022,762,1784
787,812,1599
466,758,1224
657,611,1268
1150,468,1618
1075,1084,2159
743,628,1371
731,893,1624
354,1128,1482
473,697,1170
808,653,1461
868,1021,1889
551,816,1367
851,493,1344
868,520,1388
1547,1023,2570
619,658,1277
345,538,883
54,1696,1750
471,674,1145
543,1035,1578
450,487,937
523,858,1381
521,919,1440
539,848,1387
1544,1092,2636
868,661,1529
539,1036,1575
548,1429,1977
652,725,1377
433,775,1208
357,327,684
604,868,1472
310,1158,1468
831,606,1437
815,705,1520
1016,1033,2049
862,667,1529
417,1126,1543
657,924,1581
516,558,1074
399,551,950
595,817,1412
598,873,1471
624,447,1071
465,783,1248
1062,1080,2142
228,616,844
196,325,521
434,1727,2161
685,459,1144
758,900,1658
882,939,1821
992,1786,2778
51,596,647
614,833,1447
448,893,1341
200,1022,1222
928,1787,2715
650,1042,1692
1595,1063,2658
635,820,1455
366,1194,1560
73,602,675
943,1078,2021
318,1017,1335
824,593,1417
1487,880,2367
301,503,804
1007,985,1992
786,702,1488
384,571,955
700,839,1539
518,1165,1683
669,632,1301
241,317,558
805,1202,2007
1421,384,1805
386,900,1286
99,919,1018
454,985,1439
589,529,1118
953,774,1727
453,387,840
806,740,1546
311,944,1255
1449,731,2180
965,649,1614
461,1028,1489
811,923,1734
1065,523,1588
854,836,1690
487,1385,1872
748,1182,1930
48,893,941
141,780,921
707,979,1686
334,604,938
218,1417,1635
36,1195,1231
728,1278,2006
750,1104,1854
86,953,1039
873,1822,2695
206,1094,1300
400,612,1012
456,795,1251
737,575,1312
466,517,983
768,543,1311
466,1655,2121
1078,297,1375
833,528,1361
513,1791,2304
264,989,1253
588,1237,1825
685,884,1569
498,489,987
560,1187,1747
812,1934,2746
87,1552,1639
1527,914,2441
1141,1633,2774
701,988,1689
130,1612,1742
722,549,1271
327,1633,1960
37,1326,1363
786,268,1054
1250,578,1828
187,1573,1760
507,1667,2174
393,736,1129
1219,440,1659
238,1630,1868
92,1774,1866
29,611,640
1019,896,1915
1353,704,2057
1346,609,1955
824,1356,2180
907,1141,2048
295,593,888
867,1280,2147
1429,584,2013
761,1254,2015
72,652,724
446,743,1189
1562,937,2499
1441,583,2024
1231,1175,2406
259,699,958
559,876,1435
1716,508,2224
515,521,1036
386,917,1303
55,1104,1159
1423,889,2312
342,996,1338
887,2815,3702
547,829,1376
321,545,866
342,523,865
564,741,1305
562,878,1440
640,886,1526
1578,595,2173
1045,437,1482
236,1233,1469
679,2440,3119
413,659,1072
679,373,1052
822,718,1540
1051,919,1970
726,1261,1987
1189,1012,2201
558,356,914
622,861,1483
443,1219,1662
899,2424,3323
645,905,1550
518,584,1102
856,1086,1942
2699,882,3581
845,1075,1920
846,721,1567
975,729,1704
410,662,1072
800,376,1176
685,443,1128
933,1035,1968
2334,740,3074
495,1236,1731
843,638,1481
1128,580,1708
1076,836,1912
462,1049,1511
974,489,1463
748,402,1150
236,771,1007
403,1216,1619
2221,707,2928
494,781,1275
369,886,1255
706,640,1346
980,618,1598
187,1198,1385
178,833,1011
375,658,1033
823,1021,1844
548,1122,1670
534,548,1082
1425,801,2226
358,476,834
407,1028,1435
358,504,862
1511,2583,4094
565,533,1098
667,974,1641
755,380,1135
559,512,1071
915,501,1416
700,504,1204
958,981,1939
593,1374,1967
313,2350,2663
177,960,1137
515,1050,1565
500,1524,2024
405,848,1253
540,492,1032
772,504,1276
457,525,982
419,1016,1435
1140,629,1769
577,2326,2903
255,1138,1393
403,1663,2066
1012,1079,2091
350,639,989
979,995,1974
758,506,1264
214,680,894
293,1044,1337
384,627,1011
2399,678,3077
314,1081,1395
846,1411,2257
713,801,1514
599,1198,1797
417,615,1032
862,440,1302
845,790,1635
224,614,838
914,590,1504
2201,750,2951
747,1371,2118
887,277,1164
2113,876,2989
1373,839,2212
485,1439,1924
806,954,1760
407,608,1015
272,792,1064
534,1550,2084
95,286,381
529,714,1243
1301,710,2011
1242,833,2075
894,1108,2002
300,1113,1413
1331,645,1976
1079,848,1927
921,1174,2095
479,972,1451
876,1754,2630
230,454,684
380,917,1297
63,384,447
523,1097,1620
679,637,1316
1338,794,2132
823,792,1615
455,1027,1482
1054,985,2039
781,1408,2189
235,453,688
510,1032,1542
85,619,704
423,578,1001
606,1146,1752
474,1060,1534
122,911,1033
133,576,709
465,846,1311
1011,1296,2307
923,1330,2253
1281,593,1874
115,790,905
686,1006,1692
746,1386,2132
1043,869,1912
484,847,1331
317,1121,1438
160,605,765
804,700,1504
526,882,1408
865,598,1463
178,642,820
195,1235,1430
1197,382,1579
1837,556,2393
700,968,1668
288,826,1114
993,330,1323
805,716,1521
749,717,1466
197,1434,1631
433,986,1419
461,541,1002
1556,894,2450
804,876,1680
637,1014,1651
649,214,863
676,693,1369
633,1025,1658
355,1463,1818
726,1193,1919
26,859,885
1088,1033,2121
353,1384,1737
366,1381,1747
771,540,1311
131,454,585
831,975,1806
715,986,1701
78,1047,1125
168,605,773
670,600,1270
1122,686,1808
403,780,1183
421,912,1333
295,985,1280
1394,675,2069
830,597,1427
713,944,1657
218,668,886
890,716,1606
970,1522,2492
476,1103,1579
483,1092,1575
753,1691,2444
575,1073,1648
1244,494,1738
895,803,1698
336,984,1320
368,736,1104
662,1205,1867
923,692,1615
934,483,1417
291,781,1072
693,1396,2089
583,864,1447
590,754,1344
363,749,1112
773,1166,1939
473,718,1191
279,1113,1392
613,937,1550
1183,994,2177
399,1254,1653
349,1028,1377
671,808,1479
216,1715,1931
625,804,1429
593,1157,1750
196,711,907
683,1096,1779
666,498,1164
1105,648,1753
1015,631,1646
640,546,1186
568,949,1517
782,945,1727
786,1231,2017
612,1152,1764
961,1069,2030
718,1151,1869
887,364,1251
382,943,1325
1413,1108,2521
632,763,1395
485,944,1429
828,579,1407
374,923,1297
1008,687,1695
841,1099,1940
407,1571,1978
652,569,1221
1607,1219,2826
467,698,1165
985,883,1868
1333,1421,2754
1054,348,1402
452,921,1373
1123,1021,2144
886,959,1845
674,727,1401
613,1080,1693
460,925,1385
469,1155,1624
844,1107,1951
754,917,1671
519,1378,1897
1145,1093,2238
846,576,1422
876,964,1840
222,945,1167
818,923,1741
356,782,1138
94,772,866
644,716,1360
823,1070,1893
684,1143,1827
802,968,1770
1149,698,1847
972,921,1893
447,571,1018
610,1161,1771
719,905,1624
508,1049,1557
851,849,1700
158,1275,1433
852,1627,2479
922,658,1580
1386,737,2123
232,799,1031
1400,1352,2752
937,483,1420
485,980,1465
646,792,1438
1092,648,1740
574,689,1263
718,928,1646
1052,833,1885
737,739,1476
789,1175,1964
842,877,1719
424,1316,1740
610,930,1540
594,919,1513
897,902,1799
640,703,1343
516,934,1450
778,1260,2038
327,991,1318
852,571,1423
1457,809,2266
999,1117,2116
889,886,1775
760,540,1300
864,1131,1995
842,779,1621
625,932,1557
704,1522,2226
775,781,1556
339,577,916
1118,727,1845
646,1097,1743
470,721,1191
609,919,1528
512,931,1443
796,746,1542
1157,1321,2478
803,1083,1886
874,977,1851
501,1187,1688
585,713,1298
577,1429,2006
922,1073,1995
748,962,1710
806,515,1321
1116,1247,2363
364,1408,1772
272,516,788
1168,904,2072
662,1024,1686
698,1116,1814
304,975,1279
801,1038,1839
1004,798,1802
581,764,1345
816,1460,2276
917,1006,1923
757,1754,2511
440,1053,1493
255,770,1025
492,1472,1964
1422,1408,2830
1055,1032,2087
721,1297,2018
359,1228,1587
612,923,1535
661,1527,2188
508,1129,1637
767,408,1175
799,1267,2066
1152,1122,2274
1075,1251,2326
362,1067,1429
802,1106,1908
641,1102,1743
1106,1243,2349
940,522,1462
787,1001,1788
740,1087,1827
1017,423,1440
1001,923,1924
1152,888,2040
1088,803,1891
1047,641,1688
935,620,1555
401,1016,1417
867,740,1607
844,1074,1918
1442,510,1952
675,1012,1687
1205,174,1379
1035,1151,2186
1420,1091,2511
646,1260,1906
201,325,526
1207,1187,2394
1533,544,2077
788,1192,1980
764,1218,1982
1121,989,2110
165,504,669
654,1100,1754
1006,1165,2171
177,347,524
1390,232,1622
845,1495,2340
1292,819,2111
550,541,1091
1203,433,1636
195,489,684
407,538,945
1066,1443,2509
30,301,331
733,975,1708
206,446,652
560,415,975
365,324,689
885,1352,2237
254,645,899
778,1023,1801
1212,791,2003
74,303,377
818,1340,2158
231,453,684
412,552,964
871,1103,1974
276,928,1204
1450,821,2271
894,1059,1953
216,1382,1598
318,1112,1430
232,1401,1633
915,670,1585
735,320,1055
55,1181,1236
110,620,730
521,1005,1526
95,491,586
641,979,1620
963,341,1304
146,1410,1556
688,1112,1800
506,1002,1508
90,607,697
170,875,1045
1127,693,1820
62,501,563
280,557,837
436,955,1391
995,1079,2074
126,1552,1678
46,618,664
915,631,1546
470,1764,2234
150,625,775
516,395,911
678,976,1654
879,1372,2251
320,712,1032
45,1118,1163
1308,907,2215
1408,869,2277
766,1054,1820
327,851,1178
1133,316,1449
131,871,1002
250,1295,1545
617,481,1098
39,1248,1287
968,653,1621
494,1039,1533
710,775,1485
1042,1103,2145
1081,365,1446
435,895,1330
472,728,1200
129,693,822
586,997,1583
540,1209,1749
1147,1338,2485
510,878,1388
866,673,1539
582,1171,1753
808,985,1793
690,1231,1921
284,687,971
294,817,1111
698,877,1575
476,1559,2035
343,437,780
1137,653,1790
337,897,1234
1013,1201,2214
38,766,804
214,681,895
74,787,861
554,760,1314
144,1101,1245
247,754,1001
682,883,1565
464,1126,1590
505,549,1054
690,460,1150
690,880,1570
728,891,1619
568,400,968
901,503,1404
580,674,1254
1037,613,1650
439,879,1318
60,1732,1792
949,803,1752
284,667,951
61,1829,1890
429,1556,1985
595,662,1257
208,1758,1966
599,524,1123
1061,988,2049
659,669,1328
609,363,972
948,707,1655
297,859,1156
578,821,1399
830,1245,2075
1052,1039,2091
682,652,1334
348,1009,1357
577,990,1567
655,1025,1680
115,701,816
393,642,1035
1256,684,1940
583,1638,2221
1714,297,2011
155,903,1058
813,581,1394
751,360,1111
961,251,1212
188,926,1114
761,796,1557
735,1090,1825
355,1671,2026
1774,680,2454
249,1107,1356
811,370,1181
499,807,1306
580,581,1161
616,618,1234
706,881,1587
525,535,1060
612,903,1515
1507,885,2392
567,781,1348
53,552,605
457,679,1136
598,1668,2266
520,534,1054
491,1606,2097
818,704,1522
1430,949,2379
144,1043,1187
733,796,1529
133,536,669
514,511,1025
316,1093,1409
565,648,1213
514,1337,1851
772,404,1176
438,903,1341
408,1385,1793
744,753,1497
357,497,854
1685,621,2306
686,660,1346
382,669,1051
819,561,1380
744,881,1625
664,943,1607
389,674,1063
585,970,1555
763,1066,1829
1300,930,2230
505,671,1176
649,802,1451
476,1385,1861
387,638,1025
720,1549,2269
898,768,1666
477,405,882
464,721,1185
1455,1120,2575
707,776,1483
391,952,1343
417,723,1140
1039,1011,2050
397,944,1341
355,876,1231
1210,904,2114
447,956,1403
1300,590,1890
361,980,1341
486,1076,1562
900,481,1381
732,822,1554
493,1092,1585
573,2843,3416
711,1001,1712
520,389,909
28,947,975
612,972,1584
97,562,659
769,685,1454
469,715,1184
392,707,1099
399,686,1085
534,1256,1790
581,540,1121
1144,2678,3822
328,699,1027
889,957,1846
166,1034,1200
319,985,1304
686,534,1220
193,1184,1377
496,944,1440
568,1344,1912
614,672,1286
578,844,1422
607,750,1357
270,893,1163
444,829,1273
758,681,1439
719,883,1602
635,661,1296
179,1127,1306
1321,2626,3947
718,1122,1840
419,953,1372
453,995,1448
2579,1506,4085
405,1127,1532
498,861,1359
839,986,1825
716,525,1241
723,1227,1950
1082,896,1978
842,756,1598
953,820,1773
2442,1051,3493
320,1097,1417
716,730,1446
626,777,1403
527,1158,1685
562,917,1479
160,676,836
355,709,1064
579,706,1285
1097,380,1477
2427,988,3415
1100,971,2071
694,742,1436
646,328,974
517,1143,1660
839,946,1785
554,314,868
704,294,998
435,1223,1658
1410,658,2068
556,1222,1778
1030,819,1849
756,696,1452
550,1140,1690
786,776,1562
802,1090,1892
600,431,1031
205,302,507
924,881,1805
337,1057,1394
246,1087,1333
446,473,919
805,1124,1929
1062,860,1922
713,1324,2037
74,465,539
872,837,1709
358,715,1073
743,1584,2327
545,603,1148
871,706,1577
610,1195,1805
402,1468,1870
806,620,1426
93,1509,1602
55,489,544
639,608,1247
920,812,1732
583,1115,1698
652,428,1080
1067,770,1837
647,1265,1912
348,1343,1691
60,947,1007
269,555,824
868,988,1856
859,857,1716
695,1358,2053
903,569,1472
731,1160,1891
1041,649,1690
1427,686,2113
299,680,979
1029,309,1338
1175,670,1845
669,1181,1850
255,913,1168
303,669,972
469,787,1256
1193,985,2178
634,827,1461
557,1001,1558
1200,975,2175
843,613,1456
427,831,1258
67,957,1024
419,777,1196
361,642,1003
770,744,1514
773,802,1575
475,865,1340
637,694,1331
756,325,1081
226,1370,1596
492,912,1404
572,483,1055
796,1009,1805
497,878,1375
395,1194,1589
538,1188,1726
893,333,1226
663,525,1188
471,1397,1868
1009,671,1680
884,620,1504
33,698,731
257,1383,1640
986,813,1799
276,1355,1631
705,774,1479
436,901,1337
415,927,1342
829,1082,1911
651,744,1395
754,2599,3353
792,1019,1811
97,1247,1344
163,717,880
599,1399,1998
394,1548,1942
1049,1093,2142
533,847,1380
763,1276,2039
786,1893,2679
609,996,1605
193,1323,1516
345,1389,1734
35,1084,1119
789,1440,2229
468,1221,1689
558,559,1117
621,275,896
924,1887,2811
1037,1140,2177
621,1094,1715
521,1275,1796
768,1406,2174
346,826,1172
876,1022,1898
805,811,1616
633,535,1168
397,935,1332
2076,1050,3126
878,1290,2168
504,945,1449
415,1194,1609
563,653,1216
851,728,1579
1262,1096,2358
958,716,1674
246,830,1076
1002,865,1867
1049,968,2017
1000,1350,2350
158,976,1134
1098,828,1926
643,1243,1886
1123,1066,2189
885,885,1770
1160,902,2062
811,727,1538
1608,894,2502
1033,1095,2128
1319,541,1860
549,775,1324
1741,1174,2915
315,2266,2581
248,730,978
846,919,1765
376,627,1003
300,651,951
250,1120,1370
858,958,1816
1152,716,1868
457,1342,1799
399,903,1302
1003,869,1872
290,724,1014
878,770,1648
419,627,1046
343,830,1173
1013,691,1704
576,2298,2874
686,756,1442
1069,807,1876
700,741,1441
428,694,1122
755,893,1648
571,509,1080
740,567,1307
1150,535,1685
569,2447,3016
606,1105,1711
642,910,1552
2009,1185,3194
793,1004,1797
563,1070,1633
582,873,1455
2204,1018,3222
750,1271,2021
615,1427,2042
581,772,1353
587,1324,1911
573,1091,1664
439,1628,2067
782,921,1703
742,499,1241
831,1457,2288
2123,554,2677
591,656,1247
767,701,1468
47,1048,1095
1010,679,1689
270,862,1132
537,788,1325
765,1090,1855
818,568,1386
882,1451,2333
700,638,1338
736,1379,2115
239,1136,1375
549,635,1184
309,1316,1625
472,1122,1594
521,776,1297
389,1339,1728
916,526,1442
1492,684,2176
836,726,1562
749,819,1568
641,745,1386
168,1050,1218
424,610,1034
507,996,1503
437,1189,1626
418,1369,1787
1169,836,2005
342,1302,1644
189,1298,1487
931,1018,1949
442,820,1262
359,619,978
1038,821,1859
504,1426,1930
401,1609,2010
658,516,1174
868,720,1588
574,1617,2191
536,947,1483
588,733,1321
1216,972,2188
1195,942,2137
920,701,1621
900,506,1406
1279,744,2023
1209,1151,2360
916,711,1627
942,1728,2670
991,1026,2017
818,846,1664
199,702,901
603,1104,1707
991,1059,2050
420,1175,1595
939,1292,2231
259,768,1027
1327,913,2240
327,717,1044
37,968,1005
623,459,1082
760,509,1269
887,1335,2222
119,661,780
129,451,580
403,829,1232
1261,1186,2447
130,648,778
590,781,1371
526,1070,1596
824,514,1338
1246,1567,2813
1144,454,1598
510,914,1424
911,970,1881
235,1026,1261
300,527,827
313,838,1151
893,700,1593
159,1280,1439
346,651,997
1463,1352,2815
533,802,1335
586,1289,1875
463,1353,1816
613,1048,1661
546,491,1037
534,649,1183
212,345,557
596,699,1295
616,761,1377
428,721,1149
365,1743,2108
644,1427,2071
872,1111,1983
593,1426,2019
799,655,1454
643,1162,1805
551,691,1242
663,833,1496
31,454,485
384,612,996
231,2916,3147
84,662,746
1580,1792,3372
261,742,1003
125,1313,1438
914,802,1716
707,728,1435
354,1239,1593
455,1359,1814
498,561,1059
1108,1338,2446
136,689,825
1631,1805,3436
757,1411,2168
1030,748,1778
657,947,1604
278,1257,1535
1069,716,1785
542,815,1357
474,802,1276
338,762,1100
2330,710,3040
549,1158,1707
275,754,1029
542,1014,1556
1053,1219,2272
359,704,1063
1151,653,1804
396,900,1296
1601,699,2300
1180,1184,2364
781,933,1714
633,723,1356
1328,1421,2749
623,510,1133
1018,662,1680
490,1216,1706
646,900,1546
1689,879,2568
1236,1640,2876
261,842,1103
573,869,1442
1279,1321,2600
1238,1122,2360
460,936,1396
359,1178,1537
1035,1364,2399
681,1377,2058
256,933,1189
452,885,1337
1083,1124,2207
736,1015,1751
482,934,1416
600,1199,1799
1347,2149,3496
591,511,1102
966,934,1900
1108,977,2085
617,1068,1685
530,921,1451
1088,428,1516
762,749,1511
818,1221,2039
1120,1992,3112
81,1159,1240
822,656,1478
761,1129,1890
1072,849,1921
113,1176,1289
458,897,1355
1238,706,1944
687,725,1412
967,900,1867
1091,1713,2804
321,1016,1337
495,1047,1542
1236,870,2106
787,770,1557
622,777,1399
740,814,1554
423,776,1199
899,781,1680
1769,758,2527
208,1151,1359
729,976,1705
319,1029,1348
1778,876,2654
776,852,1628
687,890,1577
783,1115,1898
625,638,1263
1419,699,2118
827,871,1698
362,1089,1451
1113,762,1875
599,820,1419
785,894,1679
811,1345,2156
766,965,1731
917,1146,2063
753,1080,1833
1067,728,1795
871,1011,1882
775,913,1688
637,926,1563
647,920,1567
381,1451,1832
493,634,1127
630,1151,1781
661,1149,1810
662,1153,1815
979,988,1967
791,968,1759
776,1065,1841
471,938,1409
800,771,1571
861,814,1675
656,978,1634
899,957,1856
1181,688,1869
264,537,801
647,1072,1719
489,613,1102
792,919,1711
355,674,1029
534,726,1260
586,1321,1907
573,706,1279
645,594,1239
586,709,1295
818,670,1488
613,716,1329
456,485,941
498,641,1139
373,1144,1517
451,753,1204
1309,641,1950
292,795,1087
912,447,1359
529,958,1487
854,483,1337
585,405,990
757,315,1072
529,401,930
203,389,592
881,761,1642
721,817,1538
247,432,679
718,767,1485
411,1101,1512
346,818,1164
515,232,747
370,1124,1494
226,959,1185
568,487,1055
450,948,1398
773,1042,1815
117,1274,1391
455,1006,1461
772,1141,1913
299,1840,2139
55,256,311
900,647,1547
627,877,1504
1180,1031,2211
635,1091,1726
690,341,1031
789,855,1644
457,855,1312
438,981,1419
93,488,581
728,724,1452
952,854,1806
549,1162,1711
1408,208,1616
961,643,1604
834,869,1703
362,1336,1698
102,242,344
133,823,956
810,1344,2154
604,759,1363
949,804,1753
1235,1035,2270
611,489,1100
486,1150,1636
164,983,1147
165,251,416
314,872,1186
650,1276,1926
167,337,504
531,831,1362
176,334,510
791,952,1743
217,391,608
999,1220,2219
1180,1818,2998
1658,1291,2949
404,807,1211
304,1539,1843
59,1610,1669
885,1363,2248
197,371,568
591,1302,1893
331,1615,1946
742,511,1253
542,1366,1908
1070,829,1899
578,1566,2144
455,1136,1591
580,1502,2082
1414,759,2173
252,570,822
827,990,1817
1163,564,1727
783,919,1702
94,1868,1962
761,986,1747
855,1177,2032
1142,945,2087
1446,469,1915
309,726,1035
552,986,1538
1087,514,1601
653,833,1486
622,1159,1781
949,840,1789
789,724,1513
285,1363,1648
508,704,1212
917,1349,2266
612,1320,1932
813,364,1177
1460,695,2155
574,1857,2431
234,1000,1234
766,836,1602
653,633,1286
980,1473,2453
1334,1166,2500
705,719,1424
1500,455,1955
1033,1157,2190
1270,1623,2893
498,1051,1549
392,1105,1497
1767,1497,3264
752,1091,1843
1184,1224,2408
1090,393,1483
1253,781,2034
321,358,679
418,392,810
714,593,1307
1707,1089,2796
337,794,1131
369,859,1228
1455,678,2133
543,524,1067
668,550,1218
1565,1227,2792
546,2512,3058
1561,665,2226
79,563,642
29,1328,1357
684,802,1486
382,2741,3123
1063,517,1580
47,1389,1436
969,2181,3150
649,871,1520
366,307,673
549,681,1230
70,561,631
981,506,1487
842,484,1326
177,1428,1605
977,784,1761
784,371,1155
450,1883,2333
371,574,945
65,353,418
2376,734,3110
281,700,981
685,417,1102
1166,637,1803
2144,696,2840
850,876,1726
272,1780,2052
329,839,1168
284,1115,1399
66,381,447
592,1581,2173
259,1778,2037
1288,688,1976
1633,633,2266
789,441,1230
319,837,1156
100,427,527
735,675,1410
184,399,583
1591,607,2198
594,1507,2101
703,686,1389
726,807,1533
84,718,802
22,710,732
600,844,1444
102,661,763
86,271,357
123,870,993
290,868,1158
334,1476,1810
141,271,412
156,878,1034
458,710,1168
206,520,726
1112,610,1722
251,770,1021
241,868,1109
221,646,867
299,974,1273
267,871,1138
542,539,1081
641,531,1172
500,709,1209
629,1818,2447
731,573,1304
661,678,1339
508,281,789
1236,793,2029
246,637,883
1288,651,1939
63,422,485
363,433,796
393,2163,2556
304,582,886
37,436,473
495,2183,2678
492,956,1448
77,457,534
1667,1021,2688
1322,1198,2520
729,538,1267
456,481,937
394,679,1073
351,661,1012
311,1175,1486
392,1699,2091
317,634,951
497,1409,1906
1718,449,2167
695,1442,2137
498,648,1146
436,1036,1472
501,1432,1933
382,503,885
962,1186,2148
277,671,948
432,1021,1453
1802,496,2298
358,1385,1743
182,1338,1520
278,796,1074
558,1173,1731
545,1669,2214
497,1085,1582
466,700,1166
297,333,630
787,882,1669
591,723,1314
903,874,1777
1209,556,1765
371,859,1230
189,1193,1382
731,811,1542
333,1099,1432
559,627,1186
1201,387,1588
1221,645,1866
333,812,1145
561,1278,1839
1297,650,1947
788,899,1687
744,805,1549
1014,1256,2270
349,1021,1370
373,1229,1602
716,475,1191
591,782,1373
354,885,1239
1091,843,1934
709,1104,1813
938,925,1863
237,866,1103
422,1374,1796
938,903,1841
487,459,946
1023,888,1911
610,938,1548
62,649,711
1480,829,2309
718,906,1624
74,652,726
407,743,1150
1210,1063,2273
552,834,1386
589,920,1509
975,804,1779
489,897,1386
1050,917,1967
448,1138,1586
477,981,1458
283,497,780
751,710,1461
936,741,1677
642,1393,2035
451,733,1184
702,914,1616
566,1120,1686
48,1584,1632
174,1079,1253
831,710,1541
756,1588,2344
286,680,966
508,748,1256
831,1116,1947
508,690,1198
516,878,1394
752,721,1473
531,533,1064
357,1514,1871
1254,1156,2410
781,861,1642
568,935,1503
744,755,1499
518,694,1212
574,908,1482
539,549,1088
579,1622,2201
1516,1087,2603
587,889,1476
878,1041,1919
427,1302,1729
1334,631,1965
632,1072,1704
537,1458,1995
638,733,1371
964,658,1622
931,1088,2019
294,932,1226
758,573,1331
633,713,1346
894,1090,1984
836,926,1762
783,695,1478
664,712,1376
548,904,1452
1377,286,1663
334,1079,1413
888,1022,1910
835,1104,1939
563,919,1482
716,1211,1927
941,539,1480
776,436,1212
414,723,1137
513,834,1347
993,369,1362
782,979,1761
567,842,1409
1135,1387,2522
781,1153,1934
1036,1263,2299
729,466,1195
1162,1058,2220
646,956,1602
636,1494,2130
962,552,1514
592,859,1451
462,868,1330
616,1348,1964
982,822,1804
601,791,1392
333,325,658
686,793,1479
1489,1336,2825
195,842,1037
344,587,931
1031,562,1593
922,1347,2269
873,560,1433
220,560,780
573,575,1148
38,711,749
647,1282,1929
182,595,777
800,1522,2322
877,1062,1939
715,1570,2285
483,2144,2627
440,510,950
1145,588,1733
636,1021,1657
548,764,1312
64,1146,1210
1292,722,2014
1184,1137,2321
545,410,955
538,1455,1993
931,1745,2676
1195,1023,2218
1091,1475,2566
1237,1423,2660
629,704,1333
316,1074,1390
445,745,1190
476,365,841
546,1102,1648
1216,891,2107
91,1367,1458
877,688,1565
1138,748,1886
2095,695,2790
970,774,1744
1147,761,1908
287,764,1051
1377,720,2097
193,863,1056
242,1634,1876
484,792,1276
155,617,772
890,1163,2053
837,1477,2314
658,637,1295
60,940,1000
1357,535,1892
643,1761,2404
982,762,1744
707,618,1325
818,513,1331
197,1246,1443
646,1029,1675
219,1087,1306
578,787,1365
494,1048,1542
897,803,1700
1264,1205,2469
1215,900,2115
167,726,893
1326,1035,2361
267,1406,1673
112,680,792
319,1347,1666
288,667,955
548,1201,1749
194,810,1004
710,1033,1743
353,834,1187
483,567,1050
1456,496,1952
558,1307,1865
308,864,1172
170,654,824
1526,783,2309
1113,826,1939
732,517,1249
1034,954,1988
605,643,1248
827,695,1522
740,621,1361
371,965,1336
1063,507,1570
260,1108,1368
1009,798,1807
538,737,1275
691,679,1370
665,990,1655
606,684,1290
906,708,1614
526,967,1493
703,852,1555
739,362,1101
351,824,1175
783,669,1452
841,1140,1981
663,664,1327
321,1344,1665
786,830,1616
870,889,1759
505,992,1497
829,779,1608
806,944,1750
857,736,1593
389,1396,1785
548,1665,2213
888,1331,2219
860,650,1510
729,1722,2451
1060,1180,2240
144,1209,1353
741,832,1573
896,1731,2627
1128,993,2121
247,1059,1306
342,788,1130
1021,1550,2571
1223,783,2006
464,562,1026
502,692,1194
1581,466,2047
585,1158,1743
1343,349,1692
498,1180,1678
631,1320,1951
722,1183,1905
378,702,1080
629,1390,2019
682,693,1375
613,1034,1647
1508,324,1832
500,1404,1904
1094,449,1543
367,1230,1597
151,919,1070
146,1552,1698
1025,669,1694
658,883,1541
1037,502,1539
722,340,1062
1526,249,1775
895,530,1425
1223,307,1530
629,1533,2162
609,895,1504
167,1680,1847
1062,803,1865
961,1180,2141
412,1406,1818
642,890,1532
84,501,585
94,543,637
968,531,1499
457,967,1424
464,1202,1666
379,1755,2134
1322,635,1957
1123,1062,2185
536,996,1532
483,1037,1520
1575,593,2168
1535,566,2101
638,518,1156
923,1311,2234
793,730,1523
80,633,713
205,719,924
914,654,1568
58,1038,1096
376,681,1057
1640,631,2271
626,408,1034
1300,1127,2427
135,822,957
1622,510,2132
515,640,1155
172,652,824
285,510,795
667,665,1332
671,535,1206
494,699,1193
1218,470,1688
550,443,993
570,859,1429
391,1098,1489
1038,478,1516
418,815,1233
878,432,1310
871,350,1221
428,281,709
906,438,1344
425,1042,1467
168,1232,1400
1479,499,1978
1295,401,1696
176,445,621
182,442,624
367,1141,1508
908,591,1499
1148,1697,2845
251,377,628
405,295,700
297,432,729
241,386,627
956,392,1348
1273,320,1593
306,781,1087
203,749,952
268,666,934
390,582,972
520,543,1063
291,396,687
937,1382,2319
113,396,509
593,672,1265
104,660,764
610,498,1108
560,569,1129
91,505,596
308,889,1197
968,1674,2642
142,494,636
664,679,1343
273,2380,2653
210,547,757
99,629,728
509,2372,2881
733,585,1318
274,560,834
169,564,733
209,788,997
320,403,723
193,896,1089
1001,1442,2443
409,2238,2647
131,771,902
532,344,876
534,913,1447
2274,535,2809
235,766,1001
447,628,1075
402,702,1104
273,641,914
477,819,1296
465,806,1271
474,735,1209
399,500,899
470,675,1145
996,1041,2037
531,876,1407
162,1174,1336
534,806,1340
1531,498,2029
420,735,1155
458,684,1142
565,789,1354
224,494,718
643,832,1475
205,772,977
316,1353,1669
1581,763,2344
723,723,1446
342,1478,1820
479,484,963
430,490,920
1268,1023,2291
477,532,1009
505,614,1119
334,760,1094
303,858,1161
946,782,1728
421,615,1036
555,577,1132
1164,643,1807
367,1908,2275
491,1360,1851
699,479,1178
373,874,1247
717,1345,2062
342,654,996
589,798,1387
670,768,1438
1397,462,1859
394,500,894
536,761,1297
660,605,1265
282,1360,1642
430,735,1165
378,2522,2900
641,964,1605
573,652,1225
469,933,1402
1301,1361,2662
481,458,939
1187,598,1785
605,617,1222
440,871,1311
1198,601,1799
840,438,1278
800,667,1467
498,883,1381
637,918,1555
644,673,1317
376,592,968
607,821,1428
409,490,899
357,669,1026
488,642,1130
508,638,1146
911,1695,2606
717,2540,3257
583,1181,1764
371,634,1005
1281,583,1864
1445,1853,3298
780,321,1101
439,484,923
439,723,1162
711,1724,2435
1407,1051,2458
522,1156,1678
476,580,1056
1180,1385,2565
1315,799,2114
689,520,1209
524,596,1120
435,261,696
524,477,1001
505,1691,2196
639,931,1570
140,860,1000
578,785,1363
1115,754,1869
1623,407,2030
758,754,1512
492,499,991
696,2044,2740
434,828,1262
1525,731,2256
193,892,1085
320,818,1138
1028,658,1686
985,624,1609
757,969,1726
716,710,1426
200,558,758
525,2197,2722
412,1631,2043
1555,821,2376
543,984,1527
1577,1174,2751
578,516,1094
370,1817,2187
524,1005,1529
33,873,906
720,1321,2041
405,949,1354
775,679,1454
1197,1003,2200
1572,551,2123
686,490,1176
547,759,1306
563,1181,1744
78,871,949
1807,682,2489
733,862,1595
71,1053,1124
465,1028,1493
735,1025,1760
303,993,1296
692,1066,1758
279,1147,1426
309,807,1116
794,1212,2006
659,1419,2078
329,830,1159
707,680,1387
619,983,1602
539,848,1387
523,833,1356
2077,823,2900
1563,359,1922
699,690,1389
879,1171,2050
758,978,1736
844,890,1734
589,665,1254
968,517,1485
506,980,1486
677,657,1334
530,722,1252
588,712,1300
797,952,1749
594,1207,1801
346,866,1212
733,693,1426
923,678,1601
1082,477,1559
556,991,1547
891,723,1614
855,888,1743
901,678,1579
827,1149,1976
1275,665,1940
109,1072,1181
508,702,1210
746,1256,2002
590,1011,1601
579,852,1431
735,868,1603
736,856,1592
389,725,1114
357,1535,1892
725,664,1389
425,930,1355
1015,1331,2346
815,752,1567
1102,853,1955
476,712,1188
387,943,1330
796,670,1466
459,626,1085
563,869,1432
768,851,1619
785,544,1329
546,1510,2056
675,519,1194
852,832,1684
1077,962,2039
989,1013,2002
884,521,1405
496,510,1006
734,718,1452
728,380,1108
359,755,1114
733,1511,2244
829,711,1540
550,968,1518
620,933,1553
1135,644,1779
464,630,1094
597,975,1572
481,338,819
1345,645,1990
330,609,939
834,1675,2509
766,711,1477
753,869,1622
834,521,1355
1441,1340,2781
603,671,1274
625,832,1457
397,640,1037
927,529,1456
424,543,967
790,545,1335
589,1096,1685
581,672,1253
707,879,1586
1372,1020,2392
288,865,1153
868,1258,2126
699,819,1518
396,916,1312
244,706,950
816,564,1380
443,538,981
470,740,1210
856,697,1553
1528,665,2193
576,799,1375
579,2039,2618
562,1126,1688
602,1154,1756
621,909,1530
475,790,1265
349,699,1048
341,713,1054
764,953,1717
1316,634,1950
467,928,1395
285,2222,2507
653,1090,1743
242,1240,1482
493,1395,1888
284,751,1035
536,754,1290
824,1109,1933
745,909,1654
748,898,1646
683,1085,1768
1191,1355,2546
693,1194,1887
709,1035,1744
356,1075,1431
814,856,1670
554,737,1291
423,1142,1565
995,1076,2071
845,1021,1866
623,1010,1633
1164,777,1941
1107,843,1950
459,855,1314
502,1418,1920
822,502,1324
559,734,1293
926,342,1268
680,722,1402
892,1337,2229
513,1696,2209
813,1133,1946
880,821,1701
662,1070,1732
1891,1636,3527
626,958,1584
645,728,1373
923,484,1407
583,1482,2065
264,1517,1781
638,1174,1812
367,658,1025
631,1695,2326
448,1571,2019
582,1326,1908
979,959,1938
713,739,1452
723,485,1208
1003,628,1631
1532,441,1973
732,290,1022
726,1774,2500
521,1516,2037
887,349,1236
617,366,983
445,1446,1891
2180,1524,3704
1462,370,1832
439,656,1095
505,1630,2135
413,678,1091
939,1035,1974
746,1512,2258
1137,1833,2970
1593,633,2226
1308,296,1604
1393,1081,2474
918,1547,2465
1102,656,1758
28,1001,1029
44,1051,1095
907,1495,2402
88,376,464
1429,875,2304
78,1204,1282
1358,957,2315
1429,527,1956
1023,561,1584
933,769,1702
1211,676,1887
58,456,514
359,395,754
1183,1352,2535
1011,451,1462
357,905,1262
813,1333,2146
89,554,643
319,399,718
455,319,774
235,668,903
1190,908,2098
1032,1038,2070
1650,756,2406
83,1060,1143
527,1042,1569
739,253,992
1244,1315,2559
529,785,1314
716,394,1110
790,1038,1828
1467,1048,2515
52,1082,1134
131,330,461
492,876,1368
436,964,1400
710,545,1255
29,380,409
875,987,1862
375,337,712
772,592,1364
774,1330,2104
1108,942,2050
316,1118,1434
935,557,1492
455,453,908
26,1167,1193
104,1770,1874
655,1087,1742
1402,308,1710
509,508,1017
708,561,1269
21,1842,1863
79,1122,1201
48,341,389
718,517,1235
843,523,1366
641,1288,1929
685,477,1162
23,336,359
669,1376,2045
664,300,964
1070,356,1426
827,1420,2247
854,345,1199
173,1053,1226
1080,1087,2167
60,454,514
585,930,1515
606,449,1055
766,1057,1823
143,669,812
417,1184,1601
99,1002,1101
196,657,853
28,1488,1516
367,551,918
180,900,1080
243,1171,1414
758,1048,1806
626,583,1209
247,885,1132
329,573,902
1131,377,1508
871,332,1203
1109,668,1777
372,467,839
1587,413,2000
638,954,1592
515,347,862
79,625,704
193,1651,1844
35,787,822
550,1334,1884
66,764,830
451,1726,2177
1726,1206,2932
434,985,1419
640,220,860
648,672,1320
1257,811,2068
728,852,1580
809,853,1662
620,1597,2217
18,885,903
1300,934,2234
458,1169,1627
896,804,1700
396,405,801
96,1024,1120
342,666,1008
808,827,1635
412,461,873
84,341,425
799,981,1780
1153,747,1900
51,1308,1359
599,1296,1895
529,1201,1730
728,446,1174
936,724,1660
821,226,1047
655,487,1142
137,740,877
557,1009,1566
709,824,1533
841,720,1561
1008,669,1677
259,924,1183
965,619,1584
1182,675,1857
469,895,1364
1478,740,2218
815,809,1624
96,441,537
423,779,1202
548,695,1243
897,592,1489
148,443,591
742,1168,1910
329,529,858
530,605,1135
23,633,656
1114,1151,2265
679,1011,1690
157,705,862
784,1082,1866
993,651,1644
363,313,676
417,499,916
341,1485,1826
39,1188,1227
1645,1337,2982
46,1058,1104
352,691,1043
939,1559,2498
735,1169,1904
363,565,928
510,518,1028
1018,1116,2134
404,656,1060
383,1683,2066
329,644,973
54,682,736
167,1249,1416
418,1107,1525
265,974,1239
255,533,788
433,980,1413
716,1584,2300
458,1114,1572
439,641,1080
621,1003,1624
1016,520,1536
243,1056,1299
583,814,1397
153,1842,1995
423,1230,1653
703,1160,1863
553,2191,2744
516,323,839
84,870,954
1395,1398,2793
542,642,1184
347,631,978
1225,1039,2264
342,628,970
746,487,1233
869,1228,2097
807,1010,1817
244,1036,1280
1489,853,2342
874,1387,2261
523,996,1519
1887,396,2283
907,748,1655
883,1223,2106
1227,502,1729
1168,641,1809
603,774,1377
105,641,746
590,509,1099
546,734,1280
1013,920,1933
653,569,1222
480,838,1318
917,512,1429
717,558,1275
488,637,1125
592,802,1394
812,687,1499
780,1617,2397
223,875,1098
1047,366,1413
797,743,1540
467,583,1050
262,891,1153
559,837,1396
970,1736,2706
192,718,910
281,1053,1334
1112,740,1852
522,726,1248
453,740,1193
621,920,1541
934,1381,2315
415,695,1110
440,836,1276
682,1624,2306
494,683,1177
643,746,1389
221,1892,2113
649,582,1231
318,843,1161
722,1357,2079
553,738,1291
417,1059,1476
1464,920,2384
586,526,1112
644,696,1340
656,956,1612
763,787,1550
599,628,1227
909,2079,2988
768,1004,1772
806,717,1523
548,1944,2492
1132,845,1977
622,446,1068
747,666,1413
729,764,1493
731,926,1657
616,2310,2926
530,857,1387
939,1201,2140
1258,1612,2870
1549,726,2275
547,706,1253
553,1169,1722
729,941,1670
294,959,1253
1256,1596,2852
565,708,1273
431,733,1164
1831,758,2589
236,512,748
948,834,1782
801,841,1642
599,1013,1612
587,794,1381
372,795,1167
1728,1460,3188
411,567,978
265,582,847
2142,712,2854
483,347,830
530,546,1076
992,569,1561
957,3891,4848
545,1546,2091
644,974,1618
1782,1332,3114
597,1011,1608
815,1089,1904
1384,721,2105
525,563,1088
568,560,1128
1121,680,1801
1223,3844,5067
311,1606,1917
847,1033,1880
1438,1079,2517
159,1206,1365
477,1414,1891
388,706,1094
1335,1068,2403
412,720,1132
677,874,1551
765,3892,4657
506,1632,2138
336,1246,1582
504,940,1444
261,1469,1730
375,1458,1833
67,1008,1075
1037,883,1920
913,1104,2017
327,1043,1370
3677,1042,4719
1457,1037,2494
835,1055,1890
463,1219,1682
847,1278,2125
448,1021,1469
313,834,1147
1269,1087,2356
943,914,1857
562,863,1425
3640,1070,4710
1258,1085,2343
788,1118,1906
326,1306,1632
413,1269,1682
823,908,1731
1219,922,2141
741,1111,1852
949,1004,1953
914,787,1701
3882,1043,4925
1427,1110,2537
364,1351,1715
783,1096,1879
1337,733,2070
1404,765,2169
1457,579,2036
379,747,1126
314,895,1209
472,692,1164
259,929,1188
322,912,1234
269,749,1018
271,1000,1271
495,777,1272
513,852,1365
62,600,662
734,1028,1762
20,427,447
541,941,1482
567,985,1552
38,509,547
104,1293,1397
522,1381,1903
492,898,1390
30,580,610
458,1241,1699
726,962,1688
731,547,1278
473,1331,1804
27,645,672
629,1074,1703
84,758,842
557,1193,1750
366,734,1100
274,621,895
515,558,1073
843,1633,2476
814,1641,2455
577,345,922
713,1506,2219
962,1288,2250
87,524,611
959,1729,2688
709,591,1300
828,1250,2078
614,1720,2334
1039,1032,2071
252,1185,1437
594,350,944
656,1820,2476
261,931,1192
900,1551,2451
450,468,918
417,481,898
361,960,1321
301,1357,1658
932,680,1612
386,579,965
690,788,1478
855,815,1670
952,1868,2820
457,1026,1483
837,689,1526
640,1915,2555
380,960,1340
730,1617,2347
929,798,1727
489,429,918
1128,567,1695
1361,340,1701
832,1699,2531
857,837,1694
1149,771,1920
1040,657,1697
69,2086,2155
758,707,1465
73,484,557
724,1487,2211
644,530,1174
421,1708,2129
1441,753,2194
717,956,1673
810,1697,2507
548,864,1412
796,752,1548
1811,738,2549
129,1164,1293
1603,654,2257
90,694,784
153,728,881
690,877,1567
842,820,1662
358,515,873
558,783,1341
149,870,1019
227,829,1056
571,333,904
433,777,1210
322,719,1041
1499,1074,2573
771,576,1347
321,666,987
708,1128,1836
750,283,1033
514,769,1283
1135,965,2100
1461,684,2145
334,861,1195
1861,1273,3134
161,1234,1395
579,469,1048
274,1165,1439
230,389,619
776,518,1294
763,1808,2571
1461,832,2293
639,724,1363
272,1320,1592
328,1178,1506
636,1212,1848
566,395,961
359,455,814
329,1485,1814
1313,558,1871
757,563,1320
372,591,963
650,869,1519
497,1130,1627
825,713,1538
603,371,974
914,1166,2080
1971,508,2479
757,252,1009
1224,634,1858
613,1725,2338
1288,1872,3160
159,443,602
1268,531,1799
1007,785,1792
479,1030,1509
1252,770,2022
618,963,1581
458,1982,2440
343,393,736
387,1780,2167
1070,666,1736
1217,621,1838
62,438,500
55,431,486
1003,941,1944
732,820,1552
262,1207,1469
95,820,915
1496,1074,2570
259,1801,2060
40,707,747
533,1716,2249
234,748,982
1597,648,2245
513,1203,1716
160,816,976
443,1234,1677
645,1239,1884
83,452,535
930,1019,1949
793,1427,2220
440,1023,1463
1687,674,2361
750,760,1510
280,929,1209
1571,440,2011
1001,561,1562
159,861,1020
534,700,1234
100,449,549
1129,616,1745
351,830,1181
572,687,1259
979,558,1537
512,351,863
83,871,954
1549,1234,2783
868,567,1435
541,1265,1806
407,841,1248
810,492,1302
960,1873,2833
139,480,619
579,409,988
421,1208,1629
1726,1315,3041
327,582,909
602,537,1139
812,1191,2003
714,510,1224
247,480,727
1348,1399,2747
626,1241,1867
287,622,909
377,600,977
84,716,800
275,533,808
198,1235,1433
366,588,954
321,723,1044
258,846,1104
895,795,1690
389,721,1110
551,496,1047
731,1393,2124
1197,1199,2396
96,665,761
570,622,1192
1065,1604,2669
455,700,1155
256,552,808
658,499,1157
727,1258,1985
235,765,1000
461,568,1029
1519,1229,2748
594,453,1047
1090,685,1775
1234,999,2233
1010,1136,2146
686,984,1670
149,949,1098
354,524,878
510,482,992
611,471,1082
836,874,1710
975,875,1850
785,1060,1845
511,678,1189
908,1073,1981
293,2817,3110
945,1180,2125
504,475,979
614,850,1464
249,1040,1289
819,721,1540
564,743,1307
1443,825,2268
414,1278,1692
526,2616,3142
1045,685,1730
259,716,975
301,1051,1352
876,723,1599
333,621,954
272,1074,1346
634,811,1445
403,1050,1453
375,2632,3007
673,737,1410
385,863,1248
753,962,1715
2591,695,3286
758,1058,1816
163,925,1088
740,682,1422
2159,729,2888
1023,510,1533
368,1302,1670
946,569,1515
789,902,1691
559,909,1468
652,952,1604
464,705,1169
237,1142,1379
2450,502,2952
476,804,1280
420,1560,1980
525,1321,1846
1204,759,1963
213,506,719
437,1390,1827
778,580,1358
108,1020,1128
726,333,1059
580,797,1377
459,767,1226
952,959,1911
644,921,1565
272,489,761
1161,730,1891
811,614,1425
156,1233,1389
1475,676,2151
356,710,1066
313,1309,1622
626,1176,1802
917,937,1854
697,926,1623
899,1565,2464
1146,755,1901
457,850,1307
1280,448,1728
104,968,1072
451,907,1358
412,876,1288
339,699,1038
489,721,1210
552,1343,1895
885,656,1541
26,1324,1350
699,646,1345
441,1095,1536
264,1122,1386
272,968,1240
506,534,1040
555,830,1385
1263,904,2167
873,665,1538
875,861,1736
444,645,1089
490,598,1088
634,1087,1721
627,558,1185
761,774,1535
776,1044,1820
334,1055,1389
1126,749,1875
578,575,1153
260,784,1044
623,1144,1767
795,597,1392
524,759,1283
819,1727,2546
911,679,1590
813,1092,1905
543,871,1414
798,384,1182
867,967,1834
488,707,1195
556,426,982
477,636,1113
564,1811,2375
521,834,1355
721,1072,1793
620,1165,1785
668,618,1286
924,682,1606
853,595,1448
899,709,1608
1059,599,1658
1172,1260,2432
479,683,1162
935,490,1425
911,1055,1966
724,441,1165
178,621,799
631,267,898
579,1576,2155
659,1182,1841
639,885,1524
567,291,858
582,870,1452
596,459,1055
772,1141,1913
276,638,914
440,383,823
1569,1029,2598
490,636,1126
103,573,676
26,301,327
392,1462,1854
119,967,1086
92,642,734
1085,788,1873
953,885,1838
222,540,762
538,827,1365
129,550,679
482,336,818
315,1586,1901
141,1151,1292
673,1170,1843
413,698,1111
459,1102,1561
777,1785,2562
415,1247,1662
779,631,1410
299,573,872
545,324,869
824,1311,2135
536,760,1296
1661,1012,2673
917,1560,2477
499,717,1216
849,1820,2669
786,927,1713
454,686,1140
165,547,712
82,503,585
968,912,1880
533,713,1246
1491,1475,2966
853,1067,1920
766,577,1343
385,1622,2007
890,1269,2159
219,629,848
1332,913,2245
1223,790,2013
652,527,1179
358,640,998
849,1196,2045
375,975,1350
931,691,1622
348,1114,1462
264,862,1126
1641,660,2301
139,1175,1314
1030,997,2027
940,663,1603
587,786,1373
645,855,1500
1403,871,2274
673,1656,2329
682,656,1338
180,650,830
1267,1158,2425
674,184,858
364,954,1318
665,1274,1939
454,1202,1656
966,1279,2245
583,1302,1885
777,1260,2037
911,1052,1963
582,247,829
819,876,1695
510,1219,1729
601,343,944
276,1240,1516
197,2114,2311
496,795,1291
1366,777,2143
548,1148,1696
432,1489,1921
654,697,1351
761,645,1406
263,1151,1414
403,1414,1817
779,1096,1875
230,348,578
671,1272,1943
1018,1160,2178
435,2241,2676
703,417,1120
900,526,1426
917,517,1434
955,1832,2787
507,1477,1984
434,1215,1649
575,1595,2170
1081,652,1733
673,551,1224
635,601,1236
640,1557,2197
1204,618,1822
1925,914,2839
885,1382,2267
976,944,1920
917,713,1630
751,455,1206
1148,881,2029
800,2168,2968
997,939,1936
49,548,597
1912,704,2616
647,379,1026
935,1669,2604
1484,507,1991
201,448,649
1751,460,2211
1055,998,2053
1165,319,1484
1156,718,1874
1159,613,1772
161,541,702
1165,1049,2214
1086,1007,2093
765,367,1132
291,471,762
1872,785,2657
95,380,475
160,786,946
744,1090,1834
293,382,675
1336,677,2013
365,349,714
725,585,1310
783,482,1265
21,394,415
728,687,1415
62,595,657
127,1243,1370
353,838,1191
26,538,564
137,738,875
1547,760,2307
769,569,1338
67,798,865
18,642,660
1263,1179,2442
165,1431,1596
711,880,1591
81,1105,1186
476,1411,1887
78,717,795
749,1067,1816
107,925,1032
200,608,808
314,488,802
734,1187,1921
40,1068,1108
417,534,951
276,891,1167
175,1218,1393
240,788,1028
572,420,992
582,650,1232
371,1205,1576
116,446,562
16,1036,1052
387,1057,1444
346,912,1258
404,842,1246
408,540,948
375,1073,1448
380,420,800
858,398,1256
135,1046,1181
629,723,1352
447,813,1260
429,833,1262
656,563,1219
879,564,1443
970,849,1819
184,1133,1317
954,615,1569
328,687,1015
526,1226,1752
299,1077,1376
1063,469,1532
438,481,919
626,1046,1672
973,654,1627
1009,356,1365
975,646,1621
1062,786,1848
678,1095,1773
432,795,1227
1015,816,1831
751,1310,2061
990,1161,2151
931,715,1646
1283,641,1924
868,1316,2184
1373,642,2015
1013,572,1585
655,1295,1950
945,725,1670
715,652,1367
52,722,774
38,546,584
78,634,712
62,331,393
46,260,306
1104,1105,2209
1070,990,2060
97,351,448
1030,961,1991
963,1200,2163
21,729,750
266,591,857
126,1129,1255
23,787,810
275,747,1022
31,1126,1157
89,682,771
155,370,525
313,848,1161
317,882,1199
933,352,1285
601,666,1267
265,857,1122
49,1474,1523
334,705,1039
603,558,1161
253,520,773
177,740,917
833,537,1370
57,1151,1208
49,944,993
342,1054,1396
33,1405,1438
298,922,1220
472,711,1183
123,725,848
843,519,1362
327,753,1080
189,872,1061
75,1364,1439
586,550,1136
468,652,1120
768,536,1304
214,1453,1667
960,1147,2107
895,520,1415
25,1580,1605
425,682,1107
599,1069,1668
638,556,1194
1137,824,1961
589,555,1144
845,1053,1898
592,1362,1954
609,519,1128
649,1046,1695
360,517,877
1174,814,1988
868,2345,3213
568,1157,1725
1296,678,1974
504,916,1420
760,1435,2195
306,1173,1479
500,546,1046
391,664,1055
431,663,1094
1361,817,2178
456,799,1255
284,1175,1459
814,670,1484
599,1583,2182
1234,1037,2271
371,636,1007
976,696,1672
671,962,1633
641,2057,2698
653,685,1338
447,1167,1614
487,1171,1658
749,835,1584
1137,868,2005
402,757,1159
562,978,1540
521,691,1212
880,859,1739
501,2495,2996
828,1318,2146
435,1539,1974
1886,1295,3181
805,1698,2503
832,1321,2153
1700,934,2634
767,537,1304
441,741,1182
2191,494,2685
563,522,1085
1226,897,2123
1401,900,2301
599,924,1523
830,1035,1865
1006,556,1562
428,995,1423
506,689,1195
853,822,1675
752,670,1422
434,1450,1884
1150,313,1463
446,918,1364
551,1207,1758
1247,871,2118
1024,927,1951
738,668,1406
846,765,1611
786,526,1312
1072,853,1925
309,1038,1347
1587,630,2217
435,673,1108
1082,1475,2557
1318,1036,2354
545,871,1416
1392,264,1656
734,681,1415
377,692,1069
815,748,1563
433,687,1120
827,1306,2133
1228,889,2117
513,711,1224
838,1197,2035
1111,458,1569
769,1075,1844
589,1632,2221
132,865,997
1034,443,1477
644,796,1440
903,433,1336
858,720,1578
1375,636,2011
677,558,1235
612,1038,1650
699,1605,2304
415,796,1211
534,1344,1878
561,1746,2307
576,733,1309
598,1082,1680
1539,676,2215
513,858,1371
1427,510,1937
47,746,793
653,714,1367
573,868,1441
772,1176,1948
1197,635,1832
191,914,1105
844,1129,1973
741,864,1605
482,677,1159
542,754,1296
451,1233,1684
914,1145,2059
848,453,1301
618,1289,1907
907,1405,2312
1660,339,1999
552,737,1289
661,580,1241
446,711,1157
555,690,1245
794,757,1551
945,1039,1984
738,1126,1864
474,1425,1899
1118,820,1938
278,1498,1776
633,1100,1733
622,718,1340
448,1274,1722
336,658,994
1219,645,1864
228,1208,1436
877,406,1283
1032,1031,2063
747,469,1216
1038,1068,2106
1032,495,1527
1257,817,2074
439,1131,1570
591,793,1384
1015,674,1689
770,982,1752
636,718,1354
940,1146,2086
1063,546,1609
87,791,878
1196,678,1874
768,582,1350
641,824,1465
985,561,1546
301,938,1239
339,1280,1619
1331,986,2317
271,776,1047
442,1112,1554
467,897,1364
764,811,1575
799,318,1117
581,1064,1645
862,1036,1898
1015,625,1640
769,1146,1915
672,749,1421
631,477,1108
534,959,1493
528,1067,1595
273,975,1248
262,505,767
683,971,1654
565,1070,1635
965,1202,2167
692,875,1567
252,689,941
927,1707,2634
290,1320,1610
813,1043,1856
316,697,1013
804,902,1706
846,845,1691
1167,1239,2406
199,991,1190
476,681,1157
1059,836,1895
800,487,1287
380,911,1291
663,703,1366
122,898,1020
623,982,1605
363,1788,2151
356,1006,1362
679,1152,1831
285,872,1157
852,678,1530
567,825,1392
403,971,1374
563,1009,1572
685,957,1642
774,1963,2737
590,853,1443
484,1439,1923
1408,1139,2547
540,1078,1618
1075,874,1949
314,1245,1559
869,1140,2009
1646,927,2573
523,849,1372
717,899,1616
360,961,1321
1756,547,2303
1104,1035,2139
724,790,1514
583,865,1448
658,733,1391
548,945,1493
907,482,1389
1273,581,1854
702,654,1356
794,504,1298
961,1436,2397
807,783,1590
797,641,1438
610,1199,1809
605,1699,2304
622,551,1173
791,1672,2463
503,1552,2055
741,1513,2254
795,342,1137
958,563,1521
1337,578,1915
895,1870,2765
730,633,1363
1000,620,1620
821,962,1783
804,1809,2613
1637,277,1914
767,819,1586
773,514,1287
102,315,417
783,1817,2600
948,925,1873
482,1010,1492
155,458,613
681,1788,2469
472,942,1414
697,698,1395
259,829,1088
871,816,1687
1797,491,2288
828,1790,2618
1060,822,1882
1486,1119,2605
205,474,679
469,1695,2164
466,782,1248
1611,828,2439
645,584,1229
366,958,1324
1793,410,2203
1473,299,1772
525,1492,2017
68,691,759
812,864,1676
685,2213,2898
508,694,1202
1703,642,2345
481,845,1326
735,283,1018
759,467,1226
696,1455,2151
963,451,1414
737,620,1357
1449,1393,2842
35,526,561
542,699,1241
66,485,551
615,713,1328
678,1295,1973
225,451,676
541,687,1228
1553,1152,2705
35,555,590
600,876,1476
62,562,624
351,326,677
714,821,1535
966,636,1602
691,937,1628
84,654,738
224,481,705
834,811,1645
389,472,861
1180,559,1739
322,670,992
383,549,932
364,469,833
340,829,1169
2492,309,2801
2093,566,2659
754,475,1229
944,321,1265
57,710,767
90,455,545
746,482,1228
87,1012,1099
934,595,1529
575,762,1337
125,488,613
116,742,858
1418,979,2397
420,978,1398
83,552,635
278,1352,1630
97,599,696
931,727,1658
23,640,663
70,501,571
129,1100,1229
91,1196,1287
1500,437,1937
952,1051,2003
40,915,955
649,1408,2057
69,1006,1075
166,941,1107
36,1003,1039
456,817,1273
238,990,1228
144,1553,1697
137,434,571
75,1263,1338
150,1045,1195
905,1364,2269
182,941,1123
414,1078,1492
228,1073,1301
215,1345,1560
566,865,1431
752,1208,1960
171,671,842
430,1175,1605
118,1415,1533
816,986,1802
605,732,1337
344,1313,1657
453,1109,1562
500,942,1442
926,745,1671
986,943,1929
246,873,1119
768,731,1499
841,940,1781
1174,947,2121
855,942,1797
775,994,1769
1039,944,1983
711,906,1617
747,776,1523
849,937,1786
1203,546,1749
617,868,1485
442,909,1351
1317,751,2068
739,1087,1826
1197,638,1835
400,546,946
749,976,1725
1025,654,1679
518,493,1011
639,895,1534
1090,902,1992
427,881,1308
847,1261,2108
1225,1517,2742
503,627,1130
625,473,1098
1000,933,1933
841,659,1500
815,461,1276
385,942,1327
704,1251,1955
895,730,1625
868,683,1551
720,860,1580
880,1272,2152
592,518,1110
786,805,1591
704,727,1431
978,1686,2664
608,934,1542
570,593,1163
757,724,1481
489,1255,1744
709,558,1267
543,947,1490
769,518,1287
1036,1567,2603
182,592,774
111,611,722
419,951,1370
1250,595,1845
272,531,803
621,822,1443
426,378,804
698,1287,1985
528,1023,1551
344,743,1087
893,929,1822
475,1551,2026
1140,735,1875
831,1229,2060
1142,1391,2533
599,1293,1892
465,616,1081
362,516,878
517,597,1114
420,889,1309
336,462,798
1146,763,1909
417,820,1237
1518,840,2358
444,869,1313
540,606,1146
644,679,1323
1443,980,2423
878,971,1849
1028,553,1581
359,310,669
573,676,1249
1104,519,1623
372,329,701
381,905,1286
228,671,899
442,306,748
630,1055,1685
883,1265,2148
388,1038,1426
105,309,414
479,787,1266
171,920,1091
206,289,495
229,843,1072
495,870,1365
987,2528,3515
1031,798,1829
348,552,900
259,526,785
997,898,1895
258,319,577
412,762,1174
537,616,1153
1382,838,2220
592,1294,1886
1047,2358,3405
579,627,1206
331,1187,1518
767,659,1426
536,211,747
765,602,1367
658,745,1403
587,575,1162
568,1458,2026
1095,2263,3358
507,542,1049
519,1060,1579
475,1206,1681
505,1055,1560
298,494,792
124,1843,1967
694,526,1220
562,917,1479
688,1909,2597
2445,853,3298
497,1542,2039
141,436,577
619,1278,1897
2182,882,3064
330,671,1001
640,1467,2107
2187,671,2858
763,1886,2649
497,647,1144
936,779,1715
766,523,1289
1237,476,1713
643,1044,1687
995,1082,2077
173,812,985
1380,333,1713
1773,602,2375
1128,656,1784
565,347,912
421,367,788
252,1188,1440
1071,1154,2225
1235,1164,2399
140,1098,1238
1337,631,1968
318,534,852
1791,955,2746
467,523,990
757,848,1605
1741,819,2560
108,607,715
879,935,1814
1083,696,1779
892,723,1615
442,1260,1702
944,1152,2096
376,567,943
226,1230,1456
331,998,1329
839,576,1415
736,347,1083
508,622,1130
547,1379,1926
187,759,946
261,1243,1504
472,1056,1528
330,1124,1454
704,597,1301
498,468,966
296,363,659
818,701,1519
534,568,1102
91,734,825
452,543,995
1089,589,1678
556,1233,1789
498,552,1050
475,452,927
93,1053,1146
585,2374,2959
378,1015,1393
147,1240,1387
381,608,989
1116,584,1700
804,1210,2014
196,661,857
463,895,1358
242,1010,1252
465,2298,2763
918,917,1835
973,1300,2273
489,2353,2842
523,293,816
791,949,1740
1016,1460,2476
356,766,1122
661,749,1410
1058,760,1818
195,1287,1482
1171,781,1952
488,932,1420
818,493,1311
1104,1139,2243
654,851,1505
416,837,1253
2274,625,2899
521,633,1154
1105,796,1901
433,1186,1619
700,471,1171
1131,894,2025
578,1077,1655
419,820,1239
475,773,1248
1293,682,1975
656,887,1543
674,871,1545
552,1543,2095
752,558,1310
1092,874,1966
2145,739,2884
336,947,1283
744,357,1101
2265,1025,3290
674,698,1372
618,709,1327
648,938,1586
841,1345,2186
583,562,1145
942,685,1627
129,1385,1514
1051,1222,2273
468,720,1188
386,1098,1484
735,1004,1739
376,1121,1497
847,908,1755
584,566,1150
1036,1894,2930
374,980,1354
849,579,1428
798,1257,2055
1412,1470,2882
1143,371,1514
1087,515,1602
1105,1393,2498
608,645,1253
1162,2765,3927
1315,1058,2373
1058,512,1570
642,949,1591
839,1288,2127
280,2294,2574
1190,1734,2924
588,2299,2887
364,1391,1755
202,2115,2317
597,379,976
873,1861,2734
312,663,975
266,2071,2337
612,301,913
979,1816,2795
18,299,317
1095,2851,3946
134,193,327
1053,3201,4254
729,1785,2514
416,2213,2629
540,2317,2857
461,1849,2310
1748,648,2396
1919,391,2310
1278,542,1820
906,374,1280
181,252,433
1372,1129,2501
378,1246,1624
603,2681,3284
1155,1046,2201
1063,1351,2414
679,2481,3160
116,1053,1169
1657,667,2324
2027,1146,3173
245,507,752
935,289,1224
704,993,1697
2601,502,3103
66,706,772
1993,647,2640
373,2423,2796
679,2860,3539
48,713,761
2773,909,3682
1314,1359,2673
1162,2920,4082
838,297,1135
2214,292,2506
884,2619,3503
1866,1079,2945
843,2539,3382
2716,785,3501
1544,1656,3200
2658,1558,4216
1850,1102,2952
1536,697,2233
2983,1347,4330
594,421,1015
69,1152,1221
424,1085,1509
591,1290,1881
729,1065,1794
345,459,804
1258,617,1875
715,1048,1763
103,1317,1420
782,403,1185
2794,371,3165
350,1183,1533
2189,1155,3344
864,472,1336
817,1045,1862
739,979,1718
150,1185,1335
915,1080,1995
273,1375,1648
74,607,681
632,756,1388
583,854,1437
2377,967,3344
993,1103,2096
1034,338,1372
928,854,1782
2500,826,3326
946,1005,1951
570,1258,1828
133,792,925
113,791,904
961,902,1863
1601,911,2512
958,669,1627
1150,806,1956
788,1170,1958
845,963,1808
1232,959,2191
633,587,1220
275,939,1214
101,1235,1336
998,1240,2238
395,1005,1400
444,1028,1472
66,1371,1437
517,988,1505
1158,975,2133
610,823,1433
745,1172,1917
361,1221,1582
826,1011,1837
439,1009,1448
783,1155,1938
192,903,1095
234,1413,1647
724,997,1721
625,923,1548
474,655,1129
614,1098,1712
677,1331,2008
626,1343,1969
1089,892,1981
567,1146,1713
521,1285,1806
934,768,1702
806,1226,2032
869,313,1182
910,691,1601
1037,1098,2135
670,1280,1950
1195,862,2057
891,1136,2027
2892,289,3181
956,1497,2453
1250,1068,2318
707,1474,2181
316,663,979
308,729,1037
578,1199,1777
534,1290,1824
339,835,1174
440,1414,1854
123,452,575
1196,1562,2758
507,781,1288
228,582,810
813,1429,2242
786,699,1485
1092,916,2008
1018,1026,2044
260,592,852
914,529,1443
442,1545,1987
498,728,1226
612,657,1269
875,1530,2405
128,1100,1228
746,976,1722
356,1018,1374
640,552,1192
929,705,1634
334,905,1239
1066,876,1942
968,869,1837
795,1866,2661
284,902,1186
649,979,1628
646,1259,1905
511,458,969
1138,832,1970
300,1028,1328
365,539,904
1163,849,2012
713,2112,2825
537,860,1397
1012,1079,2091
493,868,1361
1142,672,1814
778,720,1498
1293,799,2092
1253,1764,3017
966,636,1602
538,1086,1624
710,833,1543
174,602,776
410,740,1150
848,827,1675
403,668,1071
245,925,1170
716,1113,1829
68,914,982
593,654,1247
690,1234,1924
1432,1136,2568
621,590,1211
108,1122,1230
1147,840,1987
606,617,1223
2023,736,2759
486,687,1173
450,837,1287
775,510,1285
399,503,902
873,1056,1929
1495,563,2058
264,747,1011
602,858,1460
692,665,1357
520,455,975
730,727,1457
537,799,1336
834,525,1359
637,817,1454
969,454,1423
547,1416,1963
661,421,1082
854,1052,1906
537,468,1005
446,837,1283
1137,784,1921
770,606,1376
1099,409,1508
572,699,1271
875,370,1245
762,1696,2458
48,606,654
103,553,656
710,651,1361
910,1776,2686
20,617,637
24,590,614
723,1056,1779
83,794,877
609,800,1409
331,813,1144
980,718,1698
78,562,640
693,1024,1717
152,500,652
184,682,866
372,471,843
528,889,1417
707,998,1705
399,534,933
55,675,730
840,814,1654
20,721,741
215,948,1163
414,514,928
860,1548,2408
307,826,1133
775,1235,2010
79,1246,1325
435,549,984
332,652,984
795,1347,2142
401,656,1057
256,1034,1290
376,1230,1606
542,875,1417
418,773,1191
310,1169,1479
228,1293,1521
443,593,1036
490,1213,1703
1546,995,2541
155,689,844
382,1217,1599
337,867,1204
458,649,1107
536,949,1485
177,693,870
467,1005,1472
769,752,1521
582,870,1452
416,541,957
116,968,1084
537,1031,1568
479,741,1220
1035,710,1745
1467,1239,2706
801,907,1708
763,670,1433
901,814,1715
587,550,1137
289,819,1108
417,887,1304
577,1236,1813
1115,1052,2167
319,357,676
1029,1052,2081
758,885,1643
1135,580,1715
729,1421,2150
628,658,1286
913,362,1275
667,671,1338
204,1156,1360
1071,939,2010
463,839,1302
525,820,1345
1117,1174,2291
960,1145,2105
855,1304,2159
909,715,1624
792,1217,2009
541,1041,1582
377,815,1192
730,860,1590
751,679,1430
954,1064,2018
515,972,1487
523,1224,1747
786,1158,1944
976,635,1611
703,789,1492
486,621,1107
1029,549,1578
1061,587,1648
551,781,1332
679,1072,1751
327,823,1150
418,552,970
1041,1148,2189
523,1405,1928
625,1109,1734
891,1173,2064
568,1166,1734
276,884,1160
88,1123,1211
95,822,917
672,325,997
1081,1035,2116
1074,529,1603
405,621,1026
1078,817,1895
1072,1197,2269
630,845,1475
343,906,1249
514,847,1361
275,1034,1309
330,525,855
939,834,1773
420,943,1363
462,1086,1548
396,717,1113
1051,986,2037
959,548,1507
445,546,991
849,395,1244
816,1046,1862
636,1083,1719
720,489,1209
1122,531,1653
607,1067,1674
658,980,1638
855,705,1560
546,947,1493
1018,744,1762
705,1172,1877
859,714,1573
1083,946,2029
783,721,1504
135,759,894
460,2223,2683
340,959,1299
562,480,1042
825,1128,1953
777,537,1314
816,541,1357
704,939,1643
742,849,1591
1085,1192,2277
615,646,1261
901,1285,2186
1029,1105,2134
838,1091,1929
417,1497,1914
775,2697,3472
316,1237,1553
859,943,1802
566,2436,3002
742,1250,1992
881,1185,2066
656,1385,2041
1874,1207,3081
959,1346,2305
334,1353,1687
292,1327,1619
656,983,1639
687,1834,2521
997,422,1419
741,986,1727
466,924,1390
601,812,1413
2027,1016,3043
571,1355,1926
345,1469,1814
434,1575,2009
2099,517,2616
926,1154,2080
714,1333,2047
512,1113,1625
795,668,1463
528,1974,2502
172,1365,1537
832,1149,1981
515,1235,1750
291,2047,2338
1015,831,1846
510,1348,1858
520,2191,2711
602,412,1014
1113,791,1904
270,924,1194
480,1378,1858
933,789,1722
55,966,1021
688,467,1155
946,735,1681
1163,795,1958
1212,701,1913
912,517,1429
1119,613,1732
73,508,581
266,808,1074
1235,370,1605
596,766,1362
1143,649,1792
506,727,1233
1005,1626,2631
756,2015,2771
805,1111,1916
1801,1497,3298
317,988,1305
349,498,847
907,643,1550
266,600,866
532,1058,1590
85,569,654
1430,1521,2951
26,811,837
1801,1307,3108
1917,953,2870
241,676,917
587,397,984
473,681,1154
693,1000,1693
493,509,1002
749,1044,1793
73,1367,1440
881,664,1545
711,382,1093
452,1074,1526
638,836,1474
498,1034,1532
565,372,937
347,691,1038
833,649,1482
1341,1157,2498
149,600,749
660,713,1373
851,832,1683
803,736,1539
1167,943,2110
702,854,1556
467,680,1147
386,1073,1459
1061,1945,3006
290,782,1072
1546,961,2507
167,987,1154
425,1228,1653
1214,302,1516
313,842,1155
21,903,924
524,857,1381
749,589,1338
603,1902,2505
876,828,1704
257,752,1009
727,452,1179
357,338,695
601,946,1547
34,921,955
891,515,1406
622,655,1277
578,610,1188
440,601,1041
578,521,1099
543,705,1248
712,597,1309
492,884,1376
307,973,1280
538,673,1211
1113,508,1621
754,594,1348
165,844,1009
795,468,1263
867,1097,1964
506,459,965
248,1072,1320
630,828,1458
546,1455,2001
396,678,1074
431,1699,2130
827,442,1269
199,888,1087
646,560,1206
756,575,1331
523,633,1156
165,1078,1243
607,1437,2044
858,812,1670
517,563,1080
1654,1055,2709
418,541,959
523,863,1386
396,745,1141
475,612,1087
760,739,1499
328,765,1093
836,624,1460
543,608,1151
384,945,1329
1723,1203,2926
592,784,1376
815,745,1560
968,1122,2090
518,641,1159
906,615,1521
704,888,1592
233,647,880
671,1018,1689
552,556,1108
376,1020,1396
1340,810,2150
1469,1206,2675
361,374,735
552,1027,1579
610,525,1135
702,755,1457
450,689,1139
722,1017,1739
478,945,1423
418,637,1055
1343,897,2240
855,917,1772
389,514,903
365,1300,1665
1189,894,2083
607,883,1490
663,525,1188
429,1347,1776
565,954,1519
637,777,1414
940,1045,1985
216,366,582
467,596,1063
372,994,1366
647,745,1392
214,364,578
255,943,1198
803,1003,1806
311,321,632
770,1072,1842
340,1069,1409
477,984,1461
931,1119,2050
90,308,398
781,514,1295
878,737,1615
663,772,1435
631,882,1513
343,1307,1650
978,819,1797
420,1146,1566
664,1166,1830
752,974,1726
125,318,443
565,426,991
1176,506,1682
101,840,941
709,1135,1844
561,687,1248
741,1041,1782
452,1412,1864
967,875,1842
858,883,1741
301,999,1300
765,611,1376
629,811,1440
514,623,1137
918,976,1894
778,1292,2070
629,749,1378
197,521,718
798,693,1491
950,479,1429
683,990,1673
849,1064,1913
374,752,1126
678,992,1670
573,947,1520
532,640,1172
70,781,851
669,610,1279
909,833,1742
632,1043,1675
385,551,936
811,625,1436
439,553,992
829,666,1495
362,1118,1480
182,722,904
781,1042,1823
159,576,735
236,1173,1409
692,949,1641
277,775,1052
409,1048,1457
1039,341,1380
607,505,1112
524,788,1312
230,1090,1320
868,1003,1871
394,450,844
725,355,1080
490,793,1283
648,702,1350
400,596,996
760,789,1549
360,719,1079
719,869,1588
941,1034,1975
756,585,1341
420,1223,1643
774,663,1437
544,545,1089
303,1089,1392
801,650,1451
967,847,1814
641,681,1322
321,363,684
72,660,732
547,497,1044
255,1504,1759
720,401,1121
259,507,766
205,890,1095
883,1477,2360
654,619,1273
365,359,724
625,809,1434
795,1346,2141
842,1117,1959
77,703,780
420,505,925
648,1239,1887
604,1020,1624
196,493,689
662,792,1454
891,1233,2124
317,675,992
1101,1076,2177
155,815,970
414,818,1232
936,852,1788
1317,794,2111
991,1270,2261
772,645,1417
430,1251,1681
754,1371,2125
994,1279,2273
1381,425,1806
906,1332,2238
264,966,1230
268,480,748
485,796,1281
987,464,1451
202,1325,1527
434,762,1196
352,1043,1395
931,678,1609
1199,1114,2313
429,885,1314
663,940,1603
513,486,999
745,429,1174
634,907,1541
407,767,1174
566,882,1448
964,865,1829
1143,667,1810
263,924,1187
515,304,819
661,949,1610
551,577,1128
637,488,1125
996,614,1610
688,905,1593
205,1023,1228
1193,594,1787
1044,887,1931
821,665,1486
632,811,1443
1028,764,1792
748,992,1740
623,501,1124
564,1501,2065
876,865,1741
916,688,1604
286,721,1007
413,1832,2245
299,942,1241
604,667,1271
224,1895,2119
1043,1419,2462
821,733,1554
506,679,1185
822,658,1480
777,1002,1779
694,929,1623
589,693,1282
528,819,1347
802,550,1352
1466,694,2160
1223,1298,2521
737,574,1311
800,635,1435
796,909,1705
529,728,1257
492,1575,2067
563,883,1446
639,894,1533
396,979,1375
823,1378,2201
1714,509,2223
688,1079,1767
741,826,1567
1319,932,2251
491,518,1009
447,884,1331
754,868,1622
733,678,1411
383,1066,1449
1763,871,2634
559,1576,2135
781,1287,2068
557,1311,1868
496,1444,1940
637,1026,1663
747,903,1650
568,1104,1672
427,1248,1675
556,778,1334
667,926,1593
718,1038,1756
532,1361,1893
867,1573,2440
282,1583,1865
1162,817,1979
723,622,1345
616,1062,1678
998,1323,2321
771,1241,2012
1193,1201,2394
944,373,1317
707,1152,1859
402,917,1319
867,2061,2928
673,1016,1689
800,376,1176
1201,905,2106
1445,1492,2937
977,1092,2069
910,466,1376
950,1442,2392
1145,763,1908
1400,650,2050
548,912,1460
866,289,1155
1161,588,1749
496,933,1429
823,879,1702
129,305,434
1267,492,1759
1198,414,1612
592,1325,1917
1219,770,1989
103,388,491
1126,549,1675
405,1844,2249
1822,628,2450
157,345,502
895,741,1636
280,1141,1421
121,314,435
959,840,1799
739,639,1378
519,1846,2365
1470,635,2105
1047,1014,2061
697,949,1646
661,1469,2130
116,520,636
977,1347,2324
869,561,1430
1216,1047,2263
162,639,801
1320,752,2072
205,327,532
1084,962,2046
302,1363,1665
176,511,687
1244,1199,2443
604,929,1533
154,914,1068
1767,518,2285
269,589,858
407,829,1236
287,614,901
742,1112,1854
1153,994,2147
456,515,971
346,1051,1397
1036,1485,2521
507,725,1232
1302,683,1985
374,579,953
192,779,971
722,847,1569
269,832,1101
739,709,1448
419,934,1353
260,972,1232
980,561,1541
435,762,1197
977,663,1640
529,685,1214
1000,415,1415
362,1032,1394
447,1051,1498
443,843,1286
634,423,1057
533,1079,1612
1146,745,1891
588,572,1160
432,354,786
1654,810,2464
839,927,1766
503,676,1179
741,1070,1811
674,1290,1964
780,1195,1975
660,987,1647
798,728,1526
368,483,851
180,364,544
413,707,1120
467,815,1282
738,615,1353
688,979,1667
639,940,1579
639,1058,1697
765,839,1604
580,497,1077
272,483,755
715,1057,1772
790,398,1188
992,741,1733
609,927,1536
327,892,1219
967,799,1766
576,857,1433
163,587,750
528,953,1481
710,1233,1943
780,427,1207
830,513,1343
985,723,1708
546,845,1391
469,1093,1562
469,594,1063
834,895,1729
233,738,971
553,679,1232
839,400,1239
755,890,1645
411,661,1072
1110,461,1571
1064,560,1624
384,523,907
460,612,1072
984,1041,2025
1160,662,1822
316,637,953
659,464,1123
893,1106,1999
675,583,1258
283,381,664
753,415,1168
659,1126,1785
631,641,1272
983,1059,2042
1079,398,1477
50,738,788
663,876,1539
953,517,1470
850,734,1584
1011,371,1382
384,331,715
775,789,1564
361,596,957
634,782,1416
275,580,855
84,735,819
900,945,1845
722,1995,2717
513,544,1057
737,1189,1926
374,673,1047
412,1697,2109
288,784,1072
237,1031,1268
717,500,1217
297,766,1063
395,531,926
1170,1760,2930
245,575,820
1014,381,1395
476,1581,2057
875,1895,2770
477,577,1054
425,505,930
647,619,1266
198,799,997
603,645,1248
71,645,716
446,854,1300
526,1626,2152
1888,730,2618
562,434,996
556,613,1169
1414,753,2167
681,805,1486
275,1529,1804
461,545,1006
91,682,773
635,787,1422
269,927,1196
519,751,1270
446,565,1011
466,653,1119
359,995,1354
634,956,1590
332,589,921
1046,604,1650
662,744,1406
1578,618,2196
1213,619,1832
200,860,1060
711,622,1333
543,534,1077
387,830,1217
802,969,1771
261,1140,1401
609,724,1333
1756,895,2651
374,795,1169
1381,827,2208
680,511,1191
387,1131,1518
636,1106,1742
711,628,1339
537,1334,1871
474,997,1471
824,488,1312
602,1234,1836
682,987,1669
497,697,1194
564,1003,1567
257,995,1252
1246,497,1743
795,869,1664
261,1224,1485
679,736,1415
534,1225,1759
650,917,1567
442,800,1242
402,1075,1477
235,2178,2413
674,829,1503
511,1027,1538
817,732,1549
911,549,1460
497,1115,1612
449,933,1382
628,869,1497
537,1311,1848
382,1269,1651
578,759,1337
661,524,1185
834,782,1616
753,1172,1925
579,717,1296
918,691,1609
1026,510,1536
1055,831,1886
604,773,1377
909,386,1295
781,507,1288
850,990,1840
223,671,894
1111,684,1795
1341,1490,2831
741,803,1544
907,844,1751
990,989,1979
725,473,1198
545,643,1188
398,990,1388
436,513,949
530,569,1099
985,1990,2975
544,488,1032
757,1043,1800
1084,1034,2118
1027,851,1878
756,432,1188
808,1143,1951
532,979,1511
675,430,1105
1027,955,1982
889,693,1582
510,575,1085
341,739,1080
1065,801,1866
158,978,1136
725,398,1123
411,853,1264
1869,1248,3117
489,759,1248
1347,1300,2647
454,1226,1680
514,822,1336
898,829,1727
917,417,1334
720,799,1519
413,568,981
1087,616,1703
1923,768,2691
538,1012,1550
327,722,1049
413,567,980
626,742,1368
298,516,814
278,908,1186
860,876,1736
647,616,1263
874,629,1503
999,791,1790
832,1030,1862
693,566,1259
908,644,1552
829,935,1764
325,1236,1561
481,757,1238
497,988,1485
748,786,1534
1230,555,1785
488,925,1413
426,509,935
505,583,1088
652,1009,1661
391,707,1098
504,1290,1794
95,951,1046
661,708,1369
490,647,1137
619,463,1082
438,757,1195
703,1603,2306
1107,867,1974
330,1416,1746
525,588,1113
651,1483,2134
873,989,1862
406,485,891
534,455,989
660,608,1268
789,496,1285
1117,724,1841
346,753,1099
802,567,1369
877,1292,2169
558,897,1455
616,457,1073
716,648,1364
347,698,1045
887,567,1454
926,652,1578
497,589,1086
408,754,1162
381,550,931
547,631,1178
715,544,1259
408,765,1173
205,1558,1763
478,786,1264
1128,638,1766
349,614,963
387,734,1121
520,616,1136
349,591,940
913,593,1506
1460,721,2181
684,491,1175
458,1508,1966
738,780,1518
644,708,1352
380,641,1021
1383,996,2379
583,719,1302
749,1239,1988
442,983,1425
521,1798,2319
498,597,1095
499,579,1078
553,672,1225
250,808,1058
481,1191,1672
452,1030,1482
375,845,1220
512,716,1228
478,755,1233
663,618,1281
498,1594,2092
1509,1262,2771
805,318,1123
317,1492,1809
648,1375,2023
1240,1060,2300
450,1331,1781
529,1351,1880
414,1044,1458
516,1418,1934
465,1180,1645
757,324,1081
509,1227,1736
522,528,1050
440,1263,1703
500,433,933
563,876,1439
1324,1198,2522
680,1595,2275
207,1467,1674
470,1289,1759
685,2034,2719
1093,431,1524
50,441,491
606,2402,3008
1226,452,1678
1595,1274,2869
96,597,693
1108,1727,2835
492,1430,1922
971,833,1804
403,683,1086
841,855,1696
407,1255,1662
529,1402,1931
1138,764,1902
971,957,1928
342,406,748
765,1515,2280
1239,624,1863
388,562,950
1213,450,1663
1494,884,2378
1115,526,1641
308,1582,1890
1089,757,1846
247,751,998
727,292,1019
1936,957,2893
838,1117,1955
514,465,979
1116,745,1861
1055,678,1733
1288,906,2194
119,921,1040
731,836,1567
343,648,991
1093,884,1977
2263,705,2968
572,602,1174
373,796,1169
1046,895,1941
416,334,750
1671,834,2505
876,1823,2699
594,467,1061
1079,504,1583
247,751,998
515,1065,1580
632,625,1257
481,587,1068
579,1312,1891
560,857,1417
704,420,1124
691,1002,1693
730,750,1480
254,412,666
863,548,1411
400,1002,1402
1088,1577,2665
506,864,1370
415,563,978
1244,231,1475
657,654,1311
1062,1870,2932
351,754,1105
615,1113,1728
1637,904,2541
1046,626,1672
395,847,1242
677,959,1636
377,990,1367
651,486,1137
113,1106,1219
853,845,1698
494,1054,1548
183,1197,1380
470,829,1299
783,839,1622
932,236,1168
834,1176,2010
1446,716,2162
565,1207,1772
718,673,1391
730,1279,2009
1844,538,2382
877,236,1113
1021,584,1605
908,543,1451
332,812,1144
537,896,1433
736,442,1178
599,558,1157
108,827,935
423,1298,1721
1037,682,1719
423,300,723
741,1224,1965
564,782,1346
526,457,983
607,311,918
819,1473,2292
706,714,1420
446,302,748
1018,699,1717
1110,755,1865
525,640,1165
167,822,989
944,649,1593
400,310,710
527,755,1282
737,590,1327
464,320,784
184,1383,1567
452,321,773
427,1304,1731
238,620,858
271,1523,1794
1018,648,1666
993,622,1615
129,640,769
68,1545,1613
192,643,835
448,471,919
862,769,1631
609,1208,1817
1167,566,1733
557,413,970
507,353,860
1359,581,1940
529,425,954
236,960,1196
229,696,925
619,803,1422
378,650,1028
1381,462,1843
736,592,1328
1084,1337,2421
529,395,924
1463,608,2071
372,817,1189
521,1320,1841
222,709,931
453,823,1276
561,909,1470
304,1108,1412
701,1200,1901
502,799,1301
180,519,699
404,537,941
308,1331,1639
696,477,1173
189,829,1018
744,1713,2457
741,530,1271
539,1070,1609
572,758,1330
304,629,933
670,398,1068
511,1148,1659
559,740,1299
628,1758,2386
365,1670,2035
420,1155,1575
1099,907,2006
313,811,1124
531,1478,2009
1187,1186,2373
288,709,997
1080,889,1969
474,993,1467
912,775,1687
887,1460,2347
407,311,718
1111,680,1791
1147,1464,2611
1523,903,2426
69,2225,2294
775,760,1535
229,828,1057
1649,803,2452
524,2265,2789
1380,410,1790
665,564,1229
1578,1282,2860
662,564,1226
299,963,1262
516,971,1487
2020,760,2780
900,670,1570
693,1111,1804
757,935,1692
479,1007,1486
683,730,1413
1324,849,2173
482,553,1035
613,1049,1662
996,1223,2219
2177,337,2514
1263,1589,2852
1104,570,1674
601,1520,2121
510,1203,1713
500,500,1000
1296,638,1934
192,611,803
451,1043,1494
409,813,1222
829,863,1692
470,822,1292
656,741,1397
626,497,1123
736,1036,1772
375,1162,1537
255,592,847
617,617,1234
584,618,1202
745,696,1441
291,613,904
577,999,1576
979,994,1973
365,1078,1443
788,1506,2294
427,503,930
455,434,889
614,1193,1807
1023,369,1392
976,1331,2307
511,555,1066
537,552,1089
540,1183,1723
755,425,1180
885,1017,1902
902,865,1767
1426,454,1880
605,866,1471
961,321,1282
1008,1056,2064
777,1748,2525
1063,2502,3565
604,1508,2112
442,698,1140
417,2465,2882
295,2577,2872
137,2522,2659
535,2123,2658
2563,112,2675
1020,2080,3100
1099,2643,3742
2879,358,3237
1700,1936,3636
2595,750,3345
1572,2347,3919
2195,803,2998
2406,872,3278
1848,954,2802
647,2923,3570
1816,1014,2830
1808,1021,2829
2086,1405,3491
1811,1074,2885
819,747,1566
2211,1535,3746
1841,1054,2895
716,472,1188
2177,1721,3898
2219,1044,3263
361,1175,1536
585,579,1164
36,1747,1783
546,763,1309
229,1210,1439
609,612,1221
710,667,1377
697,721,1418
2681,760,3441
1226,534,1760
545,902,1447
849,708,1557
684,924,1608
793,646,1439
573,906,1479
580,955,1535
1199,422,1621
411,1282,1693
378,386,764
1838,1108,2946
1229,400,1629
1533,529,2062
291,451,742
23,718,741
176,469,645
166,737,903
702,768,1470
792,860,1652
405,384,789
458,609,1067
116,774,890
319,735,1054
32,953,985
299,370,669
843,1385,2228
351,1001,1352
201,954,1155
285,861,1146
429,617,1046
409,505,914
330,709,1039
321,646,967
548,523,1071
375,808,1183
339,419,758
229,1094,1323
343,910,1253
164,463,627
610,619,1229
206,895,1101
494,959,1453
581,1646,2227
616,523,1139
48,620,668
441,761,1202
519,1188,1707
472,990,1462
690,587,1277
563,872,1435
657,1100,1757
834,620,1454
177,765,942
417,483,900
631,1927,2558
858,700,1558
352,640,992
314,623,937
102,791,893
820,841,1661
200,463,663
739,506,1245
898,1151,2049
656,953,1609
61,1059,1120
754,438,1192
735,402,1137
896,611,1507
740,1062,1802
484,615,1099
473,1056,1529
257,1315,1572
522,610,1132
103,1069,1172
448,1229,1677
521,604,1125
635,1015,1650
97,1232,1329
1178,1492,2670
166,1085,1251
366,1010,1376
724,1689,2413
186,625,811
693,697,1390
645,781,1426
199,1739,1938
321,1052,1373
276,745,1021
1587,1124,2711
744,975,1719
434,1600,2034
432,1195,1627
952,371,1323
840,369,1209
662,1559,2221
607,920,1527
968,557,1525
938,846,1784
1162,603,1765
347,1645,1992
1384,484,1868
707,1023,1730
972,1380,2352
433,726,1159
519,477,996
425,560,985
1304,360,1664
765,939,1704
963,1071,2034
548,1037,1585
931,471,1402
719,318,1037
818,1254,2072
767,540,1307
270,949,1219
953,857,1810
261,320,581
223,576,799
981,574,1555
109,393,502
66,580,646
446,980,1426
771,816,1587
844,761,1605
147,426,573
1499,589,2088
433,675,1108
175,718,893
1234,657,1891
365,862,1227
739,884,1623
942,696,1638
1287,345,1632
1151,461,1612
512,624,1136
94,720,814
223,751,974
72,1410,1482
292,2596,2888
271,367,638
226,762,988
501,534,1035
836,1098,1934
428,565,993
591,586,1177
694,468,1162
207,1456,1663
517,658,1175
431,896,1327
528,687,1215
604,690,1294
473,668,1141
111,605,716
838,608,1446
632,670,1302
488,873,1361
210,691,901
577,677,1254
522,1020,1542
163,734,897
683,861,1544
605,845,1450
386,532,918
787,1283,2070
366,706,1072
420,453,873
331,660,991
1315,965,2280
590,637,1227
597,577,1174
413,878,1291
824,937,1761
537,545,1082
547,375,922
367,824,1191
418,664,1082
352,738,1090
484,651,1135
785,570,1355
342,1547,1889
574,571,1145
681,608,1289
513,527,1040
489,449,938
857,1235,2092
562,1023,1585
538,629,1167
373,567,940
600,646,1246
637,1083,1720
511,564,1075
1391,429,1820
410,1260,1670
424,342,766
793,402,1195
314,603,917
351,681,1032
1193,777,1970
498,447,945
534,257,791
1121,377,1498
387,544,931
560,653,1213
637,612,1249
989,428,1417
829,1031,1860
450,443,893
217,436,653
713,505,1218
212,927,1139
472,739,1211
264,452,716
462,4228,4690
500,309,809
962,1180,2142
179,589,768
211,4226,4437
564,571,1135
1200,773,1973
804,1216,2020
306,788,1094
905,677,1582
475,734,1209
801,1434,2235
154,559,713
411,507,918
991,470,1461
419,685,1104
213,390,603
408,655,1063
642,352,994
586,920,1506
371,965,1336
526,755,1281
419,358,777
409,615,1024
327,680,1007
722,644,1366
765,1204,1969
727,1395,2122
768,3770,4538
381,784,1165
403,975,1378
480,1224,1704
2436,2486,4922
183,712,895
512,488,1000
443,1627,2070
549,420,969
426,282,708
201,676,877
337,1790,2127
829,1069,1898
3952,793,4745
798,280,1078
427,901,1328
623,414,1037
417,296,713
87,560,647
468,943,1411
765,1098,1863
439,563,1002
139,707,846
3242,935,4177
558,1006,1564
606,575,1181
1074,1112,2186
2408,547,2955
775,1035,1810
387,321,708
1071,724,1795
298,742,1040
439,996,1435
617,873,1490
1545,663,2208
528,1127,1655
188,708,896
718,552,1270
47,510,557
1014,1081,2095
918,715,1633
284,1037,1321
112,653,765
829,892,1721
1687,708,2395
334,641,975
453,738,1191
484,557,1041
1325,1503,2828
633,923,1556
1070,695,1765
760,553,1313
177,696,873
1084,1726,2810
220,793,1013
795,880,1675
600,881,1481
442,748,1190
416,725,1141
906,1074,1980
808,1403,2211
447,910,1357
1039,913,1952
576,728,1304
374,623,997
580,738,1318
912,464,1376
515,714,1229
592,723,1315
1039,1021,2060
879,1041,1920
740,448,1188
485,1030,1515
628,1139,1767
505,800,1305
478,644,1122
908,379,1287
627,920,1547
523,985,1508
648,477,1125
774,1211,1985
651,876,1527
721,895,1616
627,392,1019
480,1048,1528
737,957,1694
446,606,1052
588,975,1563
1326,685,2011
213,1194,1407
889,434,1323
798,455,1253
607,865,1472
854,591,1445
923,1022,1945
880,448,1328
895,580,1475
548,758,1306
720,893,1613
887,469,1356
1030,331,1361
722,1054,1776
627,759,1386
616,829,1445
775,955,1730
1612,1006,2618
636,1020,1656
685,323,1008
560,986,1546
507,304,811
691,817,1508
209,413,622
786,454,1240
1021,788,1809
1202,1298,2500
237,416,653
218,401,619
940,784,1724
520,1315,1835
945,704,1649
111,443,554
590,759,1349
367,1048,1415
303,439,742
409,987,1396
994,674,1668
288,949,1237
336,1211,1547
579,560,1139
832,982,1814
730,1062,1792
371,420,791
891,411,1302
820,802,1622
567,412,979
495,850,1345
384,1195,1579
892,819,1711
778,1020,1798
78,1089,1167
625,754,1379
949,743,1692
314,1154,1468
125,1109,1234
390,462,852
779,869,1648
719,711,1430
891,349,1240
620,585,1205
449,648,1097
1165,1063,2228
742,791,1533
287,1055,1342
604,1314,1918
156,661,817
996,716,1712
903,766,1669
572,794,1366
214,936,1150
1078,902,1980
1150,566,1716
855,457,1312
453,1967,2420
537,758,1295
978,677,1655
394,1759,2153
452,497,949
1238,591,1829
429,798,1227
599,827,1426
1298,1131,2429
787,553,1340
788,1783,2571
670,815,1485
659,1551,2210
487,719,1206
749,565,1314
891,617,1508
665,979,1644
455,517,972
237,1003,1240
1036,1446,2482
921,779,1700
742,616,1358
561,701,1262
412,671,1083
400,685,1085
507,633,1140
897,737,1634
222,673,895
1730,726,2456
390,649,1039
1449,365,1814
669,660,1329
367,709,1076
326,749,1075
612,494,1106
151,787,938
653,759,1412
464,480,944
1653,784,2437
426,678,1104
347,512,859
660,499,1159
1329,806,2135
288,1500,1788
453,590,1043
274,611,885
183,1017,1200
500,803,1303
432,835,1267
575,599,1174
359,637,996
611,698,1309
499,731,1230
169,2139,2308
636,1599,2235
731,506,1237
606,657,1263
386,1634,2020
651,1157,1808
877,2017,2894
463,762,1225
693,631,1324
590,3412,4002
440,1105,1545
658,651,1309
437,1359,1796
511,1583,2094
721,990,1711
669,760,1429
1414,1558,2972
550,1565,2115
1587,2634,4221
417,987,1404
1437,1136,2573
569,1083,1652
1577,538,2115
246,603,849
1718,559,2277
545,1737,2282
417,1496,1913
1474,493,1967
665,941,1606
494,885,1379
400,1104,1504
519,252,771
2000,2223,4223
258,816,1074
543,1841,2384
780,1528,2308
646,1458,2104
1448,313,1761
367,410,777
990,758,1748
59,535,594
371,354,725
1455,451,1906
727,1624,2351
818,1344,2162
638,1520,2158
456,531,987
104,845,949
586,668,1254
728,622,1350
574,744,1318
1069,831,1900
439,833,1272
1578,610,2188
1706,498,2204
633,633,1266
357,735,1092
717,251,968
3011,775,3786
606,387,993
1419,923,2342
154,851,1005
995,740,1735
94,564,658
555,597,1152
584,573,1157
65,527,592
280,421,701
344,458,802
133,683,816
406,880,1286
962,724,1686
358,471,829
2363,1208,3571
609,877,1486
102,672,774
331,710,1041
314,444,758
135,822,957
444,487,931
998,952,1950
308,565,873
2136,1310,3446
229,461,690
568,1193,1761
422,1381,1803
339,418,757
211,894,1105
389,580,969
462,626,1088
1123,745,1868
449,708,1157
1113,676,1789
224,714,938
598,629,1227
548,460,1008
808,497,1305
364,748,1112
582,598,1180
1099,1326,2425
546,520,1066
2028,518,2546
344,1118,1462
412,445,857
729,759,1488
94,687,781
503,292,795
238,1120,1358
280,1493,1773
196,665,861
559,448,1007
543,1150,1693
1105,396,1501
744,682,1426
406,584,990
505,911,1416
573,631,1204
300,1140,1440
280,362,642
532,927,1459
664,1132,1796
977,249,1226
312,368,680
459,1025,1484
421,1486,1907
553,507,1060
352,355,707
453,720,1173
1209,922,2131
734,741,1475
619,628,1247
83,883,966
823,986,1809
411,1014,1425
830,623,1453
279,304,583
1410,715,2125
883,803,1686
192,454,646
131,717,848
376,582,958
865,929,1794
591,467,1058
176,997,1173
543,644,1187
133,1051,1184
1037,992,2029
388,820,1208
371,1286,1657
506,980,1486
84,1128,1212
514,629,1143
1393,717,2110
756,484,1240
489,835,1324
546,1364,1910
270,455,725
814,730,1544
900,1086,1986
613,814,1427
827,719,1546
600,822,1422
534,628,1162
823,835,1658
559,585,1144
501,602,1103
979,669,1648
939,715,1654
88,821,909
39,912,951
275,516,791
823,1027,1850
200,664,864
1045,850,1895
186,803,989
680,325,1005
630,970,1600
750,734,1484
234,1000,1234
1035,1234,2269
520,484,1004
1260,586,1846
336,1128,1464
893,1924,2817
525,581,1106
707,487,1194
533,1165,1698
393,900,1293
758,562,1320
574,662,1236
535,875,1410
623,691,1314
508,1441,1949
1125,1786,2911
229,820,1049
661,817,1478
520,592,1112
1101,1188,2289
705,469,1174
504,692,1196
850,628,1478
1805,468,2273
767,1529,2296
1060,578,1638
1039,497,1536
1386,496,1882
79,755,834
328,1551,1879
499,646,1145
217,709,926
1121,339,1460
587,766,1353
315,614,929
609,480,1089
490,623,1113
245,783,1028
1041,866,1907
422,588,1010
1398,628,2026
341,373,714
663,1371,2034
468,503,971
653,604,1257
561,1035,1596
536,1066,1602
831,1164,1995
423,687,1110
232,722,954
1463,456,1919
351,511,862
571,1239,1810
474,465,939
405,696,1101
182,620,802
478,1275,1753
301,544,845
619,921,1540
231,622,853
1131,660,1791
364,519,883
489,424,913
472,685,1157
323,995,1318
328,1004,1332
351,561,912
345,330,675
463,752,1215
1199,465,1664
444,1596,2040
760,671,1431
501,1190,1691
784,950,1734
400,354,754
679,1342,2021
645,2046,2691
628,1061,1689
583,1006,1589
1162,494,1656
923,776,1699
325,1110,1435
214,437,651
619,1316,1935
1116,456,1572
373,1127,1500
223,589,812
417,423,840
778,1196,1974
574,930,1504
448,692,1140
1088,879,1967
432,838,1270
865,445,1310
296,543,839
646,966,1612
647,1413,2060
834,368,1202
206,851,1057
943,1141,2084
525,794,1319
1056,813,1869
478,849,1327
1066,367,1433
355,570,925
841,1017,1858
641,562,1203
411,777,1188
695,882,1577
529,1503,2032
304,698,1002
809,1573,2382
281,1009,1290
869,508,1377
514,649,1163
1055,768,1823
621,770,1391
649,912,1561
803,862,1665
260,690,950
1521,1717,3238
761,693,1454
1008,786,1794
492,598,1090
928,713,1641
510,1370,1880
391,451,842
412,774,1186
1873,1350,3223
1300,979,2279
627,1674,2301
413,913,1326
968,675,1643
748,829,1577
1306,818,2124
460,442,902
681,716,1397
1377,1392,2769
707,755,1462
560,610,1170
722,847,1569
386,620,1006
603,825,1428
434,374,808
629,373,1002
734,681,1415
302,733,1035
173,614,787
508,976,1484
840,556,1396
466,562,1028
231,659,890
818,1183,2001
815,690,1505
777,1079,1856
1625,733,2358
242,585,827
1234,700,1934
654,695,1349
621,685,1306
1558,888,2446
697,1129,1826
487,1189,1676
662,1047,1709
478,384,862
1282,992,2274
65,1554,1619
673,833,1506
659,915,1574
700,1537,2237
717,1226,1943
592,1586,2178
510,872,1382
1307,1147,2454
1049,957,2006
228,1826,2054
433,1076,1509
565,567,1132
1010,735,1745
552,786,1338
500,749,1249
861,1135,1996
537,1174,1711
379,1272,1651
872,704,1576
465,1865,2330
873,664,1537
149,1273,1422
634,576,1210
529,933,1462
903,1279,2182
1310,876,2186
1261,1067,2328
1140,865,2005
622,1091,1713
658,1125,1783
1181,1096,2277
578,1090,1668
821,1223,2044
673,888,1561
1120,497,1617
208,1462,1670
771,926,1697
822,1211,2033
1445,945,2390
1475,1424,2899
1111,960,2071
822,666,1488
703,1230,1933
107,974,1081
813,320,1133
708,1297,2005
156,1113,1269
680,1342,2022
978,1090,2068
1684,1343,3027
890,748,1638
1018,1143,2161
376,1003,1379
584,1284,1868
1288,814,2102
1066,513,1579
932,1453,2385
1714,1282,2996
763,523,1286
577,958,1535
707,545,1252
755,532,1287
355,757,1112
570,470,1040
1090,470,1560
865,874,1739
210,1474,1684
172,341,513
287,1467,1754
697,618,1315
602,1248,1850
806,793,1599
1000,1091,2091
988,495,1483
530,871,1401
177,676,853
680,566,1246
231,344,575
905,926,1831
360,800,1160
296,579,875
333,465,798
1223,835,2058
676,545,1221
720,1058,1778
1353,537,1890
919,1057,1976
483,551,1034
488,805,1293
691,1241,1932
1238,746,1984
708,320,1028
1013,875,1888
495,341,836
777,917,1694
930,902,1832
476,337,813
507,1149,1656
195,474,669
741,694,1435
1150,616,1766
675,758,1433
421,680,1101
1265,724,1989
835,671,1506
203,353,556
1142,1147,2289
967,352,1319
1020,1594,2614
347,825,1172
322,410,732
583,1441,2024
500,1054,1554
974,990,1964
278,817,1095
421,422,843
1008,862,1870
953,1575,2528
676,716,1392
321,419,740
1009,1095,2104
714,696,1410
494,860,1354
297,551,848
1083,946,2029
386,1199,1585
580,844,1424
579,1745,2324
1352,479,1831
460,1316,1776
739,610,1349
623,1112,1735
638,639,1277
305,487,792
674,1075,1749
798,1055,1853
305,1080,1385
1483,733,2216
968,458,1426
316,1328,1644
777,453,1230
851,482,1333
1088,660,1748
190,657,847
558,1306,1864
258,480,738
1271,500,1771
409,666,1075
568,356,924
532,657,1189
720,684,1404
1244,503,1747
492,1272,1764
755,802,1557
509,669,1178
583,315,898
401,652,1053
1393,772,2165
284,659,943
261,328,589
1585,999,2584
349,456,805
329,1190,1519
411,817,1228
940,1123,2063
195,1369,1564
473,596,1069
444,841,1285
388,1506,1894
406,275,681
337,602,939
201,607,808
1163,429,1592
388,624,1012
261,778,1039
720,501,1221
984,1375,2359
477,525,1002
847,1755,2602
1143,569,1712
1232,1038,2270
528,890,1418
336,757,1093
1200,458,1658
550,1080,1630
546,641,1187
580,264,844
180,503,683
264,471,735
1019,902,1921
949,1664,2613
569,437,1006
339,810,1149
1017,1624,2641
691,594,1285
327,426,753
338,402,740
576,1144,1720
505,590,1095
1257,662,1919
405,470,875
706,711,1417
79,817,896
1009,1588,2597
198,732,930
247,488,735
368,570,938
662,729,1391
396,724,1120
130,734,864
1399,1366,2765
523,601,1124
241,884,1125
352,466,818
876,1076,1952
512,649,1161
691,684,1375
342,480,822
321,598,919
543,510,1053
1579,1118,2697
529,519,1048
916,581,1497
500,1024,1524
1566,1066,2632
676,475,1151
738,678,1416
552,1780,2332
605,523,1128
514,479,993
807,562,1369
1196,921,2117
746,1426,2172
475,450,925
492,644,1136
992,1322,2314
834,1707,2541
564,546,1110
685,785,1470
382,462,844
405,579,984
856,1084,1940
386,828,1214
211,571,782
928,546,1474
1005,994,1999
1334,1356,2690
598,1333,1931
614,423,1037
570,645,1215
398,492,890
391,474,865
1328,810,2138
265,1221,1486
343,1784,2127
934,666,1600
514,439,953
1143,617,1760
385,658,1043
788,807,1595
543,1257,1800
382,1074,1456
833,1627,2460
1406,1413,2819
399,1298,1697
258,430,688
1600,1207,2807
397,713,1110
302,707,1009
917,1109,2026
78,1040,1118
1671,1680,3351
549,416,965
474,738,1212
1651,1222,2873
1247,1054,2301
1001,548,1549
1245,882,2127
885,590,1475
992,858,1850
401,748,1149
1175,1026,2201
714,1111,1825
1604,651,2255
1356,873,2229
621,457,1078
64,418,482
950,717,1667
1498,701,2199
780,789,1569
739,1459,2198
364,920,1284
588,859,1447
343,658,1001
420,1053,1473
630,1176,1806
964,764,1728
120,696,816
278,1466,1744
975,593,1568
147,869,1016
1141,766,1907
592,1149,1741
1016,730,1746
339,744,1083
425,767,1192
497,475,972
297,501,798
530,764,1294
596,703,1299
499,341,840
573,751,1324
425,643,1068
684,660,1344
612,638,1250
425,908,1333
493,455,948
384,640,1024
599,902,1501
497,641,1138
621,378,999
661,1180,1841
683,910,1593
311,781,1092
306,2518,2824
284,1070,1354
927,822,1749
349,2833,3182
388,857,1245
547,492,1039
447,238,685
662,811,1473
659,1242,1901
362,1435,1797
184,653,837
816,506,1322
854,1309,2163
447,2842,3289
565,715,1280
501,444,945
160,2849,3009
580,736,1316
484,925,1409
257,593,850
572,327,899
568,514,1082
850,715,1565
397,1121,1518
861,1284,2145
701,427,1128
690,660,1350
695,751,1446
341,460,801
872,1185,2057
666,720,1386
405,509,914
99,574,673
188,1114,1302
1011,1388,2399
145,428,573
292,459,751
425,1435,1860
1208,662,1870
908,1595,2503
763,446,1209
569,2157,2726
238,1286,1524
1296,1114,2410
2558,516,3074
164,642,806
1036,580,1616
2630,1047,3677
1065,690,1755
594,623,1217
414,523,937
692,1701,2393
335,480,815
985,874,1859
409,921,1330
345,623,968
975,637,1612
2235,907,3142
556,1224,1780
511,639,1150
1302,817,2119
1208,590,1798
1448,635,2083
383,811,1194
236,794,1030
1280,1308,2588
534,878,1412
2034,897,2931
323,734,1057
485,629,1114
367,599,966
343,597,940
555,1040,1595
387,1197,1584
426,1213,1639
426,918,1344
212,1201,1413
924,683,1607
299,977,1276
1541,890,2431
521,1494,2015
189,1197,1386
416,792,1208
505,815,1320
486,922,1408
670,1523,2193
760,854,1614
394,774,1168
554,881,1435
1148,394,1542
700,1134,1834
525,980,1505
793,440,1233
1128,1077,2205
669,594,1263
1208,985,2193
304,1025,1329
637,903,1540
513,1203,1716
737,1081,1818
529,1060,1589
913,396,1309
736,918,1654
614,735,1349
906,1940,2846
855,584,1439
616,784,1400
527,1099,1626
738,1254,1992
828,478,1306
1164,1415,2579
1027,1075,2102
710,1006,1716
273,385,658
614,1168,1782
762,1991,2753
926,925,1851
91,329,420
226,1097,1323
501,1010,1511
676,875,1551
682,952,1634
159,281,440
1056,1935,2991
589,869,1458
1418,1088,2506
812,1118,1930
921,1577,2498
554,819,1373
800,1357,2157
484,1653,2137
168,285,453
1582,890,2472
992,742,1734
400,628,1028
746,1583,2329
1886,743,2629
338,767,1105
648,1699,2347
1750,585,2335
328,638,966
1341,1661,3002
550,662,1212
143,701,844
307,658,965
580,837,1417
789,1417,2206
423,643,1066
727,1446,2173
767,537,1304
1040,1145,2185
670,1878,2548
350,777,1127
635,1055,1690
461,226,687
594,954,1548
426,861,1287
471,650,1121
1363,858,2221
618,490,1108
619,409,1028
434,1112,1546
89,767,856
379,659,1038
374,1102,1476
281,705,986
1220,664,1884
582,561,1143
905,1245,2150
266,629,895
129,932,1061
1551,1140,2691
473,740,1213
547,609,1156
875,784,1659
783,390,1173
741,789,1530
569,613,1182
402,676,1078
183,1065,1248
481,1134,1615
309,1160,1469
565,732,1297
1440,1841,3281
949,530,1479
1024,1766,2790
673,853,1526
935,1503,2438
417,840,1257
415,678,1093
833,999,1832
1089,1145,2234
965,204,1169
800,1270,2070
738,1105,1843
355,1414,1769
834,923,1757
1062,1587,2649
508,1474,1982
2114,855,2969
1066,547,1613
732,609,1341
997,685,1682
1056,401,1457
592,770,1362
265,963,1228
666,929,1595
1094,1296,2390
617,1429,2046
97,1028,1125
1723,537,2260
484,1713,2197
768,826,1594
50,401,451
1275,934,2209
532,1711,2243
586,1002,1588
1230,849,2079
1298,711,2009
725,1146,1871
836,776,1612
65,618,683
792,1005,1797
491,1789,2280
377,1703,2080
187,1193,1380
143,783,926
469,564,1033
724,1062,1786
577,481,1058
139,820,959
212,685,897
1578,695,2273
464,2115,2579
1360,718,2078
877,751,1628
748,330,1078
1204,1022,2226
1089,1468,2557
634,494,1128
361,840,1201
1436,1587,3023
1557,657,2214
691,2161,2852
239,830,1069
939,1338,2277
1590,1188,2778
433,944,1377
277,864,1141
682,707,1389
1928,655,2583
506,1052,1558
1100,1306,2406
724,589,1313
423,1095,1518
144,1458,1602
631,883,1514
589,843,1432
838,950,1788
443,677,1120
2088,535,2623
329,874,1203
1329,1335,2664
453,837,1290
942,592,1534
599,916,1515
674,674,1348
680,1106,1786
508,546,1054
1004,505,1509
386,900,1286
253,1067,1320
507,916,1423
366,1468,1834
719,848,1567
955,786,1741
703,659,1362
627,505,1132
1647,802,2449
462,984,1446
797,637,1434
703,566,1269
370,528,898
699,366,1065
601,861,1462
1151,1065,2216
429,1630,2059
476,1128,1604
706,865,1571
1362,1252,2614
474,709,1183
549,357,906
1210,564,1774
294,589,883
531,1642,2173
1018,582,1600
345,825,1170
674,1587,2261
815,719,1534
507,530,1037
1211,725,1936
573,1279,1852
1275,1056,2331
728,501,1229
432,816,1248
936,942,1878
1142,809,1951
765,908,1673
158,544,702
871,1091,1962
552,455,1007
431,497,928
426,399,825
380,1130,1510
573,958,1531
389,510,899
461,607,1068
1210,504,1714
906,756,1662
1464,597,2061
1179,587,1766
640,910,1550
1464,954,2418
158,868,1026
1230,1772,3002
728,526,1254
408,652,1060
203,1174,1377
1196,2165,3361
571,1072,1643
798,640,1438
361,1064,1425
971,1617,2588
253,667,920
458,523,981
1620,891,2511
687,2592,3279
394,939,1333
356,449,805
936,929,1865
757,614,1371
1058,2261,3319
410,563,973
1463,860,2323
273,771,1044
509,461,970
451,1254,1705
2059,336,2395
852,920,1772
1076,437,1513
1132,2001,3133
467,613,1080
748,940,1688
637,1031,1668
333,922,1255
2389,692,3081
552,1024,1576
861,1109,1970
818,1129,1947
933,694,1627
178,460,638
720,729,1449
548,1351,1899
2190,581,2771
429,833,1262
1486,528,2014
775,1115,1890
579,814,1393
676,1417,2093
438,1123,1561
371,705,1076
1766,693,2459
817,947,1764
691,1442,2133
657,1046,1703
514,597,1111
719,1318,2037
969,787,1756
745,916,1661
1183,708,1891
358,901,1259
876,688,1564
476,997,1473
302,1030,1332
787,1037,1824
744,358,1102
920,746,1666
589,558,1147
609,991,1600
349,743,1092
836,320,1156
709,740,1449
595,1276,1871
319,627,946
488,999,1487
537,272,809
888,619,1507
542,734,1276
812,734,1546
1056,920,1976
237,1087,1324
254,302,556
828,1099,1927
638,309,947
1083,667,1750
547,593,1140
194,395,589
1286,527,1813
562,898,1460
681,788,1469
881,654,1535
1305,1160,2465
1013,435,1448
657,395,1052
578,472,1050
949,1023,1972
445,694,1139
184,401,585
751,411,1162
543,665,1208
283,606,889
685,430,1115
453,653,1106
1265,888,2153
1259,606,1865
324,1427,1751
538,425,963
909,458,1367
704,1304,2008
948,771,1719
812,396,1208
277,749,1026
458,1296,1754
415,641,1056
879,1498,2377
559,439,998
109,478,587
1160,574,1734
1122,1217,2339
177,621,798
510,632,1142
138,694,832
685,690,1375
998,1569,2567
942,1257,2199
147,613,760
255,624,879
1332,1091,2423
924,1545,2469
398,1457,1855
170,695,865
222,1514,1736
259,669,928
244,586,830
218,633,851
343,536,879
236,578,814
1353,490,1843
1031,1148,2179
498,616,1114
800,758,1558
191,874,1065
1188,957,2145
269,965,1234
339,1249,1588
1393,777,2170
383,1159,1542
288,1310,1598
495,977,1472
1349,1131,2480
1190,1339,2529
686,615,1301
601,1232,1833
1011,883,1894
978,785,1763
1046,1647,2693
397,1171,1568
392,1101,1493
562,931,1493
1251,1325,2576
328,616,944
757,931,1688
104,890,994
524,1036,1560
357,836,1193
459,1377,1836
543,1445,1988
472,525,997
1080,1185,2265
150,944,1094
623,1446,2069
781,423,1204
145,1141,1286
569,1473,2042
365,1236,1601
1033,1107,2140
741,839,1580
445,755,1200
779,730,1509
953,764,1717
463,840,1303
881,718,1599
827,1493,2320
987,561,1548
554,969,1523
679,736,1415
1139,510,1649
693,1184,1877
1073,669,1742
477,800,1277
608,1159,1767
423,746,1169
300,304,604
1253,646,1899
916,519,1435
1371,1339,2710
943,734,1677
983,2098,3081
1182,803,1985
1085,1851,2936
1269,428,1697
744,461,1205
212,817,1029
347,400,747
939,540,1479
666,732,1398
939,856,1795
354,691,1045
1301,377,1678
829,955,1784
1025,835,1860
439,676,1115
1258,526,1784
704,1050,1754
91,558,649
472,1011,1483
82,571,653
661,840,1501
1120,1090,2210
640,615,1255
246,416,662
1074,720,1794
330,662,992
29,868,897
725,512,1237
461,263,724
789,936,1725
1122,1268,2390
31,534,565
508,394,902
182,800,982
25,1126,1151
90,1053,1143
684,403,1087
705,976,1681
67,1498,1565
404,814,1218
162,1197,1359
220,439,659
1316,464,1780
303,810,1113
1967,1272,3239
85,806,891
84,1246,1330
445,307,752
595,1038,1633
384,988,1372
276,1078,1354
272,590,862
1042,823,1865
675,587,1262
1629,1440,3069
327,778,1105
75,1416,1491
20,587,607
876,1256,2132
769,756,1525
718,926,1644
146,839,985
1089,436,1525
456,748,1204
192,1070,1262
163,672,835
49,746,795
661,771,1432
303,1578,1881
1088,617,1705
114,863,977
245,643,888
850,622,1472
360,657,1017
498,532,1030
620,766,1386
855,1066,1921
1300,588,1888
802,890,1692
487,461,948
654,575,1229
569,559,1128
403,740,1143
334,1028,1362
647,433,1080
754,975,1729
253,1266,1519
617,615,1232
449,1019,1468
1410,550,1960
596,744,1340
691,360,1051
535,441,976
685,423,1108
778,476,1254
1106,1209,2315
169,694,863
500,399,899
529,778,1307
905,1143,2048
871,1447,2318
584,544,1128
479,1056,1535
863,534,1397
348,734,1082
515,648,1163
1081,1296,2377
352,1061,1413
276,779,1055
537,957,1494
395,920,1315
807,1058,1865
267,380,647
1144,1184,2328
357,752,1109
528,938,1466
360,723,1083
447,936,1383
389,1022,1411
175,835,1010
356,467,823
673,1382,2055
836,770,1606
526,541,1067
433,1044,1477
563,1013,1576
727,327,1054
410,541,951
523,984,1507
979,822,1801
692,1075,1767
913,868,1781
571,544,1115
1052,415,1467
477,1279,1756
820,295,1115
298,598,896
969,1118,2087
860,754,1614
317,1311,1628
665,487,1152
1543,830,2373
1108,327,1435
826,565,1391
34,436,470
1154,690,1844
1008,428,1436
1074,478,1552
1057,796,1853
1331,913,2244
813,1063,1876
725,1024,1749
888,868,1756
810,824,1634
1032,851,1883
708,989,1697
27,433,460
97,759,856
1073,679,1752
1457,818,2275
827,854,1681
48,625,673
37,805,842
1184,630,1814
218,754,972
456,352,808
2047,138,2185
779,492,1271
898,955,1853
575,506,1081
458,861,1319
99,482,581
64,456,520
561,398,959
472,520,992
217,618,835
150,920,1070
554,695,1249
429,862,1291
143,710,853
592,634,1226
508,697,1205
501,647,1148
148,580,728
29,1244,1273
566,585,1151
26,1316,1342
708,602,1310
202,1139,1341
358,655,1013
319,628,947
226,917,1143
648,616,1264
402,848,1250
629,483,1112
246,1061,1307
419,767,1186
435,1151,1586
161,820,981
619,499,1118
221,580,801
410,1049,1459
504,473,977
711,633,1344
860,665,1525
25,1670,1695
193,359,552
798,764,1562
327,524,851
206,833,1039
247,368,615
956,455,1411
696,624,1320
1023,442,1465
167,1897,2064
46,1476,1522
410,806,1216
482,775,1257
935,1274,2209
369,465,834
479,856,1335
925,439,1364
88,838,926
424,875,1299
226,1967,2193
1477,786,2263
371,307,678
554,397,951
205,779,984
1623,528,2151
412,825,1237
208,511,719
398,593,991
582,1231,1813
1060,1335,2395
47,631,678
639,614,1253
747,1269,2016
808,452,1260
484,1576,2060
241,535,776
684,620,1304
522,523,1045
438,544,982
100,1014,1114
400,543,943
1376,1246,2622
431,997,1428
662,1380,2042
256,951,1207
1854,864,2718
680,538,1218
952,779,1731
720,1010,1730
122,738,860
459,779,1238
1196,571,1767
723,641,1364
384,1401,1785
98,498,596
257,913,1170
186,498,684
432,921,1353
174,1185,1359
604,873,1477
896,561,1457
548,1066,1614
705,475,1180
1187,774,1961
159,758,917
399,1059,1458
741,471,1212
445,517,962
250,1608,1858
220,680,900
518,576,1094
576,1728,2304
1338,807,2145
1011,776,1787
468,760,1228
939,785,1724
807,356,1163
421,808,1229
437,955,1392
612,975,1587
408,652,1060
357,1639,1996
1001,637,1638
611,694,1305
659,961,1620
258,1072,1330
127,504,631
771,641,1412
1123,1291,2414
649,1086,1735
167,603,770
1381,864,2245
150,628,778
626,676,1302
818,1006,1824
1216,798,2014
312,575,887
178,760,938
924,986,1910
211,605,816
510,431,941
390,585,975
404,576,980
464,1085,1549
429,607,1036
1322,631,1953
530,319,849
544,269,813
1368,932,2300
833,912,1745
656,1274,1930
826,1033,1859
542,239,781
521,760,1281
39,789,828
370,438,808
514,444,958
59,245,304
975,925,1900
573,1763,2336
219,465,684
375,644,1019
772,675,1447
827,768,1595
245,1195,1440
415,655,1070
758,1082,1840
194,1249,1443
444,638,1082
1120,1132,2252
411,1103,1514
306,615,921
759,714,1473
113,254,367
799,856,1655
505,569,1074
587,532,1119
889,944,1833
333,1899,2232
447,1445,1892
760,374,1134
845,1568,2413
639,1640,2279
825,1446,2271
828,1496,2324
1220,873,2093
1496,817,2313
284,193,477
1211,956,2167
887,975,1862
736,968,1704
90,338,428
500,1749,2249
169,1335,1504
401,1322,1723
1172,841,2013
1812,416,2228
551,1126,1677
612,1002,1614
1244,614,1858
53,1803,1856
151,363,514
1320,542,1862
224,1346,1570
469,1424,1893
1286,499,1785
1204,926,2130
167,1601,1768
288,2079,2367
749,647,1396
498,1293,1791
1239,578,1817
202,590,792
777,1175,1952
383,1253,1636
545,1567,2112
1061,1592,2653
1727,391,2118
805,459,1264
730,538,1268
863,1320,2183
1339,734,2073
1371,1337,2708
702,1273,1975
75,547,622
708,538,1246
681,929,1610
1012,1056,2068
286,388,674
185,687,872
1004,595,1599
1035,566,1601
334,813,1147
812,734,1546
2010,755,2765
844,760,1604
1096,908,2004
1176,388,1564
329,387,716
288,855,1143
1213,778,1991
1073,991,2064
757,467,1224
274,1089,1363
1301,841,2142
320,904,1224
1256,516,1772
788,729,1517
495,922,1417
775,688,1463
615,897,1512
429,1224,1653
947,771,1718
438,943,1381
998,683,1681
1234,1061,2295
239,1430,1669
167,994,1161
728,979,1707
783,818,1601
1292,874,2166
678,535,1213
208,829,1037
341,752,1093
724,1086,1810
175,373,548
582,1256,1838
617,478,1095
340,885,1225
158,718,876
133,951,1084
688,385,1073
485,720,1205
738,968,1706
201,943,1144
210,1661,1871
428,971,1399
398,538,936
544,555,1099
240,915,1155
950,349,1299
836,449,1285
653,484,1137
475,882,1357
651,1629,2280
450,973,1423
491,551,1042
547,723,1270
943,1386,2329
763,815,1578
426,573,999
57,995,1052
233,1098,1331
537,455,992
240,583,823
569,850,1419
908,762,1670
684,558,1242
219,705,924
568,645,1213
1216,482,1698
753,420,1173
881,1021,1902
363,1070,1433
379,573,952
333,679,1012
822,697,1519
322,673,995
53,689,742
677,1386,2063
662,583,1245
553,643,1196
166,734,900
302,592,894
312,599,911
479,573,1052
395,570,965
785,657,1442
570,703,1273
790,756,1546
292,1404,1696
740,844,1584
1039,471,1510
899,1094,1993
673,682,1355
693,942,1635
486,542,1028
937,913,1850
302,694,996
660,1310,1970
315,487,802
214,453,667
593,510,1103
664,1414,2078
1236,541,1777
455,845,1300
428,1008,1436
497,884,1381
891,1329,2220
320,500,820
489,1083,1572
362,663,1025
208,764,972
864,2002,2866
1354,730,2084
356,433,789
54,1018,1072
746,2060,2806
573,347,920
552,719,1271
493,370,863
254,942,1196
283,836,1119
471,732,1203
364,957,1321
330,1053,1383
520,695,1215
386,445,831
1201,1221,2422
435,611,1046
532,764,1296
672,611,1283
541,483,1024
311,1133,1444
677,748,1425
761,749,1510
490,1381,1871
634,425,1059
1922,663,2585
673,419,1092
250,928,1178
718,851,1569
815,493,1308
295,1018,1313
889,938,1827
653,590,1243
514,488,1002
610,439,1049
1914,567,2481
542,496,1038
661,627,1288
309,1353,1662
1142,780,1922
1197,1186,2383
925,611,1536
584,628,1212
437,624,1061
591,723,1314
685,604,1289
248,933,1181
551,609,1160
489,608,1097
524,302,826
849,1385,2234
938,702,1640
478,536,1014
37,639,676
689,524,1213
518,1394,1912
793,722,1515
295,356,651
52,617,669
312,1685,1997
309,589,898
336,1131,1467
209,664,873
864,798,1662
360,1287,1647
1055,1389,2444
168,494,662
371,509,880
930,1326,2256
346,595,941
223,802,1025
375,571,946
433,650,1083
855,1038,1893
571,453,1024
331,750,1081
1099,1228,2327
95,649,744
1129,1340,2469
210,603,813
512,583,1095
603,1138,1741
97,664,761
181,1116,1297
359,476,835
1251,941,2192
871,799,1670
601,1663,2264
415,684,1099
585,306,891
539,1123,1662
419,625,1044
497,462,959
639,583,1222
887,810,1697
468,544,1012
531,1029,1560
1303,1108,2411
1613,1000,2613
509,888,1397
139,455,594
1097,873,1970
647,461,1108
579,642,1221
1277,1005,2282
803,768,1571
825,913,1738
20,660,680
815,1242,2057
325,441,766
27,588,615
1407,700,2107
786,1060,1846
581,851,1432
222,598,820
825,550,1375
981,1196,2177
399,325,724
119,1141,1260
257,584,841
910,1067,1977
468,519,987
1007,932,1939
1063,719,1782
299,595,894
518,524,1042
554,708,1262
879,675,1554
498,597,1095
311,750,1061
523,609,1132
350,809,1159
824,564,1388
346,880,1226
553,494,1047
904,527,1431
727,1294,2021
816,639,1455
705,339,1044
513,1839,2352
481,728,1209
263,452,715
377,1133,1510
549,998,1547
213,811,1024
188,1425,1613
621,956,1577
144,284,428
1016,984,2000
543,735,1278
433,1169,1602
428,543,971
435,1633,2068
676,671,1347
577,2426,3003
267,1645,1912
180,518,698
625,1501,2126
1098,1053,2151
706,772,1478
498,922,1420
526,1234,1760
1161,766,1927
237,677,914
525,603,1128
268,861,1129
396,1241,1637
471,928,1399
581,432,1013
430,1197,1627
691,1268,1959
888,1206,2094
1410,578,1988
227,754,981
799,2372,3171
403,1225,1628
1035,1162,2197
1487,689,2176
253,725,978
500,938,1438
443,1170,1613
797,935,1732
996,443,1439
475,373,848
1657,1685,3342
608,600,1208
312,607,919
1464,554,2018
2306,1323,3629
361,625,986
1008,796,1804
2194,934,3128
836,525,1361
504,541,1045
384,616,1000
378,1950,2328
541,1208,1749
1005,1001,2006
689,775,1464
1026,1631,2657
733,1210,1943
1466,479,1945
1028,1616,2644
433,507,940
481,960,1441
1637,574,2211
719,380,1099
1173,604,1777
642,632,1274
778,949,1727
1160,749,1909
585,588,1173
506,879,1385
1023,1189,2212
204,647,851
565,764,1329
707,523,1230
877,1188,2065
1211,1169,2380
1105,848,1953
1545,379,1924
722,614,1336
475,1278,1753
531,912,1443
442,754,1196
667,725,1392
521,525,1046
691,1148,1839
692,1173,1865
916,770,1686
794,639,1433
1303,589,1892
518,687,1205
433,1006,1439
704,813,1517
414,691,1105
384,987,1371
400,1016,1416
569,517,1086
194,969,1163
517,959,1476
329,1491,1820
202,404,606
457,1420,1877
1065,935,2000
545,148,693
647,1106,1753
533,889,1422
913,1280,2193
449,1240,1689
1204,954,2158
492,745,1237
503,1623,2126
55,162,217
785,1993,2778
791,654,1445
663,1265,1928
108,309,417
686,1820,2506
585,1269,1854
637,1021,1658
159,340,499
857,484,1341
1055,1316,2371
95,1130,1225
824,1155,1979
497,738,1235
652,1074,1726
1145,1159,2304
606,715,1321
678,1210,1888
205,344,549
1217,1555,2772
323,646,969
1114,764,1878
1281,901,2182
1266,952,2218
636,327,963
910,682,1592
1020,1604,2624
642,942,1584
129,529,658
878,2092,2970
929,484,1413
980,604,1584
1431,1016,2447
692,582,1274
1015,685,1700
909,604,1513
708,1414,2122
746,883,1629
193,615,808
596,2026,2622
536,1377,1913
278,303,581
474,311,785
574,1057,1631
321,551,872
504,696,1200
748,620,1368
898,1077,1975
854,936,1790
684,671,1355
1329,900,2229
1668,733,2401
600,335,935
947,1652,2599
114,701,815
780,652,1432
445,1070,1515
169,1021,1190
1339,743,2082
305,1117,1422
1153,1225,2378
866,724,1590
903,653,1556
307,1300,1607
1004,1050,2054
419,1103,1522
1253,773,2026
613,645,1258
479,1541,2020
649,1079,1728
447,574,1021
435,738,1173
478,1189,1667
2028,1138,3166
762,461,1223
1159,642,1801
521,534,1055
243,378,621
692,1132,1824
530,588,1118
254,1123,1377
949,1539,2488
826,864,1690
1645,1432,3077
274,578,852
1201,806,2007
523,805,1328
628,1004,1632
881,996,1877
505,880,1385
722,1459,2181
194,489,683
919,618,1537
1588,1359,2947
70,1032,1102
419,657,1076
553,996,1549
850,855,1705
1404,671,2075
322,600,922
1105,1216,2321
726,730,1456
493,748,1241
730,1017,1747
707,467,1174
317,670,987
419,847,1266
928,825,1753
763,632,1395
934,779,1713
1366,1018,2384
960,499,1459
464,1120,1584
967,807,1774
393,818,1211
624,872,1496
229,608,837
384,490,874
529,549,1078
410,695,1105
1372,747,2119
663,958,1621
566,598,1164
780,880,1660
288,821,1109
699,891,1590
574,599,1173
432,326,758
1104,752,1856
686,566,1252
672,428,1100
395,620,1015
659,403,1062
457,906,1363
268,597,865
476,412,888
348,926,1274
661,903,1564
693,816,1509
438,297,735
695,991,1686
587,702,1289
262,1504,1766
174,320,494
644,998,1642
908,752,1660
283,638,921
591,794,1385
888,1052,1940
1162,788,1950
421,800,1221
466,1341,1807
230,319,549
691,590,1281
322,518,840
800,692,1492
834,1200,2034
391,1080,1471
713,441,1154
926,481,1407
1312,508,1820
850,810,1660
619,1412,2031
371,1037,1408
1163,381,1544
714,1099,1813
521,457,978
688,1466,2154
276,1108,1384
520,494,1014
878,1741,2619
820,1031,1851
573,334,907
218,500,718
533,1084,1617
519,847,1366
161,844,1005
203,951,1154
568,584,1152
1040,335,1375
901,1936,2837
802,618,1420
383,591,974
612,1976,2588
1015,828,1843
372,1038,1410
206,860,1066
400,573,973
887,886,1773
399,509,908
965,1019,1984
355,715,1070
194,615,809
1619,895,2514
921,728,1649
555,582,1137
307,1015,1322
1667,705,2372
999,818,1817
166,467,633
729,835,1564
434,584,1018
387,865,1252
993,516,1509
973,702,1675
155,622,777
564,866,1430
1858,500,2358
640,706,1346
671,836,1507
920,854,1774
347,667,1014
182,620,802
300,344,644
124,866,990
331,908,1239
497,519,1016
636,1075,1711
812,531,1343
775,674,1449
572,482,1054
505,592,1097
615,461,1076
1209,1078,2287
792,676,1468
612,554,1166
635,458,1093
164,880,1044
149,1485,1634
467,322,789
397,591,988
1300,1570,2870
555,813,1368
909,1459,2368
373,633,1006
536,735,1271
384,904,1288
342,547,889
433,1498,1931
586,755,1341
549,483,1032
777,1649,2426
493,678,1171
431,488,919
507,519,1026
652,284,936
410,740,1150
984,1644,2628
505,419,924
326,1013,1339
579,742,1321
929,1490,2419
392,1256,1648
473,541,1014
684,284,968
1055,907,1962
242,706,948
276,764,1040
205,1301,1506
1286,726,2012
423,703,1126
734,588,1322
316,937,1253
275,462,737
638,423,1061
690,707,1397
354,924,1278
68,546,614
322,615,937
611,1046,1657
115,553,668
402,619,1021
1295,758,2053
311,455,766
852,818,1670
1089,600,1689
529,456,985
1501,1027,2528
1398,810,2208
919,896,1815
735,1264,1999
326,523,849
596,809,1405
447,331,778
779,1771,2550
467,575,1042
719,528,1247
380,1568,1948
630,1002,1632
426,452,878
1270,769,2039
310,562,872
538,584,1122
906,1368,2274
355,747,1102
374,761,1135
1234,1159,2393
122,727,849
470,1258,1728
423,470,893
776,793,1569
818,358,1176
626,1324,1950
478,489,967
595,1122,1717
433,1239,1672
663,380,1043
400,507,907
616,628,1244
602,1293,1895
239,349,588
640,1605,2245
341,1102,1443
796,1202,1998
1036,561,1597
612,549,1161
1057,2164,3221
820,1175,1995
312,371,683
593,696,1289
1382,2454,3836
709,770,1479
711,1476,2187
1225,536,1761
740,1267,2007
755,1313,2068
256,484,740
259,684,943
413,1239,1652
1188,2308,3496
370,606,976
1004,986,1990
499,1354,1853
328,1323,1651
834,868,1702
63,637,700
386,1621,2007
685,990,1675
167,730,897
1025,661,1686
1061,539,1600
1106,835,1941
926,1001,1927
514,966,1480
1283,638,1921
1790,1119,2909
487,1910,2397
591,469,1060
318,895,1213
1503,1145,2648
510,763,1273
1124,941,2065
1082,694,1776
384,629,1013
2174,874,3048
429,855,1284
998,986,1984
1146,526,1672
1435,273,1708
1260,1187,2447
786,363,1149
1185,718,1903
848,801,1649
588,788,1376
1797,753,2550
393,863,1256
832,874,1706
586,847,1433
159,1010,1169
735,684,1419
327,772,1099
768,1148,1916
781,577,1358
933,527,1460
396,834,1230
614,632,1246
1494,2226,3720
636,497,1133
424,881,1305
510,1160,1670
2223,1036,3259
559,731,1290
629,808,1437
1005,1112,2117
622,1069,1691
541,1587,2128
586,2984,3570
751,820,1571
706,857,1563
587,1426,2013
49,3036,3085
696,987,1683
721,1352,2073
1032,2024,3056
1026,1004,2030
2043,1170,3213
1440,428,1868
626,1707,2333
501,820,1321
254,1539,1793
618,1126,1744
849,1548,2397
797,765,1562
437,1338,1775
2647,701,3348
1271,852,2123
1313,394,1707
755,1619,2374
610,1043,1653
730,1355,2085
538,1057,1595
911,1767,2678
772,941,1713
529,1425,1954
589,1306,1895
278,1064,1342
545,1317,1862
670,1105,1775
711,1070,1781
2925,615,3540
1051,406,1457
833,1355,2188
1529,383,1912
1457,573,2030
908,1424,2332
423,838,1261
1347,454,1801
813,667,1480
838,834,1672
134,983,1117
1016,897,1913
835,1033,1868
1036,772,1808
1265,1230,2495
1084,1130,2214
1286,560,1846
507,1206,1713
188,978,1166
982,611,1593
77,531,608
670,652,1322
678,794,1472
1204,329,1533
1694,900,2594
565,1209,1774
532,1485,2017
1041,1058,2099
1439,795,2234
439,1344,1783
1229,1141,2370
333,508,841
1229,816,2045
1398,573,1971
1317,1194,2511
268,362,630
163,1153,1316
115,436,551
1133,1063,2196
751,1113,1864
477,1065,1542
150,1385,1535
210,1082,1292
570,1814,2384
951,911,1862
187,1335,1522
300,848,1148
223,953,1176
714,848,1562
683,859,1542
1036,1037,2073
182,1380,1562
580,1765,2345
628,1314,1942
969,827,1796
1184,1449,2633
616,584,1200
423,1077,1500
1026,957,1983
948,812,1760
403,820,1223
645,866,1511
807,806,1613
740,628,1368
1706,930,2636
400,1085,1485
861,303,1164
964,948,1912
461,1408,1869
818,500,1318
410,1185,1595
1069,582,1651
474,960,1434
1593,608,2201
343,571,914
576,899,1475
319,1425,1744
419,1355,1774
852,645,1497
681,750,1431
680,658,1338
1138,512,1650
106,1763,1869
1265,519,1784
664,308,972
366,847,1213
759,1391,2150
1308,1107,2415
1049,462,1511
709,779,1488
815,399,1214
791,292,1083
675,783,1458
401,573,974
371,606,977
643,873,1516
520,880,1400
590,813,1403
604,553,1157
462,590,1052
566,451,1017
784,1390,2174
686,712,1398
492,657,1149
91,581,672
642,1297,1939
420,1037,1457
374,868,1242
94,594,688
852,583,1435
453,1084,1537
266,473,739
687,589,1276
745,600,1345
1295,1094,2389
782,1642,2424
326,606,932
58,611,669
1687,828,2515
786,627,1413
488,310,798
59,590,649
293,715,1008
1225,1198,2423
541,681,1222
417,780,1197
1230,1272,2502
358,609,967
334,724,1058
312,524,836
145,1005,1150
1067,1273,2340
352,562,914
431,906,1337
1288,963,2251
514,658,1172
344,727,1071
465,924,1389
916,1450,2366
374,665,1039
772,731,1503
418,647,1065
480,826,1306
898,688,1586
290,1442,1732
546,636,1182
341,1007,1348
687,490,1177
1413,750,2163
1186,547,1733
427,1291,1718
644,413,1057
596,505,1101
856,712,1568
451,1297,1748
721,664,1385
655,332,987
968,571,1539
1323,1248,2571
637,1281,1918
474,756,1230
480,679,1159
549,1456,2005
514,636,1150
130,306,436
918,930,1848
756,1128,1884
1218,195,1413
250,703,953
635,532,1167
827,516,1343
789,501,1290
545,1303,1848
162,443,605
61,715,776
1204,1036,2240
218,589,807
1086,891,1977
216,614,830
222,570,792
1285,485,1770
1213,586,1799
475,1183,1658
318,409,727
687,1031,1718
1042,564,1606
397,1202,1599
382,514,896
399,649,1048
602,512,1114
1312,837,2149
358,480,838
483,1280,1763
824,971,1795
1177,1066,2243
536,1446,1982
1188,870,2058
640,449,1089
290,1042,1332
109,664,773
542,371,913
184,685,869
307,650,957
874,1004,1878
343,554,897
844,701,1545
125,827,952
653,805,1458
553,581,1134
162,934,1096
654,1484,2138
226,710,936
356,1216,1572
525,807,1332
465,1733,2198
1028,681,1709
313,899,1212
859,979,1838
859,540,1399
727,1219,1946
352,783,1135
678,913,1591
890,661,1551
1066,969,2035
636,614,1250
241,1814,2055
286,1217,1503
600,789,1389
781,1446,2227
741,547,1288
755,695,1450
711,423,1134
1354,761,2115
638,608,1246
1562,732,2294
66,596,662
665,549,1214
366,1107,1473
1523,493,2016
688,855,1543
888,620,1508
631,1192,1823
358,1270,1628
715,786,1501
398,561,959
1070,531,1601
998,1031,2029
1313,394,1707
641,876,1517
344,433,777
774,628,1402
804,960,1764
607,866,1473
526,485,1011
268,801,1069
361,730,1091
589,593,1182
609,550,1159
445,581,1026
1080,849,1929
767,477,1244
171,420,591
127,699,826
666,962,1628
269,430,699
311,1373,1684
343,519,862
862,644,1506
527,1029,1556
627,418,1045
992,853,1845
244,601,845
157,787,944
144,455,599
775,940,1715
1132,906,2038
389,745,1134
667,229,896
314,1738,2052
462,1133,1595
569,582,1151
555,611,1166
471,1943,2414
826,988,1814
120,731,851
900,978,1878
136,679,815
157,1262,1419
495,843,1338
168,703,871
892,1090,1982
504,974,1478
217,673,890
319,674,993
177,462,639
383,1181,1564
902,644,1546
452,1124,1576
1023,744,1767
1502,615,2117
557,537,1094
498,809,1307
494,519,1013
773,1094,1867
789,532,1321
290,792,1082
1815,532,2347
169,780,949
626,674,1300
678,683,1361
379,868,1247
187,1148,1335
474,539,1013
936,426,1362
642,732,1374
658,718,1376
374,873,1247
551,540,1091
885,766,1651
527,413,940
313,709,1022
468,671,1139
802,682,1484
712,617,1329
375,805,1180
459,567,1026
671,660,1331
846,548,1394
301,988,1289
752,546,1298
997,775,1772
392,899,1291
542,824,1366
598,755,1353
1126,583,1709
366,340,706
322,532,854
829,543,1372
600,776,1376
702,692,1394
559,836,1395
320,463,783
500,629,1129
473,811,1284
365,896,1261
239,514,753
322,2929,3251
406,1074,1480
216,522,738
588,3006,3594
400,707,1107
480,667,1147
712,634,1346
451,873,1324
390,855,1245
389,663,1052
367,855,1222
715,959,1674
492,1054,1546
245,3019,3264
563,1259,1822
580,671,1251
876,423,1299
532,290,822
166,1152,1318
453,1044,1497
589,956,1545
341,988,1329
534,665,1199
543,538,1081
412,337,749
1013,2857,3870
447,353,800
810,1355,2165
679,1065,1744
2491,964,3455
271,1023,1294
516,1598,2114
300,293,593
584,1203,1787
49,1882,1931
97,500,597
448,1483,1931
702,1182,1884
460,1642,2102
193,469,662
905,1719,2624
175,1587,1762
678,1022,1700
2475,1089,3564
148,1102,1250
1176,661,1837
793,1071,1864
830,1222,2052
330,1198,1528
273,1980,2253
867,1457,2324
128,1693,1821
2422,986,3408
64,1566,1630
1328,1117,2445
811,1328,2139
964,633,1597
925,710,1635
973,1328,2301
1310,597,1907
627,897,1524
1637,798,2435
782,891,1673
820,475,1295
1073,692,1765
1336,459,1795
252,487,739
913,1265,2178
1128,638,1766
1608,517,2125
987,487,1474
418,1956,2374
1544,533,2077
1863,405,2268
1219,509,1728
321,657,978
375,379,754
821,1804,2625
726,696,1422
1462,333,1795
674,407,1081
26,410,436
1180,607,1787
1160,328,1488
926,968,1894
79,938,1017
830,384,1214
316,695,1011
470,900,1370
1047,495,1542
906,548,1454
784,671,1455
262,833,1095
164,545,709
140,523,663
569,686,1255
193,505,698
1345,1080,2425
933,527,1460
1012,536,1548
65,397,462
828,500,1328
1526,569,2095
59,884,943
62,504,566
45,388,433
280,412,692
1883,1260,3143
216,628,844
138,724,862
77,544,621
168,543,711
98,875,973
186,981,1167
378,563,941
92,666,758
1729,1350,3079
366,791,1157
110,863,973
117,919,1036
345,812,1157
811,1586,2397
180,1144,1324
177,1250,1427
716,361,1077
220,822,1042
569,793,1362
144,1085,1229
496,681,1177
383,868,1251
663,691,1354
871,824,1695
843,616,1459
749,504,1253
686,811,1497
422,735,1157
522,634,1156
904,428,1332
485,826,1311
1069,695,1764
263,1176,1439
591,440,1031
494,1044,1538
496,561,1057
597,700,1297
399,333,732
546,828,1374
569,1140,1709
269,337,606
1346,499,1845
773,1006,1779
714,994,1708
680,1144,1824
322,320,642
676,774,1450
1208,731,1939
123,316,439
795,661,1456
55,740,795
866,1094,1960
689,1008,1697
479,691,1170
224,889,1113
674,637,1311
527,1196,1723
326,667,993
704,1036,1740
1042,791,1833
521,1265,1786
405,586,991
923,1248,2171
657,381,1038
380,1064,1444
907,1104,2011
533,699,1232
420,1106,1526
494,757,1251
647,646,1293
407,766,1173
1158,409,1567
1009,647,1656
330,482,812
682,863,1545
225,315,540
542,430,972
600,722,1322
627,786,1413
390,838,1228
648,964,1612
797,1584,2381
742,417,1159
566,981,1547
920,636,1556
651,676,1327
919,507,1426
646,770,1416
370,845,1215
781,841,1622
923,811,1734
433,1572,2005
632,528,1160
568,801,1369
848,816,1664
844,372,1216
719,1015,1734
30,461,491
757,763,1520
641,999,1640
1065,900,1965
658,1452,2110
438,495,933
270,556,826
1083,662,1745
363,721,1084
1441,643,2084
498,566,1064
51,873,924
601,320,921
734,1139,1873
272,843,1115
949,1362,2311
215,1111,1326
379,803,1182
651,475,1126
223,925,1148
249,818,1067
382,654,1036
643,365,1008
318,1061,1379
1376,644,2020
402,453,855
786,643,1429
435,816,1251
269,583,852
592,903,1495
694,680,1374
652,998,1650
675,685,1360
1368,832,2200
438,473,911
850,477,1327
634,1435,2069
645,751,1396
469,445,914
1064,380,1444
874,1566,2440
567,567,1134
321,933,1254
592,382,974
594,814,1408
393,1603,1996
316,464,780
168,449,617
590,1477,2067
808,879,1687
565,825,1390
156,652,808
784,1460,2244
595,1276,1871
504,734,1238
395,475,870
227,362,589
242,1198,1440
172,1158,1330
686,630,1316
266,501,767
462,1218,1680
530,926,1456
578,824,1402
273,484,757
1359,581,1940
734,838,1572
726,790,1516
1138,1031,2169
362,464,826
1037,1039,2076
826,873,1699
325,798,1123
137,581,718
807,1037,1844
1060,1544,2604
1020,609,1629
295,481,776
657,1539,2196
534,711,1245
990,522,1512
1260,645,1905
630,1004,1634
341,567,908
1238,864,2102
513,407,920
424,547,971
411,1179,1590
762,882,1644
158,944,1102
262,365,627
302,754,1056
209,950,1159
1250,1421,2671
297,878,1175
914,432,1346
1228,632,1860
594,1245,1839
494,969,1463
816,1082,1898
390,1116,1506
593,1029,1622
412,749,1161
1491,1565,3056
670,1212,1882
48,1079,1127
340,496,836
767,586,1353
939,259,1198
488,1147,1635
674,939,1613
1373,546,1919
525,618,1143
789,1652,2441
734,1067,1801
364,313,677
420,854,1274
192,1295,1487
191,1135,1326
398,1080,1478
823,1257,2080
584,819,1403
1290,1396,2686
991,253,1244
499,1042,1541
1053,802,1855
1407,1191,2598
251,1324,1575
842,931,1773
450,1243,1693
650,989,1639
1347,961,2308
677,1224,1901
897,653,1550
223,1112,1335
906,960,1866
1030,480,1510
870,685,1555
147,1418,1565
1039,646,1685
1073,500,1573
924,841,1765
812,1485,2297
477,933,1410
810,897,1707
684,1070,1754
252,1632,1884
756,981,1737
55,993,1048
681,940,1621
957,963,1920
478,886,1364
1552,871,2423
949,691,1640
711,1059,1770
1185,289,1474
709,630,1339
1014,914,1928
909,904,1813
743,630,1373
1373,612,1985
1063,862,1925
1336,1009,2345
1012,603,1615
1522,465,1987
795,722,1517
817,523,1340
1154,664,1818
1311,567,1878
109,1111,1220
565,433,998
540,1155,1695
210,593,803
518,1207,1725
810,476,1286
264,920,1184
922,870,1792
454,679,1133
207,416,623
717,977,1694
842,679,1521
584,1070,1654
374,371,745
835,1072,1907
947,785,1732
513,526,1039
791,748,1539
602,777,1379
1202,418,1620
225,697,922
928,1047,1975
802,1162,1964
707,1019,1726
139,935,1074
651,1473,2124
448,1367,1815
589,427,1016
561,440,1001
721,1037,1758
1077,875,1952
675,1006,1681
403,978,1381
472,1250,1722
798,664,1462
1055,1371,2426
487,1092,1579
633,1049,1682
880,567,1447
445,1658,2103
172,906,1078
519,561,1080
607,1777,2384
233,941,1174
642,546,1188
413,1555,1968
952,1269,2221
805,1361,2166
316,352,668
757,1258,2015
698,1390,2088
586,651,1237
497,952,1449
1022,545,1567
933,1673,2606
850,463,1313
1200,927,2127
153,348,501
703,1224,1927
842,1131,1973
771,1535,2306
1165,476,1641
280,433,713
368,1268,1636
571,1604,2175
640,397,1037
1174,383,1557
288,428,716
879,1703,2582
1321,891,2212
611,477,1088
619,946,1565
646,1033,1679
550,1316,1866
1637,362,1999
797,1301,2098
909,659,1568
1150,732,1882
1008,1455,2463
835,2284,3119
518,1213,1731
797,872,1669
1413,759,2172
1296,2127,3423
1195,932,2127
1369,849,2218
990,621,1611
917,559,1476
949,1886,2835
1106,1836,2942
568,819,1387
1231,1992,3223
705,727,1432
1101,742,1843
703,806,1509
1140,1101,2241
62,716,778
136,954,1090
2325,827,3152
1580,706,2286
116,715,831
104,982,1086
1111,851,1962
258,652,910
184,945,1129
1047,780,1827
2181,479,2660
2107,693,2800
167,1136,1303
1859,455,2314
1251,561,1812
475,647,1122
99,1227,1326
368,1193,1561
87,723,810
1138,1117,2255
1776,817,2593
531,773,1304
983,566,1549
129,816,945
620,350,970
83,1402,1485
379,593,972
342,711,1053
655,1036,1691
787,535,1322
382,724,1106
499,1067,1566
278,1257,1535
606,1048,1654
804,806,1610
827,911,1738
106,724,830
518,1362,1880
566,462,1028
1034,796,1830
258,1053,1311
593,735,1328
402,673,1075
672,616,1288
303,857,1160
711,488,1199
301,1560,1861
511,354,865
1276,594,1870
227,1015,1242
608,743,1351
322,695,1017
595,804,1399
471,1481,1952
416,485,901
475,808,1283
798,605,1403
498,622,1120
715,878,1593
573,626,1199
786,758,1544
526,851,1377
1026,296,1322
364,357,721
910,1004,1914
872,369,1241
428,813,1241
664,825,1489
852,336,1188
443,408,851
1506,513,2019
975,474,1449
838,319,1157
512,516,1028
1570,593,2163
632,549,1181
830,403,1233
263,382,645
105,311,416
103,610,713
460,546,1006
151,406,557
271,440,711
146,418,564
275,448,723
500,826,1326
265,312,577
193,384,577
475,290,765
719,664,1383
311,315,626
414,358,772
414,326,740
270,560,830
226,448,674
431,156,587
663,175,838
316,366,682
321,133,454
247,406,653
692,166,858
463,155,618
134,432,566
118,560,678
575,335,910
66,179,245
209,527,736
368,346,714
200,631,831
203,363,566
68,201,269
264,550,814
62,427,489
463,700,1163
408,410,818
107,286,393
411,402,813
498,780,1278
150,355,505
131,421,552
383,584,967
499,727,1226
239,443,682
211,378,589
272,556,828
301,426,727
407,444,851
74,433,507
142,539,681
262,717,979
245,440,685
483,421,904
230,369,599
337,396,733
549,468,1017
364,382,746
265,743,1008
412,444,856
255,410,665
266,421,687
231,769,1000
331,403,734
333,385,718
302,440,742
302,763,1065
300,372,672
279,661,940
264,385,649
276,352,628
262,329,591
345,327,672
258,669,927
286,410,696
317,362,679
254,328,582
286,650,936
264,364,628
350,192,542
267,294,561
349,575,924
202,341,543
90,269,359
173,162,335
441,292,733
298,327,625
134,293,427
553,292,845
299,210,509
221,318,539
663,201,864
180,377,557
76,219,295
163,200,363
304,325,629
126,283,409
149,289,438
172,268,440
209,262,471
234,242,476
186,308,494
1003,3758,4761
214,294,508
1025,3788,4813
1472,3860,5332
223,651,874
4245,283,4528
287,989,1276
634,1678,2312
246,374,620
4565,355,4920
1870,554,2424
4345,231,4576
688,526,1214
513,464,977
330,576,906
4656,359,5015
450,702,1152
806,551,1357
650,603,1253
4466,852,5318
154,1136,1290
1877,483,2360
4124,418,4542
4176,1044,5220
917,760,1677
1644,886,2530
3777,977,4754
488,648,1136
411,820,1231
734,728,1462
93,432,525
4087,272,4359
349,815,1164
851,732,1583
590,657,1247
401,848,1249
872,1062,1934
339,1007,1346
793,549,1342
1117,837,1954
61,696,757
877,538,1415
455,655,1110
39,542,581
484,963,1447
849,357,1206
232,560,792
31,912,943
591,675,1266
80,1012,1092
998,5252,6250
622,690,1312
316,911,1227
507,368,875
306,704,1010
743,345,1088
546,831,1377
4223,2128,6351
139,847,986
514,727,1241
432,573,1005
573,427,1000
776,675,1451
791,644,1435
4338,2110,6448
302,1155,1457
636,463,1099
5049,1006,6055
668,611,1279
868,628,1496
720,722,1442
640,981,1621
583,726,1309
466,1246,1712
1388,604,1992
512,453,965
26,648,674
705,629,1334
419,877,1296
469,445,914
665,1090,1755
1451,599,2050
484,588,1072
631,821,1452
264,768,1032
612,542,1154
387,849,1236
139,801,940
351,720,1071
529,447,976
464,693,1157
1202,680,1882
651,638,1289
238,851,1089
267,625,892
502,562,1064
318,886,1204
182,561,743
368,642,1010
480,899,1379
451,505,956
460,651,1111
686,551,1237
383,518,901
411,453,864
723,567,1290
551,393,944
347,819,1166
679,652,1331
712,668,1380
455,687,1142
784,428,1212
105,416,521
730,787,1517
636,411,1047
532,578,1110
360,3384,3744
35,436,471
158,454,612
634,468,1102
108,405,513
134,475,609
405,239,644
706,3301,4007
538,829,1367
25,676,701
297,293,590
252,3657,3909
118,780,898
573,3297,3870
384,509,893
436,293,729
375,481,856
3108,800,3908
457,428,885
59,801,860
323,659,982
1094,804,1898
522,3348,3870
3061,673,3734
49,458,507
710,3430,4140
613,562,1175
502,692,1194
773,2149,2922
420,507,927
3125,658,3783
572,961,1533
492,2294,2786
3456,805,4261
639,866,1505
361,744,1105
63,730,793
49,1006,1055
339,836,1175
424,729,1153
564,659,1223
225,806,1031
710,2117,2827
171,979,1150
333,689,1022
2087,738,2825
300,1041,1341
690,285,975
241,1127,1368
1669,572,2241
396,2043,2439
1004,410,1414
930,390,1320
304,1166,1470
490,1133,1623
596,2592,3188
965,624,1589
633,760,1393
3250,882,4132
58,2613,2671
1657,677,2334
1028,416,1444
2986,1346,4332
333,3125,3458
742,324,1066
439,1374,1813
918,271,1189
876,666,1542
696,10496,11192
450,2095,2545
439,3096,3535
463,800,1263
9860,1519,11379
1031,2551,3582
853,1026,1879
399,1865,2264
89,869,958
9662,1595,11257
442,2097,2539
148,1105,1253
463,355,818
2171,491,2662
1115,216,1331
10177,965,11142
1127,565,1692
347,860,1207
849,555,1404
978,612,1590
421,1705,2126
172,375,547
1304,649,1953
422,1658,2080
1165,899,2064
171,909,1080
427,795,1222
563,1587,2150
790,1065,1855
480,1711,2191
229,1082,1311
1950,1306,3256
883,663,1546
1889,827,2716
949,1042,1991
419,821,1240
3011,1045,4056
973,709,1682
111,1011,1122
735,518,1253
144,532,676
675,609,1284
1401,323,1724
685,441,1126
826,487,1313
853,442,1295
189,616,805
1477,456,1933
970,421,1391
1542,2076,3618
185,836,1021
2470,1033,3503
2274,2286,4560
2122,721,2843
363,521,884
1918,472,2390
2531,2131,4662
206,1052,1258
1110,1519,2629
1933,1235,3168
334,1054,1388
900,822,1722
807,293,1100
84,436,520
828,298,1126
54,563,617
1949,374,2323
1447,377,1824
839,603,1442
932,833,1765
1073,722,1795
21,1336,1357
1366,582,1948
122,875,997
74,1738,1812
2119,412,2531
190,638,828
572,493,1065
63,752,815
561,1317,1878
69,880,949
582,449,1031
338,534,872
488,546,1034
278,398,676
353,630,983
23,983,1006
1214,718,1932
89,764,853
346,885,1231
181,288,469
30,1273,1303
71,1334,1405
672,436,1108
1714,537,2251
491,677,1168
305,633,938
224,581,805
984,650,1634
132,1278,1410
891,470,1361
246,883,1129
38,701,739
463,874,1337
390,647,1037
104,930,1034
57,579,636
418,663,1081
591,946,1537
391,564,955
790,772,1562
664,492,1156
345,1181,1526
72,578,650
1190,408,1598
174,446,620
293,2409,2702
272,886,1158
67,675,742
171,459,630
1071,548,1619
92,1195,1287
574,2235,2809
302,683,985
761,2309,3070
412,1125,1537
881,658,1539
363,740,1103
594,923,1517
277,699,976
285,729,1014
2040,278,2318
750,299,1049
2065,264,2329
516,266,782
2064,238,2302
85,199,284
578,250,828
817,640,1457
960,627,1587
651,777,1428
228,273,501
2895,788,3683
857,354,1211
273,343,616
398,174,572
1130,447,1577
269,1193,1462
1051,248,1299
807,1036,1843
930,467,1397
1355,972,2327
340,370,710
1456,286,1742
1219,289,1508
2269,288,2557
614,303,917
485,548,1033
1636,274,1910
894,1213,2107
1501,293,1794
1877,230,2107
525,253,778
575,451,1026
1408,286,1694
960,272,1232
1200,261,1461
613,279,892
1854,444,2298
601,344,945
536,177,713
1319,165,1484
1581,409,1990
538,221,759
1984,482,2466
494,238,732
644,206,850
387,384,771
463,143,606
1292,409,1701
415,373,788
504,392,896
589,266,855
641,269,910
510,164,674
445,186,631
400,221,621
382,297,679
472,219,691
547,205,752
552,187,739
601,218,819
524,205,729
491,235,726
615,245,860
555,170,725
504,185,689
649,235,884
550,255,805
460,313,773
510,224,734
455,197,652
580,280,860
552,195,747
426,291,717
495,264,759
541,156,697
507,232,739
565,288,853
367,171,538
442,204,646
318,254,572
418,320,738
413,234,647
493,166,659
497,277,774
441,236,677
474,173,647
388,386,774
442,218,660
492,211,703
507,358,865
545,190,735
501,207,708
507,157,664
459,227,686
507,260,767
483,282,765
559,160,719
411,252,663
441,254,695
390,202,592
539,227,766
421,238,659
503,267,770
477,203,680
457,176,633
552,216,768
542,265,807
510,201,711
561,193,754
463,147,610
447,185,632
543,330,873
411,329,740
376,226,602
496,375,871
347,307,654
481,182,663
567,221,788
394,342,736
542,191,733
497,301,798
459,334,793
550,239,789
524,373,897
405,198,603
381,273,654
561,197,758
483,274,757
555,194,749
507,278,785
540,238,778
418,377,795
548,217,765
402,349,751
603,160,763
584,289,873
551,388,939
428,183,611
545,347,892
356,331,687
600,353,953
410,197,607
458,329,787
489,317,806
580,327,907
571,190,761
482,264,746
481,240,721
517,230,747
442,266,708
333,166,499
408,255,663
497,259,756
578,253,831
545,330,875
499,196,695
464,237,701
670,314,984
553,240,793
542,219,761
477,200,677
426,261,687
469,367,836
445,308,753
635,237,872
615,267,882
647,237,884
519,175,694
433,281,714
591,598,1189
516,180,696
646,162,808
579,283,862
417,484,901
482,191,673
569,455,1024
566,183,749
311,240,551
597,488,1085
579,254,833
558,483,1041
519,424,943
322,248,570
551,215,766
324,300,624
403,629,1032
474,180,654
517,330,847
296,455,751
326,214,540
402,5491,5893
452,1719,2171
507,6012,6519
522,160,682
601,365,966
210,507,717
5452,551,6003
354,312,666
157,160,317
340,454,794
749,343,1092
458,1759,2217
5561,712,6273
487,314,801
5449,509,5958
192,284,476
203,178,381
242,225,467
620,1763,2383
303,196,499
307,134,441
294,186,480
384,141,525
370,133,503
318,149,467
904,6799,7703
911,6873,7784
398,824,1222
7196,192,7388
7575,277,7852
1053,285,1338
292,228,520
7235,242,7477
6786,196,6982
774,263,1037
389,326,715
843,240,1083
344,268,612
405,662,1067
5730,1458,7188
5408,1286,6694
415,1819,2234
358,707,1065
6926,255,7181
310,694,1004
6905,509,7414
1021,566,1587
1560,575,2135
363,929,1292
1071,675,1746
383,861,1244
7225,609,7834
658,298,956
1346,530,1876
566,809,1375
607,530,1137
531,2746,3277
1020,692,1712
368,966,1334
693,799,1492
154,840,994
1575,1235,2810
176,822,998
422,601,1023
315,946,1261
249,155,404
253,1055,1308
532,718,1250
272,918,1190
256,1062,1318
1816,1025,2841
1096,1390,2486
789,1239,2028
402,1192,1594
2500,1557,4057
410,1213,1623
536,1059,1595
280,1130,1410
400,1203,1603
883,260,1143
97,195,292
462,1179,1641
2352,1859,4211
53,1310,1363
430,1192,1622
45,778,823
222,946,1168
496,863,1359
246,1486,1732
524,1043,1567
1230,496,1726
809,342,1151
873,235,1108
521,554,1075
2379,1653,4032
314,975,1289
325,898,1223
363,845,1208
157,590,747
937,488,1425
1051,325,1376
808,290,1098
390,555,945
1159,486,1645
1320,517,1837
1184,454,1638
872,559,1431
1089,909,1998
218,1159,1377
1505,695,2200
457,902,1359
45,222,267
164,533,697
1451,749,2200
799,740,1539
169,625,794
98,248,346
216,424,640
563,1309,1872
152,693,845
685,909,1594
84,856,940
310,629,939
116,258,374
317,605,922
220,840,1060
321,1247,1568
143,445,588
121,201,322
476,1679,2155
311,633,944
364,2104,2468
1177,1203,2380
1060,994,2054
412,637,1049
219,1212,1431
200,776,976
1623,1309,2932
946,494,1440
421,674,1095
1529,1566,3095
365,288,653
312,1246,1558
583,653,1236
286,1155,1441
753,1582,2335
951,307,1258
452,966,1418
219,1595,1814
37,652,689
818,965,1783
1022,454,1476
877,1050,1927
66,809,875
60,462,522
721,678,1399
269,1316,1585
891,984,1875
1452,451,1903
1149,1554,2703
402,951,1353
173,786,959
98,521,619
1306,1012,2318
465,1066,1531
996,782,1778
1450,577,2027
1331,968,2299
628,1232,1860
872,520,1392
1051,878,1929
302,497,799
853,731,1584
690,655,1345
1404,631,2035
527,605,1132
500,912,1412
311,562,873
1198,778,1976
429,582,1011
807,730,1537
850,670,1520
704,414,1118
708,736,1444
479,1181,1660
478,534,1012
1105,617,1722
558,881,1439
761,578,1339
295,1187,1482
333,590,923
377,713,1090
590,948,1538
575,689,1264
512,755,1267
759,534,1293
1140,448,1588
748,562,1310
547,788,1335
533,528,1061
246,813,1059
1097,307,1404
398,573,971
631,491,1122
582,751,1333
175,682,857
648,707,1355
571,626,1197
466,599,1065
532,653,1185
133,715,848
766,450,1216
508,2177,2685
228,2571,2799
530,638,1168
492,433,925
374,2218,2592
37,2556,2593
482,738,1220
339,1070,1409
328,1019,1347
722,368,1090
522,901,1423
634,1125,1759
287,2553,2840
381,322,703
512,2535,3047
1027,568,1595
2364,600,2964
466,502,968
778,384,1162
530,656,1186
798,476,1274
2627,676,3303
686,421,1107
692,677,1369
535,609,1144
847,580,1427
2719,811,3530
201,590,791
602,777,1379
375,378,753
378,341,719
2203,858,3061
88,616,704
393,357,750
365,408,773
338,451,789
336,569,905
416,382,798
406,462,868
338,563,901
438,481,919
220,318,538
152,388,540
239,319,558
204,413,617
589,347,936
492,445,937
276,320,596
305,378,683
291,474,765
213,571,784
84,358,442
145,336,481
431,332,763
475,307,782
195,292,487
267,292,559
500,287,787
254,276,530
352,246,598
464,171,635
331,203,534
219,407,626
214,226,440
207,162,369
329,228,557
272,459,731
229,332,561
362,283,645
342,254,596
294,463,757
266,359,625
65,284,349
42,286,328
989,2285,3274
349,485,834
23,299,322
2554,412,2966
366,458,824
2588,379,2967
36,282,318
79,269,348
161,244,405
267,596,863
106,2303,2409
2075,2755,4830
51,942,993
481,3352,3833
597,311,908
805,3465,4270
2015,456,2471
319,518,837
486,498,984
2011,780,2791
3069,576,3645
39,1021,1060
654,370,1024
2115,500,2615
337,488,825
3241,463,3704
403,512,915
466,612,1078
594,525,1119
400,595,995
2111,665,2776
473,743,1216
3279,708,3987
2915,874,3789
913,388,1301
3573,443,4016
288,408,696
464,282,746
3536,464,4000
347,497,844
436,345,781
919,416,1335
561,837,1398
589,190,779
543,448,991
418,557,975
157,407,564
761,495,1256
488,567,1055
720,532,1252
607,372,979
1086,889,1975
31,372,403
787,580,1367
168,541,709
554,988,1542
151,542,693
62,379,441
810,759,1569
214,610,824
328,696,1024
269,351,620
136,384,520
206,589,795
292,481,773
438,509,947
25,585,610
367,1140,1507
50,627,677
496,386,882
274,714,988
272,262,534
283,420,703
678,344,1022
40,590,630
276,542,818
385,490,875
326,382,708
106,631,737
304,422,726
99,1163,1262
366,449,815
448,265,713
359,494,853
381,453,834
399,379,778
458,1004,1462
59,271,330
95,266,361
1051,4932,5983
4356,2582,6938
135,260,395
2740,168,2908
5544,197,5741
2277,152,2429
191,280,471
5595,188,5783
2257,143,2400
4809,181,4990
992,935,1927
1755,202,1957
182,619,801
1119,538,1657
1198,430,1628
1082,463,1545
1196,495,1691
711,514,1225
783,508,1291
212,827,1039
1159,383,1542
875,517,1392
746,582,1328
807,489,1296
215,1001,1216
352,462,814
242,646,888
1328,358,1686
777,500,1277
255,551,806
810,722,1532
332,913,1245
324,961,1285
291,417,708
477,440,917
333,723,1056
732,583,1315
816,712,1528
370,930,1300
222,437,659
885,802,1687
231,1031,1262
332,600,932
333,589,922
365,458,823
905,1088,1993
370,672,1042
995,744,1739
233,1089,1322
1022,317,1339
908,546,1454
260,552,812
409,658,1067
374,1155,1529
610,485,1095
29,1132,1161
509,967,1476
1088,379,1467
858,812,1670
511,454,965
399,651,1050
507,986,1493
511,598,1109
51,1271,1322
393,727,1120
658,506,1164
850,765,1615
596,951,1547
1097,562,1659
637,698,1335
1027,615,1642
410,842,1252
766,534,1300
74,680,754
512,621,1133
1188,530,1718
729,246,975
850,641,1491
234,717,951
298,865,1163
404,1109,1513
245,243,488
419,673,1092
472,1209,1681
670,552,1222
726,816,1542
462,586,1048
533,637,1170
899,325,1224
495,1024,1519
193,913,1106
572,652,1224
4655,3181,7836
254,874,1128
582,1356,1938
305,1480,1785
634,1328,1962
7713,376,8089
573,1413,1986
316,1098,1414
138,491,629
592,1048,1640
992,1128,2120
5482,410,5892
571,937,1508
489,1650,2139
320,1426,1746
57,892,949
84,702,786
612,1164,1776
594,1167,1761
3023,522,3545
384,1211,1595
709,1182,1891
919,704,1623
343,634,977
659,1328,1987
570,674,1244
60,1090,1150
243,1455,1698
830,1569,2399
383,576,959
615,799,1414
216,3355,3571
296,1122,1418
2784,1701,4485
391,846,1237
770,537,1307
605,883,1488
611,1695,2306
695,623,1318
117,798,915
1412,1130,2542
1347,750,2097
365,1887,2252
2802,1704,4506
380,1331,1711
1020,516,1536
842,596,1438
231,513,744
801,556,1357
614,666,1280
905,959,1864
937,1148,2085
132,923,1055
577,2079,2656
1396,689,2085
958,924,1882
207,684,891
836,1207,2043
625,1299,1924
1032,681,1713
2807,1703,4510
894,1084,1978
1018,1269,2287
556,821,1377
199,1219,1418
249,1212,1461
464,680,1144
402,665,1067
389,1894,2283
1347,923,2270
728,1487,2215
353,858,1211
583,531,1114
766,654,1420
1213,910,2123
364,1228,1592
527,919,1446
650,933,1583
379,917,1296
1121,1064,2185
353,854,1207
991,530,1521
1155,1177,2332
1395,985,2380
936,650,1586
1019,543,1562
811,822,1633
1580,1044,2624
833,527,1360
575,933,1508
1082,534,1616
843,776,1619
495,752,1247
1053,558,1611
603,902,1505
882,869,1751
771,822,1593
490,974,1464
980,438,1418
759,692,1451
501,971,1472
422,896,1318
826,885,1711
1824,883,2707
1313,939,2252
1102,673,1775
732,828,1560
515,965,1480
692,975,1667
506,1018,1524
908,405,1313
390,947,1337
859,747,1606
952,174,1126
811,1130,1941
208,663,871
568,979,1547
895,683,1578
948,608,1556
1015,1132,2147
200,647,847
1118,730,1848
272,575,847
245,686,931
362,746,1108
553,546,1099
213,849,1062
530,1100,1630
375,743,1118
625,1319,1944
269,1014,1283
699,1420,2119
931,1270,2201
830,950,1780
367,814,1181
584,553,1137
181,1341,1522
499,869,1368
40,1052,1092
202,1345,1547
30,773,803
903,905,1808
581,933,1514
618,733,1351
420,693,1113
224,1550,1774
182,936,1118
350,802,1152
558,1026,1584
872,733,1605
292,957,1249
435,716,1151
1042,736,1778
400,695,1095
997,526,1523
592,1242,1834
538,918,1456
603,754,1357
915,1114,2029
939,688,1627
490,840,1330
748,1235,1983
590,914,1504
456,832,1288
560,850,1410
1041,525,1566
905,604,1509
775,780,1555
298,1155,1453
550,629,1179
685,711,1396
208,1188,1396
660,560,1220
769,894,1663
820,800,1620
637,522,1159
678,627,1305
1062,511,1573
873,850,1723
611,442,1053
471,885,1356
526,498,1024
484,645,1129
779,794,1573
349,1326,1675
458,758,1216
524,716,1240
1161,690,1851
1015,682,1697
1404,232,1636
494,222,716
563,194,757
226,135,361
854,523,1377
1238,378,1616
249,278,527
928,441,1369
1148,526,1674
922,929,1851
250,427,677
1011,318,1329
709,606,1315
601,1145,1746
613,355,968
609,267,876
308,1489,1797
1164,643,1807
1091,1107,2198
353,450,803
1319,744,2063
1590,850,2440
551,325,876
302,482,784
786,1022,1808
1312,633,1945
125,427,552
548,1054,1602
1296,824,2120
112,399,511
1533,1119,2652
1399,737,2136
1145,833,1978
57,411,468
105,409,514
1412,789,2201
958,705,1663
16,577,593
1812,1285,3097
1134,803,1937
441,801,1242
1062,1233,2295
1713,1386,3099
228,566,794
778,704,1482
1416,1430,2846
241,706,947
135,512,647
311,612,923
81,705,786
944,1089,2033
86,1151,1237
897,603,1500
206,857,1063
1201,1449,2650
519,534,1053
117,1536,1653
374,866,1240
361,1354,1715
591,597,1188
52,720,772
1009,731,1740
766,649,1415
276,607,883
260,899,1159
1522,283,1805
1096,1214,2310
196,855,1051
381,632,1013
242,789,1031
595,754,1349
826,622,1448
401,1263,1664
297,1380,1677
880,237,1117
1055,838,1893
417,869,1286
437,1077,1514
449,657,1106
485,611,1096
608,1113,1721
336,1378,1714
400,736,1136
733,988,1721
854,918,1772
690,837,1527
819,1042,1861
218,1257,1475
807,932,1739
551,623,1174
419,916,1335
1143,677,1820
682,707,1389
930,800,1730
592,995,1587
840,1014,1854
1001,1014,2015
837,717,1554
234,576,810
327,1044,1371
404,557,961
946,570,1516
636,1326,1962
450,662,1112
728,425,1153
894,328,1222
583,1200,1783
1322,787,2109
394,471,865
1012,1213,2225
616,623,1239
1187,1073,2260
508,663,1171
123,1183,1306
815,740,1555
454,879,1333
357,818,1175
588,1007,1595
552,551,1103
667,798,1465
622,1021,1643
319,969,1288
380,849,1229
618,1397,2015
1041,561,1602
541,618,1159
884,1565,2449
435,504,939
149,1375,1524
1033,1010,2043
371,983,1354
501,711,1212
708,796,1504
1087,778,1865
533,772,1305
276,915,1191
217,1786,2003
1300,684,1984
436,1095,1531
542,761,1303
1443,536,1979
776,885,1661
894,693,1587
623,752,1375
934,466,1400
368,1006,1374
544,888,1432
523,477,1000
1108,1062,2170
501,898,1399
935,688,1623
1104,1140,2244
404,1213,1617
627,689,1316
1539,748,2287
647,796,1443
668,734,1402
365,345,710
948,693,1641
583,1180,1763
806,650,1456
654,643,1297
500,529,1029
259,902,1161
1125,384,1509
98,493,591
465,1226,1691
940,599,1539
857,1618,2475
467,1083,1550
161,675,836
541,586,1127
967,600,1567
895,1283,2178
425,601,1026
687,1064,1751
607,1796,2403
451,402,853
537,1152,1689
405,632,1037
779,453,1232
823,1714,2537
925,349,1274
260,640,900
876,983,1859
1097,1391,2488
593,613,1206
651,1032,1683
1320,1007,2327
579,488,1067
680,1986,2666
290,417,707
568,853,1421
1039,855,1894
24,832,856
281,1034,1315
900,1131,2031
1751,651,2402
180,743,923
998,1340,2338
496,453,949
307,754,1061
1037,839,1876
52,1035,1087
618,1386,2004
951,1350,2301
1193,942,2135
497,1183,1680
41,1030,1071
1699,1045,2744
795,918,1713
339,1344,1683
1754,1226,2980
200,1325,1525
645,1158,1803
363,1519,1882
400,968,1368
855,7615,8470
522,669,1191
890,925,1815
761,1212,1973
714,663,1377
7847,829,8676
926,446,1372
468,1420,1888
449,1043,1492
361,1530,1891
1058,1014,2072
291,1212,1503
7509,970,8479
1033,316,1349
745,447,1192
765,745,1510
488,1170,1658
698,1440,2138
809,828,1637
48,1042,1090
252,1067,1319
813,600,1413
949,1322,2271
1212,512,1724
1048,965,2013
1166,305,1471
861,1045,1906
261,1467,1728
484,1867,2351
1018,405,1423
740,1180,1920
1232,347,1579
927,914,1841
796,352,1148
973,541,1514
1122,816,1938
246,1670,1916
1006,277,1283
982,908,1890
7173,909,8082
683,511,1194
813,808,1621
462,1527,1989
765,548,1313
1719,383,2102
428,861,1289
1584,736,2320
855,632,1487
902,1535,2437
1754,303,2057
1436,611,2047
2057,176,2233
777,654,1431
136,778,914
214,708,922
1095,758,1853
193,302,495
136,703,839
296,523,819
1237,605,1842
169,311,480
449,579,1028
189,1072,1261
148,1092,1240
1735,683,2418
66,888,954
89,1187,1276
233,533,766
62,1025,1087
1369,642,2011
168,350,518
174,670,844
383,680,1063
458,755,1213
133,1070,1203
1391,645,2036
165,801,966
138,1114,1252
61,1454,1515
181,568,749
443,969,1412
105,1520,1625
401,792,1193
733,544,1277
756,658,1414
319,1213,1532
476,954,1430
983,488,1471
469,417,886
110,736,846
419,964,1383
857,629,1486
81,1281,1362
110,1672,1782
1091,472,1563
393,672,1065
776,357,1133
207,1926,2133
178,889,1067
807,967,1774
188,1847,2035
56,1996,2052
809,1141,1950
259,823,1082
1293,527,1820
667,851,1518
483,409,892
837,732,1569
465,637,1102
1283,772,2055
385,763,1148
369,1106,1475
277,692,969
413,870,1283
114,1263,1377
348,485,833
404,1002,1406
328,1828,2156
603,683,1286
1714,595,2309
678,479,1157
404,590,994
420,810,1230
602,1078,1680
577,873,1450
530,382,912
1027,748,1775
916,1666,2582
569,644,1213
1207,545,1752
1719,746,2465
667,603,1270
420,1596,2016
486,2070,2556
859,1118,1977
632,925,1557
902,720,1622
472,1696,2168
165,630,795
799,580,1379
576,1648,2224
737,1201,1938
1677,1248,2925
584,2565,3149
499,881,1380
637,1104,1741
677,1542,2219
627,1302,1929
502,1163,1665
619,1466,2085
387,1158,1545
192,1094,1286
712,2115,2827
507,744,1251
559,842,1401
1878,1244,3122
371,692,1063
768,1620,2388
1453,1352,2805
961,1045,2006
1018,1453,2471
1550,732,2282
1719,612,2331
254,821,1075
352,993,1345
2617,552,3169
411,716,1127
401,1047,1448
1539,615,2154
995,1191,2186
539,493,1032
1519,910,2429
647,680,1327
1049,813,1862
547,770,1317
748,1074,1822
1240,646,1886
1537,1391,2928
1988,717,2705
604,457,1061
1077,807,1884
745,748,1493
628,563,1191
886,548,1434
1441,1005,2446
144,1274,1418
1107,1321,2428
1145,381,1526
997,557,1554
417,832,1249
1170,926,2096
268,1273,1541
796,1042,1838
265,1310,1575
878,1018,1896
200,819,1019
1271,350,1621
292,682,974
407,307,714
1176,715,1891
818,779,1597
871,844,1715
1398,310,1708
498,332,830
169,1023,1192
837,438,1275
708,1100,1808
933,326,1259
559,339,898
540,424,964
29,318,347
676,333,1009
65,341,406
688,685,1373
266,235,501
1197,272,1469
305,252,557
1052,285,1337
382,257,639
534,239,773
757,1153,1910
127,947,1074
1435,1242,2677
1684,414,2098
1327,1300,2627
1702,583,2285
721,1344,2065
781,1249,2030
743,1334,2077
1507,478,1985
1456,1015,2471
1424,634,2058
752,712,1464
1273,1043,2316
1088,678,1766
555,527,1082
1664,701,2365
1133,1098,2231
1253,1018,2271
1038,754,1792
813,883,1696
1140,1247,2387
126,543,669
70,588,658
1702,1078,2780
583,498,1081
1205,1285,2490
972,1203,2175
987,1219,2206
1103,968,2071
392,726,1118
107,815,922
53,799,852
111,938,1049
536,642,1178
152,1065,1217
145,1094,1239
300,877,1177
1099,1153,2252
735,1041,1776
202,658,860
289,1009,1298
231,914,1145
413,848,1261
262,840,1102
535,808,1343
473,937,1410
654,876,1530
298,1323,1621
449,902,1351
621,561,1182
689,534,1223
308,1060,1368
493,929,1422
751,776,1527
664,891,1555
883,666,1549
550,1115,1665
718,730,1448
809,513,1322
610,702,1312
799,781,1580
528,918,1446
624,750,1374
981,779,1760
728,954,1682
770,1112,1882
874,798,1672
672,864,1536
419,919,1338
700,791,1491
682,730,1412
726,803,1529
751,694,1445
913,598,1511
987,830,1817
831,664,1495
412,1074,1486
460,906,1366
981,759,1740
694,690,1384
694,1121,1815
640,535,1175
702,800,1502
834,672,1506
884,729,1613
745,634,1379
576,899,1475
653,507,1160
970,929,1899
615,730,1345
541,822,1363
239,661,900
829,687,1516
33,660,693
342,473,815
591,801,1392
810,1111,1921
408,669,1077
446,1263,1709
511,497,1008
232,867,1099
450,1482,1932
348,638,986
826,1085,1911
1081,601,1682
654,429,1083
105,662,767
624,781,1405
42,604,646
627,1325,1952
528,533,1061
955,1058,2013
1197,844,2041
45,294,339
422,852,1274
139,1016,1155
228,477,705
360,620,980
849,599,1448
557,1125,1682
1209,500,1709
628,1179,1807
532,1034,1566
1175,634,1809
273,653,926
735,968,1703
89,324,413
539,831,1370
1003,917,1920
776,429,1205
969,700,1669
317,774,1091
442,1113,1555
880,705,1585
461,1068,1529
144,5287,5431
626,1603,2229
862,588,1450
393,1024,1417
4926,532,5458
154,919,1073
875,458,1333
263,1480,1743
504,1294,1798
68,1597,1665
421,1015,1436
202,1098,1300
543,843,1386
4958,569,5527
724,1110,1834
575,1261,1836
519,1370,1889
838,923,1761
722,2424,3146
190,1060,1250
603,848,1451
471,1288,1759
113,574,687
594,2246,2840
222,846,1068
648,966,1614
479,604,1083
883,631,1514
5109,844,5953
614,1290,1904
562,865,1427
693,1451,2144
1111,691,1802
735,639,1374
1291,505,1796
900,568,1468
629,647,1276
910,1405,2315
818,827,1645
900,479,1379
1437,764,2201
697,772,1469
107,480,587
494,1243,1737
125,797,922
1879,1016,2895
173,461,634
624,3071,3695
1189,1096,2285
740,579,1319
1027,770,1797
83,1062,1145
1215,638,1853
1405,1202,2607
394,404,798
719,1421,2140
971,1214,2185
3045,917,3962
1328,1041,2369
394,1006,1400
2577,1145,3722
1320,616,1936
373,330,703
1308,1327,2635
465,541,1006
868,1351,2219
624,1161,1785
282,782,1064
533,735,1268
296,1017,1313
2748,1030,3778
57,897,954
1290,964,2254
1138,1364,2502
737,708,1445
100,1144,1244
921,1496,2417
735,1555,2290
818,912,1730
482,829,1311
507,752,1259
1192,1815,3007
334,779,1113
735,869,1604
914,786,1700
981,559,1540
132,1115,1247
813,914,1727
984,879,1863
619,698,1317
426,1665,2091
105,772,877
330,1689,2019
903,918,1821
735,728,1463
604,1613,2217
898,433,1331
1245,630,1875
767,720,1487
424,1108,1532
773,862,1635
900,1347,2247
823,1223,2046
835,1276,2111
1176,1057,2233
540,855,1395
543,1022,1565
685,719,1404
716,949,1665
1392,1117,2509
759,938,1697
801,560,1361
819,833,1652
708,1046,1754
798,577,1375
470,464,934
537,1397,1934
1505,697,2202
476,389,865
810,967,1777
921,1193,2114
529,398,927
822,1021,1843
642,855,1497
990,752,1742
1498,1179,2677
245,915,1160
1451,974,2425
701,1382,2083
267,932,1199
577,549,1126
1300,1091,2391
483,863,1346
782,454,1236
643,778,1421
455,345,800
428,1098,1526
886,789,1675
510,1543,2053
606,716,1322
888,946,1834
776,331,1107
458,1460,1918
1127,1083,2210
74,692,766
706,1659,2365
1450,1112,2562
1105,920,2025
178,805,983
1161,1414,2575
627,1046,1673
222,829,1051
603,1702,2305
935,766,1701
914,682,1596
565,575,1140
820,530,1350
620,707,1327
321,1031,1352
916,1268,2184
1206,810,2016
760,534,1294
569,799,1368
302,1426,1728
581,380,961
1004,851,1855
967,1450,2417
1008,1016,2024
661,459,1120
1409,850,2259
634,1314,1948
568,660,1228
388,1349,1737
1212,1066,2278
917,550,1467
721,1101,1822
1026,628,1654
808,1111,1919
524,1710,2234
1013,1200,2213
1042,849,1891
1326,1370,2696
403,842,1245
632,582,1214
1288,1202,2490
687,932,1619
1449,1012,2461
563,780,1343
574,329,903
814,424,1238
1351,409,1760
773,1408,2181
129,1540,1669
1492,677,2169
1178,739,1917
580,1825,2405
819,1083,1902
419,551,970
970,701,1671
572,674,1246
1160,899,2059
992,710,1702
458,682,1140
1276,496,1772
544,1076,1620
873,1578,2451
1059,667,1726
367,1573,1940
238,578,816
810,628,1438
420,685,1105
525,550,1075
670,557,1227
274,544,818
349,456,805
1026,793,1819
833,1308,2141
848,624,1472
773,1198,1971
1328,1042,2370
604,550,1154
473,411,884
1001,958,1959
362,861,1223
1464,837,2301
581,514,1095
455,1378,1833
450,998,1448
599,469,1068
345,861,1206
604,772,1376
155,419,574
180,1900,2080
963,478,1441
606,1461,2067
161,452,613
681,785,1466
530,1057,1587
295,767,1062
766,689,1455
1455,1668,3123
992,1112,2104
561,1704,2265
457,861,1318
426,881,1307
1104,389,1493
1642,1088,2730
538,1700,2238
1481,1056,2537
1314,497,1811
765,586,1351
191,765,956
721,860,1581
837,547,1384
225,714,939
617,811,1428
840,708,1548
826,297,1123
802,239,1041
879,325,1204
876,283,1159
568,326,894
997,1184,2181
681,184,865
815,293,1108
589,325,914
96,306,402
677,318,995
161,221,382
135,303,438
159,330,489
204,272,476
224,294,518
217,332,549
145,262,407
186,265,451
141,337,478
174,299,473
231,254,485
197,289,486
220,314,534
243,263,506
272,325,597
168,251,419
247,317,564
1677,1245,2922
208,242,450
1272,2086,3358
185,308,493
141,230,371
216,206,422
689,1514,2203
2026,171,2197
1987,192,2179
2811,654,3465
243,792,1035
814,1838,2652
1274,443,1717
220,1171,1391
2023,451,2474
2133,608,2741
567,579,1146
455,190,645
784,739,1523
547,894,1441
812,2262,3074
1570,567,2137
636,836,1472
2457,840,3297
3199,1230,4429
758,2239,2997
2311,823,3134
2191,829,3020
809,2294,3103
229,1359,1588
637,746,1383
2429,1071,3500
620,1146,1766
2383,1034,3417
649,963,1612
2340,942,3282
2028,622,2650
1652,836,2488
274,608,882
2409,1094,3503
246,973,1219
2463,1162,3625
508,661,1169
241,875,1116
230,488,718
533,675,1208
604,1096,1700
2363,1047,3410
342,696,1038
2227,752,2979
435,769,1204
2070,1160,3230
315,755,1070
234,1107,1341
1013,1015,2028
299,491,790
525,611,1136
1091,878,1969
559,379,938
310,1052,1362
775,468,1243
554,1216,1770
901,1185,2086
32,1303,1335
231,445,676
780,1041,1821
288,1020,1308
375,1061,1436
328,423,751
495,737,1232
267,1491,1758
542,1076,1618
120,1424,1544
540,499,1039
328,1230,1558
494,1630,2124
618,653,1271
278,1211,1489
539,1106,1645
522,1207,1729
738,760,1498
151,419,570
816,1115,1931
886,1299,2185
679,1200,1879
1071,907,1978
906,1010,1916
854,707,1561
930,1029,1959
1047,670,1717
508,764,1272
594,860,1454
253,738,991
528,1262,1790
694,1608,2302
261,1541,1802
329,1491,1820
275,1298,1573
692,1292,1984
675,999,1674
365,1296,1661
1550,705,2255
1132,1715,2847
1284,524,1808
272,1701,1973
754,1185,1939
421,1317,1738
1256,418,1674
1055,1246,2301
800,1223,2023
1101,1148,2249
1311,1544,2855
921,1958,2879
279,1318,1597
658,1231,1889
698,1822,2520
619,429,1048
590,1321,1911
1052,695,1747
937,1652,2589
793,982,1775
562,1195,1757
838,1037,1875
1268,1096,2364
316,509,825
686,1187,1873
1424,990,2414
207,694,901
1711,629,2340
1200,626,1826
953,1138,2091
296,656,952
1168,1051,2219
1183,568,1751
1023,2121,3144
764,580,1344
924,745,1669
881,1643,2524
1593,559,2152
1148,1068,2216
335,517,852
439,1557,1996
730,1436,2166
536,2137,2673
578,571,1149
444,591,1035
1326,1557,2883
1551,813,2364
232,555,787
918,909,1827
351,525,876
833,1293,2126
304,562,866
849,1079,1928
943,1695,2638
544,901,1445
975,992,1967
998,362,1360
703,1879,2582
776,825,1601
888,811,1699
395,574,969
438,391,829
594,620,1214
415,773,1188
459,586,1045
786,331,1117
1756,793,2549
663,990,1653
1049,1858,2907
1036,1631,2667
381,772,1153
1684,1035,2719
1297,2059,3356
679,1583,2262
575,977,1552
1099,1249,2348
1099,1875,2974
1321,1526,2847
1438,1048,2486
490,469,959
581,411,992
1702,861,2563
46,1576,1622
721,857,1578
670,821,1491
301,576,877
1681,1099,2780
1151,1177,2328
1420,1305,2725
367,1191,1558
992,1143,2135
1454,1375,2829
1057,872,1929
664,890,1554
930,607,1537
115,830,945
936,728,1664
295,972,1267
337,944,1281
1472,550,2022
833,1204,2037
1512,683,2195
693,585,1278
386,1192,1578
607,847,1454
294,1151,1445
58,1157,1215
607,1561,2168
865,721,1586
2115,469,2584
1223,727,1950
1587,836,2423
1109,534,1643
543,740,1283
629,868,1497
528,796,1324
99,1164,1263
911,1489,2400
748,684,1432
1736,1037,2773
453,1138,1591
815,695,1510
804,720,1524
880,1281,2161
1048,702,1750
549,709,1258
1097,594,1691
1009,1438,2447
662,457,1119
313,1288,1601
1087,576,1663
574,1170,1744
803,1532,2335
338,1125,1463
324,713,1037
346,1095,1441
995,1146,2141
1150,954,2104
521,766,1287
1175,675,1850
1393,969,2362
1095,845,1940
944,820,1764
665,810,1475
1201,991,2192
587,562,1149
735,1090,1825
677,557,1234
828,1527,2355
606,979,1585
1332,720,2052
312,766,1078
1237,714,1951
548,1185,1733
810,774,1584
569,571,1140
937,928,1865
677,591,1268
531,1519,2050
162,975,1137
547,1115,1662
592,1052,1644
516,1557,2073
1036,822,1858
362,594,956
608,757,1365
440,560,1000
599,1766,2365
406,1019,1425
625,535,1160
1139,1429,2568
1404,735,2139
199,1349,1548
471,502,973
522,714,1236
513,1637,2150
1060,755,1815
755,670,1425
929,1545,2474
1102,1244,2346
477,684,1161
470,1334,1804
1751,769,2520
599,524,1123
1317,568,1885
1300,527,1827
678,1329,2007
447,524,971
571,742,1313
748,1267,2015
578,357,935
1449,490,1939
273,1184,1457
1372,855,2227
423,687,1110
659,560,1219
853,1561,2414
1400,582,1982
317,647,964
1036,1830,2866
1133,526,1659
1131,854,1985
574,444,1018
921,1561,2482
1187,621,1808
551,476,1027
665,1994,2659
696,572,1268
872,740,1612
600,698,1298
620,552,1172
391,481,872
951,1348,2299
714,1895,2609
350,1849,2199
441,477,918
1301,887,2188
403,1962,2365
363,742,1105
298,836,1134
1192,1113,2305
1422,646,2068
894,1717,2611
369,879,1248
422,1867,2289
368,372,740
483,598,1081
1531,846,2377
150,1111,1261
395,606,1001
769,982,1751
340,1209,1549
430,1210,1640
660,1724,2384
750,932,1682
588,931,1519
1748,927,2675
1382,864,2246
1004,621,1625
1021,591,1612
459,1872,2331
449,1399,1848
601,1036,1637
1726,807,2533
296,602,898
1794,951,2745
1761,1007,2768
441,1092,1533
1127,340,1467
581,1689,2270
733,1029,1762
1797,1011,2808
1458,943,2401
1126,840,1966
679,924,1603
382,1655,2037
1188,1067,2255
834,674,1508
784,1671,2455
393,1517,1910
1748,801,2549
612,446,1058
1583,937,2520
830,597,1427
798,830,1628
815,913,1728
581,591,1172
697,820,1517
573,1329,1902
245,988,1233
788,900,1688
747,460,1207
1253,1194,2447
610,1269,1879
1422,371,1793
808,251,1059
407,895,1302
852,535,1387
867,737,1604
1464,730,2194
451,1170,1621
654,581,1235
393,947,1340
744,664,1408
217,1164,1381
168,897,1065
747,553,1300
442,685,1127
925,1111,2036
485,1110,1595
1428,802,2230
631,971,1602
670,381,1051
840,327,1167
1822,319,2141
504,308,812
893,335,1228
1169,358,1527
566,295,861
618,313,931
609,338,947
369,287,656
668,320,988
667,360,1027
162,297,459
190,303,493
221,274,495
166,289,455
169,287,456
223,261,484
218,275,493
217,291,508
283,233,516
225,258,483
221,276,497
199,222,421
211,193,404
184,253,437
976,1240,2216
273,362,635
1908,340,2248
337,410,747
327,405,732
1783,366,2149
405,463,868
281,555,836
1256,406,1662
279,658,937
293,922,1215
204,814,1018
211,478,689
521,771,1292
1373,1761,3134
703,367,1070
215,700,915
2258,932,3190
515,755,1270
859,2226,3085
2001,931,2932
1082,1906,2988
253,567,820
205,711,916
1438,587,2025
193,918,1111
27,338,365
364,353,717
2320,875,3195
1536,1688,3224
1855,1245,3100
32,594,626
302,358,660
1649,1321,2970
1153,1624,2777
771,529,1300
2242,989,3231
76,599,675
2246,1345,3591
2049,1443,3492
380,698,1078
406,786,1192
153,687,840
338,720,1058
1525,2211,3736
2037,1147,3184
384,351,735
2328,1311,3639
2830,1494,4324
608,700,1308
233,826,1059
1844,782,2626
1817,1408,3225
39,1050,1089
604,881,1485
190,585,775
494,528,1022
1500,1202,2702
295,965,1260
712,536,1248
306,1003,1309
340,869,1209
1507,1476,2983
659,771,1430
2407,1534,3941
318,767,1085
506,776,1282
1007,666,1673
810,686,1496
670,748,1418
863,949,1812
284,1406,1690
724,819,1543
635,744,1379
1607,1698,3305
858,666,1524
908,1101,2009
365,1139,1504
623,1292,1915
108,820,928
895,1183,2078
94,869,963
745,835,1580
347,545,892
253,702,955
333,708,1041
657,259,916
476,504,980
724,264,988
678,255,933
788,207,995
745,253,998
1325,1008,2333
554,199,753
1128,1258,2386
758,189,947
245,948,1193
336,1102,1438
867,1356,2223
862,380,1242
562,881,1443
1112,347,1459
920,322,1242
423,2192,2615
916,666,1582
670,377,1047
718,1955,2673
651,2075,2726
696,601,1297
285,1686,1971
1225,1547,2772
422,283,705
284,372,656
622,2017,2639
459,1334,1793
943,1639,2582
1714,981,2695
21,302,323
471,1639,2110
356,1796,2152
1204,1743,2947
1848,386,2234
778,1218,1996
178,439,617
37,348,385
570,1647,2217
987,1759,2746
1138,2338,3476
1050,567,1617
92,382,474
1903,345,2248
1468,701,2169
1547,1838,3385
1373,253,1626
166,364,530
1588,354,1942
1450,528,1978
1235,1247,2482
688,1156,1844
910,1164,2074
1633,359,1992
1955,500,2455
2206,829,3035
161,1501,1662
54,511,565
19,598,617
217,1489,1706
1730,836,2566
1124,661,1785
52,469,521
105,468,573
1190,877,2067
1175,707,1882
1141,744,1885
24,665,689
47,495,542
112,518,630
109,820,929
615,918,1533
295,644,939
246,566,812
487,578,1065
1222,321,1543
121,792,913
150,557,707
1370,1423,2793
70,1116,1186
315,616,931
250,572,822
53,1370,1423
62,1198,1260
301,661,962
78,954,1032
174,732,906
557,726,1283
417,735,1152
391,765,1156
364,713,1077
48,1269,1317
707,2460,3167
1458,1010,2468
342,867,1209
372,636,1008
785,466,1251
660,753,1413
77,1641,1718
1057,257,1314
239,506,745
1077,364,1441
79,2574,2653
489,561,1050
68,254,322
365,489,854
24,831,855
1017,459,1476
586,608,1194
211,606,817
155,1468,1623
91,2648,2739
292,694,986
116,252,368
2204,909,3113
1498,464,1962
2387,814,3201
244,681,925
73,502,575
295,1134,1429
237,961,1198
549,1051,1600
343,567,910
604,1357,1961
1473,439,1912
2909,415,3324
1446,528,1974
50,514,564
909,755,1664
62,584,646
63,910,973
1322,1080,2402
91,745,836
226,484,710
847,818,1665
44,913,957
282,505,787
39,1094,1133
232,500,732
1765,826,2591
93,916,1009
251,764,1015
105,780,885
63,1036,1099
412,880,1292
95,1276,1371
479,674,1153
64,913,977
208,714,922
501,353,854
390,686,1076
504,779,1283
290,1066,1356
508,610,1118
285,1093,1378
696,514,1210
500,787,1287
652,1020,1672
364,824,1188
679,850,1529
506,1095,1601
484,1179,1663
250,720,970
1113,764,1877
766,857,1623
2700,261,2961
2511,488,2999
747,1027,1774
650,863,1513
70,452,522
918,813,1731
499,993,1492
89,463,552
767,846,1613
30,626,656
310,1162,1472
613,1075,1688
34,808,842
915,668,1583
421,767,1188
144,490,634
565,1062,1627
563,1299,1862
307,1399,1706
387,485,872
480,1001,1481
631,1095,1726
249,699,948
849,1259,2108
372,667,1039
627,1025,1652
353,1208,1561
510,1771,2281
345,1237,1582
188,1169,1357
421,788,1209
596,569,1165
1005,840,1845
891,765,1656
672,1222,1894
251,490,741
1066,1271,2337
658,741,1399
538,618,1156
914,506,1420
714,739,1453
677,919,1596
624,929,1553
933,693,1626
630,982,1612
534,880,1414
949,1192,2141
949,756,1705
1210,700,1910
705,731,1436
917,1507,2424
560,814,1374
414,774,1188
459,1617,2076
1050,527,1577
508,794,1302
201,1100,1301
874,1119,1993
771,567,1338
214,1135,1349
749,1128,1877
396,717,1113
350,1216,1566
480,1647,2127
212,791,1003
470,1056,1526
662,903,1565
566,588,1154
695,725,1420
538,533,1071
836,687,1523
1071,944,2015
1090,939,2029
1181,910,2091
471,769,1240
1018,525,1543
496,1300,1796
1547,704,2251
946,532,1478
313,511,824
911,493,1404
629,1093,1722
729,1140,1869
959,718,1677
280,949,1229
963,1137,2100
1666,726,2392
457,713,1170
838,535,1373
380,634,1014
1017,1748,2765
559,1316,1875
203,743,946
569,928,1497
600,897,1497
1103,1553,2656
853,1139,1992
555,1231,1786
617,1352,1969
592,1326,1918
307,620,927
278,557,835
495,794,1289
582,903,1485
422,662,1084
1666,300,1966
363,732,1095
812,1280,2092
613,761,1374
828,652,1480
494,655,1149
914,1234,2148
1267,321,1588
856,1042,1898
1108,1043,2151
601,471,1072
769,753,1522
553,997,1550
613,768,1381
1418,477,1895
475,987,1462
1115,889,2004
794,846,1640
1258,504,1762
981,914,1895
648,895,1543
81,437,518
1003,367,1370
536,834,1370
532,1050,1582
1329,651,1980
1019,702,1721
1287,1133,2420
765,601,1366
822,550,1372
1017,473,1490
816,601,1417
135,463,598
146,498,644
47,596,643
30,680,710
567,271,838
907,1060,1967
827,1041,1868
53,862,915
60,932,992
600,313,913
462,376,838
1913,420,2333
592,466,1058
494,481,975
542,506,1048
606,385,991
620,527,1147
562,476,1038
582,551,1133
210,477,687
149,346,495
630,586,1216
188,601,789
207,372,579
418,480,898
155,545,700
431,449,880
201,391,592
283,361,644
101,553,654
302,463,765
257,469,726
260,488,748
269,612,881
354,512,866
207,480,687
367,518,885
405,523,928
440,408,848
376,417,793
395,460,855
411,504,915
184,394,578
66,435,501
117,508,625
160,443,603
187,416,603
205,395,600
290,377,667
253,377,630
277,373,650
241,457,698
335,415,750
290,435,725
349,376,725
205,392,597
278,377,655
108,362,470
388,498,886
295,443,738
201,356,557
177,338,515
154,447,601
170,425,595
274,307,581
242,386,628
321,292,613
194,285,479
327,339,666
225,290,515
256,256,512
322,261,583
348,216,564
236,285,521
346,255,601
235,225,460
246,279,525
273,272,545
290,238,528
246,282,528
251,318,569
158,250,408
214,270,484
261,311,572
220,229,449
178,259,437
117,306,423
127,228,355
173,249,422
173,295,468
179,218,397
181,235,416
206,212,418
643,2932,3575
234,265,499
1070,3501,4571
3391,524,3915
316,617,933
3399,639,4038
300,765,1065
272,906,1178
365,678,1043
2778,665,3443
346,848,1194
232,523,755
401,519,920
594,3792,4386
289,313,602
418,808,1226
701,3846,4547
296,1040,1336
313,244,557
666,3950,4616
3860,700,4560
213,847,1060
3548,860,4408
3754,873,4627
3847,731,4578
350,1097,1447
502,4036,4538
3219,753,3972
3598,980,4578
3752,887,4639
113,1188,1301
3552,1129,4681
3798,1209,5007
3218,845,4063
334,915,1249
3626,1125,4751
3775,1227,5002
639,291,930
3216,1011,4227
282,2621,2903
3723,1173,4896
82,338,420
908,161,1069
1584,1252,2836
489,714,1203
118,333,451
680,407,1087
865,360,1225
3215,823,4038
694,1115,1809
649,266,915
599,771,1370
359,153,512
487,941,1428
1621,1238,2859
937,723,1660
663,845,1508
240,1138,1378
947,379,1326
118,449,567
509,506,1015
32,437,469
1599,1620,3219
1156,569,1725
62,1054,1116
233,1222,1455
219,1270,1489
1065,860,1925
137,809,946
959,732,1691
844,736,1580
92,1117,1209
83,613,696
235,852,1087
39,466,505
757,884,1641
699,641,1340
199,574,773
931,466,1397
43,733,776
25,713,738
74,604,678
1084,505,1589
86,659,745
373,572,945
834,249,1083
27,617,644
248,889,1137
248,779,1027
73,629,702
501,844,1345
232,1085,1317
257,991,1248
137,645,782
113,405,518
654,661,1315
421,683,1104
732,536,1268
249,1190,1439
570,1064,1634
743,1402,2145
665,731,1396
718,895,1613
96,618,714
258,526,784
526,339,865
238,646,884
754,638,1392
845,809,1654
89,1655,1744
785,1062,1847
117,775,892
115,1781,1896
74,829,903
463,474,937
229,910,1139
57,1192,1249
427,484,911
59,1188,1247
242,813,1055
485,812,1297
275,1193,1468
91,983,1074
471,833,1304
863,595,1458
286,1052,1338
598,1345,1943
736,672,1408
624,893,1517
428,807,1235
671,582,1253
605,867,1472
410,837,1247
638,532,1170
620,395,1015
1641,740,2381
415,926,1341
1018,569,1587
985,505,1490
116,863,979
683,1014,1697
875,643,1518
190,1510,1700
834,453,1287
1219,815,2034
509,1365,1874
664,469,1133
912,619,1531
759,1192,1951
869,1020,1889
273,354,627
230,853,1083
1222,976,2198
324,537,861
693,781,1474
397,1007,1404
214,1565,1779
813,1025,1838
555,1606,2161
748,895,1643
291,877,1168
1222,701,1923
520,585,1105
933,911,1844
289,1571,1860
457,781,1238
322,745,1067
398,863,1261
370,783,1153
704,596,1300
450,809,1259
251,1119,1370
404,765,1169
435,1549,1984
1158,727,1885
1325,645,1970
604,1009,1613
789,757,1546
386,504,890
586,1146,1732
1287,462,1749
666,561,1227
885,810,1695
712,742,1454
294,1147,1441
311,1158,1469
984,772,1756
1218,540,1758
368,5052,5420
544,475,1019
550,458,1008
659,908,1567
938,820,1758
462,638,1100
750,720,1470
1428,512,1940
637,525,1162
738,1074,1812
1078,267,1345
537,809,1346
579,1111,1690
806,535,1341
525,456,981
1536,554,2090
938,313,1251
1030,431,1461
825,556,1381
1187,355,1542
979,482,1461
718,707,1425
1423,459,1882
1098,602,1700
711,591,1302
989,667,1656
1275,499,1774
974,491,1465
642,644,1286
674,667,1341
733,618,1351
482,471,953
1709,249,1958
422,550,972
248,607,855
507,653,1160
385,729,1114
322,711,1033
601,485,1086
359,590,949
123,270,393
976,402,1378
440,424,864
207,704,911
613,508,1121
500,682,1182
1068,1512,2580
495,460,955
206,438,644
524,748,1272
296,578,874
401,684,1085
249,551,800
358,1095,1453
547,695,1242
510,506,1016
298,1347,1645
556,620,1176
518,627,1145
445,608,1053
391,1315,1706
109,587,696
787,581,1368
332,618,950
640,2717,3357
423,510,933
385,648,1033
308,918,1226
520,1027,1547
5290,2323,7613
316,1639,1955
478,883,1361
7222,468,7690
339,1536,1875
599,562,1161
1077,416,1493
985,1497,2482
718,1071,1789
375,632,1007
2908,275,3183
1494,362,1856
538,873,1411
245,700,945
1368,313,1681
454,813,1267
743,2356,3099
461,1225,1686
7287,470,7757
2758,675,3433
557,830,1387
548,862,1410
1007,332,1339
519,830,1349
1300,1596,2896
473,1195,1668
1131,1546,2677
2586,679,3265
335,839,1174
703,1085,1788
2108,646,2754
397,876,1273
1162,751,1913
2613,826,3439
678,833,1511
493,1396,1889
784,635,1419
550,616,1166
1568,392,1960
879,770,1649
74,982,1056
218,385,603
111,1029,1140
255,1180,1435
937,509,1446
308,1368,1676
307,2276,2583
406,1039,1445
1231,512,1743
800,1251,2051
138,1148,1286
42,942,984
444,785,1229
728,513,1241
984,901,1885
511,1020,1531
498,2142,2640
635,962,1597
504,668,1172
620,1420,2040
93,1142,1235
711,1172,1883
608,883,1491
532,733,1265
856,872,1728
781,813,1594
543,1060,1603
734,2018,2752
310,1015,1325
154,761,915
630,673,1303
998,706,1704
898,527,1425
1089,557,1646
1027,735,1762
141,821,962
2161,494,2655
367,625,992
260,762,1022
1059,761,1820
1063,627,1690
691,953,1644
324,1025,1349
596,750,1346
526,800,1326
848,836,1684
356,408,764
2000,660,2660
1068,427,1495
450,396,846
931,396,1327
761,948,1709
1990,472,2462
525,402,927
1341,844,2185
1094,568,1662
738,393,1131
159,394,553
1221,667,1888
827,564,1391
734,566,1300
319,390,709
183,360,543
791,662,1453
851,381,1232
716,599,1315
824,530,1354
173,482,655
283,368,651
269,381,650
358,389,747
344,427,771
162,536,698
251,461,712
391,489,880
51,322,373
211,473,684
222,568,790
441,486,927
447,428,875
395,497,892
268,551,819
104,402,506
442,521,963
282,495,777
374,388,762
143,529,672
293,489,782
348,512,860
420,438,858
275,714,989
208,515,723
423,695,1118
1163,2286,3449
849,2338,3187
736,2432,3168
371,708,1079
250,974,1224
3082,437,3519
2766,462,3228
439,1083,1522
390,1014,1404
2872,205,3077
2660,442,3102
360,823,1183
1395,2303,3698
863,2467,3330
295,942,1237
2806,472,3278
383,1021,1404
431,938,1369
153,1126,1279
2821,598,3419
2914,521,3435
161,1022,1183
292,1042,1334
2651,599,3250
2950,538,3488
308,1217,1525
444,914,1358
1872,646,2518
1935,616,2551
358,1284,1642
633,237,870
1414,195,1609
634,245,879
2777,262,3039
465,142,607
413,1523,1936
2216,743,2959
333,215,548
591,1354,1945
1740,1104,2844
536,210,746
1300,564,1864
1809,1065,2874
67,210,277
736,595,1331
420,601,1021
395,1553,1948
82,218,300
1334,873,2207
1176,472,1648
734,563,1297
415,678,1093
1423,252,1675
1040,433,1473
837,613,1450
161,267,428
887,312,1199
923,903,1826
1435,460,1895
1328,871,2199
981,907,1888
2030,181,2211
1244,1235,2479
520,568,1088
79,368,447
294,575,869
1275,1304,2579
1486,850,2336
245,526,771
91,382,473
1077,577,1654
337,672,1009
339,2625,2964
425,279,704
314,804,1118
435,663,1098
1751,591,2342
446,542,988
298,800,1098
191,826,1017
313,1022,1335
706,306,1012
81,1080,1161
1297,1852,3149
43,904,947
151,349,500
1135,1960,3095
338,960,1298
329,826,1155
221,837,1058
457,1153,1610
124,318,442
355,847,1202
246,1302,1548
105,1027,1132
239,767,1006
2293,734,3027
196,1241,1437
418,1384,1802
481,894,1375
445,1243,1688
669,666,1335
130,883,1013
788,692,1480
257,1192,1449
1433,764,2197
972,776,1748
246,721,967
752,920,1672
1609,774,2383
820,780,1600
215,829,1044
926,860,1786
414,601,1015
232,1016,1248
109,588,697
744,536,1280
527,718,1245
601,726,1327
155,1198,1353
1099,938,2037
222,803,1025
1347,372,1719
179,1215,1394
490,795,1285
457,603,1060
108,947,1055
339,632,971
411,1447,1858
692,949,1641
552,1258,1810
558,900,1458
569,1833,2402
458,690,1148
515,616,1131
875,515,1390
284,834,1118
628,517,1145
238,1094,1332
299,1080,1379
683,1980,2663
444,517,961
697,661,1358
218,1698,1916
506,707,1213
456,541,997
787,569,1356
773,537,1310
730,817,1547
829,568,1397
1220,1600,2820
330,1395,1725
711,824,1535
555,761,1316
597,1049,1646
474,333,807
553,1345,1898
781,866,1647
940,524,1464
1035,1090,2125
941,1581,2522
495,1152,1647
823,1081,1904
800,569,1369
1791,956,2747
408,974,1382
324,1157,1481
1422,767,2189
214,960,1174
1620,981,2601
304,603,907
908,347,1255
653,1447,2100
362,758,1120
779,347,1126
532,1220,1752
472,1816,2288
1251,564,1815
834,325,1159
1021,892,1913
371,979,1350
810,461,1271
203,334,537
180,1082,1262
1350,1165,2515
282,1363,1645
608,804,1412
725,1260,1985
944,1010,1954
578,476,1054
287,338,625
784,1085,1869
476,849,1325
443,698,1141
449,974,1423
1161,1111,2272
742,685,1427
341,520,861
1060,1341,2401
488,1019,1507
127,547,674
625,1139,1764
1297,1081,2378
969,1243,2212
488,899,1387
623,1350,1973
1181,918,2099
545,2185,2730
968,847,1815
478,423,901
1114,823,1937
852,575,1427
847,1292,2139
401,550,951
968,1023,1991
1190,525,1715
605,765,1370
996,486,1482
909,540,1449
911,760,1671
777,1017,1794
478,474,952
1302,1585,2887
58,657,715
735,2007,2742
1016,1301,2317
591,734,1325
1235,569,1804
85,906,991
742,2113,2855
597,857,1454
299,751,1050
2013,709,2722
887,815,1702
268,961,1229
528,610,1138
314,230,544
1684,1478,3162
670,1131,1801
224,1029,1253
614,514,1128
341,440,781
903,927,1830
875,1303,2178
607,673,1280
858,433,1291
812,1696,2508
752,376,1128
473,798,1271
718,624,1342
560,309,869
310,1325,1635
850,459,1309
397,791,1188
1405,1208,2613
252,1059,1311
819,1047,1866
540,859,1399
680,1248,1928
1819,637,2456
811,500,1311
101,453,554
1949,1083,3032
987,997,1984
924,548,1472
27,232,259
935,484,1419
1074,1393,2467
633,992,1625
128,647,775
119,714,833
188,571,759
1242,1953,3195
838,1021,1859
249,688,937
263,1065,1328
1220,1744,2964
593,578,1171
798,1197,1995
992,723,1715
47,695,742
1264,998,2262
555,1112,1667
507,876,1383
279,814,1093
1021,1562,2583
402,834,1236
89,1227,1316
1763,597,2360
585,695,1280
839,1348,2187
115,887,1002
527,396,923
641,1012,1653
623,389,1012
1088,1037,2125
324,1179,1503
1076,585,1661
600,584,1184
101,337,438
331,837,1168
413,586,999
135,348,483
558,1237,1795
1006,795,1801
624,1429,2053
183,380,563
1171,856,2027
1095,1019,2114
156,374,530
346,1409,1755
748,1002,1750
336,1275,1611
598,939,1537
1222,1141,2363
588,1805,2393
669,1143,1812
575,385,960
1025,848,1873
235,428,663
577,1459,2036
812,1442,2254
890,1090,1980
194,673,867
991,1452,2443
778,1612,2390
278,621,899
299,1125,1424
668,871,1539
261,597,858
371,1725,2096
266,1323,1589
355,1783,2138
579,323,902
1188,1032,2220
1191,1300,2491
513,870,1383
858,940,1798
906,848,1754
1143,591,1734
342,1807,2149
319,1201,1520
427,1949,2376
472,300,772
1405,893,2298
1668,730,2398
929,1577,2506
1015,826,1841
982,1470,2452
464,580,1044
1348,940,2288
710,1105,1815
1381,684,2065
1001,597,1598
1608,742,2350
1030,1049,2079
1318,990,2308
693,1503,2196
600,921,1521
422,352,774
832,708,1540
1110,700,1810
854,1259,2113
810,1084,1894
1177,1235,2412
793,1378,2171
598,689,1287
1019,1183,2202
1487,965,2452
259,1126,1385
643,754,1397
908,718,1626
1065,1078,2143
1610,905,2515
602,993,1595
1113,376,1489
1348,926,2274
1874,1064,2938
743,370,1113
850,1011,1861
1265,564,1829
1264,517,1781
114,739,853
593,387,980
1102,530,1632
1309,545,1854
588,601,1189
159,290,449
856,449,1305
622,469,1091
591,588,1179
32,295,327
159,427,586
631,758,1389
98,425,523
233,453,686
428,318,746
122,514,636
277,501,778
592,257,849
176,574,750
217,559,776
630,318,948
577,258,835
268,317,585
308,383,691
809,144,953
162,174,336
732,163,895
131,252,383
100,228,328
1196,2016,3212
166,252,418
160,226,386
1981,759,2740
220,223,443
218,270,488
2005,750,2755
1129,2173,3302
222,206,428
1221,726,1947
205,309,514
1776,2245,4021
1865,1029,2894
252,198,450
205,314,519
1767,1160,2927
1759,2322,4081
193,199,392
1881,1041,2922
618,2392,3010
1794,1153,2947
2427,1449,3876
132,1998,2130
1198,988,2186
1451,2471,3922
1460,1551,3011
1224,1007,2231
1103,1112,2215
1460,1432,2892
2630,1166,3796
1164,1086,2250
1461,1630,3091
2583,1167,3750
1132,1035,2167
1488,1105,2593
1329,1157,2486
1400,1072,2472
911,710,1621
1298,453,1751
1319,632,1951
690,454,1144
1343,622,1965
1271,674,1945
1814,976,2790
1501,523,2024
178,815,993
785,882,1667
90,1153,1243
153,671,824
90,713,803
1499,539,2038
40,645,685
665,698,1363
56,490,546
200,496,696
220,817,1037
94,1078,1172
97,818,915
140,827,967
39,898,937
123,884,1007
64,688,752
197,781,978
101,1148,1249
26,584,610
176,1166,1342
345,638,983
133,1292,1425
191,846,1037
388,755,1143
430,574,1004
41,768,809
164,1032,1196
611,688,1299
208,575,783
565,529,1094
373,806,1179
54,894,948
591,653,1244
133,1193,1326
529,327,856
196,728,924
469,517,986
796,1242,2038
234,691,925
561,426,987
362,797,1159
589,403,992
680,484,1164
289,1044,1333
610,584,1194
518,972,1490
109,1261,1370
387,771,1158
882,1089,1971
337,617,954
513,327,840
765,581,1346
319,1010,1329
567,563,1130
414,464,878
608,679,1287
126,1404,1530
507,911,1418
175,464,639
392,667,1059
586,491,1077
788,736,1524
194,464,658
434,744,1178
397,1246,1643
236,908,1144
1009,1301,2310
326,777,1103
952,893,1845
713,589,1302
530,752,1282
383,274,657
551,708,1259
183,774,957
381,1101,1482
467,595,1062
599,1173,1772
1028,483,1511
530,1283,1813
258,709,967
181,448,629
446,741,1187
257,791,1048
221,633,854
578,889,1467
648,453,1101
996,834,1830
898,1005,1903
583,1284,1867
454,814,1268
1279,603,1882
621,654,1275
502,684,1186
215,611,826
770,1132,1902
614,408,1022
831,1143,1974
1022,861,1883
845,925,1770
1106,902,2008
162,571,733
572,571,1143
238,558,796
397,1202,1599
623,743,1366
404,1147,1551
1024,588,1612
631,1087,1718
810,736,1546
426,530,956
610,524,1134
973,653,1626
429,585,1014
692,1156,1848
1079,800,1879
678,1112,1790
655,683,1338
490,770,1260
421,902,1323
746,685,1431
1058,719,1777
628,764,1392
194,863,1057
743,880,1623
1086,504,1590
268,687,955
838,1376,2214
539,693,1232
851,651,1502
1162,710,1872
445,703,1148
1021,1418,2439
343,925,1268
460,1466,1926
670,432,1102
741,1381,2122
465,799,1264
764,486,1250
338,741,1079
210,516,726
964,1162,2126
746,1023,1769
1040,675,1715
342,747,1089
516,1178,1694
327,817,1144
403,1270,1673
563,706,1269
1063,695,1758
677,1052,1729
584,698,1282
455,655,1110
363,467,830
1195,405,1600
425,792,1217
299,1132,1431
873,538,1411
662,642,1304
411,958,1369
787,643,1430
640,714,1354
827,391,1218
652,578,1230
596,818,1414
25,639,664
751,565,1316
55,557,612
446,452,898
1052,460,1512
419,1320,1739
171,551,722
390,451,841
342,1130,1472
917,568,1485
39,641,680
563,310,873
1202,828,2030
150,685,835
135,558,693
754,1018,1772
202,667,869
439,447,886
485,483,968
248,741,989
313,1354,1667
289,346,635
839,1173,2012
538,309,847
47,731,778
444,1759,2203
38,1130,1168
81,1345,1426
185,703,888
760,1085,1845
330,922,1252
402,663,1065
469,718,1187
348,919,1267
604,1538,2142
696,661,1357
457,1010,1467
260,969,1229
319,1144,1463
472,1141,1613
299,335,634
443,1043,1486
660,577,1237
801,1016,1817
709,876,1585
915,698,1613
789,463,1252
389,1198,1587
1422,538,1960
546,996,1542
529,1251,1780
579,1006,1585
869,720,1589
893,894,1787
791,1194,1985
639,1210,1849
556,474,1030
1445,541,1986
350,526,876
1205,602,1807
127,1408,1535
589,1040,1629
1019,459,1478
672,723,1395
842,962,1804
1039,700,1739
994,620,1614
976,559,1535
441,641,1082
949,878,1827
227,1376,1603
917,824,1741
496,599,1095
692,758,1450
1036,742,1778
812,817,1629
485,451,936
332,643,975
243,1282,1525
603,894,1497
975,673,1648
1083,721,1804
257,651,908
416,799,1215
402,853,1255
588,1168,1756
239,808,1047
312,1446,1758
735,505,1240
1080,794,1874
457,501,958
664,913,1577
690,642,1332
389,646,1035
1269,696,1965
793,759,1552
565,1217,1782
626,690,1316
999,711,1710
357,1008,1365
1315,939,2254
1135,764,1899
371,746,1117
676,467,1143
600,1132,1732
546,764,1310
783,457,1240
816,1093,1909
587,696,1283
545,1154,1699
984,816,1800
1418,518,1936
430,667,1097
415,709,1124
537,1023,1560
721,660,1381
452,786,1238
513,1106,1619
828,706,1534
674,1107,1781
536,713,1249
1120,651,1771
571,600,1171
417,899,1316
659,981,1640
576,851,1427
897,574,1471
973,441,1414
1054,443,1497
752,395,1147
486,572,1058
314,852,1166
667,512,1179
544,617,1161
499,367,866
874,912,1786
604,1126,1730
768,431,1199
747,450,1197
783,382,1165
676,488,1164
774,428,1202
413,694,1107
619,882,1501
606,907,1513
1037,1045,2082
971,426,1397
1215,512,1727
1371,260,1631
832,282,1114
1168,342,1510
934,627,1561
1249,737,1986
905,682,1587
830,1143,1973
919,538,1457
163,1010,1173
67,722,789
79,381,460
971,1447,2418
187,626,813
205,1137,1342
146,1016,1162
1215,1521,2736
123,1492,1615
870,1630,2500
390,1043,1433
294,1353,1647
110,1495,1605
302,1454,1756
110,1102,1212
191,1197,1388
152,1489,1641
611,828,1439
147,1122,1269
81,1572,1653
125,1462,1587
839,919,1758
581,1080,1661
227,1456,1683
133,1584,1717
1292,513,1805
345,977,1322
603,1229,1832
325,1301,1626
72,1654,1726
463,1415,1878
886,888,1774
743,721,1464
837,872,1709
450,1171,1621
1230,404,1634
770,727,1497
263,1861,2124
1233,573,1806
880,425,1305
89,1850,1939
197,1782,1979
1396,643,2039
1104,655,1759
872,866,1738
1036,497,1533
889,569,1458
905,920,1825
279,1701,1980
424,1602,2026
1303,949,2252
36,462,498
632,887,1519
1206,895,2101
586,810,1396
423,1789,2212
58,727,785
734,681,1415
1647,474,2121
733,1760,2493
909,1099,2008
244,435,679
719,888,1607
730,895,1625
372,639,1011
400,695,1095
320,524,844
1786,582,2368
1203,1097,2300
1049,1542,2591
451,620,1071
374,700,1074
183,862,1045
315,825,1140
505,614,1119
610,557,1167
1500,997,2497
1034,1442,2476
435,552,987
485,788,1273
1423,744,2167
625,638,1263
1220,729,1949
712,564,1276
1039,1471,2510
208,507,715
476,777,1253
1056,1099,2155
231,465,696
1728,1439,3167
914,572,1486
716,759,1475
373,587,960
455,455,910
517,1060,1577
1311,706,2017
412,514,926
1711,1276,2987
883,587,1470
353,719,1072
357,698,1055
490,565,1055
302,1247,1549
598,989,1587
1233,682,1915
412,641,1053
1333,1101,2434
493,653,1146
496,757,1253
439,1549,1988
481,638,1119
529,1503,2032
433,814,1247
666,754,1420
221,505,726
1387,545,1932
652,655,1307
411,743,1154
1063,728,1791
350,952,1302
573,779,1352
312,669,981
583,851,1434
547,487,1034
745,1508,2253
301,795,1096
924,639,1563
714,427,1141
188,900,1088
410,810,1220
458,733,1191
468,448,916
628,756,1384
337,995,1332
501,1291,1792
306,452,758
1123,1296,2419
491,523,1014
264,1193,1457
216,641,857
454,798,1252
769,624,1393
633,445,1078
357,313,670
1323,971,2294
915,1028,1943
473,1021,1494
481,615,1096
653,900,1553
624,569,1193
613,308,921
572,773,1345
159,396,555
860,1336,2196
1230,363,1593
534,722,1256
499,649,1148
1351,800,2151
857,502,1359
324,446,770
1011,578,1589
178,1408,1586
1135,807,1942
854,578,1432
718,671,1389
525,774,1299
313,584,897
470,1179,1649
267,547,814
681,1372,2053
322,580,902
934,597,1531
703,1188,1891
431,509,940
481,553,1034
392,433,825
469,1163,1632
208,414,622
253,845,1098
851,655,1506
1399,446,1845
321,331,652
681,832,1513
448,670,1118
556,808,1364
457,558,1015
1195,787,1982
531,843,1374
619,945,1564
513,699,1212
569,756,1325
322,615,937
482,909,1391
1063,466,1529
1231,799,2030
364,899,1263
251,803,1054
273,691,964
409,317,726
778,767,1545
655,312,967
795,722,1517
1141,595,1736
1095,612,1707
450,1090,1540
552,554,1106
428,568,996
57,671,728
266,928,1194
703,481,1184
395,899,1294
198,652,850
479,782,1261
768,934,1702
747,555,1302
616,528,1144
125,741,866
739,817,1556
389,554,943
773,658,1431
227,772,999
742,648,1390
421,931,1352
957,635,1592
171,735,906
173,865,1038
402,838,1240
432,716,1148
466,633,1099
489,701,1190
455,862,1317
527,731,1258
834,489,1323
421,542,963
515,580,1095
560,640,1200
707,567,1274
687,603,1290
429,1025,1454
484,810,1294
669,843,1512
695,631,1326
667,535,1202
269,701,970
766,754,1520
716,511,1227
490,715,1205
597,580,1177
202,934,1136
686,1071,1757
118,732,850
499,390,889
289,742,1031
538,556,1094
481,425,906
337,523,860
614,325,939
657,774,1431
351,980,1331
822,1154,1976
432,339,771
233,716,949
132,898,1030
648,298,946
232,323,555
401,604,1005
334,754,1088
928,590,1518
429,573,1002
273,2431,2704
617,749,1366
505,664,1169
330,910,1240
422,5123,5545
854,583,1437
666,930,1596
662,1266,1928
354,1256,1610
380,488,868
1005,939,1944
630,419,1049
518,770,1288
398,622,1020
552,884,1436
760,4853,5613
776,660,1436
115,331,446
712,1302,2014
720,689,1409
230,787,1017
391,722,1113
556,371,927
816,727,1543
640,609,1249
456,578,1034
1214,4394,5608
301,1272,1573
426,1464,1890
245,791,1036
426,725,1151
961,715,1676
478,829,1307
1152,924,2076
802,1029,1831
280,528,808
4817,716,5533
731,807,1538
673,1379,2052
325,890,1215
733,756,1489
4792,923,5715
521,652,1173
428,798,1226
214,724,938
4282,808,5090
558,662,1220
1157,974,2131
334,399,733
735,472,1207
316,812,1128
528,783,1311
613,728,1341
393,925,1318
773,499,1272
316,779,1095
1126,1109,2235
717,526,1243
906,261,1167
196,1798,1994
782,581,1363
423,1016,1439
490,673,1163
467,683,1150
522,366,888
1162,660,1822
196,1027,1223
709,327,1036
728,414,1142
332,1730,2062
590,1100,1690
557,821,1378
1357,652,2009
711,1097,1808
604,587,1191
208,1269,1477
479,814,1293
569,535,1104
570,362,932
698,1571,2269
531,689,1220
932,871,1803
1391,1285,2676
829,637,1466
416,856,1272
769,925,1694
787,762,1549
50,559,609
62,579,641
1442,754,2196
703,929,1632
163,610,773
953,604,1557
615,612,1227
566,815,1381
589,575,1164
857,1420,2277
103,714,817
529,894,1423
543,1063,1606
1195,510,1705
347,489,836
968,581,1549
76,776,852
511,679,1190
430,624,1054
222,778,1000
562,484,1046
1009,893,1902
400,1774,2174
43,1073,1116
759,1067,1826
438,754,1192
488,581,1069
719,508,1227
266,1165,1431
365,627,992
415,619,1034
527,969,1496
451,758,1209
511,800,1311
1281,1064,2345
1537,822,2359
543,817,1360
886,719,1605
609,1322,1931
804,936,1740
367,1149,1516
649,1128,1777
966,778,1744
624,1320,1944
1421,1711,3132
1248,1401,2649
832,823,1655
613,1011,1624
632,1429,2061
1588,1267,2855
551,607,1158
594,599,1193
292,1028,1320
461,1287,1748
806,1033,1839
299,1154,1453
317,1032,1349
688,322,1010
653,1641,2294
558,892,1450
935,836,1771
555,930,1485
496,307,803
1101,501,1602
1042,538,1580
548,1376,1924
876,520,1396
613,1692,2305
1015,1181,2196
1180,356,1536
691,470,1161
330,1169,1499
918,523,1441
684,1292,1976
305,1491,1796
762,743,1505
1563,696,2259
513,1264,1777
1219,545,1764
1577,748,2325
818,416,1234
735,1531,2266
1910,271,2181
590,1373,1963
364,1296,1660
165,284,449
483,450,933
1068,906,1974
886,1349,2235
1081,884,1965
1173,1010,2183
780,1121,1901
623,448,1071
1458,639,2097
757,646,1403
953,979,1932
1399,615,2014
430,845,1275
1202,526,1728
1232,1036,2268
1235,671,1906
248,657,905
680,814,1494
428,518,946
676,1321,1997
1799,612,2411
625,405,1030
368,657,1025
591,605,1196
630,423,1053
248,834,1082
43,557,600
1260,855,2115
814,864,1678
1421,716,2137
82,443,525
413,868,1281
468,615,1083
37,615,652
536,798,1334
45,579,624
1146,1252,2398
86,762,848
507,921,1428
140,648,788
537,936,1473
963,755,1718
363,617,980
1268,665,1933
338,484,822
398,759,1157
545,1153,1698
1143,1534,2677
627,882,1509
156,874,1030
691,505,1196
360,778,1138
242,649,891
515,336,851
501,580,1081
28,297,325
333,851,1184
759,1205,1964
322,1104,1426
613,665,1278
524,758,1282
665,1273,1938
499,782,1281
625,287,912
95,823,918
347,847,1194
662,777,1439
208,1303,1511
367,1131,1498
464,574,1038
402,674,1076
755,785,1540
695,745,1440
225,412,637
189,890,1079
378,813,1191
743,839,1582
1086,550,1636
644,993,1637
143,582,725
626,644,1270
806,898,1704
490,885,1375
245,517,762
316,824,1140
1081,932,2013
546,924,1470
759,854,1613
337,716,1053
413,920,1333
767,994,1761
60,789,849
600,970,1570
503,674,1177
654,610,1264
244,770,1014
964,874,1838
471,790,1261
755,676,1431
398,681,1079
506,935,1441
735,473,1208
755,513,1268
677,957,1634
397,808,1205
328,827,1155
588,598,1186
854,742,1596
740,675,1415
650,739,1389
226,663,889
810,920,1730
272,608,880
615,1111,1726
772,433,1205
484,870,1354
428,555,983
506,417,923
656,1367,2023
293,597,890
898,679,1577
207,598,805
799,1283,2082
450,699,1149
229,857,1086
452,892,1344
428,944,1372
560,456,1016
484,308,792
1070,311,1381
849,1124,1973
775,855,1630
399,871,1270
688,476,1164
708,535,1243
1096,324,1420
233,963,1196
373,478,851
491,935,1426
787,291,1078
1053,1878,2931
179,1335,1514
730,730,1460
365,714,1079
343,595,938
714,543,1257
613,394,1007
426,715,1141
594,559,1153
700,521,1221
840,842,1682
324,844,1168
380,1003,1383
139,1013,1152
811,1878,2689
314,524,838
138,726,864
310,560,870
280,1609,1889
363,684,1047
640,632,1272
901,434,1335
363,885,1248
660,1943,2603
615,452,1067
517,571,1088
590,1227,1817
947,980,1927
140,1292,1432
202,633,835
199,891,1090
507,652,1159
629,791,1420
392,617,1009
617,585,1202
402,553,955
627,620,1247
693,831,1524
455,816,1271
860,1128,1988
352,887,1239
513,602,1115
745,818,1563
1217,832,2049
238,1207,1445
869,792,1661
1527,765,2292
245,642,887
773,759,1532
338,719,1057
504,656,1160
246,619,865
788,991,1779
533,620,1153
1448,735,2183
1652,1254,2906
61,895,956
375,715,1090
371,360,731
1929,1140,3069
918,296,1214
833,1530,2363
297,577,874
353,1106,1459
693,1205,1898
765,542,1307
406,375,781
981,515,1496
283,1078,1361
1168,1039,2207
563,945,1508
342,877,1219
850,1464,2314
344,681,1025
1031,1173,2204
701,977,1678
1264,1443,2707
452,1196,1648
198,956,1154
717,302,1019
389,1325,1714
516,451,967
287,975,1262
234,1038,1272
760,515,1275
105,701,806
299,994,1293
901,1398,2299
906,940,1846
861,475,1336
508,657,1165
389,515,904
864,940,1804
195,694,889
702,635,1337
175,919,1094
620,865,1485
407,699,1106
1475,537,2012
134,676,810
943,458,1401
1015,654,1669
377,793,1170
1336,744,2080
810,542,1352
952,630,1582
646,483,1129
668,769,1437
1113,708,1821
634,734,1368
485,1559,2044
587,747,1334
845,565,1410
471,458,929
454,537,991
550,652,1202
763,959,1722
811,728,1539
979,1020,1999
487,1554,2041
698,562,1260
209,458,667
62,589,651
493,855,1348
568,606,1174
518,707,1225
1021,1265,2286
356,838,1194
1214,1161,2375
65,1785,1850
640,732,1372
421,467,888
582,1176,1758
241,706,947
263,735,998
451,640,1091
863,784,1647
722,1293,2015
270,620,890
258,1797,2055
837,516,1353
597,830,1427
540,966,1506
333,1005,1338
572,589,1161
346,639,985
386,783,1169
603,811,1414
719,738,1457
1023,369,1392
503,717,1220
342,1115,1457
300,1189,1489
578,688,1266
1507,806,2313
439,648,1087
666,1023,1689
469,732,1201
792,1214,2006
872,382,1254
911,817,1728
478,996,1474
368,589,957
1782,857,2639
535,687,1222
623,1053,1676
710,674,1384
1709,927,2636
412,1157,1569
666,959,1625
1048,489,1537
640,1158,1798
566,1084,1650
454,770,1224
615,1034,1649
670,477,1147
720,1211,1931
218,764,982
667,492,1159
1040,885,1925
712,668,1380
407,635,1042
1165,1146,2311
556,750,1306
1003,484,1487
257,751,1008
336,810,1146
866,732,1598
376,859,1235
896,480,1376
241,965,1206
601,485,1086
1002,1518,2520
370,827,1197
300,888,1188
649,526,1175
421,905,1326
935,446,1381
158,1215,1373
812,484,1296
955,1648,2603
715,650,1365
590,1026,1616
551,873,1424
996,1402,2398
381,1264,1645
800,1010,1810
315,1684,1999
712,1063,1775
669,1025,1694
291,1587,1878
846,1241,2087
648,1352,2000
642,1075,1717
822,888,1710
980,824,1804
1223,831,2054
640,1250,1890
883,632,1515
806,910,1716
391,1323,1714
537,1433,1970
334,1407,1741
1488,858,2346
515,1441,1956
898,361,1259
439,1393,1832
462,816,1278
871,1083,1954
460,1085,1545
1197,735,1932
665,1452,2117
414,972,1386
749,456,1205
305,1420,1725
1480,459,1939
832,916,1748
770,405,1175
867,803,1670
697,1251,1948
734,626,1360
459,1201,1660
1360,397,1757
895,288,1183
714,910,1624
1358,478,1836
1165,1294,2459
685,1200,1885
1286,448,1734
721,374,1095
1345,336,1681
936,669,1605
1293,328,1621
913,583,1496
942,987,1929
977,397,1374
1334,307,1641
1199,299,1498
835,494,1329
987,915,1902
1282,633,1915
1635,785,2420
1195,528,1723
55,638,693
1178,441,1619
154,577,731
192,630,822
1050,454,1504
991,413,1404
211,534,745
872,402,1274
1014,808,1822
283,356,639
305,548,853
432,246,678
188,797,985
372,587,959
311,663,974
1224,768,1992
505,595,1100
55,1018,1073
446,350,796
252,839,1091
74,1225,1299
301,425,726
148,853,1001
246,608,854
236,520,756
290,841,1131
354,576,930
148,857,1005
290,953,1243
467,524,991
99,597,696
486,571,1057
671,694,1365
414,661,1075
659,698,1357
374,431,805
614,389,1003
250,1076,1326
208,574,782
647,466,1113
98,538,636
487,585,1072
673,843,1516
442,512,954
164,469,633
54,1245,1299
443,514,957
634,431,1065
767,826,1593
698,558,1256
568,770,1338
326,493,819
400,548,948
444,531,975
343,496,839
1039,789,1828
242,443,685
156,1309,1465
356,632,988
189,572,761
257,497,754
427,536,963
354,630,984
788,850,1638
1310,3199,4509
481,1269,1750
618,719,1337
455,501,956
487,564,1051
354,560,914
1478,366,1844
396,760,1156
408,630,1038
652,522,1174
242,2492,2734
449,520,969
275,772,1047
260,697,957
704,2070,2774
1124,883,2007
448,668,1116
383,749,1132
758,602,1360
420,696,1116
161,508,669
515,626,1141
609,767,1376
452,996,1448
1145,947,2092
434,583,1017
234,814,1048
339,2064,2403
1098,1021,2119
292,1194,1486
548,723,1271
2095,715,2810
378,1248,1626
211,626,837
680,610,1290
333,710,1043
406,1136,1542
409,766,1175
314,926,1240
223,1389,1612
535,829,1364
382,917,1299
549,551,1100
418,616,1034
1970,678,2648
266,1366,1632
536,870,1406
554,1101,1655
817,880,1697
697,659,1356
596,1252,1848
271,621,892
781,766,1547
826,789,1615
1831,850,2681
837,702,1539
354,1122,1476
1171,497,1668
23,722,745
297,671,968
931,325,1256
394,761,1155
621,1240,1861
381,389,770
432,760,1192
1130,840,1970
327,1004,1331
454,761,1215
748,780,1528
49,1062,1111
337,405,742
375,1220,1595
319,1081,1400
1479,4563,6042
644,516,1160
753,401,1154
860,601,1461
175,4516,4691
707,759,1466
588,980,1568
570,723,1293
821,940,1761
580,939,1519
401,795,1196
945,1576,2521
291,407,698
2322,2339,4661
570,759,1329
449,912,1361
78,805,883
977,796,1773
427,1120,1547
622,441,1063
509,1604,2113
1076,1541,2617
708,620,1328
2319,2564,4883
816,836,1652
578,909,1487
4456,630,5086
838,843,1681
433,1029,1462
638,614,1252
1441,300,1741
372,1193,1565
120,820,940
241,1099,1340
1037,653,1690
676,887,1563
2343,652,2995
550,1205,1755
873,1004,1877
269,1212,1481
2142,632,2774
1276,870,2146
375,1045,1420
367,1322,1689
1376,861,2237
732,316,1048
572,834,1406
506,1515,2021
1099,695,1794
378,469,847
561,647,1208
912,1150,2062
778,696,1474
857,799,1656
562,1181,1743
255,1097,1352
565,861,1426
718,1283,2001
727,1224,1951
422,677,1099
584,1330,1914
1139,535,1674
747,673,1420
805,1296,2101
580,1641,2221
749,379,1128
945,659,1604
1167,851,2018
739,1210,1949
622,907,1529
890,774,1664
760,685,1445
169,1086,1255
424,844,1268
1161,551,1712
695,829,1524
431,716,1147
973,1106,2079
783,704,1487
303,1126,1429
633,949,1582
231,1262,1493
1096,1103,2199
500,1267,1767
1148,886,2034
600,947,1547
724,564,1288
221,1271,1492
652,714,1366
435,695,1130
945,829,1774
1135,688,1823
597,909,1506
614,851,1465
718,784,1502
195,691,886
732,788,1520
866,1505,2371
291,1311,1602
506,1136,1642
1068,1141,2209
527,1183,1710
498,1310,1808
967,761,1728
1025,1033,2058
1284,2114,3398
840,983,1823
715,1666,2381
1171,1301,2472
838,1323,2161
506,888,1394
252,843,1095
1113,610,1723
852,1568,2420
468,1328,1796
438,1017,1455
1195,721,1916
762,1992,2754
1183,630,1813
1068,735,1803
486,1124,1610
1386,1532,2918
1125,513,1638
1567,1891,3458
541,973,1514
569,856,1425
1181,898,2079
682,916,1598
769,698,1467
655,842,1497
1355,720,2075
920,785,1705
1254,691,1945
1559,710,2269
1297,2071,3368
1192,590,1782
675,886,1561
1192,472,1664
868,830,1698
936,932,1868
392,607,999
1382,916,2298
1083,869,1952
1428,459,1887
2235,1061,3296
505,470,975
513,593,1106
25,711,736
864,848,1712
212,756,968
959,898,1857
366,660,1026
723,1353,2076
374,755,1129
314,484,798
872,1392,2264
414,742,1156
262,951,1213
533,470,1003
476,769,1245
430,638,1068
375,1045,1420
482,428,910
550,644,1194
1449,1219,2668
384,1021,1405
651,639,1290
332,987,1319
910,608,1518
446,922,1368
556,736,1292
1054,511,1565
636,741,1377
717,852,1569
1543,1012,2555
298,482,780
375,816,1191
532,983,1515
697,447,1144
522,665,1187
258,822,1080
558,606,1164
197,749,946
525,395,920
554,497,1051
730,524,1254
797,806,1603
539,900,1439
536,772,1308
918,1032,1950
132,1743,1875
579,740,1319
395,481,876
641,768,1409
660,1510,2170
422,1094,1516
391,797,1188
293,779,1072
410,668,1078
743,672,1415
728,1543,2271
350,1359,1709
710,454,1164
270,632,902
1614,611,2225
657,1085,1742
450,679,1129
645,369,1014
523,370,893
1383,332,1715
707,392,1099
1452,355,1807
333,333,666
804,974,1778
336,1550,1886
685,1447,2132
217,361,578
768,1071,1839
787,1192,1979
1034,1998,3032
755,181,936
415,1581,1996
222,410,632
856,1715,2571
888,1469,2357
592,1302,1894
466,1263,1729
231,502,733
567,1185,1752
620,343,963
957,1497,2454
589,1468,2057
687,555,1242
625,1473,2098
73,569,642
1191,1202,2393
538,1444,1982
335,432,767
844,1258,2102
1578,402,1980
53,208,261
123,568,691
1389,582,1971
1459,780,2239
242,593,835
1132,417,1549
291,529,820
1501,840,2341
306,405,711
898,1031,1929
554,288,842
1168,299,1467
761,976,1737
409,745,1154
1032,670,1702
102,529,631
291,431,722
155,782,937
145,896,1041
177,758,935
566,684,1250
994,386,1380
386,521,907
639,369,1008
458,631,1089
543,562,1105
183,922,1105
584,2015,2599
424,459,883
1137,579,1716
352,298,650
358,855,1213
579,1687,2266
387,877,1264
773,504,1277
201,549,750
286,603,889
161,701,862
383,429,812
72,660,732
109,1677,1786
193,907,1100
712,829,1541
489,475,964
249,659,908
109,1037,1146
59,895,954
553,974,1527
886,2848,3734
1479,586,2065
324,795,1119
266,1186,1452
59,1353,1412
1180,2722,3902
127,649,776
501,863,1364
301,733,1034
733,963,1696
1612,775,2387
571,684,1255
768,723,1491
150,1312,1462
926,2772,3698
692,504,1196
325,871,1196
566,1043,1609
409,1080,1489
347,1454,1801
1363,928,2291
767,741,1508
933,811,1744
895,834,1729
568,1451,2019
481,834,1315
1078,531,1609
2042,1339,3381
752,757,1509
773,833,1606
391,896,1287
755,885,1640
2206,651,2857
397,1067,1464
877,433,1310
706,525,1231
960,786,1746
1453,654,2107
1235,603,1838
563,817,1380
681,1100,1781
1227,836,2063
1343,484,1827
634,497,1131
756,655,1411
789,773,1562
458,1610,2068
835,488,1323
214,622,836
630,720,1350
441,1833,2274
325,494,819
227,642,869
934,921,1855
726,869,1595
389,486,875
841,490,1331
610,426,1036
277,609,886
973,1155,2128
534,631,1165
820,774,1594
1393,730,2123
133,580,713
684,514,1198
2254,708,2962
1702,477,2179
736,855,1591
664,1024,1688
953,457,1410
1026,687,1713
735,1235,1970
676,2143,2819
285,526,811
1134,1364,2498
298,621,919
223,335,558
513,361,874
297,1345,1642
497,599,1096
266,852,1118
532,2168,2700
438,1251,1689
349,851,1200
671,2064,2735
171,568,739
151,589,740
112,856,968
715,884,1599
217,1008,1225
474,894,1368
376,1129,1505
737,320,1057
1272,522,1794
770,1835,2605
843,1202,2045
315,460,775
1090,550,1640
269,1169,1438
843,828,1671
1133,559,1692
509,886,1395
483,1006,1489
306,656,962
2051,678,2729
371,881,1252
806,325,1131
520,874,1394
1788,654,2442
291,965,1256
396,534,930
302,1110,1412
580,1175,1755
485,1165,1650
679,990,1669
948,786,1734
736,602,1338
431,853,1284
1768,647,2415
331,836,1167
441,493,934
123,722,845
763,1124,1887
785,900,1685
711,1959,2670
196,799,995
878,600,1478
540,809,1349
514,604,1118
814,531,1345
354,568,922
759,647,1406
898,923,1821
791,661,1452
409,812,1221
1067,771,1838
774,938,1712
1098,627,1725
588,615,1203
313,665,978
944,627,1571
596,741,1337
505,528,1033
778,661,1439
1010,929,1939
1003,901,1904
741,1064,1805
485,1894,2379
636,1229,1865
398,958,1356
697,477,1174
559,597,1156
761,2199,2960
526,710,1236
998,1199,2197
633,687,1320
470,580,1050
1768,1027,2795
479,857,1336
705,653,1358
512,950,1462
734,469,1203
229,742,971
642,833,1475
702,724,1426
768,643,1411
160,609,769
559,1020,1579
743,1078,1821
1022,644,1666
394,681,1075
749,1224,1973
1816,833,2649
183,993,1176
386,685,1071
320,903,1223
1052,826,1878
306,1016,1322
504,903,1407
415,1008,1423
872,827,1699
2251,518,2769
809,654,1463
558,561,1119
860,616,1476
527,941,1468
907,512,1419
1167,634,1801
644,607,1251
695,907,1602
363,839,1202
972,602,1574
445,612,1057
1127,384,1511
294,741,1035
861,584,1445
735,603,1338
768,1121,1889
674,747,1421
968,743,1711
608,1115,1723
411,1355,1766
941,843,1784
892,230,1122
766,1018,1784
528,1100,1628
208,799,1007
913,624,1537
837,661,1498
335,727,1062
795,959,1754
738,593,1331
318,642,960
623,513,1136
349,650,999
624,1076,1700
460,791,1251
390,769,1159
384,703,1087
429,1355,1784
535,837,1372
624,637,1261
570,1338,1908
624,1259,1883
541,719,1260
817,969,1786
529,625,1154
309,960,1269
409,321,730
303,590,893
367,622,989
288,848,1136
438,667,1105
528,618,1146
791,302,1093
623,580,1203
620,1059,1679
426,641,1067
814,1028,1842
644,1492,2136
958,873,1831
391,1120,1511
461,658,1119
592,414,1006
743,732,1475
563,582,1145
73,944,1017
753,520,1273
876,1023,1899
1201,1327,2528
347,1168,1515
407,680,1087
180,822,1002
410,606,1016
883,526,1409
196,1275,1471
545,620,1165
555,598,1153
520,1031,1551
561,1167,1728
514,626,1140
592,986,1578
799,483,1282
211,1189,1400
696,448,1144
325,595,920
858,941,1799
1136,1230,2366
594,547,1141
994,474,1468
732,497,1229
979,1297,2276
441,781,1222
867,487,1354
929,759,1688
1025,755,1780
1240,1216,2456
448,753,1201
816,940,1756
465,548,1013
1179,876,2055
858,304,1162
497,931,1428
469,473,942
388,547,935
1392,1216,2608
1026,957,1983
597,925,1522
421,842,1263
558,677,1235
383,992,1375
779,513,1292
1054,997,2051
340,1218,1558
658,694,1352
473,444,917
613,991,1604
463,1050,1513
690,885,1575
185,558,743
387,306,693
473,954,1427
792,695,1487
844,812,1656
254,789,1043
436,313,749
478,519,997
966,586,1552
256,676,932
586,348,934
776,1800,2576
456,805,1261
584,728,1312
1100,1456,2556
1227,1834,3061
1118,1342,2460
638,330,968
551,1466,2017
705,555,1260
710,356,1066
556,183,739
924,843,1767
647,2087,2734
94,537,631
579,871,1450
431,2270,2701
1110,1831,2941
358,1799,2157
516,985,1501
855,423,1278
1259,1306,2565
228,1807,2035
24,395,419
317,2139,2456
64,343,407
727,616,1343
201,485,686
164,308,472
548,2008,2556
1254,781,2035
101,656,757
61,637,698
75,610,685
1068,1884,2952
728,1373,2101
241,501,742
2165,386,2551
193,462,655
1110,822,1932
1699,595,2294
1331,1407,2738
305,685,990
73,618,691
209,314,523
1653,387,2040
1949,434,2383
225,479,704
1337,380,1717
880,495,1375
346,335,681
1495,940,2435
700,1341,2041
188,604,792
1693,841,2534
1212,752,1964
2235,416,2651
636,1722,2358
809,1386,2195
412,772,1184
771,462,1233
640,515,1155
467,655,1122
1291,741,2032
68,606,674
656,1025,1681
164,436,600
858,1572,2430
78,668,746
125,1560,1685
766,536,1302
783,1134,1917
662,800,1462
82,995,1077
301,814,1115
399,1167,1566
85,998,1083
244,457,701
100,641,741
596,1306,1902
175,693,868
476,670,1146
91,1201,1292
815,631,1446
292,960,1252
292,1013,1305
1659,367,2026
1177,911,2088
44,1805,1849
553,867,1420
456,871,1327
99,502,601
1414,971,2385
784,771,1555
165,507,672
318,979,1297
585,711,1296
1081,1359,2440
329,688,1017
1001,330,1331
243,892,1135
350,685,1035
329,771,1100
1034,507,1541
227,509,736
430,874,1304
115,1322,1437
1369,1260,2629
578,580,1158
538,678,1216
1717,1099,2816
455,1214,1669
604,526,1130
319,522,841
253,1695,1948
183,1228,1411
672,534,1206
1193,554,1747
667,708,1375
804,909,1713
371,617,988
435,1643,2078
448,1009,1457
960,754,1714
372,656,1028
235,808,1043
842,1284,2126
662,1456,2118
966,212,1178
598,615,1213
1148,1064,2212
1153,510,1663
654,393,1047
874,1154,2028
1617,838,2455
470,663,1133
454,1400,1854
711,1210,1921
596,341,937
1618,575,2193
841,615,1456
1076,508,1584
788,1029,1817
351,700,1051
679,633,1312
746,1084,1830
675,1642,2317
1242,665,1907
620,595,1215
829,1447,2276
1282,824,2106
1084,503,1587
370,918,1288
1186,794,1980
627,934,1561
589,1057,1646
786,283,1069
340,331,671
638,1248,1886
205,522,727
1277,592,1869
670,1398,2068
664,774,1438
345,495,840
659,815,1474
701,855,1556
52,814,866
1224,821,2045
1377,668,2045
232,641,873
87,849,936
1262,1094,2356
144,839,983
370,501,871
301,849,1150
335,643,978
484,709,1193
1220,575,1795
351,685,1036
379,864,1243
510,705,1215
666,470,1136
860,1230,2090
431,560,991
463,351,814
407,768,1175
636,668,1304
135,1044,1179
780,506,1286
66,888,954
980,740,1720
338,754,1092
102,762,864
719,613,1332
496,1143,1639
319,579,898
1153,1267,2420
321,745,1066
517,467,984
91,1522,1613
574,531,1105
139,891,1030
492,355,847
543,647,1190
552,1146,1698
1019,940,1959
558,551,1109
427,1211,1638
553,606,1159
995,887,1882
586,1435,2021
450,1116,1566
251,738,989
297,1217,1514
334,1072,1406
472,587,1059
667,1127,1794
634,534,1168
638,613,1251
864,1338,2202
428,860,1288
807,1341,2148
254,843,1097
1400,818,2218
373,683,1056
959,644,1603
932,637,1569
760,744,1504
368,611,979
998,1271,2269
1346,478,1824
99,987,1086
1062,677,1739
924,1060,1984
1003,833,1836
360,726,1086
770,772,1542
448,580,1028
434,677,1111
1146,489,1635
511,735,1246
1202,419,1621
1129,550,1679
706,590,1296
1009,542,1551
967,686,1653
705,549,1254
337,511,848
740,487,1227
508,581,1089
747,656,1403
619,1364,1983
373,694,1067
549,550,1099
824,672,1496
508,775,1283
176,1170,1346
451,686,1137
364,586,950
909,435,1344
500,1224,1724
371,592,963
285,535,820
638,587,1225
747,741,1488
371,1473,1844
652,734,1386
499,860,1359
363,771,1134
442,729,1171
403,1417,1820
382,689,1071
551,508,1059
580,644,1224
509,775,1284
628,1388,2016
485,766,1251
409,878,1287
564,879,1443
1417,589,2006
660,1385,2045
222,885,1107
697,801,1498
635,642,1277
892,586,1478
756,603,1359
1024,1095,2119
435,816,1251
699,454,1153
471,689,1160
351,841,1192
380,889,1269
305,812,1117
627,1431,2058
677,705,1382
1228,937,2165
1308,920,2228
582,768,1350
644,735,1379
1275,997,2272
144,752,896
544,1614,2158
273,726,999
427,473,900
656,1014,1670
1265,1102,2367
457,972,1429
294,708,1002
1162,657,1819
757,1024,1781
945,751,1696
551,622,1173
291,453,744
551,714,1265
241,650,891
669,742,1411
1419,459,1878
443,652,1095
1441,927,2368
568,628,1196
379,857,1236
538,491,1029
720,574,1294
292,1095,1387
873,377,1250
555,701,1256
975,445,1420
113,1019,1132
320,1154,1474
553,547,1100
415,944,1359
652,742,1394
129,1501,1630
244,572,816
362,1057,1419
149,827,976
575,482,1057
508,1177,1685
526,1003,1529
479,486,965
397,598,995
784,1022,1806
670,1132,1802
305,568,873
572,978,1550
1046,603,1649
449,521,970
335,862,1197
871,799,1670
619,555,1174
318,475,793
393,777,1170
1002,1040,2042
487,566,1053
601,826,1427
314,1137,1451
1019,434,1453
226,644,870
985,663,1648
140,615,755
276,1051,1327
883,555,1438
616,942,1558
449,918,1367
158,1345,1503
494,516,1010
308,645,953
748,782,1530
258,660,918
87,527,614
1280,621,1901
467,898,1365
918,703,1621
363,732,1095
582,504,1086
659,1234,1893
449,691,1140
432,237,669
507,1175,1682
945,548,1493
1000,967,1967
383,869,1252
525,831,1356
467,960,1427
709,1055,1764
960,621,1581
445,767,1212
547,652,1199
590,707,1297
135,568,703
273,1647,1920
591,587,1178
390,344,734
839,1605,2444
626,1327,1953
734,1554,2288
1001,1104,2105
669,1512,2181
488,291,779
218,1335,1553
387,398,785
843,1064,1907
522,1574,2096
1278,1222,2500
543,406,949
469,718,1187
515,1192,1707
651,931,1582
607,1647,2254
664,1435,2099
366,409,775
931,1214,2145
345,287,632
912,672,1584
766,966,1732
584,1106,1690
1159,1106,2265
301,887,1188
228,410,638
181,468,649
1060,810,1870
1336,301,1637
1545,293,1838
832,379,1211
56,1164,1220
808,1090,1898
332,1564,1896
1170,461,1631
670,315,985
1572,368,1940
933,337,1270
290,992,1282
1355,444,1799
1020,334,1354
539,1425,1964
555,1548,2103
981,511,1492
790,547,1337
938,308,1246
585,1539,2124
1080,687,1767
958,479,1437
32,395,427
1192,693,1885
1462,982,2444
1965,564,2529
941,477,1418
764,637,1401
93,731,824
29,645,674
104,611,715
30,524,554
1242,870,2112
1602,287,1889
30,796,826
20,717,737
1366,719,2085
31,774,805
181,649,830
52,670,722
618,538,1156
1377,1277,2654
913,580,1493
132,444,576
167,564,731
87,621,708
21,1099,1120
77,592,669
326,543,869
121,691,812
35,1112,1147
111,608,719
997,706,1703
565,477,1042
239,927,1166
249,834,1083
66,1444,1510
533,493,1026
848,316,1164
387,619,1006
461,766,1227
140,817,957
292,629,921
475,468,943
487,774,1261
356,426,782
468,632,1100
908,300,1208
515,582,1097
1421,1246,2667
265,1161,1426
724,423,1147
365,1066,1431
404,1339,1743
388,611,999
305,425,730
475,807,1282
519,1165,1684
1183,588,1771
527,735,1262
552,449,1001
218,933,1151
446,523,969
581,629,1210
385,688,1073
376,354,730
700,995,1695
693,596,1289
240,1085,1325
168,1562,1730
454,747,1201
857,798,1655
267,730,997
649,623,1272
1049,568,1617
82,433,515
1027,584,1611
571,1676,2247
402,1347,1749
225,727,952
356,887,1243
553,620,1173
839,625,1464
263,843,1106
128,759,887
448,1401,1849
769,477,1246
893,1577,2470
426,820,1246
407,803,1210
591,1161,1752
506,546,1052
307,879,1186
534,1438,1972
892,1056,1948
667,424,1091
449,1652,2101
1298,1224,2522
47,1262,1309
472,481,953
413,526,939
633,1453,2086
497,872,1369
248,1244,1492
615,938,1553
358,821,1179
659,1667,2326
1622,791,2413
313,1176,1489
156,371,527
520,583,1103
948,722,1670
644,794,1438
487,1156,1643
1068,567,1635
484,712,1196
405,1302,1707
1464,786,2250
1254,877,2131
1283,652,1935
736,1237,1973
917,1375,2292
197,512,709
918,602,1520
619,1040,1659
929,670,1599
994,1142,2136
359,741,1100
1083,772,1855
1220,1423,2643
1087,659,1746
485,725,1210
896,740,1636
1164,562,1726
334,732,1066
1192,605,1797
442,807,1249
1207,1047,2254
1542,852,2394
576,437,1013
508,597,1105
252,630,882
630,648,1278
254,975,1229
1090,998,2088
361,526,887
497,1005,1502
219,721,940
527,1070,1597
1215,938,2153
282,702,984
596,868,1464
263,599,862
471,1077,1548
441,624,1065
898,819,1717
989,414,1403
458,1015,1473
1072,821,1893
393,463,856
945,925,1870
727,1541,2268
358,782,1140
693,566,1259
390,282,672
936,1013,1949
354,1045,1399
461,913,1374
277,562,839
676,701,1377
422,494,916
580,1014,1594
497,902,1399
907,552,1459
820,1848,2668
696,967,1663
565,390,955
81,1016,1097
679,868,1547
453,619,1072
447,1264,1711
68,393,461
567,579,1146
582,1864,2446
613,963,1576
532,873,1405
270,736,1006
662,1071,1733
881,1067,1948
282,814,1096
655,462,1117
972,639,1611
520,979,1499
596,1847,2443
488,1016,1504
719,699,1418
332,1091,1423
633,404,1037
508,948,1456
991,554,1545
660,438,1098
220,351,571
198,958,1156
790,794,1584
753,870,1623
1091,444,1535
452,987,1439
631,474,1105
1025,812,1837
1422,837,2259
503,437,940
289,881,1170
715,719,1434
166,1094,1260
868,779,1647
1070,698,1768
786,680,1466
412,879,1291
855,1145,2000
535,431,966
221,565,786
618,597,1215
859,834,1693
580,376,956
326,754,1080
523,1058,1581
802,1064,1866
1715,974,2689
903,1369,2272
551,656,1207
896,731,1627
458,487,945
372,1577,1949
865,1105,1970
337,908,1245
803,889,1692
1057,732,1789
631,277,908
319,736,1055
246,1089,1335
879,811,1690
1750,1336,3086
749,1317,2066
405,1006,1411
642,826,1468
952,510,1462
705,622,1327
317,525,842
334,787,1121
814,936,1750
807,1020,1827
674,1459,2133
305,965,1270
1025,615,1640
671,1280,1951
1204,551,1755
856,831,1687
279,822,1101
657,771,1428
89,1042,1131
535,1200,1735
973,652,1625
583,639,1222
498,989,1487
392,791,1183
733,1088,1821
631,843,1474
1124,588,1712
563,621,1184
1143,865,2008
498,1255,1753
602,1375,1977
490,1448,1938
718,548,1266
1202,998,2200
1172,948,2120
111,756,867
710,1018,1728
130,735,865
551,1457,2008
345,689,1034
876,821,1697
480,465,945
909,1478,2387
156,1041,1197
970,1483,2453
730,538,1268
621,610,1231
725,878,1603
860,1256,2116
390,699,1089
1158,740,1898
517,665,1182
1264,1002,2266
373,687,1060
813,1067,1880
409,857,1266
681,703,1384
1028,906,1934
619,651,1270
676,599,1275
849,1524,2373
1068,480,1548
1254,1140,2394
535,647,1182
440,1087,1527
759,749,1508
431,1106,1537
1137,636,1773
767,1127,1894
375,733,1108
612,1120,1732
414,1302,1716
863,619,1482
962,783,1745
566,1143,1709
790,1144,1934
343,874,1217
713,937,1650
609,1276,1885
775,1252,2027
1250,1554,2804
729,553,1282
558,916,1474
370,1668,2038
1032,759,1791
430,808,1238
911,976,1887
630,1053,1683
795,1452,2247
879,866,1745
625,1176,1801
1009,1298,2307
785,891,1676
1165,528,1693
706,970,1676
1151,1297,2448
1104,765,1869
372,1443,1815
542,803,1345
1348,838,2186
646,517,1163
841,1115,1956
803,447,1250
1158,463,1621
675,720,1395
936,1683,2619
561,1083,1644
706,551,1257
1322,1771,3093
982,416,1398
1427,530,1957
1077,460,1537
568,421,989
523,1471,1994
822,586,1408
805,906,1711
427,523,950
827,287,1114
1182,282,1464
1134,1291,2425
212,1538,1750
682,613,1295
1158,524,1682
242,617,859
1219,322,1541
983,926,1909
80,692,772
100,368,468
121,556,677
1421,676,2097
1214,383,1597
813,917,1730
1225,314,1539
450,382,832
122,376,498
1522,1011,2533
291,819,1110
519,446,965
82,508,590
289,1256,1545
137,556,693
457,815,1272
472,402,874
1528,943,2471
397,760,1157
103,400,503
112,618,730
264,444,708
201,810,1011
435,302,737
917,1056,1973
437,611,1048
617,474,1091
866,1202,2068
317,502,819
741,1106,1847
604,494,1098
814,888,1702
113,522,635
29,469,498
1346,543,1889
385,854,1239
171,440,611
644,3928,4572
99,1278,1377
790,1023,1813
332,579,911
950,1200,2150
543,1782,2325
60,774,834
768,1713,2481
471,1104,1575
303,1552,1855
975,3875,4850
124,1402,1526
285,633,918
1001,879,1880
526,1049,1575
1097,1652,2749
828,864,1692
554,1855,2409
264,1455,1719
183,1920,2103
1019,3732,4751
193,2046,2239
323,940,1263
526,1794,2320
967,639,1606
391,1424,1815
1245,669,1914
1296,511,1807
389,1898,2287
1403,525,1928
1550,752,2302
437,1857,2294
1667,329,1996
1283,341,1624
1739,794,2533
339,1205,1544
114,459,573
3802,1176,4978
1192,1321,2513
258,1119,1377
1403,1259,2662
89,1107,1196
479,321,800
71,708,779
1591,484,2075
327,1919,2246
304,463,767
386,1725,2111
1238,1092,2330
313,699,1012
1214,1079,2293
50,643,693
137,883,1020
546,504,1050
325,1568,1893
56,469,525
448,1550,1998
1741,802,2543
581,1095,1676
1563,937,2500
934,1145,2079
179,945,1124
138,512,650
633,1359,1992
96,576,672
282,746,1028
554,745,1299
1114,912,2026
715,696,1411
1477,620,2097
662,617,1279
546,256,802
1609,523,2132
329,490,819
343,950,1293
758,660,1418
457,1022,1479
870,643,1513
510,935,1445
768,1202,1970
1023,727,1750
911,576,1487
754,571,1325
945,618,1563
1120,438,1558
3793,1053,4846
715,508,1223
383,599,982
680,254,934
3587,2159,5746
313,1026,1339
989,627,1616
772,636,1408
877,500,1377
1346,665,2011
962,935,1897
310,250,560
450,884,1334
448,1916,2364
1154,469,1623
1099,400,1499
120,622,742
78,565,643
737,854,1591
743,701,1444
502,1146,1648
455,520,975
711,1430,2141
746,1920,2666
917,981,1898
523,515,1038
127,937,1064
422,453,875
100,1059,1159
558,667,1225
516,729,1245
1291,1414,2705
388,953,1341
632,665,1297
152,744,896
698,1181,1879
544,616,1160
906,1443,2349
345,609,954
474,1131,1605
1959,767,2726
641,931,1572
871,470,1341
215,875,1090
186,936,1122
637,742,1379
807,1570,2377
441,330,771
799,815,1614
948,717,1665
973,909,1882
1987,820,2807
420,445,865
1099,684,1783
439,768,1207
712,1491,2203
488,484,972
642,906,1548
798,563,1361
133,1911,2044
1730,985,2715
488,572,1060
615,637,1252
668,469,1137
1160,729,1889
493,533,1026
915,942,1857
955,462,1417
927,1132,2059
1473,803,2276
687,912,1599
570,796,1366
767,660,1427
739,721,1460
195,796,991
494,691,1185
665,822,1487
1301,1024,2325
627,515,1142
413,772,1185
215,687,902
670,1173,1843
365,706,1071
291,684,975
571,858,1429
515,668,1183
248,680,928
868,929,1797
558,721,1279
564,603,1167
634,342,976
654,1049,1703
327,1104,1431
749,502,1251
1869,643,2512
725,462,1187
885,1011,1896
604,486,1090
570,940,1510
306,540,846
665,421,1086
1066,727,1793
211,2073,2284
504,886,1390
731,644,1375
894,537,1431
752,847,1599
463,1167,1630
574,420,994
251,2074,2325
430,515,945
721,599,1320
602,536,1138
859,299,1158
1028,1023,2051
795,861,1656
454,742,1196
404,1253,1657
71,760,831
1059,1110,2169
626,824,1450
742,705,1447
334,515,849
89,577,666
532,853,1385
887,573,1460
460,419,879
686,860,1546
548,609,1157
945,968,1913
475,536,1011
176,854,1030
882,935,1817
114,1018,1132
618,604,1222
326,891,1217
514,596,1110
673,297,970
514,776,1290
618,659,1277
795,423,1218
477,1080,1557
1151,730,1881
411,914,1325
596,306,902
291,465,756
364,650,1014
560,686,1246
314,2229,2543
189,621,810
1031,1101,2132
675,873,1548
726,672,1398
289,1107,1396
650,272,922
327,573,900
212,782,994
319,1544,1863
2083,1284,3367
193,492,685
861,941,1802
733,892,1625
501,670,1171
676,858,1534
956,1071,2027
260,942,1202
473,1256,1729
1910,1459,3369
257,499,756
42,868,910
329,674,1003
505,901,1406
238,629,867
251,842,1093
864,648,1512
473,932,1405
540,650,1190
443,707,1150
851,1088,1939
589,884,1473
680,529,1209
380,474,854
620,620,1240
395,1026,1421
524,836,1360
591,673,1264
831,588,1419
645,1158,1803
507,1021,1528
524,743,1267
734,333,1067
166,596,762
2038,1549,3587
549,902,1451
1035,1170,2205
799,642,1441
276,613,889
779,1262,2041
763,983,1746
513,618,1131
511,1175,1686
857,923,1780
384,702,1086
999,1572,2571
739,1034,1773
493,990,1483
737,1030,1767
832,1047,1879
959,937,1896
485,991,1476
426,1024,1450
776,948,1724
1102,1445,2547
1212,1432,2644
558,853,1411
475,829,1304
510,676,1186
1409,1476,2885
490,915,1405
531,1008,1539
406,1032,1438
1180,1706,2886
732,959,1691
759,847,1606
534,1154,1688
781,360,1141
1119,795,1914
61,1263,1324
861,506,1367
438,929,1367
806,1659,2465
880,802,1682
721,559,1280
842,664,1506
827,461,1288
1257,551,1808
379,1082,1461
817,1179,1996
1072,1042,2114
508,1275,1783
1397,700,2097
945,1205,2150
864,1611,2475
561,1303,1864
579,592,1171
709,926,1635
786,935,1721
892,1319,2211
1002,905,1907
1505,690,2195
1409,600,2009
871,970,1841
889,392,1281
129,720,849
952,616,1568
1178,717,1895
913,580,1493
1158,645,1803
1565,721,2286
722,814,1536
1369,295,1664
370,814,1184
270,705,975
1182,377,1559
976,703,1679
860,839,1699
696,892,1588
1266,355,1621
625,678,1303
436,622,1058
478,666,1144
1068,372,1440
497,701,1198
362,958,1320
779,1265,2044
470,624,1094
202,754,956
677,1370,2047
240,713,953
1159,335,1494
893,1258,2151
339,875,1214
713,781,1494
59,577,636
123,1077,1200
549,695,1244
93,922,1015
803,605,1408
331,582,913
386,1005,1391
127,753,880
680,721,1401
70,606,676
205,556,761
36,860,896
26,849,875
153,711,864
496,424,920
345,850,1195
851,526,1377
395,1016,1411
435,989,1424
481,956,1437
229,713,942
56,630,686
471,440,911
545,437,982
118,820,938
1058,686,1744
519,1168,1687
594,1048,1642
393,641,1034
1118,884,2002
821,1155,1976
512,664,1176
450,589,1039
1000,704,1704
200,1251,1451
470,499,969
717,912,1629
794,765,1559
567,673,1240
663,704,1367
330,659,989
375,894,1269
1075,649,1724
601,509,1110
659,530,1189
746,873,1619
349,766,1115
736,1093,1829
540,619,1159
856,898,1754
1076,477,1553
638,1109,1747
107,767,874
1151,662,1813
583,743,1326
546,794,1340
448,988,1436
383,598,981
131,654,785
706,347,1053
719,276,995
257,627,884
771,915,1686
215,699,914
794,821,1615
456,673,1129
228,650,878
513,1301,1814
177,865,1042
641,536,1177
385,869,1254
320,959,1279
515,2999,3514
496,505,1001
733,386,1119
574,1744,2318
474,614,1088
578,1215,1793
944,494,1438
401,322,723
240,779,1019
531,750,1281
539,2882,3421
573,260,833
801,1015,1816
513,1759,2272
678,783,1461
801,2810,3611
618,1192,1810
1228,1211,2439
425,818,1243
594,702,1296
323,1258,1581
321,416,737
71,508,579
481,922,1403
530,669,1199
908,2614,3522
524,904,1428
1336,530,1866
798,576,1374
867,576,1443
786,859,1645
367,527,894
105,777,882
412,855,1267
69,953,1022
55,172,227
404,1453,1857
508,723,1231
331,768,1099
106,1123,1229
97,183,280
2710,642,3352
360,762,1122
2663,712,3375
1421,640,2061
1062,439,1501
432,943,1375
689,584,1273
580,688,1268
707,702,1409
230,799,1029
380,764,1144
2477,743,3220
504,764,1268
1038,796,1834
468,597,1065
764,699,1463
852,779,1631
573,509,1082
617,514,1131
625,629,1254
453,704,1157
647,273,920
223,985,1208
1103,1110,2213
606,1055,1661
1192,1463,2655
761,457,1218
150,195,345
325,650,975
1379,1217,2596
554,604,1158
350,741,1091
986,913,1899
818,725,1543
218,574,792
775,1248,2023
466,906,1372
353,600,953
113,1253,1366
69,745,814
1034,295,1329
604,570,1174
246,1230,1476
410,162,572
569,866,1435
540,1519,2059
421,1062,1483
424,662,1086
471,1106,1577
793,1003,1796
111,1063,1174
1182,457,1639
1053,618,1671
471,816,1287
832,558,1390
902,854,1756
481,778,1259
704,485,1189
898,551,1449
1086,777,1863
873,654,1527
344,1620,1964
341,956,1297
730,1006,1736
907,514,1421
1025,567,1592
675,884,1559
676,619,1295
954,464,1418
957,837,1794
437,639,1076
893,1208,2101
988,798,1786
362,1294,1656
875,737,1612
549,1037,1586
296,636,932
353,483,836
1257,403,1660
359,943,1302
94,785,879
366,639,1005
717,743,1460
769,1069,1838
612,883,1495
417,538,955
509,760,1269
818,1139,1957
884,904,1788
704,901,1605
319,747,1066
640,309,949
1177,623,1800
910,858,1768
490,694,1184
150,461,611
216,969,1185
1418,856,2274
414,1056,1470
1005,838,1843
464,766,1230
695,566,1261
1088,1066,2154
730,448,1178
862,869,1731
335,507,842
279,702,981
755,668,1423
630,894,1524
596,606,1202
602,759,1361
572,798,1370
668,654,1322
680,503,1183
825,687,1512
654,842,1496
554,1106,1660
814,510,1324
320,1270,1590
835,867,1702
639,1155,1794
56,532,588
443,925,1368
242,933,1175
786,458,1244
303,1589,1892
765,1016,1781
578,1054,1632
507,951,1458
498,1083,1581
553,1227,1780
661,862,1523
927,606,1533
389,772,1161
573,1068,1641
821,806,1627
571,1145,1716
761,769,1530
221,753,974
514,664,1178
412,829,1241
653,620,1273
774,1336,2110
228,469,697
197,863,1060
993,1140,2133
288,973,1261
707,1146,1853
453,720,1173
700,390,1090
1175,451,1626
783,536,1319
86,1145,1231
578,408,986
667,852,1519
1441,747,2188
491,834,1325
562,956,1518
514,991,1505
766,367,1133
895,330,1225
464,915,1379
788,469,1257
753,656,1409
715,841,1556
69,927,996
259,477,736
660,887,1547
537,1034,1571
309,410,719
926,770,1696
989,693,1682
406,914,1320
298,928,1226
647,1010,1657
979,825,1804
735,314,1049
631,622,1253
1008,916,1924
274,364,638
152,890,1042
382,734,1116
900,804,1704
103,903,1006
613,805,1418
633,874,1507
417,1039,1456
1125,1042,2167
367,533,900
950,1170,2120
590,926,1516
731,945,1676
477,831,1308
720,724,1444
574,691,1265
456,1160,1616
145,677,822
885,726,1611
619,1113,1732
689,881,1570
541,878,1419
776,631,1407
305,806,1111
389,1309,1698
782,723,1505
603,618,1221
793,554,1347
855,795,1650
421,701,1122
334,799,1133
1045,679,1724
725,800,1525
606,668,1274
710,1113,1823
540,720,1260
602,499,1101
714,1135,1849
582,1008,1590
681,504,1185
746,471,1217
762,902,1664
640,1032,1672
727,388,1115
614,440,1054
940,688,1628
397,855,1252
580,468,1048
848,1846,2694
251,494,745
930,344,1274
975,475,1450
362,406,768
84,1858,1942
648,1207,1855
950,370,1320
877,416,1293
445,1621,2066
347,322,669
531,988,1519
857,1647,2504
673,497,1170
1275,853,2128
1059,1000,2059
294,434,728
739,1534,2273
788,2144,2932
1824,254,2078
651,1070,1721
303,417,720
592,1513,2105
973,1944,2917
1560,274,1834
651,1038,1689
112,433,545
776,1111,1887
1109,1610,2719
683,294,977
344,1061,1405
487,908,1395
407,231,638
1550,256,1806
538,175,713
1256,1336,2592
1040,284,1324
367,419,786
593,1100,1693
814,670,1484
1549,235,1784
81,470,551
491,208,699
1865,205,2070
332,1063,1395
1089,473,1562
1481,437,1918
898,258,1156
1338,172,1510
134,655,789
617,302,919
1330,425,1755
142,268,410
152,314,466
53,421,474
548,398,946
381,1128,1509
106,736,842
177,335,512
30,335,365
346,1297,1643
1069,554,1623
163,1077,1240
84,334,418
344,150,494
1055,601,1656
672,632,1304
204,337,541
171,293,464
160,314,474
362,248,610
1087,713,1800
1136,355,1491
163,626,789
83,1112,1195
1216,643,1859
1363,326,1689
773,243,1016
710,295,1005
113,447,560
1810,325,2135
495,696,1191
195,427,622
579,478,1057
312,331,643
516,833,1349
155,543,698
323,912,1235
125,434,559
75,717,792
527,974,1501
194,849,1043
238,1015,1253
489,807,1296
260,433,693
77,260,337
218,427,645
146,595,741
101,882,983
992,546,1538
120,1316,1436
301,567,868
224,949,1173
311,524,835
138,616,754
92,731,823
579,520,1099
414,698,1112
306,691,997
337,571,908
199,721,920
436,542,978
176,1455,1631
510,569,1079
682,451,1133
209,671,880
781,1108,1889
536,893,1429
122,841,963
670,571,1241
372,693,1065
448,417,865
821,432,1253
326,715,1041
847,626,1473
125,1353,1478
499,585,1084
1075,519,1594
585,591,1176
569,1058,1627
662,607,1269
951,404,1355
383,555,938
509,505,1014
734,917,1651
532,604,1136
587,647,1234
318,525,843
1222,470,1692
395,706,1101
465,605,1070
291,770,1061
896,344,1240
427,677,1104
511,678,1189
768,511,1279
679,657,1336
507,688,1195
468,726,1194
361,656,1017
870,234,1104
451,589,1040
536,679,1215
252,408,660
314,679,993
524,651,1175
398,748,1146
408,575,983
403,856,1259
550,413,963
509,755,1264
345,401,746
164,594,758
595,595,1190
303,700,1003
644,562,1206
61,553,614
550,544,1094
415,898,1313
472,996,1468
516,482,998
555,477,1032
428,716,1144
609,1903,2512
252,674,926
194,474,668
139,1040,1179
474,548,1022
256,545,801
572,967,1539
174,1122,1296
669,533,1202
324,567,891
608,2150,2758
542,546,1088
505,358,863
324,1036,1360
242,518,760
756,499,1255
411,2160,2571
394,619,1013
274,739,1013
130,384,514
669,740,1409
476,416,892
325,882,1207
438,589,1027
1687,664,2351
1071,283,1354
618,459,1077
857,555,1412
768,377,1145
476,510,986
703,955,1658
417,768,1185
2109,519,2628
429,532,961
234,766,1000
632,372,1004
524,484,1008
241,927,1168
660,429,1089
132,479,611
66,601,667
152,558,710
845,709,1554
641,533,1174
257,871,1128
234,512,746
248,513,761
729,697,1426
2035,724,2759
423,1202,1625
624,763,1387
166,485,651
156,677,833
634,794,1428
267,520,787
110,464,574
245,785,1030
568,1089,1657
826,1311,2137
150,935,1085
234,749,983
262,802,1064
186,957,1143
498,509,1007
361,477,838
373,816,1189
273,1003,1276
816,1068,1884
246,775,1021
549,596,1145
212,765,977
436,902,1338
467,788,1255
394,514,908
496,985,1481
510,517,1027
1029,1073,2102
414,777,1191
632,557,1189
594,667,1261
539,783,1322
764,610,1374
823,841,1664
414,884,1298
1133,698,1831
591,565,1156
494,714,1208
748,757,1505
720,881,1601
451,672,1123
491,968,1459
814,878,1692
919,814,1733
635,586,1221
536,534,1070
810,673,1483
734,748,1482
743,763,1506
271,432,703
1141,565,1706
810,831,1641
259,418,677
96,512,608
641,845,1486
643,993,1636
628,736,1364
758,755,1513
1076,651,1727
969,1048,2017
686,560,1246
338,584,922
210,753,963
349,555,904
845,878,1723
225,707,932
1241,838,2079
24,947,971
340,400,740
204,615,819
375,559,934
299,666,965
233,587,820
245,872,1117
372,665,1037
85,889,974
349,614,963
456,558,1014
396,663,1059
512,706,1218
648,665,1313
446,882,1328
740,594,1334
512,758,1270
122,758,880
643,428,1071
408,695,1103
549,765,1314
249,683,932
165,823,988
604,798,1402
480,811,1291
535,798,1333
335,735,1070
55,626,681
744,902,1646
327,866,1193
344,845,1189
211,833,1044
287,829,1116
421,774,1195
484,744,1228
768,540,1308
458,868,1326
693,670,1363
217,757,974
432,845,1277
696,952,1648
328,721,1049
239,804,1043
607,394,1001
535,773,1308
479,455,934
356,1431,1787
323,862,1185
666,587,1253
412,693,1105
601,1044,1645
409,896,1305
283,797,1080
507,676,1183
789,1532,2321
366,868,1234
456,813,1269
667,512,1179
563,535,1098
492,881,1373
628,859,1487
562,641,1203
716,728,1444
678,979,1657
806,737,1543
688,822,1510
916,729,1645
182,651,833
379,1669,2048
191,1058,1249
670,738,1408
723,544,1267
1172,1198,2370
729,819,1548
613,786,1399
1256,725,1981
740,750,1490
481,568,1049
429,799,1228
551,318,869
654,885,1539
631,516,1147
541,849,1390
306,853,1159
1498,529,2027
804,845,1649
526,1136,1662
876,470,1346
902,849,1751
275,443,718
688,337,1025
555,487,1042
534,1315,1849
343,499,842
481,575,1056
427,1306,1733
596,922,1518
342,808,1150
516,939,1455
485,579,1064
483,537,1020
383,976,1359
239,554,793
587,843,1430
292,548,840
218,1046,1264
615,1689,2304
613,301,914
727,631,1358
469,894,1363
694,1714,2408
249,204,453
1026,1176,2202
112,202,314
392,1255,1647
740,1525,2265
433,947,1380
1196,639,1835
418,2079,2497
840,1080,1920
138,197,335
537,1283,1820
350,924,1274
158,354,512
1624,317,1941
742,1115,1857
559,944,1503
849,1108,1957
1112,487,1599
680,1384,2064
194,403,597
660,1821,2481
408,595,1003
888,1048,1936
933,982,1915
1296,1515,2811
535,497,1032
441,881,1322
180,488,668
1057,1399,2456
801,915,1716
327,1487,1814
299,465,764
1701,589,2290
319,489,808
1155,489,1644
187,505,692
650,539,1189
817,900,1717
946,525,1471
41,481,522
1076,311,1387
450,556,1006
367,1599,1966
354,617,971
474,778,1252
637,883,1520
629,538,1167
181,684,865
772,457,1229
521,714,1235
1158,1091,2249
353,645,998
810,553,1363
340,606,946
1388,1075,2463
743,680,1423
351,570,921
277,775,1052
631,775,1406
193,520,713
442,625,1067
1298,707,2005
717,501,1218
453,544,997
277,594,871
307,578,885
297,731,1028
387,731,1118
501,408,909
473,433,906
254,792,1046
553,749,1302
407,888,1295
509,786,1295
217,406,623
776,581,1357
617,1044,1661
399,673,1072
252,2982,3234
212,438,650
550,580,1130
165,897,1062
626,946,1572
511,349,860
350,749,1099
338,891,1229
647,2845,3492
598,635,1233
509,229,738
409,850,1259
567,636,1203
701,743,1444
209,469,678
378,1608,1986
869,2883,3752
626,462,1088
222,614,836
649,924,1573
669,698,1367
310,578,888
484,424,908
416,1599,2015
484,632,1116
469,557,1026
959,604,1563
641,825,1466
138,467,605
18,581,599
778,622,1400
649,1273,1922
20,657,677
766,2992,3758
167,488,655
1395,728,2123
62,611,673
776,828,1604
118,718,836
1311,584,1895
2574,1057,3631
401,386,787
364,611,975
1150,456,1606
177,657,834
818,731,1549
2573,881,3454
552,385,937
422,590,1012
487,708,1195
248,480,728
1077,635,1712
358,725,1083
302,618,920
186,637,823
624,717,1341
539,287,826
630,489,1119
643,2019,2662
196,497,693
778,873,1651
539,748,1287
407,492,899
394,895,1289
584,565,1149
2752,796,3548
442,609,1051
581,810,1391
504,1804,2308
536,938,1474
320,556,876
25,492,517
347,832,1179
816,1088,1904
448,1018,1466
393,2155,2548
628,609,1237
263,1796,2059
490,1189,1679
342,2516,2858
223,1079,1302
180,741,921
648,1241,1889
411,1196,1607
577,561,1138
66,844,910
572,1717,2289
520,1438,1958
1771,1162,2933
628,1170,1798
104,695,799
628,1386,2014
458,1134,1592
643,543,1186
399,764,1163
1630,934,2564
828,1292,2120
2033,1203,3236
518,1411,1929
361,1015,1376
1038,869,1907
566,705,1271
947,1290,2237
415,1264,1679
1648,932,2580
901,943,1844
991,911,1902
2317,735,3052
447,914,1361
282,715,997
510,1086,1596
1514,859,2373
717,904,1621
1120,798,1918
1128,545,1673
805,803,1608
1028,1041,2069
1150,474,1624
342,814,1156
903,1041,1944
655,658,1313
636,750,1386
751,940,1691
695,625,1320
912,691,1603
517,550,1067
1141,946,2087
1180,694,1874
669,837,1506
796,567,1363
571,558,1129
852,454,1306
792,979,1771
1105,1059,2164
356,561,917
634,488,1122
869,670,1539
848,438,1286
621,729,1350
194,751,945
409,1396,1805
1093,1568,2661
371,841,1212
410,572,982
1064,1529,2593
394,525,919
884,610,1494
422,704,1126
401,673,1074
650,1306,1956
597,994,1591
335,747,1082
537,504,1041
675,1285,1960
547,881,1428
518,867,1385
181,989,1170
767,1611,2378
506,888,1394
622,900,1522
290,983,1273
475,559,1034
548,751,1299
543,854,1397
435,958,1393
1371,837,2208
440,1105,1545
344,1210,1554
555,918,1473
600,505,1105
259,870,1129
898,729,1627
359,819,1178
1334,683,2017
1122,882,2004
473,1232,1705
375,1121,1496
1100,1203,2303
1205,1097,2302
824,527,1351
676,1027,1703
1270,844,2114
471,698,1169
687,527,1214
670,916,1586
862,893,1755
880,426,1306
996,742,1738
815,850,1665
1009,804,1813
413,850,1263
596,571,1167
954,917,1871
703,1821,2524
948,768,1716
601,791,1392
510,1121,1631
951,658,1609
535,863,1398
1021,459,1480
935,499,1434
789,793,1582
138,834,972
328,608,936
764,739,1503
650,1042,1692
542,481,1023
792,1695,2487
653,397,1050
380,638,1018
403,617,1020
422,581,1003
791,662,1453
533,645,1178
640,1181,1821
748,329,1077
817,1547,2364
214,1018,1232
291,788,1079
771,460,1231
194,578,772
525,871,1396
559,705,1264
816,1118,1934
426,564,990
576,623,1199
258,767,1025
889,715,1604
661,870,1531
1652,914,2566
623,835,1458
323,1048,1371
199,602,801
317,521,838
327,763,1090
1033,609,1642
209,727,936
464,729,1193
1584,935,2519
539,700,1239
436,1214,1650
403,879,1282
1099,847,1946
701,601,1302
452,569,1021
523,826,1349
510,736,1246
531,632,1163
414,1027,1441
762,611,1373
666,692,1358
379,616,995
712,796,1508
778,610,1388
831,734,1565
637,847,1484
700,505,1205
655,828,1483
405,963,1368
520,824,1344
574,806,1380
762,481,1243
762,548,1310
501,689,1190
642,814,1456
497,918,1415
610,780,1390
405,1111,1516
631,686,1317
427,889,1316
855,388,1243
737,756,1493
284,698,982
384,913,1297
812,1145,1957
458,886,1344
462,1273,1735
554,771,1325
594,782,1376
411,733,1144
445,763,1208
721,555,1276
730,943,1673
704,675,1379
519,490,1009
777,943,1720
773,972,1745
128,564,692
833,562,1395
595,1482,2077
960,771,1731
1042,1675,2717
594,935,1529
917,1036,1953
1074,1051,2125
623,279,902
656,925,1581
592,1680,2272
234,547,781
954,774,1728
992,1023,2015
769,1097,1866
282,727,1009
656,1870,2526
187,637,824
1373,378,1751
665,289,954
769,1723,2492
138,908,1046
243,628,871
413,304,717
657,620,1277
454,636,1090
819,316,1135
98,797,895
915,1011,1926
782,273,1055
584,1566,2150
1153,1343,2496
216,645,861
574,517,1091
1555,988,2543
1227,245,1472
608,903,1511
658,681,1339
1255,1313,2568
157,812,969
45,431,476
658,893,1551
732,577,1309
1788,859,2647
600,738,1338
548,503,1051
645,700,1345
1585,809,2394
588,683,1271
67,825,892
71,439,510
886,948,1834
23,672,695
259,596,855
675,475,1150
345,455,800
439,421,860
97,758,855
124,615,739
185,776,961
21,854,875
1505,903,2408
248,673,921
17,982,999
616,275,891
337,585,922
56,785,841
477,516,993
345,894,1239
510,486,996
99,1206,1305
427,562,989
113,1023,1136
272,1063,1335
340,457,797
1189,828,2017
553,832,1385
298,660,958
678,970,1648
1110,336,1446
348,703,1051
272,1121,1393
692,967,1659
672,613,1285
893,334,1227
626,611,1237
171,670,841
463,791,1254
447,1094,1541
801,764,1565
480,532,1012
374,918,1292
691,654,1345
683,1068,1751
768,700,1468
448,560,1008
858,474,1332
653,785,1438
740,294,1034
561,924,1485
930,669,1599
516,859,1375
46,566,612
554,710,1264
633,533,1166
98,578,676
481,956,1437
231,1209,1440
407,1057,1464
153,591,744
354,1147,1501
882,458,1340
853,570,1423
481,324,805
594,1020,1614
1086,633,1719
534,295,829
467,1005,1472
704,412,1116
747,781,1528
854,677,1531
528,722,1250
562,555,1117
574,603,1177
973,741,1714
466,572,1038
630,565,1195
435,1323,1758
967,505,1472
307,582,889
456,848,1304
430,349,779
553,1159,1712
805,806,1611
374,691,1065
133,592,725
456,676,1132
394,595,989
862,500,1362
936,562,1498
254,1165,1419
788,1436,2224
819,864,1683
515,1131,1646
206,604,810
544,733,1277
391,724,1115
1066,1392,2458
378,312,690
397,1345,1742
216,790,1006
1226,1117,2343
420,728,1148
551,1075,1626
634,560,1194
1296,699,1995
611,891,1502
630,884,1514
1099,576,1675
435,588,1023
433,758,1191
644,920,1564
682,407,1089
488,816,1304
1237,489,1726
461,777,1238
395,1139,1534
879,571,1450
292,949,1241
1229,522,1751
519,643,1162
538,638,1176
1070,862,1932
508,1072,1580
380,700,1080
704,501,1205
1048,922,1970
794,580,1374
934,720,1654
92,630,722
747,301,1048
77,678,755
218,1277,1495
663,487,1150
333,1169,1502
534,925,1459
785,524,1309
334,577,911
284,473,757
593,1506,2099
234,548,782
633,1030,1663
628,1285,1913
491,1656,2147
440,554,994
979,894,1873
507,432,939
250,1630,1880
604,451,1055
628,754,1382
368,577,945
1255,456,1711
597,706,1303
794,829,1623
417,513,930
965,982,1947
471,478,949
367,573,940
589,853,1442
1102,581,1683
668,662,1330
827,1148,1975
286,1148,1434
736,750,1486
656,701,1357
450,443,893
609,461,1070
1432,393,1825
298,499,797
139,581,720
297,429,726
324,1144,1468
523,609,1132
181,576,757
470,317,787
1519,682,2201
354,522,876
435,247,682
733,956,1689
779,571,1350
445,258,703
867,1030,1897
265,590,855
196,822,1018
557,318,875
335,842,1177
989,631,1620
458,937,1395
325,275,600
796,1292,2088
504,882,1386
516,454,970
458,1131,1589
516,857,1373
519,495,1014
380,628,1008
639,1808,2447
865,1355,2220
92,619,711
1045,781,1826
273,937,1210
294,477,771
576,674,1250
851,941,1792
955,1232,2187
106,397,503
1015,1277,2292
496,343,839
1150,741,1891
763,652,1415
498,810,1308
603,1083,1686
170,769,939
985,1334,2319
481,410,891
222,894,1116
557,841,1398
380,489,869
1233,649,1882
244,846,1090
638,1142,1780
769,491,1260
1109,672,1781
699,780,1479
377,2475,2852
291,500,791
1477,668,2145
703,452,1155
264,758,1022
897,1112,2009
782,1024,1806
467,1054,1521
671,524,1195
360,2489,2849
237,576,813
513,892,1405
565,697,1262
648,753,1401
840,890,1730
793,1227,2020
744,2240,2984
404,614,1018
1138,926,2064
811,480,1291
612,765,1377
713,744,1457
920,813,1733
447,1365,1812
831,466,1297
917,406,1323
729,1009,1738
1275,1272,2547
1062,758,1820
843,678,1521
2196,756,2952
408,1323,1731
1012,934,1946
865,467,1332
792,405,1197
716,1307,2023
1071,1068,2139
1180,913,2093
444,619,1063
2362,1080,3442
572,1134,1706
474,626,1100
1060,444,1504
2159,1078,3237
655,958,1613
1260,763,2023
110,528,638
434,1245,1679
916,392,1308
544,1253,1797
926,702,1628
575,908,1483
561,521,1082
742,1071,1813
722,606,1328
880,630,1510
1101,1031,2132
539,1247,1786
563,849,1412
864,1083,1947
478,1233,1711
674,579,1253
275,838,1113
826,462,1288
1169,805,1974
136,787,923
539,631,1170
1089,300,1389
1163,585,1748
645,719,1364
784,600,1384
1122,631,1753
485,771,1256
857,384,1241
690,768,1458
182,1177,1359
686,483,1169
1207,968,2175
959,933,1892
387,1164,1551
460,445,905
414,797,1211
567,542,1109
220,468,688
973,530,1503
66,963,1029
269,810,1079
453,307,760
402,741,1143
1016,1186,2202
742,783,1525
496,576,1072
537,570,1107
848,1303,2151
266,307,573
840,787,1627
445,1025,1470
533,633,1166
882,775,1657
693,668,1361
491,655,1146
885,1144,2029
604,934,1538
860,630,1490
391,933,1324
439,650,1089
703,506,1209
332,508,840
579,289,868
831,365,1196
625,407,1032
324,834,1158
793,1229,2022
611,1615,2226
322,1206,1528
817,1280,2097
362,1364,1726
680,1075,1755
1172,975,2147
474,261,735
655,1234,1889
272,391,663
95,1054,1149
365,542,907
537,1216,1753
718,1223,1941
524,1092,1616
165,1249,1414
316,518,834
1290,456,1746
686,1208,1894
536,963,1499
804,1988,2792
453,1015,1468
935,955,1890
316,570,886
651,940,1591
988,390,1378
678,1693,2371
1124,456,1580
1025,395,1420
1072,453,1525
254,567,821
263,595,858
1098,525,1623
1005,334,1339
1202,1229,2431
961,571,1532
1122,322,1444
1075,712,1787
1325,486,1811
1103,726,1829
384,836,1220
189,468,657
1472,1106,2578
160,1148,1308
706,722,1428
1142,622,1764
1047,860,1907
53,699,752
80,495,575
165,488,653
1587,907,2494
464,1193,1657
1069,636,1705
293,513,806
1339,827,2166
632,929,1561
435,1396,1831
288,523,811
179,551,730
1050,848,1898
175,913,1088
350,524,874
111,870,981
93,1103,1196
270,433,703
249,795,1044
350,972,1322
426,339,765
84,750,834
624,472,1096
490,325,815
380,586,966
102,1313,1415
782,342,1124
52,770,822
408,878,1286
301,1104,1405
613,339,952
34,1458,1492
415,840,1255
755,512,1267
486,942,1428
175,308,483
329,599,928
504,595,1099
882,819,1701
1115,335,1450
253,280,533
620,667,1287
218,1276,1494
756,326,1082
487,1125,1612
805,273,1078
302,345,647
1001,277,1278
212,290,502
120,850,970
550,1080,1630
656,796,1452
633,1168,1801
698,272,970
461,1085,1546
1037,319,1356
498,338,836
515,693,1208
1273,729,2002
792,853,1645
411,1369,1780
549,706,1255
1102,860,1962
981,825,1806
984,333,1317
33,400,433
977,744,1721
703,1267,1970
42,651,693
773,671,1444
391,348,739
166,842,1008
55,487,542
1037,576,1613
418,431,849
298,523,821
52,897,949
38,459,497
250,430,680
74,702,776
157,819,976
190,453,643
553,1364,1917
643,394,1037
341,741,1082
211,1452,1663
397,633,1030
252,780,1032
356,334,690
64,997,1061
636,1349,1985
540,724,1264
163,466,629
609,709,1318
767,386,1153
531,506,1037
766,1209,1975
108,1291,1399
1210,908,2118
573,1020,1593
419,326,745
473,549,1022
650,645,1295
167,1477,1644
299,1303,1602
784,976,1760
694,520,1214
376,1057,1433
795,1073,1868
1126,812,1938
668,699,1367
1032,792,1824
137,469,606
667,667,1334
592,665,1257
151,894,1045
486,993,1479
55,918,973
236,847,1083
416,1060,1476
891,932,1823
869,719,1588
463,1069,1532
1136,1026,2162
922,716,1638
317,813,1130
559,738,1297
1241,835,2076
250,741,991
417,714,1131
481,627,1108
1373,532,1905
49,1097,1146
692,479,1171
676,712,1388
700,859,1559
793,562,1355
745,435,1180
917,409,1326
410,580,990
875,556,1431
740,340,1080
482,860,1342
507,323,830
456,1019,1475
791,707,1498
526,574,1100
213,1020,1233
644,456,1100
401,412,813
421,701,1122
640,658,1298
282,934,1216
635,683,1318
536,876,1412
324,503,827
498,1067,1565
396,456,852
142,608,750
738,628,1366
563,1063,1626
111,781,892
445,616,1061
791,1310,2101
337,1266,1603
488,478,966
773,683,1456
975,979,1954
504,602,1106
869,812,1681
845,741,1586
927,1022,1949
573,734,1307
310,542,852
947,746,1693
597,629,1226
326,514,840
564,553,1117
203,1094,1297
880,441,1321
442,1395,1837
901,860,1761
146,623,769
1136,798,1934
551,527,1078
596,551,1147
183,674,857
808,346,1154
646,591,1237
489,451,940
456,887,1343
433,617,1050
245,764,1009
325,484,809
239,698,937
409,497,906
333,893,1226
233,1413,1646
309,1256,1565
544,535,1079
429,536,965
236,338,574
321,699,1020
382,1308,1690
637,703,1340
591,657,1248
344,1462,1806
452,1076,1528
549,568,1117
160,426,586
1233,463,1696
232,718,950
436,694,1130
238,589,827
1223,483,1706
68,1018,1086
504,881,1385
705,1193,1898
275,869,1144
944,812,1756
156,553,709
638,556,1194
670,1387,2057
1361,395,1756
263,672,935
284,881,1165
1116,1010,2126
420,579,999
714,650,1364
703,1219,1922
753,649,1402
166,528,694
501,507,1008
858,911,1769
608,937,1545
331,634,965
1265,437,1702
128,1455,1583
779,443,1222
934,445,1379
771,971,1742
527,682,1209
367,891,1258
1074,727,1801
546,1145,1691
193,725,918
600,422,1022
689,463,1152
1313,498,1811
378,556,934
637,1052,1689
403,432,835
539,492,1031
297,951,1248
361,1319,1680
896,380,1276
851,955,1806
587,995,1582
309,1186,1495
225,453,678
240,890,1130
718,993,1711
372,554,926
646,490,1136
819,600,1419
878,769,1647
240,894,1134
278,770,1048
980,460,1440
759,1272,2031
273,633,906
855,337,1192
482,996,1478
496,621,1117
488,866,1354
1187,633,1820
812,839,1651
188,1126,1314
534,1517,2051
640,752,1392
442,714,1156
283,719,1002
784,1158,1942
692,681,1373
332,1103,1435
1171,985,2156
511,726,1237
547,927,1474
1440,675,2115
588,916,1504
524,608,1132
664,661,1325
549,583,1132
835,326,1161
999,469,1468
387,804,1191
628,650,1278
1046,661,1707
496,640,1136
776,306,1082
725,664,1389
668,761,1429
600,621,1221
231,354,585
774,401,1175
797,633,1430
554,755,1309
201,342,543
575,550,1125
567,703,1270
265,373,638
233,454,687
848,638,1486
683,644,1327
296,599,895
358,571,929
688,688,1376
320,603,923
308,600,908
460,588,1048
389,620,1009
315,327,642
570,500,1070
442,523,965
288,564,852
427,709,1136
473,625,1098
465,477,942
491,508,999
380,513,893
521,806,1327
505,626,1131
611,583,1194
525,407,932
551,489,1040
693,399,1092
293,643,936
399,663,1062
70,529,599
353,701,1054
325,797,1122
362,3088,3450
295,681,976
254,904,1158
460,585,1045
241,2972,3213
312,482,794
410,779,1189
214,579,793
364,2894,3258
497,315,812
342,489,831
451,754,1205
324,992,1316
411,305,716
611,288,899
351,1118,1469
250,1170,1420
278,764,1042
366,2604,2970
517,1082,1599
2785,503,3288
437,366,803
203,1018,1221
414,467,881
422,456,878
2839,501,3340
462,898,1360
387,595,982
559,1088,1647
2529,541,3070
534,369,903
65,467,532
290,318,608
937,502,1439
527,496,1023
574,934,1508
286,1067,1353
163,491,654
319,542,861
843,656,1499
709,579,1288
194,671,865
419,479,898
326,371,697
91,561,652
379,1750,2129
486,327,813
829,568,1397
108,663,771
785,643,1428
531,453,984
291,675,966
980,551,1531
60,587,647
296,638,934
347,612,959
201,502,703
566,532,1098
333,847,1180
93,619,712
571,1724,2295
455,634,1089
284,542,826
227,1899,2126
329,535,864
515,832,1347
454,429,883
491,552,1043
312,669,981
568,372,940
55,350,405
223,536,759
210,439,649
1320,809,2129
427,675,1102
224,443,667
394,701,1095
368,317,685
1505,847,2352
583,769,1352
387,328,715
1797,595,2392
170,636,806
202,509,711
277,429,706
323,662,985
552,578,1130
283,536,819
162,972,1134
203,653,856
155,1081,1236
350,423,773
436,608,1044
491,575,1066
201,1519,1720
292,919,1211
392,521,913
729,709,1438
192,671,863
451,489,940
287,747,1034
557,780,1337
270,1549,1819
684,611,1295
513,624,1137
492,494,986
506,424,930
627,943,1570
508,897,1405
558,698,1256
841,581,1422
735,1033,1768
83,630,713
249,507,756
523,1096,1619
289,526,815
603,752,1355
1310,626,1936
764,750,1514
237,409,646
314,588,902
1322,758,2080
267,669,936
378,554,932
645,343,988
274,675,949
356,751,1107
352,359,711
738,1007,1745
326,786,1112
352,669,1021
408,379,787
495,881,1376
535,641,1176
271,620,891
458,603,1061
573,603,1176
689,692,1381
496,557,1053
550,415,965
307,637,944
561,891,1452
290,729,1019
170,351,521
504,720,1224
665,372,1037
450,769,1219
563,516,1079
285,564,849
484,688,1172
208,818,1026
516,762,1278
432,501,933
631,404,1035
59,612,671
550,445,995
194,603,797
94,697,791
421,403,824
539,520,1059
253,547,800
422,431,853
573,596,1169
493,422,915
405,446,851
361,664,1025
230,431,661
529,383,912
599,349,948
298,565,863
514,932,1446
610,425,1035
452,509,961
330,406,736
458,439,897
459,387,846
486,1312,1798
548,381,929
541,745,1286
740,1156,1896
288,441,729
801,1846,2647
303,444,747
417,355,772
277,783,1060
372,561,933
661,846,1507
843,1403,2246
453,709,1162
356,363,719
167,485,652
209,429,638
596,439,1035
1224,418,1642
190,487,677
99,629,728
619,1421,2040
351,360,711
929,449,1378
427,322,749
758,566,1324
721,1502,2223
35,525,560
177,491,668
370,377,747
671,627,1298
287,396,683
205,518,723
780,467,1247
128,725,853
385,380,765
339,442,781
248,514,762
420,498,918
267,1000,1267
443,423,866
436,449,885
376,412,788
485,514,999
626,726,1352
1125,581,1706
218,349,567
115,382,497
441,308,749
239,437,676
1166,966,2132
131,587,718
213,285,498
499,247,746
345,512,857
1375,984,2359
288,575,863
80,358,438
495,444,939
420,708,1128
291,648,939
80,375,455
477,945,1422
263,643,906
117,455,572
804,875,1679
494,500,994
108,408,516
106,607,713
444,786,1230
806,726,1532
469,959,1428
360,407,767
66,838,904
331,596,927
516,947,1463
457,559,1016
211,487,698
409,416,825
271,630,901
866,660,1526
449,519,968
635,550,1185
306,700,1006
577,613,1190
164,527,691
672,545,1217
280,645,925
378,424,802
732,634,1366
615,524,1139
373,707,1080
615,551,1166
860,640,1500
577,625,1202
270,334,604
431,582,1013
269,372,641
403,693,1096
518,599,1117
220,475,695
479,692,1171
324,465,789
442,543,985
641,538,1179
325,536,861
256,593,849
359,596,955
406,515,921
544,489,1033
438,465,903
248,511,759
148,618,766
512,453,965
711,403,1114
571,438,1009
280,557,837
361,491,852
130,459,589
524,435,959
130,444,574
217,424,641
437,491,928
339,469,808
330,530,860
427,390,817
874,884,1758
255,506,761
321,578,899
404,459,863
331,2174,2505
438,591,1029
475,318,793
404,433,837
376,570,946
635,1973,2608
239,492,731
50,478,528
173,456,629
187,434,621
606,1823,2429
335,336,671
89,553,642
204,531,735
2057,476,2533
391,317,708
160,535,695
240,1054,1294
389,523,912
317,454,771
1661,431,2092
346,363,709
394,930,1324
475,290,765
156,786,942
1670,515,2185
77,960,1037
235,276,511
203,508,711
568,268,836
179,974,1153
383,296,679
607,614,1221
130,630,760
434,447,881
338,376,714
327,1004,1331
166,766,932
814,571,1385
373,490,863
568,408,976
381,631,1012
849,633,1482
550,738,1288
225,338,563
534,614,1148
294,294,588
730,451,1181
375,261,636
219,400,619
278,173,451
433,221,654
544,778,1322
315,318,633
762,867,1629
513,804,1317
527,842,1369
1190,606,1796
920,373,1293
1051,415,1466
685,604,1289
953,350,1303
643,385,1028
841,450,1291
258,160,418
746,619,1365
171,429,600
615,424,1039
608,478,1086
200,449,649
125,459,584
351,732,1083
138,449,587
266,382,648
270,472,742
156,435,591
40,800,840
184,433,617
333,548,881
257,400,657
75,824,899
393,527,920
517,501,1018
340,338,678
682,423,1105
397,358,755
274,562,836
851,276,1127
213,538,751
214,551,765
130,274,404
556,310,866
334,481,815
387,577,964
160,278,438
170,349,519
53,512,565
406,599,1005
205,338,543
122,332,454
174,289,463
278,325,603
135,568,703
281,7834,8115
128,611,739
212,1224,1436
169,597,766
128,7802,7930
399,638,1037
489,1047,1536
221,7737,7958
267,530,797
427,644,1071
106,1043,1149
7526,468,7994
281,316,597
429,554,983
624,563,1187
7422,281,7703
338,297,635
548,159,707
1000,187,1187
192,369,561
590,204,794
125,1084,1209
7464,396,7860
167,334,501
1033,302,1335
582,255,837
200,576,776
674,244,918
558,346,904
212,1198,1410
304,1160,1464
63,293,356
22,348,370
58,388,446
74,342,416
532,1289,1821
71,366,437
45,457,502
323,1344,1667
92,343,435
148,1346,1494
96,351,447
53,503,556
109,391,500
165,357,522
75,1484,1559
254,1305,1559
178,392,570
959,865,1824
182,429,611
196,458,654
252,833,1085
1125,620,1745
302,509,811
462,350,812
238,561,799
986,602,1588
1164,525,1689
480,429,909
164,1147,1311
86,378,464
502,734,1236
385,1188,1573
71,545,616
96,546,642
672,443,1115
417,1145,1562
621,739,1360
226,440,666
1029,510,1539
303,533,836
199,698,897
542,341,883
264,488,752
313,608,921
151,735,886
397,541,938
622,274,896
312,526,838
547,417,964
224,694,918
449,385,834
429,1180,1609
339,375,714
393,719,1112
267,604,871
553,792,1345
236,680,916
533,368,901
391,490,881
566,802,1368
571,404,975
76,389,465
511,471,982
579,562,1141
69,532,601
1030,331,1361
917,515,1432
21,630,651
205,388,593
97,465,562
146,567,713
20,645,665
147,348,495
165,552,717
435,229,664
420,376,796
466,354,820
405,310,715
208,611,819
121,480,601
243,532,775
154,414,568
320,280,600
427,509,936
270,843,1113
243,426,669
245,764,1009
312,608,920
381,774,1155
210,699,909
369,333,702
324,809,1133
78,343,421
656,377,1033
222,462,684
325,649,974
118,578,696
116,597,713
217,737,954
413,322,735
378,594,972
155,598,753
626,506,1132
199,580,779
543,478,1021
55,333,388
276,576,852
406,455,861
676,498,1174
105,372,477
433,553,986
378,188,566
194,413,607
131,396,527
133,533,666
374,210,584
646,531,1177
184,416,600
186,387,573
291,373,664
495,718,1213
410,324,734
304,287,591
395,531,926
457,324,781
355,394,749
429,576,1005
321,348,669
440,250,690
291,381,672
633,297,930
140,602,742
64,393,457
164,250,414
215,602,817
162,356,518
210,324,534
136,314,450
271,610,881
157,357,514
233,360,593
693,431,1124
333,219,552
356,366,722
149,674,823
176,250,426
158,484,642
412,309,721
218,263,481
180,695,875
128,670,798
130,426,556
110,293,403
169,662,831
165,462,627
312,630,942
159,304,463
374,509,883
169,450,619
560,423,983
479,284,763
389,432,821
183,323,506
356,301,657
589,416,1005
196,315,511
453,748,1201
529,253,782
344,242,586
442,353,795
259,315,574
305,760,1065
363,399,762
374,415,789
360,436,796
238,441,679
266,792,1058
428,360,788
347,377,724
324,417,741
651,522,1173
306,427,733
81,412,493
91,419,510
60,317,377
625,426,1051
151,511,662
171,436,607
99,484,583
230,453,683
702,505,1207
205,537,742
207,619,826
426,491,917
309,429,738
287,575,862
115,451,566
297,493,790
387,412,799
387,527,914
367,437,804
152,708,860
155,418,573
40,532,572
264,336,600
217,449,666
281,664,945
260,370,630
153,471,624
85,685,770
234,485,719
292,386,678
433,419,852
221,536,757
221,551,772
359,526,885
543,367,910
403,481,884
361,468,829
210,471,681
292,422,714
583,383,966
299,449,748
253,503,756
390,504,894
358,678,1036
303,429,732
421,385,806
472,334,806
419,487,906
188,373,561
230,730,960
181,423,604
210,437,647
140,527,667
229,463,692
435,268,703
363,739,1102
226,440,666
171,604,775
421,371,792
278,605,883
311,564,875
286,616,902
369,622,991
121,378,499
417,438,855
122,285,407
134,541,675
188,450,638
131,603,734
141,546,687
383,354,737
239,481,720
578,467,1045
433,372,805
199,488,687
382,603,985
337,389,726
215,553,768
176,601,777
404,342,746
528,524,1052
328,691,1019
236,369,605
103,790,893
256,369,625
349,551,900
423,603,1026
345,433,778
444,496,940
304,387,691
395,467,862
467,620,1087
334,527,861
425,494,919
65,433,498
480,667,1147
613,440,1053
129,539,668
549,394,943
134,557,691
242,506,748
344,408,752
66,442,508
440,359,799
402,465,867
604,551,1155
267,505,772
176,442,618
297,421,718
295,393,688
235,455,690
365,587,952
286,336,622
379,437,816
251,765,1016
348,434,782
357,541,898
416,841,1257
320,381,701
355,402,757
324,620,944
321,410,731
402,746,1148
453,397,850
489,426,915
378,462,840
88,469,557
729,474,1203
281,428,709
281,453,734
232,497,729
657,497,1154
173,626,799
331,508,839
386,465,851
483,469,952
289,512,801
214,419,633
254,683,937
192,438,630
174,528,702
203,488,691
208,479,687
391,639,1030
232,502,734
259,466,725
339,418,757
343,380,723
370,472,842
394,363,757
369,380,749
236,325,561
232,427,659
388,559,947
557,454,1011
476,292,768
277,538,815
524,326,850
667,370,1037
341,314,655
385,379,764
595,329,924
449,368,817
449,362,811
395,338,733
448,313,761
372,354,726
194,339,533
226,394,620
111,325,436
375,228,603
217,390,607
159,517,676
88,254,342
396,345,741
313,356,669
171,541,712
69,273,342
155,622,777
110,363,473
259,475,734
72,270,342
144,615,759
519,1091,1610
149,432,581
112,558,670
265,827,1092
1043,768,1811
415,399,814
156,557,713
126,538,664
945,770,1715
308,439,747
176,531,707
53,394,447
728,561,1289
116,422,538
465,285,750
95,429,524
338,288,626
325,241,566
402,258,660
365,186,551
392,301,693
380,258,638
441,279,720
412,257,669
437,289,726
289,272,561
251,1204,1455
217,361,578
274,1204,1478
223,372,595
371,1122,1493
414,328,742
154,374,528
64,1113,1177
242,505,747
284,271,555
949,240,1189
113,497,610
285,348,633
998,325,1323
630,340,970
159,617,776
635,345,980
530,165,695
1121,264,1385
76,478,554
455,394,849
89,157,246
61,261,322
119,502,621
453,409,862
120,216,336
103,515,618
84,308,392
202,499,701
168,240,408
163,704,867
121,361,482
291,270,561
260,198,458
166,354,520
339,259,598
263,654,917
54,201,255
388,245,633
97,198,295
146,227,373
268,486,754
1050,207,1257
570,185,755
133,231,364
666,280,946
367,217,584
104,226,330
170,446,616
410,271,681
699,294,993
227,486,713
173,331,504
85,271,356
438,374,812
153,480,633
150,345,495
70,364,434
368,312,680
119,266,385
288,274,562
346,311,657
172,376,548
94,348,442
119,376,495
109,390,499
404,326,730
140,356,496
383,303,686
150,403,553
228,381,609
185,374,559
427,330,757
293,337,630
229,418,647
140,362,502
243,306,549
397,408,805
180,399,579
186,369,555
288,307,595
167,389,556
276,335,611
259,337,596
256,301,557
288,312,600
260,296,556
139,215,354
294,265,559
335,288,623
178,234,412
317,299,616
214,295,509
316,342,658
260,226,486
155,393,548
358,221,579
238,399,637
64,245,309
189,427,616
98,266,364
100,255,355
202,421,623
206,420,626
132,270,402
103,369,472
149,253,402
168,281,449
191,337,528
180,289,469
195,239,434
248,315,563
184,272,456
191,220,411
219,267,486
64,202,266
442,164,606
86,269,355
125,201,326
230,175,405
179,200,379
131,269,400
287,177,464
222,218,440
180,296,476
214,196,410
196,212,408
224,325,549
204,211,415
223,221,444
227,348,575
166,203,369
198,218,416
245,317,562
178,208,386
201,192,393
244,326,570
226,235,461
201,238,439
260,311,571
175,222,397
199,260,459
208,218,426
230,299,529
203,288,491
231,212,443
248,317,565
201,266,467
200,210,410
245,308,553
186,254,440
179,203,382
238,294,532
170,247,417
181,211,392
273,253,526
203,244,447
189,226,415
154,263,417
288,238,526
205,233,438
268,240,508
180,272,452
216,246,462
192,301,493
295,235,530
192,240,432
185,320,505
234,244,478
153,275,428
178,330,508
272,221,493
212,284,496
198,290,488
236,226,462
167,289,456
229,292,521
208,255,463
171,298,469
252,278,530
179,267,446
160,292,452
185,283,468
175,283,458
205,320,525
219,302,521
188,322,510
224,313,537
218,387,605
196,322,518
192,302,494
182,363,545
204,312,516
178,294,472
192,345,537
209,243,452
290,210,500
191,233,424
282,197,479
222,211,433
218,212,430
188,183,371
180,156,336
195,200,395
185,134,319
180,173,353
182,105,287
192,175,367
188,127,315
193,156,349
198,129,327
189,164,353
176,148,324
210,805,1015
751,218,969
786,199,985
206,146,352
799,161,960
96,158,254
122,154,276
149,161,310
191,144,335
194,161,355
206,209,415
195,182,377
268,137,405
206,180,386
246,154,400
213,183,396
257,138,395
211,181,392
205,127,332
205,140,345
207,153,360
205,157,362
178,164,342
207,144,351
116,184,300
129,198,327
223,164,387
223,155,378
127,233,360
127,243,370
225,126,351
148,237,385
146,226,372
204,190,394
202,158,360
192,193,385
145,139,284
203,167,370
203,120,323
197,175,372
197,107,304
211,141,352
205,117,322
211,164,375
167,149,316
192,162,354
205,145,350
200,170,370
177,133,310
200,193,393
207,112,319
173,223,396
189,101,290
106,235,341
182,141,323
153,258,411
160,151,311
175,245,420
154,143,297
187,235,422
202,133,335
172,229,401
207,197,404
210,157,367
192,179,371
216,124,340
177,185,362
192,136,328
149,173,322
171,157,328
189,160,349
186,137,323
155,151,306
140,156,296
120,156,276
111,157,268
122,173,295
84,200,284
122,194,316
80,200,280
142,215,357
183,240,423
162,238,400
145,269,414
195,206,401
213,177,390
226,175,401
142,177,319
156,239,395
108,244,352
113,238,351
228,135,363
238,162,400
227,157,384
139,168,307
152,147,299
151,172,323
139,136,275
164,122,286
129,104,233
158,158,316
112,191,303
115,254,369
150,241,391
182,206,388
223,172,395
185,157,342
142,172,314
94,200,294
179,216,395
178,234,412
179,225,404
140,206,346
202,174,376
167,169,336
115,163,278
119,156,275
142,183,325
120,213,333
154,280,434
136,287,423
155,284,439
141,257,398
274,177,451
234,225,459
274,227,501
156,265,421
190,283,473
146,291,437
162,219,381
216,208,424
256,214,470
186,234,420
137,276,413
137,271,408
178,282,460
218,277,495
201,303,504
164,344,508
235,221,456
252,237,489
269,193,462
204,182,386
187,165,352
138,159,297
91,163,254
150,129,279
155,182,337
86,233,319
119,247,366
151,227,378
156,263,419
152,206,358
186,193,379
171,145,316
173,156,329
191,194,385
152,206,358
152,206,358
265,355,620
425,183,608
461,136,597
302,103,405
149,97,246
172,230,402
153,219,372
180,197,377
195,207,402
147,164,311
250,217,467
230,207,437
243,197,440
215,176,391
192,137,329
200,118,318
171,124,295
136,115,251
151,137,288
158,134,292
119,122,241
151,116,267
152,333,485
167,382,549
206,412,618
209,395,604
220,348,568
373,209,582
266,196,462
288,97,385
180,85,265
243,190,433
72,209,281
139,181,320
152,189,341
96,198,294
147,183,330
147,193,340
149,200,349
131,197,328
144,195,339
160,184,344
146,193,339
143,196,339
131,198,329
145,195,340
146,214,360
147,211,358
138,218,356
209,149,358
204,157,361
209,169,378
136,167,303
131,174,305
130,181,311
123,192,315
133,190,323
134,196,330
146,191,337
147,186,333
150,196,346
142,197,339
137,198,335
147,196,343
144,196,340
146,193,339
144,192,336
142,196,338
142,191,333
137,197,334
147,187,334
137,192,329
153,188,341
131,193,324
152,185,337
136,193,329
147,195,342
132,194,326
145,193,338
145,188,333
138,196,334
147,187,334
137,192,329
147,195,342
137,197,334
141,227,368
148,245,393
138,287,425
167,309,476
175,322,497
245,265,510
228,300,528
247,264,511
223,273,496
177,262,439
151,267,418
254,191,445
222,227,449
236,229,465
154,234,388
133,218,351
177,168,345
194,156,350
155,155,310
120,158,278
116,163,279
122,204,326
121,260,381
122,313,435
148,358,506
182,364,546
242,311,553
257,236,493
329,172,501
271,187,458
223,186,409
151,158,309
152,197,349
100,223,323
122,224,346
117,275,392
153,299,452
202,272,474
168,297,465
254,245,499
194,235,429
247,233,480
191,219,410
183,231,414
243,178,421
215,187,402
249,242,491
146,249,395
221,170,391
237,145,382
223,145,368
139,136,275
123,182,305
125,237,362
113,262,375
156,265,421
157,278,435
151,271,422
240,212,452
237,218,455
256,202,458
140,248,388
97,251,348
153,218,371
212,162,374
160,154,314
193,198,391
125,232,357
115,260,375
146,224,370
193,165,358
209,214,423
202,180,382
151,219,370
87,274,361
150,284,434
144,287,431
124,261,385
236,216,452
206,232,438
231,266,497
144,236,380
162,248,410
162,184,346
196,178,374
162,174,336
140,148,288
145,181,326
94,243,337
130,290,420
137,308,445